Frame Number;Main Thread;System Used Memory;GC Reserved Memory;Total Reserved Memory;ServerFixedUpdate;TerrainGeneration;PlayerTerrainGenCheck;StructureGeneration;TerrainLogicSystem;GetUpdates;ReevaluatePropagateMarker;PropagateLogicState;PropInputBlocks;PropActiveLogicBlocks;CheckGateState;StatisticsSystem;GhostSimulationSystemGroup;PredictedSimulationSystemGroup;Number of Terrain Areas (Client);Number of Terrain Areas (Server);Number of Players (Client);Number of Players (Server);
1;0;477597696;9461760;397058048;0;0;0;0;0;0;0;0;0;0;0;0;0;0;
2;40325096;482541568;9461760;397058048;0;0;0;0;0;0;0;0;0;0;0;110518;0;0;0;0;0;0;
3;3578010;482541568;9461760;397058048;0;0;0;0;0;0;0;0;0;0;0;1884;0;0;0;0;0;0;
4;1466220;482541568;9461760;397058048;0;0;0;0;0;0;0;0;0;0;0;1303;0;0;0;0;0;0;
5;2641634;491872256;9461760;430612480;0;0;0;0;0;0;0;0;0;0;0;1333;0;0;0;0;0;0;
6;965701;492433408;9461760;430612480;0;0;0;0;0;0;0;0;0;0;0;3306;0;0;0;0;0;0;
7;598813;492433408;9461760;430612480;0;0;0;0;0;0;0;0;0;0;0;1262;0;0;0;0;0;0;
8;994945;492433408;9461760;430612480;0;0;0;0;0;0;0;0;0;0;0;1292;0;0;0;0;0;0;
9;822763;492433408;9461760;430612480;0;0;0;0;0;0;0;0;0;0;0;1202;0;0;0;0;0;0;
10;656751;492433408;9461760;430612480;0;0;0;0;0;0;0;0;0;0;0;1192;0;0;0;0;0;0;
11;951325;492687360;9461760;430612480;0;0;0;0;0;0;0;0;0;0;0;1232;0;0;0;0;0;0;
12;801683;492687360;9461760;430612480;0;0;0;0;0;0;0;0;0;0;0;1183;0;0;0;0;0;0;
13;688942;492687360;9461760;430612480;0;0;0;0;0;0;0;0;0;0;0;1202;0;0;0;0;0;0;
14;1444799;492687360;9461760;430612480;0;0;0;0;0;0;0;0;0;0;0;1493;0;0;0;0;0;0;
15;675136;492687360;9461760;430612480;0;0;0;0;0;0;0;0;0;0;0;1383;0;0;0;0;0;0;
16;1219427;492687360;9461760;430612480;0;0;0;0;0;0;0;0;0;0;0;1453;0;0;0;0;0;0;
17;698270;492687360;9461760;430612480;0;0;0;0;0;0;0;0;0;0;0;1322;0;0;0;0;0;0;
18;538800;493363200;9461760;430612480;0;0;0;0;0;0;0;0;0;0;0;1422;0;0;0;0;0;0;
19;1099833;493363200;9461760;430612480;0;0;0;0;0;0;0;0;0;0;0;1503;0;0;0;0;0;0;
20;804048;493363200;9461760;430612480;0;0;0;0;0;0;0;0;0;0;0;1343;0;0;0;0;0;0;
21;1427367;493977600;9461760;430612480;0;0;0;0;0;0;0;0;0;0;0;1543;0;0;0;0;0;0;
22;909145;493977600;9461760;430612480;0;0;0;0;0;0;0;0;0;0;0;1533;0;0;0;0;0;0;
23;631695;493977600;9461760;430612480;0;0;0;0;0;0;0;0;0;0;0;1452;0;0;0;0;0;0;
24;575098;493977600;9461760;430612480;0;0;0;0;0;0;0;0;0;0;0;1373;0;0;0;0;0;0;
25;544972;494829568;9461760;430612480;0;0;0;0;0;0;0;0;0;0;0;1353;0;0;0;0;0;0;
26;1003893;494829568;9461760;430612480;0;0;0;0;0;0;0;0;0;0;0;1463;0;0;0;0;0;0;
27;588483;494829568;9461760;430612480;0;0;0;0;0;0;0;0;0;0;0;1383;0;0;0;0;0;0;
28;724288;495276032;9461760;430612480;0;0;0;0;0;0;0;0;0;0;0;1443;0;0;0;0;0;0;
29;728577;495276032;9461760;430612480;0;0;0;0;0;0;0;0;0;0;0;1513;0;0;0;0;0;0;
30;925015;495644672;9461760;430612480;0;0;0;0;0;0;0;0;0;0;0;1603;0;0;0;0;0;0;
31;641523;495644672;9461760;430612480;0;0;0;0;0;0;0;0;0;0;0;1342;0;0;0;0;0;0;
32;549350;495644672;9461760;430612480;0;0;0;0;0;0;0;0;0;0;0;1493;0;0;0;0;0;0;
33;572023;495644672;9461760;430612480;0;0;0;0;0;0;0;0;0;0;0;1453;0;0;0;0;0;0;
34;629400;495644672;9461760;430612480;0;0;0;0;0;0;0;0;0;0;0;1483;0;0;0;0;0;0;
35;536076;495644672;9461760;430612480;0;0;0;0;0;0;0;0;0;0;0;1412;0;0;0;0;0;0;
36;618901;495644672;9461760;430612480;0;0;0;0;0;0;0;0;0;0;0;1463;0;0;0;0;0;0;
37;750577;495644672;9461760;430612480;0;0;0;0;0;0;0;0;0;0;0;1383;0;0;0;0;0;0;
38;2284945;495644672;9461760;430612480;0;0;0;0;0;0;0;0;0;0;0;1453;0;0;0;0;0;0;
39;820679;495644672;9461760;430612480;0;0;0;0;0;0;0;0;0;0;0;1282;0;0;0;0;0;0;
40;1344471;495644672;9461760;430612480;0;0;0;0;0;0;0;0;0;0;0;1102;0;0;0;0;0;0;
41;4506431;495644672;9461760;430612480;0;0;0;0;0;0;0;0;0;0;0;1232;0;0;0;0;0;0;
42;9836077;496406528;9461760;430612480;0;0;0;0;0;0;0;0;0;0;0;1512;0;0;0;0;0;0;
43;1581486;496406528;9461760;430612480;0;0;0;0;0;0;0;0;0;0;0;1513;0;0;0;0;0;0;
44;913934;496406528;9461760;430612480;0;0;0;0;0;0;0;0;0;0;0;1173;0;0;0;0;0;0;
45;1051823;496734208;9461760;430612480;0;0;0;0;0;0;0;0;0;0;0;1302;0;0;0;0;0;0;
46;1001899;496734208;9461760;430612480;0;0;0;0;0;0;0;0;0;0;0;1282;0;0;0;0;0;0;
47;951805;496734208;9461760;430612480;0;0;0;0;0;0;0;0;0;0;0;1132;0;0;0;0;0;0;
48;549280;496734208;9461760;430612480;0;0;0;0;0;0;0;0;0;0;0;1303;0;0;0;0;0;0;
49;570139;496734208;9461760;430612480;0;0;0;0;0;0;0;0;0;0;0;1272;0;0;0;0;0;0;
50;897554;496734208;9461760;430612480;0;0;0;0;0;0;0;0;0;0;0;1333;0;0;0;0;0;0;
51;673904;496734208;9461760;430612480;0;0;0;0;0;0;0;0;0;0;0;1402;0;0;0;0;0;0;
52;675317;496734208;9461760;430612480;0;0;0;0;0;0;0;0;0;0;0;1473;0;0;0;0;0;0;
53;584366;496734208;9461760;430612480;0;0;0;0;0;0;0;0;0;0;0;1392;0;0;0;0;0;0;
54;629611;496734208;9461760;430612480;0;0;0;0;0;0;0;0;0;0;0;1283;0;0;0;0;0;0;
55;606929;496734208;9461760;430612480;0;0;0;0;0;0;0;0;0;0;0;1834;0;0;0;0;0;0;
56;771456;496734208;9461760;430612480;0;0;0;0;0;0;0;0;0;0;0;1573;0;0;0;0;0;0;
57;653836;496734208;9461760;430612480;0;0;0;0;0;0;0;0;0;0;0;1313;0;0;0;0;0;0;
58;1641008;496734208;9461760;430612480;0;0;0;0;0;0;0;0;0;0;0;1533;0;0;0;0;0;0;
59;833193;496734208;9461760;430612480;0;0;0;0;0;0;0;0;0;0;0;1493;0;0;0;0;0;0;
60;701866;496734208;9461760;430612480;0;0;0;0;0;0;0;0;0;0;0;1303;0;0;0;0;0;0;
61;584155;497004544;9461760;430612480;0;0;0;0;0;0;0;0;0;0;0;1313;0;0;0;0;0;0;
62;829806;497004544;9461760;430612480;0;0;0;0;0;0;0;0;0;0;0;1282;0;0;0;0;0;0;
63;913143;497004544;9461760;430612480;0;0;0;0;0;0;0;0;0;0;0;1343;0;0;0;0;0;0;
64;756249;497004544;9461760;430612480;0;0;0;0;0;0;0;0;0;0;0;1393;0;0;0;0;0;0;
65;952576;497004544;9461760;430612480;0;0;0;0;0;0;0;0;0;0;0;1303;0;0;0;0;0;0;
66;685095;497004544;9461760;430612480;0;0;0;0;0;0;0;0;0;0;0;1373;0;0;0;0;0;0;
67;864682;497004544;9461760;430612480;0;0;0;0;0;0;0;0;0;0;0;1313;0;0;0;0;0;0;
68;622558;497004544;9461760;430612480;0;0;0;0;0;0;0;0;0;0;0;1293;0;0;0;0;0;0;
69;519625;497004544;9461760;430612480;0;0;0;0;0;0;0;0;0;0;0;1382;0;0;0;0;0;0;
70;540995;497004544;9461760;430612480;0;0;0;0;0;0;0;0;0;0;0;1272;0;0;0;0;0;0;
71;876604;497004544;9461760;430612480;0;0;0;0;0;0;0;0;0;0;0;1302;0;0;0;0;0;0;
72;625172;497004544;9461760;430612480;0;0;0;0;0;0;0;0;0;0;0;1302;0;0;0;0;0;0;
73;518392;497004544;9461760;430612480;0;0;0;0;0;0;0;0;0;0;0;1383;0;0;0;0;0;0;
74;518252;497004544;9461760;430612480;0;0;0;0;0;0;0;0;0;0;0;1243;0;0;0;0;0;0;
75;753433;499101696;9461760;447389696;0;0;0;0;0;0;0;0;0;0;0;1262;0;0;0;0;0;0;
76;996780;501198848;9461760;447389696;0;0;0;0;0;0;0;0;0;0;0;1332;0;0;0;0;0;0;
77;794320;501469184;9461760;447389696;0;0;0;0;0;0;0;0;0;0;0;1312;0;0;0;0;0;0;
78;692479;501469184;9461760;447389696;0;0;0;0;0;0;0;0;0;0;0;1342;0;0;0;0;0;0;
79;908675;501469184;9461760;447389696;0;0;0;0;0;0;0;0;0;0;0;1232;0;0;0;0;0;0;
80;689163;501469184;9461760;447389696;0;0;0;0;0;0;0;0;0;0;0;1232;0;0;0;0;0;0;
81;534953;501469184;9461760;447389696;0;0;0;0;0;0;0;0;0;0;0;1252;0;0;0;0;0;0;
82;557847;501469184;9461760;447389696;0;0;0;0;0;0;0;0;0;0;0;1313;0;0;0;0;0;0;
83;594415;501469184;9461760;447389696;0;0;0;0;0;0;0;0;0;0;0;1403;0;0;0;0;0;0;
84;752381;501469184;9461760;447389696;0;0;0;0;0;0;0;0;0;0;0;1332;0;0;0;0;0;0;
85;705924;501469184;9461760;447389696;0;0;0;0;0;0;0;0;0;0;0;1342;0;0;0;0;0;0;
86;542878;501469184;9461760;447389696;0;0;0;0;0;0;0;0;0;0;0;1273;0;0;0;0;0;0;
87;873828;501469184;9461760;447389696;0;0;0;0;0;0;0;0;0;0;0;1323;0;0;0;0;0;0;
88;615083;501469184;9461760;447389696;0;0;0;0;0;0;0;0;0;0;0;1332;0;0;0;0;0;0;
89;994095;501469184;9461760;447389696;0;0;0;0;0;0;0;0;0;0;0;1302;0;0;0;0;0;0;
90;699913;501469184;9461760;447389696;0;0;0;0;0;0;0;0;0;0;0;1292;0;0;0;0;0;0;
91;772238;501469184;9461760;447389696;0;0;0;0;0;0;0;0;0;0;0;1342;0;0;0;0;0;0;
92;628699;501469184;9461760;447389696;0;0;0;0;0;0;0;0;0;0;0;1302;0;0;0;0;0;0;
93;644749;501739520;9461760;447389696;0;0;0;0;0;0;0;0;0;0;0;1333;0;0;0;0;0;0;
94;631254;501739520;9461760;447389696;0;0;0;0;0;0;0;0;0;0;0;1312;0;0;0;0;0;0;
95;700193;501739520;9461760;447389696;0;0;0;0;0;0;0;0;0;0;0;1152;0;0;0;0;0;0;
96;723607;501739520;9461760;447389696;0;0;0;0;0;0;0;0;0;0;0;1302;0;0;0;0;0;0;
97;605245;501739520;9461760;447389696;0;0;0;0;0;0;0;0;0;0;0;1322;0;0;0;0;0;0;
98;610636;501739520;9461760;447389696;0;0;0;0;0;0;0;0;0;0;0;1232;0;0;0;0;0;0;
99;620795;501739520;9461760;447389696;0;0;0;0;0;0;0;0;0;0;0;1273;0;0;0;0;0;0;
100;639158;501739520;9461760;447389696;0;0;0;0;0;0;0;0;0;0;0;1393;0;0;0;0;0;0;
101;487404;501739520;9461760;447389696;0;0;0;0;0;0;0;0;0;0;0;1303;0;0;0;0;0;0;
102;572674;501739520;9461760;447389696;0;0;0;0;0;0;0;0;0;0;0;1353;0;0;0;0;0;0;
103;624772;501739520;9461760;447389696;0;0;0;0;0;0;0;0;0;0;0;1543;0;0;0;0;0;0;
104;775565;501739520;9461760;447389696;0;0;0;0;0;0;0;0;0;0;0;1272;0;0;0;0;0;0;
105;584296;501739520;9461760;447389696;0;0;0;0;0;0;0;0;0;0;0;1272;0;0;0;0;0;0;
106;604413;501739520;9461760;447389696;0;0;0;0;0;0;0;0;0;0;0;1292;0;0;0;0;0;0;
107;792877;501739520;9461760;447389696;0;0;0;0;0;0;0;0;0;0;0;1463;0;0;0;0;0;0;
108;777859;501739520;9461760;447389696;0;0;0;0;0;0;0;0;0;0;0;1423;0;0;0;0;0;0;
109;790532;502009856;9461760;447389696;0;0;0;0;0;0;0;0;0;0;0;1463;0;0;0;0;0;0;
110;887524;502009856;9461760;447389696;0;0;0;0;0;0;0;0;0;0;0;24756;0;0;0;0;0;0;
111;792055;502009856;9461760;447389696;0;0;0;0;0;0;0;0;0;0;0;1302;0;0;0;0;0;0;
112;947867;502009856;9461760;447389696;0;0;0;0;0;0;0;0;0;0;0;1292;0;0;0;0;0;0;
113;620674;502009856;9461760;447389696;0;0;0;0;0;0;0;0;0;0;0;1292;0;0;0;0;0;0;
114;878347;502009856;9461760;447389696;0;0;0;0;0;0;0;0;0;0;0;1172;0;0;0;0;0;0;
115;992811;502009856;9461760;447389696;0;0;0;0;0;0;0;0;0;0;0;1403;0;0;0;0;0;0;
116;804859;502280192;9461760;447389696;0;0;0;0;0;0;0;0;0;0;0;1362;0;0;0;0;0;0;
117;814768;502280192;9461760;447389696;0;0;0;0;0;0;0;0;0;0;0;1272;0;0;0;0;0;0;
118;802044;502280192;9461760;447389696;0;0;0;0;0;0;0;0;0;0;0;1273;0;0;0;0;0;0;
119;816030;502280192;9461760;447389696;0;0;0;0;0;0;0;0;0;0;0;1363;0;0;0;0;0;0;
120;558047;502280192;9461760;447389696;0;0;0;0;0;0;0;0;0;0;0;1292;0;0;0;0;0;0;
121;715031;502280192;9461760;447389696;0;0;0;0;0;0;0;0;0;0;0;1313;0;0;0;0;0;0;
122;885971;502280192;9461760;447389696;0;0;0;0;0;0;0;0;0;0;0;1443;0;0;0;0;0;0;
123;1160255;502280192;9461760;447389696;0;0;0;0;0;0;0;0;0;0;0;1153;0;0;0;0;0;0;
124;1012629;502280192;9461760;447389696;0;0;0;0;0;0;0;0;0;0;0;1253;0;0;0;0;0;0;
125;3620119;506744832;9461760;464166912;0;0;0;0;0;0;0;0;0;0;0;2365;0;0;0;0;1;0;
126;2611738;506744832;9461760;464166912;0;0;0;0;0;0;0;0;0;0;0;2114;0;0;0;0;1;0;
127;2225443;506744832;9461760;464166912;0;0;0;0;0;0;0;0;0;0;0;1372;0;0;0;0;1;0;
128;1110904;506744832;9461760;464166912;0;0;0;0;0;0;0;0;0;0;0;1483;0;0;0;0;1;0;
129;931827;506744832;9461760;464166912;0;0;0;0;0;0;0;0;0;0;0;1322;0;0;0;0;1;0;
130;859472;506744832;9461760;464166912;0;0;0;0;0;0;0;0;0;0;0;1343;0;0;0;0;1;0;
131;835076;506744832;9461760;464166912;0;0;0;0;0;0;0;0;0;0;0;1392;0;0;0;0;1;0;
132;888766;506744832;9461760;464166912;0;0;0;0;0;0;0;0;0;0;0;1372;0;0;0;0;1;0;
133;801553;506744832;9461760;464166912;0;0;0;0;0;0;0;0;0;0;0;1212;0;0;0;0;1;0;
134;871144;506744832;9461760;464166912;0;0;0;0;0;0;0;0;0;0;0;1353;0;0;0;0;1;0;
135;724830;506744832;9461760;464166912;0;0;0;0;0;0;0;0;0;0;0;1443;0;0;0;0;1;0;
136;809819;506744832;9461760;464166912;0;0;0;0;0;0;0;0;0;0;0;1413;0;0;0;0;1;0;
137;752862;506744832;9461760;464166912;0;0;0;0;0;0;0;0;0;0;0;1383;0;0;0;0;1;0;
138;880090;506744832;9461760;464166912;0;0;0;0;0;0;0;0;0;0;0;1352;0;0;0;0;1;0;
139;633488;506744832;9461760;464166912;0;0;0;0;0;0;0;0;0;0;0;1402;0;0;0;0;1;0;
140;855254;506744832;9461760;464166912;0;0;0;0;0;0;0;0;0;0;0;1343;0;0;0;0;1;0;
141;726312;506744832;9461760;464166912;0;0;0;0;0;0;0;0;0;0;0;1403;0;0;0;0;1;0;
142;853020;506744832;9461760;464166912;0;0;0;0;0;0;0;0;0;0;0;1353;0;0;0;0;1;0;
143;694152;506744832;9461760;464166912;0;0;0;0;0;0;0;0;0;0;0;1352;0;0;0;0;1;0;
144;799500;506744832;9461760;464166912;0;0;0;0;0;0;0;0;0;0;0;1443;0;0;0;0;1;0;
145;820118;506744832;9461760;464166912;0;0;0;0;0;0;0;0;0;0;0;1393;0;0;0;0;1;0;
146;716574;506744832;9461760;464166912;0;0;0;0;0;0;0;0;0;0;0;1373;0;0;0;0;1;0;
147;704240;506744832;9461760;464166912;0;0;0;0;0;0;0;0;0;0;0;1383;0;0;0;0;1;0;
148;801854;506744832;9461760;464166912;0;0;0;0;0;0;0;0;0;0;0;1423;0;0;0;0;1;0;
149;720541;506744832;9461760;464166912;0;0;0;0;0;0;0;0;0;0;0;1433;0;0;0;0;1;0;
150;808156;506744832;9461760;464166912;0;0;0;0;0;0;0;0;0;0;0;1423;0;0;0;0;1;0;
151;741470;506744832;9461760;464166912;0;0;0;0;0;0;0;0;0;0;0;1393;0;0;0;0;1;0;
152;688501;506744832;9461760;464166912;0;0;0;0;0;0;0;0;0;0;0;1423;0;0;0;0;1;0;
153;713848;506744832;9461760;464166912;0;0;0;0;0;0;0;0;0;0;0;1433;0;0;0;0;1;0;
154;633278;506744832;9461760;464166912;0;0;0;0;0;0;0;0;0;0;0;1342;0;0;0;0;1;0;
155;791785;506744832;9461760;464166912;0;0;0;0;0;0;0;0;0;0;0;1362;0;0;0;0;1;0;
156;733866;506744832;9461760;464166912;0;0;0;0;0;0;0;0;0;0;0;1392;0;0;0;0;1;0;
157;807524;506744832;9461760;464166912;0;0;0;0;0;0;0;0;0;0;0;1383;0;0;0;0;1;0;
158;1654162;506744832;9461760;464166912;0;0;0;0;0;0;0;0;0;0;0;1333;0;0;0;0;1;0;
159;770234;506744832;9461760;464166912;0;0;0;0;0;0;0;0;0;0;0;1333;0;0;0;0;1;0;
160;823674;506744832;9461760;464166912;0;0;0;0;0;0;0;0;0;0;0;1353;0;0;0;0;1;0;
161;669676;506744832;9461760;464166912;0;0;0;0;0;0;0;0;0;0;0;1392;0;0;0;0;1;0;
162;827151;506744832;9461760;464166912;0;0;0;0;0;0;0;0;0;0;0;1372;0;0;0;0;1;0;
163;696075;506744832;9461760;464166912;0;0;0;0;0;0;0;0;0;0;0;1393;0;0;0;0;1;0;
164;813766;506744832;9461760;464166912;0;0;0;0;0;0;0;0;0;0;0;1403;0;0;0;0;1;0;
165;734818;506744832;9461760;464166912;0;0;0;0;0;0;0;0;0;0;0;1402;0;0;0;0;1;0;
166;806262;506744832;9461760;464166912;0;0;0;0;0;0;0;0;0;0;0;1232;0;0;0;0;1;0;
167;714049;506744832;9461760;464166912;0;0;0;0;0;0;0;0;0;0;0;1372;0;0;0;0;1;0;
168;3726208;506744832;9461760;464166912;0;0;0;0;0;0;0;0;0;0;0;2635;0;0;0;0;47;0;
169;876674;506744832;9461760;464166912;0;0;0;0;0;0;0;0;0;0;0;1393;0;0;0;0;47;0;
170;970760;507691008;9461760;464166912;0;0;0;0;0;0;0;0;0;0;0;1383;0;0;0;0;47;0;
171;1684950;507691008;9461760;464166912;0;0;0;0;0;0;0;0;0;0;0;1382;0;0;0;0;47;0;
172;1135109;507691008;9461760;464166912;0;0;0;0;0;0;0;0;0;0;0;1423;0;0;0;0;47;0;
173;983374;507691008;9461760;464166912;0;0;0;0;0;0;0;0;0;0;0;1393;0;0;0;0;47;0;
174;1086348;507691008;9461760;464166912;0;0;0;0;0;0;0;0;0;0;0;1382;0;0;0;0;47;0;
175;1173421;507691008;9461760;464166912;0;0;0;0;0;0;0;0;0;0;0;1403;0;0;0;0;47;0;
176;1018780;507691008;9461760;464166912;0;0;0;0;0;0;0;0;0;0;0;1433;0;0;0;0;47;0;
177;941505;507691008;9461760;464166912;0;0;0;0;0;0;0;0;0;0;0;1373;0;0;0;0;47;0;
178;900959;507691008;9461760;464166912;0;0;0;0;0;0;0;0;0;0;0;1413;0;0;0;0;47;0;
179;791094;507691008;9461760;464166912;0;0;0;0;0;0;0;0;0;0;0;1433;0;0;0;0;47;0;
180;817874;507961344;9461760;464166912;0;0;0;0;0;0;0;0;0;0;0;1383;0;0;0;0;47;0;
181;1064727;507961344;9461760;464166912;0;0;0;0;0;0;0;0;0;0;0;1473;0;0;0;0;47;0;
182;969027;507961344;9461760;464166912;0;0;0;0;0;0;0;0;0;0;0;1483;0;0;0;0;47;0;
183;1344672;507961344;9461760;464166912;0;0;0;0;0;0;0;0;0;0;0;1412;0;0;0;0;47;0;
184;1162490;507961344;9461760;464166912;0;0;0;0;0;0;0;0;0;0;0;1453;0;0;0;0;47;0;
185;1534468;507961344;9461760;464166912;0;0;0;0;0;0;0;0;0;0;0;1433;0;0;0;0;47;0;
186;1146410;507961344;9461760;464166912;0;0;0;0;0;0;0;0;0;0;0;1433;0;0;0;0;47;0;
187;1042025;507961344;9461760;464166912;0;0;0;0;0;0;0;0;0;0;0;1453;0;0;0;0;47;0;
188;766378;507961344;9461760;464166912;0;0;0;0;0;0;0;0;0;0;0;1402;0;0;0;0;47;0;
189;824246;507961344;9461760;464166912;0;0;0;0;0;0;0;0;0;0;0;1373;0;0;0;0;47;0;
190;885030;507961344;9461760;464166912;0;0;0;0;0;0;0;0;0;0;0;1422;0;0;0;0;47;0;
191;804579;507961344;9461760;464166912;0;0;0;0;0;0;0;0;0;0;0;1443;0;0;0;0;47;0;
192;1081238;507961344;9461760;464166912;0;0;0;0;0;0;0;0;0;0;0;1422;0;0;0;0;47;0;
193;921579;507961344;9461760;464166912;0;0;0;0;0;0;0;0;0;0;0;1403;0;0;0;0;47;0;
194;1045090;507961344;9461760;464166912;0;0;0;0;0;0;0;0;0;0;0;1392;0;0;0;0;47;0;
195;1086097;507961344;9461760;464166912;0;0;0;0;0;0;0;0;0;0;0;1483;0;0;0;0;47;0;
196;1052144;507961344;9461760;464166912;0;0;0;0;0;0;0;0;0;0;0;1423;0;0;0;0;47;0;
197;1010014;507961344;9461760;464166912;0;0;0;0;0;0;0;0;0;0;0;1472;0;0;0;0;47;0;
198;1022457;507961344;9461760;464166912;0;0;0;0;0;0;0;0;0;0;0;1412;0;0;0;0;47;0;
199;1123587;507961344;9461760;464166912;0;0;0;0;0;0;0;0;0;0;0;1393;0;0;0;0;47;0;
200;1459367;507961344;9461760;464166912;0;0;0;0;0;0;0;0;0;0;0;1362;0;0;0;0;47;0;
201;1353478;510058496;9461760;464166912;0;0;0;0;0;0;0;0;0;0;0;1413;0;0;0;0;47;0;
202;949931;510058496;9461760;464166912;0;0;0;0;0;0;0;0;0;0;0;1422;0;0;0;0;47;0;
203;1112286;510058496;9461760;464166912;0;0;0;0;0;0;0;0;0;0;0;1343;0;0;0;0;47;0;
204;898345;510058496;9461760;464166912;0;0;0;0;0;0;0;0;0;0;0;1363;0;0;0;0;47;0;
205;778209;510058496;9461760;464166912;0;0;0;0;0;0;0;0;0;0;0;1413;0;0;0;0;47;0;
206;799449;510058496;9461760;464166912;0;0;0;0;0;0;0;0;0;0;0;1383;0;0;0;0;47;0;
207;964379;510058496;9461760;464166912;0;0;0;0;0;0;0;0;0;0;0;1362;0;0;0;0;47;0;
208;901681;510058496;9461760;464166912;0;0;0;0;0;0;0;0;0;0;0;1383;0;0;0;0;47;0;
209;1004334;510058496;9461760;464166912;0;0;0;0;0;0;0;0;0;0;0;1453;0;0;0;0;47;0;
210;908914;510058496;9461760;464166912;0;0;0;0;0;0;0;0;0;0;0;1373;0;0;0;0;47;0;
211;680466;510058496;9461760;464166912;0;0;0;0;0;0;0;0;0;0;0;1382;0;0;0;0;47;0;
212;738625;510058496;9461760;464166912;0;0;0;0;0;0;0;0;0;0;0;1402;0;0;0;0;47;0;
213;1006819;510058496;9461760;464166912;0;0;0;0;0;0;0;0;0;0;0;1462;0;0;0;0;47;0;
214;1048336;510058496;9461760;464166912;0;0;0;0;0;0;0;0;0;0;0;1463;0;0;0;0;47;0;
215;838653;510316544;9461760;464166912;0;0;0;0;0;0;0;0;0;0;0;1543;0;0;0;0;47;0;
216;1188159;510316544;9461760;464166912;0;0;0;0;0;0;0;0;0;0;0;1543;0;0;0;0;47;0;
217;2539102;510316544;9461760;464166912;0;0;0;0;0;0;0;0;0;0;0;1783;0;0;0;0;47;0;
218;1263379;510316544;9461760;464166912;0;0;0;0;0;0;0;0;0;0;0;1723;0;0;0;0;47;0;
219;953489;510316544;9461760;464166912;0;0;0;0;0;0;0;0;0;0;0;1673;0;0;0;0;47;0;
220;1020223;510316544;9461760;464166912;0;0;0;0;0;0;0;0;0;0;0;1723;0;0;0;0;47;0;
221;766728;510316544;9461760;464166912;0;0;0;0;0;0;0;0;0;0;0;1713;0;0;0;0;47;0;
222;916940;510316544;9461760;464166912;0;0;0;0;0;0;0;0;0;0;0;1763;0;0;0;0;47;0;
223;942287;510316544;9461760;464166912;0;0;0;0;0;0;0;0;0;0;0;1703;0;0;0;0;47;0;
224;1110994;510316544;9461760;464166912;0;0;0;0;0;0;0;0;0;0;0;1774;0;0;0;0;47;0;
225;1071930;510316544;9461760;464166912;0;0;0;0;0;0;0;0;0;0;0;1764;0;0;0;0;47;0;
226;1162530;510316544;9461760;464166912;0;0;0;0;0;0;0;0;0;0;0;1703;0;0;0;0;47;0;
227;1184822;510316544;9461760;464166912;0;0;0;0;0;0;0;0;0;0;0;1813;0;0;0;0;47;0;
228;1468594;510586880;9461760;464166912;0;0;0;0;0;0;0;0;0;0;0;1724;0;0;0;0;47;0;
229;3521004;519016448;9461760;480944128;0;0;0;0;0;0;0;0;0;0;0;3156;0;0;1;0;47;0;
230;2127360;519016448;9461760;480944128;0;0;0;0;0;0;0;0;0;0;0;1462;0;0;1;0;47;0;
231;1031845;519016448;9461760;480944128;0;0;0;0;0;0;0;0;0;0;0;1503;0;0;1;0;47;0;
232;1004123;519016448;9461760;480944128;0;0;0;0;0;0;0;0;0;0;0;1363;0;0;1;0;47;0;
233;858500;519016448;9461760;480944128;0;0;0;0;0;0;0;0;0;0;0;1353;0;0;1;0;47;0;
234;853310;519016448;9461760;480944128;0;0;0;0;0;0;0;0;0;0;0;1453;0;0;1;0;47;0;
235;1167360;519016448;9461760;480944128;0;0;0;0;0;0;0;0;0;0;0;1343;0;0;1;0;47;0;
236;1210941;519016448;9461760;480944128;0;0;0;0;0;0;0;0;0;0;0;1453;0;0;1;0;47;0;
237;1128847;519016448;9461760;480944128;0;0;0;0;0;0;0;0;0;0;0;1403;0;0;1;0;47;0;
238;1030523;519016448;9461760;480944128;0;0;0;0;0;0;0;0;0;0;0;1373;0;0;1;0;47;0;
239;914986;519016448;9461760;480944128;0;0;0;0;0;0;0;0;0;0;0;1393;0;0;1;0;47;0;
240;1739923;519016448;9461760;480944128;0;0;0;0;0;0;0;0;0;0;0;1733;0;0;1;0;47;0;
241;2518403;525307904;9461760;497721344;0;0;0;0;0;0;0;0;0;0;0;2274;0;0;2;0;47;0;
242;1154966;525307904;9461760;497721344;0;0;0;0;0;0;0;0;0;0;0;1392;0;0;2;0;47;0;
243;1000626;525307904;9461760;497721344;0;0;0;0;0;0;0;0;0;0;0;1383;0;0;2;0;47;0;
244;1453706;525307904;9461760;497721344;0;0;0;0;0;0;0;0;0;0;0;1353;0;0;2;0;47;0;
245;901480;525307904;9461760;497721344;0;0;0;0;0;0;0;0;0;0;0;1373;0;0;2;0;47;0;
246;882786;525307904;9461760;497721344;0;0;0;0;0;0;0;0;0;0;0;1342;0;0;2;0;47;0;
247;918663;525307904;9461760;497721344;0;0;0;0;0;0;0;0;0;0;0;1603;0;0;2;0;47;0;
248;841598;525307904;9461760;497721344;0;0;0;0;0;0;0;0;0;0;0;1393;0;0;2;0;47;0;
249;897042;525307904;9461760;497721344;0;0;0;0;0;0;0;0;0;0;0;1413;0;0;2;0;47;0;
250;989546;525307904;9461760;497721344;0;0;0;0;0;0;0;0;0;0;0;1392;0;0;2;0;47;0;
251;934072;525307904;9461760;497721344;0;0;0;0;0;0;0;0;0;0;0;1343;0;0;2;0;47;0;
252;848812;525307904;9461760;497721344;0;0;0;0;0;0;0;0;0;0;0;1353;0;0;2;0;47;0;
253;825308;525307904;9461760;497721344;0;0;0;0;0;0;0;0;0;0;0;1332;0;0;2;0;47;0;
254;815720;525307904;9461760;497721344;0;0;0;0;0;0;0;0;0;0;0;1543;0;0;2;0;47;0;
255;1181636;525307904;9461760;497721344;0;0;0;0;0;0;0;0;0;0;0;1342;0;0;2;0;47;0;
256;3526012;529453056;9461760;497721344;0;0;0;0;0;0;0;0;0;0;0;2235;0;0;3;0;47;0;
257;1276834;529453056;9461760;497721344;0;0;0;0;0;0;0;0;0;0;0;1393;0;0;3;0;47;0;
258;855765;529453056;9461760;497721344;0;0;0;0;0;0;0;0;0;0;0;1352;0;0;3;0;47;0;
259;858620;529453056;9461760;497721344;0;0;0;0;0;0;0;0;0;0;0;1422;0;0;3;0;47;0;
260;957686;529723392;9461760;497721344;0;0;0;0;0;0;0;0;0;0;0;1613;0;0;3;0;47;0;
261;937238;529723392;9461760;497721344;0;0;0;0;0;0;0;0;0;0;0;1332;0;0;3;0;47;0;
262;1212464;529723392;9461760;497721344;0;0;0;0;0;0;0;0;0;0;0;1343;0;0;3;0;47;0;
263;1110593;529723392;9461760;497721344;0;0;0;0;0;0;0;0;0;0;0;1403;0;0;3;0;47;0;
264;860764;529723392;9461760;497721344;0;0;0;0;0;0;0;0;0;0;0;1442;0;0;3;0;47;0;
265;852438;529723392;9461760;497721344;0;0;0;0;0;0;0;0;0;0;0;1373;0;0;3;0;47;0;
266;1239986;529723392;9461760;497721344;0;0;0;0;0;0;0;0;0;0;0;1563;0;0;3;0;47;0;
267;1159424;529723392;9461760;497721344;0;0;0;0;0;0;0;0;0;0;0;1383;0;0;3;0;47;0;
268;1725156;529723392;9461760;497721344;0;0;0;0;0;0;0;0;0;0;0;1453;0;0;3;0;47;0;
269;3877772;533774336;9461760;497721344;0;0;0;0;0;0;0;0;0;0;0;2114;0;0;4;0;47;0;
270;1261275;534040576;9461760;497721344;0;0;0;0;0;0;0;0;0;0;0;1413;0;0;4;0;47;0;
271;1457964;534040576;9461760;497721344;0;0;0;0;0;0;0;0;0;0;0;1353;0;0;4;0;47;0;
272;903885;534040576;9461760;497721344;0;0;0;0;0;0;0;0;0;0;0;1473;0;0;4;0;47;0;
273;984827;534040576;9461760;497721344;0;0;0;0;0;0;0;0;0;0;0;1403;0;0;4;0;47;0;
274;1033027;534040576;9461760;497721344;0;0;0;0;0;0;0;0;0;0;0;1573;0;0;4;0;47;0;
275;893616;534040576;9461760;497721344;0;0;0;0;0;0;0;0;0;0;0;1463;0;0;4;0;47;0;
276;1047024;534040576;9461760;497721344;0;0;0;0;0;0;0;0;0;0;0;1422;0;0;4;0;47;0;
277;1281593;534040576;9461760;497721344;0;0;0;0;0;0;0;0;0;0;0;1513;0;0;4;0;47;0;
278;998673;534040576;9461760;497721344;0;0;0;0;0;0;0;0;0;0;0;1412;0;0;4;0;47;0;
279;1190302;534040576;9461760;497721344;0;0;0;0;0;0;0;0;0;0;0;1473;0;0;4;0;47;0;
280;927870;534040576;9461760;497721344;0;0;0;0;0;0;0;0;0;0;0;1463;0;0;4;0;47;0;
281;2384873;538017792;9461760;497721344;0;0;0;0;0;0;0;0;0;0;0;1873;0;0;5;0;47;0;
282;1144156;538017792;9461760;497721344;0;0;0;0;0;0;0;0;0;0;0;1683;0;0;5;0;47;0;
283;1673549;538017792;9461760;497721344;0;0;0;0;0;0;0;0;0;0;0;1543;0;0;5;0;47;0;
284;1079815;538017792;9461760;497721344;0;0;0;0;0;0;0;0;0;0;0;1433;0;0;5;0;47;0;
285;1105363;538017792;9461760;497721344;0;0;0;0;0;0;0;0;0;0;0;1413;0;0;5;0;47;0;
286;912101;538017792;9461760;497721344;0;0;0;0;0;0;0;0;0;0;0;1593;0;0;5;0;47;0;
287;1102067;538017792;9461760;497721344;0;0;0;0;0;0;0;0;0;0;0;1523;0;0;5;0;47;0;
288;1081809;538017792;9461760;497721344;0;0;0;0;0;0;0;0;0;0;0;1413;0;0;5;0;47;0;
289;1021776;538017792;9461760;497721344;0;0;0;0;0;0;0;0;0;0;0;1473;0;0;5;0;47;0;
290;988924;538017792;9461760;497721344;0;0;0;0;0;0;0;0;0;0;0;1352;0;0;5;0;47;0;
291;1431174;538017792;9461760;497721344;0;0;0;0;0;0;0;0;0;0;0;1352;0;0;5;0;47;0;
292;1274189;538017792;9461760;497721344;0;0;0;0;0;0;0;0;0;0;0;1352;0;0;5;0;47;0;
293;993833;538017792;9461760;497721344;0;0;0;0;0;0;0;0;0;0;0;1192;0;0;5;0;47;0;
294;3402982;544309248;9461760;514498560;0;0;0;0;0;0;0;0;0;0;0;3005;0;0;6;0;47;0;
295;1439379;544559104;9461760;514498560;0;0;0;0;0;0;0;0;0;0;0;1403;0;0;6;0;47;0;
296;1251117;544559104;9461760;514498560;0;0;0;0;0;0;0;0;0;0;0;1393;0;0;6;0;47;0;
297;1113778;544559104;9461760;514498560;0;0;0;0;0;0;0;0;0;0;0;1673;0;0;6;0;47;0;
298;1128717;544559104;9461760;514498560;0;0;0;0;0;0;0;0;0;0;0;1513;0;0;6;0;47;0;
299;1036995;544559104;9461760;514498560;0;0;0;0;0;0;0;0;0;0;0;1793;0;0;6;0;47;0;
300;907121;544559104;9461760;514498560;0;0;0;0;0;0;0;0;0;0;0;1423;0;0;6;0;47;0;
301;1820314;544559104;9461760;514498560;0;0;0;0;0;0;0;0;0;0;0;1403;0;0;6;0;47;0;
302;1103570;544559104;9461760;514498560;0;0;0;0;0;0;0;0;0;0;0;1312;0;0;6;0;47;0;
303;1044940;544559104;9461760;514498560;0;0;0;0;0;0;0;0;0;0;0;1512;0;0;6;0;47;0;
304;885351;544559104;9461760;514498560;0;0;0;0;0;0;0;0;0;0;0;1422;0;0;6;0;47;0;
305;1106275;544559104;9461760;514498560;0;0;0;0;0;0;0;0;0;0;0;1433;0;0;6;0;47;0;
306;2972745;548806656;9461760;514498560;0;0;0;0;0;0;0;0;0;0;0;1593;0;0;7;0;47;0;
307;1353098;553000960;9461760;531275776;0;0;0;0;0;0;0;0;0;0;0;1422;0;0;7;0;47;0;
308;1016517;553000960;9461760;531275776;0;0;0;0;0;0;0;0;0;0;0;1383;0;0;7;0;47;0;
309;1120512;553000960;9461760;531275776;0;0;0;0;0;0;0;0;0;0;0;1774;0;0;7;0;47;0;
310;965841;553000960;9461760;531275776;0;0;0;0;0;0;0;0;0;0;0;1553;0;0;7;0;47;0;
311;908835;553000960;9461760;531275776;0;0;0;0;0;0;0;0;0;0;0;1343;0;0;7;0;47;0;
312;995237;553000960;9461760;531275776;0;0;0;0;0;0;0;0;0;0;0;1613;0;0;7;0;47;0;
313;847920;553000960;9461760;531275776;0;0;0;0;0;0;0;0;0;0;0;1402;0;0;7;0;47;0;
314;866906;553000960;9461760;531275776;0;0;0;0;0;0;0;0;0;0;0;1382;0;0;7;0;47;0;
315;931096;553000960;9461760;531275776;0;0;0;0;0;0;0;0;0;0;0;1613;0;0;7;0;47;0;
316;942117;553000960;9461760;531275776;0;0;0;0;0;0;0;0;0;0;0;1353;0;0;7;0;47;0;
317;1070407;553000960;9461760;531275776;0;0;0;0;0;0;0;0;0;0;0;1543;0;0;7;0;47;0;
318;1118037;553000960;9461760;531275776;0;0;0;0;0;0;0;0;0;0;0;1363;0;0;7;0;47;0;
319;2394962;553000960;9461760;531275776;0;0;0;0;0;0;0;0;0;0;0;1563;0;0;7;0;47;0;
320;2122751;556974080;9461760;531275776;0;0;0;0;0;0;0;0;0;0;0;1774;0;0;8;0;47;0;
321;787677;556974080;9461760;531275776;0;0;0;0;0;0;0;0;0;0;0;1403;0;0;8;0;47;0;
322;840867;556974080;9461760;531275776;0;0;0;0;0;0;0;0;0;0;0;1343;0;0;8;0;47;0;
323;1164564;556974080;9461760;531275776;0;0;0;0;0;0;0;0;0;0;0;1613;0;0;8;0;47;0;
324;1159625;556974080;9461760;531275776;0;0;0;0;0;0;0;0;0;0;0;1333;0;0;8;0;47;0;
325;947978;556974080;9461760;531275776;0;0;0;0;0;0;0;0;0;0;0;1473;0;0;8;0;47;0;
326;832722;556974080;9461760;531275776;0;0;0;0;0;0;0;0;0;0;0;1333;0;0;8;0;47;0;
327;867136;556974080;9461760;531275776;0;0;0;0;0;0;0;0;0;0;0;1373;0;0;8;0;47;0;
328;868639;556974080;9461760;531275776;0;0;0;0;0;0;0;0;0;0;0;1483;0;0;8;0;47;0;
329;845326;556974080;9461760;531275776;0;0;0;0;0;0;0;0;0;0;0;1432;0;0;8;0;47;0;
330;966703;556974080;9461760;531275776;0;0;0;0;0;0;0;0;0;0;0;1583;0;0;8;0;47;0;
331;1400777;557232128;9453568;531267584;0;0;0;0;0;0;0;0;0;0;0;1643;0;0;8;0;47;0;
332;911629;557232128;9453568;531267584;0;0;0;0;0;0;0;0;0;0;0;1563;0;0;8;0;47;0;
333;920376;557232128;9453568;531267584;0;0;0;0;0;0;0;0;0;0;0;1503;0;0;8;0;47;0;
334;2833454;561278976;9453568;531267584;0;0;0;0;0;0;0;0;0;0;0;2655;0;0;9;0;49;0;
335;923962;561278976;9453568;531267584;0;0;0;0;0;0;0;0;0;0;0;1372;0;0;9;0;49;0;
336;795632;561278976;9453568;531267584;0;0;0;0;0;0;0;0;0;0;0;1352;0;0;9;0;49;0;
337;907191;561278976;9453568;531267584;0;0;0;0;0;0;0;0;0;0;0;1523;0;0;9;0;49;0;
338;779491;561278976;9453568;531267584;0;0;0;0;0;0;0;0;0;0;0;1472;0;0;9;0;49;0;
339;1195121;561278976;9453568;531267584;0;0;0;0;0;0;0;0;0;0;0;1503;0;0;9;0;49;0;
340;880260;561278976;9453568;531267584;0;0;0;0;0;0;0;0;0;0;0;1332;0;0;9;0;49;0;
341;971452;561278976;9453568;531267584;0;0;0;0;0;0;0;0;0;0;0;1413;0;0;9;0;49;0;
342;949340;561278976;9453568;531267584;0;0;0;0;0;0;0;0;0;0;0;1312;0;0;9;0;49;0;
343;680947;561278976;9453568;531267584;0;0;0;0;0;0;0;0;0;0;0;1362;0;0;9;0;49;0;
344;753022;561278976;9453568;531267584;0;0;0;0;0;0;0;0;0;0;0;1463;0;0;9;0;49;0;
345;1319836;561278976;9453568;531267584;0;0;0;0;0;0;0;0;0;0;0;1653;0;0;9;0;49;0;
346;894387;561278976;9453568;531267584;0;0;0;0;0;0;0;0;0;0;0;1633;0;0;9;0;49;0;
347;812844;561278976;9453568;531267584;0;0;0;0;0;0;0;0;0;0;0;1552;0;0;9;0;49;0;
348;834645;561278976;9453568;531267584;0;0;0;0;0;0;0;0;0;0;0;1352;0;0;9;0;49;0;
349;803386;561278976;9453568;531267584;0;0;0;0;0;0;0;0;0;0;0;1773;0;0;9;0;49;0;
350;2341221;565526528;9453568;531267584;0;0;0;0;0;0;0;0;0;0;0;2275;0;0;10;0;49;0;
351;903314;565526528;9453568;531267584;0;0;0;0;0;0;0;0;0;0;0;1343;0;0;10;0;49;0;
352;2885822;565526528;9453568;531267584;0;0;0;0;0;0;0;0;0;0;0;1623;0;0;10;0;49;0;
353;1158253;565526528;9453568;531267584;0;0;0;0;0;0;0;0;0;0;0;1683;0;0;10;0;49;0;
354;1048526;565526528;9453568;531267584;0;0;0;0;0;0;0;0;0;0;0;1352;0;0;10;0;49;0;
355;1263279;565526528;9453568;531267584;0;0;0;0;0;0;0;0;0;0;0;1333;0;0;10;0;49;0;
356;1421405;565526528;9453568;531267584;0;0;0;0;0;0;0;0;0;0;0;1382;0;0;10;0;49;0;
357;931777;565526528;9453568;531267584;0;0;0;0;0;0;0;0;0;0;0;1373;0;0;10;0;49;0;
358;920537;565526528;9453568;531267584;0;0;0;0;0;0;0;0;0;0;0;1874;0;0;10;0;49;0;
359;1510804;565547008;12587008;534401024;0;0;0;0;0;0;0;0;0;0;0;1313;0;0;10;0;49;0;
360;1050801;565547008;12587008;534401024;0;0;0;0;0;0;0;0;0;0;0;1743;0;0;10;0;49;0;
361;768351;565547008;12587008;534401024;0;0;0;0;0;0;0;0;0;0;0;1393;0;0;10;0;49;0;
362;867557;565547008;12587008;534401024;0;0;0;0;0;0;0;0;0;0;0;1332;0;0;10;0;49;0;
363;1010235;565547008;12587008;534401024;0;0;0;0;0;0;0;0;0;0;0;1583;0;0;10;0;49;0;
364;1054678;565547008;12587008;534401024;0;0;0;0;0;0;0;0;0;0;0;1323;0;0;10;0;49;0;
365;1569022;565547008;12587008;534401024;0;0;0;0;0;0;0;0;0;0;0;1353;0;0;10;0;49;0;
366;3251258;573710336;12587008;551178240;0;0;0;0;0;0;0;0;0;0;0;3036;0;0;11;0;49;0;
367;1035612;573710336;12587008;551178240;0;0;0;0;0;0;0;0;0;0;0;1393;0;0;11;0;49;0;
368;960011;573710336;12587008;551178240;0;0;0;0;0;0;0;0;0;0;0;1523;0;0;11;0;49;0;
369;826991;573710336;12587008;551178240;0;0;0;0;0;0;0;0;0;0;0;1553;0;0;11;0;49;0;
370;1144306;573710336;12587008;551178240;0;0;0;0;0;0;0;0;0;0;0;1393;0;0;11;0;49;0;
371;917401;573710336;12587008;551178240;0;0;0;0;0;0;0;0;0;0;0;1353;0;0;11;0;49;0;
372;1141831;573710336;12587008;551178240;0;0;0;0;0;0;0;0;0;0;0;1523;0;0;11;0;49;0;
373;995897;573710336;12587008;551178240;0;0;0;0;0;0;0;0;0;0;0;1532;0;0;11;0;49;0;
374;1785829;573710336;12587008;551178240;0;0;0;0;0;0;0;0;0;0;0;1373;0;0;11;0;49;0;
375;784632;573710336;12587008;551178240;0;0;0;0;0;0;0;0;0;0;0;1593;0;0;11;0;49;0;
376;1057393;573710336;12587008;551178240;0;0;0;0;0;0;0;0;0;0;0;1773;0;0;11;0;49;0;
377;955702;573710336;12587008;551178240;0;0;0;0;0;0;0;0;0;0;0;1683;0;0;11;0;49;0;
378;953428;573710336;12587008;551178240;0;0;0;0;0;0;0;0;0;0;0;1713;0;0;11;0;49;0;
379;914394;573710336;12587008;551178240;0;0;0;0;0;0;0;0;0;0;0;1663;0;0;11;0;49;0;
380;1436735;573710336;12587008;551178240;0;0;0;0;0;0;0;0;0;0;0;1613;0;0;11;0;49;0;
381;1201634;573710336;12587008;551178240;0;0;0;0;0;0;0;0;0;0;0;1633;0;0;11;0;49;0;
382;1051202;573710336;12587008;551178240;0;0;0;0;0;0;0;0;0;0;0;1633;0;0;11;0;49;0;
383;1130560;573710336;12587008;551178240;0;0;0;0;0;0;0;0;0;0;0;1854;0;0;11;0;49;0;
384;1197296;573710336;12587008;551178240;0;0;0;0;0;0;0;0;0;0;0;1753;0;0;11;0;49;0;
385;1720025;573669376;12296192;550887424;0;0;0;0;0;0;0;0;0;0;0;1854;0;0;11;0;49;0;
386;1113608;573669376;12296192;550887424;0;0;0;0;0;0;0;0;0;0;0;1473;0;0;11;0;49;0;
387;744236;573669376;12296192;550887424;0;0;0;0;0;0;0;0;0;0;0;1312;0;0;11;0;49;0;
388;927059;573669376;12296192;550887424;0;0;0;0;0;0;0;0;0;0;0;1273;0;0;11;0;49;0;
389;1226340;573669376;12296192;550887424;0;0;0;0;0;0;0;0;0;0;0;1403;0;0;11;0;49;0;
390;1310969;573669376;12296192;550887424;0;0;0;0;0;0;0;0;0;0;0;1362;0;0;11;0;49;0;
391;1226470;573669376;12296192;550887424;0;0;0;0;0;0;0;0;0;0;0;1463;0;0;11;0;49;0;
392;958999;573669376;12296192;550887424;0;0;0;0;0;0;0;0;0;0;0;1333;0;0;11;0;49;0;
393;1184301;573669376;12296192;550887424;0;0;0;0;0;0;0;0;0;0;0;1353;0;0;11;0;49;0;
394;1373235;573669376;12296192;550887424;0;0;0;0;0;0;0;0;0;0;0;1533;0;0;11;0;49;0;
395;986430;573669376;12296192;550887424;0;0;0;0;0;0;0;0;0;0;0;1593;0;0;11;0;49;0;
396;1019652;573669376;12296192;550887424;0;0;0;0;0;0;0;0;0;0;0;1352;0;0;11;0;49;0;
397;1135039;573669376;12296192;550887424;0;0;0;0;0;0;0;0;0;0;0;1363;0;0;11;0;49;0;
398;766628;573669376;12296192;550887424;0;0;0;0;0;0;0;0;0;0;0;1322;0;0;11;0;49;0;
399;937208;573669376;12296192;550887424;0;0;0;0;0;0;0;0;0;0;0;1804;0;0;11;0;49;0;
400;1521493;573669376;12296192;550887424;0;0;0;0;0;0;0;0;0;0;0;1663;0;0;11;0;49;0;
401;1030984;573669376;12296192;550887424;0;0;0;0;0;0;0;0;0;0;0;1332;0;0;11;0;49;0;
402;1011466;573669376;12296192;550887424;0;0;0;0;0;0;0;0;0;0;0;1332;0;0;11;0;49;0;
403;844534;573669376;12296192;550887424;0;0;0;0;0;0;0;0;0;0;0;1433;0;0;11;0;49;0;
404;1000056;573669376;12296192;550887424;0;0;0;0;0;0;0;0;0;0;0;1323;0;0;11;0;49;0;
405;1045090;573669376;12296192;550887424;0;0;0;0;0;0;0;0;0;0;0;1653;0;0;11;0;49;0;
406;1045000;573669376;12296192;550887424;0;0;0;0;0;0;0;0;0;0;0;1523;0;0;11;0;49;0;
407;1049368;573931520;12296192;550887424;0;0;0;0;0;0;0;0;0;0;0;1684;0;0;11;0;49;0;
408;1745915;573931520;12296192;550887424;0;0;0;0;0;0;0;0;0;0;0;2464;0;0;11;0;50;0;
409;2636956;578101248;12115968;567484416;0;0;0;0;0;0;0;0;0;0;0;1343;0;0;11;0;50;0;
410;1100413;578101248;12115968;567484416;0;0;0;0;0;0;0;0;0;0;0;1653;0;0;11;0;50;0;
411;864501;578101248;12115968;567484416;0;0;0;0;0;0;0;0;0;0;0;1382;0;0;11;0;50;0;
412;1013551;578101248;12115968;567484416;0;0;0;0;0;0;0;0;0;0;0;1363;0;0;11;0;50;0;
413;1001307;578101248;12115968;567484416;0;0;0;0;0;0;0;0;0;0;0;1542;0;0;11;0;50;0;
414;803797;578101248;12115968;567484416;0;0;0;0;0;0;0;0;0;0;0;1583;0;0;11;0;50;0;
415;862448;578101248;12115968;567484416;0;0;0;0;0;0;0;0;0;0;0;1493;0;0;11;0;50;0;
416;962214;578101248;12115968;567484416;0;0;0;0;0;0;0;0;0;0;0;1573;0;0;11;0;50;0;
417;957485;578101248;12115968;567484416;0;0;0;0;0;0;0;0;0;0;0;1563;0;0;11;0;50;0;
418;1042095;578101248;12115968;567484416;0;0;0;0;0;0;0;0;0;0;0;1342;0;0;11;0;50;0;
419;1108819;578101248;12115968;567484416;0;0;0;0;0;0;0;0;0;0;0;1412;0;0;11;0;50;0;
420;1009313;578101248;12115968;567484416;0;0;0;0;0;0;0;0;0;0;0;1442;0;0;11;0;50;0;
421;978815;578101248;12115968;567484416;0;0;0;0;0;0;0;0;0;0;0;1293;0;0;11;0;50;0;
422;1131923;578101248;12115968;567484416;0;0;0;0;0;0;0;0;0;0;0;1563;0;0;11;0;50;0;
423;1077791;578101248;12115968;567484416;0;0;0;0;0;0;0;0;0;0;0;1403;0;0;11;0;50;0;
424;800131;578101248;12115968;567484416;0;0;0;0;0;0;0;0;0;0;0;1333;0;0;11;0;50;0;
425;938951;578101248;12115968;567484416;0;0;0;0;0;0;0;0;0;0;0;1363;0;0;11;0;50;0;
426;904276;578101248;12115968;567484416;0;0;0;0;0;0;0;0;0;0;0;1433;0;0;11;0;50;0;
427;1251337;578101248;12115968;567484416;0;0;0;0;0;0;0;0;0;0;0;1342;0;0;11;0;50;0;
428;852459;578101248;12115968;567484416;0;0;0;0;0;0;0;0;0;0;0;1342;0;0;11;0;50;0;
429;1012108;578101248;12115968;567484416;0;0;0;0;0;0;0;0;0;0;0;1383;0;0;11;0;50;0;
430;1665653;578101248;12115968;567484416;0;0;0;0;0;0;0;0;0;0;0;1413;0;0;11;0;50;0;
431;884879;578101248;12115968;567484416;0;0;0;0;0;0;0;0;0;0;0;1352;0;0;11;0;50;0;
432;1162190;578224128;12099584;567468032;0;0;0;0;0;0;0;0;0;0;0;1402;0;0;11;0;50;0;
433;1083943;578224128;12099584;567468032;0;0;0;0;0;0;0;0;0;0;0;1363;0;0;11;0;50;0;
434;932198;578224128;12099584;567468032;0;0;0;0;0;0;0;0;0;0;0;1393;0;0;11;0;50;0;
435;913783;578224128;12099584;567468032;0;0;0;0;0;0;0;0;0;0;0;1463;0;0;11;0;50;0;
436;838192;578224128;12099584;567468032;0;0;0;0;0;0;0;0;0;0;0;1303;0;0;11;0;50;0;
437;897804;578224128;12099584;567468032;0;0;0;0;0;0;0;0;0;0;0;1573;0;0;11;0;50;0;
438;818886;578224128;12099584;567468032;0;0;0;0;0;0;0;0;0;0;0;1132;0;0;11;0;50;0;
439;1058284;578224128;12099584;567468032;0;0;0;0;0;0;0;0;0;0;0;1293;0;0;11;0;50;0;
440;2742694;582201344;12099584;567468032;0;0;0;0;0;0;0;0;0;0;0;1673;0;0;12;0;50;0;
441;952527;582201344;12099584;567468032;0;0;0;0;0;0;0;0;0;0;0;1753;0;0;12;0;50;0;
442;1462222;582201344;12099584;567468032;0;0;0;0;0;0;0;0;0;0;0;1463;0;0;12;0;50;0;
443;833834;582201344;12099584;567468032;0;0;0;0;0;0;0;0;0;0;0;1643;0;0;12;0;50;0;
444;967425;582201344;12099584;567468032;0;0;0;0;0;0;0;0;0;0;0;1513;0;0;12;0;50;0;
445;1147772;582201344;12099584;567468032;0;0;0;0;0;0;0;0;0;0;0;1422;0;0;12;0;50;0;
446;1052734;582201344;12099584;567468032;0;0;0;0;0;0;0;0;0;0;0;43532;0;0;12;0;50;0;
447;970991;582201344;12099584;567468032;0;0;0;0;0;0;0;0;0;0;0;1513;0;0;12;0;50;0;
448;1009904;582201344;12099584;567468032;0;0;0;0;0;0;0;0;0;0;0;1393;0;0;12;0;50;0;
449;982563;582201344;12099584;567468032;0;0;0;0;0;0;0;0;0;0;0;1372;0;0;12;0;50;0;
450;804990;582201344;12099584;567468032;0;0;0;0;0;0;0;0;0;0;0;1343;0;0;12;0;50;0;
451;782738;582201344;12099584;567468032;0;0;0;0;0;0;0;0;0;0;0;1403;0;0;12;0;50;0;
452;732383;582201344;12099584;567468032;0;0;0;0;0;0;0;0;0;0;0;1513;0;0;12;0;50;0;
453;952887;582586368;12099584;567468032;0;0;0;0;0;0;0;0;0;0;0;1353;0;0;12;0;50;0;
454;1341877;582664192;12054528;567422976;0;0;0;0;0;0;0;0;0;0;0;1432;0;0;12;0;50;0;
455;3501587;586711040;12054528;567422976;0;0;0;0;0;0;0;0;0;0;0;2795;0;0;13;0;50;0;
456;2824527;586711040;12054528;567422976;0;0;0;0;0;0;0;0;0;0;0;1893;0;0;13;0;50;0;
457;1213285;586711040;12054528;567422976;0;0;0;0;0;0;0;0;0;0;0;1723;0;0;13;0;50;0;
458;1209208;586711040;12054528;567422976;0;0;0;0;0;0;0;0;0;0;0;1933;0;0;13;0;50;0;
459;1234385;586711040;12054528;567422976;0;0;0;0;0;0;0;0;0;0;0;1613;0;0;13;0;50;0;
460;1007629;586711040;12054528;567422976;0;0;0;0;0;0;0;0;0;0;0;1823;0;0;13;0;50;0;
461;1009202;586711040;12054528;567422976;0;0;0;0;0;0;0;0;0;0;0;1893;0;0;13;0;50;0;
462;1085936;586711040;12054528;567422976;0;0;0;0;0;0;0;0;0;0;0;1663;0;0;13;0;50;0;
463;1036313;586711040;12054528;567422976;0;0;0;0;0;0;0;0;0;0;0;1764;0;0;13;0;50;0;
464;1072782;586711040;12054528;567422976;0;0;0;0;0;0;0;0;0;0;0;1783;0;0;13;0;50;0;
465;1738330;586711040;12054528;567422976;0;0;0;0;0;0;0;0;0;0;0;1804;0;0;13;0;50;0;
466;1802069;590905344;12054528;584200192;0;0;0;0;0;0;0;0;0;0;0;1844;0;0;13;0;50;0;
467;977463;590905344;12054528;584200192;0;0;0;0;0;0;0;0;0;0;0;1964;0;0;13;0;50;0;
468;1064657;590905344;12054528;584200192;0;0;0;0;0;0;0;0;0;0;0;1704;0;0;13;0;50;0;
469;1077020;590905344;12054528;584200192;0;0;0;0;0;0;0;0;0;0;0;1853;0;0;13;0;50;0;
470;1134607;590905344;12054528;584200192;0;0;0;0;0;0;0;0;0;0;0;1753;0;0;13;0;50;0;
471;1530461;590905344;12054528;584200192;0;0;0;0;0;0;0;0;0;0;0;1683;0;0;13;0;50;0;
472;1048736;590905344;12054528;584200192;0;0;0;0;0;0;0;0;0;0;0;1814;0;0;13;0;50;0;
473;1096236;590905344;12054528;584200192;0;0;0;0;0;0;0;0;0;0;0;1733;0;0;13;0;50;0;
474;1122776;590905344;12054528;584200192;0;0;0;0;0;0;0;0;0;0;0;1774;0;0;13;0;50;0;
475;1554596;590905344;12054528;584200192;0;0;0;0;0;0;0;0;0;0;0;1363;0;0;13;0;50;0;
476;1672787;590905344;12054528;584200192;0;0;0;0;0;0;0;0;0;0;0;1694;0;0;13;0;50;0;
477;855775;590905344;12054528;584200192;0;0;0;0;0;0;0;0;0;0;0;1353;0;0;13;0;50;0;
478;1024442;590905344;12054528;584200192;0;0;0;0;0;0;0;0;0;0;0;1302;0;0;13;0;50;0;
479;1109230;590905344;12054528;584200192;0;0;0;0;0;0;0;0;0;0;0;1653;0;0;13;0;50;0;
480;1650135;590905344;12054528;584200192;0;0;0;0;0;0;0;0;0;0;0;2214;0;0;13;0;50;0;
481;1280151;591155200;12054528;584200192;0;0;0;0;0;0;0;0;0;0;0;1773;0;0;13;0;50;0;
482;1040952;591155200;12054528;584200192;0;0;0;0;0;0;0;0;0;0;0;1663;0;0;13;0;50;0;
483;1106215;591155200;12054528;584200192;0;0;0;0;0;0;0;0;0;0;0;1934;0;0;13;0;50;0;
484;1177288;591155200;12054528;584200192;0;0;0;0;0;0;0;0;0;0;0;1773;0;0;13;0;50;0;
485;1043928;591155200;12054528;584200192;0;0;0;0;0;0;0;0;0;0;0;1664;0;0;13;0;50;0;
486;1123277;591155200;12054528;584200192;0;0;0;0;0;0;0;0;0;0;0;1663;0;0;13;0;50;0;
487;926628;591155200;12054528;584200192;0;0;0;0;0;0;0;0;0;0;0;1513;0;0;13;0;50;0;
488;989496;591155200;12054528;584200192;0;0;0;0;0;0;0;0;0;0;0;1523;0;0;13;0;50;0;
489;833333;591155200;12054528;584200192;0;0;0;0;0;0;0;0;0;0;0;1363;0;0;13;0;50;0;
490;1074234;591155200;12054528;584200192;0;0;0;0;0;0;0;0;0;0;0;1413;0;0;13;0;50;0;
491;937779;591155200;12054528;584200192;0;0;0;0;0;0;0;0;0;0;0;1312;0;0;13;0;50;0;
492;1059507;591155200;12054528;584200192;0;0;0;0;0;0;0;0;0;0;0;1543;0;0;13;0;50;0;
493;1070127;591155200;12054528;584200192;0;0;0;0;0;0;0;0;0;0;0;1703;0;0;13;0;50;0;
494;3220329;595402752;12054528;584200192;0;0;0;0;0;0;0;0;0;0;0;2294;0;0;14;0;50;0;
495;2136547;595480576;11948032;584093696;0;0;0;0;0;0;0;0;0;0;0;1693;0;0;14;0;50;0;
496;1320627;595480576;11948032;584093696;0;0;0;0;0;0;0;0;0;0;0;1733;0;0;14;0;50;0;
497;1083191;595480576;11948032;584093696;0;0;0;0;0;0;0;0;0;0;0;1773;0;0;14;0;50;0;
498;1039399;595480576;11948032;584093696;0;0;0;0;0;0;0;0;0;0;0;1733;0;0;14;0;50;0;
499;1121834;595480576;11948032;584093696;0;0;0;0;0;0;0;0;0;0;0;1834;0;0;14;0;50;0;
500;1145238;595480576;11948032;584093696;0;0;0;0;0;0;0;0;0;0;0;1833;0;0;14;0;50;0;
501;1113849;595480576;11948032;584093696;0;0;0;0;0;0;0;0;0;0;0;1803;0;0;14;0;50;0;
502;1055459;595480576;11948032;584093696;0;0;0;0;0;0;0;0;0;0;0;1593;0;0;14;0;50;0;
503;1152471;595480576;11948032;584093696;0;0;0;0;0;0;0;0;0;0;0;1663;0;0;14;0;50;0;
504;1046543;595480576;11948032;584093696;0;0;0;0;0;0;0;0;0;0;0;1733;0;0;14;0;50;0;
505;1309406;595480576;11948032;584093696;0;0;0;0;0;0;0;0;0;0;0;1883;0;0;14;0;50;0;
506;4031240;599527424;11948032;584093696;0;0;0;0;0;0;0;0;0;0;0;2264;0;0;15;0;50;0;
507;1689408;603721728;11948032;600870912;0;0;0;0;0;0;0;0;0;0;0;1683;0;0;15;0;50;0;
508;1308965;603721728;11948032;600870912;0;0;0;0;0;0;0;0;0;0;0;1593;0;0;15;0;50;0;
509;1159344;603721728;11948032;600870912;0;0;0;0;0;0;0;0;0;0;0;1823;0;0;15;0;50;0;
510;1107827;603721728;11948032;600870912;0;0;0;0;0;0;0;0;0;0;0;1824;0;0;15;0;50;0;
511;1147783;603721728;11948032;600870912;0;0;0;0;0;0;0;0;0;0;0;1854;0;0;15;0;50;0;
512;2056557;603721728;11948032;600870912;0;0;0;0;0;0;0;0;0;0;0;1403;0;0;15;0;50;0;
513;1467763;603721728;11948032;600870912;0;0;0;0;0;0;0;0;0;0;0;1563;0;0;15;0;50;0;
514;1585644;603721728;11948032;600870912;0;0;0;0;0;0;0;0;0;0;0;1343;0;0;15;0;50;0;
515;5149747;607965184;11948032;600870912;0;0;0;0;0;0;0;0;0;0;0;2645;0;0;16;0;50;0;
516;1560416;607965184;11948032;600870912;0;0;0;0;0;0;0;0;0;0;0;1373;0;0;16;0;50;0;
517;1480367;607965184;11948032;600870912;0;0;0;0;0;0;0;0;0;0;0;1933;0;0;16;0;50;0;
518;1437286;607965184;11948032;600870912;0;0;0;0;0;0;0;0;0;0;0;1703;0;0;16;0;50;0;
519;1170635;607965184;11948032;600870912;0;0;0;0;0;0;0;0;0;0;0;1332;0;0;16;0;50;0;
520;2457189;607965184;11948032;600870912;0;0;0;0;0;0;0;0;0;0;0;1553;0;0;16;0;50;0;
521;1588609;607965184;11948032;600870912;0;0;0;0;0;0;0;0;0;0;0;1794;0;0;16;0;50;0;
522;963257;607965184;11948032;600870912;0;0;0;0;0;0;0;0;0;0;0;1703;0;0;16;0;50;0;
523;1756464;607965184;11948032;600870912;0;0;0;0;0;0;0;0;0;0;0;1683;0;0;16;0;50;0;
524;1262578;608223232;11948032;600870912;0;0;0;0;0;0;0;0;0;0;0;1693;0;0;16;0;50;0;
525;1033569;608223232;11948032;600870912;0;0;0;0;0;0;0;0;0;0;0;1623;0;0;16;0;50;0;
526;1037927;608223232;11948032;600870912;0;0;0;0;0;0;0;0;0;0;0;1643;0;0;16;0;50;0;
527;962816;608223232;11948032;600870912;0;0;0;0;0;0;0;0;0;0;0;1894;0;0;16;0;50;0;
528;982372;608223232;11948032;600870912;0;0;0;0;0;0;0;0;0;0;0;1793;0;0;16;0;50;0;
529;1195361;608223232;11948032;600870912;0;0;0;0;0;0;0;0;0;0;0;1983;0;0;16;0;50;0;
530;1378144;608223232;11948032;600870912;0;0;0;0;0;0;0;0;0;0;0;1643;0;0;16;0;50;0;
531;1363227;608223232;11948032;600870912;0;0;0;0;0;0;0;0;0;0;0;1703;0;0;16;0;50;0;
532;1079113;608223232;11948032;600870912;0;0;0;0;0;0;0;0;0;0;0;1683;0;0;16;0;50;0;
533;1595623;608493568;11948032;600870912;0;0;0;0;0;0;0;0;0;0;0;1894;0;0;16;0;50;0;
534;2001965;608415744;11767808;600690688;0;0;0;0;0;0;0;0;0;0;0;1633;0;0;16;0;50;0;
535;2032852;608415744;11767808;600690688;0;0;0;0;0;0;0;0;0;0;0;1714;0;0;16;0;50;0;
536;2796063;614707200;11767808;617467904;0;0;0;0;0;0;0;0;0;0;0;2625;0;0;17;0;50;0;
537;1202706;614707200;11767808;617467904;0;0;0;0;0;0;0;0;0;0;0;1523;0;0;17;0;50;0;
538;1164764;614707200;11767808;617467904;0;0;0;0;0;0;0;0;0;0;0;1563;0;0;17;0;50;0;
539;1590213;614707200;11767808;617467904;0;0;0;0;0;0;0;0;0;0;0;1573;0;0;17;0;50;0;
540;1192687;614707200;11767808;617467904;0;0;0;0;0;0;0;0;0;0;0;1743;0;0;17;0;50;0;
541;1639936;614707200;11767808;617467904;0;0;0;0;0;0;0;0;0;0;0;1633;0;0;17;0;50;0;
542;2261521;614707200;11767808;617467904;0;0;0;0;0;0;0;0;0;0;0;1653;0;0;17;0;50;0;
543;1484735;614707200;11767808;617467904;0;0;0;0;0;0;0;0;0;0;0;1372;0;0;17;0;50;0;
544;1645416;614707200;11767808;617467904;0;0;0;0;0;0;0;0;0;0;0;1603;0;0;17;0;50;0;
545;1674731;614707200;11767808;617467904;0;0;0;0;0;0;0;0;0;0;0;1653;0;0;17;0;50;0;
546;1555818;614707200;11767808;617467904;0;0;0;0;0;0;0;0;0;0;0;1653;0;0;17;0;50;0;
547;1278317;614707200;11767808;617467904;0;0;0;0;0;0;0;0;0;0;0;1593;0;0;17;0;50;0;
548;1129959;614707200;11767808;617467904;0;0;0;0;0;0;0;0;0;0;0;1583;0;0;17;0;50;0;
549;978385;614707200;11767808;617467904;0;0;0;0;0;0;0;0;0;0;0;1573;0;0;17;0;50;0;
550;980539;614948864;11767808;617467904;0;0;0;0;0;0;0;0;0;0;0;1664;0;0;17;0;50;0;
551;912632;614948864;11767808;617467904;0;0;0;0;0;0;0;0;0;0;0;1563;0;0;17;0;50;0;
552;1653200;614948864;11767808;617467904;0;0;0;0;0;0;0;0;0;0;0;1703;0;0;17;0;50;0;
553;1215970;614948864;11767808;617467904;0;0;0;0;0;0;0;0;0;0;0;1684;0;0;17;0;50;0;
554;1092279;614948864;11767808;617467904;0;0;0;0;0;0;0;0;0;0;0;1352;0;0;17;0;50;0;
555;1062954;614948864;11767808;617467904;0;0;0;0;0;0;0;0;0;0;0;1493;0;0;17;0;50;0;
556;1155157;614948864;11767808;617467904;0;0;0;0;0;0;0;0;0;0;0;1483;0;0;17;0;50;0;
557;820408;614948864;11767808;617467904;0;0;0;0;0;0;0;0;0;0;0;1503;0;0;17;0;50;0;
558;823635;614948864;11767808;617467904;0;0;0;0;0;0;0;0;0;0;0;1322;0;0;17;0;50;0;
559;2739087;619196416;11767808;617467904;0;0;0;0;0;0;0;0;0;0;0;4008;0;0;18;0;50;0;
560;876834;619196416;11767808;617467904;0;0;0;0;0;0;0;0;0;0;0;1513;0;0;18;0;50;0;
561;1030342;619196416;11767808;617467904;0;0;0;0;0;0;0;0;0;0;0;1303;0;0;18;0;50;0;
562;1363998;619196416;11767808;617467904;0;0;0;0;0;0;0;0;0;0;0;1674;0;0;18;0;50;0;
563;1740905;619196416;11767808;617467904;0;0;0;0;0;0;0;0;0;0;0;1754;0;0;18;0;50;0;
564;1320326;619196416;11767808;617467904;0;0;0;0;0;0;0;0;0;0;0;1523;0;0;18;0;50;0;
565;1377784;619196416;11767808;617467904;0;0;0;0;0;0;0;0;0;0;0;1733;0;0;18;0;50;0;
566;1239084;619196416;11767808;617467904;0;0;0;0;0;0;0;0;0;0;0;1423;0;0;18;0;50;0;
567;1106626;619196416;11767808;617467904;0;0;0;0;0;0;0;0;0;0;0;1603;0;0;18;0;50;0;
568;1065809;619196416;11767808;617467904;0;0;0;0;0;0;0;0;0;0;0;1483;0;0;18;0;50;0;
569;1064236;619196416;11767808;617467904;0;0;0;0;0;0;0;0;0;0;0;1423;0;0;18;0;50;0;
570;4440567;619466752;11767808;617467904;0;0;0;0;0;0;0;0;0;0;0;1473;0;0;18;0;50;0;
571;5521705;623697920;11710464;617410560;0;0;0;0;0;0;0;0;0;0;0;3226;0;0;19;0;50;0;
572;1047906;623697920;11710464;617410560;0;0;0;0;0;0;0;0;0;0;0;1182;0;0;19;0;50;0;
573;1286523;623697920;11710464;617410560;0;0;0;0;0;0;0;0;0;0;0;1352;0;0;19;0;50;0;
574;1049608;623697920;11710464;617410560;0;0;0;0;0;0;0;0;0;0;0;1704;0;0;19;0;50;0;
575;1382673;623697920;11710464;617410560;0;0;0;0;0;0;0;0;0;0;0;1593;0;0;19;0;50;0;
576;1130841;623697920;11710464;617410560;0;0;0;0;0;0;0;0;0;0;0;1633;0;0;19;0;50;0;
577;1362155;623697920;11710464;617410560;0;0;0;0;0;0;0;0;0;0;0;1443;0;0;19;0;50;0;
578;2579728;629989376;11710464;634187776;0;0;0;0;0;0;0;0;0;0;0;2464;0;0;20;0;50;0;
579;1500665;629989376;11710464;634187776;0;0;0;0;0;0;0;0;0;0;0;1512;0;0;20;0;50;0;
580;989866;629989376;11710464;634187776;0;0;0;0;0;0;0;0;0;0;0;1563;0;0;20;0;50;0;
581;2293792;629989376;11710464;634187776;0;0;0;0;0;0;0;0;0;0;0;5621;0;0;20;0;50;0;
582;1523447;629989376;11710464;634187776;0;0;0;0;0;0;0;0;0;0;0;1322;0;0;20;0;50;0;
583;910418;629989376;11710464;634187776;0;0;0;0;0;0;0;0;0;0;0;1352;0;0;20;0;50;0;
584;1162741;629989376;11710464;634187776;0;0;0;0;0;0;0;0;0;0;0;1352;0;0;20;0;50;0;
585;1734553;629989376;11710464;634187776;0;0;0;0;0;0;0;0;0;0;0;1603;0;0;20;0;50;0;
586;1100665;629989376;11710464;634187776;0;0;0;0;0;0;0;0;0;0;0;1393;0;0;20;0;50;0;
587;1086928;629989376;11710464;634187776;0;0;0;0;0;0;0;0;0;0;0;1684;0;0;20;0;50;0;
588;2885030;629989376;11710464;634187776;0;0;0;0;0;0;0;0;0;0;0;1402;0;0;20;0;50;0;
589;1651979;629989376;11710464;634187776;0;0;0;0;0;0;0;0;0;0;0;1423;0;0;20;0;50;0;
590;1192927;629989376;11710464;634187776;0;0;0;0;0;0;0;0;0;0;0;1673;0;0;20;0;50;0;
591;960872;629989376;11710464;634187776;0;0;0;0;0;0;0;0;0;0;0;1774;0;0;20;0;50;0;
592;1085485;629989376;11710464;634187776;0;0;0;0;0;0;0;0;0;0;0;1333;0;0;20;0;50;0;
593;1014172;629989376;11710464;634187776;0;0;0;0;0;0;0;0;0;0;0;1402;0;0;20;0;50;0;
594;926668;630231040;11710464;634187776;0;0;0;0;0;0;0;0;0;0;0;1402;0;0;20;0;50;0;
595;1378515;630231040;11710464;634187776;0;0;0;0;0;0;0;0;0;0;0;1363;0;0;20;0;50;0;
596;1305348;630231040;11710464;634187776;0;0;0;0;0;0;0;0;0;0;0;1403;0;0;20;0;50;0;
597;892163;630501376;11710464;634187776;0;0;0;0;0;0;0;0;0;0;0;1513;0;0;20;0;50;0;
598;921367;630501376;11710464;634187776;0;0;0;0;0;0;0;0;0;0;0;1343;0;0;20;0;50;0;
599;2094799;630501376;11710464;634187776;0;0;0;0;0;0;0;0;0;0;0;1383;0;0;20;0;50;0;
600;1410405;630771712;11710464;634187776;0;0;0;0;0;0;0;0;0;0;0;1413;0;0;20;0;50;0;
601;2961975;635023360;11710464;634187776;0;0;0;0;0;0;0;0;0;0;0;2124;0;0;21;0;50;0;
602;1807440;635023360;11710464;634187776;0;0;0;0;0;0;0;0;0;0;0;1482;0;0;21;0;50;0;
603;1859057;635293696;11710464;634187776;0;0;0;0;0;0;0;0;0;0;0;1423;0;0;21;0;50;0;
604;1692484;635293696;11710464;634187776;0;0;0;0;0;0;0;0;0;0;0;1352;0;0;21;0;50;0;
605;1023800;635293696;11710464;634187776;0;0;0;0;0;0;0;0;0;0;0;1853;0;0;21;0;50;0;
606;1124429;635293696;11710464;634187776;0;0;0;0;0;0;0;0;0;0;0;1903;0;0;21;0;50;0;
607;1443758;635293696;11710464;634187776;0;0;0;0;0;0;0;0;0;0;0;1703;0;0;21;0;50;0;
608;868068;635293696;11710464;634187776;0;0;0;0;0;0;0;0;0;0;0;1683;0;0;21;0;50;0;
609;1366954;635293696;11710464;634187776;0;0;0;0;0;0;0;0;0;0;0;1673;0;0;21;0;50;0;
610;924283;635293696;11710464;634187776;0;0;0;0;0;0;0;0;0;0;0;1683;0;0;21;0;50;0;
611;832030;635293696;11710464;634187776;0;0;0;0;0;0;0;0;0;0;0;1573;0;0;21;0;50;0;
612;2122440;641585152;11710464;650964992;0;0;0;0;0;0;0;0;0;0;0;1293;0;0;22;0;50;0;
613;1067421;641585152;11710464;650964992;0;0;0;0;0;0;0;0;0;0;0;1633;0;0;22;0;50;0;
614;917992;641585152;11710464;650964992;0;0;0;0;0;0;0;0;0;0;0;1593;0;0;22;0;50;0;
615;890731;641585152;11710464;650964992;0;0;0;0;0;0;0;0;0;0;0;1483;0;0;22;0;50;0;
616;2359365;641585152;11710464;650964992;0;0;0;0;0;0;0;0;0;0;0;1373;0;0;22;0;50;0;
617;1323512;641585152;11710464;650964992;0;0;0;0;0;0;0;0;0;0;0;1543;0;0;22;0;50;0;
618;922690;641585152;11710464;650964992;0;0;0;0;0;0;0;0;0;0;0;1343;0;0;22;0;50;0;
619;931016;641585152;11710464;650964992;0;0;0;0;0;0;0;0;0;0;0;1393;0;0;22;0;50;0;
620;2608552;641671168;11632640;650887168;0;0;0;0;0;0;0;0;0;0;0;1532;0;0;22;0;50;0;
621;1662217;641671168;11632640;650887168;0;0;0;0;0;0;0;0;0;0;0;1563;0;0;22;0;50;0;
622;1262447;641671168;11632640;650887168;0;0;0;0;0;0;0;0;0;0;0;1583;0;0;22;0;50;0;
623;928531;641671168;11632640;650887168;0;0;0;0;0;0;0;0;0;0;0;1693;0;0;22;0;50;0;
624;1201734;641671168;11632640;650887168;0;0;0;0;0;0;0;0;0;0;0;1543;0;0;22;0;50;0;
625;950983;641671168;11632640;650887168;0;0;0;0;0;0;0;0;0;0;0;1583;0;0;22;0;50;0;
626;1746265;641671168;11632640;650887168;0;0;0;0;0;0;0;0;0;0;0;1733;0;0;22;0;50;0;
627;1314465;641671168;11632640;650887168;0;0;0;0;0;0;0;0;0;0;0;1493;0;0;22;0;50;0;
628;1201413;641671168;11632640;650887168;0;0;0;0;0;0;0;0;0;0;0;1663;0;0;22;0;50;0;
629;1473073;641671168;11632640;650887168;0;0;0;0;0;0;0;0;0;0;0;2154;0;0;22;0;50;0;
630;1046383;641671168;11632640;650887168;0;0;0;0;0;0;0;0;0;0;0;1573;0;0;22;0;50;0;
631;1276284;641671168;11632640;650887168;0;0;0;0;0;0;0;0;0;0;0;2044;0;0;22;0;50;0;
632;1228945;641671168;11632640;650887168;0;0;0;0;0;0;0;0;0;0;0;1644;0;0;22;0;50;0;
633;949311;641671168;11632640;650887168;0;0;0;0;0;0;0;0;0;0;0;1533;0;0;22;0;50;0;
634;1102968;641671168;11632640;650887168;0;0;0;0;0;0;0;0;0;0;0;1453;0;0;22;0;50;0;
635;868269;641671168;11632640;650887168;0;0;0;0;0;0;0;0;0;0;0;2004;0;0;22;0;50;0;
636;1880506;641671168;11632640;650887168;0;0;0;0;0;0;0;0;0;0;0;1563;0;0;22;0;50;0;
637;3307523;647962624;11632640;667664384;0;0;0;0;0;0;0;0;0;0;0;10500;0;0;23;0;50;0;
638;1738660;647962624;11632640;667664384;0;0;0;0;0;0;0;0;0;0;0;1603;0;0;23;0;50;0;
639;973055;647962624;11632640;667664384;0;0;0;0;0;0;0;0;0;0;0;1693;0;0;23;0;50;0;
640;898024;647962624;11632640;667664384;0;0;0;0;0;0;0;0;0;0;0;1723;0;0;23;0;50;0;
641;1211733;647962624;11632640;667664384;0;0;0;0;0;0;0;0;0;0;0;1733;0;0;23;0;50;0;
642;1194299;647962624;11632640;667664384;0;0;0;0;0;0;0;0;0;0;0;1553;0;0;23;0;50;0;
643;1060388;647962624;11632640;667664384;0;0;0;0;0;0;0;0;0;0;0;1493;0;0;23;0;50;0;
644;1053747;647962624;11632640;667664384;0;0;0;0;0;0;0;0;0;0;0;1723;0;0;23;0;50;0;
645;1091346;647962624;11632640;667664384;0;0;0;0;0;0;0;0;0;0;0;1903;0;0;23;0;50;0;
646;1272686;647962624;11632640;667664384;0;0;0;0;0;0;0;0;0;0;0;1503;0;0;23;0;50;0;
647;1021847;647962624;11632640;667664384;0;0;0;0;0;0;0;0;0;0;0;1993;0;0;23;0;50;0;
648;1092048;647962624;11632640;667664384;0;0;0;0;0;0;0;0;0;0;0;1703;0;0;23;0;50;0;
649;2507273;652185600;11632640;667664384;0;0;0;0;0;0;0;0;0;0;0;1693;0;0;24;0;50;0;
650;1406418;652185600;11632640;667664384;0;0;0;0;0;0;0;0;0;0;0;1694;0;0;24;0;50;0;
651;1766122;652185600;11632640;667664384;0;0;0;0;0;0;0;0;0;0;0;1593;0;0;24;0;50;0;
652;2215836;652185600;11632640;667664384;0;0;0;0;0;0;0;0;0;0;0;5180;0;0;24;0;50;0;
653;1544967;652185600;11632640;667664384;0;0;0;0;0;0;0;0;0;0;0;1654;0;0;24;0;50;0;
654;1332309;652185600;11632640;667664384;0;0;0;0;0;0;0;0;0;0;0;1523;0;0;24;0;50;0;
655;1452705;652185600;11632640;667664384;0;0;0;0;0;0;0;0;0;0;0;1463;0;0;24;0;50;0;
656;1917887;652185600;11632640;667664384;0;0;0;0;0;0;0;0;0;0;0;1482;0;0;24;0;50;0;
657;920236;652185600;11632640;667664384;0;0;0;0;0;0;0;0;0;0;0;1532;0;0;24;0;50;0;
658;1627342;652185600;11632640;667664384;0;0;0;0;0;0;0;0;0;0;0;1472;0;0;24;0;50;0;
659;2860394;656433152;11632640;667664384;0;0;0;0;0;0;0;0;0;0;0;2594;0;0;25;0;50;0;
660;1627332;656433152;11632640;667664384;0;0;0;0;0;0;0;0;0;0;0;1453;0;0;25;0;50;0;
661;1390358;656433152;11632640;667664384;0;0;0;0;0;0;0;0;0;0;0;1322;0;0;25;0;50;0;
662;1583089;656433152;11632640;667664384;0;0;0;0;0;0;0;0;0;0;0;1423;0;0;25;0;50;0;
663;1696903;656433152;11632640;667664384;0;0;0;0;0;0;0;0;0;0;0;1513;0;0;25;0;50;0;
664;1465498;656433152;11632640;667664384;0;0;0;0;0;0;0;0;0;0;0;1322;0;0;25;0;50;0;
665;1953473;656433152;11632640;667664384;0;0;0;0;0;0;0;0;0;0;0;1563;0;0;25;0;50;0;
666;3374779;656433152;11632640;667664384;0;0;0;0;0;0;0;0;0;0;0;6172;0;0;25;0;50;0;
667;3984071;660488192;11632640;667664384;0;0;0;0;0;0;0;0;0;0;0;4549;0;0;26;0;50;0;
668;2242846;660488192;11632640;667664384;0;0;0;0;0;0;0;0;0;0;0;2004;0;0;26;0;50;0;
669;1360061;660488192;11632640;667664384;0;0;0;0;0;0;0;0;0;0;0;1874;0;0;26;0;50;0;
670;1476188;660488192;11632640;667664384;0;0;0;0;0;0;0;0;0;0;0;1944;0;0;26;0;50;0;
671;1644184;660488192;11632640;667664384;0;0;0;0;0;0;0;0;0;0;0;2354;0;0;26;0;50;0;
672;1767745;660488192;11632640;667664384;0;0;0;0;0;0;0;0;0;0;0;1653;0;0;26;0;50;0;
673;1253531;660488192;11632640;667664384;0;0;0;0;0;0;0;0;0;0;0;1753;0;0;26;0;50;0;
674;1912747;660488192;11632640;667664384;0;0;0;0;0;0;0;0;0;0;0;1633;0;0;26;0;50;0;
675;1572099;660488192;11632640;667664384;0;0;0;0;0;0;0;0;0;0;0;1844;0;0;26;0;50;0;
676;1353578;660488192;11632640;667664384;0;0;0;0;0;0;0;0;0;0;0;1693;0;0;26;0;50;0;
677;1174422;660488192;11632640;667664384;0;0;0;0;0;0;0;0;0;0;0;1803;0;0;26;0;50;0;
678;2214453;660488192;11632640;667664384;0;0;0;0;0;0;0;0;0;0;0;1743;0;0;26;0;50;0;
679;1467031;660488192;11632640;667664384;0;0;0;0;0;0;0;0;0;0;0;2063;0;0;26;0;50;0;
680;1405726;660488192;11632640;667664384;0;0;0;0;0;0;0;0;0;0;0;2134;0;0;26;0;50;0;
681;2482786;658628608;9654272;665686016;0;0;0;0;0;0;0;0;0;0;0;1683;0;0;26;0;50;0;
682;1630889;658628608;9654272;665686016;0;0;0;0;0;0;0;0;0;0;0;1673;0;0;26;0;50;0;
683;1548655;658628608;9654272;665686016;0;0;0;0;0;0;0;0;0;0;0;1573;0;0;26;0;50;0;
684;1504362;658628608;9654272;665686016;0;0;0;0;0;0;0;0;0;0;0;1783;0;0;26;0;50;0;
685;1224506;658628608;9654272;665686016;0;0;0;0;0;0;0;0;0;0;0;1643;0;0;26;0;50;0;
686;1638543;658628608;9654272;665686016;0;0;0;0;0;0;0;0;0;0;0;1733;0;0;26;0;50;0;
687;1415865;658628608;9654272;665686016;0;0;0;0;0;0;0;0;0;0;0;1593;0;0;26;0;50;0;
688;1307011;658628608;9654272;665686016;0;0;0;0;0;0;0;0;0;0;0;1593;0;0;26;0;50;0;
689;1112756;658628608;9654272;665686016;0;0;0;0;0;0;0;0;0;0;0;1774;0;0;26;0;50;0;
690;1239234;658628608;9654272;665686016;0;0;0;0;0;0;0;0;0;0;0;1663;0;0;26;0;50;0;
691;1171277;658628608;9654272;665686016;0;0;0;0;0;0;0;0;0;0;0;1573;0;0;26;0;50;0;
692;933851;658628608;9654272;665686016;0;0;0;0;0;0;0;0;0;0;0;1613;0;0;26;0;50;0;
693;1269210;658628608;9654272;665686016;0;0;0;0;0;0;0;0;0;0;0;1603;0;0;26;0;50;0;
694;1683287;658628608;9654272;665686016;0;0;0;0;0;0;0;0;0;0;0;2044;0;0;26;0;50;0;
695;1058645;658628608;9654272;665686016;0;0;0;0;0;0;0;0;0;0;0;2195;0;0;26;0;50;0;
696;1618135;658628608;9654272;665686016;0;0;0;0;0;0;0;0;0;0;0;1774;0;0;26;0;50;0;
697;1332829;658628608;9654272;665686016;0;0;0;0;0;0;0;0;0;0;0;1724;0;0;26;0;50;0;
698;1178540;658628608;9654272;665686016;0;0;0;0;0;0;0;0;0;0;0;1873;0;0;26;0;50;0;
699;1755733;658628608;9654272;665686016;0;0;0;0;0;0;0;0;0;0;0;1593;0;0;26;0;50;0;
700;1274571;658628608;9654272;665686016;0;0;0;0;0;0;0;0;0;0;0;1753;0;0;26;0;50;0;
701;883967;658628608;9654272;665686016;0;0;0;0;0;0;0;0;0;0;0;1373;0;0;26;0;50;0;
702;1062643;658628608;9654272;665686016;0;0;0;0;0;0;0;0;0;0;0;1573;0;0;26;0;50;0;
703;1273328;658628608;9654272;665686016;0;0;0;0;0;0;0;0;0;0;0;1874;0;0;26;0;50;0;
704;1248632;658628608;9654272;665686016;0;0;0;0;0;0;0;0;0;0;0;1613;0;0;26;0;50;0;
705;1124439;658628608;9654272;665686016;0;0;0;0;0;0;0;0;0;0;0;1623;0;0;26;0;50;0;
706;1104151;658628608;9654272;665686016;0;0;0;0;0;0;0;0;0;0;0;1593;0;0;26;0;50;0;
707;1413681;658628608;9654272;665686016;0;0;0;0;0;0;0;0;0;0;0;1673;0;0;26;0;50;0;
708;1084544;658628608;11538432;667570176;0;0;0;0;0;0;0;0;0;0;0;1583;0;0;26;0;50;0;
709;1879685;658628608;11538432;667570176;0;0;0;0;0;0;0;0;0;0;0;1713;0;0;26;0;50;0;
710;994796;658628608;11538432;667570176;0;0;0;0;0;0;0;0;0;0;0;1783;0;0;26;0;50;0;
711;2943009;664920064;11538432;684347392;0;0;0;0;0;0;0;0;0;0;0;3226;0;0;27;0;50;0;
712;1817368;667017216;11538432;686444544;0;0;0;0;0;0;0;0;0;0;0;1804;0;0;27;0;50;0;
713;1420764;667017216;11538432;686444544;0;0;0;0;0;0;0;0;0;0;0;1914;0;0;27;0;50;0;
714;1107828;667017216;11538432;686444544;0;0;0;0;0;0;0;0;0;0;0;1643;0;0;27;0;50;0;
715;1507618;667017216;11538432;686444544;0;0;0;0;0;0;0;0;0;0;0;1573;0;0;27;0;50;0;
716;1264642;667017216;11538432;686444544;0;0;0;0;0;0;0;0;0;0;0;1954;0;0;27;0;50;0;
717;1360913;667017216;11538432;686444544;0;0;0;0;0;0;0;0;0;0;0;1644;0;0;27;0;50;0;
718;1299087;667017216;11538432;686444544;0;0;0;0;0;0;0;0;0;0;0;1974;0;0;27;0;50;0;
719;1523948;667017216;11538432;686444544;0;0;0;0;0;0;0;0;0;0;0;1984;0;0;27;0;50;0;
720;1293075;667017216;11538432;686444544;0;0;0;0;0;0;0;0;0;0;0;1964;0;0;27;0;50;0;
721;1344302;667017216;11538432;686444544;0;0;0;0;0;0;0;0;0;0;0;2775;0;0;27;0;50;0;
722;1452224;667262976;11538432;686444544;0;0;0;0;0;0;0;0;0;0;0;1983;0;0;27;0;50;0;
723;2342152;667262976;11538432;686444544;0;0;0;0;0;0;0;0;0;0;0;2185;0;0;27;0;50;0;
724;1481599;667262976;11538432;686444544;0;0;0;0;0;0;0;0;0;0;0;2054;0;0;27;0;50;0;
725;1310217;667262976;11538432;686444544;0;0;0;0;0;0;0;0;0;0;0;1934;0;0;27;0;50;0;
726;1921754;667262976;11538432;686444544;0;0;0;0;0;0;0;0;0;0;0;2174;0;0;27;0;50;0;
727;1557491;667262976;11538432;686444544;0;0;0;0;0;0;0;0;0;0;0;2244;0;0;27;0;50;0;
728;1436784;667262976;11538432;686444544;0;0;0;0;0;0;0;0;0;0;0;2284;0;0;27;0;50;0;
729;1653361;667262976;11538432;686444544;0;0;0;0;0;0;0;0;0;0;0;1934;0;0;27;0;50;0;
730;1320447;667262976;11538432;686444544;0;0;0;0;0;0;0;0;0;0;0;1954;0;0;27;0;50;0;
731;1552862;667262976;11538432;686444544;0;0;0;0;0;0;0;0;0;0;0;2054;0;0;27;0;50;0;
732;3734383;671518720;11538432;686444544;0;0;0;0;0;0;0;0;0;0;0;2335;0;0;28;0;50;0;
733;2294473;671518720;11538432;686444544;0;0;0;0;0;0;0;0;0;0;0;1663;0;0;28;0;50;0;
734;1512126;671518720;11538432;686444544;0;0;0;0;0;0;0;0;0;0;0;1933;0;0;28;0;50;0;
735;1088712;671518720;11538432;686444544;0;0;0;0;0;0;0;0;0;0;0;1562;0;0;28;0;50;0;
736;1106556;671518720;11538432;686444544;0;0;0;0;0;0;0;0;0;0;0;1614;0;0;28;0;50;0;
737;2196248;671784960;11538432;686444544;0;0;0;0;0;0;0;0;0;0;0;1583;0;0;28;0;50;0;
738;1642140;671784960;11538432;686444544;0;0;0;0;0;0;0;0;0;0;0;2104;0;0;28;0;50;0;
739;1556038;671784960;11538432;686444544;0;0;0;0;0;0;0;0;0;0;0;1944;0;0;28;0;50;0;
740;1549356;671784960;11538432;686444544;0;0;0;0;0;0;0;0;0;0;0;2205;0;0;28;0;50;0;
741;1470999;671784960;11538432;686444544;0;0;0;0;0;0;0;0;0;0;0;1924;0;0;28;0;50;0;
742;1495024;671784960;11538432;686444544;0;0;0;0;0;0;0;0;0;0;0;2074;0;0;28;0;50;0;
743;1718022;671784960;11538432;686444544;0;0;0;0;0;0;0;0;0;0;0;2084;0;0;28;0;50;0;
744;2271961;671784960;11538432;686444544;0;0;0;0;0;0;0;0;0;0;0;2214;0;0;28;0;50;0;
745;2277772;671784960;11538432;686444544;0;0;0;0;0;0;0;0;0;0;0;1964;0;0;28;0;50;0;
746;1907337;671784960;11538432;686444544;0;0;0;0;0;0;0;0;0;0;0;1913;0;0;28;0;50;0;
747;1797501;671784960;11538432;686444544;0;0;0;0;0;0;0;0;0;0;0;1994;0;0;28;0;50;0;
748;1884645;671784960;11538432;686444544;0;0;0;0;0;0;0;0;0;0;0;2024;0;0;28;0;50;0;
749;1698816;671784960;11538432;686444544;0;0;0;0;0;0;0;0;0;0;0;1994;0;0;28;0;50;0;
750;4183947;674213888;11538432;686444544;0;0;0;0;0;0;0;0;0;0;0;3576;0;0;29;0;50;0;
751;3969164;674213888;11538432;686444544;0;0;0;0;0;0;0;0;0;0;0;2245;0;0;29;0;50;0;
752;2178145;674213888;11538432;686444544;0;0;0;0;0;0;0;0;0;0;0;1874;0;0;29;0;50;0;
753;2245010;674213888;11538432;686444544;0;0;0;0;0;0;0;0;0;0;0;2375;0;0;29;0;50;0;
754;1495294;674213888;11538432;686444544;0;0;0;0;0;0;0;0;0;0;0;1943;0;0;29;0;50;0;
755;1325876;674213888;11538432;686444544;0;0;0;0;0;0;0;0;0;0;0;1903;0;0;29;0;50;0;
756;1792021;674213888;11538432;686444544;0;0;0;0;0;0;0;0;0;0;0;2084;0;0;29;0;50;0;
757;2111209;674213888;11538432;686444544;0;0;0;0;0;0;0;0;0;0;0;2073;0;0;29;0;50;0;
758;2021751;674213888;11538432;686444544;0;0;0;0;0;0;0;0;0;0;0;1983;0;0;29;0;50;0;
759;2254649;674213888;11538432;686444544;0;0;0;0;0;0;0;0;0;0;0;1914;0;0;29;0;50;0;
760;2223961;678408192;11538432;703221760;0;0;0;0;0;0;0;0;0;0;0;2956;0;0;29;0;50;0;
761;2174989;678408192;11538432;703221760;0;0;0;0;0;0;0;0;0;0;0;2134;0;0;29;0;50;0;
762;1735185;678408192;11538432;703221760;0;0;0;0;0;0;0;0;0;0;0;1773;0;0;29;0;50;0;
763;1958463;678408192;11538432;703221760;0;0;0;0;0;0;0;0;0;0;0;1804;0;0;29;0;50;0;
764;5450141;682643456;11538432;703221760;0;0;0;0;0;0;0;0;0;0;0;2925;0;0;30;0;50;0;
765;2096141;682643456;11538432;703221760;0;0;0;0;0;0;0;0;0;0;0;2134;0;0;30;0;50;0;
766;1755713;682643456;11538432;703221760;0;0;0;0;0;0;0;0;0;0;0;1833;0;0;30;0;50;0;
767;2142759;682643456;11538432;703221760;0;0;0;0;0;0;0;0;0;0;0;2074;0;0;30;0;50;0;
768;1309947;682643456;11538432;703221760;0;0;0;0;0;0;0;0;0;0;0;2043;0;0;30;0;50;0;
769;2464602;682643456;11538432;703221760;0;0;0;0;0;0;0;0;0;0;0;2064;0;0;30;0;50;0;
770;2024496;682643456;11538432;703221760;0;0;0;0;0;0;0;0;0;0;0;2074;0;0;30;0;50;0;
771;5945610;686698496;11538432;703221760;0;0;0;0;0;0;0;0;0;0;0;4087;0;0;31;0;50;0;
772;1721438;686698496;11538432;703221760;0;0;0;0;0;0;0;0;0;0;0;2184;0;0;31;0;50;0;
773;1447464;686698496;11538432;703221760;0;0;0;0;0;0;0;0;0;0;0;2214;0;0;31;0;50;0;
774;1293906;686698496;11538432;703221760;0;0;0;0;0;0;0;0;0;0;0;2124;0;0;31;0;50;0;
775;1353197;686698496;11538432;703221760;0;0;0;0;0;0;0;0;0;0;0;2244;0;0;31;0;50;0;
776;1741546;686968832;11538432;703221760;0;0;0;0;0;0;0;0;0;0;0;1884;0;0;31;0;50;0;
777;2521508;687108096;11505664;703188992;0;0;0;0;0;0;0;0;0;0;0;2245;0;0;31;0;50;0;
778;4638178;691081216;11505664;703188992;0;0;0;0;0;0;0;0;0;0;0;4228;0;0;32;0;50;0;
779;2171783;691081216;11505664;703188992;0;0;0;0;0;0;0;0;0;0;0;2565;0;0;32;0;50;0;
780;2107312;691081216;11505664;703188992;0;0;0;0;0;0;0;0;0;0;0;1824;0;0;32;0;50;0;
781;1589641;691081216;11505664;703188992;0;0;0;0;0;0;0;0;0;0;0;1873;0;0;32;0;50;0;
782;1240887;691081216;11505664;703188992;0;0;0;0;0;0;0;0;0;0;0;1874;0;0;32;0;50;0;
783;1294948;691081216;11505664;703188992;0;0;0;0;0;0;0;0;0;0;0;1893;0;0;32;0;50;0;
784;1304025;691081216;11505664;703188992;0;0;0;0;0;0;0;0;0;0;0;8697;0;0;32;0;50;0;
785;1570315;691081216;11505664;703188992;0;0;0;0;0;0;0;0;0;0;0;2014;0;0;32;0;50;0;
786;1045160;691081216;11505664;703188992;0;0;0;0;0;0;0;0;0;0;0;2014;0;0;32;0;50;0;
787;1037175;691081216;11505664;703188992;0;0;0;0;0;0;0;0;0;0;0;2064;0;0;32;0;50;0;
788;1865960;691081216;11505664;703188992;0;0;0;0;0;0;0;0;0;0;0;1904;0;0;32;0;50;0;
789;2083708;691351552;11505664;703188992;0;0;0;0;0;0;0;0;0;0;0;2054;0;0;32;0;50;0;
790;3943606;691458048;11395072;703078400;0;0;0;0;0;0;0;0;0;0;0;6462;0;0;32;0;50;0;
791;2969128;695652352;11395072;719855616;0;0;0;0;0;0;0;0;0;0;0;3807;0;0;32;0;50;0;
792;1668549;695652352;11395072;719855616;0;0;0;0;0;0;0;0;0;0;0;2154;0;0;32;0;50;0;
793;1817469;695652352;11395072;719855616;0;0;0;0;0;0;0;0;0;0;0;2054;0;0;32;0;50;0;
794;3899062;699621376;11395072;719855616;0;0;0;0;0;0;0;0;0;0;0;2695;0;0;33;0;50;0;
795;1857303;699621376;11395072;719855616;0;0;0;0;0;0;0;0;0;0;0;1964;0;0;33;0;50;0;
796;1926873;699621376;11395072;719855616;0;0;0;0;0;0;0;0;0;0;0;2023;0;0;33;0;50;0;
797;1531392;699621376;11395072;719855616;0;0;0;0;0;0;0;0;0;0;0;2004;0;0;33;0;50;0;
798;1655966;699621376;11395072;719855616;0;0;0;0;0;0;0;0;0;0;0;2394;0;0;33;0;50;0;
799;1395086;699621376;11395072;719855616;0;0;0;0;0;0;0;0;0;0;0;2074;0;0;33;0;50;0;
800;2220464;699621376;11395072;719855616;0;0;0;0;0;0;0;0;0;0;0;2034;0;0;33;0;50;0;
801;1385699;699887616;11395072;719855616;0;0;0;0;0;0;0;0;0;0;0;2094;0;0;33;0;50;0;
802;1488351;699887616;11395072;719855616;0;0;0;0;0;0;0;0;0;0;0;2024;0;0;33;0;50;0;
803;4859914;700157952;11395072;719855616;0;0;0;0;0;0;0;0;0;0;0;2174;0;0;33;0;50;0;
804;3153985;700157952;15757312;724217856;0;0;0;0;0;0;0;0;0;0;0;2013;0;0;33;0;50;0;
805;2156905;700157952;15757312;724217856;0;0;0;0;0;0;0;0;0;0;0;1343;0;0;33;0;50;0;
806;1219557;700424192;15757312;724217856;0;0;0;0;0;0;0;0;0;0;0;1382;0;0;33;0;50;0;
807;1091267;700424192;15757312;724217856;0;0;0;0;0;0;0;0;0;0;0;1483;0;0;33;0;50;0;
808;1600732;700424192;15757312;724217856;0;0;0;0;0;0;0;0;0;0;0;1433;0;0;33;0;50;0;
809;823724;700424192;15757312;724217856;0;0;0;0;0;0;0;0;0;0;0;1423;0;0;33;0;50;0;
810;3019533;706715648;15757312;740995072;0;0;0;0;0;0;0;0;0;0;0;2545;0;0;34;0;50;0;
811;1569373;706715648;15757312;740995072;0;0;0;0;0;0;0;0;0;0;0;1563;0;0;34;0;50;0;
812;1341776;706715648;15757312;740995072;0;0;0;0;0;0;0;0;0;0;0;1613;0;0;34;0;50;0;
813;977774;706715648;15757312;740995072;0;0;0;0;0;0;0;0;0;0;0;1463;0;0;34;0;50;0;
814;1324724;706715648;15757312;740995072;0;0;0;0;0;0;0;0;0;0;0;1513;0;0;34;0;50;0;
815;1203057;706715648;15757312;740995072;0;0;0;0;0;0;0;0;0;0;0;1563;0;0;34;0;50;0;
816;2146154;706715648;15757312;740995072;0;0;0;0;0;0;0;0;0;0;0;1372;0;0;34;0;50;0;
817;1646638;706715648;15757312;740995072;0;0;0;0;0;0;0;0;0;0;0;1403;0;0;34;0;50;0;
818;1064757;706715648;15757312;740995072;0;0;0;0;0;0;0;0;0;0;0;1483;0;0;34;0;50;0;
819;959920;706715648;15757312;740995072;0;0;0;0;0;0;0;0;0;0;0;1453;0;0;34;0;50;0;
820;1688336;706715648;15757312;740995072;0;0;0;0;0;0;0;0;0;0;0;1393;0;0;34;0;50;0;
821;2952627;710946816;15757312;740995072;0;0;0;0;0;0;0;0;0;0;0;1463;0;0;35;0;50;0;
822;1278467;710946816;15757312;740995072;0;0;0;0;0;0;0;0;0;0;0;1523;0;0;35;0;50;0;
823;1421256;710946816;15757312;740995072;0;0;0;0;0;0;0;0;0;0;0;1543;0;0;35;0;50;0;
824;2459042;710946816;15757312;740995072;0;0;0;0;0;0;0;0;0;0;0;1272;0;0;35;0;50;0;
825;1578951;710946816;15757312;740995072;0;0;0;0;0;0;0;0;0;0;0;1493;0;0;35;0;50;0;
826;1575044;710946816;15757312;740995072;0;0;0;0;0;0;0;0;0;0;0;1503;0;0;35;0;50;0;
827;1215860;710946816;15757312;740995072;0;0;0;0;0;0;0;0;0;0;0;1303;0;0;35;0;50;0;
828;1565416;710946816;15757312;740995072;0;0;0;0;0;0;0;0;0;0;0;1513;0;0;35;0;50;0;
829;1067822;710946816;15757312;740995072;0;0;0;0;0;0;0;0;0;0;0;1383;0;0;35;0;50;0;
830;956404;710946816;15757312;740995072;0;0;0;0;0;0;0;0;0;0;0;1543;0;0;35;0;50;0;
831;2853511;714924032;15757312;740995072;0;0;0;0;0;0;0;0;0;0;0;2274;0;0;36;0;50;0;
832;1364810;714924032;15757312;740995072;0;0;0;0;0;0;0;0;0;0;0;1553;0;0;36;0;50;0;
833;1918779;715190272;15757312;740995072;0;0;0;0;0;0;0;0;0;0;0;1352;0;0;36;0;50;0;
834;1292083;715190272;15757312;740995072;0;0;0;0;0;0;0;0;0;0;0;1533;0;0;36;0;50;0;
835;1495695;715190272;15757312;740995072;0;0;0;0;0;0;0;0;0;0;0;1423;0;0;36;0;50;0;
836;1203807;715190272;15757312;740995072;0;0;0;0;0;0;0;0;0;0;0;1433;0;0;36;0;50;0;
837;1374678;715190272;15757312;740995072;0;0;0;0;0;0;0;0;0;0;0;1573;0;0;36;0;50;0;
838;1649032;715190272;15757312;740995072;0;0;0;0;0;0;0;0;0;0;0;1412;0;0;36;0;50;0;
839;1161087;715190272;15757312;740995072;0;0;0;0;0;0;0;0;0;0;0;1483;0;0;36;0;50;0;
840;2013045;715190272;15757312;740995072;0;0;0;0;0;0;0;0;0;0;0;1353;0;0;36;0;50;0;
841;1053406;715190272;15757312;740995072;0;0;0;0;0;0;0;0;0;0;0;1583;0;0;36;0;50;0;
842;2155502;715190272;15757312;740995072;0;0;0;0;0;0;0;0;0;0;0;2024;0;0;36;0;50;0;
843;1371312;715190272;15757312;740995072;0;0;0;0;0;0;0;0;0;0;0;1984;0;0;36;0;50;0;
844;1203617;715190272;15757312;740995072;0;0;0;0;0;0;0;0;0;0;0;2034;0;0;36;0;50;0;
845;1551159;715190272;15757312;740995072;0;0;0;0;0;0;0;0;0;0;0;2164;0;0;36;0;50;0;
846;1177368;715190272;15757312;740995072;0;0;0;0;0;0;0;0;0;0;0;2004;0;0;36;0;50;0;
847;1353368;715190272;15757312;740995072;0;0;0;0;0;0;0;0;0;0;0;1964;0;0;36;0;50;0;
848;1693105;715190272;15757312;740995072;0;0;0;0;0;0;0;0;0;0;0;1924;0;0;36;0;50;0;
849;1324814;715190272;15757312;740995072;0;0;0;0;0;0;0;0;0;0;0;2244;0;0;36;0;50;0;
850;1197145;715190272;15757312;740995072;0;0;0;0;0;0;0;0;0;0;0;1923;0;0;36;0;50;0;
851;1328992;715190272;15757312;740995072;0;0;0;0;0;0;0;0;0;0;0;1974;0;0;36;0;50;0;
852;1948865;715190272;15757312;740995072;0;0;0;0;0;0;0;0;0;0;0;2164;0;0;36;0;50;0;
853;3270333;721743872;15757312;757772288;0;0;0;0;0;0;0;0;0;0;0;3587;0;0;37;0;50;0;
854;1474125;721743872;15757312;757772288;0;0;0;0;0;0;0;0;0;0;0;1934;0;0;37;0;50;0;
855;1677226;721743872;15757312;757772288;0;0;0;0;0;0;0;0;0;0;0;2043;0;0;37;0;50;0;
856;1660083;721743872;15757312;757772288;0;0;0;0;0;0;0;0;0;0;0;1944;0;0;37;0;50;0;
857;1694547;721743872;15757312;757772288;0;0;0;0;0;0;0;0;0;0;0;2295;0;0;37;0;50;0;
858;1349541;721743872;15757312;757772288;0;0;0;0;0;0;0;0;0;0;0;1874;0;0;37;0;50;0;
859;1057954;721743872;15757312;757772288;0;0;0;0;0;0;0;0;0;0;0;1994;0;0;37;0;50;0;
860;1442865;721743872;15757312;757772288;0;0;0;0;0;0;0;0;0;0;0;1953;0;0;37;0;50;0;
861;1109010;721743872;15757312;757772288;0;0;0;0;0;0;0;0;0;0;0;1924;0;0;37;0;50;0;
862;1214257;721743872;15757312;757772288;0;0;0;0;0;0;0;0;0;0;0;2004;0;0;37;0;50;0;
863;1113258;721743872;15757312;757772288;0;0;0;0;0;0;0;0;0;0;0;1904;0;0;37;0;50;0;
864;2026470;721743872;15757312;757772288;0;0;0;0;0;0;0;0;0;0;0;2134;0;0;37;0;50;0;
865;1132424;721743872;15757312;757772288;0;0;0;0;0;0;0;0;0;0;0;2034;0;0;37;0;50;0;
866;2195567;721743872;15757312;757772288;0;0;0;0;0;0;0;0;0;0;0;2335;0;0;37;0;50;0;
867;1446974;721743872;15757312;757772288;0;0;0;0;0;0;0;0;0;0;0;1432;0;0;37;0;50;0;
868;1549816;721743872;15757312;757772288;0;0;0;0;0;0;0;0;0;0;0;1463;0;0;37;0;50;0;
869;1025904;721743872;15757312;757772288;0;0;0;0;0;0;0;0;0;0;0;1402;0;0;37;0;50;0;
870;1329243;721743872;15757312;757772288;0;0;0;0;0;0;0;0;0;0;0;1453;0;0;37;0;50;0;
871;1575925;721743872;15757312;757772288;0;0;0;0;0;0;0;0;0;0;0;1402;0;0;37;0;50;0;
872;2853672;721743872;15757312;757772288;0;0;0;0;0;0;0;0;0;0;0;1683;0;0;37;0;50;0;
873;3282726;725721088;15757312;757772288;0;0;0;0;0;0;0;0;0;0;0;3036;0;0;38;0;50;0;
874;1105183;725721088;15757312;757772288;0;0;0;0;0;0;0;0;0;0;0;1332;0;0;38;0;50;0;
875;2090741;725987328;15757312;757772288;0;0;0;0;0;0;0;0;0;0;0;1392;0;0;38;0;50;0;
876;2415320;725987328;15757312;757772288;0;0;0;0;0;0;0;0;0;0;0;1513;0;0;38;0;50;0;
877;1681544;725987328;15757312;757772288;0;0;0;0;0;0;0;0;0;0;0;1683;0;0;38;0;50;0;
878;1045330;725987328;15757312;757772288;0;0;0;0;0;0;0;0;0;0;0;1392;0;0;38;0;50;0;
879;1566778;725987328;15757312;757772288;0;0;0;0;0;0;0;0;0;0;0;1352;0;0;38;0;50;0;
880;964218;725987328;15757312;757772288;0;0;0;0;0;0;0;0;0;0;0;1553;0;0;38;0;50;0;
881;1309276;725987328;15757312;757772288;0;0;0;0;0;0;0;0;0;0;0;1333;0;0;38;0;50;0;
882;1004083;725987328;15757312;757772288;0;0;0;0;0;0;0;0;0;0;0;1402;0;0;38;0;50;0;
883;1157491;725987328;15757312;757772288;0;0;0;0;0;0;0;0;0;0;0;1393;0;0;38;0;50;0;
884;1717010;725987328;15757312;757772288;0;0;0;0;0;0;0;0;0;0;0;1383;0;0;38;0;50;0;
885;1025173;725987328;15757312;757772288;0;0;0;0;0;0;0;0;0;0;0;1292;0;0;38;0;50;0;
886;1282415;725987328;15757312;757772288;0;0;0;0;0;0;0;0;0;0;0;1563;0;0;38;0;50;0;
887;3060760;726228992;15749120;757764096;0;0;0;0;0;0;0;0;0;0;0;2454;0;0;38;0;50;0;
888;2314921;726228992;15749120;757764096;0;0;0;0;0;0;0;0;0;0;0;2043;0;0;38;0;50;0;
889;2309761;726228992;15749120;757764096;0;0;0;0;0;0;0;0;0;0;0;2204;0;0;38;0;50;0;
890;1737809;726228992;15749120;757764096;0;0;0;0;0;0;0;0;0;0;0;1934;0;0;38;0;50;0;
891;1840952;726228992;15749120;757764096;0;0;0;0;0;0;0;0;0;0;0;2164;0;0;38;0;50;0;
892;3858286;730206208;15749120;757764096;0;0;0;0;0;0;0;0;0;0;0;3937;0;0;39;0;50;0;
893;2495349;730935296;15749120;757764096;0;0;0;0;0;0;0;0;0;0;0;2375;0;0;39;0;50;0;
894;1507467;730935296;15749120;757764096;0;0;0;0;0;0;0;0;0;0;0;2334;0;0;39;0;50;0;
895;1689929;730935296;15749120;757764096;0;0;0;0;0;0;0;0;0;0;0;1964;0;0;39;0;50;0;
896;1524859;731205632;15749120;757764096;0;0;0;0;0;0;0;0;0;0;0;1923;0;0;39;0;50;0;
897;1353548;731205632;15749120;757764096;0;0;0;0;0;0;0;0;0;0;0;1984;0;0;39;0;50;0;
898;1810926;731475968;15749120;757764096;0;0;0;0;0;0;0;0;0;0;0;2074;0;0;39;0;50;0;
899;1295099;731475968;15749120;757764096;0;0;0;0;0;0;0;0;0;0;0;1623;0;0;39;0;50;0;
900;968045;731475968;15749120;757764096;0;0;0;0;0;0;0;0;0;0;0;1413;0;0;39;0;50;0;
901;983564;731475968;15749120;757764096;0;0;0;0;0;0;0;0;0;0;0;1563;0;0;39;0;50;0;
902;1048286;731475968;15749120;757764096;0;0;0;0;0;0;0;0;0;0;0;1453;0;0;39;0;50;0;
903;1101125;731475968;15749120;757764096;0;0;0;0;0;0;0;0;0;0;0;1323;0;0;39;0;50;0;
904;2353945;731475968;15749120;757764096;0;0;0;0;0;0;0;0;0;0;0;5961;0;0;39;0;50;0;
905;1841473;731475968;15749120;757764096;0;0;0;0;0;0;0;0;0;0;0;1823;0;0;39;0;50;0;
906;868609;731475968;15749120;757764096;0;0;0;0;0;0;0;0;0;0;0;1543;0;0;39;0;50;0;
907;1430623;731475968;15749120;757764096;0;0;0;0;0;0;0;0;0;0;0;1352;0;0;39;0;50;0;
908;884989;731475968;15749120;757764096;0;0;0;0;0;0;0;0;0;0;0;1353;0;0;39;0;50;0;
909;1858255;731746304;15749120;757764096;0;0;0;0;0;0;0;0;0;0;0;1633;0;0;39;0;50;0;
910;1176877;731746304;15749120;757764096;0;0;0;0;0;0;0;0;0;0;0;1312;0;0;39;0;50;0;
911;868669;731746304;15749120;757764096;0;0;0;0;0;0;0;0;0;0;0;1633;0;0;39;0;50;0;
912;1165105;731746304;15749120;757764096;0;0;0;0;0;0;0;0;0;0;0;1372;0;0;39;0;50;0;
913;880421;731746304;15749120;757764096;0;0;0;0;0;0;0;0;0;0;0;1332;0;0;39;0;50;0;
914;2485702;738037760;15749120;774541312;0;0;0;0;0;0;0;0;0;0;0;2264;0;0;40;0;50;0;
915;1019211;738037760;15749120;774541312;0;0;0;0;0;0;0;0;0;0;0;1313;0;0;40;0;50;0;
916;1018941;738037760;15749120;774541312;0;0;0;0;0;0;0;0;0;0;0;1402;0;0;40;0;50;0;
917;986640;738037760;15749120;774541312;0;0;0;0;0;0;0;0;0;0;0;1633;0;0;40;0;50;0;
918;1861060;738291712;15749120;774541312;0;0;0;0;0;0;0;0;0;0;0;1593;0;0;40;0;50;0;
919;1168732;738291712;15749120;774541312;0;0;0;0;0;0;0;0;0;0;0;1403;0;0;40;0;50;0;
920;1975785;738521088;15613952;774406144;0;0;0;0;0;0;0;0;0;0;0;1392;0;0;40;0;50;0;
921;2790333;738521088;15613952;774406144;0;0;0;0;0;0;0;0;0;0;0;1854;0;0;40;0;50;0;
922;1291712;738521088;15613952;774406144;0;0;0;0;0;0;0;0;0;0;0;1923;0;0;40;0;50;0;
923;1415856;738521088;15613952;774406144;0;0;0;0;0;0;0;0;0;0;0;2154;0;0;40;0;50;0;
924;1040481;738521088;15613952;774406144;0;0;0;0;0;0;0;0;0;0;0;1864;0;0;40;0;50;0;
925;948750;738521088;15613952;774406144;0;0;0;0;0;0;0;0;0;0;0;1683;0;0;40;0;50;0;
926;1194631;738521088;15613952;774406144;0;0;0;0;0;0;0;0;0;0;0;1853;0;0;40;0;50;0;
927;962976;738521088;15613952;774406144;0;0;0;0;0;0;0;0;0;0;0;1753;0;0;40;0;50;0;
928;960812;738521088;15613952;774406144;0;0;0;0;0;0;0;0;0;0;0;1804;0;0;40;0;50;0;
929;1243582;738521088;15613952;774406144;0;0;0;0;0;0;0;0;0;0;0;1834;0;0;40;0;50;0;
930;1756985;738521088;15613952;774406144;0;0;0;0;0;0;0;0;0;0;0;1974;0;0;40;0;50;0;
931;2328657;740569088;15474688;774266880;0;0;0;0;0;0;0;0;0;0;0;1904;0;0;40;0;50;0;
932;1311730;740569088;15474688;774266880;0;0;0;0;0;0;0;0;0;0;0;1724;0;0;40;0;50;0;
933;1584332;740569088;15474688;774266880;0;0;0;0;0;0;0;0;0;0;0;1723;0;0;40;0;50;0;
934;1312461;740569088;15474688;774266880;0;0;0;0;0;0;0;0;0;0;0;1633;0;0;40;0;50;0;
935;1121844;740569088;15474688;774266880;0;0;0;0;0;0;0;0;0;0;0;1864;0;0;40;0;50;0;
936;1027537;740569088;15474688;774266880;0;0;0;0;0;0;0;0;0;0;0;1653;0;0;40;0;50;0;
937;3244735;744812544;15474688;774266880;0;0;0;0;0;0;0;0;0;0;0;2495;0;0;41;0;50;0;
938;1052194;744812544;15474688;774266880;0;0;0;0;0;0;0;0;0;0;0;1653;0;0;41;0;50;0;
939;1054007;744812544;15474688;774266880;0;0;0;0;0;0;0;0;0;0;0;1834;0;0;41;0;50;0;
940;1727670;744812544;15474688;774266880;0;0;0;0;0;0;0;0;0;0;0;1904;0;0;41;0;50;0;
941;1273969;744812544;15474688;774266880;0;0;0;0;0;0;0;0;0;0;0;109725;0;0;41;0;50;0;
942;2593404;744714240;15335424;774127616;0;0;0;0;0;0;0;0;0;0;0;1723;0;0;41;0;50;0;
943;1323893;744714240;15335424;774127616;0;0;0;0;0;0;0;0;0;0;0;1834;0;0;41;0;50;0;
944;931677;744714240;15335424;774127616;0;0;0;0;0;0;0;0;0;0;0;1362;0;0;41;0;50;0;
945;947147;744714240;15335424;774127616;0;0;0;0;0;0;0;0;0;0;0;1513;0;0;41;0;50;0;
946;878047;744714240;15335424;774127616;0;0;0;0;0;0;0;0;0;0;0;1333;0;0;41;0;50;0;
947;890150;744714240;15335424;774127616;0;0;0;0;0;0;0;0;0;0;0;1372;0;0;41;0;50;0;
948;3137834;748765184;15335424;774127616;0;0;0;0;0;0;0;0;0;0;0;2184;0;0;42;0;50;0;
949;1578430;748765184;15335424;774127616;0;0;0;0;0;0;0;0;0;0;0;1423;0;0;42;0;50;0;
950;1089383;748765184;15335424;774127616;0;0;0;0;0;0;0;0;0;0;0;1313;0;0;42;0;50;0;
951;1021566;748765184;15335424;774127616;0;0;0;0;0;0;0;0;0;0;0;1482;0;0;42;0;50;0;
952;985699;748765184;15335424;774127616;0;0;0;0;0;0;0;0;0;0;0;1543;0;0;42;0;50;0;
953;4516931;748765184;15335424;774127616;0;0;0;0;0;0;0;0;0;0;0;1372;0;0;42;0;50;0;
954;3190624;748765184;15343616;774135808;0;0;0;0;0;0;0;0;0;0;0;1754;0;0;42;0;50;0;
955;1634425;748765184;15343616;774135808;0;0;0;0;0;0;0;0;0;0;0;1924;0;0;42;0;50;0;
956;3391600;752816128;15343616;774135808;0;0;0;0;0;0;0;0;0;0;0;2104;0;0;43;0;50;0;
957;1135670;752816128;15343616;774135808;0;0;0;0;0;0;0;0;0;0;0;1803;0;0;43;0;50;0;
958;1143464;752816128;15343616;774135808;0;0;0;0;0;0;0;0;0;0;0;1613;0;0;43;0;50;0;
959;1664712;752816128;15343616;774135808;0;0;0;0;0;0;0;0;0;0;0;1643;0;0;43;0;50;0;
960;1289258;752816128;15343616;774135808;0;0;0;0;0;0;0;0;0;0;0;1644;0;0;43;0;50;0;
961;1685040;752816128;15343616;774135808;0;0;0;0;0;0;0;0;0;0;0;1643;0;0;43;0;50;0;
962;1534778;752816128;15343616;774135808;0;0;0;0;0;0;0;0;0;0;0;1693;0;0;43;0;50;0;
963;1175555;752816128;15343616;774135808;0;0;0;0;0;0;0;0;0;0;0;1613;0;0;43;0;50;0;
964;1900945;752816128;15343616;774135808;0;0;0;0;0;0;0;0;0;0;0;1623;0;0;43;0;50;0;
965;1351364;752816128;15343616;774135808;0;0;0;0;0;0;0;0;0;0;0;1734;0;0;43;0;50;0;
966;1210490;752816128;15343616;774135808;0;0;0;0;0;0;0;0;0;0;0;1913;0;0;43;0;50;0;
967;1427397;752816128;15343616;774135808;0;0;0;0;0;0;0;0;0;0;0;1733;0;0;43;0;50;0;
968;1644294;752816128;15343616;774135808;0;0;0;0;0;0;0;0;0;0;0;1653;0;0;43;0;50;0;
969;1460128;752816128;15343616;774135808;0;0;0;0;0;0;0;0;0;0;0;1733;0;0;43;0;50;0;
970;1209588;752816128;15343616;774135808;0;0;0;0;0;0;0;0;0;0;0;1813;0;0;43;0;50;0;
971;1020463;752816128;15343616;774135808;0;0;0;0;0;0;0;0;0;0;0;1633;0;0;43;0;50;0;
972;1266835;752816128;15343616;774135808;0;0;0;0;0;0;0;0;0;0;0;1943;0;0;43;0;50;0;
973;1860920;752816128;15343616;774135808;0;0;0;0;0;0;0;0;0;0;0;1943;0;0;43;0;50;0;
974;1878984;752816128;15343616;774135808;0;0;0;0;0;0;0;0;0;0;0;1603;0;0;43;0;50;0;
975;1861902;752816128;15343616;774135808;0;0;0;0;0;0;0;0;0;0;0;1704;0;0;43;0;50;0;
976;1430493;752816128;15343616;774135808;0;0;0;0;0;0;0;0;0;0;0;1613;0;0;43;0;50;0;
977;1215690;752816128;15343616;774135808;0;0;0;0;0;0;0;0;0;0;0;1924;0;0;43;0;50;0;
978;1459948;752816128;15343616;774135808;0;0;0;0;0;0;0;0;0;0;0;1753;0;0;43;0;50;0;
979;1359059;752816128;15343616;774135808;0;0;0;0;0;0;0;0;0;0;0;2003;0;0;43;0;50;0;
980;1633924;752816128;15343616;774135808;0;0;0;0;0;0;0;0;0;0;0;1663;0;0;43;0;50;0;
981;1740534;757010432;15343616;790913024;0;0;0;0;0;0;0;0;0;0;0;2044;0;0;43;0;50;0;
982;1101857;757010432;15343616;790913024;0;0;0;0;0;0;0;0;0;0;0;1823;0;0;43;0;50;0;
983;1215369;757010432;15343616;790913024;0;0;0;0;0;0;0;0;0;0;0;1643;0;0;43;0;50;0;
984;1650455;757010432;15343616;790913024;0;0;0;0;0;0;0;0;0;0;0;1603;0;0;43;0;50;0;
985;1184842;757010432;15343616;790913024;0;0;0;0;0;0;0;0;0;0;0;1713;0;0;43;0;50;0;
986;985118;757010432;15343616;790913024;0;0;0;0;0;0;0;0;0;0;0;1764;0;0;43;0;50;0;
987;942667;757010432;15343616;790913024;0;0;0;0;0;0;0;0;0;0;0;1914;0;0;43;0;50;0;
988;1136011;757010432;15343616;790913024;0;0;0;0;0;0;0;0;0;0;0;1683;0;0;43;0;50;0;
989;1219868;757010432;15343616;790913024;0;0;0;0;0;0;0;0;0;0;0;1653;0;0;43;0;50;0;
990;1072852;757010432;15343616;790913024;0;0;0;0;0;0;0;0;0;0;0;1423;0;0;43;0;50;0;
991;1014974;757010432;15343616;790913024;0;0;0;0;0;0;0;0;0;0;0;1603;0;0;43;0;50;0;
992;826960;757010432;15343616;790913024;0;0;0;0;0;0;0;0;0;0;0;1723;0;0;43;0;50;0;
993;888897;757010432;15343616;790913024;0;0;0;0;0;0;0;0;0;0;0;1423;0;0;43;0;50;0;
994;1208607;757010432;15343616;790913024;0;0;0;0;0;0;0;0;0;0;0;1523;0;0;43;0;50;0;
995;870162;757010432;15343616;790913024;0;0;0;0;0;0;0;0;0;0;0;1432;0;0;43;0;50;0;
996;1075708;757010432;15343616;790913024;0;0;0;0;0;0;0;0;0;0;0;1542;0;0;43;0;50;0;
997;943159;757010432;15343616;790913024;0;0;0;0;0;0;0;0;0;0;0;1362;0;0;43;0;50;0;
998;937588;757010432;15343616;790913024;0;0;0;0;0;0;0;0;0;0;0;1422;0;0;43;0;50;0;
999;1325416;757010432;15343616;790913024;0;0;0;0;0;0;0;0;0;0;0;1353;0;0;43;0;50;0;
1000;1459868;757010432;15343616;790913024;0;0;0;0;0;0;0;0;0;0;0;1443;0;0;43;0;50;0;
1001;1346535;757010432;15343616;790913024;0;0;0;0;0;0;0;0;0;0;0;1363;0;0;43;0;50;0;
1002;985488;757010432;15343616;790913024;0;0;0;0;0;0;0;0;0;0;0;1553;0;0;43;0;50;0;
1003;1332980;757010432;15343616;790913024;0;0;0;0;0;0;0;0;0;0;0;1573;0;0;43;0;50;0;
1004;1717882;757010432;15343616;790913024;0;0;0;0;0;0;0;0;0;0;0;1383;0;0;43;0;50;0;
1005;1282245;757010432;15343616;790913024;0;0;0;0;0;0;0;0;0;0;0;1362;0;0;43;0;50;0;
1006;1375890;757010432;15343616;790913024;0;0;0;0;0;0;0;0;0;0;0;1423;0;0;43;0;50;0;
1007;1592667;757010432;15343616;790913024;0;0;0;0;0;0;0;0;0;0;0;1433;0;0;43;0;50;0;
1008;1438087;757010432;15343616;790913024;0;0;0;0;0;0;0;0;0;0;0;1302;0;0;43;0;50;0;
1009;1434941;757010432;15343616;790913024;0;0;0;0;0;0;0;0;0;0;0;1492;0;0;43;0;50;0;
1010;915006;757010432;15343616;790913024;0;0;0;0;0;0;0;0;0;0;0;1332;0;0;43;0;50;0;
1011;1187597;757010432;15343616;790913024;0;0;0;0;0;0;0;0;0;0;0;1673;0;0;43;0;50;0;
1012;1390998;757010432;15343616;790913024;0;0;0;0;0;0;0;0;0;0;0;1403;0;0;43;0;50;0;
1013;899156;757010432;15343616;790913024;0;0;0;0;0;0;0;0;0;0;0;1533;0;0;43;0;50;0;
1014;1698345;757010432;15343616;790913024;0;0;0;0;0;0;0;0;0;0;0;1423;0;0;43;0;50;0;
1015;1178390;757010432;15343616;790913024;0;0;0;0;0;0;0;0;0;0;0;1673;0;0;43;0;50;0;
1016;1253350;757010432;15343616;790913024;0;0;0;0;0;0;0;0;0;0;0;1373;0;0;43;0;50;0;
1017;3421066;761241600;15343616;790913024;0;0;0;0;0;0;0;0;0;0;0;2685;0;0;44;0;50;0;
1018;1120381;761241600;15343616;790913024;0;0;0;0;0;0;0;0;0;0;0;1382;0;0;44;0;50;0;
1019;2222748;761241600;15343616;790913024;0;0;0;0;0;0;0;0;0;0;0;1623;0;0;44;0;50;0;
1020;1606052;765435904;15343616;807690240;0;0;0;0;0;0;0;0;0;0;0;1553;0;0;44;0;50;0;
1021;1007018;765435904;15343616;807690240;0;0;0;0;0;0;0;0;0;0;0;1423;0;0;44;0;50;0;
1022;967194;765435904;15343616;807690240;0;0;0;0;0;0;0;0;0;0;0;1362;0;0;44;0;50;0;
1023;1250576;765435904;15343616;807690240;0;0;0;0;0;0;0;0;0;0;0;1532;0;0;44;0;50;0;
1024;1775550;762351616;11505664;803852288;0;0;0;0;0;0;0;0;0;0;0;1382;0;0;44;0;50;0;
1025;1196093;762351616;11505664;803852288;0;0;0;0;0;0;0;0;0;0;0;1303;0;0;44;0;50;0;
1026;915607;762351616;11505664;803852288;0;0;0;0;0;0;0;0;0;0;0;1433;0;0;44;0;50;0;
1027;1005125;762351616;11505664;803852288;0;0;0;0;0;0;0;0;0;0;0;1343;0;0;44;0;50;0;
1028;1191064;762351616;11505664;803852288;0;0;0;0;0;0;0;0;0;0;0;1543;0;0;44;0;50;0;
1029;1010055;762351616;11505664;803852288;0;0;0;0;0;0;0;0;0;0;0;1573;0;0;44;0;50;0;
1030;1052313;762351616;11505664;803852288;0;0;0;0;0;0;0;0;0;0;0;1363;0;0;44;0;50;0;
1031;1061521;762351616;11505664;803852288;0;0;0;0;0;0;0;0;0;0;0;1492;0;0;44;0;50;0;
1032;922641;762351616;11505664;803852288;0;0;0;0;0;0;0;0;0;0;0;1322;0;0;44;0;50;0;
1033;752170;762351616;11505664;803852288;0;0;0;0;0;0;0;0;0;0;0;12683;0;0;44;0;50;0;
1034;1670512;762351616;11505664;803852288;0;0;0;0;0;0;0;0;0;0;0;1593;0;0;44;0;50;0;
1035;1573331;762351616;11505664;803852288;0;0;0;0;0;0;0;0;0;0;0;1543;0;0;44;0;50;0;
1036;1142192;762351616;11505664;803852288;0;0;0;0;0;0;0;0;0;0;0;1503;0;0;44;0;50;0;
1037;958478;762351616;11505664;803852288;0;0;0;0;0;0;0;0;0;0;0;1352;0;0;44;0;50;0;
1038;829936;762351616;11505664;803852288;0;0;0;0;0;0;0;0;0;0;0;1453;0;0;44;0;50;0;
1039;1035622;762351616;11505664;803852288;0;0;0;0;0;0;0;0;0;0;0;1333;0;0;44;0;50;0;
1040;976461;762351616;11505664;803852288;0;0;0;0;0;0;0;0;0;0;0;1382;0;0;44;0;50;0;
1041;1200421;762351616;11505664;803852288;0;0;0;0;0;0;0;0;0;0;0;1673;0;0;44;0;50;0;
1042;1040531;762351616;11505664;803852288;0;0;0;0;0;0;0;0;0;0;0;1793;0;0;44;0;50;0;
1043;2857258;766332928;11505664;803852288;0;0;0;0;0;0;0;0;0;0;0;2625;0;0;45;0;50;0;
1044;2082104;766459904;11415552;803762176;0;0;0;0;0;0;0;0;0;0;0;1803;0;0;45;0;50;0;
1045;1013691;766459904;11415552;803762176;0;0;0;0;0;0;0;0;0;0;0;1854;0;0;45;0;50;0;
1046;976692;766459904;11415552;803762176;0;0;0;0;0;0;0;0;0;0;0;1673;0;0;45;0;50;0;
1047;1320026;766459904;11415552;803762176;0;0;0;0;0;0;0;0;0;0;0;1643;0;0;45;0;50;0;
1048;1851632;766459904;11415552;803762176;0;0;0;0;0;0;0;0;0;0;0;5440;0;0;45;0;50;0;
1049;1439509;766459904;11415552;803762176;0;0;0;0;0;0;0;0;0;0;0;1633;0;0;45;0;50;0;
1050;1077541;766459904;11415552;803762176;0;0;0;0;0;0;0;0;0;0;0;1623;0;0;45;0;50;0;
1051;938190;766459904;11415552;803762176;0;0;0;0;0;0;0;0;0;0;0;1743;0;0;45;0;50;0;
1052;1146590;766459904;11415552;803762176;0;0;0;0;0;0;0;0;0;0;0;1833;0;0;45;0;50;0;
1053;1073643;766459904;11415552;803762176;0;0;0;0;0;0;0;0;0;0;0;1643;0;0;45;0;50;0;
1054;1566769;766386176;11255808;803602432;0;0;0;0;0;0;0;0;0;0;0;1533;0;0;45;0;50;0;
1055;2499868;768270336;11255808;803602432;0;0;0;0;0;0;0;0;0;0;0;2164;0;0;46;0;50;0;
1056;1314335;768270336;11255808;803602432;0;0;0;0;0;0;0;0;0;0;0;1563;0;0;46;0;50;0;
1057;1232852;768270336;11255808;803602432;0;0;0;0;0;0;0;0;0;0;0;1413;0;0;46;0;50;0;
1058;1558252;768270336;11255808;803602432;0;0;0;0;0;0;0;0;0;0;0;1363;0;0;46;0;50;0;
1059;872577;768270336;11255808;803602432;0;0;0;0;0;0;0;0;0;0;0;1503;0;0;46;0;50;0;
1060;861235;768270336;11255808;803602432;0;0;0;0;0;0;0;0;0;0;0;1333;0;0;46;0;50;0;
1061;1230056;768270336;11255808;803602432;0;0;0;0;0;0;0;0;0;0;0;1493;0;0;46;0;50;0;
1062;1205040;768540672;15089664;807436288;0;0;0;0;0;0;0;0;0;0;0;1523;0;0;46;0;50;0;
1063;1542954;768811008;15089664;807436288;0;0;0;0;0;0;0;0;0;0;0;1303;0;0;46;0;50;0;
1064;4742314;768811008;15089664;807436288;0;0;0;0;0;0;0;0;0;0;0;1513;0;0;46;0;50;0;
1065;2987252;769081344;15097856;807444480;0;0;0;0;0;0;0;0;0;0;0;1864;0;0;46;0;50;0;
1066;1244884;769081344;15097856;807444480;0;0;0;0;0;0;0;0;0;0;0;1623;0;0;46;0;50;0;
1067;1969423;769081344;15097856;807444480;0;0;0;0;0;0;0;0;0;0;0;1733;0;0;46;0;50;0;
1068;1785058;773275648;15097856;824221696;0;0;0;0;0;0;0;0;0;0;0;1573;0;0;46;0;50;0;
1069;1153844;773275648;15097856;824221696;0;0;0;0;0;0;0;0;0;0;0;1603;0;0;46;0;50;0;
1070;1227572;773275648;15097856;824221696;0;0;0;0;0;0;0;0;0;0;0;1704;0;0;46;0;50;0;
1071;1337668;773275648;15097856;824221696;0;0;0;0;0;0;0;0;0;0;0;1743;0;0;46;0;50;0;
1072;1152903;773275648;15097856;824221696;0;0;0;0;0;0;0;0;0;0;0;1713;0;0;46;0;50;0;
1073;1366092;773275648;15097856;824221696;0;0;0;0;0;0;0;0;0;0;0;1753;0;0;46;0;50;0;
1074;1613185;773275648;15097856;824221696;0;0;0;0;0;0;0;0;0;0;0;1894;0;0;46;0;50;0;
1075;3031516;777510912;15097856;824221696;0;0;0;0;0;0;0;0;0;0;0;2475;0;0;47;0;50;0;
1076;1370941;777510912;15097856;824221696;0;0;0;0;0;0;0;0;0;0;0;1623;0;0;47;0;50;0;
1077;1337698;777510912;15097856;824221696;0;0;0;0;0;0;0;0;0;0;0;1623;0;0;47;0;50;0;
1078;933370;777510912;15097856;824221696;0;0;0;0;0;0;0;0;0;0;0;1663;0;0;47;0;50;0;
1079;1144837;777510912;15097856;824221696;0;0;0;0;0;0;0;0;0;0;0;1673;0;0;47;0;50;0;
1080;1264031;777510912;15097856;824221696;0;0;0;0;0;0;0;0;0;0;0;1743;0;0;47;0;50;0;
1081;1136641;777510912;15097856;824221696;0;0;0;0;0;0;0;0;0;0;0;1683;0;0;47;0;50;0;
1082;1716740;777510912;15097856;824221696;0;0;0;0;0;0;0;0;0;0;0;1673;0;0;47;0;50;0;
1083;1940109;777510912;15097856;824221696;0;0;0;0;0;0;0;0;0;0;0;1673;0;0;47;0;50;0;
1084;1132313;777510912;15097856;824221696;0;0;0;0;0;0;0;0;0;0;0;2034;0;0;47;0;50;0;
1085;1427627;777510912;15097856;824221696;0;0;0;0;0;0;0;0;0;0;0;1643;0;0;47;0;50;0;
1086;1404985;777510912;15097856;824221696;0;0;0;0;0;0;0;0;0;0;0;1633;0;0;47;0;50;0;
1087;1207204;777510912;15097856;824221696;0;0;0;0;0;0;0;0;0;0;0;1603;0;0;47;0;50;0;
1088;918412;777510912;15097856;824221696;0;0;0;0;0;0;0;0;0;0;0;1563;0;0;47;0;50;0;
1089;1017869;777510912;15097856;824221696;0;0;0;0;0;0;0;0;0;0;0;2083;0;0;47;0;50;0;
1090;1210049;777510912;15097856;824221696;0;0;0;0;0;0;0;0;0;0;0;1403;0;0;47;0;50;0;
1091;849032;777510912;15097856;824221696;0;0;0;0;0;0;0;0;0;0;0;1513;0;0;47;0;50;0;
1092;1504110;777510912;15097856;824221696;0;0;0;0;0;0;0;0;0;0;0;1402;0;0;47;0;50;0;
1093;1086718;777510912;15097856;824221696;0;0;0;0;0;0;0;0;0;0;0;1453;0;0;47;0;50;0;
1094;949320;777510912;15097856;824221696;0;0;0;0;0;0;0;0;0;0;0;1353;0;0;47;0;50;0;
1095;1221510;777510912;15097856;824221696;0;0;0;0;0;0;0;0;0;0;0;1382;0;0;47;0;50;0;
1096;1378987;777510912;15097856;824221696;0;0;0;0;0;0;0;0;0;0;0;1413;0;0;47;0;50;0;
1097;1367004;777510912;15097856;824221696;0;0;0;0;0;0;0;0;0;0;0;1323;0;0;47;0;50;0;
1098;970530;777510912;15097856;824221696;0;0;0;0;0;0;0;0;0;0;0;1333;0;0;47;0;50;0;
1099;1214668;777510912;15097856;824221696;0;0;0;0;0;0;0;0;0;0;0;1473;0;0;47;0;50;0;
1100;3284089;781561856;15097856;824221696;0;0;0;0;0;0;0;0;0;0;0;2234;0;0;48;0;50;0;
1101;1792391;781561856;15097856;824221696;0;0;0;0;0;0;0;0;0;0;0;1402;0;0;48;0;50;0;
1102;968757;781561856;15097856;824221696;0;0;0;0;0;0;0;0;0;0;0;1503;0;0;48;0;50;0;
1103;1109320;781561856;15097856;824221696;0;0;0;0;0;0;0;0;0;0;0;1473;0;0;48;0;50;0;
1104;903665;781561856;15097856;824221696;0;0;0;0;0;0;0;0;0;0;0;1383;0;0;48;0;50;0;
1105;1086077;781561856;15097856;824221696;0;0;0;0;0;0;0;0;0;0;0;1473;0;0;48;0;50;0;
1106;1064948;781561856;15097856;824221696;0;0;0;0;0;0;0;0;0;0;0;1332;0;0;48;0;50;0;
1107;1173802;781561856;15097856;824221696;0;0;0;0;0;0;0;0;0;0;0;1453;0;0;48;0;50;0;
1108;913102;781561856;15097856;824221696;0;0;0;0;0;0;0;0;0;0;0;1523;0;0;48;0;50;0;
1109;1208146;781561856;15097856;824221696;0;0;0;0;0;0;0;0;0;0;0;1373;0;0;48;0;50;0;
1110;1441042;781561856;15097856;824221696;0;0;0;0;0;0;0;0;0;0;0;1473;0;0;48;0;50;0;
1111;1257198;781561856;15097856;824221696;0;0;0;0;0;0;0;0;0;0;0;1362;0;0;48;0;50;0;
1112;981140;781561856;15097856;824221696;0;0;0;0;0;0;0;0;0;0;0;1503;0;0;48;0;50;0;
1113;1044339;781561856;15097856;824221696;0;0;0;0;0;0;0;0;0;0;0;1644;0;0;48;0;50;0;
1114;1117786;781561856;15097856;824221696;0;0;0;0;0;0;0;0;0;0;0;1443;0;0;48;0;50;0;
1115;973275;781561856;15097856;824221696;0;0;0;0;0;0;0;0;0;0;0;1523;0;0;48;0;50;0;
1116;1030753;781561856;15097856;824221696;0;0;0;0;0;0;0;0;0;0;0;1543;0;0;48;0;50;0;
1117;1147051;781561856;15097856;824221696;0;0;0;0;0;0;0;0;0;0;0;1703;0;0;48;0;50;0;
1118;1508499;781561856;15097856;824221696;0;0;0;0;0;0;0;0;0;0;0;1453;0;0;48;0;50;0;
1119;3172940;788094976;11968512;837869568;0;0;0;0;0;0;0;0;0;0;0;2635;0;0;49;0;50;0;
1120;1282515;788094976;11968512;837869568;0;0;0;0;0;0;0;0;0;0;0;1613;0;0;49;0;50;0;
1121;1101395;788094976;11968512;837869568;0;0;0;0;0;0;0;0;0;0;0;1773;0;0;49;0;50;0;
1122;1245676;788094976;11968512;837869568;0;0;0;0;0;0;0;0;0;0;0;1683;0;0;49;0;50;0;
1123;1184651;788094976;11968512;837869568;0;0;0;0;0;0;0;0;0;0;0;1653;0;0;49;0;50;0;
1124;1114581;788094976;11968512;837869568;0;0;0;0;0;0;0;0;0;0;0;1713;0;0;49;0;50;0;
1125;1553062;788094976;11968512;837869568;0;0;0;0;0;0;0;0;0;0;0;1693;0;0;49;0;50;0;
1126;1510573;788094976;11968512;837869568;0;0;0;0;0;0;0;0;0;0;0;1713;0;0;49;0;50;0;
1127;1325376;788094976;11968512;837869568;0;0;0;0;0;0;0;0;0;0;0;1663;0;0;49;0;50;0;
1128;1854888;787947520;11816960;837718016;0;0;0;0;0;0;0;0;0;0;0;1674;0;0;49;0;50;0;
1129;1328702;787947520;11816960;837718016;0;0;0;0;0;0;0;0;0;0;0;1573;0;0;49;0;50;0;
1130;1084915;787947520;11816960;837718016;0;0;0;0;0;0;0;0;0;0;0;1603;0;0;49;0;50;0;
1131;1127064;787947520;11816960;837718016;0;0;0;0;0;0;0;0;0;0;0;1703;0;0;49;0;50;0;
1132;1060569;787947520;11816960;837718016;0;0;0;0;0;0;0;0;0;0;0;1713;0;0;49;0;50;0;
1133;1505253;787947520;11816960;837718016;0;0;0;0;0;0;0;0;0;0;0;1633;0;0;49;0;50;0;
1134;1182037;787947520;11816960;837718016;0;0;0;0;0;0;0;0;0;0;0;1483;0;0;49;0;50;0;
1135;1258090;787947520;11816960;837718016;0;0;0;0;0;0;0;0;0;0;0;1473;0;0;49;0;50;0;
1136;1137884;787947520;11816960;837718016;0;0;0;0;0;0;0;0;0;0;0;1654;0;0;49;0;50;0;
1137;1516975;787947520;11816960;837718016;0;0;0;0;0;0;0;0;0;0;0;1533;0;0;49;0;50;0;
1138;1155648;787947520;11816960;837718016;0;0;0;0;0;0;0;0;0;0;0;1733;0;0;49;0;50;0;
1139;1336927;787947520;11816960;837718016;0;0;0;0;0;0;0;0;0;0;0;1413;0;0;49;0;50;0;
1140;993944;787947520;11816960;837718016;0;0;0;0;0;0;0;0;0;0;0;1793;0;0;49;0;50;0;
1141;2083657;787947520;11816960;837718016;0;0;0;0;0;0;0;0;0;0;0;1693;0;0;49;0;50;0;
1142;1796799;787947520;11816960;837718016;0;0;0;0;0;0;0;0;0;0;0;1643;0;0;49;0;50;0;
1143;1452895;787947520;11816960;837718016;0;0;0;0;0;0;0;0;0;0;0;1653;0;0;49;0;50;0;
1144;1287494;787947520;11816960;837718016;0;0;0;0;0;0;0;0;0;0;0;1633;0;0;49;0;50;0;
1145;981932;787947520;11816960;837718016;0;0;0;0;0;0;0;0;0;0;0;1913;0;0;49;0;50;0;
1146;1499362;787771392;11640832;837541888;0;0;0;0;0;0;0;0;0;0;0;1332;0;0;49;0;50;0;
1147;879950;787771392;11640832;837541888;0;0;0;0;0;0;0;0;0;0;0;1413;0;0;49;0;50;0;
1148;840707;787771392;11640832;837541888;0;0;0;0;0;0;0;0;0;0;0;1363;0;0;49;0;50;0;
1149;884449;787771392;11640832;837541888;0;0;0;0;0;0;0;0;0;0;0;1643;0;0;49;0;50;0;
1150;829155;787771392;11640832;837541888;0;0;0;0;0;0;0;0;0;0;0;1312;0;0;49;0;50;0;
1151;883567;787771392;11640832;837541888;0;0;0;0;0;0;0;0;0;0;0;1352;0;0;49;0;50;0;
1152;1309566;787771392;11640832;837541888;0;0;0;0;0;0;0;0;0;0;0;1332;0;0;49;0;50;0;
1153;1121023;787771392;11640832;837541888;0;0;0;0;0;0;0;0;0;0;0;1363;0;0;49;0;50;0;
1154;1154475;787771392;11640832;837541888;0;0;0;0;0;0;0;0;0;0;0;1352;0;0;49;0;50;0;
1155;2111360;787771392;11640832;837541888;0;0;0;0;0;0;0;0;0;0;0;1553;0;0;49;0;50;0;
1156;1307973;787771392;11640832;837541888;0;0;0;0;0;0;0;0;0;0;0;1533;0;0;49;0;50;0;
1157;997691;787771392;11640832;837541888;0;0;0;0;0;0;0;0;0;0;0;1493;0;0;49;0;50;0;
1158;1040412;787771392;11640832;837541888;0;0;0;0;0;0;0;0;0;0;0;1793;0;0;49;0;50;0;
1159;1056922;787771392;11640832;837541888;0;0;0;0;0;0;0;0;0;0;0;1593;0;0;49;0;50;0;
1160;922710;787771392;11640832;837541888;0;0;0;0;0;0;0;0;0;0;0;1443;0;0;49;0;50;0;
1161;1015685;787771392;11640832;837541888;0;0;0;0;0;0;0;0;0;0;0;1363;0;0;49;0;50;0;
1162;950593;787771392;11640832;837541888;0;0;0;0;0;0;0;0;0;0;0;1693;0;0;49;0;50;0;
1163;920376;787771392;11640832;837541888;0;0;0;0;0;0;0;0;0;0;0;1482;0;0;49;0;50;0;
1164;4440298;787771392;11640832;837541888;0;0;0;0;0;0;0;0;0;0;0;1422;0;0;49;0;50;0;
1165;2950093;788033536;14778368;840679424;0;0;0;0;0;0;0;0;0;0;0;1753;0;0;49;0;50;0;
1166;1494633;788033536;14778368;840679424;0;0;0;0;0;0;0;0;0;0;0;1372;0;0;49;0;50;0;
1167;1658089;788033536;14778368;840679424;0;0;0;0;0;0;0;0;0;0;0;1563;0;0;49;0;50;0;
1168;1287494;788033536;14778368;840679424;0;0;0;0;0;0;0;0;0;0;0;1382;0;0;49;0;50;0;
1169;1134057;788033536;14778368;840679424;0;0;0;0;0;0;0;0;0;0;0;1422;0;0;49;0;50;0;
1170;1032988;788033536;14778368;840679424;0;0;0;0;0;0;0;0;0;0;0;1483;0;0;49;0;50;0;
1171;1408251;788033536;14778368;840679424;0;0;0;0;0;0;0;0;0;0;0;1302;0;0;49;0;50;0;
1172;1032416;788033536;14778368;840679424;0;0;0;0;0;0;0;0;0;0;0;1372;0;0;49;0;50;0;
1173;1538315;788033536;14778368;840679424;0;0;0;0;0;0;0;0;0;0;0;1352;0;0;49;0;50;0;
1174;1662167;788033536;14778368;840679424;0;0;0;0;0;0;0;0;0;0;0;1353;0;0;49;0;50;0;
1175;1128526;788033536;14778368;840679424;0;0;0;0;0;0;0;0;0;0;0;1433;0;0;49;0;50;0;
1176;2678473;794324992;14778368;857456640;0;0;0;0;0;0;0;0;0;0;0;2284;0;0;50;0;50;0;
1177;1180163;794324992;14778368;857456640;0;0;0;0;0;0;0;0;0;0;0;1403;0;0;50;0;50;0;
1178;1161469;794324992;14778368;857456640;0;0;0;0;0;0;0;0;0;0;0;1513;0;0;50;0;50;0;
1179;991950;794324992;14778368;857456640;0;0;0;0;0;0;0;0;0;0;0;1973;0;0;50;0;50;0;
1180;1326578;794324992;14778368;857456640;0;0;0;0;0;0;0;0;0;0;0;1413;0;0;50;0;50;0;
1181;1022989;794324992;14778368;857456640;0;0;0;0;0;0;0;0;0;0;0;1613;0;0;50;0;50;0;
1182;1477702;794324992;14778368;857456640;0;0;0;0;0;0;0;0;0;0;0;1583;0;0;50;0;50;0;
1183;1639946;794324992;14778368;857456640;0;0;0;0;0;0;0;0;0;0;0;1423;0;0;50;0;50;0;
1184;1288276;794324992;14778368;857456640;0;0;0;0;0;0;0;0;0;0;0;1663;0;0;50;0;50;0;
1185;1235297;794324992;14778368;857456640;0;0;0;0;0;0;0;0;0;0;0;1684;0;0;50;0;50;0;
1186;1165425;794324992;14778368;857456640;0;0;0;0;0;0;0;0;0;0;0;1633;0;0;50;0;50;0;
1187;1256406;794324992;14778368;857456640;0;0;0;0;0;0;0;0;0;0;0;1633;0;0;50;0;50;0;
1188;3447987;798355456;14778368;857456640;0;0;0;0;0;0;0;0;0;0;0;2554;0;0;51;0;50;0;
1189;1358277;798355456;14778368;857456640;0;0;0;0;0;0;0;0;0;0;0;1663;0;0;51;0;50;0;
1190;1390909;798355456;14778368;857456640;0;0;0;0;0;0;0;0;0;0;0;1714;0;0;51;0;50;0;
1191;993463;798355456;14778368;857456640;0;0;0;0;0;0;0;0;0;0;0;1623;0;0;51;0;50;0;
1192;1700028;798355456;14778368;857456640;0;0;0;0;0;0;0;0;0;0;0;1864;0;0;51;0;50;0;
1193;1041153;798355456;14778368;857456640;0;0;0;0;0;0;0;0;0;0;0;1664;0;0;51;0;50;0;
1194;1060218;798355456;14778368;857456640;0;0;0;0;0;0;0;0;0;0;0;1703;0;0;51;0;50;0;
1195;991890;798355456;14778368;857456640;0;0;0;0;0;0;0;0;0;0;0;1593;0;0;51;0;50;0;
1196;991930;798355456;14778368;857456640;0;0;0;0;0;0;0;0;0;0;0;1763;0;0;51;0;50;0;
1197;876384;798355456;14778368;857456640;0;0;0;0;0;0;0;0;0;0;0;1473;0;0;51;0;50;0;
1198;1087229;798355456;14778368;857456640;0;0;0;0;0;0;0;0;0;0;0;1462;0;0;51;0;50;0;
1199;853160;798355456;14778368;857456640;0;0;0;0;0;0;0;0;0;0;0;1443;0;0;51;0;50;0;
1200;1408001;798355456;14778368;857456640;0;0;0;0;0;0;0;0;0;0;0;1653;0;0;51;0;50;0;
1201;3275102;802607104;14778368;857456640;0;0;0;0;0;0;0;0;0;0;0;2735;0;0;52;0;50;0;
1202;1409192;802607104;14778368;857456640;0;0;0;0;0;0;0;0;0;0;0;1462;0;0;52;0;50;0;
1203;1361744;802607104;14778368;857456640;0;0;0;0;0;0;0;0;0;0;0;1462;0;0;52;0;50;0;
1204;1174572;802607104;14778368;857456640;0;0;0;0;0;0;0;0;0;0;0;1423;0;0;52;0;50;0;
1205;1271034;802607104;14778368;857456640;0;0;0;0;0;0;0;0;0;0;0;2023;0;0;52;0;50;0;
1206;1424631;802607104;14778368;857456640;0;0;0;0;0;0;0;0;0;0;0;1703;0;0;52;0;50;0;
1207;1226320;802607104;14778368;857456640;0;0;0;0;0;0;0;0;0;0;0;1613;0;0;52;0;50;0;
1208;954861;802607104;14778368;857456640;0;0;0;0;0;0;0;0;0;0;0;1674;0;0;52;0;50;0;
1209;1030593;802607104;14778368;857456640;0;0;0;0;0;0;0;0;0;0;0;1843;0;0;52;0;50;0;
1210;1660153;802607104;14778368;857456640;0;0;0;0;0;0;0;0;0;0;0;1793;0;0;52;0;50;0;
1211;2835688;802607104;14778368;857456640;0;0;0;0;0;0;0;0;0;0;0;1713;0;0;52;0;50;0;
1212;914174;802607104;14778368;857456640;0;0;0;0;0;0;0;0;0;0;0;1392;0;0;52;0;50;0;
1213;1252589;802607104;14778368;857456640;0;0;0;0;0;0;0;0;0;0;0;1413;0;0;52;0;50;0;
1214;1007149;802607104;14778368;857456640;0;0;0;0;0;0;0;0;0;0;0;1623;0;0;52;0;50;0;
1215;1159014;802607104;14778368;857456640;0;0;0;0;0;0;0;0;0;0;0;1643;0;0;52;0;50;0;
1216;884108;802607104;14778368;857456640;0;0;0;0;0;0;0;0;0;0;0;1513;0;0;52;0;50;0;
1217;951204;802607104;14778368;857456640;0;0;0;0;0;0;0;0;0;0;0;1323;0;0;52;0;50;0;
1218;890550;802607104;14778368;857456640;0;0;0;0;0;0;0;0;0;0;0;1393;0;0;52;0;50;0;
1219;1374277;802754560;11841536;854519808;0;0;0;0;0;0;0;0;0;0;0;1633;0;0;52;0;50;0;
1220;1102308;802754560;11841536;854519808;0;0;0;0;0;0;0;0;0;0;0;1673;0;0;52;0;50;0;
1221;1161689;802754560;11841536;854519808;0;0;0;0;0;0;0;0;0;0;0;1663;0;0;52;0;50;0;
1222;1612434;802754560;11841536;854519808;0;0;0;0;0;0;0;0;0;0;0;1713;0;0;52;0;50;0;
1223;1900504;802754560;11841536;854519808;0;0;0;0;0;0;0;0;0;0;0;1663;0;0;52;0;50;0;
1224;1364148;802754560;11841536;854519808;0;0;0;0;0;0;0;0;0;0;0;1633;0;0;52;0;50;0;
1225;1109341;802754560;11841536;854519808;0;0;0;0;0;0;0;0;0;0;0;1633;0;0;52;0;50;0;
1226;1193138;802754560;11841536;854519808;0;0;0;0;0;0;0;0;0;0;0;1583;0;0;52;0;50;0;
1227;1098991;802754560;11841536;854519808;0;0;0;0;0;0;0;0;0;0;0;1933;0;0;52;0;50;0;
1228;1527134;802459648;11546624;854224896;0;0;0;0;0;0;0;0;0;0;0;1774;0;0;52;0;50;0;
1229;968767;802459648;11546624;854224896;0;0;0;0;0;0;0;0;0;0;0;1513;0;0;52;0;50;0;
1230;1385358;802459648;11546624;854224896;0;0;0;0;0;0;0;0;0;0;0;1553;0;0;52;0;50;0;
1231;1531232;802459648;11546624;854224896;0;0;0;0;0;0;0;0;0;0;0;1423;0;0;52;0;50;0;
1232;3122105;806502400;11546624;854224896;0;0;0;0;0;0;0;0;0;0;0;2194;0;0;53;0;50;0;
1233;1377163;806502400;11546624;854224896;0;0;0;0;0;0;0;0;0;0;0;1333;0;0;53;0;50;0;
1234;984737;806502400;11546624;854224896;0;0;0;0;0;0;0;0;0;0;0;1573;0;0;53;0;50;0;
1235;871735;806502400;11546624;854224896;0;0;0;0;0;0;0;0;0;0;0;1293;0;0;53;0;50;0;
1236;1576416;806502400;11546624;854224896;0;0;0;0;0;0;0;0;0;0;0;1923;0;0;53;0;50;0;
1237;2059763;806502400;11546624;854224896;0;0;0;0;0;0;0;0;0;0;0;1673;0;0;53;0;50;0;
1238;1249693;806502400;11546624;854224896;0;0;0;0;0;0;0;0;0;0;0;1773;0;0;53;0;50;0;
1239;1103760;806502400;11546624;854224896;0;0;0;0;0;0;0;0;0;0;0;1673;0;0;53;0;50;0;
1240;1218946;806502400;11546624;854224896;0;0;0;0;0;0;0;0;0;0;0;1714;0;0;53;0;50;0;
1241;1346435;806502400;11546624;854224896;0;0;0;0;0;0;0;0;0;0;0;1834;0;0;53;0;50;0;
1242;1579191;806502400;11546624;854224896;0;0;0;0;0;0;0;0;0;0;0;1813;0;0;53;0;50;0;
1243;1277446;806502400;11546624;854224896;0;0;0;0;0;0;0;0;0;0;0;1714;0;0;53;0;50;0;
1244;1998688;806465536;11354112;854032384;0;0;0;0;0;0;0;0;0;0;0;1934;0;0;53;0;50;0;
1245;1630167;806465536;11354112;854032384;0;0;0;0;0;0;0;0;0;0;0;1814;0;0;53;0;50;0;
1246;1415124;806465536;11354112;854032384;0;0;0;0;0;0;0;0;0;0;0;1653;0;0;53;0;50;0;
1247;1333120;806465536;11354112;854032384;0;0;0;0;0;0;0;0;0;0;0;1593;0;0;53;0;50;0;
1248;1358929;806465536;11354112;854032384;0;0;0;0;0;0;0;0;0;0;0;1633;0;0;53;0;50;0;
1249;1672507;806465536;11354112;854032384;0;0;0;0;0;0;0;0;0;0;0;1573;0;0;53;0;50;0;
1250;1339352;806465536;11354112;854032384;0;0;0;0;0;0;0;0;0;0;0;1984;0;0;53;0;50;0;
1251;1166026;806465536;11354112;854032384;0;0;0;0;0;0;0;0;0;0;0;1864;0;0;53;0;50;0;
1252;4524074;806465536;14290944;856969216;0;0;0;0;0;0;0;0;0;0;0;1613;0;0;53;0;50;0;
1253;2686569;806731776;14290944;856969216;0;0;0;0;0;0;0;0;0;0;0;1563;0;0;53;0;50;0;
1254;1059457;806731776;14290944;856969216;0;0;0;0;0;0;0;0;0;0;0;1613;0;0;53;0;50;0;
1255;1510283;806731776;14290944;856969216;0;0;0;0;0;0;0;0;0;0;0;1713;0;0;53;0;50;0;
1256;1661215;806731776;14290944;856969216;0;0;0;0;0;0;0;0;0;0;0;1683;0;0;53;0;50;0;
1257;1225949;806731776;14290944;856969216;0;0;0;0;0;0;0;0;0;0;0;1653;0;0;53;0;50;0;
1258;1190302;806731776;14290944;856969216;0;0;0;0;0;0;0;0;0;0;0;1813;0;0;53;0;50;0;
1259;1115973;806731776;14290944;856969216;0;0;0;0;0;0;0;0;0;0;0;1383;0;0;53;0;50;0;
1260;1283857;808828928;14290944;856969216;0;0;0;0;0;0;0;0;0;0;0;1333;0;0;53;0;50;0;
1261;1739382;808828928;14290944;856969216;0;0;0;0;0;0;0;0;0;0;0;1703;0;0;53;0;50;0;
1262;1373636;808828928;14290944;856969216;0;0;0;0;0;0;0;0;0;0;0;1814;0;0;53;0;50;0;
1263;1494002;808828928;14290944;856969216;0;0;0;0;0;0;0;0;0;0;0;6813;0;0;53;0;50;0;
1264;1282004;808828928;14290944;856969216;0;0;0;0;0;0;0;0;0;0;0;1663;0;0;53;0;50;0;
1265;1271795;808828928;14290944;856969216;0;0;0;0;0;0;0;0;0;0;0;1714;0;0;53;0;50;0;
1266;1929058;808828928;14290944;856969216;0;0;0;0;0;0;0;0;0;0;0;1693;0;0;53;0;50;0;
1267;1441553;808828928;14290944;856969216;0;0;0;0;0;0;0;0;0;0;0;1623;0;0;53;0;50;0;
1268;1233994;808828928;14290944;856969216;0;0;0;0;0;0;0;0;0;0;0;1623;0;0;53;0;50;0;
1269;1445020;808828928;14290944;856969216;0;0;0;0;0;0;0;0;0;0;0;1623;0;0;53;0;50;0;
1270;1691763;808828928;14290944;856969216;0;0;0;0;0;0;0;0;0;0;0;1974;0;0;53;0;50;0;
1271;1289608;808828928;14290944;856969216;0;0;0;0;0;0;0;0;0;0;0;2225;0;0;53;0;50;0;
1272;1350363;808828928;14290944;856969216;0;0;0;0;0;0;0;0;0;0;0;1913;0;0;53;0;50;0;
1273;1225178;808828928;14290944;856969216;0;0;0;0;0;0;0;0;0;0;0;1954;0;0;53;0;50;0;
1274;1221712;808828928;14290944;856969216;0;0;0;0;0;0;0;0;0;0;0;1864;0;0;53;0;50;0;
1275;1332318;808828928;14290944;856969216;0;0;0;0;0;0;0;0;0;0;0;1903;0;0;53;0;50;0;
1276;2447950;808828928;14290944;856969216;0;0;0;0;0;0;0;0;0;0;0;1803;0;0;53;0;50;0;
1277;1515913;808828928;14290944;856969216;0;0;0;0;0;0;0;0;0;0;0;1853;0;0;53;0;50;0;
1278;1088311;808828928;14290944;856969216;0;0;0;0;0;0;0;0;0;0;0;1463;0;0;53;0;50;0;
1279;1180144;808828928;14290944;856969216;0;0;0;0;0;0;0;0;0;0;0;1532;0;0;53;0;50;0;
1280;1156379;808828928;14290944;856969216;0;0;0;0;0;0;0;0;0;0;0;1392;0;0;53;0;50;0;
1281;1955397;808828928;14290944;856969216;0;0;0;0;0;0;0;0;0;0;0;1333;0;0;53;0;50;0;
1282;1196845;808828928;14290944;856969216;0;0;0;0;0;0;0;0;0;0;0;1293;0;0;53;0;50;0;
1283;1048176;808828928;14290944;856969216;0;0;0;0;0;0;0;0;0;0;0;1553;0;0;53;0;50;0;
1284;911880;808828928;14290944;856969216;0;0;0;0;0;0;0;0;0;0;0;1332;0;0;53;0;50;0;
1285;1652699;808828928;14290944;856969216;0;0;0;0;0;0;0;0;0;0;0;1402;0;0;53;0;50;0;
1286;960030;808828928;14290944;856969216;0;0;0;0;0;0;0;0;0;0;0;1703;0;0;53;0;50;0;
1287;1223865;808828928;14290944;856969216;0;0;0;0;0;0;0;0;0;0;0;1613;0;0;53;0;50;0;
1288;1080416;808828928;14290944;856969216;0;0;0;0;0;0;0;0;0;0;0;1333;0;0;53;0;50;0;
1289;1420244;808828928;14290944;856969216;0;0;0;0;0;0;0;0;0;0;0;1362;0;0;53;0;50;0;
1290;1989821;808828928;14290944;856969216;0;0;0;0;0;0;0;0;0;0;0;1493;0;0;53;0;50;0;
1291;1020433;808828928;14290944;856969216;0;0;0;0;0;0;0;0;0;0;0;1353;0;0;53;0;50;0;
1292;1117155;808828928;14290944;856969216;0;0;0;0;0;0;0;0;0;0;0;1453;0;0;53;0;50;0;
1293;1524920;808828928;14290944;856969216;0;0;0;0;0;0;0;0;0;0;0;1293;0;0;53;0;50;0;
1294;1380068;808828928;14290944;856969216;0;0;0;0;0;0;0;0;0;0;0;1483;0;0;53;0;50;0;
1295;1166938;808828928;14290944;856969216;0;0;0;0;0;0;0;0;0;0;0;1513;0;0;53;0;50;0;
1296;1015304;808828928;14290944;856969216;0;0;0;0;0;0;0;0;0;0;0;1563;0;0;53;0;50;0;
1297;1070418;808828928;14290944;856969216;0;0;0;0;0;0;0;0;0;0;0;1663;0;0;53;0;50;0;
1298;913032;808828928;14290944;856969216;0;0;0;0;0;0;0;0;0;0;0;1893;0;0;53;0;50;0;
1299;920336;808828928;14290944;856969216;0;0;0;0;0;0;0;0;0;0;0;1503;0;0;53;0;50;0;
1300;1793454;808828928;14290944;856969216;0;0;0;0;0;0;0;0;0;0;0;1503;0;0;53;0;50;0;
1301;2003998;808828928;14290944;856969216;0;0;0;0;0;0;0;0;0;0;0;1443;0;0;53;0;50;0;
1302;1078863;808828928;14290944;856969216;0;0;0;0;0;0;0;0;0;0;0;1733;0;0;53;0;50;0;
1303;1099001;808828928;14290944;856969216;0;0;0;0;0;0;0;0;0;0;0;1753;0;0;53;0;50;0;
1304;1483402;808828928;14290944;856969216;0;0;0;0;0;0;0;0;0;0;0;1583;0;0;53;0;50;0;
1305;1002470;808828928;14290944;856969216;0;0;0;0;0;0;0;0;0;0;0;1813;0;0;53;0;50;0;
1306;997551;808828928;14290944;856969216;0;0;0;0;0;0;0;0;0;0;0;1713;0;0;53;0;50;0;
1307;1363588;808828928;14290944;856969216;0;0;0;0;0;0;0;0;0;0;0;1683;0;0;53;0;50;0;
1308;1150517;808828928;14290944;856969216;0;0;0;0;0;0;0;0;0;0;0;1683;0;0;53;0;50;0;
1309;1941962;806240256;11300864;853979136;0;0;0;0;0;0;0;0;0;0;0;1864;0;0;53;0;50;0;
1310;1429421;806240256;11300864;853979136;0;0;0;0;0;0;0;0;0;0;0;3567;0;0;53;0;50;0;
1311;1185503;806240256;11300864;853979136;0;0;0;0;0;0;0;0;0;0;0;1793;0;0;53;0;50;0;
1312;1061861;806240256;11300864;853979136;0;0;0;0;0;0;0;0;0;0;0;1593;0;0;53;0;50;0;
1313;1380258;806240256;11300864;853979136;0;0;0;0;0;0;0;0;0;0;0;1663;0;0;53;0;50;0;
1314;1205471;806240256;11300864;853979136;0;0;0;0;0;0;0;0;0;0;0;1633;0;0;53;0;50;0;
1315;1035031;806240256;11300864;853979136;0;0;0;0;0;0;0;0;0;0;0;2084;0;0;53;0;50;0;
1316;1239074;806240256;11300864;853979136;0;0;0;0;0;0;0;0;0;0;0;1633;0;0;53;0;50;0;
1317;2333646;806240256;13905920;856584192;0;0;0;0;0;0;0;0;0;0;0;1643;0;0;53;0;50;0;
1318;1471219;806240256;13905920;856584192;0;0;0;0;0;0;0;0;0;0;0;1703;0;0;53;0;50;0;
1319;1237632;806240256;13905920;856584192;0;0;0;0;0;0;0;0;0;0;0;1693;0;0;53;0;50;0;
1320;1223495;806240256;13905920;856584192;0;0;0;0;0;0;0;0;0;0;0;1934;0;0;53;0;50;0;
1321;1273168;806240256;13905920;856584192;0;0;0;0;0;0;0;0;0;0;0;1633;0;0;53;0;50;0;
1322;1349942;806240256;13905920;856584192;0;0;0;0;0;0;0;0;0;0;0;1623;0;0;53;0;50;0;
1323;1324965;806240256;13905920;856584192;0;0;0;0;0;0;0;0;0;0;0;1613;0;0;53;0;50;0;
1324;1285300;806240256;13905920;856584192;0;0;0;0;0;0;0;0;0;0;0;1653;0;0;53;0;50;0;
1325;4796295;806506496;13905920;856584192;0;0;0;0;0;0;0;0;0;0;0;2114;0;0;53;0;50;0;
1326;3003001;806776832;13910016;856588288;0;0;0;0;0;0;0;0;0;0;0;1653;0;0;53;0;50;0;
1327;1885275;806776832;13910016;856588288;0;0;0;0;0;0;0;0;0;0;0;1854;0;0;53;0;50;0;
1328;1188789;806776832;13910016;856588288;0;0;0;0;0;0;0;0;0;0;0;1573;0;0;53;0;50;0;
1329;1346135;806776832;13910016;856588288;0;0;0;0;0;0;0;0;0;0;0;1833;0;0;53;0;50;0;
1330;1367886;806776832;13910016;856588288;0;0;0;0;0;0;0;0;0;0;0;1744;0;0;53;0;50;0;
1331;1291402;806776832;13910016;856588288;0;0;0;0;0;0;0;0;0;0;0;1783;0;0;53;0;50;0;
1332;1598969;807047168;13910016;856588288;0;0;0;0;0;0;0;0;0;0;0;1724;0;0;53;0;50;0;
1333;1891167;807317504;13910016;856588288;0;0;0;0;0;0;0;0;0;0;0;1884;0;0;53;0;50;0;
1334;1847124;807317504;13910016;856588288;0;0;0;0;0;0;0;0;0;0;0;1653;0;0;53;0;50;0;
1335;1295720;807317504;13910016;856588288;0;0;0;0;0;0;0;0;0;0;0;1693;0;0;53;0;50;0;
1336;1459507;807317504;13910016;856588288;0;0;0;0;0;0;0;0;0;0;0;1954;0;0;53;0;50;0;
1337;1779517;807317504;13910016;856588288;0;0;0;0;0;0;0;0;0;0;0;1813;0;0;53;0;50;0;
1338;1543003;807317504;13910016;856588288;0;0;0;0;0;0;0;0;0;0;0;1703;0;0;53;0;50;0;
1339;1219627;807317504;13910016;856588288;0;0;0;0;0;0;0;0;0;0;0;1633;0;0;53;0;50;0;
1340;1433629;807317504;13910016;856588288;0;0;0;0;0;0;0;0;0;0;0;1703;0;0;53;0;50;0;
1341;1166077;807317504;13910016;856588288;0;0;0;0;0;0;0;0;0;0;0;1833;0;0;53;0;50;0;
1342;1684910;807587840;13910016;856588288;0;0;0;0;0;0;0;0;0;0;0;2014;0;0;53;0;50;0;
1343;1231109;807587840;13910016;856588288;0;0;0;0;0;0;0;0;0;0;0;1403;0;0;53;0;50;0;
1344;1251066;807587840;13910016;856588288;0;0;0;0;0;0;0;0;0;0;0;1333;0;0;53;0;50;0;
1345;1323553;807587840;13910016;856588288;0;0;0;0;0;0;0;0;0;0;0;1352;0;0;53;0;50;0;
1346;956453;807587840;13910016;856588288;0;0;0;0;0;0;0;0;0;0;0;1492;0;0;53;0;50;0;
1347;952846;807587840;13910016;856588288;0;0;0;0;0;0;0;0;0;0;0;1563;0;0;53;0;50;0;
1348;1100093;807587840;13910016;856588288;0;0;0;0;0;0;0;0;0;0;0;1382;0;0;53;0;50;0;
1349;1495575;807858176;13910016;856588288;0;0;0;0;0;0;0;0;0;0;0;1853;0;0;53;0;50;0;
1350;1842025;808128512;13910016;856588288;0;0;0;0;0;0;0;0;0;0;0;1562;0;0;53;0;50;0;
1351;1447665;808128512;13910016;856588288;0;0;0;0;0;0;0;0;0;0;0;1724;0;0;53;0;50;0;
1352;1557852;808128512;13910016;856588288;0;0;0;0;0;0;0;0;0;0;0;1723;0;0;53;0;50;0;
1353;1427517;808128512;13910016;856588288;0;0;0;0;0;0;0;0;0;0;0;1603;0;0;53;0;50;0;
1354;1644054;808128512;13910016;856588288;0;0;0;0;0;0;0;0;0;0;0;1563;0;0;53;0;50;0;
1355;1253421;808128512;13910016;856588288;0;0;0;0;0;0;0;0;0;0;0;1633;0;0;53;0;50;0;
1356;2088687;808128512;13910016;856588288;0;0;0;0;0;0;0;0;0;0;0;1573;0;0;53;0;50;0;
1357;1106786;808128512;13910016;856588288;0;0;0;0;0;0;0;0;0;0;0;1463;0;0;53;0;50;0;
1358;1887900;808398848;13910016;856588288;0;0;0;0;0;0;0;0;0;0;0;1743;0;0;53;0;50;0;
1359;1171407;808398848;13910016;856588288;0;0;0;0;0;0;0;0;0;0;0;1893;0;0;53;0;50;0;
1360;1306380;808398848;13910016;856588288;0;0;0;0;0;0;0;0;0;0;0;1743;0;0;53;0;50;0;
1361;1680692;808398848;13910016;856588288;0;0;0;0;0;0;0;0;0;0;0;1583;0;0;53;0;50;0;
1362;1598858;808398848;13910016;856588288;0;0;0;0;0;0;0;0;0;0;0;2044;0;0;53;0;50;0;
1363;1685151;808669184;13910016;856588288;0;0;0;0;0;0;0;0;0;0;0;1573;0;0;53;0;50;0;
1364;1673769;808669184;13910016;856588288;0;0;0;0;0;0;0;0;0;0;0;1874;0;0;53;0;50;0;
1365;1293375;808669184;13910016;856588288;0;0;0;0;0;0;0;0;0;0;0;1673;0;0;53;0;50;0;
1366;2017052;808669184;13910016;856588288;0;0;0;0;0;0;0;0;0;0;0;1523;0;0;53;0;50;0;
1367;1785829;808669184;13910016;856588288;0;0;0;0;0;0;0;0;0;0;0;1533;0;0;53;0;50;0;
1368;1560196;808669184;13910016;856588288;0;0;0;0;0;0;0;0;0;0;0;1552;0;0;53;0;50;0;
1369;1270633;808669184;13910016;856588288;0;0;0;0;0;0;0;0;0;0;0;1753;0;0;53;0;50;0;
1370;1332148;808669184;13910016;856588288;0;0;0;0;0;0;0;0;0;0;0;1633;0;0;53;0;50;0;
1371;1561518;808669184;13910016;856588288;0;0;0;0;0;0;0;0;0;0;0;1623;0;0;53;0;50;0;
1372;1411006;808669184;13910016;856588288;0;0;0;0;0;0;0;0;0;0;0;1663;0;0;53;0;50;0;
1373;1115401;808669184;13910016;856588288;0;0;0;0;0;0;0;0;0;0;0;1633;0;0;53;0;50;0;
1374;1980104;808669184;13910016;856588288;0;0;0;0;0;0;0;0;0;0;0;1764;0;0;53;0;50;0;
1375;1442155;808669184;13910016;856588288;0;0;0;0;0;0;0;0;0;0;0;1753;0;0;53;0;50;0;
1376;1300800;808669184;13910016;856588288;0;0;0;0;0;0;0;0;0;0;0;1583;0;0;53;0;50;0;
1377;1648622;808669184;13910016;856588288;0;0;0;0;0;0;0;0;0;0;0;1803;0;0;53;0;50;0;
1378;1279840;808669184;13910016;856588288;0;0;0;0;0;0;0;0;0;0;0;1713;0;0;53;0;50;0;
1379;1287815;808669184;13910016;856588288;0;0;0;0;0;0;0;0;0;0;0;1663;0;0;53;0;50;0;
1380;1470688;808669184;13910016;856588288;0;0;0;0;0;0;0;0;0;0;0;1413;0;0;53;0;50;0;
1381;1035752;808669184;13910016;856588288;0;0;0;0;0;0;0;0;0;0;0;1503;0;0;53;0;50;0;
1382;1898891;808476672;13692928;856371200;0;0;0;0;0;0;0;0;0;0;0;1753;0;0;53;0;50;0;
1383;1038788;808476672;13692928;856371200;0;0;0;0;0;0;0;0;0;0;0;1473;0;0;53;0;50;0;
1384;999114;808476672;13692928;856371200;0;0;0;0;0;0;0;0;0;0;0;1563;0;0;53;0;50;0;
1385;1071189;808476672;13692928;856371200;0;0;0;0;0;0;0;0;0;0;0;1353;0;0;53;0;50;0;
1386;1417258;808476672;13692928;856371200;0;0;0;0;0;0;0;0;0;0;0;1673;0;0;53;0;50;0;
1387;1246648;808476672;13692928;856371200;0;0;0;0;0;0;0;0;0;0;0;1432;0;0;53;0;50;0;
1388;983214;808476672;13692928;856371200;0;0;0;0;0;0;0;0;0;0;0;1413;0;0;53;0;50;0;
1389;1208937;808476672;13692928;856371200;0;0;0;0;0;0;0;0;0;0;0;1372;0;0;53;0;50;0;
1390;1125130;808476672;13692928;856371200;0;0;0;0;0;0;0;0;0;0;0;1332;0;0;53;0;50;0;
1391;1092849;808476672;13692928;856371200;0;0;0;0;0;0;0;0;0;0;0;1744;0;0;53;0;50;0;
1392;1128607;808476672;13692928;856371200;0;0;0;0;0;0;0;0;0;0;0;1363;0;0;53;0;50;0;
1393;1208717;808476672;13692928;856371200;0;0;0;0;0;0;0;0;0;0;0;1463;0;0;53;0;50;0;
1394;1115733;808476672;13692928;856371200;0;0;0;0;0;0;0;0;0;0;0;1532;0;0;53;0;50;0;
1395;1608717;808476672;13692928;856371200;0;0;0;0;0;0;0;0;0;0;0;1804;0;0;53;0;50;0;
1396;896852;808476672;13692928;856371200;0;0;0;0;0;0;0;0;0;0;0;1332;0;0;53;0;50;0;
1397;2655510;812527616;13692928;856371200;0;0;0;0;0;0;0;0;0;0;0;2234;0;0;54;0;50;0;
1398;4547980;812527616;13692928;856371200;0;0;0;0;0;0;0;0;0;0;0;1342;0;0;54;0;50;0;
1399;1967109;812527616;13692928;856371200;0;0;0;0;0;0;0;0;0;0;0;1363;0;0;54;0;50;0;
1400;1147632;812527616;13692928;856371200;0;0;0;0;0;0;0;0;0;0;0;1392;0;0;54;0;50;0;
1401;1279500;812527616;13692928;856371200;0;0;0;0;0;0;0;0;0;0;0;1452;0;0;54;0;50;0;
1402;916700;812527616;13692928;856371200;0;0;0;0;0;0;0;0;0;0;0;1363;0;0;54;0;50;0;
1403;1441774;812527616;13692928;856371200;0;0;0;0;0;0;0;0;0;0;0;1834;0;0;54;0;50;0;
1404;1148323;812527616;13692928;856371200;0;0;0;0;0;0;0;0;0;0;0;1323;0;0;54;0;50;0;
1405;1328682;812527616;13692928;856371200;0;0;0;0;0;0;0;0;0;0;0;1322;0;0;54;0;50;0;
1406;898876;812527616;13692928;856371200;0;0;0;0;0;0;0;0;0;0;0;1583;0;0;54;0;50;0;
1407;1064466;812527616;13692928;856371200;0;0;0;0;0;0;0;0;0;0;0;1553;0;0;54;0;50;0;
1408;1172679;812527616;13692928;856371200;0;0;0;0;0;0;0;0;0;0;0;1433;0;0;54;0;50;0;
1409;1129318;812527616;13692928;856371200;0;0;0;0;0;0;0;0;0;0;0;1513;0;0;54;0;50;0;
1410;933861;812527616;13692928;856371200;0;0;0;0;0;0;0;0;0;0;0;1382;0;0;54;0;50;0;
1411;870602;812527616;13692928;856371200;0;0;0;0;0;0;0;0;0;0;0;1353;0;0;54;0;50;0;
1412;1717210;812527616;13692928;856371200;0;0;0;0;0;0;0;0;0;0;0;1352;0;0;54;0;50;0;
1413;876614;812527616;13692928;856371200;0;0;0;0;0;0;0;0;0;0;0;1603;0;0;54;0;50;0;
1414;855544;812527616;13692928;856371200;0;0;0;0;0;0;0;0;0;0;0;1332;0;0;54;0;50;0;
1415;1113238;812527616;13692928;856371200;0;0;0;0;0;0;0;0;0;0;0;1633;0;0;54;0;50;0;
1416;998252;812527616;13692928;856371200;0;0;0;0;0;0;0;0;0;0;0;1503;0;0;54;0;50;0;
1417;997571;812527616;13692928;856371200;0;0;0;0;0;0;0;0;0;0;0;1723;0;0;54;0;50;0;
1418;826620;812527616;13692928;856371200;0;0;0;0;0;0;0;0;0;0;0;1623;0;0;54;0;50;0;
1419;1168621;812527616;13692928;856371200;0;0;0;0;0;0;0;0;0;0;0;1794;0;0;54;0;50;0;
1420;1140699;812527616;13692928;856371200;0;0;0;0;0;0;0;0;0;0;0;1503;0;0;54;0;50;0;
1421;960170;812527616;13692928;856371200;0;0;0;0;0;0;0;0;0;0;0;1492;0;0;54;0;50;0;
1422;1089955;812527616;13692928;856371200;0;0;0;0;0;0;0;0;0;0;0;108022;0;0;54;0;50;0;
1423;1234155;812527616;13692928;856371200;0;0;0;0;0;0;0;0;0;0;0;1363;0;0;54;0;50;0;
1424;1524619;812527616;13692928;856371200;0;0;0;0;0;0;0;0;0;0;0;1343;0;0;54;0;50;0;
1425;1049939;812527616;13692928;856371200;0;0;0;0;0;0;0;0;0;0;0;1453;0;0;54;0;50;0;
1426;1376842;812527616;13692928;856371200;0;0;0;0;0;0;0;0;0;0;0;1613;0;0;54;0;50;0;
1427;1218846;812527616;13692928;856371200;0;0;0;0;0;0;0;0;0;0;0;1694;0;0;54;0;50;0;
1428;839395;812527616;13692928;856371200;0;0;0;0;0;0;0;0;0;0;0;1503;0;0;54;0;50;0;
1429;1016897;812527616;13692928;856371200;0;0;0;0;0;0;0;0;0;0;0;1483;0;0;54;0;50;0;
1430;964148;812527616;13692928;856371200;0;0;0;0;0;0;0;0;0;0;0;1553;0;0;54;0;50;0;
1431;1506776;812527616;13692928;856371200;0;0;0;0;0;0;0;0;0;0;0;1493;0;0;54;0;50;0;
1432;1006648;812527616;13692928;856371200;0;0;0;0;0;0;0;0;0;0;0;1422;0;0;54;0;50;0;
1433;1269801;812527616;13692928;856371200;0;0;0;0;0;0;0;0;0;0;0;1272;0;0;54;0;50;0;
1434;777267;812527616;13692928;856371200;0;0;0;0;0;0;0;0;0;0;0;1412;0;0;54;0;50;0;
1435;963026;812527616;13692928;856371200;0;0;0;0;0;0;0;0;0;0;0;1523;0;0;54;0;50;0;
1436;944882;812527616;13692928;856371200;0;0;0;0;0;0;0;0;0;0;0;1422;0;0;54;0;50;0;
1437;905388;812527616;13692928;856371200;0;0;0;0;0;0;0;0;0;0;0;1753;0;0;54;0;50;0;
1438;1281554;812527616;13692928;856371200;0;0;0;0;0;0;0;0;0;0;0;1603;0;0;54;0;50;0;
1439;768371;812527616;13692928;856371200;0;0;0;0;0;0;0;0;0;0;0;1372;0;0;54;0;50;0;
1440;1311289;812527616;13692928;856371200;0;0;0;0;0;0;0;0;0;0;0;1343;0;0;54;0;50;0;
1441;873999;812527616;13692928;856371200;0;0;0;0;0;0;0;0;0;0;0;1363;0;0;54;0;50;0;
1442;1236929;812527616;13692928;856371200;0;0;0;0;0;0;0;0;0;0;0;1413;0;0;54;0;50;0;
1443;813245;812527616;13692928;856371200;0;0;0;0;0;0;0;0;0;0;0;1383;0;0;54;0;50;0;
1444;895709;812527616;13692928;856371200;0;0;0;0;0;0;0;0;0;0;0;1623;0;0;54;0;50;0;
1445;746550;812527616;13692928;856371200;0;0;0;0;0;0;0;0;0;0;0;1553;0;0;54;0;50;0;
1446;1131662;812527616;13692928;856371200;0;0;0;0;0;0;0;0;0;0;0;1393;0;0;54;0;50;0;
1447;1914931;810356736;11304960;853983232;0;0;0;0;0;0;0;0;0;0;0;1413;0;0;54;0;50;0;
1448;1335956;810356736;11304960;853983232;0;0;0;0;0;0;0;0;0;0;0;1673;0;0;54;0;50;0;
1449;1128787;810356736;11304960;853983232;0;0;0;0;0;0;0;0;0;0;0;2114;0;0;54;0;50;0;
1450;1092439;810356736;11304960;853983232;0;0;0;0;0;0;0;0;0;0;0;1593;0;0;54;0;50;0;
1451;1222423;810356736;11304960;853983232;0;0;0;0;0;0;0;0;0;0;0;1643;0;0;54;0;50;0;
1452;2146516;810356736;11304960;853983232;0;0;0;0;0;0;0;0;0;0;0;2004;0;0;54;0;50;0;
1453;1110873;810356736;11304960;853983232;0;0;0;0;0;0;0;0;0;0;0;1543;0;0;54;0;50;0;
1454;7499174;810622976;13692928;856371200;0;0;0;0;0;0;0;0;0;0;0;1683;0;0;54;0;50;0;
1455;2915708;810893312;13701120;856379392;0;0;0;0;0;0;0;0;0;0;0;2284;0;0;54;0;50;0;
1456;2104497;810893312;13701120;856379392;0;0;0;0;0;0;0;0;0;0;0;1653;0;0;54;0;50;0;
1457;3506727;819060736;13701120;873156608;0;0;0;0;0;0;0;0;0;0;0;2906;0;0;55;0;50;0;
1458;1327269;819060736;13701120;873156608;0;0;0;0;0;0;0;0;0;0;0;1824;0;0;55;0;50;0;
1459;1088040;819060736;13701120;873156608;0;0;0;0;0;0;0;0;0;0;0;1774;0;0;55;0;50;0;
1460;1183429;819060736;13701120;873156608;0;0;0;0;0;0;0;0;0;0;0;1583;0;0;55;0;50;0;
1461;1464947;819326976;13701120;873156608;0;0;0;0;0;0;0;0;0;0;0;1313;0;0;55;0;50;0;
1462;2015760;819597312;13701120;873156608;0;0;0;0;0;0;0;0;0;0;0;1623;0;0;55;0;50;0;
1463;2489679;819597312;13701120;873156608;0;0;0;0;0;0;0;0;0;0;0;1522;0;0;55;0;50;0;
1464;980990;819597312;13701120;873156608;0;0;0;0;0;0;0;0;0;0;0;1322;0;0;55;0;50;0;
1465;917771;819597312;13701120;873156608;0;0;0;0;0;0;0;0;0;0;0;1352;0;0;55;0;50;0;
1466;887074;819597312;13701120;873156608;0;0;0;0;0;0;0;0;0;0;0;1372;0;0;55;0;50;0;
1467;1168662;819597312;13701120;873156608;0;0;0;0;0;0;0;0;0;0;0;1403;0;0;55;0;50;0;
1468;1211642;819597312;13701120;873156608;0;0;0;0;0;0;0;0;0;0;0;1363;0;0;55;0;50;0;
1469;1629105;819867648;13701120;873156608;0;0;0;0;0;0;0;0;0;0;0;1563;0;0;55;0;50;0;
1470;1905935;819867648;13701120;873156608;0;0;0;0;0;0;0;0;0;0;0;1483;0;0;55;0;50;0;
1471;1351725;819867648;13701120;873156608;0;0;0;0;0;0;0;0;0;0;0;1764;0;0;55;0;50;0;
1472;1647620;819867648;13701120;873156608;0;0;0;0;0;0;0;0;0;0;0;1523;0;0;55;0;50;0;
1473;1817739;819867648;13701120;873156608;0;0;0;0;0;0;0;0;0;0;0;1423;0;0;55;0;50;0;
1474;1331056;819867648;13701120;873156608;0;0;0;0;0;0;0;0;0;0;0;1502;0;0;55;0;50;0;
1475;1358578;820133888;13701120;873156608;0;0;0;0;0;0;0;0;0;0;0;1333;0;0;55;0;50;0;
1476;1977839;820404224;13701120;873156608;0;0;0;0;0;0;0;0;0;0;0;1633;0;0;55;0;50;0;
1477;1025583;820404224;13701120;873156608;0;0;0;0;0;0;0;0;0;0;0;1332;0;0;55;0;50;0;
1478;2677762;826695680;13701120;889933824;0;0;0;0;0;0;0;0;0;0;0;2605;0;0;56;0;50;0;
1479;1554475;826695680;13701120;889933824;0;0;0;0;0;0;0;0;0;0;0;1452;0;0;56;0;50;0;
1480;944912;826695680;13701120;889933824;0;0;0;0;0;0;0;0;0;0;0;1363;0;0;56;0;50;0;
1481;987782;826695680;13701120;889933824;0;0;0;0;0;0;0;0;0;0;0;1553;0;0;56;0;50;0;
1482;1468454;826695680;13701120;889933824;0;0;0;0;0;0;0;0;0;0;0;1322;0;0;56;0;50;0;
1483;2005220;826945536;13701120;889933824;0;0;0;0;0;0;0;0;0;0;0;1393;0;0;56;0;50;0;
1484;1424461;826945536;13701120;889933824;0;0;0;0;0;0;0;0;0;0;0;1342;0;0;56;0;50;0;
1485;1657989;826945536;13701120;889933824;0;0;0;0;0;0;0;0;0;0;0;1202;0;0;56;0;50;0;
1486;1409403;826945536;13701120;889933824;0;0;0;0;0;0;0;0;0;0;0;1443;0;0;56;0;50;0;
1487;1078212;826945536;13701120;889933824;0;0;0;0;0;0;0;0;0;0;0;1362;0;0;56;0;50;0;
1488;1342498;826945536;13701120;889933824;0;0;0;0;0;0;0;0;0;0;0;1352;0;0;56;0;50;0;
1489;3275583;831201280;13701120;889933824;0;0;0;0;0;0;0;0;0;0;0;1934;0;0;57;0;50;0;
1490;2132769;831467520;13701120;889933824;0;0;0;0;0;0;0;0;0;0;0;1352;0;0;57;0;50;0;
1491;1300960;831467520;13701120;889933824;0;0;0;0;0;0;0;0;0;0;0;1353;0;0;57;0;50;0;
1492;1020133;831467520;13701120;889933824;0;0;0;0;0;0;0;0;0;0;0;1383;0;0;57;0;50;0;
1493;1212223;831467520;13701120;889933824;0;0;0;0;0;0;0;0;0;0;0;1313;0;0;57;0;50;0;
1494;1662998;831467520;13701120;889933824;0;0;0;0;0;0;0;0;0;0;0;1373;0;0;57;0;50;0;
1495;1494793;831467520;13701120;889933824;0;0;0;0;0;0;0;0;0;0;0;1513;0;0;57;0;50;0;
1496;1934218;831467520;13701120;889933824;0;0;0;0;0;0;0;0;0;0;0;1382;0;0;57;0;50;0;
1497;1738621;831467520;13701120;889933824;0;0;0;0;0;0;0;0;0;0;0;1323;0;0;57;0;50;0;
1498;1212393;831467520;13701120;889933824;0;0;0;0;0;0;0;0;0;0;0;1352;0;0;57;0;50;0;
1499;2494738;835518464;13701120;889933824;0;0;0;0;0;0;0;0;0;0;0;1964;0;0;58;0;50;0;
1500;1403041;835518464;13701120;889933824;0;0;0;0;0;0;0;0;0;0;0;1433;0;0;58;0;50;0;
1501;1653611;835518464;13701120;889933824;0;0;0;0;0;0;0;0;0;0;0;1323;0;0;58;0;50;0;
1502;1531192;835518464;13701120;889933824;0;0;0;0;0;0;0;0;0;0;0;1493;0;0;58;0;50;0;
1503;1762455;835518464;13701120;889933824;0;0;0;0;0;0;0;0;0;0;0;1373;0;0;58;0;50;0;
1504;1917736;835698688;13692928;889925632;0;0;0;0;0;0;0;0;0;0;0;1423;0;0;58;0;50;0;
1505;2573827;835698688;13692928;889925632;0;0;0;0;0;0;0;0;0;0;0;2094;0;0;58;0;50;0;
1506;1618976;835698688;13692928;889925632;0;0;0;0;0;0;0;0;0;0;0;1633;0;0;58;0;50;0;
1507;1611692;835698688;13692928;889925632;0;0;0;0;0;0;0;0;0;0;0;1403;0;0;58;0;50;0;
1508;1387462;835698688;13692928;889925632;0;0;0;0;0;0;0;0;0;0;0;1583;0;0;58;0;50;0;
1509;1589090;835698688;13692928;889925632;0;0;0;0;0;0;0;0;0;0;0;1483;0;0;58;0;50;0;
1510;1194680;835698688;13692928;889925632;0;0;0;0;0;0;0;0;0;0;0;1362;0;0;58;0;50;0;
1511;4193615;835698688;13692928;889925632;0;0;0;0;0;0;0;0;0;0;0;1433;0;0;58;0;50;0;
1512;2272081;835698688;13701120;889933824;0;0;0;0;0;0;0;0;0;0;0;1953;0;0;58;0;50;0;
1513;1498110;835698688;13701120;889933824;0;0;0;0;0;0;0;0;0;0;0;2094;0;0;58;0;50;0;
1514;1460018;835698688;13701120;889933824;0;0;0;0;0;0;0;0;0;0;0;1904;0;0;58;0;50;0;
1515;1045110;835698688;13701120;889933824;0;0;0;0;0;0;0;0;0;0;0;1813;0;0;58;0;50;0;
1516;1070117;835698688;13701120;889933824;0;0;0;0;0;0;0;0;0;0;0;1693;0;0;58;0;50;0;
1517;1319244;835698688;13701120;889933824;0;0;0;0;0;0;0;0;0;0;0;1663;0;0;58;0;50;0;
1518;1221180;835698688;13701120;889933824;0;0;0;0;0;0;0;0;0;0;0;1382;0;0;58;0;50;0;
1519;1808932;835698688;13701120;889933824;0;0;0;0;0;0;0;0;0;0;0;1543;0;0;58;0;50;0;
1520;1451402;835698688;13701120;889933824;0;0;0;0;0;0;0;0;0;0;0;1503;0;0;58;0;50;0;
1521;1248632;835698688;13701120;889933824;0;0;0;0;0;0;0;0;0;0;0;1322;0;0;58;0;50;0;
1522;1587527;835698688;13701120;889933824;0;0;0;0;0;0;0;0;0;0;0;1492;0;0;58;0;50;0;
1523;1417148;835698688;13701120;889933824;0;0;0;0;0;0;0;0;0;0;0;1463;0;0;58;0;50;0;
1524;1226280;835698688;13701120;889933824;0;0;0;0;0;0;0;0;0;0;0;1382;0;0;58;0;50;0;
1525;1175285;835698688;13701120;889933824;0;0;0;0;0;0;0;0;0;0;0;1453;0;0;58;0;50;0;
1526;1813271;835698688;13701120;889933824;0;0;0;0;0;0;0;0;0;0;0;1383;0;0;58;0;50;0;
1527;1278789;835698688;13701120;889933824;0;0;0;0;0;0;0;0;0;0;0;1403;0;0;58;0;50;0;
1528;1529378;835698688;13701120;889933824;0;0;0;0;0;0;0;0;0;0;0;1372;0;0;58;0;50;0;
1529;5247401;839675904;13701120;889933824;0;0;0;0;0;0;0;0;0;0;0;3086;0;0;59;0;50;0;
1530;1571507;839675904;13701120;889933824;0;0;0;0;0;0;0;0;0;0;0;1383;0;0;59;0;50;0;
1531;1812158;839675904;13701120;889933824;0;0;0;0;0;0;0;0;0;0;0;1412;0;0;59;0;50;0;
1532;1369859;839675904;13701120;889933824;0;0;0;0;0;0;0;0;0;0;0;1553;0;0;59;0;50;0;
1533;1893461;839675904;13701120;889933824;0;0;0;0;0;0;0;0;0;0;0;1433;0;0;59;0;50;0;
1534;1629286;839675904;13701120;889933824;0;0;0;0;0;0;0;0;0;0;0;1292;0;0;59;0;50;0;
1535;1264782;839675904;13701120;889933824;0;0;0;0;0;0;0;0;0;0;0;1393;0;0;59;0;50;0;
1536;1588479;839675904;13701120;889933824;0;0;0;0;0;0;0;0;0;0;0;1523;0;0;59;0;50;0;
1537;2014929;839675904;13701120;889933824;0;0;0;0;0;0;0;0;0;0;0;1924;0;0;59;0;50;0;
1538;1870258;839675904;13701120;889933824;0;0;0;0;0;0;0;0;0;0;0;1453;0;0;59;0;50;0;
1539;942308;839675904;13701120;889933824;0;0;0;0;0;0;0;0;0;0;0;1503;0;0;59;0;50;0;
1540;1600111;839675904;13701120;889933824;0;0;0;0;0;0;0;0;0;0;0;1523;0;0;59;0;50;0;
1541;1478423;839675904;13701120;889933824;0;0;0;0;0;0;0;0;0;0;0;1202;0;0;59;0;50;0;
1542;1106916;839675904;13701120;889933824;0;0;0;0;0;0;0;0;0;0;0;1362;0;0;59;0;50;0;
1543;1267807;839675904;13701120;889933824;0;0;0;0;0;0;0;0;0;0;0;1373;0;0;59;0;50;0;
1544;1389365;839675904;13701120;889933824;0;0;0;0;0;0;0;0;0;0;0;1382;0;0;59;0;50;0;
1545;1050731;839675904;13701120;889933824;0;0;0;0;0;0;0;0;0;0;0;1393;0;0;59;0;50;0;
1546;1744872;839675904;13701120;889933824;0;0;0;0;0;0;0;0;0;0;0;1353;0;0;59;0;50;0;
1547;1700018;839675904;13701120;889933824;0;0;0;0;0;0;0;0;0;0;0;1393;0;0;59;0;50;0;
1548;1388584;839675904;13701120;889933824;0;0;0;0;0;0;0;0;0;0;0;1393;0;0;59;0;50;0;
1549;1128657;839675904;13701120;889933824;0;0;0;0;0;0;0;0;0;0;0;1593;0;0;59;0;50;0;
1550;1913378;839675904;13701120;889933824;0;0;0;0;0;0;0;0;0;0;0;1593;0;0;59;0;50;0;
1551;1817448;843870208;13701120;906711040;0;0;0;0;0;0;0;0;0;0;0;2114;0;0;59;0;50;0;
1552;1401308;843870208;13701120;906711040;0;0;0;0;0;0;0;0;0;0;0;1333;0;0;59;0;50;0;
1553;1063094;843870208;13701120;906711040;0;0;0;0;0;0;0;0;0;0;0;1372;0;0;59;0;50;0;
1554;1408812;843870208;13701120;906711040;0;0;0;0;0;0;0;0;0;0;0;1352;0;0;59;0;50;0;
1555;1037065;843870208;13701120;906711040;0;0;0;0;0;0;0;0;0;0;0;1473;0;0;59;0;50;0;
1556;1057183;843870208;13701120;906711040;0;0;0;0;0;0;0;0;0;0;0;1663;0;0;59;0;50;0;
1557;971341;843870208;13701120;906711040;0;0;0;0;0;0;0;0;0;0;0;1412;0;0;59;0;50;0;
1558;1204509;843870208;13701120;906711040;0;0;0;0;0;0;0;0;0;0;0;1533;0;0;59;0;50;0;
1559;883106;843870208;13701120;906711040;0;0;0;0;0;0;0;0;0;0;0;1403;0;0;59;0;50;0;
1560;903675;843870208;13701120;906711040;0;0;0;0;0;0;0;0;0;0;0;1332;0;0;59;0;50;0;
1561;3452364;848052224;13451264;906461184;0;0;0;0;0;0;0;0;0;0;0;2585;0;0;60;0;50;0;
1562;1495365;848052224;13451264;906461184;0;0;0;0;0;0;0;0;0;0;0;1533;0;0;60;0;50;0;
1563;1028589;848052224;13451264;906461184;0;0;0;0;0;0;0;0;0;0;0;1373;0;0;60;0;50;0;
1564;1302072;848052224;13451264;906461184;0;0;0;0;0;0;0;0;0;0;0;1513;0;0;60;0;50;0;
1565;1164343;848052224;13451264;906461184;0;0;0;0;0;0;0;0;0;0;0;1522;0;0;60;0;50;0;
1566;962916;848052224;13451264;906461184;0;0;0;0;0;0;0;0;0;0;0;1352;0;0;60;0;50;0;
1567;1056441;848052224;13451264;906461184;0;0;0;0;0;0;0;0;0;0;0;1323;0;0;60;0;50;0;
1568;4025079;848052224;13451264;906461184;0;0;0;0;0;0;0;0;0;0;0;1323;0;0;60;0;50;0;
1569;3398533;848052224;13459456;906469376;0;0;0;0;0;0;0;0;0;0;0;1563;0;0;60;0;50;0;
1570;1332459;848052224;13459456;906469376;0;0;0;0;0;0;0;0;0;0;0;1793;0;0;60;0;50;0;
1571;1635968;848052224;13459456;906469376;0;0;0;0;0;0;0;0;0;0;0;1944;0;0;60;0;50;0;
1572;1285331;848052224;13459456;906469376;0;0;0;0;0;0;0;0;0;0;0;1803;0;0;60;0;50;0;
1573;1491116;848052224;13459456;906469376;0;0;0;0;0;0;0;0;0;0;0;1683;0;0;60;0;50;0;
1574;1515652;848052224;13459456;906469376;0;0;0;0;0;0;0;0;0;0;0;1423;0;0;60;0;50;0;
1575;1196934;848052224;13459456;906469376;0;0;0;0;0;0;0;0;0;0;0;1393;0;0;60;0;50;0;
1576;2138250;848052224;13459456;906469376;0;0;0;0;0;0;0;0;0;0;0;56005;0;0;60;0;50;0;
1577;1495765;848052224;13459456;906469376;0;0;0;0;0;0;0;0;0;0;0;1403;0;0;60;0;50;0;
1578;1495564;848052224;13459456;906469376;0;0;0;0;0;0;0;0;0;0;0;1512;0;0;60;0;50;0;
1579;1336206;848052224;13459456;906469376;0;0;0;0;0;0;0;0;0;0;0;1363;0;0;60;0;50;0;
1580;3579613;852025344;13459456;906469376;0;0;0;0;0;0;0;0;0;0;0;3667;0;0;61;0;50;0;
1581;1907767;852025344;13459456;906469376;0;0;0;0;0;0;0;0;0;0;0;1333;0;0;61;0;50;0;
1582;1210190;852025344;13459456;906469376;0;0;0;0;0;0;0;0;0;0;0;1452;0;0;61;0;50;0;
1583;1886979;852025344;13459456;906469376;0;0;0;0;0;0;0;0;0;0;0;1452;0;0;61;0;50;0;
1584;1206573;852025344;13459456;906469376;0;0;0;0;0;0;0;0;0;0;0;1483;0;0;61;0;50;0;
1585;1073653;852025344;13459456;906469376;0;0;0;0;0;0;0;0;0;0;0;1363;0;0;61;0;50;0;
1586;1150729;852025344;13459456;906469376;0;0;0;0;0;0;0;0;0;0;0;1483;0;0;61;0;50;0;
1587;1122786;852025344;13459456;906469376;0;0;0;0;0;0;0;0;0;0;0;1583;0;0;61;0;50;0;
1588;1407790;852025344;13459456;906469376;0;0;0;0;0;0;0;0;0;0;0;7424;0;0;61;0;50;0;
1589;1705048;852025344;13459456;906469376;0;0;0;0;0;0;0;0;0;0;0;1533;0;0;61;0;50;0;
1590;2353824;856219648;13459456;923246592;0;0;0;0;0;0;0;0;0;0;0;2465;0;0;61;0;50;0;
1591;1377664;856219648;13459456;923246592;0;0;0;0;0;0;0;0;0;0;0;2134;0;0;61;0;50;0;
1592;1300819;856219648;13459456;923246592;0;0;0;0;0;0;0;0;0;0;0;1623;0;0;61;0;50;0;
1593;1239164;856219648;13459456;923246592;0;0;0;0;0;0;0;0;0;0;0;1553;0;0;61;0;50;0;
1594;1098811;856219648;13459456;923246592;0;0;0;0;0;0;0;0;0;0;0;1513;0;0;61;0;50;0;
1595;976912;856219648;13459456;923246592;0;0;0;0;0;0;0;0;0;0;0;1523;0;0;61;0;50;0;
1596;1438087;856219648;13459456;923246592;0;0;0;0;0;0;0;0;0;0;0;1413;0;0;61;0;50;0;
1597;1542442;856477696;13459456;923246592;0;0;0;0;0;0;0;0;0;0;0;1513;0;0;61;0;50;0;
1598;1277947;856477696;13459456;923246592;0;0;0;0;0;0;0;0;0;0;0;2434;0;0;61;0;50;0;
1599;1072752;856477696;13459456;923246592;0;0;0;0;0;0;0;0;0;0;0;1483;0;0;61;0;50;0;
1600;957045;856477696;13459456;923246592;0;0;0;0;0;0;0;0;0;0;0;1583;0;0;61;0;50;0;
1601;975149;856477696;13459456;923246592;0;0;0;0;0;0;0;0;0;0;0;1403;0;0;61;0;50;0;
1602;2753043;860729344;13459456;923246592;0;0;0;0;0;0;0;0;0;0;0;1914;0;0;62;0;50;0;
1603;1747958;860729344;13459456;923246592;0;0;0;0;0;0;0;0;0;0;0;1383;0;0;62;0;50;0;
1604;1928928;860729344;13459456;923246592;0;0;0;0;0;0;0;0;0;0;0;1492;0;0;62;0;50;0;
1605;1461921;860729344;13459456;923246592;0;0;0;0;0;0;0;0;0;0;0;1613;0;0;62;0;50;0;
1606;1329794;860729344;13459456;923246592;0;0;0;0;0;0;0;0;0;0;0;1343;0;0;62;0;50;0;
1607;1122786;860729344;13459456;923246592;0;0;0;0;0;0;0;0;0;0;0;1362;0;0;62;0;50;0;
1608;1991234;860729344;13459456;923246592;0;0;0;0;0;0;0;0;0;0;0;1522;0;0;62;0;50;0;
1609;1362064;860729344;13459456;923246592;0;0;0;0;0;0;0;0;0;0;0;1302;0;0;62;0;50;0;
1610;1297053;860729344;13459456;923246592;0;0;0;0;0;0;0;0;0;0;0;1463;0;0;62;0;50;0;
1611;1825424;860729344;13459456;923246592;0;0;0;0;0;0;0;0;0;0;0;1382;0;0;62;0;50;0;
1612;1604830;860729344;13459456;923246592;0;0;0;0;0;0;0;0;0;0;0;1523;0;0;62;0;50;0;
1613;1221762;860729344;13459456;923246592;0;0;0;0;0;0;0;0;0;0;0;1463;0;0;62;0;50;0;
1614;1371523;860729344;13459456;923246592;0;0;0;0;0;0;0;0;0;0;0;1493;0;0;62;0;50;0;
1615;1164283;860729344;13459456;923246592;0;0;0;0;0;0;0;0;0;0;0;1664;0;0;62;0;50;0;
1616;1471209;860729344;13459456;923246592;0;0;0;0;0;0;0;0;0;0;0;1303;0;0;62;0;50;0;
1617;1232031;860729344;13459456;923246592;0;0;0;0;0;0;0;0;0;0;0;1633;0;0;62;0;50;0;
1618;2053672;860299264;12935168;922722304;0;0;0;0;0;0;0;0;0;0;0;1362;0;0;62;0;50;0;
1619;1511003;860299264;12935168;922722304;0;0;0;0;0;0;0;0;0;0;0;1493;0;0;62;0;50;0;
1620;1355853;860299264;12935168;922722304;0;0;0;0;0;0;0;0;0;0;0;1493;0;0;62;0;50;0;
1621;1018079;860299264;12935168;922722304;0;0;0;0;0;0;0;0;0;0;0;1793;0;0;62;0;50;0;
1622;1126602;860299264;12935168;922722304;0;0;0;0;0;0;0;0;0;0;0;1402;0;0;62;0;50;0;
1623;1279720;860299264;12935168;922722304;0;0;0;0;0;0;0;0;0;0;0;1553;0;0;62;0;50;0;
1624;3937094;864346112;12935168;922722304;0;0;0;0;0;0;0;0;0;0;0;3316;0;0;63;0;50;0;
1625;5482231;864346112;12935168;922722304;0;0;0;0;0;0;0;0;0;0;0;1392;0;0;63;0;50;0;
1626;4550263;864346112;12943360;922730496;0;0;0;0;0;0;0;0;0;0;0;6702;0;0;63;0;50;0;
1627;2463129;864346112;12943360;922730496;0;0;0;0;0;0;0;0;0;0;0;2735;0;0;63;0;50;0;
1628;2733796;864346112;12943360;922730496;0;0;0;0;0;0;0;0;0;0;0;2324;0;0;63;0;50;0;
1629;2369904;868540416;12943360;939507712;0;0;0;0;0;0;0;0;0;0;0;2294;0;0;63;0;50;0;
1630;1445551;868540416;12943360;939507712;0;0;0;0;0;0;0;0;0;0;0;1764;0;0;63;0;50;0;
1631;1332509;868540416;12943360;939507712;0;0;0;0;0;0;0;0;0;0;0;1713;0;0;63;0;50;0;
1632;2166573;868540416;12943360;939507712;0;0;0;0;0;0;0;0;0;0;0;1533;0;0;63;0;50;0;
1633;1372975;868540416;12943360;939507712;0;0;0;0;0;0;0;0;0;0;0;1603;0;0;63;0;50;0;
1634;1606553;868540416;12943360;939507712;0;0;0;0;0;0;0;0;0;0;0;1503;0;0;63;0;50;0;
1635;1299267;868540416;12943360;939507712;0;0;0;0;0;0;0;0;0;0;0;1483;0;0;63;0;50;0;
1636;1794195;868540416;12943360;939507712;0;0;0;0;0;0;0;0;0;0;0;1223;0;0;63;0;50;0;
1637;1581816;868540416;12943360;939507712;0;0;0;0;0;0;0;0;0;0;0;1303;0;0;63;0;50;0;
1638;1882961;868540416;12943360;939507712;0;0;0;0;0;0;0;0;0;0;0;1383;0;0;63;0;50;0;
1639;1698135;868540416;12943360;939507712;0;0;0;0;0;0;0;0;0;0;0;1403;0;0;63;0;50;0;
1640;2173606;868540416;12943360;939507712;0;0;0;0;0;0;0;0;0;0;0;1683;0;0;63;0;50;0;
1641;1693616;868794368;12943360;939507712;0;0;0;0;0;0;0;0;0;0;0;1493;0;0;63;0;50;0;
1642;1218726;868794368;12943360;939507712;0;0;0;0;0;0;0;0;0;0;0;1663;0;0;63;0;50;0;
1643;1116694;868794368;12943360;939507712;0;0;0;0;0;0;0;0;0;0;0;1663;0;0;63;0;50;0;
1644;1846944;868794368;12943360;939507712;0;0;0;0;0;0;0;0;0;0;0;1232;0;0;63;0;50;0;
1645;1606503;868794368;12943360;939507712;0;0;0;0;0;0;0;0;0;0;0;1392;0;0;63;0;50;0;
1646;1307592;868794368;12943360;939507712;0;0;0;0;0;0;0;0;0;0;0;1553;0;0;63;0;50;0;
1647;3498702;873037824;12943360;939507712;0;0;0;0;0;0;0;0;0;0;0;1723;0;0;64;0;50;0;
1648;2230443;873037824;12943360;939507712;0;0;0;0;0;0;0;0;0;0;0;1493;0;0;64;0;50;0;
1649;1555397;873037824;12943360;939507712;0;0;0;0;0;0;0;0;0;0;0;1533;0;0;64;0;50;0;
1650;1902057;873037824;12943360;939507712;0;0;0;0;0;0;0;0;0;0;0;1373;0;0;64;0;50;0;
1651;1313784;873037824;12943360;939507712;0;0;0;0;0;0;0;0;0;0;0;1543;0;0;64;0;50;0;
1652;1771803;873037824;12943360;939507712;0;0;0;0;0;0;0;0;0;0;0;1333;0;0;64;0;50;0;
1653;1333882;873037824;12943360;939507712;0;0;0;0;0;0;0;0;0;0;0;1303;0;0;64;0;50;0;
1654;1345103;873037824;12943360;939507712;0;0;0;0;0;0;0;0;0;0;0;1342;0;0;64;0;50;0;
1655;1000746;873037824;12943360;939507712;0;0;0;0;0;0;0;0;0;0;0;1523;0;0;64;0;50;0;
1656;4014168;877088768;12943360;939507712;0;0;0;0;0;0;0;0;0;0;0;3266;0;0;65;0;50;0;
1657;2256011;877088768;12943360;939507712;0;0;0;0;0;0;0;0;0;0;0;1553;0;0;65;0;50;0;
1658;2233829;881283072;12943360;956284928;0;0;0;0;0;0;0;0;0;0;0;1683;0;0;65;0;50;0;
1659;1390307;881283072;12943360;956284928;0;0;0;0;0;0;0;0;0;0;0;1423;0;0;65;0;50;0;
1660;1435683;881283072;12943360;956284928;0;0;0;0;0;0;0;0;0;0;0;1362;0;0;65;0;50;0;
1661;1253962;881283072;12943360;956284928;0;0;0;0;0;0;0;0;0;0;0;1543;0;0;65;0;50;0;
1662;1551981;881283072;12943360;956284928;0;0;0;0;0;0;0;0;0;0;0;1573;0;0;65;0;50;0;
1663;1172920;881283072;12943360;956284928;0;0;0;0;0;0;0;0;0;0;0;1653;0;0;65;0;50;0;
1664;1499051;881283072;12943360;956284928;0;0;0;0;0;0;0;0;0;0;0;1343;0;0;65;0;50;0;
1665;2903174;885518336;12943360;956284928;0;0;0;0;0;0;0;0;0;0;0;3366;0;0;66;0;50;0;
1666;1324003;885518336;12943360;956284928;0;0;0;0;0;0;0;0;0;0;0;1533;0;0;66;0;50;0;
1667;1912667;885518336;12943360;956284928;0;0;0;0;0;0;0;0;0;0;0;1312;0;0;66;0;50;0;
1668;1816978;885583872;12935168;956276736;0;0;0;0;0;0;0;0;0;0;0;1543;0;0;66;0;50;0;
1669;1361343;885583872;12935168;956276736;0;0;0;0;0;0;0;0;0;0;0;1613;0;0;66;0;50;0;
1670;1178160;885583872;12935168;956276736;0;0;0;0;0;0;0;0;0;0;0;1363;0;0;66;0;50;0;
1671;1529418;885583872;12935168;956276736;0;0;0;0;0;0;0;0;0;0;0;91061;0;0;66;0;50;0;
1672;2159831;885583872;12935168;956276736;0;0;0;0;0;0;0;0;0;0;0;1323;0;0;66;0;50;0;
1673;1060869;885583872;12935168;956276736;0;0;0;0;0;0;0;0;0;0;0;1523;0;0;66;0;50;0;
1674;4465946;885583872;12935168;956276736;0;0;0;0;0;0;0;0;0;0;0;1302;0;0;66;0;50;0;
1675;2835898;885583872;12947456;956289024;0;0;0;0;0;0;0;0;0;0;0;1352;0;0;66;0;50;0;
1676;1960847;885583872;12947456;956289024;0;0;0;0;0;0;0;0;0;0;0;1362;0;0;66;0;50;0;
1677;1499292;885583872;12947456;956289024;0;0;0;0;0;0;0;0;0;0;0;1382;0;0;66;0;50;0;
1678;1049077;885583872;12947456;956289024;0;0;0;0;0;0;0;0;0;0;0;1383;0;0;66;0;50;0;
1679;1734813;885583872;12947456;956289024;0;0;0;0;0;0;0;0;0;0;0;1332;0;0;66;0;50;0;
1680;1072291;885583872;12947456;956289024;0;0;0;0;0;0;0;0;0;0;0;1423;0;0;66;0;50;0;
1681;1563532;885583872;12947456;956289024;0;0;0;0;0;0;0;0;0;0;0;1412;0;0;66;0;50;0;
1682;3554887;887734272;12947456;956289024;0;0;0;0;0;0;0;0;0;0;0;4278;0;0;67;0;50;0;
1683;1909341;887734272;12947456;956289024;0;0;0;0;0;0;0;0;0;0;0;1343;0;0;67;0;50;0;
1684;1093651;887734272;12947456;956289024;0;0;0;0;0;0;0;0;0;0;0;1653;0;0;67;0;50;0;
1685;1170275;887734272;12947456;956289024;0;0;0;0;0;0;0;0;0;0;0;1333;0;0;67;0;50;0;
1686;1944046;887734272;12947456;956289024;0;0;0;0;0;0;0;0;0;0;0;1543;0;0;67;0;50;0;
1687;2553709;891928576;12947456;973066240;0;0;0;0;0;0;0;0;0;0;0;2344;0;0;67;0;50;0;
1688;1577288;891928576;12947456;973066240;0;0;0;0;0;0;0;0;0;0;0;1804;0;0;67;0;50;0;
1689;1576877;891928576;12947456;973066240;0;0;0;0;0;0;0;0;0;0;0;1553;0;0;67;0;50;0;
1690;1137063;891928576;12947456;973066240;0;0;0;0;0;0;0;0;0;0;0;1313;0;0;67;0;50;0;
1691;1455420;891928576;12947456;973066240;0;0;0;0;0;0;0;0;0;0;0;1442;0;0;67;0;50;0;
1692;1553744;891928576;12947456;973066240;0;0;0;0;0;0;0;0;0;0;0;1392;0;0;67;0;50;0;
1693;1635778;891928576;12947456;973066240;0;0;0;0;0;0;0;0;0;0;0;1412;0;0;67;0;50;0;
1694;1465207;891928576;12947456;973066240;0;0;0;0;0;0;0;0;0;0;0;1613;0;0;67;0;50;0;
1695;1919149;891928576;12947456;973066240;0;0;0;0;0;0;0;0;0;0;0;1573;0;0;67;0;50;0;
1696;1393904;891928576;12947456;973066240;0;0;0;0;0;0;0;0;0;0;0;1523;0;0;67;0;50;0;
1697;1414122;891928576;12947456;973066240;0;0;0;0;0;0;0;0;0;0;0;1433;0;0;67;0;50;0;
1698;1183880;891928576;12947456;973066240;0;0;0;0;0;0;0;0;0;0;0;1553;0;0;67;0;50;0;
1699;1591595;891928576;12947456;973066240;0;0;0;0;0;0;0;0;0;0;0;1502;0;0;67;0;50;0;
1700;1245145;891928576;12947456;973066240;0;0;0;0;0;0;0;0;0;0;0;1633;0;0;67;0;50;0;
1701;1284349;891928576;12947456;973066240;0;0;0;0;0;0;0;0;0;0;0;1352;0;0;67;0;50;0;
1702;3251988;896159744;12947456;973066240;0;0;0;0;0;0;0;0;0;0;0;3727;0;0;68;0;50;0;
1703;1297022;896159744;12947456;973066240;0;0;0;0;0;0;0;0;0;0;0;1944;0;0;68;0;50;0;
1704;1334342;896159744;12947456;973066240;0;0;0;0;0;0;0;0;0;0;0;1483;0;0;68;0;50;0;
1705;1688176;896159744;12947456;973066240;0;0;0;0;0;0;0;0;0;0;0;1523;0;0;68;0;50;0;
1706;1477682;896159744;12947456;973066240;0;0;0;0;0;0;0;0;0;0;0;1593;0;0;68;0;50;0;
1707;1037946;896159744;12947456;973066240;0;0;0;0;0;0;0;0;0;0;0;1402;0;0;68;0;50;0;
1708;1123938;896159744;12947456;973066240;0;0;0;0;0;0;0;0;0;0;0;1442;0;0;68;0;50;0;
1709;1007870;896159744;12947456;973066240;0;0;0;0;0;0;0;0;0;0;0;1512;0;0;68;0;50;0;
1710;1171537;896159744;12947456;973066240;0;0;0;0;0;0;0;0;0;0;0;1473;0;0;68;0;50;0;
1711;1363878;896159744;12947456;973066240;0;0;0;0;0;0;0;0;0;0;0;1663;0;0;68;0;50;0;
1712;1236439;896159744;12947456;973066240;0;0;0;0;0;0;0;0;0;0;0;1553;0;0;68;0;50;0;
1713;1066971;896159744;12947456;973066240;0;0;0;0;0;0;0;0;0;0;0;1863;0;0;68;0;50;0;
1714;3916585;900210688;12947456;973066240;0;0;0;0;0;0;0;0;0;0;0;3837;0;0;69;0;50;0;
1715;1285581;900210688;12947456;973066240;0;0;0;0;0;0;0;0;0;0;0;1452;0;0;69;0;50;0;
1716;1894083;900210688;12947456;973066240;0;0;0;0;0;0;0;0;0;0;0;1944;0;0;69;0;50;0;
1717;4277181;900210688;12947456;973066240;0;0;0;0;0;0;0;0;0;0;0;1653;0;0;69;0;50;0;
1718;2271791;900210688;12947456;973066240;0;0;0;0;0;0;0;0;0;0;0;1633;0;0;69;0;50;0;
1719;1250135;900210688;12947456;973066240;0;0;0;0;0;0;0;0;0;0;0;2174;0;0;69;0;50;0;
1720;1193037;900210688;12947456;973066240;0;0;0;0;0;0;0;0;0;0;0;1784;0;0;69;0;50;0;
1721;2703399;906502144;12947456;989843456;0;0;0;0;0;0;0;0;0;0;0;4047;0;0;70;0;50;0;
1722;1387252;906502144;12947456;989843456;0;0;0;0;0;0;0;0;0;0;0;1432;0;0;70;0;50;0;
1723;1737048;906502144;12947456;989843456;0;0;0;0;0;0;0;0;0;0;0;1333;0;0;70;0;50;0;
1724;2617699;906502144;12947456;989843456;0;0;0;0;0;0;0;0;0;0;0;1674;0;0;70;0;50;0;
1725;1457844;906502144;12947456;989843456;0;0;0;0;0;0;0;0;0;0;0;1623;0;0;70;0;50;0;
1726;1579663;906502144;12947456;989843456;0;0;0;0;0;0;0;0;0;0;0;1433;0;0;70;0;50;0;
1727;1418350;906502144;12947456;989843456;0;0;0;0;0;0;0;0;0;0;0;1723;0;0;70;0;50;0;
1728;2464672;906502144;12947456;989843456;0;0;0;0;0;0;0;0;0;0;0;1342;0;0;70;0;50;0;
1729;1557912;906502144;12947456;989843456;0;0;0;0;0;0;0;0;0;0;0;2104;0;0;70;0;50;0;
1730;2051888;906502144;12947456;989843456;0;0;0;0;0;0;0;0;0;0;0;1332;0;0;70;0;50;0;
1731;2201078;906502144;12947456;989843456;0;0;0;0;0;0;0;0;0;0;0;1633;0;0;70;0;50;0;
1732;1276063;906502144;12947456;989843456;0;0;0;0;0;0;0;0;0;0;0;1372;0;0;70;0;50;0;
1733;2198964;906502144;12947456;989843456;0;0;0;0;0;0;0;0;0;0;0;1442;0;0;70;0;50;0;
1734;1320035;906502144;12947456;989843456;0;0;0;0;0;0;0;0;0;0;0;1312;0;0;70;0;50;0;
1735;1185744;906502144;12947456;989843456;0;0;0;0;0;0;0;0;0;0;0;1403;0;0;70;0;50;0;
1736;2978065;906502144;12947456;989843456;0;0;0;0;0;0;0;0;0;0;0;1693;0;0;70;0;50;0;
1737;1605150;906747904;12947456;989843456;0;0;0;0;0;0;0;0;0;0;0;1833;0;0;70;0;50;0;
1738;1237481;906747904;12947456;989843456;0;0;0;0;0;0;0;0;0;0;0;1372;0;0;70;0;50;0;
1739;1390418;906747904;12947456;989843456;0;0;0;0;0;0;0;0;0;0;0;1322;0;0;70;0;50;0;
1740;1349972;906747904;12947456;989843456;0;0;0;0;0;0;0;0;0;0;0;1533;0;0;70;0;50;0;
1741;1444058;906747904;12947456;989843456;0;0;0;0;0;0;0;0;0;0;0;1633;0;0;70;0;50;0;
1742;2096592;906747904;12947456;989843456;0;0;0;0;0;0;0;0;0;0;0;1363;0;0;70;0;50;0;
1743;1275973;906747904;12947456;989843456;0;0;0;0;0;0;0;0;0;0;0;1442;0;0;70;0;50;0;
1744;1586535;906747904;12947456;989843456;0;0;0;0;0;0;0;0;0;0;0;1693;0;0;70;0;50;0;
1745;976121;906747904;12947456;989843456;0;0;0;0;0;0;0;0;0;0;0;1543;0;0;70;0;50;0;
1746;1190653;906747904;12947456;989843456;0;0;0;0;0;0;0;0;0;0;0;1343;0;0;70;0;50;0;
1747;1784296;906747904;12947456;989843456;0;0;0;0;0;0;0;0;0;0;0;1413;0;0;70;0;50;0;
1748;2274595;906747904;12947456;989843456;0;0;0;0;0;0;0;0;0;0;0;1703;0;0;70;0;50;0;
1749;1683577;906747904;12947456;989843456;0;0;0;0;0;0;0;0;0;0;0;1913;0;0;70;0;50;0;
1750;3691523;910729216;12947456;989843456;0;0;0;0;0;0;0;0;0;0;0;4418;0;0;71;0;50;0;
1751;1561118;910729216;12947456;989843456;0;0;0;0;0;0;0;0;0;0;0;1422;0;0;71;0;50;0;
1752;1153423;910729216;12947456;989843456;0;0;0;0;0;0;0;0;0;0;0;1332;0;0;71;0;50;0;
1753;1425443;910729216;12947456;989843456;0;0;0;0;0;0;0;0;0;0;0;1543;0;0;71;0;50;0;
1754;1510302;910729216;12947456;989843456;0;0;0;0;0;0;0;0;0;0;0;1292;0;0;71;0;50;0;
1755;1523006;910729216;12947456;989843456;0;0;0;0;0;0;0;0;0;0;0;1904;0;0;71;0;50;0;
1756;1346855;910729216;12947456;989843456;0;0;0;0;0;0;0;0;0;0;0;1643;0;0;71;0;50;0;
1757;1351424;910729216;12947456;989843456;0;0;0;0;0;0;0;0;0;0;0;1863;0;0;71;0;50;0;
1758;1900735;910729216;12947456;989843456;0;0;0;0;0;0;0;0;0;0;0;1372;0;0;71;0;50;0;
1759;1163662;910729216;12947456;989843456;0;0;0;0;0;0;0;0;0;0;0;1402;0;0;71;0;50;0;
1760;6355459;917020672;12947456;1006620672;0;0;0;0;0;0;0;0;0;0;0;3377;0;0;72;0;50;0;
1761;3223736;917020672;12947456;1006620672;0;0;0;0;0;0;0;0;0;0;0;2194;0;0;72;0;50;0;
1762;1257558;917020672;12947456;1006620672;0;0;0;0;0;0;0;0;0;0;0;2043;0;0;72;0;50;0;
1763;1536131;917020672;12947456;1006620672;0;0;0;0;0;0;0;0;0;0;0;2435;0;0;72;0;50;0;
1764;1298194;917020672;12947456;1006620672;0;0;0;0;0;0;0;0;0;0;0;1613;0;0;72;0;50;0;
1765;2730150;917020672;12947456;1006620672;0;0;0;0;0;0;0;0;0;0;0;1433;0;0;72;0;50;0;
1766;1259442;917020672;12947456;1006620672;0;0;0;0;0;0;0;0;0;0;0;1493;0;0;72;0;50;0;
1767;2049513;917020672;12947456;1006620672;0;0;0;0;0;0;0;0;0;0;0;1593;0;0;72;0;50;0;
1768;1412780;917020672;12947456;1006620672;0;0;0;0;0;0;0;0;0;0;0;1332;0;0;72;0;50;0;
1769;1131322;917020672;12947456;1006620672;0;0;0;0;0;0;0;0;0;0;0;1372;0;0;72;0;50;0;
1770;1299748;917020672;12947456;1006620672;0;0;0;0;0;0;0;0;0;0;0;1553;0;0;72;0;50;0;
1771;1033358;917020672;12947456;1006620672;0;0;0;0;0;0;0;0;0;0;0;1693;0;0;72;0;50;0;
1772;1218796;917020672;12947456;1006620672;0;0;0;0;0;0;0;0;0;0;0;1353;0;0;72;0;50;0;
1773;1803472;917020672;12947456;1006620672;0;0;0;0;0;0;0;0;0;0;0;1704;0;0;72;0;50;0;
1774;1108098;917020672;12947456;1006620672;0;0;0;0;0;0;0;0;0;0;0;1283;0;0;72;0;50;0;
1775;1549977;917020672;12947456;1006620672;0;0;0;0;0;0;0;0;0;0;0;1332;0;0;72;0;50;0;
1776;1105984;917020672;12947456;1006620672;0;0;0;0;0;0;0;0;0;0;0;1352;0;0;72;0;50;0;
1777;1292203;917020672;12947456;1006620672;0;0;0;0;0;0;0;0;0;0;0;1473;0;0;72;0;50;0;
1778;3378736;921255936;12947456;1006620672;0;0;0;0;0;0;0;0;0;0;0;3185;0;0;73;0;50;0;
1779;2448703;921255936;12947456;1006620672;0;0;0;0;0;0;0;0;0;0;0;1373;0;0;73;0;50;0;
1780;1463365;921255936;12947456;1006620672;0;0;0;0;0;0;0;0;0;0;0;1713;0;0;73;0;50;0;
1781;1172359;921255936;12947456;1006620672;0;0;0;0;0;0;0;0;0;0;0;1964;0;0;73;0;50;0;
1782;1143475;921255936;12947456;1006620672;0;0;0;0;0;0;0;0;0;0;0;1633;0;0;73;0;50;0;
1783;1372684;921255936;12947456;1006620672;0;0;0;0;0;0;0;0;0;0;0;1352;0;0;73;0;50;0;
1784;1280000;921255936;12947456;1006620672;0;0;0;0;0;0;0;0;0;0;0;1393;0;0;73;0;50;0;
1785;1706801;921255936;12947456;1006620672;0;0;0;0;0;0;0;0;0;0;0;1563;0;0;73;0;50;0;
1786;1043787;921255936;12947456;1006620672;0;0;0;0;0;0;0;0;0;0;0;1944;0;0;73;0;50;0;
1787;1101155;921255936;12947456;1006620672;0;0;0;0;0;0;0;0;0;0;0;1543;0;0;73;0;50;0;
1788;2011372;921255936;12947456;1006620672;0;0;0;0;0;0;0;0;0;0;0;1512;0;0;73;0;50;0;
1789;1442506;921518080;12947456;1006620672;0;0;0;0;0;0;0;0;0;0;0;1814;0;0;73;0;50;0;
1790;922630;921518080;12947456;1006620672;0;0;0;0;0;0;0;0;0;0;0;1413;0;0;73;0;50;0;
1791;1498931;921518080;12947456;1006620672;0;0;0;0;0;0;0;0;0;0;0;1372;0;0;73;0;50;0;
1792;1004914;921518080;12947456;1006620672;0;0;0;0;0;0;0;0;0;0;0;1403;0;0;73;0;50;0;
1793;894939;921518080;12947456;1006620672;0;0;0;0;0;0;0;0;0;0;0;1573;0;0;73;0;50;0;
1794;1173712;921518080;12947456;1006620672;0;0;0;0;0;0;0;0;0;0;0;1453;0;0;73;0;50;0;
1795;1392652;921518080;12947456;1006620672;0;0;0;0;0;0;0;0;0;0;0;1453;0;0;73;0;50;0;
1796;1173531;921518080;12947456;1006620672;0;0;0;0;0;0;0;0;0;0;0;1372;0;0;73;0;50;0;
1797;1411768;921518080;12947456;1006620672;0;0;0;0;0;0;0;0;0;0;0;1523;0;0;73;0;50;0;
1798;1247860;921518080;12947456;1006620672;0;0;0;0;0;0;0;0;0;0;0;1493;0;0;73;0;50;0;
1799;1193238;921518080;12947456;1006620672;0;0;0;0;0;0;0;0;0;0;0;1573;0;0;73;0;50;0;
1800;1455430;921518080;12947456;1006620672;0;0;0;0;0;0;0;0;0;0;0;1452;0;0;73;0;50;0;
1801;1130400;921518080;12947456;1006620672;0;0;0;0;0;0;0;0;0;0;0;1423;0;0;73;0;50;0;
1802;1109711;921518080;12947456;1006620672;0;0;0;0;0;0;0;0;0;0;0;1403;0;0;73;0;50;0;
1803;4822363;921518080;12947456;1006620672;0;0;0;0;0;0;0;0;0;0;0;1883;0;0;73;0;50;0;
1804;2566533;921518080;12947456;1006620672;0;0;0;0;0;0;0;0;0;0;0;1673;0;0;73;0;50;0;
1805;2714751;921518080;12947456;1006620672;0;0;0;0;0;0;0;0;0;0;0;1513;0;0;73;0;50;0;
1806;1879735;921518080;12947456;1006620672;0;0;0;0;0;0;0;0;0;0;0;1984;0;0;73;0;50;0;
1807;1086337;921518080;12947456;1006620672;0;0;0;0;0;0;0;0;0;0;0;1873;0;0;73;0;50;0;
1808;1552832;921518080;12947456;1006620672;0;0;0;0;0;0;0;0;0;0;0;1593;0;0;73;0;50;0;
1809;1850130;921518080;12947456;1006620672;0;0;0;0;0;0;0;0;0;0;0;1653;0;0;73;0;50;0;
1810;4093426;927809536;12947456;1023397888;0;0;0;0;0;0;0;0;0;0;0;3537;0;0;74;0;50;0;
1811;2074350;927809536;12947456;1023397888;0;0;0;0;0;0;0;0;0;0;0;1473;0;0;74;0;50;0;
1812;1257919;927809536;12947456;1023397888;0;0;0;0;0;0;0;0;0;0;0;1593;0;0;74;0;50;0;
1813;995036;927809536;12947456;1023397888;0;0;0;0;0;0;0;0;0;0;0;1333;0;0;74;0;50;0;
1814;1326137;927809536;12947456;1023397888;0;0;0;0;0;0;0;0;0;0;0;1513;0;0;74;0;50;0;
1815;1511295;927809536;12947456;1023397888;0;0;0;0;0;0;0;0;0;0;0;1383;0;0;74;0;50;0;
1816;1582247;927809536;12947456;1023397888;0;0;0;0;0;0;0;0;0;0;0;1372;0;0;74;0;50;0;
1817;1309867;927809536;12947456;1023397888;0;0;0;0;0;0;0;0;0;0;0;1373;0;0;74;0;50;0;
1818;1141722;927809536;12947456;1023397888;0;0;0;0;0;0;0;0;0;0;0;1633;0;0;74;0;50;0;
1819;1385999;927809536;12947456;1023397888;0;0;0;0;0;0;0;0;0;0;0;1372;0;0;74;0;50;0;
1820;1069686;927809536;12947456;1023397888;0;0;0;0;0;0;0;0;0;0;0;1313;0;0;74;0;50;0;
1821;1277596;927809536;12947456;1023397888;0;0;0;0;0;0;0;0;0;0;0;1452;0;0;74;0;50;0;
1822;1831685;927809536;12947456;1023397888;0;0;0;0;0;0;0;0;0;0;0;1273;0;0;74;0;50;0;
1823;1581055;927809536;12947456;1023397888;0;0;0;0;0;0;0;0;0;0;0;2064;0;0;74;0;50;0;
1824;1228333;927809536;12947456;1023397888;0;0;0;0;0;0;0;0;0;0;0;1523;0;0;74;0;50;0;
1825;1248471;927809536;12947456;1023397888;0;0;0;0;0;0;0;0;0;0;0;1472;0;0;74;0;50;0;
1826;1082651;927809536;12947456;1023397888;0;0;0;0;0;0;0;0;0;0;0;1343;0;0;74;0;50;0;
1827;1336847;927809536;12947456;1023397888;0;0;0;0;0;0;0;0;0;0;0;1683;0;0;74;0;50;0;
1828;1849007;927809536;12947456;1023397888;0;0;0;0;0;0;0;0;0;0;0;1353;0;0;74;0;50;0;
1829;1326327;927809536;12947456;1023397888;0;0;0;0;0;0;0;0;0;0;0;1533;0;0;74;0;50;0;
1830;1063003;927809536;12947456;1023397888;0;0;0;0;0;0;0;0;0;0;0;1353;0;0;74;0;50;0;
1831;1108189;927809536;12947456;1023397888;0;0;0;0;0;0;0;0;0;0;0;1503;0;0;74;0;50;0;
1832;3704708;931844096;12947456;1023397888;0;0;0;0;0;0;0;0;0;0;0;6252;0;0;75;0;50;0;
1833;1624166;931844096;12947456;1023397888;0;0;0;0;0;0;0;0;0;0;0;1923;0;0;75;0;50;0;
1834;1655735;931844096;12947456;1023397888;0;0;0;0;0;0;0;0;0;0;0;1423;0;0;75;0;50;0;
1835;1132544;931844096;12947456;1023397888;0;0;0;0;0;0;0;0;0;0;0;1623;0;0;75;0;50;0;
1836;1138214;931844096;12947456;1023397888;0;0;0;0;0;0;0;0;0;0;0;1663;0;0;75;0;50;0;
1837;1112606;931844096;12947456;1023397888;0;0;0;0;0;0;0;0;0;0;0;1593;0;0;75;0;50;0;
1838;1034069;931844096;12947456;1023397888;0;0;0;0;0;0;0;0;0;0;0;1403;0;0;75;0;50;0;
1839;1083161;931844096;12947456;1023397888;0;0;0;0;0;0;0;0;0;0;0;1393;0;0;75;0;50;0;
1840;1269361;931844096;12947456;1023397888;0;0;0;0;0;0;0;0;0;0;0;1383;0;0;75;0;50;0;
1841;941365;931844096;12947456;1023397888;0;0;0;0;0;0;0;0;0;0;0;1603;0;0;75;0;50;0;
1842;1038327;931844096;12947456;1023397888;0;0;0;0;0;0;0;0;0;0;0;1383;0;0;75;0;50;0;
1843;887194;931844096;12947456;1023397888;0;0;0;0;0;0;0;0;0;0;0;1523;0;0;75;0;50;0;
1844;1174182;931844096;12947456;1023397888;0;0;0;0;0;0;0;0;0;0;0;1422;0;0;75;0;50;0;
1845;966723;931844096;12947456;1023397888;0;0;0;0;0;0;0;0;0;0;0;1332;0;0;75;0;50;0;
1846;4297610;931844096;12947456;1023397888;0;0;0;0;0;0;0;0;0;0;0;1553;0;0;75;0;50;0;
1847;2241504;931844096;12947456;1023397888;0;0;0;0;0;0;0;0;0;0;0;1573;0;0;75;0;50;0;
1848;1573892;931844096;12947456;1023397888;0;0;0;0;0;0;0;0;0;0;0;1383;0;0;75;0;50;0;
1849;1235207;931844096;12947456;1023397888;0;0;0;0;0;0;0;0;0;0;0;1383;0;0;75;0;50;0;
1850;1682195;931844096;12947456;1023397888;0;0;0;0;0;0;0;0;0;0;0;1644;0;0;75;0;50;0;
1851;1347146;931844096;12947456;1023397888;0;0;0;0;0;0;0;0;0;0;0;1353;0;0;75;0;50;0;
1852;1222443;931844096;12947456;1023397888;0;0;0;0;0;0;0;0;0;0;0;1423;0;0;75;0;50;0;
1853;1902508;931659776;12648448;1023098880;0;0;0;0;0;0;0;0;0;0;0;1904;0;0;75;0;50;0;
1854;1245125;931659776;12648448;1023098880;0;0;0;0;0;0;0;0;0;0;0;1673;0;0;75;0;50;0;
1855;963878;931659776;12648448;1023098880;0;0;0;0;0;0;0;0;0;0;0;2044;0;0;75;0;50;0;
1856;1426646;931659776;12648448;1023098880;0;0;0;0;0;0;0;0;0;0;0;1472;0;0;75;0;50;0;
1857;1214999;931659776;12648448;1023098880;0;0;0;0;0;0;0;0;0;0;0;1503;0;0;75;0;50;0;
1858;1402911;931659776;12648448;1023098880;0;0;0;0;0;0;0;0;0;0;0;1453;0;0;75;0;50;0;
1859;1358798;931659776;12648448;1023098880;0;0;0;0;0;0;0;0;0;0;0;1152;0;0;75;0;50;0;
1860;1286162;931659776;12648448;1023098880;0;0;0;0;0;0;0;0;0;0;0;1353;0;0;75;0;50;0;
1861;1285581;931659776;12648448;1023098880;0;0;0;0;0;0;0;0;0;0;0;1954;0;0;75;0;50;0;
1862;1150989;931659776;12648448;1023098880;0;0;0;0;0;0;0;0;0;0;0;1633;0;0;75;0;50;0;
1863;1136661;931659776;12648448;1023098880;0;0;0;0;0;0;0;0;0;0;0;1644;0;0;75;0;50;0;
1864;968136;931659776;12648448;1023098880;0;0;0;0;0;0;0;0;0;0;0;1362;0;0;75;0;50;0;
1865;1484825;931659776;12648448;1023098880;0;0;0;0;0;0;0;0;0;0;0;1573;0;0;75;0;50;0;
1866;1187196;931659776;12648448;1023098880;0;0;0;0;0;0;0;0;0;0;0;1583;0;0;75;0;50;0;
1867;1305127;931659776;12648448;1023098880;0;0;0;0;0;0;0;0;0;0;0;1503;0;0;75;0;50;0;
1868;3154486;935641088;12648448;1023098880;0;0;0;0;0;0;0;0;0;0;0;3857;0;0;76;0;50;0;
1869;1146490;935641088;12648448;1023098880;0;0;0;0;0;0;0;0;0;0;0;1553;0;0;76;0;50;0;
1870;1220730;935641088;12648448;1023098880;0;0;0;0;0;0;0;0;0;0;0;1323;0;0;76;0;50;0;
1871;1694007;935641088;12648448;1023098880;0;0;0;0;0;0;0;0;0;0;0;1332;0;0;76;0;50;0;
1872;1297614;935641088;12648448;1023098880;0;0;0;0;0;0;0;0;0;0;0;1563;0;0;76;0;50;0;
1873;1146099;935641088;12648448;1023098880;0;0;0;0;0;0;0;0;0;0;0;1323;0;0;76;0;50;0;
1874;920437;935641088;12648448;1023098880;0;0;0;0;0;0;0;0;0;0;0;1522;0;0;76;0;50;0;
1875;1129388;935641088;12648448;1023098880;0;0;0;0;0;0;0;0;0;0;0;1372;0;0;76;0;50;0;
1876;913824;935641088;12648448;1023098880;0;0;0;0;0;0;0;0;0;0;0;1583;0;0;76;0;50;0;
1877;1560256;935641088;12648448;1023098880;0;0;0;0;0;0;0;0;0;0;0;1393;0;0;76;0;50;0;
1878;1326307;935641088;12648448;1023098880;0;0;0;0;0;0;0;0;0;0;0;1333;0;0;76;0;50;0;
1879;1167199;935641088;12648448;1023098880;0;0;0;0;0;0;0;0;0;0;0;1383;0;0;76;0;50;0;
1880;1004003;935641088;12648448;1023098880;0;0;0;0;0;0;0;0;0;0;0;1373;0;0;76;0;50;0;
1881;1018901;935641088;12648448;1023098880;0;0;0;0;0;0;0;0;0;0;0;1613;0;0;76;0;50;0;
1882;1034831;935641088;12648448;1023098880;0;0;0;0;0;0;0;0;0;0;0;1152;0;0;76;0;50;0;
1883;1469446;935591936;12357632;1022808064;0;0;0;0;0;0;0;0;0;0;0;1323;0;0;76;0;50;0;
1884;1158253;935591936;12357632;1022808064;0;0;0;0;0;0;0;0;0;0;0;1373;0;0;76;0;50;0;
1885;1052284;935591936;12357632;1022808064;0;0;0;0;0;0;0;0;0;0;0;1322;0;0;76;0;50;0;
1886;911980;935591936;12357632;1022808064;0;0;0;0;0;0;0;0;0;0;0;1382;0;0;76;0;50;0;
1887;1475026;935591936;12357632;1022808064;0;0;0;0;0;0;0;0;0;0;0;1373;0;0;76;0;50;0;
1888;1938275;935591936;12357632;1022808064;0;0;0;0;0;0;0;0;0;0;0;1373;0;0;76;0;50;0;
1889;5573011;934559744;11460608;1021911040;0;0;0;0;0;0;0;0;0;0;0;3497;0;0;76;0;50;0;
1890;3267708;934821888;12095488;1022545920;0;0;0;0;0;0;0;0;0;0;0;1984;0;0;76;0;50;0;
1891;1483312;934821888;12095488;1022545920;0;0;0;0;0;0;0;0;0;0;0;2134;0;0;76;0;50;0;
1892;1049959;934821888;12095488;1022545920;0;0;0;0;0;0;0;0;0;0;0;1523;0;0;76;0;50;0;
1893;1358307;934821888;12095488;1022545920;0;0;0;0;0;0;0;0;0;0;0;1523;0;0;76;0;50;0;
1894;1667397;935092224;12095488;1022545920;0;0;0;0;0;0;0;0;0;0;0;1853;0;0;76;0;50;0;
1895;1363787;935362560;12095488;1022545920;0;0;0;0;0;0;0;0;0;0;0;1563;0;0;76;0;50;0;
1896;2243498;935632896;12840960;1023291392;0;0;0;0;0;0;0;0;0;0;0;2114;0;0;76;0;50;0;
1897;1203878;935632896;12840960;1023291392;0;0;0;0;0;0;0;0;0;0;0;1583;0;0;76;0;50;0;
1898;1092428;935632896;12840960;1023291392;0;0;0;0;0;0;0;0;0;0;0;1443;0;0;76;0;50;0;
1899;1148554;935632896;12840960;1023291392;0;0;0;0;0;0;0;0;0;0;0;1633;0;0;76;0;50;0;
1900;1702904;935632896;12840960;1023291392;0;0;0;0;0;0;0;0;0;0;0;2165;0;0;76;0;50;0;
1901;1433348;935903232;12840960;1023291392;0;0;0;0;0;0;0;0;0;0;0;1733;0;0;76;0;50;0;
1902;2318769;935903232;12840960;1023291392;0;0;0;0;0;0;0;0;0;0;0;1563;0;0;76;0;50;0;
1903;2074030;935903232;12840960;1023291392;0;0;0;0;0;0;0;0;0;0;0;5531;0;0;76;0;50;0;
1904;1026305;935903232;12840960;1023291392;0;0;0;0;0;0;0;0;0;0;0;1363;0;0;76;0;50;0;
1905;1341466;935903232;12840960;1023291392;0;0;0;0;0;0;0;0;0;0;0;1583;0;0;76;0;50;0;
1906;1346275;935903232;12840960;1023291392;0;0;0;0;0;0;0;0;0;0;0;1453;0;0;76;0;50;0;
1907;1077962;935903232;12840960;1023291392;0;0;0;0;0;0;0;0;0;0;0;1553;0;0;76;0;50;0;
1908;2163187;936173568;13623296;1024073728;0;0;0;0;0;0;0;0;0;0;0;1343;0;0;76;0;50;0;
1909;1987828;936173568;13623296;1024073728;0;0;0;0;0;0;0;0;0;0;0;1643;0;0;76;0;50;0;
1910;1513087;936173568;13623296;1024073728;0;0;0;0;0;0;0;0;0;0;0;1573;0;0;76;0;50;0;
1911;3003353;943005696;13623296;1040850944;0;0;0;0;0;0;0;0;0;0;0;2525;0;0;77;0;50;0;
1912;973326;943255552;14508032;1041735680;0;0;0;0;0;0;0;0;0;0;0;1313;0;0;77;0;50;0;
1913;860464;943525888;14508032;1041735680;0;0;0;0;0;0;0;0;0;0;0;1443;0;0;77;0;50;0;
1914;1270333;943796224;15486976;1042714624;0;0;0;0;0;0;0;0;0;0;0;1362;0;0;77;0;50;0;
1915;1134758;943796224;15486976;1042714624;0;0;0;0;0;0;0;0;0;0;0;1633;0;0;77;0;50;0;
1916;872626;943796224;15486976;1042714624;0;0;0;0;0;0;0;0;0;0;0;1393;0;0;77;0;50;0;
1917;1095935;943796224;15486976;1042714624;0;0;0;0;0;0;0;0;0;0;0;1282;0;0;77;0;50;0;
1918;1071830;944066560;15486976;1042714624;0;0;0;0;0;0;0;0;0;0;0;1373;0;0;77;0;50;0;
1919;1055640;944607232;15486976;1042714624;0;0;0;0;0;0;0;0;0;0;0;1453;0;0;77;0;50;0;
1920;1718443;944607232;15486976;1042714624;0;0;0;0;0;0;0;0;0;0;0;1522;0;0;77;0;50;0;
1921;941386;944607232;15486976;1042714624;0;0;0;0;0;0;0;0;0;0;0;1332;0;0;77;0;50;0;
1922;1010976;944607232;15486976;1042714624;0;0;0;0;0;0;0;0;0;0;0;1493;0;0;77;0;50;0;
1923;795281;944607232;15486976;1042714624;0;0;0;0;0;0;0;0;0;0;0;1482;0;0;77;0;50;0;
1924;819978;944607232;15486976;1042714624;0;0;0;0;0;0;0;0;0;0;0;1403;0;0;77;0;50;0;
1925;848220;944607232;15486976;1042714624;0;0;0;0;0;0;0;0;0;0;0;1443;0;0;77;0;50;0;
1926;1596284;944607232;15486976;1042714624;0;0;0;0;0;0;0;0;0;0;0;1432;0;0;77;0;50;0;
1927;1096998;944607232;15486976;1042714624;0;0;0;0;0;0;0;0;0;0;0;1503;0;0;77;0;50;0;
1928;856687;944607232;15486976;1042714624;0;0;0;0;0;0;0;0;0;0;0;1453;0;0;77;0;50;0;
1929;1050330;944607232;15486976;1042714624;0;0;0;0;0;0;0;0;0;0;0;1533;0;0;77;0;50;0;
1930;1245786;944607232;15486976;1042714624;0;0;0;0;0;0;0;0;0;0;0;1523;0;0;77;0;50;0;
1931;1076479;944607232;15486976;1042714624;0;0;0;0;0;0;0;0;0;0;0;1633;0;0;77;0;50;0;
1932;4292230;944607232;15486976;1042714624;0;0;0;0;0;0;0;0;0;0;0;1764;0;0;77;0;50;0;
1933;1553804;944807936;15482880;1042710528;0;0;0;0;0;0;0;0;0;0;0;1382;0;0;77;0;50;0;
1934;935324;944807936;15482880;1042710528;0;0;0;0;0;0;0;0;0;0;0;1392;0;0;77;0;50;0;
1935;1149466;944807936;15482880;1042710528;0;0;0;0;0;0;0;0;0;0;0;1322;0;0;77;0;50;0;
1936;2962275;948789248;15482880;1042710528;0;0;0;0;0;0;0;0;0;0;0;2284;0;0;78;0;50;0;
1937;1665855;948789248;15482880;1042710528;0;0;0;0;0;0;0;0;0;0;0;1583;0;0;78;0;50;0;
1938;974348;948789248;15482880;1042710528;0;0;0;0;0;0;0;0;0;0;0;1373;0;0;78;0;50;0;
1939;1049949;948789248;15482880;1042710528;0;0;0;0;0;0;0;0;0;0;0;1423;0;0;78;0;50;0;
1940;846838;948789248;15482880;1042710528;0;0;0;0;0;0;0;0;0;0;0;1353;0;0;78;0;50;0;
1941;1640927;948789248;15482880;1042710528;0;0;0;0;0;0;0;0;0;0;0;2194;0;0;78;0;50;0;
1942;1705018;948789248;15482880;1042710528;0;0;0;0;0;0;0;0;0;0;0;1633;0;0;78;0;50;0;
1943;1047073;948789248;15482880;1042710528;0;0;0;0;0;0;0;0;0;0;0;1353;0;0;78;0;50;0;
1944;1318963;948789248;15482880;1042710528;0;0;0;0;0;0;0;0;0;0;0;1183;0;0;78;0;50;0;
1945;953488;948789248;15482880;1042710528;0;0;0;0;0;0;0;0;0;0;0;1343;0;0;78;0;50;0;
1946;1201684;948789248;15482880;1042710528;0;0;0;0;0;0;0;0;0;0;0;1463;0;0;78;0;50;0;
1947;1322541;948715520;15167488;1042395136;0;0;0;0;0;0;0;0;0;0;0;1673;0;0;78;0;50;0;
1948;895529;948715520;15167488;1042395136;0;0;0;0;0;0;0;0;0;0;0;1403;0;0;78;0;50;0;
1949;854002;948715520;15167488;1042395136;0;0;0;0;0;0;0;0;0;0;0;1442;0;0;78;0;50;0;
1950;943920;948715520;15167488;1042395136;0;0;0;0;0;0;0;0;0;0;0;1342;0;0;78;0;50;0;
1951;795883;948715520;15167488;1042395136;0;0;0;0;0;0;0;0;0;0;0;1323;0;0;78;0;50;0;
1952;1751004;948715520;15167488;1042395136;0;0;0;0;0;0;0;0;0;0;0;1513;0;0;78;0;50;0;
1953;851176;948715520;15167488;1042395136;0;0;0;0;0;0;0;0;0;0;0;1403;0;0;78;0;50;0;
1954;838703;948715520;15167488;1042395136;0;0;0;0;0;0;0;0;0;0;0;1503;0;0;78;0;50;0;
1955;837621;948715520;15167488;1042395136;0;0;0;0;0;0;0;0;0;0;0;1393;0;0;78;0;50;0;
1956;888606;948715520;15167488;1042395136;0;0;0;0;0;0;0;0;0;0;0;1493;0;0;78;0;50;0;
1957;1172399;948715520;15167488;1042395136;0;0;0;0;0;0;0;0;0;0;0;1383;0;0;78;0;50;0;
1958;1837025;948715520;15167488;1042395136;0;0;0;0;0;0;0;0;0;0;0;1603;0;0;78;0;50;0;
1959;1357135;948715520;15167488;1042395136;0;0;0;0;0;0;0;0;0;0;0;1513;0;0;78;0;50;0;
1960;1347016;948715520;15167488;1042395136;0;0;0;0;0;0;0;0;0;0;0;1553;0;0;78;0;50;0;
1961;1523728;948715520;15167488;1042395136;0;0;0;0;0;0;0;0;0;0;0;1673;0;0;78;0;50;0;
1962;2498205;950870016;15167488;1042395136;0;0;0;0;0;0;0;0;0;0;0;3947;0;0;79;0;50;0;
1963;1583500;950910976;15155200;1042382848;0;0;0;0;0;0;0;0;0;0;0;1373;0;0;79;0;50;0;
1964;1373786;950910976;15155200;1042382848;0;0;0;0;0;0;0;0;0;0;0;1443;0;0;79;0;50;0;
1965;830086;950910976;15155200;1042382848;0;0;0;0;0;0;0;0;0;0;0;1393;0;0;79;0;50;0;
1966;879309;950910976;15155200;1042382848;0;0;0;0;0;0;0;0;0;0;0;1313;0;0;79;0;50;0;
1967;851878;950910976;15155200;1042382848;0;0;0;0;0;0;0;0;0;0;0;1382;0;0;79;0;50;0;
1968;1193278;950910976;15155200;1042382848;0;0;0;0;0;0;0;0;0;0;0;1443;0;0;79;0;50;0;
1969;4148571;947752960;11939840;1039167488;0;0;0;0;0;0;0;0;0;0;0;1343;0;0;79;0;50;0;
1970;1904522;947752960;11939840;1039167488;0;0;0;0;0;0;0;0;0;0;0;2445;0;0;79;0;50;0;
1971;1271445;947752960;11939840;1039167488;0;0;0;0;0;0;0;0;0;0;0;1432;0;0;79;0;50;0;
1972;1352888;947752960;11939840;1039167488;0;0;0;0;0;0;0;0;0;0;0;1643;0;0;79;0;50;0;
1973;1481518;948019200;15151104;1042378752;0;0;0;0;0;0;0;0;0;0;0;1513;0;0;79;0;50;0;
1974;1471941;948289536;15151104;1042378752;0;0;0;0;0;0;0;0;0;0;0;1703;0;0;79;0;50;0;
1975;1253090;948289536;15151104;1042378752;0;0;0;0;0;0;0;0;0;0;0;1734;0;0;79;0;50;0;
1976;850786;948289536;15151104;1042378752;0;0;0;0;0;0;0;0;0;0;0;1683;0;0;79;0;50;0;
1977;945092;948289536;15151104;1042378752;0;0;0;0;0;0;0;0;0;0;0;1433;0;0;79;0;50;0;
1978;958007;948289536;15151104;1042378752;0;0;0;0;0;0;0;0;0;0;0;1442;0;0;79;0;50;0;
1979;1587557;948559872;15151104;1042378752;0;0;0;0;0;0;0;0;0;0;0;1473;0;0;79;0;50;0;
1980;1230898;948559872;15151104;1042378752;0;0;0;0;0;0;0;0;0;0;0;1433;0;0;79;0;50;0;
1981;1329003;948559872;15151104;1042378752;0;0;0;0;0;0;0;0;0;0;0;1503;0;0;79;0;50;0;
1982;795272;948559872;15151104;1042378752;0;0;0;0;0;0;0;0;0;0;0;1363;0;0;79;0;50;0;
1983;1169022;948559872;15151104;1042378752;0;0;0;0;0;0;0;0;0;0;0;1362;0;0;79;0;50;0;
1984;1354360;949100544;15151104;1042378752;0;0;0;0;0;0;0;0;0;0;0;1523;0;0;79;0;50;0;
1985;1095655;949100544;15151104;1042378752;0;0;0;0;0;0;0;0;0;0;0;1503;0;0;79;0;50;0;
1986;1197796;949100544;15151104;1042378752;0;0;0;0;0;0;0;0;0;0;0;1482;0;0;79;0;50;0;
1987;944451;949100544;15151104;1042378752;0;0;0;0;0;0;0;0;0;0;0;1402;0;0;79;0;50;0;
1988;1809874;949100544;15151104;1042378752;0;0;0;0;0;0;0;0;0;0;0;1533;0;0;79;0;50;0;
1989;2202400;953565184;15151104;1059155968;0;0;0;0;0;0;0;0;0;0;0;1803;0;0;79;0;50;0;
1990;1280682;953565184;15151104;1059155968;0;0;0;0;0;0;0;0;0;0;0;1493;0;0;79;0;50;0;
1991;1385648;953565184;15151104;1059155968;0;0;0;0;0;0;0;0;0;0;0;1453;0;0;79;0;50;0;
1992;1520702;953565184;15151104;1059155968;0;0;0;0;0;0;0;0;0;0;0;1483;0;0;79;0;50;0;
1993;1101566;953565184;15151104;1059155968;0;0;0;0;0;0;0;0;0;0;0;1693;0;0;79;0;50;0;
1994;1774247;953823232;15151104;1059155968;0;0;0;0;0;0;0;0;0;0;0;1563;0;0;79;0;50;0;
1995;1812219;953823232;15151104;1059155968;0;0;0;0;0;0;0;0;0;0;0;1423;0;0;79;0;50;0;
1996;3718404;958074880;15151104;1059155968;0;0;0;0;0;0;0;0;0;0;0;2384;0;0;80;0;50;0;
1997;1543314;958074880;15151104;1059155968;0;0;0;0;0;0;0;0;0;0;0;1814;0;0;80;0;50;0;
1998;1183830;958074880;15151104;1059155968;0;0;0;0;0;0;0;0;0;0;0;1723;0;0;80;0;50;0;
1999;4264398;958341120;15151104;1059155968;0;0;0;0;0;0;0;0;0;0;0;1483;0;0;80;0;50;0;
2000;2466776;958611456;15155200;1059160064;0;0;0;0;0;0;0;0;0;0;0;1442;0;0;80;0;50;0;
2001;1357786;959152128;15155200;1059160064;0;0;0;0;0;0;0;0;0;0;0;1623;0;0;80;0;50;0;
2002;1473563;959152128;15155200;1059160064;0;0;0;0;0;0;0;0;0;0;0;1463;0;0;80;0;50;0;
2003;1953644;959152128;15155200;1059160064;0;0;0;0;0;0;0;0;0;0;0;1753;0;0;80;0;50;0;
2004;3031756;963403776;15155200;1059160064;0;0;0;0;0;0;0;0;0;0;0;2965;0;0;81;0;50;0;
2005;2816482;960266240;11874304;1055879168;0;0;0;0;0;0;0;0;0;0;0;1603;0;0;81;0;50;0;
2006;1037716;960266240;11874304;1055879168;0;0;0;0;0;0;0;0;0;0;0;1362;0;0;81;0;50;0;
2007;1503129;960266240;11874304;1055879168;0;0;0;0;0;0;0;0;0;0;0;1352;0;0;81;0;50;0;
2008;1645757;960266240;11874304;1055879168;0;0;0;0;0;0;0;0;0;0;0;1362;0;0;81;0;50;0;
2009;1484043;960266240;11874304;1055879168;0;0;0;0;0;0;0;0;0;0;0;1323;0;0;81;0;50;0;
2010;2222738;960266240;11874304;1055879168;0;0;0;0;0;0;0;0;0;0;0;1793;0;0;81;0;50;0;
2011;1627111;960266240;11874304;1055879168;0;0;0;0;0;0;0;0;0;0;0;1433;0;0;81;0;50;0;
2012;3135430;964313088;11874304;1055879168;0;0;0;0;0;0;0;0;0;0;0;2204;0;0;82;0;50;0;
2013;1392421;964313088;11874304;1055879168;0;0;0;0;0;0;0;0;0;0;0;1483;0;0;82;0;50;0;
2014;1848336;964313088;11874304;1055879168;0;0;0;0;0;0;0;0;0;0;0;1363;0;0;82;0;50;0;
2015;2153278;964313088;11874304;1055879168;0;0;0;0;0;0;0;0;0;0;0;1342;0;0;82;0;50;0;
2016;1121984;964313088;11874304;1055879168;0;0;0;0;0;0;0;0;0;0;0;1382;0;0;82;0;50;0;
2017;1060118;964313088;11874304;1055879168;0;0;0;0;0;0;0;0;0;0;0;1844;0;0;82;0;50;0;
2018;1554335;964313088;11874304;1055879168;0;0;0;0;0;0;0;0;0;0;0;1342;0;0;82;0;50;0;
2019;1224066;964313088;11874304;1055879168;0;0;0;0;0;0;0;0;0;0;0;1422;0;0;82;0;50;0;
2020;1474155;964313088;11874304;1055879168;0;0;0;0;0;0;0;0;0;0;0;1412;0;0;82;0;50;0;
2021;1255344;964313088;11874304;1055879168;0;0;0;0;0;0;0;0;0;0;0;1824;0;0;82;0;50;0;
2022;2596579;970604544;11874304;1072656384;0;0;0;0;0;0;0;0;0;0;0;2655;0;0;83;0;50;0;
2023;1738531;970604544;11874304;1072656384;0;0;0;0;0;0;0;0;0;0;0;1202;0;0;83;0;50;0;
2024;1290571;970604544;11874304;1072656384;0;0;0;0;0;0;0;0;0;0;0;1402;0;0;83;0;50;0;
2025;2472127;970604544;11874304;1072656384;0;0;0;0;0;0;0;0;0;0;0;1343;0;0;83;0;50;0;
2026;1182257;970604544;11874304;1072656384;0;0;0;0;0;0;0;0;0;0;0;1543;0;0;83;0;50;0;
2027;1290170;970604544;11874304;1072656384;0;0;0;0;0;0;0;0;0;0;0;1393;0;0;83;0;50;0;
2028;1074655;970604544;11874304;1072656384;0;0;0;0;0;0;0;0;0;0;0;1603;0;0;83;0;50;0;
2029;1011727;970604544;11874304;1072656384;0;0;0;0;0;0;0;0;0;0;0;1774;0;0;83;0;50;0;
2030;4334790;970604544;11874304;1072656384;0;0;0;0;0;0;0;0;0;0;0;1262;0;0;83;0;50;0;
2031;6144373;970604544;11874304;1072656384;0;0;0;0;0;0;0;0;0;0;0;6242;0;0;83;0;53;0;
2032;1727500;970604544;11874304;1072656384;0;0;0;0;0;0;0;0;0;0;0;1654;0;0;83;0;53;0;
2033;1378375;970604544;11874304;1072656384;0;0;0;0;0;0;0;0;0;0;0;1563;0;0;83;0;53;0;
2034;1136812;970604544;11874304;1072656384;0;0;0;0;0;0;0;0;0;0;0;1603;0;0;83;0;53;0;
2035;1105934;970604544;11874304;1072656384;0;0;0;0;0;0;0;0;0;0;0;1783;0;0;83;0;53;0;
2036;1613616;970604544;11874304;1072656384;0;0;0;0;0;0;0;0;0;0;0;1704;0;0;83;0;53;0;
2037;1348720;970604544;11874304;1072656384;0;0;0;0;0;0;0;0;0;0;0;1363;0;0;83;0;53;0;
2038;1507156;970604544;11874304;1072656384;0;0;0;0;0;0;0;0;0;0;0;1553;0;0;83;0;53;0;
2039;1065899;970604544;11874304;1072656384;0;0;0;0;0;0;0;0;0;0;0;1363;0;0;83;0;53;0;
2040;1342097;970604544;11874304;1072656384;0;0;0;0;0;0;0;0;0;0;0;1362;0;0;83;0;53;0;
2041;2817424;970604544;11874304;1072656384;0;0;0;0;0;0;0;0;0;0;0;1593;0;0;83;0;53;0;
2042;2294953;970604544;11874304;1072656384;0;0;0;0;0;0;0;0;0;0;0;1543;0;0;83;0;53;0;
2043;1529198;970604544;11874304;1072656384;0;0;0;0;0;0;0;0;0;0;0;1583;0;0;83;0;53;0;
2044;1044008;970604544;11874304;1072656384;0;0;0;0;0;0;0;0;0;0;0;1643;0;0;83;0;53;0;
2045;1345132;970604544;11874304;1072656384;0;0;0;0;0;0;0;0;0;0;0;1583;0;0;83;0;53;0;
2046;1753037;970604544;11874304;1072656384;0;0;0;0;0;0;0;0;0;0;0;1383;0;0;83;0;53;0;
2047;1066971;970604544;11874304;1072656384;0;0;0;0;0;0;0;0;0;0;0;1362;0;0;83;0;53;0;
2048;895089;970604544;11874304;1072656384;0;0;0;0;0;0;0;0;0;0;0;1363;0;0;83;0;53;0;
2049;1064056;970604544;11874304;1072656384;0;0;0;0;0;0;0;0;0;0;0;1482;0;0;83;0;53;0;
2050;1013050;970604544;11874304;1072656384;0;0;0;0;0;0;0;0;0;0;0;1373;0;0;83;0;53;0;
2051;1453266;970604544;11874304;1072656384;0;0;0;0;0;0;0;0;0;0;0;1393;0;0;83;0;53;0;
2052;1719465;970604544;11874304;1072656384;0;0;0;0;0;0;0;0;0;0;0;1413;0;0;83;0;53;0;
2053;1429501;970850304;11874304;1072656384;0;0;0;0;0;0;0;0;0;0;0;1373;0;0;83;0;53;0;
2054;1361653;970850304;11874304;1072656384;0;0;0;0;0;0;0;0;0;0;0;1512;0;0;83;0;53;0;
2055;1187297;970850304;11874304;1072656384;0;0;0;0;0;0;0;0;0;0;0;1863;0;0;83;0;53;0;
2056;1479805;970850304;11874304;1072656384;0;0;0;0;0;0;0;0;0;0;0;1653;0;0;83;0;53;0;
2057;1249083;970850304;11874304;1072656384;0;0;0;0;0;0;0;0;0;0;0;1373;0;0;83;0;53;0;
2058;1153062;970850304;11874304;1072656384;0;0;0;0;0;0;0;0;0;0;0;1854;0;0;83;0;53;0;
2059;1051452;970850304;11874304;1072656384;0;0;0;0;0;0;0;0;0;0;0;1383;0;0;83;0;53;0;
2060;1108188;970850304;11874304;1072656384;0;0;0;0;0;0;0;0;0;0;0;1333;0;0;83;0;53;0;
2061;12538124;977412096;15155200;1092714496;0;0;0;0;0;0;0;0;0;0;0;5000;0;0;84;0;53;0;
2062;3433399;977666048;15155200;1092714496;0;0;0;0;0;0;0;0;0;0;0;1442;0;0;84;0;53;0;
2063;1851653;977666048;15155200;1092714496;0;0;0;0;0;0;0;0;0;0;0;1993;0;0;84;0;53;0;
2064;4018657;981716992;15155200;1092714496;0;0;0;0;0;0;0;0;0;0;0;3867;0;0;85;0;53;0;
2065;2336121;982257664;15155200;1092714496;0;0;0;0;0;0;0;0;0;0;0;1623;0;0;85;0;53;0;
2066;1891558;982528000;15155200;1092714496;0;0;0;0;0;0;0;0;0;0;0;1483;0;0;85;0;53;0;
2067;1678187;982798336;15155200;1092714496;0;0;0;0;0;0;0;0;0;0;0;1443;0;0;85;0;53;0;
2068;1785068;982798336;15155200;1092714496;0;0;0;0;0;0;0;0;0;0;0;1513;0;0;85;0;53;0;
2069;1150789;982798336;15155200;1092714496;0;0;0;0;0;0;0;0;0;0;0;1323;0;0;85;0;53;0;
2070;1574814;982798336;15155200;1092714496;0;0;0;0;0;0;0;0;0;0;0;1553;0;0;85;0;53;0;
2071;1240156;982798336;15155200;1092714496;0;0;0;0;0;0;0;0;0;0;0;1322;0;0;85;0;53;0;
2072;4221878;987320320;15155200;1092714496;0;0;0;0;0;0;0;0;0;0;0;2635;0;0;86;0;53;0;
2073;1446082;987320320;15155200;1092714496;0;0;0;0;0;0;0;0;0;0;0;1863;0;0;86;0;53;0;
2074;1548374;987320320;15155200;1092714496;0;0;0;0;0;0;0;0;0;0;0;1363;0;0;86;0;53;0;
2075;1715678;987320320;15155200;1092714496;0;0;0;0;0;0;0;0;0;0;0;1342;0;0;86;0;53;0;
2076;1953433;987320320;15155200;1092714496;0;0;0;0;0;0;0;0;0;0;0;1372;0;0;86;0;53;0;
2077;2154040;987856896;15155200;1092714496;0;0;0;0;0;0;0;0;0;0;0;1322;0;0;86;0;53;0;
2078;1266204;987856896;15155200;1092714496;0;0;0;0;0;0;0;0;0;0;0;1362;0;0;86;0;53;0;
2079;1403723;988127232;15155200;1092714496;0;0;0;0;0;0;0;0;0;0;0;1312;0;0;86;0;53;0;
2080;2340480;988397568;15155200;1092714496;0;0;0;0;0;0;0;0;0;0;0;2885;0;0;86;0;54;0;
2081;1436674;988397568;15155200;1092714496;0;0;0;0;0;0;0;0;0;0;0;1533;0;0;86;0;54;0;
2082;2109125;988397568;15155200;1092714496;0;0;0;0;0;0;0;0;0;0;0;1443;0;0;86;0;54;0;
2083;1799695;988397568;15155200;1092714496;0;0;0;0;0;0;0;0;0;0;0;1583;0;0;86;0;54;0;
2084;1423970;988663808;15155200;1092714496;0;0;0;0;0;0;0;0;0;0;0;1463;0;0;86;0;54;0;
2085;1513799;988663808;15155200;1092714496;0;0;0;0;0;0;0;0;0;0;0;1412;0;0;86;0;54;0;
2086;1396650;988663808;15155200;1092714496;0;0;0;0;0;0;0;0;0;0;0;1442;0;0;86;0;54;0;
2087;2555021;988663808;15155200;1092714496;0;0;0;0;0;0;0;0;0;0;0;1363;0;0;86;0;54;0;
2088;1701632;988663808;15155200;1092714496;0;0;0;0;0;0;0;0;0;0;0;2014;0;0;86;0;54;0;
2089;1098601;988663808;15155200;1092714496;0;0;0;0;0;0;0;0;0;0;0;1744;0;0;86;0;54;0;
2090;1006277;988663808;15155200;1092714496;0;0;0;0;0;0;0;0;0;0;0;1362;0;0;86;0;54;0;
2091;1306680;988663808;15155200;1092714496;0;0;0;0;0;0;0;0;0;0;0;1423;0;0;86;0;54;0;
2092;4240091;988663808;15155200;1092714496;0;0;0;0;0;0;0;0;0;0;0;1613;0;0;86;0;54;0;
2093;3140449;988663808;15155200;1092714496;0;0;0;0;0;0;0;0;0;0;0;2054;0;0;86;0;54;0;
2094;1908569;988663808;15155200;1092714496;0;0;0;0;0;0;0;0;0;0;0;1362;0;0;86;0;54;0;
2095;1041574;988663808;15155200;1092714496;0;0;0;0;0;0;0;0;0;0;0;1402;0;0;86;0;54;0;
2096;1104912;988663808;15155200;1092714496;0;0;0;0;0;0;0;0;0;0;0;1693;0;0;86;0;54;0;
2097;1160416;988663808;15155200;1092714496;0;0;0;0;0;0;0;0;0;0;0;1703;0;0;86;0;54;0;
2098;3710418;988663808;15155200;1092714496;0;0;0;0;0;0;0;0;0;0;0;3437;0;0;86;0;54;0;
2099;2047289;988663808;15155200;1092714496;0;0;0;0;0;0;0;0;0;0;0;1422;0;0;86;0;54;0;
2100;1217974;988663808;15155200;1092714496;0;0;0;0;0;0;0;0;0;0;0;1483;0;0;86;0;54;0;
2101;1103430;988663808;15155200;1092714496;0;0;0;0;0;0;0;0;0;0;0;1413;0;0;86;0;54;0;
2102;1466781;988663808;15155200;1092714496;0;0;0;0;0;0;0;0;0;0;0;1643;0;0;86;0;54;0;
2103;1734513;988663808;15155200;1092714496;0;0;0;0;0;0;0;0;0;0;0;1653;0;0;86;0;54;0;
2104;1138324;988663808;15155200;1092714496;0;0;0;0;0;0;0;0;0;0;0;1393;0;0;86;0;54;0;
2105;1329384;988663808;15155200;1092714496;0;0;0;0;0;0;0;0;0;0;0;1402;0;0;86;0;54;0;
2106;1028860;988663808;15155200;1092714496;0;0;0;0;0;0;0;0;0;0;0;1372;0;0;86;0;54;0;
2107;1091558;988663808;15155200;1092714496;0;0;0;0;0;0;0;0;0;0;0;1553;0;0;86;0;54;0;
2108;2829486;988663808;15155200;1092714496;0;0;0;0;0;0;0;0;0;0;0;3527;0;0;86;0;54;0;
2109;3726859;992714752;15155200;1092714496;0;0;0;0;0;0;0;0;0;0;0;2555;0;0;87;0;54;0;
2110;1415164;992714752;15155200;1092714496;0;0;0;0;0;0;0;0;0;0;0;1453;0;0;87;0;54;0;
2111;1623785;992714752;15155200;1092714496;0;0;0;0;0;0;0;0;0;0;0;1453;0;0;87;0;54;0;
2112;1301100;992714752;15155200;1092714496;0;0;0;0;0;0;0;0;0;0;0;1352;0;0;87;0;54;0;
2113;1797642;992714752;15155200;1092714496;0;0;0;0;0;0;0;0;0;0;0;1302;0;0;87;0;54;0;
2114;1092619;992714752;15155200;1092714496;0;0;0;0;0;0;0;0;0;0;0;1673;0;0;87;0;54;0;
2115;1744041;993042432;15155200;1092714496;0;0;0;0;0;0;0;0;0;0;0;1373;0;0;87;0;54;0;
2116;1440793;993042432;15155200;1092714496;0;0;0;0;0;0;0;0;0;0;0;1673;0;0;87;0;54;0;
2117;1356614;993042432;15155200;1092714496;0;0;0;0;0;0;0;0;0;0;0;1613;0;0;87;0;54;0;
2118;4108104;997097472;15155200;1092714496;0;0;0;0;0;0;0;0;0;0;0;3166;0;0;88;0;59;0;
2119;1778826;997097472;15155200;1092714496;0;0;0;0;0;0;0;0;0;0;0;1673;0;0;88;0;59;0;
2120;1928036;997097472;15155200;1092714496;0;0;0;0;0;0;0;0;0;0;0;1492;0;0;88;0;59;0;
2121;1111224;997097472;15155200;1092714496;0;0;0;0;0;0;0;0;0;0;0;1362;0;0;88;0;59;0;
2122;1191234;997097472;15155200;1092714496;0;0;0;0;0;0;0;0;0;0;0;1743;0;0;88;0;59;0;
2123;4162887;997097472;15155200;1092714496;0;0;0;0;0;0;0;0;0;0;0;1613;0;0;88;0;59;0;
2124;3286494;997097472;15155200;1092714496;0;0;0;0;0;0;0;0;0;0;0;2104;0;0;88;0;59;0;
2125;1895455;997097472;15155200;1092714496;0;0;0;0;0;0;0;0;0;0;0;1993;0;0;88;0;59;0;
2126;1516664;997097472;15155200;1092714496;0;0;0;0;0;0;0;0;0;0;0;1703;0;0;88;0;59;0;
2127;1239304;997097472;15155200;1092714496;0;0;0;0;0;0;0;0;0;0;0;1323;0;0;88;0;59;0;
2128;1795878;997097472;15155200;1092714496;0;0;0;0;0;0;0;0;0;0;0;1352;0;0;88;0;59;0;
2129;1503259;997097472;15155200;1092714496;0;0;0;0;0;0;0;0;0;0;0;1403;0;0;88;0;59;0;
2130;1190122;997097472;15155200;1092714496;0;0;0;0;0;0;0;0;0;0;0;1503;0;0;88;0;59;0;
2131;1043788;997097472;15155200;1092714496;0;0;0;0;0;0;0;0;0;0;0;1422;0;0;88;0;59;0;
2132;1258841;997097472;15155200;1092714496;0;0;0;0;0;0;0;0;0;0;0;1422;0;0;88;0;59;0;
2133;1076488;997097472;15155200;1092714496;0;0;0;0;0;0;0;0;0;0;0;1312;0;0;88;0;59;0;
2134;1896126;997097472;15155200;1092714496;0;0;0;0;0;0;0;0;0;0;0;1453;0;0;88;0;59;0;
2135;1078563;997097472;15155200;1092714496;0;0;0;0;0;0;0;0;0;0;0;1303;0;0;88;0;59;0;
2136;1320326;997097472;15155200;1092714496;0;0;0;0;0;0;0;0;0;0;0;2304;0;0;88;0;60;0;
2137;990458;997097472;15155200;1092714496;0;0;0;0;0;0;0;0;0;0;0;1483;0;0;88;0;60;0;
2138;1498671;997097472;15155200;1092714496;0;0;0;0;0;0;0;0;0;0;0;1713;0;0;88;0;60;0;
2139;1504191;997097472;15155200;1092714496;0;0;0;0;0;0;0;0;0;0;0;1613;0;0;88;0;60;0;
2140;1183650;997097472;15155200;1092714496;0;0;0;0;0;0;0;0;0;0;0;1503;0;0;88;0;60;0;
2141;1038898;997097472;15155200;1092714496;0;0;0;0;0;0;0;0;0;0;0;1462;0;0;88;0;60;0;
2142;1366954;997097472;15155200;1092714496;0;0;0;0;0;0;0;0;0;0;0;1483;0;0;88;0;60;0;
2143;1206072;997097472;15155200;1092714496;0;0;0;0;0;0;0;0;0;0;0;1392;0;0;88;0;60;0;
2144;1643903;997097472;15155200;1092714496;0;0;0;0;0;0;0;0;0;0;0;1533;0;0;88;0;60;0;
2145;1416266;997097472;15155200;1092714496;0;0;0;0;0;0;0;0;0;0;0;1432;0;0;88;0;60;0;
2146;1067963;997097472;15155200;1092714496;0;0;0;0;0;0;0;0;0;0;0;1644;0;0;88;0;60;0;
2147;1175654;997097472;15155200;1092714496;0;0;0;0;0;0;0;0;0;0;0;1342;0;0;88;0;60;0;
2148;1114029;997367808;15155200;1092714496;0;0;0;0;0;0;0;0;0;0;0;1422;0;0;88;0;60;0;
2149;1529678;997367808;15155200;1092714496;0;0;0;0;0;0;0;0;0;0;0;1333;0;0;88;0;60;0;
2150;1499242;997367808;15155200;1092714496;0;0;0;0;0;0;0;0;0;0;0;1573;0;0;88;0;60;0;
2151;832522;997367808;15155200;1092714496;0;0;0;0;0;0;0;0;0;0;0;1523;0;0;88;0;60;0;
2152;1084684;997367808;15155200;1092714496;0;0;0;0;0;0;0;0;0;0;0;1202;0;0;88;0;60;0;
2153;1602145;997367808;15155200;1092714496;0;0;0;0;0;0;0;0;0;0;0;1593;0;0;88;0;60;0;
2154;4622098;997367808;15155200;1092714496;0;0;0;0;0;0;0;0;0;0;0;1482;0;0;88;0;60;0;
2155;2125105;997367808;15155200;1092714496;0;0;0;0;0;0;0;0;0;0;0;1573;0;0;88;0;60;0;
2156;950763;997367808;15155200;1092714496;0;0;0;0;0;0;0;0;0;0;0;1372;0;0;88;0;60;0;
2157;1221441;997367808;15155200;1092714496;0;0;0;0;0;0;0;0;0;0;0;1412;0;0;88;0;60;0;
2158;1784507;997367808;15155200;1092714496;0;0;0;0;0;0;0;0;0;0;0;1342;0;0;88;0;60;0;
2159;1995983;997396480;15151104;1092710400;0;0;0;0;0;0;0;0;0;0;0;1533;0;0;88;0;60;0;
2160;1359089;997396480;15151104;1092710400;0;0;0;0;0;0;0;0;0;0;0;1413;0;0;88;0;60;0;
2161;1350022;997396480;15151104;1092710400;0;0;0;0;0;0;0;0;0;0;0;1723;0;0;88;0;60;0;
2162;902061;997396480;15151104;1092710400;0;0;0;0;0;0;0;0;0;0;0;1443;0;0;88;0;60;0;
2163;900208;997396480;15151104;1092710400;0;0;0;0;0;0;0;0;0;0;0;1483;0;0;88;0;60;0;
2164;1400447;997396480;15151104;1092710400;0;0;0;0;0;0;0;0;0;0;0;1543;0;0;88;0;60;0;
2165;1513258;997396480;15151104;1092710400;0;0;0;0;0;0;0;0;0;0;0;1432;0;0;88;0;60;0;
2166;1218345;997396480;15151104;1092710400;0;0;0;0;0;0;0;0;0;0;0;1363;0;0;88;0;60;0;
2167;1080466;997396480;15151104;1092710400;0;0;0;0;0;0;0;0;0;0;0;1583;0;0;88;0;60;0;
2168;1532805;997396480;15151104;1092710400;0;0;0;0;0;0;0;0;0;0;0;1723;0;0;88;0;60;0;
2169;1313975;997396480;15151104;1092710400;0;0;0;0;0;0;0;0;0;0;0;1393;0;0;88;0;60;0;
2170;1187176;997396480;15151104;1092710400;0;0;0;0;0;0;0;0;0;0;0;1423;0;0;88;0;60;0;
2171;809689;997396480;15151104;1092710400;0;0;0;0;0;0;0;0;0;0;0;1643;0;0;88;0;60;0;
2172;963367;997396480;15151104;1092710400;0;0;0;0;0;0;0;0;0;0;0;1793;0;0;88;0;60;0;
2173;990878;997396480;15151104;1092710400;0;0;0;0;0;0;0;0;0;0;0;1413;0;0;88;0;60;0;
2174;1347027;997396480;15151104;1092710400;0;0;0;0;0;0;0;0;0;0;0;1523;0;0;88;0;60;0;
2175;1196333;997396480;15151104;1092710400;0;0;0;0;0;0;0;0;0;0;0;1403;0;0;88;0;60;0;
2176;1151269;997396480;15151104;1092710400;0;0;0;0;0;0;0;0;0;0;0;1823;0;0;88;0;60;0;
2177;1043587;997396480;15151104;1092710400;0;0;0;0;0;0;0;0;0;0;0;1523;0;0;88;0;60;0;
2178;1183299;997396480;15151104;1092710400;0;0;0;0;0;0;0;0;0;0;0;1493;0;0;88;0;60;0;
2179;1883342;997396480;15151104;1092710400;0;0;0;0;0;0;0;0;0;0;0;1383;0;0;88;0;60;0;
2180;978004;997396480;15151104;1092710400;0;0;0;0;0;0;0;0;0;0;0;1483;0;0;88;0;60;0;
2181;1089734;997396480;15151104;1092710400;0;0;0;0;0;0;0;0;0;0;0;1443;0;0;88;0;60;0;
2182;969097;997396480;15151104;1092710400;0;0;0;0;0;0;0;0;0;0;0;1723;0;0;88;0;60;0;
2183;1118658;997396480;15151104;1092710400;0;0;0;0;0;0;0;0;0;0;0;1603;0;0;88;0;60;0;
2184;3764400;997396480;15151104;1092710400;0;0;0;0;0;0;0;0;0;0;0;1723;0;0;88;0;60;0;
2185;2678283;997396480;15159296;1092718592;0;0;0;0;0;0;0;0;0;0;0;1463;0;0;88;0;60;0;
2186;1011817;997396480;15159296;1092718592;0;0;0;0;0;0;0;0;0;0;0;1423;0;0;88;0;60;0;
2187;1147692;997396480;15159296;1092718592;0;0;0;0;0;0;0;0;0;0;0;1422;0;0;88;0;60;0;
2188;1434971;997396480;15159296;1092718592;0;0;0;0;0;0;0;0;0;0;0;1663;0;0;88;0;60;0;
2189;1172238;997396480;15159296;1092718592;0;0;0;0;0;0;0;0;0;0;0;1363;0;0;88;0;60;0;
2190;1599840;997396480;15159296;1092718592;0;0;0;0;0;0;0;0;0;0;0;1613;0;0;88;0;60;0;
2191;1043798;997396480;15159296;1092718592;0;0;0;0;0;0;0;0;0;0;0;1543;0;0;88;0;60;0;
2192;964579;997396480;15159296;1092718592;0;0;0;0;0;0;0;0;0;0;0;1402;0;0;88;0;60;0;
2193;955461;997396480;15159296;1092718592;0;0;0;0;0;0;0;0;0;0;0;1373;0;0;88;0;60;0;
2194;1063074;997396480;15159296;1092718592;0;0;0;0;0;0;0;0;0;0;0;1603;0;0;88;0;60;0;
2195;2302158;997396480;15159296;1092718592;0;0;0;0;0;0;0;0;0;0;0;1614;0;0;88;0;60;0;
2196;1032817;997396480;15159296;1092718592;0;0;0;0;0;0;0;0;0;0;0;1453;0;0;88;0;60;0;
2197;1071870;997396480;15159296;1092718592;0;0;0;0;0;0;0;0;0;0;0;1553;0;0;88;0;60;0;
2198;1418490;997396480;15159296;1092718592;0;0;0;0;0;0;0;0;0;0;0;1462;0;0;88;0;60;0;
2199;1046914;997396480;15159296;1092718592;0;0;0;0;0;0;0;0;0;0;0;1383;0;0;88;0;60;0;
2200;3763618;997396480;15159296;1092718592;0;0;0;0;0;0;0;0;0;0;0;1393;0;0;88;0;60;0;
2201;1589842;997396480;15159296;1092718592;0;0;0;0;0;0;0;0;0;0;0;1403;0;0;88;0;60;0;
2202;908654;997396480;15159296;1092718592;0;0;0;0;0;0;0;0;0;0;0;1413;0;0;88;0;60;0;
2203;1001077;997396480;15159296;1092718592;0;0;0;0;0;0;0;0;0;0;0;1493;0;0;88;0;60;0;
2204;914735;997396480;15159296;1092718592;0;0;0;0;0;0;0;0;0;0;0;1353;0;0;88;0;60;0;
2205;1460199;997396480;15159296;1092718592;0;0;0;0;0;0;0;0;0;0;0;2064;0;0;88;0;60;0;
2206;1158843;997396480;15159296;1092718592;0;0;0;0;0;0;0;0;0;0;0;1643;0;0;88;0;60;0;
2207;1044930;997396480;15159296;1092718592;0;0;0;0;0;0;0;0;0;0;0;1392;0;0;88;0;60;0;
2208;1041784;997396480;15159296;1092718592;0;0;0;0;0;0;0;0;0;0;0;1393;0;0;88;0;60;0;
2209;823675;997396480;15159296;1092718592;0;0;0;0;0;0;0;0;0;0;0;1392;0;0;88;0;60;0;
2210;1277365;997396480;15159296;1092718592;0;0;0;0;0;0;0;0;0;0;0;1212;0;0;88;0;60;0;
2211;1093631;997396480;15159296;1092718592;0;0;0;0;0;0;0;0;0;0;0;1413;0;0;88;0;60;0;
2212;1578300;997396480;15159296;1092718592;0;0;0;0;0;0;0;0;0;0;0;1412;0;0;88;0;60;0;
2213;1405816;997396480;15159296;1092718592;0;0;0;0;0;0;0;0;0;0;0;1372;0;0;88;0;60;0;
2214;1070087;997396480;15159296;1092718592;0;0;0;0;0;0;0;0;0;0;0;1363;0;0;88;0;60;0;
2215;4348144;997396480;15159296;1092718592;0;0;0;0;0;0;0;0;0;0;0;1413;0;0;88;0;60;0;
2216;2666591;997396480;15159296;1092718592;0;0;0;0;0;0;0;0;0;0;0;122039;0;0;88;0;60;0;
2217;1280171;997396480;15159296;1092718592;0;0;0;0;0;0;0;0;0;0;0;1603;0;0;88;0;60;0;
2218;1272166;997396480;15159296;1092718592;0;0;0;0;0;0;0;0;0;0;0;1603;0;0;88;0;60;0;
2219;1101145;997396480;15159296;1092718592;0;0;0;0;0;0;0;0;0;0;0;1634;0;0;88;0;60;0;
2220;833443;997396480;15159296;1092718592;0;0;0;0;0;0;0;0;0;0;0;1343;0;0;88;0;60;0;
2221;2248336;997441536;15151104;1092710400;0;0;0;0;0;0;0;0;0;0;0;6783;0;0;88;0;60;0;
2222;1791881;997441536;15151104;1092710400;0;0;0;0;0;0;0;0;0;0;0;1383;0;0;88;0;60;0;
2223;1085305;997441536;15151104;1092710400;0;0;0;0;0;0;0;0;0;0;0;1393;0;0;88;0;60;0;
2224;989495;997441536;15151104;1092710400;0;0;0;0;0;0;0;0;0;0;0;1623;0;0;88;0;60;0;
2225;1575224;997441536;15151104;1092710400;0;0;0;0;0;0;0;0;0;0;0;1583;0;0;88;0;60;0;
2226;1866571;997441536;15151104;1092710400;0;0;0;0;0;0;0;0;0;0;0;1533;0;0;88;0;60;0;
2227;892363;997441536;15151104;1092710400;0;0;0;0;0;0;0;0;0;0;0;1864;0;0;88;0;60;0;
2228;1444570;997441536;15151104;1092710400;0;0;0;0;0;0;0;0;0;0;0;1623;0;0;88;0;60;0;
2229;1521313;997441536;15151104;1092710400;0;0;0;0;0;0;0;0;0;0;0;1452;0;0;88;0;60;0;
2230;2180749;997441536;15151104;1092710400;0;0;0;0;0;0;0;0;0;0;0;1533;0;0;88;0;60;0;
2231;3515563;997441536;15151104;1092710400;0;0;0;0;0;0;0;0;0;0;0;1623;0;0;88;0;60;0;
2232;1233553;997441536;15151104;1092710400;0;0;0;0;0;0;0;0;0;0;0;1412;0;0;88;0;60;0;
2233;1231289;997441536;15151104;1092710400;0;0;0;0;0;0;0;0;0;0;0;1453;0;0;88;0;60;0;
2234;1011838;997441536;15151104;1092710400;0;0;0;0;0;0;0;0;0;0;0;1563;0;0;88;0;60;0;
2235;1566347;997441536;15151104;1092710400;0;0;0;0;0;0;0;0;0;0;0;1473;0;0;88;0;60;0;
2236;2505860;997441536;15151104;1092710400;0;0;0;0;0;0;0;0;0;0;0;1663;0;0;88;0;60;0;
2237;1015995;997441536;15151104;1092710400;0;0;0;0;0;0;0;0;0;0;0;1462;0;0;88;0;60;0;
2238;1013691;997441536;15151104;1092710400;0;0;0;0;0;0;0;0;0;0;0;1493;0;0;88;0;60;0;
2239;1469526;997441536;15151104;1092710400;0;0;0;0;0;0;0;0;0;0;0;1613;0;0;88;0;60;0;
2240;1179682;997441536;15151104;1092710400;0;0;0;0;0;0;0;0;0;0;0;1493;0;0;88;0;60;0;
2241;1911084;997441536;15151104;1092710400;0;0;0;0;0;0;0;0;0;0;0;1542;0;0;88;0;60;0;
2242;1554154;997441536;15151104;1092710400;0;0;0;0;0;0;0;0;0;0;0;1573;0;0;88;0;60;0;
2243;1062232;997441536;15151104;1092710400;0;0;0;0;0;0;0;0;0;0;0;1583;0;0;88;0;60;0;
2244;1242350;997441536;15151104;1092710400;0;0;0;0;0;0;0;0;0;0;0;1493;0;0;88;0;60;0;
2245;1340885;997441536;15151104;1092710400;0;0;0;0;0;0;0;0;0;0;0;1453;0;0;88;0;60;0;
2246;4016212;997441536;15151104;1092710400;0;0;0;0;0;0;0;0;0;0;0;1402;0;0;88;0;60;0;
2247;3185354;997441536;15155200;1092714496;0;0;0;0;0;0;0;0;0;0;0;1644;0;0;88;0;60;0;
2248;1435963;997441536;15155200;1092714496;0;0;0;0;0;0;0;0;0;0;0;1493;0;0;88;0;60;0;
2249;1684038;997441536;15155200;1092714496;0;0;0;0;0;0;0;0;0;0;0;1573;0;0;88;0;60;0;
2250;1609909;997441536;15155200;1092714496;0;0;0;0;0;0;0;0;0;0;0;1392;0;0;88;0;60;0;
2251;1951549;997441536;15155200;1092714496;0;0;0;0;0;0;0;0;0;0;0;1423;0;0;88;0;60;0;
2252;1794976;997441536;15155200;1092714496;0;0;0;0;0;0;0;0;0;0;0;1633;0;0;88;0;60;0;
2253;790262;997441536;15155200;1092714496;0;0;0;0;0;0;0;0;0;0;0;1362;0;0;88;0;60;0;
2254;779041;997441536;15155200;1092714496;0;0;0;0;0;0;0;0;0;0;0;1413;0;0;88;0;60;0;
2255;878678;997441536;15155200;1092714496;0;0;0;0;0;0;0;0;0;0;0;1352;0;0;88;0;60;0;
2256;894157;997441536;15155200;1092714496;0;0;0;0;0;0;0;0;0;0;0;1342;0;0;88;0;60;0;
2257;1529369;997441536;15155200;1092714496;0;0;0;0;0;0;0;0;0;0;0;1413;0;0;88;0;60;0;
2258;1697203;997441536;15155200;1092714496;0;0;0;0;0;0;0;0;0;0;0;1482;0;0;88;0;60;0;
2259;1573952;997441536;15155200;1092714496;0;0;0;0;0;0;0;0;0;0;0;1363;0;0;88;0;60;0;
2260;1250726;997441536;15155200;1092714496;0;0;0;0;0;0;0;0;0;0;0;1353;0;0;88;0;60;0;
2261;1211011;997441536;15155200;1092714496;0;0;0;0;0;0;0;0;0;0;0;1462;0;0;88;0;60;0;
2262;1920892;997441536;15155200;1092714496;0;0;0;0;0;0;0;0;0;0;0;1443;0;0;88;0;60;0;
2263;1613105;997441536;15155200;1092714496;0;0;0;0;0;0;0;0;0;0;0;1563;0;0;88;0;60;0;
2264;779031;997441536;15155200;1092714496;0;0;0;0;0;0;0;0;0;0;0;1363;0;0;88;0;60;0;
2265;1159885;997441536;15155200;1092714496;0;0;0;0;0;0;0;0;0;0;0;1633;0;0;88;0;60;0;
2266;908744;997441536;15155200;1092714496;0;0;0;0;0;0;0;0;0;0;0;1482;0;0;88;0;60;0;
2267;1485636;997441536;15155200;1092714496;0;0;0;0;0;0;0;0;0;0;0;1643;0;0;88;0;60;0;
2268;930595;997441536;15155200;1092714496;0;0;0;0;0;0;0;0;0;0;0;1644;0;0;88;0;60;0;
2269;933601;997441536;15155200;1092714496;0;0;0;0;0;0;0;0;0;0;0;1704;0;0;88;0;60;0;
2270;984296;997441536;15155200;1092714496;0;0;0;0;0;0;0;0;0;0;0;1533;0;0;88;0;60;0;
2271;1377944;997441536;15155200;1092714496;0;0;0;0;0;0;0;0;0;0;0;1473;0;0;88;0;60;0;
2272;1429501;997441536;15155200;1092714496;0;0;0;0;0;0;0;0;0;0;0;1563;0;0;88;0;60;0;
2273;920516;997441536;15155200;1092714496;0;0;0;0;0;0;0;0;0;0;0;1964;0;0;88;0;60;0;
2274;990247;997441536;15155200;1092714496;0;0;0;0;0;0;0;0;0;0;0;1844;0;0;88;0;60;0;
2275;1248822;997441536;15155200;1092714496;0;0;0;0;0;0;0;0;0;0;0;1924;0;0;88;0;60;0;
2276;1516494;997441536;15155200;1092714496;0;0;0;0;0;0;0;0;0;0;0;1463;0;0;88;0;60;0;
2277;4039335;997441536;15155200;1092714496;0;0;0;0;0;0;0;0;0;0;0;1894;0;0;88;0;60;0;
2278;2863831;997441536;15155200;1092714496;0;0;0;0;0;0;0;0;0;0;0;1453;0;0;88;0;60;0;
2279;1325356;997441536;15155200;1092714496;0;0;0;0;0;0;0;0;0;0;0;1623;0;0;88;0;60;0;
2280;917561;997441536;15155200;1092714496;0;0;0;0;0;0;0;0;0;0;0;1383;0;0;88;0;60;0;
2281;1187727;997441536;15155200;1092714496;0;0;0;0;0;0;0;0;0;0;0;1623;0;0;88;0;60;0;
2282;1179222;997441536;15155200;1092714496;0;0;0;0;0;0;0;0;0;0;0;1623;0;0;88;0;60;0;
2283;1379226;997441536;15155200;1092714496;0;0;0;0;0;0;0;0;0;0;0;1623;0;0;88;0;60;0;
2284;1371082;997441536;15155200;1092714496;0;0;0;0;0;0;0;0;0;0;0;1623;0;0;88;0;60;0;
2285;1066650;997441536;15155200;1092714496;0;0;0;0;0;0;0;0;0;0;0;1392;0;0;88;0;60;0;
2286;1180834;997441536;15155200;1092714496;0;0;0;0;0;0;0;0;0;0;0;1442;0;0;88;0;60;0;
2287;1040882;997441536;15155200;1092714496;0;0;0;0;0;0;0;0;0;0;0;1442;0;0;88;0;60;0;
2288;1487470;997441536;15155200;1092714496;0;0;0;0;0;0;0;0;0;0;0;1233;0;0;88;0;60;0;
2289;1065709;997441536;15155200;1092714496;0;0;0;0;0;0;0;0;0;0;0;1442;0;0;88;0;60;0;
2290;938069;997441536;15155200;1092714496;0;0;0;0;0;0;0;0;0;0;0;1493;0;0;88;0;60;0;
2291;1295900;997441536;15155200;1092714496;0;0;0;0;0;0;0;0;0;0;0;1473;0;0;88;0;60;0;
2292;1007259;997441536;15155200;1092714496;0;0;0;0;0;0;0;0;0;0;0;1583;0;0;88;0;60;0;
2293;1610901;997441536;15155200;1092714496;0;0;0;0;0;0;0;0;0;0;0;1463;0;0;88;0;60;0;
2294;989275;997441536;15155200;1092714496;0;0;0;0;0;0;0;0;0;0;0;1412;0;0;88;0;60;0;
2295;941766;997441536;15155200;1092714496;0;0;0;0;0;0;0;0;0;0;0;1383;0;0;88;0;60;0;
2296;1326298;997441536;15155200;1092714496;0;0;0;0;0;0;0;0;0;0;0;1503;0;0;88;0;60;0;
2297;1319685;997441536;15155200;1092714496;0;0;0;0;0;0;0;0;0;0;0;1593;0;0;88;0;60;0;
2298;1441633;997441536;15155200;1092714496;0;0;0;0;0;0;0;0;0;0;0;1583;0;0;88;0;60;0;
2299;1076799;997441536;15155200;1092714496;0;0;0;0;0;0;0;0;0;0;0;1503;0;0;88;0;60;0;
2300;1268229;997441536;15155200;1092714496;0;0;0;0;0;0;0;0;0;0;0;1463;0;0;88;0;60;0;
2301;973145;997441536;15155200;1092714496;0;0;0;0;0;0;0;0;0;0;0;1613;0;0;88;0;60;0;
2302;1009904;997441536;15155200;1092714496;0;0;0;0;0;0;0;0;0;0;0;1523;0;0;88;0;60;0;
2303;1095986;997441536;15155200;1092714496;0;0;0;0;0;0;0;0;0;0;0;1452;0;0;88;0;60;0;
2304;801493;997441536;15155200;1092714496;0;0;0;0;0;0;0;0;0;0;0;1513;0;0;88;0;60;0;
2305;790182;997441536;15155200;1092714496;0;0;0;0;0;0;0;0;0;0;0;1613;0;0;88;0;60;0;
2306;740980;997441536;15155200;1092714496;0;0;0;0;0;0;0;0;0;0;0;1393;0;0;88;0;60;0;
2307;1382353;997441536;15155200;1092714496;0;0;0;0;0;0;0;0;0;0;0;1433;0;0;88;0;60;0;
2308;3837116;997441536;15155200;1092714496;0;0;0;0;0;0;0;0;0;0;0;1463;0;0;88;0;60;0;
2309;2571423;997441536;15155200;1092714496;0;0;0;0;0;0;0;0;0;0;0;1923;0;0;88;0;60;0;
2310;1482149;997441536;15155200;1092714496;0;0;0;0;0;0;0;0;0;0;0;1844;0;0;88;0;60;0;
2311;1724885;997441536;15155200;1092714496;0;0;0;0;0;0;0;0;0;0;0;1613;0;0;88;0;60;0;
2312;1319875;997441536;15155200;1092714496;0;0;0;0;0;0;0;0;0;0;0;1362;0;0;88;0;60;0;
2313;1001698;997441536;15155200;1092714496;0;0;0;0;0;0;0;0;0;0;0;1422;0;0;88;0;60;0;
2314;1745824;997441536;15155200;1092714496;0;0;0;0;0;0;0;0;0;0;0;1993;0;0;88;0;60;0;
2315;1506535;997441536;15155200;1092714496;0;0;0;0;0;0;0;0;0;0;0;1473;0;0;88;0;60;0;
2316;1184161;997441536;15155200;1092714496;0;0;0;0;0;0;0;0;0;0;0;2194;0;0;88;0;60;0;
2317;1160597;997441536;15155200;1092714496;0;0;0;0;0;0;0;0;0;0;0;1903;0;0;88;0;60;0;
2318;1182998;997441536;15155200;1092714496;0;0;0;0;0;0;0;0;0;0;0;1553;0;0;88;0;60;0;
2319;1457584;997441536;15155200;1092714496;0;0;0;0;0;0;0;0;0;0;0;1623;0;0;88;0;60;0;
2320;1139136;997441536;15155200;1092714496;0;0;0;0;0;0;0;0;0;0;0;1703;0;0;88;0;60;0;
2321;873559;997441536;15155200;1092714496;0;0;0;0;0;0;0;0;0;0;0;1453;0;0;88;0;60;0;
2322;921588;997441536;15155200;1092714496;0;0;0;0;0;0;0;0;0;0;0;1403;0;0;88;0;60;0;
2323;999936;997441536;15155200;1092714496;0;0;0;0;0;0;0;0;0;0;0;1944;0;0;88;0;60;0;
2324;2172113;997441536;15155200;1092714496;0;0;0;0;0;0;0;0;0;0;0;1593;0;0;88;0;60;0;
2325;1656396;997441536;15155200;1092714496;0;0;0;0;0;0;0;0;0;0;0;1583;0;0;88;0;60;0;
2326;1626831;997441536;15155200;1092714496;0;0;0;0;0;0;0;0;0;0;0;1503;0;0;88;0;60;0;
2327;1146631;997441536;15155200;1092714496;0;0;0;0;0;0;0;0;0;0;0;1573;0;0;88;0;60;0;
2328;906580;997441536;15155200;1092714496;0;0;0;0;0;0;0;0;0;0;0;1613;0;0;88;0;60;0;
2329;1469556;997441536;15155200;1092714496;0;0;0;0;0;0;0;0;0;0;0;1683;0;0;88;0;60;0;
2330;884078;997441536;15155200;1092714496;0;0;0;0;0;0;0;0;0;0;0;2054;0;0;88;0;60;0;
2331;853641;997441536;15155200;1092714496;0;0;0;0;0;0;0;0;0;0;0;1714;0;0;88;0;60;0;
2332;1293235;997441536;15155200;1092714496;0;0;0;0;0;0;0;0;0;0;0;1634;0;0;88;0;60;0;
2333;853000;997441536;15155200;1092714496;0;0;0;0;0;0;0;0;0;0;0;1573;0;0;88;0;60;0;
2334;1532043;997441536;15155200;1092714496;0;0;0;0;0;0;0;0;0;0;0;1924;0;0;88;0;60;0;
2335;1075296;997441536;15155200;1092714496;0;0;0;0;0;0;0;0;0;0;0;1533;0;0;88;0;60;0;
2336;1070899;997441536;15155200;1092714496;0;0;0;0;0;0;0;0;0;0;0;1944;0;0;88;0;60;0;
2337;1120040;997441536;15155200;1092714496;0;0;0;0;0;0;0;0;0;0;0;1383;0;0;88;0;60;0;
2338;1273308;997441536;15155200;1092714496;0;0;0;0;0;0;0;0;0;0;0;1482;0;0;88;0;60;0;
2339;4452971;997441536;15155200;1092714496;0;0;0;0;0;0;0;0;0;0;0;1643;0;0;88;0;60;0;
2340;2260970;997441536;15155200;1092714496;0;0;0;0;0;0;0;0;0;0;0;12583;0;0;88;0;60;0;
2341;1420193;997441536;15155200;1092714496;0;0;0;0;0;0;0;0;0;0;0;1543;0;0;88;0;60;0;
2342;1071730;997441536;15155200;1092714496;0;0;0;0;0;0;0;0;0;0;0;1523;0;0;88;0;60;0;
2343;1237891;997441536;15155200;1092714496;0;0;0;0;0;0;0;0;0;0;0;1674;0;0;88;0;60;0;
2344;1226660;997441536;15155200;1092714496;0;0;0;0;0;0;0;0;0;0;0;1824;0;0;88;0;60;0;
2345;1920402;997441536;15155200;1092714496;0;0;0;0;0;0;0;0;0;0;0;1703;0;0;88;0;60;0;
2346;1721038;997441536;15155200;1092714496;0;0;0;0;0;0;0;0;0;0;0;1653;0;0;88;0;60;0;
2347;1432025;997441536;15155200;1092714496;0;0;0;0;0;0;0;0;0;0;0;1462;0;0;88;0;60;0;
2348;989585;997441536;15155200;1092714496;0;0;0;0;0;0;0;0;0;0;0;1442;0;0;88;0;60;0;
2349;1357215;997441536;15155200;1092714496;0;0;0;0;0;0;0;0;0;0;0;1453;0;0;88;0;60;0;
2350;1701932;997441536;15155200;1092714496;0;0;0;0;0;0;0;0;0;0;0;1572;0;0;88;0;60;0;
2351;957185;997441536;15155200;1092714496;0;0;0;0;0;0;0;0;0;0;0;1453;0;0;88;0;60;0;
2352;1655665;997441536;15155200;1092714496;0;0;0;0;0;0;0;0;0;0;0;1763;0;0;88;0;60;0;
2353;784972;997441536;15155200;1092714496;0;0;0;0;0;0;0;0;0;0;0;1483;0;0;88;0;60;0;
2354;905148;997441536;15155200;1092714496;0;0;0;0;0;0;0;0;0;0;0;1413;0;0;88;0;60;0;
2355;1236699;997441536;15155200;1092714496;0;0;0;0;0;0;0;0;0;0;0;1633;0;0;88;0;60;0;
2356;1232381;997441536;15155200;1092714496;0;0;0;0;0;0;0;0;0;0;0;1593;0;0;88;0;60;0;
2357;903976;997441536;15155200;1092714496;0;0;0;0;0;0;0;0;0;0;0;1453;0;0;88;0;60;0;
2358;863208;997441536;15155200;1092714496;0;0;0;0;0;0;0;0;0;0;0;1573;0;0;88;0;60;0;
2359;834034;997441536;15155200;1092714496;0;0;0;0;0;0;0;0;0;0;0;1533;0;0;88;0;60;0;
2360;1787703;997441536;15155200;1092714496;0;0;0;0;0;0;0;0;0;0;0;1783;0;0;88;0;60;0;
2361;1731717;997441536;15155200;1092714496;0;0;0;0;0;0;0;0;0;0;0;1502;0;0;88;0;60;0;
2362;874049;997441536;15155200;1092714496;0;0;0;0;0;0;0;0;0;0;0;1412;0;0;88;0;60;0;
2363;1244674;997441536;15155200;1092714496;0;0;0;0;0;0;0;0;0;0;0;1623;0;0;88;0;60;0;
2364;1004564;997441536;15155200;1092714496;0;0;0;0;0;0;0;0;0;0;0;1563;0;0;88;0;60;0;
2365;1455871;997441536;15155200;1092714496;0;0;0;0;0;0;0;0;0;0;0;1452;0;0;88;0;60;0;
2366;1119129;997441536;15155200;1092714496;0;0;0;0;0;0;0;0;0;0;0;1623;0;0;88;0;60;0;
2367;843802;997441536;15155200;1092714496;0;0;0;0;0;0;0;0;0;0;0;1593;0;0;88;0;60;0;
2368;802966;997441536;15155200;1092714496;0;0;0;0;0;0;0;0;0;0;0;1433;0;0;88;0;60;0;
2369;977063;997441536;15155200;1092714496;0;0;0;0;0;0;0;0;0;0;0;1643;0;0;88;0;60;0;
2370;3822729;997441536;15155200;1092714496;0;0;0;0;0;0;0;0;0;0;0;1573;0;0;88;0;60;0;
2371;2497604;997441536;15155200;1092714496;0;0;0;0;0;0;0;0;0;0;0;1673;0;0;88;0;60;0;
2372;990367;997441536;15155200;1092714496;0;0;0;0;0;0;0;0;0;0;0;1964;0;0;88;0;60;0;
2373;1068584;997441536;15155200;1092714496;0;0;0;0;0;0;0;0;0;0;0;1674;0;0;88;0;60;0;
2374;1481529;997441536;15155200;1092714496;0;0;0;0;0;0;0;0;0;0;0;1492;0;0;88;0;60;0;
2375;1175464;997441536;15155200;1092714496;0;0;0;0;0;0;0;0;0;0;0;1833;0;0;88;0;60;0;
2376;2595738;997441536;15155200;1092714496;0;0;0;0;0;0;0;0;0;0;0;1663;0;0;88;0;60;0;
2377;1438388;997441536;15155200;1092714496;0;0;0;0;0;0;0;0;0;0;0;2024;0;0;88;0;60;0;
2378;1063685;997441536;15155200;1092714496;0;0;0;0;0;0;0;0;0;0;0;1603;0;0;88;0;60;0;
2379;1018601;997441536;15155200;1092714496;0;0;0;0;0;0;0;0;0;0;0;1673;0;0;88;0;60;0;
2380;1257127;997441536;15155200;1092714496;0;0;0;0;0;0;0;0;0;0;0;1763;0;0;88;0;60;0;
2381;2220043;997441536;15155200;1092714496;0;0;0;0;0;0;0;0;0;0;0;1753;0;0;88;0;60;0;
2382;1341015;997441536;15155200;1092714496;0;0;0;0;0;0;0;0;0;0;0;1944;0;0;88;0;60;0;
2383;1974594;997441536;15155200;1092714496;0;0;0;0;0;0;0;0;0;0;0;1493;0;0;88;0;60;0;
2384;853742;997441536;15155200;1092714496;0;0;0;0;0;0;0;0;0;0;0;1423;0;0;88;0;60;0;
2385;868639;997441536;15155200;1092714496;0;0;0;0;0;0;0;0;0;0;0;1443;0;0;88;0;60;0;
2386;1425072;997441536;15155200;1092714496;0;0;0;0;0;0;0;0;0;0;0;1403;0;0;88;0;60;0;
2387;1088371;997441536;15155200;1092714496;0;0;0;0;0;0;0;0;0;0;0;1423;0;0;88;0;60;0;
2388;1167650;997441536;15155200;1092714496;0;0;0;0;0;0;0;0;0;0;0;1583;0;0;88;0;60;0;
2389;734017;997441536;15155200;1092714496;0;0;0;0;0;0;0;0;0;0;0;1503;0;0;88;0;60;0;
2390;1064206;997441536;15155200;1092714496;0;0;0;0;0;0;0;0;0;0;0;1423;0;0;88;0;60;0;
2391;1626991;997441536;15155200;1092714496;0;0;0;0;0;0;0;0;0;0;0;1393;0;0;88;0;60;0;
2392;829345;997441536;15155200;1092714496;0;0;0;0;0;0;0;0;0;0;0;1362;0;0;88;0;60;0;
2393;749094;997441536;15155200;1092714496;0;0;0;0;0;0;0;0;0;0;0;1412;0;0;88;0;60;0;
2394;1766453;997441536;15155200;1092714496;0;0;0;0;0;0;0;0;0;0;0;1453;0;0;88;0;60;0;
2395;1004774;997441536;15155200;1092714496;0;0;0;0;0;0;0;0;0;0;0;1653;0;0;88;0;60;0;
2396;1822388;997441536;15155200;1092714496;0;0;0;0;0;0;0;0;0;0;0;1573;0;0;88;0;60;0;
2397;1113418;997441536;15155200;1092714496;0;0;0;0;0;0;0;0;0;0;0;1513;0;0;88;0;60;0;
2398;1154154;997441536;15155200;1092714496;0;0;0;0;0;0;0;0;0;0;0;1473;0;0;88;0;60;0;
2399;981331;997441536;15155200;1092714496;0;0;0;0;0;0;0;0;0;0;0;1423;0;0;88;0;60;0;
2400;1271184;997441536;15155200;1092714496;0;0;0;0;0;0;0;0;0;0;0;1423;0;0;88;0;60;0;
2401;4226877;997441536;15155200;1092714496;0;0;0;0;0;0;0;0;0;0;0;1473;0;0;88;0;60;0;
2402;2584447;997441536;15155200;1092714496;0;0;0;0;0;0;0;0;0;0;0;1353;0;0;88;0;60;0;
2403;1061591;997441536;15155200;1092714496;0;0;0;0;0;0;0;0;0;0;0;1503;0;0;88;0;60;0;
2404;1328080;997441536;15155200;1092714496;0;0;0;0;0;0;0;0;0;0;0;1523;0;0;88;0;60;0;
2405;1733751;997441536;15155200;1092714496;0;0;0;0;0;0;0;0;0;0;0;1583;0;0;88;0;60;0;
2406;1479164;997441536;15155200;1092714496;0;0;0;0;0;0;0;0;0;0;0;1463;0;0;88;0;60;0;
2407;1275532;997441536;15155200;1092714496;0;0;0;0;0;0;0;0;0;0;0;1794;0;0;88;0;60;0;
2408;945633;997441536;15155200;1092714496;0;0;0;0;0;0;0;0;0;0;0;1653;0;0;88;0;60;0;
2409;1567219;997441536;15155200;1092714496;0;0;0;0;0;0;0;0;0;0;0;1593;0;0;88;0;60;0;
2410;1389105;997441536;15155200;1092714496;0;0;0;0;0;0;0;0;0;0;0;1563;0;0;88;0;60;0;
2411;1391300;997441536;15155200;1092714496;0;0;0;0;0;0;0;0;0;0;0;1563;0;0;88;0;60;0;
2412;1108679;997441536;15155200;1092714496;0;0;0;0;0;0;0;0;0;0;0;1884;0;0;88;0;60;0;
2413;966372;997441536;15155200;1092714496;0;0;0;0;0;0;0;0;0;0;0;1723;0;0;88;0;60;0;
2414;985568;997441536;15155200;1092714496;0;0;0;0;0;0;0;0;0;0;0;1543;0;0;88;0;60;0;
2415;1047875;997441536;15155200;1092714496;0;0;0;0;0;0;0;0;0;0;0;1824;0;0;88;0;60;0;
2416;2750328;997441536;15155200;1092714496;0;0;0;0;0;0;0;0;0;0;0;1653;0;0;88;0;60;0;
2417;1193719;997441536;15155200;1092714496;0;0;0;0;0;0;0;0;0;0;0;1623;0;0;88;0;60;0;
2418;986700;997441536;15155200;1092714496;0;0;0;0;0;0;0;0;0;0;0;1623;0;0;88;0;60;0;
2419;1502968;997441536;15155200;1092714496;0;0;0;0;0;0;0;0;0;0;0;1372;0;0;88;0;60;0;
2420;1042305;997441536;15155200;1092714496;0;0;0;0;0;0;0;0;0;0;0;1443;0;0;88;0;60;0;
2421;1217093;997441536;15155200;1092714496;0;0;0;0;0;0;0;0;0;0;0;1482;0;0;88;0;60;0;
2422;1342227;997441536;15155200;1092714496;0;0;0;0;0;0;0;0;0;0;0;1433;0;0;88;0;60;0;
2423;1078753;997441536;15155200;1092714496;0;0;0;0;0;0;0;0;0;0;0;1673;0;0;88;0;60;0;
2424;1403933;997441536;15155200;1092714496;0;0;0;0;0;0;0;0;0;0;0;1383;0;0;88;0;60;0;
2425;1949666;997441536;15155200;1092714496;0;0;0;0;0;0;0;0;0;0;0;1623;0;0;88;0;60;0;
2426;1330665;997441536;15155200;1092714496;0;0;0;0;0;0;0;0;0;0;0;1383;0;0;88;0;60;0;
2427;1427277;997441536;15155200;1092714496;0;0;0;0;0;0;0;0;0;0;0;1443;0;0;88;0;60;0;
2428;1221010;997441536;15155200;1092714496;0;0;0;0;0;0;0;0;0;0;0;1604;0;0;88;0;60;0;
2429;769513;997441536;15155200;1092714496;0;0;0;0;0;0;0;0;0;0;0;1543;0;0;88;0;60;0;
2430;908203;997441536;15155200;1092714496;0;0;0;0;0;0;0;0;0;0;0;1293;0;0;88;0;60;0;
2431;3827287;997441536;15155200;1092714496;0;0;0;0;0;0;0;0;0;0;0;1433;0;0;88;0;60;0;
2432;3982789;997441536;15155200;1092714496;0;0;0;0;0;0;0;0;0;0;0;1754;0;0;88;0;60;0;
2433;1175164;997441536;15155200;1092714496;0;0;0;0;0;0;0;0;0;0;0;1783;0;0;88;0;60;0;
2434;1087590;997441536;15155200;1092714496;0;0;0;0;0;0;0;0;0;0;0;1713;0;0;88;0;60;0;
2435;1277165;997441536;15155200;1092714496;0;0;0;0;0;0;0;0;0;0;0;1843;0;0;88;0;60;0;
2436;1657368;997441536;15155200;1092714496;0;0;0;0;0;0;0;0;0;0;0;1463;0;0;88;0;60;0;
2437;1862543;997441536;15155200;1092714496;0;0;0;0;0;0;0;0;0;0;0;1463;0;0;88;0;60;0;
2438;1503980;997441536;15155200;1092714496;0;0;0;0;0;0;0;0;0;0;0;1483;0;0;88;0;60;0;
2439;1330475;997441536;15155200;1092714496;0;0;0;0;0;0;0;0;0;0;0;1463;0;0;88;0;60;0;
2440;1898060;997441536;15155200;1092714496;0;0;0;0;0;0;0;0;0;0;0;1422;0;0;88;0;60;0;
2441;1196333;997441536;15155200;1092714496;0;0;0;0;0;0;0;0;0;0;0;1503;0;0;88;0;60;0;
2442;1323802;997441536;15155200;1092714496;0;0;0;0;0;0;0;0;0;0;0;1503;0;0;88;0;60;0;
2443;1178981;997441536;15155200;1092714496;0;0;0;0;0;0;0;0;0;0;0;1553;0;0;88;0;60;0;
2444;1887510;997441536;15155200;1092714496;0;0;0;0;0;0;0;0;0;0;0;1724;0;0;88;0;60;0;
2445;1603246;997441536;15155200;1092714496;0;0;0;0;0;0;0;0;0;0;0;1592;0;0;88;0;60;0;
2446;875301;997441536;15155200;1092714496;0;0;0;0;0;0;0;0;0;0;0;1593;0;0;88;0;60;0;
2447;1111064;997441536;15155200;1092714496;0;0;0;0;0;0;0;0;0;0;0;1664;0;0;88;0;60;0;
2448;1503239;997441536;15155200;1092714496;0;0;0;0;0;0;0;0;0;0;0;1703;0;0;88;0;60;0;
2449;1581526;997441536;15155200;1092714496;0;0;0;0;0;0;0;0;0;0;0;1533;0;0;88;0;60;0;
2450;1291832;997441536;15155200;1092714496;0;0;0;0;0;0;0;0;0;0;0;1723;0;0;88;0;60;0;
2451;1602174;997441536;15155200;1092714496;0;0;0;0;0;0;0;0;0;0;0;1673;0;0;88;0;60;0;
2452;1622583;997441536;15155200;1092714496;0;0;0;0;0;0;0;0;0;0;0;1532;0;0;88;0;60;0;
2453;979707;997441536;15155200;1092714496;0;0;0;0;0;0;0;0;0;0;0;1674;0;0;88;0;60;0;
2454;1959024;997441536;15155200;1092714496;0;0;0;0;0;0;0;0;0;0;0;1402;0;0;88;0;60;0;
2455;1974002;997441536;15155200;1092714496;0;0;0;0;0;0;0;0;0;0;0;1593;0;0;88;0;60;0;
2456;1239645;997441536;15155200;1092714496;0;0;0;0;0;0;0;0;0;0;0;1734;0;0;88;0;60;0;
2457;856176;997441536;15155200;1092714496;0;0;0;0;0;0;0;0;0;0;0;1924;0;0;88;0;60;0;
2458;1373486;997441536;15155200;1092714496;0;0;0;0;0;0;0;0;0;0;0;1493;0;0;88;0;60;0;
2459;3996124;997441536;15155200;1092714496;0;0;0;0;0;0;0;0;0;0;0;1704;0;0;88;0;60;0;
2460;2874090;997441536;15155200;1092714496;0;0;0;0;0;0;0;0;0;0;0;1663;0;0;88;0;60;0;
2461;1241759;997441536;15155200;1092714496;0;0;0;0;0;0;0;0;0;0;0;1462;0;0;88;0;60;0;
2462;1040060;997441536;15155200;1092714496;0;0;0;0;0;0;0;0;0;0;0;1623;0;0;88;0;60;0;
2463;856266;997441536;15155200;1092714496;0;0;0;0;0;0;0;0;0;0;0;1513;0;0;88;0;60;0;
2464;1615510;997441536;15155200;1092714496;0;0;0;0;0;0;0;0;0;0;0;1323;0;0;88;0;60;0;
2465;1843418;997441536;15155200;1092714496;0;0;0;0;0;0;0;0;0;0;0;1613;0;0;88;0;60;0;
2466;1211763;997441536;15155200;1092714496;0;0;0;0;0;0;0;0;0;0;0;1423;0;0;88;0;60;0;
2467;1056481;997441536;15155200;1092714496;0;0;0;0;0;0;0;0;0;0;0;1653;0;0;88;0;60;0;
2468;1235246;997441536;15155200;1092714496;0;0;0;0;0;0;0;0;0;0;0;1352;0;0;88;0;60;0;
2469;983845;997441536;15155200;1092714496;0;0;0;0;0;0;0;0;0;0;0;1633;0;0;88;0;60;0;
2470;1129098;997441536;15155200;1092714496;0;0;0;0;0;0;0;0;0;0;0;1402;0;0;88;0;60;0;
2471;992342;997441536;15155200;1092714496;0;0;0;0;0;0;0;0;0;0;0;1353;0;0;88;0;60;0;
2472;2080371;997441536;15155200;1092714496;0;0;0;0;0;0;0;0;0;0;0;1363;0;0;88;0;60;0;
2473;1142663;997441536;15155200;1092714496;0;0;0;0;0;0;0;0;0;0;0;1173;0;0;88;0;60;0;
2474;1568712;997441536;15155200;1092714496;0;0;0;0;0;0;0;0;0;0;0;1573;0;0;88;0;60;0;
2475;981221;997441536;15155200;1092714496;0;0;0;0;0;0;0;0;0;0;0;1352;0;0;88;0;60;0;
2476;1888080;997441536;15155200;1092714496;0;0;0;0;0;0;0;0;0;0;0;1452;0;0;88;0;60;0;
2477;846137;997441536;15155200;1092714496;0;0;0;0;0;0;0;0;0;0;0;1432;0;0;88;0;60;0;
2478;846217;997441536;15155200;1092714496;0;0;0;0;0;0;0;0;0;0;0;1663;0;0;88;0;60;0;
2479;793708;997441536;15155200;1092714496;0;0;0;0;0;0;0;0;0;0;0;1383;0;0;88;0;60;0;
2480;1033077;997441536;15155200;1092714496;0;0;0;0;0;0;0;0;0;0;0;1333;0;0;88;0;60;0;
2481;1482421;997441536;15155200;1092714496;0;0;0;0;0;0;0;0;0;0;0;1583;0;0;88;0;60;0;
2482;1145278;997441536;15155200;1092714496;0;0;0;0;0;0;0;0;0;0;0;1463;0;0;88;0;60;0;
2483;1932614;997441536;15155200;1092714496;0;0;0;0;0;0;0;0;0;0;0;1563;0;0;88;0;60;0;
2484;1357466;997441536;15155200;1092714496;0;0;0;0;0;0;0;0;0;0;0;1563;0;0;88;0;60;0;
2485;2069712;997441536;15155200;1092714496;0;0;0;0;0;0;0;0;0;0;0;1322;0;0;88;0;60;0;
2486;4206619;997441536;15155200;1092714496;0;0;0;0;0;0;0;0;0;0;0;1413;0;0;88;0;60;0;
2487;3039640;997441536;15155200;1092714496;0;0;0;0;0;0;0;0;0;0;0;1382;0;0;88;0;60;0;
2488;1926422;997441536;15155200;1092714496;0;0;0;0;0;0;0;0;0;0;0;1433;0;0;88;0;60;0;
2489;1238022;997441536;15155200;1092714496;0;0;0;0;0;0;0;0;0;0;0;1573;0;0;88;0;60;0;
2490;1712702;997441536;15155200;1092714496;0;0;0;0;0;0;0;0;0;0;0;1663;0;0;88;0;60;0;
2491;1400155;997441536;15155200;1092714496;0;0;0;0;0;0;0;0;0;0;0;1804;0;0;88;0;60;0;
2492;1263199;997441536;15155200;1092714496;0;0;0;0;0;0;0;0;0;0;0;1583;0;0;88;0;60;0;
2493;930465;997441536;15155200;1092714496;0;0;0;0;0;0;0;0;0;0;0;1603;0;0;88;0;60;0;
2494;1632561;997441536;15155200;1092714496;0;0;0;0;0;0;0;0;0;0;0;1412;0;0;88;0;60;0;
2495;2100589;997441536;15155200;1092714496;0;0;0;0;0;0;0;0;0;0;0;1713;0;0;88;0;60;0;
2496;1092690;997441536;15155200;1092714496;0;0;0;0;0;0;0;0;0;0;0;1573;0;0;88;0;60;0;
2497;1241738;997441536;15155200;1092714496;0;0;0;0;0;0;0;0;0;0;0;1462;0;0;88;0;60;0;
2498;1120241;997441536;15155200;1092714496;0;0;0;0;0;0;0;0;0;0;0;1593;0;0;88;0;60;0;
2499;1538456;997441536;15155200;1092714496;0;0;0;0;0;0;0;0;0;0;0;1533;0;0;88;0;60;0;
2500;927399;997441536;15155200;1092714496;0;0;0;0;0;0;0;0;0;0;0;1653;0;0;88;0;60;0;
2501;1177689;997441536;15155200;1092714496;0;0;0;0;0;0;0;0;0;0;0;1533;0;0;88;0;60;0;
2502;1204488;997441536;15155200;1092714496;0;0;0;0;0;0;0;0;0;0;0;1532;0;0;88;0;60;0;
2503;1843006;997441536;15155200;1092714496;0;0;0;0;0;0;0;0;0;0;0;1423;0;0;88;0;60;0;
2504;1146471;997441536;15155200;1092714496;0;0;0;0;0;0;0;0;0;0;0;1483;0;0;88;0;60;0;
2505;1276945;997441536;15155200;1092714496;0;0;0;0;0;0;0;0;0;0;0;1422;0;0;88;0;60;0;
2506;1243041;997441536;15155200;1092714496;0;0;0;0;0;0;0;0;0;0;0;1693;0;0;88;0;60;0;
2507;1411968;997441536;15155200;1092714496;0;0;0;0;0;0;0;0;0;0;0;1563;0;0;88;0;60;0;
2508;1254533;997441536;15155200;1092714496;0;0;0;0;0;0;0;0;0;0;0;1363;0;0;88;0;60;0;
2509;1058355;997441536;15155200;1092714496;0;0;0;0;0;0;0;0;0;0;0;1423;0;0;88;0;60;0;
2510;1147232;997441536;15155200;1092714496;0;0;0;0;0;0;0;0;0;0;0;1563;0;0;88;0;60;0;
2511;1573982;997441536;15155200;1092714496;0;0;0;0;0;0;0;0;0;0;0;1422;0;0;88;0;60;0;
2512;4256051;997441536;15155200;1092714496;0;0;0;0;0;0;0;0;0;0;0;1372;0;0;88;0;60;0;
2513;2460664;997441536;15155200;1092714496;0;0;0;0;0;0;0;0;0;0;0;1543;0;0;88;0;60;0;
2514;1065479;997441536;15155200;1092714496;0;0;0;0;0;0;0;0;0;0;0;1803;0;0;88;0;60;0;
2515;1002480;997441536;15155200;1092714496;0;0;0;0;0;0;0;0;0;0;0;1423;0;0;88;0;60;0;
2516;1054267;997441536;15155200;1092714496;0;0;0;0;0;0;0;0;0;0;0;1443;0;0;88;0;60;0;
2517;1356915;997441536;15155200;1092714496;0;0;0;0;0;0;0;0;0;0;0;1533;0;0;88;0;60;0;
2518;1398443;997441536;15155200;1092714496;0;0;0;0;0;0;0;0;0;0;0;1413;0;0;88;0;60;0;
2519;1022228;997441536;15155200;1092714496;0;0;0;0;0;0;0;0;0;0;0;1593;0;0;88;0;60;0;
2520;969599;997441536;15155200;1092714496;0;0;0;0;0;0;0;0;0;0;0;1483;0;0;88;0;60;0;
2521;1132314;997441536;15155200;1092714496;0;0;0;0;0;0;0;0;0;0;0;1573;0;0;88;0;60;0;
2522;814378;997441536;15155200;1092714496;0;0;0;0;0;0;0;0;0;0;0;1392;0;0;88;0;60;0;
2523;890760;997441536;15155200;1092714496;0;0;0;0;0;0;0;0;0;0;0;1383;0;0;88;0;60;0;
2524;1079725;997441536;15155200;1092714496;0;0;0;0;0;0;0;0;0;0;0;1413;0;0;88;0;60;0;
2525;1280171;997441536;15155200;1092714496;0;0;0;0;0;0;0;0;0;0;0;1503;0;0;88;0;60;0;
2526;927149;997441536;15155200;1092714496;0;0;0;0;0;0;0;0;0;0;0;1422;0;0;88;0;60;0;
2527;833914;997441536;15155200;1092714496;0;0;0;0;0;0;0;0;0;0;0;1603;0;0;88;0;60;0;
2528;1082500;997441536;15155200;1092714496;0;0;0;0;0;0;0;0;0;0;0;1633;0;0;88;0;60;0;
2529;1174052;997441536;15155200;1092714496;0;0;0;0;0;0;0;0;0;0;0;1553;0;0;88;0;60;0;
2530;947066;997441536;15155200;1092714496;0;0;0;0;0;0;0;0;0;0;0;1623;0;0;88;0;60;0;
2531;1065959;997441536;15155200;1092714496;0;0;0;0;0;0;0;0;0;0;0;1393;0;0;88;0;60;0;
2532;1660675;997441536;15155200;1092714496;0;0;0;0;0;0;0;0;0;0;0;1563;0;0;88;0;60;0;
2533;4039035;997441536;15155200;1092714496;0;0;0;0;0;0;0;0;0;0;0;1543;0;0;88;0;60;0;
2534;2026741;997441536;15155200;1092714496;0;0;0;0;0;0;0;0;0;0;0;1543;0;0;88;0;60;0;
2535;1509561;997441536;15155200;1092714496;0;0;0;0;0;0;0;0;0;0;0;1623;0;0;88;0;60;0;
2536;1468414;997441536;15155200;1092714496;0;0;0;0;0;0;0;0;0;0;0;1422;0;0;88;0;60;0;
2537;1580804;997441536;15155200;1092714496;0;0;0;0;0;0;0;0;0;0;0;1794;0;0;88;0;60;0;
2538;1068534;997441536;15155200;1092714496;0;0;0;0;0;0;0;0;0;0;0;1603;0;0;88;0;60;0;
2539;1304326;997441536;15155200;1092714496;0;0;0;0;0;0;0;0;0;0;0;1713;0;0;88;0;60;0;
2540;1061891;997441536;15155200;1092714496;0;0;0;0;0;0;0;0;0;0;0;1433;0;0;88;0;60;0;
2541;1414182;997445632;15151104;1092710400;0;0;0;0;0;0;0;0;0;0;0;1553;0;0;88;0;60;0;
2542;978615;997445632;15151104;1092710400;0;0;0;0;0;0;0;0;0;0;0;1713;0;0;88;0;60;0;
2543;1318703;997445632;15151104;1092710400;0;0;0;0;0;0;0;0;0;0;0;1423;0;0;88;0;60;0;
2544;1150457;997445632;15151104;1092710400;0;0;0;0;0;0;0;0;0;0;0;1533;0;0;88;0;60;0;
2545;1542433;997445632;15151104;1092710400;0;0;0;0;0;0;0;0;0;0;0;1332;0;0;88;0;60;0;
2546;1137714;997445632;15151104;1092710400;0;0;0;0;0;0;0;0;0;0;0;1553;0;0;88;0;60;0;
2547;1089052;997445632;15151104;1092710400;0;0;0;0;0;0;0;0;0;0;0;1533;0;0;88;0;60;0;
2548;1145037;997445632;15151104;1092710400;0;0;0;0;0;0;0;0;0;0;0;1603;0;0;88;0;60;0;
2549;1235778;997445632;15151104;1092710400;0;0;0;0;0;0;0;0;0;0;0;1553;0;0;88;0;60;0;
2550;1154395;997445632;15151104;1092710400;0;0;0;0;0;0;0;0;0;0;0;1713;0;0;88;0;60;0;
2551;1045120;997445632;15151104;1092710400;0;0;0;0;0;0;0;0;0;0;0;1423;0;0;88;0;60;0;
2552;1138045;997445632;15151104;1092710400;0;0;0;0;0;0;0;0;0;0;0;1433;0;0;88;0;60;0;
2553;4086975;997445632;15151104;1092710400;0;0;0;0;0;0;0;0;0;0;0;1443;0;0;88;0;60;0;
2554;2433234;997445632;15151104;1092710400;0;0;0;0;0;0;0;0;0;0;0;1834;0;0;88;0;60;0;
2555;980129;997445632;15151104;1092710400;0;0;0;0;0;0;0;0;0;0;0;1593;0;0;88;0;60;0;
2556;986339;997445632;15151104;1092710400;0;0;0;0;0;0;0;0;0;0;0;1593;0;0;88;0;60;0;
2557;925316;997445632;15151104;1092710400;0;0;0;0;0;0;0;0;0;0;0;1533;0;0;88;0;60;0;
2558;1447896;997445632;15151104;1092710400;0;0;0;0;0;0;0;0;0;0;0;1793;0;0;88;0;60;0;
2559;1081609;997445632;15151104;1092710400;0;0;0;0;0;0;0;0;0;0;0;1643;0;0;88;0;60;0;
2560;1096756;997445632;15151104;1092710400;0;0;0;0;0;0;0;0;0;0;0;1443;0;0;88;0;60;0;
2561;1238563;997445632;15151104;1092710400;0;0;0;0;0;0;0;0;0;0;0;2185;0;0;88;0;60;0;
2562;1618034;997445632;15151104;1092710400;0;0;0;0;0;0;0;0;0;0;0;1673;0;0;88;0;60;0;
2563;1064416;997445632;15151104;1092710400;0;0;0;0;0;0;0;0;0;0;0;2044;0;0;88;0;60;0;
2564;886713;997445632;15151104;1092710400;0;0;0;0;0;0;0;0;0;0;0;1563;0;0;88;0;60;0;
2565;1189330;997445632;15151104;1092710400;0;0;0;0;0;0;0;0;0;0;0;1533;0;0;88;0;60;0;
2566;1566858;997445632;15151104;1092710400;0;0;0;0;0;0;0;0;0;0;0;1713;0;0;88;0;60;0;
2567;1810906;997445632;15151104;1092710400;0;0;0;0;0;0;0;0;0;0;0;4168;0;0;88;0;60;0;
2568;1348459;997445632;15151104;1092710400;0;0;0;0;0;0;0;0;0;0;0;1613;0;0;88;0;60;0;
2569;991539;997445632;15151104;1092710400;0;0;0;0;0;0;0;0;0;0;0;1423;0;0;88;0;60;0;
2570;1489203;997445632;15151104;1092710400;0;0;0;0;0;0;0;0;0;0;0;1432;0;0;88;0;60;0;
2571;1076709;997445632;15151104;1092710400;0;0;0;0;0;0;0;0;0;0;0;1392;0;0;88;0;60;0;
2572;815369;997445632;15151104;1092710400;0;0;0;0;0;0;0;0;0;0;0;1593;0;0;88;0;60;0;
2573;1341285;997445632;15151104;1092710400;0;0;0;0;0;0;0;0;0;0;0;1573;0;0;88;0;60;0;
2574;4583777;997445632;15151104;1092710400;0;0;0;0;0;0;0;0;0;0;0;1423;0;0;88;0;60;0;
2575;3445241;997445632;15151104;1092710400;0;0;0;0;0;0;0;0;0;0;0;1923;0;0;88;0;60;0;
2576;1601773;997445632;15151104;1092710400;0;0;0;0;0;0;0;0;0;0;0;1643;0;0;88;0;60;0;
2577;1147532;997445632;15151104;1092710400;0;0;0;0;0;0;0;0;0;0;0;1443;0;0;88;0;60;0;
2578;1545869;997445632;15151104;1092710400;0;0;0;0;0;0;0;0;0;0;0;1603;0;0;88;0;60;0;
2579;1873393;997445632;15151104;1092710400;0;0;0;0;0;0;0;0;0;0;0;1423;0;0;88;0;60;0;
2580;914405;997445632;15151104;1092710400;0;0;0;0;0;0;0;0;0;0;0;1513;0;0;88;0;60;0;
2581;2207711;997445632;15151104;1092710400;0;0;0;0;0;0;0;0;0;0;0;1322;0;0;88;0;60;0;
2582;1464867;997445632;15151104;1092710400;0;0;0;0;0;0;0;0;0;0;0;1393;0;0;88;0;60;0;
2583;1476218;997445632;15151104;1092710400;0;0;0;0;0;0;0;0;0;0;0;1543;0;0;88;0;60;0;
2584;875782;997445632;15151104;1092710400;0;0;0;0;0;0;0;0;0;0;0;1593;0;0;88;0;60;0;
2585;769383;997445632;15151104;1092710400;0;0;0;0;0;0;0;0;0;0;0;1443;0;0;88;0;60;0;
2586;1092920;997445632;15151104;1092710400;0;0;0;0;0;0;0;0;0;0;0;1353;0;0;88;0;60;0;
2587;2488146;997445632;15151104;1092710400;0;0;0;0;0;0;0;0;0;0;0;1483;0;0;88;0;60;0;
2588;1349881;997445632;15151104;1092710400;0;0;0;0;0;0;0;0;0;0;0;1623;0;0;88;0;60;0;
2589;1651246;997445632;15151104;1092710400;0;0;0;0;0;0;0;0;0;0;0;1493;0;0;88;0;60;0;
2590;1114480;997445632;15151104;1092710400;0;0;0;0;0;0;0;0;0;0;0;1493;0;0;88;0;60;0;
2591;1915112;997445632;15151104;1092710400;0;0;0;0;0;0;0;0;0;0;0;1372;0;0;88;0;60;0;
2592;1206243;997445632;15151104;1092710400;0;0;0;0;0;0;0;0;0;0;0;1603;0;0;88;0;60;0;
2593;1285411;997445632;15151104;1092710400;0;0;0;0;0;0;0;0;0;0;0;1413;0;0;88;0;60;0;
2594;1239224;997445632;15151104;1092710400;0;0;0;0;0;0;0;0;0;0;0;1684;0;0;88;0;60;0;
2595;4818636;997445632;15151104;1092710400;0;0;0;0;0;0;0;0;0;0;0;1934;0;0;88;0;60;0;
2596;3666937;997445632;15151104;1092710400;0;0;0;0;0;0;0;0;0;0;0;1603;0;0;88;0;60;0;
2597;1538595;997445632;15151104;1092710400;0;0;0;0;0;0;0;0;0;0;0;1453;0;0;88;0;60;0;
2598;1932845;997445632;15151104;1092710400;0;0;0;0;0;0;0;0;0;0;0;1473;0;0;88;0;60;0;
2599;1431134;997445632;15151104;1092710400;0;0;0;0;0;0;0;0;0;0;0;1393;0;0;88;0;60;0;
2600;2366868;997445632;15151104;1092710400;0;0;0;0;0;0;0;0;0;0;0;1402;0;0;88;0;60;0;
2601;1301872;997445632;15151104;1092710400;0;0;0;0;0;0;0;0;0;0;0;1503;0;0;88;0;60;0;
2602;1393684;997445632;15151104;1092710400;0;0;0;0;0;0;0;0;0;0;0;1452;0;0;88;0;60;0;
2603;1263890;997445632;15151104;1092710400;0;0;0;0;0;0;0;0;0;0;0;1392;0;0;88;0;60;0;
2604;1756324;997445632;15151104;1092710400;0;0;0;0;0;0;0;0;0;0;0;1393;0;0;88;0;60;0;
2605;908945;997445632;15151104;1092710400;0;0;0;0;0;0;0;0;0;0;0;1413;0;0;88;0;60;0;
2606;1082901;997445632;15151104;1092710400;0;0;0;0;0;0;0;0;0;0;0;1583;0;0;88;0;60;0;
2607;1294688;997445632;15151104;1092710400;0;0;0;0;0;0;0;0;0;0;0;1443;0;0;88;0;60;0;
2608;1767866;997445632;15151104;1092710400;0;0;0;0;0;0;0;0;0;0;0;1373;0;0;88;0;60;0;
2609;934141;997445632;15151104;1092710400;0;0;0;0;0;0;0;0;0;0;0;1753;0;0;88;0;60;0;
2610;908043;997445632;15151104;1092710400;0;0;0;0;0;0;0;0;0;0;0;1393;0;0;88;0;60;0;
2611;1223345;997445632;15151104;1092710400;0;0;0;0;0;0;0;0;0;0;0;1353;0;0;88;0;60;0;
2612;1539727;997445632;15151104;1092710400;0;0;0;0;0;0;0;0;0;0;0;1392;0;0;88;0;60;0;
2613;1392081;997445632;15151104;1092710400;0;0;0;0;0;0;0;0;0;0;0;1653;0;0;88;0;60;0;
2614;779382;997445632;15151104;1092710400;0;0;0;0;0;0;0;0;0;0;0;1382;0;0;88;0;60;0;
2615;1112617;997445632;15151104;1092710400;0;0;0;0;0;0;0;0;0;0;0;1443;0;0;88;0;60;0;
2616;3863025;997445632;15151104;1092710400;0;0;0;0;0;0;0;0;0;0;0;1343;0;0;88;0;60;0;
2617;2489128;997445632;15151104;1092710400;0;0;0;0;0;0;0;0;0;0;0;1513;0;0;88;0;60;0;
2618;1055520;997445632;15151104;1092710400;0;0;0;0;0;0;0;0;0;0;0;1563;0;0;88;0;60;0;
2619;1550308;997445632;15151104;1092710400;0;0;0;0;0;0;0;0;0;0;0;1513;0;0;88;0;60;0;
2620;1704617;997445632;15151104;1092710400;0;0;0;0;0;0;0;0;0;0;0;1884;0;0;88;0;60;0;
2621;1497568;997445632;15151104;1092710400;0;0;0;0;0;0;0;0;0;0;0;1643;0;0;88;0;60;0;
2622;1050260;997445632;15151104;1092710400;0;0;0;0;0;0;0;0;0;0;0;1443;0;0;88;0;60;0;
2623;1294448;997445632;15151104;1092710400;0;0;0;0;0;0;0;0;0;0;0;1913;0;0;88;0;60;0;
2624;1785418;997445632;15151104;1092710400;0;0;0;0;0;0;0;0;0;0;0;1362;0;0;88;0;60;0;
2625;1248030;997445632;15151104;1092710400;0;0;0;0;0;0;0;0;0;0;0;1513;0;0;88;0;60;0;
2626;1047244;997445632;15151104;1092710400;0;0;0;0;0;0;0;0;0;0;0;1412;0;0;88;0;60;0;
2627;1090404;997445632;15151104;1092710400;0;0;0;0;0;0;0;0;0;0;0;1443;0;0;88;0;60;0;
2628;1543995;997445632;15151104;1092710400;0;0;0;0;0;0;0;0;0;0;0;1513;0;0;88;0;60;0;
2629;1278368;997445632;15151104;1092710400;0;0;0;0;0;0;0;0;0;0;0;1383;0;0;88;0;60;0;
2630;1166668;997445632;15151104;1092710400;0;0;0;0;0;0;0;0;0;0;0;1162;0;0;88;0;60;0;
2631;916398;997445632;15151104;1092710400;0;0;0;0;0;0;0;0;0;0;0;1533;0;0;88;0;60;0;
2632;1407780;997445632;15151104;1092710400;0;0;0;0;0;0;0;0;0;0;0;1403;0;0;88;0;60;0;
2633;1214578;997445632;15151104;1092710400;0;0;0;0;0;0;0;0;0;0;0;1432;0;0;88;0;60;0;
2634;1722139;997445632;15151104;1092710400;0;0;0;0;0;0;0;0;0;0;0;1433;0;0;88;0;60;0;
2635;1243933;997445632;15151104;1092710400;0;0;0;0;0;0;0;0;0;0;0;1403;0;0;88;0;60;0;
2636;4357342;997445632;15151104;1092710400;0;0;0;0;0;0;0;0;0;0;0;1423;0;0;88;0;60;0;
2637;2422443;997707776;15151104;1092710400;0;0;0;0;0;0;0;0;0;0;0;1753;0;0;88;0;60;0;
2638;1407119;997707776;15151104;1092710400;0;0;0;0;0;0;0;0;0;0;0;1412;0;0;88;0;60;0;
2639;1196484;997707776;15151104;1092710400;0;0;0;0;0;0;0;0;0;0;0;1342;0;0;88;0;60;0;
2640;1180785;997707776;15151104;1092710400;0;0;0;0;0;0;0;0;0;0;0;1674;0;0;88;0;60;0;
2641;1249824;997707776;15151104;1092710400;0;0;0;0;0;0;0;0;0;0;0;1493;0;0;88;0;60;0;
2642;1555487;997707776;15151104;1092710400;0;0;0;0;0;0;0;0;0;0;0;1513;0;0;88;0;60;0;
2643;1180634;997707776;15151104;1092710400;0;0;0;0;0;0;0;0;0;0;0;1393;0;0;88;0;60;0;
2644;1738961;997707776;15151104;1092710400;0;0;0;0;0;0;0;0;0;0;0;1553;0;0;88;0;60;0;
2645;1238683;997707776;15151104;1092710400;0;0;0;0;0;0;0;0;0;0;0;1403;0;0;88;0;60;0;
2646;1596825;997707776;15151104;1092710400;0;0;0;0;0;0;0;0;0;0;0;1422;0;0;88;0;60;0;
2647;1291432;997707776;15151104;1092710400;0;0;0;0;0;0;0;0;0;0;0;1713;0;0;88;0;60;0;
2648;1646759;997707776;15151104;1092710400;0;0;0;0;0;0;0;0;0;0;0;1372;0;0;88;0;60;0;
2649;1179462;997707776;15151104;1092710400;0;0;0;0;0;0;0;0;0;0;0;1493;0;0;88;0;60;0;
2650;1046513;997707776;15151104;1092710400;0;0;0;0;0;0;0;0;0;0;0;1412;0;0;88;0;60;0;
2651;1143003;997707776;15151104;1092710400;0;0;0;0;0;0;0;0;0;0;0;1363;0;0;88;0;60;0;
2652;1819102;997707776;15151104;1092710400;0;0;0;0;0;0;0;0;0;0;0;1583;0;0;88;0;60;0;
2653;1344762;997707776;15151104;1092710400;0;0;0;0;0;0;0;0;0;0;0;1383;0;0;88;0;60;0;
2654;1060769;997707776;15151104;1092710400;0;0;0;0;0;0;0;0;0;0;0;1413;0;0;88;0;60;0;
2655;884279;997707776;15151104;1092710400;0;0;0;0;0;0;0;0;0;0;0;1393;0;0;88;0;60;0;
2656;4045898;997707776;15151104;1092710400;0;0;0;0;0;0;0;0;0;0;0;1793;0;0;88;0;60;0;
2657;2219883;997707776;15151104;1092710400;0;0;0;0;0;0;0;0;0;0;0;1403;0;0;88;0;60;0;
2658;1683668;997707776;15151104;1092710400;0;0;0;0;0;0;0;0;0;0;0;1713;0;0;88;0;60;0;
2659;1603046;997707776;15151104;1092710400;0;0;0;0;0;0;0;0;0;0;0;1653;0;0;88;0;60;0;
2660;2331613;997707776;15151104;1092710400;0;0;0;0;0;0;0;0;0;0;0;1644;0;0;88;0;60;0;
2661;1467291;997707776;15151104;1092710400;0;0;0;0;0;0;0;0;0;0;0;1603;0;0;88;0;60;0;
2662;1334122;997707776;15151104;1092710400;0;0;0;0;0;0;0;0;0;0;0;1623;0;0;88;0;60;0;
2663;864651;997707776;15151104;1092710400;0;0;0;0;0;0;0;0;0;0;0;1373;0;0;88;0;60;0;
2664;2070553;997707776;15151104;1092710400;0;0;0;0;0;0;0;0;0;0;0;1342;0;0;88;0;60;0;
2665;1287885;997707776;15151104;1092710400;0;0;0;0;0;0;0;0;0;0;0;1603;0;0;88;0;60;0;
2666;970621;997707776;15151104;1092710400;0;0;0;0;0;0;0;0;0;0;0;1693;0;0;88;0;60;0;
2667;1137223;997707776;15151104;1092710400;0;0;0;0;0;0;0;0;0;0;0;1382;0;0;88;0;60;0;
2668;1505123;997707776;15151104;1092710400;0;0;0;0;0;0;0;0;0;0;0;1613;0;0;88;0;60;0;
2669;1688416;997707776;15151104;1092710400;0;0;0;0;0;0;0;0;0;0;0;1432;0;0;88;0;60;0;
2670;1628734;997978112;15151104;1092710400;0;0;0;0;0;0;0;0;0;0;0;1363;0;0;88;0;60;0;
2671;1543184;997978112;15151104;1092710400;0;0;0;0;0;0;0;0;0;0;0;1393;0;0;88;0;60;0;
2672;2870132;997978112;15151104;1092710400;0;0;0;0;0;0;0;0;0;0;0;6402;0;0;88;0;60;0;
2673;1699727;997978112;15151104;1092710400;0;0;0;0;0;0;0;0;0;0;0;1553;0;0;88;0;60;0;
2674;1457734;997978112;15151104;1092710400;0;0;0;0;0;0;0;0;0;0;0;1934;0;0;88;0;60;0;
2675;1032797;997978112;15151104;1092710400;0;0;0;0;0;0;0;0;0;0;0;1573;0;0;88;0;60;0;
2676;4642827;997978112;15151104;1092710400;0;0;0;0;0;0;0;0;0;0;0;1934;0;0;88;0;60;0;
2677;2900870;997978112;15151104;1092710400;0;0;0;0;0;0;0;0;0;0;0;1392;0;0;88;0;60;0;
2678;1894844;997978112;15151104;1092710400;0;0;0;0;0;0;0;0;0;0;0;1372;0;0;88;0;60;0;
2679;2131507;997978112;15151104;1092710400;0;0;0;0;0;0;0;0;0;0;0;1723;0;0;88;0;60;0;
2680;1922065;997978112;15151104;1092710400;0;0;0;0;0;0;0;0;0;0;0;1613;0;0;88;0;60;0;
2681;2457549;997978112;15151104;1092710400;0;0;0;0;0;0;0;0;0;0;0;1443;0;0;88;0;60;0;
2682;1607344;997978112;15151104;1092710400;0;0;0;0;0;0;0;0;0;0;0;1633;0;0;88;0;60;0;
2683;1513118;997978112;15151104;1092710400;0;0;0;0;0;0;0;0;0;0;0;1583;0;0;88;0;60;0;
2684;1077771;997978112;15151104;1092710400;0;0;0;0;0;0;0;0;0;0;0;1603;0;0;88;0;60;0;
2685;1673659;997978112;15151104;1092710400;0;0;0;0;0;0;0;0;0;0;0;1593;0;0;88;0;60;0;
2686;2110248;997978112;15151104;1092710400;0;0;0;0;0;0;0;0;0;0;0;1483;0;0;88;0;60;0;
2687;1528206;997978112;15151104;1092710400;0;0;0;0;0;0;0;0;0;0;0;1963;0;0;88;0;60;0;
2688;1691101;997978112;15151104;1092710400;0;0;0;0;0;0;0;0;0;0;0;1412;0;0;88;0;60;0;
2689;2257584;997978112;15151104;1092710400;0;0;0;0;0;0;0;0;0;0;0;1383;0;0;88;0;60;0;
2690;1968812;997978112;15151104;1092710400;0;0;0;0;0;0;0;0;0;0;0;1403;0;0;88;0;60;0;
2691;1696872;997978112;15151104;1092710400;0;0;0;0;0;0;0;0;0;0;0;1393;0;0;88;0;60;0;
2692;1397691;997978112;15151104;1092710400;0;0;0;0;0;0;0;0;0;0;0;1383;0;0;88;0;60;0;
2693;1599570;997978112;15151104;1092710400;0;0;0;0;0;0;0;0;0;0;0;1593;0;0;88;0;60;0;
2694;1255885;997978112;15151104;1092710400;0;0;0;0;0;0;0;0;0;0;0;1403;0;0;88;0;60;0;
2695;1631479;997978112;15151104;1092710400;0;0;0;0;0;0;0;0;0;0;0;1363;0;0;88;0;60;0;
2696;1901416;997978112;15151104;1092710400;0;0;0;0;0;0;0;0;0;0;0;1332;0;0;88;0;60;0;
2697;4867809;997978112;15151104;1092710400;0;0;0;0;0;0;0;0;0;0;0;1503;0;0;88;0;60;0;
2698;2674185;997978112;15151104;1092710400;0;0;0;0;0;0;0;0;0;0;0;1634;0;0;88;0;60;0;
2699;1600151;997978112;15151104;1092710400;0;0;0;0;0;0;0;0;0;0;0;1362;0;0;88;0;60;0;
2700;1744141;997978112;15151104;1092710400;0;0;0;0;0;0;0;0;0;0;0;1624;0;0;88;0;60;0;
2701;8090433;997978112;15151104;1092710400;0;0;0;0;0;0;0;0;0;0;0;2605;0;0;88;0;60;0;
2702;2141105;997978112;15151104;1092710400;0;0;0;0;0;0;0;0;0;0;0;1883;0;0;88;0;60;0;
2703;2033974;997978112;15151104;1092710400;0;0;0;0;0;0;0;0;0;0;0;1573;0;0;88;0;60;0;
2704;1990333;997978112;15151104;1092710400;0;0;0;0;0;0;0;0;0;0;0;1433;0;0;88;0;60;0;
2705;2161834;997978112;15151104;1092710400;0;0;0;0;0;0;0;0;0;0;0;1583;0;0;88;0;60;0;
2706;2097884;997978112;15151104;1092710400;0;0;0;0;0;0;0;0;0;0;0;1563;0;0;88;0;60;0;
2707;1307171;997978112;15151104;1092710400;0;0;0;0;0;0;0;0;0;0;0;1603;0;0;88;0;60;0;
2708;2089138;997978112;15151104;1092710400;0;0;0;0;0;0;0;0;0;0;0;1443;0;0;88;0;60;0;
2709;2709531;997978112;15151104;1092710400;0;0;0;0;0;0;0;0;0;0;0;1763;0;0;88;0;60;0;
2710;1418631;997978112;15151104;1092710400;0;0;0;0;0;0;0;0;0;0;0;1973;0;0;88;0;60;0;
2711;2106110;997978112;15151104;1092710400;0;0;0;0;0;0;0;0;0;0;0;1954;0;0;88;0;60;0;
2712;1430903;997978112;15151104;1092710400;0;0;0;0;0;0;0;0;0;0;0;1883;0;0;88;0;60;0;
2713;2040647;997978112;15151104;1092710400;0;0;0;0;0;0;0;0;0;0;0;1402;0;0;88;0;60;0;
2714;924684;997978112;15151104;1092710400;0;0;0;0;0;0;0;0;0;0;0;1633;0;0;88;0;60;0;
2715;1185463;997978112;15151104;1092710400;0;0;0;0;0;0;0;0;0;0;0;1443;0;0;88;0;60;0;
2716;1276494;997978112;15151104;1092710400;0;0;0;0;0;0;0;0;0;0;0;1623;0;0;88;0;60;0;
2717;4287981;997978112;15151104;1092710400;0;0;0;0;0;0;0;0;0;0;0;1423;0;0;88;0;60;0;
2718;3984933;997978112;15151104;1092710400;0;0;0;0;0;0;0;0;0;0;0;2254;0;0;88;0;60;0;
2719;2428845;997978112;15151104;1092710400;0;0;0;0;0;0;0;0;0;0;0;1903;0;0;88;0;60;0;
2720;2321184;997978112;15151104;1092710400;0;0;0;0;0;0;0;0;0;0;0;1543;0;0;88;0;60;0;
2721;1712632;997978112;15151104;1092710400;0;0;0;0;0;0;0;0;0;0;0;1382;0;0;88;0;60;0;
2722;1680461;997978112;15151104;1092710400;0;0;0;0;0;0;0;0;0;0;0;1382;0;0;88;0;60;0;
2723;1214768;997978112;15151104;1092710400;0;0;0;0;0;0;0;0;0;0;0;1653;0;0;88;0;60;0;
2724;1617073;997978112;15151104;1092710400;0;0;0;0;0;0;0;0;0;0;0;1392;0;0;88;0;60;0;
2725;2516941;997978112;15151104;1092710400;0;0;0;0;0;0;0;0;0;0;0;1403;0;0;88;0;60;0;
2726;2761098;997978112;15151104;1092710400;0;0;0;0;0;0;0;0;0;0;0;1513;0;0;88;0;60;0;
2727;1927334;997978112;15151104;1092710400;0;0;0;0;0;0;0;0;0;0;0;1363;0;0;88;0;60;0;
2728;1305699;997978112;15151104;1092710400;0;0;0;0;0;0;0;0;0;0;0;1573;0;0;88;0;60;0;
2729;1514169;997978112;15151104;1092710400;0;0;0;0;0;0;0;0;0;0;0;1352;0;0;88;0;60;0;
2730;1576556;997978112;15151104;1092710400;0;0;0;0;0;0;0;0;0;0;0;1703;0;0;88;0;60;0;
2731;1566127;997978112;15151104;1092710400;0;0;0;0;0;0;0;0;0;0;0;1553;0;0;88;0;60;0;
2732;982372;997978112;15151104;1092710400;0;0;0;0;0;0;0;0;0;0;0;1483;0;0;88;0;60;0;
2733;2157557;997978112;15151104;1092710400;0;0;0;0;0;0;0;0;0;0;0;1512;0;0;88;0;60;0;
2734;2911390;998244352;15151104;1092710400;0;0;0;0;0;0;0;0;0;0;0;43973;0;0;88;0;60;0;
2735;915948;998244352;15151104;1092710400;0;0;0;0;0;0;0;0;0;0;0;1583;0;0;88;0;60;0;
2736;849613;998244352;15151104;1092710400;0;0;0;0;0;0;0;0;0;0;0;1543;0;0;88;0;60;0;
2737;784321;998244352;15151104;1092710400;0;0;0;0;0;0;0;0;0;0;0;1463;0;0;88;0;60;0;
2738;4342193;998244352;15151104;1092710400;0;0;0;0;0;0;0;0;0;0;0;1353;0;0;88;0;60;0;
2739;3965948;998244352;15151104;1092710400;0;0;0;0;0;0;0;0;0;0;0;5811;0;0;88;0;60;0;
2740;1867432;998244352;15151104;1092710400;0;0;0;0;0;0;0;0;0;0;0;1583;0;0;88;0;60;0;
2741;1863996;998244352;15151104;1092710400;0;0;0;0;0;0;0;0;0;0;0;1683;0;0;88;0;60;0;
2742;2047920;998244352;15151104;1092710400;0;0;0;0;0;0;0;0;0;0;0;1433;0;0;88;0;60;0;
2743;2245351;998244352;15151104;1092710400;0;0;0;0;0;0;0;0;0;0;0;1723;0;0;88;0;60;0;
2744;2244760;998244352;15151104;1092710400;0;0;0;0;0;0;0;0;0;0;0;1593;0;0;88;0;60;0;
2745;1434661;998244352;15151104;1092710400;0;0;0;0;0;0;0;0;0;0;0;1383;0;0;88;0;60;0;
2746;1874996;998244352;15151104;1092710400;0;0;0;0;0;0;0;0;0;0;0;1412;0;0;88;0;60;0;
2747;1739212;998244352;15151104;1092710400;0;0;0;0;0;0;0;0;0;0;0;1623;0;0;88;0;60;0;
2748;1575304;998244352;15151104;1092710400;0;0;0;0;0;0;0;0;0;0;0;1393;0;0;88;0;60;0;
2749;1785108;998244352;15151104;1092710400;0;0;0;0;0;0;0;0;0;0;0;1472;0;0;88;0;60;0;
2750;1823640;998244352;15151104;1092710400;0;0;0;0;0;0;0;0;0;0;0;1463;0;0;88;0;60;0;
2751;2030428;998244352;15151104;1092710400;0;0;0;0;0;0;0;0;0;0;0;1693;0;0;88;0;60;0;
2752;1808422;998244352;15151104;1092710400;0;0;0;0;0;0;0;0;0;0;0;1583;0;0;88;0;60;0;
2753;1806167;998244352;15151104;1092710400;0;0;0;0;0;0;0;0;0;0;0;1663;0;0;88;0;60;0;
2754;1332960;998244352;15151104;1092710400;0;0;0;0;0;0;0;0;0;0;0;1453;0;0;88;0;60;0;
2755;1921464;998244352;15151104;1092710400;0;0;0;0;0;0;0;0;0;0;0;1994;0;0;88;0;60;0;
2756;1443277;998244352;15151104;1092710400;0;0;0;0;0;0;0;0;0;0;0;1552;0;0;88;0;60;0;
2757;2389892;998244352;15151104;1092710400;0;0;0;0;0;0;0;0;0;0;0;1533;0;0;88;0;60;0;
2758;1443267;998244352;15151104;1092710400;0;0;0;0;0;0;0;0;0;0;0;1393;0;0;88;0;60;0;
2759;5084125;998244352;15151104;1092710400;0;0;0;0;0;0;0;0;0;0;0;1443;0;0;88;0;60;0;
2760;4466967;998244352;15151104;1092710400;0;0;0;0;0;0;0;0;0;0;0;1483;0;0;88;0;60;0;
2761;1762064;998244352;15151104;1092710400;0;0;0;0;0;0;0;0;0;0;0;1903;0;0;88;0;60;0;
2762;1705789;998244352;15151104;1092710400;0;0;0;0;0;0;0;0;0;0;0;85681;0;0;88;0;60;0;
2763;1866831;998244352;15151104;1092710400;0;0;0;0;0;0;0;0;0;0;0;1452;0;0;88;0;60;0;
2764;2354446;998244352;15151104;1092710400;0;0;0;0;0;0;0;0;0;0;0;1432;0;0;88;0;60;0;
2765;2471074;998244352;15151104;1092710400;0;0;0;0;0;0;0;0;0;0;0;1343;0;0;88;0;60;0;
2766;3131703;998244352;15151104;1092710400;0;0;0;0;0;0;0;0;0;0;0;1182;0;0;88;0;60;0;
2767;1342648;998244352;15151104;1092710400;0;0;0;0;0;0;0;0;0;0;0;1433;0;0;88;0;60;0;
2768;2310253;998244352;15151104;1092710400;0;0;0;0;0;0;0;0;0;0;0;1603;0;0;88;0;60;0;
2769;1072030;998244352;15151104;1092710400;0;0;0;0;0;0;0;0;0;0;0;1683;0;0;88;0;60;0;
2770;1655555;998244352;15151104;1092710400;0;0;0;0;0;0;0;0;0;0;0;1453;0;0;88;0;60;0;
2771;1307462;998244352;15151104;1092710400;0;0;0;0;0;0;0;0;0;0;0;1363;0;0;88;0;60;0;
2772;2258636;998244352;15151104;1092710400;0;0;0;0;0;0;0;0;0;0;0;1693;0;0;88;0;60;0;
2773;1511595;998244352;15151104;1092710400;0;0;0;0;0;0;0;0;0;0;0;1452;0;0;88;0;60;0;
2774;1747016;998244352;15151104;1092710400;0;0;0;0;0;0;0;0;0;0;0;1483;0;0;88;0;60;0;
2775;1515622;998244352;15151104;1092710400;0;0;0;0;0;0;0;0;0;0;0;1412;0;0;88;0;60;0;
2776;1908750;998244352;15151104;1092710400;0;0;0;0;0;0;0;0;0;0;0;1482;0;0;88;0;60;0;
2777;1693696;998244352;15151104;1092710400;0;0;0;0;0;0;0;0;0;0;0;1462;0;0;88;0;60;0;
2778;2053341;998244352;15151104;1092710400;0;0;0;0;0;0;0;0;0;0;0;1423;0;0;88;0;60;0;
2779;1968451;998244352;15151104;1092710400;0;0;0;0;0;0;0;0;0;0;0;1352;0;0;88;0;60;0;
2780;4325612;998244352;15151104;1092710400;0;0;0;0;0;0;0;0;0;0;0;1433;0;0;88;0;60;0;
2781;2649549;998244352;15151104;1092710400;0;0;0;0;0;0;0;0;0;0;0;2034;0;0;88;0;60;0;
2782;1266325;998244352;15151104;1092710400;0;0;0;0;0;0;0;0;0;0;0;1513;0;0;88;0;60;0;
2783;1798783;998244352;15151104;1092710400;0;0;0;0;0;0;0;0;0;0;0;1533;0;0;88;0;60;0;
2784;1710979;998244352;15151104;1092710400;0;0;0;0;0;0;0;0;0;0;0;1673;0;0;88;0;60;0;
2785;1636529;998244352;15151104;1092710400;0;0;0;0;0;0;0;0;0;0;0;1403;0;0;88;0;60;0;
2786;1078152;998244352;15151104;1092710400;0;0;0;0;0;0;0;0;0;0;0;1422;0;0;88;0;60;0;
2787;1432787;998244352;15151104;1092710400;0;0;0;0;0;0;0;0;0;0;0;1493;0;0;88;0;60;0;
2788;1601293;998244352;15151104;1092710400;0;0;0;0;0;0;0;0;0;0;0;1413;0;0;88;0;60;0;
2789;2050586;998244352;15151104;1092710400;0;0;0;0;0;0;0;0;0;0;0;1874;0;0;88;0;60;0;
2790;1972178;998244352;15151104;1092710400;0;0;0;0;0;0;0;0;0;0;0;1583;0;0;88;0;60;0;
2791;1815214;998244352;15151104;1092710400;0;0;0;0;0;0;0;0;0;0;0;1753;0;0;88;0;60;0;
2792;1859518;998244352;15151104;1092710400;0;0;0;0;0;0;0;0;0;0;0;1483;0;0;88;0;60;0;
2793;1140008;998244352;15151104;1092710400;0;0;0;0;0;0;0;0;0;0;0;1683;0;0;88;0;60;0;
2794;1990553;998244352;15151104;1092710400;0;0;0;0;0;0;0;0;0;0;0;1443;0;0;88;0;60;0;
2795;1884584;998244352;15151104;1092710400;0;0;0;0;0;0;0;0;0;0;0;1683;0;0;88;0;60;0;
2796;1777203;998244352;15151104;1092710400;0;0;0;0;0;0;0;0;0;0;0;1433;0;0;88;0;60;0;
2797;1131942;998244352;15151104;1092710400;0;0;0;0;0;0;0;0;0;0;0;1373;0;0;88;0;60;0;
2798;1017829;998244352;15151104;1092710400;0;0;0;0;0;0;0;0;0;0;0;1583;0;0;88;0;60;0;
2799;899316;998244352;15151104;1092710400;0;0;0;0;0;0;0;0;0;0;0;1423;0;0;88;0;60;0;
2800;4804942;998244352;15151104;1092710400;0;0;0;0;0;0;0;0;0;0;0;1433;0;0;88;0;60;0;
2801;3223716;998244352;15151104;1092710400;0;0;0;0;0;0;0;0;0;0;0;1673;0;0;88;0;60;0;
2802;1998849;998244352;15151104;1092710400;0;0;0;0;0;0;0;0;0;0;0;1463;0;0;88;0;60;0;
2803;1990373;998244352;15151104;1092710400;0;0;0;0;0;0;0;0;0;0;0;1233;0;0;88;0;60;0;
2804;1746505;998244352;15151104;1092710400;0;0;0;0;0;0;0;0;0;0;0;1533;0;0;88;0;60;0;
2805;1736607;998244352;15151104;1092710400;0;0;0;0;0;0;0;0;0;0;0;1803;0;0;88;0;60;0;
2806;1429070;998244352;15151104;1092710400;0;0;0;0;0;0;0;0;0;0;0;1372;0;0;88;0;60;0;
2807;1198698;998244352;15151104;1092710400;0;0;0;0;0;0;0;0;0;0;0;1483;0;0;88;0;60;0;
2808;2249118;998244352;15151104;1092710400;0;0;0;0;0;0;0;0;0;0;0;1422;0;0;88;0;60;0;
2809;1241228;998244352;15151104;1092710400;0;0;0;0;0;0;0;0;0;0;0;1402;0;0;88;0;60;0;
2810;1457964;998244352;15151104;1092710400;0;0;0;0;0;0;0;0;0;0;0;1633;0;0;88;0;60;0;
2811;1067843;998244352;15151104;1092710400;0;0;0;0;0;0;0;0;0;0;0;1733;0;0;88;0;60;0;
2812;812914;998244352;15151104;1092710400;0;0;0;0;0;0;0;0;0;0;0;1673;0;0;88;0;60;0;
2813;1269491;998244352;15151104;1092710400;0;0;0;0;0;0;0;0;0;0;0;1403;0;0;88;0;60;0;
2814;1620348;998244352;15151104;1092710400;0;0;0;0;0;0;0;0;0;0;0;1273;0;0;88;0;60;0;
2815;1469326;998244352;15151104;1092710400;0;0;0;0;0;0;0;0;0;0;0;1413;0;0;88;0;60;0;
2816;1005586;998244352;15151104;1092710400;0;0;0;0;0;0;0;0;0;0;0;1623;0;0;88;0;60;0;
2817;2255019;998244352;15151104;1092710400;0;0;0;0;0;0;0;0;0;0;0;1382;0;0;88;0;60;0;
2818;1320216;998244352;15151104;1092710400;0;0;0;0;0;0;0;0;0;0;0;1683;0;0;88;0;60;0;
2819;1840511;998244352;15151104;1092710400;0;0;0;0;0;0;0;0;0;0;0;1393;0;0;88;0;60;0;
2820;1491978;998244352;15151104;1092710400;0;0;0;0;0;0;0;0;0;0;0;1623;0;0;88;0;60;0;
2821;4873690;998244352;15151104;1092710400;0;0;0;0;0;0;0;0;0;0;0;1503;0;0;88;0;60;0;
2822;2793389;998244352;15151104;1092710400;0;0;0;0;0;0;0;0;0;0;0;2144;0;0;88;0;60;0;
2823;1511885;998244352;15151104;1092710400;0;0;0;0;0;0;0;0;0;0;0;1623;0;0;88;0;60;0;
2824;1739712;998244352;15151104;1092710400;0;0;0;0;0;0;0;0;0;0;0;1633;0;0;88;0;60;0;
2825;1721408;998244352;15151104;1092710400;0;0;0;0;0;0;0;0;0;0;0;1493;0;0;88;0;60;0;
2826;1351855;998244352;15151104;1092710400;0;0;0;0;0;0;0;0;0;0;0;1403;0;0;88;0;60;0;
2827;2283071;998244352;15151104;1092710400;0;0;0;0;0;0;0;0;0;0;0;1583;0;0;88;0;60;0;
2828;1443116;998244352;15151104;1092710400;0;0;0;0;0;0;0;0;0;0;0;1423;0;0;88;0;60;0;
2829;2019708;998244352;15151104;1092710400;0;0;0;0;0;0;0;0;0;0;0;1412;0;0;88;0;60;0;
2830;1108339;998244352;15151104;1092710400;0;0;0;0;0;0;0;0;0;0;0;1473;0;0;88;0;60;0;
2831;1519851;998244352;15151104;1092710400;0;0;0;0;0;0;0;0;0;0;0;1583;0;0;88;0;60;0;
2832;1927024;998244352;15151104;1092710400;0;0;0;0;0;0;0;0;0;0;0;1643;0;0;88;0;60;0;
2833;2230553;998244352;15151104;1092710400;0;0;0;0;0;0;0;0;0;0;0;1613;0;0;88;0;60;0;
2834;1729444;998244352;15151104;1092710400;0;0;0;0;0;0;0;0;0;0;0;1713;0;0;88;0;60;0;
2835;2200427;998244352;15151104;1092710400;0;0;0;0;0;0;0;0;0;0;0;1623;0;0;88;0;60;0;
2836;1602926;998244352;15151104;1092710400;0;0;0;0;0;0;0;0;0;0;0;1924;0;0;88;0;60;0;
2837;2864853;998244352;15151104;1092710400;0;0;0;0;0;0;0;0;0;0;0;1924;0;0;88;0;60;0;
2838;1197466;998244352;15151104;1092710400;0;0;0;0;0;0;0;0;0;0;0;1664;0;0;88;0;60;0;
2839;2155342;998244352;15151104;1092710400;0;0;0;0;0;0;0;0;0;0;0;1442;0;0;88;0;60;0;
2840;2926228;998244352;15151104;1092710400;0;0;0;0;0;0;0;0;0;0;0;1733;0;0;88;0;60;0;
2841;4693993;998244352;15151104;1092710400;0;0;0;0;0;0;0;0;0;0;0;1393;0;0;88;0;60;0;
2842;3315689;998244352;15151104;1092710400;0;0;0;0;0;0;0;0;0;0;0;1673;0;0;88;0;60;0;
2843;1791840;998244352;15151104;1092710400;0;0;0;0;0;0;0;0;0;0;0;1382;0;0;88;0;60;0;
2844;1767505;998244352;15151104;1092710400;0;0;0;0;0;0;0;0;0;0;0;1964;0;0;88;0;60;0;
2845;1699297;998244352;15151104;1092710400;0;0;0;0;0;0;0;0;0;0;0;1623;0;0;88;0;60;0;
2846;1736717;998244352;15151104;1092710400;0;0;0;0;0;0;0;0;0;0;0;1293;0;0;88;0;60;0;
2847;1209087;998244352;15151104;1092710400;0;0;0;0;0;0;0;0;0;0;0;74840;0;0;88;0;60;0;
2848;1366753;998244352;15151104;1092710400;0;0;0;0;0;0;0;0;0;0;0;1472;0;0;88;0;60;0;
2849;1185914;998244352;15151104;1092710400;0;0;0;0;0;0;0;0;0;0;0;1613;0;0;88;0;60;0;
2850;1586024;998244352;15151104;1092710400;0;0;0;0;0;0;0;0;0;0;0;1653;0;0;88;0;60;0;
2851;1420864;998244352;15151104;1092710400;0;0;0;0;0;0;0;0;0;0;0;1453;0;0;88;0;60;0;
2852;1379336;998244352;15151104;1092710400;0;0;0;0;0;0;0;0;0;0;0;2054;0;0;88;0;60;0;
2853;1758578;998244352;15151104;1092710400;0;0;0;0;0;0;0;0;0;0;0;1483;0;0;88;0;60;0;
2854;2204505;998244352;15151104;1092710400;0;0;0;0;0;0;0;0;0;0;0;1613;0;0;88;0;60;0;
2855;1148935;998244352;15151104;1092710400;0;0;0;0;0;0;0;0;0;0;0;2154;0;0;88;0;60;0;
2856;1644414;998244352;15151104;1092710400;0;0;0;0;0;0;0;0;0;0;0;1713;0;0;88;0;60;0;
2857;1140879;998244352;15151104;1092710400;0;0;0;0;0;0;0;0;0;0;0;1763;0;0;88;0;60;0;
2858;2645051;998244352;15151104;1092710400;0;0;0;0;0;0;0;0;0;0;0;1803;0;0;88;0;60;0;
2859;1624517;998244352;15151104;1092710400;0;0;0;0;0;0;0;0;0;0;0;1653;0;0;88;0;60;0;
2860;956905;998244352;15151104;1092710400;0;0;0;0;0;0;0;0;0;0;0;1413;0;0;88;0;60;0;
2861;903384;998244352;15151104;1092710400;0;0;0;0;0;0;0;0;0;0;0;1472;0;0;88;0;60;0;
2862;4204626;998244352;15151104;1092710400;0;0;0;0;0;0;0;0;0;0;0;1363;0;0;88;0;60;0;
2863;2839015;998244352;15151104;1092710400;0;0;0;0;0;0;0;0;0;0;0;3938;0;0;88;0;60;0;
2864;1564293;998244352;15151104;1092710400;0;0;0;0;0;0;0;0;0;0;0;1653;0;0;88;0;60;0;
2865;1204859;998244352;15151104;1092710400;0;0;0;0;0;0;0;0;0;0;0;1423;0;0;88;0;60;0;
2866;1408692;998244352;15151104;1092710400;0;0;0;0;0;0;0;0;0;0;0;1493;0;0;88;0;60;0;
2867;2047430;998244352;15151104;1092710400;0;0;0;0;0;0;0;0;0;0;0;1764;0;0;88;0;60;0;
2868;2117190;998244352;15151104;1092710400;0;0;0;0;0;0;0;0;0;0;0;1623;0;0;88;0;60;0;
2869;1531833;998244352;15151104;1092710400;0;0;0;0;0;0;0;0;0;0;0;1353;0;0;88;0;60;0;
2870;1801930;998244352;15151104;1092710400;0;0;0;0;0;0;0;0;0;0;0;1743;0;0;88;0;60;0;
2871;2972224;998244352;15151104;1092710400;0;0;0;0;0;0;0;0;0;0;0;1563;0;0;88;0;60;0;
2872;1038528;998244352;15151104;1092710400;0;0;0;0;0;0;0;0;0;0;0;1583;0;0;88;0;60;0;
2873;1528707;998244352;15151104;1092710400;0;0;0;0;0;0;0;0;0;0;0;1673;0;0;88;0;60;0;
2874;1385178;998244352;15151104;1092710400;0;0;0;0;0;0;0;0;0;0;0;2054;0;0;88;0;60;0;
2875;1674310;998244352;15151104;1092710400;0;0;0;0;0;0;0;0;0;0;0;1814;0;0;88;0;60;0;
2876;2499818;998244352;15151104;1092710400;0;0;0;0;0;0;0;0;0;0;0;1874;0;0;88;0;60;0;
2877;1605902;998244352;15151104;1092710400;0;0;0;0;0;0;0;0;0;0;0;2044;0;0;88;0;60;0;
2878;1793644;998244352;15151104;1092710400;0;0;0;0;0;0;0;0;0;0;0;1492;0;0;88;0;60;0;
2879;2412585;998244352;15151104;1092710400;0;0;0;0;0;0;0;0;0;0;0;2024;0;0;88;0;60;0;
2880;1437355;998244352;15151104;1092710400;0;0;0;0;0;0;0;0;0;0;0;1703;0;0;88;0;60;0;
2881;1247469;998244352;15151104;1092710400;0;0;0;0;0;0;0;0;0;0;0;1743;0;0;88;0;60;0;
2882;1264943;998244352;15151104;1092710400;0;0;0;0;0;0;0;0;0;0;0;1613;0;0;88;0;60;0;
2883;4893497;998244352;15151104;1092710400;0;0;0;0;0;0;0;0;0;0;0;1713;0;0;88;0;60;0;
2884;2465173;998244352;15151104;1092710400;0;0;0;0;0;0;0;0;0;0;0;1523;0;0;88;0;60;0;
2885;1817939;998244352;15151104;1092710400;0;0;0;0;0;0;0;0;0;0;0;1683;0;0;88;0;60;0;
2886;1560476;998244352;15151104;1092710400;0;0;0;0;0;0;0;0;0;0;0;1493;0;0;88;0;60;0;
2887;1223465;998244352;15151104;1092710400;0;0;0;0;0;0;0;0;0;0;0;1402;0;0;88;0;60;0;
2888;2071254;998244352;15151104;1092710400;0;0;0;0;0;0;0;0;0;0;0;1683;0;0;88;0;60;0;
2889;2806684;998244352;15151104;1092710400;0;0;0;0;0;0;0;0;0;0;0;1784;0;0;88;0;60;0;
2890;1820124;998244352;15151104;1092710400;0;0;0;0;0;0;0;0;0;0;0;1453;0;0;88;0;60;0;
2891;1680782;998244352;15151104;1092710400;0;0;0;0;0;0;0;0;0;0;0;1603;0;0;88;0;60;0;
2892;1774558;998244352;15151104;1092710400;0;0;0;0;0;0;0;0;0;0;0;1393;0;0;88;0;60;0;
2893;1114089;998244352;15151104;1092710400;0;0;0;0;0;0;0;0;0;0;0;1443;0;0;88;0;60;0;
2894;889879;998244352;15151104;1092710400;0;0;0;0;0;0;0;0;0;0;0;1603;0;0;88;0;60;0;
2895;739257;998244352;15151104;1092710400;0;0;0;0;0;0;0;0;0;0;0;1443;0;0;88;0;60;0;
2896;1311209;998244352;15151104;1092710400;0;0;0;0;0;0;0;0;0;0;0;1563;0;0;88;0;60;0;
2897;1346214;998244352;15151104;1092710400;0;0;0;0;0;0;0;0;0;0;0;1463;0;0;88;0;60;0;
2898;2033593;998244352;15151104;1092710400;0;0;0;0;0;0;0;0;0;0;0;1432;0;0;88;0;60;0;
2899;1311630;998244352;15151104;1092710400;0;0;0;0;0;0;0;0;0;0;0;1393;0;0;88;0;60;0;
2900;2400532;998244352;15151104;1092710400;0;0;0;0;0;0;0;0;0;0;0;1433;0;0;88;0;60;0;
2901;1735134;998244352;15151104;1092710400;0;0;0;0;0;0;0;0;0;0;0;1453;0;0;88;0;60;0;
2902;1987778;998244352;15151104;1092710400;0;0;0;0;0;0;0;0;0;0;0;1463;0;0;88;0;60;0;
2903;1604619;998244352;15151104;1092710400;0;0;0;0;0;0;0;0;0;0;0;1383;0;0;88;0;60;0;
2904;4640603;998244352;15151104;1092710400;0;0;0;0;0;0;0;0;0;0;0;1593;0;0;88;0;60;0;
2905;2803287;998244352;15151104;1092710400;0;0;0;0;0;0;0;0;0;0;0;2044;0;0;88;0;60;0;
2906;1823961;998244352;15151104;1092710400;0;0;0;0;0;0;0;0;0;0;0;1413;0;0;88;0;60;0;
2907;1508760;998244352;15151104;1092710400;0;0;0;0;0;0;0;0;0;0;0;1523;0;0;88;0;60;0;
2908;2184257;998244352;15151104;1092710400;0;0;0;0;0;0;0;0;0;0;0;1443;0;0;88;0;60;0;
2909;1292264;998244352;15151104;1092710400;0;0;0;0;0;0;0;0;0;0;0;1443;0;0;88;0;60;0;
2910;2011963;998244352;15151104;1092710400;0;0;0;0;0;0;0;0;0;0;0;1363;0;0;88;0;60;0;
2911;976922;998244352;15151104;1092710400;0;0;0;0;0;0;0;0;0;0;0;1613;0;0;88;0;60;0;
2912;2016211;998244352;15151104;1092710400;0;0;0;0;0;0;0;0;0;0;0;1332;0;0;88;0;60;0;
2913;1520842;998244352;15151104;1092710400;0;0;0;0;0;0;0;0;0;0;0;1543;0;0;88;0;60;0;
2914;1826235;998244352;15151104;1092710400;0;0;0;0;0;0;0;0;0;0;0;1413;0;0;88;0;60;0;
2915;1146921;998244352;15151104;1092710400;0;0;0;0;0;0;0;0;0;0;0;1493;0;0;88;0;60;0;
2916;1840311;998244352;15151104;1092710400;0;0;0;0;0;0;0;0;0;0;0;1423;0;0;88;0;60;0;
2917;1563001;998244352;15151104;1092710400;0;0;0;0;0;0;0;0;0;0;0;1463;0;0;88;0;60;0;
2918;1796399;998244352;15151104;1092710400;0;0;0;0;0;0;0;0;0;0;0;1453;0;0;88;0;60;0;
2919;1860980;998244352;15151104;1092710400;0;0;0;0;0;0;0;0;0;0;0;1633;0;0;88;0;60;0;
2920;1695229;998244352;15151104;1092710400;0;0;0;0;0;0;0;0;0;0;0;1523;0;0;88;0;60;0;
2921;1489383;998244352;15151104;1092710400;0;0;0;0;0;0;0;0;0;0;0;1462;0;0;88;0;60;0;
2922;1726017;998244352;15151104;1092710400;0;0;0;0;0;0;0;0;0;0;0;1553;0;0;88;0;60;0;
2923;1305297;998244352;15151104;1092710400;0;0;0;0;0;0;0;0;0;0;0;1463;0;0;88;0;60;0;
2924;4656793;998244352;15151104;1092710400;0;0;0;0;0;0;0;0;0;0;0;1593;0;0;88;0;60;0;
2925;3372304;998244352;15151104;1092710400;0;0;0;0;0;0;0;0;0;0;0;1974;0;0;88;0;60;0;
2926;2931518;998244352;15151104;1092710400;0;0;0;0;0;0;0;0;0;0;0;1423;0;0;88;0;60;0;
2927;1867752;998244352;15151104;1092710400;0;0;0;0;0;0;0;0;0;0;0;1453;0;0;88;0;60;0;
2928;1783224;998244352;15151104;1092710400;0;0;0;0;0;0;0;0;0;0;0;1502;0;0;88;0;60;0;
2929;2603373;998244352;15151104;1092710400;0;0;0;0;0;0;0;0;0;0;0;1463;0;0;88;0;60;0;
2930;2714591;998244352;15151104;1092710400;0;0;0;0;0;0;0;0;0;0;0;1423;0;0;88;0;60;0;
2931;1597966;998244352;15151104;1092710400;0;0;0;0;0;0;0;0;0;0;0;1533;0;0;88;0;60;0;
2932;1814052;998244352;15151104;1092710400;0;0;0;0;0;0;0;0;0;0;0;1423;0;0;88;0;60;0;
2933;1826015;998244352;15151104;1092710400;0;0;0;0;0;0;0;0;0;0;0;1573;0;0;88;0;60;0;
2934;2204835;998244352;15151104;1092710400;0;0;0;0;0;0;0;0;0;0;0;1763;0;0;88;0;60;0;
2935;2264227;998244352;15151104;1092710400;0;0;0;0;0;0;0;0;0;0;0;1664;0;0;88;0;60;0;
2936;1757756;998244352;15151104;1092710400;0;0;0;0;0;0;0;0;0;0;0;1613;0;0;88;0;60;0;
2937;1496596;998244352;15151104;1092710400;0;0;0;0;0;0;0;0;0;0;0;1442;0;0;88;0;60;0;
2938;3417259;998244352;15151104;1092710400;0;0;0;0;0;0;0;0;0;0;0;1432;0;0;88;0;60;0;
2939;2232908;998244352;15151104;1092710400;0;0;0;0;0;0;0;0;0;0;0;1403;0;0;88;0;60;0;
2940;1985363;998244352;15151104;1092710400;0;0;0;0;0;0;0;0;0;0;0;1433;0;0;88;0;60;0;
2941;2477235;998244352;15151104;1092710400;0;0;0;0;0;0;0;0;0;0;0;1523;0;0;88;0;60;0;
2942;1815445;998244352;15151104;1092710400;0;0;0;0;0;0;0;0;0;0;0;1413;0;0;88;0;60;0;
2943;867066;998244352;15151104;1092710400;0;0;0;0;0;0;0;0;0;0;0;1583;0;0;88;0;60;0;
2944;980228;998244352;15151104;1092710400;0;0;0;0;0;0;0;0;0;0;0;1353;0;0;88;0;60;0;
2945;4185921;998244352;15151104;1092710400;0;0;0;0;0;0;0;0;0;0;0;1533;0;0;88;0;60;0;
2946;3114932;998244352;15151104;1092710400;0;0;0;0;0;0;0;0;0;0;0;1813;0;0;88;0;60;0;
2947;1844860;998244352;15151104;1092710400;0;0;0;0;0;0;0;0;0;0;0;1823;0;0;88;0;60;0;
2948;2303690;998244352;15151104;1092710400;0;0;0;0;0;0;0;0;0;0;0;1533;0;0;88;0;60;0;
2949;1740194;998244352;15151104;1092710400;0;0;0;0;0;0;0;0;0;0;0;1653;0;0;88;0;60;0;
2950;2930336;998244352;15151104;1092710400;0;0;0;0;0;0;0;0;0;0;0;1543;0;0;88;0;60;0;
2951;1718272;998244352;15151104;1092710400;0;0;0;0;0;0;0;0;0;0;0;1633;0;0;88;0;60;0;
2952;1980725;998244352;15151104;1092710400;0;0;0;0;0;0;0;0;0;0;0;1483;0;0;88;0;60;0;
2953;1492990;998244352;15151104;1092710400;0;0;0;0;0;0;0;0;0;0;0;1694;0;0;88;0;60;0;
2954;2649579;998244352;15151104;1092710400;0;0;0;0;0;0;0;0;0;0;0;1473;0;0;88;0;60;0;
2955;1670363;998244352;15151104;1092710400;0;0;0;0;0;0;0;0;0;0;0;1422;0;0;88;0;60;0;
2956;1494623;998244352;15151104;1092710400;0;0;0;0;0;0;0;0;0;0;0;1523;0;0;88;0;60;0;
2957;1932314;998244352;15151104;1092710400;0;0;0;0;0;0;0;0;0;0;0;1312;0;0;88;0;60;0;
2958;2045026;998244352;15151104;1092710400;0;0;0;0;0;0;0;0;0;0;0;1723;0;0;88;0;60;0;
2959;1841945;998244352;15151104;1092710400;0;0;0;0;0;0;0;0;0;0;0;1653;0;0;88;0;60;0;
2960;1961659;998244352;15151104;1092710400;0;0;0;0;0;0;0;0;0;0;0;1553;0;0;88;0;60;0;
2961;1452674;998244352;15151104;1092710400;0;0;0;0;0;0;0;0;0;0;0;1473;0;0;88;0;60;0;
2962;2308559;998244352;15151104;1092710400;0;0;0;0;0;0;0;0;0;0;0;1452;0;0;88;0;60;0;
2963;2464182;998244352;15151104;1092710400;0;0;0;0;0;0;0;0;0;0;0;1482;0;0;88;0;60;0;
2964;1298174;998244352;15151104;1092710400;0;0;0;0;0;0;0;0;0;0;0;1432;0;0;88;0;60;0;
2965;1370079;998244352;15151104;1092710400;0;0;0;0;0;0;0;0;0;0;0;1633;0;0;88;0;60;0;
2966;6544073;998244352;15151104;1092710400;0;0;0;0;0;0;0;0;0;0;0;1222;0;0;88;0;60;0;
2967;3152683;998244352;15151104;1092710400;0;0;0;0;0;0;0;0;0;0;0;1874;0;0;88;0;60;0;
2968;2799039;998244352;15151104;1092710400;0;0;0;0;0;0;0;0;0;0;0;1482;0;0;88;0;60;0;
2969;1438037;998244352;15151104;1092710400;0;0;0;0;0;0;0;0;0;0;0;1412;0;0;88;0;60;0;
2970;2023866;998244352;15151104;1092710400;0;0;0;0;0;0;0;0;0;0;0;1623;0;0;88;0;60;0;
2971;1048947;998244352;15151104;1092710400;0;0;0;0;0;0;0;0;0;0;0;1383;0;0;88;0;60;0;
2972;1846703;998244352;15151104;1092710400;0;0;0;0;0;0;0;0;0;0;0;1432;0;0;88;0;60;0;
2973;1821025;998244352;15151104;1092710400;0;0;0;0;0;0;0;0;0;0;0;1573;0;0;88;0;60;0;
2974;2254077;998244352;15151104;1092710400;0;0;0;0;0;0;0;0;0;0;0;1643;0;0;88;0;60;0;
2975;2113985;998244352;15151104;1092710400;0;0;0;0;0;0;0;0;0;0;0;1413;0;0;88;0;60;0;
2976;1610169;998244352;15151104;1092710400;0;0;0;0;0;0;0;0;0;0;0;1443;0;0;88;0;60;0;
2977;1783705;998244352;15151104;1092710400;0;0;0;0;0;0;0;0;0;0;0;1432;0;0;88;0;60;0;
2978;2372188;998244352;15151104;1092710400;0;0;0;0;0;0;0;0;0;0;0;1443;0;0;88;0;60;0;
2979;1820414;998244352;15151104;1092710400;0;0;0;0;0;0;0;0;0;0;0;1643;0;0;88;0;60;0;
2980;1934659;998244352;15151104;1092710400;0;0;0;0;0;0;0;0;0;0;0;1593;0;0;88;0;60;0;
2981;1276624;998244352;15151104;1092710400;0;0;0;0;0;0;0;0;0;0;0;1453;0;0;88;0;60;0;
2982;2141005;998244352;15151104;1092710400;0;0;0;0;0;0;0;0;0;0;0;1423;0;0;88;0;60;0;
2983;1794976;998244352;15151104;1092710400;0;0;0;0;0;0;0;0;0;0;0;1463;0;0;88;0;60;0;
2984;2075202;998244352;15151104;1092710400;0;0;0;0;0;0;0;0;0;0;0;1793;0;0;88;0;60;0;
2985;1460178;998244352;15151104;1092710400;0;0;0;0;0;0;0;0;0;0;0;1573;0;0;88;0;60;0;
2986;4606409;998244352;15151104;1092710400;0;0;0;0;0;0;0;0;0;0;0;1573;0;0;88;0;60;0;
2987;2457980;998244352;15151104;1092710400;0;0;0;0;0;0;0;0;0;0;0;1503;0;0;88;0;60;0;
2988;1741947;998244352;15151104;1092710400;0;0;0;0;0;0;0;0;0;0;0;1523;0;0;88;0;60;0;
2989;2593895;998244352;15151104;1092710400;0;0;0;0;0;0;0;0;0;0;0;1442;0;0;88;0;60;0;
2990;2344587;998244352;15151104;1092710400;0;0;0;0;0;0;0;0;0;0;0;1483;0;0;88;0;60;0;
2991;1045431;998244352;15151104;1092710400;0;0;0;0;0;0;0;0;0;0;0;1493;0;0;88;0;60;0;
2992;1316940;998244352;15151104;1092710400;0;0;0;0;0;0;0;0;0;0;0;1212;0;0;88;0;60;0;
2993;2219983;998244352;15151104;1092710400;0;0;0;0;0;0;0;0;0;0;0;1452;0;0;88;0;60;0;
2994;2139192;998244352;15151104;1092710400;0;0;0;0;0;0;0;0;0;0;0;1453;0;0;88;0;60;0;
2995;2006223;998244352;15151104;1092710400;0;0;0;0;0;0;0;0;0;0;0;1623;0;0;88;0;60;0;
2996;1667267;998244352;15151104;1092710400;0;0;0;0;0;0;0;0;0;0;0;1423;0;0;88;0;60;0;
2997;1896316;998244352;15151104;1092710400;0;0;0;0;0;0;0;0;0;0;0;1583;0;0;88;0;60;0;
2998;1827978;998244352;15151104;1092710400;0;0;0;0;0;0;0;0;0;0;0;1453;0;0;88;0;60;0;
2999;2077115;998244352;15151104;1092710400;0;0;0;0;0;0;0;0;0;0;0;1463;0;0;88;0;60;0;
3000;1329834;998244352;15151104;1092710400;0;0;0;0;0;0;0;0;0;0;0;1363;0;0;88;0;60;0;
3001;2016331;998244352;15151104;1092710400;0;0;0;0;0;0;0;0;0;0;0;1512;0;0;88;0;60;0;
3002;2473659;998244352;15151104;1092710400;0;0;0;0;0;0;0;0;0;0;0;1442;0;0;88;0;60;0;
3003;1978450;998244352;15151104;1092710400;0;0;0;0;0;0;0;0;0;0;0;1483;0;0;88;0;60;0;
3004;2069681;998244352;15151104;1092710400;0;0;0;0;0;0;0;0;0;0;0;119414;0;0;88;0;60;0;
3005;1909271;998244352;15151104;1092710400;0;0;0;0;0;0;0;0;0;0;0;1463;0;0;88;0;60;0;
3006;6143852;998244352;15151104;1092710400;0;0;0;0;0;0;0;0;0;0;0;1442;0;0;88;0;60;0;
3007;4264607;998244352;15151104;1092710400;0;0;0;0;0;0;0;0;0;0;0;4408;0;0;88;0;60;0;
3008;3370731;998244352;15151104;1092710400;0;0;0;0;0;0;0;0;0;0;0;2775;0;0;88;0;60;0;
3009;2320852;998244352;15151104;1092710400;0;0;0;0;0;0;0;0;0;0;0;1183;0;0;88;0;60;0;
3010;1431895;998244352;15151104;1092710400;0;0;0;0;0;0;0;0;0;0;0;1502;0;0;88;0;60;0;
3011;2261782;998244352;15151104;1092710400;0;0;0;0;0;0;0;0;0;0;0;1493;0;0;88;0;60;0;
3012;1296281;998244352;15151104;1092710400;0;0;0;0;0;0;0;0;0;0;0;1523;0;0;88;0;60;0;
3013;1081579;998244352;15151104;1092710400;0;0;0;0;0;0;0;0;0;0;0;1543;0;0;88;0;60;0;
3014;1838188;998244352;15151104;1092710400;0;0;0;0;0;0;0;0;0;0;0;1482;0;0;88;0;60;0;
3015;2372830;998244352;15151104;1092710400;0;0;0;0;0;0;0;0;0;0;0;1493;0;0;88;0;60;0;
3016;2490681;998244352;15151104;1092710400;0;0;0;0;0;0;0;0;0;0;0;1362;0;0;88;0;60;0;
3017;1846994;998244352;15151104;1092710400;0;0;0;0;0;0;0;0;0;0;0;1443;0;0;88;0;60;0;
3018;2718188;998244352;15151104;1092710400;0;0;0;0;0;0;0;0;0;0;0;1773;0;0;88;0;60;0;
3019;1823850;998244352;15151104;1092710400;0;0;0;0;0;0;0;0;0;0;0;1633;0;0;88;0;60;0;
3020;1232621;998244352;15151104;1092710400;0;0;0;0;0;0;0;0;0;0;0;1634;0;0;88;0;60;0;
3021;1667898;998244352;15151104;1092710400;0;0;0;0;0;0;0;0;0;0;0;1432;0;0;88;0;60;0;
3022;1167740;998244352;15151104;1092710400;0;0;0;0;0;0;0;0;0;0;0;1452;0;0;88;0;60;0;
3023;2316143;998244352;15151104;1092710400;0;0;0;0;0;0;0;0;0;0;0;1402;0;0;88;0;60;0;
3024;1650425;998244352;15151104;1092710400;0;0;0;0;0;0;0;0;0;0;0;1362;0;0;88;0;60;0;
3025;1845962;998244352;15151104;1092710400;0;0;0;0;0;0;0;0;0;0;0;1603;0;0;88;0;60;0;
3026;1496747;998244352;15151104;1092710400;0;0;0;0;0;0;0;0;0;0;0;1433;0;0;88;0;60;0;
3027;4240452;998244352;15151104;1092710400;0;0;0;0;0;0;0;0;0;0;0;1383;0;0;88;0;60;0;
3028;1671955;998244352;15151104;1092710400;0;0;0;0;0;0;0;0;0;0;0;1653;0;0;88;0;60;0;
3029;1886698;998244352;15151104;1092710400;0;0;0;0;0;0;0;0;0;0;0;1413;0;0;88;0;60;0;
3030;1513939;998244352;15151104;1092710400;0;0;0;0;0;0;0;0;0;0;0;1433;0;0;88;0;60;0;
3031;1661927;998244352;15151104;1092710400;0;0;0;0;0;0;0;0;0;0;0;1503;0;0;88;0;60;0;
3032;1901226;998244352;15151104;1092710400;0;0;0;0;0;0;0;0;0;0;0;1403;0;0;88;0;60;0;
3033;2552738;998244352;15151104;1092710400;0;0;0;0;0;0;0;0;0;0;0;1563;0;0;88;0;60;0;
3034;1768687;998244352;15151104;1092710400;0;0;0;0;0;0;0;0;0;0;0;1433;0;0;88;0;60;0;
3035;1912837;998244352;15151104;1092710400;0;0;0;0;0;0;0;0;0;0;0;1473;0;0;88;0;60;0;
3036;1685601;998244352;15151104;1092710400;0;0;0;0;0;0;0;0;0;0;0;1472;0;0;88;0;60;0;
3037;1156930;998244352;15151104;1092710400;0;0;0;0;0;0;0;0;0;0;0;1423;0;0;88;0;60;0;
3038;1643963;998244352;15151104;1092710400;0;0;0;0;0;0;0;0;0;0;0;1613;0;0;88;0;60;0;
3039;2464742;998244352;15151104;1092710400;0;0;0;0;0;0;0;0;0;0;0;1573;0;0;88;0;60;0;
3040;1169223;998244352;15151104;1092710400;0;0;0;0;0;0;0;0;0;0;0;1402;0;0;88;0;60;0;
3041;966182;998244352;15151104;1092710400;0;0;0;0;0;0;0;0;0;0;0;1613;0;0;88;0;60;0;
3042;1748580;998244352;15151104;1092710400;0;0;0;0;0;0;0;0;0;0;0;1473;0;0;88;0;60;0;
3043;1809523;998244352;15151104;1092710400;0;0;0;0;0;0;0;0;0;0;0;1423;0;0;88;0;60;0;
3044;922379;998244352;15151104;1092710400;0;0;0;0;0;0;0;0;0;0;0;1593;0;0;88;0;60;0;
3045;1921544;998244352;15151104;1092710400;0;0;0;0;0;0;0;0;0;0;0;80020;0;0;88;0;60;0;
3046;1635878;998244352;15151104;1092710400;0;0;0;0;0;0;0;0;0;0;0;1493;0;0;88;0;60;0;
3047;3883253;998244352;15151104;1092710400;0;0;0;0;0;0;0;0;0;0;0;1593;0;0;88;0;60;0;
3048;1971778;998244352;15151104;1092710400;0;0;0;0;0;0;0;0;0;0;0;2134;0;0;88;0;60;0;
3049;1359941;998244352;15151104;1092710400;0;0;0;0;0;0;0;0;0;0;0;1363;0;0;88;0;60;0;
3050;1401949;998244352;15151104;1092710400;0;0;0;0;0;0;0;0;0;0;0;1393;0;0;88;0;60;0;
3051;1533406;998244352;15151104;1092710400;0;0;0;0;0;0;0;0;0;0;0;1603;0;0;88;0;60;0;
3052;2351520;998244352;15151104;1092710400;0;0;0;0;0;0;0;0;0;0;0;1473;0;0;88;0;60;0;
3053;1206152;998244352;15151104;1092710400;0;0;0;0;0;0;0;0;0;0;0;1393;0;0;88;0;60;0;
3054;1236449;998244352;15151104;1092710400;0;0;0;0;0;0;0;0;0;0;0;1443;0;0;88;0;60;0;
3055;1655825;998244352;15151104;1092710400;0;0;0;0;0;0;0;0;0;0;0;1333;0;0;88;0;60;0;
3056;916428;998244352;15151104;1092710400;0;0;0;0;0;0;0;0;0;0;0;1443;0;0;88;0;60;0;
3057;1470929;998244352;15151104;1092710400;0;0;0;0;0;0;0;0;0;0;0;1453;0;0;88;0;60;0;
3058;1713133;998244352;15151104;1092710400;0;0;0;0;0;0;0;0;0;0;0;1513;0;0;88;0;60;0;
3059;1545889;998244352;15151104;1092710400;0;0;0;0;0;0;0;0;0;0;0;1423;0;0;88;0;60;0;
3060;1241418;998244352;15151104;1092710400;0;0;0;0;0;0;0;0;0;0;0;1502;0;0;88;0;60;0;
3061;1117626;998244352;15151104;1092710400;0;0;0;0;0;0;0;0;0;0;0;1583;0;0;88;0;60;0;
3062;1439740;998244352;15151104;1092710400;0;0;0;0;0;0;0;0;0;0;0;1443;0;0;88;0;60;0;
3063;1812158;998244352;15151104;1092710400;0;0;0;0;0;0;0;0;0;0;0;1422;0;0;88;0;60;0;
3064;2133751;998244352;15151104;1092710400;0;0;0;0;0;0;0;0;0;0;0;1562;0;0;88;0;60;0;
3065;1004614;998244352;15151104;1092710400;0;0;0;0;0;0;0;0;0;0;0;1392;0;0;88;0;60;0;
3066;830578;998244352;15151104;1092710400;0;0;0;0;0;0;0;0;0;0;0;1392;0;0;88;0;60;0;
3067;4707118;998244352;15151104;1092710400;0;0;0;0;0;0;0;0;0;0;0;1402;0;0;88;0;60;0;
3068;1946270;998244352;15151104;1092710400;0;0;0;0;0;0;0;0;0;0;0;1222;0;0;88;0;60;0;
3069;1400306;998244352;15151104;1092710400;0;0;0;0;0;0;0;0;0;0;0;1512;0;0;88;0;60;0;
3070;1092519;998244352;15151104;1092710400;0;0;0;0;0;0;0;0;0;0;0;1603;0;0;88;0;60;0;
3071;1213786;998244352;15151104;1092710400;0;0;0;0;0;0;0;0;0;0;0;1643;0;0;88;0;60;0;
3072;1459868;998244352;15151104;1092710400;0;0;0;0;0;0;0;0;0;0;0;1433;0;0;88;0;60;0;
3073;1602705;998244352;15151104;1092710400;0;0;0;0;0;0;0;0;0;0;0;1483;0;0;88;0;60;0;
3074;2536888;998244352;15151104;1092710400;0;0;0;0;0;0;0;0;0;0;0;5991;0;0;88;0;60;0;
3075;1996745;998244352;15151104;1092710400;0;0;0;0;0;0;0;0;0;0;0;1653;0;0;88;0;60;0;
3076;1287785;998244352;15151104;1092710400;0;0;0;0;0;0;0;0;0;0;0;1643;0;0;88;0;60;0;
3077;1185033;998244352;15151104;1092710400;0;0;0;0;0;0;0;0;0;0;0;1392;0;0;88;0;60;0;
3078;1362084;998244352;15151104;1092710400;0;0;0;0;0;0;0;0;0;0;0;1573;0;0;88;0;60;0;
3079;1986496;998244352;15151104;1092710400;0;0;0;0;0;0;0;0;0;0;0;1533;0;0;88;0;60;0;
3080;2047820;998244352;15151104;1092710400;0;0;0;0;0;0;0;0;0;0;0;6071;0;0;88;0;60;0;
3081;1334934;998244352;15151104;1092710400;0;0;0;0;0;0;0;0;0;0;0;1753;0;0;88;0;60;0;
3082;1622783;998244352;15151104;1092710400;0;0;0;0;0;0;0;0;0;0;0;1643;0;0;88;0;60;0;
3083;2461897;998244352;15151104;1092710400;0;0;0;0;0;0;0;0;0;0;0;1753;0;0;88;0;60;0;
3084;1792823;998244352;15151104;1092710400;0;0;0;0;0;0;0;0;0;0;0;1743;0;0;88;0;60;0;
3085;1534498;998244352;15151104;1092710400;0;0;0;0;0;0;0;0;0;0;0;1633;0;0;88;0;60;0;
3086;1434721;998244352;15151104;1092710400;0;0;0;0;0;0;0;0;0;0;0;1573;0;0;88;0;60;0;
3087;4695035;998244352;15151104;1092710400;0;0;0;0;0;0;0;0;0;0;0;1583;0;0;88;0;60;0;
3088;4232307;998244352;15151104;1092710400;0;0;0;0;0;0;0;0;0;0;0;3376;0;0;88;0;60;0;
3089;1998207;998244352;15151104;1092710400;0;0;0;0;0;0;0;0;0;0;0;2294;0;0;88;0;60;0;
3090;2060294;998244352;15151104;1092710400;0;0;0;0;0;0;0;0;0;0;0;1763;0;0;88;0;60;0;
3091;1355862;998244352;15151104;1092710400;0;0;0;0;0;0;0;0;0;0;0;1402;0;0;88;0;60;0;
3092;1867903;998244352;15151104;1092710400;0;0;0;0;0;0;0;0;0;0;0;1803;0;0;88;0;60;0;
3093;1479074;998244352;15151104;1092710400;0;0;0;0;0;0;0;0;0;0;0;1784;0;0;88;0;60;0;
3094;1935390;998244352;15151104;1092710400;0;0;0;0;0;0;0;0;0;0;0;1593;0;0;88;0;60;0;
3095;1117135;998244352;15151104;1092710400;0;0;0;0;0;0;0;0;0;0;0;1633;0;0;88;0;60;0;
3096;1653832;998244352;15151104;1092710400;0;0;0;0;0;0;0;0;0;0;0;1663;0;0;88;0;60;0;
3097;1031975;998244352;15151104;1092710400;0;0;0;0;0;0;0;0;0;0;0;1573;0;0;88;0;60;0;
3098;1220769;998244352;15151104;1092710400;0;0;0;0;0;0;0;0;0;0;0;1372;0;0;88;0;60;0;
3099;1034110;998244352;15151104;1092710400;0;0;0;0;0;0;0;0;0;0;0;1412;0;0;88;0;60;0;
3100;2613842;998244352;15151104;1092710400;0;0;0;0;0;0;0;0;0;0;0;1393;0;0;88;0;60;0;
3101;2425549;998244352;15151104;1092710400;0;0;0;0;0;0;0;0;0;0;0;2054;0;0;88;0;60;0;
3102;1527003;998244352;15151104;1092710400;0;0;0;0;0;0;0;0;0;0;0;1713;0;0;88;0;60;0;
3103;1037275;998244352;15151104;1092710400;0;0;0;0;0;0;0;0;0;0;0;1593;0;0;88;0;60;0;
3104;1764088;998244352;15151104;1092710400;0;0;0;0;0;0;0;0;0;0;0;1844;0;0;88;0;60;0;
3105;1127935;998244352;15151104;1092710400;0;0;0;0;0;0;0;0;0;0;0;1523;0;0;88;0;60;0;
3106;913673;998244352;15151104;1092710400;0;0;0;0;0;0;0;0;0;0;0;1624;0;0;88;0;60;0;
3107;1155968;998244352;15151104;1092710400;0;0;0;0;0;0;0;0;0;0;0;1683;0;0;88;0;60;0;
3108;3977339;998244352;15151104;1092710400;0;0;0;0;0;0;0;0;0;0;0;1613;0;0;88;0;60;0;
3109;3661557;998244352;15151104;1092710400;0;0;0;0;0;0;0;0;0;0;0;2695;0;0;88;0;60;0;
3110;2022283;998244352;15151104;1092710400;0;0;0;0;0;0;0;0;0;0;0;2034;0;0;88;0;60;0;
3111;1540158;998244352;15151104;1092710400;0;0;0;0;0;0;0;0;0;0;0;1563;0;0;88;0;60;0;
3112;1565125;998244352;15151104;1092710400;0;0;0;0;0;0;0;0;0;0;0;1502;0;0;88;0;60;0;
3113;1431865;998244352;15151104;1092710400;0;0;0;0;0;0;0;0;0;0;0;1613;0;0;88;0;60;0;
3114;1293616;998244352;15151104;1092710400;0;0;0;0;0;0;0;0;0;0;0;1442;0;0;88;0;60;0;
3115;1307432;998244352;15151104;1092710400;0;0;0;0;0;0;0;0;0;0;0;1472;0;0;88;0;60;0;
3116;1554846;998244352;15151104;1092710400;0;0;0;0;0;0;0;0;0;0;0;1483;0;0;88;0;60;0;
3117;1865298;998244352;15151104;1092710400;0;0;0;0;0;0;0;0;0;0;0;1423;0;0;88;0;60;0;
3118;891031;998244352;15151104;1092710400;0;0;0;0;0;0;0;0;0;0;0;1523;0;0;88;0;60;0;
3119;1363176;998244352;15151104;1092710400;0;0;0;0;0;0;0;0;0;0;0;1473;0;0;88;0;60;0;
3120;1112176;998244352;15151104;1092710400;0;0;0;0;0;0;0;0;0;0;0;1553;0;0;88;0;60;0;
3121;1372103;998244352;15151104;1092710400;0;0;0;0;0;0;0;0;0;0;0;1633;0;0;88;0;60;0;
3122;1105533;998244352;15151104;1092710400;0;0;0;0;0;0;0;0;0;0;0;1443;0;0;88;0;60;0;
3123;981020;998244352;15151104;1092710400;0;0;0;0;0;0;0;0;0;0;0;1613;0;0;88;0;60;0;
3124;1081538;998244352;15151104;1092710400;0;0;0;0;0;0;0;0;0;0;0;1553;0;0;88;0;60;0;
3125;2478218;998244352;15151104;1092710400;0;0;0;0;0;0;0;0;0;0;0;1413;0;0;88;0;60;0;
3126;1433137;998244352;15151104;1092710400;0;0;0;0;0;0;0;0;0;0;0;1372;0;0;88;0;60;0;
3127;1309616;998244352;15151104;1092710400;0;0;0;0;0;0;0;0;0;0;0;1433;0;0;88;0;60;0;
3128;1674320;998244352;15151104;1092710400;0;0;0;0;0;0;0;0;0;0;0;1443;0;0;88;0;60;0;
3129;4993936;998244352;15151104;1092710400;0;0;0;0;0;0;0;0;0;0;0;1573;0;0;88;0;60;0;
3130;1823530;998244352;15151104;1092710400;0;0;0;0;0;0;0;0;0;0;0;1613;0;0;88;0;60;0;
3131;1741546;998244352;15151104;1092710400;0;0;0;0;0;0;0;0;0;0;0;1413;0;0;88;0;60;0;
3132;1105303;998244352;15151104;1092710400;0;0;0;0;0;0;0;0;0;0;0;1462;0;0;88;0;60;0;
3133;930134;998244352;15151104;1092710400;0;0;0;0;0;0;0;0;0;0;0;1573;0;0;88;0;60;0;
3134;1316258;998244352;15151104;1092710400;0;0;0;0;0;0;0;0;0;0;0;1352;0;0;88;0;60;0;
3135;1001528;998244352;15151104;1092710400;0;0;0;0;0;0;0;0;0;0;0;1393;0;0;88;0;60;0;
3136;1212443;998244352;15151104;1092710400;0;0;0;0;0;0;0;0;0;0;0;1383;0;0;88;0;60;0;
3137;1251507;998244352;15151104;1092710400;0;0;0;0;0;0;0;0;0;0;0;1393;0;0;88;0;60;0;
3138;1342978;998244352;15151104;1092710400;0;0;0;0;0;0;0;0;0;0;0;1413;0;0;88;0;60;0;
3139;1096757;998244352;15151104;1092710400;0;0;0;0;0;0;0;0;0;0;0;1543;0;0;88;0;60;0;
3140;1142663;998244352;15151104;1092710400;0;0;0;0;0;0;0;0;0;0;0;1422;0;0;88;0;60;0;
3141;1412389;998244352;15151104;1092710400;0;0;0;0;0;0;0;0;0;0;0;1483;0;0;88;0;60;0;
3142;1683227;998244352;15151104;1092710400;0;0;0;0;0;0;0;0;0;0;0;1423;0;0;88;0;60;0;
3143;1620269;998244352;15151104;1092710400;0;0;0;0;0;0;0;0;0;0;0;1452;0;0;88;0;60;0;
3144;1133486;998244352;15151104;1092710400;0;0;0;0;0;0;0;0;0;0;0;1433;0;0;88;0;60;0;
3145;1195703;998244352;15151104;1092710400;0;0;0;0;0;0;0;0;0;0;0;1373;0;0;88;0;60;0;
3146;1286162;998244352;15151104;1092710400;0;0;0;0;0;0;0;0;0;0;0;1633;0;0;88;0;60;0;
3147;1105464;998244352;15151104;1092710400;0;0;0;0;0;0;0;0;0;0;0;1343;0;0;88;0;60;0;
3148;1006618;998244352;15151104;1092710400;0;0;0;0;0;0;0;0;0;0;0;1423;0;0;88;0;60;0;
3149;1071449;998244352;15151104;1092710400;0;0;0;0;0;0;0;0;0;0;0;1463;0;0;88;0;60;0;
3150;4025129;998244352;15151104;1092710400;0;0;0;0;0;0;0;0;0;0;0;1402;0;0;88;0;60;0;
3151;1859808;998244352;15151104;1092710400;0;0;0;0;0;0;0;0;0;0;0;1452;0;0;88;0;60;0;
3152;1981095;998244352;15151104;1092710400;0;0;0;0;0;0;0;0;0;0;0;1503;0;0;88;0;60;0;
3153;1448637;998244352;15151104;1092710400;0;0;0;0;0;0;0;0;0;0;0;1592;0;0;88;0;60;0;
3154;912401;998244352;15151104;1092710400;0;0;0;0;0;0;0;0;0;0;0;1443;0;0;88;0;60;0;
3155;1230848;998244352;15151104;1092710400;0;0;0;0;0;0;0;0;0;0;0;1543;0;0;88;0;60;0;
3156;1235397;998244352;15151104;1092710400;0;0;0;0;0;0;0;0;0;0;0;1442;0;0;88;0;60;0;
3157;1232681;998244352;15151104;1092710400;0;0;0;0;0;0;0;0;0;0;0;1503;0;0;88;0;60;0;
3158;994225;998244352;15151104;1092710400;0;0;0;0;0;0;0;0;0;0;0;1372;0;0;88;0;60;0;
3159;1407480;998244352;15151104;1092710400;0;0;0;0;0;0;0;0;0;0;0;1583;0;0;88;0;60;0;
3160;1160486;998244352;15151104;1092710400;0;0;0;0;0;0;0;0;0;0;0;1403;0;0;88;0;60;0;
3161;847609;998244352;15151104;1092710400;0;0;0;0;0;0;0;0;0;0;0;1833;0;0;88;0;60;0;
3162;1331166;998244352;15151104;1092710400;0;0;0;0;0;0;0;0;0;0;0;1552;0;0;88;0;60;0;
3163;1441804;998244352;15151104;1092710400;0;0;0;0;0;0;0;0;0;0;0;1462;0;0;88;0;60;0;
3164;1177348;998244352;15151104;1092710400;0;0;0;0;0;0;0;0;0;0;0;1483;0;0;88;0;60;0;
3165;1506495;998244352;15151104;1092710400;0;0;0;0;0;0;0;0;0;0;0;1463;0;0;88;0;60;0;
3166;1319484;998244352;15151104;1092710400;0;0;0;0;0;0;0;0;0;0;0;1403;0;0;88;0;60;0;
3167;1455880;998244352;15151104;1092710400;0;0;0;0;0;0;0;0;0;0;0;1403;0;0;88;0;60;0;
3168;1036544;998244352;15151104;1092710400;0;0;0;0;0;0;0;0;0;0;0;1423;0;0;88;0;60;0;
3169;1117044;998244352;15151104;1092710400;0;0;0;0;0;0;0;0;0;0;0;1473;0;0;88;0;60;0;
3170;1382572;998244352;15151104;1092710400;0;0;0;0;0;0;0;0;0;0;0;1512;0;0;88;0;60;0;
3171;3925682;998244352;15151104;1092710400;0;0;0;0;0;0;0;0;0;0;0;1373;0;0;88;0;60;0;
3172;1130660;998244352;15151104;1092710400;0;0;0;0;0;0;0;0;0;0;0;1383;0;0;88;0;60;0;
3173;1006197;998244352;15151104;1092710400;0;0;0;0;0;0;0;0;0;0;0;1363;0;0;88;0;60;0;
3174;1332940;998244352;15151104;1092710400;0;0;0;0;0;0;0;0;0;0;0;1653;0;0;88;0;60;0;
3175;987913;998244352;15151104;1092710400;0;0;0;0;0;0;0;0;0;0;0;1423;0;0;88;0;60;0;
3176;1198988;998244352;15151104;1092710400;0;0;0;0;0;0;0;0;0;0;0;4068;0;0;88;0;60;0;
3177;1261226;998244352;15151104;1092710400;0;0;0;0;0;0;0;0;0;0;0;1422;0;0;88;0;60;0;
3178;1143204;998244352;15151104;1092710400;0;0;0;0;0;0;0;0;0;0;0;1482;0;0;88;0;60;0;
3179;820589;998244352;15151104;1092710400;0;0;0;0;0;0;0;0;0;0;0;1473;0;0;88;0;60;0;
3180;764294;998244352;15151104;1092710400;0;0;0;0;0;0;0;0;0;0;0;1483;0;0;88;0;60;0;
3181;892333;998244352;15151104;1092710400;0;0;0;0;0;0;0;0;0;0;0;1433;0;0;88;0;60;0;
3182;1471770;998244352;15151104;1092710400;0;0;0;0;0;0;0;0;0;0;0;1393;0;0;88;0;60;0;
3183;798898;998244352;15151104;1092710400;0;0;0;0;0;0;0;0;0;0;0;1513;0;0;88;0;60;0;
3184;883727;998244352;15151104;1092710400;0;0;0;0;0;0;0;0;0;0;0;1453;0;0;88;0;60;0;
3185;1154725;998244352;15151104;1092710400;0;0;0;0;0;0;0;0;0;0;0;1403;0;0;88;0;60;0;
3186;1079324;998244352;15151104;1092710400;0;0;0;0;0;0;0;0;0;0;0;1393;0;0;88;0;60;0;
3187;834454;998244352;15151104;1092710400;0;0;0;0;0;0;0;0;0;0;0;1453;0;0;88;0;60;0;
3188;808035;998244352;15151104;1092710400;0;0;0;0;0;0;0;0;0;0;0;1613;0;0;88;0;60;0;
3189;910287;998244352;15151104;1092710400;0;0;0;0;0;0;0;0;0;0;0;1353;0;0;88;0;60;0;
3190;3792652;998244352;15151104;1092710400;0;0;0;0;0;0;0;0;0;0;0;1372;0;0;88;0;60;0;
3191;1262308;998244352;15151104;1092710400;0;0;0;0;0;0;0;0;0;0;0;1423;0;0;88;0;60;0;
3192;1345263;998244352;15151104;1092710400;0;0;0;0;0;0;0;0;0;0;0;1443;0;0;88;0;60;0;
3193;1401237;998244352;15151104;1092710400;0;0;0;0;0;0;0;0;0;0;0;1462;0;0;88;0;60;0;
3194;1010555;998244352;15151104;1092710400;0;0;0;0;0;0;0;0;0;0;0;1443;0;0;88;0;60;0;
3195;861115;998244352;15151104;1092710400;0;0;0;0;0;0;0;0;0;0;0;1472;0;0;88;0;60;0;
3196;1501535;998244352;15151104;1092710400;0;0;0;0;0;0;0;0;0;0;0;1362;0;0;88;0;60;0;
3197;1367624;998244352;15151104;1092710400;0;0;0;0;0;0;0;0;0;0;0;1423;0;0;88;0;60;0;
3198;1029651;998244352;15151104;1092710400;0;0;0;0;0;0;0;0;0;0;0;1383;0;0;88;0;60;0;
3199;1047234;998244352;15151104;1092710400;0;0;0;0;0;0;0;0;0;0;0;1462;0;0;88;0;60;0;
3200;1322740;998244352;15151104;1092710400;0;0;0;0;0;0;0;0;0;0;0;1473;0;0;88;0;60;0;
3201;984246;998244352;15151104;1092710400;0;0;0;0;0;0;0;0;0;0;0;1753;0;0;88;0;60;0;
3202;1334312;998244352;15151104;1092710400;0;0;0;0;0;0;0;0;0;0;0;1372;0;0;88;0;60;0;
3203;1049167;998244352;15151104;1092710400;0;0;0;0;0;0;0;0;0;0;0;1613;0;0;88;0;60;0;
3204;1610370;998244352;15151104;1092710400;0;0;0;0;0;0;0;0;0;0;0;1323;0;0;88;0;60;0;
3205;1211121;998244352;15151104;1092710400;0;0;0;0;0;0;0;0;0;0;0;1583;0;0;88;0;60;0;
3206;1249734;998244352;15151104;1092710400;0;0;0;0;0;0;0;0;0;0;0;1413;0;0;88;0;60;0;
3207;1225508;998244352;15151104;1092710400;0;0;0;0;0;0;0;0;0;0;0;1613;0;0;88;0;60;0;
3208;4047891;998244352;15151104;1092710400;0;0;0;0;0;0;0;0;0;0;0;1663;0;0;88;0;60;0;
3209;2091583;998244352;15151104;1092710400;0;0;0;0;0;0;0;0;0;0;0;2144;0;0;88;0;60;0;
3210;1413731;998244352;15151104;1092710400;0;0;0;0;0;0;0;0;0;0;0;1783;0;0;88;0;60;0;
3211;1532704;998244352;15151104;1092710400;0;0;0;0;0;0;0;0;0;0;0;1523;0;0;88;0;60;0;
3212;1453907;998244352;15151104;1092710400;0;0;0;0;0;0;0;0;0;0;0;1583;0;0;88;0;60;0;
3213;1465769;998244352;15151104;1092710400;0;0;0;0;0;0;0;0;0;0;0;1473;0;0;88;0;60;0;
3214;1626090;998244352;15151104;1092710400;0;0;0;0;0;0;0;0;0;0;0;1433;0;0;88;0;60;0;
3215;943479;998244352;15151104;1092710400;0;0;0;0;0;0;0;0;0;0;0;1453;0;0;88;0;60;0;
3216;1036073;998244352;15151104;1092710400;0;0;0;0;0;0;0;0;0;0;0;1613;0;0;88;0;60;0;
3217;1041984;998244352;15151104;1092710400;0;0;0;0;0;0;0;0;0;0;0;1413;0;0;88;0;60;0;
3218;2160842;998244352;15151104;1092710400;0;0;0;0;0;0;0;0;0;0;0;1402;0;0;88;0;60;0;
3219;1103249;998244352;15151104;1092710400;0;0;0;0;0;0;0;0;0;0;0;1403;0;0;88;0;60;0;
3220;1381080;998244352;15151104;1092710400;0;0;0;0;0;0;0;0;0;0;0;1462;0;0;88;0;60;0;
3221;1262507;998244352;15151104;1092710400;0;0;0;0;0;0;0;0;0;0;0;1463;0;0;88;0;60;0;
3222;1555918;998244352;15151104;1092710400;0;0;0;0;0;0;0;0;0;0;0;1593;0;0;88;0;60;0;
3223;2380595;998244352;15151104;1092710400;0;0;0;0;0;0;0;0;0;0;0;6372;0;0;88;0;60;0;
3224;1132284;998244352;15151104;1092710400;0;0;0;0;0;0;0;0;0;0;0;1643;0;0;88;0;60;0;
3225;1167710;998244352;15151104;1092710400;0;0;0;0;0;0;0;0;0;0;0;1493;0;0;88;0;60;0;
3226;6657496;998244352;15151104;1092710400;0;0;0;0;0;0;0;0;0;0;0;1913;0;0;88;0;60;0;
3227;1734543;998244352;15151104;1092710400;0;0;0;0;0;0;0;0;0;0;0;1463;0;0;88;0;60;0;
3228;2043122;998244352;15151104;1092710400;0;0;0;0;0;0;0;0;0;0;0;1874;0;0;88;0;60;0;
3229;1403262;998244352;15151104;1092710400;0;0;0;0;0;0;0;0;0;0;0;1874;0;0;88;0;60;0;
3230;1953083;998244352;15151104;1092710400;0;0;0;0;0;0;0;0;0;0;0;1774;0;0;88;0;60;0;
3231;1150438;998244352;15151104;1092710400;0;0;0;0;0;0;0;0;0;0;0;1493;0;0;88;0;60;0;
3232;1492549;998244352;15151104;1092710400;0;0;0;0;0;0;0;0;0;0;0;1322;0;0;88;0;60;0;
3233;1114770;998244352;15151104;1092710400;0;0;0;0;0;0;0;0;0;0;0;1452;0;0;88;0;60;0;
3234;1524609;998244352;15151104;1092710400;0;0;0;0;0;0;0;0;0;0;0;1413;0;0;88;0;60;0;
3235;982523;998244352;15151104;1092710400;0;0;0;0;0;0;0;0;0;0;0;1342;0;0;88;0;60;0;
3236;1064997;998244352;15151104;1092710400;0;0;0;0;0;0;0;0;0;0;0;1393;0;0;88;0;60;0;
3237;1078022;998244352;15151104;1092710400;0;0;0;0;0;0;0;0;0;0;0;1352;0;0;88;0;60;0;
3238;1341656;998244352;15151104;1092710400;0;0;0;0;0;0;0;0;0;0;0;1423;0;0;88;0;60;0;
3239;979617;998244352;15151104;1092710400;0;0;0;0;0;0;0;0;0;0;0;1393;0;0;88;0;60;0;
3240;1426295;998244352;15151104;1092710400;0;0;0;0;0;0;0;0;0;0;0;1482;0;0;88;0;60;0;
3241;985498;998244352;15151104;1092710400;0;0;0;0;0;0;0;0;0;0;0;1392;0;0;88;0;60;0;
3242;7238986;998244352;15151104;1092710400;0;0;0;0;0;0;0;0;0;0;0;1373;0;0;88;0;60;0;
3243;1143554;998244352;15151104;1092710400;0;0;0;0;0;0;0;0;0;0;0;1733;0;0;88;0;60;0;
3244;1435562;998244352;15151104;1092710400;0;0;0;0;0;0;0;0;0;0;0;1543;0;0;88;0;60;0;
3245;1192376;998244352;15151104;1092710400;0;0;0;0;0;0;0;0;0;0;0;1433;0;0;88;0;60;0;
3246;4334559;998244352;15151104;1092710400;0;0;0;0;0;0;0;0;0;0;0;2525;0;0;88;0;60;0;
3247;2761900;998244352;15151104;1092710400;0;0;0;0;0;0;0;0;0;0;0;2064;0;0;88;0;60;0;
3248;2216336;998244352;15151104;1092710400;0;0;0;0;0;0;0;0;0;0;0;4128;0;0;88;0;60;0;
3249;1666165;998244352;15151104;1092710400;0;0;0;0;0;0;0;0;0;0;0;1723;0;0;88;0;60;0;
3250;2693050;998244352;15151104;1092710400;0;0;0;0;0;0;0;0;0;0;0;1793;0;0;88;0;60;0;
3251;2163247;998244352;15151104;1092710400;0;0;0;0;0;0;0;0;0;0;0;2504;0;0;88;0;60;0;
3252;2419628;998244352;15151104;1092710400;0;0;0;0;0;0;0;0;0;0;0;1533;0;0;88;0;60;0;
3253;3215421;998244352;15151104;1092710400;0;0;0;0;0;0;0;0;0;0;0;1523;0;0;88;0;60;0;
3254;1805837;998244352;15151104;1092710400;0;0;0;0;0;0;0;0;0;0;0;2194;0;0;88;0;60;0;
3255;1435242;998244352;15151104;1092710400;0;0;0;0;0;0;0;0;0;0;0;1733;0;0;88;0;60;0;
3256;1248502;998244352;15151104;1092710400;0;0;0;0;0;0;0;0;0;0;0;1463;0;0;88;0;60;0;
3257;1999560;998244352;15151104;1092710400;0;0;0;0;0;0;0;0;0;0;0;1944;0;0;88;0;60;0;
3258;1465629;998244352;15151104;1092710400;0;0;0;0;0;0;0;0;0;0;0;1753;0;0;88;0;60;0;
3259;873098;998244352;15151104;1092710400;0;0;0;0;0;0;0;0;0;0;0;1683;0;0;88;0;60;0;
3260;1026726;998244352;15151104;1092710400;0;0;0;0;0;0;0;0;0;0;0;1924;0;0;88;0;60;0;
3261;1392862;998244352;15151104;1092710400;0;0;0;0;0;0;0;0;0;0;0;1763;0;0;88;0;60;0;
3262;885049;998244352;15151104;1092710400;0;0;0;0;0;0;0;0;0;0;0;1713;0;0;88;0;60;0;
3263;848181;998244352;15151104;1092710400;0;0;0;0;0;0;0;0;0;0;0;1382;0;0;88;0;60;0;
3264;811672;998244352;15151104;1092710400;0;0;0;0;0;0;0;0;0;0;0;1453;0;0;88;0;60;0;
3265;4047029;998244352;15151104;1092710400;0;0;0;0;0;0;0;0;0;0;0;1413;0;0;88;0;60;0;
3266;1890947;998244352;15151104;1092710400;0;0;0;0;0;0;0;0;0;0;0;1492;0;0;88;0;60;0;
3267;1164775;998244352;15151104;1092710400;0;0;0;0;0;0;0;0;0;0;0;1453;0;0;88;0;60;0;
3268;1673679;998244352;15151104;1092710400;0;0;0;0;0;0;0;0;0;0;0;1513;0;0;88;0;60;0;
3269;1206963;998244352;15151104;1092710400;0;0;0;0;0;0;0;0;0;0;0;1422;0;0;88;0;60;0;
3270;1067852;998244352;15151104;1092710400;0;0;0;0;0;0;0;0;0;0;0;1403;0;0;88;0;60;0;
3271;1158412;998313984;15147008;1092706304;0;0;0;0;0;0;0;0;0;0;0;1493;0;0;88;0;60;0;
3272;1462303;998313984;15147008;1092706304;0;0;0;0;0;0;0;0;0;0;0;1333;0;0;88;0;60;0;
3273;1371202;998313984;15147008;1092706304;0;0;0;0;0;0;0;0;0;0;0;1353;0;0;88;0;60;0;
3274;1353308;998313984;15147008;1092706304;0;0;0;0;0;0;0;0;0;0;0;1322;0;0;88;0;60;0;
3275;1310026;998313984;15147008;1092706304;0;0;0;0;0;0;0;0;0;0;0;1363;0;0;88;0;60;0;
3276;912932;998313984;15147008;1092706304;0;0;0;0;0;0;0;0;0;0;0;1372;0;0;88;0;60;0;
3277;1109410;998313984;15147008;1092706304;0;0;0;0;0;0;0;0;0;0;0;1423;0;0;88;0;60;0;
3278;1577128;998313984;15147008;1092706304;0;0;0;0;0;0;0;0;0;0;0;1362;0;0;88;0;60;0;
3279;793779;998313984;15147008;1092706304;0;0;0;0;0;0;0;0;0;0;0;1402;0;0;88;0;60;0;
3280;768271;998313984;15147008;1092706304;0;0;0;0;0;0;0;0;0;0;0;1403;0;0;88;0;60;0;
3281;1360512;998313984;15147008;1092706304;0;0;0;0;0;0;0;0;0;0;0;1383;0;0;88;0;60;0;
3282;4522542;998313984;15147008;1092706304;0;0;0;0;0;0;0;0;0;0;0;1673;0;0;88;0;60;0;
3283;2561714;998313984;15147008;1092706304;0;0;0;0;0;0;0;0;0;0;0;1513;0;0;88;0;60;0;
3284;1456662;998313984;15147008;1092706304;0;0;0;0;0;0;0;0;0;0;0;1433;0;0;88;0;60;0;
3285;1052464;998313984;15147008;1092706304;0;0;0;0;0;0;0;0;0;0;0;1403;0;0;88;0;60;0;
3286;1862403;998313984;15147008;1092706304;0;0;0;0;0;0;0;0;0;0;0;1372;0;0;88;0;60;0;
3287;1023810;998313984;15147008;1092706304;0;0;0;0;0;0;0;0;0;0;0;1373;0;0;88;0;60;0;
3288;1765300;998313984;15147008;1092706304;0;0;0;0;0;0;0;0;0;0;0;1473;0;0;88;0;60;0;
3289;1560587;998313984;15147008;1092706304;0;0;0;0;0;0;0;0;0;0;0;1402;0;0;88;0;60;0;
3290;1628684;998313984;15147008;1092706304;0;0;0;0;0;0;0;0;0;0;0;1393;0;0;88;0;60;0;
3291;1073674;998313984;15147008;1092706304;0;0;0;0;0;0;0;0;0;0;0;1422;0;0;88;0;60;0;
3292;1269360;998313984;15147008;1092706304;0;0;0;0;0;0;0;0;0;0;0;1443;0;0;88;0;60;0;
3293;1625659;998313984;15147008;1092706304;0;0;0;0;0;0;0;0;0;0;0;1583;0;0;88;0;60;0;
3294;1515713;998313984;15147008;1092706304;0;0;0;0;0;0;0;0;0;0;0;1373;0;0;88;0;60;0;
3295;1103049;998313984;15147008;1092706304;0;0;0;0;0;0;0;0;0;0;0;1393;0;0;88;0;60;0;
3296;1394235;998313984;15147008;1092706304;0;0;0;0;0;0;0;0;0;0;0;1543;0;0;88;0;60;0;
3297;1098911;998313984;15147008;1092706304;0;0;0;0;0;0;0;0;0;0;0;1432;0;0;88;0;60;0;
3298;1495906;998313984;15147008;1092706304;0;0;0;0;0;0;0;0;0;0;0;1513;0;0;88;0;60;0;
3299;1039349;998313984;15147008;1092706304;0;0;0;0;0;0;0;0;0;0;0;1763;0;0;88;0;60;0;
3300;4449655;998313984;15147008;1092706304;0;0;0;0;0;0;0;0;0;0;0;1432;0;0;88;0;60;0;
3301;2021130;998313984;15151104;1092710400;0;0;0;0;0;0;0;0;0;0;0;1673;0;0;88;0;60;0;
3302;1101546;998313984;15151104;1092710400;0;0;0;0;0;0;0;0;0;0;0;1463;0;0;88;0;60;0;
3303;1504371;998313984;15151104;1092710400;0;0;0;0;0;0;0;0;0;0;0;1473;0;0;88;0;60;0;
3304;728516;998313984;15151104;1092710400;0;0;0;0;0;0;0;0;0;0;0;1523;0;0;88;0;60;0;
3305;1287314;998313984;15151104;1092710400;0;0;0;0;0;0;0;0;0;0;0;1423;0;0;88;0;60;0;
3306;1303725;998313984;15151104;1092710400;0;0;0;0;0;0;0;0;0;0;0;1362;0;0;88;0;60;0;
3307;940985;998313984;15151104;1092710400;0;0;0;0;0;0;0;0;0;0;0;1713;0;0;88;0;60;0;
3308;1155908;998313984;15151104;1092710400;0;0;0;0;0;0;0;0;0;0;0;1573;0;0;88;0;60;0;
3309;1184802;998313984;15151104;1092710400;0;0;0;0;0;0;0;0;0;0;0;1673;0;0;88;0;60;0;
3310;1077952;998313984;15151104;1092710400;0;0;0;0;0;0;0;0;0;0;0;1433;0;0;88;0;60;0;
3311;1184211;998313984;15151104;1092710400;0;0;0;0;0;0;0;0;0;0;0;1423;0;0;88;0;60;0;
3312;4252585;998313984;15151104;1092710400;0;0;0;0;0;0;0;0;0;0;0;1583;0;0;88;0;60;0;
3313;1806939;998313984;15151104;1092710400;0;0;0;0;0;0;0;0;0;0;0;1423;0;0;88;0;60;0;
3314;1168462;998313984;15151104;1092710400;0;0;0;0;0;0;0;0;0;0;0;1383;0;0;88;0;60;0;
3315;1939447;998313984;15151104;1092710400;0;0;0;0;0;0;0;0;0;0;0;1433;0;0;88;0;60;0;
3316;1176957;998313984;15151104;1092710400;0;0;0;0;0;0;0;0;0;0;0;1453;0;0;88;0;60;0;
3317;902703;998313984;15151104;1092710400;0;0;0;0;0;0;0;0;0;0;0;1373;0;0;88;0;60;0;
3318;1353698;998313984;15151104;1092710400;0;0;0;0;0;0;0;0;0;0;0;1402;0;0;88;0;60;0;
3319;1468915;998313984;15151104;1092710400;0;0;0;0;0;0;0;0;0;0;0;1362;0;0;88;0;60;0;
3320;1342849;998313984;15151104;1092710400;0;0;0;0;0;0;0;0;0;0;0;3657;0;0;88;0;60;0;
3321;1492089;998313984;15151104;1092710400;0;0;0;0;0;0;0;0;0;0;0;1633;0;0;88;0;60;0;
3322;898204;998313984;15151104;1092710400;0;0;0;0;0;0;0;0;0;0;0;1433;0;0;88;0;60;0;
3323;1007038;998313984;15151104;1092710400;0;0;0;0;0;0;0;0;0;0;0;1443;0;0;88;0;60;0;
3324;4269848;998313984;15151104;1092710400;0;0;0;0;0;0;0;0;0;0;0;1653;0;0;88;0;60;0;
3325;1298816;998313984;15151104;1092710400;0;0;0;0;0;0;0;0;0;0;0;1342;0;0;88;0;60;0;
3326;1235317;998313984;15151104;1092710400;0;0;0;0;0;0;0;0;0;0;0;1443;0;0;88;0;60;0;
3327;1319254;998313984;15151104;1092710400;0;0;0;0;0;0;0;0;0;0;0;1433;0;0;88;0;60;0;
3328;1262819;998313984;15151104;1092710400;0;0;0;0;0;0;0;0;0;0;0;1403;0;0;88;0;60;0;
3329;1158483;998313984;15151104;1092710400;0;0;0;0;0;0;0;0;0;0;0;1412;0;0;88;0;60;0;
3330;1457363;998313984;15151104;1092710400;0;0;0;0;0;0;0;0;0;0;0;1423;0;0;88;0;60;0;
3331;1833258;998313984;15151104;1092710400;0;0;0;0;0;0;0;0;0;0;0;1433;0;0;88;0;60;0;
3332;1389245;998313984;15151104;1092710400;0;0;0;0;0;0;0;0;0;0;0;1623;0;0;88;0;60;0;
3333;1749551;995033088;11866112;1089425408;0;0;0;0;0;0;0;0;0;0;0;1443;0;0;88;0;60;0;
3334;1287475;995033088;11866112;1089425408;0;0;0;0;0;0;0;0;0;0;0;1383;0;0;88;0;60;0;
3335;1062934;995033088;11866112;1089425408;0;0;0;0;0;0;0;0;0;0;0;1503;0;0;88;0;60;0;
3336;4507564;995033088;11866112;1089425408;0;0;0;0;0;0;0;0;0;0;0;1432;0;0;88;0;60;0;
3337;965551;995033088;11866112;1089425408;0;0;0;0;0;0;0;0;0;0;0;1383;0;0;88;0;60;0;
3338;1625097;995033088;11866112;1089425408;0;0;0;0;0;0;0;0;0;0;0;1533;0;0;88;0;60;0;
3339;1494703;995033088;11866112;1089425408;0;0;0;0;0;0;0;0;0;0;0;1423;0;0;88;0;60;0;
3340;1408431;995033088;11866112;1089425408;0;0;0;0;0;0;0;0;0;0;0;1563;0;0;88;0;60;0;
3341;1402340;995033088;11866112;1089425408;0;0;0;0;0;0;0;0;0;0;0;1413;0;0;88;0;60;0;
3342;1247389;995033088;11866112;1089425408;0;0;0;0;0;0;0;0;0;0;0;1353;0;0;88;0;60;0;
3343;1481699;995033088;11866112;1089425408;0;0;0;0;0;0;0;0;0;0;0;1412;0;0;88;0;60;0;
3344;1358387;995033088;11866112;1089425408;0;0;0;0;0;0;0;0;0;0;0;1413;0;0;88;0;60;0;
3345;986440;995033088;11866112;1089425408;0;0;0;0;0;0;0;0;0;0;0;1483;0;0;88;0;60;0;
3346;1013069;995033088;11866112;1089425408;0;0;0;0;0;0;0;0;0;0;0;1463;0;0;88;0;60;0;
3347;1535058;995033088;11866112;1089425408;0;0;0;0;0;0;0;0;0;0;0;1533;0;0;88;0;60;0;
3348;5186116;995033088;11866112;1089425408;0;0;0;0;0;0;0;0;0;0;0;1543;0;0;88;0;60;0;
3349;2168106;995569664;15147008;1092706304;0;0;0;0;0;0;0;0;0;0;0;1462;0;0;88;0;60;0;
3350;1130851;996110336;15147008;1092706304;0;0;0;0;0;0;0;0;0;0;0;1433;0;0;88;0;60;0;
3351;2129203;996651008;15147008;1092706304;0;0;0;0;0;0;0;0;0;0;0;1493;0;0;88;0;60;0;
3352;1172428;996651008;15147008;1092706304;0;0;0;0;0;0;0;0;0;0;0;1523;0;0;88;0;60;0;
3353;942457;996651008;15147008;1092706304;0;0;0;0;0;0;0;0;0;0;0;1433;0;0;88;0;60;0;
3354;1520150;997191680;15147008;1092706304;0;0;0;0;0;0;0;0;0;0;0;1382;0;0;88;0;60;0;
3355;1930310;997732352;15147008;1092706304;0;0;0;0;0;0;0;0;0;0;0;1422;0;0;88;0;60;0;
3356;1218645;997732352;15147008;1092706304;0;0;0;0;0;0;0;0;0;0;0;1452;0;0;88;0;60;0;
3357;1820484;997732352;15147008;1092706304;0;0;0;0;0;0;0;0;0;0;0;1543;0;0;88;0;60;0;
3358;1292493;997732352;15147008;1092706304;0;0;0;0;0;0;0;0;0;0;0;1593;0;0;88;0;60;0;
3359;965240;997732352;15147008;1092706304;0;0;0;0;0;0;0;0;0;0;0;1463;0;0;88;0;60;0;
3360;4425229;997732352;15151104;1092710400;0;0;0;0;0;0;0;0;0;0;0;1573;0;0;88;0;60;0;
3361;1924780;997732352;15159296;1092718592;0;0;0;0;0;0;0;0;0;0;0;1412;0;0;88;0;60;0;
3362;1148935;997732352;15159296;1092718592;0;0;0;0;0;0;0;0;0;0;0;1573;0;0;88;0;60;0;
3363;1723612;997732352;15159296;1092718592;0;0;0;0;0;0;0;0;0;0;0;1463;0;0;88;0;60;0;
3364;1866781;997732352;15159296;1092718592;0;0;0;0;0;0;0;0;0;0;0;1463;0;0;88;0;60;0;
3365;1484454;997732352;15159296;1092718592;0;0;0;0;0;0;0;0;0;0;0;1372;0;0;88;0;60;0;
3366;1782884;997732352;15159296;1092718592;0;0;0;0;0;0;0;0;0;0;0;1643;0;0;88;0;60;0;
3367;1177068;997732352;15159296;1092718592;0;0;0;0;0;0;0;0;0;0;0;1633;0;0;88;0;60;0;
3368;1404394;997732352;15159296;1092718592;0;0;0;0;0;0;0;0;0;0;0;1443;0;0;88;0;60;0;
3369;1584412;997732352;15159296;1092718592;0;0;0;0;0;0;0;0;0;0;0;1603;0;0;88;0;60;0;
3370;1397360;997732352;15159296;1092718592;0;0;0;0;0;0;0;0;0;0;0;1483;0;0;88;0;60;0;
3371;1058455;997732352;15159296;1092718592;0;0;0;0;0;0;0;0;0;0;0;1352;0;0;88;0;60;0;
3372;4658106;997732352;15159296;1092718592;0;0;0;0;0;0;0;0;0;0;0;1483;0;0;88;0;60;0;
3373;2038844;997732352;15163392;1092722688;0;0;0;0;0;0;0;0;0;0;0;1413;0;0;88;0;60;0;
3374;1281634;997732352;15163392;1092722688;0;0;0;0;0;0;0;0;0;0;0;1562;0;0;88;0;60;0;
3375;1562981;997732352;15163392;1092722688;0;0;0;0;0;0;0;0;0;0;0;1473;0;0;88;0;60;0;
3376;1163492;997732352;15163392;1092722688;0;0;0;0;0;0;0;0;0;0;0;1593;0;0;88;0;60;0;
3377;977583;997732352;15163392;1092722688;0;0;0;0;0;0;0;0;0;0;0;1593;0;0;88;0;60;0;
3378;1507217;997732352;15163392;1092722688;0;0;0;0;0;0;0;0;0;0;0;1353;0;0;88;0;60;0;
3379;1132875;997732352;15163392;1092722688;0;0;0;0;0;0;0;0;0;0;0;1463;0;0;88;0;60;0;
3380;1209168;997732352;15163392;1092722688;0;0;0;0;0;0;0;0;0;0;0;1393;0;0;88;0;60;0;
3381;1761794;995049472;11882496;1089441792;0;0;0;0;0;0;0;0;0;0;0;1493;0;0;88;0;60;0;
3382;1375720;995049472;11882496;1089441792;0;0;0;0;0;0;0;0;0;0;0;1412;0;0;88;0;60;0;
3383;1462192;995049472;11882496;1089441792;0;0;0;0;0;0;0;0;0;0;0;1392;0;0;88;0;60;0;
3384;5032007;995049472;11882496;1089441792;0;0;0;0;0;0;0;0;0;0;0;1733;0;0;88;0;60;0;
3385;1191975;995049472;11882496;1089441792;0;0;0;0;0;0;0;0;0;0;0;1483;0;0;88;0;60;0;
3386;1170325;995049472;11882496;1089441792;0;0;0;0;0;0;0;0;0;0;0;1553;0;0;88;0;60;0;
3387;1457483;995049472;11882496;1089441792;0;0;0;0;0;0;0;0;0;0;0;1402;0;0;88;0;60;0;
3388;1378255;995049472;11882496;1089441792;0;0;0;0;0;0;0;0;0;0;0;1403;0;0;88;0;60;0;
3389;1461781;995049472;11882496;1089441792;0;0;0;0;0;0;0;0;0;0;0;1432;0;0;88;0;60;0;
3390;1298946;995049472;11882496;1089441792;0;0;0;0;0;0;0;0;0;0;0;1473;0;0;88;0;60;0;
3391;1018450;995049472;11882496;1089441792;0;0;0;0;0;0;0;0;0;0;0;1363;0;0;88;0;60;0;
3392;1234906;995049472;11882496;1089441792;0;0;0;0;0;0;0;0;0;0;0;1352;0;0;88;0;60;0;
3393;1833238;995041280;11874304;1089433600;0;0;0;0;0;0;0;0;0;0;0;1463;0;0;88;0;60;0;
3394;925846;995041280;11874304;1089433600;0;0;0;0;0;0;0;0;0;0;0;1363;0;0;88;0;60;0;
3395;925335;995041280;11874304;1089433600;0;0;0;0;0;0;0;0;0;0;0;1523;0;0;88;0;60;0;
3396;4401254;995041280;11874304;1089433600;0;0;0;0;0;0;0;0;0;0;0;1664;0;0;88;0;60;0;
3397;959780;995577856;15155200;1092714496;0;0;0;0;0;0;0;0;0;0;0;1382;0;0;88;0;60;0;
3398;1197075;996118528;15155200;1092714496;0;0;0;0;0;0;0;0;0;0;0;1413;0;0;88;0;60;0;
3399;1518097;996659200;15155200;1092714496;0;0;0;0;0;0;0;0;0;0;0;1382;0;0;88;0;60;0;
3400;966393;996659200;15155200;1092714496;0;0;0;0;0;0;0;0;0;0;0;1814;0;0;88;0;60;0;
3401;795683;996659200;15155200;1092714496;0;0;0;0;0;0;0;0;0;0;0;1954;0;0;88;0;60;0;
3402;1407800;997199872;15155200;1092714496;0;0;0;0;0;0;0;0;0;0;0;1423;0;0;88;0;60;0;
3403;1466280;997740544;15155200;1092714496;0;0;0;0;0;0;0;0;0;0;0;1423;0;0;88;0;60;0;
3404;855635;997740544;15155200;1092714496;0;0;0;0;0;0;0;0;0;0;0;1433;0;0;88;0;60;0;
3405;997932;997888000;15147008;1092706304;0;0;0;0;0;0;0;0;0;0;0;1353;0;0;88;0;60;0;
3406;845175;997888000;15147008;1092706304;0;0;0;0;0;0;0;0;0;0;0;1473;0;0;88;0;60;0;
3407;746710;997888000;15147008;1092706304;0;0;0;0;0;0;0;0;0;0;0;1483;0;0;88;0;60;0;
3408;4239711;997888000;15147008;1092706304;0;0;0;0;0;0;0;0;0;0;0;1483;0;0;88;0;60;0;
3409;1517185;997888000;15147008;1092706304;0;0;0;0;0;0;0;0;0;0;0;1453;0;0;88;0;60;0;
3410;1217183;997888000;15147008;1092706304;0;0;0;0;0;0;0;0;0;0;0;1563;0;0;88;0;60;0;
3411;1695540;997888000;15147008;1092706304;0;0;0;0;0;0;0;0;0;0;0;1413;0;0;88;0;60;0;
3412;1233714;997888000;15147008;1092706304;0;0;0;0;0;0;0;0;0;0;0;1392;0;0;88;0;60;0;
3413;1184191;997888000;15147008;1092706304;0;0;0;0;0;0;0;0;0;0;0;1523;0;0;88;0;60;0;
3414;1775660;997888000;15147008;1092706304;0;0;0;0;0;0;0;0;0;0;0;1452;0;0;88;0;60;0;
3415;1032707;997888000;15147008;1092706304;0;0;0;0;0;0;0;0;0;0;0;1443;0;0;88;0;60;0;
3416;909295;997888000;15147008;1092706304;0;0;0;0;0;0;0;0;0;0;0;1473;0;0;88;0;60;0;
3417;1022177;997888000;15147008;1092706304;0;0;0;0;0;0;0;0;0;0;0;1372;0;0;88;0;60;0;
3418;941556;997888000;15147008;1092706304;0;0;0;0;0;0;0;0;0;0;0;1352;0;0;88;0;60;0;
3419;846157;997888000;15147008;1092706304;0;0;0;0;0;0;0;0;0;0;0;1333;0;0;88;0;60;0;
3420;4671241;997888000;15147008;1092706304;0;0;0;0;0;0;0;0;0;0;0;1502;0;0;88;0;60;0;
3421;1226871;997888000;15147008;1092706304;0;0;0;0;0;0;0;0;0;0;0;1442;0;0;88;0;60;0;
3422;1512957;997888000;15147008;1092706304;0;0;0;0;0;0;0;0;0;0;0;1383;0;0;88;0;60;0;
3423;1861160;997888000;15147008;1092706304;0;0;0;0;0;0;0;0;0;0;0;1412;0;0;88;0;60;0;
3424;1067061;997888000;15147008;1092706304;0;0;0;0;0;0;0;0;0;0;0;1372;0;0;88;0;60;0;
3425;1489373;997888000;15147008;1092706304;0;0;0;0;0;0;0;0;0;0;0;1162;0;0;88;0;60;0;
3426;1817518;997888000;15147008;1092706304;0;0;0;0;0;0;0;0;0;0;0;1453;0;0;88;0;60;0;
3427;1130440;997888000;15147008;1092706304;0;0;0;0;0;0;0;0;0;0;0;1443;0;0;88;0;60;0;
3428;920446;997888000;15147008;1092706304;0;0;0;0;0;0;0;0;0;0;0;1673;0;0;88;0;60;0;
3429;1866090;995033088;11866112;1089425408;0;0;0;0;0;0;0;0;0;0;0;1253;0;0;88;0;60;0;
3430;957816;995033088;11866112;1089425408;0;0;0;0;0;0;0;0;0;0;0;1462;0;0;88;0;60;0;
3431;1251687;995033088;11866112;1089425408;0;0;0;0;0;0;0;0;0;0;0;1423;0;0;88;0;60;0;
3432;4266491;995033088;11870208;1089429504;0;0;0;0;0;0;0;0;0;0;0;76934;0;0;88;0;60;0;
3433;1986285;995033088;11878400;1089437696;0;0;0;0;0;0;0;0;0;0;0;1894;0;0;88;0;60;0;
3434;1428749;995033088;11878400;1089437696;0;0;0;0;0;0;0;0;0;0;0;1573;0;0;88;0;60;0;
3435;1833579;995033088;11878400;1089437696;0;0;0;0;0;0;0;0;0;0;0;1543;0;0;88;0;60;0;
3436;1622863;995033088;11878400;1089437696;0;0;0;0;0;0;0;0;0;0;0;1553;0;0;88;0;60;0;
3437;1344352;995033088;11878400;1089437696;0;0;0;0;0;0;0;0;0;0;0;1492;0;0;88;0;60;0;
3438;1538165;995033088;11878400;1089437696;0;0;0;0;0;0;0;0;0;0;0;1423;0;0;88;0;60;0;
3439;1180604;995033088;11878400;1089437696;0;0;0;0;0;0;0;0;0;0;0;1442;0;0;88;0;60;0;
3440;953488;995033088;11878400;1089437696;0;0;0;0;0;0;0;0;0;0;0;1413;0;0;88;0;60;0;
3441;1480777;995033088;11878400;1089437696;0;0;0;0;0;0;0;0;0;0;0;1423;0;0;88;0;60;0;
3442;1232331;995033088;11878400;1089437696;0;0;0;0;0;0;0;0;0;0;0;1413;0;0;88;0;60;0;
3443;1076358;995033088;11878400;1089437696;0;0;0;0;0;0;0;0;0;0;0;1653;0;0;88;0;60;0;
3444;4838003;995033088;11878400;1089437696;0;0;0;0;0;0;0;0;0;0;0;2445;0;0;88;0;60;0;
3445;4048112;995569664;15167488;1092726784;0;0;0;0;0;0;0;0;0;0;0;1714;0;0;88;0;60;0;
3446;3011478;996110336;15167488;1092726784;0;0;0;0;0;0;0;0;0;0;0;6533;0;0;88;0;60;0;
3447;1703705;996651008;15167488;1092726784;0;0;0;0;0;0;0;0;0;0;0;2385;0;0;88;0;60;0;
3448;1947602;997191680;15167488;1092726784;0;0;0;0;0;0;0;0;0;0;0;1583;0;0;88;0;60;0;
3449;1214928;997732352;15167488;1092726784;0;0;0;0;0;0;0;0;0;0;0;1423;0;0;88;0;60;0;
3450;1798242;997732352;15167488;1092726784;0;0;0;0;0;0;0;0;0;0;0;1783;0;0;88;0;60;0;
3451;2481815;997732352;15167488;1092726784;0;0;0;0;0;0;0;0;0;0;0;1393;0;0;88;0;60;0;
3452;1928737;997732352;15167488;1092726784;0;0;0;0;0;0;0;0;0;0;0;1542;0;0;88;0;60;0;
3453;1250786;997732352;15167488;1092726784;0;0;0;0;0;0;0;0;0;0;0;1984;0;0;88;0;60;0;
3454;3820114;997732352;15167488;1092726784;0;0;0;0;0;0;0;0;0;0;0;4378;0;0;88;0;60;0;
3455;2352231;997732352;15167488;1092726784;0;0;0;0;0;0;0;0;0;0;0;2385;0;0;88;0;60;0;
3456;1667387;997732352;15167488;1092726784;0;0;0;0;0;0;0;0;0;0;0;1783;0;0;88;0;60;0;
3457;4785795;997732352;15167488;1092726784;0;0;0;0;0;0;0;0;0;0;0;1924;0;0;88;0;60;0;
3458;4006294;997732352;15167488;1092726784;0;0;0;0;0;0;0;0;0;0;0;2084;0;0;88;0;60;0;
3459;2314170;997732352;15167488;1092726784;0;0;0;0;0;0;0;0;0;0;0;2916;0;0;88;0;60;0;
3460;1360030;997732352;15167488;1092726784;0;0;0;0;0;0;0;0;0;0;0;1563;0;0;88;0;60;0;
3461;2279415;997732352;15167488;1092726784;0;0;0;0;0;0;0;0;0;0;0;1903;0;0;88;0;60;0;
3462;1387031;997732352;15167488;1092726784;0;0;0;0;0;0;0;0;0;0;0;2495;0;0;88;0;60;0;
3463;974648;997732352;15167488;1092726784;0;0;0;0;0;0;0;0;0;0;0;1523;0;0;88;0;60;0;
3464;1305599;997732352;15167488;1092726784;0;0;0;0;0;0;0;0;0;0;0;1773;0;0;88;0;60;0;
3465;1387322;997732352;15167488;1092726784;0;0;0;0;0;0;0;0;0;0;0;1553;0;0;88;0;60;0;
3466;1529518;997732352;15167488;1092726784;0;0;0;0;0;0;0;0;0;0;0;2134;0;0;88;0;60;0;
3467;2531648;997937152;15159296;1092718592;0;0;0;0;0;0;0;0;0;0;0;1473;0;0;88;0;60;0;
3468;1207955;997937152;15159296;1092718592;0;0;0;0;0;0;0;0;0;0;0;1833;0;0;88;0;60;0;
3469;1037556;997937152;15159296;1092718592;0;0;0;0;0;0;0;0;0;0;0;1513;0;0;88;0;60;0;
3470;4391495;997937152;15159296;1092718592;0;0;0;0;0;0;0;0;0;0;0;2344;0;0;88;0;60;0;
3471;2070392;997937152;15159296;1092718592;0;0;0;0;0;0;0;0;0;0;0;2074;0;0;88;0;60;0;
3472;2039916;997937152;15159296;1092718592;0;0;0;0;0;0;0;0;0;0;0;1833;0;0;88;0;60;0;
3473;2056015;997937152;15159296;1092718592;0;0;0;0;0;0;0;0;0;0;0;1413;0;0;88;0;60;0;
3474;1559685;997937152;15159296;1092718592;0;0;0;0;0;0;0;0;0;0;0;1643;0;0;88;0;60;0;
3475;1349050;997937152;15159296;1092718592;0;0;0;0;0;0;0;0;0;0;0;1422;0;0;88;0;60;0;
3476;2055735;997937152;15159296;1092718592;0;0;0;0;0;0;0;0;0;0;0;1813;0;0;88;0;60;0;
3477;1656126;997937152;15159296;1092718592;0;0;0;0;0;0;0;0;0;0;0;2114;0;0;88;0;60;0;
3478;1575014;997937152;15159296;1092718592;0;0;0;0;0;0;0;0;0;0;0;1543;0;0;88;0;60;0;
3479;1546671;997937152;15159296;1092718592;0;0;0;0;0;0;0;0;0;0;0;1734;0;0;88;0;60;0;
3480;1768567;997937152;15159296;1092718592;0;0;0;0;0;0;0;0;0;0;0;58790;0;0;88;0;60;0;
3481;1586966;997937152;15159296;1092718592;0;0;0;0;0;0;0;0;0;0;0;1883;0;0;88;0;60;0;
3482;4671802;997937152;15159296;1092718592;0;0;0;0;0;0;0;0;0;0;0;2334;0;0;88;0;60;0;
3483;1889513;997937152;15167488;1092726784;0;0;0;0;0;0;0;0;0;0;0;1583;0;0;88;0;60;0;
3484;1460389;997937152;15167488;1092726784;0;0;0;0;0;0;0;0;0;0;0;1613;0;0;88;0;60;0;
3485;1280351;997937152;15167488;1092726784;0;0;0;0;0;0;0;0;0;0;0;61505;0;0;88;0;60;0;
3486;1770861;997937152;15167488;1092726784;0;0;0;0;0;0;0;0;0;0;0;1323;0;0;88;0;60;0;
3487;2129854;997937152;15167488;1092726784;0;0;0;0;0;0;0;0;0;0;0;1863;0;0;88;0;60;0;
3488;959259;997937152;15167488;1092726784;0;0;0;0;0;0;0;0;0;0;0;1933;0;0;88;0;60;0;
3489;2182903;997937152;15167488;1092726784;0;0;0;0;0;0;0;0;0;0;0;1493;0;0;88;0;60;0;
3490;2044354;997937152;15167488;1092726784;0;0;0;0;0;0;0;0;0;0;0;2545;0;0;88;0;60;0;
3491;1277465;997937152;15167488;1092726784;0;0;0;0;0;0;0;0;0;0;0;2415;0;0;88;0;60;0;
3492;2971863;997937152;15167488;1092726784;0;0;0;0;0;0;0;0;0;0;0;2234;0;0;88;0;60;0;
3493;1850922;997937152;15167488;1092726784;0;0;0;0;0;0;0;0;0;0;0;1994;0;0;88;0;60;0;
3494;1122184;997937152;15167488;1092726784;0;0;0;0;0;0;0;0;0;0;0;1533;0;0;88;0;60;0;
3495;5182670;997937152;15167488;1092726784;0;0;0;0;0;0;0;0;0;0;0;2725;0;0;88;0;60;0;
3496;2623611;997937152;15167488;1092726784;0;0;0;0;0;0;0;0;0;0;0;2104;0;0;88;0;60;0;
3497;1777283;997937152;15167488;1092726784;0;0;0;0;0;0;0;0;0;0;0;2374;0;0;88;0;60;0;
3498;2201579;997937152;15167488;1092726784;0;0;0;0;0;0;0;0;0;0;0;2384;0;0;88;0;60;0;
3499;1949797;997937152;15167488;1092726784;0;0;0;0;0;0;0;0;0;0;0;1693;0;0;88;0;60;0;
3500;923852;997937152;15167488;1092726784;0;0;0;0;0;0;0;0;0;0;0;1723;0;0;88;0;60;0;
3501;958989;997937152;15167488;1092726784;0;0;0;0;0;0;0;0;0;0;0;1523;0;0;88;0;60;0;
3502;1160236;997937152;15167488;1092726784;0;0;0;0;0;0;0;0;0;0;0;1383;0;0;88;0;60;0;
3503;1320106;997937152;15167488;1092726784;0;0;0;0;0;0;0;0;0;0;0;1403;0;0;88;0;60;0;
3504;1416507;997937152;15167488;1092726784;0;0;0;0;0;0;0;0;0;0;0;1533;0;0;88;0;60;0;
3505;2043843;997982208;15159296;1092718592;0;0;0;0;0;0;0;0;0;0;0;2103;0;0;88;0;60;0;
3506;1236439;997982208;15159296;1092718592;0;0;0;0;0;0;0;0;0;0;0;1683;0;0;88;0;60;0;
3507;1528226;997982208;15159296;1092718592;0;0;0;0;0;0;0;0;0;0;0;1703;0;0;88;0;60;0;
3508;6297831;997982208;15159296;1092718592;0;0;0;0;0;0;0;0;0;0;0;4178;0;0;88;0;60;0;
3509;2967255;997982208;15159296;1092718592;0;0;0;0;0;0;0;0;0;0;0;1984;0;0;88;0;60;0;
3510;1486819;997982208;15159296;1092718592;0;0;0;0;0;0;0;0;0;0;0;1874;0;0;88;0;60;0;
3511;2036229;997982208;15159296;1092718592;0;0;0;0;0;0;0;0;0;0;0;1523;0;0;88;0;60;0;
3512;3145670;997982208;15159296;1092718592;0;0;0;0;0;0;0;0;0;0;0;1503;0;0;88;0;60;0;
3513;1954295;997982208;15159296;1092718592;0;0;0;0;0;0;0;0;0;0;0;2064;0;0;88;0;60;0;
3514;2214473;997982208;15159296;1092718592;0;0;0;0;0;0;0;0;0;0;0;1603;0;0;88;0;60;0;
3515;3589552;997982208;15159296;1092718592;0;0;0;0;0;0;0;0;0;0;0;1613;0;0;88;0;60;0;
3516;1428098;997982208;15159296;1092718592;0;0;0;0;0;0;0;0;0;0;0;1363;0;0;88;0;60;0;
3517;1803593;997982208;15159296;1092718592;0;0;0;0;0;0;0;0;0;0;0;1433;0;0;88;0;60;0;
3518;1607084;997982208;15159296;1092718592;0;0;0;0;0;0;0;0;0;0;0;1513;0;0;88;0;60;0;
3519;2347312;997982208;15159296;1092718592;0;0;0;0;0;0;0;0;0;0;0;1653;0;0;88;0;60;0;
3520;2459883;997982208;15159296;1092718592;0;0;0;0;0;0;0;0;0;0;0;1563;0;0;88;0;60;0;
3521;6140025;997982208;15159296;1092718592;0;0;0;0;0;0;0;0;0;0;0;6042;0;0;88;0;60;0;
3522;4292480;997982208;15159296;1092718592;0;0;0;0;0;0;0;0;0;0;0;1543;0;0;88;0;60;0;
3523;1412860;997982208;15159296;1092718592;0;0;0;0;0;0;0;0;0;0;0;1402;0;0;88;0;60;0;
3524;1218074;997982208;15159296;1092718592;0;0;0;0;0;0;0;0;0;0;0;1353;0;0;88;0;60;0;
3525;2809549;997982208;15159296;1092718592;0;0;0;0;0;0;0;0;0;0;0;1483;0;0;88;0;60;0;
3526;2465574;997982208;15159296;1092718592;0;0;0;0;0;0;0;0;0;0;0;1673;0;0;88;0;60;0;
3527;1254623;997982208;15159296;1092718592;0;0;0;0;0;0;0;0;0;0;0;1563;0;0;88;0;60;0;
3528;3217634;997982208;15159296;1092718592;0;0;0;0;0;0;0;0;0;0;0;1363;0;0;88;0;60;0;
3529;1646458;997982208;15159296;1092718592;0;0;0;0;0;0;0;0;0;0;0;1412;0;0;88;0;60;0;
3530;2390103;997982208;15159296;1092718592;0;0;0;0;0;0;0;0;0;0;0;1452;0;0;88;0;60;0;
3531;2005220;997982208;15159296;1092718592;0;0;0;0;0;0;0;0;0;0;0;1442;0;0;88;0;60;0;
3532;2645992;997982208;15159296;1092718592;0;0;0;0;0;0;0;0;0;0;0;1633;0;0;88;0;60;0;
3533;2071434;997982208;15159296;1092718592;0;0;0;0;0;0;0;0;0;0;0;1423;0;0;88;0;60;0;
3534;4882517;997982208;15159296;1092718592;0;0;0;0;0;0;0;0;0;0;0;2034;0;0;88;0;60;0;
3535;3171387;997982208;15159296;1092718592;0;0;0;0;0;0;0;0;0;0;0;1383;0;0;88;0;60;0;
3536;2449073;997982208;15159296;1092718592;0;0;0;0;0;0;0;0;0;0;0;1633;0;0;88;0;60;0;
3537;1325716;997982208;15159296;1092718592;0;0;0;0;0;0;0;0;0;0;0;1443;0;0;88;0;60;0;
3538;2772430;997982208;15159296;1092718592;0;0;0;0;0;0;0;0;0;0;0;1363;0;0;88;0;60;0;
3539;1515392;997982208;15159296;1092718592;0;0;0;0;0;0;0;0;0;0;0;1482;0;0;88;0;60;0;
3540;2421041;997982208;15159296;1092718592;0;0;0;0;0;0;0;0;0;0;0;1543;0;0;88;0;60;0;
3541;2277901;997982208;15159296;1092718592;0;0;0;0;0;0;0;0;0;0;0;1403;0;0;88;0;60;0;
3542;2301225;997982208;15159296;1092718592;0;0;0;0;0;0;0;0;0;0;0;1644;0;0;88;0;60;0;
3543;1716780;997982208;15159296;1092718592;0;0;0;0;0;0;0;0;0;0;0;1393;0;0;88;0;60;0;
3544;2519896;997982208;15159296;1092718592;0;0;0;0;0;0;0;0;0;0;0;5740;0;0;88;0;60;0;
3545;1545308;997982208;15159296;1092718592;0;0;0;0;0;0;0;0;0;0;0;2034;0;0;88;0;60;0;
3546;2287399;997982208;15159296;1092718592;0;0;0;0;0;0;0;0;0;0;0;1513;0;0;88;0;60;0;
3547;8231007;997982208;15159296;1092718592;0;0;0;0;0;0;0;0;0;0;0;4468;0;0;88;0;60;0;
3548;5339925;997982208;15159296;1092718592;0;0;0;0;0;0;0;0;0;0;0;2484;0;0;88;0;60;0;
3549;3218165;997982208;15159296;1092718592;0;0;0;0;0;0;0;0;0;0;0;2776;0;0;88;0;60;0;
3550;3086388;997982208;15159296;1092718592;0;0;0;0;0;0;0;0;0;0;0;2033;0;0;88;0;60;0;
3551;3755183;997982208;15159296;1092718592;0;0;0;0;0;0;0;0;0;0;0;1933;0;0;88;0;60;0;
3552;2115077;997982208;15159296;1092718592;0;0;0;0;0;0;0;0;0;0;0;2715;0;0;88;0;60;0;
3553;2676088;997982208;15159296;1092718592;0;0;0;0;0;0;0;0;0;0;0;1623;0;0;88;0;60;0;
3554;2200406;997982208;15159296;1092718592;0;0;0;0;0;0;0;0;0;0;0;1443;0;0;88;0;60;0;
3555;1637000;997982208;15159296;1092718592;0;0;0;0;0;0;0;0;0;0;0;1723;0;0;88;0;60;0;
3556;1289188;997982208;15159296;1092718592;0;0;0;0;0;0;0;0;0;0;0;1713;0;0;88;0;60;0;
3557;2991240;997982208;15159296;1092718592;0;0;0;0;0;0;0;0;0;0;0;5671;0;0;88;0;60;0;
3558;2001073;997982208;15159296;1092718592;0;0;0;0;0;0;0;0;0;0;0;1843;0;0;88;0;60;0;
3559;1350212;997982208;15159296;1092718592;0;0;0;0;0;0;0;0;0;0;0;1553;0;0;88;0;60;0;
3560;5926895;997982208;15159296;1092718592;0;0;0;0;0;0;0;0;0;0;0;2986;0;0;88;0;60;0;
3561;4013707;997982208;15159296;1092718592;0;0;0;0;0;0;0;0;0;0;0;2084;0;0;88;0;60;0;
3562;1721900;997982208;15159296;1092718592;0;0;0;0;0;0;0;0;0;0;0;1773;0;0;88;0;60;0;
3563;2175681;997982208;15159296;1092718592;0;0;0;0;0;0;0;0;0;0;0;1573;0;0;88;0;60;0;
3564;3148204;997982208;15159296;1092718592;0;0;0;0;0;0;0;0;0;0;0;1633;0;0;88;0;60;0;
3565;3112498;997982208;15159296;1092718592;0;0;0;0;0;0;0;0;0;0;0;1944;0;0;88;0;60;0;
3566;1552050;997982208;15159296;1092718592;0;0;0;0;0;0;0;0;0;0;0;1744;0;0;88;0;60;0;
3567;3923598;997982208;15159296;1092718592;0;0;0;0;0;0;0;0;0;0;0;1833;0;0;88;0;60;0;
3568;1735635;997982208;15159296;1092718592;0;0;0;0;0;0;0;0;0;0;0;1833;0;0;88;0;60;0;
3569;1910533;997982208;15159296;1092718592;0;0;0;0;0;0;0;0;0;0;0;1362;0;0;88;0;60;0;
3570;1932394;997982208;15159296;1092718592;0;0;0;0;0;0;0;0;0;0;0;10279;0;0;88;0;60;0;
3571;1608827;997982208;15159296;1092718592;0;0;0;0;0;0;0;0;0;0;0;1633;0;0;88;0;60;0;
3572;1812449;997982208;15159296;1092718592;0;0;0;0;0;0;0;0;0;0;0;1372;0;0;88;0;60;0;
3573;5264684;997982208;15159296;1092718592;0;0;0;0;0;0;0;0;0;0;0;2786;0;0;88;0;60;0;
3574;5050602;997982208;15159296;1092718592;0;0;0;0;0;0;0;0;0;0;0;1934;0;0;88;0;60;0;
3575;2065975;997982208;15159296;1092718592;0;0;0;0;0;0;0;0;0;0;0;1543;0;0;88;0;60;0;
3576;1178079;997982208;15159296;1092718592;0;0;0;0;0;0;0;0;0;0;0;1593;0;0;88;0;60;0;
3577;1954416;997982208;15159296;1092718592;0;0;0;0;0;0;0;0;0;0;0;1413;0;0;88;0;60;0;
3578;2047259;997982208;15159296;1092718592;0;0;0;0;0;0;0;0;0;0;0;1663;0;0;88;0;60;0;
3579;1884234;997982208;15159296;1092718592;0;0;0;0;0;0;0;0;0;0;0;1563;0;0;88;0;60;0;
3580;2536277;997982208;15159296;1092718592;0;0;0;0;0;0;0;0;0;0;0;1713;0;0;88;0;60;0;
3581;2045837;997982208;15159296;1092718592;0;0;0;0;0;0;0;0;0;0;0;2374;0;0;88;0;60;0;
3582;2059693;997982208;15159296;1092718592;0;0;0;0;0;0;0;0;0;0;0;1713;0;0;88;0;60;0;
3583;2378681;997982208;15159296;1092718592;0;0;0;0;0;0;0;0;0;0;0;3757;0;0;88;0;60;0;
3584;1800426;997982208;15159296;1092718592;0;0;0;0;0;0;0;0;0;0;0;1232;0;0;88;0;60;0;
3585;1640526;997982208;15159296;1092718592;0;0;0;0;0;0;0;0;0;0;0;1663;0;0;88;0;60;0;
3586;5590013;997982208;15159296;1092718592;0;0;0;0;0;0;0;0;0;0;0;1703;0;0;88;0;60;0;
3587;3251397;997982208;15159296;1092718592;0;0;0;0;0;0;0;0;0;0;0;1473;0;0;88;0;60;0;
3588;1557311;997982208;15159296;1092718592;0;0;0;0;0;0;0;0;0;0;0;1412;0;0;88;0;60;0;
3589;1603948;997982208;15159296;1092718592;0;0;0;0;0;0;0;0;0;0;0;1513;0;0;88;0;60;0;
3590;1334182;997982208;15159296;1092718592;0;0;0;0;0;0;0;0;0;0;0;1543;0;0;88;0;60;0;
3591;899507;997982208;15159296;1092718592;0;0;0;0;0;0;0;0;0;0;0;1522;0;0;88;0;60;0;
3592;1333951;997982208;15159296;1092718592;0;0;0;0;0;0;0;0;0;0;0;1422;0;0;88;0;60;0;
3593;2528131;997982208;15159296;1092718592;0;0;0;0;0;0;0;0;0;0;0;1412;0;0;88;0;60;0;
3594;2099547;997982208;15159296;1092718592;0;0;0;0;0;0;0;0;0;0;0;1493;0;0;88;0;60;0;
3595;1420103;997982208;15159296;1092718592;0;0;0;0;0;0;0;0;0;0;0;1372;0;0;88;0;60;0;
3596;2022433;997982208;15159296;1092718592;0;0;0;0;0;0;0;0;0;0;0;1523;0;0;88;0;60;0;
3597;1074375;997982208;15159296;1092718592;0;0;0;0;0;0;0;0;0;0;0;1633;0;0;88;0;60;0;
3598;782177;997982208;15159296;1092718592;0;0;0;0;0;0;0;0;0;0;0;1343;0;0;88;0;60;0;
3599;4983496;997982208;15159296;1092718592;0;0;0;0;0;0;0;0;0;0;0;1573;0;0;88;0;60;0;
3600;1792272;997982208;15159296;1092718592;0;0;0;0;0;0;0;0;0;0;0;1453;0;0;88;0;60;0;
3601;1615369;997982208;15159296;1092718592;0;0;0;0;0;0;0;0;0;0;0;1353;0;0;88;0;60;0;
3602;1853215;997982208;15159296;1092718592;0;0;0;0;0;0;0;0;0;0;0;1343;0;0;88;0;60;0;
3603;1482470;997982208;15159296;1092718592;0;0;0;0;0;0;0;0;0;0;0;1563;0;0;88;0;60;0;
3604;1245386;997982208;15159296;1092718592;0;0;0;0;0;0;0;0;0;0;0;1533;0;0;88;0;60;0;
3605;1235798;997982208;15159296;1092718592;0;0;0;0;0;0;0;0;0;0;0;1403;0;0;88;0;60;0;
3606;981280;997982208;15159296;1092718592;0;0;0;0;0;0;0;0;0;0;0;1222;0;0;88;0;60;0;
3607;925336;997982208;15159296;1092718592;0;0;0;0;0;0;0;0;0;0;0;1402;0;0;88;0;60;0;
3608;1679510;997982208;15159296;1092718592;0;0;0;0;0;0;0;0;0;0;0;1503;0;0;88;0;60;0;
3609;1046352;997982208;15159296;1092718592;0;0;0;0;0;0;0;0;0;0;0;1422;0;0;88;0;60;0;
3610;816842;997982208;15159296;1092718592;0;0;0;0;0;0;0;0;0;0;0;1343;0;0;88;0;60;0;
3611;4130817;997982208;15159296;1092718592;0;0;0;0;0;0;0;0;0;0;0;1723;0;0;88;0;60;0;
3612;1593358;997982208;15163392;1092722688;0;0;0;0;0;0;0;0;0;0;0;1804;0;0;88;0;60;0;
3613;1012008;997982208;15163392;1092722688;0;0;0;0;0;0;0;0;0;0;0;1423;0;0;88;0;60;0;
3614;1960757;997982208;15163392;1092722688;0;0;0;0;0;0;0;0;0;0;0;1373;0;0;88;0;60;0;
3615;1469166;997982208;15163392;1092722688;0;0;0;0;0;0;0;0;0;0;0;1433;0;0;88;0;60;0;
3616;1107848;997982208;15163392;1092722688;0;0;0;0;0;0;0;0;0;0;0;1613;0;0;88;0;60;0;
3617;1513378;997982208;15163392;1092722688;0;0;0;0;0;0;0;0;0;0;0;1393;0;0;88;0;60;0;
3618;1074425;997982208;15163392;1092722688;0;0;0;0;0;0;0;0;0;0;0;1443;0;0;88;0;60;0;
3619;792987;997982208;15163392;1092722688;0;0;0;0;0;0;0;0;0;0;0;1393;0;0;88;0;60;0;
3620;1498781;997982208;15163392;1092722688;0;0;0;0;0;0;0;0;0;0;0;1453;0;0;88;0;60;0;
3621;1071921;997982208;15163392;1092722688;0;0;0;0;0;0;0;0;0;0;0;1463;0;0;88;0;60;0;
3622;869210;997982208;15163392;1092722688;0;0;0;0;0;0;0;0;0;0;0;1323;0;0;88;0;60;0;
3623;4371819;997982208;15163392;1092722688;0;0;0;0;0;0;0;0;0;0;0;1502;0;0;88;0;60;0;
3624;1865429;997982208;15167488;1092726784;0;0;0;0;0;0;0;0;0;0;0;1513;0;0;88;0;60;0;
3625;1605471;997982208;15167488;1092726784;0;0;0;0;0;0;0;0;0;0;0;1573;0;0;88;0;60;0;
3626;1245636;997982208;15167488;1092726784;0;0;0;0;0;0;0;0;0;0;0;1402;0;0;88;0;60;0;
3627;1170104;997982208;15167488;1092726784;0;0;0;0;0;0;0;0;0;0;0;1452;0;0;88;0;60;0;
3628;1097669;997982208;15167488;1092726784;0;0;0;0;0;0;0;0;0;0;0;1593;0;0;88;0;60;0;
3629;886212;997982208;15167488;1092726784;0;0;0;0;0;0;0;0;0;0;0;1383;0;0;88;0;60;0;
3630;1904271;997982208;15167488;1092726784;0;0;0;0;0;0;0;0;0;0;0;1383;0;0;88;0;60;0;
3631;1339402;997982208;15167488;1092726784;0;0;0;0;0;0;0;0;0;0;0;1383;0;0;88;0;60;0;
3632;1698185;997982208;15167488;1092726784;0;0;0;0;0;0;0;0;0;0;0;1433;0;0;88;0;60;0;
3633;1562200;997982208;15167488;1092726784;0;0;0;0;0;0;0;0;0;0;0;1513;0;0;88;0;60;0;
3634;1153083;997982208;15167488;1092726784;0;0;0;0;0;0;0;0;0;0;0;1423;0;0;88;0;60;0;
3635;927018;997982208;15167488;1092726784;0;0;0;0;0;0;0;0;0;0;0;1412;0;0;88;0;60;0;
3636;4294965;997982208;15167488;1092726784;0;0;0;0;0;0;0;0;0;0;0;1473;0;0;88;0;60;0;
3637;2359134;997982208;15167488;1092726784;0;0;0;0;0;0;0;0;0;0;0;1423;0;0;88;0;60;0;
3638;1137664;997982208;15167488;1092726784;0;0;0;0;0;0;0;0;0;0;0;1743;0;0;88;0;60;0;
3639;1386210;997982208;15167488;1092726784;0;0;0;0;0;0;0;0;0;0;0;1473;0;0;88;0;60;0;
3640;1854689;997982208;15167488;1092726784;0;0;0;0;0;0;0;0;0;0;0;1603;0;0;88;0;60;0;
3641;918673;997982208;15167488;1092726784;0;0;0;0;0;0;0;0;0;0;0;1463;0;0;88;0;60;0;
3642;1611953;997982208;15167488;1092726784;0;0;0;0;0;0;0;0;0;0;0;1413;0;0;88;0;60;0;
3643;1485065;997982208;15167488;1092726784;0;0;0;0;0;0;0;0;0;0;0;1583;0;0;88;0;60;0;
3644;1700840;997982208;15167488;1092726784;0;0;0;0;0;0;0;0;0;0;0;1493;0;0;88;0;60;0;
3645;1623054;997982208;15167488;1092726784;0;0;0;0;0;0;0;0;0;0;0;1413;0;0;88;0;60;0;
3646;1375339;998100992;15155200;1092714496;0;0;0;0;0;0;0;0;0;0;0;1633;0;0;88;0;60;0;
3647;972755;998100992;15155200;1092714496;0;0;0;0;0;0;0;0;0;0;0;1423;0;0;88;0;60;0;
3648;1321488;998100992;15155200;1092714496;0;0;0;0;0;0;0;0;0;0;0;1412;0;0;88;0;60;0;
3649;4112833;998100992;15155200;1092714496;0;0;0;0;0;0;0;0;0;0;0;1452;0;0;88;0;60;0;
3650;1973351;998100992;15159296;1092718592;0;0;0;0;0;0;0;0;0;0;0;1473;0;0;88;0;60;0;
3651;1471790;998100992;15159296;1092718592;0;0;0;0;0;0;0;0;0;0;0;1684;0;0;88;0;60;0;
3652;1278818;998100992;15159296;1092718592;0;0;0;0;0;0;0;0;0;0;0;1372;0;0;88;0;60;0;
3653;1250525;998100992;15159296;1092718592;0;0;0;0;0;0;0;0;0;0;0;1432;0;0;88;0;60;0;
3654;1145358;998100992;15159296;1092718592;0;0;0;0;0;0;0;0;0;0;0;1393;0;0;88;0;60;0;
3655;1135169;998100992;15159296;1092718592;0;0;0;0;0;0;0;0;0;0;0;1472;0;0;88;0;60;0;
3656;1116794;998100992;15159296;1092718592;0;0;0;0;0;0;0;0;0;0;0;1603;0;0;88;0;60;0;
3657;999615;998100992;15159296;1092718592;0;0;0;0;0;0;0;0;0;0;0;1593;0;0;88;0;60;0;
3658;1800386;998100992;15159296;1092718592;0;0;0;0;0;0;0;0;0;0;0;1433;0;0;88;0;60;0;
3659;890430;998100992;15159296;1092718592;0;0;0;0;0;0;0;0;0;0;0;1353;0;0;88;0;60;0;
3660;773280;998100992;15159296;1092718592;0;0;0;0;0;0;0;0;0;0;0;1332;0;0;88;0;60;0;
3661;4341913;998100992;15159296;1092718592;0;0;0;0;0;0;0;0;0;0;0;1803;0;0;88;0;60;0;
3662;2196779;998100992;15163392;1092722688;0;0;0;0;0;0;0;0;0;0;0;1623;0;0;88;0;60;0;
3663;1060680;998100992;15163392;1092722688;0;0;0;0;0;0;0;0;0;0;0;1393;0;0;88;0;60;0;
3664;1256807;998100992;15163392;1092722688;0;0;0;0;0;0;0;0;0;0;0;1433;0;0;88;0;60;0;
3665;986780;998100992;15163392;1092722688;0;0;0;0;0;0;0;0;0;0;0;1442;0;0;88;0;60;0;
3666;996760;998100992;15163392;1092722688;0;0;0;0;0;0;0;0;0;0;0;1443;0;0;88;0;60;0;
3667;1420665;998100992;15163392;1092722688;0;0;0;0;0;0;0;0;0;0;0;1493;0;0;88;0;60;0;
3668;1269921;998100992;15163392;1092722688;0;0;0;0;0;0;0;0;0;0;0;1363;0;0;88;0;60;0;
3669;1344141;998100992;15163392;1092722688;0;0;0;0;0;0;0;0;0;0;0;1433;0;0;88;0;60;0;
3670;1657820;998100992;15163392;1092722688;0;0;0;0;0;0;0;0;0;0;0;1613;0;0;88;0;60;0;
3671;1197987;998100992;15163392;1092722688;0;0;0;0;0;0;0;0;0;0;0;1673;0;0;88;0;60;0;
3672;1461641;998100992;15163392;1092722688;0;0;0;0;0;0;0;0;0;0;0;1342;0;0;88;0;60;0;
3673;4248988;998100992;15163392;1092722688;0;0;0;0;0;0;0;0;0;0;0;1553;0;0;88;0;60;0;
3674;892945;998100992;15163392;1092722688;0;0;0;0;0;0;0;0;0;0;0;1372;0;0;88;0;60;0;
3675;859221;998100992;15163392;1092722688;0;0;0;0;0;0;0;0;0;0;0;1423;0;0;88;0;60;0;
3676;1656487;998100992;15163392;1092722688;0;0;0;0;0;0;0;0;0;0;0;1402;0;0;88;0;60;0;
3677;1467773;998100992;15163392;1092722688;0;0;0;0;0;0;0;0;0;0;0;1453;0;0;88;0;60;0;
3678;759525;998100992;15163392;1092722688;0;0;0;0;0;0;0;0;0;0;0;1383;0;0;88;0;60;0;
3679;1439620;998100992;15163392;1092722688;0;0;0;0;0;0;0;0;0;0;0;1403;0;0;88;0;60;0;
3680;1324163;998100992;15163392;1092722688;0;0;0;0;0;0;0;0;0;0;0;1543;0;0;88;0;60;0;
3681;1185443;998100992;15163392;1092722688;0;0;0;0;0;0;0;0;0;0;0;1523;0;0;88;0;60;0;
3682;1962210;998141952;15159296;1092718592;0;0;0;0;0;0;0;0;0;0;0;1563;0;0;88;0;60;0;
3683;1235257;998141952;15159296;1092718592;0;0;0;0;0;0;0;0;0;0;0;1473;0;0;88;0;60;0;
3684;927880;998141952;15159296;1092718592;0;0;0;0;0;0;0;0;0;0;0;1513;0;0;88;0;60;0;
3685;6299043;998141952;15159296;1092718592;0;0;0;0;0;0;0;0;0;0;0;3446;0;0;88;0;60;0;
3686;2855655;998141952;15159296;1092718592;0;0;0;0;0;0;0;0;0;0;0;1954;0;0;88;0;60;0;
3687;1060739;998141952;15159296;1092718592;0;0;0;0;0;0;0;0;0;0;0;1473;0;0;88;0;60;0;
3688;960311;998141952;15159296;1092718592;0;0;0;0;0;0;0;0;0;0;0;1713;0;0;88;0;60;0;
3689;1247028;998141952;15159296;1092718592;0;0;0;0;0;0;0;0;0;0;0;1723;0;0;88;0;60;0;
3690;894247;998141952;15159296;1092718592;0;0;0;0;0;0;0;0;0;0;0;1583;0;0;88;0;60;0;
3691;1207525;998141952;15159296;1092718592;0;0;0;0;0;0;0;0;0;0;0;1503;0;0;88;0;60;0;
3692;2139202;998141952;15159296;1092718592;0;0;0;0;0;0;0;0;0;0;0;1243;0;0;88;0;60;0;
3693;1583159;998141952;15159296;1092718592;0;0;0;0;0;0;0;0;0;0;0;1493;0;0;88;0;60;0;
3694;1098761;998141952;15159296;1092718592;0;0;0;0;0;0;0;0;0;0;0;1412;0;0;88;0;60;0;
3695;2635453;998141952;15159296;1092718592;0;0;0;0;0;0;0;0;0;0;0;1443;0;0;88;0;60;0;
3696;1269571;998141952;15159296;1092718592;0;0;0;0;0;0;0;0;0;0;0;1383;0;0;88;0;60;0;
3697;753093;998141952;15159296;1092718592;0;0;0;0;0;0;0;0;0;0;0;1382;0;0;88;0;60;0;
3698;4877297;998141952;15159296;1092718592;0;0;0;0;0;0;0;0;0;0;0;3306;0;0;88;0;60;0;
3699;2230312;998141952;15159296;1092718592;0;0;0;0;0;0;0;0;0;0;0;1754;0;0;88;0;60;0;
3700;1430914;998141952;15159296;1092718592;0;0;0;0;0;0;0;0;0;0;0;2024;0;0;88;0;60;0;
3701;1361603;998141952;15159296;1092718592;0;0;0;0;0;0;0;0;0;0;0;1613;0;0;88;0;60;0;
3702;1972569;998141952;15159296;1092718592;0;0;0;0;0;0;0;0;0;0;0;2274;0;0;88;0;60;0;
3703;1765771;998141952;15159296;1092718592;0;0;0;0;0;0;0;0;0;0;0;1533;0;0;88;0;60;0;
3704;1454318;998141952;15159296;1092718592;0;0;0;0;0;0;0;0;0;0;0;2384;0;0;88;0;60;0;
3705;1435292;998141952;15159296;1092718592;0;0;0;0;0;0;0;0;0;0;0;1522;0;0;88;0;60;0;
3706;1784637;998141952;15159296;1092718592;0;0;0;0;0;0;0;0;0;0;0;1613;0;0;88;0;60;0;
3707;1045019;998141952;15159296;1092718592;0;0;0;0;0;0;0;0;0;0;0;1603;0;0;88;0;60;0;
3708;2006984;998141952;15159296;1092718592;0;0;0;0;0;0;0;0;0;0;0;2455;0;0;88;0;60;0;
3709;1885566;998141952;15159296;1092718592;0;0;0;0;0;0;0;0;0;0;0;1824;0;0;88;0;60;0;
3710;1563121;998141952;15159296;1092718592;0;0;0;0;0;0;0;0;0;0;0;1633;0;0;88;0;60;0;
3711;4991160;998141952;15159296;1092718592;0;0;0;0;0;0;0;0;0;0;0;2014;0;0;88;0;60;0;
3712;3977089;998141952;15159296;1092718592;0;0;0;0;0;0;0;0;0;0;0;1563;0;0;88;0;60;0;
3713;2388249;998141952;15159296;1092718592;0;0;0;0;0;0;0;0;0;0;0;2204;0;0;88;0;60;0;
3714;1915322;998141952;15159296;1092718592;0;0;0;0;0;0;0;0;0;0;0;1383;0;0;88;0;60;0;
3715;2601468;998141952;15159296;1092718592;0;0;0;0;0;0;0;0;0;0;0;1573;0;0;88;0;60;0;
3716;1718623;998141952;15159296;1092718592;0;0;0;0;0;0;0;0;0;0;0;2584;0;0;88;0;60;0;
3717;2230132;998141952;15159296;1092718592;0;0;0;0;0;0;0;0;0;0;0;1763;0;0;88;0;60;0;
3718;2476183;998141952;15159296;1092718592;0;0;0;0;0;0;0;0;0;0;0;1773;0;0;88;0;60;0;
3719;2476244;998141952;15159296;1092718592;0;0;0;0;0;0;0;0;0;0;0;2014;0;0;88;0;60;0;
3720;1953623;998141952;15159296;1092718592;0;0;0;0;0;0;0;0;0;0;0;1613;0;0;88;0;60;0;
3721;3339924;998141952;15159296;1092718592;0;0;0;0;0;0;0;0;0;0;0;1994;0;0;88;0;60;0;
3722;1889574;998141952;15159296;1092718592;0;0;0;0;0;0;0;0;0;0;0;1473;0;0;88;0;60;0;
3723;1680161;998141952;15159296;1092718592;0;0;0;0;0;0;0;0;0;0;0;1803;0;0;88;0;60;0;
3724;5007351;998141952;15159296;1092718592;0;0;0;0;0;0;0;0;0;0;0;2565;0;0;88;0;60;0;
3725;3945730;998141952;15159296;1092718592;0;0;0;0;0;0;0;0;0;0;0;1613;0;0;88;0;60;0;
3726;2420770;998141952;15159296;1092718592;0;0;0;0;0;0;0;0;0;0;0;1824;0;0;88;0;60;0;
3727;1555117;998141952;15159296;1092718592;0;0;0;0;0;0;0;0;0;0;0;1753;0;0;88;0;60;0;
3728;2214452;998141952;15159296;1092718592;0;0;0;0;0;0;0;0;0;0;0;1733;0;0;88;0;60;0;
3729;2471455;998141952;15159296;1092718592;0;0;0;0;0;0;0;0;0;0;0;1623;0;0;88;0;60;0;
3730;1575505;998141952;15159296;1092718592;0;0;0;0;0;0;0;0;0;0;0;1433;0;0;88;0;60;0;
3731;3379598;998141952;15159296;1092718592;0;0;0;0;0;0;0;0;0;0;0;1503;0;0;88;0;60;0;
3732;1574332;998141952;15159296;1092718592;0;0;0;0;0;0;0;0;0;0;0;1523;0;0;88;0;60;0;
3733;1534829;998141952;15159296;1092718592;0;0;0;0;0;0;0;0;0;0;0;1503;0;0;88;0;60;0;
3734;1984061;998141952;15159296;1092718592;0;0;0;0;0;0;0;0;0;0;0;1533;0;0;88;0;60;0;
3735;2036139;998141952;15159296;1092718592;0;0;0;0;0;0;0;0;0;0;0;1633;0;0;88;0;60;0;
3736;1345774;998141952;15159296;1092718592;0;0;0;0;0;0;0;0;0;0;0;1783;0;0;88;0;60;0;
3737;5305149;998141952;15159296;1092718592;0;0;0;0;0;0;0;0;0;0;0;1703;0;0;88;0;60;0;
3738;4152267;998141952;15159296;1092718592;0;0;0;0;0;0;0;0;0;0;0;1553;0;0;88;0;60;0;
3739;1809493;998141952;15159296;1092718592;0;0;0;0;0;0;0;0;0;0;0;1453;0;0;88;0;60;0;
3740;2010330;998141952;15159296;1092718592;0;0;0;0;0;0;0;0;0;0;0;1503;0;0;88;0;60;0;
3741;1730806;998141952;15159296;1092718592;0;0;0;0;0;0;0;0;0;0;0;1603;0;0;88;0;60;0;
3742;1729163;998141952;15159296;1092718592;0;0;0;0;0;0;0;0;0;0;0;1453;0;0;88;0;60;0;
3743;2182563;998141952;15159296;1092718592;0;0;0;0;0;0;0;0;0;0;0;1453;0;0;88;0;60;0;
3744;3149496;998141952;15159296;1092718592;0;0;0;0;0;0;0;0;0;0;0;1603;0;0;88;0;60;0;
3745;1013291;998141952;15159296;1092718592;0;0;0;0;0;0;0;0;0;0;0;1373;0;0;88;0;60;0;
3746;1313383;998141952;15159296;1092718592;0;0;0;0;0;0;0;0;0;0;0;1572;0;0;88;0;60;0;
3747;2682791;998141952;15159296;1092718592;0;0;0;0;0;0;0;0;0;0;0;1533;0;0;88;0;60;0;
3748;1592386;998141952;15159296;1092718592;0;0;0;0;0;0;0;0;0;0;0;1643;0;0;88;0;60;0;
3749;2718508;998141952;15159296;1092718592;0;0;0;0;0;0;0;0;0;0;0;1553;0;0;88;0;60;0;
3750;5761785;998141952;15159296;1092718592;0;0;0;0;0;0;0;0;0;0;0;1743;0;0;88;0;60;0;
3751;4334219;998141952;15159296;1092718592;0;0;0;0;0;0;0;0;0;0;0;1392;0;0;88;0;60;0;
3752;2587121;998141952;15159296;1092718592;0;0;0;0;0;0;0;0;0;0;0;2244;0;0;88;0;60;0;
3753;1660685;998141952;15159296;1092718592;0;0;0;0;0;0;0;0;0;0;0;1482;0;0;88;0;60;0;
3754;2636765;998141952;15159296;1092718592;0;0;0;0;0;0;0;0;0;0;0;1383;0;0;88;0;60;0;
3755;1799785;998141952;15159296;1092718592;0;0;0;0;0;0;0;0;0;0;0;1253;0;0;88;0;60;0;
3756;2303640;998141952;15159296;1092718592;0;0;0;0;0;0;0;0;0;0;0;2915;0;0;88;0;62;0;
3757;8699054;998141952;15159296;1092718592;0;0;0;0;0;0;0;0;0;0;0;1362;0;0;88;0;62;0;
3758;1689809;998141952;15159296;1092718592;0;0;0;0;0;0;0;0;0;0;0;1453;0;0;88;0;62;0;
3759;3099322;998141952;15159296;1092718592;0;0;0;0;0;0;0;0;0;0;0;1443;0;0;88;0;62;0;
3760;2925076;998141952;15159296;1092718592;0;0;0;0;0;0;0;0;0;0;0;2395;0;0;88;0;64;0;
3761;2366307;998141952;15159296;1092718592;0;0;0;0;0;0;0;0;0;0;0;1362;0;0;88;0;64;0;
3762;1333792;998141952;15159296;1092718592;0;0;0;0;0;0;0;0;0;0;0;1513;0;0;88;0;64;0;
3763;5286815;998141952;15159296;1092718592;0;0;0;0;0;0;0;0;0;0;0;1834;0;0;88;0;64;0;
3764;3367145;998141952;15159296;1092718592;0;0;0;0;0;0;0;0;0;0;0;1603;0;0;88;0;64;0;
3765;2525686;998141952;15159296;1092718592;0;0;0;0;0;0;0;0;0;0;0;2164;0;0;88;0;64;0;
3766;2126508;998141952;15159296;1092718592;0;0;0;0;0;0;0;0;0;0;0;2444;0;0;88;0;66;0;
3767;2279354;998141952;15159296;1092718592;0;0;0;0;0;0;0;0;0;0;0;1643;0;0;88;0;66;0;
3768;1324695;998141952;15159296;1092718592;0;0;0;0;0;0;0;0;0;0;0;1833;0;0;88;0;66;0;
3769;1099362;998141952;15159296;1092718592;0;0;0;0;0;0;0;0;0;0;0;1563;0;0;88;0;66;0;
3770;1341145;998141952;15159296;1092718592;0;0;0;0;0;0;0;0;0;0;0;1593;0;0;88;0;66;0;
3771;2164659;998141952;15159296;1092718592;0;0;0;0;0;0;0;0;0;0;0;1593;0;0;88;0;66;0;
3772;1733731;998141952;15159296;1092718592;0;0;0;0;0;0;0;0;0;0;0;1533;0;0;88;0;66;0;
3773;1848867;998141952;15159296;1092718592;0;0;0;0;0;0;0;0;0;0;0;1653;0;0;88;0;66;0;
3774;1751234;998141952;15159296;1092718592;0;0;0;0;0;0;0;0;0;0;0;1643;0;0;88;0;66;0;
3775;2389992;998141952;15159296;1092718592;0;0;0;0;0;0;0;0;0;0;0;1443;0;0;88;0;66;0;
3776;6279266;998141952;15159296;1092718592;0;0;0;0;0;0;0;0;0;0;0;1573;0;0;88;0;66;0;
3777;3717922;998141952;15159296;1092718592;0;0;0;0;0;0;0;0;0;0;0;2305;0;0;88;0;66;0;
3778;2458010;998141952;15159296;1092718592;0;0;0;0;0;0;0;0;0;0;0;1853;0;0;88;0;66;0;
3779;2245992;998141952;15159296;1092718592;0;0;0;0;0;0;0;0;0;0;0;1342;0;0;88;0;66;0;
3780;3238183;998141952;15159296;1092718592;0;0;0;0;0;0;0;0;0;0;0;1502;0;0;88;0;66;0;
3781;2076194;998141952;15159296;1092718592;0;0;0;0;0;0;0;0;0;0;0;1443;0;0;88;0;66;0;
3782;1062302;998141952;15159296;1092718592;0;0;0;0;0;0;0;0;0;0;0;1503;0;0;88;0;66;0;
3783;2113303;998141952;15159296;1092718592;0;0;0;0;0;0;0;0;0;0;0;1413;0;0;88;0;66;0;
3784;2089469;998141952;15159296;1092718592;0;0;0;0;0;0;0;0;0;0;0;1844;0;0;88;0;66;0;
3785;1254422;998141952;15159296;1092718592;0;0;0;0;0;0;0;0;0;0;0;1723;0;0;88;0;66;0;
3786;2373601;998141952;15159296;1092718592;0;0;0;0;0;0;0;0;0;0;0;1764;0;0;88;0;66;0;
3787;1686934;998141952;15159296;1092718592;0;0;0;0;0;0;0;0;0;0;0;1603;0;0;88;0;66;0;
3788;1481648;998141952;15159296;1092718592;0;0;0;0;0;0;0;0;0;0;0;1773;0;0;88;0;66;0;
3789;5947153;998141952;15159296;1092718592;0;0;0;0;0;0;0;0;0;0;0;1733;0;0;88;0;66;0;
3790;4671500;998141952;15159296;1092718592;0;0;0;0;0;0;0;0;0;0;0;1593;0;0;88;0;66;0;
3791;1635157;998141952;15159296;1092718592;0;0;0;0;0;0;0;0;0;0;0;1603;0;0;88;0;66;0;
3792;1231319;998141952;15159296;1092718592;0;0;0;0;0;0;0;0;0;0;0;1563;0;0;88;0;66;0;
3793;2334889;998141952;15159296;1092718592;0;0;0;0;0;0;0;0;0;0;0;1593;0;0;88;0;66;0;
3794;2696927;998141952;15159296;1092718592;0;0;0;0;0;0;0;0;0;0;0;1453;0;0;88;0;66;0;
3795;1344842;998141952;15159296;1092718592;0;0;0;0;0;0;0;0;0;0;0;1433;0;0;88;0;66;0;
3796;1952291;998141952;15159296;1092718592;0;0;0;0;0;0;0;0;0;0;0;1603;0;0;88;0;66;0;
3797;1080677;998141952;15159296;1092718592;0;0;0;0;0;0;0;0;0;0;0;1463;0;0;88;0;66;0;
3798;792206;998141952;15159296;1092718592;0;0;0;0;0;0;0;0;0;0;0;1503;0;0;88;0;66;0;
3799;2488146;998141952;15159296;1092718592;0;0;0;0;0;0;0;0;0;0;0;1423;0;0;88;0;66;0;
3800;941515;998141952;15159296;1092718592;0;0;0;0;0;0;0;0;0;0;0;1523;0;0;88;0;66;0;
3801;2134723;998141952;15159296;1092718592;0;0;0;0;0;0;0;0;0;0;0;38652;0;0;88;0;66;0;
3802;5571118;998141952;15159296;1092718592;0;0;0;0;0;0;0;0;0;0;0;1894;0;0;88;0;66;0;
3803;3061762;998141952;15159296;1092718592;0;0;0;0;0;0;0;0;0;0;0;1443;0;0;88;0;66;0;
3804;2789872;998141952;15159296;1092718592;0;0;0;0;0;0;0;0;0;0;0;1422;0;0;88;0;66;0;
3805;1442736;998141952;15159296;1092718592;0;0;0;0;0;0;0;0;0;0;0;1382;0;0;88;0;66;0;
3806;1704056;998141952;15159296;1092718592;0;0;0;0;0;0;0;0;0;0;0;1412;0;0;88;0;66;0;
3807;2002786;998141952;15159296;1092718592;0;0;0;0;0;0;0;0;0;0;0;1503;0;0;88;0;66;0;
3808;1440341;998141952;15159296;1092718592;0;0;0;0;0;0;0;0;0;0;0;1664;0;0;88;0;66;0;
3809;2013867;998141952;15159296;1092718592;0;0;0;0;0;0;0;0;0;0;0;1443;0;0;88;0;66;0;
3810;1127835;998141952;15159296;1092718592;0;0;0;0;0;0;0;0;0;0;0;2464;0;0;88;0;67;0;
3811;1664091;998141952;15159296;1092718592;0;0;0;0;0;0;0;0;0;0;0;1393;0;0;88;0;67;0;
3812;3182629;998141952;15159296;1092718592;0;0;0;0;0;0;0;0;0;0;0;2134;0;0;88;0;67;0;
3813;1737028;998141952;15159296;1092718592;0;0;0;0;0;0;0;0;0;0;0;1703;0;0;88;0;67;0;
3814;2286428;998141952;15159296;1092718592;0;0;0;0;0;0;0;0;0;0;0;1292;0;0;88;0;67;0;
3815;5145971;998141952;15159296;1092718592;0;0;0;0;0;0;0;0;0;0;0;3907;0;0;88;0;67;0;
3816;4265840;998141952;15159296;1092718592;0;0;0;0;0;0;0;0;0;0;0;1763;0;0;88;0;67;0;
3817;2216586;998141952;15159296;1092718592;0;0;0;0;0;0;0;0;0;0;0;1543;0;0;88;0;67;0;
3818;2548580;998141952;15159296;1092718592;0;0;0;0;0;0;0;0;0;0;0;1493;0;0;88;0;67;0;
3819;2854593;998141952;15159296;1092718592;0;0;0;0;0;0;0;0;0;0;0;1753;0;0;88;0;67;0;
3820;1483743;998141952;15159296;1092718592;0;0;0;0;0;0;0;0;0;0;0;1473;0;0;88;0;67;0;
3821;886332;998141952;15159296;1092718592;0;0;0;0;0;0;0;0;0;0;0;1403;0;0;88;0;67;0;
3822;1432927;998141952;15159296;1092718592;0;0;0;0;0;0;0;0;0;0;0;1372;0;0;88;0;67;0;
3823;1950408;998141952;15159296;1092718592;0;0;0;0;0;0;0;0;0;0;0;1463;0;0;88;0;67;0;
3824;1219046;998141952;15159296;1092718592;0;0;0;0;0;0;0;0;0;0;0;1383;0;0;88;0;67;0;
3825;2538481;998141952;15159296;1092718592;0;0;0;0;0;0;0;0;0;0;0;2615;0;0;88;0;69;0;
3826;1761203;998141952;15159296;1092718592;0;0;0;0;0;0;0;0;0;0;0;1533;0;0;88;0;69;0;
3827;1519750;998141952;15159296;1092718592;0;0;0;0;0;0;0;0;0;0;0;1684;0;0;88;0;69;0;
3828;5150219;998141952;15159296;1092718592;0;0;0;0;0;0;0;0;0;0;0;1583;0;0;88;0;69;0;
3829;2792057;998141952;15159296;1092718592;0;0;0;0;0;0;0;0;0;0;0;1743;0;0;88;0;69;0;
3830;1378255;998141952;15159296;1092718592;0;0;0;0;0;0;0;0;0;0;0;1613;0;0;88;0;69;0;
3831;1274631;998141952;15159296;1092718592;0;0;0;0;0;0;0;0;0;0;0;1482;0;0;88;0;69;0;
3832;2051387;998141952;15159296;1092718592;0;0;0;0;0;0;0;0;0;0;0;1613;0;0;88;0;69;0;
3833;2235643;998141952;15159296;1092718592;0;0;0;0;0;0;0;0;0;0;0;2324;0;0;88;0;70;0;
3834;3062293;998141952;15159296;1092718592;0;0;0;0;0;0;0;0;0;0;0;1262;0;0;88;0;70;0;
3835;2632356;998141952;15159296;1092718592;0;0;0;0;0;0;0;0;0;0;0;1503;0;0;88;0;70;0;
3836;1495254;998141952;15159296;1092718592;0;0;0;0;0;0;0;0;0;0;0;1213;0;0;88;0;70;0;
3837;1870248;998141952;15159296;1092718592;0;0;0;0;0;0;0;0;0;0;0;1312;0;0;88;0;70;0;
3838;2229000;998141952;15159296;1092718592;0;0;0;0;0;0;0;0;0;0;0;1583;0;0;88;0;70;0;
3839;1521384;998141952;15159296;1092718592;0;0;0;0;0;0;0;0;0;0;0;1463;0;0;88;0;70;0;
3840;1219598;998141952;15159296;1092718592;0;0;0;0;0;0;0;0;0;0;0;1463;0;0;88;0;70;0;
3841;5057555;998141952;15159296;1092718592;0;0;0;0;0;0;0;0;0;0;0;206427;0;0;88;0;70;0;
3842;4069492;998141952;15159296;1092718592;0;0;0;0;0;0;0;0;0;0;0;1433;0;0;88;0;70;0;
3843;1654904;998141952;15159296;1092718592;0;0;0;0;0;0;0;0;0;0;0;1753;0;0;88;0;70;0;
3844;2412455;998141952;15159296;1092718592;0;0;0;0;0;0;0;0;0;0;0;1383;0;0;88;0;70;0;
3845;2159430;998141952;15159296;1092718592;0;0;0;0;0;0;0;0;0;0;0;1483;0;0;88;0;70;0;
3846;1303705;998141952;15159296;1092718592;0;0;0;0;0;0;0;0;0;0;0;1393;0;0;88;0;70;0;
3847;1823750;998141952;15159296;1092718592;0;0;0;0;0;0;0;0;0;0;0;1473;0;0;88;0;70;0;
3848;2239821;998141952;15159296;1092718592;0;0;0;0;0;0;0;0;0;0;0;1503;0;0;88;0;70;0;
3849;2059622;998141952;15159296;1092718592;0;0;0;0;0;0;0;0;0;0;0;1403;0;0;88;0;70;0;
3850;1742648;998141952;15159296;1092718592;0;0;0;0;0;0;0;0;0;0;0;1383;0;0;88;0;70;0;
3851;1766302;998141952;15159296;1092718592;0;0;0;0;0;0;0;0;0;0;0;1472;0;0;88;0;70;0;
3852;799088;998141952;15159296;1092718592;0;0;0;0;0;0;0;0;0;0;0;1383;0;0;88;0;70;0;
3853;1423019;998141952;15159296;1092718592;0;0;0;0;0;0;0;0;0;0;0;1272;0;0;88;0;70;0;
3854;4458190;998141952;15159296;1092718592;0;0;0;0;0;0;0;0;0;0;0;1512;0;0;88;0;70;0;
3855;3080286;998141952;15159296;1092718592;0;0;0;0;0;0;0;0;0;0;0;1603;0;0;88;0;70;0;
3856;1685892;998141952;15159296;1092718592;0;0;0;0;0;0;0;0;0;0;0;1833;0;0;88;0;70;0;
3857;2071706;998141952;15159296;1092718592;0;0;0;0;0;0;0;0;0;0;0;1473;0;0;88;0;70;0;
3858;1644244;998141952;15159296;1092718592;0;0;0;0;0;0;0;0;0;0;0;1393;0;0;88;0;70;0;
3859;1855800;998141952;15159296;1092718592;0;0;0;0;0;0;0;0;0;0;0;1533;0;0;88;0;70;0;
3860;1523226;998141952;15159296;1092718592;0;0;0;0;0;0;0;0;0;0;0;1463;0;0;88;0;70;0;
3861;1750483;998141952;15159296;1092718592;0;0;0;0;0;0;0;0;0;0;0;1463;0;0;88;0;70;0;
3862;2072436;998141952;15159296;1092718592;0;0;0;0;0;0;0;0;0;0;0;1493;0;0;88;0;70;0;
3863;1609979;998141952;15159296;1092718592;0;0;0;0;0;0;0;0;0;0;0;1483;0;0;88;0;70;0;
3864;2378160;998141952;15159296;1092718592;0;0;0;0;0;0;0;0;0;0;0;1543;0;0;88;0;70;0;
3865;1448427;998141952;15159296;1092718592;0;0;0;0;0;0;0;0;0;0;0;1453;0;0;88;0;70;0;
3866;1993799;998141952;15159296;1092718592;0;0;0;0;0;0;0;0;0;0;0;1423;0;0;88;0;70;0;
3867;4517181;998141952;15159296;1092718592;0;0;0;0;0;0;0;0;0;0;0;1562;0;0;88;0;70;0;
3868;2533762;998141952;15159296;1092718592;0;0;0;0;0;0;0;0;0;0;0;1403;0;0;88;0;70;0;
3869;1683497;998141952;15159296;1092718592;0;0;0;0;0;0;0;0;0;0;0;1443;0;0;88;0;70;0;
3870;1885696;998141952;15159296;1092718592;0;0;0;0;0;0;0;0;0;0;0;23304;0;0;88;0;70;0;
3871;1150668;998141952;15159296;1092718592;0;0;0;0;0;0;0;0;0;0;0;1393;0;0;88;0;70;0;
3872;1589621;998141952;15159296;1092718592;0;0;0;0;0;0;0;0;0;0;0;1513;0;0;88;0;70;0;
3873;1786129;998141952;15159296;1092718592;0;0;0;0;0;0;0;0;0;0;0;1493;0;0;88;0;70;0;
3874;2523593;998141952;15159296;1092718592;0;0;0;0;0;0;0;0;0;0;0;1473;0;0;88;0;70;0;
3875;2440086;998141952;15159296;1092718592;0;0;0;0;0;0;0;0;0;0;0;1694;0;0;88;0;70;0;
3876;1492890;998141952;15159296;1092718592;0;0;0;0;0;0;0;0;0;0;0;1523;0;0;88;0;70;0;
3877;2197180;998141952;15159296;1092718592;0;0;0;0;0;0;0;0;0;0;0;1503;0;0;88;0;70;0;
3878;1215449;998141952;15159296;1092718592;0;0;0;0;0;0;0;0;0;0;0;1483;0;0;88;0;70;0;
3879;1858375;998141952;15159296;1092718592;0;0;0;0;0;0;0;0;0;0;0;1523;0;0;88;0;70;0;
3880;5270303;998141952;15159296;1092718592;0;0;0;0;0;0;0;0;0;0;0;2024;0;0;88;0;70;0;
3881;2828454;998141952;15159296;1092718592;0;0;0;0;0;0;0;0;0;0;0;1453;0;0;88;0;70;0;
3882;2094348;998141952;15159296;1092718592;0;0;0;0;0;0;0;0;0;0;0;1573;0;0;88;0;70;0;
3883;2435227;998141952;15159296;1092718592;0;0;0;0;0;0;0;0;0;0;0;1443;0;0;88;0;70;0;
3884;2486082;998141952;15159296;1092718592;0;0;0;0;0;0;0;0;0;0;0;1453;0;0;88;0;70;0;
3885;2214023;998141952;15159296;1092718592;0;0;0;0;0;0;0;0;0;0;0;1442;0;0;88;0;70;0;
3886;2406123;998141952;15159296;1092718592;0;0;0;0;0;0;0;0;0;0;0;1533;0;0;88;0;70;0;
3887;2079590;998141952;15159296;1092718592;0;0;0;0;0;0;0;0;0;0;0;1543;0;0;88;0;70;0;
3888;2720462;998141952;15159296;1092718592;0;0;0;0;0;0;0;0;0;0;0;1313;0;0;88;0;70;0;
3889;1709726;998141952;15159296;1092718592;0;0;0;0;0;0;0;0;0;0;0;1362;0;0;88;0;70;0;
3890;2577394;998141952;15159296;1092718592;0;0;0;0;0;0;0;0;0;0;0;1523;0;0;88;0;70;0;
3891;1768988;998141952;15159296;1092718592;0;0;0;0;0;0;0;0;0;0;0;1263;0;0;88;0;70;0;
3892;1694518;998141952;15159296;1092718592;0;0;0;0;0;0;0;0;0;0;0;1463;0;0;88;0;70;0;
3893;5106527;998141952;15159296;1092718592;0;0;0;0;0;0;0;0;0;0;0;108674;0;0;88;0;70;0;
3894;3392843;998141952;15159296;1092718592;0;0;0;0;0;0;0;0;0;0;0;1462;0;0;88;0;70;0;
3895;2123111;998141952;15159296;1092718592;0;0;0;0;0;0;0;0;0;0;0;1423;0;0;88;0;70;0;
3896;2158788;998141952;15159296;1092718592;0;0;0;0;0;0;0;0;0;0;0;1433;0;0;88;0;70;0;
3897;2862859;998141952;15159296;1092718592;0;0;0;0;0;0;0;0;0;0;0;1493;0;0;88;0;70;0;
3898;1698886;998141952;15159296;1092718592;0;0;0;0;0;0;0;0;0;0;0;1492;0;0;88;0;70;0;
3899;2141025;998141952;15159296;1092718592;0;0;0;0;0;0;0;0;0;0;0;1422;0;0;88;0;70;0;
3900;2490601;998141952;15159296;1092718592;0;0;0;0;0;0;0;0;0;0;0;1512;0;0;88;0;70;0;
3901;2057408;998141952;15159296;1092718592;0;0;0;0;0;0;0;0;0;0;0;1462;0;0;88;0;70;0;
3902;1901616;998141952;15159296;1092718592;0;0;0;0;0;0;0;0;0;0;0;1443;0;0;88;0;70;0;
3903;2342623;998141952;15159296;1092718592;0;0;0;0;0;0;0;0;0;0;0;1322;0;0;88;0;70;0;
3904;1634977;998141952;15159296;1092718592;0;0;0;0;0;0;0;0;0;0;0;1463;0;0;88;0;70;0;
3905;2362431;998141952;15159296;1092718592;0;0;0;0;0;0;0;0;0;0;0;1452;0;0;88;0;70;0;
3906;6393720;998141952;15159296;1092718592;0;0;0;0;0;0;0;0;0;0;0;1503;0;0;88;0;70;0;
3907;3186185;998141952;15159296;1092718592;0;0;0;0;0;0;0;0;0;0;0;1824;0;0;88;0;70;0;
3908;2023214;998141952;15159296;1092718592;0;0;0;0;0;0;0;0;0;0;0;1442;0;0;88;0;70;0;
3909;2402115;998141952;15159296;1092718592;0;0;0;0;0;0;0;0;0;0;0;1523;0;0;88;0;70;0;
3910;2361639;998141952;15159296;1092718592;0;0;0;0;0;0;0;0;0;0;0;1483;0;0;88;0;70;0;
3911;1318432;998141952;15159296;1092718592;0;0;0;0;0;0;0;0;0;0;0;1393;0;0;88;0;70;0;
3912;2542629;998141952;15159296;1092718592;0;0;0;0;0;0;0;0;0;0;0;1472;0;0;88;0;70;0;
3913;2583004;998141952;15159296;1092718592;0;0;0;0;0;0;0;0;0;0;0;1483;0;0;88;0;70;0;
3914;1897038;998141952;15159296;1092718592;0;0;0;0;0;0;0;0;0;0;0;1453;0;0;88;0;70;0;
3915;2208391;998141952;15159296;1092718592;0;0;0;0;0;0;0;0;0;0;0;1523;0;0;88;0;70;0;
3916;2351360;998141952;15159296;1092718592;0;0;0;0;0;0;0;0;0;0;0;1463;0;0;88;0;70;0;
3917;1999240;998141952;15159296;1092718592;0;0;0;0;0;0;0;0;0;0;0;1503;0;0;88;0;70;0;
3918;2153408;998141952;15159296;1092718592;0;0;0;0;0;0;0;0;0;0;0;1653;0;0;88;0;70;0;
3919;5374730;998141952;15159296;1092718592;0;0;0;0;0;0;0;0;0;0;0;1823;0;0;88;0;70;0;
3920;3554135;998141952;15159296;1092718592;0;0;0;0;0;0;0;0;0;0;0;1442;0;0;88;0;70;0;
3921;1922996;998141952;15159296;1092718592;0;0;0;0;0;0;0;0;0;0;0;1483;0;0;88;0;70;0;
3922;1446813;998141952;15159296;1092718592;0;0;0;0;0;0;0;0;0;0;0;1553;0;0;88;0;70;0;
3923;2907813;998141952;15159296;1092718592;0;0;0;0;0;0;0;0;0;0;0;1503;0;0;88;0;70;0;
3924;1965997;998141952;15159296;1092718592;0;0;0;0;0;0;0;0;0;0;0;1503;0;0;88;0;70;0;
3925;1841964;998141952;15159296;1092718592;0;0;0;0;0;0;0;0;0;0;0;1403;0;0;88;0;70;0;
3926;2446648;998141952;15159296;1092718592;0;0;0;0;0;0;0;0;0;0;0;1413;0;0;88;0;70;0;
3927;2224071;998141952;15159296;1092718592;0;0;0;0;0;0;0;0;0;0;0;1503;0;0;88;0;70;0;
3928;1789276;998141952;15159296;1092718592;0;0;0;0;0;0;0;0;0;0;0;1433;0;0;88;0;70;0;
3929;2397948;998141952;15159296;1092718592;0;0;0;0;0;0;0;0;0;0;0;1483;0;0;88;0;70;0;
3930;2010260;998141952;15159296;1092718592;0;0;0;0;0;0;0;0;0;0;0;1493;0;0;88;0;70;0;
3931;2259718;998141952;15159296;1092718592;0;0;0;0;0;0;0;0;0;0;0;1443;0;0;88;0;70;0;
3932;5058968;998141952;15159296;1092718592;0;0;0;0;0;0;0;0;0;0;0;1563;0;0;88;0;70;0;
3933;3290931;998141952;15159296;1092718592;0;0;0;0;0;0;0;0;0;0;0;1452;0;0;88;0;70;0;
3934;2581702;998141952;15159296;1092718592;0;0;0;0;0;0;0;0;0;0;0;1653;0;0;88;0;70;0;
3935;1756103;998141952;15159296;1092718592;0;0;0;0;0;0;0;0;0;0;0;1463;0;0;88;0;70;0;
3936;2652885;998141952;15159296;1092718592;0;0;0;0;0;0;0;0;0;0;0;1493;0;0;88;0;70;0;
3937;2501731;998141952;15159296;1092718592;0;0;0;0;0;0;0;0;0;0;0;1493;0;0;88;0;70;0;
3938;2206077;998141952;15159296;1092718592;0;0;0;0;0;0;0;0;0;0;0;1522;0;0;88;0;70;0;
3939;2650100;998141952;15159296;1092718592;0;0;0;0;0;0;0;0;0;0;0;1443;0;0;88;0;70;0;
3940;2666230;998141952;15159296;1092718592;0;0;0;0;0;0;0;0;0;0;0;1473;0;0;88;0;70;0;
3941;2417403;998141952;15159296;1092718592;0;0;0;0;0;0;0;0;0;0;0;1543;0;0;88;0;70;0;
3942;2244329;998141952;15159296;1092718592;0;0;0;0;0;0;0;0;0;0;0;1653;0;0;88;0;70;0;
3943;2713208;998141952;15159296;1092718592;0;0;0;0;0;0;0;0;0;0;0;1463;0;0;88;0;70;0;
3944;2861256;998141952;15159296;1092718592;0;0;0;0;0;0;0;0;0;0;0;1462;0;0;88;0;70;0;
3945;5112307;998141952;15159296;1092718592;0;0;0;0;0;0;0;0;0;0;0;2024;0;0;88;0;70;0;
3946;3496457;998141952;15159296;1092718592;0;0;0;0;0;0;0;0;0;0;0;2455;0;0;88;0;70;0;
3947;2903486;998141952;15159296;1092718592;0;0;0;0;0;0;0;0;0;0;0;1773;0;0;88;0;70;0;
3948;2833444;998141952;15159296;1092718592;0;0;0;0;0;0;0;0;0;0;0;1973;0;0;88;0;70;0;
3949;2896372;998141952;15159296;1092718592;0;0;0;0;0;0;0;0;0;0;0;2214;0;0;88;0;70;0;
3950;2805030;998141952;15159296;1092718592;0;0;0;0;0;0;0;0;0;0;0;1894;0;0;88;0;70;0;
3951;3304627;998141952;15159296;1092718592;0;0;0;0;0;0;0;0;0;0;0;1773;0;0;88;0;70;0;
3952;2112812;998141952;15159296;1092718592;0;0;0;0;0;0;0;0;0;0;0;1824;0;0;88;0;70;0;
3953;1871490;998141952;15159296;1092718592;0;0;0;0;0;0;0;0;0;0;0;1363;0;0;88;0;70;0;
3954;2256151;998141952;15159296;1092718592;0;0;0;0;0;0;0;0;0;0;0;1402;0;0;88;0;70;0;
3955;1259732;998141952;15159296;1092718592;0;0;0;0;0;0;0;0;0;0;0;1352;0;0;88;0;70;0;
3956;2980118;998141952;15159296;1092718592;0;0;0;0;0;0;0;0;0;0;0;1653;0;0;88;0;70;0;
3957;5665906;998141952;15159296;1092718592;0;0;0;0;0;0;0;0;0;0;0;2114;0;0;88;0;70;0;
3958;4378822;998141952;15167488;1092726784;0;0;0;0;0;0;0;0;0;0;0;1824;0;0;88;0;70;0;
3959;3152332;998141952;15167488;1092726784;0;0;0;0;0;0;0;0;0;0;0;1693;0;0;88;0;70;0;
3960;3277597;998141952;15167488;1092726784;0;0;0;0;0;0;0;0;0;0;0;2004;0;0;88;0;70;0;
3961;3664412;998141952;15167488;1092726784;0;0;0;0;0;0;0;0;0;0;0;1623;0;0;88;0;70;0;
3962;2571783;998141952;15167488;1092726784;0;0;0;0;0;0;0;0;0;0;0;1473;0;0;88;0;70;0;
3963;2289473;998141952;15167488;1092726784;0;0;0;0;0;0;0;0;0;0;0;1483;0;0;88;0;70;0;
3964;2965371;998141952;15167488;1092726784;0;0;0;0;0;0;0;0;0;0;0;1703;0;0;88;0;70;0;
3965;3368337;998141952;15167488;1092726784;0;0;0;0;0;0;0;0;0;0;0;1924;0;0;88;0;70;0;
3966;2834496;998141952;15167488;1092726784;0;0;0;0;0;0;0;0;0;0;0;1623;0;0;88;0;70;0;
3967;4434587;998141952;15167488;1092726784;0;0;0;0;0;0;0;0;0;0;0;2445;0;0;88;0;70;0;
3968;2270678;998141952;15167488;1092726784;0;0;0;0;0;0;0;0;0;0;0;1603;0;0;88;0;70;0;
3969;3349662;998141952;15167488;1092726784;0;0;0;0;0;0;0;0;0;0;0;1633;0;0;88;0;70;0;
3970;5655426;998141952;15167488;1092726784;0;0;0;0;0;0;0;0;0;0;0;2846;0;0;88;0;70;0;
3971;5549217;998141952;15167488;1092726784;0;0;0;0;0;0;0;0;0;0;0;2264;0;0;88;0;70;0;
3972;3645056;998141952;15167488;1092726784;0;0;0;0;0;0;0;0;0;0;0;2474;0;0;88;0;70;0;
3973;2126758;998141952;15167488;1092726784;0;0;0;0;0;0;0;0;0;0;0;1552;0;0;88;0;70;0;
3974;2733877;998141952;15167488;1092726784;0;0;0;0;0;0;0;0;0;0;0;1513;0;0;88;0;70;0;
3975;2555683;998141952;15167488;1092726784;0;0;0;0;0;0;0;0;0;0;0;1533;0;0;88;0;70;0;
3976;2998843;998141952;15167488;1092726784;0;0;0;0;0;0;0;0;0;0;0;1823;0;0;88;0;70;0;
3977;3624758;998141952;15167488;1092726784;0;0;0;0;0;0;0;0;0;0;0;1443;0;0;88;0;70;0;
3978;3283248;998141952;15167488;1092726784;0;0;0;0;0;0;0;0;0;0;0;1653;0;0;88;0;70;0;
3979;2477246;998141952;15167488;1092726784;0;0;0;0;0;0;0;0;0;0;0;1824;0;0;88;0;70;0;
3980;3690601;998313984;15159296;1092718592;0;0;0;0;0;0;0;0;0;0;0;1673;0;0;88;0;70;0;
3981;3035684;998313984;15159296;1092718592;0;0;0;0;0;0;0;0;0;0;0;1794;0;0;88;0;70;0;
3982;3246749;998752256;15159296;1092718592;0;0;0;0;0;0;0;0;0;0;0;1433;0;0;88;0;70;0;
3983;7170478;998752256;15159296;1092718592;0;0;0;0;0;0;0;0;0;0;0;352601;0;0;88;0;70;0;
3984;4063220;998752256;15159296;1092718592;0;0;0;0;0;0;0;0;0;0;0;1823;0;0;88;0;70;0;
3985;3117978;998752256;15159296;1092718592;0;0;0;0;0;0;0;0;0;0;0;2525;0;0;88;0;70;0;
3986;3056182;998752256;15159296;1092718592;0;0;0;0;0;0;0;0;0;0;0;1243;0;0;88;0;70;0;
3987;2882716;998752256;15159296;1092718592;0;0;0;0;0;0;0;0;0;0;0;1513;0;0;88;0;70;0;
3988;3048758;998752256;15159296;1092718592;0;0;0;0;0;0;0;0;0;0;0;1453;0;0;88;0;70;0;
3989;3145208;998752256;15159296;1092718592;0;0;0;0;0;0;0;0;0;0;0;1293;0;0;88;0;70;0;
3990;2704492;998752256;15159296;1092718592;0;0;0;0;0;0;0;0;0;0;0;1533;0;0;88;0;70;0;
3991;1496747;998752256;15159296;1092718592;0;0;0;0;0;0;0;0;0;0;0;2175;0;0;88;0;70;0;
3992;2645672;998752256;15159296;1092718592;0;0;0;0;0;0;0;0;0;0;0;1382;0;0;88;0;70;0;
3993;3023149;998752256;15159296;1092718592;0;0;0;0;0;0;0;0;0;0;0;1432;0;0;88;0;70;0;
3994;3550459;998752256;15159296;1092718592;0;0;0;0;0;0;0;0;0;0;0;2054;0;0;88;0;70;0;
3995;2378691;998752256;15159296;1092718592;0;0;0;0;0;0;0;0;0;0;0;29716;0;0;88;0;70;0;
3996;6366750;998752256;15159296;1092718592;0;0;0;0;0;0;0;0;0;0;0;3366;0;0;88;0;70;0;
3997;4256162;998752256;15159296;1092718592;0;0;0;0;0;0;0;0;0;0;0;2254;0;0;88;0;70;0;
3998;3325466;998752256;15159296;1092718592;0;0;0;0;0;0;0;0;0;0;0;1793;0;0;88;0;70;0;
3999;2388409;998752256;15159296;1092718592;0;0;0;0;0;0;0;0;0;0;0;1683;0;0;88;0;70;0;
4000;4460304;998752256;15159296;1092718592;0;0;0;0;0;0;0;0;0;0;0;1894;0;0;88;0;70;0;
4001;2654037;998752256;15159296;1092718592;0;0;0;0;0;0;0;0;0;0;0;2114;0;0;88;0;70;0;
4002;2362500;998752256;15159296;1092718592;0;0;0;0;0;0;0;0;0;0;0;1613;0;0;88;0;70;0;
4003;3543626;998752256;15159296;1092718592;0;0;0;0;0;0;0;0;0;0;0;1593;0;0;88;0;70;0;
4004;3438288;998752256;15159296;1092718592;0;0;0;0;0;0;0;0;0;0;0;2264;0;0;88;0;70;0;
4005;2498085;998752256;15159296;1092718592;0;0;0;0;0;0;0;0;0;0;0;1503;0;0;88;0;70;0;
4006;3281975;998752256;15159296;1092718592;0;0;0;0;0;0;0;0;0;0;0;1974;0;0;88;0;70;0;
4007;2150824;998752256;15159296;1092718592;0;0;0;0;0;0;0;0;0;0;0;1683;0;0;88;0;70;0;
4008;2390703;998752256;15159296;1092718592;0;0;0;0;0;0;0;0;0;0;0;1863;0;0;88;0;70;0;
4009;6821844;998752256;15159296;1092718592;0;0;0;0;0;0;0;0;0;0;0;2014;0;0;88;0;70;0;
4010;4079661;998752256;15159296;1092718592;0;0;0;0;0;0;0;0;0;0;0;1373;0;0;88;0;70;0;
4011;3231029;998752256;15159296;1092718592;0;0;0;0;0;0;0;0;0;0;0;1452;0;0;88;0;70;0;
4012;2469822;998752256;15159296;1092718592;0;0;0;0;0;0;0;0;0;0;0;2043;0;0;88;0;70;0;
4013;3874957;998752256;15159296;1092718592;0;0;0;0;0;0;0;0;0;0;0;1613;0;0;88;0;70;0;
4014;2703600;998752256;15159296;1092718592;0;0;0;0;0;0;0;0;0;0;0;2154;0;0;88;0;70;0;
4015;1355261;998752256;15159296;1092718592;0;0;0;0;0;0;0;0;0;0;0;1193;0;0;88;0;70;0;
4016;2388108;998752256;15159296;1092718592;0;0;0;0;0;0;0;0;0;0;0;1412;0;0;88;0;70;0;
4017;1185954;998752256;15159296;1092718592;0;0;0;0;0;0;0;0;0;0;0;1423;0;0;88;0;70;0;
4018;1613927;998752256;15159296;1092718592;0;0;0;0;0;0;0;0;0;0;0;1593;0;0;88;0;70;0;
4019;2807225;998752256;15159296;1092718592;0;0;0;0;0;0;0;0;0;0;0;1893;0;0;88;0;70;0;
4020;2044033;998752256;15159296;1092718592;0;0;0;0;0;0;0;0;0;0;0;1713;0;0;88;0;70;0;
4021;2077366;998752256;15159296;1092718592;0;0;0;0;0;0;0;0;0;0;0;1503;0;0;88;0;70;0;
4022;6842092;998752256;15159296;1092718592;0;0;0;0;0;0;0;0;0;0;0;3306;0;0;88;0;70;0;
4023;4163408;998752256;15159296;1092718592;0;0;0;0;0;0;0;0;0;0;0;1994;0;0;88;0;70;0;
4024;2029837;998752256;15159296;1092718592;0;0;0;0;0;0;0;0;0;0;0;1623;0;0;88;0;70;0;
4025;2396574;998752256;15159296;1092718592;0;0;0;0;0;0;0;0;0;0;0;1443;0;0;88;0;70;0;
4026;3067963;998752256;15159296;1092718592;0;0;0;0;0;0;0;0;0;0;0;1533;0;0;88;0;70;0;
4027;2483587;998752256;15159296;1092718592;0;0;0;0;0;0;0;0;0;0;0;1633;0;0;88;0;70;0;
4028;2757381;998752256;15159296;1092718592;0;0;0;0;0;0;0;0;0;0;0;1423;0;0;88;0;70;0;
4029;3396459;998752256;15159296;1092718592;0;0;0;0;0;0;0;0;0;0;0;1663;0;0;88;0;70;0;
4030;2988785;998752256;15159296;1092718592;0;0;0;0;0;0;0;0;0;0;0;5490;0;0;88;0;70;0;
4031;2916009;998752256;15159296;1092718592;0;0;0;0;0;0;0;0;0;0;0;1492;0;0;88;0;70;0;
4032;2277131;998752256;15159296;1092718592;0;0;0;0;0;0;0;0;0;0;0;1402;0;0;88;0;70;0;
4033;1902598;998752256;15159296;1092718592;0;0;0;0;0;0;0;0;0;0;0;1403;0;0;88;0;70;0;
4034;1138024;998752256;15159296;1092718592;0;0;0;0;0;0;0;0;0;0;0;1393;0;0;88;0;70;0;
4035;5311942;998752256;15159296;1092718592;0;0;0;0;0;0;0;0;0;0;0;1784;0;0;88;0;70;0;
4036;3526914;998752256;15159296;1092718592;0;0;0;0;0;0;0;0;0;0;0;1583;0;0;88;0;70;0;
4037;1760802;998752256;15159296;1092718592;0;0;0;0;0;0;0;0;0;0;0;1283;0;0;88;0;70;0;
4038;2535225;998752256;15159296;1092718592;0;0;0;0;0;0;0;0;0;0;0;1303;0;0;88;0;70;0;
4039;2460484;998752256;15159296;1092718592;0;0;0;0;0;0;0;0;0;0;0;1422;0;0;88;0;70;0;
4040;2193143;998752256;15159296;1092718592;0;0;0;0;0;0;0;0;0;0;0;1683;0;0;88;0;70;0;
4041;2036880;998752256;15159296;1092718592;0;0;0;0;0;0;0;0;0;0;0;1343;0;0;88;0;70;0;
4042;2288331;998752256;15159296;1092718592;0;0;0;0;0;0;0;0;0;0;0;1724;0;0;88;0;70;0;
4043;3405176;998752256;15159296;1092718592;0;0;0;0;0;0;0;0;0;0;0;4689;0;0;88;0;70;0;
4044;1993829;998752256;15159296;1092718592;0;0;0;0;0;0;0;0;0;0;0;1843;0;0;88;0;70;0;
4045;2370275;998752256;15159296;1092718592;0;0;0;0;0;0;0;0;0;0;0;1473;0;0;88;0;70;0;
4046;1012429;998752256;15159296;1092718592;0;0;0;0;0;0;0;0;0;0;0;1673;0;0;88;0;70;0;
4047;2238178;998752256;15159296;1092718592;0;0;0;0;0;0;0;0;0;0;0;1553;0;0;88;0;70;0;
4048;7885648;998752256;15159296;1092718592;0;0;0;0;0;0;0;0;0;0;0;4709;0;0;88;0;70;0;
4049;4987053;998752256;15159296;1092718592;0;0;0;0;0;0;0;0;0;0;0;2014;0;0;88;0;70;0;
4050;2075493;998752256;15159296;1092718592;0;0;0;0;0;0;0;0;0;0;0;2545;0;0;88;0;70;0;
4051;1803592;998752256;15159296;1092718592;0;0;0;0;0;0;0;0;0;0;0;1433;0;0;88;0;70;0;
4052;2310263;998752256;15159296;1092718592;0;0;0;0;0;0;0;0;0;0;0;1583;0;0;88;0;70;0;
4053;2013686;998752256;15159296;1092718592;0;0;0;0;0;0;0;0;0;0;0;1473;0;0;88;0;70;0;
4054;1874806;998752256;15159296;1092718592;0;0;0;0;0;0;0;0;0;0;0;1973;0;0;88;0;70;0;
4055;2830759;998752256;15159296;1092718592;0;0;0;0;0;0;0;0;0;0;0;1423;0;0;88;0;70;0;
4056;3270232;998752256;15159296;1092718592;0;0;0;0;0;0;0;0;0;0;0;1623;0;0;88;0;70;0;
4057;1587187;998752256;15159296;1092718592;0;0;0;0;0;0;0;0;0;0;0;1393;0;0;88;0;70;0;
4058;2235162;998752256;15159296;1092718592;0;0;0;0;0;0;0;0;0;0;0;1633;0;0;88;0;70;0;
4059;1726558;998752256;15159296;1092718592;0;0;0;0;0;0;0;0;0;0;0;1383;0;0;88;0;70;0;
4060;1911755;998752256;15159296;1092718592;0;0;0;0;0;0;0;0;0;0;0;1463;0;0;88;0;70;0;
4061;5242582;998752256;15159296;1092718592;0;0;0;0;0;0;0;0;0;0;0;1714;0;0;88;0;70;0;
4062;3093492;998752256;15159296;1092718592;0;0;0;0;0;0;0;0;0;0;0;1443;0;0;88;0;70;0;
4063;1947402;998752256;15159296;1092718592;0;0;0;0;0;0;0;0;0;0;0;1473;0;0;88;0;70;0;
4064;1045681;998752256;15159296;1092718592;0;0;0;0;0;0;0;0;0;0;0;1483;0;0;88;0;70;0;
4065;3008572;998752256;15159296;1092718592;0;0;0;0;0;0;0;0;0;0;0;1412;0;0;88;0;70;0;
4066;1444379;998752256;15159296;1092718592;0;0;0;0;0;0;0;0;0;0;0;1463;0;0;88;0;70;0;
4067;1526874;998752256;15159296;1092718592;0;0;0;0;0;0;0;0;0;0;0;1453;0;0;88;0;70;0;
4068;2020900;998752256;15159296;1092718592;0;0;0;0;0;0;0;0;0;0;0;1493;0;0;88;0;70;0;
4069;2320021;998752256;15159296;1092718592;0;0;0;0;0;0;0;0;0;0;0;1292;0;0;88;0;70;0;
4070;1556890;998752256;15159296;1092718592;0;0;0;0;0;0;0;0;0;0;0;1774;0;0;88;0;70;0;
4071;1715307;998752256;15159296;1092718592;0;0;0;0;0;0;0;0;0;0;0;1392;0;0;88;0;70;0;
4072;1611643;998752256;15159296;1092718592;0;0;0;0;0;0;0;0;0;0;0;1393;0;0;88;0;70;0;
4073;1777223;998752256;15159296;1092718592;0;0;0;0;0;0;0;0;0;0;0;1403;0;0;88;0;70;0;
4074;5337539;998752256;15159296;1092718592;0;0;0;0;0;0;0;0;0;0;0;246462;0;0;88;0;70;0;
4075;2662544;998752256;15159296;1092718592;0;0;0;0;0;0;0;0;0;0;0;1523;0;0;88;0;70;0;
4076;2411001;998752256;15159296;1092718592;0;0;0;0;0;0;0;0;0;0;0;1853;0;0;88;0;70;0;
4077;2273193;998752256;15159296;1092718592;0;0;0;0;0;0;0;0;0;0;0;1453;0;0;88;0;70;0;
4078;2316244;998752256;15159296;1092718592;0;0;0;0;0;0;0;0;0;0;0;1533;0;0;88;0;70;0;
4079;1635768;998752256;15159296;1092718592;0;0;0;0;0;0;0;0;0;0;0;1443;0;0;88;0;70;0;
4080;2196339;998752256;15159296;1092718592;0;0;0;0;0;0;0;0;0;0;0;1573;0;0;88;0;70;0;
4081;1647629;998752256;15159296;1092718592;0;0;0;0;0;0;0;0;0;0;0;1543;0;0;88;0;70;0;
4082;1693055;998752256;15159296;1092718592;0;0;0;0;0;0;0;0;0;0;0;1463;0;0;88;0;70;0;
4083;1591375;998752256;15159296;1092718592;0;0;0;0;0;0;0;0;0;0;0;1523;0;0;88;0;70;0;
4084;1988790;998752256;15159296;1092718592;0;0;0;0;0;0;0;0;0;0;0;1292;0;0;88;0;70;0;
4085;1528606;998752256;15159296;1092718592;0;0;0;0;0;0;0;0;0;0;0;1412;0;0;88;0;70;0;
4086;1465378;998752256;15159296;1092718592;0;0;0;0;0;0;0;0;0;0;0;1673;0;0;88;0;70;0;
4087;5136643;998752256;15159296;1092718592;0;0;0;0;0;0;0;0;0;0;0;1553;0;0;88;0;70;0;
4088;2800432;998752256;15159296;1092718592;0;0;0;0;0;0;0;0;0;0;0;1854;0;0;88;0;70;0;
4089;1929348;998752256;15159296;1092718592;0;0;0;0;0;0;0;0;0;0;0;1843;0;0;88;0;70;0;
4090;1880337;998752256;15159296;1092718592;0;0;0;0;0;0;0;0;0;0;0;1463;0;0;88;0;70;0;
4091;2055304;998752256;15159296;1092718592;0;0;0;0;0;0;0;0;0;0;0;1463;0;0;88;0;70;0;
4092;1651357;998752256;15159296;1092718592;0;0;0;0;0;0;0;0;0;0;0;1623;0;0;88;0;70;0;
4093;1608456;998752256;15159296;1092718592;0;0;0;0;0;0;0;0;0;0;0;1392;0;0;88;0;70;0;
4094;1263280;998752256;15159296;1092718592;0;0;0;0;0;0;0;0;0;0;0;1493;0;0;88;0;70;0;
4095;1095394;998752256;15159296;1092718592;0;0;0;0;0;0;0;0;0;0;0;1442;0;0;88;0;70;0;
4096;1260193;998752256;15159296;1092718592;0;0;0;0;0;0;0;0;0;0;0;1603;0;0;88;0;70;0;
4097;2021360;998752256;15159296;1092718592;0;0;0;0;0;0;0;0;0;0;0;1463;0;0;88;0;70;0;
4098;1664992;998752256;15159296;1092718592;0;0;0;0;0;0;0;0;0;0;0;1603;0;0;88;0;70;0;
4099;4832613;998752256;15159296;1092718592;0;0;0;0;0;0;0;0;0;0;0;1664;0;0;88;0;70;0;
4100;2521458;998752256;15167488;1092726784;0;0;0;0;0;0;0;0;0;0;0;1443;0;0;88;0;70;0;
4101;1958153;998752256;15167488;1092726784;0;0;0;0;0;0;0;0;0;0;0;1853;0;0;88;0;70;0;
4102;2136547;998752256;15167488;1092726784;0;0;0;0;0;0;0;0;0;0;0;1533;0;0;88;0;70;0;
4103;2596008;998752256;15167488;1092726784;0;0;0;0;0;0;0;0;0;0;0;1223;0;0;88;0;70;0;
4104;1906565;998752256;15167488;1092726784;0;0;0;0;0;0;0;0;0;0;0;1412;0;0;88;0;70;0;
4105;1979713;998752256;15167488;1092726784;0;0;0;0;0;0;0;0;0;0;0;1493;0;0;88;0;70;0;
4106;2308329;998752256;15167488;1092726784;0;0;0;0;0;0;0;0;0;0;0;1473;0;0;88;0;70;0;
4107;1849148;998752256;15167488;1092726784;0;0;0;0;0;0;0;0;0;0;0;1533;0;0;88;0;70;0;
4108;2127300;998752256;15167488;1092726784;0;0;0;0;0;0;0;0;0;0;0;1483;0;0;88;0;70;0;
4109;2446357;998752256;15167488;1092726784;0;0;0;0;0;0;0;0;0;0;0;1473;0;0;88;0;70;0;
4110;1237421;998752256;15167488;1092726784;0;0;0;0;0;0;0;0;0;0;0;1483;0;0;88;0;70;0;
4111;1569964;998752256;15167488;1092726784;0;0;0;0;0;0;0;0;0;0;0;1423;0;0;88;0;70;0;
4112;4618491;998752256;15167488;1092726784;0;0;0;0;0;0;0;0;0;0;0;1773;0;0;88;0;70;0;
4113;2731683;998752256;15167488;1092726784;0;0;0;0;0;0;0;0;0;0;0;1453;0;0;88;0;70;0;
4114;1699017;998752256;15167488;1092726784;0;0;0;0;0;0;0;0;0;0;0;1422;0;0;88;0;70;0;
4115;2140925;998752256;15167488;1092726784;0;0;0;0;0;0;0;0;0;0;0;1573;0;0;88;0;70;0;
4116;2009359;998752256;15167488;1092726784;0;0;0;0;0;0;0;0;0;0;0;1412;0;0;88;0;70;0;
4117;1768136;998752256;15167488;1092726784;0;0;0;0;0;0;0;0;0;0;0;2023;0;0;88;0;70;0;
4118;1567971;998752256;15167488;1092726784;0;0;0;0;0;0;0;0;0;0;0;1583;0;0;88;0;70;0;
4119;1755793;998752256;15167488;1092726784;0;0;0;0;0;0;0;0;0;0;0;25468;0;0;88;0;70;0;
4120;1208296;998752256;15167488;1092726784;0;0;0;0;0;0;0;0;0;0;0;1382;0;0;88;0;70;0;
4121;1991725;998752256;15159296;1092718592;0;0;0;0;0;0;0;0;0;0;0;1683;0;0;88;0;70;0;
4122;1951359;998752256;15159296;1092718592;0;0;0;0;0;0;0;0;0;0;0;1393;0;0;88;0;70;0;
4123;1067001;998752256;15159296;1092718592;0;0;0;0;0;0;0;0;0;0;0;1413;0;0;88;0;70;0;
4124;4959310;998752256;15159296;1092718592;0;0;0;0;0;0;0;0;0;0;0;128390;0;0;88;0;70;0;
4125;2754125;998752256;15167488;1092726784;0;0;0;0;0;0;0;0;0;0;0;1473;0;0;88;0;70;0;
4126;2311455;998752256;15167488;1092726784;0;0;0;0;0;0;0;0;0;0;0;12693;0;0;88;0;70;0;
4127;2117861;998752256;15167488;1092726784;0;0;0;0;0;0;0;0;0;0;0;1683;0;0;88;0;70;0;
4128;1715788;998752256;15167488;1092726784;0;0;0;0;0;0;0;0;0;0;0;1523;0;0;88;0;70;0;
4129;1904001;998752256;15167488;1092726784;0;0;0;0;0;0;0;0;0;0;0;1473;0;0;88;0;70;0;
4130;1859007;998752256;15167488;1092726784;0;0;0;0;0;0;0;0;0;0;0;1413;0;0;88;0;70;0;
4131;1852344;998752256;15167488;1092726784;0;0;0;0;0;0;0;0;0;0;0;1243;0;0;88;0;70;0;
4132;1974503;998752256;15167488;1092726784;0;0;0;0;0;0;0;0;0;0;0;1443;0;0;88;0;70;0;
4133;2075272;998752256;15167488;1092726784;0;0;0;0;0;0;0;0;0;0;0;1503;0;0;88;0;70;0;
4134;1250145;998752256;15167488;1092726784;0;0;0;0;0;0;0;0;0;0;0;1683;0;0;88;0;70;0;
4135;1472562;998752256;15167488;1092726784;0;0;0;0;0;0;0;0;0;0;0;1493;0;0;88;0;70;0;
4136;4721154;998752256;15167488;1092726784;0;0;0;0;0;0;0;0;0;0;0;1834;0;0;88;0;70;0;
4137;3537364;998752256;15167488;1092726784;0;0;0;0;0;0;0;0;0;0;0;1603;0;0;88;0;70;0;
4138;1567309;998752256;15167488;1092726784;0;0;0;0;0;0;0;0;0;0;0;1503;0;0;88;0;70;0;
4139;1394205;998752256;15167488;1092726784;0;0;0;0;0;0;0;0;0;0;0;1473;0;0;88;0;70;0;
4140;1928417;998752256;15167488;1092726784;0;0;0;0;0;0;0;0;0;0;0;1342;0;0;88;0;70;0;
4141;2316966;999014400;15167488;1092726784;0;0;0;0;0;0;0;0;0;0;0;1422;0;0;88;0;70;0;
4142;2670799;999014400;15167488;1092726784;0;0;0;0;0;0;0;0;0;0;0;1422;0;0;88;0;70;0;
4143;2028253;999014400;15167488;1092726784;0;0;0;0;0;0;0;0;0;0;0;1242;0;0;88;0;70;0;
4144;1545488;999014400;15167488;1092726784;0;0;0;0;0;0;0;0;0;0;0;1492;0;0;88;0;70;0;
4145;1795898;999014400;15167488;1092726784;0;0;0;0;0;0;0;0;0;0;0;1553;0;0;88;0;70;0;
4146;2118784;999014400;15167488;1092726784;0;0;0;0;0;0;0;0;0;0;0;1463;0;0;88;0;70;0;
4147;1616381;999014400;15167488;1092726784;0;0;0;0;0;0;0;0;0;0;0;1522;0;0;88;0;70;0;
4148;2275378;999014400;15167488;1092726784;0;0;0;0;0;0;0;0;0;0;0;1563;0;0;88;0;70;0;
4149;11100869;999014400;15167488;1092726784;0;0;0;0;0;0;0;0;0;0;0;2104;0;0;88;0;70;0;
4150;5008783;999280640;15167488;1092726784;0;0;0;0;0;0;0;0;0;0;0;1483;0;0;88;0;70;0;
4151;2249599;999280640;15167488;1092726784;0;0;0;0;0;0;0;0;0;0;0;1422;0;0;88;0;70;0;
4152;2004289;999280640;15167488;1092726784;0;0;0;0;0;0;0;0;0;0;0;1523;0;0;88;0;70;0;
4153;2504937;999280640;15167488;1092726784;0;0;0;0;0;0;0;0;0;0;0;1422;0;0;88;0;70;0;
4154;2029446;999280640;15167488;1092726784;0;0;0;0;0;0;0;0;0;0;0;1563;0;0;88;0;70;0;
4155;1830343;999280640;15167488;1092726784;0;0;0;0;0;0;0;0;0;0;0;1603;0;0;88;0;70;0;
4156;1282956;999280640;15167488;1092726784;0;0;0;0;0;0;0;0;0;0;0;1583;0;0;88;0;70;0;
4157;2067597;999280640;15167488;1092726784;0;0;0;0;0;0;0;0;0;0;0;30587;0;0;88;0;70;0;
4158;2601879;999280640;15167488;1092726784;0;0;0;0;0;0;0;0;0;0;0;1423;0;0;88;0;70;0;
4159;2198794;999280640;15167488;1092726784;0;0;0;0;0;0;0;0;0;0;0;1512;0;0;88;0;70;0;
4160;2193264;999280640;15167488;1092726784;0;0;0;0;0;0;0;0;0;0;0;1452;0;0;88;0;70;0;
4161;2673784;999280640;15167488;1092726784;0;0;0;0;0;0;0;0;0;0;0;1523;0;0;88;0;70;0;
4162;5719276;999280640;15167488;1092726784;0;0;0;0;0;0;0;0;0;0;0;1984;0;0;88;0;70;0;
4163;3149396;999280640;15167488;1092726784;0;0;0;0;0;0;0;0;0;0;0;1563;0;0;88;0;70;0;
4164;1678518;999280640;15167488;1092726784;0;0;0;0;0;0;0;0;0;0;0;1452;0;0;88;0;70;0;
4165;1509510;999280640;15167488;1092726784;0;0;0;0;0;0;0;0;0;0;0;1493;0;0;88;0;70;0;
4166;2524474;999280640;15167488;1092726784;0;0;0;0;0;0;0;0;0;0;0;1262;0;0;88;0;70;0;
4167;2595869;999280640;15167488;1092726784;0;0;0;0;0;0;0;0;0;0;0;1473;0;0;88;0;70;0;
4168;1692604;999280640;15167488;1092726784;0;0;0;0;0;0;0;0;0;0;0;1543;0;0;88;0;70;0;
4169;2843082;999280640;15167488;1092726784;0;0;0;0;0;0;0;0;0;0;0;1253;0;0;88;0;70;0;
4170;1919570;999280640;15167488;1092726784;0;0;0;0;0;0;0;0;0;0;0;1293;0;0;88;0;70;0;
4171;2256362;999280640;15167488;1092726784;0;0;0;0;0;0;0;0;0;0;0;1493;0;0;88;0;70;0;
4172;1377494;999280640;15159296;1092718592;0;0;0;0;0;0;0;0;0;0;0;1613;0;0;88;0;70;0;
4173;2108875;999280640;15159296;1092718592;0;0;0;0;0;0;0;0;0;0;0;1453;0;0;88;0;70;0;
4174;2175249;999280640;15159296;1092718592;0;0;0;0;0;0;0;0;0;0;0;1402;0;0;88;0;70;0;
4175;5315448;999280640;15159296;1092718592;0;0;0;0;0;0;0;0;0;0;0;1593;0;0;88;0;70;0;
4176;3819222;999280640;15159296;1092718592;0;0;0;0;0;0;0;0;0;0;0;5700;0;0;88;0;70;0;
4177;2532800;999280640;15159296;1092718592;0;0;0;0;0;0;0;0;0;0;0;2975;0;0;88;0;70;0;
4178;3039801;999280640;15159296;1092718592;0;0;0;0;0;0;0;0;0;0;0;1994;0;0;88;0;70;0;
4179;3578631;999280640;15159296;1092718592;0;0;0;0;0;0;0;0;0;0;0;1473;0;0;88;0;70;0;
4180;2944913;999280640;15159296;1092718592;0;0;0;0;0;0;0;0;0;0;0;1703;0;0;88;0;70;0;
4181;2147337;999280640;15159296;1092718592;0;0;0;0;0;0;0;0;0;0;0;1643;0;0;88;0;70;0;
4182;2402205;999280640;15159296;1092718592;0;0;0;0;0;0;0;0;0;0;0;1462;0;0;88;0;70;0;
4183;2115357;999280640;15159296;1092718592;0;0;0;0;0;0;0;0;0;0;0;1432;0;0;88;0;70;0;
4184;2335520;999280640;15159296;1092718592;0;0;0;0;0;0;0;0;0;0;0;1443;0;0;88;0;70;0;
4185;2585740;999280640;15159296;1092718592;0;0;0;0;0;0;0;0;0;0;0;1453;0;0;88;0;70;0;
4186;2258356;999280640;15159296;1092718592;0;0;0;0;0;0;0;0;0;0;0;1282;0;0;88;0;70;0;
4187;1862783;999280640;15159296;1092718592;0;0;0;0;0;0;0;0;0;0;0;1503;0;0;88;0;70;0;
4188;5718214;999280640;15159296;1092718592;0;0;0;0;0;0;0;0;0;0;0;1493;0;0;88;0;70;0;
4189;3502489;999280640;15159296;1092718592;0;0;0;0;0;0;0;0;0;0;0;1403;0;0;88;0;70;0;
4190;1712422;999280640;15159296;1092718592;0;0;0;0;0;0;0;0;0;0;0;1503;0;0;88;0;70;0;
4191;1564985;999280640;15159296;1092718592;0;0;0;0;0;0;0;0;0;0;0;1443;0;0;88;0;70;0;
4192;2480281;999280640;15159296;1092718592;0;0;0;0;0;0;0;0;0;0;0;1573;0;0;88;0;70;0;
4193;1712602;999280640;15159296;1092718592;0;0;0;0;0;0;0;0;0;0;0;1543;0;0;88;0;70;0;
4194;2058169;999280640;15159296;1092718592;0;0;0;0;0;0;0;0;0;0;0;1563;0;0;88;0;70;0;
4195;2559820;999280640;15159296;1092718592;0;0;0;0;0;0;0;0;0;0;0;1413;0;0;88;0;70;0;
4196;2677651;999280640;15159296;1092718592;0;0;0;0;0;0;0;0;0;0;0;1533;0;0;88;0;70;0;
4197;1227963;999280640;15159296;1092718592;0;0;0;0;0;0;0;0;0;0;0;1432;0;0;88;0;70;0;
4198;2479850;999280640;15159296;1092718592;0;0;0;0;0;0;0;0;0;0;0;1452;0;0;88;0;70;0;
4199;3021166;999280640;15159296;1092718592;0;0;0;0;0;0;0;0;0;0;0;1513;0;0;88;0;70;0;
4200;2936136;999280640;15159296;1092718592;0;0;0;0;0;0;0;0;0;0;0;1492;0;0;88;0;70;0;
4201;5769009;999280640;15159296;1092718592;0;0;0;0;0;0;0;0;0;0;0;1493;0;0;88;0;70;0;
4202;3389457;999280640;15159296;1092718592;0;0;0;0;0;0;0;0;0;0;0;1533;0;0;88;0;70;0;
4203;2275848;999280640;15159296;1092718592;0;0;0;0;0;0;0;0;0;0;0;1462;0;0;88;0;70;0;
4204;2541817;999280640;15159296;1092718592;0;0;0;0;0;0;0;0;0;0;0;1503;0;0;88;0;70;0;
4205;2925646;999280640;15159296;1092718592;0;0;0;0;0;0;0;0;0;0;0;1363;0;0;88;0;70;0;
4206;2477015;999280640;15159296;1092718592;0;0;0;0;0;0;0;0;0;0;0;1422;0;0;88;0;70;0;
4207;2458691;999280640;15159296;1092718592;0;0;0;0;0;0;0;0;0;0;0;1402;0;0;88;0;70;0;
4208;2233789;999280640;15159296;1092718592;0;0;0;0;0;0;0;0;0;0;0;1392;0;0;88;0;70;0;
4209;2107201;999280640;15159296;1092718592;0;0;0;0;0;0;0;0;0;0;0;1483;0;0;88;0;70;0;
4210;2151164;999280640;15159296;1092718592;0;0;0;0;0;0;0;0;0;0;0;1423;0;0;88;0;70;0;
4211;2301285;999280640;15159296;1092718592;0;0;0;0;0;0;0;0;0;0;0;1513;0;0;88;0;70;0;
4212;2852489;999280640;15159296;1092718592;0;0;0;0;0;0;0;0;0;0;0;1473;0;0;88;0;70;0;
4213;2000572;999280640;15159296;1092718592;0;0;0;0;0;0;0;0;0;0;0;1412;0;0;88;0;70;0;
4214;6201380;999280640;15159296;1092718592;0;0;0;0;0;0;0;0;0;0;0;1863;0;0;88;0;70;0;
4215;3083273;999280640;15159296;1092718592;0;0;0;0;0;0;0;0;0;0;0;1532;0;0;88;0;70;0;
4216;1769829;999280640;15159296;1092718592;0;0;0;0;0;0;0;0;0;0;0;2064;0;0;88;0;70;0;
4217;1833879;999280640;15159296;1092718592;0;0;0;0;0;0;0;0;0;0;0;1443;0;0;88;0;70;0;
4218;1968632;999280640;15159296;1092718592;0;0;0;0;0;0;0;0;0;0;0;1443;0;0;88;0;70;0;
4219;2458952;999280640;15159296;1092718592;0;0;0;0;0;0;0;0;0;0;0;1533;0;0;88;0;70;0;
4220;2322535;999280640;15159296;1092718592;0;0;0;0;0;0;0;0;0;0;0;1843;0;0;88;0;70;0;
4221;3052064;999280640;15159296;1092718592;0;0;0;0;0;0;0;0;0;0;0;1824;0;0;88;0;70;0;
4222;2648767;999280640;15159296;1092718592;0;0;0;0;0;0;0;0;0;0;0;1573;0;0;88;0;70;0;
4223;1971988;999280640;15159296;1092718592;0;0;0;0;0;0;0;0;0;0;0;1503;0;0;88;0;70;0;
4224;2752431;999280640;15159296;1092718592;0;0;0;0;0;0;0;0;0;0;0;1393;0;0;88;0;70;0;
4225;1663940;999280640;15159296;1092718592;0;0;0;0;0;0;0;0;0;0;0;1363;0;0;88;0;70;0;
4226;2271780;999280640;15159296;1092718592;0;0;0;0;0;0;0;0;0;0;0;1483;0;0;88;0;70;0;
4227;5753751;999280640;15159296;1092718592;0;0;0;0;0;0;0;0;0;0;0;3307;0;0;88;0;70;0;
4228;3444419;999280640;15159296;1092718592;0;0;0;0;0;0;0;0;0;0;0;1713;0;0;88;0;70;0;
4229;2353453;999280640;15159296;1092718592;0;0;0;0;0;0;0;0;0;0;0;2044;0;0;88;0;70;0;
4230;2867427;999280640;15159296;1092718592;0;0;0;0;0;0;0;0;0;0;0;1683;0;0;88;0;70;0;
4231;4383360;999280640;15159296;1092718592;0;0;0;0;0;0;0;0;0;0;0;6112;0;0;88;0;70;0;
4232;2719299;999280640;15159296;1092718592;0;0;0;0;0;0;0;0;0;0;0;2114;0;0;88;0;70;0;
4233;2608812;999280640;15159296;1092718592;0;0;0;0;0;0;0;0;0;0;0;1542;0;0;88;0;70;0;
4234;3848698;999280640;15159296;1092718592;0;0;0;0;0;0;0;0;0;0;0;1603;0;0;88;0;70;0;
4235;1686142;999280640;15159296;1092718592;0;0;0;0;0;0;0;0;0;0;0;1763;0;0;88;0;70;0;
4236;2270268;999280640;15159296;1092718592;0;0;0;0;0;0;0;0;0;0;0;1503;0;0;88;0;70;0;
4237;3057854;999280640;15159296;1092718592;0;0;0;0;0;0;0;0;0;0;0;1423;0;0;88;0;70;0;
4238;2663004;999280640;15159296;1092718592;0;0;0;0;0;0;0;0;0;0;0;1523;0;0;88;0;70;0;
4239;1692685;999280640;15159296;1092718592;0;0;0;0;0;0;0;0;0;0;0;1634;0;0;88;0;70;0;
4240;5964014;999280640;15159296;1092718592;0;0;0;0;0;0;0;0;0;0;0;2435;0;0;88;0;70;0;
4241;4145655;999280640;15159296;1092718592;0;0;0;0;0;0;0;0;0;0;0;1443;0;0;88;0;70;0;
4242;2612289;999280640;15159296;1092718592;0;0;0;0;0;0;0;0;0;0;0;1442;0;0;88;0;70;0;
4243;2211828;999280640;15159296;1092718592;0;0;0;0;0;0;0;0;0;0;0;1393;0;0;88;0;70;0;
4244;2777028;999280640;15159296;1092718592;0;0;0;0;0;0;0;0;0;0;0;1523;0;0;88;0;70;0;
4245;1539226;999280640;15159296;1092718592;0;0;0;0;0;0;0;0;0;0;0;1603;0;0;88;0;70;0;
4246;1620059;999280640;15159296;1092718592;0;0;0;0;0;0;0;0;0;0;0;1502;0;0;88;0;70;0;
4247;2292439;999280640;15159296;1092718592;0;0;0;0;0;0;0;0;0;0;0;1462;0;0;88;0;70;0;
4248;1877702;999280640;15159296;1092718592;0;0;0;0;0;0;0;0;0;0;0;1242;0;0;88;0;70;0;
4249;1595862;999280640;15159296;1092718592;0;0;0;0;0;0;0;0;0;0;0;1252;0;0;88;0;70;0;
4250;2299533;999280640;15159296;1092718592;0;0;0;0;0;0;0;0;0;0;0;1583;0;0;88;0;70;0;
4251;1538064;999280640;15159296;1092718592;0;0;0;0;0;0;0;0;0;0;0;1243;0;0;88;0;70;0;
4252;1628053;999280640;15159296;1092718592;0;0;0;0;0;0;0;0;0;0;0;1463;0;0;88;0;70;0;
4253;5232973;999280640;15159296;1092718592;0;0;0;0;0;0;0;0;0;0;0;3447;0;0;88;0;70;0;
4254;3399706;999280640;15159296;1092718592;0;0;0;0;0;0;0;0;0;0;0;1382;0;0;88;0;70;0;
4255;1734022;999280640;15159296;1092718592;0;0;0;0;0;0;0;0;0;0;0;1393;0;0;88;0;70;0;
4256;2057208;999280640;15159296;1092718592;0;0;0;0;0;0;0;0;0;0;0;1452;0;0;88;0;70;0;
4257;2644008;999280640;15159296;1092718592;0;0;0;0;0;0;0;0;0;0;0;1242;0;0;88;0;70;0;
4258;1461731;999280640;15159296;1092718592;0;0;0;0;0;0;0;0;0;0;0;1472;0;0;88;0;70;0;
4259;1153323;999280640;15159296;1092718592;0;0;0;0;0;0;0;0;0;0;0;1433;0;0;88;0;70;0;
4260;1569443;999280640;15159296;1092718592;0;0;0;0;0;0;0;0;0;0;0;1272;0;0;88;0;70;0;
4261;1429360;999280640;15159296;1092718592;0;0;0;0;0;0;0;0;0;0;0;1473;0;0;88;0;70;0;
4262;1514300;999280640;15159296;1092718592;0;0;0;0;0;0;0;0;0;0;0;1383;0;0;88;0;70;0;
4263;2039816;999280640;15159296;1092718592;0;0;0;0;0;0;0;0;0;0;0;1473;0;0;88;0;70;0;
4264;2126068;999280640;15159296;1092718592;0;0;0;0;0;0;0;0;0;0;0;1483;0;0;88;0;70;0;
4265;1899302;999280640;15159296;1092718592;0;0;0;0;0;0;0;0;0;0;0;1453;0;0;88;0;70;0;
4266;5881681;999280640;15159296;1092718592;0;0;0;0;0;0;0;0;0;0;0;1893;0;0;88;0;70;0;
4267;3369509;999280640;15159296;1092718592;0;0;0;0;0;0;0;0;0;0;0;1983;0;0;88;0;70;0;
4268;2201919;999280640;15159296;1092718592;0;0;0;0;0;0;0;0;0;0;0;1483;0;0;88;0;70;0;
4269;1802821;999280640;15159296;1092718592;0;0;0;0;0;0;0;0;0;0;0;1684;0;0;88;0;70;0;
4270;2750829;999280640;15159296;1092718592;0;0;0;0;0;0;0;0;0;0;0;1262;0;0;88;0;70;0;
4271;1526132;999280640;15159296;1092718592;0;0;0;0;0;0;0;0;0;0;0;1593;0;0;88;0;70;0;
4272;1378876;999280640;15159296;1092718592;0;0;0;0;0;0;0;0;0;0;0;1463;0;0;88;0;70;0;
4273;2880632;999280640;15159296;1092718592;0;0;0;0;0;0;0;0;0;0;0;1282;0;0;88;0;70;0;
4274;2089509;999280640;15159296;1092718592;0;0;0;0;0;0;0;0;0;0;0;1252;0;0;88;0;70;0;
4275;1341667;999280640;15159296;1092718592;0;0;0;0;0;0;0;0;0;0;0;1283;0;0;88;0;70;0;
4276;2381827;999280640;15159296;1092718592;0;0;0;0;0;0;0;0;0;0;0;1402;0;0;88;0;70;0;
4277;1241749;999280640;15159296;1092718592;0;0;0;0;0;0;0;0;0;0;0;1643;0;0;88;0;70;0;
4278;3354211;999280640;15159296;1092718592;0;0;0;0;0;0;0;0;0;0;0;1553;0;0;88;0;70;0;
4279;5001520;999280640;15159296;1092718592;0;0;0;0;0;0;0;0;0;0;0;2225;0;0;88;0;70;0;
4280;3646278;999280640;15159296;1092718592;0;0;0;0;0;0;0;0;0;0;0;1443;0;0;88;0;70;0;
4281;1973221;999280640;15159296;1092718592;0;0;0;0;0;0;0;0;0;0;0;1724;0;0;88;0;70;0;
4282;1646277;999280640;15159296;1092718592;0;0;0;0;0;0;0;0;0;0;0;201107;0;0;88;0;70;0;
4283;2074139;999280640;15159296;1092718592;0;0;0;0;0;0;0;0;0;0;0;1614;0;0;88;0;70;0;
4284;2264937;999280640;15159296;1092718592;0;0;0;0;0;0;0;0;0;0;0;1513;0;0;88;0;70;0;
4285;1818570;999280640;15159296;1092718592;0;0;0;0;0;0;0;0;0;0;0;1403;0;0;88;0;70;0;
4286;1634906;999280640;15159296;1092718592;0;0;0;0;0;0;0;0;0;0;0;1493;0;0;88;0;70;0;
4287;1144025;999280640;15159296;1092718592;0;0;0;0;0;0;0;0;0;0;0;1593;0;0;88;0;70;0;
4288;1571988;999280640;15159296;1092718592;0;0;0;0;0;0;0;0;0;0;0;1733;0;0;88;0;70;0;
4289;3899824;999280640;15159296;1092718592;0;0;0;0;0;0;0;0;0;0;0;13846;0;0;88;0;70;0;
4290;3010997;999280640;15159296;1092718592;0;0;0;0;0;0;0;0;0;0;0;2194;0;0;88;0;70;0;
4291;1943014;999280640;15159296;1092718592;0;0;0;0;0;0;0;0;0;0;0;1423;0;0;88;0;70;0;
4292;5966930;999280640;15159296;1092718592;0;0;0;0;0;0;0;0;0;0;0;2465;0;0;88;0;70;0;
4293;3451623;999280640;15159296;1092718592;0;0;0;0;0;0;0;0;0;0;0;1624;0;0;88;0;70;0;
4294;2372259;999280640;15159296;1092718592;0;0;0;0;0;0;0;0;0;0;0;1562;0;0;88;0;70;0;
4295;1377634;999280640;15159296;1092718592;0;0;0;0;0;0;0;0;0;0;0;1433;0;0;88;0;70;0;
4296;3131173;999280640;15159296;1092718592;0;0;0;0;0;0;0;0;0;0;0;1443;0;0;88;0;70;0;
4297;1812960;999280640;15159296;1092718592;0;0;0;0;0;0;0;0;0;0;0;1693;0;0;88;0;70;0;
4298;2276519;999280640;15159296;1092718592;0;0;0;0;0;0;0;0;0;0;0;1443;0;0;88;0;70;0;
4299;2845116;999280640;15159296;1092718592;0;0;0;0;0;0;0;0;0;0;0;1503;0;0;88;0;70;0;
4300;1853346;999280640;15159296;1092718592;0;0;0;0;0;0;0;0;0;0;0;1433;0;0;88;0;70;0;
4301;2389631;999280640;15159296;1092718592;0;0;0;0;0;0;0;0;0;0;0;1503;0;0;88;0;70;0;
4302;2650210;999280640;15159296;1092718592;0;0;0;0;0;0;0;0;0;0;0;1573;0;0;88;0;70;0;
4303;1928877;999280640;15159296;1092718592;0;0;0;0;0;0;0;0;0;0;0;1432;0;0;88;0;70;0;
4304;1986826;999280640;15159296;1092718592;0;0;0;0;0;0;0;0;0;0;0;1533;0;0;88;0;70;0;
4305;5522397;999280640;15159296;1092718592;0;0;0;0;0;0;0;0;0;0;0;2374;0;0;88;0;70;0;
4306;4223531;999280640;15159296;1092718592;0;0;0;0;0;0;0;0;0;0;0;1723;0;0;88;0;70;0;
4307;2195648;999280640;15159296;1092718592;0;0;0;0;0;0;0;0;0;0;0;1793;0;0;88;0;70;0;
4308;2801093;999280640;15159296;1092718592;0;0;0;0;0;0;0;0;0;0;0;1893;0;0;88;0;70;0;
4309;3831275;999280640;15159296;1092718592;0;0;0;0;0;0;0;0;0;0;0;1432;0;0;88;0;70;0;
4310;2476073;999280640;15159296;1092718592;0;0;0;0;0;0;0;0;0;0;0;1663;0;0;88;0;70;0;
4311;2231775;999280640;15159296;1092718592;0;0;0;0;0;0;0;0;0;0;0;1704;0;0;88;0;70;0;
4312;2796184;999280640;15159296;1092718592;0;0;0;0;0;0;0;0;0;0;0;1613;0;0;88;0;70;0;
4313;2653126;999280640;15159296;1092718592;0;0;0;0;0;0;0;0;0;0;0;2084;0;0;88;0;70;0;
4314;1888141;999280640;15159296;1092718592;0;0;0;0;0;0;0;0;0;0;0;1212;0;0;88;0;70;0;
4315;1678277;999280640;15159296;1092718592;0;0;0;0;0;0;0;0;0;0;0;1483;0;0;88;0;70;0;
4316;1510823;999280640;15159296;1092718592;0;0;0;0;0;0;0;0;0;0;0;1242;0;0;88;0;70;0;
4317;1795828;999280640;15159296;1092718592;0;0;0;0;0;0;0;0;0;0;0;1703;0;0;88;0;70;0;
4318;5416227;999280640;15159296;1092718592;0;0;0;0;0;0;0;0;0;0;0;3076;0;0;88;0;70;0;
4319;3172269;999280640;15159296;1092718592;0;0;0;0;0;0;0;0;0;0;0;1573;0;0;88;0;70;0;
4320;2573015;999280640;15159296;1092718592;0;0;0;0;0;0;0;0;0;0;0;2074;0;0;88;0;70;0;
4321;2125336;999280640;15159296;1092718592;0;0;0;0;0;0;0;0;0;0;0;1462;0;0;88;0;70;0;
4322;2216376;999280640;15159296;1092718592;0;0;0;0;0;0;0;0;0;0;0;1683;0;0;88;0;70;0;
4323;1554125;999280640;15159296;1092718592;0;0;0;0;0;0;0;0;0;0;0;1513;0;0;88;0;70;0;
4324;2268855;999280640;15159296;1092718592;0;0;0;0;0;0;0;0;0;0;0;1623;0;0;88;0;70;0;
4325;2880372;999280640;15159296;1092718592;0;0;0;0;0;0;0;0;0;0;0;2184;0;0;88;0;70;0;
4326;2545284;999280640;15159296;1092718592;0;0;0;0;0;0;0;0;0;0;0;1623;0;0;88;0;70;0;
4327;2232587;999280640;15159296;1092718592;0;0;0;0;0;0;0;0;0;0;0;1744;0;0;88;0;70;0;
4328;2735310;999280640;15159296;1092718592;0;0;0;0;0;0;0;0;0;0;0;1723;0;0;88;0;70;0;
4329;2026040;999280640;15159296;1092718592;0;0;0;0;0;0;0;0;0;0;0;1463;0;0;88;0;70;0;
4330;1444819;999280640;15159296;1092718592;0;0;0;0;0;0;0;0;0;0;0;1543;0;0;88;0;70;0;
4331;5654234;999280640;15159296;1092718592;0;0;0;0;0;0;0;0;0;0;0;2825;0;0;88;0;70;0;
4332;4199906;999280640;15159296;1092718592;0;0;0;0;0;0;0;0;0;0;0;2265;0;0;88;0;70;0;
4333;2585529;999280640;15159296;1092718592;0;0;0;0;0;0;0;0;0;0;0;1763;0;0;88;0;70;0;
4334;2163778;999280640;15159296;1092718592;0;0;0;0;0;0;0;0;0;0;0;1803;0;0;88;0;70;0;
4335;2085761;999280640;15159296;1092718592;0;0;0;0;0;0;0;0;0;0;0;1373;0;0;88;0;70;0;
4336;828954;999280640;15159296;1092718592;0;0;0;0;0;0;0;0;0;0;0;1403;0;0;88;0;70;0;
4337;849243;999280640;15159296;1092718592;0;0;0;0;0;0;0;0;0;0;0;1443;0;0;88;0;70;0;
4338;1619928;999280640;15159296;1092718592;0;0;0;0;0;0;0;0;0;0;0;1392;0;0;88;0;70;0;
4339;2601900;999280640;15159296;1092718592;0;0;0;0;0;0;0;0;0;0;0;5210;0;0;88;0;70;0;
4340;1750794;999280640;15159296;1092718592;0;0;0;0;0;0;0;0;0;0;0;1653;0;0;88;0;70;0;
4341;2800772;999280640;15159296;1092718592;0;0;0;0;0;0;0;0;0;0;0;1603;0;0;88;0;70;0;
4342;1735104;999280640;15159296;1092718592;0;0;0;0;0;0;0;0;0;0;0;1653;0;0;88;0;70;0;
4343;1293777;999280640;15159296;1092718592;0;0;0;0;0;0;0;0;0;0;0;1433;0;0;88;0;70;0;
4344;4306115;999280640;15159296;1092718592;0;0;0;0;0;0;0;0;0;0;0;1733;0;0;88;0;70;0;
4345;2475422;999280640;15159296;1092718592;0;0;0;0;0;0;0;0;0;0;0;1382;0;0;88;0;70;0;
4346;1595201;999280640;15159296;1092718592;0;0;0;0;0;0;0;0;0;0;0;1423;0;0;88;0;70;0;
4347;2318568;999280640;15159296;1092718592;0;0;0;0;0;0;0;0;0;0;0;1452;0;0;88;0;70;0;
4348;2004399;999280640;15159296;1092718592;0;0;0;0;0;0;0;0;0;0;0;1463;0;0;88;0;70;0;
4349;1580685;999280640;15159296;1092718592;0;0;0;0;0;0;0;0;0;0;0;1373;0;0;88;0;70;0;
4350;2764775;999280640;15159296;1092718592;0;0;0;0;0;0;0;0;0;0;0;1493;0;0;88;0;70;0;
4351;1842906;999280640;15159296;1092718592;0;0;0;0;0;0;0;0;0;0;0;1653;0;0;88;0;70;0;
4352;2007435;999280640;15159296;1092718592;0;0;0;0;0;0;0;0;0;0;0;1423;0;0;88;0;70;0;
4353;2589957;999280640;15159296;1092718592;0;0;0;0;0;0;0;0;0;0;0;1603;0;0;88;0;70;0;
4354;2150643;999280640;15159296;1092718592;0;0;0;0;0;0;0;0;0;0;0;1203;0;0;88;0;70;0;
4355;1931222;999280640;15159296;1092718592;0;0;0;0;0;0;0;0;0;0;0;1362;0;0;88;0;70;0;
4356;5215250;999280640;15159296;1092718592;0;0;0;0;0;0;0;0;0;0;0;2274;0;0;88;0;70;0;
4357;2628689;999280640;15167488;1092726784;0;0;0;0;0;0;0;0;0;0;0;1593;0;0;88;0;70;0;
4358;2412584;999280640;15167488;1092726784;0;0;0;0;0;0;0;0;0;0;0;1653;0;0;88;0;70;0;
4359;2154721;999280640;15167488;1092726784;0;0;0;0;0;0;0;0;0;0;0;1392;0;0;88;0;70;0;
4360;2328056;999280640;15167488;1092726784;0;0;0;0;0;0;0;0;0;0;0;1413;0;0;88;0;70;0;
4361;1270463;999280640;15167488;1092726784;0;0;0;0;0;0;0;0;0;0;0;1453;0;0;88;0;70;0;
4362;2295595;999280640;15167488;1092726784;0;0;0;0;0;0;0;0;0;0;0;1664;0;0;88;0;70;0;
4363;2329589;999280640;15167488;1092726784;0;0;0;0;0;0;0;0;0;0;0;1593;0;0;88;0;70;0;
4364;2301346;999280640;15167488;1092726784;0;0;0;0;0;0;0;0;0;0;0;1412;0;0;88;0;70;0;
4365;2365947;999280640;15167488;1092726784;0;0;0;0;0;0;0;0;0;0;0;1653;0;0;88;0;70;0;
4366;2177393;999280640;15167488;1092726784;0;0;0;0;0;0;0;0;0;0;0;1393;0;0;88;0;70;0;
4367;2502854;999280640;15167488;1092726784;0;0;0;0;0;0;0;0;0;0;0;1342;0;0;88;0;70;0;
4368;2595919;999280640;15167488;1092726784;0;0;0;0;0;0;0;0;0;0;0;1513;0;0;88;0;70;0;
4369;5454880;999280640;15167488;1092726784;0;0;0;0;0;0;0;0;0;0;0;1493;0;0;88;0;70;0;
4370;3232742;999280640;15167488;1092726784;0;0;0;0;0;0;0;0;0;0;0;1553;0;0;88;0;70;0;
4371;2463520;999280640;15167488;1092726784;0;0;0;0;0;0;0;0;0;0;0;1433;0;0;88;0;70;0;
4372;1849889;999280640;15167488;1092726784;0;0;0;0;0;0;0;0;0;0;0;1452;0;0;88;0;70;0;
4373;2469050;999280640;15167488;1092726784;0;0;0;0;0;0;0;0;0;0;0;1382;0;0;88;0;70;0;
4374;2209885;999280640;15167488;1092726784;0;0;0;0;0;0;0;0;0;0;0;1543;0;0;88;0;70;0;
4375;2470853;999280640;15167488;1092726784;0;0;0;0;0;0;0;0;0;0;0;1443;0;0;88;0;70;0;
4376;2428244;999280640;15167488;1092726784;0;0;0;0;0;0;0;0;0;0;0;1433;0;0;88;0;70;0;
4377;2254207;999280640;15167488;1092726784;0;0;0;0;0;0;0;0;0;0;0;1502;0;0;88;0;70;0;
4378;1925231;999280640;15167488;1092726784;0;0;0;0;0;0;0;0;0;0;0;1462;0;0;88;0;70;0;
4379;2991430;999280640;15159296;1092718592;0;0;0;0;0;0;0;0;0;0;0;28904;0;0;88;0;70;0;
4380;1396119;999280640;15159296;1092718592;0;0;0;0;0;0;0;0;0;0;0;1363;0;0;88;0;70;0;
4381;1953654;999280640;15159296;1092718592;0;0;0;0;0;0;0;0;0;0;0;1433;0;0;88;0;70;0;
4382;5652080;999280640;15159296;1092718592;0;0;0;0;0;0;0;0;0;0;0;2043;0;0;88;0;70;0;
4383;2780614;999280640;15159296;1092718592;0;0;0;0;0;0;0;0;0;0;0;1583;0;0;88;0;70;0;
4384;1810305;999280640;15159296;1092718592;0;0;0;0;0;0;0;0;0;0;0;1473;0;0;88;0;70;0;
4385;2239921;999280640;15159296;1092718592;0;0;0;0;0;0;0;0;0;0;0;1393;0;0;88;0;70;0;
4386;1793764;999280640;15159296;1092718592;0;0;0;0;0;0;0;0;0;0;0;1533;0;0;88;0;70;0;
4387;2804199;999280640;15159296;1092718592;0;0;0;0;0;0;0;0;0;0;0;1773;0;0;88;0;70;0;
4388;3695050;999280640;15159296;1092718592;0;0;0;0;0;0;0;0;0;0;0;1664;0;0;88;0;70;0;
4389;3208227;999280640;15159296;1092718592;0;0;0;0;0;0;0;0;0;0;0;1433;0;0;88;0;70;0;
4390;1645646;999280640;15159296;1092718592;0;0;0;0;0;0;0;0;0;0;0;1382;0;0;88;0;70;0;
4391;2310943;999280640;15159296;1092718592;0;0;0;0;0;0;0;0;0;0;0;1433;0;0;88;0;70;0;
4392;1975685;999280640;15159296;1092718592;0;0;0;0;0;0;0;0;0;0;0;1543;0;0;88;0;70;0;
4393;2094959;999280640;15159296;1092718592;0;0;0;0;0;0;0;0;0;0;0;1383;0;0;88;0;70;0;
4394;4973107;999280640;15159296;1092718592;0;0;0;0;0;0;0;0;0;0;0;1893;0;0;88;0;70;0;
4395;3844160;999280640;15167488;1092726784;0;0;0;0;0;0;0;0;0;0;0;1643;0;0;88;0;70;0;
4396;2812224;999280640;15167488;1092726784;0;0;0;0;0;0;0;0;0;0;0;2165;0;0;88;0;70;0;
4397;2887816;999280640;15167488;1092726784;0;0;0;0;0;0;0;0;0;0;0;1403;0;0;88;0;70;0;
4398;1657990;999280640;15167488;1092726784;0;0;0;0;0;0;0;0;0;0;0;1483;0;0;88;0;70;0;
4399;2244619;999280640;15167488;1092726784;0;0;0;0;0;0;0;0;0;0;0;1813;0;0;88;0;70;0;
4400;2076203;999280640;15167488;1092726784;0;0;0;0;0;0;0;0;0;0;0;1593;0;0;88;0;70;0;
4401;2196189;999280640;15167488;1092726784;0;0;0;0;0;0;0;0;0;0;0;1243;0;0;88;0;70;0;
4402;2120486;999280640;15167488;1092726784;0;0;0;0;0;0;0;0;0;0;0;1442;0;0;88;0;70;0;
4403;2783430;999280640;15167488;1092726784;0;0;0;0;0;0;0;0;0;0;0;1953;0;0;88;0;70;0;
4404;1965146;999280640;15167488;1092726784;0;0;0;0;0;0;0;0;0;0;0;1532;0;0;88;0;70;0;
4405;1847234;999280640;15167488;1092726784;0;0;0;0;0;0;0;0;0;0;0;1433;0;0;88;0;70;0;
4406;5095325;999280640;15167488;1092726784;0;0;0;0;0;0;0;0;0;0;0;1944;0;0;88;0;70;0;
4407;4903907;999280640;15167488;1092726784;0;0;0;0;0;0;0;0;0;0;0;27642;0;0;88;0;70;0;
4408;2362982;999280640;15167488;1092726784;0;0;0;0;0;0;0;0;0;0;0;1593;0;0;88;0;70;0;
4409;1705489;999280640;15167488;1092726784;0;0;0;0;0;0;0;0;0;0;0;1553;0;0;88;0;70;0;
4410;2336542;999280640;15167488;1092726784;0;0;0;0;0;0;0;0;0;0;0;1413;0;0;88;0;70;0;
4411;1861581;999280640;15167488;1092726784;0;0;0;0;0;0;0;0;0;0;0;1362;0;0;88;0;70;0;
4412;2173486;999280640;15167488;1092726784;0;0;0;0;0;0;0;0;0;0;0;1653;0;0;88;0;70;0;
4413;3494784;999280640;15167488;1092726784;0;0;0;0;0;0;0;0;0;0;0;1403;0;0;88;0;70;0;
4414;1778635;999280640;15167488;1092726784;0;0;0;0;0;0;0;0;0;0;0;1603;0;0;88;0;70;0;
4415;2640762;999280640;15167488;1092726784;0;0;0;0;0;0;0;0;0;0;0;1653;0;0;88;0;70;0;
4416;1876770;999280640;15167488;1092726784;0;0;0;0;0;0;0;0;0;0;0;1643;0;0;88;0;70;0;
4417;2109105;999280640;15167488;1092726784;0;0;0;0;0;0;0;0;0;0;0;1483;0;0;88;0;70;0;
4418;1310007;999280640;15167488;1092726784;0;0;0;0;0;0;0;0;0;0;0;1493;0;0;88;0;70;0;
4419;4862499;999280640;15167488;1092726784;0;0;0;0;0;0;0;0;0;0;0;1613;0;0;88;0;70;0;
4420;3566499;999280640;15167488;1092726784;0;0;0;0;0;0;0;0;0;0;0;1693;0;0;88;0;70;0;
4421;1990623;999280640;15167488;1092726784;0;0;0;0;0;0;0;0;0;0;0;1703;0;0;88;0;70;0;
4422;1929548;999280640;15167488;1092726784;0;0;0;0;0;0;0;0;0;0;0;1393;0;0;88;0;70;0;
4423;2568677;999280640;15167488;1092726784;0;0;0;0;0;0;0;0;0;0;0;1593;0;0;88;0;70;0;
4424;2721164;999280640;15167488;1092726784;0;0;0;0;0;0;0;0;0;0;0;1693;0;0;88;0;70;0;
4425;1471910;999280640;15167488;1092726784;0;0;0;0;0;0;0;0;0;0;0;1533;0;0;88;0;70;0;
4426;1973772;999280640;15167488;1092726784;0;0;0;0;0;0;0;0;0;0;0;1483;0;0;88;0;70;0;
4427;2176822;999280640;15167488;1092726784;0;0;0;0;0;0;0;0;0;0;0;1453;0;0;88;0;70;0;
4428;2240301;999280640;15159296;1092718592;0;0;0;0;0;0;0;0;0;0;0;1884;0;0;88;0;70;0;
4429;2420660;999280640;15159296;1092718592;0;0;0;0;0;0;0;0;0;0;0;2033;0;0;88;0;70;0;
4430;2369664;999280640;15159296;1092718592;0;0;0;0;0;0;0;0;0;0;0;1663;0;0;88;0;70;0;
4431;5017620;999280640;15159296;1092718592;0;0;0;0;0;0;0;0;0;0;0;1593;0;0;88;0;70;0;
4432;3226942;999280640;15167488;1092726784;0;0;0;0;0;0;0;0;0;0;0;1503;0;0;88;0;70;0;
4433;2370817;999280640;15167488;1092726784;0;0;0;0;0;0;0;0;0;0;0;1513;0;0;88;0;70;0;
4434;2008807;999280640;15167488;1092726784;0;0;0;0;0;0;0;0;0;0;0;1433;0;0;88;0;70;0;
4435;3022468;999280640;15167488;1092726784;0;0;0;0;0;0;0;0;0;0;0;1653;0;0;88;0;70;0;
4436;2733136;999280640;15167488;1092726784;0;0;0;0;0;0;0;0;0;0;0;1593;0;0;88;0;70;0;
4437;1809704;999280640;15167488;1092726784;0;0;0;0;0;0;0;0;0;0;0;1553;0;0;88;0;70;0;
4438;2427332;999280640;15167488;1092726784;0;0;0;0;0;0;0;0;0;0;0;1423;0;0;88;0;70;0;
4439;1956349;999280640;15167488;1092726784;0;0;0;0;0;0;0;0;0;0;0;1663;0;0;88;0;70;0;
4440;2344487;999280640;15167488;1092726784;0;0;0;0;0;0;0;0;0;0;0;1643;0;0;88;0;70;0;
4441;1677637;999280640;15167488;1092726784;0;0;0;0;0;0;0;0;0;0;0;1482;0;0;88;0;70;0;
4442;2187412;999280640;15167488;1092726784;0;0;0;0;0;0;0;0;0;0;0;1453;0;0;88;0;70;0;
4443;2446568;999280640;15167488;1092726784;0;0;0;0;0;0;0;0;0;0;0;1243;0;0;88;0;70;0;
4444;4566263;999280640;15167488;1092726784;0;0;0;0;0;0;0;0;0;0;0;1894;0;0;88;0;70;0;
4445;3923438;999280640;15167488;1092726784;0;0;0;0;0;0;0;0;0;0;0;1663;0;0;88;0;70;0;
4446;2323177;999280640;15167488;1092726784;0;0;0;0;0;0;0;0;0;0;0;1623;0;0;88;0;70;0;
4447;2103975;999280640;15167488;1092726784;0;0;0;0;0;0;0;0;0;0;0;1523;0;0;88;0;70;0;
4448;2797977;999280640;15167488;1092726784;0;0;0;0;0;0;0;0;0;0;0;1743;0;0;88;0;70;0;
4449;2257003;999280640;15167488;1092726784;0;0;0;0;0;0;0;0;0;0;0;1313;0;0;88;0;70;0;
4450;3171177;999280640;15167488;1092726784;0;0;0;0;0;0;0;0;0;0;0;1834;0;0;88;0;70;0;
4451;2969148;999280640;15167488;1092726784;0;0;0;0;0;0;0;0;0;0;0;1773;0;0;88;0;70;0;
4452;1819582;999280640;15167488;1092726784;0;0;0;0;0;0;0;0;0;0;0;1453;0;0;88;0;70;0;
4453;2297689;999280640;15159296;1092718592;0;0;0;0;0;0;0;0;0;0;0;1473;0;0;88;0;70;0;
4454;2540474;999280640;15159296;1092718592;0;0;0;0;0;0;0;0;0;0;0;1523;0;0;88;0;70;0;
4455;1963162;999280640;15159296;1092718592;0;0;0;0;0;0;0;0;0;0;0;1433;0;0;88;0;70;0;
4456;5433911;999280640;15159296;1092718592;0;0;0;0;0;0;0;0;0;0;0;1743;0;0;88;0;70;0;
4457;3774017;999280640;15167488;1092726784;0;0;0;0;0;0;0;0;0;0;0;1953;0;0;88;0;70;0;
4458;1509831;999280640;15167488;1092726784;0;0;0;0;0;0;0;0;0;0;0;1483;0;0;88;0;70;0;
4459;1379577;999280640;15167488;1092726784;0;0;0;0;0;0;0;0;0;0;0;1442;0;0;88;0;70;0;
4460;1984312;999280640;15167488;1092726784;0;0;0;0;0;0;0;0;0;0;0;1423;0;0;88;0;70;0;
4461;1555337;999280640;15167488;1092726784;0;0;0;0;0;0;0;0;0;0;0;1493;0;0;88;0;70;0;
4462;1837726;999280640;15167488;1092726784;0;0;0;0;0;0;0;0;0;0;0;1844;0;0;88;0;70;0;
4463;2972345;999280640;15167488;1092726784;0;0;0;0;0;0;0;0;0;0;0;1633;0;0;88;0;70;0;
4464;2249809;999280640;15167488;1092726784;0;0;0;0;0;0;0;0;0;0;0;1593;0;0;88;0;70;0;
4465;1170094;999280640;15167488;1092726784;0;0;0;0;0;0;0;0;0;0;0;1462;0;0;88;0;70;0;
4466;2200607;999280640;15167488;1092726784;0;0;0;0;0;0;0;0;0;0;0;1433;0;0;88;0;70;0;
4467;2396434;999280640;15167488;1092726784;0;0;0;0;0;0;0;0;0;0;0;1563;0;0;88;0;70;0;
4468;2559961;999280640;15167488;1092726784;0;0;0;0;0;0;0;0;0;0;0;1583;0;0;88;0;70;0;
4469;5300831;999280640;15167488;1092726784;0;0;0;0;0;0;0;0;0;0;0;128551;0;0;88;0;70;0;
4470;2284093;999280640;15167488;1092726784;0;0;0;0;0;0;0;0;0;0;0;1442;0;0;88;0;70;0;
4471;1793703;999280640;15167488;1092726784;0;0;0;0;0;0;0;0;0;0;0;1583;0;0;88;0;70;0;
4472;1872852;999280640;15167488;1092726784;0;0;0;0;0;0;0;0;0;0;0;1453;0;0;88;0;70;0;
4473;2172575;999280640;15167488;1092726784;0;0;0;0;0;0;0;0;0;0;0;1583;0;0;88;0;70;0;
4474;1981245;999280640;15167488;1092726784;0;0;0;0;0;0;0;0;0;0;0;1383;0;0;88;0;70;0;
4475;2731663;999280640;15167488;1092726784;0;0;0;0;0;0;0;0;0;0;0;1433;0;0;88;0;70;0;
4476;1962891;999280640;15167488;1092726784;0;0;0;0;0;0;0;0;0;0;0;1483;0;0;88;0;70;0;
4477;1769378;999280640;15167488;1092726784;0;0;0;0;0;0;0;0;0;0;0;1493;0;0;88;0;70;0;
4478;2723497;999268352;15147008;1092706304;0;0;0;0;0;0;0;0;0;0;0;1473;0;0;88;0;70;0;
4479;2245120;999268352;15147008;1092706304;0;0;0;0;0;0;0;0;0;0;0;1804;0;0;88;0;70;0;
4480;2447219;999268352;15147008;1092706304;0;0;0;0;0;0;0;0;0;0;0;1493;0;0;88;0;70;0;
4481;5308215;999268352;15147008;1092706304;0;0;0;0;0;0;0;0;0;0;0;1714;0;0;88;0;70;0;
4482;2457629;999268352;15147008;1092706304;0;0;0;0;0;0;0;0;0;0;0;1573;0;0;88;0;70;0;
4483;1845561;999268352;15147008;1092706304;0;0;0;0;0;0;0;0;0;0;0;1423;0;0;88;0;70;0;
4484;2827754;999268352;15147008;1092706304;0;0;0;0;0;0;0;0;0;0;0;1422;0;0;88;0;70;0;
4485;2618251;999268352;15147008;1092706304;0;0;0;0;0;0;0;0;0;0;0;1703;0;0;88;0;70;0;
4486;1746746;999268352;15147008;1092706304;0;0;0;0;0;0;0;0;0;0;0;1613;0;0;88;0;70;0;
4487;1996725;999268352;15147008;1092706304;0;0;0;0;0;0;0;0;0;0;0;1513;0;0;88;0;70;0;
4488;1497618;999268352;15147008;1092706304;0;0;0;0;0;0;0;0;0;0;0;1483;0;0;88;0;70;0;
4489;1605181;999268352;15147008;1092706304;0;0;0;0;0;0;0;0;0;0;0;1563;0;0;88;0;70;0;
4490;2353704;999268352;15147008;1092706304;0;0;0;0;0;0;0;0;0;0;0;1472;0;0;88;0;70;0;
4491;1946801;999268352;15147008;1092706304;0;0;0;0;0;0;0;0;0;0;0;1402;0;0;88;0;70;0;
4492;2183986;999268352;15147008;1092706304;0;0;0;0;0;0;0;0;0;0;0;1473;0;0;88;0;70;0;
4493;5617756;999268352;15151104;1092710400;0;0;0;0;0;0;0;0;0;0;0;1803;0;0;88;0;70;0;
4494;3070689;999268352;15159296;1092718592;0;0;0;0;0;0;0;0;0;0;0;1523;0;0;88;0;70;0;
4495;2105117;999268352;15159296;1092718592;0;0;0;0;0;0;0;0;0;0;0;1473;0;0;88;0;70;0;
4496;1360020;999268352;15159296;1092718592;0;0;0;0;0;0;0;0;0;0;0;1443;0;0;88;0;70;0;
4497;2292409;999268352;15159296;1092718592;0;0;0;0;0;0;0;0;0;0;0;1413;0;0;88;0;70;0;
4498;1569945;999268352;15159296;1092718592;0;0;0;0;0;0;0;0;0;0;0;1503;0;0;88;0;70;0;
4499;2141426;999268352;15159296;1092718592;0;0;0;0;0;0;0;0;0;0;0;1412;0;0;88;0;70;0;
4500;2699843;999268352;15159296;1092718592;0;0;0;0;0;0;0;0;0;0;0;1603;0;0;88;0;70;0;
4501;2208893;999268352;15159296;1092718592;0;0;0;0;0;0;0;0;0;0;0;1492;0;0;88;0;70;0;
4502;2855214;999268352;15159296;1092718592;0;0;0;0;0;0;0;0;0;0;0;1523;0;0;88;0;70;0;
4503;2076915;999268352;15159296;1092718592;0;0;0;0;0;0;0;0;0;0;0;1443;0;0;88;0;70;0;
4504;2372609;999268352;15159296;1092718592;0;0;0;0;0;0;0;0;0;0;0;1472;0;0;88;0;70;0;
4505;2379332;999268352;15159296;1092718592;0;0;0;0;0;0;0;0;0;0;0;1473;0;0;88;0;70;0;
4506;4963729;999268352;15159296;1092718592;0;0;0;0;0;0;0;0;0;0;0;1473;0;0;88;0;70;0;
4507;3368538;999268352;15159296;1092718592;0;0;0;0;0;0;0;0;0;0;0;1453;0;0;88;0;70;0;
4508;2707698;999268352;15159296;1092718592;0;0;0;0;0;0;0;0;0;0;0;1252;0;0;88;0;70;0;
4509;1964233;999268352;15159296;1092718592;0;0;0;0;0;0;0;0;0;0;0;1443;0;0;88;0;70;0;
4510;2352021;999268352;15159296;1092718592;0;0;0;0;0;0;0;0;0;0;0;1393;0;0;88;0;70;0;
4511;2399661;999268352;15159296;1092718592;0;0;0;0;0;0;0;0;0;0;0;1433;0;0;88;0;70;0;
4512;2895430;999268352;15159296;1092718592;0;0;0;0;0;0;0;0;0;0;0;1463;0;0;88;0;70;0;
4513;2732084;999268352;15159296;1092718592;0;0;0;0;0;0;0;0;0;0;0;1503;0;0;88;0;70;0;
4514;1951670;999268352;15159296;1092718592;0;0;0;0;0;0;0;0;0;0;0;1453;0;0;88;0;70;0;
4515;2079660;999268352;15159296;1092718592;0;0;0;0;0;0;0;0;0;0;0;1493;0;0;88;0;70;0;
4516;3282496;999268352;15159296;1092718592;0;0;0;0;0;0;0;0;0;0;0;1483;0;0;88;0;70;0;
4517;2755849;999268352;15159296;1092718592;0;0;0;0;0;0;0;0;0;0;0;1493;0;0;88;0;70;0;
4518;2933341;999268352;15159296;1092718592;0;0;0;0;0;0;0;0;0;0;0;1442;0;0;88;0;70;0;
4519;5285322;999268352;15159296;1092718592;0;0;0;0;0;0;0;0;0;0;0;1522;0;0;88;0;70;0;
4520;3175605;999268352;15159296;1092718592;0;0;0;0;0;0;0;0;0;0;0;1272;0;0;88;0;70;0;
4521;2038242;999268352;15159296;1092718592;0;0;0;0;0;0;0;0;0;0;0;1533;0;0;88;0;70;0;
4522;2589586;999268352;15159296;1092718592;0;0;0;0;0;0;0;0;0;0;0;1483;0;0;88;0;70;0;
4523;3031124;999268352;15159296;1092718592;0;0;0;0;0;0;0;0;0;0;0;1443;0;0;88;0;70;0;
4524;2270468;999268352;15159296;1092718592;0;0;0;0;0;0;0;0;0;0;0;1643;0;0;88;0;70;0;
4525;2070052;999268352;15159296;1092718592;0;0;0;0;0;0;0;0;0;0;0;1262;0;0;88;0;70;0;
4526;2458972;999268352;15159296;1092718592;0;0;0;0;0;0;0;0;0;0;0;1473;0;0;88;0;70;0;
4527;2882516;999268352;15159296;1092718592;0;0;0;0;0;0;0;0;0;0;0;1473;0;0;88;0;70;0;
4528;1654723;999268352;15159296;1092718592;0;0;0;0;0;0;0;0;0;0;0;1403;0;0;88;0;70;0;
4529;2804690;999268352;15159296;1092718592;0;0;0;0;0;0;0;0;0;0;0;1473;0;0;88;0;70;0;
4530;2908855;999268352;15159296;1092718592;0;0;0;0;0;0;0;0;0;0;0;1353;0;0;88;0;70;0;
4531;1983310;999268352;15159296;1092718592;0;0;0;0;0;0;0;0;0;0;0;1513;0;0;88;0;70;0;
4532;5629578;999268352;15159296;1092718592;0;0;0;0;0;0;0;0;0;0;0;1854;0;0;88;0;70;0;
4533;9384429;999268352;15159296;1092718592;0;0;0;0;0;0;0;0;0;0;0;1453;0;0;88;0;70;0;
4534;2639790;999268352;15159296;1092718592;0;0;0;0;0;0;0;0;0;0;0;1543;0;0;88;0;70;0;
4535;2105048;999268352;15159296;1092718592;0;0;0;0;0;0;0;0;0;0;0;1443;0;0;88;0;70;0;
4536;2700334;999268352;15159296;1092718592;0;0;0;0;0;0;0;0;0;0;0;1483;0;0;88;0;70;0;
4537;1878864;999268352;15159296;1092718592;0;0;0;0;0;0;0;0;0;0;0;1503;0;0;88;0;70;0;
4538;1508158;999268352;15159296;1092718592;0;0;0;0;0;0;0;0;0;0;0;1422;0;0;88;0;70;0;
4539;2666772;999268352;15159296;1092718592;0;0;0;0;0;0;0;0;0;0;0;1493;0;0;88;0;70;0;
4540;2405091;999268352;15159296;1092718592;0;0;0;0;0;0;0;0;0;0;0;1442;0;0;88;0;70;0;
4541;2314350;999268352;15159296;1092718592;0;0;0;0;0;0;0;0;0;0;0;1553;0;0;88;0;70;0;
4542;2865975;999268352;15159296;1092718592;0;0;0;0;0;0;0;0;0;0;0;1623;0;0;88;0;70;0;
4543;1299718;999268352;15159296;1092718592;0;0;0;0;0;0;0;0;0;0;0;1383;0;0;88;0;70;0;
4544;2045576;999268352;15159296;1092718592;0;0;0;0;0;0;0;0;0;0;0;1433;0;0;88;0;70;0;
4545;5038540;999268352;15159296;1092718592;0;0;0;0;0;0;0;0;0;0;0;1753;0;0;88;0;70;0;
4546;3976798;999268352;15163392;1092722688;0;0;0;0;0;0;0;0;0;0;0;1433;0;0;88;0;70;0;
4547;1800427;999268352;15163392;1092722688;0;0;0;0;0;0;0;0;0;0;0;1363;0;0;88;0;70;0;
4548;2980460;999268352;15163392;1092722688;0;0;0;0;0;0;0;0;0;0;0;1503;0;0;88;0;70;0;
4549;1734363;999268352;15163392;1092722688;0;0;0;0;0;0;0;0;0;0;0;1553;0;0;88;0;70;0;
4550;2967054;999268352;15163392;1092722688;0;0;0;0;0;0;0;0;0;0;0;1483;0;0;88;0;70;0;
4551;2784021;999268352;15163392;1092722688;0;0;0;0;0;0;0;0;0;0;0;1513;0;0;88;0;70;0;
4552;2169999;999268352;15163392;1092722688;0;0;0;0;0;0;0;0;0;0;0;1422;0;0;88;0;70;0;
4553;2581381;999268352;15163392;1092722688;0;0;0;0;0;0;0;0;0;0;0;1473;0;0;88;0;70;0;
4554;2206138;999268352;15163392;1092722688;0;0;0;0;0;0;0;0;0;0;0;1383;0;0;88;0;70;0;
4555;1821096;999268352;15163392;1092722688;0;0;0;0;0;0;0;0;0;0;0;1423;0;0;88;0;70;0;
4556;2105930;999268352;15163392;1092722688;0;0;0;0;0;0;0;0;0;0;0;1443;0;0;88;0;70;0;
4557;4297690;999268352;15163392;1092722688;0;0;0;0;0;0;0;0;0;0;0;1573;0;0;88;0;70;0;
4558;2129513;999268352;15171584;1092730880;0;0;0;0;0;0;0;0;0;0;0;1352;0;0;88;0;70;0;
4559;1354370;999268352;15171584;1092730880;0;0;0;0;0;0;0;0;0;0;0;1503;0;0;88;0;70;0;
4560;1030854;999268352;15171584;1092730880;0;0;0;0;0;0;0;0;0;0;0;1422;0;0;88;0;70;0;
4561;1722831;999268352;15171584;1092730880;0;0;0;0;0;0;0;0;0;0;0;1393;0;0;88;0;70;0;
4562;1623063;999268352;15171584;1092730880;0;0;0;0;0;0;0;0;0;0;0;1362;0;0;88;0;70;0;
4563;1801579;999268352;15171584;1092730880;0;0;0;0;0;0;0;0;0;0;0;1473;0;0;88;0;70;0;
4564;1597456;999268352;15171584;1092730880;0;0;0;0;0;0;0;0;0;0;0;1403;0;0;88;0;70;0;
4565;1601003;999268352;15171584;1092730880;0;0;0;0;0;0;0;0;0;0;0;1533;0;0;88;0;70;0;
4566;1392642;999268352;15171584;1092730880;0;0;0;0;0;0;0;0;0;0;0;1533;0;0;88;0;70;0;
4567;1702223;999268352;15171584;1092730880;0;0;0;0;0;0;0;0;0;0;0;1512;0;0;88;0;70;0;
4568;1819241;999268352;15171584;1092730880;0;0;0;0;0;0;0;0;0;0;0;1703;0;0;88;0;70;0;
4569;1999460;999268352;15171584;1092730880;0;0;0;0;0;0;0;0;0;0;0;1453;0;0;88;0;70;0;
4570;4408558;999268352;15171584;1092730880;0;0;0;0;0;0;0;0;0;0;0;1813;0;0;88;0;70;0;
4571;1916875;999268352;15171584;1092730880;0;0;0;0;0;0;0;0;0;0;0;1433;0;0;88;0;70;0;
4572;975209;999268352;15171584;1092730880;0;0;0;0;0;0;0;0;0;0;0;1402;0;0;88;0;70;0;
4573;1372304;999268352;15171584;1092730880;0;0;0;0;0;0;0;0;0;0;0;1452;0;0;88;0;70;0;
4574;1461561;999268352;15171584;1092730880;0;0;0;0;0;0;0;0;0;0;0;1443;0;0;88;0;70;0;
4575;956294;999268352;15171584;1092730880;0;0;0;0;0;0;0;0;0;0;0;1954;0;0;88;0;70;0;
4576;1688166;999268352;15171584;1092730880;0;0;0;0;0;0;0;0;0;0;0;1453;0;0;88;0;70;0;
4577;1695479;999268352;15171584;1092730880;0;0;0;0;0;0;0;0;0;0;0;1563;0;0;88;0;70;0;
4578;1723542;999268352;15171584;1092730880;0;0;0;0;0;0;0;0;0;0;0;1533;0;0;88;0;70;0;
4579;1816466;999268352;15171584;1092730880;0;0;0;0;0;0;0;0;0;0;0;1443;0;0;88;0;70;0;
4580;1634265;999284736;15163392;1092722688;0;0;0;0;0;0;0;0;0;0;0;1453;0;0;88;0;70;0;
4581;1823380;999284736;15163392;1092722688;0;0;0;0;0;0;0;0;0;0;0;1543;0;0;88;0;70;0;
4582;1091066;999284736;15163392;1092722688;0;0;0;0;0;0;0;0;0;0;0;1522;0;0;88;0;70;0;
4583;4119155;999284736;15163392;1092722688;0;0;0;0;0;0;0;0;0;0;0;1774;0;0;88;0;70;0;
4584;2108595;999284736;15163392;1092722688;0;0;0;0;0;0;0;0;0;0;0;1553;0;0;88;0;70;0;
4585;1940348;999284736;15163392;1092722688;0;0;0;0;0;0;0;0;0;0;0;1413;0;0;88;0;70;0;
4586;1409313;999284736;15163392;1092722688;0;0;0;0;0;0;0;0;0;0;0;1523;0;0;88;0;70;0;
4587;1886468;999284736;15163392;1092722688;0;0;0;0;0;0;0;0;0;0;0;1422;0;0;88;0;70;0;
4588;1576236;999284736;15163392;1092722688;0;0;0;0;0;0;0;0;0;0;0;1422;0;0;88;0;70;0;
4589;1735104;999284736;15163392;1092722688;0;0;0;0;0;0;0;0;0;0;0;1423;0;0;88;0;70;0;
4590;1725707;999284736;15163392;1092722688;0;0;0;0;0;0;0;0;0;0;0;1583;0;0;88;0;70;0;
4591;1682305;999284736;15163392;1092722688;0;0;0;0;0;0;0;0;0;0;0;1422;0;0;88;0;70;0;
4592;1712542;999284736;15163392;1092722688;0;0;0;0;0;0;0;0;0;0;0;1452;0;0;88;0;70;0;
4593;1743199;999284736;15163392;1092722688;0;0;0;0;0;0;0;0;0;0;0;1273;0;0;88;0;70;0;
4594;1332038;999284736;15163392;1092722688;0;0;0;0;0;0;0;0;0;0;0;1423;0;0;88;0;70;0;
4595;1407971;999284736;15163392;1092722688;0;0;0;0;0;0;0;0;0;0;0;1593;0;0;88;0;70;0;
4596;4722386;999284736;15163392;1092722688;0;0;0;0;0;0;0;0;0;0;0;1553;0;0;88;0;70;0;
4597;3178030;999284736;15163392;1092722688;0;0;0;0;0;0;0;0;0;0;0;1433;0;0;88;0;70;0;
4598;2082726;999284736;15163392;1092722688;0;0;0;0;0;0;0;0;0;0;0;1423;0;0;88;0;70;0;
4599;2299642;999284736;15163392;1092722688;0;0;0;0;0;0;0;0;0;0;0;1502;0;0;88;0;70;0;
4600;1337448;999284736;15163392;1092722688;0;0;0;0;0;0;0;0;0;0;0;1643;0;0;88;0;70;0;
4601;1561910;999284736;15163392;1092722688;0;0;0;0;0;0;0;0;0;0;0;1372;0;0;88;0;70;0;
4602;2570881;999284736;15163392;1092722688;0;0;0;0;0;0;0;0;0;0;0;1282;0;0;88;0;70;0;
4603;1493931;999284736;15163392;1092722688;0;0;0;0;0;0;0;0;0;0;0;1372;0;0;88;0;70;0;
4604;1470207;999284736;15163392;1092722688;0;0;0;0;0;0;0;0;0;0;0;1383;0;0;88;0;70;0;
4605;1951410;999284736;15163392;1092722688;0;0;0;0;0;0;0;0;0;0;0;1393;0;0;88;0;70;0;
4606;1944907;999284736;15163392;1092722688;0;0;0;0;0;0;0;0;0;0;0;1483;0;0;88;0;70;0;
4607;1682775;999284736;15163392;1092722688;0;0;0;0;0;0;0;0;0;0;0;1432;0;0;88;0;70;0;
4608;5125091;999284736;15163392;1092722688;0;0;0;0;0;0;0;0;0;0;0;1273;0;0;88;0;70;0;
4609;2866556;999284736;15171584;1092730880;0;0;0;0;0;0;0;0;0;0;0;1442;0;0;88;0;70;0;
4610;1946159;999284736;15171584;1092730880;0;0;0;0;0;0;0;0;0;0;0;1493;0;0;88;0;70;0;
4611;1750212;999284736;15171584;1092730880;0;0;0;0;0;0;0;0;0;0;0;1422;0;0;88;0;70;0;
4612;2784962;999284736;15171584;1092730880;0;0;0;0;0;0;0;0;0;0;0;1453;0;0;88;0;70;0;
4613;1705900;999284736;15171584;1092730880;0;0;0;0;0;0;0;0;0;0;0;1503;0;0;88;0;70;0;
4614;2139222;999284736;15171584;1092730880;0;0;0;0;0;0;0;0;0;0;0;1472;0;0;88;0;70;0;
4615;2572674;999284736;15171584;1092730880;0;0;0;0;0;0;0;0;0;0;0;1473;0;0;88;0;70;0;
4616;2080933;999284736;15171584;1092730880;0;0;0;0;0;0;0;0;0;0;0;1523;0;0;88;0;70;0;
4617;2117892;999284736;15171584;1092730880;0;0;0;0;0;0;0;0;0;0;0;1432;0;0;88;0;70;0;
4618;2021682;999284736;15171584;1092730880;0;0;0;0;0;0;0;0;0;0;0;1413;0;0;88;0;70;0;
4619;1854568;999284736;15171584;1092730880;0;0;0;0;0;0;0;0;0;0;0;5510;0;0;88;0;70;0;
4620;2169168;999284736;15171584;1092730880;0;0;0;0;0;0;0;0;0;0;0;1573;0;0;88;0;70;0;
4621;5086249;999284736;15171584;1092730880;0;0;0;0;0;0;0;0;0;0;0;2465;0;0;88;0;70;0;
4622;4187834;999284736;15171584;1092730880;0;0;0;0;0;0;0;0;0;0;0;1653;0;0;88;0;70;0;
4623;1162690;999284736;15171584;1092730880;0;0;0;0;0;0;0;0;0;0;0;1393;0;0;88;0;70;0;
4624;2206368;999284736;15171584;1092730880;0;0;0;0;0;0;0;0;0;0;0;1553;0;0;88;0;70;0;
4625;2338756;999284736;15171584;1092730880;0;0;0;0;0;0;0;0;0;0;0;1363;0;0;88;0;70;0;
4626;2019327;999284736;15171584;1092730880;0;0;0;0;0;0;0;0;0;0;0;31389;0;0;88;0;70;0;
4627;1584261;999284736;15171584;1092730880;0;0;0;0;0;0;0;0;0;0;0;1433;0;0;88;0;70;0;
4628;1661957;999284736;15171584;1092730880;0;0;0;0;0;0;0;0;0;0;0;1633;0;0;88;0;70;0;
4629;2083738;999284736;15171584;1092730880;0;0;0;0;0;0;0;0;0;0;0;1523;0;0;88;0;70;0;
4630;1849538;999284736;15171584;1092730880;0;0;0;0;0;0;0;0;0;0;0;124394;0;0;88;0;70;0;
4631;2247014;999284736;15163392;1092722688;0;0;0;0;0;0;0;0;0;0;0;1573;0;0;88;0;70;0;
4632;2005992;999284736;15163392;1092722688;0;0;0;0;0;0;0;0;0;0;0;1503;0;0;88;0;70;0;
4633;2256051;999284736;15163392;1092722688;0;0;0;0;0;0;0;0;0;0;0;1423;0;0;88;0;70;0;
4634;4804621;999284736;15163392;1092722688;0;0;0;0;0;0;0;0;0;0;0;1493;0;0;88;0;70;0;
4635;2769494;999284736;15163392;1092722688;0;0;0;0;0;0;0;0;0;0;0;1843;0;0;88;0;70;0;
4636;2034956;999284736;15163392;1092722688;0;0;0;0;0;0;0;0;0;0;0;1503;0;0;88;0;70;0;
4637;1948985;999284736;15163392;1092722688;0;0;0;0;0;0;0;0;0;0;0;1372;0;0;88;0;70;0;
4638;2366118;999284736;15163392;1092722688;0;0;0;0;0;0;0;0;0;0;0;1533;0;0;88;0;70;0;
4639;2266451;999284736;15163392;1092722688;0;0;0;0;0;0;0;0;0;0;0;1492;0;0;88;0;70;0;
4640;1716059;999284736;15163392;1092722688;0;0;0;0;0;0;0;0;0;0;0;1513;0;0;88;0;70;0;
4641;2138080;999284736;15163392;1092722688;0;0;0;0;0;0;0;0;0;0;0;1804;0;0;88;0;70;0;
4642;1580614;999284736;15163392;1092722688;0;0;0;0;0;0;0;0;0;0;0;1272;0;0;88;0;70;0;
4643;2035677;999284736;15163392;1092722688;0;0;0;0;0;0;0;0;0;0;0;1443;0;0;88;0;70;0;
4644;2252685;999284736;15163392;1092722688;0;0;0;0;0;0;0;0;0;0;0;1463;0;0;88;0;70;0;
4645;1837265;999284736;15163392;1092722688;0;0;0;0;0;0;0;0;0;0;0;1483;0;0;88;0;70;0;
4646;2076224;999284736;15163392;1092722688;0;0;0;0;0;0;0;0;0;0;0;1503;0;0;88;0;70;0;
4647;4764806;999284736;15163392;1092722688;0;0;0;0;0;0;0;0;0;0;0;67907;0;0;88;0;70;0;
4648;2503264;999284736;15163392;1092722688;0;0;0;0;0;0;0;0;0;0;0;1473;0;0;88;0;70;0;
4649;1838138;999284736;15163392;1092722688;0;0;0;0;0;0;0;0;0;0;0;1493;0;0;88;0;70;0;
4650;2065283;999284736;15163392;1092722688;0;0;0;0;0;0;0;0;0;0;0;1533;0;0;88;0;70;0;
4651;2862698;999284736;15163392;1092722688;0;0;0;0;0;0;0;0;0;0;0;1423;0;0;88;0;70;0;
4652;1928317;999284736;15163392;1092722688;0;0;0;0;0;0;0;0;0;0;0;1362;0;0;88;0;70;0;
4653;1522736;999284736;15163392;1092722688;0;0;0;0;0;0;0;0;0;0;0;1472;0;0;88;0;70;0;
4654;2588685;999284736;15163392;1092722688;0;0;0;0;0;0;0;0;0;0;0;1463;0;0;88;0;70;0;
4655;1448727;999284736;15163392;1092722688;0;0;0;0;0;0;0;0;0;0;0;1422;0;0;88;0;70;0;
4656;1881538;999284736;15163392;1092722688;0;0;0;0;0;0;0;0;0;0;0;1453;0;0;88;0;70;0;
4657;2474832;999284736;15163392;1092722688;0;0;0;0;0;0;0;0;0;0;0;1453;0;0;88;0;70;0;
4658;2250049;999284736;15163392;1092722688;0;0;0;0;0;0;0;0;0;0;0;1473;0;0;88;0;70;0;
4659;1944216;999284736;15163392;1092722688;0;0;0;0;0;0;0;0;0;0;0;1523;0;0;88;0;70;0;
4660;5064037;999284736;15163392;1092722688;0;0;0;0;0;0;0;0;0;0;0;1543;0;0;88;0;70;0;
4661;3373516;999284736;15163392;1092722688;0;0;0;0;0;0;0;0;0;0;0;1463;0;0;88;0;70;0;
4662;2112642;999284736;15163392;1092722688;0;0;0;0;0;0;0;0;0;0;0;1543;0;0;88;0;70;0;
4663;2162346;999284736;15163392;1092722688;0;0;0;0;0;0;0;0;0;0;0;1453;0;0;88;0;70;0;
4664;2222227;999284736;15163392;1092722688;0;0;0;0;0;0;0;0;0;0;0;1543;0;0;88;0;70;0;
4665;2020319;999284736;15163392;1092722688;0;0;0;0;0;0;0;0;0;0;0;1673;0;0;88;0;70;0;
4666;2041519;999284736;15163392;1092722688;0;0;0;0;0;0;0;0;0;0;0;1533;0;0;88;0;70;0;
4667;2200326;999284736;15163392;1092722688;0;0;0;0;0;0;0;0;0;0;0;1603;0;0;88;0;70;0;
4668;2107562;999284736;15163392;1092722688;0;0;0;0;0;0;0;0;0;0;0;1453;0;0;88;0;70;0;
4669;2442942;999284736;15163392;1092722688;0;0;0;0;0;0;0;0;0;0;0;1433;0;0;88;0;70;0;
4670;1923487;999284736;15163392;1092722688;0;0;0;0;0;0;0;0;0;0;0;1533;0;0;88;0;70;0;
4671;2316003;999284736;15163392;1092722688;0;0;0;0;0;0;0;0;0;0;0;1493;0;0;88;0;70;0;
4672;2066936;999284736;15163392;1092722688;0;0;0;0;0;0;0;0;0;0;0;1513;0;0;88;0;70;0;
4673;5188991;999284736;15163392;1092722688;0;0;0;0;0;0;0;0;0;0;0;1313;0;0;88;0;70;0;
4674;3595583;999284736;15163392;1092722688;0;0;0;0;0;0;0;0;0;0;0;1532;0;0;88;0;70;0;
4675;1430072;999284736;15163392;1092722688;0;0;0;0;0;0;0;0;0;0;0;1493;0;0;88;0;70;0;
4676;2420880;999284736;15163392;1092722688;0;0;0;0;0;0;0;0;0;0;0;1482;0;0;88;0;70;0;
4677;2327805;999284736;15163392;1092722688;0;0;0;0;0;0;0;0;0;0;0;1653;0;0;88;0;70;0;
4678;2202792;999284736;15163392;1092722688;0;0;0;0;0;0;0;0;0;0;0;1463;0;0;88;0;70;0;
4679;1729163;999284736;15163392;1092722688;0;0;0;0;0;0;0;0;0;0;0;1413;0;0;88;0;70;0;
4680;2395562;999284736;15163392;1092722688;0;0;0;0;0;0;0;0;0;0;0;1453;0;0;88;0;70;0;
4681;2110007;999284736;15163392;1092722688;0;0;0;0;0;0;0;0;0;0;0;1543;0;0;88;0;70;0;
4682;2133010;999284736;15163392;1092722688;0;0;0;0;0;0;0;0;0;0;0;1593;0;0;88;0;70;0;
4683;2078648;999284736;15163392;1092722688;0;0;0;0;0;0;0;0;0;0;0;1452;0;0;88;0;70;0;
4684;2264747;999284736;15163392;1092722688;0;0;0;0;0;0;0;0;0;0;0;1463;0;0;88;0;70;0;
4685;2295204;999284736;15163392;1092722688;0;0;0;0;0;0;0;0;0;0;0;1502;0;0;88;0;70;0;
4686;4712287;999284736;15163392;1092722688;0;0;0;0;0;0;0;0;0;0;0;1623;0;0;88;0;70;0;
4687;4233219;999284736;15163392;1092722688;0;0;0;0;0;0;0;0;0;0;0;1443;0;0;88;0;70;0;
4688;2247475;999284736;15163392;1092722688;0;0;0;0;0;0;0;0;0;0;0;1703;0;0;88;0;70;0;
4689;1583469;999284736;15163392;1092722688;0;0;0;0;0;0;0;0;0;0;0;1563;0;0;88;0;70;0;
4690;2759706;999284736;15163392;1092722688;0;0;0;0;0;0;0;0;0;0;0;1553;0;0;88;0;70;0;
4691;1321408;999284736;15163392;1092722688;0;0;0;0;0;0;0;0;0;0;0;1753;0;0;88;0;70;0;
4692;2390423;999284736;15163392;1092722688;0;0;0;0;0;0;0;0;0;0;0;1553;0;0;88;0;70;0;
4693;2439194;999284736;15163392;1092722688;0;0;0;0;0;0;0;0;0;0;0;1482;0;0;88;0;70;0;
4694;2771087;999284736;15163392;1092722688;0;0;0;0;0;0;0;0;0;0;0;2004;0;0;88;0;70;0;
4695;2046067;999284736;15163392;1092722688;0;0;0;0;0;0;0;0;0;0;0;1493;0;0;88;0;70;0;
4696;3320136;999284736;15163392;1092722688;0;0;0;0;0;0;0;0;0;0;0;1824;0;0;88;0;70;0;
4697;2377990;999284736;15163392;1092722688;0;0;0;0;0;0;0;0;0;0;0;1473;0;0;88;0;70;0;
4698;2334799;999284736;15163392;1092722688;0;0;0;0;0;0;0;0;0;0;0;1513;0;0;88;0;70;0;
4699;5192127;999284736;15163392;1092722688;0;0;0;0;0;0;0;0;0;0;0;1563;0;0;88;0;70;0;
4700;4125146;999284736;15163392;1092722688;0;0;0;0;0;0;0;0;0;0;0;1804;0;0;88;0;70;0;
4701;1261155;999284736;15163392;1092722688;0;0;0;0;0;0;0;0;0;0;0;1453;0;0;88;0;70;0;
4702;1732690;999284736;15163392;1092722688;0;0;0;0;0;0;0;0;0;0;0;1393;0;0;88;0;70;0;
4703;1859688;999284736;15163392;1092722688;0;0;0;0;0;0;0;0;0;0;0;1433;0;0;88;0;70;0;
4704;2030548;999284736;15163392;1092722688;0;0;0;0;0;0;0;0;0;0;0;1673;0;0;88;0;70;0;
4705;1735665;999284736;15163392;1092722688;0;0;0;0;0;0;0;0;0;0;0;1964;0;0;88;0;70;0;
4706;3255986;999284736;15163392;1092722688;0;0;0;0;0;0;0;0;0;0;0;1362;0;0;88;0;70;0;
4707;1374918;999284736;15163392;1092722688;0;0;0;0;0;0;0;0;0;0;0;1383;0;0;88;0;70;0;
4708;2174508;999284736;15163392;1092722688;0;0;0;0;0;0;0;0;0;0;0;1613;0;0;88;0;70;0;
4709;2487054;999284736;15163392;1092722688;0;0;0;0;0;0;0;0;0;0;0;1503;0;0;88;0;70;0;
4710;1717732;999284736;15163392;1092722688;0;0;0;0;0;0;0;0;0;0;0;1402;0;0;88;0;70;0;
4711;1787202;999284736;15163392;1092722688;0;0;0;0;0;0;0;0;0;0;0;1543;0;0;88;0;70;0;
4712;5237552;999284736;15163392;1092722688;0;0;0;0;0;0;0;0;0;0;0;1583;0;0;88;0;70;0;
4713;3123719;999284736;15163392;1092722688;0;0;0;0;0;0;0;0;0;0;0;1452;0;0;88;0;70;0;
4714;2183245;999284736;15163392;1092722688;0;0;0;0;0;0;0;0;0;0;0;1493;0;0;88;0;70;0;
4715;2727375;999284736;15163392;1092722688;0;0;0;0;0;0;0;0;0;0;0;1462;0;0;88;0;70;0;
4716;3036174;999284736;15163392;1092722688;0;0;0;0;0;0;0;0;0;0;0;1573;0;0;88;0;70;0;
4717;2303479;999284736;15163392;1092722688;0;0;0;0;0;0;0;0;0;0;0;1563;0;0;88;0;70;0;
4718;1681985;999284736;15163392;1092722688;0;0;0;0;0;0;0;0;0;0;0;1412;0;0;88;0;70;0;
4719;3146331;999284736;15163392;1092722688;0;0;0;0;0;0;0;0;0;0;0;1442;0;0;88;0;70;0;
4720;2552697;999284736;15163392;1092722688;0;0;0;0;0;0;0;0;0;0;0;1463;0;0;88;0;70;0;
4721;1490816;999284736;15163392;1092722688;0;0;0;0;0;0;0;0;0;0;0;1382;0;0;88;0;70;0;
4722;2463190;999284736;15163392;1092722688;0;0;0;0;0;0;0;0;0;0;0;1433;0;0;88;0;70;0;
4723;2211247;999284736;15163392;1092722688;0;0;0;0;0;0;0;0;0;0;0;1413;0;0;88;0;70;0;
4724;2124795;999284736;15163392;1092722688;0;0;0;0;0;0;0;0;0;0;0;1533;0;0;88;0;70;0;
4725;5575055;999284736;15163392;1092722688;0;0;0;0;0;0;0;0;0;0;0;1543;0;0;88;0;70;0;
4726;2856367;999284736;15163392;1092722688;0;0;0;0;0;0;0;0;0;0;0;1523;0;0;88;0;70;0;
4727;1679569;999284736;15163392;1092722688;0;0;0;0;0;0;0;0;0;0;0;1423;0;0;88;0;70;0;
4728;1719324;999284736;15163392;1092722688;0;0;0;0;0;0;0;0;0;0;0;1643;0;0;88;0;70;0;
4729;2107723;999284736;15163392;1092722688;0;0;0;0;0;0;0;0;0;0;0;1773;0;0;88;0;70;0;
4730;2064091;999284736;15163392;1092722688;0;0;0;0;0;0;0;0;0;0;0;1482;0;0;88;0;70;0;
4731;2629762;999284736;15163392;1092722688;0;0;0;0;0;0;0;0;0;0;0;1553;0;0;88;0;70;0;
4732;2365867;999284736;15163392;1092722688;0;0;0;0;0;0;0;0;0;0;0;1452;0;0;88;0;70;0;
4733;1846202;999284736;15163392;1092722688;0;0;0;0;0;0;0;0;0;0;0;1473;0;0;88;0;70;0;
4734;2052079;999284736;15163392;1092722688;0;0;0;0;0;0;0;0;0;0;0;1433;0;0;88;0;70;0;
4735;2326543;999284736;15163392;1092722688;0;0;0;0;0;0;0;0;0;0;0;1543;0;0;88;0;70;0;
4736;1051782;999284736;15163392;1092722688;0;0;0;0;0;0;0;0;0;0;0;1403;0;0;88;0;70;0;
4737;4867488;999284736;15163392;1092722688;0;0;0;0;0;0;0;0;0;0;0;2445;0;0;88;0;70;0;
4738;3279280;999284736;15171584;1092730880;0;0;0;0;0;0;0;0;0;0;0;1703;0;0;88;0;70;0;
4739;2046297;999284736;15171584;1092730880;0;0;0;0;0;0;0;0;0;0;0;1412;0;0;88;0;70;0;
4740;1976517;999284736;15171584;1092730880;0;0;0;0;0;0;0;0;0;0;0;1442;0;0;88;0;70;0;
4741;2638568;999284736;15171584;1092730880;0;0;0;0;0;0;0;0;0;0;0;1462;0;0;88;0;70;0;
4742;2224311;999284736;15171584;1092730880;0;0;0;0;0;0;0;0;0;0;0;1423;0;0;88;0;70;0;
4743;1968241;999284736;15171584;1092730880;0;0;0;0;0;0;0;0;0;0;0;1593;0;0;88;0;70;0;
4744;2196029;999284736;15171584;1092730880;0;0;0;0;0;0;0;0;0;0;0;1443;0;0;88;0;70;0;
4745;1697653;999284736;15171584;1092730880;0;0;0;0;0;0;0;0;0;0;0;1253;0;0;88;0;70;0;
4746;1947412;999284736;15171584;1092730880;0;0;0;0;0;0;0;0;0;0;0;1392;0;0;88;0;70;0;
4747;2332394;999284736;15171584;1092730880;0;0;0;0;0;0;0;0;0;0;0;1443;0;0;88;0;70;0;
4748;2046217;999284736;15171584;1092730880;0;0;0;0;0;0;0;0;0;0;0;1432;0;0;88;0;70;0;
4749;2233017;999284736;15171584;1092730880;0;0;0;0;0;0;0;0;0;0;0;1653;0;0;88;0;70;0;
4750;5177310;999284736;15171584;1092730880;0;0;0;0;0;0;0;0;0;0;0;1442;0;0;88;0;70;0;
4751;2893867;999284736;15171584;1092730880;0;0;0;0;0;0;0;0;0;0;0;1562;0;0;88;0;70;0;
4752;2720432;999284736;15171584;1092730880;0;0;0;0;0;0;0;0;0;0;0;1513;0;0;88;0;70;0;
4753;2260169;999284736;15171584;1092730880;0;0;0;0;0;0;0;0;0;0;0;1503;0;0;88;0;70;0;
4754;2478919;999284736;15171584;1092730880;0;0;0;0;0;0;0;0;0;0;0;1543;0;0;88;0;70;0;
4755;2244780;999284736;15171584;1092730880;0;0;0;0;0;0;0;0;0;0;0;1493;0;0;88;0;70;0;
4756;1924138;999284736;15171584;1092730880;0;0;0;0;0;0;0;0;0;0;0;1453;0;0;88;0;70;0;
4757;1643402;999284736;15171584;1092730880;0;0;0;0;0;0;0;0;0;0;0;1403;0;0;88;0;70;0;
4758;2578054;999284736;15163392;1092722688;0;0;0;0;0;0;0;0;0;0;0;1533;0;0;88;0;70;0;
4759;1898741;999284736;15163392;1092722688;0;0;0;0;0;0;0;0;0;0;0;1402;0;0;88;0;70;0;
4760;1723853;999284736;15163392;1092722688;0;0;0;0;0;0;0;0;0;0;0;1453;0;0;88;0;70;0;
4761;6454375;999284736;15163392;1092722688;0;0;0;0;0;0;0;0;0;0;0;1653;0;0;88;0;70;0;
4762;3539668;999284736;15171584;1092730880;0;0;0;0;0;0;0;0;0;0;0;1763;0;0;88;0;70;0;
4763;2399230;999284736;15171584;1092730880;0;0;0;0;0;0;0;0;0;0;0;1803;0;0;88;0;70;0;
4764;2401353;999284736;15171584;1092730880;0;0;0;0;0;0;0;0;0;0;0;1483;0;0;88;0;70;0;
4765;2162556;999284736;15171584;1092730880;0;0;0;0;0;0;0;0;0;0;0;1423;0;0;88;0;70;0;
4766;2103505;999284736;15171584;1092730880;0;0;0;0;0;0;0;0;0;0;0;1433;0;0;88;0;70;0;
4767;1781060;999284736;15171584;1092730880;0;0;0;0;0;0;0;0;0;0;0;1263;0;0;88;0;70;0;
4768;2172324;999284736;15171584;1092730880;0;0;0;0;0;0;0;0;0;0;0;1453;0;0;88;0;70;0;
4769;2218570;999284736;15171584;1092730880;0;0;0;0;0;0;0;0;0;0;0;1553;0;0;88;0;70;0;
4770;1487880;999284736;15171584;1092730880;0;0;0;0;0;0;0;0;0;0;0;1433;0;0;88;0;70;0;
4771;2690045;999284736;15171584;1092730880;0;0;0;0;0;0;0;0;0;0;0;1523;0;0;88;0;70;0;
4772;2591200;999284736;15171584;1092730880;0;0;0;0;0;0;0;0;0;0;0;1412;0;0;88;0;70;0;
4773;2194646;999284736;15171584;1092730880;0;0;0;0;0;0;0;0;0;0;0;7424;0;0;88;0;70;0;
4774;5535591;999284736;15171584;1092730880;0;0;0;0;0;0;0;0;0;0;0;1413;0;0;88;0;70;0;
4775;3669752;999284736;15171584;1092730880;0;0;0;0;0;0;0;0;0;0;0;1563;0;0;88;0;70;0;
4776;1587377;999284736;15171584;1092730880;0;0;0;0;0;0;0;0;0;0;0;1453;0;0;88;0;70;0;
4777;2121679;999284736;15171584;1092730880;0;0;0;0;0;0;0;0;0;0;0;1503;0;0;88;0;70;0;
4778;2079620;999284736;15171584;1092730880;0;0;0;0;0;0;0;0;0;0;0;1703;0;0;88;0;70;0;
4779;2284845;999284736;15171584;1092730880;0;0;0;0;0;0;0;0;0;0;0;1572;0;0;88;0;70;0;
4780;2089208;999284736;15171584;1092730880;0;0;0;0;0;0;0;0;0;0;0;1292;0;0;88;0;70;0;
4781;2630954;999284736;15171584;1092730880;0;0;0;0;0;0;0;0;0;0;0;1432;0;0;88;0;70;0;
4782;2225313;999284736;15171584;1092730880;0;0;0;0;0;0;0;0;0;0;0;1542;0;0;88;0;70;0;
4783;1663430;999284736;15171584;1092730880;0;0;0;0;0;0;0;0;0;0;0;1493;0;0;88;0;70;0;
4784;2669947;999284736;15163392;1092722688;0;0;0;0;0;0;0;0;0;0;0;1243;0;0;88;0;70;0;
4785;1793584;999284736;15163392;1092722688;0;0;0;0;0;0;0;0;0;0;0;1623;0;0;88;0;70;0;
4786;2296837;999284736;15163392;1092722688;0;0;0;0;0;0;0;0;0;0;0;1523;0;0;88;0;70;0;
4787;5159466;999284736;15163392;1092722688;0;0;0;0;0;0;0;0;0;0;0;1733;0;0;88;0;70;0;
4788;3220790;999284736;15163392;1092722688;0;0;0;0;0;0;0;0;0;0;0;1603;0;0;88;0;70;0;
4789;2183144;999284736;15163392;1092722688;0;0;0;0;0;0;0;0;0;0;0;1423;0;0;88;0;70;0;
4790;2145604;999284736;15163392;1092722688;0;0;0;0;0;0;0;0;0;0;0;1463;0;0;88;0;70;0;
4791;1814774;999284736;15163392;1092722688;0;0;0;0;0;0;0;0;0;0;0;1853;0;0;88;0;70;0;
4792;1859527;999284736;15163392;1092722688;0;0;0;0;0;0;0;0;0;0;0;1433;0;0;88;0;70;0;
4793;1324003;999284736;15163392;1092722688;0;0;0;0;0;0;0;0;0;0;0;1432;0;0;88;0;70;0;
4794;1587236;999284736;15163392;1092722688;0;0;0;0;0;0;0;0;0;0;0;1423;0;0;88;0;70;0;
4795;1703395;999284736;15163392;1092722688;0;0;0;0;0;0;0;0;0;0;0;78447;0;0;88;0;70;0;
4796;1028488;999284736;15163392;1092722688;0;0;0;0;0;0;0;0;0;0;0;1403;0;0;88;0;70;0;
4797;1790929;999284736;15163392;1092722688;0;0;0;0;0;0;0;0;0;0;0;1563;0;0;88;0;70;0;
4798;1568481;999284736;15163392;1092722688;0;0;0;0;0;0;0;0;0;0;0;1953;0;0;88;0;70;0;
4799;1934237;999284736;15163392;1092722688;0;0;0;0;0;0;0;0;0;0;0;1422;0;0;88;0;70;0;
4800;4697500;999284736;15163392;1092722688;0;0;0;0;0;0;0;0;0;0;0;1563;0;0;88;0;70;0;
4801;3004385;999284736;15163392;1092722688;0;0;0;0;0;0;0;0;0;0;0;1794;0;0;88;0;70;0;
4802;1676274;999284736;15163392;1092722688;0;0;0;0;0;0;0;0;0;0;0;1383;0;0;88;0;70;0;
4803;1352096;999284736;15163392;1092722688;0;0;0;0;0;0;0;0;0;0;0;1412;0;0;88;0;70;0;
4804;2014377;999284736;15163392;1092722688;0;0;0;0;0;0;0;0;0;0;0;1563;0;0;88;0;70;0;
4805;2046648;999284736;15163392;1092722688;0;0;0;0;0;0;0;0;0;0;0;1442;0;0;88;0;70;0;
4806;1835513;999284736;15163392;1092722688;0;0;0;0;0;0;0;0;0;0;0;1463;0;0;88;0;70;0;
4807;1899773;999284736;15163392;1092722688;0;0;0;0;0;0;0;0;0;0;0;1462;0;0;88;0;70;0;
4808;2030898;999284736;15163392;1092722688;0;0;0;0;0;0;0;0;0;0;0;1483;0;0;88;0;70;0;
4809;2236875;999284736;15163392;1092722688;0;0;0;0;0;0;0;0;0;0;0;1473;0;0;88;0;70;0;
4810;2068960;999284736;15163392;1092722688;0;0;0;0;0;0;0;0;0;0;0;1462;0;0;88;0;70;0;
4811;4863130;999284736;15163392;1092722688;0;0;0;0;0;0;0;0;0;0;0;1974;0;0;88;0;70;0;
4812;2438313;999284736;15171584;1092730880;0;0;0;0;0;0;0;0;0;0;0;1463;0;0;88;0;70;0;
4813;1725336;999284736;15171584;1092730880;0;0;0;0;0;0;0;0;0;0;0;1452;0;0;88;0;70;0;
4814;2392848;999284736;15171584;1092730880;0;0;0;0;0;0;0;0;0;0;0;1482;0;0;88;0;70;0;
4815;1646938;999284736;15171584;1092730880;0;0;0;0;0;0;0;0;0;0;0;1402;0;0;88;0;70;0;
4816;2360637;999284736;15171584;1092730880;0;0;0;0;0;0;0;0;0;0;0;2004;0;0;88;0;70;0;
4817;2066195;999284736;15171584;1092730880;0;0;0;0;0;0;0;0;0;0;0;1403;0;0;88;0;70;0;
4818;2404469;999284736;15171584;1092730880;0;0;0;0;0;0;0;0;0;0;0;1323;0;0;88;0;70;0;
4819;2197290;999284736;15171584;1092730880;0;0;0;0;0;0;0;0;0;0;0;1502;0;0;88;0;70;0;
4820;1926212;999284736;15171584;1092730880;0;0;0;0;0;0;0;0;0;0;0;1373;0;0;88;0;70;0;
4821;1831896;999284736;15171584;1092730880;0;0;0;0;0;0;0;0;0;0;0;1533;0;0;88;0;70;0;
4822;5017671;999284736;15171584;1092730880;0;0;0;0;0;0;0;0;0;0;0;1974;0;0;88;0;70;0;
4823;2533040;999284736;15171584;1092730880;0;0;0;0;0;0;0;0;0;0;0;1593;0;0;88;0;70;0;
4824;2728006;999284736;15171584;1092730880;0;0;0;0;0;0;0;0;0;0;0;1543;0;0;88;0;70;0;
4825;2052650;999284736;15171584;1092730880;0;0;0;0;0;0;0;0;0;0;0;1463;0;0;88;0;70;0;
4826;2537248;999284736;15171584;1092730880;0;0;0;0;0;0;0;0;0;0;0;56886;0;0;88;0;70;0;
4827;2182623;999284736;15171584;1092730880;0;0;0;0;0;0;0;0;0;0;0;1453;0;0;88;0;70;0;
4828;1710868;999284736;15171584;1092730880;0;0;0;0;0;0;0;0;0;0;0;1522;0;0;88;0;70;0;
4829;1335154;999284736;15171584;1092730880;0;0;0;0;0;0;0;0;0;0;0;1423;0;0;88;0;70;0;
4830;2108985;999284736;15171584;1092730880;0;0;0;0;0;0;0;0;0;0;0;1402;0;0;88;0;70;0;
4831;1946721;999284736;15171584;1092730880;0;0;0;0;0;0;0;0;0;0;0;1433;0;0;88;0;70;0;
4832;2309762;999284736;15171584;1092730880;0;0;0;0;0;0;0;0;0;0;0;1463;0;0;88;0;70;0;
4833;4703662;999284736;15171584;1092730880;0;0;0;0;0;0;0;0;0;0;0;1523;0;0;88;0;70;0;
4834;2382828;999284736;15171584;1092730880;0;0;0;0;0;0;0;0;0;0;0;1463;0;0;88;0;70;0;
4835;1379337;999284736;15171584;1092730880;0;0;0;0;0;0;0;0;0;0;0;1423;0;0;88;0;70;0;
4836;2480843;999284736;15171584;1092730880;0;0;0;0;0;0;0;0;0;0;0;1473;0;0;88;0;70;0;
4837;2369715;999284736;15171584;1092730880;0;0;0;0;0;0;0;0;0;0;0;1423;0;0;88;0;70;0;
4838;2509066;999284736;15171584;1092730880;0;0;0;0;0;0;0;0;0;0;0;1633;0;0;88;0;70;0;
4839;2085862;999284736;15171584;1092730880;0;0;0;0;0;0;0;0;0;0;0;1452;0;0;88;0;70;0;
4840;1751675;999284736;15171584;1092730880;0;0;0;0;0;0;0;0;0;0;0;1413;0;0;88;0;70;0;
4841;2034987;999284736;15171584;1092730880;0;0;0;0;0;0;0;0;0;0;0;1383;0;0;88;0;70;0;
4842;2071024;999284736;15171584;1092730880;0;0;0;0;0;0;0;0;0;0;0;1493;0;0;88;0;70;0;
4843;1553864;999284736;15171584;1092730880;0;0;0;0;0;0;0;0;0;0;0;1463;0;0;88;0;70;0;
4844;1633444;999284736;15171584;1092730880;0;0;0;0;0;0;0;0;0;0;0;1433;0;0;88;0;70;0;
4845;2207009;999284736;15171584;1092730880;0;0;0;0;0;0;0;0;0;0;0;1503;0;0;88;0;70;0;
4846;5157102;999284736;15171584;1092730880;0;0;0;0;0;0;0;0;0;0;0;1552;0;0;88;0;70;0;
4847;2990308;999284736;15171584;1092730880;0;0;0;0;0;0;0;0;0;0;0;1463;0;0;88;0;70;0;
4848;2003207;999284736;15171584;1092730880;0;0;0;0;0;0;0;0;0;0;0;1443;0;0;88;0;70;0;
4849;2581091;999284736;15171584;1092730880;0;0;0;0;0;0;0;0;0;0;0;1382;0;0;88;0;70;0;
4850;1451332;999284736;15171584;1092730880;0;0;0;0;0;0;0;0;0;0;0;1492;0;0;88;0;70;0;
4851;2107853;999284736;15171584;1092730880;0;0;0;0;0;0;0;0;0;0;0;1453;0;0;88;0;70;0;
4852;1831054;999284736;15171584;1092730880;0;0;0;0;0;0;0;0;0;0;0;1393;0;0;88;0;70;0;
4853;1205180;999284736;15171584;1092730880;0;0;0;0;0;0;0;0;0;0;0;1533;0;0;88;0;70;0;
4854;2013647;999284736;15171584;1092730880;0;0;0;0;0;0;0;0;0;0;0;1422;0;0;88;0;70;0;
4855;1899232;999284736;15163392;1092722688;0;0;0;0;0;0;0;0;0;0;0;1723;0;0;88;0;70;0;
4856;2158187;999284736;15163392;1092722688;0;0;0;0;0;0;0;0;0;0;0;1443;0;0;88;0;70;0;
4857;1824061;999284736;15163392;1092722688;0;0;0;0;0;0;0;0;0;0;0;1403;0;0;88;0;70;0;
4858;6107604;999284736;15163392;1092722688;0;0;0;0;0;0;0;0;0;0;0;2014;0;0;88;0;70;0;
4859;3183400;999284736;15163392;1092722688;0;0;0;0;0;0;0;0;0;0;0;1343;0;0;88;0;70;0;
4860;1868955;999284736;15163392;1092722688;0;0;0;0;0;0;0;0;0;0;0;1623;0;0;88;0;70;0;
4861;2273043;999284736;15163392;1092722688;0;0;0;0;0;0;0;0;0;0;0;1392;0;0;88;0;70;0;
4862;1179662;999284736;15163392;1092722688;0;0;0;0;0;0;0;0;0;0;0;1383;0;0;88;0;70;0;
4863;1322430;999284736;15163392;1092722688;0;0;0;0;0;0;0;0;0;0;0;1383;0;0;88;0;70;0;
4864;2117591;999284736;15163392;1092722688;0;0;0;0;0;0;0;0;0;0;0;1693;0;0;88;0;70;0;
4865;1962381;999284736;15163392;1092722688;0;0;0;0;0;0;0;0;0;0;0;107883;0;0;88;0;70;0;
4866;2054523;999284736;15163392;1092722688;0;0;0;0;0;0;0;0;0;0;0;1432;0;0;88;0;70;0;
4867;2149240;999284736;15163392;1092722688;0;0;0;0;0;0;0;0;0;0;0;1533;0;0;88;0;70;0;
4868;1021946;999284736;15163392;1092722688;0;0;0;0;0;0;0;0;0;0;0;1643;0;0;88;0;70;0;
4869;1886538;999284736;15163392;1092722688;0;0;0;0;0;0;0;0;0;0;0;1413;0;0;88;0;70;0;
4870;5133107;999284736;15163392;1092722688;0;0;0;0;0;0;0;0;0;0;0;1643;0;0;88;0;70;0;
4871;2847530;999284736;15163392;1092722688;0;0;0;0;0;0;0;0;0;0;0;1503;0;0;88;0;70;0;
4872;2195778;999284736;15163392;1092722688;0;0;0;0;0;0;0;0;0;0;0;1443;0;0;88;0;70;0;
4873;2397697;999284736;15163392;1092722688;0;0;0;0;0;0;0;0;0;0;0;1423;0;0;88;0;70;0;
4874;1145388;999284736;15163392;1092722688;0;0;0;0;0;0;0;0;0;0;0;1422;0;0;88;0;70;0;
4875;1656917;999284736;15163392;1092722688;0;0;0;0;0;0;0;0;0;0;0;1423;0;0;88;0;70;0;
4876;2417785;999284736;15163392;1092722688;0;0;0;0;0;0;0;0;0;0;0;1784;0;0;88;0;70;0;
4877;1440051;999284736;15163392;1092722688;0;0;0;0;0;0;0;0;0;0;0;1423;0;0;88;0;70;0;
4878;1390688;999284736;15163392;1092722688;0;0;0;0;0;0;0;0;0;0;0;1463;0;0;88;0;70;0;
4879;1940159;999284736;15163392;1092722688;0;0;0;0;0;0;0;0;0;0;0;1472;0;0;88;0;70;0;
4880;1714746;999284736;15163392;1092722688;0;0;0;0;0;0;0;0;0;0;0;1413;0;0;88;0;70;0;
4881;2030087;999284736;15163392;1092722688;0;0;0;0;0;0;0;0;0;0;0;1253;0;0;88;0;70;0;
4882;5313765;999284736;15163392;1092722688;0;0;0;0;0;0;0;0;0;0;0;1703;0;0;88;0;70;0;
4883;2734228;999284736;15163392;1092722688;0;0;0;0;0;0;0;0;0;0;0;1783;0;0;88;0;70;0;
4884;2021752;999284736;15163392;1092722688;0;0;0;0;0;0;0;0;0;0;0;1532;0;0;88;0;70;0;
4885;2090530;999284736;15163392;1092722688;0;0;0;0;0;0;0;0;0;0;0;1272;0;0;88;0;70;0;
4886;2066305;999284736;15163392;1092722688;0;0;0;0;0;0;0;0;0;0;0;1433;0;0;88;0;70;0;
4887;1693466;999284736;15163392;1092722688;0;0;0;0;0;0;0;0;0;0;0;1784;0;0;88;0;70;0;
4888;2355477;999284736;15163392;1092722688;0;0;0;0;0;0;0;0;0;0;0;1503;0;0;88;0;70;0;
4889;2756178;999284736;15163392;1092722688;0;0;0;0;0;0;0;0;0;0;0;1573;0;0;88;0;70;0;
4890;2381146;999284736;15163392;1092722688;0;0;0;0;0;0;0;0;0;0;0;1503;0;0;88;0;70;0;
4891;2174057;999284736;15163392;1092722688;0;0;0;0;0;0;0;0;0;0;0;1583;0;0;88;0;70;0;
4892;4618001;999284736;15163392;1092722688;0;0;0;0;0;0;0;0;0;0;0;1633;0;0;88;0;70;0;
4893;1978030;999284736;15171584;1092730880;0;0;0;0;0;0;0;0;0;0;0;1402;0;0;88;0;70;0;
4894;1967560;999284736;15171584;1092730880;0;0;0;0;0;0;0;0;0;0;0;1392;0;0;88;0;70;0;
4895;2268915;999284736;15171584;1092730880;0;0;0;0;0;0;0;0;0;0;0;1433;0;0;88;0;70;0;
4896;1893821;999284736;15171584;1092730880;0;0;0;0;0;0;0;0;0;0;0;1422;0;0;88;0;70;0;
4897;1825724;999284736;15171584;1092730880;0;0;0;0;0;0;0;0;0;0;0;1343;0;0;88;0;70;0;
4898;2671751;999284736;15171584;1092730880;0;0;0;0;0;0;0;0;0;0;0;1432;0;0;88;0;70;0;
4899;1405646;999284736;15171584;1092730880;0;0;0;0;0;0;0;0;0;0;0;1453;0;0;88;0;70;0;
4900;2355939;999284736;15171584;1092730880;0;0;0;0;0;0;0;0;0;0;0;1443;0;0;88;0;70;0;
4901;2179969;999284736;15171584;1092730880;0;0;0;0;0;0;0;0;0;0;0;1463;0;0;88;0;70;0;
4902;2415249;999284736;15171584;1092730880;0;0;0;0;0;0;0;0;0;0;0;1563;0;0;88;0;70;0;
4903;1861040;999284736;15171584;1092730880;0;0;0;0;0;0;0;0;0;0;0;1472;0;0;88;0;70;0;
4904;4955133;999284736;15171584;1092730880;0;0;0;0;0;0;0;0;0;0;0;1933;0;0;88;0;70;0;
4905;3074987;999284736;15171584;1092730880;0;0;0;0;0;0;0;0;0;0;0;1393;0;0;88;0;70;0;
4906;1953964;999284736;15171584;1092730880;0;0;0;0;0;0;0;0;0;0;0;1502;0;0;88;0;70;0;
4907;1757566;999284736;15171584;1092730880;0;0;0;0;0;0;0;0;0;0;0;1463;0;0;88;0;70;0;
4908;2011031;999284736;15171584;1092730880;0;0;0;0;0;0;0;0;0;0;0;1453;0;0;88;0;70;0;
4909;1796078;999284736;15171584;1092730880;0;0;0;0;0;0;0;0;0;0;0;1503;0;0;88;0;70;0;
4910;2368913;999284736;15171584;1092730880;0;0;0;0;0;0;0;0;0;0;0;1573;0;0;88;0;70;0;
4911;1726528;999284736;15171584;1092730880;0;0;0;0;0;0;0;0;0;0;0;1462;0;0;88;0;70;0;
4912;2131267;999284736;15171584;1092730880;0;0;0;0;0;0;0;0;0;0;0;1513;0;0;88;0;70;0;
4913;2817834;999301120;15163392;1092722688;0;0;0;0;0;0;0;0;0;0;0;1653;0;0;88;0;70;0;
4914;2111219;999301120;15163392;1092722688;0;0;0;0;0;0;0;0;0;0;0;1453;0;0;88;0;70;0;
4915;1742538;999301120;15163392;1092722688;0;0;0;0;0;0;0;0;0;0;0;1423;0;0;88;0;70;0;
4916;5694319;999301120;15163392;1092722688;0;0;0;0;0;0;0;0;0;0;0;2274;0;0;88;0;70;0;
4917;4061006;999301120;15163392;1092722688;0;0;0;0;0;0;0;0;0;0;0;24295;0;0;88;0;71;0;
4918;1881609;999301120;15163392;1092722688;0;0;0;0;0;0;0;0;0;0;0;1472;0;0;88;0;71;0;
4919;2750639;999301120;15163392;1092722688;0;0;0;0;0;0;0;0;0;0;0;1543;0;0;88;0;71;0;
4920;1620158;999301120;15163392;1092722688;0;0;0;0;0;0;0;0;0;0;0;1522;0;0;88;0;71;0;
4921;2435869;999301120;15163392;1092722688;0;0;0;0;0;0;0;0;0;0;0;1562;0;0;88;0;71;0;
4922;2146665;999301120;15163392;1092722688;0;0;0;0;0;0;0;0;0;0;0;1293;0;0;88;0;71;0;
4923;1771512;999301120;15163392;1092722688;0;0;0;0;0;0;0;0;0;0;0;1513;0;0;88;0;71;0;
4924;2228289;999301120;15163392;1092722688;0;0;0;0;0;0;0;0;0;0;0;1603;0;0;88;0;71;0;
4925;2451788;999301120;15163392;1092722688;0;0;0;0;0;0;0;0;0;0;0;77155;0;0;88;0;71;0;
4926;2167946;999301120;15163392;1092722688;0;0;0;0;0;0;0;0;0;0;0;1443;0;0;88;0;71;0;
4927;2012685;999301120;15163392;1092722688;0;0;0;0;0;0;0;0;0;0;0;1453;0;0;88;0;71;0;
4928;5301081;999301120;15163392;1092722688;0;0;0;0;0;0;0;0;0;0;0;72456;0;0;88;0;71;0;
4929;2983074;1001660416;21680128;1099239424;0;0;0;0;0;0;0;0;0;0;0;1583;0;0;88;0;71;0;
4930;2584287;1001660416;21680128;1099239424;0;0;0;0;0;0;0;0;0;0;0;1533;0;0;88;0;71;0;
4931;1663429;1001660416;21680128;1099239424;0;0;0;0;0;0;0;0;0;0;0;1513;0;0;88;0;71;0;
4932;1943184;1001660416;21680128;1099239424;0;0;0;0;0;0;0;0;0;0;0;1483;0;0;88;0;71;0;
4933;1687094;1001660416;21680128;1099239424;0;0;0;0;0;0;0;0;0;0;0;1463;0;0;88;0;71;0;
4934;2060855;1001660416;21680128;1099239424;0;0;0;0;0;0;0;0;0;0;0;1563;0;0;88;0;71;0;
4935;1585754;1001660416;21680128;1099239424;0;0;0;0;0;0;0;0;0;0;0;1443;0;0;88;0;71;0;
4936;1452193;1001660416;21680128;1099239424;0;0;0;0;0;0;0;0;0;0;0;1382;0;0;88;0;71;0;
4937;2582733;1001660416;21680128;1099239424;0;0;0;0;0;0;0;0;0;0;0;1493;0;0;88;0;71;0;
4938;1243191;1001660416;21680128;1099239424;0;0;0;0;0;0;0;0;0;0;0;1412;0;0;88;0;71;0;
4939;1357185;1001660416;21680128;1099239424;0;0;0;0;0;0;0;0;0;0;0;1452;0;0;88;0;71;0;
4940;5241650;1001660416;21680128;1099239424;0;0;0;0;0;0;0;0;0;0;0;1553;0;0;88;0;71;0;
4941;2582052;1001660416;21680128;1099239424;0;0;0;0;0;0;0;0;0;0;0;1743;0;0;88;0;71;0;
4942;2056186;1001660416;21680128;1099239424;0;0;0;0;0;0;0;0;0;0;0;1563;0;0;88;0;71;0;
4943;1721238;1001660416;21680128;1099239424;0;0;0;0;0;0;0;0;0;0;0;50925;0;0;88;0;71;0;
4944;1999359;1001660416;21680128;1099239424;0;0;0;0;0;0;0;0;0;0;0;1533;0;0;88;0;71;0;
4945;1705438;1001660416;21680128;1099239424;0;0;0;0;0;0;0;0;0;0;0;1573;0;0;88;0;71;0;
4946;1913900;1001660416;21680128;1099239424;0;0;0;0;0;0;0;0;0;0;0;1533;0;0;88;0;71;0;
4947;2619162;1001754624;21676032;1099235328;0;0;0;0;0;0;0;0;0;0;0;1653;0;0;88;0;71;0;
4948;2105599;1001754624;21676032;1099235328;0;0;0;0;0;0;0;0;0;0;0;1763;0;0;88;0;71;0;
4949;2551786;1001754624;21676032;1099235328;0;0;0;0;0;0;0;0;0;0;0;1593;0;0;88;0;71;0;
4950;5562001;1001754624;21676032;1099235328;0;0;0;0;0;0;0;0;0;0;0;1573;0;0;88;0;71;0;
4951;2188544;1001754624;21676032;1099235328;0;0;0;0;0;0;0;0;0;0;0;1784;0;0;88;0;71;0;
4952;2211157;1001754624;21676032;1099235328;0;0;0;0;0;0;0;0;0;0;0;1422;0;0;88;0;71;0;
4953;1646859;1001754624;21676032;1099235328;0;0;0;0;0;0;0;0;0;0;0;1553;0;0;88;0;71;0;
4954;8373874;1001754624;21676032;1099235328;0;0;0;0;0;0;0;0;0;0;0;1443;0;0;88;0;71;0;
4955;1801879;1001754624;21676032;1099235328;0;0;0;0;0;0;0;0;0;0;0;128161;0;0;88;0;71;0;
4956;4834977;999313408;15167488;1092726784;0;0;0;0;0;0;0;0;0;0;0;1443;0;0;88;0;71;0;
4957;2193173;999313408;15167488;1092726784;0;0;0;0;0;0;0;0;0;0;0;2164;0;0;88;0;71;0;
4958;1518318;999313408;15167488;1092726784;0;0;0;0;0;0;0;0;0;0;0;1523;0;0;88;0;71;0;
4959;5454259;999313408;15167488;1092726784;0;0;0;0;0;0;0;0;0;0;0;1483;0;0;88;0;71;0;
4960;3211804;999313408;15183872;1092743168;0;0;0;0;0;0;0;0;0;0;0;3196;0;0;88;0;71;0;
4961;2179176;999313408;15183872;1092743168;0;0;0;0;0;0;0;0;0;0;0;1492;0;0;88;0;71;0;
4962;1702794;999313408;15183872;1092743168;0;0;0;0;0;0;0;0;0;0;0;1543;0;0;88;0;71;0;
4963;1530690;999313408;15183872;1092743168;0;0;0;0;0;0;0;0;0;0;0;1552;0;0;88;0;71;0;
4964;1871509;999313408;15183872;1092743168;0;0;0;0;0;0;0;0;0;0;0;1472;0;0;88;0;71;0;
4965;1618856;999313408;15183872;1092743168;0;0;0;0;0;0;0;0;0;0;0;1533;0;0;88;0;71;0;
4966;1801518;999313408;15183872;1092743168;0;0;0;0;0;0;0;0;0;0;0;1523;0;0;88;0;71;0;
4967;1826937;999313408;15183872;1092743168;0;0;0;0;0;0;0;0;0;0;0;57317;0;0;88;0;71;0;
4968;1567019;999313408;15183872;1092743168;0;0;0;0;0;0;0;0;0;0;0;1503;0;0;88;0;71;0;
4969;2122019;999313408;15183872;1092743168;0;0;0;0;0;0;0;0;0;0;0;1353;0;0;88;0;71;0;
4970;5200473;999313408;15183872;1092743168;0;0;0;0;0;0;0;0;0;0;0;2615;0;0;88;0;71;0;
4971;3193920;1001672704;21688320;1099247616;0;0;0;0;0;0;0;0;0;0;0;2064;0;0;88;0;71;0;
4972;1640196;1001672704;21688320;1099247616;0;0;0;0;0;0;0;0;0;0;0;1372;0;0;88;0;71;0;
4973;2333116;1001672704;21688320;1099247616;0;0;0;0;0;0;0;0;0;0;0;1292;0;0;88;0;71;0;
4974;1530049;1001672704;21688320;1099247616;0;0;0;0;0;0;0;0;0;0;0;2485;0;0;88;0;72;0;
4975;2686448;1003769856;21688320;1099247616;0;0;0;0;0;0;0;0;0;0;0;1473;0;0;88;0;72;0;
4976;1566808;1003769856;21688320;1099247616;0;0;0;0;0;0;0;0;0;0;0;1323;0;0;88;0;72;0;
4977;1458034;1003769856;21688320;1099247616;0;0;0;0;0;0;0;0;0;0;0;1583;0;0;88;0;72;0;
4978;1681042;1003864064;21680128;1099239424;0;0;0;0;0;0;0;0;0;0;0;1473;0;0;88;0;72;0;
4979;1763567;1003864064;21680128;1099239424;0;0;0;0;0;0;0;0;0;0;0;1402;0;0;88;0;72;0;
4980;1998177;1003864064;21680128;1099239424;0;0;0;0;0;0;0;0;0;0;0;1343;0;0;88;0;72;0;
4981;4701718;1004130304;21680128;1099239424;0;0;0;0;0;0;0;0;0;0;0;1473;0;0;88;0;72;0;
4982;5339123;1004130304;21680128;1099239424;0;0;0;0;0;0;0;0;0;0;0;2976;0;0;88;0;72;0;
4983;2000392;1004941312;21680128;1099239424;0;0;0;0;0;0;0;0;0;0;0;2425;0;0;88;0;72;0;
4984;3535089;1004941312;21680128;1099239424;0;0;0;0;0;0;0;0;0;0;0;1893;0;0;88;0;72;0;
4985;1888552;1004941312;21680128;1099239424;0;0;0;0;0;0;0;0;0;0;0;1473;0;0;88;0;72;0;
4986;1792071;1004941312;21680128;1099239424;0;0;0;0;0;0;0;0;0;0;0;2044;0;0;88;0;72;0;
4987;4522651;1004941312;21680128;1099239424;0;0;0;0;0;0;0;0;0;0;0;1503;0;0;88;0;72;0;
4988;4072056;1005203456;21676032;1099235328;0;0;0;0;0;0;0;0;0;0;0;3226;0;0;88;0;72;0;
4989;2715452;1005203456;21676032;1099235328;0;0;0;0;0;0;0;0;0;0;0;2024;0;0;88;0;72;0;
4990;1430874;1005203456;21676032;1099235328;0;0;0;0;0;0;0;0;0;0;0;1352;0;0;88;0;72;0;
4991;2883708;1005203456;21676032;1099235328;0;0;0;0;0;0;0;0;0;0;0;1413;0;0;88;0;72;0;
4992;2165311;1005203456;21676032;1099235328;0;0;0;0;0;0;0;0;0;0;0;1393;0;0;88;0;72;0;
4993;4715353;1005203456;21676032;1099235328;0;0;0;0;0;0;0;0;0;0;0;1573;0;0;88;0;72;0;
4994;3830974;1005203456;21676032;1099235328;0;0;0;0;0;0;0;0;0;0;0;2715;0;0;88;0;72;0;
4995;1661676;1005203456;21676032;1099235328;0;0;0;0;0;0;0;0;0;0;0;1843;0;0;88;0;72;0;
4996;2339848;997654528;14110720;1091670016;0;0;0;0;0;0;0;0;0;0;0;1493;0;0;88;0;72;0;
4997;1564034;997654528;14110720;1091670016;0;0;0;0;0;0;0;0;0;0;0;1713;0;0;88;0;72;0;
4998;2832562;997654528;14110720;1091670016;0;0;0;0;0;0;0;0;0;0;0;2355;0;0;88;0;75;0;
4999;1788374;997654528;14110720;1091670016;0;0;0;0;0;0;0;0;0;0;0;1393;0;0;88;0;75;0;
5000;1630888;997654528;14110720;1091670016;0;0;0;0;0;0;0;0;0;0;0;1242;0;0;88;0;75;0;
5001;2107803;997654528;14110720;1091670016;0;0;0;0;0;0;0;0;0;0;0;1583;0;0;88;0;75;0;
5002;1531632;997654528;14110720;1091670016;0;0;0;0;0;0;0;0;0;0;0;1432;0;0;88;0;75;0;
5003;1868094;997654528;14110720;1091670016;0;0;0;0;0;0;0;0;0;0;0;1493;0;0;88;0;75;0;
5004;5222043;998461440;21676032;1099235328;0;0;0;0;0;0;0;0;0;0;0;2965;0;0;88;0;75;0;
5005;3305609;999272448;21680128;1099239424;0;0;0;0;0;0;0;0;0;0;0;2074;0;0;88;0;75;0;
5006;2510188;999272448;21680128;1099239424;0;0;0;0;0;0;0;0;0;0;0;1774;0;0;88;0;75;0;
5007;3215080;1001369600;21680128;1099239424;0;0;0;0;0;0;0;0;0;0;0;1823;0;0;88;0;75;0;
5008;2163618;1001369600;21680128;1099239424;0;0;0;0;0;0;0;0;0;0;0;6081;0;0;88;0;75;0;
5009;3103220;1001369600;21680128;1099239424;0;0;0;0;0;0;0;0;0;0;0;2835;0;0;88;0;75;0;
5010;3259523;1001369600;21680128;1099239424;0;0;0;0;0;0;0;0;0;0;0;3176;0;0;88;0;75;0;
5011;2622088;1003466752;21680128;1099239424;0;0;0;0;0;0;0;0;0;0;0;5049;0;0;88;0;75;0;
5012;2865655;1003466752;21680128;1099239424;0;0;0;0;0;0;0;0;0;0;0;2665;0;0;88;0;75;0;
5013;2272692;1003466752;21680128;1099239424;0;0;0;0;0;0;0;0;0;0;0;2515;0;0;88;0;75;0;
5014;2485461;1003466752;21680128;1099239424;0;0;0;0;0;0;0;0;0;0;0;1753;0;0;88;0;75;0;
5015;4705024;1003466752;21680128;1099239424;0;0;0;0;0;0;0;0;0;0;0;1943;0;0;88;0;75;0;
5016;2814679;1004269568;21680128;1099239424;0;0;0;0;0;0;0;0;0;0;0;3516;0;0;88;0;75;0;
5017;2336953;1004269568;21680128;1099239424;0;0;0;0;0;0;0;0;0;0;0;2234;0;0;88;0;75;0;
5018;2059923;1004269568;21680128;1099239424;0;0;0;0;0;0;0;0;0;0;0;1503;0;0;88;0;75;0;
5019;1236158;1004269568;21680128;1099239424;0;0;0;0;0;0;0;0;0;0;0;1633;0;0;88;0;75;0;
5020;1853587;1004269568;21680128;1099239424;0;0;0;0;0;0;0;0;0;0;0;1854;0;0;88;0;75;0;
5021;2118112;1004269568;21680128;1099239424;0;0;0;0;0;0;0;0;0;0;0;1573;0;0;88;0;75;0;
5022;1574252;1004269568;21680128;1099239424;0;0;0;0;0;0;0;0;0;0;0;1383;0;0;88;0;75;0;
5023;3368327;998518784;15175680;1092734976;0;0;0;0;0;0;0;0;0;0;0;1903;0;0;88;0;75;0;
5024;1622153;998518784;15175680;1092734976;0;0;0;0;0;0;0;0;0;0;0;1493;0;0;88;0;75;0;
5025;1620980;998518784;15175680;1092734976;0;0;0;0;0;0;0;0;0;0;0;1383;0;0;88;0;75;0;
5026;5061493;998518784;15175680;1092734976;0;0;0;0;0;0;0;0;0;0;0;2415;0;0;88;0;75;0;
5027;4572725;1000878080;21680128;1099239424;0;0;0;0;0;0;0;0;0;0;0;2916;0;0;88;0;75;0;
5028;2071434;1000878080;21680128;1099239424;0;0;0;0;0;0;0;0;0;0;0;1723;0;0;88;0;75;0;
5029;1958332;1000878080;21680128;1099239424;0;0;0;0;0;0;0;0;0;0;0;1493;0;0;88;0;75;0;
5030;2349616;1000878080;21680128;1099239424;0;0;0;0;0;0;0;0;0;0;0;1322;0;0;88;0;75;0;
5031;2097143;1000878080;21680128;1099239424;0;0;0;0;0;0;0;0;0;0;0;1413;0;0;88;0;75;0;
5032;1992928;1000878080;21680128;1099239424;0;0;0;0;0;0;0;0;0;0;0;1754;0;0;88;0;75;0;
5033;1762025;1000878080;21680128;1099239424;0;0;0;0;0;0;0;0;0;0;0;1373;0;0;88;0;75;0;
5034;2202331;1000878080;21680128;1099239424;0;0;0;0;0;0;0;0;0;0;0;1403;0;0;88;0;75;0;
5035;1217544;1000878080;21680128;1099239424;0;0;0;0;0;0;0;0;0;0;0;1423;0;0;88;0;75;0;
5036;1918108;1000878080;21680128;1099239424;0;0;0;0;0;0;0;0;0;0;0;1433;0;0;88;0;75;0;
5037;4635814;1000878080;21680128;1099239424;0;0;0;0;0;0;0;0;0;0;0;1423;0;0;88;0;75;0;
5038;1710448;1000878080;21680128;1099239424;0;0;0;0;0;0;0;0;0;0;0;2024;0;0;88;0;75;0;
5039;2148139;1000878080;21680128;1099239424;0;0;0;0;0;0;0;0;0;0;0;1523;0;0;88;0;75;0;
5040;1929648;1000878080;21680128;1099239424;0;0;0;0;0;0;0;0;0;0;0;1453;0;0;88;0;75;0;
5041;1520993;1000878080;21680128;1099239424;0;0;0;0;0;0;0;0;0;0;0;1382;0;0;88;0;75;0;
5042;1865218;1000878080;21680128;1099239424;0;0;0;0;0;0;0;0;0;0;0;1453;0;0;88;0;75;0;
5043;5671436;1000878080;21680128;1099239424;0;0;0;0;0;0;0;0;0;0;0;1302;0;0;88;0;75;0;
5044;2885972;1000878080;21680128;1099239424;0;0;0;0;0;0;0;0;0;0;0;2565;0;0;88;0;77;0;
5045;2627939;1000878080;21680128;1099239424;0;0;0;0;0;0;0;0;0;0;0;1724;0;0;88;0;77;0;
5046;2940114;1000878080;21680128;1099239424;0;0;0;0;0;0;0;0;0;0;0;1433;0;0;88;0;77;0;
5047;2303109;1000878080;21680128;1099239424;0;0;0;0;0;0;0;0;0;0;0;1402;0;0;88;0;77;0;
5048;2447029;1000878080;21680128;1099239424;0;0;0;0;0;0;0;0;0;0;0;1453;0;0;88;0;77;0;
5049;2451728;1000878080;21680128;1099239424;0;0;0;0;0;0;0;0;0;0;0;1573;0;0;88;0;77;0;
5050;2319770;1000878080;21680128;1099239424;0;0;0;0;0;0;0;0;0;0;0;1513;0;0;88;0;77;0;
5051;3224518;1000878080;21680128;1099239424;0;0;0;0;0;0;0;0;0;0;0;1823;0;0;88;0;77;0;
5052;2223971;1000878080;21680128;1099239424;0;0;0;0;0;0;0;0;0;0;0;1473;0;0;88;0;77;0;
5053;2049523;1000878080;21680128;1099239424;0;0;0;0;0;0;0;0;0;0;0;1503;0;0;88;0;77;0;
5054;5791431;1000878080;21680128;1099239424;0;0;0;0;0;0;0;0;0;0;0;1633;0;0;88;0;77;0;
5055;3662058;1000878080;21680128;1099239424;0;0;0;0;0;0;0;0;0;0;0;1392;0;0;88;0;77;0;
5056;2313289;1000878080;21680128;1099239424;0;0;0;0;0;0;0;0;0;0;0;1593;0;0;88;0;77;0;
5057;2515227;1000878080;21680128;1099239424;0;0;0;0;0;0;0;0;0;0;0;1462;0;0;88;0;77;0;
5058;1896407;1000878080;21680128;1099239424;0;0;0;0;0;0;0;0;0;0;0;1412;0;0;88;0;77;0;
5059;2386706;1000878080;21680128;1099239424;0;0;0;0;0;0;0;0;0;0;0;1403;0;0;88;0;77;0;
5060;2443983;1000878080;21680128;1099239424;0;0;0;0;0;0;0;0;0;0;0;1583;0;0;88;0;77;0;
5061;2692099;1000878080;21680128;1099239424;0;0;0;0;0;0;0;0;0;0;0;1433;0;0;88;0;77;0;
5062;2246564;1000878080;21680128;1099239424;0;0;0;0;0;0;0;0;0;0;0;2585;0;0;88;0;78;0;
5063;2244038;1000878080;21680128;1099239424;0;0;0;0;0;0;0;0;0;0;0;1563;0;0;88;0;78;0;
5064;4847701;1000878080;21680128;1099239424;0;0;0;0;0;0;0;0;0;0;0;1903;0;0;88;0;78;0;
5065;3535330;1000878080;21680128;1099239424;0;0;0;0;0;0;0;0;0;0;0;1633;0;0;88;0;78;0;
5066;2005922;1000878080;21680128;1099239424;0;0;0;0;0;0;0;0;0;0;0;1363;0;0;88;0;78;0;
5067;2247174;1000878080;21680128;1099239424;0;0;0;0;0;0;0;0;0;0;0;1443;0;0;88;0;78;0;
5068;1635637;1000878080;21680128;1099239424;0;0;0;0;0;0;0;0;0;0;0;1433;0;0;88;0;78;0;
5069;2711665;1000878080;21680128;1099239424;0;0;0;0;0;0;0;0;0;0;0;1543;0;0;88;0;78;0;
5070;2693181;1000878080;21680128;1099239424;0;0;0;0;0;0;0;0;0;0;0;1503;0;0;88;0;78;0;
5071;5880098;1000878080;21680128;1099239424;0;0;0;0;0;0;0;0;0;0;0;1493;0;0;88;0;78;0;
5072;3296913;1000878080;21680128;1099239424;0;0;0;0;0;0;0;0;0;0;0;2023;0;0;88;0;78;0;
5073;1974533;1000878080;21680128;1099239424;0;0;0;0;0;0;0;0;0;0;0;1603;0;0;88;0;78;0;
5074;2504988;1000878080;21680128;1099239424;0;0;0;0;0;0;0;0;0;0;0;1422;0;0;88;0;78;0;
5075;1841764;1000878080;21680128;1099239424;0;0;0;0;0;0;0;0;0;0;0;1623;0;0;88;0;78;0;
5076;2614643;1000878080;21680128;1099239424;0;0;0;0;0;0;0;0;0;0;0;1442;0;0;88;0;78;0;
5077;1851051;1000878080;21680128;1099239424;0;0;0;0;0;0;0;0;0;0;0;1423;0;0;88;0;78;0;
5078;5133418;1000878080;21680128;1099239424;0;0;0;0;0;0;0;0;0;0;0;1533;0;0;88;0;78;0;
5079;2458079;1000878080;21680128;1099239424;0;0;0;0;0;0;0;0;0;0;0;2495;0;0;88;0;80;0;
5080;2643888;1000878080;21680128;1099239424;0;0;0;0;0;0;0;0;0;0;0;5090;0;0;88;0;80;0;
5081;2944181;998567936;15171584;1092730880;0;0;0;0;0;0;0;0;0;0;0;2975;0;0;88;0;80;0;
5082;2342614;998567936;15171584;1092730880;0;0;0;0;0;0;0;0;0;0;0;2194;0;0;88;0;80;0;
5083;1671315;998567936;15171584;1092730880;0;0;0;0;0;0;0;0;0;0;0;1423;0;0;88;0;80;0;
5084;2330931;998567936;15171584;1092730880;0;0;0;0;0;0;0;0;0;0;0;1533;0;0;88;0;80;0;
5085;2618130;998567936;15171584;1092730880;0;0;0;0;0;0;0;0;0;0;0;1253;0;0;88;0;80;0;
5086;1535610;998567936;15171584;1092730880;0;0;0;0;0;0;0;0;0;0;0;1463;0;0;88;0;80;0;
5087;1989331;998567936;15171584;1092730880;0;0;0;0;0;0;0;0;0;0;0;1412;0;0;88;0;80;0;
5088;4474692;998604800;15167488;1092726784;0;0;0;0;0;0;0;0;0;0;0;1543;0;0;88;0;80;0;
5089;1930611;998604800;15167488;1092726784;0;0;0;0;0;0;0;0;0;0;0;1643;0;0;88;0;80;0;
5090;2263425;998604800;15167488;1092726784;0;0;0;0;0;0;0;0;0;0;0;1463;0;0;88;0;80;0;
5091;1793153;998604800;15167488;1092726784;0;0;0;0;0;0;0;0;0;0;0;1432;0;0;88;0;80;0;
5092;2189897;998604800;15167488;1092726784;0;0;0;0;0;0;0;0;0;0;0;1593;0;0;88;0;80;0;
5093;1918037;998604800;15167488;1092726784;0;0;0;0;0;0;0;0;0;0;0;1473;0;0;88;0;80;0;
5094;4586872;998604800;15167488;1092726784;0;0;0;0;0;0;0;0;0;0;0;1583;0;0;88;0;80;0;
5095;2854703;998604800;15167488;1092726784;0;0;0;0;0;0;0;0;0;0;0;2214;0;0;88;0;80;0;
5096;1823149;998604800;15167488;1092726784;0;0;0;0;0;0;0;0;0;0;0;1553;0;0;88;0;80;0;
5097;2226676;998604800;15167488;1092726784;0;0;0;0;0;0;0;0;0;0;0;1292;0;0;88;0;80;0;
5098;1920131;998604800;15167488;1092726784;0;0;0;0;0;0;0;0;0;0;0;1513;0;0;88;0;80;0;
5099;2929224;998604800;15167488;1092726784;0;0;0;0;0;0;0;0;0;0;0;1453;0;0;88;0;80;0;
5100;2409980;998604800;15167488;1092726784;0;0;0;0;0;0;0;0;0;0;0;1773;0;0;88;0;80;0;
5101;5295361;998604800;15167488;1092726784;0;0;0;0;0;0;0;0;0;0;0;1212;0;0;88;0;80;0;
5102;1723332;998604800;15167488;1092726784;0;0;0;0;0;0;0;0;0;0;0;1473;0;0;88;0;80;0;
5103;2492384;1000964096;21671936;1099231232;0;0;0;0;0;0;0;0;0;0;0;1593;0;0;88;0;80;0;
5104;1756484;1000964096;21671936;1099231232;0;0;0;0;0;0;0;0;0;0;0;1433;0;0;88;0;80;0;
5105;3555809;1000964096;21671936;1099231232;0;0;0;0;0;0;0;0;0;0;0;1673;0;0;88;0;80;0;
5106;1916023;1000964096;21671936;1099231232;0;0;0;0;0;0;0;0;0;0;0;1623;0;0;88;0;80;0;
5107;5929551;1003061248;21671936;1099231232;0;0;0;0;0;0;0;0;0;0;0;1753;0;0;88;0;80;0;
5108;2568437;1003061248;21671936;1099231232;0;0;0;0;0;0;0;0;0;0;0;1794;0;0;88;0;80;0;
5109;1972990;1003061248;21671936;1099231232;0;0;0;0;0;0;0;0;0;0;0;1443;0;0;88;0;80;0;
5110;1968071;1003061248;21671936;1099231232;0;0;0;0;0;0;0;0;0;0;0;1463;0;0;88;0;80;0;
5111;2895870;1003061248;21671936;1099231232;0;0;0;0;0;0;0;0;0;0;0;1493;0;0;88;0;80;0;
5112;3051203;1003061248;21671936;1099231232;0;0;0;0;0;0;0;0;0;0;0;1533;0;0;88;0;80;0;
5113;5400528;1003061248;21671936;1099231232;0;0;0;0;0;0;0;0;0;0;0;1803;0;0;88;0;80;0;
5114;3120812;1003061248;21671936;1099231232;0;0;0;0;0;0;0;0;0;0;0;2114;0;0;88;0;80;0;
5115;3201444;1003597824;21671936;1099231232;0;0;0;0;0;0;0;0;0;0;0;2013;0;0;88;0;80;0;
5116;1314234;1003597824;21671936;1099231232;0;0;0;0;0;0;0;0;0;0;0;1373;0;0;88;0;80;0;
5117;2311174;1004408832;21671936;1099231232;0;0;0;0;0;0;0;0;0;0;0;1403;0;0;88;0;80;0;
5118;1662427;1004408832;21671936;1099231232;0;0;0;0;0;0;0;0;0;0;0;1563;0;0;88;0;80;0;
5119;4520988;1004408832;21671936;1099231232;0;0;0;0;0;0;0;0;0;0;0;1402;0;0;88;0;80;0;
5120;3420084;1004408832;21676032;1099235328;0;0;0;0;0;0;0;0;0;0;0;1923;0;0;88;0;80;0;
5121;1861201;1004408832;21676032;1099235328;0;0;0;0;0;0;0;0;0;0;0;1713;0;0;88;0;80;0;
5122;2205776;997797888;14110720;1091670016;0;0;0;0;0;0;0;0;0;0;0;1383;0;0;88;0;80;0;
5123;1561909;997797888;14110720;1091670016;0;0;0;0;0;0;0;0;0;0;0;1483;0;0;88;0;80;0;
5124;2413927;997797888;14110720;1091670016;0;0;0;0;0;0;0;0;0;0;0;1482;0;0;88;0;80;0;
5125;1959976;997797888;14110720;1091670016;0;0;0;0;0;0;0;0;0;0;0;1533;0;0;88;0;80;0;
5126;5709017;997797888;14110720;1091670016;0;0;0;0;0;0;0;0;0;0;0;1402;0;0;88;0;80;0;
5127;2629121;997797888;14110720;1091670016;0;0;0;0;0;0;0;0;0;0;0;2265;0;0;88;0;80;0;
5128;2247265;997797888;14110720;1091670016;0;0;0;0;0;0;0;0;0;0;0;1583;0;0;88;0;80;0;
5129;2429537;997797888;14110720;1091670016;0;0;0;0;0;0;0;0;0;0;0;1532;0;0;88;0;80;0;
5130;2621196;997797888;14110720;1091670016;0;0;0;0;0;0;0;0;0;0;0;1533;0;0;88;0;80;0;
5131;2161614;997797888;14110720;1091670016;0;0;0;0;0;0;0;0;0;0;0;1483;0;0;88;0;80;0;
5132;4913524;997797888;14110720;1091670016;0;0;0;0;0;0;0;0;0;0;0;1423;0;0;88;0;80;0;
5133;2247575;997797888;14110720;1091670016;0;0;0;0;0;0;0;0;0;0;0;1593;0;0;88;0;80;0;
5134;1892730;997801984;14102528;1091661824;0;0;0;0;0;0;0;0;0;0;0;1713;0;0;88;0;80;0;
5135;1758908;997801984;14102528;1091661824;0;0;0;0;0;0;0;0;0;0;0;1543;0;0;88;0;80;0;
5136;2011012;997801984;14102528;1091661824;0;0;0;0;0;0;0;0;0;0;0;1423;0;0;88;0;80;0;
5137;1519139;997801984;14102528;1091661824;0;0;0;0;0;0;0;0;0;0;0;1492;0;0;88;0;80;0;
5138;4793740;997801984;14102528;1091661824;0;0;0;0;0;0;0;0;0;0;0;1432;0;0;88;0;80;0;
5139;2047149;997801984;14102528;1091661824;0;0;0;0;0;0;0;0;0;0;0;1634;0;0;88;0;80;0;
5140;1865749;997801984;14102528;1091661824;0;0;0;0;0;0;0;0;0;0;0;1502;0;0;88;0;80;0;
5141;1921484;997801984;14102528;1091661824;0;0;0;0;0;0;0;0;0;0;0;1403;0;0;88;0;80;0;
5142;1872632;997801984;14102528;1091661824;0;0;0;0;0;0;0;0;0;0;0;1452;0;0;88;0;80;0;
5143;3065209;997801984;14102528;1091661824;0;0;0;0;0;0;0;0;0;0;0;1432;0;0;88;0;80;0;
5144;2140524;997801984;14102528;1091661824;0;0;0;0;0;0;0;0;0;0;0;1513;0;0;88;0;80;0;
5145;5493433;997801984;14102528;1091661824;0;0;0;0;0;0;0;0;0;0;0;1332;0;0;88;0;80;0;
5146;1782864;997801984;14102528;1091661824;0;0;0;0;0;0;0;0;0;0;0;1794;0;0;88;0;80;0;
5147;2750618;997801984;14102528;1091661824;0;0;0;0;0;0;0;0;0;0;0;1673;0;0;88;0;80;0;
5148;1890305;997801984;14102528;1091661824;0;0;0;0;0;0;0;0;0;0;0;1603;0;0;88;0;80;0;
5149;2819117;997801984;14102528;1091661824;0;0;0;0;0;0;0;0;0;0;0;1432;0;0;88;0;80;0;
5150;2665518;997801984;14102528;1091661824;0;0;0;0;0;0;0;0;0;0;0;1382;0;0;88;0;80;0;
5151;5100525;997801984;14102528;1091661824;0;0;0;0;0;0;0;0;0;0;0;1493;0;0;88;0;80;0;
5152;2272982;997801984;14106624;1091665920;0;0;0;0;0;0;0;0;0;0;0;1703;0;0;88;0;80;0;
5153;1920712;997801984;14106624;1091665920;0;0;0;0;0;0;0;0;0;0;0;1423;0;0;88;0;80;0;
5154;3474937;997801984;14106624;1091665920;0;0;0;0;0;0;0;0;0;0;0;1453;0;0;88;0;80;0;
5155;2798157;997801984;14106624;1091665920;0;0;0;0;0;0;0;0;0;0;0;1522;0;0;88;0;80;0;
5156;2666281;997801984;14106624;1091665920;0;0;0;0;0;0;0;0;0;0;0;1463;0;0;88;0;80;0;
5157;2613051;997801984;14106624;1091665920;0;0;0;0;0;0;0;0;0;0;0;1392;0;0;88;0;80;0;
5158;5499083;997801984;14106624;1091665920;0;0;0;0;0;0;0;0;0;0;0;1423;0;0;88;0;80;0;
5159;3474887;997801984;14106624;1091665920;0;0;0;0;0;0;0;0;0;0;0;1523;0;0;88;0;80;0;
5160;3025043;997801984;14106624;1091665920;0;0;0;0;0;0;0;0;0;0;0;1593;0;0;88;0;80;0;
5161;2509096;997801984;14106624;1091665920;0;0;0;0;0;0;0;0;0;0;0;1533;0;0;88;0;80;0;
5162;3017088;997801984;14106624;1091665920;0;0;0;0;0;0;0;0;0;0;0;1433;0;0;88;0;80;0;
5163;1969764;997801984;14106624;1091665920;0;0;0;0;0;0;0;0;0;0;0;1452;0;0;88;0;80;0;
5164;4370466;997801984;14106624;1091665920;0;0;0;0;0;0;0;0;0;0;0;1432;0;0;88;0;80;0;
5165;3650707;997801984;14106624;1091665920;0;0;0;0;0;0;0;0;0;0;0;1803;0;0;88;0;80;0;
5166;2262343;997830656;14102528;1091661824;0;0;0;0;0;0;0;0;0;0;0;108073;0;0;88;0;80;0;
5167;2236044;997830656;14102528;1091661824;0;0;0;0;0;0;0;0;0;0;0;1332;0;0;88;0;80;0;
5168;3405937;997830656;14102528;1091661824;0;0;0;0;0;0;0;0;0;0;0;1483;0;0;88;0;80;0;
5169;2233739;997830656;14102528;1091661824;0;0;0;0;0;0;0;0;0;0;0;1573;0;0;88;0;80;0;
5170;5394397;997830656;14102528;1091661824;0;0;0;0;0;0;0;0;0;0;0;1443;0;0;88;0;80;0;
5171;3501006;997830656;14106624;1091665920;0;0;0;0;0;0;0;0;0;0;0;1654;0;0;88;0;80;0;
5172;2449544;997830656;14106624;1091665920;0;0;0;0;0;0;0;0;0;0;0;1492;0;0;88;0;80;0;
5173;2449263;997830656;14106624;1091665920;0;0;0;0;0;0;0;0;0;0;0;1493;0;0;88;0;80;0;
5174;2353614;997830656;14106624;1091665920;0;0;0;0;0;0;0;0;0;0;0;1373;0;0;88;0;80;0;
5175;2850035;997830656;14106624;1091665920;0;0;0;0;0;0;0;0;0;0;0;1473;0;0;88;0;80;0;
5176;3037837;997830656;14106624;1091665920;0;0;0;0;0;0;0;0;0;0;0;1463;0;0;88;0;80;0;
5177;5182048;997830656;14106624;1091665920;0;0;0;0;0;0;0;0;0;0;0;1222;0;0;88;0;80;0;
5178;2343996;997830656;14106624;1091665920;0;0;0;0;0;0;0;0;0;0;0;1383;0;0;88;0;80;0;
5179;2056266;997830656;14106624;1091665920;0;0;0;0;0;0;0;0;0;0;0;1423;0;0;88;0;80;0;
5180;1779938;997830656;14106624;1091665920;0;0;0;0;0;0;0;0;0;0;0;1513;0;0;88;0;80;0;
5181;2381767;997830656;14106624;1091665920;0;0;0;0;0;0;0;0;0;0;0;1383;0;0;88;0;80;0;
5182;2803748;997830656;14106624;1091665920;0;0;0;0;0;0;0;0;0;0;0;1613;0;0;88;0;80;0;
5183;6161816;997830656;14106624;1091665920;0;0;0;0;0;0;0;0;0;0;0;1453;0;0;88;0;80;0;
5184;2887705;997830656;14106624;1091665920;0;0;0;0;0;0;0;0;0;0;0;1834;0;0;88;0;80;0;
5185;2159230;997830656;14106624;1091665920;0;0;0;0;0;0;0;0;0;0;0;1433;0;0;88;0;80;0;
5186;1807720;997830656;14106624;1091665920;0;0;0;0;0;0;0;0;0;0;0;1413;0;0;88;0;80;0;
5187;3277055;997830656;14106624;1091665920;0;0;0;0;0;0;0;0;0;0;0;1413;0;0;88;0;80;0;
5188;2469852;997830656;14106624;1091665920;0;0;0;0;0;0;0;0;0;0;0;1342;0;0;88;0;80;0;
5189;6172676;998100992;14106624;1091665920;0;0;0;0;0;0;0;0;0;0;0;1943;0;0;88;0;80;0;
5190;2928993;998100992;14106624;1091665920;0;0;0;0;0;0;0;0;0;0;0;1572;0;0;88;0;80;0;
5191;2341391;998100992;14106624;1091665920;0;0;0;0;0;0;0;0;0;0;0;1533;0;0;88;0;80;0;
5192;2874691;998100992;14106624;1091665920;0;0;0;0;0;0;0;0;0;0;0;1463;0;0;88;0;80;0;
5193;2528662;998100992;14106624;1091665920;0;0;0;0;0;0;0;0;0;0;0;1473;0;0;88;0;80;0;
5194;2069741;998100992;14106624;1091665920;0;0;0;0;0;0;0;0;0;0;0;1433;0;0;88;0;80;0;
5195;1422708;998100992;14106624;1091665920;0;0;0;0;0;0;0;0;0;0;0;1413;0;0;88;0;80;0;
5196;5134950;998100992;14106624;1091665920;0;0;0;0;0;0;0;0;0;0;0;1473;0;0;88;0;80;0;
5197;3112728;998100992;14106624;1091665920;0;0;0;0;0;0;0;0;0;0;0;1502;0;0;88;0;80;0;
5198;2081153;998100992;14106624;1091665920;0;0;0;0;0;0;0;0;0;0;0;1453;0;0;88;0;80;0;
5199;2985700;998100992;14106624;1091665920;0;0;0;0;0;0;0;0;0;0;0;1533;0;0;88;0;80;0;
5200;2016472;998100992;14106624;1091665920;0;0;0;0;0;0;0;0;0;0;0;1413;0;0;88;0;80;0;
5201;1983029;998100992;14106624;1091665920;0;0;0;0;0;0;0;0;0;0;0;1403;0;0;88;0;80;0;
5202;1869726;998100992;14106624;1091665920;0;0;0;0;0;0;0;0;0;0;0;1392;0;0;88;0;80;0;
5203;4824929;998100992;14106624;1091665920;0;0;0;0;0;0;0;0;0;0;0;1583;0;0;88;0;80;0;
5204;2963688;998100992;14106624;1091665920;0;0;0;0;0;0;0;0;0;0;0;1824;0;0;88;0;80;0;
5205;2475723;998100992;14106624;1091665920;0;0;0;0;0;0;0;0;0;0;0;1553;0;0;88;0;80;0;
5206;2824247;998100992;14106624;1091665920;0;0;0;0;0;0;0;0;0;0;0;1363;0;0;88;0;80;0;
5207;2611518;998100992;14106624;1091665920;0;0;0;0;0;0;0;0;0;0;0;1493;0;0;88;0;80;0;
5208;2119945;998100992;14106624;1091665920;0;0;0;0;0;0;0;0;0;0;0;1403;0;0;88;0;80;0;
5209;1311750;998100992;14106624;1091665920;0;0;0;0;0;0;0;0;0;0;0;1643;0;0;88;0;80;0;
5210;5151170;998100992;14106624;1091665920;0;0;0;0;0;0;0;0;0;0;0;1533;0;0;88;0;80;0;
5211;3118298;998100992;14106624;1091665920;0;0;0;0;0;0;0;0;0;0;0;1423;0;0;88;0;80;0;
5212;2540364;998158336;14102528;1091661824;0;0;0;0;0;0;0;0;0;0;0;1453;0;0;88;0;80;0;
5213;2029005;998158336;14102528;1091661824;0;0;0;0;0;0;0;0;0;0;0;1493;0;0;88;0;80;0;
5214;2420770;998158336;14102528;1091661824;0;0;0;0;0;0;0;0;0;0;0;1613;0;0;88;0;80;0;
5215;1156489;998158336;14102528;1091661824;0;0;0;0;0;0;0;0;0;0;0;1372;0;0;88;0;80;0;
5216;5373337;998158336;14102528;1091661824;0;0;0;0;0;0;0;0;0;0;0;1472;0;0;88;0;80;0;
5217;3312282;998158336;14106624;1091665920;0;0;0;0;0;0;0;0;0;0;0;1543;0;0;88;0;80;0;
5218;2367721;998158336;14106624;1091665920;0;0;0;0;0;0;0;0;0;0;0;1573;0;0;88;0;80;0;
5219;2559450;998158336;14106624;1091665920;0;0;0;0;0;0;0;0;0;0;0;1452;0;0;88;0;80;0;
5220;2684465;998158336;14106624;1091665920;0;0;0;0;0;0;0;0;0;0;0;1483;0;0;88;0;80;0;
5221;3572119;998158336;14106624;1091665920;0;0;0;0;0;0;0;0;0;0;0;1303;0;0;88;0;80;0;
5222;2013075;998158336;14106624;1091665920;0;0;0;0;0;0;0;0;0;0;0;1422;0;0;88;0;80;0;
5223;5705520;998158336;14106624;1091665920;0;0;0;0;0;0;0;0;0;0;0;1433;0;0;88;0;80;0;
5224;3335776;998158336;14106624;1091665920;0;0;0;0;0;0;0;0;0;0;0;1613;0;0;88;0;80;0;
5225;2708519;998158336;14106624;1091665920;0;0;0;0;0;0;0;0;0;0;0;1443;0;0;88;0;80;0;
5226;1923908;998158336;14106624;1091665920;0;0;0;0;0;0;0;0;0;0;0;1513;0;0;88;0;80;0;
5227;1888963;998158336;14106624;1091665920;0;0;0;0;0;0;0;0;0;0;0;1433;0;0;88;0;80;0;
5228;1803202;998158336;14106624;1091665920;0;0;0;0;0;0;0;0;0;0;0;1443;0;0;88;0;80;0;
5229;3049799;998158336;14106624;1091665920;0;0;0;0;0;0;0;0;0;0;0;1532;0;0;88;0;80;0;
5230;6307078;998158336;14106624;1091665920;0;0;0;0;0;0;0;0;0;0;0;1412;0;0;88;0;80;0;
5231;2990067;998158336;14106624;1091665920;0;0;0;0;0;0;0;0;0;0;0;1733;0;0;88;0;80;0;
5232;1888331;998158336;14106624;1091665920;0;0;0;0;0;0;0;0;0;0;0;1443;0;0;88;0;80;0;
5233;2480823;998158336;14106624;1091665920;0;0;0;0;0;0;0;0;0;0;0;1483;0;0;88;0;80;0;
5234;1962791;998158336;14106624;1091665920;0;0;0;0;0;0;0;0;0;0;0;1714;0;0;88;0;80;0;
5235;2704562;998158336;14106624;1091665920;0;0;0;0;0;0;0;0;0;0;0;1443;0;0;88;0;80;0;
5236;2166042;998158336;14106624;1091665920;0;0;0;0;0;0;0;0;0;0;0;1462;0;0;88;0;80;0;
5237;5245217;998158336;14106624;1091665920;0;0;0;0;0;0;0;0;0;0;0;1563;0;0;88;0;80;0;
5238;2964840;998158336;14106624;1091665920;0;0;0;0;0;0;0;0;0;0;0;1473;0;0;88;0;80;0;
5239;1740875;998191104;14102528;1091661824;0;0;0;0;0;0;0;0;0;0;0;1593;0;0;88;0;80;0;
5240;2101421;998191104;14102528;1091661824;0;0;0;0;0;0;0;0;0;0;0;1533;0;0;88;0;80;0;
5241;2246673;998191104;14102528;1091661824;0;0;0;0;0;0;0;0;0;0;0;1453;0;0;88;0;80;0;
5242;1502568;998191104;14102528;1091661824;0;0;0;0;0;0;0;0;0;0;0;1453;0;0;88;0;80;0;
5243;6298582;998191104;14102528;1091661824;0;0;0;0;0;0;0;0;0;0;0;1472;0;0;88;0;80;0;
5244;3414583;998191104;14102528;1091661824;0;0;0;0;0;0;0;0;0;0;0;2535;0;0;88;0;80;0;
5245;2629100;998191104;14102528;1091661824;0;0;0;0;0;0;0;0;0;0;0;1623;0;0;88;0;80;0;
5246;2015801;998457344;14102528;1091661824;0;0;0;0;0;0;0;0;0;0;0;1403;0;0;88;0;80;0;
5247;2920447;998457344;14102528;1091661824;0;0;0;0;0;0;0;0;0;0;0;1493;0;0;88;0;80;0;
5248;2121148;998457344;14102528;1091661824;0;0;0;0;0;0;0;0;0;0;0;1393;0;0;88;0;80;0;
5249;5625510;998457344;14102528;1091661824;0;0;0;0;0;0;0;0;0;0;0;1523;0;0;88;0;80;0;
5250;2521639;998457344;14102528;1091661824;0;0;0;0;0;0;0;0;0;0;0;1914;0;0;88;0;80;0;
5251;2176652;998457344;14102528;1091661824;0;0;0;0;0;0;0;0;0;0;0;1432;0;0;88;0;80;0;
5252;2068178;998457344;14102528;1091661824;0;0;0;0;0;0;0;0;0;0;0;1483;0;0;88;0;80;0;
5253;2923874;998457344;14102528;1091661824;0;0;0;0;0;0;0;0;0;0;0;1443;0;0;88;0;80;0;
5254;1890085;998457344;14102528;1091661824;0;0;0;0;0;0;0;0;0;0;0;1443;0;0;88;0;80;0;
5255;5378547;998457344;14102528;1091661824;0;0;0;0;0;0;0;0;0;0;0;1412;0;0;88;0;80;0;
5256;3597377;998457344;14106624;1091665920;0;0;0;0;0;0;0;0;0;0;0;1753;0;0;88;0;80;0;
5257;1890125;998457344;14106624;1091665920;0;0;0;0;0;0;0;0;0;0;0;1563;0;0;88;0;80;0;
5258;2188765;998457344;14106624;1091665920;0;0;0;0;0;0;0;0;0;0;0;1403;0;0;88;0;80;0;
5259;1358317;998457344;14106624;1091665920;0;0;0;0;0;0;0;0;0;0;0;1653;0;0;88;0;80;0;
5260;1984683;998457344;14106624;1091665920;0;0;0;0;0;0;0;0;0;0;0;1442;0;0;88;0;80;0;
5261;2752001;998457344;14106624;1091665920;0;0;0;0;0;0;0;0;0;0;0;1393;0;0;88;0;80;0;
5262;4271732;998457344;14106624;1091665920;0;0;0;0;0;0;0;0;0;0;0;1352;0;0;88;0;80;0;
5263;3511575;998457344;14106624;1091665920;0;0;0;0;0;0;0;0;0;0;0;1413;0;0;88;0;80;0;
5264;2782128;998457344;14106624;1091665920;0;0;0;0;0;0;0;0;0;0;0;1493;0;0;88;0;80;0;
5265;2105969;998457344;14106624;1091665920;0;0;0;0;0;0;0;0;0;0;0;1413;0;0;88;0;80;0;
5266;2349717;998457344;14106624;1091665920;0;0;0;0;0;0;0;0;0;0;0;1453;0;0;88;0;80;0;
5267;2024457;998457344;14106624;1091665920;0;0;0;0;0;0;0;0;0;0;0;1553;0;0;88;0;80;0;
5268;5072333;998457344;14106624;1091665920;0;0;0;0;0;0;0;0;0;0;0;1442;0;0;88;0;80;0;
5269;2793539;998457344;14106624;1091665920;0;0;0;0;0;0;0;0;0;0;0;1813;0;0;88;0;80;0;
5270;3797301;998494208;14102528;1091661824;0;0;0;0;0;0;0;0;0;0;0;6001;0;0;88;0;80;0;
5271;2000772;998494208;14102528;1091661824;0;0;0;0;0;0;0;0;0;0;0;1834;0;0;88;0;80;0;
5272;2702077;998494208;14102528;1091661824;0;0;0;0;0;0;0;0;0;0;0;1462;0;0;88;0;80;0;
5273;1346555;998494208;14102528;1091661824;0;0;0;0;0;0;0;0;0;0;0;1583;0;0;88;0;80;0;
5274;4064803;998494208;14102528;1091661824;0;0;0;0;0;0;0;0;0;0;0;1403;0;0;88;0;80;0;
5275;2273975;998494208;14102528;1091661824;0;0;0;0;0;0;0;0;0;0;0;1733;0;0;88;0;80;0;
5276;1888081;998494208;14102528;1091661824;0;0;0;0;0;0;0;0;0;0;0;1643;0;0;88;0;80;0;
5277;2105418;998494208;14102528;1091661824;0;0;0;0;0;0;0;0;0;0;0;1593;0;0;88;0;80;0;
5278;2053621;998494208;14102528;1091661824;0;0;0;0;0;0;0;0;0;0;0;1463;0;0;88;0;80;0;
5279;1024752;998494208;14102528;1091661824;0;0;0;0;0;0;0;0;0;0;0;1774;0;0;88;0;80;0;
5280;4209645;998494208;14102528;1091661824;0;0;0;0;0;0;0;0;0;0;0;1493;0;0;88;0;80;0;
5281;2205927;998494208;14106624;1091665920;0;0;0;0;0;0;0;0;0;0;0;1423;0;0;88;0;80;0;
5282;2326593;998494208;14106624;1091665920;0;0;0;0;0;0;0;0;0;0;0;1723;0;0;88;0;80;0;
5283;2798999;998494208;14106624;1091665920;0;0;0;0;0;0;0;0;0;0;0;1422;0;0;88;0;80;0;
5284;2132338;998494208;14106624;1091665920;0;0;0;0;0;0;0;0;0;0;0;1393;0;0;88;0;80;0;
5285;2316765;998494208;14106624;1091665920;0;0;0;0;0;0;0;0;0;0;0;1563;0;0;88;0;80;0;
5286;2021761;998494208;14106624;1091665920;0;0;0;0;0;0;0;0;0;0;0;1493;0;0;88;0;80;0;
5287;4725843;998494208;14106624;1091665920;0;0;0;0;0;0;0;0;0;0;0;1363;0;0;88;0;80;0;
5288;1675712;998494208;14106624;1091665920;0;0;0;0;0;0;0;0;0;0;0;1393;0;0;88;0;80;0;
5289;2021100;998494208;14106624;1091665920;0;0;0;0;0;0;0;0;0;0;0;1583;0;0;88;0;80;0;
5290;1992757;998494208;14106624;1091665920;0;0;0;0;0;0;0;0;0;0;0;1513;0;0;88;0;80;0;
5291;1597286;998494208;14106624;1091665920;0;0;0;0;0;0;0;0;0;0;0;1443;0;0;88;0;80;0;
5292;2092184;998494208;14106624;1091665920;0;0;0;0;0;0;0;0;0;0;0;1774;0;0;88;0;80;0;
5293;5245578;998494208;14106624;1091665920;0;0;0;0;0;0;0;0;0;0;0;1393;0;0;88;0;80;0;
5294;1855500;998494208;14106624;1091665920;0;0;0;0;0;0;0;0;0;0;0;1683;0;0;88;0;80;0;
5295;1550287;998494208;14106624;1091665920;0;0;0;0;0;0;0;0;0;0;0;1432;0;0;88;0;80;0;
5296;1841974;998494208;14106624;1091665920;0;0;0;0;0;0;0;0;0;0;0;1473;0;0;88;0;80;0;
5297;2014839;998494208;14106624;1091665920;0;0;0;0;0;0;0;0;0;0;0;1693;0;0;88;0;80;0;
5298;2612259;998494208;14106624;1091665920;0;0;0;0;0;0;0;0;0;0;0;1402;0;0;88;0;80;0;
5299;1484484;998494208;14106624;1091665920;0;0;0;0;0;0;0;0;0;0;0;2835;0;0;88;0;80;0;
5300;5017680;998494208;14106624;1091665920;0;0;0;0;0;0;0;0;0;0;0;1533;0;0;88;0;80;0;
5301;2860906;998494208;14106624;1091665920;0;0;0;0;0;0;0;0;0;0;0;2054;0;0;88;0;80;0;
5302;1649103;998494208;14106624;1091665920;0;0;0;0;0;0;0;0;0;0;0;1443;0;0;88;0;80;0;
5303;2047099;998494208;14106624;1091665920;0;0;0;0;0;0;0;0;0;0;0;1403;0;0;88;0;80;0;
5304;1658249;998494208;14106624;1091665920;0;0;0;0;0;0;0;0;0;0;0;1513;0;0;88;0;80;0;
5305;1791219;998494208;14106624;1091665920;0;0;0;0;0;0;0;0;0;0;0;1613;0;0;88;0;80;0;
5306;1739031;998494208;14106624;1091665920;0;0;0;0;0;0;0;0;0;0;0;1542;0;0;88;0;80;0;
5307;4616548;998494208;14106624;1091665920;0;0;0;0;0;0;0;0;0;0;0;1373;0;0;88;0;80;0;
5308;1912346;998494208;14106624;1091665920;0;0;0;0;0;0;0;0;0;0;0;1794;0;0;88;0;80;0;
5309;2400592;998494208;14106624;1091665920;0;0;0;0;0;0;0;0;0;0;0;1513;0;0;88;0;80;0;
5310;2002886;998494208;14106624;1091665920;0;0;0;0;0;0;0;0;0;0;0;1503;0;0;88;0;80;0;
5311;1842526;998494208;14106624;1091665920;0;0;0;0;0;0;0;0;0;0;0;1442;0;0;88;0;80;0;
5312;1358988;998494208;14106624;1091665920;0;0;0;0;0;0;0;0;0;0;0;1633;0;0;88;0;80;0;
5313;4292019;998494208;14106624;1091665920;0;0;0;0;0;0;0;0;0;0;0;1473;0;0;88;0;80;0;
5314;2761158;998494208;14106624;1091665920;0;0;0;0;0;0;0;0;0;0;0;1984;0;0;88;0;80;0;
5315;2740579;998555648;14102528;1091661824;0;0;0;0;0;0;0;0;0;0;0;1663;0;0;88;0;80;0;
5316;1954405;998555648;14102528;1091661824;0;0;0;0;0;0;0;0;0;0;0;1583;0;0;88;0;80;0;
5317;2722556;998555648;14102528;1091661824;0;0;0;0;0;0;0;0;0;0;0;1543;0;0;88;0;80;0;
5318;2315853;998555648;14102528;1091661824;0;0;0;0;0;0;0;0;0;0;0;1443;0;0;88;0;80;0;
5319;11027170;998555648;14102528;1091661824;0;0;0;0;0;0;0;0;0;0;0;1453;0;0;88;0;80;0;
5320;4373903;998821888;14106624;1091665920;0;0;0;0;0;0;0;0;0;0;0;1603;0;0;88;0;80;0;
5321;2509255;998821888;14106624;1091665920;0;0;0;0;0;0;0;0;0;0;0;1513;0;0;88;0;80;0;
5322;2119324;998821888;14106624;1091665920;0;0;0;0;0;0;0;0;0;0;0;1543;0;0;88;0;80;0;
5323;1703074;998821888;14106624;1091665920;0;0;0;0;0;0;0;0;0;0;0;1413;0;0;88;0;80;0;
5324;2134012;998821888;14106624;1091665920;0;0;0;0;0;0;0;0;0;0;0;1483;0;0;88;0;80;0;
5325;2464182;998821888;14106624;1091665920;0;0;0;0;0;0;0;0;0;0;0;1542;0;0;88;0;80;0;
5326;5670855;998821888;14110720;1091670016;0;0;0;0;0;0;0;0;0;0;0;1603;0;0;88;0;80;0;
5327;3192447;998821888;14114816;1091674112;0;0;0;0;0;0;0;0;0;0;0;1452;0;0;88;0;80;0;
5328;1656667;998821888;14114816;1091674112;0;0;0;0;0;0;0;0;0;0;0;1613;0;0;88;0;80;0;
5329;1869215;998821888;14114816;1091674112;0;0;0;0;0;0;0;0;0;0;0;1462;0;0;88;0;80;0;
5330;1469816;998821888;14114816;1091674112;0;0;0;0;0;0;0;0;0;0;0;1413;0;0;88;0;80;0;
5331;2112371;998821888;14114816;1091674112;0;0;0;0;0;0;0;0;0;0;0;1603;0;0;88;0;80;0;
5332;1678968;998821888;14114816;1091674112;0;0;0;0;0;0;0;0;0;0;0;1373;0;0;88;0;80;0;
5333;4363614;998821888;14114816;1091674112;0;0;0;0;0;0;0;0;0;0;0;1452;0;0;88;0;80;0;
5334;2858722;998821888;14114816;1091674112;0;0;0;0;0;0;0;0;0;0;0;1984;0;0;88;0;80;0;
5335;1760382;998821888;14114816;1091674112;0;0;0;0;0;0;0;0;0;0;0;1382;0;0;88;0;80;0;
5336;1548013;998821888;14114816;1091674112;0;0;0;0;0;0;0;0;0;0;0;1553;0;0;88;0;80;0;
5337;1948013;998821888;14114816;1091674112;0;0;0;0;0;0;0;0;0;0;0;1593;0;0;88;0;80;0;
5338;1469937;998821888;14114816;1091674112;0;0;0;0;0;0;0;0;0;0;0;1533;0;0;88;0;80;0;
5339;5134109;998821888;14114816;1091674112;0;0;0;0;0;0;0;0;0;0;0;1513;0;0;88;0;80;0;
5340;3075428;998821888;14114816;1091674112;0;0;0;0;0;0;0;0;0;0;0;1663;0;0;88;0;80;0;
5341;2525125;998821888;14114816;1091674112;0;0;0;0;0;0;0;0;0;0;0;1543;0;0;88;0;80;0;
5342;1590754;998854656;14102528;1091661824;0;0;0;0;0;0;0;0;0;0;0;1462;0;0;88;0;80;0;
5343;1781281;998854656;14102528;1091661824;0;0;0;0;0;0;0;0;0;0;0;1392;0;0;88;0;80;0;
5344;2187983;998854656;14102528;1091661824;0;0;0;0;0;0;0;0;0;0;0;1372;0;0;88;0;80;0;
5345;1134739;998854656;14102528;1091661824;0;0;0;0;0;0;0;0;0;0;0;1423;0;0;88;0;80;0;
5346;4667904;998854656;14102528;1091661824;0;0;0;0;0;0;0;0;0;0;0;1323;0;0;88;0;80;0;
5347;4005722;999120896;14102528;1091661824;0;0;0;0;0;0;0;0;0;0;0;1904;0;0;88;0;80;0;
5348;1891297;999120896;14102528;1091661824;0;0;0;0;0;0;0;0;0;0;0;1653;0;0;88;0;80;0;
5349;1940299;999120896;14102528;1091661824;0;0;0;0;0;0;0;0;0;0;0;1513;0;0;88;0;80;0;
5350;2002025;999120896;14102528;1091661824;0;0;0;0;0;0;0;0;0;0;0;1543;0;0;88;0;80;0;
5351;2306005;999120896;14102528;1091661824;0;0;0;0;0;0;0;0;0;0;0;1383;0;0;88;0;80;0;
5352;1393714;999120896;14102528;1091661824;0;0;0;0;0;0;0;0;0;0;0;1202;0;0;88;0;80;0;
5353;4628981;999120896;14102528;1091661824;0;0;0;0;0;0;0;0;0;0;0;1493;0;0;88;0;80;0;
5354;4799100;999120896;14102528;1091661824;0;0;0;0;0;0;0;0;0;0;0;1633;0;0;88;0;80;0;
5355;1778816;999120896;14102528;1091661824;0;0;0;0;0;0;0;0;0;0;0;1543;0;0;88;0;80;0;
5356;2878087;999120896;14102528;1091661824;0;0;0;0;0;0;0;0;0;0;0;1633;0;0;88;0;80;0;
5357;1711380;999120896;14102528;1091661824;0;0;0;0;0;0;0;0;0;0;0;1373;0;0;88;0;80;0;
5358;2146065;999120896;14102528;1091661824;0;0;0;0;0;0;0;0;0;0;0;1422;0;0;88;0;80;0;
5359;1457734;999120896;14102528;1091661824;0;0;0;0;0;0;0;0;0;0;0;1633;0;0;88;0;80;0;
5360;5059218;999120896;14102528;1091661824;0;0;0;0;0;0;0;0;0;0;0;1523;0;0;88;0;80;0;
5361;3469246;999120896;14102528;1091661824;0;0;0;0;0;0;0;0;0;0;0;2224;0;0;88;0;80;0;
5362;2720462;999120896;14102528;1091661824;0;0;0;0;0;0;0;0;0;0;0;1663;0;0;88;0;80;0;
5363;3649414;999120896;14102528;1091661824;0;0;0;0;0;0;0;0;0;0;0;1443;0;0;88;0;80;0;
5364;1920441;999120896;14102528;1091661824;0;0;0;0;0;0;0;0;0;0;0;1613;0;0;88;0;80;0;
5365;3037857;999120896;14102528;1091661824;0;0;0;0;0;0;0;0;0;0;0;1343;0;0;88;0;80;0;
5366;1555527;999120896;14102528;1091661824;0;0;0;0;0;0;0;0;0;0;0;1543;0;0;88;0;80;0;
5367;6185771;999120896;14102528;1091661824;0;0;0;0;0;0;0;0;0;0;0;1433;0;0;88;0;80;0;
5368;3582458;999120896;14102528;1091661824;0;0;0;0;0;0;0;0;0;0;0;1894;0;0;88;0;80;0;
5369;2519535;999383040;14102528;1091661824;0;0;0;0;0;0;0;0;0;0;0;1463;0;0;88;0;80;0;
5370;2717616;999383040;14102528;1091661824;0;0;0;0;0;0;0;0;0;0;0;1493;0;0;88;0;80;0;
5371;1975405;999383040;14102528;1091661824;0;0;0;0;0;0;0;0;0;0;0;1413;0;0;88;0;80;0;
5372;2773151;999383040;14102528;1091661824;0;0;0;0;0;0;0;0;0;0;0;1403;0;0;88;0;80;0;
5373;1806748;999383040;14102528;1091661824;0;0;0;0;0;0;0;0;0;0;0;1393;0;0;88;0;80;0;
5374;5035173;999383040;14102528;1091661824;0;0;0;0;0;0;0;0;0;0;0;1563;0;0;88;0;80;0;
5375;4219252;999383040;14102528;1091661824;0;0;0;0;0;0;0;0;0;0;0;1984;0;0;88;0;80;0;
5376;2506040;999383040;14102528;1091661824;0;0;0;0;0;0;0;0;0;0;0;1192;0;0;88;0;80;0;
5377;3983050;999383040;14102528;1091661824;0;0;0;0;0;0;0;0;0;0;0;1703;0;0;88;0;80;0;
5378;2340489;999383040;14102528;1091661824;0;0;0;0;0;0;0;0;0;0;0;1482;0;0;88;0;80;0;
5379;2387978;999383040;14102528;1091661824;0;0;0;0;0;0;0;0;0;0;0;1172;0;0;88;0;80;0;
5380;1828770;999383040;14102528;1091661824;0;0;0;0;0;0;0;0;0;0;0;1313;0;0;88;0;80;0;
5381;4432773;999383040;14102528;1091661824;0;0;0;0;0;0;0;0;0;0;0;1453;0;0;88;0;80;0;
5382;3842656;999383040;14102528;1091661824;0;0;0;0;0;0;0;0;0;0;0;2194;0;0;88;0;80;0;
5383;2809328;999383040;14102528;1091661824;0;0;0;0;0;0;0;0;0;0;0;1593;0;0;88;0;80;0;
5384;2186701;999383040;14102528;1091661824;0;0;0;0;0;0;0;0;0;0;0;1453;0;0;88;0;80;0;
5385;1735735;999383040;14102528;1091661824;0;0;0;0;0;0;0;0;0;0;0;1533;0;0;88;0;80;0;
5386;2097293;999383040;14102528;1091661824;0;0;0;0;0;0;0;0;0;0;0;1212;0;0;88;0;80;0;
5387;4661002;999383040;14102528;1091661824;0;0;0;0;0;0;0;0;0;0;0;1323;0;0;88;0;80;0;
5388;3158293;999383040;14102528;1091661824;0;0;0;0;0;0;0;0;0;0;0;2044;0;0;88;0;80;0;
5389;2805020;999419904;14098432;1091657728;0;0;0;0;0;0;0;0;0;0;0;2144;0;0;88;0;80;0;
5390;1700659;999419904;14098432;1091657728;0;0;0;0;0;0;0;0;0;0;0;1573;0;0;88;0;80;0;
5391;3325146;999419904;14098432;1091657728;0;0;0;0;0;0;0;0;0;0;0;1503;0;0;88;0;80;0;
5392;1981095;999419904;14098432;1091657728;0;0;0;0;0;0;0;0;0;0;0;1653;0;0;88;0;80;0;
5393;4528483;999419904;14098432;1091657728;0;0;0;0;0;0;0;0;0;0;0;1463;0;0;88;0;80;0;
5394;2662163;999419904;14098432;1091657728;0;0;0;0;0;0;0;0;0;0;0;2174;0;0;88;0;80;0;
5395;2324229;999419904;14098432;1091657728;0;0;0;0;0;0;0;0;0;0;0;1453;0;0;88;0;80;0;
5396;1853445;999419904;14098432;1091657728;0;0;0;0;0;0;0;0;0;0;0;1473;0;0;88;0;80;0;
5397;2364424;999419904;14098432;1091657728;0;0;0;0;0;0;0;0;0;0;0;1363;0;0;88;0;80;0;
5398;2477216;999682048;14098432;1091657728;0;0;0;0;0;0;0;0;0;0;0;1583;0;0;88;0;80;0;
5399;5645447;999682048;14098432;1091657728;0;0;0;0;0;0;0;0;0;0;0;1422;0;0;88;0;80;0;
5400;3084865;999682048;14102528;1091661824;0;0;0;0;0;0;0;0;0;0;0;1663;0;0;88;0;80;0;
5401;2352692;999682048;14102528;1091661824;0;0;0;0;0;0;0;0;0;0;0;10970;0;0;88;0;80;0;
5402;2573406;999682048;14102528;1091661824;0;0;0;0;0;0;0;0;0;0;0;1463;0;0;88;0;80;0;
5403;1433148;999682048;14102528;1091661824;0;0;0;0;0;0;0;0;0;0;0;1453;0;0;88;0;80;0;
5404;2608312;999682048;14102528;1091661824;0;0;0;0;0;0;0;0;0;0;0;1532;0;0;88;0;80;0;
5405;1333270;999682048;14102528;1091661824;0;0;0;0;0;0;0;0;0;0;0;1372;0;0;88;0;80;0;
5406;5201385;999682048;14102528;1091661824;0;0;0;0;0;0;0;0;0;0;0;1423;0;0;88;0;80;0;
5407;3755413;999682048;14102528;1091661824;0;0;0;0;0;0;0;0;0;0;0;1944;0;0;88;0;80;0;
5408;2262913;999682048;14102528;1091661824;0;0;0;0;0;0;0;0;0;0;0;1603;0;0;88;0;80;0;
5409;2680717;999682048;14102528;1091661824;0;0;0;0;0;0;0;0;0;0;0;1373;0;0;88;0;80;0;
5410;1895725;999682048;14102528;1091661824;0;0;0;0;0;0;0;0;0;0;0;1423;0;0;88;0;80;0;
5411;1873384;999682048;14102528;1091661824;0;0;0;0;0;0;0;0;0;0;0;1413;0;0;88;0;80;0;
5412;1824321;999682048;14102528;1091661824;0;0;0;0;0;0;0;0;0;0;0;1433;0;0;88;0;80;0;
5413;5372005;999682048;14102528;1091661824;0;0;0;0;0;0;0;0;0;0;0;1402;0;0;88;0;80;0;
5414;3599210;999682048;14102528;1091661824;0;0;0;0;0;0;0;0;0;0;0;1854;0;0;88;0;80;0;
5415;2486584;999682048;14102528;1091661824;0;0;0;0;0;0;0;0;0;0;0;1353;0;0;88;0;80;0;
5416;2530345;999682048;14102528;1091661824;0;0;0;0;0;0;0;0;0;0;0;1653;0;0;88;0;80;0;
5417;3095555;999682048;14102528;1091661824;0;0;0;0;0;0;0;0;0;0;0;1653;0;0;88;0;80;0;
5418;2351840;999682048;14102528;1091661824;0;0;0;0;0;0;0;0;0;0;0;1433;0;0;88;0;80;0;
5419;2325321;999682048;14102528;1091661824;0;0;0;0;0;0;0;0;0;0;0;1583;0;0;88;0;80;0;
5420;5255185;999682048;14102528;1091661824;0;0;0;0;0;0;0;0;0;0;0;1422;0;0;88;0;80;0;
5421;4198855;999682048;14102528;1091661824;0;0;0;0;0;0;0;0;0;0;0;2044;0;0;88;0;80;0;
5422;1710979;999682048;14102528;1091661824;0;0;0;0;0;0;0;0;0;0;0;1423;0;0;88;0;80;0;
5423;2526919;999682048;14102528;1091661824;0;0;0;0;0;0;0;0;0;0;0;1393;0;0;88;0;80;0;
5424;1938325;999682048;14102528;1091661824;0;0;0;0;0;0;0;0;0;0;0;1383;0;0;88;0;80;0;
5425;2149220;999682048;14102528;1091661824;0;0;0;0;0;0;0;0;0;0;0;1753;0;0;88;0;80;0;
5426;2420179;999682048;14102528;1091661824;0;0;0;0;0;0;0;0;0;0;0;1493;0;0;88;0;80;0;
5427;5258723;999682048;14102528;1091661824;0;0;0;0;0;0;0;0;0;0;0;1282;0;0;88;0;80;0;
5428;3076109;999682048;14102528;1091661824;0;0;0;0;0;0;0;0;0;0;0;2364;0;0;88;0;80;0;
5429;2616027;999682048;14102528;1091661824;0;0;0;0;0;0;0;0;0;0;0;1463;0;0;88;0;80;0;
5430;2421541;999682048;14102528;1091661824;0;0;0;0;0;0;0;0;0;0;0;1422;0;0;88;0;80;0;
5431;3189291;999682048;14102528;1091661824;0;0;0;0;0;0;0;0;0;0;0;1523;0;0;88;0;80;0;
5432;2829556;999682048;14102528;1091661824;0;0;0;0;0;0;0;0;0;0;0;1453;0;0;88;0;80;0;
5433;2060534;999682048;14102528;1091661824;0;0;0;0;0;0;0;0;0;0;0;1513;0;0;88;0;80;0;
5434;5564996;999682048;14102528;1091661824;0;0;0;0;0;0;0;0;0;0;0;1613;0;0;88;0;80;0;
5435;4110910;999682048;14102528;1091661824;0;0;0;0;0;0;0;0;0;0;0;1753;0;0;88;0;80;0;
5436;2148139;999682048;14102528;1091661824;0;0;0;0;0;0;0;0;0;0;0;1513;0;0;88;0;80;0;
5437;2822544;999682048;14102528;1091661824;0;0;0;0;0;0;0;0;0;0;0;1402;0;0;88;0;80;0;
5438;2903375;999682048;14102528;1091661824;0;0;0;0;0;0;0;0;0;0;0;1553;0;0;88;0;80;0;
5439;2898236;999682048;14102528;1091661824;0;0;0;0;0;0;0;0;0;0;0;1453;0;0;88;0;80;0;
5440;2151976;999682048;14102528;1091661824;0;0;0;0;0;0;0;0;0;0;0;1443;0;0;88;0;80;0;
5441;4474361;999682048;14102528;1091661824;0;0;0;0;0;0;0;0;0;0;0;1372;0;0;88;0;80;0;
5442;3579002;999682048;14102528;1091661824;0;0;0;0;0;0;0;0;0;0;0;2174;0;0;88;0;80;0;
5443;2957967;999682048;14102528;1091661824;0;0;0;0;0;0;0;0;0;0;0;1503;0;0;88;0;80;0;
5444;2568928;999682048;14102528;1091661824;0;0;0;0;0;0;0;0;0;0;0;1543;0;0;88;0;80;0;
5445;2898516;999682048;14102528;1091661824;0;0;0;0;0;0;0;0;0;0;0;1383;0;0;88;0;80;0;
5446;2287951;999682048;14102528;1091661824;0;0;0;0;0;0;0;0;0;0;0;1352;0;0;88;0;80;0;
5447;5443288;999682048;14102528;1091661824;0;0;0;0;0;0;0;0;0;0;0;2114;0;0;88;0;80;0;
5448;2581902;999682048;14102528;1091661824;0;0;0;0;0;0;0;0;0;0;0;1523;0;0;88;0;80;0;
5449;2980460;999763968;14098432;1091657728;0;0;0;0;0;0;0;0;0;0;0;1523;0;0;88;0;80;0;
5450;2117571;999763968;14098432;1091657728;0;0;0;0;0;0;0;0;0;0;0;1433;0;0;88;0;80;0;
5451;1879255;999763968;14098432;1091657728;0;0;0;0;0;0;0;0;0;0;0;1383;0;0;88;0;80;0;
5452;1952191;999763968;14098432;1091657728;0;0;0;0;0;0;0;0;0;0;0;1423;0;0;88;0;80;0;
5453;4852481;999763968;14098432;1091657728;0;0;0;0;0;0;0;0;0;0;0;1272;0;0;88;0;80;0;
5454;3218186;1000030208;14102528;1091661824;0;0;0;0;0;0;0;0;0;0;0;1563;0;0;88;0;80;0;
5455;2563197;1000030208;14102528;1091661824;0;0;0;0;0;0;0;0;0;0;0;2114;0;0;88;0;80;0;
5456;3017720;1000030208;14102528;1091661824;0;0;0;0;0;0;0;0;0;0;0;1433;0;0;88;0;80;0;
5457;1428750;1000030208;14102528;1091661824;0;0;0;0;0;0;0;0;0;0;0;1423;0;0;88;0;80;0;
5458;2548139;1000030208;14102528;1091661824;0;0;0;0;0;0;0;0;0;0;0;1693;0;0;88;0;80;0;
5459;1678207;1000030208;14102528;1091661824;0;0;0;0;0;0;0;0;0;0;0;1453;0;0;88;0;80;0;
5460;5031266;1000030208;14102528;1091661824;0;0;0;0;0;0;0;0;0;0;0;1443;0;0;88;0;80;0;
5461;2972695;1000030208;14102528;1091661824;0;0;0;0;0;0;0;0;0;0;0;1513;0;0;88;0;80;0;
5462;2348484;1000030208;14102528;1091661824;0;0;0;0;0;0;0;0;0;0;0;1352;0;0;88;0;80;0;
5463;2370225;1000030208;14102528;1091661824;0;0;0;0;0;0;0;0;0;0;0;1443;0;0;88;0;80;0;
5464;2173446;1000030208;14102528;1091661824;0;0;0;0;0;0;0;0;0;0;0;1402;0;0;88;0;80;0;
5465;1946480;1000030208;14102528;1091661824;0;0;0;0;0;0;0;0;0;0;0;1453;0;0;88;0;80;0;
5466;5017229;1000030208;14102528;1091661824;0;0;0;0;0;0;0;0;0;0;0;1433;0;0;88;0;80;0;
5467;3183330;1000030208;14106624;1091665920;0;0;0;0;0;0;0;0;0;0;0;1814;0;0;88;0;80;0;
5468;2117702;1000030208;14106624;1091665920;0;0;0;0;0;0;0;0;0;0;0;1463;0;0;88;0;80;0;
5469;2175931;1000030208;14106624;1091665920;0;0;0;0;0;0;0;0;0;0;0;1463;0;0;88;0;80;0;
5470;2069992;1000030208;14106624;1091665920;0;0;0;0;0;0;0;0;0;0;0;1442;0;0;88;0;80;0;
5471;2077406;1000030208;14106624;1091665920;0;0;0;0;0;0;0;0;0;0;0;1433;0;0;88;0;80;0;
5472;2413937;1000030208;14106624;1091665920;0;0;0;0;0;0;0;0;0;0;0;1483;0;0;88;0;80;0;
5473;4621497;1000030208;14106624;1091665920;0;0;0;0;0;0;0;0;0;0;0;1433;0;0;88;0;80;0;
5474;3095756;1000030208;14106624;1091665920;0;0;0;0;0;0;0;0;0;0;0;1824;0;0;88;0;80;0;
5475;1694327;1000030208;14106624;1091665920;0;0;0;0;0;0;0;0;0;0;0;1543;0;0;88;0;80;0;
5476;2134884;1000030208;14106624;1091665920;0;0;0;0;0;0;0;0;0;0;0;1462;0;0;88;0;80;0;
5477;1734523;1000030208;14106624;1091665920;0;0;0;0;0;0;0;0;0;0;0;1472;0;0;88;0;80;0;
5478;2427392;1000030208;14106624;1091665920;0;0;0;0;0;0;0;0;0;0;0;1442;0;0;88;0;80;0;
5479;2269366;1000030208;14106624;1091665920;0;0;0;0;0;0;0;0;0;0;0;1423;0;0;88;0;80;0;
5480;4890532;1000030208;14106624;1091665920;0;0;0;0;0;0;0;0;0;0;0;1443;0;0;88;0;80;0;
5481;2860435;1000030208;14106624;1091665920;0;0;0;0;0;0;0;0;0;0;0;1653;0;0;88;0;80;0;
5482;2519425;1000030208;14106624;1091665920;0;0;0;0;0;0;0;0;0;0;0;1513;0;0;88;0;80;0;
5483;2236484;1000030208;14106624;1091665920;0;0;0;0;0;0;0;0;0;0;0;1262;0;0;88;0;80;0;
5484;1843327;1000030208;14106624;1091665920;0;0;0;0;0;0;0;0;0;0;0;1433;0;0;88;0;80;0;
5485;2341311;1000030208;14106624;1091665920;0;0;0;0;0;0;0;0;0;0;0;1462;0;0;88;0;80;0;
5486;2368071;1000030208;14106624;1091665920;0;0;0;0;0;0;0;0;0;0;0;1623;0;0;88;0;80;0;
5487;4898346;1000030208;14106624;1091665920;0;0;0;0;0;0;0;0;0;0;0;1533;0;0;88;0;80;0;
5488;2672622;1000030208;14106624;1091665920;0;0;0;0;0;0;0;0;0;0;0;1714;0;0;88;0;80;0;
5489;2589216;1000030208;14106624;1091665920;0;0;0;0;0;0;0;0;0;0;0;1623;0;0;88;0;80;0;
5490;2520016;1000030208;14106624;1091665920;0;0;0;0;0;0;0;0;0;0;0;1453;0;0;88;0;80;0;
5491;2079931;1000030208;14106624;1091665920;0;0;0;0;0;0;0;0;0;0;0;1583;0;0;88;0;80;0;
5492;2626275;1000030208;14106624;1091665920;0;0;0;0;0;0;0;0;0;0;0;1533;0;0;88;0;80;0;
5493;2122651;1000030208;14106624;1091665920;0;0;0;0;0;0;0;0;0;0;0;1443;0;0;88;0;80;0;
5494;5066542;1000030208;14106624;1091665920;0;0;0;0;0;0;0;0;0;0;0;1483;0;0;88;0;80;0;
5495;2793218;1000030208;14106624;1091665920;0;0;0;0;0;0;0;0;0;0;0;1783;0;0;88;0;80;0;
5496;2639581;1000030208;14106624;1091665920;0;0;0;0;0;0;0;0;0;0;0;1472;0;0;88;0;80;0;
5497;1601163;1000030208;14106624;1091665920;0;0;0;0;0;0;0;0;0;0;0;1503;0;0;88;0;80;0;
5498;2740891;1000030208;14106624;1091665920;0;0;0;0;0;0;0;0;0;0;0;1453;0;0;88;0;80;0;
5499;1802340;1000030208;14106624;1091665920;0;0;0;0;0;0;0;0;0;0;0;1473;0;0;88;0;80;0;
5500;5310228;1000030208;14106624;1091665920;0;0;0;0;0;0;0;0;0;0;0;1644;0;0;88;0;80;0;
5501;2285767;1000030208;14110720;1091670016;0;0;0;0;0;0;0;0;0;0;0;1903;0;0;88;0;80;0;
5502;2001875;1000030208;14110720;1091670016;0;0;0;0;0;0;0;0;0;0;0;1462;0;0;88;0;80;0;
5503;2378130;1000030208;14110720;1091670016;0;0;0;0;0;0;0;0;0;0;0;1463;0;0;88;0;80;0;
5504;2405321;1000030208;14110720;1091670016;0;0;0;0;0;0;0;0;0;0;0;1472;0;0;88;0;80;0;
5505;2674386;1000030208;14110720;1091670016;0;0;0;0;0;0;0;0;0;0;0;1453;0;0;88;0;80;0;
5506;1777283;1000030208;14110720;1091670016;0;0;0;0;0;0;0;0;0;0;0;1443;0;0;88;0;80;0;
5507;5075178;1000030208;14110720;1091670016;0;0;0;0;0;0;0;0;0;0;0;1583;0;0;88;0;80;0;
5508;3221602;1000030208;14110720;1091670016;0;0;0;0;0;0;0;0;0;0;0;2014;0;0;88;0;80;0;
5509;2079831;1000030208;14110720;1091670016;0;0;0;0;0;0;0;0;0;0;0;1553;0;0;88;0;80;0;
5510;2354846;1000030208;14110720;1091670016;0;0;0;0;0;0;0;0;0;0;0;1473;0;0;88;0;80;0;
5511;2491312;1000030208;14110720;1091670016;0;0;0;0;0;0;0;0;0;0;0;1563;0;0;88;0;80;0;
5512;2788058;1000030208;14110720;1091670016;0;0;0;0;0;0;0;0;0;0;0;1493;0;0;88;0;80;0;
5513;2785383;1000030208;14110720;1091670016;0;0;0;0;0;0;0;0;0;0;0;1483;0;0;88;0;80;0;
5514;5384047;1000030208;14110720;1091670016;0;0;0;0;0;0;0;0;0;0;0;1452;0;0;88;0;80;0;
5515;2713368;1000030208;14110720;1091670016;0;0;0;0;0;0;0;0;0;0;0;1873;0;0;88;0;80;0;
5516;2384262;1000030208;14110720;1091670016;0;0;0;0;0;0;0;0;0;0;0;1452;0;0;88;0;80;0;
5517;3115162;1000103936;14106624;1091665920;0;0;0;0;0;0;0;0;0;0;0;1502;0;0;88;0;80;0;
5518;2460825;1000103936;14106624;1091665920;0;0;0;0;0;0;0;0;0;0;0;1483;0;0;88;0;80;0;
5519;2485742;1000103936;14106624;1091665920;0;0;0;0;0;0;0;0;0;0;0;1532;0;0;88;0;80;0;
5520;1680963;1000103936;14106624;1091665920;0;0;0;0;0;0;0;0;0;0;0;1413;0;0;88;0;80;0;
5521;4970171;1000103936;14106624;1091665920;0;0;0;0;0;0;0;0;0;0;0;1502;0;0;88;0;80;0;
5522;2553799;1000103936;14106624;1091665920;0;0;0;0;0;0;0;0;0;0;0;1853;0;0;88;0;80;0;
5523;3030303;1000103936;14106624;1091665920;0;0;0;0;0;0;0;0;0;0;0;1433;0;0;88;0;80;0;
5524;1868174;1000103936;14106624;1091665920;0;0;0;0;0;0;0;0;0;0;0;1462;0;0;88;0;80;0;
5525;3094814;1000103936;14106624;1091665920;0;0;0;0;0;0;0;0;0;0;0;1473;0;0;88;0;80;0;
5526;2122199;1000103936;14106624;1091665920;0;0;0;0;0;0;0;0;0;0;0;1362;0;0;88;0;80;0;
5527;5237162;1000103936;14106624;1091665920;0;0;0;0;0;0;0;0;0;0;0;1462;0;0;88;0;80;0;
5528;3108239;1000103936;14110720;1091670016;0;0;0;0;0;0;0;0;0;0;0;1603;0;0;88;0;80;0;
5529;2474761;1000103936;14110720;1091670016;0;0;0;0;0;0;0;0;0;0;0;1423;0;0;88;0;80;0;
5530;2341240;1000103936;14110720;1091670016;0;0;0;0;0;0;0;0;0;0;0;1453;0;0;88;0;80;0;
5531;2417514;1000103936;14110720;1091670016;0;0;0;0;0;0;0;0;0;0;0;1613;0;0;88;0;80;0;
5532;2412715;1000103936;14110720;1091670016;0;0;0;0;0;0;0;0;0;0;0;1443;0;0;88;0;80;0;
5533;1942513;1000103936;14110720;1091670016;0;0;0;0;0;0;0;0;0;0;0;1463;0;0;88;0;80;0;
5534;5497029;1000103936;14110720;1091670016;0;0;0;0;0;0;0;0;0;0;0;1492;0;0;88;0;80;0;
5535;4123153;1000103936;14110720;1091670016;0;0;0;0;0;0;0;0;0;0;0;1753;0;0;88;0;80;0;
5536;1575845;1000103936;14110720;1091670016;0;0;0;0;0;0;0;0;0;0;0;1462;0;0;88;0;80;0;
5537;2132459;1000103936;14110720;1091670016;0;0;0;0;0;0;0;0;0;0;0;1523;0;0;88;0;80;0;
5538;2589918;1000103936;14110720;1091670016;0;0;0;0;0;0;0;0;0;0;0;64141;0;0;88;0;80;0;
5539;2246413;1000103936;14110720;1091670016;0;0;0;0;0;0;0;0;0;0;0;1442;0;0;88;0;80;0;
5540;2215064;1000103936;14110720;1091670016;0;0;0;0;0;0;0;0;0;0;0;1392;0;0;88;0;80;0;
5541;5933488;1000103936;14110720;1091670016;0;0;0;0;0;0;0;0;0;0;0;1443;0;0;88;0;80;0;
5542;2366758;1000103936;14110720;1091670016;0;0;0;0;0;0;0;0;0;0;0;1803;0;0;88;0;80;0;
5543;2467938;1000103936;14110720;1091670016;0;0;0;0;0;0;0;0;0;0;0;1463;0;0;88;0;80;0;
5544;2796234;1000103936;14106624;1091665920;0;0;0;0;0;0;0;0;0;0;0;1482;0;0;88;0;80;0;
5545;2425398;1000103936;14106624;1091665920;0;0;0;0;0;0;0;0;0;0;0;1513;0;0;88;0;80;0;
5546;2904457;1000103936;14106624;1091665920;0;0;0;0;0;0;0;0;0;0;0;1503;0;0;88;0;80;0;
5547;2191821;1000103936;14106624;1091665920;0;0;0;0;0;0;0;0;0;0;0;1523;0;0;88;0;80;0;
5548;4974710;1000103936;14106624;1091665920;0;0;0;0;0;0;0;0;0;0;0;1523;0;0;88;0;80;0;
5549;3091257;1000910848;21671936;1099231232;0;0;0;0;0;0;0;0;0;0;0;1964;0;0;88;0;80;0;
5550;2123623;1000910848;21671936;1099231232;0;0;0;0;0;0;0;0;0;0;0;1473;0;0;88;0;80;0;
5551;2661521;1000910848;21671936;1099231232;0;0;0;0;0;0;0;0;0;0;0;1462;0;0;88;0;80;0;
5552;1964865;1000910848;21671936;1099231232;0;0;0;0;0;0;0;0;0;0;0;1423;0;0;88;0;80;0;
5553;2963257;1000910848;21671936;1099231232;0;0;0;0;0;0;0;0;0;0;0;1443;0;0;88;0;80;0;
5554;2286258;1000910848;21671936;1099231232;0;0;0;0;0;0;0;0;0;0;0;1563;0;0;88;0;80;0;
5555;5811168;1000910848;21671936;1099231232;0;0;0;0;0;0;0;0;0;0;0;1473;0;0;88;0;80;0;
5556;3228324;1000910848;21671936;1099231232;0;0;0;0;0;0;0;0;0;0;0;1833;0;0;88;0;80;0;
5557;1757707;1000910848;21671936;1099231232;0;0;0;0;0;0;0;0;0;0;0;1492;0;0;88;0;80;0;
5558;2202290;1000910848;21671936;1099231232;0;0;0;0;0;0;0;0;0;0;0;1603;0;0;88;0;80;0;
5559;2321514;1000910848;21671936;1099231232;0;0;0;0;0;0;0;0;0;0;0;1643;0;0;88;0;80;0;
5560;2710553;1000910848;21671936;1099231232;0;0;0;0;0;0;0;0;0;0;0;1603;0;0;88;0;80;0;
5561;1704486;1000910848;21671936;1099231232;0;0;0;0;0;0;0;0;0;0;0;1413;0;0;88;0;80;0;
5562;5876821;1000910848;21671936;1099231232;0;0;0;0;0;0;0;0;0;0;0;1423;0;0;88;0;80;0;
5563;2867327;1000910848;21671936;1099231232;0;0;0;0;0;0;0;0;0;0;0;1563;0;0;88;0;80;0;
5564;2342493;1000910848;21671936;1099231232;0;0;0;0;0;0;0;0;0;0;0;1553;0;0;88;0;80;0;
5565;2532439;1000910848;21671936;1099231232;0;0;0;0;0;0;0;0;0;0;0;1493;0;0;88;0;80;0;
5566;1560898;1000910848;21671936;1099231232;0;0;0;0;0;0;0;0;0;0;0;1492;0;0;88;0;80;0;
5567;2389541;1000910848;21671936;1099231232;0;0;0;0;0;0;0;0;0;0;0;1563;0;0;88;0;80;0;
5568;1584442;1000910848;21671936;1099231232;0;0;0;0;0;0;0;0;0;0;0;1483;0;0;88;0;80;0;
5569;5183190;1000910848;21671936;1099231232;0;0;0;0;0;0;0;0;0;0;0;1543;0;0;88;0;80;0;
5570;3645667;1000910848;21671936;1099231232;0;0;0;0;0;0;0;0;0;0;0;1714;0;0;88;0;80;0;
5571;1570044;1000910848;21671936;1099231232;0;0;0;0;0;0;0;0;0;0;0;1453;0;0;88;0;80;0;
5572;2498987;1000910848;21671936;1099231232;0;0;0;0;0;0;0;0;0;0;0;1473;0;0;88;0;80;0;
5573;1956639;1000910848;21671936;1099231232;0;0;0;0;0;0;0;0;0;0;0;1673;0;0;88;0;80;0;
5574;2862047;1000910848;21671936;1099231232;0;0;0;0;0;0;0;0;0;0;0;1503;0;0;88;0;80;0;
5575;1711390;1000910848;21671936;1099231232;0;0;0;0;0;0;0;0;0;0;0;1593;0;0;88;0;80;0;
5576;4486173;1000910848;21671936;1099231232;0;0;0;0;0;0;0;0;0;0;0;1412;0;0;88;0;80;0;
5577;2927130;1000910848;21671936;1099231232;0;0;0;0;0;0;0;0;0;0;0;2264;0;0;88;0;80;0;
5578;2685216;1000910848;21671936;1099231232;0;0;0;0;0;0;0;0;0;0;0;1483;0;0;88;0;80;0;
5579;2063811;1000910848;21671936;1099231232;0;0;0;0;0;0;0;0;0;0;0;1483;0;0;88;0;80;0;
5580;1607134;1000910848;21671936;1099231232;0;0;0;0;0;0;0;0;0;0;0;1413;0;0;88;0;80;0;
5581;3274331;1000910848;21671936;1099231232;0;0;0;0;0;0;0;0;0;0;0;1463;0;0;88;0;80;0;
5582;2382629;1000910848;21671936;1099231232;0;0;0;0;0;0;0;0;0;0;0;1483;0;0;88;0;80;0;
5583;5899644;1000910848;21671936;1099231232;0;0;0;0;0;0;0;0;0;0;0;1974;0;0;88;0;80;0;
5584;3808793;1000910848;21671936;1099231232;0;0;0;0;0;0;0;0;0;0;0;1673;0;0;88;0;80;0;
5585;2290675;1000910848;21671936;1099231232;0;0;0;0;0;0;0;0;0;0;0;1693;0;0;88;0;80;0;
5586;2508183;1000910848;21671936;1099231232;0;0;0;0;0;0;0;0;0;0;0;2114;0;0;88;0;80;0;
5587;1946831;1000910848;21671936;1099231232;0;0;0;0;0;0;0;0;0;0;0;1503;0;0;88;0;80;0;
5588;3047816;1000910848;21671936;1099231232;0;0;0;0;0;0;0;0;0;0;0;1492;0;0;88;0;80;0;
5589;1960376;1000910848;21671936;1099231232;0;0;0;0;0;0;0;0;0;0;0;1663;0;0;88;0;80;0;
5590;6350079;1000910848;21671936;1099231232;0;0;0;0;0;0;0;0;0;0;0;1453;0;0;88;0;80;0;
5591;3340865;1000910848;21671936;1099231232;0;0;0;0;0;0;0;0;0;0;0;1763;0;0;88;0;80;0;
5592;2142548;1000910848;21671936;1099231232;0;0;0;0;0;0;0;0;0;0;0;1533;0;0;88;0;80;0;
5593;2866816;1000910848;21671936;1099231232;0;0;0;0;0;0;0;0;0;0;0;1472;0;0;88;0;80;0;
5594;2042511;1000910848;21671936;1099231232;0;0;0;0;0;0;0;0;0;0;0;1573;0;0;88;0;80;0;
5595;1950367;1000910848;21671936;1099231232;0;0;0;0;0;0;0;0;0;0;0;1453;0;0;88;0;80;0;
5596;1967340;1000910848;21671936;1099231232;0;0;0;0;0;0;0;0;0;0;0;1593;0;0;88;0;80;0;
5597;5206655;1000910848;21671936;1099231232;0;0;0;0;0;0;0;0;0;0;0;1453;0;0;88;0;80;0;
5598;4420090;1000910848;21671936;1099231232;0;0;0;0;0;0;0;0;0;0;0;1774;0;0;88;0;80;0;
5599;2207540;1000910848;21671936;1099231232;0;0;0;0;0;0;0;0;0;0;0;1503;0;0;88;0;80;0;
5600;2331272;1001046016;21667840;1099227136;0;0;0;0;0;0;0;0;0;0;0;1493;0;0;88;0;80;0;
5601;1965637;1001046016;21667840;1099227136;0;0;0;0;0;0;0;0;0;0;0;1472;0;0;88;0;80;0;
5602;3003964;1001046016;21667840;1099227136;0;0;0;0;0;0;0;0;0;0;0;1413;0;0;88;0;80;0;
5603;1836765;1001046016;21667840;1099227136;0;0;0;0;0;0;0;0;0;0;0;1523;0;0;88;0;80;0;
5604;5190915;1001046016;21667840;1099227136;0;0;0;0;0;0;0;0;0;0;0;1473;0;0;88;0;80;0;
5605;4017354;1001046016;21667840;1099227136;0;0;0;0;0;0;0;0;0;0;0;2014;0;0;88;0;80;0;
5606;2387457;1001046016;21667840;1099227136;0;0;0;0;0;0;0;0;0;0;0;1393;0;0;88;0;80;0;
5607;1736226;1001046016;21667840;1099227136;0;0;0;0;0;0;0;0;0;0;0;1442;0;0;88;0;80;0;
5608;2234380;1001046016;21667840;1099227136;0;0;0;0;0;0;0;0;0;0;0;1502;0;0;88;0;80;0;
5609;2169008;1001046016;21667840;1099227136;0;0;0;0;0;0;0;0;0;0;0;1492;0;0;88;0;80;0;
5610;6148671;1001046016;21667840;1099227136;0;0;0;0;0;0;0;0;0;0;0;1663;0;0;88;0;80;0;
5611;3278007;1001046016;21667840;1099227136;0;0;0;0;0;0;0;0;0;0;0;1593;0;0;88;0;80;0;
5612;2236444;1001046016;21667840;1099227136;0;0;0;0;0;0;0;0;0;0;0;1313;0;0;88;0;80;0;
5613;2988224;1001046016;21667840;1099227136;0;0;0;0;0;0;0;0;0;0;0;1463;0;0;88;0;80;0;
5614;1999710;1001046016;21667840;1099227136;0;0;0;0;0;0;0;0;0;0;0;1423;0;0;88;0;80;0;
5615;1613286;1001046016;21667840;1099227136;0;0;0;0;0;0;0;0;0;0;0;1393;0;0;88;0;80;0;
5616;1560917;1001046016;21667840;1099227136;0;0;0;0;0;0;0;0;0;0;0;1413;0;0;88;0;80;0;
5617;5260997;1001046016;21667840;1099227136;0;0;0;0;0;0;0;0;0;0;0;1482;0;0;88;0;80;0;
5618;2595928;1001046016;21667840;1099227136;0;0;0;0;0;0;0;0;0;0;0;1773;0;0;88;0;80;0;
5619;2613431;1000099840;14102528;1091661824;0;0;0;0;0;0;0;0;0;0;0;1453;0;0;88;0;80;0;
5620;2441529;1000099840;14102528;1091661824;0;0;0;0;0;0;0;0;0;0;0;1563;0;0;88;0;80;0;
5621;2681819;1000099840;14102528;1091661824;0;0;0;0;0;0;0;0;0;0;0;1533;0;0;88;0;80;0;
5622;2324078;1000099840;14102528;1091661824;0;0;0;0;0;0;0;0;0;0;0;1452;0;0;88;0;80;0;
5623;5505135;1000099840;14102528;1091661824;0;0;0;0;0;0;0;0;0;0;0;1723;0;0;88;0;80;0;
5624;3058085;1000099840;14110720;1091670016;0;0;0;0;0;0;0;0;0;0;0;1914;0;0;88;0;80;0;
5625;1910273;1000099840;14110720;1091670016;0;0;0;0;0;0;0;0;0;0;0;1684;0;0;88;0;80;0;
5626;2722266;1000099840;14110720;1091670016;0;0;0;0;0;0;0;0;0;0;0;1552;0;0;88;0;80;0;
5627;2040296;1000099840;14110720;1091670016;0;0;0;0;0;0;0;0;0;0;0;1563;0;0;88;0;80;0;
5628;2289433;1000099840;14110720;1091670016;0;0;0;0;0;0;0;0;0;0;0;1823;0;0;88;0;80;0;
5629;2091673;1000099840;14110720;1091670016;0;0;0;0;0;0;0;0;0;0;0;1453;0;0;88;0;80;0;
5630;5279170;1000099840;14110720;1091670016;0;0;0;0;0;0;0;0;0;0;0;1432;0;0;88;0;80;0;
5631;2627929;1000099840;14110720;1091670016;0;0;0;0;0;0;0;0;0;0;0;2014;0;0;88;0;80;0;
5632;2814969;1000099840;14110720;1091670016;0;0;0;0;0;0;0;0;0;0;0;1523;0;0;88;0;80;0;
5633;1580574;1000099840;14110720;1091670016;0;0;0;0;0;0;0;0;0;0;0;1543;0;0;88;0;80;0;
5634;2412374;1000099840;14110720;1091670016;0;0;0;0;0;0;0;0;0;0;0;1403;0;0;88;0;80;0;
5635;2227648;1000099840;14110720;1091670016;0;0;0;0;0;0;0;0;0;0;0;1303;0;0;88;0;80;0;
5636;5187439;1000099840;14110720;1091670016;0;0;0;0;0;0;0;0;0;0;0;1643;0;0;88;0;80;0;
5637;2753413;1000099840;14110720;1091670016;0;0;0;0;0;0;0;0;0;0;0;2194;0;0;88;0;80;0;
5638;2271510;1000099840;14110720;1091670016;0;0;0;0;0;0;0;0;0;0;0;1713;0;0;88;0;80;0;
5639;2614514;1000103936;14106624;1091665920;0;0;0;0;0;0;0;0;0;0;0;1442;0;0;88;0;80;0;
5640;1666395;1000103936;14106624;1091665920;0;0;0;0;0;0;0;0;0;0;0;1403;0;0;88;0;80;0;
5641;2571873;1000103936;14106624;1091665920;0;0;0;0;0;0;0;0;0;0;0;1402;0;0;88;0;80;0;
5642;2676349;1000103936;14106624;1091665920;0;0;0;0;0;0;0;0;0;0;0;1333;0;0;88;0;80;0;
5643;5658281;1000910848;21671936;1099231232;0;0;0;0;0;0;0;0;0;0;0;1482;0;0;88;0;80;0;
5644;2794090;1000910848;21671936;1099231232;0;0;0;0;0;0;0;0;0;0;0;1904;0;0;88;0;80;0;
5645;3503720;1000910848;21671936;1099231232;0;0;0;0;0;0;0;0;0;0;0;1293;0;0;88;0;80;0;
5646;2727755;1000910848;21671936;1099231232;0;0;0;0;0;0;0;0;0;0;0;1533;0;0;88;0;80;0;
5647;1843968;1000910848;21671936;1099231232;0;0;0;0;0;0;0;0;0;0;0;1562;0;0;88;0;80;0;
5648;1986695;1000910848;21671936;1099231232;0;0;0;0;0;0;0;0;0;0;0;1503;0;0;88;0;80;0;
5649;5600984;1000910848;21671936;1099231232;0;0;0;0;0;0;0;0;0;0;0;1442;0;0;88;0;80;0;
5650;3610261;1000910848;21676032;1099235328;0;0;0;0;0;0;0;0;0;0;0;1673;0;0;88;0;80;0;
5651;1957371;1000910848;21676032;1099235328;0;0;0;0;0;0;0;0;0;0;0;1633;0;0;88;0;80;0;
5652;3129328;1000910848;21676032;1099235328;0;0;0;0;0;0;0;0;0;0;0;1533;0;0;88;0;80;0;
5653;1994701;1000910848;21676032;1099235328;0;0;0;0;0;0;0;0;0;0;0;1483;0;0;88;0;80;0;
5654;3132785;1000112128;20725760;1098285056;0;0;0;0;0;0;0;0;0;0;0;1413;0;0;88;0;80;0;
5655;2400040;1000112128;20725760;1098285056;0;0;0;0;0;0;0;0;0;0;0;1463;0;0;88;0;80;0;
5656;5018742;1000112128;20725760;1098285056;0;0;0;0;0;0;0;0;0;0;0;1423;0;0;88;0;80;0;
5657;3464877;1000112128;20725760;1098285056;0;0;0;0;0;0;0;0;0;0;0;2635;0;0;88;0;80;0;
5658;2911199;1000112128;20725760;1098285056;0;0;0;0;0;0;0;0;0;0;0;1492;0;0;88;0;80;0;
5659;2857238;1000112128;20725760;1098285056;0;0;0;0;0;0;0;0;0;0;0;1623;0;0;88;0;80;0;
5660;3240477;1000112128;20725760;1098285056;0;0;0;0;0;0;0;0;0;0;0;1713;0;0;88;0;80;0;
5661;2275697;1000112128;20725760;1098285056;0;0;0;0;0;0;0;0;0;0;0;1473;0;0;88;0;80;0;
5662;4910980;1000112128;20725760;1098285056;0;0;0;0;0;0;0;0;0;0;0;1412;0;0;88;0;80;0;
5663;2857359;1000112128;20725760;1098285056;0;0;0;0;0;0;0;0;0;0;0;1813;0;0;88;0;80;0;
5664;8680349;999145472;13148160;1090707456;0;0;0;0;0;0;0;0;0;0;0;1532;0;0;88;0;80;0;
5665;2333726;999145472;13148160;1090707456;0;0;0;0;0;0;0;0;0;0;0;2024;0;0;88;0;80;0;
5666;3506246;999145472;13148160;1090707456;0;0;0;0;0;0;0;0;0;0;0;1733;0;0;88;0;80;0;
5667;3051794;999145472;13148160;1090707456;0;0;0;0;0;0;0;0;0;0;0;2334;0;0;88;0;80;0;
5668;6104338;999145472;13148160;1090707456;0;0;0;0;0;0;0;0;0;0;0;1563;0;0;88;0;80;0;
5669;4431972;999952384;20717568;1098276864;0;0;0;0;0;0;0;0;0;0;0;2945;0;0;88;0;80;0;
5670;2714130;999952384;20717568;1098276864;0;0;0;0;0;0;0;0;0;0;0;2275;0;0;88;0;80;0;
5671;3504653;999952384;20717568;1098276864;0;0;0;0;0;0;0;0;0;0;0;2124;0;0;88;0;80;0;
5672;2545093;999952384;20717568;1098276864;0;0;0;0;0;0;0;0;0;0;0;2053;0;0;88;0;80;0;
5673;3097128;999952384;20717568;1098276864;0;0;0;0;0;0;0;0;0;0;0;2284;0;0;88;0;80;0;
5674;2758573;999952384;20717568;1098276864;0;0;0;0;0;0;0;0;0;0;0;3306;0;0;88;0;80;0;
5675;4196340;999952384;20717568;1098276864;0;0;0;0;0;0;0;0;0;0;0;1473;0;0;88;0;80;0;
5676;3466211;999952384;20717568;1098276864;0;0;0;0;0;0;0;0;0;0;0;3356;0;0;88;0;80;0;
5677;2658807;999952384;20717568;1098276864;0;0;0;0;0;0;0;0;0;0;0;2234;0;0;88;0;80;0;
5678;2927941;999952384;20717568;1098276864;0;0;0;0;0;0;0;0;0;0;0;2044;0;0;88;0;80;0;
5679;2298701;999952384;20717568;1098276864;0;0;0;0;0;0;0;0;0;0;0;2264;0;0;88;0;80;0;
5680;2551365;999952384;20717568;1098276864;0;0;0;0;0;0;0;0;0;0;0;1713;0;0;88;0;80;0;
5681;4669157;999952384;20717568;1098276864;0;0;0;0;0;0;0;0;0;0;0;1523;0;0;88;0;80;0;
5682;3853947;999952384;20717568;1098276864;0;0;0;0;0;0;0;0;0;0;0;2435;0;0;88;0;80;0;
5683;3496117;1000103936;20713472;1098272768;0;0;0;0;0;0;0;0;0;0;0;2244;0;0;88;0;80;0;
5684;3211934;1000103936;20713472;1098272768;0;0;0;0;0;0;0;0;0;0;0;2285;0;0;88;0;80;0;
5685;2217338;1000103936;20713472;1098272768;0;0;0;0;0;0;0;0;0;0;0;1953;0;0;88;0;80;0;
5686;2174017;1000103936;20713472;1098272768;0;0;0;0;0;0;0;0;0;0;0;2124;0;0;88;0;80;0;
5687;5913340;1000103936;20713472;1098272768;0;0;0;0;0;0;0;0;0;0;0;1683;0;0;88;0;80;0;
5688;3773527;1000103936;20721664;1098280960;0;0;0;0;0;0;0;0;0;0;0;2815;0;0;88;0;80;0;
5689;3185595;1000103936;20721664;1098280960;0;0;0;0;0;0;0;0;0;0;0;2655;0;0;88;0;80;0;
5690;3308174;999153664;13156352;1090715648;0;0;0;0;0;0;0;0;0;0;0;1833;0;0;88;0;80;0;
5691;2969559;999153664;13156352;1090715648;0;0;0;0;0;0;0;0;0;0;0;1433;0;0;88;0;80;0;
5692;3300069;999153664;13156352;1090715648;0;0;0;0;0;0;0;0;0;0;0;1864;0;0;88;0;80;0;
5693;2749827;999153664;13156352;1090715648;0;0;0;0;0;0;0;0;0;0;0;2756;0;0;88;0;80;0;
5694;6341923;999960576;20721664;1098280960;0;0;0;0;0;0;0;0;0;0;0;2544;0;0;88;0;80;0;
5695;5873285;1002864640;20721664;1098280960;0;0;0;0;0;0;0;0;0;0;0;4207;0;0;88;0;80;0;
5696;2615835;1002864640;20721664;1098280960;0;0;0;0;0;0;0;0;0;0;0;1623;0;0;88;0;80;0;
5697;3258901;1004961792;20721664;1098280960;0;0;0;0;0;0;0;0;0;0;0;1623;0;0;88;0;80;0;
5698;3138085;1004961792;20721664;1098280960;0;0;0;0;0;0;0;0;0;0;0;2094;0;0;88;0;80;0;
5699;3226591;1004961792;20721664;1098280960;0;0;0;0;0;0;0;0;0;0;0;1523;0;0;88;0;80;0;
5700;2663295;1004961792;20721664;1098280960;0;0;0;0;0;0;0;0;0;0;0;2194;0;0;88;0;80;0;
5701;5373537;1004961792;20721664;1098280960;0;0;0;0;0;0;0;0;0;0;0;1603;0;0;88;0;80;0;
5702;4466346;1005768704;20721664;1098280960;0;0;0;0;0;0;0;0;0;0;0;4348;0;0;88;0;80;0;
5703;2999856;1005768704;20721664;1098280960;0;0;0;0;0;0;0;0;0;0;0;2264;0;0;88;0;80;0;
5704;2838914;1005768704;20721664;1098280960;0;0;0;0;0;0;0;0;0;0;0;1563;0;0;88;0;80;0;
5705;1823199;1005768704;20721664;1098280960;0;0;0;0;0;0;0;0;0;0;0;1363;0;0;88;0;80;0;
5706;2638618;1005768704;20721664;1098280960;0;0;0;0;0;0;0;0;0;0;0;1453;0;0;88;0;80;0;
5707;2196169;1005768704;20721664;1098280960;0;0;0;0;0;0;0;0;0;0;0;30076;0;0;88;0;80;0;
5708;5884005;1005768704;20721664;1098280960;0;0;0;0;0;0;0;0;0;0;0;1373;0;0;88;0;80;0;
5709;4043363;1005768704;20721664;1098280960;0;0;0;0;0;0;0;0;0;0;0;3106;0;0;88;0;80;0;
5710;2519305;1005768704;20721664;1098280960;0;0;0;0;0;0;0;0;0;0;0;2034;0;0;88;0;80;0;
5711;2644950;999407616;14217216;1091776512;0;0;0;0;0;0;0;0;0;0;0;1663;0;0;88;0;80;0;
5712;2834687;999407616;14217216;1091776512;0;0;0;0;0;0;0;0;0;0;0;2004;0;0;88;0;80;0;
5713;3675182;999407616;14217216;1091776512;0;0;0;0;0;0;0;0;0;0;0;1863;0;0;88;0;80;0;
5714;3193198;999407616;14217216;1091776512;0;0;0;0;0;0;0;0;0;0;0;2445;0;0;88;0;80;0;
5715;6177756;1001766912;20721664;1098280960;0;0;0;0;0;0;0;0;0;0;0;2565;0;0;88;0;80;0;
5716;3151520;1001766912;20721664;1098280960;0;0;0;0;0;0;0;0;0;0;0;2965;0;0;88;0;80;0;
5717;3182819;1003864064;20721664;1098280960;0;0;0;0;0;0;0;0;0;0;0;2445;0;0;88;0;80;0;
5718;2713309;1003864064;20721664;1098280960;0;0;0;0;0;0;0;0;0;0;0;1673;0;0;88;0;80;0;
5719;3029271;1003864064;20721664;1098280960;0;0;0;0;0;0;0;0;0;0;0;1553;0;0;88;0;80;0;
5720;3366934;1004130304;20721664;1098280960;0;0;0;0;0;0;0;0;0;0;0;1633;0;0;88;0;80;0;
5721;2182193;1004130304;20721664;1098280960;0;0;0;0;0;0;0;0;0;0;0;2726;0;0;88;0;80;0;
5722;6312578;1004941312;20721664;1098280960;0;0;0;0;0;0;0;0;0;0;0;1503;0;0;88;0;80;0;
5723;4572866;1004941312;20721664;1098280960;0;0;0;0;0;0;0;0;0;0;0;2465;0;0;88;0;80;0;
5724;2824056;1004941312;20721664;1098280960;0;0;0;0;0;0;0;0;0;0;0;2134;0;0;88;0;80;0;
5725;3535961;1005203456;20717568;1098276864;0;0;0;0;0;0;0;0;0;0;0;1623;0;0;88;0;80;0;
5726;2272822;1005203456;20717568;1098276864;0;0;0;0;0;0;0;0;0;0;0;1783;0;0;88;0;80;0;
5727;2792407;1005203456;20717568;1098276864;0;0;0;0;0;0;0;0;0;0;0;1713;0;0;88;0;80;0;
5728;2405842;1005203456;20717568;1098276864;0;0;0;0;0;0;0;0;0;0;0;2836;0;0;88;0;80;0;
5729;6803249;1005203456;20717568;1098276864;0;0;0;0;0;0;0;0;0;0;0;1703;0;0;88;0;80;0;
5730;2910828;1005203456;20721664;1098280960;0;0;0;0;0;0;0;0;0;0;0;2535;0;0;88;0;80;0;
5731;2341020;1005203456;20721664;1098280960;0;0;0;0;0;0;0;0;0;0;0;2355;0;0;88;0;80;0;
5732;3218947;1005203456;20721664;1098280960;0;0;0;0;0;0;0;0;0;0;0;1603;0;0;88;0;80;0;
5733;2451197;1005203456;20721664;1098280960;0;0;0;0;0;0;0;0;0;0;0;1683;0;0;88;0;80;0;
5734;2554451;1005203456;20721664;1098280960;0;0;0;0;0;0;0;0;0;0;0;1423;0;0;88;0;80;0;
5735;2394661;1005203456;20721664;1098280960;0;0;0;0;0;0;0;0;0;0;0;1743;0;0;88;0;80;0;
5736;5155358;1005203456;20721664;1098280960;0;0;0;0;0;0;0;0;0;0;0;1573;0;0;88;0;80;0;
5737;4539363;1005203456;20721664;1098280960;0;0;0;0;0;0;0;0;0;0;0;4949;0;0;88;0;80;0;
5738;2786255;1005203456;20721664;1098280960;0;0;0;0;0;0;0;0;0;0;0;2054;0;0;88;0;80;0;
5739;3816678;1005203456;20721664;1098280960;0;0;0;0;0;0;0;0;0;0;0;1443;0;0;88;0;80;0;
5740;2242055;1005203456;20721664;1098280960;0;0;0;0;0;0;0;0;0;0;0;1613;0;0;88;0;80;0;
5741;2799019;1005203456;20721664;1098280960;0;0;0;0;0;0;0;0;0;0;0;2785;0;0;88;0;80;0;
5742;2870844;1005203456;20721664;1098280960;0;0;0;0;0;0;0;0;0;0;0;1613;0;0;88;0;80;0;
5743;6183105;1005203456;20721664;1098280960;0;0;0;0;0;0;0;0;0;0;0;1412;0;0;88;0;80;0;
5744;3847766;1005203456;20721664;1098280960;0;0;0;0;0;0;0;0;0;0;0;2334;0;0;88;0;80;0;
5745;2166293;1005203456;20721664;1098280960;0;0;0;0;0;0;0;0;0;0;0;1873;0;0;88;0;80;0;
5746;2854042;1005203456;20721664;1098280960;0;0;0;0;0;0;0;0;0;0;0;1422;0;0;88;0;80;0;
5747;3206493;1005203456;20721664;1098280960;0;0;0;0;0;0;0;0;0;0;0;1853;0;0;88;0;80;0;
5748;2222578;1005203456;20721664;1098280960;0;0;0;0;0;0;0;0;0;0;0;1853;0;0;88;0;80;0;
5749;2097944;1005203456;20721664;1098280960;0;0;0;0;0;0;0;0;0;0;0;1633;0;0;88;0;80;0;
5750;5642191;1005203456;20721664;1098280960;0;0;0;0;0;0;0;0;0;0;0;1533;0;0;88;0;80;0;
5751;5093362;1005203456;20721664;1098280960;0;0;0;0;0;0;0;0;0;0;0;4920;0;0;88;0;80;0;
5752;2663725;1005203456;20721664;1098280960;0;0;0;0;0;0;0;0;0;0;0;1783;0;0;88;0;80;0;
5753;2986140;999460864;14217216;1091776512;0;0;0;0;0;0;0;0;0;0;0;1502;0;0;88;0;80;0;
5754;2290676;999460864;14217216;1091776512;0;0;0;0;0;0;0;0;0;0;0;1653;0;0;88;0;80;0;
5755;2516950;999460864;14217216;1091776512;0;0;0;0;0;0;0;0;0;0;0;1653;0;0;88;0;80;0;
5756;2407816;999460864;14217216;1091776512;0;0;0;0;0;0;0;0;0;0;0;1964;0;0;88;0;80;0;
5757;6125577;999460864;14217216;1091776512;0;0;0;0;0;0;0;0;0;0;0;2584;0;0;88;0;80;0;
5758;5667950;1001820160;20721664;1098280960;0;0;0;0;0;0;0;0;0;0;0;4177;0;0;88;0;80;0;
5759;2944833;1001820160;20721664;1098280960;0;0;0;0;0;0;0;0;0;0;0;2404;0;0;88;0;80;0;
5760;3934829;1003991040;20717568;1098276864;0;0;0;0;0;0;0;0;0;0;0;2074;0;0;88;0;80;0;
5761;2895631;1003991040;20717568;1098276864;0;0;0;0;0;0;0;0;0;0;0;2515;0;0;88;0;80;0;
5762;2724099;1003991040;20717568;1098276864;0;0;0;0;0;0;0;0;0;0;0;1513;0;0;88;0;80;0;
5763;2518663;1003991040;20717568;1098276864;0;0;0;0;0;0;0;0;0;0;0;1784;0;0;88;0;80;0;
5764;5639597;1004257280;20717568;1098276864;0;0;0;0;0;0;0;0;0;0;0;2265;0;0;88;0;80;0;
5765;4681469;1005068288;20717568;1098276864;0;0;0;0;0;0;0;0;0;0;0;3907;0;0;88;0;80;0;
5766;2206638;1005068288;20717568;1098276864;0;0;0;0;0;0;0;0;0;0;0;2695;0;0;88;0;80;0;
5767;3737279;1005068288;20717568;1098276864;0;0;0;0;0;0;0;0;0;0;0;1262;0;0;88;0;80;0;
5768;2408316;1005068288;20717568;1098276864;0;0;0;0;0;0;0;0;0;0;0;1734;0;0;88;0;80;0;
5769;3666917;1005068288;20717568;1098276864;0;0;0;0;0;0;0;0;0;0;0;1923;0;0;88;0;80;0;
5770;2131808;1005068288;20717568;1098276864;0;0;0;0;0;0;0;0;0;0;0;1943;0;0;88;0;80;0;
5771;5216182;1005068288;20717568;1098276864;0;0;0;0;0;0;0;0;0;0;0;1473;0;0;88;0;80;0;
5772;4183666;1005068288;20721664;1098280960;0;0;0;0;0;0;0;0;0;0;0;2906;0;0;88;0;80;0;
5773;2376887;1005068288;20721664;1098280960;0;0;0;0;0;0;0;0;0;0;0;1663;0;0;88;0;80;0;
5774;2020569;1005068288;20721664;1098280960;0;0;0;0;0;0;0;0;0;0;0;1422;0;0;88;0;80;0;
5775;2243036;1005068288;20721664;1098280960;0;0;0;0;0;0;0;0;0;0;0;1813;0;0;88;0;80;0;
5776;2198212;1005068288;20721664;1098280960;0;0;0;0;0;0;0;0;0;0;0;1463;0;0;88;0;80;0;
5777;2451478;1005068288;20721664;1098280960;0;0;0;0;0;0;0;0;0;0;0;2775;0;0;88;0;80;0;
5778;6276961;1005068288;20721664;1098280960;0;0;0;0;0;0;0;0;0;0;0;1452;0;0;88;0;80;0;
5779;4741041;1005068288;20721664;1098280960;0;0;0;0;0;0;0;0;0;0;0;4097;0;0;88;0;80;0;
5780;2825068;1005068288;20721664;1098280960;0;0;0;0;0;0;0;0;0;0;0;1954;0;0;88;0;80;0;
5781;4574159;1005068288;20721664;1098280960;0;0;0;0;0;0;0;0;0;0;0;1793;0;0;88;0;80;0;
5782;2907272;1005068288;20721664;1098280960;0;0;0;0;0;0;0;0;0;0;0;2174;0;0;88;0;80;0;
5783;2747662;1005068288;20721664;1098280960;0;0;0;0;0;0;0;0;0;0;0;1393;0;0;88;0;80;0;
5784;3269862;1005068288;20721664;1098280960;0;0;0;0;0;0;0;0;0;0;0;2414;0;0;88;0;80;0;
5785;5525563;1005068288;20721664;1098280960;0;0;0;0;0;0;0;0;0;0;0;1533;0;0;88;0;80;0;
5786;4568517;1005068288;20721664;1098280960;0;0;0;0;0;0;0;0;0;0;0;3316;0;0;88;0;80;0;
5787;2184848;1005068288;20721664;1098280960;0;0;0;0;0;0;0;0;0;0;0;2695;0;0;88;0;80;0;
5788;3443317;1005068288;20721664;1098280960;0;0;0;0;0;0;0;0;0;0;0;2215;0;0;88;0;80;0;
5789;2284103;1005068288;20721664;1098280960;0;0;0;0;0;0;0;0;0;0;0;1703;0;0;88;0;80;0;
5790;2689053;1005068288;20721664;1098280960;0;0;0;0;0;0;0;0;0;0;0;1883;0;0;88;0;80;0;
5791;2240642;1005068288;20721664;1098280960;0;0;0;0;0;0;0;0;0;0;0;1633;0;0;88;0;80;0;
5792;5063797;1005068288;20721664;1098280960;0;0;0;0;0;0;0;0;0;0;0;1623;0;0;88;0;80;0;
5793;5029352;1005338624;20721664;1098280960;0;0;0;0;0;0;0;0;0;0;0;5640;0;0;88;0;80;0;
5794;4270589;1005338624;20721664;1098280960;0;0;0;0;0;0;0;0;0;0;0;4578;0;0;88;0;80;0;
5795;3258060;1005338624;20721664;1098280960;0;0;0;0;0;0;0;0;0;0;0;2254;0;0;88;0;80;0;
5796;1977098;1005338624;20721664;1098280960;0;0;0;0;0;0;0;0;0;0;0;1262;0;0;88;0;80;0;
5797;2155122;1005338624;20721664;1098280960;0;0;0;0;0;0;0;0;0;0;0;1452;0;0;88;0;80;0;
5798;2190729;1005338624;20721664;1098280960;0;0;0;0;0;0;0;0;0;0;0;1663;0;0;88;0;80;0;
5799;5131754;1005338624;20721664;1098280960;0;0;0;0;0;0;0;0;0;0;0;1973;0;0;88;0;80;0;
5800;4309462;1005338624;20721664;1098280960;0;0;0;0;0;0;0;0;0;0;0;2645;0;0;88;0;80;0;
5801;3495415;1005338624;20721664;1098280960;0;0;0;0;0;0;0;0;0;0;0;2565;0;0;88;0;80;0;
5802;2851197;999518208;14217216;1091776512;0;0;0;0;0;0;0;0;0;0;0;2184;0;0;88;0;80;0;
5803;2978866;999518208;14217216;1091776512;0;0;0;0;0;0;0;0;0;0;0;3156;0;0;88;0;80;0;
5804;3277337;999518208;14217216;1091776512;0;0;0;0;0;0;0;0;0;0;0;2655;0;0;88;0;80;0;
5805;2835908;999518208;14217216;1091776512;0;0;0;0;0;0;0;0;0;0;0;2204;0;0;88;0;80;0;
5806;5737140;999518208;14217216;1091776512;0;0;0;0;0;0;0;0;0;0;0;1904;0;0;88;0;80;0;
5807;3837006;1001877504;20721664;1098280960;0;0;0;0;0;0;0;0;0;0;0;3066;0;0;88;0;80;0;
5808;2676018;1001877504;20721664;1098280960;0;0;0;0;0;0;0;0;0;0;0;3276;0;0;88;0;80;0;
5809;5397292;1003974656;20721664;1098280960;0;0;0;0;0;0;0;0;0;0;0;2726;0;0;88;0;80;0;
5810;2651212;1003974656;20721664;1098280960;0;0;0;0;0;0;0;0;0;0;0;2384;0;0;88;0;80;0;
5811;3796781;1003974656;20721664;1098280960;0;0;0;0;0;0;0;0;0;0;0;2144;0;0;88;0;80;0;
5812;3236390;1003974656;20721664;1098280960;0;0;0;0;0;0;0;0;0;0;0;2355;0;0;88;0;80;0;
5813;5962091;1004240896;20721664;1098280960;0;0;0;0;0;0;0;0;0;0;0;2174;0;0;88;0;80;0;
5814;6028936;1005322240;20721664;1098280960;0;0;0;0;0;0;0;0;0;0;0;2515;0;0;88;0;80;0;
5815;3948926;1005322240;20721664;1098280960;0;0;0;0;0;0;0;0;0;0;0;2735;0;0;88;0;80;0;
5816;5017470;1005322240;20721664;1098280960;0;0;0;0;0;0;0;0;0;0;0;2886;0;0;88;0;80;0;
5817;3317341;1005322240;20721664;1098280960;0;0;0;0;0;0;0;0;0;0;0;2755;0;0;88;0;80;0;
5818;3625609;1005322240;20721664;1098280960;0;0;0;0;0;0;0;0;0;0;0;2675;0;0;88;0;80;0;
5819;1778075;1005322240;20721664;1098280960;0;0;0;0;0;0;0;0;0;0;0;1984;0;0;88;0;80;0;
5820;6140185;1005322240;20721664;1098280960;0;0;0;0;0;0;0;0;0;0;0;1542;0;0;88;0;80;0;
5821;3830143;1005322240;20721664;1098280960;0;0;0;0;0;0;0;0;0;0;0;3096;0;0;88;0;80;0;
5822;2777890;1005322240;20721664;1098280960;0;0;0;0;0;0;0;0;0;0;0;2184;0;0;88;0;80;0;
5823;2605356;1005322240;20721664;1098280960;0;0;0;0;0;0;0;0;0;0;0;1513;0;0;88;0;80;0;
5824;1985454;1005322240;20721664;1098280960;0;0;0;0;0;0;0;0;0;0;0;2495;0;0;88;0;80;0;
5825;2488467;1005322240;20721664;1098280960;0;0;0;0;0;0;0;0;0;0;0;1703;0;0;88;0;80;0;
5826;2098867;1005322240;20721664;1098280960;0;0;0;0;0;0;0;0;0;0;0;1964;0;0;88;0;80;0;
5827;5827438;1005322240;20721664;1098280960;0;0;0;0;0;0;0;0;0;0;0;1904;0;0;88;0;80;0;
5828;4726304;1005322240;20721664;1098280960;0;0;0;0;0;0;0;0;0;0;0;3517;0;0;88;0;80;0;
5829;2758684;1005322240;20721664;1098280960;0;0;0;0;0;0;0;0;0;0;0;1863;0;0;88;0;80;0;
5830;2706055;1005322240;20721664;1098280960;0;0;0;0;0;0;0;0;0;0;0;1573;0;0;88;0;80;0;
5831;2301055;1005322240;20721664;1098280960;0;0;0;0;0;0;0;0;0;0;0;1523;0;0;88;0;80;0;
5832;2818696;1005322240;20721664;1098280960;0;0;0;0;0;0;0;0;0;0;0;1533;0;0;88;0;80;0;
5833;2522821;1005322240;20721664;1098280960;0;0;0;0;0;0;0;0;0;0;0;1933;0;0;88;0;80;0;
5834;5684190;1005322240;20721664;1098280960;0;0;0;0;0;0;0;0;0;0;0;1393;0;0;88;0;80;0;
5835;4804009;1005322240;20721664;1098280960;0;0;0;0;0;0;0;0;0;0;0;5720;0;0;88;0;80;0;
5836;2354956;1005322240;20721664;1098280960;0;0;0;0;0;0;0;0;0;0;0;2034;0;0;88;0;80;0;
5837;2584416;1005322240;20721664;1098280960;0;0;0;0;0;0;0;0;0;0;0;1513;0;0;88;0;80;0;
5838;2741862;1005322240;20721664;1098280960;0;0;0;0;0;0;0;0;0;0;0;2014;0;0;88;0;80;0;
5839;2420399;1005322240;20721664;1098280960;0;0;0;0;0;0;0;0;0;0;0;1693;0;0;88;0;80;0;
5840;2560652;1005322240;20721664;1098280960;0;0;0;0;0;0;0;0;0;0;0;3617;0;0;88;0;80;0;
5841;4925187;1005322240;20721664;1098280960;0;0;0;0;0;0;0;0;0;0;0;1443;0;0;88;0;80;0;
5842;3015555;1005322240;20721664;1098280960;0;0;0;0;0;0;0;0;0;0;0;2044;0;0;88;0;80;0;
5843;2269256;1005322240;20721664;1098280960;0;0;0;0;0;0;0;0;0;0;0;1423;0;0;88;0;80;0;
5844;2285196;1005322240;20721664;1098280960;0;0;0;0;0;0;0;0;0;0;0;1833;0;0;88;0;80;0;
5845;1676233;1005322240;20721664;1098280960;0;0;0;0;0;0;0;0;0;0;0;1623;0;0;88;0;80;0;
5846;2400402;1005322240;20721664;1098280960;0;0;0;0;0;0;0;0;0;0;0;1834;0;0;88;0;80;0;
5847;2134303;1005322240;20721664;1098280960;0;0;0;0;0;0;0;0;0;0;0;1222;0;0;88;0;80;0;
5848;5475990;1005322240;20721664;1098280960;0;0;0;0;0;0;0;0;0;0;0;1623;0;0;88;0;80;0;
5849;3644826;1005322240;20721664;1098280960;0;0;0;0;0;0;0;0;0;0;0;3546;0;0;88;0;80;0;
5850;2027642;1005322240;20721664;1098280960;0;0;0;0;0;0;0;0;0;0;0;2354;0;0;88;0;80;0;
5851;2382849;999575552;14217216;1091776512;0;0;0;0;0;0;0;0;0;0;0;1303;0;0;88;0;80;0;
5852;1724845;999575552;14217216;1091776512;0;0;0;0;0;0;0;0;0;0;0;1362;0;0;88;0;80;0;
5853;1940750;999575552;14217216;1091776512;0;0;0;0;0;0;0;0;0;0;0;1453;0;0;88;0;80;0;
5854;1982809;999575552;14217216;1091776512;0;0;0;0;0;0;0;0;0;0;0;1613;0;0;88;0;80;0;
5855;5267429;1001934848;20721664;1098280960;0;0;0;0;0;0;0;0;0;0;0;1463;0;0;88;0;80;0;
5856;3524389;1001934848;20721664;1098280960;0;0;0;0;0;0;0;0;0;0;0;2425;0;0;88;0;80;0;
5857;3074836;1004032000;20721664;1098280960;0;0;0;0;0;0;0;0;0;0;0;2625;0;0;88;0;80;0;
5858;2265929;1004105728;20717568;1098276864;0;0;0;0;0;0;0;0;0;0;0;1373;0;0;88;0;80;0;
5859;2537659;1004105728;20717568;1098276864;0;0;0;0;0;0;0;0;0;0;0;1342;0;0;88;0;80;0;
5860;1886137;1004371968;20717568;1098276864;0;0;0;0;0;0;0;0;0;0;0;1413;0;0;88;0;80;0;
5861;2087435;1004371968;20717568;1098276864;0;0;0;0;0;0;0;0;0;0;0;1443;0;0;88;0;80;0;
5862;5337720;1005453312;20717568;1098276864;0;0;0;0;0;0;0;0;0;0;0;1433;0;0;88;0;80;0;
5863;4727286;1005453312;20717568;1098276864;0;0;0;0;0;0;0;0;0;0;0;4378;0;0;88;0;80;0;
5864;1667657;1005453312;20717568;1098276864;0;0;0;0;0;0;0;0;0;0;0;1583;0;0;88;0;80;0;
5865;1866180;1005453312;20717568;1098276864;0;0;0;0;0;0;0;0;0;0;0;1413;0;0;88;0;80;0;
5866;1744081;1005453312;20717568;1098276864;0;0;0;0;0;0;0;0;0;0;0;1513;0;0;88;0;80;0;
5867;1866771;1005453312;20717568;1098276864;0;0;0;0;0;0;0;0;0;0;0;1452;0;0;88;0;80;0;
5868;2056316;1005453312;20717568;1098276864;0;0;0;0;0;0;0;0;0;0;0;1413;0;0;88;0;80;0;
5869;4348405;1005453312;20717568;1098276864;0;0;0;0;0;0;0;0;0;0;0;1553;0;0;88;0;80;0;
5870;2090530;1005453312;20717568;1098276864;0;0;0;0;0;0;0;0;0;0;0;2214;0;0;88;0;80;0;
5871;2133060;1005453312;20717568;1098276864;0;0;0;0;0;0;0;0;0;0;0;1854;0;0;88;0;80;0;
5872;1470217;1005453312;20717568;1098276864;0;0;0;0;0;0;0;0;0;0;0;1613;0;0;88;0;80;0;
5873;1951079;1005453312;20717568;1098276864;0;0;0;0;0;0;0;0;0;0;0;1383;0;0;88;0;80;0;
5874;1908479;1005453312;20717568;1098276864;0;0;0;0;0;0;0;0;0;0;0;1513;0;0;88;0;80;0;
5875;4814810;1005453312;20717568;1098276864;0;0;0;0;0;0;0;0;0;0;0;1503;0;0;88;0;80;0;
5876;2880271;1005453312;20721664;1098280960;0;0;0;0;0;0;0;0;0;0;0;1984;0;0;88;0;80;0;
5877;2028605;1005453312;20721664;1098280960;0;0;0;0;0;0;0;0;0;0;0;1483;0;0;88;0;80;0;
5878;1991725;1005453312;20721664;1098280960;0;0;0;0;0;0;0;0;0;0;0;1402;0;0;88;0;80;0;
5879;1831705;1005453312;20721664;1098280960;0;0;0;0;0;0;0;0;0;0;0;1543;0;0;88;0;80;0;
5880;1851733;1005453312;20721664;1098280960;0;0;0;0;0;0;0;0;0;0;0;1433;0;0;88;0;80;0;
5881;2043362;1005453312;20721664;1098280960;0;0;0;0;0;0;0;0;0;0;0;1463;0;0;88;0;80;0;
5882;4454454;1005453312;20721664;1098280960;0;0;0;0;0;0;0;0;0;0;0;1423;0;0;88;0;80;0;
5883;2306295;1005453312;20721664;1098280960;0;0;0;0;0;0;0;0;0;0;0;1733;0;0;88;0;80;0;
5884;1824642;1005453312;20721664;1098280960;0;0;0;0;0;0;0;0;0;0;0;1523;0;0;88;0;80;0;
5885;1573491;1005453312;20721664;1098280960;0;0;0;0;0;0;0;0;0;0;0;1292;0;0;88;0;80;0;
5886;1596133;1005453312;20721664;1098280960;0;0;0;0;0;0;0;0;0;0;0;1422;0;0;88;0;80;0;
5887;1864486;1005453312;20721664;1098280960;0;0;0;0;0;0;0;0;0;0;0;1413;0;0;88;0;80;0;
5888;1863194;1005453312;20721664;1098280960;0;0;0;0;0;0;0;0;0;0;0;1443;0;0;88;0;80;0;
5889;4619043;1005453312;20721664;1098280960;0;0;0;0;0;0;0;0;0;0;0;1392;0;0;88;0;80;0;
5890;2009429;1005453312;20721664;1098280960;0;0;0;0;0;0;0;0;0;0;0;4258;0;0;88;0;80;0;
5891;1864997;1005453312;20721664;1098280960;0;0;0;0;0;0;0;0;0;0;0;1603;0;0;88;0;80;0;
5892;1198457;1005453312;20721664;1098280960;0;0;0;0;0;0;0;0;0;0;0;1423;0;0;88;0;80;0;
5893;2205696;1005453312;20721664;1098280960;0;0;0;0;0;0;0;0;0;0;0;1483;0;0;88;0;80;0;
5894;1478302;1005453312;20721664;1098280960;0;0;0;0;0;0;0;0;0;0;0;1673;0;0;88;0;80;0;
5895;4732165;1005453312;20721664;1098280960;0;0;0;0;0;0;0;0;0;0;0;1523;0;0;88;0;80;0;
5896;2001153;1005453312;20725760;1098285056;0;0;0;0;0;0;0;0;0;0;0;2234;0;0;88;0;80;0;
5897;1780389;1005453312;20725760;1098285056;0;0;0;0;0;0;0;0;0;0;0;1673;0;0;88;0;80;0;
5898;2592822;999636992;14221312;1091780608;0;0;0;0;0;0;0;0;0;0;0;1432;0;0;88;0;80;0;
5899;1791139;999636992;14221312;1091780608;0;0;0;0;0;0;0;0;0;0;0;1593;0;0;88;0;80;0;
5900;2058711;999636992;14221312;1091780608;0;0;0;0;0;0;0;0;0;0;0;1573;0;0;88;0;80;0;
5901;1615891;999636992;14221312;1091780608;0;0;0;0;0;0;0;0;0;0;0;1784;0;0;88;0;80;0;
5902;4767211;999636992;14221312;1091780608;0;0;0;0;0;0;0;0;0;0;0;1573;0;0;88;0;80;0;
5903;2120728;999636992;14221312;1091780608;0;0;0;0;0;0;0;0;0;0;0;1904;0;0;88;0;80;0;
5904;1929098;999636992;14221312;1091780608;0;0;0;0;0;0;0;0;0;0;0;1483;0;0;88;0;80;0;
5905;2329548;999636992;14221312;1091780608;0;0;0;0;0;0;0;0;0;0;0;1493;0;0;88;0;80;0;
5906;1768427;999636992;14221312;1091780608;0;0;0;0;0;0;0;0;0;0;0;1473;0;0;88;0;80;0;
5907;2974749;999636992;14221312;1091780608;0;0;0;0;0;0;0;0;0;0;0;1463;0;0;88;0;80;0;
5908;2217969;999636992;14221312;1091780608;0;0;0;0;0;0;0;0;0;0;0;1333;0;0;88;0;80;0;
5909;4457038;999636992;14221312;1091780608;0;0;0;0;0;0;0;0;0;0;0;1683;0;0;88;0;80;0;
5910;2790012;999636992;14221312;1091780608;0;0;0;0;0;0;0;0;0;0;0;2074;0;0;88;0;80;0;
5911;2700825;999636992;14213120;1091772416;0;0;0;0;0;0;0;0;0;0;0;1503;0;0;88;0;80;0;
5912;1742077;999636992;14213120;1091772416;0;0;0;0;0;0;0;0;0;0;0;1262;0;0;88;0;80;0;
5913;2111730;999636992;14213120;1091772416;0;0;0;0;0;0;0;0;0;0;0;1242;0;0;88;0;80;0;
5914;2374122;999636992;14213120;1091772416;0;0;0;0;0;0;0;0;0;0;0;1643;0;0;88;0;80;0;
5915;4881605;999636992;14213120;1091772416;0;0;0;0;0;0;0;0;0;0;0;1523;0;0;88;0;80;0;
5916;2597943;999636992;14213120;1091772416;0;0;0;0;0;0;0;0;0;0;0;2113;0;0;88;0;80;0;
5917;2190929;999636992;14213120;1091772416;0;0;0;0;0;0;0;0;0;0;0;1453;0;0;88;0;80;0;
5918;5021166;999636992;14213120;1091772416;0;0;0;0;0;0;0;0;0;0;0;1864;0;0;88;0;80;0;
5919;2247074;999636992;14213120;1091772416;0;0;0;0;0;0;0;0;0;0;0;1924;0;0;88;0;80;0;
5920;2145574;999636992;14213120;1091772416;0;0;0;0;0;0;0;0;0;0;0;1623;0;0;88;0;80;0;
5921;1684399;999636992;14213120;1091772416;0;0;0;0;0;0;0;0;0;0;0;1373;0;0;88;0;80;0;
5922;4601590;999636992;14213120;1091772416;0;0;0;0;0;0;0;0;0;0;0;1703;0;0;88;0;80;0;
5923;2605637;999636992;14213120;1091772416;0;0;0;0;0;0;0;0;0;0;0;1944;0;0;88;0;80;0;
5924;1182137;999636992;14213120;1091772416;0;0;0;0;0;0;0;0;0;0;0;1633;0;0;88;0;80;0;
5925;2261331;999636992;14213120;1091772416;0;0;0;0;0;0;0;0;0;0;0;1182;0;0;88;0;80;0;
5926;1116945;999636992;14213120;1091772416;0;0;0;0;0;0;0;0;0;0;0;1433;0;0;88;0;80;0;
5927;1195221;999636992;14213120;1091772416;0;0;0;0;0;0;0;0;0;0;0;1542;0;0;88;0;80;0;
5928;1630248;999636992;14213120;1091772416;0;0;0;0;0;0;0;0;0;0;0;1443;0;0;88;0;80;0;
5929;4699203;999636992;14213120;1091772416;0;0;0;0;0;0;0;0;0;0;0;1423;0;0;88;0;80;0;
5930;2772890;999636992;14213120;1091772416;0;0;0;0;0;0;0;0;0;0;0;1764;0;0;88;0;80;0;
5931;2140955;999636992;14213120;1091772416;0;0;0;0;0;0;0;0;0;0;0;1663;0;0;88;0;80;0;
5932;2321213;999636992;14213120;1091772416;0;0;0;0;0;0;0;0;0;0;0;1542;0;0;88;0;80;0;
5933;1687375;999636992;14213120;1091772416;0;0;0;0;0;0;0;0;0;0;0;1472;0;0;88;0;80;0;
5934;1507647;999636992;14213120;1091772416;0;0;0;0;0;0;0;0;0;0;0;1563;0;0;88;0;80;0;
5935;4684285;999636992;14213120;1091772416;0;0;0;0;0;0;0;0;0;0;0;1413;0;0;88;0;80;0;
5936;2180389;999636992;14213120;1091772416;0;0;0;0;0;0;0;0;0;0;0;2024;0;0;88;0;80;0;
5937;2401884;999636992;14213120;1091772416;0;0;0;0;0;0;0;0;0;0;0;1383;0;0;88;0;80;0;
5938;1763277;999636992;14213120;1091772416;0;0;0;0;0;0;0;0;0;0;0;1472;0;0;88;0;80;0;
5939;2221776;999636992;14213120;1091772416;0;0;0;0;0;0;0;0;0;0;0;1343;0;0;88;0;80;0;
5940;1553162;999636992;14213120;1091772416;0;0;0;0;0;0;0;0;0;0;0;1523;0;0;88;0;80;0;
5941;5417680;999636992;14213120;1091772416;0;0;0;0;0;0;0;0;0;0;0;1452;0;0;88;0;80;0;
5942;2485271;999636992;14213120;1091772416;0;0;0;0;0;0;0;0;0;0;0;2114;0;0;88;0;80;0;
5943;1638804;999636992;14213120;1091772416;0;0;0;0;0;0;0;0;0;0;0;1773;0;0;88;0;80;0;
5944;2155803;999636992;14213120;1091772416;0;0;0;0;0;0;0;0;0;0;0;1512;0;0;88;0;80;0;
5945;1381511;999636992;14213120;1091772416;0;0;0;0;0;0;0;0;0;0;0;1613;0;0;88;0;80;0;
5946;1543544;999636992;14213120;1091772416;0;0;0;0;0;0;0;0;0;0;0;1433;0;0;88;0;80;0;
5947;1730676;999636992;14213120;1091772416;0;0;0;0;0;0;0;0;0;0;0;1643;0;0;88;0;80;0;
5948;4887486;999636992;14213120;1091772416;0;0;0;0;0;0;0;0;0;0;0;1443;0;0;88;0;80;0;
5949;2579358;999636992;14213120;1091772416;0;0;0;0;0;0;0;0;0;0;0;1734;0;0;88;0;80;0;
5950;2371638;999636992;14213120;1091772416;0;0;0;0;0;0;0;0;0;0;0;1442;0;0;88;0;80;0;
5951;1507958;999636992;14213120;1091772416;0;0;0;0;0;0;0;0;0;0;0;1433;0;0;88;0;80;0;
5952;1318964;999636992;14213120;1091772416;0;0;0;0;0;0;0;0;0;0;0;1413;0;0;88;0;80;0;
5953;1575023;999636992;14213120;1091772416;0;0;0;0;0;0;0;0;0;0;0;1643;0;0;88;0;80;0;
5954;1725726;999636992;14213120;1091772416;0;0;0;0;0;0;0;0;0;0;0;1383;0;0;88;0;80;0;
5955;5023902;999636992;14213120;1091772416;0;0;0;0;0;0;0;0;0;0;0;1422;0;0;88;0;80;0;
5956;2889459;1001996288;20717568;1098276864;0;0;0;0;0;0;0;0;0;0;0;2294;0;0;88;0;80;0;
5957;2203172;1001996288;20717568;1098276864;0;0;0;0;0;0;0;0;0;0;0;1523;0;0;88;0;80;0;
5958;1977188;1004093440;20717568;1098276864;0;0;0;0;0;0;0;0;0;0;0;1382;0;0;88;0;80;0;
5959;1216010;1004093440;20717568;1098276864;0;0;0;0;0;0;0;0;0;0;0;1342;0;0;88;0;80;0;
5960;2545634;1004093440;20717568;1098276864;0;0;0;0;0;0;0;0;0;0;0;1483;0;0;88;0;80;0;
5961;1771602;1004093440;20717568;1098276864;0;0;0;0;0;0;0;0;0;0;0;1482;0;0;88;0;80;0;
5962;5599010;1004630016;20717568;1098276864;0;0;0;0;0;0;0;0;0;0;0;1452;0;0;88;0;80;0;
5963;3006889;1005711360;20717568;1098276864;0;0;0;0;0;0;0;0;0;0;0;1743;0;0;88;0;80;0;
5964;1949726;1005711360;20717568;1098276864;0;0;0;0;0;0;0;0;0;0;0;1452;0;0;88;0;80;0;
5965;1197857;1005711360;20717568;1098276864;0;0;0;0;0;0;0;0;0;0;0;1483;0;0;88;0;80;0;
5966;2372198;1005711360;20717568;1098276864;0;0;0;0;0;0;0;0;0;0;0;1452;0;0;88;0;80;0;
5967;1147963;1005711360;20717568;1098276864;0;0;0;0;0;0;0;0;0;0;0;1623;0;0;88;0;80;0;
5968;5187419;1005711360;20717568;1098276864;0;0;0;0;0;0;0;0;0;0;0;1573;0;0;88;0;80;0;
5969;2093497;1005711360;20717568;1098276864;0;0;0;0;0;0;0;0;0;0;0;1563;0;0;88;0;80;0;
5970;2191019;1005740032;20713472;1098272768;0;0;0;0;0;0;0;0;0;0;0;1383;0;0;88;0;80;0;
5971;1900884;1005740032;20713472;1098272768;0;0;0;0;0;0;0;0;0;0;0;1553;0;0;88;0;80;0;
5972;2043201;1005740032;20713472;1098272768;0;0;0;0;0;0;0;0;0;0;0;1452;0;0;88;0;80;0;
5973;1953603;1005740032;20713472;1098272768;0;0;0;0;0;0;0;0;0;0;0;1443;0;0;88;0;80;0;
5974;4982143;1005740032;20713472;1098272768;0;0;0;0;0;0;0;0;0;0;0;1503;0;0;88;0;80;0;
5975;2511270;1005740032;20721664;1098280960;0;0;0;0;0;0;0;0;0;0;0;83397;0;0;88;0;80;0;
5976;1705478;1005740032;20721664;1098280960;0;0;0;0;0;0;0;0;0;0;0;1563;0;0;88;0;80;0;
5977;1798502;998719488;13156352;1090715648;0;0;0;0;0;0;0;0;0;0;0;1603;0;0;88;0;80;0;
5978;1976667;998719488;13156352;1090715648;0;0;0;0;0;0;0;0;0;0;0;1442;0;0;88;0;80;0;
5979;2679344;998719488;13156352;1090715648;0;0;0;0;0;0;0;0;0;0;0;1483;0;0;88;0;80;0;
5980;1947632;998719488;13156352;1090715648;0;0;0;0;0;0;0;0;0;0;0;1433;0;0;88;0;80;0;
5981;4989808;999526400;20721664;1098280960;0;0;0;0;0;0;0;0;0;0;0;1473;0;0;88;0;80;0;
5982;2472918;999526400;20721664;1098280960;0;0;0;0;0;0;0;0;0;0;0;1673;0;0;88;0;80;0;
5983;2663394;999526400;20721664;1098280960;0;0;0;0;0;0;0;0;0;0;0;1503;0;0;88;0;80;0;
5984;2721644;999526400;20721664;1098280960;0;0;0;0;0;0;0;0;0;0;0;1473;0;0;88;0;80;0;
5985;2315002;999526400;20721664;1098280960;0;0;0;0;0;0;0;0;0;0;0;23334;0;0;88;0;80;0;
5986;1553313;999526400;20721664;1098280960;0;0;0;0;0;0;0;0;0;0;0;1252;0;0;88;0;80;0;
5987;4984047;999526400;20721664;1098280960;0;0;0;0;0;0;0;0;0;0;0;1483;0;0;88;0;80;0;
5988;1905674;999526400;20721664;1098280960;0;0;0;0;0;0;0;0;0;0;0;1583;0;0;88;0;80;0;
5989;8519197;999739392;20713472;1098272768;0;0;0;0;0;0;0;0;0;0;0;1533;0;0;88;0;80;0;
5990;2486313;999739392;20713472;1098272768;0;0;0;0;0;0;0;0;0;0;0;1453;0;0;88;0;80;0;
5991;2433203;999739392;20713472;1098272768;0;0;0;0;0;0;0;0;0;0;0;1533;0;0;88;0;80;0;
5992;1828870;999739392;20713472;1098272768;0;0;0;0;0;0;0;0;0;0;0;1423;0;0;88;0;80;0;
5993;5361004;999739392;20713472;1098272768;0;0;0;0;0;0;0;0;0;0;0;1743;0;0;88;0;80;0;
5994;2928222;999739392;20713472;1098272768;0;0;0;0;0;0;0;0;0;0;0;1903;0;0;88;0;80;0;
5995;1536542;999739392;20713472;1098272768;0;0;0;0;0;0;0;0;0;0;0;1503;0;0;88;0;80;0;
5996;2181442;999739392;20713472;1098272768;0;0;0;0;0;0;0;0;0;0;0;1473;0;0;88;0;80;0;
5997;1589551;999739392;20713472;1098272768;0;0;0;0;0;0;0;0;0;0;0;1583;0;0;88;0;80;0;
5998;1832547;999739392;20713472;1098272768;0;0;0;0;0;0;0;0;0;0;0;1443;0;0;88;0;80;0;
5999;1729563;999739392;20713472;1098272768;0;0;0;0;0;0;0;0;0;0;0;1443;0;0;88;0;80;0;
6000;5759922;999739392;20713472;1098272768;0;0;0;0;0;0;0;0;0;0;0;1423;0;0;88;0;80;0;
6001;2477847;999739392;20713472;1098272768;0;0;0;0;0;0;0;0;0;0;0;1804;0;0;88;0;80;0;
6002;2756439;999739392;20713472;1098272768;0;0;0;0;0;0;0;0;0;0;0;1432;0;0;88;0;80;0;
6003;1661496;999739392;20713472;1098272768;0;0;0;0;0;0;0;0;0;0;0;1493;0;0;88;0;80;0;
6004;2384121;999739392;20713472;1098272768;0;0;0;0;0;0;0;0;0;0;0;1383;0;0;88;0;80;0;
6005;1589772;999739392;20713472;1098272768;0;0;0;0;0;0;0;0;0;0;0;1473;0;0;88;0;80;0;
6006;4770877;999739392;20713472;1098272768;0;0;0;0;0;0;0;0;0;0;0;1483;0;0;88;0;80;0;
6007;2346901;999739392;20717568;1098276864;0;0;0;0;0;0;0;0;0;0;0;1773;0;0;88;0;80;0;
6008;2603071;999739392;20717568;1098276864;0;0;0;0;0;0;0;0;0;0;0;1493;0;0;88;0;80;0;
6009;1685572;999739392;20717568;1098276864;0;0;0;0;0;0;0;0;0;0;0;1423;0;0;88;0;80;0;
6010;1297714;999739392;20717568;1098276864;0;0;0;0;0;0;0;0;0;0;0;1432;0;0;88;0;80;0;
6011;1955637;999739392;20717568;1098276864;0;0;0;0;0;0;0;0;0;0;0;1433;0;0;88;0;80;0;
6012;1345173;999739392;20717568;1098276864;0;0;0;0;0;0;0;0;0;0;0;1433;0;0;88;0;80;0;
6013;4875474;999739392;20717568;1098276864;0;0;0;0;0;0;0;0;0;0;0;1462;0;0;88;0;80;0;
6014;2647896;999739392;20717568;1098276864;0;0;0;0;0;0;0;0;0;0;0;1623;0;0;88;0;80;0;
6015;2106440;999739392;20717568;1098276864;0;0;0;0;0;0;0;0;0;0;0;1453;0;0;88;0;80;0;
6016;2270528;999739392;20717568;1098276864;0;0;0;0;0;0;0;0;0;0;0;1493;0;0;88;0;80;0;
6017;2343666;999739392;20717568;1098276864;0;0;0;0;0;0;0;0;0;0;0;1522;0;0;88;0;80;0;
6018;2170160;999739392;20717568;1098276864;0;0;0;0;0;0;0;0;0;0;0;1603;0;0;88;0;80;0;
6019;1674571;999739392;20717568;1098276864;0;0;0;0;0;0;0;0;0;0;0;1472;0;0;88;0;80;0;
6020;4957638;999739392;20717568;1098276864;0;0;0;0;0;0;0;0;0;0;0;1563;0;0;88;0;80;0;
6021;2814779;999739392;20717568;1098276864;0;0;0;0;0;0;0;0;0;0;0;1543;0;0;88;0;80;0;
6022;2495420;999739392;20717568;1098276864;0;0;0;0;0;0;0;0;0;0;0;1472;0;0;88;0;80;0;
6023;1451763;999739392;20717568;1098276864;0;0;0;0;0;0;0;0;0;0;0;1472;0;0;88;0;80;0;
6024;1914540;999739392;20717568;1098276864;0;0;0;0;0;0;0;0;0;0;0;43973;0;0;88;0;80;0;
6025;1177248;999739392;20717568;1098276864;0;0;0;0;0;0;0;0;0;0;0;1523;0;0;88;0;80;0;
6026;5271626;999739392;20717568;1098276864;0;0;0;0;0;0;0;0;0;0;0;1803;0;0;88;0;80;0;
6027;3006509;999739392;20717568;1098276864;0;0;0;0;0;0;0;0;0;0;0;1463;0;0;88;0;80;0;
6028;2527761;999776256;20713472;1098272768;0;0;0;0;0;0;0;0;0;0;0;1532;0;0;88;0;80;0;
6029;1776702;999776256;20713472;1098272768;0;0;0;0;0;0;0;0;0;0;0;1433;0;0;88;0;80;0;
6030;2312928;999776256;20713472;1098272768;0;0;0;0;0;0;0;0;0;0;0;1472;0;0;88;0;80;0;
6031;1795407;999776256;20713472;1098272768;0;0;0;0;0;0;0;0;0;0;0;1232;0;0;88;0;80;0;
6032;5223717;999776256;20713472;1098272768;0;0;0;0;0;0;0;0;0;0;0;1453;0;0;88;0;80;0;
6033;2690656;999776256;20713472;1098272768;0;0;0;0;0;0;0;0;0;0;0;1914;0;0;88;0;80;0;
6034;2739899;999776256;20713472;1098272768;0;0;0;0;0;0;0;0;0;0;0;1553;0;0;88;0;80;0;
6035;1817619;999776256;20713472;1098272768;0;0;0;0;0;0;0;0;0;0;0;1433;0;0;88;0;80;0;
6036;1696883;999776256;20713472;1098272768;0;0;0;0;0;0;0;0;0;0;0;1513;0;0;88;0;80;0;
6037;2166764;999776256;20713472;1098272768;0;0;0;0;0;0;0;0;0;0;0;1503;0;0;88;0;80;0;
6038;5073305;999776256;20713472;1098272768;0;0;0;0;0;0;0;0;0;0;0;1423;0;0;88;0;80;0;
6039;3041013;999776256;20717568;1098276864;0;0;0;0;0;0;0;0;0;0;0;1513;0;0;88;0;80;0;
6040;2086283;999776256;20717568;1098276864;0;0;0;0;0;0;0;0;0;0;0;1473;0;0;88;0;80;0;
6041;3106355;999776256;20717568;1098276864;0;0;0;0;0;0;0;0;0;0;0;1512;0;0;88;0;80;0;
6042;1988459;999776256;20717568;1098276864;0;0;0;0;0;0;0;0;0;0;0;1563;0;0;88;0;80;0;
6043;2481033;999776256;20717568;1098276864;0;0;0;0;0;0;0;0;0;0;0;1373;0;0;88;0;80;0;
6044;1843026;999776256;20717568;1098276864;0;0;0;0;0;0;0;0;0;0;0;1483;0;0;88;0;80;0;
6045;4827674;999776256;20717568;1098276864;0;0;0;0;0;0;0;0;0;0;0;1593;0;0;88;0;80;0;
6046;3501026;999776256;20717568;1098276864;0;0;0;0;0;0;0;0;0;0;0;2364;0;0;88;0;80;0;
6047;1925972;999776256;20717568;1098276864;0;0;0;0;0;0;0;0;0;0;0;1422;0;0;88;0;80;0;
6048;2113904;999776256;20717568;1098276864;0;0;0;0;0;0;0;0;0;0;0;1463;0;0;88;0;80;0;
6049;2189616;999776256;20717568;1098276864;0;0;0;0;0;0;0;0;0;0;0;1493;0;0;88;0;80;0;
6050;2573056;999776256;20717568;1098276864;0;0;0;0;0;0;0;0;0;0;0;1463;0;0;88;0;80;0;
6051;2299142;999776256;20717568;1098276864;0;0;0;0;0;0;0;0;0;0;0;1493;0;0;88;0;80;0;
6052;4994988;999776256;20717568;1098276864;0;0;0;0;0;0;0;0;0;0;0;1413;0;0;88;0;80;0;
6053;2514726;999776256;20717568;1098276864;0;0;0;0;0;0;0;0;0;0;0;2114;0;0;88;0;80;0;
6054;1918318;999825408;20713472;1098272768;0;0;0;0;0;0;0;0;0;0;0;1583;0;0;88;0;80;0;
6055;1608457;999825408;20713472;1098272768;0;0;0;0;0;0;0;0;0;0;0;1443;0;0;88;0;80;0;
6056;2199856;999825408;20713472;1098272768;0;0;0;0;0;0;0;0;0;0;0;1422;0;0;88;0;80;0;
6057;2576422;999825408;20713472;1098272768;0;0;0;0;0;0;0;0;0;0;0;1462;0;0;88;0;80;0;
6058;5083864;999825408;20713472;1098272768;0;0;0;0;0;0;0;0;0;0;0;1483;0;0;88;0;80;0;
6059;3264713;999825408;20717568;1098276864;0;0;0;0;0;0;0;0;0;0;0;1743;0;0;88;0;80;0;
6060;2493887;999825408;20717568;1098276864;0;0;0;0;0;0;0;0;0;0;0;1423;0;0;88;0;80;0;
6061;2188304;999825408;20717568;1098276864;0;0;0;0;0;0;0;0;0;0;0;1543;0;0;88;0;80;0;
6062;1803803;999825408;20717568;1098276864;0;0;0;0;0;0;0;0;0;0;0;1643;0;0;88;0;80;0;
6063;3041254;999825408;20717568;1098276864;0;0;0;0;0;0;0;0;0;0;0;1523;0;0;88;0;80;0;
6064;1717361;999825408;20717568;1098276864;0;0;0;0;0;0;0;0;0;0;0;1583;0;0;88;0;80;0;
6065;5150579;999825408;20717568;1098276864;0;0;0;0;0;0;0;0;0;0;0;1502;0;0;88;0;80;0;
6066;1895605;999825408;20717568;1098276864;0;0;0;0;0;0;0;0;0;0;0;1413;0;0;88;0;80;0;
6067;2143490;998805504;13152256;1090711552;0;0;0;0;0;0;0;0;0;0;0;1553;0;0;88;0;80;0;
6068;2287740;998805504;13152256;1090711552;0;0;0;0;0;0;0;0;0;0;0;1593;0;0;88;0;80;0;
6069;2790753;998805504;13152256;1090711552;0;0;0;0;0;0;0;0;0;0;0;1423;0;0;88;0;80;0;
6070;2298250;998805504;13152256;1090711552;0;0;0;0;0;0;0;0;0;0;0;1523;0;0;88;0;80;0;
6071;4972486;999612416;20717568;1098276864;0;0;0;0;0;0;0;0;0;0;0;1433;0;0;88;0;80;0;
6072;1712632;999612416;20717568;1098276864;0;0;0;0;0;0;0;0;0;0;0;1593;0;0;88;0;80;0;
6073;2477897;999829504;20713472;1098272768;0;0;0;0;0;0;0;0;0;0;0;1422;0;0;88;0;80;0;
6074;1716850;999829504;20713472;1098272768;0;0;0;0;0;0;0;0;0;0;0;1573;0;0;88;0;80;0;
6075;2168717;999829504;20713472;1098272768;0;0;0;0;0;0;0;0;0;0;0;1483;0;0;88;0;80;0;
6076;1723091;999829504;20713472;1098272768;0;0;0;0;0;0;0;0;0;0;0;1422;0;0;88;0;80;0;
6077;5057104;999829504;20713472;1098272768;0;0;0;0;0;0;0;0;0;0;0;1543;0;0;88;0;80;0;
6078;3156900;999829504;20713472;1098272768;0;0;0;0;0;0;0;0;0;0;0;1603;0;0;88;0;80;0;
6079;1902718;999829504;20713472;1098272768;0;0;0;0;0;0;0;0;0;0;0;1493;0;0;88;0;80;0;
6080;2240712;999829504;20713472;1098272768;0;0;0;0;0;0;0;0;0;0;0;1583;0;0;88;0;80;0;
6081;1887430;999829504;20713472;1098272768;0;0;0;0;0;0;0;0;0;0;0;1452;0;0;88;0;80;0;
6082;1771332;999829504;20713472;1098272768;0;0;0;0;0;0;0;0;0;0;0;1563;0;0;88;0;80;0;
6083;1969945;999829504;20713472;1098272768;0;0;0;0;0;0;0;0;0;0;0;1533;0;0;88;0;80;0;
6084;4640122;999829504;20713472;1098272768;0;0;0;0;0;0;0;0;0;0;0;1443;0;0;88;0;80;0;
6085;2501872;999829504;20717568;1098276864;0;0;0;0;0;0;0;0;0;0;0;1563;0;0;88;0;80;0;
6086;2600437;999829504;20717568;1098276864;0;0;0;0;0;0;0;0;0;0;0;1363;0;0;88;0;80;0;
6087;2376747;999829504;20717568;1098276864;0;0;0;0;0;0;0;0;0;0;0;1403;0;0;88;0;80;0;
6088;1674841;999829504;20717568;1098276864;0;0;0;0;0;0;0;0;0;0;0;1483;0;0;88;0;80;0;
6089;2634681;999829504;20717568;1098276864;0;0;0;0;0;0;0;0;0;0;0;1482;0;0;88;0;80;0;
6090;1974473;999829504;20717568;1098276864;0;0;0;0;0;0;0;0;0;0;0;1232;0;0;88;0;80;0;
6091;4940896;999829504;20717568;1098276864;0;0;0;0;0;0;0;0;0;0;0;1483;0;0;88;0;80;0;
6092;2507823;999829504;20717568;1098276864;0;0;0;0;0;0;0;0;0;0;0;2354;0;0;88;0;80;0;
6093;2588685;999829504;20717568;1098276864;0;0;0;0;0;0;0;0;0;0;0;1593;0;0;88;0;80;0;
6094;1772183;999829504;20717568;1098276864;0;0;0;0;0;0;0;0;0;0;0;1392;0;0;88;0;80;0;
6095;2444795;999829504;20717568;1098276864;0;0;0;0;0;0;0;0;0;0;0;1283;0;0;88;0;80;0;
6096;1453035;999829504;20717568;1098276864;0;0;0;0;0;0;0;0;0;0;0;1623;0;0;88;0;80;0;
6097;5305009;999829504;20717568;1098276864;0;0;0;0;0;0;0;0;0;0;0;1433;0;0;88;0;80;0;
6098;3101336;999829504;20717568;1098276864;0;0;0;0;0;0;0;0;0;0;0;1553;0;0;88;0;80;0;
6099;2441598;999858176;20713472;1098272768;0;0;0;0;0;0;0;0;0;0;0;1452;0;0;88;0;80;0;
6100;1723051;999858176;20713472;1098272768;0;0;0;0;0;0;0;0;0;0;0;1463;0;0;88;0;80;0;
6101;2697699;999858176;20713472;1098272768;0;0;0;0;0;0;0;0;0;0;0;1382;0;0;88;0;80;0;
6102;2298260;999858176;20713472;1098272768;0;0;0;0;0;0;0;0;0;0;0;1402;0;0;88;0;80;0;
6103;5456102;999858176;20713472;1098272768;0;0;0;0;0;0;0;0;0;0;0;1493;0;0;88;0;80;0;
6104;3945279;999858176;20713472;1098272768;0;0;0;0;0;0;0;0;0;0;0;2625;0;0;88;0;80;0;
6105;1407990;999858176;20713472;1098272768;0;0;0;0;0;0;0;0;0;0;0;1423;0;0;88;0;80;0;
6106;3759220;999858176;20713472;1098272768;0;0;0;0;0;0;0;0;0;0;0;1533;0;0;88;0;80;0;
6107;1725676;999858176;20713472;1098272768;0;0;0;0;0;0;0;0;0;0;0;1734;0;0;88;0;80;0;
6108;1857193;999858176;20713472;1098272768;0;0;0;0;0;0;0;0;0;0;0;1393;0;0;88;0;80;0;
6109;1660083;999858176;20713472;1098272768;0;0;0;0;0;0;0;0;0;0;0;1403;0;0;88;0;80;0;
6110;4595548;999858176;20713472;1098272768;0;0;0;0;0;0;0;0;0;0;0;1412;0;0;88;0;80;0;
6111;3902809;999858176;20713472;1098272768;0;0;0;0;0;0;0;0;0;0;0;2846;0;0;88;0;80;0;
6112;2549791;999858176;20713472;1098272768;0;0;0;0;0;0;0;0;0;0;0;1383;0;0;88;0;80;0;
6113;2842100;999858176;20713472;1098272768;0;0;0;0;0;0;0;0;0;0;0;1623;0;0;88;0;80;0;
6114;2979588;999858176;20713472;1098272768;0;0;0;0;0;0;0;0;0;0;0;2585;0;0;88;0;80;0;
6115;2717707;999858176;20713472;1098272768;0;0;0;0;0;0;0;0;0;0;0;1603;0;0;88;0;80;0;
6116;2343515;999858176;20713472;1098272768;0;0;0;0;0;0;0;0;0;0;0;1673;0;0;88;0;80;0;
6117;5308355;999858176;20713472;1098272768;0;0;0;0;0;0;0;0;0;0;0;1674;0;0;88;0;80;0;
6118;3144317;999858176;20713472;1098272768;0;0;0;0;0;0;0;0;0;0;0;3036;0;0;88;0;80;0;
6119;2834836;999886848;20709376;1098268672;0;0;0;0;0;0;0;0;0;0;0;2064;0;0;88;0;80;0;
6120;1757947;999886848;20709376;1098268672;0;0;0;0;0;0;0;0;0;0;0;1453;0;0;88;0;80;0;
6121;2539833;999886848;20709376;1098268672;0;0;0;0;0;0;0;0;0;0;0;1734;0;0;88;0;80;0;
6122;2190097;999886848;20709376;1098268672;0;0;0;0;0;0;0;0;0;0;0;1703;0;0;88;0;80;0;
6123;5259113;999886848;20709376;1098268672;0;0;0;0;0;0;0;0;0;0;0;1653;0;0;88;0;80;0;
6124;2448151;999886848;20713472;1098272768;0;0;0;0;0;0;0;0;0;0;0;2515;0;0;88;0;80;0;
6125;2325902;999886848;20713472;1098272768;0;0;0;0;0;0;0;0;0;0;0;1693;0;0;88;0;80;0;
6126;1227071;999886848;20713472;1098272768;0;0;0;0;0;0;0;0;0;0;0;1433;0;0;88;0;80;0;
6127;3464768;999886848;20713472;1098272768;0;0;0;0;0;0;0;0;0;0;0;1813;0;0;88;0;80;0;
6128;2623160;999886848;20713472;1098272768;0;0;0;0;0;0;0;0;0;0;0;2134;0;0;88;0;80;0;
6129;6947940;999886848;20713472;1098272768;0;0;0;0;0;0;0;0;0;0;0;2064;0;0;88;0;80;0;
6130;3627052;999886848;20713472;1098272768;0;0;0;0;0;0;0;0;0;0;0;2485;0;0;88;0;80;0;
6131;2242666;998875136;13148160;1090707456;0;0;0;0;0;0;0;0;0;0;0;1433;0;0;88;0;80;0;
6132;1862573;998875136;13148160;1090707456;0;0;0;0;0;0;0;0;0;0;0;1402;0;0;88;0;80;0;
6133;2051577;998875136;13148160;1090707456;0;0;0;0;0;0;0;0;0;0;0;1402;0;0;88;0;80;0;
6134;2254337;998875136;13148160;1090707456;0;0;0;0;0;0;0;0;0;0;0;1513;0;0;88;0;80;0;
6135;5760643;998875136;13148160;1090707456;0;0;0;0;0;0;0;0;0;0;0;1453;0;0;88;0;80;0;
6136;2945775;998875136;13148160;1090707456;0;0;0;0;0;0;0;0;0;0;0;1843;0;0;88;0;80;0;
6137;1945058;998875136;13148160;1090707456;0;0;0;0;0;0;0;0;0;0;0;1562;0;0;88;0;80;0;
6138;1735614;998875136;13148160;1090707456;0;0;0;0;0;0;0;0;0;0;0;1583;0;0;88;0;80;0;
6139;2255059;998875136;13148160;1090707456;0;0;0;0;0;0;0;0;0;0;0;1473;0;0;88;0;80;0;
6140;1814332;998875136;13148160;1090707456;0;0;0;0;0;0;0;0;0;0;0;1393;0;0;88;0;80;0;
6141;4931889;998875136;13148160;1090707456;0;0;0;0;0;0;0;0;0;0;0;1393;0;0;88;0;80;0;
6142;4103315;998875136;13148160;1090707456;0;0;0;0;0;0;0;0;0;0;0;2595;0;0;88;0;80;0;
6143;2824246;998875136;13148160;1090707456;0;0;0;0;0;0;0;0;0;0;0;1753;0;0;88;0;80;0;
6144;1751735;998875136;13148160;1090707456;0;0;0;0;0;0;0;0;0;0;0;1603;0;0;88;0;80;0;
6145;3173371;998875136;13148160;1090707456;0;0;0;0;0;0;0;0;0;0;0;1433;0;0;88;0;80;0;
6146;2456767;998875136;13148160;1090707456;0;0;0;0;0;0;0;0;0;0;0;1603;0;0;88;0;80;0;
6147;5815646;998875136;13148160;1090707456;0;0;0;0;0;0;0;0;0;0;0;1663;0;0;88;0;80;0;
6148;4490050;998875136;13148160;1090707456;0;0;0;0;0;0;0;0;0;0;0;2225;0;0;88;0;80;0;
6149;2371207;998875136;13148160;1090707456;0;0;0;0;0;0;0;0;0;0;0;1694;0;0;88;0;80;0;
6150;1670432;998875136;13148160;1090707456;0;0;0;0;0;0;0;0;0;0;0;1643;0;0;88;0;80;0;
6151;2624522;998875136;13148160;1090707456;0;0;0;0;0;0;0;0;0;0;0;1482;0;0;88;0;80;0;
6152;2491663;998875136;13148160;1090707456;0;0;0;0;0;0;0;0;0;0;0;1583;0;0;88;0;80;0;
6153;4524385;998875136;13148160;1090707456;0;0;0;0;0;0;0;0;0;0;0;1553;0;0;88;0;80;0;
6154;2035688;998875136;13148160;1090707456;0;0;0;0;0;0;0;0;0;0;0;1613;0;0;88;0;80;0;
6155;2277391;998875136;13148160;1090707456;0;0;0;0;0;0;0;0;0;0;0;1543;0;0;88;0;80;0;
6156;2160061;998875136;13148160;1090707456;0;0;0;0;0;0;0;0;0;0;0;1463;0;0;88;0;80;0;
6157;2553559;998875136;13148160;1090707456;0;0;0;0;0;0;0;0;0;0;0;1463;0;0;88;0;80;0;
6158;1978670;998875136;13148160;1090707456;0;0;0;0;0;0;0;0;0;0;0;1453;0;0;88;0;80;0;
6159;5483584;998875136;13148160;1090707456;0;0;0;0;0;0;0;0;0;0;0;1603;0;0;88;0;80;0;
6160;2745599;998875136;13148160;1090707456;0;0;0;0;0;0;0;0;0;0;0;1893;0;0;88;0;80;0;
6161;2285626;998875136;13148160;1090707456;0;0;0;0;0;0;0;0;0;0;0;1673;0;0;88;0;80;0;
6162;1861411;998875136;13148160;1090707456;0;0;0;0;0;0;0;0;0;0;0;1463;0;0;88;0;80;0;
6163;2621496;998875136;13148160;1090707456;0;0;0;0;0;0;0;0;0;0;0;1553;0;0;88;0;80;0;
6164;2785885;998875136;13148160;1090707456;0;0;0;0;0;0;0;0;0;0;0;1743;0;0;88;0;80;0;
6165;4910319;998875136;13148160;1090707456;0;0;0;0;0;0;0;0;0;0;0;1502;0;0;88;0;80;0;
6166;2521298;998875136;13148160;1090707456;0;0;0;0;0;0;0;0;0;0;0;1824;0;0;88;0;80;0;
6167;2264698;998875136;13148160;1090707456;0;0;0;0;0;0;0;0;0;0;0;103334;0;0;88;0;80;0;
6168;2209854;998875136;13148160;1090707456;0;0;0;0;0;0;0;0;0;0;0;1633;0;0;88;0;80;0;
6169;2491232;998875136;13148160;1090707456;0;0;0;0;0;0;0;0;0;0;0;1512;0;0;88;0;80;0;
6170;1943484;998875136;13148160;1090707456;0;0;0;0;0;0;0;0;0;0;0;1583;0;0;88;0;80;0;
6171;5282297;998875136;13148160;1090707456;0;0;0;0;0;0;0;0;0;0;0;1533;0;0;88;0;80;0;
6172;2695425;998875136;13148160;1090707456;0;0;0;0;0;0;0;0;0;0;0;1693;0;0;88;0;80;0;
6173;2064251;998875136;13148160;1090707456;0;0;0;0;0;0;0;0;0;0;0;1523;0;0;88;0;80;0;
6174;2425398;998875136;13148160;1090707456;0;0;0;0;0;0;0;0;0;0;0;1463;0;0;88;0;80;0;
6175;2553970;998875136;13148160;1090707456;0;0;0;0;0;0;0;0;0;0;0;1423;0;0;88;0;80;0;
6176;1974844;998875136;13148160;1090707456;0;0;0;0;0;0;0;0;0;0;0;1703;0;0;88;0;80;0;
6177;5526725;998875136;13148160;1090707456;0;0;0;0;0;0;0;0;0;0;0;1674;0;0;88;0;80;0;
6178;2449874;998875136;13148160;1090707456;0;0;0;0;0;0;0;0;0;0;0;1723;0;0;88;0;80;0;
6179;2742794;998875136;13148160;1090707456;0;0;0;0;0;0;0;0;0;0;0;1453;0;0;88;0;80;0;
6180;2376897;998875136;13148160;1090707456;0;0;0;0;0;0;0;0;0;0;0;1633;0;0;88;0;80;0;
6181;2266370;998875136;13148160;1090707456;0;0;0;0;0;0;0;0;0;0;0;1553;0;0;88;0;80;0;
6182;2024146;998875136;13148160;1090707456;0;0;0;0;0;0;0;0;0;0;0;1472;0;0;88;0;80;0;
6183;6267063;998875136;13148160;1090707456;0;0;0;0;0;0;0;0;0;0;0;1974;0;0;88;0;80;0;
6184;1445681;998875136;13148160;1090707456;0;0;0;0;0;0;0;0;0;0;0;1593;0;0;88;0;80;0;
6185;2555814;998875136;13148160;1090707456;0;0;0;0;0;0;0;0;0;0;0;1704;0;0;88;0;80;0;
6186;2442881;998875136;13148160;1090707456;0;0;0;0;0;0;0;0;0;0;0;1714;0;0;88;0;80;0;
6187;3115553;998875136;13148160;1090707456;0;0;0;0;0;0;0;0;0;0;0;1974;0;0;88;0;80;0;
6188;2073689;998875136;13148160;1090707456;0;0;0;0;0;0;0;0;0;0;0;1893;0;0;88;0;80;0;
6189;5491639;998875136;13148160;1090707456;0;0;0;0;0;0;0;0;0;0;0;1492;0;0;88;0;80;0;
6190;4005432;998875136;13148160;1090707456;0;0;0;0;0;0;0;0;0;0;0;2405;0;0;88;0;80;0;
6191;3216622;998924288;13144064;1090703360;0;0;0;0;0;0;0;0;0;0;0;1433;0;0;88;0;80;0;
6192;1965726;998924288;13144064;1090703360;0;0;0;0;0;0;0;0;0;0;0;1593;0;0;88;0;80;0;
6193;2390944;998924288;13144064;1090703360;0;0;0;0;0;0;0;0;0;0;0;1522;0;0;88;0;80;0;
6194;2406313;998924288;13144064;1090703360;0;0;0;0;0;0;0;0;0;0;0;1312;0;0;88;0;80;0;
6195;5293457;998924288;13144064;1090703360;0;0;0;0;0;0;0;0;0;0;0;1583;0;0;88;0;80;0;
6196;2867177;998924288;13148160;1090707456;0;0;0;0;0;0;0;0;0;0;0;2204;0;0;88;0;80;0;
6197;2796294;998924288;13148160;1090707456;0;0;0;0;0;0;0;0;0;0;0;1693;0;0;88;0;80;0;
6198;2102463;998924288;13148160;1090707456;0;0;0;0;0;0;0;0;0;0;0;1653;0;0;88;0;80;0;
6199;3054378;998924288;13148160;1090707456;0;0;0;0;0;0;0;0;0;0;0;1663;0;0;88;0;80;0;
6200;1845561;998924288;13148160;1090707456;0;0;0;0;0;0;0;0;0;0;0;1483;0;0;88;0;80;0;
6201;5607216;998924288;13148160;1090707456;0;0;0;0;0;0;0;0;0;0;0;1252;0;0;88;0;80;0;
6202;3114150;998924288;13148160;1090707456;0;0;0;0;0;0;0;0;0;0;0;2053;0;0;88;0;80;0;
6203;2929584;998924288;13148160;1090707456;0;0;0;0;0;0;0;0;0;0;0;1804;0;0;88;0;80;0;
6204;2164749;998924288;13148160;1090707456;0;0;0;0;0;0;0;0;0;0;0;1794;0;0;88;0;80;0;
6205;2975941;998924288;13148160;1090707456;0;0;0;0;0;0;0;0;0;0;0;1683;0;0;88;0;80;0;
6206;3355072;998924288;13148160;1090707456;0;0;0;0;0;0;0;0;0;0;0;2665;0;0;88;0;80;0;
6207;5202076;998924288;13148160;1090707456;0;0;0;0;0;0;0;0;0;0;0;1462;0;0;88;0;80;0;
6208;1895816;998924288;13148160;1090707456;0;0;0;0;0;0;0;0;0;0;0;2465;0;0;88;0;80;0;
6209;2381937;998924288;13148160;1090707456;0;0;0;0;0;0;0;0;0;0;0;1503;0;0;88;0;80;0;
6210;1502437;998924288;13148160;1090707456;0;0;0;0;0;0;0;0;0;0;0;1573;0;0;88;0;80;0;
6211;2320451;998924288;13148160;1090707456;0;0;0;0;0;0;0;0;0;0;0;1463;0;0;88;0;80;0;
6212;1819062;998924288;13148160;1090707456;0;0;0;0;0;0;0;0;0;0;0;1393;0;0;88;0;80;0;
6213;5586567;998924288;13148160;1090707456;0;0;0;0;0;0;0;0;0;0;0;38673;0;0;88;0;80;0;
6214;3350183;998924288;13148160;1090707456;0;0;0;0;0;0;0;0;0;0;0;3106;0;0;88;0;80;0;
6215;1674681;998924288;13148160;1090707456;0;0;0;0;0;0;0;0;0;0;0;2094;0;0;88;0;80;0;
6216;1048596;998924288;13148160;1090707456;0;0;0;0;0;0;0;0;0;0;0;1453;0;0;88;0;80;0;
6217;1934327;998924288;13148160;1090707456;0;0;0;0;0;0;0;0;0;0;0;1363;0;0;88;0;80;0;
6218;1464546;998924288;13148160;1090707456;0;0;0;0;0;0;0;0;0;0;0;1443;0;0;88;0;80;0;
6219;4941427;998924288;13148160;1090707456;0;0;0;0;0;0;0;0;0;0;0;1623;0;0;88;0;80;0;
6220;4677391;998924288;13148160;1090707456;0;0;0;0;0;0;0;0;0;0;0;2564;0;0;88;0;80;0;
6221;2204253;998924288;13148160;1090707456;0;0;0;0;0;0;0;0;0;0;0;2164;0;0;88;0;80;0;
6222;1987658;998924288;13148160;1090707456;0;0;0;0;0;0;0;0;0;0;0;1784;0;0;88;0;80;0;
6223;3105594;998924288;13148160;1090707456;0;0;0;0;0;0;0;0;0;0;0;1743;0;0;88;0;80;0;
6224;1948745;998924288;13148160;1090707456;0;0;0;0;0;0;0;0;0;0;0;2054;0;0;88;0;80;0;
6225;6698993;998924288;13148160;1090707456;0;0;0;0;0;0;0;0;0;0;0;2465;0;0;88;0;80;0;
6226;4476445;998924288;13148160;1090707456;0;0;0;0;0;0;0;0;0;0;0;5801;0;0;88;0;80;0;
6227;2682421;998924288;13148160;1090707456;0;0;0;0;0;0;0;0;0;0;0;2225;0;0;88;0;80;0;
6228;2777600;998924288;13148160;1090707456;0;0;0;0;0;0;0;0;0;0;0;1633;0;0;88;0;80;0;
6229;2107623;998924288;13148160;1090707456;0;0;0;0;0;0;0;0;0;0;0;1583;0;0;88;0;80;0;
6230;1646779;998924288;13148160;1090707456;0;0;0;0;0;0;0;0;0;0;0;1874;0;0;88;0;80;0;
6231;5948306;998924288;13148160;1090707456;0;0;0;0;0;0;0;0;0;0;0;1442;0;0;88;0;80;0;
6232;3845142;998924288;13148160;1090707456;0;0;0;0;0;0;0;0;0;0;0;1924;0;0;88;0;80;0;
6233;2558548;998924288;13148160;1090707456;0;0;0;0;0;0;0;0;0;0;0;1443;0;0;88;0;80;0;
6234;1242620;998924288;13148160;1090707456;0;0;0;0;0;0;0;0;0;0;0;1443;0;0;88;0;80;0;
6235;2580149;998924288;13148160;1090707456;0;0;0;0;0;0;0;0;0;0;0;1593;0;0;88;0;80;0;
6236;1705609;998924288;13148160;1090707456;0;0;0;0;0;0;0;0;0;0;0;1492;0;0;88;0;80;0;
6237;4788441;998924288;13148160;1090707456;0;0;0;0;0;0;0;0;0;0;0;1572;0;0;88;0;80;0;
6238;2842110;998924288;13148160;1090707456;0;0;0;0;0;0;0;0;0;0;0;1403;0;0;88;0;80;0;
6239;1465187;998924288;13148160;1090707456;0;0;0;0;0;0;0;0;0;0;0;1362;0;0;88;0;80;0;
6240;2370505;998924288;13148160;1090707456;0;0;0;0;0;0;0;0;0;0;0;1362;0;0;88;0;80;0;
6241;1988549;998924288;13148160;1090707456;0;0;0;0;0;0;0;0;0;0;0;1453;0;0;88;0;80;0;
6242;1678809;998924288;13148160;1090707456;0;0;0;0;0;0;0;0;0;0;0;1523;0;0;88;0;80;0;
6243;4481905;998924288;13148160;1090707456;0;0;0;0;0;0;0;0;0;0;0;1443;0;0;88;0;80;0;
6244;2575671;998924288;13148160;1090707456;0;0;0;0;0;0;0;0;0;0;0;1954;0;0;88;0;80;0;
6245;1488131;998924288;13148160;1090707456;0;0;0;0;0;0;0;0;0;0;0;1453;0;0;88;0;80;0;
6246;2402706;998924288;13148160;1090707456;0;0;0;0;0;0;0;0;0;0;0;1472;0;0;88;0;80;0;
6247;2027092;998924288;13148160;1090707456;0;0;0;0;0;0;0;0;0;0;0;1382;0;0;88;0;80;0;
6248;1743139;998924288;13148160;1090707456;0;0;0;0;0;0;0;0;0;0;0;1523;0;0;88;0;80;0;
6249;5010296;998924288;13148160;1090707456;0;0;0;0;0;0;0;0;0;0;0;1452;0;0;88;0;80;0;
6250;2698831;998924288;13148160;1090707456;0;0;0;0;0;0;0;0;0;0;0;1593;0;0;88;0;80;0;
6251;3016247;998924288;13148160;1090707456;0;0;0;0;0;0;0;0;0;0;0;33112;0;0;88;0;80;0;
6252;2692770;998924288;13148160;1090707456;0;0;0;0;0;0;0;0;0;0;0;1503;0;0;88;0;80;0;
6253;2533702;998924288;13148160;1090707456;0;0;0;0;0;0;0;0;0;0;0;1413;0;0;88;0;80;0;
6254;1069085;998924288;13148160;1090707456;0;0;0;0;0;0;0;0;0;0;0;1373;0;0;88;0;80;0;
6255;4976713;998924288;13148160;1090707456;0;0;0;0;0;0;0;0;0;0;0;1483;0;0;88;0;80;0;
6256;3148565;998924288;13148160;1090707456;0;0;0;0;0;0;0;0;0;0;0;1573;0;0;88;0;80;0;
6257;2412244;998924288;13148160;1090707456;0;0;0;0;0;0;0;0;0;0;0;1433;0;0;88;0;80;0;
6258;1887930;998924288;13148160;1090707456;0;0;0;0;0;0;0;0;0;0;0;1433;0;0;88;0;80;0;
6259;2163437;998924288;13148160;1090707456;0;0;0;0;0;0;0;0;0;0;0;1303;0;0;88;0;80;0;
6260;1880066;998924288;13148160;1090707456;0;0;0;0;0;0;0;0;0;0;0;1513;0;0;88;0;80;0;
6261;4881505;998924288;13148160;1090707456;0;0;0;0;0;0;0;0;0;0;0;1523;0;0;88;0;80;0;
6262;3849149;998924288;13148160;1090707456;0;0;0;0;0;0;0;0;0;0;0;1723;0;0;88;0;80;0;
6263;2824026;998924288;13148160;1090707456;0;0;0;0;0;0;0;0;0;0;0;1613;0;0;88;0;80;0;
6264;2792857;998924288;13148160;1090707456;0;0;0;0;0;0;0;0;0;0;0;1393;0;0;88;0;80;0;
6265;2919966;998924288;13148160;1090707456;0;0;0;0;0;0;0;0;0;0;0;1403;0;0;88;0;80;0;
6266;1458475;998924288;13148160;1090707456;0;0;0;0;0;0;0;0;0;0;0;1452;0;0;88;0;80;0;
6267;4522942;998924288;13148160;1090707456;0;0;0;0;0;0;0;0;0;0;0;1422;0;0;88;0;80;0;
6268;3213947;998924288;13148160;1090707456;0;0;0;0;0;0;0;0;0;0;0;1653;0;0;88;0;80;0;
6269;2120527;998924288;13148160;1090707456;0;0;0;0;0;0;0;0;0;0;0;1713;0;0;88;0;80;0;
6270;2059492;998924288;13148160;1090707456;0;0;0;0;0;0;0;0;0;0;0;1473;0;0;88;0;80;0;
6271;2847249;998924288;13148160;1090707456;0;0;0;0;0;0;0;0;0;0;0;1393;0;0;88;0;80;0;
6272;1887770;998924288;13148160;1090707456;0;0;0;0;0;0;0;0;0;0;0;1663;0;0;88;0;80;0;
6273;4954452;998924288;13148160;1090707456;0;0;0;0;0;0;0;0;0;0;0;1423;0;0;88;0;80;0;
6274;3095025;998924288;13148160;1090707456;0;0;0;0;0;0;0;0;0;0;0;2254;0;0;88;0;80;0;
6275;2066515;998924288;13148160;1090707456;0;0;0;0;0;0;0;0;0;0;0;1453;0;0;88;0;80;0;
6276;2049444;998924288;13148160;1090707456;0;0;0;0;0;0;0;0;0;0;0;1593;0;0;88;0;80;0;
6277;2036479;998924288;13148160;1090707456;0;0;0;0;0;0;0;0;0;0;0;1433;0;0;88;0;80;0;
6278;2018586;998924288;13148160;1090707456;0;0;0;0;0;0;0;0;0;0;0;1422;0;0;88;0;80;0;
6279;5125743;998924288;13148160;1090707456;0;0;0;0;0;0;0;0;0;0;0;1473;0;0;88;0;80;0;
6280;2441199;998924288;13148160;1090707456;0;0;0;0;0;0;0;0;0;0;0;1563;0;0;88;0;80;0;
6281;2811974;998924288;13148160;1090707456;0;0;0;0;0;0;0;0;0;0;0;1483;0;0;88;0;80;0;
6282;1536752;998924288;13148160;1090707456;0;0;0;0;0;0;0;0;0;0;0;1452;0;0;88;0;80;0;
6283;2778661;998924288;13148160;1090707456;0;0;0;0;0;0;0;0;0;0;0;1473;0;0;88;0;80;0;
6284;1886488;998924288;13148160;1090707456;0;0;0;0;0;0;0;0;0;0;0;1443;0;0;88;0;80;0;
6285;4856949;998924288;13148160;1090707456;0;0;0;0;0;0;0;0;0;0;0;1423;0;0;88;0;80;0;
6286;2702298;998924288;13148160;1090707456;0;0;0;0;0;0;0;0;0;0;0;1734;0;0;88;0;80;0;
6287;3053968;998924288;13148160;1090707456;0;0;0;0;0;0;0;0;0;0;0;1513;0;0;88;0;80;0;
6288;2202271;998924288;13148160;1090707456;0;0;0;0;0;0;0;0;0;0;0;1473;0;0;88;0;80;0;
6289;2949491;998924288;13148160;1090707456;0;0;0;0;0;0;0;0;0;0;0;1603;0;0;88;0;80;0;
6290;2261090;998924288;13148160;1090707456;0;0;0;0;0;0;0;0;0;0;0;1493;0;0;88;0;80;0;
6291;4165562;998924288;13148160;1090707456;0;0;0;0;0;0;0;0;0;0;0;1453;0;0;88;0;80;0;
6292;2984868;998924288;13148160;1090707456;0;0;0;0;0;0;0;0;0;0;0;1453;0;0;88;0;80;0;
6293;2332435;998924288;13148160;1090707456;0;0;0;0;0;0;0;0;0;0;0;1533;0;0;88;0;80;0;
6294;1436374;998924288;13148160;1090707456;0;0;0;0;0;0;0;0;0;0;0;1423;0;0;88;0;80;0;
6295;1914000;998924288;13148160;1090707456;0;0;0;0;0;0;0;0;0;0;0;1402;0;0;88;0;80;0;
6296;1980284;998924288;13148160;1090707456;0;0;0;0;0;0;0;0;0;0;0;1463;0;0;88;0;80;0;
6297;4470654;998924288;13148160;1090707456;0;0;0;0;0;0;0;0;0;0;0;1423;0;0;88;0;80;0;
6298;2863410;998924288;13148160;1090707456;0;0;0;0;0;0;0;0;0;0;0;1843;0;0;88;0;80;0;
6299;1865489;998924288;13148160;1090707456;0;0;0;0;0;0;0;0;0;0;0;1522;0;0;88;0;80;0;
6300;1907347;998924288;13148160;1090707456;0;0;0;0;0;0;0;0;0;0;0;1512;0;0;88;0;80;0;
6301;2497403;998924288;13148160;1090707456;0;0;0;0;0;0;0;0;0;0;0;1433;0;0;88;0;80;0;
6302;1780459;998924288;13148160;1090707456;0;0;0;0;0;0;0;0;0;0;0;1383;0;0;88;0;80;0;
6303;4895561;998924288;13148160;1090707456;0;0;0;0;0;0;0;0;0;0;0;1483;0;0;88;0;80;0;
6304;2520346;998924288;13148160;1090707456;0;0;0;0;0;0;0;0;0;0;0;1543;0;0;88;0;80;0;
6305;2332765;998924288;13148160;1090707456;0;0;0;0;0;0;0;0;0;0;0;1292;0;0;88;0;80;0;
6306;2120517;998924288;13148160;1090707456;0;0;0;0;0;0;0;0;0;0;0;1443;0;0;88;0;80;0;
6307;2498355;998924288;13148160;1090707456;0;0;0;0;0;0;0;0;0;0;0;1523;0;0;88;0;80;0;
6308;2450135;998924288;13148160;1090707456;0;0;0;0;0;0;0;0;0;0;0;1402;0;0;88;0;80;0;
6309;4922802;998924288;13148160;1090707456;0;0;0;0;0;0;0;0;0;0;0;1483;0;0;88;0;80;0;
6310;2212660;998924288;13148160;1090707456;0;0;0;0;0;0;0;0;0;0;0;1993;0;0;88;0;80;0;
6311;2398929;998924288;13148160;1090707456;0;0;0;0;0;0;0;0;0;0;0;1412;0;0;88;0;80;0;
6312;2321674;998924288;13148160;1090707456;0;0;0;0;0;0;0;0;0;0;0;1482;0;0;88;0;80;0;
6313;2191520;998924288;13148160;1090707456;0;0;0;0;0;0;0;0;0;0;0;1402;0;0;88;0;80;0;
6314;1914260;998924288;13148160;1090707456;0;0;0;0;0;0;0;0;0;0;0;1473;0;0;88;0;80;0;
6315;5100265;998924288;13148160;1090707456;0;0;0;0;0;0;0;0;0;0;0;1593;0;0;88;0;80;0;
6316;2469310;998924288;13148160;1090707456;0;0;0;0;0;0;0;0;0;0;0;1623;0;0;88;0;80;0;
6317;2391094;998924288;13148160;1090707456;0;0;0;0;0;0;0;0;0;0;0;1533;0;0;88;0;80;0;
6318;2366207;998924288;13148160;1090707456;0;0;0;0;0;0;0;0;0;0;0;1492;0;0;88;0;80;0;
6319;2700264;998924288;13148160;1090707456;0;0;0;0;0;0;0;0;0;0;0;1442;0;0;88;0;80;0;
6320;1872481;998924288;13148160;1090707456;0;0;0;0;0;0;0;0;0;0;0;1402;0;0;88;0;80;0;
6321;5081840;998924288;13148160;1090707456;0;0;0;0;0;0;0;0;0;0;0;1453;0;0;88;0;80;0;
6322;2521448;998924288;13148160;1090707456;0;0;0;0;0;0;0;0;0;0;0;1593;0;0;88;0;80;0;
6323;2131548;998924288;13148160;1090707456;0;0;0;0;0;0;0;0;0;0;0;1473;0;0;88;0;80;0;
6324;1824341;998924288;13148160;1090707456;0;0;0;0;0;0;0;0;0;0;0;1493;0;0;88;0;80;0;
6325;2355598;998924288;13148160;1090707456;0;0;0;0;0;0;0;0;0;0;0;1543;0;0;88;0;80;0;
6326;2085682;998924288;13148160;1090707456;0;0;0;0;0;0;0;0;0;0;0;64671;0;0;88;0;80;0;
6327;5774630;998924288;13148160;1090707456;0;0;0;0;0;0;0;0;0;0;0;1483;0;0;88;0;80;0;
6328;4187153;998924288;13148160;1090707456;0;0;0;0;0;0;0;0;0;0;0;2696;0;0;88;0;80;0;
6329;2475242;998924288;13148160;1090707456;0;0;0;0;0;0;0;0;0;0;0;1643;0;0;88;0;80;0;
6330;2342864;998924288;13148160;1090707456;0;0;0;0;0;0;0;0;0;0;0;1443;0;0;88;0;80;0;
6331;2992191;998924288;13148160;1090707456;0;0;0;0;0;0;0;0;0;0;0;1423;0;0;88;0;80;0;
6332;2486893;998924288;13148160;1090707456;0;0;0;0;0;0;0;0;0;0;0;1453;0;0;88;0;80;0;
6333;5572721;998924288;13148160;1090707456;0;0;0;0;0;0;0;0;0;0;0;1673;0;0;88;0;80;0;
6334;3943515;998924288;13148160;1090707456;0;0;0;0;0;0;0;0;0;0;0;2605;0;0;88;0;80;0;
6335;3231360;998924288;13148160;1090707456;0;0;0;0;0;0;0;0;0;0;0;1763;0;0;88;0;80;0;
6336;2247124;998924288;13148160;1090707456;0;0;0;0;0;0;0;0;0;0;0;1432;0;0;88;0;80;0;
6337;2815881;998924288;13148160;1090707456;0;0;0;0;0;0;0;0;0;0;0;1703;0;0;88;0;80;0;
6338;1893911;998924288;13148160;1090707456;0;0;0;0;0;0;0;0;0;0;0;1763;0;0;88;0;80;0;
6339;4841980;998924288;13148160;1090707456;0;0;0;0;0;0;0;0;0;0;0;1423;0;0;88;0;80;0;
6340;3437197;998924288;13148160;1090707456;0;0;0;0;0;0;0;0;0;0;0;2335;0;0;88;0;80;0;
6341;8114869;998924288;13148160;1090707456;0;0;0;0;0;0;0;0;0;0;0;1613;0;0;88;0;80;0;
6342;1544085;998924288;13148160;1090707456;0;0;0;0;0;0;0;0;0;0;0;1463;0;0;88;0;80;0;
6343;2753224;998924288;13148160;1090707456;0;0;0;0;0;0;0;0;0;0;0;2234;0;0;88;0;80;0;
6344;2735460;998924288;13148160;1090707456;0;0;0;0;0;0;0;0;0;0;0;1543;0;0;88;0;80;0;
6345;5612706;998924288;13148160;1090707456;0;0;0;0;0;0;0;0;0;0;0;1393;0;0;88;0;80;0;
6346;4671510;998924288;13148160;1090707456;0;0;0;0;0;0;0;0;0;0;0;2054;0;0;88;0;80;0;
6347;2562856;998924288;13148160;1090707456;0;0;0;0;0;0;0;0;0;0;0;1513;0;0;88;0;80;0;
6348;2197060;998924288;13148160;1090707456;0;0;0;0;0;0;0;0;0;0;0;1863;0;0;88;0;80;0;
6349;3457905;998924288;13148160;1090707456;0;0;0;0;0;0;0;0;0;0;0;1493;0;0;88;0;80;0;
6350;2735961;998924288;13148160;1090707456;0;0;0;0;0;0;0;0;0;0;0;1483;0;0;88;0;80;0;
6351;5825845;998924288;13148160;1090707456;0;0;0;0;0;0;0;0;0;0;0;1433;0;0;88;0;80;0;
6352;4683694;998924288;13148160;1090707456;0;0;0;0;0;0;0;0;0;0;0;2675;0;0;88;0;80;0;
6353;2859453;998924288;13148160;1090707456;0;0;0;0;0;0;0;0;0;0;0;1573;0;0;88;0;80;0;
6354;3397392;998924288;13148160;1090707456;0;0;0;0;0;0;0;0;0;0;0;1443;0;0;88;0;80;0;
6355;2789331;998924288;13148160;1090707456;0;0;0;0;0;0;0;0;0;0;0;1433;0;0;88;0;80;0;
6356;2664407;998924288;13148160;1090707456;0;0;0;0;0;0;0;0;0;0;0;1433;0;0;88;0;80;0;
6357;5167100;998924288;13148160;1090707456;0;0;0;0;0;0;0;0;0;0;0;1483;0;0;88;0;80;0;
6358;4279425;998924288;13148160;1090707456;0;0;0;0;0;0;0;0;0;0;0;2184;0;0;88;0;80;0;
6359;4057950;998924288;13148160;1090707456;0;0;0;0;0;0;0;0;0;0;0;1653;0;0;88;0;80;0;
6360;2534734;998924288;13148160;1090707456;0;0;0;0;0;0;0;0;0;0;0;1453;0;0;88;0;80;0;
6361;2729309;998924288;13148160;1090707456;0;0;0;0;0;0;0;0;0;0;0;1422;0;0;88;0;80;0;
6362;1737198;998924288;13148160;1090707456;0;0;0;0;0;0;0;0;0;0;0;1713;0;0;88;0;80;0;
6363;6060095;998924288;13148160;1090707456;0;0;0;0;0;0;0;0;0;0;0;1443;0;0;88;0;80;0;
6364;3820044;998924288;13148160;1090707456;0;0;0;0;0;0;0;0;0;0;0;1983;0;0;88;0;80;0;
6365;2324619;998924288;13148160;1090707456;0;0;0;0;0;0;0;0;0;0;0;1363;0;0;88;0;80;0;
6366;1656727;998924288;13148160;1090707456;0;0;0;0;0;0;0;0;0;0;0;1453;0;0;88;0;80;0;
6367;2230253;998924288;13148160;1090707456;0;0;0;0;0;0;0;0;0;0;0;1563;0;0;88;0;80;0;
6368;1552983;998924288;13148160;1090707456;0;0;0;0;0;0;0;0;0;0;0;1422;0;0;88;0;80;0;
6369;6104729;998924288;13148160;1090707456;0;0;0;0;0;0;0;0;0;0;0;1363;0;0;88;0;80;0;
6370;3871380;998924288;13148160;1090707456;0;0;0;0;0;0;0;0;0;0;0;1974;0;0;88;0;80;0;
6371;3011077;998924288;13148160;1090707456;0;0;0;0;0;0;0;0;0;0;0;1453;0;0;88;0;80;0;
6372;1845410;998924288;13148160;1090707456;0;0;0;0;0;0;0;0;0;0;0;1433;0;0;88;0;80;0;
6373;2804580;998924288;13148160;1090707456;0;0;0;0;0;0;0;0;0;0;0;1433;0;0;88;0;80;0;
6374;2643718;998924288;13148160;1090707456;0;0;0;0;0;0;0;0;0;0;0;1483;0;0;88;0;80;0;
6375;5969646;998924288;13148160;1090707456;0;0;0;0;0;0;0;0;0;0;0;1423;0;0;88;0;80;0;
6376;3118409;998924288;13148160;1090707456;0;0;0;0;0;0;0;0;0;0;0;1563;0;0;88;0;80;0;
6377;3149116;998924288;13148160;1090707456;0;0;0;0;0;0;0;0;0;0;0;1273;0;0;88;0;80;0;
6378;2070022;998924288;13148160;1090707456;0;0;0;0;0;0;0;0;0;0;0;1503;0;0;88;0;80;0;
6379;2031459;998924288;13148160;1090707456;0;0;0;0;0;0;0;0;0;0;0;1443;0;0;88;0;80;0;
6380;1622914;998924288;13148160;1090707456;0;0;0;0;0;0;0;0;0;0;0;1473;0;0;88;0;80;0;
6381;5234156;998924288;13148160;1090707456;0;0;0;0;0;0;0;0;0;0;0;1493;0;0;88;0;80;0;
6382;4005813;998924288;13148160;1090707456;0;0;0;0;0;0;0;0;0;0;0;2435;0;0;88;0;80;0;
6383;2703340;998924288;13148160;1090707456;0;0;0;0;0;0;0;0;0;0;0;1413;0;0;88;0;80;0;
6384;2236414;998924288;13148160;1090707456;0;0;0;0;0;0;0;0;0;0;0;1452;0;0;88;0;80;0;
6385;2795773;998924288;13148160;1090707456;0;0;0;0;0;0;0;0;0;0;0;1423;0;0;88;0;80;0;
6386;1906366;998924288;13148160;1090707456;0;0;0;0;0;0;0;0;0;0;0;1542;0;0;88;0;80;0;
6387;4534404;998924288;13148160;1090707456;0;0;0;0;0;0;0;0;0;0;0;1433;0;0;88;0;80;0;
6388;2705163;998924288;13148160;1090707456;0;0;0;0;0;0;0;0;0;0;0;1262;0;0;88;0;80;0;
6389;2326624;998924288;13148160;1090707456;0;0;0;0;0;0;0;0;0;0;0;1462;0;0;88;0;80;0;
6390;2177975;998924288;13148160;1090707456;0;0;0;0;0;0;0;0;0;0;0;1422;0;0;88;0;80;0;
6391;2537098;998924288;13148160;1090707456;0;0;0;0;0;0;0;0;0;0;0;1423;0;0;88;0;80;0;
6392;2028494;998924288;13148160;1090707456;0;0;0;0;0;0;0;0;0;0;0;1633;0;0;88;0;80;0;
6393;6061929;998924288;13148160;1090707456;0;0;0;0;0;0;0;0;0;0;0;1423;0;0;88;0;80;0;
6394;3137284;998924288;13148160;1090707456;0;0;0;0;0;0;0;0;0;0;0;1633;0;0;88;0;80;0;
6395;2716665;998924288;13148160;1090707456;0;0;0;0;0;0;0;0;0;0;0;1853;0;0;88;0;80;0;
6396;1990282;998924288;13148160;1090707456;0;0;0;0;0;0;0;0;0;0;0;1493;0;0;88;0;80;0;
6397;2380034;998924288;13148160;1090707456;0;0;0;0;0;0;0;0;0;0;0;1433;0;0;88;0;80;0;
6398;1944677;998924288;13148160;1090707456;0;0;0;0;0;0;0;0;0;0;0;1373;0;0;88;0;80;0;
6399;5326510;998924288;13148160;1090707456;0;0;0;0;0;0;0;0;0;0;0;1403;0;0;88;0;80;0;
6400;2912873;998924288;13148160;1090707456;0;0;0;0;0;0;0;0;0;0;0;1513;0;0;88;0;80;0;
6401;2479580;998924288;13148160;1090707456;0;0;0;0;0;0;0;0;0;0;0;1453;0;0;88;0;80;0;
6402;1568191;998924288;13148160;1090707456;0;0;0;0;0;0;0;0;0;0;0;1443;0;0;88;0;80;0;
6403;2634130;998924288;13148160;1090707456;0;0;0;0;0;0;0;0;0;0;0;1463;0;0;88;0;80;0;
6404;1266475;998924288;13148160;1090707456;0;0;0;0;0;0;0;0;0;0;0;1442;0;0;88;0;80;0;
6405;5221683;998924288;13148160;1090707456;0;0;0;0;0;0;0;0;0;0;0;1372;0;0;88;0;80;0;
6406;3440532;998924288;13148160;1090707456;0;0;0;0;0;0;0;0;0;0;0;1583;0;0;88;0;80;0;
6407;2504998;998924288;13148160;1090707456;0;0;0;0;0;0;0;0;0;0;0;1513;0;0;88;0;80;0;
6408;1940399;998924288;13148160;1090707456;0;0;0;0;0;0;0;0;0;0;0;1533;0;0;88;0;80;0;
6409;2495750;998924288;13148160;1090707456;0;0;0;0;0;0;0;0;0;0;0;1453;0;0;88;0;80;0;
6410;2030578;998924288;13148160;1090707456;0;0;0;0;0;0;0;0;0;0;0;1403;0;0;88;0;80;0;
6411;4241815;998924288;13148160;1090707456;0;0;0;0;0;0;0;0;0;0;0;1362;0;0;88;0;80;0;
6412;3232973;998924288;13148160;1090707456;0;0;0;0;0;0;0;0;0;0;0;1653;0;0;88;0;80;0;
6413;2511700;998924288;13148160;1090707456;0;0;0;0;0;0;0;0;0;0;0;1573;0;0;88;0;80;0;
6414;2817474;998924288;13148160;1090707456;0;0;0;0;0;0;0;0;0;0;0;1412;0;0;88;0;80;0;
6415;2045316;998924288;13148160;1090707456;0;0;0;0;0;0;0;0;0;0;0;1423;0;0;88;0;80;0;
6416;2383840;998924288;13148160;1090707456;0;0;0;0;0;0;0;0;0;0;0;1393;0;0;88;0;80;0;
6417;4994887;998924288;13148160;1090707456;0;0;0;0;0;0;0;0;0;0;0;1413;0;0;88;0;80;0;
6418;2751480;998924288;13148160;1090707456;0;0;0;0;0;0;0;0;0;0;0;1954;0;0;88;0;80;0;
6419;3334052;998924288;13148160;1090707456;0;0;0;0;0;0;0;0;0;0;0;1582;0;0;88;0;80;0;
6420;2536927;998924288;13148160;1090707456;0;0;0;0;0;0;0;0;0;0;0;1472;0;0;88;0;80;0;
6421;2164329;998924288;13148160;1090707456;0;0;0;0;0;0;0;0;0;0;0;1242;0;0;88;0;80;0;
6422;1737859;998924288;13148160;1090707456;0;0;0;0;0;0;0;0;0;0;0;1593;0;0;88;0;80;0;
6423;5655116;998924288;13148160;1090707456;0;0;0;0;0;0;0;0;0;0;0;1593;0;0;88;0;80;0;
6424;3005246;998924288;13148160;1090707456;0;0;0;0;0;0;0;0;0;0;0;1453;0;0;88;0;80;0;
6425;2588404;998924288;13148160;1090707456;0;0;0;0;0;0;0;0;0;0;0;1443;0;0;88;0;80;0;
6426;2057088;998924288;13148160;1090707456;0;0;0;0;0;0;0;0;0;0;0;1453;0;0;88;0;80;0;
6427;1975194;998924288;13148160;1090707456;0;0;0;0;0;0;0;0;0;0;0;1423;0;0;88;0;80;0;
6428;2100500;998924288;13148160;1090707456;0;0;0;0;0;0;0;0;0;0;0;1443;0;0;88;0;80;0;
6429;4621918;998924288;13148160;1090707456;0;0;0;0;0;0;0;0;0;0;0;1512;0;0;88;0;80;0;
6430;3029461;998924288;13148160;1090707456;0;0;0;0;0;0;0;0;0;0;0;1603;0;0;88;0;80;0;
6431;2796955;998924288;13148160;1090707456;0;0;0;0;0;0;0;0;0;0;0;1453;0;0;88;0;80;0;
6432;1577739;998924288;13148160;1090707456;0;0;0;0;0;0;0;0;0;0;0;1443;0;0;88;0;80;0;
6433;2729378;1000001536;20713472;1098272768;0;0;0;0;0;0;0;0;0;0;0;1472;0;0;88;0;80;0;
6434;1732650;1000001536;20713472;1098272768;0;0;0;0;0;0;0;0;0;0;0;1443;0;0;88;0;80;0;
6435;5846404;1002905600;20713472;1098272768;0;0;0;0;0;0;0;0;0;0;0;1874;0;0;88;0;80;0;
6436;3417920;1002905600;20713472;1098272768;0;0;0;0;0;0;0;0;0;0;0;1784;0;0;88;0;80;0;
6437;2755167;1002905600;20713472;1098272768;0;0;0;0;0;0;0;0;0;0;0;1633;0;0;88;0;80;0;
6438;2157236;1002905600;20713472;1098272768;0;0;0;0;0;0;0;0;0;0;0;1523;0;0;88;0;80;0;
6439;2801464;1005002752;20713472;1098272768;0;0;0;0;0;0;0;0;0;0;0;1503;0;0;88;0;80;0;
6440;2384111;1005002752;20713472;1098272768;0;0;0;0;0;0;0;0;0;0;0;1442;0;0;88;0;80;0;
6441;5025504;1005002752;20713472;1098272768;0;0;0;0;0;0;0;0;0;0;0;1433;0;0;88;0;80;0;
6442;3361865;1005539328;20713472;1098272768;0;0;0;0;0;0;0;0;0;0;0;1964;0;0;88;0;80;0;
6443;1930851;1005539328;20713472;1098272768;0;0;0;0;0;0;0;0;0;0;0;1253;0;0;88;0;80;0;
6444;2482175;1005539328;20713472;1098272768;0;0;0;0;0;0;0;0;0;0;0;1232;0;0;88;0;80;0;
6445;2270749;1005539328;20713472;1098272768;0;0;0;0;0;0;0;0;0;0;0;1403;0;0;88;0;80;0;
6446;1304717;1005539328;20713472;1098272768;0;0;0;0;0;0;0;0;0;0;0;1422;0;0;88;0;80;0;
6447;4900591;1005539328;20713472;1098272768;0;0;0;0;0;0;0;0;0;0;0;1403;0;0;88;0;80;0;
6448;3316840;1005539328;20713472;1098272768;0;0;0;0;0;0;0;0;0;0;0;2103;0;0;88;0;80;0;
6449;3113920;999194624;14209024;1091768320;0;0;0;0;0;0;0;0;0;0;0;1533;0;0;88;0;80;0;
6450;2261050;999194624;14209024;1091768320;0;0;0;0;0;0;0;0;0;0;0;1452;0;0;88;0;80;0;
6451;2672432;999194624;14209024;1091768320;0;0;0;0;0;0;0;0;0;0;0;1453;0;0;88;0;80;0;
6452;2156665;999194624;14209024;1091768320;0;0;0;0;0;0;0;0;0;0;0;1423;0;0;88;0;80;0;
6453;5030524;999194624;14209024;1091768320;0;0;0;0;0;0;0;0;0;0;0;1432;0;0;88;0;80;0;
6454;3620560;999194624;14209024;1091768320;0;0;0;0;0;0;0;0;0;0;0;2114;0;0;88;0;80;0;
6455;2402846;999194624;14209024;1091768320;0;0;0;0;0;0;0;0;0;0;0;1472;0;0;88;0;80;0;
6456;1810285;999194624;14209024;1091768320;0;0;0;0;0;0;0;0;0;0;0;1563;0;0;88;0;80;0;
6457;2466726;999194624;14209024;1091768320;0;0;0;0;0;0;0;0;0;0;0;1593;0;0;88;0;80;0;
6458;2469832;999194624;14209024;1091768320;0;0;0;0;0;0;0;0;0;0;0;1452;0;0;88;0;80;0;
6459;6219875;999194624;14209024;1091768320;0;0;0;0;0;0;0;0;0;0;0;1522;0;0;88;0;80;0;
6460;2597220;999194624;14209024;1091768320;0;0;0;0;0;0;0;0;0;0;0;1342;0;0;88;0;80;0;
6461;1472933;999194624;14209024;1091768320;0;0;0;0;0;0;0;0;0;0;0;1533;0;0;88;0;80;0;
6462;1470357;999194624;14209024;1091768320;0;0;0;0;0;0;0;0;0;0;0;1442;0;0;88;0;80;0;
6463;2945133;999194624;14209024;1091768320;0;0;0;0;0;0;0;0;0;0;0;1633;0;0;88;0;80;0;
6464;2362220;999194624;14209024;1091768320;0;0;0;0;0;0;0;0;0;0;0;1493;0;0;88;0;80;0;
6465;5740145;999194624;14209024;1091768320;0;0;0;0;0;0;0;0;0;0;0;1462;0;0;88;0;80;0;
6466;3367275;999194624;14209024;1091768320;0;0;0;0;0;0;0;0;0;0;0;1643;0;0;88;0;80;0;
6467;2270869;999194624;14209024;1091768320;0;0;0;0;0;0;0;0;0;0;0;1754;0;0;88;0;80;0;
6468;2084058;999194624;14209024;1091768320;0;0;0;0;0;0;0;0;0;0;0;1633;0;0;88;0;80;0;
6469;2695205;999194624;14209024;1091768320;0;0;0;0;0;0;0;0;0;0;0;1473;0;0;88;0;80;0;
6470;2618862;999194624;14209024;1091768320;0;0;0;0;0;0;0;0;0;0;0;1573;0;0;88;0;80;0;
6471;5333443;999194624;14209024;1091768320;0;0;0;0;0;0;0;0;0;0;0;1463;0;0;88;0;80;0;
6472;2521839;999194624;14209024;1091768320;0;0;0;0;0;0;0;0;0;0;0;1573;0;0;88;0;80;0;
6473;1968942;999194624;14209024;1091768320;0;0;0;0;0;0;0;0;0;0;0;1503;0;0;88;0;80;0;
6474;1831525;999194624;14209024;1091768320;0;0;0;0;0;0;0;0;0;0;0;1503;0;0;88;0;80;0;
6475;3028149;999194624;14209024;1091768320;0;0;0;0;0;0;0;0;0;0;0;1633;0;0;88;0;80;0;
6476;2194927;999194624;14209024;1091768320;0;0;0;0;0;0;0;0;0;0;0;1443;0;0;88;0;80;0;
6477;5237562;999194624;14209024;1091768320;0;0;0;0;0;0;0;0;0;0;0;1493;0;0;88;0;80;0;
6478;3086559;999194624;14209024;1091768320;0;0;0;0;0;0;0;0;0;0;0;1683;0;0;88;0;80;0;
6479;2793900;999194624;14209024;1091768320;0;0;0;0;0;0;0;0;0;0;0;1613;0;0;88;0;80;0;
6480;3081479;999194624;14209024;1091768320;0;0;0;0;0;0;0;0;0;0;0;1543;0;0;88;0;80;0;
6481;2826350;999194624;14209024;1091768320;0;0;0;0;0;0;0;0;0;0;0;1523;0;0;88;0;80;0;
6482;2468129;999194624;14209024;1091768320;0;0;0;0;0;0;0;0;0;0;0;1473;0;0;88;0;80;0;
6483;5514973;999194624;14209024;1091768320;0;0;0;0;0;0;0;0;0;0;0;1473;0;0;88;0;80;0;
6484;3182579;999194624;14209024;1091768320;0;0;0;0;0;0;0;0;0;0;0;1633;0;0;88;0;80;0;
6485;2049543;999194624;14209024;1091768320;0;0;0;0;0;0;0;0;0;0;0;1573;0;0;88;0;80;0;
6486;2027373;999194624;14209024;1091768320;0;0;0;0;0;0;0;0;0;0;0;1483;0;0;88;0;80;0;
6487;2392026;999194624;14209024;1091768320;0;0;0;0;0;0;0;0;0;0;0;1533;0;0;88;0;80;0;
6488;2831079;999194624;14209024;1091768320;0;0;0;0;0;0;0;0;0;0;0;1543;0;0;88;0;80;0;
6489;5065320;999194624;14209024;1091768320;0;0;0;0;0;0;0;0;0;0;0;1423;0;0;88;0;80;0;
6490;3252048;999194624;14209024;1091768320;0;0;0;0;0;0;0;0;0;0;0;2514;0;0;88;0;80;0;
6491;2346080;999194624;14209024;1091768320;0;0;0;0;0;0;0;0;0;0;0;1533;0;0;88;0;80;0;
6492;2974448;999194624;14209024;1091768320;0;0;0;0;0;0;0;0;0;0;0;1503;0;0;88;0;80;0;
6493;2324930;999194624;14209024;1091768320;0;0;0;0;0;0;0;0;0;0;0;1463;0;0;88;0;80;0;
6494;2430227;999194624;14209024;1091768320;0;0;0;0;0;0;0;0;0;0;0;1483;0;0;88;0;80;0;
6495;5562802;999194624;14209024;1091768320;0;0;0;0;0;0;0;0;0;0;0;1503;0;0;88;0;80;0;
6496;3565747;999194624;14209024;1091768320;0;0;0;0;0;0;0;0;0;0;0;2265;0;0;88;0;80;0;
6497;2578265;999194624;14209024;1091768320;0;0;0;0;0;0;0;0;0;0;0;1503;0;0;88;0;80;0;
6498;2791245;999194624;14209024;1091768320;0;0;0;0;0;0;0;0;0;0;0;1433;0;0;88;0;80;0;
6499;3057925;999194624;14209024;1091768320;0;0;0;0;0;0;0;0;0;0;0;1503;0;0;88;0;80;0;
6500;1814883;999194624;14209024;1091768320;0;0;0;0;0;0;0;0;0;0;0;1593;0;0;88;0;80;0;
6501;5051744;999194624;14209024;1091768320;0;0;0;0;0;0;0;0;0;0;0;1493;0;0;88;0;80;0;
6502;3055411;999194624;14209024;1091768320;0;0;0;0;0;0;0;0;0;0;0;2194;0;0;88;0;80;0;
6503;2520677;999194624;14209024;1091768320;0;0;0;0;0;0;0;0;0;0;0;1522;0;0;88;0;80;0;
6504;2194365;999194624;14209024;1091768320;0;0;0;0;0;0;0;0;0;0;0;1503;0;0;88;0;80;0;
6505;2995157;999194624;14209024;1091768320;0;0;0;0;0;0;0;0;0;0;0;1583;0;0;88;0;80;0;
6506;1479534;999194624;14209024;1091768320;0;0;0;0;0;0;0;0;0;0;0;1442;0;0;88;0;80;0;
6507;5062995;999194624;14209024;1091768320;0;0;0;0;0;0;0;0;0;0;0;1553;0;0;88;0;80;0;
6508;3505404;999194624;14209024;1091768320;0;0;0;0;0;0;0;0;0;0;0;1613;0;0;88;0;80;0;
6509;2380855;999194624;14209024;1091768320;0;0;0;0;0;0;0;0;0;0;0;97934;0;0;88;0;80;0;
6510;1547683;999194624;14209024;1091768320;0;0;0;0;0;0;0;0;0;0;0;1492;0;0;88;0;80;0;
6511;2808487;999194624;14209024;1091768320;0;0;0;0;0;0;0;0;0;0;0;1462;0;0;88;0;80;0;
6512;1774268;999194624;14209024;1091768320;0;0;0;0;0;0;0;0;0;0;0;1483;0;0;88;0;80;0;
6513;4810251;999194624;14209024;1091768320;0;0;0;0;0;0;0;0;0;0;0;1433;0;0;88;0;80;0;
6514;3077060;999194624;14209024;1091768320;0;0;0;0;0;0;0;0;0;0;0;1873;0;0;88;0;80;0;
6515;2939342;999194624;14209024;1091768320;0;0;0;0;0;0;0;0;0;0;0;1463;0;0;88;0;80;0;
6516;1246488;999194624;14209024;1091768320;0;0;0;0;0;0;0;0;0;0;0;1543;0;0;88;0;80;0;
6517;2185609;999194624;14209024;1091768320;0;0;0;0;0;0;0;0;0;0;0;1452;0;0;88;0;80;0;
6518;2363472;999194624;14209024;1091768320;0;0;0;0;0;0;0;0;0;0;0;1463;0;0;88;0;80;0;
6519;5568343;999194624;14213120;1091772416;0;0;0;0;0;0;0;0;0;0;0;1753;0;0;88;0;80;0;
6520;3095094;999194624;14217216;1091776512;0;0;0;0;0;0;0;0;0;0;0;1483;0;0;88;0;80;0;
6521;2735329;999194624;14217216;1091776512;0;0;0;0;0;0;0;0;0;0;0;1463;0;0;88;0;80;0;
6522;1821366;999194624;14217216;1091776512;0;0;0;0;0;0;0;0;0;0;0;1603;0;0;88;0;80;0;
6523;2689254;999194624;14217216;1091776512;0;0;0;0;0;0;0;0;0;0;0;1492;0;0;88;0;80;0;
6524;2181521;999194624;14217216;1091776512;0;0;0;0;0;0;0;0;0;0;0;1493;0;0;88;0;80;0;
6525;4433214;999194624;14217216;1091776512;0;0;0;0;0;0;0;0;0;0;0;1442;0;0;88;0;80;0;
6526;4103135;999194624;14217216;1091776512;0;0;0;0;0;0;0;0;0;0;0;62988;0;0;88;0;80;0;
6527;2852620;999194624;14217216;1091776512;0;0;0;0;0;0;0;0;0;0;0;2024;0;0;88;0;80;0;
6528;2082876;999194624;14217216;1091776512;0;0;0;0;0;0;0;0;0;0;0;1573;0;0;88;0;80;0;
6529;2522210;999194624;14217216;1091776512;0;0;0;0;0;0;0;0;0;0;0;1533;0;0;88;0;80;0;
6530;1603517;999194624;14217216;1091776512;0;0;0;0;0;0;0;0;0;0;0;1493;0;0;88;0;80;0;
6531;5465940;999194624;14217216;1091776512;0;0;0;0;0;0;0;0;0;0;0;1473;0;0;88;0;80;0;
6532;3023630;999194624;14217216;1091776512;0;0;0;0;0;0;0;0;0;0;0;1743;0;0;88;0;80;0;
6533;2641915;999272448;14209024;1091768320;0;0;0;0;0;0;0;0;0;0;0;94928;0;0;88;0;80;0;
6534;2197471;999272448;14209024;1091768320;0;0;0;0;0;0;0;0;0;0;0;1453;0;0;88;0;80;0;
6535;2635403;999272448;14209024;1091768320;0;0;0;0;0;0;0;0;0;0;0;1232;0;0;88;0;80;0;
6536;1468074;999272448;14209024;1091768320;0;0;0;0;0;0;0;0;0;0;0;1453;0;0;88;0;80;0;
6537;5131885;999272448;14209024;1091768320;0;0;0;0;0;0;0;0;0;0;0;1493;0;0;88;0;80;0;
6538;3070118;999272448;14209024;1091768320;0;0;0;0;0;0;0;0;0;0;0;1793;0;0;88;0;80;0;
6539;2807575;999272448;14209024;1091768320;0;0;0;0;0;0;0;0;0;0;0;1483;0;0;88;0;80;0;
6540;2079741;999272448;14209024;1091768320;0;0;0;0;0;0;0;0;0;0;0;1403;0;0;88;0;80;0;
6541;2421892;999272448;14209024;1091768320;0;0;0;0;0;0;0;0;0;0;0;1864;0;0;88;0;80;0;
6542;1524860;999272448;14209024;1091768320;0;0;0;0;0;0;0;0;0;0;0;1413;0;0;88;0;80;0;
6543;5470038;999272448;14209024;1091768320;0;0;0;0;0;0;0;0;0;0;0;1553;0;0;88;0;80;0;
6544;2822924;999272448;14209024;1091768320;0;0;0;0;0;0;0;0;0;0;0;1643;0;0;88;0;80;0;
6545;2748735;999272448;14209024;1091768320;0;0;0;0;0;0;0;0;0;0;0;1493;0;0;88;0;80;0;
6546;1878192;999272448;14209024;1091768320;0;0;0;0;0;0;0;0;0;0;0;1653;0;0;88;0;80;0;
6547;2578175;999272448;14209024;1091768320;0;0;0;0;0;0;0;0;0;0;0;1433;0;0;88;0;80;0;
6548;2222859;999272448;14209024;1091768320;0;0;0;0;0;0;0;0;0;0;0;1462;0;0;88;0;80;0;
6549;5517046;999272448;14209024;1091768320;0;0;0;0;0;0;0;0;0;0;0;1482;0;0;88;0;80;0;
6550;1743700;999272448;14209024;1091768320;0;0;0;0;0;0;0;0;0;0;0;1603;0;0;88;0;80;0;
6551;2906842;999272448;14209024;1091768320;0;0;0;0;0;0;0;0;0;0;0;28955;0;0;88;0;80;0;
6552;1802761;999272448;14209024;1091768320;0;0;0;0;0;0;0;0;0;0;0;1503;0;0;88;0;80;0;
6553;2196068;999272448;14209024;1091768320;0;0;0;0;0;0;0;0;0;0;0;1593;0;0;88;0;80;0;
6554;1669692;999272448;14209024;1091768320;0;0;0;0;0;0;0;0;0;0;0;1433;0;0;88;0;80;0;
6555;5099263;999272448;14209024;1091768320;0;0;0;0;0;0;0;0;0;0;0;1502;0;0;88;0;80;0;
6556;2442881;999272448;14209024;1091768320;0;0;0;0;0;0;0;0;0;0;0;1372;0;0;88;0;80;0;
6557;2120166;999272448;14209024;1091768320;0;0;0;0;0;0;0;0;0;0;0;137397;0;0;88;0;80;0;
6558;2124153;999272448;14209024;1091768320;0;0;0;0;0;0;0;0;0;0;0;1443;0;0;88;0;80;0;
6559;2634541;999272448;14209024;1091768320;0;0;0;0;0;0;0;0;0;0;0;1423;0;0;88;0;80;0;
6560;2068018;999272448;14209024;1091768320;0;0;0;0;0;0;0;0;0;0;0;1603;0;0;88;0;80;0;
6561;5634927;999272448;14209024;1091768320;0;0;0;0;0;0;0;0;0;0;0;1433;0;0;88;0;80;0;
6562;3068174;999272448;14209024;1091768320;0;0;0;0;0;0;0;0;0;0;0;2104;0;0;88;0;80;0;
6563;2187713;999272448;14209024;1091768320;0;0;0;0;0;0;0;0;0;0;0;1603;0;0;88;0;80;0;
6564;1858736;999272448;14209024;1091768320;0;0;0;0;0;0;0;0;0;0;0;1483;0;0;88;0;80;0;
6565;2623199;999272448;14209024;1091768320;0;0;0;0;0;0;0;0;0;0;0;1442;0;0;88;0;80;0;
6566;2034646;999272448;14209024;1091768320;0;0;0;0;0;0;0;0;0;0;0;1483;0;0;88;0;80;0;
6567;5239977;999272448;14209024;1091768320;0;0;0;0;0;0;0;0;0;0;0;1523;0;0;88;0;80;0;
6568;3375210;999272448;14209024;1091768320;0;0;0;0;0;0;0;0;0;0;0;1653;0;0;88;0;80;0;
6569;2791354;999272448;14209024;1091768320;0;0;0;0;0;0;0;0;0;0;0;1443;0;0;88;0;80;0;
6570;2070633;999272448;14209024;1091768320;0;0;0;0;0;0;0;0;0;0;0;1393;0;0;88;0;80;0;
6571;2230353;999272448;14209024;1091768320;0;0;0;0;0;0;0;0;0;0;0;1553;0;0;88;0;80;0;
6572;1884504;999272448;14209024;1091768320;0;0;0;0;0;0;0;0;0;0;0;1412;0;0;88;0;80;0;
6573;5622775;999272448;14209024;1091768320;0;0;0;0;0;0;0;0;0;0;0;1493;0;0;88;0;80;0;
6574;3227853;999272448;14209024;1091768320;0;0;0;0;0;0;0;0;0;0;0;1694;0;0;88;0;80;0;
6575;2205726;999272448;14209024;1091768320;0;0;0;0;0;0;0;0;0;0;0;1432;0;0;88;0;80;0;
6576;2336932;999272448;14209024;1091768320;0;0;0;0;0;0;0;0;0;0;0;1242;0;0;88;0;80;0;
6577;2109366;999272448;14209024;1091768320;0;0;0;0;0;0;0;0;0;0;0;1633;0;0;88;0;80;0;
6578;2796314;999272448;14209024;1091768320;0;0;0;0;0;0;0;0;0;0;0;1513;0;0;88;0;80;0;
6579;5225690;999272448;14209024;1091768320;0;0;0;0;0;0;0;0;0;0;0;1423;0;0;88;0;80;0;
6580;2943329;999272448;14209024;1091768320;0;0;0;0;0;0;0;0;0;0;0;1603;0;0;88;0;80;0;
6581;2491543;999272448;14209024;1091768320;0;0;0;0;0;0;0;0;0;0;0;1503;0;0;88;0;80;0;
6582;2413476;999272448;14209024;1091768320;0;0;0;0;0;0;0;0;0;0;0;1453;0;0;88;0;80;0;
6583;2449714;999272448;14209024;1091768320;0;0;0;0;0;0;0;0;0;0;0;1473;0;0;88;0;80;0;
6584;2441278;999272448;14209024;1091768320;0;0;0;0;0;0;0;0;0;0;0;1583;0;0;88;0;80;0;
6585;5260946;999272448;14209024;1091768320;0;0;0;0;0;0;0;0;0;0;0;1372;0;0;88;0;80;0;
6586;3305279;999272448;14209024;1091768320;0;0;0;0;0;0;0;0;0;0;0;1623;0;0;88;0;80;0;
6587;2333867;999272448;14209024;1091768320;0;0;0;0;0;0;0;0;0;0;0;1513;0;0;88;0;80;0;
6588;2464983;999272448;14209024;1091768320;0;0;0;0;0;0;0;0;0;0;0;1492;0;0;88;0;80;0;
6589;2612970;999272448;14209024;1091768320;0;0;0;0;0;0;0;0;0;0;0;1483;0;0;88;0;80;0;
6590;2479410;999272448;14209024;1091768320;0;0;0;0;0;0;0;0;0;0;0;1543;0;0;88;0;80;0;
6591;4379473;999272448;14209024;1091768320;0;0;0;0;0;0;0;0;0;0;0;1502;0;0;88;0;80;0;
6592;2175570;999272448;14209024;1091768320;0;0;0;0;0;0;0;0;0;0;0;2033;0;0;88;0;80;0;
6593;2397616;999272448;14209024;1091768320;0;0;0;0;0;0;0;0;0;0;0;1503;0;0;88;0;80;0;
6594;2434796;999272448;14209024;1091768320;0;0;0;0;0;0;0;0;0;0;0;1483;0;0;88;0;80;0;
6595;2469001;999272448;14209024;1091768320;0;0;0;0;0;0;0;0;0;0;0;1492;0;0;88;0;80;0;
6596;2169628;999272448;14209024;1091768320;0;0;0;0;0;0;0;0;0;0;0;1613;0;0;88;0;80;0;
6597;5446003;999272448;14209024;1091768320;0;0;0;0;0;0;0;0;0;0;0;1453;0;0;88;0;80;0;
6598;2555833;999272448;14209024;1091768320;0;0;0;0;0;0;0;0;0;0;0;1774;0;0;88;0;80;0;
6599;3203198;999272448;14209024;1091768320;0;0;0;0;0;0;0;0;0;0;0;1473;0;0;88;0;80;0;
6600;2127530;999272448;14209024;1091768320;0;0;0;0;0;0;0;0;0;0;0;1603;0;0;88;0;80;0;
6601;2061466;999272448;14209024;1091768320;0;0;0;0;0;0;0;0;0;0;0;1533;0;0;88;0;80;0;
6602;2065353;999272448;14209024;1091768320;0;0;0;0;0;0;0;0;0;0;0;1523;0;0;88;0;80;0;
6603;5050732;999272448;14209024;1091768320;0;0;0;0;0;0;0;0;0;0;0;1603;0;0;88;0;80;0;
6604;2490801;999272448;14209024;1091768320;0;0;0;0;0;0;0;0;0;0;0;1533;0;0;88;0;80;0;
6605;2568987;999272448;14209024;1091768320;0;0;0;0;0;0;0;0;0;0;0;1543;0;0;88;0;80;0;
6606;2396114;999272448;14209024;1091768320;0;0;0;0;0;0;0;0;0;0;0;1493;0;0;88;0;80;0;
6607;2662082;999272448;14209024;1091768320;0;0;0;0;0;0;0;0;0;0;0;1413;0;0;88;0;80;0;
6608;1547833;999272448;14209024;1091768320;0;0;0;0;0;0;0;0;0;0;0;1383;0;0;88;0;80;0;
6609;5487602;999272448;14209024;1091768320;0;0;0;0;0;0;0;0;0;0;0;1493;0;0;88;0;80;0;
6610;3306681;999272448;14209024;1091768320;0;0;0;0;0;0;0;0;0;0;0;1713;0;0;88;0;80;0;
6611;2074961;999272448;14209024;1091768320;0;0;0;0;0;0;0;0;0;0;0;1613;0;0;88;0;80;0;
6612;1867232;999272448;14209024;1091768320;0;0;0;0;0;0;0;0;0;0;0;1393;0;0;88;0;80;0;
6613;1835583;999272448;14209024;1091768320;0;0;0;0;0;0;0;0;0;0;0;1583;0;0;88;0;80;0;
6614;1570655;999272448;14209024;1091768320;0;0;0;0;0;0;0;0;0;0;0;1553;0;0;88;0;80;0;
6615;5413302;999272448;14209024;1091768320;0;0;0;0;0;0;0;0;0;0;0;1413;0;0;88;0;80;0;
6616;2837952;999272448;14209024;1091768320;0;0;0;0;0;0;0;0;0;0;0;1573;0;0;88;0;80;0;
6617;3008913;999272448;14209024;1091768320;0;0;0;0;0;0;0;0;0;0;0;1543;0;0;88;0;80;0;
6618;1362786;999272448;14209024;1091768320;0;0;0;0;0;0;0;0;0;0;0;1483;0;0;88;0;80;0;
6619;2732846;999272448;14209024;1091768320;0;0;0;0;0;0;0;0;0;0;0;1463;0;0;88;0;80;0;
6620;2224542;999272448;14209024;1091768320;0;0;0;0;0;0;0;0;0;0;0;1433;0;0;88;0;80;0;
6621;5195945;999272448;14209024;1091768320;0;0;0;0;0;0;0;0;0;0;0;1472;0;0;88;0;80;0;
6622;2730200;999272448;14209024;1091768320;0;0;0;0;0;0;0;0;0;0;0;1473;0;0;88;0;80;0;
6623;2702138;999272448;14209024;1091768320;0;0;0;0;0;0;0;0;0;0;0;1513;0;0;88;0;80;0;
6624;2943811;999272448;14209024;1091768320;0;0;0;0;0;0;0;0;0;0;0;6833;0;0;88;0;80;0;
6625;2400632;999272448;14209024;1091768320;0;0;0;0;0;0;0;0;0;0;0;2806;0;0;88;0;80;0;
6626;2335550;999272448;14209024;1091768320;0;0;0;0;0;0;0;0;0;0;0;2645;0;0;88;0;80;0;
6627;5532276;999272448;14209024;1091768320;0;0;0;0;0;0;0;0;0;0;0;2345;0;0;88;0;80;0;
6628;2690956;999272448;14209024;1091768320;0;0;0;0;0;0;0;0;0;0;0;2364;0;0;88;0;80;0;
6629;2425258;999272448;14209024;1091768320;0;0;0;0;0;0;0;0;0;0;0;1493;0;0;88;0;80;0;
6630;2378801;999272448;14209024;1091768320;0;0;0;0;0;0;0;0;0;0;0;1442;0;0;88;0;80;0;
6631;2517993;999272448;14209024;1091768320;0;0;0;0;0;0;0;0;0;0;0;1433;0;0;88;0;80;0;
6632;1957471;999272448;14209024;1091768320;0;0;0;0;0;0;0;0;0;0;0;1523;0;0;88;0;80;0;
6633;5449109;999272448;14209024;1091768320;0;0;0;0;0;0;0;0;0;0;0;1533;0;0;88;0;80;0;
6634;2673955;999272448;14209024;1091768320;0;0;0;0;0;0;0;0;0;0;0;1403;0;0;88;0;80;0;
6635;2220063;999272448;14209024;1091768320;0;0;0;0;0;0;0;0;0;0;0;1483;0;0;88;0;80;0;
6636;2211558;999272448;14209024;1091768320;0;0;0;0;0;0;0;0;0;0;0;1453;0;0;88;0;80;0;
6637;2144261;999272448;14209024;1091768320;0;0;0;0;0;0;0;0;0;0;0;1443;0;0;88;0;80;0;
6638;2560291;999272448;14209024;1091768320;0;0;0;0;0;0;0;0;0;0;0;1413;0;0;88;0;80;0;
6639;4757182;999272448;14209024;1091768320;0;0;0;0;0;0;0;0;0;0;0;1473;0;0;88;0;80;0;
6640;2302588;999272448;14209024;1091768320;0;0;0;0;0;0;0;0;0;0;0;1543;0;0;88;0;80;0;
6641;2580890;999272448;14209024;1091768320;0;0;0;0;0;0;0;0;0;0;0;1513;0;0;88;0;80;0;
6642;1764109;999272448;14209024;1091768320;0;0;0;0;0;0;0;0;0;0;0;1453;0;0;88;0;80;0;
6643;2614243;999272448;14209024;1091768320;0;0;0;0;0;0;0;0;0;0;0;1452;0;0;88;0;80;0;
6644;1646778;999272448;14209024;1091768320;0;0;0;0;0;0;0;0;0;0;0;1463;0;0;88;0;80;0;
6645;5067964;999272448;14209024;1091768320;0;0;0;0;0;0;0;0;0;0;0;1402;0;0;88;0;80;0;
6646;2482956;999272448;14209024;1091768320;0;0;0;0;0;0;0;0;0;0;0;1473;0;0;88;0;80;0;
6647;2289344;999272448;14209024;1091768320;0;0;0;0;0;0;0;0;0;0;0;1523;0;0;88;0;80;0;
6648;1794095;999272448;14209024;1091768320;0;0;0;0;0;0;0;0;0;0;0;1783;0;0;88;0;80;0;
6649;1793323;999272448;14209024;1091768320;0;0;0;0;0;0;0;0;0;0;0;1403;0;0;88;0;80;0;
6650;1171396;999272448;14209024;1091768320;0;0;0;0;0;0;0;0;0;0;0;1423;0;0;88;0;80;0;
6651;3898651;999272448;14209024;1091768320;0;0;0;0;0;0;0;0;0;0;0;1393;0;0;88;0;80;0;
6652;2265899;999272448;14209024;1091768320;0;0;0;0;0;0;0;0;0;0;0;1523;0;0;88;0;80;0;
6653;2363583;999272448;14209024;1091768320;0;0;0;0;0;0;0;0;0;0;0;1423;0;0;88;0;80;0;
6654;1971778;999272448;14209024;1091768320;0;0;0;0;0;0;0;0;0;0;0;1413;0;0;88;0;80;0;
6655;2189456;999272448;14209024;1091768320;0;0;0;0;0;0;0;0;0;0;0;1482;0;0;88;0;80;0;
6656;1721579;999272448;14209024;1091768320;0;0;0;0;0;0;0;0;0;0;0;1422;0;0;88;0;80;0;
6657;5066652;999272448;14209024;1091768320;0;0;0;0;0;0;0;0;0;0;0;1443;0;0;88;0;80;0;
6658;2908655;999272448;14209024;1091768320;0;0;0;0;0;0;0;0;0;0;0;1653;0;0;88;0;80;0;
6659;2329659;999272448;14209024;1091768320;0;0;0;0;0;0;0;0;0;0;0;1482;0;0;88;0;80;0;
6660;2753033;999272448;14209024;1091768320;0;0;0;0;0;0;0;0;0;0;0;1513;0;0;88;0;80;0;
6661;2441950;999272448;14209024;1091768320;0;0;0;0;0;0;0;0;0;0;0;1593;0;0;88;0;80;0;
6662;1736617;999272448;14209024;1091768320;0;0;0;0;0;0;0;0;0;0;0;1423;0;0;88;0;80;0;
6663;4168047;999272448;14209024;1091768320;0;0;0;0;0;0;0;0;0;0;0;1523;0;0;88;0;80;0;
6664;1981426;999272448;14209024;1091768320;0;0;0;0;0;0;0;0;0;0;0;1804;0;0;88;0;80;0;
6665;2527521;999272448;14209024;1091768320;0;0;0;0;0;0;0;0;0;0;0;1252;0;0;88;0;80;0;
6666;1588279;999272448;14209024;1091768320;0;0;0;0;0;0;0;0;0;0;0;1783;0;0;88;0;80;0;
6667;2460865;999272448;14209024;1091768320;0;0;0;0;0;0;0;0;0;0;0;1423;0;0;88;0;80;0;
6668;2208783;999272448;14209024;1091768320;0;0;0;0;0;0;0;0;0;0;0;1292;0;0;88;0;80;0;
6669;4521229;999272448;14209024;1091768320;0;0;0;0;0;0;0;0;0;0;0;1493;0;0;88;0;80;0;
6670;2679405;999272448;14209024;1091768320;0;0;0;0;0;0;0;0;0;0;0;1543;0;0;88;0;80;0;
6671;2219613;999272448;14209024;1091768320;0;0;0;0;0;0;0;0;0;0;0;1483;0;0;88;0;80;0;
6672;2243167;999272448;14209024;1091768320;0;0;0;0;0;0;0;0;0;0;0;1463;0;0;88;0;80;0;
6673;1941170;999272448;14209024;1091768320;0;0;0;0;0;0;0;0;0;0;0;1403;0;0;88;0;80;0;
6674;1125241;999272448;14209024;1091768320;0;0;0;0;0;0;0;0;0;0;0;1483;0;0;88;0;80;0;
6675;4570071;999272448;14209024;1091768320;0;0;0;0;0;0;0;0;0;0;0;1503;0;0;88;0;80;0;
6676;1958072;999272448;14209024;1091768320;0;0;0;0;0;0;0;0;0;0;0;1423;0;0;88;0;80;0;
6677;1607244;999272448;14209024;1091768320;0;0;0;0;0;0;0;0;0;0;0;1623;0;0;88;0;80;0;
6678;1213886;999272448;14209024;1091768320;0;0;0;0;0;0;0;0;0;0;0;1442;0;0;88;0;80;0;
6679;1552802;999272448;14209024;1091768320;0;0;0;0;0;0;0;0;0;0;0;1362;0;0;88;0;80;0;
6680;2210385;999272448;14209024;1091768320;0;0;0;0;0;0;0;0;0;0;0;1412;0;0;88;0;80;0;
6681;5624538;999272448;14209024;1091768320;0;0;0;0;0;0;0;0;0;0;0;1343;0;0;88;0;80;0;
6682;7092350;999272448;14209024;1091768320;0;0;0;0;0;0;0;0;0;0;0;1583;0;0;88;0;80;0;
6683;2573476;999272448;14209024;1091768320;0;0;0;0;0;0;0;0;0;0;0;1373;0;0;88;0;80;0;
6684;2021902;999272448;14209024;1091768320;0;0;0;0;0;0;0;0;0;0;0;1814;0;0;88;0;80;0;
6685;3735696;999272448;14209024;1091768320;0;0;0;0;0;0;0;0;0;0;0;1473;0;0;88;0;80;0;
6686;2152867;999272448;14209024;1091768320;0;0;0;0;0;0;0;0;0;0;0;1423;0;0;88;0;80;0;
6687;5044219;999272448;14209024;1091768320;0;0;0;0;0;0;0;0;0;0;0;1623;0;0;88;0;80;0;
6688;1995552;999272448;14213120;1091772416;0;0;0;0;0;0;0;0;0;0;0;1422;0;0;88;0;80;0;
6689;2519625;999272448;14213120;1091772416;0;0;0;0;0;0;0;0;0;0;0;1462;0;0;88;0;80;0;
6690;2505719;999272448;14213120;1091772416;0;0;0;0;0;0;0;0;0;0;0;1412;0;0;88;0;80;0;
6691;1272196;999272448;14213120;1091772416;0;0;0;0;0;0;0;0;0;0;0;1443;0;0;88;0;80;0;
6692;2262032;999272448;14213120;1091772416;0;0;0;0;0;0;0;0;0;0;0;87825;0;0;88;0;80;0;
6693;5093191;999272448;14213120;1091772416;0;0;0;0;0;0;0;0;0;0;0;1272;0;0;88;0;80;0;
6694;4703420;999272448;14213120;1091772416;0;0;0;0;0;0;0;0;0;0;0;6462;0;0;88;0;80;0;
6695;2352412;999272448;14213120;1091772416;0;0;0;0;0;0;0;0;0;0;0;2264;0;0;88;0;80;0;
6696;2095509;999272448;14213120;1091772416;0;0;0;0;0;0;0;0;0;0;0;1463;0;0;88;0;80;0;
6697;4757572;999272448;14213120;1091772416;0;0;0;0;0;0;0;0;0;0;0;1643;0;0;88;0;80;0;
6698;1734914;999272448;14213120;1091772416;0;0;0;0;0;0;0;0;0;0;0;1933;0;0;88;0;80;0;
6699;6990750;999272448;14213120;1091772416;0;0;0;0;0;0;0;0;0;0;0;2825;0;0;88;0;80;0;
6700;4450096;999272448;14213120;1091772416;0;0;0;0;0;0;0;0;0;0;0;2013;0;0;88;0;80;0;
6701;2390823;999272448;14213120;1091772416;0;0;0;0;0;0;0;0;0;0;0;1543;0;0;88;0;80;0;
6702;3329264;999272448;14213120;1091772416;0;0;0;0;0;0;0;0;0;0;0;1422;0;0;88;0;80;0;
6703;2567796;999272448;14213120;1091772416;0;0;0;0;0;0;0;0;0;0;0;1403;0;0;88;0;80;0;
6704;1208036;999272448;14213120;1091772416;0;0;0;0;0;0;0;0;0;0;0;1542;0;0;88;0;80;0;
6705;4862939;999272448;14213120;1091772416;0;0;0;0;0;0;0;0;0;0;0;1493;0;0;88;0;80;0;
6706;4821331;999272448;14213120;1091772416;0;0;0;0;0;0;0;0;0;0;0;2445;0;0;88;0;80;0;
6707;2174789;999272448;14213120;1091772416;0;0;0;0;0;0;0;0;0;0;0;1543;0;0;88;0;80;0;
6708;2989216;999272448;14213120;1091772416;0;0;0;0;0;0;0;0;0;0;0;1573;0;0;88;0;80;0;
6709;1959174;999272448;14213120;1091772416;0;0;0;0;0;0;0;0;0;0;0;1533;0;0;88;0;80;0;
6710;1701561;999272448;14213120;1091772416;0;0;0;0;0;0;0;0;0;0;0;1843;0;0;88;0;80;0;
6711;4910990;999272448;14213120;1091772416;0;0;0;0;0;0;0;0;0;0;0;1502;0;0;88;0;80;0;
6712;5158054;999272448;14213120;1091772416;0;0;0;0;0;0;0;0;0;0;0;3066;0;0;88;0;80;0;
6713;2795002;999272448;14213120;1091772416;0;0;0;0;0;0;0;0;0;0;0;1583;0;0;88;0;80;0;
6714;2082376;999272448;14213120;1091772416;0;0;0;0;0;0;0;0;0;0;0;1462;0;0;88;0;80;0;
6715;3354951;999272448;14213120;1091772416;0;0;0;0;0;0;0;0;0;0;0;1483;0;0;88;0;80;0;
6716;2324910;999272448;14213120;1091772416;0;0;0;0;0;0;0;0;0;0;0;1794;0;0;88;0;80;0;
6717;5387563;999272448;14213120;1091772416;0;0;0;0;0;0;0;0;0;0;0;1783;0;0;88;0;80;0;
6718;4383281;999272448;14213120;1091772416;0;0;0;0;0;0;0;0;0;0;0;2976;0;0;88;0;80;0;
6719;1977359;999464960;14209024;1091768320;0;0;0;0;0;0;0;0;0;0;0;1583;0;0;88;0;80;0;
6720;2383831;999464960;14209024;1091768320;0;0;0;0;0;0;0;0;0;0;0;1283;0;0;88;0;80;0;
6721;2890732;999464960;14209024;1091768320;0;0;0;0;0;0;0;0;0;0;0;1844;0;0;88;0;80;0;
6722;2003398;999464960;14209024;1091768320;0;0;0;0;0;0;0;0;0;0;0;1753;0;0;88;0;80;0;
6723;5512027;999464960;14209024;1091768320;0;0;0;0;0;0;0;0;0;0;0;1343;0;0;88;0;80;0;
6724;2619403;999464960;14209024;1091768320;0;0;0;0;0;0;0;0;0;0;0;2434;0;0;88;0;80;0;
6725;2378140;999464960;14209024;1091768320;0;0;0;0;0;0;0;0;0;0;0;1493;0;0;88;0;80;0;
6726;2259177;999464960;14209024;1091768320;0;0;0;0;0;0;0;0;0;0;0;1523;0;0;88;0;80;0;
6727;2465373;999464960;14209024;1091768320;0;0;0;0;0;0;0;0;0;0;0;1432;0;0;88;0;80;0;
6728;2238799;999464960;14209024;1091768320;0;0;0;0;0;0;0;0;0;0;0;1443;0;0;88;0;80;0;
6729;4604095;999464960;14209024;1091768320;0;0;0;0;0;0;0;0;0;0;0;1893;0;0;88;0;80;0;
6730;2538711;999464960;14209024;1091768320;0;0;0;0;0;0;0;0;0;0;0;1893;0;0;88;0;80;0;
6731;1830894;999464960;14209024;1091768320;0;0;0;0;0;0;0;0;0;0;0;1513;0;0;88;0;80;0;
6732;1430312;999464960;14209024;1091768320;0;0;0;0;0;0;0;0;0;0;0;1452;0;0;88;0;80;0;
6733;2098906;999464960;14209024;1091768320;0;0;0;0;0;0;0;0;0;0;0;1252;0;0;88;0;80;0;
6734;2122851;999464960;14209024;1091768320;0;0;0;0;0;0;0;0;0;0;0;1623;0;0;88;0;80;0;
6735;5099594;999464960;14209024;1091768320;0;0;0;0;0;0;0;0;0;0;0;1293;0;0;88;0;80;0;
6736;2985419;999464960;14209024;1091768320;0;0;0;0;0;0;0;0;0;0;0;2264;0;0;88;0;80;0;
6737;2558227;999464960;14209024;1091768320;0;0;0;0;0;0;0;0;0;0;0;1473;0;0;88;0;80;0;
6738;2164840;999464960;14209024;1091768320;0;0;0;0;0;0;0;0;0;0;0;1803;0;0;88;0;80;0;
6739;2570260;999464960;14209024;1091768320;0;0;0;0;0;0;0;0;0;0;0;2164;0;0;88;0;80;0;
6740;1833358;999464960;14209024;1091768320;0;0;0;0;0;0;0;0;0;0;0;1623;0;0;88;0;80;0;
6741;5420456;999464960;14209024;1091768320;0;0;0;0;0;0;0;0;0;0;0;1833;0;0;88;0;80;0;
6742;2727896;999464960;14209024;1091768320;0;0;0;0;0;0;0;0;0;0;0;2485;0;0;88;0;80;0;
6743;2460224;999464960;14209024;1091768320;0;0;0;0;0;0;0;0;0;0;0;1703;0;0;88;0;80;0;
6744;1989671;999464960;14209024;1091768320;0;0;0;0;0;0;0;0;0;0;0;1533;0;0;88;0;80;0;
6745;2329328;999464960;14209024;1091768320;0;0;0;0;0;0;0;0;0;0;0;1373;0;0;88;0;80;0;
6746;1324303;999464960;14209024;1091768320;0;0;0;0;0;0;0;0;0;0;0;1413;0;0;88;0;80;0;
6747;6079862;999464960;14209024;1091768320;0;0;0;0;0;0;0;0;0;0;0;1413;0;0;88;0;80;0;
6748;3628194;999464960;14209024;1091768320;0;0;0;0;0;0;0;0;0;0;0;2755;0;0;88;0;80;0;
6749;3781652;999464960;14209024;1091768320;0;0;0;0;0;0;0;0;0;0;0;2955;0;0;88;0;80;0;
6750;4026421;999464960;14209024;1091768320;0;0;0;0;0;0;0;0;0;0;0;2515;0;0;88;0;80;0;
6751;3452304;999464960;14209024;1091768320;0;0;0;0;0;0;0;0;0;0;0;2535;0;0;88;0;80;0;
6752;2563437;999464960;14209024;1091768320;0;0;0;0;0;0;0;0;0;0;0;2184;0;0;88;0;80;0;
6753;5891880;999464960;14209024;1091768320;0;0;0;0;0;0;0;0;0;0;0;1694;0;0;88;0;80;0;
6754;7050773;999464960;14209024;1091768320;0;0;0;0;0;0;0;0;0;0;0;5620;0;0;88;0;80;0;
6755;3906977;999464960;14209024;1091768320;0;0;0;0;0;0;0;0;0;0;0;3226;0;0;88;0;80;0;
6756;2372149;999464960;14209024;1091768320;0;0;0;0;0;0;0;0;0;0;0;3326;0;0;88;0;80;0;
6757;3884115;999464960;14209024;1091768320;0;0;0;0;0;0;0;0;0;0;0;2354;0;0;88;0;80;0;
6758;3112387;999464960;14209024;1091768320;0;0;0;0;0;0;0;0;0;0;0;2374;0;0;88;0;80;0;
6759;6263437;999464960;14209024;1091768320;0;0;0;0;0;0;0;0;0;0;0;1843;0;0;88;0;80;0;
6760;5354632;999464960;14209024;1091768320;0;0;0;0;0;0;0;0;0;0;0;6152;0;0;88;0;80;0;
6761;2891683;999464960;14209024;1091768320;0;0;0;0;0;0;0;0;0;0;0;2585;0;0;88;0;80;0;
6762;3146110;999464960;14209024;1091768320;0;0;0;0;0;0;0;0;0;0;0;2154;0;0;88;0;80;0;
6763;3887941;999464960;14209024;1091768320;0;0;0;0;0;0;0;0;0;0;0;1784;0;0;88;0;80;0;
6764;2931368;999464960;14209024;1091768320;0;0;0;0;0;0;0;0;0;0;0;1774;0;0;88;0;80;0;
6765;6345330;999464960;14209024;1091768320;0;0;0;0;0;0;0;0;0;0;0;1734;0;0;88;0;80;0;
6766;5892430;999464960;14209024;1091768320;0;0;0;0;0;0;0;0;0;0;0;5951;0;0;88;0;80;0;
6767;2282360;999464960;14209024;1091768320;0;0;0;0;0;0;0;0;0;0;0;2204;0;0;88;0;80;0;
6768;2246283;999464960;14209024;1091768320;0;0;0;0;0;0;0;0;0;0;0;2074;0;0;88;0;80;0;
6769;3079044;999464960;14209024;1091768320;0;0;0;0;0;0;0;0;0;0;0;1643;0;0;88;0;80;0;
6770;2475222;999464960;14209024;1091768320;0;0;0;0;0;0;0;0;0;0;0;2254;0;0;88;0;80;0;
6771;4793800;999464960;14209024;1091768320;0;0;0;0;0;0;0;0;0;0;0;2194;0;0;88;0;80;0;
6772;3016096;999464960;14209024;1091768320;0;0;0;0;0;0;0;0;0;0;0;2655;0;0;88;0;80;0;
6773;2222649;999464960;14209024;1091768320;0;0;0;0;0;0;0;0;0;0;0;1994;0;0;88;0;80;0;
6774;1595863;999464960;14209024;1091768320;0;0;0;0;0;0;0;0;0;0;0;1493;0;0;88;0;80;0;
6775;2127470;999464960;14209024;1091768320;0;0;0;0;0;0;0;0;0;0;0;1422;0;0;88;0;80;0;
6776;2572104;999464960;14209024;1091768320;0;0;0;0;0;0;0;0;0;0;0;2074;0;0;88;0;80;0;
6777;5588791;999464960;14209024;1091768320;0;0;0;0;0;0;0;0;0;0;0;1854;0;0;88;0;80;0;
6778;2074821;999464960;14209024;1091768320;0;0;0;0;0;0;0;0;0;0;0;2184;0;0;88;0;80;0;
6779;2209464;999464960;14209024;1091768320;0;0;0;0;0;0;0;0;0;0;0;1643;0;0;88;0;80;0;
6780;1840381;999464960;14209024;1091768320;0;0;0;0;0;0;0;0;0;0;0;1413;0;0;88;0;80;0;
6781;2332625;999464960;14209024;1091768320;0;0;0;0;0;0;0;0;0;0;0;1473;0;0;88;0;80;0;
6782;1086778;999464960;14209024;1091768320;0;0;0;0;0;0;0;0;0;0;0;1453;0;0;88;0;80;0;
6783;5816388;999464960;14209024;1091768320;0;0;0;0;0;0;0;0;0;0;0;2014;0;0;88;0;80;0;
6784;2908574;999464960;14209024;1091768320;0;0;0;0;0;0;0;0;0;0;0;2705;0;0;88;0;80;0;
6785;2355036;999464960;14209024;1091768320;0;0;0;0;0;0;0;0;0;0;0;1793;0;0;88;0;80;0;
6786;2198383;999464960;14209024;1091768320;0;0;0;0;0;0;0;0;0;0;0;1984;0;0;88;0;80;0;
6787;2006593;999464960;14209024;1091768320;0;0;0;0;0;0;0;0;0;0;0;1633;0;0;88;0;80;0;
6788;1319875;999464960;14209024;1091768320;0;0;0;0;0;0;0;0;0;0;0;1373;0;0;88;0;80;0;
6789;5436656;999464960;14209024;1091768320;0;0;0;0;0;0;0;0;0;0;0;1933;0;0;88;0;80;0;
6790;3213497;999464960;14209024;1091768320;0;0;0;0;0;0;0;0;0;0;0;2765;0;0;88;0;80;0;
6791;2546406;999464960;14209024;1091768320;0;0;0;0;0;0;0;0;0;0;0;1663;0;0;88;0;80;0;
6792;1755292;999464960;14209024;1091768320;0;0;0;0;0;0;0;0;0;0;0;1773;0;0;88;0;80;0;
6793;2593193;999464960;14209024;1091768320;0;0;0;0;0;0;0;0;0;0;0;1774;0;0;88;0;80;0;
6794;1486228;999464960;14209024;1091768320;0;0;0;0;0;0;0;0;0;0;0;1903;0;0;88;0;80;0;
6795;5160658;999464960;14209024;1091768320;0;0;0;0;0;0;0;0;0;0;0;1543;0;0;88;0;80;0;
6796;2732365;999464960;14209024;1091768320;0;0;0;0;0;0;0;0;0;0;0;2695;0;0;88;0;80;0;
6797;2494358;999464960;14209024;1091768320;0;0;0;0;0;0;0;0;0;0;0;1503;0;0;88;0;80;0;
6798;1303255;999464960;14209024;1091768320;0;0;0;0;0;0;0;0;0;0;0;1673;0;0;88;0;80;0;
6799;2821090;999464960;14209024;1091768320;0;0;0;0;0;0;0;0;0;0;0;1403;0;0;88;0;80;0;
6800;2088237;999464960;14209024;1091768320;0;0;0;0;0;0;0;0;0;0;0;1693;0;0;88;0;80;0;
6801;5073064;999464960;14209024;1091768320;0;0;0;0;0;0;0;0;0;0;0;1452;0;0;88;0;80;0;
6802;2797486;999464960;14209024;1091768320;0;0;0;0;0;0;0;0;0;0;0;2375;0;0;88;0;80;0;
6803;2846237;999464960;14209024;1091768320;0;0;0;0;0;0;0;0;0;0;0;1833;0;0;88;0;80;0;
6804;2186961;999464960;14209024;1091768320;0;0;0;0;0;0;0;0;0;0;0;2435;0;0;88;0;80;0;
6805;2958419;999464960;14209024;1091768320;0;0;0;0;0;0;0;0;0;0;0;1513;0;0;88;0;80;0;
6806;2298912;999464960;14209024;1091768320;0;0;0;0;0;0;0;0;0;0;0;1914;0;0;88;0;80;0;
6807;5621412;999464960;14209024;1091768320;0;0;0;0;0;0;0;0;0;0;0;1733;0;0;88;0;80;0;
6808;2672421;999464960;14209024;1091768320;0;0;0;0;0;0;0;0;0;0;0;2785;0;0;88;0;80;0;
6809;2611959;999464960;14209024;1091768320;0;0;0;0;0;0;0;0;0;0;0;1573;0;0;88;0;80;0;
6810;2238117;999464960;14209024;1091768320;0;0;0;0;0;0;0;0;0;0;0;1794;0;0;88;0;80;0;
6811;2577033;999464960;14209024;1091768320;0;0;0;0;0;0;0;0;0;0;0;1623;0;0;88;0;80;0;
6812;2459543;999464960;14209024;1091768320;0;0;0;0;0;0;0;0;0;0;0;2074;0;0;88;0;80;0;
6813;5606815;999464960;14209024;1091768320;0;0;0;0;0;0;0;0;0;0;0;1433;0;0;88;0;80;0;
6814;2748124;999464960;14209024;1091768320;0;0;0;0;0;0;0;0;0;0;0;3547;0;0;88;0;80;0;
6815;1904252;999464960;14209024;1091768320;0;0;0;0;0;0;0;0;0;0;0;1273;0;0;88;0;80;0;
6816;2492465;999464960;14209024;1091768320;0;0;0;0;0;0;0;0;0;0;0;1623;0;0;88;0;80;0;
6817;2960381;999464960;14209024;1091768320;0;0;0;0;0;0;0;0;0;0;0;1603;0;0;88;0;80;0;
6818;2611287;999464960;14209024;1091768320;0;0;0;0;0;0;0;0;0;0;0;1713;0;0;88;0;80;0;
6819;5449309;999464960;14209024;1091768320;0;0;0;0;0;0;0;0;0;0;0;1743;0;0;88;0;80;0;
6820;3954215;999464960;14209024;1091768320;0;0;0;0;0;0;0;0;0;0;0;3497;0;0;88;0;80;0;
6821;2523292;999464960;14209024;1091768320;0;0;0;0;0;0;0;0;0;0;0;1452;0;0;88;0;80;0;
6822;2151876;999464960;14209024;1091768320;0;0;0;0;0;0;0;0;0;0;0;1452;0;0;88;0;80;0;
6823;3488943;999464960;14209024;1091768320;0;0;0;0;0;0;0;0;0;0;0;1603;0;0;88;0;80;0;
6824;1286282;999464960;14209024;1091768320;0;0;0;0;0;0;0;0;0;0;0;1402;0;0;88;0;80;0;
6825;5115032;999464960;14209024;1091768320;0;0;0;0;0;0;0;0;0;0;0;1393;0;0;88;0;80;0;
6826;5069177;999464960;14209024;1091768320;0;0;0;0;0;0;0;0;0;0;0;4769;0;0;88;0;80;0;
6827;2697068;999464960;14209024;1091768320;0;0;0;0;0;0;0;0;0;0;0;1373;0;0;88;0;80;0;
6828;1580714;999464960;14209024;1091768320;0;0;0;0;0;0;0;0;0;0;0;1423;0;0;88;0;80;0;
6829;2540645;999464960;14209024;1091768320;0;0;0;0;0;0;0;0;0;0;0;1603;0;0;88;0;80;0;
6830;2069732;999464960;14209024;1091768320;0;0;0;0;0;0;0;0;0;0;0;1753;0;0;88;0;80;0;
6831;6003469;999464960;14209024;1091768320;0;0;0;0;0;0;0;0;0;0;0;1964;0;0;88;0;80;0;
6832;5427589;999464960;14209024;1091768320;0;0;0;0;0;0;0;0;0;0;0;3537;0;0;88;0;80;0;
6833;2216547;999464960;14209024;1091768320;0;0;0;0;0;0;0;0;0;0;0;1934;0;0;88;0;80;0;
6834;1362265;999464960;14209024;1091768320;0;0;0;0;0;0;0;0;0;0;0;1453;0;0;88;0;80;0;
6835;1645636;999464960;14209024;1091768320;0;0;0;0;0;0;0;0;0;0;0;1303;0;0;88;0;80;0;
6836;1465619;999464960;14209024;1091768320;0;0;0;0;0;0;0;0;0;0;0;1453;0;0;88;0;80;0;
6837;4879882;999464960;14209024;1091768320;0;0;0;0;0;0;0;0;0;0;0;1483;0;0;88;0;80;0;
6838;4051117;999464960;14209024;1091768320;0;0;0;0;0;0;0;0;0;0;0;2835;0;0;88;0;80;0;
6839;2848613;999464960;14209024;1091768320;0;0;0;0;0;0;0;0;0;0;0;2365;0;0;88;0;80;0;
6840;1914490;999464960;14209024;1091768320;0;0;0;0;0;0;0;0;0;0;0;2424;0;0;88;0;80;0;
6841;1990834;999464960;14209024;1091768320;0;0;0;0;0;0;0;0;0;0;0;1452;0;0;88;0;80;0;
6842;1634154;999464960;14209024;1091768320;0;0;0;0;0;0;0;0;0;0;0;1693;0;0;88;0;80;0;
6843;4885472;999464960;14209024;1091768320;0;0;0;0;0;0;0;0;0;0;0;1532;0;0;88;0;80;0;
6844;3135330;999464960;14209024;1091768320;0;0;0;0;0;0;0;0;0;0;0;2224;0;0;88;0;80;0;
6845;2034195;999464960;14209024;1091768320;0;0;0;0;0;0;0;0;0;0;0;1884;0;0;88;0;80;0;
6846;2406293;999464960;14209024;1091768320;0;0;0;0;0;0;0;0;0;0;0;1963;0;0;88;0;80;0;
6847;1622343;999464960;14209024;1091768320;0;0;0;0;0;0;0;0;0;0;0;1233;0;0;88;0;80;0;
6848;1609138;999464960;14209024;1091768320;0;0;0;0;0;0;0;0;0;0;0;1403;0;0;88;0;80;0;
6849;4865785;999464960;14209024;1091768320;0;0;0;0;0;0;0;0;0;0;0;1523;0;0;88;0;80;0;
6850;2624653;999464960;14209024;1091768320;0;0;0;0;0;0;0;0;0;0;0;70663;0;0;88;0;80;0;
6851;2267042;999464960;14209024;1091768320;0;0;0;0;0;0;0;0;0;0;0;1413;0;0;88;0;80;0;
6852;1302082;999464960;14209024;1091768320;0;0;0;0;0;0;0;0;0;0;0;1473;0;0;88;0;80;0;
6853;2104317;999464960;14209024;1091768320;0;0;0;0;0;0;0;0;0;0;0;1413;0;0;88;0;80;0;
6854;1206993;999464960;14209024;1091768320;0;0;0;0;0;0;0;0;0;0;0;1453;0;0;88;0;80;0;
6855;4656172;999464960;14209024;1091768320;0;0;0;0;0;0;0;0;0;0;0;1624;0;0;88;0;80;0;
6856;2625404;999464960;14209024;1091768320;0;0;0;0;0;0;0;0;0;0;0;1653;0;0;88;0;80;0;
6857;2664587;999464960;14209024;1091768320;0;0;0;0;0;0;0;0;0;0;0;1592;0;0;88;0;80;0;
6858;1444198;999464960;14209024;1091768320;0;0;0;0;0;0;0;0;0;0;0;1483;0;0;88;0;80;0;
6859;2039214;999464960;14209024;1091768320;0;0;0;0;0;0;0;0;0;0;0;1412;0;0;88;0;80;0;
6860;1603717;999464960;14209024;1091768320;0;0;0;0;0;0;0;0;0;0;0;1803;0;0;88;0;80;0;
6861;4680117;999464960;14209024;1091768320;0;0;0;0;0;0;0;0;0;0;0;1452;0;0;88;0;80;0;
6862;2174137;999464960;14209024;1091768320;0;0;0;0;0;0;0;0;0;0;0;1533;0;0;88;0;80;0;
6863;2164880;999464960;14209024;1091768320;0;0;0;0;0;0;0;0;0;0;0;1803;0;0;88;0;80;0;
6864;2140685;999464960;14209024;1091768320;0;0;0;0;0;0;0;0;0;0;0;1513;0;0;88;0;80;0;
6865;1953854;999464960;14209024;1091768320;0;0;0;0;0;0;0;0;0;0;0;1473;0;0;88;0;80;0;
6866;1770841;999464960;14209024;1091768320;0;0;0;0;0;0;0;0;0;0;0;1332;0;0;88;0;80;0;
6867;4857550;999464960;14209024;1091768320;0;0;0;0;0;0;0;0;0;0;0;1593;0;0;88;0;80;0;
6868;2242406;999464960;14209024;1091768320;0;0;0;0;0;0;0;0;0;0;0;1593;0;0;88;0;80;0;
6869;2113704;999464960;14209024;1091768320;0;0;0;0;0;0;0;0;0;0;0;1393;0;0;88;0;80;0;
6870;1914410;999464960;14209024;1091768320;0;0;0;0;0;0;0;0;0;0;0;1532;0;0;88;0;80;0;
6871;2126217;999464960;14209024;1091768320;0;0;0;0;0;0;0;0;0;0;0;1693;0;0;88;0;80;0;
6872;2137789;999464960;14209024;1091768320;0;0;0;0;0;0;0;0;0;0;0;2405;0;0;88;0;80;0;
6873;5176809;999464960;14209024;1091768320;0;0;0;0;0;0;0;0;0;0;0;1462;0;0;88;0;80;0;
6874;3688928;999464960;14209024;1091768320;0;0;0;0;0;0;0;0;0;0;0;3086;0;0;88;0;80;0;
6875;3219448;999464960;14209024;1091768320;0;0;0;0;0;0;0;0;0;0;0;2314;0;0;88;0;80;0;
6876;2008527;999464960;14209024;1091768320;0;0;0;0;0;0;0;0;0;0;0;1413;0;0;88;0;80;0;
6877;2227627;999464960;14209024;1091768320;0;0;0;0;0;0;0;0;0;0;0;1373;0;0;88;0;80;0;
6878;2359445;999464960;14209024;1091768320;0;0;0;0;0;0;0;0;0;0;0;2024;0;0;88;0;80;0;
6879;4955143;999464960;14209024;1091768320;0;0;0;0;0;0;0;0;0;0;0;1403;0;0;88;0;80;0;
6880;4929655;999464960;14209024;1091768320;0;0;0;0;0;0;0;0;0;0;0;4248;0;0;88;0;80;0;
6881;3041504;999464960;14209024;1091768320;0;0;0;0;0;0;0;0;0;0;0;1923;0;0;88;0;80;0;
6882;2614864;999464960;14209024;1091768320;0;0;0;0;0;0;0;0;0;0;0;1633;0;0;88;0;80;0;
6883;2194465;999464960;14209024;1091768320;0;0;0;0;0;0;0;0;0;0;0;1573;0;0;88;0;80;0;
6884;1687054;999464960;14209024;1091768320;0;0;0;0;0;0;0;0;0;0;0;1372;0;0;88;0;80;0;
6885;4910589;999464960;14209024;1091768320;0;0;0;0;0;0;0;0;0;0;0;1263;0;0;88;0;80;0;
6886;3125702;999464960;14209024;1091768320;0;0;0;0;0;0;0;0;0;0;0;1333;0;0;88;0;80;0;
6887;2398528;999464960;14209024;1091768320;0;0;0;0;0;0;0;0;0;0;0;1273;0;0;88;0;80;0;
6888;1768717;999464960;14209024;1091768320;0;0;0;0;0;0;0;0;0;0;0;1463;0;0;88;0;80;0;
6889;2209423;999464960;14209024;1091768320;0;0;0;0;0;0;0;0;0;0;0;1543;0;0;88;0;80;0;
6890;1966047;999464960;14209024;1091768320;0;0;0;0;0;0;0;0;0;0;0;1533;0;0;88;0;80;0;
6891;5376112;999464960;14209024;1091768320;0;0;0;0;0;0;0;0;0;0;0;1423;0;0;88;0;80;0;
6892;3323874;999464960;14209024;1091768320;0;0;0;0;0;0;0;0;0;0;0;1784;0;0;88;0;80;0;
6893;2122070;999464960;14209024;1091768320;0;0;0;0;0;0;0;0;0;0;0;1303;0;0;88;0;80;0;
6894;1711680;999464960;14209024;1091768320;0;0;0;0;0;0;0;0;0;0;0;1503;0;0;88;0;80;0;
6895;2028234;999464960;14209024;1091768320;0;0;0;0;0;0;0;0;0;0;0;1443;0;0;88;0;80;0;
6896;1678447;999464960;14209024;1091768320;0;0;0;0;0;0;0;0;0;0;0;1503;0;0;88;0;80;0;
6897;4610055;999464960;14209024;1091768320;0;0;0;0;0;0;0;0;0;0;0;1473;0;0;88;0;80;0;
6898;3192708;999464960;14209024;1091768320;0;0;0;0;0;0;0;0;0;0;0;1813;0;0;88;0;80;0;
6899;2245882;999464960;14209024;1091768320;0;0;0;0;0;0;0;0;0;0;0;1373;0;0;88;0;80;0;
6900;1568191;999464960;14209024;1091768320;0;0;0;0;0;0;0;0;0;0;0;1453;0;0;88;0;80;0;
6901;2236334;999464960;14209024;1091768320;0;0;0;0;0;0;0;0;0;0;0;1583;0;0;88;0;80;0;
6902;1601133;999464960;14209024;1091768320;0;0;0;0;0;0;0;0;0;0;0;1663;0;0;88;0;80;0;
6903;5368729;999464960;14209024;1091768320;0;0;0;0;0;0;0;0;0;0;0;1533;0;0;88;0;80;0;
6904;6068321;999464960;14209024;1091768320;0;0;0;0;0;0;0;0;0;0;0;6101;0;0;88;0;80;0;
6905;2977334;999464960;14209024;1091768320;0;0;0;0;0;0;0;0;0;0;0;1694;0;0;88;0;80;0;
6906;2038783;999464960;14209024;1091768320;0;0;0;0;0;0;0;0;0;0;0;1282;0;0;88;0;80;0;
6907;3401779;999464960;14209024;1091768320;0;0;0;0;0;0;0;0;0;0;0;2064;0;0;88;0;80;0;
6908;2820410;999464960;14209024;1091768320;0;0;0;0;0;0;0;0;0;0;0;1684;0;0;88;0;80;0;
6909;6424027;999464960;14209024;1091768320;0;0;0;0;0;0;0;0;0;0;0;1463;0;0;88;0;80;0;
6910;4753565;999464960;14209024;1091768320;0;0;0;0;0;0;0;0;0;0;0;5760;0;0;88;0;80;0;
6911;2733787;999464960;14209024;1091768320;0;0;0;0;0;0;0;0;0;0;0;1453;0;0;88;0;80;0;
6912;1472822;999464960;14209024;1091768320;0;0;0;0;0;0;0;0;0;0;0;1753;0;0;88;0;80;0;
6913;1879735;999464960;14209024;1091768320;0;0;0;0;0;0;0;0;0;0;0;1363;0;0;88;0;80;0;
6914;1761704;999464960;14209024;1091768320;0;0;0;0;0;0;0;0;0;0;0;1512;0;0;88;0;80;0;
6915;5894274;999464960;14209024;1091768320;0;0;0;0;0;0;0;0;0;0;0;1232;0;0;88;0;80;0;
6916;4787549;999464960;14209024;1091768320;0;0;0;0;0;0;0;0;0;0;0;4409;0;0;88;0;80;0;
6917;3024081;999464960;14209024;1091768320;0;0;0;0;0;0;0;0;0;0;0;2415;0;0;88;0;80;0;
6918;2164419;999464960;14209024;1091768320;0;0;0;0;0;0;0;0;0;0;0;1603;0;0;88;0;80;0;
6919;2767550;999464960;14209024;1091768320;0;0;0;0;0;0;0;0;0;0;0;1323;0;0;88;0;80;0;
6920;2469762;999464960;14209024;1091768320;0;0;0;0;0;0;0;0;0;0;0;1904;0;0;88;0;80;0;
6921;7601035;999464960;14209024;1091768320;0;0;0;0;0;0;0;0;0;0;0;5470;0;0;88;0;80;0;
6922;4667955;999464960;14209024;1091768320;0;0;0;0;0;0;0;0;0;0;0;2605;0;0;88;0;80;0;
6923;2413546;999464960;14209024;1091768320;0;0;0;0;0;0;0;0;0;0;0;1393;0;0;88;0;80;0;
6924;2216106;999464960;14209024;1091768320;0;0;0;0;0;0;0;0;0;0;0;1553;0;0;88;0;80;0;
6925;1945288;999464960;14209024;1091768320;0;0;0;0;0;0;0;0;0;0;0;1282;0;0;88;0;80;0;
6926;2311415;999464960;14209024;1091768320;0;0;0;0;0;0;0;0;0;0;0;1523;0;0;88;0;80;0;
6927;5176027;999464960;14209024;1091768320;0;0;0;0;0;0;0;0;0;0;0;1743;0;0;88;0;80;0;
6928;3431264;999464960;14209024;1091768320;0;0;0;0;0;0;0;0;0;0;0;1753;0;0;88;0;80;0;
6929;2848613;999464960;14209024;1091768320;0;0;0;0;0;0;0;0;0;0;0;1362;0;0;88;0;80;0;
6930;2221797;999464960;14209024;1091768320;0;0;0;0;0;0;0;0;0;0;0;1213;0;0;88;0;80;0;
6931;2382509;999464960;14209024;1091768320;0;0;0;0;0;0;0;0;0;0;0;1383;0;0;88;0;80;0;
6932;1636699;999464960;14209024;1091768320;0;0;0;0;0;0;0;0;0;0;0;1423;0;0;88;0;80;0;
6933;5862765;999464960;14209024;1091768320;0;0;0;0;0;0;0;0;0;0;0;1542;0;0;88;0;80;0;
6934;3178792;999464960;14209024;1091768320;0;0;0;0;0;0;0;0;0;0;0;1593;0;0;88;0;80;0;
6935;1894142;999464960;14209024;1091768320;0;0;0;0;0;0;0;0;0;0;0;1433;0;0;88;0;80;0;
6936;1569172;999464960;14209024;1091768320;0;0;0;0;0;0;0;0;0;0;0;1463;0;0;88;0;80;0;
6937;2335801;999464960;14209024;1091768320;0;0;0;0;0;0;0;0;0;0;0;1753;0;0;88;0;80;0;
6938;2603973;999464960;14209024;1091768320;0;0;0;0;0;0;0;0;0;0;0;1412;0;0;88;0;80;0;
6939;4813538;999464960;14209024;1091768320;0;0;0;0;0;0;0;0;0;0;0;1433;0;0;88;0;80;0;
6940;4320583;999464960;14209024;1091768320;0;0;0;0;0;0;0;0;0;0;0;1893;0;0;88;0;80;0;
6941;1679850;999464960;14209024;1091768320;0;0;0;0;0;0;0;0;0;0;0;1523;0;0;88;0;80;0;
6942;1266786;999464960;14209024;1091768320;0;0;0;0;0;0;0;0;0;0;0;1253;0;0;88;0;80;0;
6943;1660945;999464960;14209024;1091768320;0;0;0;0;0;0;0;0;0;0;0;1433;0;0;88;0;80;0;
6944;2197812;999464960;14209024;1091768320;0;0;0;0;0;0;0;0;0;0;0;1462;0;0;88;0;80;0;
6945;4859654;999464960;14209024;1091768320;0;0;0;0;0;0;0;0;0;0;0;1452;0;0;88;0;80;0;
6946;4555303;999464960;14209024;1091768320;0;0;0;0;0;0;0;0;0;0;0;6783;0;0;88;0;80;0;
6947;3965657;999464960;14209024;1091768320;0;0;0;0;0;0;0;0;0;0;0;3196;0;0;88;0;80;0;
6948;1812889;999464960;14209024;1091768320;0;0;0;0;0;0;0;0;0;0;0;1673;0;0;88;0;80;0;
6949;1618345;999464960;14209024;1091768320;0;0;0;0;0;0;0;0;0;0;0;1603;0;0;88;0;80;0;
6950;1145197;999464960;14209024;1091768320;0;0;0;0;0;0;0;0;0;0;0;1512;0;0;88;0;80;0;
6951;5627113;999464960;14209024;1091768320;0;0;0;0;0;0;0;0;0;0;0;1423;0;0;88;0;80;0;
6952;3247831;999464960;14209024;1091768320;0;0;0;0;0;0;0;0;0;0;0;2134;0;0;88;0;80;0;
6953;3220780;999464960;14209024;1091768320;0;0;0;0;0;0;0;0;0;0;0;1874;0;0;88;0;80;0;
6954;2268063;999464960;14209024;1091768320;0;0;0;0;0;0;0;0;0;0;0;1383;0;0;88;0;80;0;
6955;3264452;999464960;14209024;1091768320;0;0;0;0;0;0;0;0;0;0;0;1403;0;0;88;0;80;0;
6956;1384947;999464960;14209024;1091768320;0;0;0;0;0;0;0;0;0;0;0;1382;0;0;88;0;80;0;
6957;5727070;999464960;14209024;1091768320;0;0;0;0;0;0;0;0;0;0;0;1453;0;0;88;0;80;0;
6958;4856218;999464960;14209024;1091768320;0;0;0;0;0;0;0;0;0;0;0;3226;0;0;88;0;80;0;
6959;2492695;999464960;14209024;1091768320;0;0;0;0;0;0;0;0;0;0;0;1542;0;0;88;0;80;0;
6960;2324189;999464960;14209024;1091768320;0;0;0;0;0;0;0;0;0;0;0;1253;0;0;88;0;80;0;
6961;4113444;999464960;14209024;1091768320;0;0;0;0;0;0;0;0;0;0;0;1583;0;0;88;0;80;0;
6962;3629557;999464960;14209024;1091768320;0;0;0;0;0;0;0;0;0;0;0;2975;0;0;88;0;80;0;
6963;6176754;999464960;14209024;1091768320;0;0;0;0;0;0;0;0;0;0;0;2084;0;0;88;0;80;0;
6964;5483684;999464960;14209024;1091768320;0;0;0;0;0;0;0;0;0;0;0;3366;0;0;88;0;80;0;
6965;3721599;999464960;14209024;1091768320;0;0;0;0;0;0;0;0;0;0;0;1683;0;0;88;0;80;0;
6966;2131037;999464960;14209024;1091768320;0;0;0;0;0;0;0;0;0;0;0;1483;0;0;88;0;80;0;
6967;3325266;999464960;14209024;1091768320;0;0;0;0;0;0;0;0;0;0;0;1273;0;0;88;0;80;0;
6968;1640577;999464960;14209024;1091768320;0;0;0;0;0;0;0;0;0;0;0;1392;0;0;88;0;80;0;
6969;4609184;999464960;14209024;1091768320;0;0;0;0;0;0;0;0;0;0;0;1453;0;0;88;0;80;0;
6970;6204335;999464960;14209024;1091768320;0;0;0;0;0;0;0;0;0;0;0;4498;0;0;88;0;80;0;
6971;1754651;999464960;14209024;1091768320;0;0;0;0;0;0;0;0;0;0;0;1693;0;0;88;0;80;0;
6972;2466536;999464960;14209024;1091768320;0;0;0;0;0;0;0;0;0;0;0;1573;0;0;88;0;80;0;
6973;2644770;999464960;14209024;1091768320;0;0;0;0;0;0;0;0;0;0;0;1493;0;0;88;0;80;0;
6974;1998618;999464960;14209024;1091768320;0;0;0;0;0;0;0;0;0;0;0;2165;0;0;88;0;80;0;
6975;5902770;999464960;14209024;1091768320;0;0;0;0;0;0;0;0;0;0;0;1573;0;0;88;0;80;0;
6976;4431952;999731200;14209024;1091768320;0;0;0;0;0;0;0;0;0;0;0;3667;0;0;88;0;80;0;
6977;2074070;999731200;14209024;1091768320;0;0;0;0;0;0;0;0;0;0;0;1503;0;0;88;0;80;0;
6978;2957195;999731200;14209024;1091768320;0;0;0;0;0;0;0;0;0;0;0;1443;0;0;88;0;80;0;
6979;3400738;999731200;14209024;1091768320;0;0;0;0;0;0;0;0;0;0;0;1653;0;0;88;0;80;0;
6980;2220765;999731200;14209024;1091768320;0;0;0;0;0;0;0;0;0;0;0;1793;0;0;88;0;80;0;
6981;7230911;999731200;14209024;1091768320;0;0;0;0;0;0;0;0;0;0;0;1583;0;0;88;0;80;0;
6982;3802230;999731200;14209024;1091768320;0;0;0;0;0;0;0;0;0;0;0;4639;0;0;88;0;80;0;
6983;3561540;999731200;14209024;1091768320;0;0;0;0;0;0;0;0;0;0;0;1773;0;0;88;0;80;0;
6984;1615509;999731200;14209024;1091768320;0;0;0;0;0;0;0;0;0;0;0;1402;0;0;88;0;80;0;
6985;3278649;999731200;14209024;1091768320;0;0;0;0;0;0;0;0;0;0;0;1673;0;0;88;0;80;0;
6986;2873829;999731200;14209024;1091768320;0;0;0;0;0;0;0;0;0;0;0;1433;0;0;88;0;80;0;
6987;5160127;999731200;14209024;1091768320;0;0;0;0;0;0;0;0;0;0;0;1243;0;0;88;0;80;0;
6988;4400793;999731200;14209024;1091768320;0;0;0;0;0;0;0;0;0;0;0;4088;0;0;88;0;80;0;
6989;3029542;999731200;14209024;1091768320;0;0;0;0;0;0;0;0;0;0;0;1593;0;0;88;0;80;0;
6990;7065360;999731200;14209024;1091768320;0;0;0;0;0;0;0;0;0;0;0;1974;0;0;88;0;80;0;
6991;2625604;999731200;14209024;1091768320;0;0;0;0;0;0;0;0;0;0;0;1463;0;0;88;0;80;0;
6992;2790293;999731200;14209024;1091768320;0;0;0;0;0;0;0;0;0;0;0;1844;0;0;88;0;80;0;
6993;6210547;999731200;14209024;1091768320;0;0;0;0;0;0;0;0;0;0;0;1613;0;0;88;0;80;0;
6994;5842446;999731200;14209024;1091768320;0;0;0;0;0;0;0;0;0;0;0;4398;0;0;88;0;80;0;
6995;2873048;999731200;14209024;1091768320;0;0;0;0;0;0;0;0;0;0;0;1553;0;0;88;0;80;0;
6996;1758168;999731200;14209024;1091768320;0;0;0;0;0;0;0;0;0;0;0;1433;0;0;88;0;80;0;
6997;5585145;999731200;14209024;1091768320;0;0;0;0;0;0;0;0;0;0;0;1613;0;0;88;0;80;0;
6998;1388945;999731200;14209024;1091768320;0;0;0;0;0;0;0;0;0;0;0;1763;0;0;88;0;80;0;
6999;7774470;999731200;14209024;1091768320;0;0;0;0;0;0;0;0;0;0;0;1352;0;0;88;0;80;0;
7000;5732601;999731200;14209024;1091768320;0;0;0;0;0;0;0;0;0;0;0;4879;0;0;88;0;80;0;
7001;4289073;999731200;14209024;1091768320;0;0;0;0;0;0;0;0;0;0;0;1753;0;0;88;0;80;0;
7002;1547062;999731200;14209024;1091768320;0;0;0;0;0;0;0;0;0;0;0;1794;0;0;88;0;80;0;
7003;2331623;999731200;14209024;1091768320;0;0;0;0;0;0;0;0;0;0;0;1362;0;0;88;0;80;0;
7004;1552581;999731200;14209024;1091768320;0;0;0;0;0;0;0;0;0;0;0;1342;0;0;88;0;80;0;
7005;5871290;999731200;14209024;1091768320;0;0;0;0;0;0;0;0;0;0;0;1423;0;0;88;0;80;0;
7006;3636741;999731200;14209024;1091768320;0;0;0;0;0;0;0;0;0;0;0;3156;0;0;88;0;80;0;
7007;2525486;999731200;14209024;1091768320;0;0;0;0;0;0;0;0;0;0;0;1743;0;0;88;0;80;0;
7008;1834450;999731200;14209024;1091768320;0;0;0;0;0;0;0;0;0;0;0;1793;0;0;88;0;80;0;
7009;2174458;999731200;14209024;1091768320;0;0;0;0;0;0;0;0;0;0;0;1874;0;0;88;0;80;0;
7010;1653862;999731200;14209024;1091768320;0;0;0;0;0;0;0;0;0;0;0;1744;0;0;88;0;80;0;
7011;4099127;999731200;14209024;1091768320;0;0;0;0;0;0;0;0;0;0;0;1423;0;0;88;0;80;0;
7012;2528682;999731200;14209024;1091768320;0;0;0;0;0;0;0;0;0;0;0;2786;0;0;88;0;80;0;
7013;2520517;999731200;14209024;1091768320;0;0;0;0;0;0;0;0;0;0;0;1533;0;0;88;0;80;0;
7014;2068870;999731200;14209024;1091768320;0;0;0;0;0;0;0;0;0;0;0;1583;0;0;88;0;80;0;
7015;2430678;999731200;14209024;1091768320;0;0;0;0;0;0;0;0;0;0;0;1713;0;0;88;0;80;0;
7016;2369273;999731200;14209024;1091768320;0;0;0;0;0;0;0;0;0;0;0;1773;0;0;88;0;80;0;
7017;4852621;999731200;14209024;1091768320;0;0;0;0;0;0;0;0;0;0;0;1473;0;0;88;0;80;0;
7018;3322641;999731200;14209024;1091768320;0;0;0;0;0;0;0;0;0;0;0;149571;0;0;88;0;80;0;
7019;2361388;999731200;14209024;1091768320;0;0;0;0;0;0;0;0;0;0;0;1763;0;0;88;0;80;0;
7020;1445531;999731200;14209024;1091768320;0;0;0;0;0;0;0;0;0;0;0;1934;0;0;88;0;80;0;
7021;3487550;999731200;14209024;1091768320;0;0;0;0;0;0;0;0;0;0;0;1663;0;0;88;0;80;0;
7022;1831424;999731200;14209024;1091768320;0;0;0;0;0;0;0;0;0;0;0;1924;0;0;88;0;80;0;
7023;5062935;999731200;14209024;1091768320;0;0;0;0;0;0;0;0;0;0;0;1372;0;0;88;0;80;0;
7024;2995148;999731200;14209024;1091768320;0;0;0;0;0;0;0;0;0;0;0;3456;0;0;88;0;80;0;
7025;2284203;999731200;14209024;1091768320;0;0;0;0;0;0;0;0;0;0;0;1663;0;0;88;0;80;0;
7026;1699497;999731200;14209024;1091768320;0;0;0;0;0;0;0;0;0;0;0;1533;0;0;88;0;80;0;
7027;2452028;999731200;14209024;1091768320;0;0;0;0;0;0;0;0;0;0;0;1603;0;0;88;0;80;0;
7028;2081183;999731200;14209024;1091768320;0;0;0;0;0;0;0;0;0;0;0;1884;0;0;88;0;80;0;
7029;5295270;999731200;14209024;1091768320;0;0;0;0;0;0;0;0;0;0;0;1964;0;0;88;0;80;0;
7030;2483788;999731200;14209024;1091768320;0;0;0;0;0;0;0;0;0;0;0;2554;0;0;88;0;80;0;
7031;2092363;999731200;14209024;1091768320;0;0;0;0;0;0;0;0;0;0;0;1402;0;0;88;0;80;0;
7032;2255900;999731200;14209024;1091768320;0;0;0;0;0;0;0;0;0;0;0;1713;0;0;88;0;80;0;
7033;1703725;999731200;14209024;1091768320;0;0;0;0;0;0;0;0;0;0;0;1653;0;0;88;0;80;0;
7034;1547993;999731200;14209024;1091768320;0;0;0;0;0;0;0;0;0;0;0;1804;0;0;88;0;80;0;
7035;5376233;999731200;14209024;1091768320;0;0;0;0;0;0;0;0;0;0;0;1433;0;0;88;0;80;0;
7036;3757737;999731200;14209024;1091768320;0;0;0;0;0;0;0;0;0;0;0;3176;0;0;88;0;80;0;
7037;2693972;999731200;14209024;1091768320;0;0;0;0;0;0;0;0;0;0;0;1994;0;0;88;0;80;0;
7038;1358247;999731200;14209024;1091768320;0;0;0;0;0;0;0;0;0;0;0;1513;0;0;88;0;80;0;
7039;1392913;999731200;14209024;1091768320;0;0;0;0;0;0;0;0;0;0;0;1423;0;0;88;0;80;0;
7040;1217493;999731200;14209024;1091768320;0;0;0;0;0;0;0;0;0;0;0;1513;0;0;88;0;80;0;
7041;6071446;999731200;14209024;1091768320;0;0;0;0;0;0;0;0;0;0;0;1583;0;0;88;0;80;0;
7042;5680393;999731200;14209024;1091768320;0;0;0;0;0;0;0;0;0;0;0;5850;0;0;88;0;80;0;
7043;2947527;999731200;14209024;1091768320;0;0;0;0;0;0;0;0;0;0;0;2023;0;0;88;0;80;0;
7044;2260880;999731200;14209024;1091768320;0;0;0;0;0;0;0;0;0;0;0;1733;0;0;88;0;80;0;
7045;2094898;999731200;14209024;1091768320;0;0;0;0;0;0;0;0;0;0;0;1724;0;0;88;0;80;0;
7046;2454713;999731200;14209024;1091768320;0;0;0;0;0;0;0;0;0;0;0;1503;0;0;88;0;80;0;
7047;9239557;999731200;14209024;1091768320;0;0;0;0;0;0;0;0;0;0;0;4989;0;0;88;0;80;0;
7048;4922211;999731200;14209024;1091768320;0;0;0;0;0;0;0;0;0;0;0;2355;0;0;88;0;80;0;
7049;2548349;999731200;14209024;1091768320;0;0;0;0;0;0;0;0;0;0;0;39053;0;0;88;0;80;0;
7050;2329669;999731200;14209024;1091768320;0;0;0;0;0;0;0;0;0;0;0;1543;0;0;88;0;80;0;
7051;2727455;999731200;14209024;1091768320;0;0;0;0;0;0;0;0;0;0;0;1343;0;0;88;0;80;0;
7052;2028715;999731200;14209024;1091768320;0;0;0;0;0;0;0;0;0;0;0;1203;0;0;88;0;80;0;
7053;5335807;999731200;14209024;1091768320;0;0;0;0;0;0;0;0;0;0;0;1393;0;0;88;0;80;0;
7054;2563958;999731200;14209024;1091768320;0;0;0;0;0;0;0;0;0;0;0;1823;0;0;88;0;80;0;
7055;3436455;999731200;14209024;1091768320;0;0;0;0;0;0;0;0;0;0;0;1393;0;0;88;0;80;0;
7056;2091352;999731200;14209024;1091768320;0;0;0;0;0;0;0;0;0;0;0;1433;0;0;88;0;80;0;
7057;1928878;999731200;14209024;1091768320;0;0;0;0;0;0;0;0;0;0;0;1433;0;0;88;0;80;0;
7058;1037706;999731200;14209024;1091768320;0;0;0;0;0;0;0;0;0;0;0;1562;0;0;88;0;80;0;
7059;4923053;999731200;14209024;1091768320;0;0;0;0;0;0;0;0;0;0;0;1443;0;0;88;0;80;0;
7060;3775801;999731200;14209024;1091768320;0;0;0;0;0;0;0;0;0;0;0;1784;0;0;88;0;80;0;
7061;2660019;999731200;14209024;1091768320;0;0;0;0;0;0;0;0;0;0;0;1353;0;0;88;0;80;0;
7062;2039595;999731200;14209024;1091768320;0;0;0;0;0;0;0;0;0;0;0;1273;0;0;88;0;80;0;
7063;2461947;999731200;14209024;1091768320;0;0;0;0;0;0;0;0;0;0;0;1402;0;0;88;0;80;0;
7064;1998238;999731200;14209024;1091768320;0;0;0;0;0;0;0;0;0;0;0;1413;0;0;88;0;80;0;
7065;4441840;999731200;14209024;1091768320;0;0;0;0;0;0;0;0;0;0;0;1552;0;0;88;0;80;0;
7066;2414408;999731200;14209024;1091768320;0;0;0;0;0;0;0;0;0;0;0;2895;0;0;88;0;80;0;
7067;2448662;999731200;14209024;1091768320;0;0;0;0;0;0;0;0;0;0;0;1453;0;0;88;0;80;0;
7068;1677616;999731200;14209024;1091768320;0;0;0;0;0;0;0;0;0;0;0;1884;0;0;88;0;80;0;
7069;2326052;999731200;14209024;1091768320;0;0;0;0;0;0;0;0;0;0;0;1352;0;0;88;0;80;0;
7070;2320252;999731200;14209024;1091768320;0;0;0;0;0;0;0;0;0;0;0;1363;0;0;88;0;80;0;
7071;4745319;999731200;14209024;1091768320;0;0;0;0;0;0;0;0;0;0;0;1693;0;0;88;0;80;0;
7072;2224912;999731200;14209024;1091768320;0;0;0;0;0;0;0;0;0;0;0;1583;0;0;88;0;80;0;
7073;2712267;999731200;14209024;1091768320;0;0;0;0;0;0;0;0;0;0;0;1774;0;0;88;0;80;0;
7074;2338595;999731200;14209024;1091768320;0;0;0;0;0;0;0;0;0;0;0;1503;0;0;88;0;80;0;
7075;2517872;999731200;14209024;1091768320;0;0;0;0;0;0;0;0;0;0;0;1463;0;0;88;0;80;0;
7076;1673989;999731200;14209024;1091768320;0;0;0;0;0;0;0;0;0;0;0;39174;0;0;88;0;80;0;
7077;4889650;999731200;14209024;1091768320;0;0;0;0;0;0;0;0;0;0;0;1753;0;0;88;0;80;0;
7078;2748063;999731200;14209024;1091768320;0;0;0;0;0;0;0;0;0;0;0;1553;0;0;88;0;80;0;
7079;1640606;999731200;14209024;1091768320;0;0;0;0;0;0;0;0;0;0;0;1503;0;0;88;0;80;0;
7080;2256853;999731200;14209024;1091768320;0;0;0;0;0;0;0;0;0;0;0;1623;0;0;88;0;80;0;
7081;2095811;999731200;14209024;1091768320;0;0;0;0;0;0;0;0;0;0;0;1553;0;0;88;0;80;0;
7082;1961498;999731200;14209024;1091768320;0;0;0;0;0;0;0;0;0;0;0;1433;0;0;88;0;80;0;
7083;4992804;999731200;14209024;1091768320;0;0;0;0;0;0;0;0;0;0;0;1493;0;0;88;0;80;0;
7084;2825429;999731200;14209024;1091768320;0;0;0;0;0;0;0;0;0;0;0;1774;0;0;88;0;80;0;
7085;2120998;999731200;14209024;1091768320;0;0;0;0;0;0;0;0;0;0;0;1613;0;0;88;0;80;0;
7086;1855199;999731200;14209024;1091768320;0;0;0;0;0;0;0;0;0;0;0;1543;0;0;88;0;80;0;
7087;2671460;999731200;14209024;1091768320;0;0;0;0;0;0;0;0;0;0;0;1472;0;0;88;0;80;0;
7088;1671054;999731200;14209024;1091768320;0;0;0;0;0;0;0;0;0;0;0;1533;0;0;88;0;80;0;
7089;4919897;999731200;14209024;1091768320;0;0;0;0;0;0;0;0;0;0;0;1492;0;0;88;0;80;0;
7090;2546616;999731200;14209024;1091768320;0;0;0;0;0;0;0;0;0;0;0;1753;0;0;88;0;80;0;
7091;1758708;999731200;14209024;1091768320;0;0;0;0;0;0;0;0;0;0;0;1653;0;0;88;0;80;0;
7092;1874385;999731200;14209024;1091768320;0;0;0;0;0;0;0;0;0;0;0;1393;0;0;88;0;80;0;
7093;1407690;999731200;14209024;1091768320;0;0;0;0;0;0;0;0;0;0;0;1843;0;0;88;0;80;0;
7094;1792391;999731200;14209024;1091768320;0;0;0;0;0;0;0;0;0;0;0;1382;0;0;88;0;80;0;
7095;5199291;999731200;14209024;1091768320;0;0;0;0;0;0;0;0;0;0;0;1383;0;0;88;0;80;0;
7096;2602180;999731200;14209024;1091768320;0;0;0;0;0;0;0;0;0;0;0;1663;0;0;88;0;80;0;
7097;1829471;999731200;14209024;1091768320;0;0;0;0;0;0;0;0;0;0;0;1393;0;0;88;0;80;0;
7098;1676234;999731200;14209024;1091768320;0;0;0;0;0;0;0;0;0;0;0;1453;0;0;88;0;80;0;
7099;1998408;999731200;14209024;1091768320;0;0;0;0;0;0;0;0;0;0;0;1723;0;0;88;0;80;0;
7100;1910934;999731200;14209024;1091768320;0;0;0;0;0;0;0;0;0;0;0;1543;0;0;88;0;80;0;
7101;4474822;999731200;14209024;1091768320;0;0;0;0;0;0;0;0;0;0;0;1412;0;0;88;0;80;0;
7102;2936086;999731200;14209024;1091768320;0;0;0;0;0;0;0;0;0;0;0;1944;0;0;88;0;80;0;
7103;2126778;999731200;14209024;1091768320;0;0;0;0;0;0;0;0;0;0;0;1402;0;0;88;0;80;0;
7104;2120206;999731200;14209024;1091768320;0;0;0;0;0;0;0;0;0;0;0;1533;0;0;88;0;80;0;
7105;2202521;999731200;14209024;1091768320;0;0;0;0;0;0;0;0;0;0;0;1433;0;0;88;0;80;0;
7106;1939377;999731200;14209024;1091768320;0;0;0;0;0;0;0;0;0;0;0;1422;0;0;88;0;80;0;
7107;4139733;999731200;14209024;1091768320;0;0;0;0;0;0;0;0;0;0;0;5420;0;0;88;0;80;0;
7108;2241624;999731200;14209024;1091768320;0;0;0;0;0;0;0;0;0;0;0;1573;0;0;88;0;80;0;
7109;2706726;999731200;14209024;1091768320;0;0;0;0;0;0;0;0;0;0;0;1403;0;0;88;0;80;0;
7110;2176572;999731200;14209024;1091768320;0;0;0;0;0;0;0;0;0;0;0;1623;0;0;88;0;80;0;
7111;1490736;999731200;14209024;1091768320;0;0;0;0;0;0;0;0;0;0;0;1824;0;0;88;0;80;0;
7112;2844705;999731200;14209024;1091768320;0;0;0;0;0;0;0;0;0;0;0;1523;0;0;88;0;80;0;
7113;4805923;999731200;14209024;1091768320;0;0;0;0;0;0;0;0;0;0;0;1473;0;0;88;0;80;0;
7114;3237983;999731200;14209024;1091768320;0;0;0;0;0;0;0;0;0;0;0;1813;0;0;88;0;80;0;
7115;2325732;999731200;14209024;1091768320;0;0;0;0;0;0;0;0;0;0;0;1403;0;0;88;0;80;0;
7116;1704897;999731200;14209024;1091768320;0;0;0;0;0;0;0;0;0;0;0;1513;0;0;88;0;80;0;
7117;1847585;999731200;14209024;1091768320;0;0;0;0;0;0;0;0;0;0;0;1413;0;0;88;0;80;0;
7118;1713463;999731200;14209024;1091768320;0;0;0;0;0;0;0;0;0;0;0;1553;0;0;88;0;80;0;
7119;4518744;999731200;14209024;1091768320;0;0;0;0;0;0;0;0;0;0;0;1873;0;0;88;0;80;0;
7120;3266957;999731200;14209024;1091768320;0;0;0;0;0;0;0;0;0;0;0;2224;0;0;88;0;80;0;
7121;2399360;999731200;14209024;1091768320;0;0;0;0;0;0;0;0;0;0;0;1613;0;0;88;0;80;0;
7122;2269797;999731200;14209024;1091768320;0;0;0;0;0;0;0;0;0;0;0;1363;0;0;88;0;80;0;
7123;2533320;999731200;14209024;1091768320;0;0;0;0;0;0;0;0;0;0;0;1322;0;0;88;0;80;0;
7124;1778486;999731200;14209024;1091768320;0;0;0;0;0;0;0;0;0;0;0;1593;0;0;88;0;80;0;
7125;5224778;999731200;14209024;1091768320;0;0;0;0;0;0;0;0;0;0;0;1412;0;0;88;0;80;0;
7126;3282696;999731200;14209024;1091768320;0;0;0;0;0;0;0;0;0;0;0;1664;0;0;88;0;80;0;
7127;3360653;999731200;14209024;1091768320;0;0;0;0;0;0;0;0;0;0;0;1583;0;0;88;0;80;0;
7128;2005421;999731200;14209024;1091768320;0;0;0;0;0;0;0;0;0;0;0;1573;0;0;88;0;80;0;
7129;2105128;999731200;14209024;1091768320;0;0;0;0;0;0;0;0;0;0;0;1373;0;0;88;0;80;0;
7130;1966217;999731200;14209024;1091768320;0;0;0;0;0;0;0;0;0;0;0;1553;0;0;88;0;80;0;
7131;4855015;999731200;14209024;1091768320;0;0;0;0;0;0;0;0;0;0;0;1422;0;0;88;0;80;0;
7132;3204309;999731200;14209024;1091768320;0;0;0;0;0;0;0;0;0;0;0;1693;0;0;88;0;80;0;
7133;2376787;999731200;14209024;1091768320;0;0;0;0;0;0;0;0;0;0;0;1503;0;0;88;0;80;0;
7134;1443828;999731200;14209024;1091768320;0;0;0;0;0;0;0;0;0;0;0;197941;0;0;88;0;80;0;
7135;2159480;999731200;14209024;1091768320;0;0;0;0;0;0;0;0;0;0;0;1342;0;0;88;0;80;0;
7136;1486718;999731200;14209024;1091768320;0;0;0;0;0;0;0;0;0;0;0;1353;0;0;88;0;80;0;
7137;5040293;999731200;14209024;1091768320;0;0;0;0;0;0;0;0;0;0;0;1403;0;0;88;0;80;0;
7138;3676264;999731200;14209024;1091768320;0;0;0;0;0;0;0;0;0;0;0;2064;0;0;88;0;80;0;
7139;2434686;999731200;14209024;1091768320;0;0;0;0;0;0;0;0;0;0;0;1343;0;0;88;0;80;0;
7140;2155072;999731200;14209024;1091768320;0;0;0;0;0;0;0;0;0;0;0;1533;0;0;88;0;80;0;
7141;2358343;999731200;14209024;1091768320;0;0;0;0;0;0;0;0;0;0;0;1403;0;0;88;0;80;0;
7142;1227903;999731200;14209024;1091768320;0;0;0;0;0;0;0;0;0;0;0;1583;0;0;88;0;80;0;
7143;4130196;999731200;14209024;1091768320;0;0;0;0;0;0;0;0;0;0;0;1422;0;0;88;0;80;0;
7144;2889379;999731200;14209024;1091768320;0;0;0;0;0;0;0;0;0;0;0;1623;0;0;88;0;80;0;
7145;2571993;999731200;14209024;1091768320;0;0;0;0;0;0;0;0;0;0;0;1513;0;0;88;0;80;0;
7146;1150147;999731200;14209024;1091768320;0;0;0;0;0;0;0;0;0;0;0;1533;0;0;88;0;80;0;
7147;2070152;999731200;14209024;1091768320;0;0;0;0;0;0;0;0;0;0;0;1513;0;0;88;0;80;0;
7148;1598838;999731200;14209024;1091768320;0;0;0;0;0;0;0;0;0;0;0;1473;0;0;88;0;80;0;
7149;4388540;999731200;14209024;1091768320;0;0;0;0;0;0;0;0;0;0;0;1392;0;0;88;0;80;0;
7150;2705774;999731200;14209024;1091768320;0;0;0;0;0;0;0;0;0;0;0;1563;0;0;88;0;80;0;
7151;3023050;999731200;14209024;1091768320;0;0;0;0;0;0;0;0;0;0;0;1513;0;0;88;0;80;0;
7152;1535910;999731200;14209024;1091768320;0;0;0;0;0;0;0;0;0;0;0;1463;0;0;88;0;80;0;
7153;2688933;999731200;14209024;1091768320;0;0;0;0;0;0;0;0;0;0;0;1383;0;0;88;0;80;0;
7154;1827498;999731200;14209024;1091768320;0;0;0;0;0;0;0;0;0;0;0;1453;0;0;88;0;80;0;
7155;4590769;999731200;14209024;1091768320;0;0;0;0;0;0;0;0;0;0;0;1273;0;0;88;0;80;0;
7156;3456372;999731200;14209024;1091768320;0;0;0;0;0;0;0;0;0;0;0;2515;0;0;88;0;80;0;
7157;1974233;999731200;14209024;1091768320;0;0;0;0;0;0;0;0;0;0;0;1503;0;0;88;0;80;0;
7158;1378856;999731200;14209024;1091768320;0;0;0;0;0;0;0;0;0;0;0;1442;0;0;88;0;80;0;
7159;1948665;999731200;14209024;1091768320;0;0;0;0;0;0;0;0;0;0;0;1874;0;0;88;0;80;0;
7160;1419071;999731200;14209024;1091768320;0;0;0;0;0;0;0;0;0;0;0;1784;0;0;88;0;80;0;
7161;4253246;999731200;14209024;1091768320;0;0;0;0;0;0;0;0;0;0;0;1553;0;0;88;0;80;0;
7162;2313358;999731200;14209024;1091768320;0;0;0;0;0;0;0;0;0;0;0;1764;0;0;88;0;80;0;
7163;1688396;999731200;14209024;1091768320;0;0;0;0;0;0;0;0;0;0;0;1442;0;0;88;0;80;0;
7164;863029;999731200;14209024;1091768320;0;0;0;0;0;0;0;0;0;0;0;1443;0;0;88;0;80;0;
7165;2035107;999731200;14209024;1091768320;0;0;0;0;0;0;0;0;0;0;0;1423;0;0;88;0;80;0;
7166;1916845;999731200;14209024;1091768320;0;0;0;0;0;0;0;0;0;0;0;1492;0;0;88;0;80;0;
7167;4387659;999731200;14209024;1091768320;0;0;0;0;0;0;0;0;0;0;0;1493;0;0;88;0;80;0;
7168;2332033;999731200;14209024;1091768320;0;0;0;0;0;0;0;0;0;0;0;1803;0;0;88;0;80;0;
7169;1901146;999731200;14209024;1091768320;0;0;0;0;0;0;0;0;0;0;0;1593;0;0;88;0;80;0;
7170;997711;999731200;14209024;1091768320;0;0;0;0;0;0;0;0;0;0;0;1583;0;0;88;0;80;0;
7171;1671725;999731200;14209024;1091768320;0;0;0;0;0;0;0;0;0;0;0;1613;0;0;88;0;80;0;
7172;1281393;999731200;14209024;1091768320;0;0;0;0;0;0;0;0;0;0;0;1613;0;0;88;0;80;0;
7173;4373091;999731200;14209024;1091768320;0;0;0;0;0;0;0;0;0;0;0;1383;0;0;88;0;80;0;
7174;2150103;999731200;14209024;1091768320;0;0;0;0;0;0;0;0;0;0;0;1854;0;0;88;0;80;0;
7175;1354280;999731200;14209024;1091768320;0;0;0;0;0;0;0;0;0;0;0;1423;0;0;88;0;80;0;
7176;1417889;999731200;14209024;1091768320;0;0;0;0;0;0;0;0;0;0;0;1453;0;0;88;0;80;0;
7177;1708855;999731200;14209024;1091768320;0;0;0;0;0;0;0;0;0;0;0;1473;0;0;88;0;80;0;
7178;919684;999731200;14209024;1091768320;0;0;0;0;0;0;0;0;0;0;0;1493;0;0;88;0;80;0;
7179;4484190;999731200;14209024;1091768320;0;0;0;0;0;0;0;0;0;0;0;1403;0;0;88;0;80;0;
7180;1866019;999731200;14209024;1091768320;0;0;0;0;0;0;0;0;0;0;0;2013;0;0;88;0;80;0;
7181;1501596;999731200;14209024;1091768320;0;0;0;0;0;0;0;0;0;0;0;1413;0;0;88;0;80;0;
7182;1229766;999731200;14209024;1091768320;0;0;0;0;0;0;0;0;0;0;0;1413;0;0;88;0;80;0;
7183;2050185;999731200;14209024;1091768320;0;0;0;0;0;0;0;0;0;0;0;1472;0;0;88;0;80;0;
7184;1321117;999731200;14209024;1091768320;0;0;0;0;0;0;0;0;0;0;0;1473;0;0;88;0;80;0;
7185;4390945;999731200;14209024;1091768320;0;0;0;0;0;0;0;0;0;0;0;1343;0;0;88;0;80;0;
7186;2056868;999731200;14209024;1091768320;0;0;0;0;0;0;0;0;0;0;0;1653;0;0;88;0;80;0;
7187;1727720;999731200;14209024;1091768320;0;0;0;0;0;0;0;0;0;0;0;1643;0;0;88;0;80;0;
7188;1943104;999731200;14209024;1091768320;0;0;0;0;0;0;0;0;0;0;0;1573;0;0;88;0;80;0;
7189;1367926;999731200;14209024;1091768320;0;0;0;0;0;0;0;0;0;0;0;1422;0;0;88;0;80;0;
7190;1021285;999731200;14209024;1091768320;0;0;0;0;0;0;0;0;0;0;0;1383;0;0;88;0;80;0;
7191;4574679;999731200;14209024;1091768320;0;0;0;0;0;0;0;0;0;0;0;1513;0;0;88;0;80;0;
7192;1340574;999731200;14209024;1091768320;0;0;0;0;0;0;0;0;0;0;0;1543;0;0;88;0;80;0;
7193;1773776;999731200;14209024;1091768320;0;0;0;0;0;0;0;0;0;0;0;1573;0;0;88;0;80;0;
7194;1134938;999731200;14209024;1091768320;0;0;0;0;0;0;0;0;0;0;0;1363;0;0;88;0;80;0;
7195;1598328;999731200;14209024;1091768320;0;0;0;0;0;0;0;0;0;0;0;1362;0;0;88;0;80;0;
7196;1144466;999731200;14209024;1091768320;0;0;0;0;0;0;0;0;0;0;0;1533;0;0;88;0;80;0;
7197;4411864;999731200;14209024;1091768320;0;0;0;0;0;0;0;0;0;0;0;1493;0;0;88;0;80;0;
7198;1602646;999731200;14209024;1091768320;0;0;0;0;0;0;0;0;0;0;0;1683;0;0;88;0;80;0;
7199;1759951;999731200;14209024;1091768320;0;0;0;0;0;0;0;0;0;0;0;1473;0;0;88;0;80;0;
7200;1479926;999731200;14209024;1091768320;0;0;0;0;0;0;0;0;0;0;0;1603;0;0;88;0;80;0;
7201;1197997;999731200;14209024;1091768320;0;0;0;0;0;0;0;0;0;0;0;1423;0;0;88;0;80;0;
7202;992041;999731200;14209024;1091768320;0;0;0;0;0;0;0;0;0;0;0;1362;0;0;88;0;80;0;
7203;4212750;999731200;14209024;1091768320;0;0;0;0;0;0;0;0;0;0;0;1523;0;0;88;0;80;0;
7204;1154254;999731200;14209024;1091768320;0;0;0;0;0;0;0;0;0;0;0;2104;0;0;88;0;80;0;
7205;1154665;999731200;14209024;1091768320;0;0;0;0;0;0;0;0;0;0;0;1363;0;0;88;0;80;0;
7206;1056441;999731200;14209024;1091768320;0;0;0;0;0;0;0;0;0;0;0;1423;0;0;88;0;80;0;
7207;1730786;999731200;14209024;1091768320;0;0;0;0;0;0;0;0;0;0;0;1623;0;0;88;0;80;0;
7208;1543655;999731200;14209024;1091768320;0;0;0;0;0;0;0;0;0;0;0;1773;0;0;88;0;80;0;
7209;4069162;999731200;14209024;1091768320;0;0;0;0;0;0;0;0;0;0;0;1423;0;0;88;0;80;0;
7210;1767494;999731200;14209024;1091768320;0;0;0;0;0;0;0;0;0;0;0;1613;0;0;88;0;80;0;
7211;1543594;999731200;14209024;1091768320;0;0;0;0;0;0;0;0;0;0;0;1413;0;0;88;0;80;0;
7212;1172118;999731200;14209024;1091768320;0;0;0;0;0;0;0;0;0;0;0;1443;0;0;88;0;80;0;
7213;1426805;999731200;14209024;1091768320;0;0;0;0;0;0;0;0;0;0;0;1423;0;0;88;0;80;0;
7214;1229425;999731200;14209024;1091768320;0;0;0;0;0;0;0;0;0;0;0;1413;0;0;88;0;80;0;
7215;4117021;999731200;14209024;1091768320;0;0;0;0;0;0;0;0;0;0;0;1493;0;0;88;0;80;0;
7216;3096086;999731200;14209024;1091768320;0;0;0;0;0;0;0;0;0;0;0;2455;0;0;88;0;80;0;
7217;1965826;999731200;14209024;1091768320;0;0;0;0;0;0;0;0;0;0;0;1402;0;0;88;0;80;0;
7218;1311018;999731200;14209024;1091768320;0;0;0;0;0;0;0;0;0;0;0;1433;0;0;88;0;80;0;
7219;1731788;999731200;14209024;1091768320;0;0;0;0;0;0;0;0;0;0;0;1363;0;0;88;0;80;0;
7220;1327029;999731200;14209024;1091768320;0;0;0;0;0;0;0;0;0;0;0;1673;0;0;88;0;80;0;
7221;4835658;999731200;14209024;1091768320;0;0;0;0;0;0;0;0;0;0;0;1383;0;0;88;0;80;0;
7222;2481964;999731200;14209024;1091768320;0;0;0;0;0;0;0;0;0;0;0;1753;0;0;88;0;80;0;
7223;1947833;999731200;14209024;1091768320;0;0;0;0;0;0;0;0;0;0;0;1673;0;0;88;0;80;0;
7224;1853806;999731200;14209024;1091768320;0;0;0;0;0;0;0;0;0;0;0;1553;0;0;88;0;80;0;
7225;1193107;999731200;14209024;1091768320;0;0;0;0;0;0;0;0;0;0;0;1322;0;0;88;0;80;0;
7226;1593598;999731200;14209024;1091768320;0;0;0;0;0;0;0;0;0;0;0;1503;0;0;88;0;80;0;
7227;4911100;999731200;14209024;1091768320;0;0;0;0;0;0;0;0;0;0;0;1383;0;0;88;0;80;0;
7228;3271025;999731200;14209024;1091768320;0;0;0;0;0;0;0;0;0;0;0;1553;0;0;88;0;80;0;
7229;1656777;999731200;14209024;1091768320;0;0;0;0;0;0;0;0;0;0;0;1572;0;0;88;0;80;0;
7230;1507668;999731200;14209024;1091768320;0;0;0;0;0;0;0;0;0;0;0;1553;0;0;88;0;80;0;
7231;2610867;999731200;14209024;1091768320;0;0;0;0;0;0;0;0;0;0;0;1472;0;0;88;0;80;0;
7232;1506376;999731200;14209024;1091768320;0;0;0;0;0;0;0;0;0;0;0;1413;0;0;88;0;80;0;
7233;4800913;999731200;14209024;1091768320;0;0;0;0;0;0;0;0;0;0;0;1552;0;0;88;0;80;0;
7234;2705775;999731200;14209024;1091768320;0;0;0;0;0;0;0;0;0;0;0;1794;0;0;88;0;80;0;
7235;2876494;1000001536;14209024;1091768320;0;0;0;0;0;0;0;0;0;0;0;1754;0;0;88;0;80;0;
7236;1698305;1000001536;14209024;1091768320;0;0;0;0;0;0;0;0;0;0;0;1573;0;0;88;0;80;0;
7237;1805496;1000001536;14209024;1091768320;0;0;0;0;0;0;0;0;0;0;0;1413;0;0;88;0;80;0;
7238;1618195;1000001536;14209024;1091768320;0;0;0;0;0;0;0;0;0;0;0;1493;0;0;88;0;80;0;
7239;4589487;1000001536;14209024;1091768320;0;0;0;0;0;0;0;0;0;0;0;1483;0;0;88;0;80;0;
7240;2740129;1000001536;14209024;1091768320;0;0;0;0;0;0;0;0;0;0;0;1904;0;0;88;0;80;0;
7241;2689915;1000001536;14209024;1091768320;0;0;0;0;0;0;0;0;0;0;0;1373;0;0;88;0;80;0;
7242;1456452;1000001536;14209024;1091768320;0;0;0;0;0;0;0;0;0;0;0;1733;0;0;88;0;80;0;
7243;2143951;1000001536;14209024;1091768320;0;0;0;0;0;0;0;0;0;0;0;1392;0;0;88;0;80;0;
7244;1411587;1000001536;14209024;1091768320;0;0;0;0;0;0;0;0;0;0;0;1393;0;0;88;0;80;0;
7245;5196335;1000001536;14209024;1091768320;0;0;0;0;0;0;0;0;0;0;0;1413;0;0;88;0;80;0;
7246;3992738;1000001536;14209024;1091768320;0;0;0;0;0;0;0;0;0;0;0;2044;0;0;88;0;80;0;
7247;2342944;1000001536;14209024;1091768320;0;0;0;0;0;0;0;0;0;0;0;1423;0;0;88;0;80;0;
7248;1864387;1000001536;14209024;1091768320;0;0;0;0;0;0;0;0;0;0;0;1603;0;0;88;0;80;0;
7249;2595077;1000001536;14209024;1091768320;0;0;0;0;0;0;0;0;0;0;0;2044;0;0;88;0;80;0;
7250;1380849;1000001536;14209024;1091768320;0;0;0;0;0;0;0;0;0;0;0;1964;0;0;88;0;80;0;
7251;4749828;1000001536;14209024;1091768320;0;0;0;0;0;0;0;0;0;0;0;1372;0;0;88;0;80;0;
7252;2964660;1000001536;14209024;1091768320;0;0;0;0;0;0;0;0;0;0;0;88486;0;0;88;0;80;0;
7253;1845721;1000001536;14209024;1091768320;0;0;0;0;0;0;0;0;0;0;0;1463;0;0;88;0;80;0;
7254;1663460;1000001536;14209024;1091768320;0;0;0;0;0;0;0;0;0;0;0;1543;0;0;88;0;80;0;
7255;2530827;1000001536;14209024;1091768320;0;0;0;0;0;0;0;0;0;0;0;1483;0;0;88;0;80;0;
7256;2005351;1000001536;14209024;1091768320;0;0;0;0;0;0;0;0;0;0;0;1373;0;0;88;0;80;0;
7257;5402081;1000001536;14209024;1091768320;0;0;0;0;0;0;0;0;0;0;0;1493;0;0;88;0;80;0;
7258;3065179;1000001536;14209024;1091768320;0;0;0;0;0;0;0;0;0;0;0;2294;0;0;88;0;80;0;
7259;2048101;1000001536;14209024;1091768320;0;0;0;0;0;0;0;0;0;0;0;1433;0;0;88;0;80;0;
7260;1334963;1000001536;14209024;1091768320;0;0;0;0;0;0;0;0;0;0;0;1933;0;0;88;0;80;0;
7261;2176702;1000001536;14209024;1091768320;0;0;0;0;0;0;0;0;0;0;0;1373;0;0;88;0;80;0;
7262;1460649;1000001536;14209024;1091768320;0;0;0;0;0;0;0;0;0;0;0;1583;0;0;88;0;80;0;
7263;4459303;1000001536;14209024;1091768320;0;0;0;0;0;0;0;0;0;0;0;1443;0;0;88;0;80;0;
7264;3119790;1000001536;14209024;1091768320;0;0;0;0;0;0;0;0;0;0;0;2034;0;0;88;0;80;0;
7265;2086663;1000001536;14209024;1091768320;0;0;0;0;0;0;0;0;0;0;0;1443;0;0;88;0;80;0;
7266;2774824;1000001536;14209024;1091768320;0;0;0;0;0;0;0;0;0;0;0;1443;0;0;88;0;80;0;
7267;1872322;1000001536;14209024;1091768320;0;0;0;0;0;0;0;0;0;0;0;1593;0;0;88;0;80;0;
7268;1890295;1000001536;14209024;1091768320;0;0;0;0;0;0;0;0;0;0;0;1443;0;0;88;0;80;0;
7269;4840027;1000001536;14209024;1091768320;0;0;0;0;0;0;0;0;0;0;0;1433;0;0;88;0;80;0;
7270;3069356;1000001536;14209024;1091768320;0;0;0;0;0;0;0;0;0;0;0;2264;0;0;88;0;80;0;
7271;2305884;1000001536;14209024;1091768320;0;0;0;0;0;0;0;0;0;0;0;1583;0;0;88;0;80;0;
7272;1578941;1000001536;14209024;1091768320;0;0;0;0;0;0;0;0;0;0;0;1383;0;0;88;0;80;0;
7273;2224682;1000001536;14209024;1091768320;0;0;0;0;0;0;0;0;0;0;0;1403;0;0;88;0;80;0;
7274;1874857;1000001536;14209024;1091768320;0;0;0;0;0;0;0;0;0;0;0;1603;0;0;88;0;80;0;
7275;5394286;1000001536;14209024;1091768320;0;0;0;0;0;0;0;0;0;0;0;1413;0;0;88;0;80;0;
7276;3480958;1000001536;14209024;1091768320;0;0;0;0;0;0;0;0;0;0;0;1894;0;0;88;0;80;0;
7277;1949115;1000001536;14209024;1091768320;0;0;0;0;0;0;0;0;0;0;0;1563;0;0;88;0;80;0;
7278;1402811;1000001536;14209024;1091768320;0;0;0;0;0;0;0;0;0;0;0;1473;0;0;88;0;80;0;
7279;2754966;1000001536;14209024;1091768320;0;0;0;0;0;0;0;0;0;0;0;1733;0;0;88;0;80;0;
7280;1609388;1000001536;14209024;1091768320;0;0;0;0;0;0;0;0;0;0;0;1452;0;0;88;0;80;0;
7281;5014364;1000001536;14209024;1091768320;0;0;0;0;0;0;0;0;0;0;0;1513;0;0;88;0;80;0;
7282;2659177;1000001536;14209024;1091768320;0;0;0;0;0;0;0;0;0;0;0;2214;0;0;88;0;80;0;
7283;2275557;1000001536;14209024;1091768320;0;0;0;0;0;0;0;0;0;0;0;1724;0;0;88;0;80;0;
7284;1380268;1000001536;14209024;1091768320;0;0;0;0;0;0;0;0;0;0;0;1984;0;0;88;0;80;0;
7285;1526603;1000001536;14209024;1091768320;0;0;0;0;0;0;0;0;0;0;0;1323;0;0;88;0;80;0;
7286;1670854;1000001536;14209024;1091768320;0;0;0;0;0;0;0;0;0;0;0;1743;0;0;88;0;80;0;
7287;4814850;1000001536;14209024;1091768320;0;0;0;0;0;0;0;0;0;0;0;1613;0;0;88;0;80;0;
7288;2659919;1000001536;14209024;1091768320;0;0;0;0;0;0;0;0;0;0;0;3246;0;0;88;0;80;0;
7289;2216025;1000001536;14209024;1091768320;0;0;0;0;0;0;0;0;0;0;0;1924;0;0;88;0;80;0;
7290;2015149;1000001536;14209024;1091768320;0;0;0;0;0;0;0;0;0;0;0;1643;0;0;88;0;80;0;
7291;2780214;1000001536;14209024;1091768320;0;0;0;0;0;0;0;0;0;0;0;2044;0;0;88;0;80;0;
7292;1837807;1000001536;14209024;1091768320;0;0;0;0;0;0;0;0;0;0;0;1553;0;0;88;0;80;0;
7293;5318053;1000001536;14209024;1091768320;0;0;0;0;0;0;0;0;0;0;0;1824;0;0;88;0;80;0;
7294;1966438;1000001536;14209024;1091768320;0;0;0;0;0;0;0;0;0;0;0;2355;0;0;88;0;80;0;
7295;1494182;1000001536;14209024;1091768320;0;0;0;0;0;0;0;0;0;0;0;1463;0;0;88;0;80;0;
7296;1115202;1000001536;14209024;1091768320;0;0;0;0;0;0;0;0;0;0;0;1953;0;0;88;0;80;0;
7297;2082616;1000001536;14209024;1091768320;0;0;0;0;0;0;0;0;0;0;0;1794;0;0;88;0;80;0;
7298;1397490;1000001536;14209024;1091768320;0;0;0;0;0;0;0;0;0;0;0;1693;0;0;88;0;80;0;
7299;5734956;1000001536;14209024;1091768320;0;0;0;0;0;0;0;0;0;0;0;1943;0;0;88;0;80;0;
7300;2837241;1000001536;14209024;1091768320;0;0;0;0;0;0;0;0;0;0;0;2645;0;0;88;0;80;0;
7301;2221917;1000001536;14209024;1091768320;0;0;0;0;0;0;0;0;0;0;0;2274;0;0;88;0;80;0;
7302;1354941;1000001536;14209024;1091768320;0;0;0;0;0;0;0;0;0;0;0;1583;0;0;88;0;80;0;
7303;2013536;1000001536;14209024;1091768320;0;0;0;0;0;0;0;0;0;0;0;1493;0;0;88;0;80;0;
7304;1572809;1000001536;14209024;1091768320;0;0;0;0;0;0;0;0;0;0;0;1824;0;0;88;0;80;0;
7305;5395749;1000001536;14209024;1091768320;0;0;0;0;0;0;0;0;0;0;0;1633;0;0;88;0;80;0;
7306;3490125;1000001536;14209024;1091768320;0;0;0;0;0;0;0;0;0;0;0;2766;0;0;88;0;80;0;
7307;3248913;1000001536;14209024;1091768320;0;0;0;0;0;0;0;0;0;0;0;2745;0;0;88;0;80;0;
7308;1421677;1000001536;14209024;1091768320;0;0;0;0;0;0;0;0;0;0;0;1824;0;0;88;0;80;0;
7309;1757266;1000001536;14209024;1091768320;0;0;0;0;0;0;0;0;0;0;0;1513;0;0;88;0;80;0;
7310;1835071;1000001536;14209024;1091768320;0;0;0;0;0;0;0;0;0;0;0;2294;0;0;88;0;80;0;
7311;4500820;1000001536;14209024;1091768320;0;0;0;0;0;0;0;0;0;0;0;1593;0;0;88;0;80;0;
7312;4129915;1000001536;14209024;1091768320;0;0;0;0;0;0;0;0;0;0;0;3206;0;0;88;0;80;0;
7313;3023901;1000001536;14209024;1091768320;0;0;0;0;0;0;0;0;0;0;0;1864;0;0;88;0;80;0;
7314;2605817;1000001536;14209024;1091768320;0;0;0;0;0;0;0;0;0;0;0;3747;0;0;88;0;80;0;
7315;2651121;1000001536;14209024;1091768320;0;0;0;0;0;0;0;0;0;0;0;1513;0;0;88;0;80;0;
7316;2199956;1000001536;14209024;1091768320;0;0;0;0;0;0;0;0;0;0;0;1784;0;0;88;0;80;0;
7317;4786607;1000001536;14209024;1091768320;0;0;0;0;0;0;0;0;0;0;0;1753;0;0;88;0;80;0;
7318;2716254;1000001536;14209024;1091768320;0;0;0;0;0;0;0;0;0;0;0;2534;0;0;88;0;80;0;
7319;2021631;1000001536;14209024;1091768320;0;0;0;0;0;0;0;0;0;0;0;1603;0;0;88;0;80;0;
7320;1739302;1000001536;14209024;1091768320;0;0;0;0;0;0;0;0;0;0;0;2014;0;0;88;0;80;0;
7321;2020349;1000001536;14209024;1091768320;0;0;0;0;0;0;0;0;0;0;0;1553;0;0;88;0;80;0;
7322;1462362;1000001536;14209024;1091768320;0;0;0;0;0;0;0;0;0;0;0;1372;0;0;88;0;80;0;
7323;4448382;1000001536;14209024;1091768320;0;0;0;0;0;0;0;0;0;0;0;1423;0;0;88;0;80;0;
7324;3445131;1000001536;14209024;1091768320;0;0;0;0;0;0;0;0;0;0;0;3106;0;0;88;0;80;0;
7325;2516550;1000001536;14209024;1091768320;0;0;0;0;0;0;0;0;0;0;0;1783;0;0;88;0;80;0;
7326;1756424;1000001536;14209024;1091768320;0;0;0;0;0;0;0;0;0;0;0;2225;0;0;88;0;80;0;
7327;2169298;1000001536;14209024;1091768320;0;0;0;0;0;0;0;0;0;0;0;1803;0;0;88;0;80;0;
7328;1733681;1000001536;14209024;1091768320;0;0;0;0;0;0;0;0;0;0;0;1784;0;0;88;0;80;0;
7329;4436270;1000001536;14209024;1091768320;0;0;0;0;0;0;0;0;0;0;0;1443;0;0;88;0;80;0;
7330;3238994;1000001536;14209024;1091768320;0;0;0;0;0;0;0;0;0;0;0;2695;0;0;88;0;80;0;
7331;2446037;1000001536;14209024;1091768320;0;0;0;0;0;0;0;0;0;0;0;1673;0;0;88;0;80;0;
7332;2466816;1000001536;14209024;1091768320;0;0;0;0;0;0;0;0;0;0;0;2034;0;0;88;0;80;0;
7333;1689138;1000001536;14209024;1091768320;0;0;0;0;0;0;0;0;0;0;0;1512;0;0;88;0;80;0;
7334;1260494;1000001536;14209024;1091768320;0;0;0;0;0;0;0;0;0;0;0;1513;0;0;88;0;80;0;
7335;5830764;1000001536;14209024;1091768320;0;0;0;0;0;0;0;0;0;0;0;1443;0;0;88;0;80;0;
7336;3389938;1000001536;14209024;1091768320;0;0;0;0;0;0;0;0;0;0;0;3356;0;0;88;0;80;0;
7337;2310483;1000001536;14209024;1091768320;0;0;0;0;0;0;0;0;0;0;0;1773;0;0;88;0;80;0;
7338;2326032;1000001536;14209024;1091768320;0;0;0;0;0;0;0;0;0;0;0;2114;0;0;88;0;80;0;
7339;2223500;1000001536;14209024;1091768320;0;0;0;0;0;0;0;0;0;0;0;1803;0;0;88;0;80;0;
7340;1352015;1000001536;14209024;1091768320;0;0;0;0;0;0;0;0;0;0;0;1503;0;0;88;0;80;0;
7341;4338957;1000001536;14209024;1091768320;0;0;0;0;0;0;0;0;0;0;0;1232;0;0;88;0;80;0;
7342;2546045;1000001536;14209024;1091768320;0;0;0;0;0;0;0;0;0;0;0;2595;0;0;88;0;80;0;
7343;2730702;1000001536;14209024;1091768320;0;0;0;0;0;0;0;0;0;0;0;2074;0;0;88;0;80;0;
7344;2440507;1000001536;14209024;1091768320;0;0;0;0;0;0;0;0;0;0;0;2434;0;0;88;0;80;0;
7345;2200036;1000001536;14209024;1091768320;0;0;0;0;0;0;0;0;0;0;0;1804;0;0;88;0;80;0;
7346;2207510;1000001536;14209024;1091768320;0;0;0;0;0;0;0;0;0;0;0;1984;0;0;88;0;80;0;
7347;6206821;1000001536;14209024;1091768320;0;0;0;0;0;0;0;0;0;0;0;2926;0;0;88;0;80;0;
7348;3616643;1000001536;14209024;1091768320;0;0;0;0;0;0;0;0;0;0;0;2595;0;0;88;0;80;0;
7349;2729379;1000001536;14209024;1091768320;0;0;0;0;0;0;0;0;0;0;0;1913;0;0;88;0;80;0;
7350;2365486;1000001536;14209024;1091768320;0;0;0;0;0;0;0;0;0;0;0;2595;0;0;88;0;80;0;
7351;2456647;1000001536;14209024;1091768320;0;0;0;0;0;0;0;0;0;0;0;1914;0;0;88;0;80;0;
7352;1854688;1000001536;14209024;1091768320;0;0;0;0;0;0;0;0;0;0;0;1833;0;0;88;0;80;0;
7353;4703821;1000001536;14209024;1091768320;0;0;0;0;0;0;0;0;0;0;0;1503;0;0;88;0;80;0;
7354;4826812;1000001536;14209024;1091768320;0;0;0;0;0;0;0;0;0;0;0;4058;0;0;88;0;80;0;
7355;3455530;1000001536;14209024;1091768320;0;0;0;0;0;0;0;0;0;0;0;13205;0;0;88;0;80;0;
7356;2049424;1000001536;14209024;1091768320;0;0;0;0;0;0;0;0;0;0;0;2114;0;0;88;0;80;0;
7357;2439134;1000001536;14209024;1091768320;0;0;0;0;0;0;0;0;0;0;0;1693;0;0;88;0;80;0;
7358;2257894;1000001536;14209024;1091768320;0;0;0;0;0;0;0;0;0;0;0;2023;0;0;88;0;80;0;
7359;5094444;1000001536;14209024;1091768320;0;0;0;0;0;0;0;0;0;0;0;1563;0;0;88;0;80;0;
7360;2545343;1000001536;14209024;1091768320;0;0;0;0;0;0;0;0;0;0;0;2915;0;0;88;0;80;0;
7361;3632012;1000001536;14209024;1091768320;0;0;0;0;0;0;0;0;0;0;0;1764;0;0;88;0;80;0;
7362;2367770;1000001536;14209024;1091768320;0;0;0;0;0;0;0;0;0;0;0;2144;0;0;88;0;80;0;
7363;3346386;1000001536;14209024;1091768320;0;0;0;0;0;0;0;0;0;0;0;3787;0;0;88;0;80;0;
7364;2249489;1000001536;14209024;1091768320;0;0;0;0;0;0;0;0;0;0;0;2274;0;0;88;0;80;0;
7365;6173608;1000001536;14209024;1091768320;0;0;0;0;0;0;0;0;0;0;0;2645;0;0;88;0;80;0;
7366;2572514;1000001536;14209024;1091768320;0;0;0;0;0;0;0;0;0;0;0;2955;0;0;88;0;80;0;
7367;1815194;1000001536;14209024;1091768320;0;0;0;0;0;0;0;0;0;0;0;1863;0;0;88;0;80;0;
7368;3099493;1000001536;14209024;1091768320;0;0;0;0;0;0;0;0;0;0;0;3246;0;0;88;0;80;0;
7369;2678312;1000001536;14209024;1091768320;0;0;0;0;0;0;0;0;0;0;0;2324;0;0;88;0;80;0;
7370;2064021;1000001536;14209024;1091768320;0;0;0;0;0;0;0;0;0;0;0;2054;0;0;88;0;80;0;
7371;8421343;1000001536;14209024;1091768320;0;0;0;0;0;0;0;0;0;0;0;1713;0;0;88;0;80;0;
7372;8594428;1000001536;14209024;1091768320;0;0;0;0;0;0;0;0;0;0;0;3216;0;0;88;0;80;0;
7373;2415531;1000001536;14209024;1091768320;0;0;0;0;0;0;0;0;0;0;0;1442;0;0;88;0;80;0;
7374;2274155;1000001536;14209024;1091768320;0;0;0;0;0;0;0;0;0;0;0;1502;0;0;88;0;80;0;
7375;2723418;1000001536;14209024;1091768320;0;0;0;0;0;0;0;0;0;0;0;1593;0;0;88;0;80;0;
7376;1942283;1000001536;14209024;1091768320;0;0;0;0;0;0;0;0;0;0;0;1543;0;0;88;0;80;0;
7377;5076791;1000001536;14209024;1091768320;0;0;0;0;0;0;0;0;0;0;0;132218;0;0;88;0;80;0;
7378;2161514;1000001536;14209024;1091768320;0;0;0;0;0;0;0;0;0;0;0;1683;0;0;88;0;80;0;
7379;1571877;1000001536;14209024;1091768320;0;0;0;0;0;0;0;0;0;0;0;1533;0;0;88;0;80;0;
7380;3262739;1000001536;14209024;1091768320;0;0;0;0;0;0;0;0;0;0;0;1613;0;0;88;0;80;0;
7381;1792171;1000001536;14209024;1091768320;0;0;0;0;0;0;0;0;0;0;0;1432;0;0;88;0;80;0;
7382;1788394;1000001536;14209024;1091768320;0;0;0;0;0;0;0;0;0;0;0;1573;0;0;88;0;80;0;
7383;6115760;1000001536;14209024;1091768320;0;0;0;0;0;0;0;0;0;0;0;1493;0;0;88;0;80;0;
7384;1648282;1000001536;14209024;1091768320;0;0;0;0;0;0;0;0;0;0;0;1593;0;0;88;0;80;0;
7385;2011683;1000001536;14209024;1091768320;0;0;0;0;0;0;0;0;0;0;0;1603;0;0;88;0;80;0;
7386;2798799;1000001536;14209024;1091768320;0;0;0;0;0;0;0;0;0;0;0;1603;0;0;88;0;80;0;
7387;1840402;1000001536;14209024;1091768320;0;0;0;0;0;0;0;0;0;0;0;1553;0;0;88;0;80;0;
7388;1740845;1000001536;14209024;1091768320;0;0;0;0;0;0;0;0;0;0;0;1372;0;0;88;0;80;0;
7389;5716731;1000001536;14209024;1091768320;0;0;0;0;0;0;0;0;0;0;0;1703;0;0;88;0;80;0;
7390;2660890;1000001536;14209024;1091768320;0;0;0;0;0;0;0;0;0;0;0;1754;0;0;88;0;80;0;
7391;2148500;1000001536;14209024;1091768320;0;0;0;0;0;0;0;0;0;0;0;1453;0;0;88;0;80;0;
7392;1783184;1000001536;14209024;1091768320;0;0;0;0;0;0;0;0;0;0;0;1533;0;0;88;0;80;0;
7393;1884905;1000001536;14209024;1091768320;0;0;0;0;0;0;0;0;0;0;0;1463;0;0;88;0;80;0;
7394;1515622;1000001536;14209024;1091768320;0;0;0;0;0;0;0;0;0;0;0;1423;0;0;88;0;80;0;
7395;5060430;1000001536;14209024;1091768320;0;0;0;0;0;0;0;0;0;0;0;1453;0;0;88;0;80;0;
7396;2465934;1000001536;14209024;1091768320;0;0;0;0;0;0;0;0;0;0;0;1412;0;0;88;0;80;0;
7397;2714201;1000001536;14209024;1091768320;0;0;0;0;0;0;0;0;0;0;0;1373;0;0;88;0;80;0;
7398;2036789;1000001536;14209024;1091768320;0;0;0;0;0;0;0;0;0;0;0;1453;0;0;88;0;80;0;
7399;2308479;1000001536;14209024;1091768320;0;0;0;0;0;0;0;0;0;0;0;1453;0;0;88;0;80;0;
7400;1354590;1000001536;14209024;1091768320;0;0;0;0;0;0;0;0;0;0;0;1382;0;0;88;0;80;0;
7401;5345345;1000001536;14209024;1091768320;0;0;0;0;0;0;0;0;0;0;0;1443;0;0;88;0;80;0;
7402;2327495;1000001536;14209024;1091768320;0;0;0;0;0;0;0;0;0;0;0;1944;0;0;88;0;80;0;
7403;2334108;1000001536;14209024;1091768320;0;0;0;0;0;0;0;0;0;0;0;1553;0;0;88;0;80;0;
7404;1976026;1000001536;14209024;1091768320;0;0;0;0;0;0;0;0;0;0;0;1793;0;0;88;0;80;0;
7405;1831124;1000001536;14209024;1091768320;0;0;0;0;0;0;0;0;0;0;0;1422;0;0;88;0;80;0;
7406;1708264;1000001536;14209024;1091768320;0;0;0;0;0;0;0;0;0;0;0;1422;0;0;88;0;80;0;
7407;4623291;1000001536;14209024;1091768320;0;0;0;0;0;0;0;0;0;0;0;1453;0;0;88;0;80;0;
7408;2203753;1000001536;14209024;1091768320;0;0;0;0;0;0;0;0;0;0;0;1903;0;0;88;0;80;0;
7409;1647419;1000001536;14209024;1091768320;0;0;0;0;0;0;0;0;0;0;0;1432;0;0;88;0;80;0;
7410;1424632;1000001536;14209024;1091768320;0;0;0;0;0;0;0;0;0;0;0;1363;0;0;88;0;80;0;
7411;2294854;1000001536;14209024;1091768320;0;0;0;0;0;0;0;0;0;0;0;1553;0;0;88;0;80;0;
7412;1987236;1000001536;14209024;1091768320;0;0;0;0;0;0;0;0;0;0;0;1413;0;0;88;0;80;0;
7413;4677412;1000001536;14209024;1091768320;0;0;0;0;0;0;0;0;0;0;0;1543;0;0;88;0;80;0;
7414;2662713;1000001536;14209024;1091768320;0;0;0;0;0;0;0;0;0;0;0;1603;0;0;88;0;80;0;
7415;1997215;1000001536;14209024;1091768320;0;0;0;0;0;0;0;0;0;0;0;1302;0;0;88;0;80;0;
7416;1703234;1000001536;14209024;1091768320;0;0;0;0;0;0;0;0;0;0;0;1503;0;0;88;0;80;0;
7417;1677987;1000001536;14209024;1091768320;0;0;0;0;0;0;0;0;0;0;0;1693;0;0;88;0;80;0;
7418;1562310;1000001536;14209024;1091768320;0;0;0;0;0;0;0;0;0;0;0;1392;0;0;88;0;80;0;
7419;5002502;1000001536;14209024;1091768320;0;0;0;0;0;0;0;0;0;0;0;1543;0;0;88;0;80;0;
7420;3308404;1000001536;14209024;1091768320;0;0;0;0;0;0;0;0;0;0;0;1944;0;0;88;0;80;0;
7421;3556489;1000001536;14209024;1091768320;0;0;0;0;0;0;0;0;0;0;0;1553;0;0;88;0;80;0;
7422;2394471;1000001536;14209024;1091768320;0;0;0;0;0;0;0;0;0;0;0;1422;0;0;88;0;80;0;
7423;1855650;1000001536;14209024;1091768320;0;0;0;0;0;0;0;0;0;0;0;1383;0;0;88;0;80;0;
7424;1800166;1000001536;14209024;1091768320;0;0;0;0;0;0;0;0;0;0;0;1352;0;0;88;0;80;0;
7425;4434286;1000001536;14209024;1091768320;0;0;0;0;0;0;0;0;0;0;0;1413;0;0;88;0;80;0;
7426;2932811;1000001536;14209024;1091768320;0;0;0;0;0;0;0;0;0;0;0;1953;0;0;88;0;80;0;
7427;1860168;1000001536;14209024;1091768320;0;0;0;0;0;0;0;0;0;0;0;1413;0;0;88;0;80;0;
7428;1362876;1000001536;14209024;1091768320;0;0;0;0;0;0;0;0;0;0;0;1373;0;0;88;0;80;0;
7429;3049629;1000001536;14209024;1091768320;0;0;0;0;0;0;0;0;0;0;0;1803;0;0;88;0;80;0;
7430;1230107;1000001536;14209024;1091768320;0;0;0;0;0;0;0;0;0;0;0;1372;0;0;88;0;80;0;
7431;4491083;1000001536;14209024;1091768320;0;0;0;0;0;0;0;0;0;0;0;1393;0;0;88;0;80;0;
7432;2604113;1000001536;14209024;1091768320;0;0;0;0;0;0;0;0;0;0;0;1403;0;0;88;0;80;0;
7433;2527170;1000001536;14209024;1091768320;0;0;0;0;0;0;0;0;0;0;0;1553;0;0;88;0;80;0;
7434;885621;1000001536;14209024;1091768320;0;0;0;0;0;0;0;0;0;0;0;1422;0;0;88;0;80;0;
7435;1921954;1000001536;14209024;1091768320;0;0;0;0;0;0;0;0;0;0;0;1433;0;0;88;0;80;0;
7436;1711329;1000001536;14209024;1091768320;0;0;0;0;0;0;0;0;0;0;0;1734;0;0;88;0;80;0;
7437;5117637;1000001536;14209024;1091768320;0;0;0;0;0;0;0;0;0;0;0;1533;0;0;88;0;80;0;
7438;2415349;1000001536;14209024;1091768320;0;0;0;0;0;0;0;0;0;0;0;1413;0;0;88;0;80;0;
7439;1422318;1000001536;14209024;1091768320;0;0;0;0;0;0;0;0;0;0;0;1412;0;0;88;0;80;0;
7440;2098526;1000001536;14209024;1091768320;0;0;0;0;0;0;0;0;0;0;0;1413;0;0;88;0;80;0;
7441;1776231;1000001536;14209024;1091768320;0;0;0;0;0;0;0;0;0;0;0;1433;0;0;88;0;80;0;
7442;1505984;1000001536;14209024;1091768320;0;0;0;0;0;0;0;0;0;0;0;1433;0;0;88;0;80;0;
7443;4676119;1000001536;14209024;1091768320;0;0;0;0;0;0;0;0;0;0;0;1413;0;0;88;0;80;0;
7444;2816542;1000001536;14209024;1091768320;0;0;0;0;0;0;0;0;0;0;0;1673;0;0;88;0;80;0;
7445;1806848;1000001536;14209024;1091768320;0;0;0;0;0;0;0;0;0;0;0;1503;0;0;88;0;80;0;
7446;1703334;1000001536;14209024;1091768320;0;0;0;0;0;0;0;0;0;0;0;1422;0;0;88;0;80;0;
7447;2648146;1000001536;14209024;1091768320;0;0;0;0;0;0;0;0;0;0;0;1412;0;0;88;0;80;0;
7448;1024641;1000001536;14209024;1091768320;0;0;0;0;0;0;0;0;0;0;0;1513;0;0;88;0;80;0;
7449;4030629;1000001536;14209024;1091768320;0;0;0;0;0;0;0;0;0;0;0;1583;0;0;88;0;80;0;
7450;2320653;1000001536;14209024;1091768320;0;0;0;0;0;0;0;0;0;0;0;2073;0;0;88;0;80;0;
7451;2338936;1000001536;14209024;1091768320;0;0;0;0;0;0;0;0;0;0;0;1273;0;0;88;0;80;0;
7452;1233844;1000001536;14209024;1091768320;0;0;0;0;0;0;0;0;0;0;0;1493;0;0;88;0;80;0;
7453;1735234;1000001536;14209024;1091768320;0;0;0;0;0;0;0;0;0;0;0;1643;0;0;88;0;80;0;
7454;1413982;1000001536;14209024;1091768320;0;0;0;0;0;0;0;0;0;0;0;1673;0;0;88;0;80;0;
7455;4081695;1000001536;14209024;1091768320;0;0;0;0;0;0;0;0;0;0;0;1443;0;0;88;0;80;0;
7456;1796079;1000001536;14209024;1091768320;0;0;0;0;0;0;0;0;0;0;0;1763;0;0;88;0;80;0;
7457;1641068;1000001536;14209024;1091768320;0;0;0;0;0;0;0;0;0;0;0;1593;0;0;88;0;80;0;
7458;1425013;1000001536;14209024;1091768320;0;0;0;0;0;0;0;0;0;0;0;1353;0;0;88;0;80;0;
7459;2046338;1000001536;14209024;1091768320;0;0;0;0;0;0;0;0;0;0;0;1402;0;0;88;0;80;0;
7460;1117145;1000001536;14209024;1091768320;0;0;0;0;0;0;0;0;0;0;0;1423;0;0;88;0;80;0;
7461;4334048;1000001536;14209024;1091768320;0;0;0;0;0;0;0;0;0;0;0;1413;0;0;88;0;80;0;
7462;2836299;1000001536;14209024;1091768320;0;0;0;0;0;0;0;0;0;0;0;1884;0;0;88;0;80;0;
7463;1541641;1000001536;14209024;1091768320;0;0;0;0;0;0;0;0;0;0;0;3075;0;0;88;0;80;0;
7464;1237451;1000001536;14209024;1091768320;0;0;0;0;0;0;0;0;0;0;0;1383;0;0;88;0;80;0;
7465;2051597;1000001536;14209024;1091768320;0;0;0;0;0;0;0;0;0;0;0;1403;0;0;88;0;80;0;
7466;1363096;1000001536;14209024;1091768320;0;0;0;0;0;0;0;0;0;0;0;1433;0;0;88;0;80;0;
7467;5365322;1002635264;20713472;1098272768;0;0;0;0;0;0;0;0;0;0;0;1794;0;0;88;0;80;0;
7468;2497444;1004732416;20713472;1098272768;0;0;0;0;0;0;0;0;0;0;0;1824;0;0;88;0;80;0;
7469;2220024;1004732416;20713472;1098272768;0;0;0;0;0;0;0;0;0;0;0;1403;0;0;88;0;80;0;
7470;1750754;1004732416;20713472;1098272768;0;0;0;0;0;0;0;0;0;0;0;1453;0;0;88;0;80;0;
7471;1521524;1005268992;20713472;1098272768;0;0;0;0;0;0;0;0;0;0;0;1373;0;0;88;0;80;0;
7472;1526192;1005268992;20713472;1098272768;0;0;0;0;0;0;0;0;0;0;0;1523;0;0;88;0;80;0;
7473;4852781;1006350336;20713472;1098272768;0;0;0;0;0;0;0;0;0;0;0;1683;0;0;88;0;80;0;
7474;2166744;1006350336;20713472;1098272768;0;0;0;0;0;0;0;0;0;0;0;2224;0;0;88;0;80;0;
7475;1776822;1006350336;20713472;1098272768;0;0;0;0;0;0;0;0;0;0;0;1573;0;0;88;0;80;0;
7476;2292339;1006350336;20713472;1098272768;0;0;0;0;0;0;0;0;0;0;0;1463;0;0;88;0;80;0;
7477;2425849;1006350336;20713472;1098272768;0;0;0;0;0;0;0;0;0;0;0;1553;0;0;88;0;80;0;
7478;780213;1006350336;20713472;1098272768;0;0;0;0;0;0;0;0;0;0;0;1373;0;0;88;0;80;0;
7479;4515939;1006350336;20713472;1098272768;0;0;0;0;0;0;0;0;0;0;0;1543;0;0;88;0;80;0;
7480;2579959;1006350336;20713472;1098272768;0;0;0;0;0;0;0;0;0;0;0;1933;0;0;88;0;80;0;
7481;2039966;998985728;13148160;1090707456;0;0;0;0;0;0;0;0;0;0;0;2034;0;0;88;0;80;0;
7482;1572559;998985728;13148160;1090707456;0;0;0;0;0;0;0;0;0;0;0;1412;0;0;88;0;80;0;
7483;2634922;998985728;13148160;1090707456;0;0;0;0;0;0;0;0;0;0;0;1433;0;0;88;0;80;0;
7484;2102844;998985728;13148160;1090707456;0;0;0;0;0;0;0;0;0;0;0;1392;0;0;88;0;80;0;
7485;4517301;998985728;13148160;1090707456;0;0;0;0;0;0;0;0;0;0;0;1513;0;0;88;0;80;0;
7486;3179914;998985728;13148160;1090707456;0;0;0;0;0;0;0;0;0;0;0;1843;0;0;88;0;80;0;
7487;1992085;998985728;13148160;1090707456;0;0;0;0;0;0;0;0;0;0;0;1523;0;0;88;0;80;0;
7488;1785688;998985728;13148160;1090707456;0;0;0;0;0;0;0;0;0;0;0;1573;0;0;88;0;80;0;
7489;2494228;1000062976;20713472;1098272768;0;0;0;0;0;0;0;0;0;0;0;1613;0;0;88;0;80;0;
7490;1891688;1000062976;20713472;1098272768;0;0;0;0;0;0;0;0;0;0;0;1362;0;0;88;0;80;0;
7491;5458547;1002696704;20713472;1098272768;0;0;0;0;0;0;0;0;0;0;0;1522;0;0;88;0;80;0;
7492;4282280;1002696704;20713472;1098272768;0;0;0;0;0;0;0;0;0;0;0;3216;0;0;88;0;80;0;
7493;3557381;1004793856;20713472;1098272768;0;0;0;0;0;0;0;0;0;0;0;3156;0;0;88;0;80;0;
7494;1925391;1004793856;20713472;1098272768;0;0;0;0;0;0;0;0;0;0;0;5620;0;0;88;0;80;0;
7495;3907338;1004793856;20713472;1098272768;0;0;0;0;0;0;0;0;0;0;0;2545;0;0;88;0;80;0;
7496;2745959;1004793856;20713472;1098272768;0;0;0;0;0;0;0;0;0;0;0;2114;0;0;88;0;80;0;
7497;5737560;1005330432;20713472;1098272768;0;0;0;0;0;0;0;0;0;0;0;1523;0;0;88;0;80;0;
7498;4677863;1005330432;20713472;1098272768;0;0;0;0;0;0;0;0;0;0;0;3797;0;0;88;0;80;0;
7499;2751500;1005330432;20713472;1098272768;0;0;0;0;0;0;0;0;0;0;0;1693;0;0;88;0;80;0;
7500;1068614;1005330432;20713472;1098272768;0;0;0;0;0;0;0;0;0;0;0;1603;0;0;88;0;80;0;
7501;3760803;1005330432;20713472;1098272768;0;0;0;0;0;0;0;0;0;0;0;1503;0;0;88;0;80;0;
7502;1762265;1005330432;20713472;1098272768;0;0;0;0;0;0;0;0;0;0;0;1733;0;0;88;0;80;0;
7503;6618101;1005330432;20713472;1098272768;0;0;0;0;0;0;0;0;0;0;0;182382;0;0;88;0;80;0;
7504;5550880;1005330432;20713472;1098272768;0;0;0;0;0;0;0;0;0;0;0;4198;0;0;88;0;80;0;
7505;2812916;999006208;14209024;1091768320;0;0;0;0;0;0;0;0;0;0;0;2154;0;0;88;0;80;0;
7506;1998528;999006208;14209024;1091768320;0;0;0;0;0;0;0;0;0;0;0;1793;0;0;88;0;80;0;
7507;2721614;999006208;14209024;1091768320;0;0;0;0;0;0;0;0;0;0;0;1713;0;0;88;0;80;0;
7508;1982027;999006208;14209024;1091768320;0;0;0;0;0;0;0;0;0;0;0;1823;0;0;88;0;80;0;
7509;5393805;999006208;14209024;1091768320;0;0;0;0;0;0;0;0;0;0;0;2054;0;0;88;0;80;0;
7510;5077923;999006208;14209024;1091768320;0;0;0;0;0;0;0;0;0;0;0;3276;0;0;88;0;80;0;
7511;2912642;999006208;14209024;1091768320;0;0;0;0;0;0;0;0;0;0;0;1563;0;0;88;0;80;0;
7512;1647460;999006208;14209024;1091768320;0;0;0;0;0;0;0;0;0;0;0;1513;0;0;88;0;80;0;
7513;4866426;1001365504;20713472;1098272768;0;0;0;0;0;0;0;0;0;0;0;1824;0;0;88;0;80;0;
7514;2527449;1001365504;20713472;1098272768;0;0;0;0;0;0;0;0;0;0;0;2495;0;0;88;0;80;0;
7515;6147178;1003462656;20713472;1098272768;0;0;0;0;0;0;0;0;0;0;0;162685;0;0;88;0;80;0;
7516;4044716;1003462656;20713472;1098272768;0;0;0;0;0;0;0;0;0;0;0;1693;0;0;88;0;80;0;
7517;2827012;1003462656;20713472;1098272768;0;0;0;0;0;0;0;0;0;0;0;1713;0;0;88;0;80;0;
7518;1973200;1003462656;20713472;1098272768;0;0;0;0;0;0;0;0;0;0;0;1362;0;0;88;0;80;0;
7519;2846699;1003999232;20713472;1098272768;0;0;0;0;0;0;0;0;0;0;0;1573;0;0;88;0;80;0;
7520;1088031;1003999232;20713472;1098272768;0;0;0;0;0;0;0;0;0;0;0;1443;0;0;88;0;80;0;
7521;4242447;1005350912;20713472;1098272768;0;0;0;0;0;0;0;0;0;0;0;1383;0;0;88;0;80;0;
7522;3559936;1005350912;20713472;1098272768;0;0;0;0;0;0;0;0;0;0;0;1964;0;0;88;0;80;0;
7523;2965461;1005350912;20713472;1098272768;0;0;0;0;0;0;0;0;0;0;0;1473;0;0;88;0;80;0;
7524;1884765;1005350912;20713472;1098272768;0;0;0;0;0;0;0;0;0;0;0;1422;0;0;88;0;80;0;
7525;2996430;1005350912;20713472;1098272768;0;0;0;0;0;0;0;0;0;0;0;1312;0;0;88;0;80;0;
7526;1477010;1005350912;20713472;1098272768;0;0;0;0;0;0;0;0;0;0;0;1383;0;0;88;0;80;0;
7527;4777951;1005350912;20713472;1098272768;0;0;0;0;0;0;0;0;0;0;0;1413;0;0;88;0;80;0;
7528;3248212;1005350912;20713472;1098272768;0;0;0;0;0;0;0;0;0;0;0;1974;0;0;88;0;80;0;
7529;3201123;999026688;13148160;1090707456;0;0;0;0;0;0;0;0;0;0;0;1643;0;0;88;0;80;0;
7530;2159981;999026688;13148160;1090707456;0;0;0;0;0;0;0;0;0;0;0;1392;0;0;88;0;80;0;
7531;1890735;999026688;13148160;1090707456;0;0;0;0;0;0;0;0;0;0;0;1403;0;0;88;0;80;0;
7532;2255570;999026688;13148160;1090707456;0;0;0;0;0;0;0;0;0;0;0;1493;0;0;88;0;80;0;
7533;4630634;999026688;13148160;1090707456;0;0;0;0;0;0;0;0;0;0;0;1362;0;0;88;0;80;0;
7534;3564014;999026688;13148160;1090707456;0;0;0;0;0;0;0;0;0;0;0;2144;0;0;88;0;80;0;
7535;1768587;999026688;13148160;1090707456;0;0;0;0;0;0;0;0;0;0;0;1453;0;0;88;0;80;0;
7536;1845501;999026688;13148160;1090707456;0;0;0;0;0;0;0;0;0;0;0;1383;0;0;88;0;80;0;
7537;2450786;1000103936;20713472;1098272768;0;0;0;0;0;0;0;0;0;0;0;1422;0;0;88;0;80;0;
7538;1698756;1000103936;20713472;1098272768;0;0;0;0;0;0;0;0;0;0;0;1503;0;0;88;0;80;0;
7539;6024939;1002737664;20713472;1098272768;0;0;0;0;0;0;0;0;0;0;0;1463;0;0;88;0;80;0;
7540;3135420;1002737664;20713472;1098272768;0;0;0;0;0;0;0;0;0;0;0;1824;0;0;88;0;80;0;
7541;2159089;1004834816;20713472;1098272768;0;0;0;0;0;0;0;0;0;0;0;1503;0;0;88;0;80;0;
7542;1793634;1004834816;20713472;1098272768;0;0;0;0;0;0;0;0;0;0;0;11121;0;0;88;0;80;0;
7543;1928577;1004834816;20713472;1098272768;0;0;0;0;0;0;0;0;0;0;0;1373;0;0;88;0;80;0;
7544;1655284;1004834816;20713472;1098272768;0;0;0;0;0;0;0;0;0;0;0;1433;0;0;88;0;80;0;
7545;5093653;1005371392;20713472;1098272768;0;0;0;0;0;0;0;0;0;0;0;1343;0;0;88;0;80;0;
7546;2970210;1005371392;20713472;1098272768;0;0;0;0;0;0;0;0;0;0;0;1684;0;0;88;0;80;0;
7547;1769489;1005371392;20713472;1098272768;0;0;0;0;0;0;0;0;0;0;0;1653;0;0;88;0;80;0;
7548;1659632;1005371392;20713472;1098272768;0;0;0;0;0;0;0;0;0;0;0;1543;0;0;88;0;80;0;
7549;2345058;1005371392;20713472;1098272768;0;0;0;0;0;0;0;0;0;0;0;1372;0;0;88;0;80;0;
7550;1233884;1005371392;20713472;1098272768;0;0;0;0;0;0;0;0;0;0;0;1433;0;0;88;0;80;0;
7551;4627278;1005371392;20713472;1098272768;0;0;0;0;0;0;0;0;0;0;0;1433;0;0;88;0;80;0;
7552;3181065;1005371392;20713472;1098272768;0;0;0;0;0;0;0;0;0;0;0;2084;0;0;88;0;80;0;
7553;2408407;999047168;14209024;1091768320;0;0;0;0;0;0;0;0;0;0;0;97663;0;0;88;0;80;0;
7554;1203697;999047168;14209024;1091768320;0;0;0;0;0;0;0;0;0;0;0;1373;0;0;88;0;80;0;
7555;1820524;999047168;14209024;1091768320;0;0;0;0;0;0;0;0;0;0;0;1583;0;0;88;0;80;0;
7556;1379307;999047168;14209024;1091768320;0;0;0;0;0;0;0;0;0;0;0;1513;0;0;88;0;80;0;
7557;4629532;999047168;14209024;1091768320;0;0;0;0;0;0;0;0;0;0;0;1593;0;0;88;0;80;0;
7558;2890361;999047168;14209024;1091768320;0;0;0;0;0;0;0;0;0;0;0;1703;0;0;88;0;80;0;
7559;1856161;999047168;14209024;1091768320;0;0;0;0;0;0;0;0;0;0;0;1543;0;0;88;0;80;0;
7560;1121093;999047168;14209024;1091768320;0;0;0;0;0;0;0;0;0;0;0;1664;0;0;88;0;80;0;
7561;2112772;1001406464;20713472;1098272768;0;0;0;0;0;0;0;0;0;0;0;1383;0;0;88;0;80;0;
7562;1863845;1001406464;20713472;1098272768;0;0;0;0;0;0;0;0;0;0;0;1402;0;0;88;0;80;0;
7563;5520052;1003503616;20713472;1098272768;0;0;0;0;0;0;0;0;0;0;0;1513;0;0;88;0;80;0;
7564;3765752;1003503616;20713472;1098272768;0;0;0;0;0;0;0;0;0;0;0;1894;0;0;88;0;80;0;
7565;2711645;1003503616;20713472;1098272768;0;0;0;0;0;0;0;0;0;0;0;1413;0;0;88;0;80;0;
7566;1429791;1003503616;20713472;1098272768;0;0;0;0;0;0;0;0;0;0;0;1453;0;0;88;0;80;0;
7567;1887890;1004040192;20713472;1098272768;0;0;0;0;0;0;0;0;0;0;0;1353;0;0;88;0;80;0;
7568;1222713;1004040192;20713472;1098272768;0;0;0;0;0;0;0;0;0;0;0;1462;0;0;88;0;80;0;
7569;5370151;1005391872;20713472;1098272768;0;0;0;0;0;0;0;0;0;0;0;1613;0;0;88;0;80;0;
7570;3619137;1005391872;20713472;1098272768;0;0;0;0;0;0;0;0;0;0;0;1442;0;0;88;0;80;0;
7571;1996755;1005391872;20713472;1098272768;0;0;0;0;0;0;0;0;0;0;0;1422;0;0;88;0;80;0;
7572;1906375;1005391872;20713472;1098272768;0;0;0;0;0;0;0;0;0;0;0;1393;0;0;88;0;80;0;
7573;1883072;1005391872;20713472;1098272768;0;0;0;0;0;0;0;0;0;0;0;1403;0;0;88;0;80;0;
7574;1356775;1005391872;20713472;1098272768;0;0;0;0;0;0;0;0;0;0;0;1683;0;0;88;0;80;0;
7575;4718849;1005391872;20717568;1098276864;0;0;0;0;0;0;0;0;0;0;0;2004;0;0;88;0;80;0;
7576;3082441;1005391872;20725760;1098285056;0;0;0;0;0;0;0;0;0;0;0;1724;0;0;88;0;80;0;
7577;2876124;999079936;13160448;1090719744;0;0;0;0;0;0;0;0;0;0;0;1593;0;0;88;0;80;0;
7578;1370991;999079936;13160448;1090719744;0;0;0;0;0;0;0;0;0;0;0;1673;0;0;88;0;80;0;
7579;2938331;999079936;13160448;1090719744;0;0;0;0;0;0;0;0;0;0;0;1603;0;0;88;0;80;0;
7580;1990383;999079936;13160448;1090719744;0;0;0;0;0;0;0;0;0;0;0;3327;0;0;88;0;80;0;
7581;4888157;1000157184;20725760;1098285056;0;0;0;0;0;0;0;0;0;0;0;1553;0;0;88;0;80;0;
7582;2026641;1002790912;20725760;1098285056;0;0;0;0;0;0;0;0;0;0;0;1794;0;0;88;0;80;0;
7583;2133471;1004888064;20725760;1098285056;0;0;0;0;0;0;0;0;0;0;0;1623;0;0;88;0;80;0;
7584;2018596;1004888064;20725760;1098285056;0;0;0;0;0;0;0;0;0;0;0;1473;0;0;88;0;80;0;
7585;2876685;1005424640;20725760;1098285056;0;0;0;0;0;0;0;0;0;0;0;1513;0;0;88;0;80;0;
7586;1133646;1005424640;20725760;1098285056;0;0;0;0;0;0;0;0;0;0;0;1452;0;0;88;0;80;0;
7587;4483158;1005424640;20725760;1098285056;0;0;0;0;0;0;0;0;0;0;0;1383;0;0;88;0;80;0;
7588;2257835;1005424640;20725760;1098285056;0;0;0;0;0;0;0;0;0;0;0;1683;0;0;88;0;80;0;
7589;1729704;1005490176;20717568;1098276864;0;0;0;0;0;0;0;0;0;0;0;1623;0;0;88;0;80;0;
7590;1940289;1005490176;20717568;1098276864;0;0;0;0;0;0;0;0;0;0;0;1513;0;0;88;0;80;0;
7591;2343315;1005490176;20717568;1098276864;0;0;0;0;0;0;0;0;0;0;0;1372;0;0;88;0;80;0;
7592;1432116;1005490176;20717568;1098276864;0;0;0;0;0;0;0;0;0;0;0;1893;0;0;88;0;80;0;
7593;4393920;1005490176;20717568;1098276864;0;0;0;0;0;0;0;0;0;0;0;1502;0;0;88;0;80;0;
7594;1901415;1005490176;20717568;1098276864;0;0;0;0;0;0;0;0;0;0;0;1643;0;0;88;0;80;0;
7595;1491938;1005506560;20713472;1098272768;0;0;0;0;0;0;0;0;0;0;0;1623;0;0;88;0;80;0;
7596;1446663;1005506560;20713472;1098272768;0;0;0;0;0;0;0;0;0;0;0;1413;0;0;88;0;80;0;
7597;1454407;1005506560;20713472;1098272768;0;0;0;0;0;0;0;0;0;0;0;1393;0;0;88;0;80;0;
7598;1158433;1005506560;20713472;1098272768;0;0;0;0;0;0;0;0;0;0;0;1363;0;0;88;0;80;0;
7599;4757953;1005506560;20713472;1098272768;0;0;0;0;0;0;0;0;0;0;0;1372;0;0;88;0;80;0;
7600;2692059;1005506560;20713472;1098272768;0;0;0;0;0;0;0;0;0;0;0;1814;0;0;88;0;80;0;
7601;1965977;999088128;13148160;1090707456;0;0;0;0;0;0;0;0;0;0;0;1683;0;0;88;0;80;0;
7602;894788;999088128;13148160;1090707456;0;0;0;0;0;0;0;0;0;0;0;1403;0;0;88;0;80;0;
7603;1324004;999088128;13148160;1090707456;0;0;0;0;0;0;0;0;0;0;0;1462;0;0;88;0;80;0;
7604;860554;999088128;13148160;1090707456;0;0;0;0;0;0;0;0;0;0;0;1572;0;0;88;0;80;0;
7605;4205086;999088128;13148160;1090707456;0;0;0;0;0;0;0;0;0;0;0;1573;0;0;88;0;80;0;
7606;2537318;999088128;13148160;1090707456;0;0;0;0;0;0;0;0;0;0;0;1833;0;0;88;0;80;0;
7607;1677395;999088128;13148160;1090707456;0;0;0;0;0;0;0;0;0;0;0;1793;0;0;88;0;80;0;
7608;1302773;999088128;13148160;1090707456;0;0;0;0;0;0;0;0;0;0;0;1603;0;0;88;0;80;0;
7609;1884354;1000165376;20713472;1098272768;0;0;0;0;0;0;0;0;0;0;0;1423;0;0;88;0;80;0;
7610;1385508;1000165376;20713472;1098272768;0;0;0;0;0;0;0;0;0;0;0;1343;0;0;88;0;80;0;
7611;4561514;1002799104;20713472;1098272768;0;0;0;0;0;0;0;0;0;0;0;1393;0;0;88;0;80;0;
7612;1403322;1002799104;20713472;1098272768;0;0;0;0;0;0;0;0;0;0;0;1884;0;0;88;0;80;0;
7613;1637461;1004896256;20713472;1098272768;0;0;0;0;0;0;0;0;0;0;0;1683;0;0;88;0;80;0;
7614;907211;1004896256;20713472;1098272768;0;0;0;0;0;0;0;0;0;0;0;1513;0;0;88;0;80;0;
7615;1856862;1004896256;20713472;1098272768;0;0;0;0;0;0;0;0;0;0;0;1412;0;0;88;0;80;0;
7616;1459978;1004896256;20713472;1098272768;0;0;0;0;0;0;0;0;0;0;0;1422;0;0;88;0;80;0;
7617;4380034;1005432832;20713472;1098272768;0;0;0;0;0;0;0;0;0;0;0;1493;0;0;88;0;80;0;
7618;1813821;1005432832;20713472;1098272768;0;0;0;0;0;0;0;0;0;0;0;1894;0;0;88;0;80;0;
7619;1418430;1005432832;20713472;1098272768;0;0;0;0;0;0;0;0;0;0;0;1623;0;0;88;0;80;0;
7620;1162330;1005432832;20713472;1098272768;0;0;0;0;0;0;0;0;0;0;0;1684;0;0;88;0;80;0;
7621;1478592;1005432832;20713472;1098272768;0;0;0;0;0;0;0;0;0;0;0;1373;0;0;88;0;80;0;
7622;1088321;1005432832;20713472;1098272768;0;0;0;0;0;0;0;0;0;0;0;1403;0;0;88;0;80;0;
7623;4534384;1005432832;20713472;1098272768;0;0;0;0;0;0;0;0;0;0;0;1493;0;0;88;0;80;0;
7624;2211888;1005432832;20713472;1098272768;0;0;0;0;0;0;0;0;0;0;0;1713;0;0;88;0;80;0;
7625;2836219;999108608;14209024;1091768320;0;0;0;0;0;0;0;0;0;0;0;1453;0;0;88;0;80;0;
7626;1108339;999108608;14209024;1091768320;0;0;0;0;0;0;0;0;0;0;0;1412;0;0;88;0;80;0;
7627;1756274;999108608;14209024;1091768320;0;0;0;0;0;0;0;0;0;0;0;1543;0;0;88;0;80;0;
7628;1366172;999108608;14209024;1091768320;0;0;0;0;0;0;0;0;0;0;0;1573;0;0;88;0;80;0;
7629;4116279;999108608;14209024;1091768320;0;0;0;0;0;0;0;0;0;0;0;1943;0;0;88;0;80;0;
7630;2832362;999108608;14209024;1091768320;0;0;0;0;0;0;0;0;0;0;0;1443;0;0;88;0;80;0;
7631;1846082;999108608;14209024;1091768320;0;0;0;0;0;0;0;0;0;0;0;1463;0;0;88;0;80;0;
7632;1057272;999108608;14209024;1091768320;0;0;0;0;0;0;0;0;0;0;0;1353;0;0;88;0;80;0;
7633;2340419;1001467904;20713472;1098272768;0;0;0;0;0;0;0;0;0;0;0;1453;0;0;88;0;80;0;
7634;1813230;1001467904;20713472;1098272768;0;0;0;0;0;0;0;0;0;0;0;1393;0;0;88;0;80;0;
7635;4730702;1003565056;20713472;1098272768;0;0;0;0;0;0;0;0;0;0;0;1542;0;0;88;0;80;0;
7636;3704187;1003565056;20713472;1098272768;0;0;0;0;0;0;0;0;0;0;0;2335;0;0;88;0;80;0;
7637;1826024;1003565056;20713472;1098272768;0;0;0;0;0;0;0;0;0;0;0;1733;0;0;88;0;80;0;
7638;1187998;1003565056;20713472;1098272768;0;0;0;0;0;0;0;0;0;0;0;2054;0;0;88;0;80;0;
7639;1898510;1004101632;20713472;1098272768;0;0;0;0;0;0;0;0;0;0;0;1453;0;0;88;0;80;0;
7640;1129539;1004101632;20713472;1098272768;0;0;0;0;0;0;0;0;0;0;0;1373;0;0;88;0;80;0;
7641;5425364;1005453312;20713472;1098272768;0;0;0;0;0;0;0;0;0;0;0;1462;0;0;88;0;80;0;
7642;2134373;1005453312;20713472;1098272768;0;0;0;0;0;0;0;0;0;0;0;1432;0;0;88;0;80;0;
7643;2146245;1005453312;20713472;1098272768;0;0;0;0;0;0;0;0;0;0;0;1853;0;0;88;0;80;0;
7644;1523127;1005453312;20713472;1098272768;0;0;0;0;0;0;0;0;0;0;0;1703;0;0;88;0;80;0;
7645;2179287;1005453312;20713472;1098272768;0;0;0;0;0;0;0;0;0;0;0;1773;0;0;88;0;80;0;
7646;1306410;1005453312;20713472;1098272768;0;0;0;0;0;0;0;0;0;0;0;1563;0;0;88;0;80;0;
7647;4594927;1005453312;20713472;1098272768;0;0;0;0;0;0;0;0;0;0;0;1423;0;0;88;0;80;0;
7648;2888056;1005453312;20713472;1098272768;0;0;0;0;0;0;0;0;0;0;0;1824;0;0;88;0;80;0;
7649;2794060;999129088;13148160;1090707456;0;0;0;0;0;0;0;0;0;0;0;1573;0;0;88;0;80;0;
7650;1839901;999129088;13148160;1090707456;0;0;0;0;0;0;0;0;0;0;0;1493;0;0;88;0;80;0;
7651;1728592;999129088;13148160;1090707456;0;0;0;0;0;0;0;0;0;0;0;1363;0;0;88;0;80;0;
7652;1369979;999129088;13148160;1090707456;0;0;0;0;0;0;0;0;0;0;0;1373;0;0;88;0;80;0;
7653;4387759;999129088;13148160;1090707456;0;0;0;0;0;0;0;0;0;0;0;1373;0;0;88;0;80;0;
7654;2360968;999129088;13148160;1090707456;0;0;0;0;0;0;0;0;0;0;0;2024;0;0;88;0;80;0;
7655;1746886;999129088;13148160;1090707456;0;0;0;0;0;0;0;0;0;0;0;1784;0;0;88;0;80;0;
7656;2216647;999129088;13148160;1090707456;0;0;0;0;0;0;0;0;0;0;0;1583;0;0;88;0;80;0;
7657;2964409;1000206336;20713472;1098272768;0;0;0;0;0;0;0;0;0;0;0;1453;0;0;88;0;80;0;
7658;1730275;1000206336;20713472;1098272768;0;0;0;0;0;0;0;0;0;0;0;1522;0;0;88;0;80;0;
7659;4839596;1002840064;20713472;1098272768;0;0;0;0;0;0;0;0;0;0;0;1503;0;0;88;0;80;0;
7660;2769133;1002840064;20713472;1098272768;0;0;0;0;0;0;0;0;0;0;0;1743;0;0;88;0;80;0;
7661;1994941;1004937216;20713472;1098272768;0;0;0;0;0;0;0;0;0;0;0;1723;0;0;88;0;80;0;
7662;1392792;1004937216;20713472;1098272768;0;0;0;0;0;0;0;0;0;0;0;1623;0;0;88;0;80;0;
7663;2062718;1004937216;20713472;1098272768;0;0;0;0;0;0;0;0;0;0;0;1653;0;0;88;0;80;0;
7664;1585133;1004937216;20713472;1098272768;0;0;0;0;0;0;0;0;0;0;0;1423;0;0;88;0;80;0;
7665;4383781;1005473792;20713472;1098272768;0;0;0;0;0;0;0;0;0;0;0;1362;0;0;88;0;80;0;
7666;2376487;1005473792;20713472;1098272768;0;0;0;0;0;0;0;0;0;0;0;1553;0;0;88;0;80;0;
7667;1536732;1005473792;20713472;1098272768;0;0;0;0;0;0;0;0;0;0;0;1563;0;0;88;0;80;0;
7668;1325836;1005473792;20713472;1098272768;0;0;0;0;0;0;0;0;0;0;0;1603;0;0;88;0;80;0;
7669;1744923;1005473792;20713472;1098272768;0;0;0;0;0;0;0;0;0;0;0;1393;0;0;88;0;80;0;
7670;1120681;1005473792;20713472;1098272768;0;0;0;0;0;0;0;0;0;0;0;1353;0;0;88;0;80;0;
7671;3958975;1005473792;20713472;1098272768;0;0;0;0;0;0;0;0;0;0;0;1472;0;0;88;0;80;0;
7672;3264302;1005473792;20713472;1098272768;0;0;0;0;0;0;0;0;0;0;0;1944;0;0;88;0;80;0;
7673;1848937;999149568;14209024;1091768320;0;0;0;0;0;0;0;0;0;0;0;1753;0;0;88;0;80;0;
7674;1263359;999149568;14209024;1091768320;0;0;0;0;0;0;0;0;0;0;0;1473;0;0;88;0;80;0;
7675;2094277;999149568;14209024;1091768320;0;0;0;0;0;0;0;0;0;0;0;1443;0;0;88;0;80;0;
7676;1149355;999149568;14209024;1091768320;0;0;0;0;0;0;0;0;0;0;0;1392;0;0;88;0;80;0;
7677;4140075;999149568;14209024;1091768320;0;0;0;0;0;0;0;0;0;0;0;1623;0;0;88;0;80;0;
7678;2876264;999149568;14209024;1091768320;0;0;0;0;0;0;0;0;0;0;0;1653;0;0;88;0;80;0;
7679;1937593;999149568;14209024;1091768320;0;0;0;0;0;0;0;0;0;0;0;1483;0;0;88;0;80;0;
7680;1393463;999149568;14209024;1091768320;0;0;0;0;0;0;0;0;0;0;0;1433;0;0;88;0;80;0;
7681;2032402;1001508864;20713472;1098272768;0;0;0;0;0;0;0;0;0;0;0;1563;0;0;88;0;80;0;
7682;1250595;1001508864;20713472;1098272768;0;0;0;0;0;0;0;0;0;0;0;1422;0;0;88;0;80;0;
7683;5029853;1003606016;20713472;1098272768;0;0;0;0;0;0;0;0;0;0;0;1363;0;0;88;0;80;0;
7684;2806343;1003606016;20713472;1098272768;0;0;0;0;0;0;0;0;0;0;0;1403;0;0;88;0;80;0;
7685;2481524;1003606016;20713472;1098272768;0;0;0;0;0;0;0;0;0;0;0;120797;0;0;88;0;80;0;
7686;2153338;1003606016;20713472;1098272768;0;0;0;0;0;0;0;0;0;0;0;1473;0;0;88;0;80;0;
7687;2313429;1004142592;20713472;1098272768;0;0;0;0;0;0;0;0;0;0;0;1412;0;0;88;0;80;0;
7688;1260895;1004142592;20713472;1098272768;0;0;0;0;0;0;0;0;0;0;0;1383;0;0;88;0;80;0;
7689;4620996;1004142592;20713472;1098272768;0;0;0;0;0;0;0;0;0;0;0;1433;0;0;88;0;80;0;
7690;2610576;1004142592;20713472;1098272768;0;0;0;0;0;0;0;0;0;0;0;1593;0;0;88;0;80;0;
7691;2858521;1004142592;20713472;1098272768;0;0;0;0;0;0;0;0;0;0;0;1492;0;0;88;0;80;0;
7692;1775099;1004142592;20713472;1098272768;0;0;0;0;0;0;0;0;0;0;0;1402;0;0;88;0;80;0;
7693;2112392;1004142592;20713472;1098272768;0;0;0;0;0;0;0;0;0;0;0;1483;0;0;88;0;80;0;
7694;1802761;1004142592;20713472;1098272768;0;0;0;0;0;0;0;0;0;0;0;1443;0;0;88;0;80;0;
7695;4545685;1004142592;20713472;1098272768;0;0;0;0;0;0;0;0;0;0;0;1553;0;0;88;0;80;0;
7696;2765937;1004142592;20713472;1098272768;0;0;0;0;0;0;0;0;0;0;0;1723;0;0;88;0;80;0;
7697;1958002;1004142592;20713472;1098272768;0;0;0;0;0;0;0;0;0;0;0;1543;0;0;88;0;80;0;
7698;1242711;1004142592;20713472;1098272768;0;0;0;0;0;0;0;0;0;0;0;1403;0;0;88;0;80;0;
7699;1985073;1004142592;20713472;1098272768;0;0;0;0;0;0;0;0;0;0;0;1412;0;0;88;0;80;0;
7700;1578600;1004142592;20713472;1098272768;0;0;0;0;0;0;0;0;0;0;0;1382;0;0;88;0;80;0;
7701;4386687;1004142592;20713472;1098272768;0;0;0;0;0;0;0;0;0;0;0;1393;0;0;88;0;80;0;
7702;2698792;1004142592;20713472;1098272768;0;0;0;0;0;0;0;0;0;0;0;2084;0;0;88;0;80;0;
7703;2408197;999170048;14209024;1091768320;0;0;0;0;0;0;0;0;0;0;0;1833;0;0;88;0;80;0;
7704;1875808;999170048;14209024;1091768320;0;0;0;0;0;0;0;0;0;0;0;1422;0;0;88;0;80;0;
7705;1379858;999170048;14209024;1091768320;0;0;0;0;0;0;0;0;0;0;0;1373;0;0;88;0;80;0;
7706;1319285;999170048;14209024;1091768320;0;0;0;0;0;0;0;0;0;0;0;1463;0;0;88;0;80;0;
7707;4728598;1001529344;20713472;1098272768;0;0;0;0;0;0;0;0;0;0;0;1393;0;0;88;0;80;0;
7708;3078914;1003626496;20713472;1098272768;0;0;0;0;0;0;0;0;0;0;0;1914;0;0;88;0;80;0;
7709;1485425;1003626496;20713472;1098272768;0;0;0;0;0;0;0;0;0;0;0;1473;0;0;88;0;80;0;
7710;1826806;1003626496;20713472;1098272768;0;0;0;0;0;0;0;0;0;0;0;1433;0;0;88;0;80;0;
7711;2389040;1004163072;20713472;1098272768;0;0;0;0;0;0;0;0;0;0;0;1703;0;0;88;0;80;0;
7712;2141656;1004163072;20713472;1098272768;0;0;0;0;0;0;0;0;0;0;0;1593;0;0;88;0;80;0;
7713;4472638;1004163072;20713472;1098272768;0;0;0;0;0;0;0;0;0;0;0;1653;0;0;88;0;80;0;
7714;3043718;1004163072;20713472;1098272768;0;0;0;0;0;0;0;0;0;0;0;1533;0;0;88;0;80;0;
7715;2400091;1004163072;20713472;1098272768;0;0;0;0;0;0;0;0;0;0;0;1413;0;0;88;0;80;0;
7716;2000131;1004163072;20713472;1098272768;0;0;0;0;0;0;0;0;0;0;0;1473;0;0;88;0;80;0;
7717;2160973;1004163072;20713472;1098272768;0;0;0;0;0;0;0;0;0;0;0;1373;0;0;88;0;80;0;
7718;1755442;1004163072;20713472;1098272768;0;0;0;0;0;0;0;0;0;0;0;1372;0;0;88;0;80;0;
7719;4074902;1004163072;20713472;1098272768;0;0;0;0;0;0;0;0;0;0;0;1393;0;0;88;0;80;0;
7720;2492044;1004163072;20713472;1098272768;0;0;0;0;0;0;0;0;0;0;0;1563;0;0;88;0;80;0;
7721;1860219;1004163072;20713472;1098272768;0;0;0;0;0;0;0;0;0;0;0;1843;0;0;88;0;80;0;
7722;1745804;1004163072;20713472;1098272768;0;0;0;0;0;0;0;0;0;0;0;1243;0;0;88;0;80;0;
7723;3056312;1004163072;20713472;1098272768;0;0;0;0;0;0;0;0;0;0;0;1402;0;0;88;0;80;0;
7724;1747958;1004163072;20713472;1098272768;0;0;0;0;0;0;0;0;0;0;0;1423;0;0;88;0;80;0;
7725;4708490;1004163072;20713472;1098272768;0;0;0;0;0;0;0;0;0;0;0;1613;0;0;88;0;80;0;
7726;4153750;1004163072;20713472;1098272768;0;0;0;0;0;0;0;0;0;0;0;1633;0;0;88;0;80;0;
7727;1972158;999190528;14209024;1091768320;0;0;0;0;0;0;0;0;0;0;0;1753;0;0;88;0;80;0;
7728;995537;999190528;14209024;1091768320;0;0;0;0;0;0;0;0;0;0;0;1413;0;0;88;0;80;0;
7729;2044283;999190528;14209024;1091768320;0;0;0;0;0;0;0;0;0;0;0;1443;0;0;88;0;80;0;
7730;1872812;999190528;14209024;1091768320;0;0;0;0;0;0;0;0;0;0;0;1493;0;0;88;0;80;0;
7731;5204761;1001549824;20713472;1098272768;0;0;0;0;0;0;0;0;0;0;0;1423;0;0;88;0;80;0;
7732;2604986;1003646976;20713472;1098272768;0;0;0;0;0;0;0;0;0;0;0;2335;0;0;88;0;80;0;
7733;2690826;1003646976;20713472;1098272768;0;0;0;0;0;0;0;0;0;0;0;1864;0;0;88;0;80;0;
7734;1778426;1003646976;20713472;1098272768;0;0;0;0;0;0;0;0;0;0;0;1784;0;0;88;0;80;0;
7735;1862182;1004183552;20713472;1098272768;0;0;0;0;0;0;0;0;0;0;0;1413;0;0;88;0;80;0;
7736;1511965;1004183552;20713472;1098272768;0;0;0;0;0;0;0;0;0;0;0;1463;0;0;88;0;80;0;
7737;5551511;1004183552;20713472;1098272768;0;0;0;0;0;0;0;0;0;0;0;1343;0;0;88;0;80;0;
7738;2531438;1004183552;20713472;1098272768;0;0;0;0;0;0;0;0;0;0;0;1493;0;0;88;0;80;0;
7739;1979933;1004183552;20713472;1098272768;0;0;0;0;0;0;0;0;0;0;0;2204;0;0;88;0;80;0;
7740;2189055;1004183552;20713472;1098272768;0;0;0;0;0;0;0;0;0;0;0;1543;0;0;88;0;80;0;
7741;2135285;1004183552;20713472;1098272768;0;0;0;0;0;0;0;0;0;0;0;1463;0;0;88;0;80;0;
7742;1830012;1004183552;20713472;1098272768;0;0;0;0;0;0;0;0;0;0;0;1603;0;0;88;0;80;0;
7743;5477051;1004183552;20713472;1098272768;0;0;0;0;0;0;0;0;0;0;0;1532;0;0;88;0;80;0;
7744;3137254;1004183552;20713472;1098272768;0;0;0;0;0;0;0;0;0;0;0;2154;0;0;88;0;80;0;
7745;1812078;1004183552;20713472;1098272768;0;0;0;0;0;0;0;0;0;0;0;2094;0;0;88;0;80;0;
7746;1947352;1004183552;20713472;1098272768;0;0;0;0;0;0;0;0;0;0;0;1683;0;0;88;0;80;0;
7747;2473259;1004183552;20713472;1098272768;0;0;0;0;0;0;0;0;0;0;0;1533;0;0;88;0;80;0;
7748;1598778;1004183552;20713472;1098272768;0;0;0;0;0;0;0;0;0;0;0;1393;0;0;88;0;80;0;
7749;4693763;1004183552;20713472;1098272768;0;0;0;0;0;0;0;0;0;0;0;1453;0;0;88;0;80;0;
7750;3616372;1004183552;20713472;1098272768;0;0;0;0;0;0;0;0;0;0;0;1824;0;0;88;0;80;0;
7751;2400942;999211008;14209024;1091768320;0;0;0;0;0;0;0;0;0;0;0;1593;0;0;88;0;80;0;
7752;2174348;999211008;14209024;1091768320;0;0;0;0;0;0;0;0;0;0;0;1473;0;0;88;0;80;0;
7753;2197030;999211008;14209024;1091768320;0;0;0;0;0;0;0;0;0;0;0;1463;0;0;88;0;80;0;
7754;2067437;999211008;14209024;1091768320;0;0;0;0;0;0;0;0;0;0;0;1463;0;0;88;0;80;0;
7755;7654194;1001570304;20713472;1098272768;0;0;0;0;0;0;0;0;0;0;0;1613;0;0;88;0;80;0;
7756;10487608;1003667456;20713472;1098272768;0;0;0;0;0;0;0;0;0;0;0;2815;0;0;88;0;80;0;
7757;2518383;1003667456;20713472;1098272768;0;0;0;0;0;0;0;0;0;0;0;1643;0;0;88;0;80;0;
7758;1923458;1003667456;20713472;1098272768;0;0;0;0;0;0;0;0;0;0;0;1443;0;0;88;0;80;0;
7759;3144607;1004204032;20713472;1098272768;0;0;0;0;0;0;0;0;0;0;0;1673;0;0;88;0;80;0;
7760;1906936;1004204032;20713472;1098272768;0;0;0;0;0;0;0;0;0;0;0;1563;0;0;88;0;80;0;
7761;4722286;1004204032;20713472;1098272768;0;0;0;0;0;0;0;0;0;0;0;1382;0;0;88;0;80;0;
7762;3451523;1004204032;20713472;1098272768;0;0;0;0;0;0;0;0;0;0;0;2204;0;0;88;0;80;0;
7763;2518253;1004204032;20713472;1098272768;0;0;0;0;0;0;0;0;0;0;0;1503;0;0;88;0;80;0;
7764;2161905;1004204032;20713472;1098272768;0;0;0;0;0;0;0;0;0;0;0;1533;0;0;88;0;80;0;
7765;2566102;1004204032;20713472;1098272768;0;0;0;0;0;0;0;0;0;0;0;1573;0;0;88;0;80;0;
7766;2014759;1004204032;20713472;1098272768;0;0;0;0;0;0;0;0;0;0;0;1694;0;0;88;0;80;0;
7767;5092239;1004474368;20713472;1098272768;0;0;0;0;0;0;0;0;0;0;0;1413;0;0;88;0;80;0;
7768;3190884;1004474368;20713472;1098272768;0;0;0;0;0;0;0;0;0;0;0;1643;0;0;88;0;80;0;
7769;2446538;1004474368;20713472;1098272768;0;0;0;0;0;0;0;0;0;0;0;1573;0;0;88;0;80;0;
7770;2671450;1004474368;20713472;1098272768;0;0;0;0;0;0;0;0;0;0;0;1443;0;0;88;0;80;0;
7771;1805887;1004474368;20713472;1098272768;0;0;0;0;0;0;0;0;0;0;0;1422;0;0;88;0;80;0;
7772;2065294;1004474368;20713472;1098272768;0;0;0;0;0;0;0;0;0;0;0;1453;0;0;88;0;80;0;
7773;5059819;1004474368;20717568;1098276864;0;0;0;0;0;0;0;0;0;0;0;1573;0;0;88;0;80;0;
7774;3085807;1004474368;20725760;1098285056;0;0;0;0;0;0;0;0;0;0;0;1482;0;0;88;0;80;0;
7775;2597962;999243776;14221312;1091780608;0;0;0;0;0;0;0;0;0;0;0;1694;0;0;88;0;80;0;
7776;1872542;999243776;14221312;1091780608;0;0;0;0;0;0;0;0;0;0;0;1483;0;0;88;0;80;0;
7777;2728717;999243776;14221312;1091780608;0;0;0;0;0;0;0;0;0;0;0;1362;0;0;88;0;80;0;
7778;2204805;999243776;14221312;1091780608;0;0;0;0;0;0;0;0;0;0;0;1432;0;0;88;0;80;0;
7779;5694299;1001603072;20725760;1098285056;0;0;0;0;0;0;0;0;0;0;0;1403;0;0;88;0;80;0;
7780;3652028;1003700224;20725760;1098285056;0;0;0;0;0;0;0;0;0;0;0;1804;0;0;88;0;80;0;
7781;2837111;1003700224;20725760;1098285056;0;0;0;0;0;0;0;0;0;0;0;1493;0;0;88;0;80;0;
7782;2138761;1003700224;20725760;1098285056;0;0;0;0;0;0;0;0;0;0;0;1443;0;0;88;0;80;0;
7783;2666822;1004507136;20725760;1098285056;0;0;0;0;0;0;0;0;0;0;0;1452;0;0;88;0;80;0;
7784;1658090;1004507136;20725760;1098285056;0;0;0;0;0;0;0;0;0;0;0;1442;0;0;88;0;80;0;
7785;5175265;1004507136;20725760;1098285056;0;0;0;0;0;0;0;0;0;0;0;1452;0;0;88;0;80;0;
7786;3654974;1004507136;20725760;1098285056;0;0;0;0;0;0;0;0;0;0;0;1833;0;0;88;0;80;0;
7787;1743349;1004515328;20717568;1098276864;0;0;0;0;0;0;0;0;0;0;0;1663;0;0;88;0;80;0;
7788;2158308;1004515328;20717568;1098276864;0;0;0;0;0;0;0;0;0;0;0;1453;0;0;88;0;80;0;
7789;2443402;1004515328;20717568;1098276864;0;0;0;0;0;0;0;0;0;0;0;1432;0;0;88;0;80;0;
7790;1597947;1004515328;20717568;1098276864;0;0;0;0;0;0;0;0;0;0;0;1593;0;0;88;0;80;0;
7791;4833935;1004515328;20717568;1098276864;0;0;0;0;0;0;0;0;0;0;0;1383;0;0;88;0;80;0;
7792;2731382;1004515328;20717568;1098276864;0;0;0;0;0;0;0;0;0;0;0;1603;0;0;88;0;80;0;
7793;2686208;1004527616;20713472;1098272768;0;0;0;0;0;0;0;0;0;0;0;1653;0;0;88;0;80;0;
7794;2202380;1004527616;20713472;1098272768;0;0;0;0;0;0;0;0;0;0;0;5089;0;0;88;0;80;0;
7795;3851383;1004527616;20713472;1098272768;0;0;0;0;0;0;0;0;0;0;0;2265;0;0;88;0;80;0;
7796;2510208;1004527616;20713472;1098272768;0;0;0;0;0;0;0;0;0;0;0;3587;0;0;88;0;80;0;
7797;5582049;1004527616;20713472;1098272768;0;0;0;0;0;0;0;0;0;0;0;2144;0;0;88;0;80;0;
7798;5694179;1004527616;20713472;1098272768;0;0;0;0;0;0;0;0;0;0;0;4569;0;0;88;0;80;0;
7799;2474270;999251968;14209024;1091768320;0;0;0;0;0;0;0;0;0;0;0;2475;0;0;88;0;80;0;
7800;1109290;999251968;14209024;1091768320;0;0;0;0;0;0;0;0;0;0;0;1553;0;0;88;0;80;0;
7801;3394346;999251968;14209024;1091768320;0;0;0;0;0;0;0;0;0;0;0;2204;0;0;88;0;80;0;
7802;3053666;999251968;14209024;1091768320;0;0;0;0;0;0;0;0;0;0;0;2826;0;0;88;0;80;0;
7803;5353781;1001611264;20713472;1098272768;0;0;0;0;0;0;0;0;0;0;0;1492;0;0;88;0;80;0;
7804;5230319;1003708416;20713472;1098272768;0;0;0;0;0;0;0;0;0;0;0;4027;0;0;88;0;80;0;
7805;1772765;1003708416;20713472;1098272768;0;0;0;0;0;0;0;0;0;0;0;1623;0;0;88;0;80;0;
7806;2065483;1003708416;20713472;1098272768;0;0;0;0;0;0;0;0;0;0;0;2185;0;0;88;0;80;0;
7807;3768999;1004515328;20713472;1098272768;0;0;0;0;0;0;0;0;0;0;0;1733;0;0;88;0;80;0;
7808;1772043;1004515328;20713472;1098272768;0;0;0;0;0;0;0;0;0;0;0;1983;0;0;88;0;80;0;
7809;4126369;1004515328;20713472;1098272768;0;0;0;0;0;0;0;0;0;0;0;1442;0;0;88;0;80;0;
7810;2883287;1004515328;20713472;1098272768;0;0;0;0;0;0;0;0;0;0;0;2625;0;0;88;0;80;0;
7811;2009158;1004515328;20713472;1098272768;0;0;0;0;0;0;0;0;0;0;0;1523;0;0;88;0;80;0;
7812;2109826;1004515328;20713472;1098272768;0;0;0;0;0;0;0;0;0;0;0;1864;0;0;88;0;80;0;
7813;2306065;1004515328;20713472;1098272768;0;0;0;0;0;0;0;0;0;0;0;1543;0;0;88;0;80;0;
7814;1546410;1004515328;20713472;1098272768;0;0;0;0;0;0;0;0;0;0;0;2294;0;0;88;0;80;0;
7815;4417525;1004515328;20713472;1098272768;0;0;0;0;0;0;0;0;0;0;0;1573;0;0;88;0;80;0;
7816;3116885;1004515328;20713472;1098272768;0;0;0;0;0;0;0;0;0;0;0;3306;0;0;88;0;80;0;
7817;2436329;1004515328;20713472;1098272768;0;0;0;0;0;0;0;0;0;0;0;2435;0;0;88;0;80;0;
7818;1360672;1004515328;20713472;1098272768;0;0;0;0;0;0;0;0;0;0;0;1483;0;0;88;0;80;0;
7819;2558177;1004515328;20713472;1098272768;0;0;0;0;0;0;0;0;0;0;0;1352;0;0;88;0;80;0;
7820;2599695;1004515328;20713472;1098272768;0;0;0;0;0;0;0;0;0;0;0;2134;0;0;88;0;80;0;
7821;4868590;1004515328;20713472;1098272768;0;0;0;0;0;0;0;0;0;0;0;2124;0;0;88;0;80;0;
7822;1938235;1004515328;20713472;1098272768;0;0;0;0;0;0;0;0;0;0;0;3015;0;0;88;0;80;0;
7823;3025944;999276544;14209024;1091768320;0;0;0;0;0;0;0;0;0;0;0;1663;0;0;88;0;80;0;
7824;2106120;999276544;14209024;1091768320;0;0;0;0;0;0;0;0;0;0;0;1763;0;0;88;0;80;0;
7825;2103415;999276544;14209024;1091768320;0;0;0;0;0;0;0;0;0;0;0;1603;0;0;88;0;80;0;
7826;1071790;999276544;14209024;1091768320;0;0;0;0;0;0;0;0;0;0;0;1482;0;0;88;0;80;0;
7827;4479120;1001635840;20713472;1098272768;0;0;0;0;0;0;0;0;0;0;0;2284;0;0;88;0;80;0;
7828;2506461;1003732992;20713472;1098272768;0;0;0;0;0;0;0;0;0;0;0;2895;0;0;88;0;80;0;
7829;1672847;1003806720;20709376;1098268672;0;0;0;0;0;0;0;0;0;0;0;1643;0;0;88;0;80;0;
7830;1835943;1003806720;20709376;1098268672;0;0;0;0;0;0;0;0;0;0;0;1923;0;0;88;0;80;0;
7831;1777143;1004343296;20709376;1098268672;0;0;0;0;0;0;0;0;0;0;0;1543;0;0;88;0;80;0;
7832;1982989;1004343296;20709376;1098268672;0;0;0;0;0;0;0;0;0;0;0;1483;0;0;88;0;80;0;
7833;3896457;1004343296;20709376;1098268672;0;0;0;0;0;0;0;0;0;0;0;1483;0;0;88;0;80;0;
7834;2615234;1004343296;20713472;1098272768;0;0;0;0;0;0;0;0;0;0;0;2394;0;0;88;0;80;0;
7835;2205306;1004343296;20713472;1098272768;0;0;0;0;0;0;0;0;0;0;0;1543;0;0;88;0;80;0;
7836;1520401;1004343296;20713472;1098272768;0;0;0;0;0;0;0;0;0;0;0;1443;0;0;88;0;80;0;
7837;2289904;1004343296;20713472;1098272768;0;0;0;0;0;0;0;0;0;0;0;1452;0;0;88;0;80;0;
7838;2378871;1004343296;20713472;1098272768;0;0;0;0;0;0;0;0;0;0;0;2505;0;0;88;0;80;0;
7839;4824959;1004343296;20713472;1098272768;0;0;0;0;0;0;0;0;0;0;0;1664;0;0;88;0;80;0;
7840;2546215;1004343296;20713472;1098272768;0;0;0;0;0;0;0;0;0;0;0;2515;0;0;88;0;80;0;
7841;2481013;1004343296;20713472;1098272768;0;0;0;0;0;0;0;0;0;0;0;1743;0;0;88;0;80;0;
7842;1439068;1004343296;20713472;1098272768;0;0;0;0;0;0;0;0;0;0;0;1583;0;0;88;0;80;0;
7843;1314726;1004343296;20713472;1098272768;0;0;0;0;0;0;0;0;0;0;0;1473;0;0;88;0;80;0;
7844;2575170;1004343296;20713472;1098272768;0;0;0;0;0;0;0;0;0;0;0;2685;0;0;88;0;80;0;
7845;5368598;1004343296;20713472;1098272768;0;0;0;0;0;0;0;0;0;0;0;2745;0;0;88;0;80;0;
7846;4373893;1004343296;20713472;1098272768;0;0;0;0;0;0;0;0;0;0;0;5230;0;0;88;0;80;0;
7847;3365923;999297024;14209024;1091768320;0;0;0;0;0;0;0;0;0;0;0;1973;0;0;88;0;80;0;
7848;1570425;999297024;14209024;1091768320;0;0;0;0;0;0;0;0;0;0;0;1743;0;0;88;0;80;0;
7849;1785869;999297024;14209024;1091768320;0;0;0;0;0;0;0;0;0;0;0;1613;0;0;88;0;80;0;
7850;1778074;999297024;14209024;1091768320;0;0;0;0;0;0;0;0;0;0;0;2054;0;0;88;0;80;0;
7851;6356230;1001656320;20713472;1098272768;0;0;0;0;0;0;0;0;0;0;0;2484;0;0;88;0;80;0;
7852;2785053;1003753472;20713472;1098272768;0;0;0;0;0;0;0;0;0;0;0;2415;0;0;88;0;80;0;
7853;2622127;1003753472;20713472;1098272768;0;0;0;0;0;0;0;0;0;0;0;2305;0;0;88;0;80;0;
7854;1532184;1003753472;20713472;1098272768;0;0;0;0;0;0;0;0;0;0;0;1423;0;0;88;0;80;0;
7855;2069622;1004560384;20713472;1098272768;0;0;0;0;0;0;0;0;0;0;0;1573;0;0;88;0;80;0;
7856;1823230;1004560384;20713472;1098272768;0;0;0;0;0;0;0;0;0;0;0;2053;0;0;88;0;80;0;
7857;5197216;1004560384;20713472;1098272768;0;0;0;0;0;0;0;0;0;0;0;1934;0;0;88;0;80;0;
7858;4385204;1004560384;20713472;1098272768;0;0;0;0;0;0;0;0;0;0;0;2715;0;0;88;0;80;0;
7859;1477882;1004560384;20713472;1098272768;0;0;0;0;0;0;0;0;0;0;0;1603;0;0;88;0;80;0;
7860;1292985;1004560384;20713472;1098272768;0;0;0;0;0;0;0;0;0;0;0;1373;0;0;88;0;80;0;
7861;2560833;1004560384;20713472;1098272768;0;0;0;0;0;0;0;0;0;0;0;1954;0;0;88;0;80;0;
7862;2905429;1004560384;20713472;1098272768;0;0;0;0;0;0;0;0;0;0;0;2815;0;0;88;0;80;0;
7863;5651669;1004560384;20713472;1098272768;0;0;0;0;0;0;0;0;0;0;0;1663;0;0;88;0;80;0;
7864;2699292;1004560384;20713472;1098272768;0;0;0;0;0;0;0;0;0;0;0;2785;0;0;88;0;80;0;
7865;2198163;1004560384;20713472;1098272768;0;0;0;0;0;0;0;0;0;0;0;1443;0;0;88;0;80;0;
7866;2129574;1004560384;20713472;1098272768;0;0;0;0;0;0;0;0;0;0;0;1202;0;0;88;0;80;0;
7867;2380885;1004560384;20713472;1098272768;0;0;0;0;0;0;0;0;0;0;0;1443;0;0;88;0;80;0;
7868;2094768;1004560384;20713472;1098272768;0;0;0;0;0;0;0;0;0;0;0;1443;0;0;88;0;80;0;
7869;5292275;1004560384;20713472;1098272768;0;0;0;0;0;0;0;0;0;0;0;1413;0;0;88;0;80;0;
7870;2703359;1004560384;20713472;1098272768;0;0;0;0;0;0;0;0;0;0;0;33302;0;0;88;0;80;0;
7871;1900625;999317504;14209024;1091768320;0;0;0;0;0;0;0;0;0;0;0;1463;0;0;88;0;80;0;
7872;2030598;999317504;14209024;1091768320;0;0;0;0;0;0;0;0;0;0;0;1442;0;0;88;0;80;0;
7873;2111760;999317504;14209024;1091768320;0;0;0;0;0;0;0;0;0;0;0;1643;0;0;88;0;80;0;
7874;2291107;999317504;14209024;1091768320;0;0;0;0;0;0;0;0;0;0;0;1443;0;0;88;0;80;0;
7875;5009114;1001676800;20713472;1098272768;0;0;0;0;0;0;0;0;0;0;0;2004;0;0;88;0;80;0;
7876;2412474;1003773952;20713472;1098272768;0;0;0;0;0;0;0;0;0;0;0;1974;0;0;88;0;80;0;
7877;1974924;1003773952;20713472;1098272768;0;0;0;0;0;0;0;0;0;0;0;1443;0;0;88;0;80;0;
7878;1256216;1003773952;20713472;1098272768;0;0;0;0;0;0;0;0;0;0;0;1393;0;0;88;0;80;0;
7879;2249479;1004580864;20713472;1098272768;0;0;0;0;0;0;0;0;0;0;0;1603;0;0;88;0;80;0;
7880;1861181;1004580864;20713472;1098272768;0;0;0;0;0;0;0;0;0;0;0;1382;0;0;88;0;80;0;
7881;4967195;1004580864;20713472;1098272768;0;0;0;0;0;0;0;0;0;0;0;1572;0;0;88;0;80;0;
7882;2482706;1004580864;20713472;1098272768;0;0;0;0;0;0;0;0;0;0;0;2034;0;0;88;0;80;0;
7883;1944036;1004580864;20713472;1098272768;0;0;0;0;0;0;0;0;0;0;0;1914;0;0;88;0;80;0;
7884;2002315;1004580864;20713472;1098272768;0;0;0;0;0;0;0;0;0;0;0;1483;0;0;88;0;80;0;
7885;2066816;1004580864;20713472;1098272768;0;0;0;0;0;0;0;0;0;0;0;23384;0;0;88;0;80;0;
7886;1597847;1004580864;20713472;1098272768;0;0;0;0;0;0;0;0;0;0;0;1883;0;0;88;0;80;0;
7887;4706357;1004580864;20713472;1098272768;0;0;0;0;0;0;0;0;0;0;0;1403;0;0;88;0;80;0;
7888;3115663;1004580864;20713472;1098272768;0;0;0;0;0;0;0;0;0;0;0;2084;0;0;88;0;80;0;
7889;3005176;1004580864;20713472;1098272768;0;0;0;0;0;0;0;0;0;0;0;1473;0;0;88;0;80;0;
7890;1630118;1004580864;20713472;1098272768;0;0;0;0;0;0;0;0;0;0;0;1373;0;0;88;0;80;0;
7891;2405842;1004580864;20713472;1098272768;0;0;0;0;0;0;0;0;0;0;0;1493;0;0;88;0;80;0;
7892;1583620;1004580864;20713472;1098272768;0;0;0;0;0;0;0;0;0;0;0;1443;0;0;88;0;80;0;
7893;4909808;1004580864;20713472;1098272768;0;0;0;0;0;0;0;0;0;0;0;1513;0;0;88;0;80;0;
7894;3089383;1004580864;20713472;1098272768;0;0;0;0;0;0;0;0;0;0;0;2054;0;0;88;0;80;0;
7895;2957717;999337984;14209024;1091768320;0;0;0;0;0;0;0;0;0;0;0;1463;0;0;88;0;80;0;
7896;1660144;999337984;14209024;1091768320;0;0;0;0;0;0;0;0;0;0;0;1382;0;0;88;0;80;0;
7897;2238198;999337984;14209024;1091768320;0;0;0;0;0;0;0;0;0;0;0;1452;0;0;88;0;80;0;
7898;1367624;999337984;14209024;1091768320;0;0;0;0;0;0;0;0;0;0;0;1403;0;0;88;0;80;0;
7899;4975351;1001697280;20713472;1098272768;0;0;0;0;0;0;0;0;0;0;0;1423;0;0;88;0;80;0;
7900;3452204;1003794432;20713472;1098272768;0;0;0;0;0;0;0;0;0;0;0;2234;0;0;88;0;80;0;
7901;2177654;1003794432;20713472;1098272768;0;0;0;0;0;0;0;0;0;0;0;1623;0;0;88;0;80;0;
7902;1279239;1003794432;20713472;1098272768;0;0;0;0;0;0;0;0;0;0;0;1462;0;0;88;0;80;0;
7903;2168176;1004601344;20713472;1098272768;0;0;0;0;0;0;0;0;0;0;0;1363;0;0;88;0;80;0;
7904;1320747;1004601344;20713472;1098272768;0;0;0;0;0;0;0;0;0;0;0;1412;0;0;88;0;80;0;
7905;4309872;1004601344;20713472;1098272768;0;0;0;0;0;0;0;0;0;0;0;1383;0;0;88;0;80;0;
7906;3815105;1004601344;20713472;1098272768;0;0;0;0;0;0;0;0;0;0;0;1613;0;0;88;0;80;0;
7907;2020850;1004601344;20713472;1098272768;0;0;0;0;0;0;0;0;0;0;0;1423;0;0;88;0;80;0;
7908;1675993;1004601344;20713472;1098272768;0;0;0;0;0;0;0;0;0;0;0;1292;0;0;88;0;80;0;
7909;2461035;1004601344;20713472;1098272768;0;0;0;0;0;0;0;0;0;0;0;1583;0;0;88;0;80;0;
7910;2274255;1004601344;20713472;1098272768;0;0;0;0;0;0;0;0;0;0;0;1763;0;0;88;0;80;0;
7911;5707333;1004601344;20713472;1098272768;0;0;0;0;0;0;0;0;0;0;0;1422;0;0;88;0;80;0;
7912;3405436;1004601344;20713472;1098272768;0;0;0;0;0;0;0;0;0;0;0;1943;0;0;88;0;80;0;
7913;1644845;1004601344;20713472;1098272768;0;0;0;0;0;0;0;0;0;0;0;1403;0;0;88;0;80;0;
7914;1364388;1004601344;20713472;1098272768;0;0;0;0;0;0;0;0;0;0;0;1353;0;0;88;0;80;0;
7915;2018325;1004601344;20713472;1098272768;0;0;0;0;0;0;0;0;0;0;0;1403;0;0;88;0;80;0;
7916;2242085;1004601344;20713472;1098272768;0;0;0;0;0;0;0;0;0;0;0;1593;0;0;88;0;80;0;
7917;5378246;1004601344;20713472;1098272768;0;0;0;0;0;0;0;0;0;0;0;1512;0;0;88;0;80;0;
7918;2852870;1004601344;20713472;1098272768;0;0;0;0;0;0;0;0;0;0;0;1553;0;0;88;0;80;0;
7919;2256472;999358464;14209024;1091768320;0;0;0;0;0;0;0;0;0;0;0;1493;0;0;88;0;80;0;
7920;2036279;999358464;14209024;1091768320;0;0;0;0;0;0;0;0;0;0;0;1472;0;0;88;0;80;0;
7921;1532224;999358464;14209024;1091768320;0;0;0;0;0;0;0;0;0;0;0;1492;0;0;88;0;80;0;
7922;1687956;999358464;14209024;1091768320;0;0;0;0;0;0;0;0;0;0;0;1422;0;0;88;0;80;0;
7923;5182930;1001717760;20713472;1098272768;0;0;0;0;0;0;0;0;0;0;0;1694;0;0;88;0;80;0;
7924;3232543;1003814912;20713472;1098272768;0;0;0;0;0;0;0;0;0;0;0;1854;0;0;88;0;80;0;
7925;2521829;1003814912;20713472;1098272768;0;0;0;0;0;0;0;0;0;0;0;1543;0;0;88;0;80;0;
7926;1655625;1003814912;20713472;1098272768;0;0;0;0;0;0;0;0;0;0;0;1413;0;0;88;0;80;0;
7927;2583104;1004621824;20713472;1098272768;0;0;0;0;0;0;0;0;0;0;0;1443;0;0;88;0;80;0;
7928;1396069;1004621824;20713472;1098272768;0;0;0;0;0;0;0;0;0;0;0;1402;0;0;88;0;80;0;
7929;4398058;1004621824;20713472;1098272768;0;0;0;0;0;0;0;0;0;0;0;1373;0;0;88;0;80;0;
7930;2263485;1004621824;20713472;1098272768;0;0;0;0;0;0;0;0;0;0;0;1743;0;0;88;0;80;0;
7931;1840912;1004621824;20713472;1098272768;0;0;0;0;0;0;0;0;0;0;0;1884;0;0;88;0;80;0;
7932;1462172;1004621824;20713472;1098272768;0;0;0;0;0;0;0;0;0;0;0;1463;0;0;88;0;80;0;
7933;1471210;1004621824;20713472;1098272768;0;0;0;0;0;0;0;0;0;0;0;1593;0;0;88;0;80;0;
7934;1577889;1004621824;20713472;1098272768;0;0;0;0;0;0;0;0;0;0;0;1683;0;0;88;0;80;0;
7935;5483974;1004621824;20713472;1098272768;0;0;0;0;0;0;0;0;0;0;0;1343;0;0;88;0;80;0;
7936;2332985;1004621824;20713472;1098272768;0;0;0;0;0;0;0;0;0;0;0;2034;0;0;88;0;80;0;
7937;2893857;1004621824;20713472;1098272768;0;0;0;0;0;0;0;0;0;0;0;1503;0;0;88;0;80;0;
7938;1365591;1004621824;20713472;1098272768;0;0;0;0;0;0;0;0;0;0;0;1442;0;0;88;0;80;0;
7939;2462799;1004621824;20713472;1098272768;0;0;0;0;0;0;0;0;0;0;0;1523;0;0;88;0;80;0;
7940;1321007;1004621824;20713472;1098272768;0;0;0;0;0;0;0;0;0;0;0;1403;0;0;88;0;80;0;
7941;4589497;1004621824;20713472;1098272768;0;0;0;0;0;0;0;0;0;0;0;1422;0;0;88;0;80;0;
7942;2857669;1004621824;20713472;1098272768;0;0;0;0;0;0;0;0;0;0;0;1553;0;0;88;0;80;0;
7943;2311144;999378944;14209024;1091768320;0;0;0;0;0;0;0;0;0;0;0;1603;0;0;88;0;80;0;
7944;2408878;999378944;14209024;1091768320;0;0;0;0;0;0;0;0;0;0;0;1372;0;0;88;0;80;0;
7945;2153979;999378944;14209024;1091768320;0;0;0;0;0;0;0;0;0;0;0;1423;0;0;88;0;80;0;
7946;1478843;999378944;14209024;1091768320;0;0;0;0;0;0;0;0;0;0;0;1693;0;0;88;0;80;0;
7947;5092050;1001738240;20713472;1098272768;0;0;0;0;0;0;0;0;0;0;0;1743;0;0;88;0;80;0;
7948;2061115;1003835392;20713472;1098272768;0;0;0;0;0;0;0;0;0;0;0;1814;0;0;88;0;80;0;
7949;1296511;1003835392;20713472;1098272768;0;0;0;0;0;0;0;0;0;0;0;1704;0;0;88;0;80;0;
7950;2572735;1003835392;20713472;1098272768;0;0;0;0;0;0;0;0;0;0;0;1432;0;0;88;0;80;0;
7951;2592983;1004642304;20713472;1098272768;0;0;0;0;0;0;0;0;0;0;0;1432;0;0;88;0;80;0;
7952;1239454;1004642304;20713472;1098272768;0;0;0;0;0;0;0;0;0;0;0;1563;0;0;88;0;80;0;
7953;4182473;1004642304;20713472;1098272768;0;0;0;0;0;0;0;0;0;0;0;1412;0;0;88;0;80;0;
7954;2629191;1004642304;20713472;1098272768;0;0;0;0;0;0;0;0;0;0;0;1703;0;0;88;0;80;0;
7955;1890616;1004642304;20713472;1098272768;0;0;0;0;0;0;0;0;0;0;0;1443;0;0;88;0;80;0;
7956;1660764;1004642304;20713472;1098272768;0;0;0;0;0;0;0;0;0;0;0;1573;0;0;88;0;80;0;
7957;2268003;1004642304;20713472;1098272768;0;0;0;0;0;0;0;0;0;0;0;1372;0;0;88;0;80;0;
7958;1724875;1004642304;20713472;1098272768;0;0;0;0;0;0;0;0;0;0;0;1413;0;0;88;0;80;0;
7959;4678905;1004642304;20713472;1098272768;0;0;0;0;0;0;0;0;0;0;0;1413;0;0;88;0;80;0;
7960;2328638;1004642304;20713472;1098272768;0;0;0;0;0;0;0;0;0;0;0;1553;0;0;88;0;80;0;
7961;2008697;1004642304;20713472;1098272768;0;0;0;0;0;0;0;0;0;0;0;1473;0;0;88;0;80;0;
7962;1900675;1004642304;20713472;1098272768;0;0;0;0;0;0;0;0;0;0;0;1423;0;0;88;0;80;0;
7963;2658796;1004642304;20713472;1098272768;0;0;0;0;0;0;0;0;0;0;0;1373;0;0;88;0;80;0;
7964;2314912;1004642304;20713472;1098272768;0;0;0;0;0;0;0;0;0;0;0;1422;0;0;88;0;80;0;
7965;4366129;1004642304;20713472;1098272768;0;0;0;0;0;0;0;0;0;0;0;1382;0;0;88;0;80;0;
7966;1957882;1004642304;20713472;1098272768;0;0;0;0;0;0;0;0;0;0;0;1572;0;0;88;0;80;0;
7967;1909240;999399424;14209024;1091768320;0;0;0;0;0;0;0;0;0;0;0;1492;0;0;88;0;80;0;
7968;900288;999399424;14209024;1091768320;0;0;0;0;0;0;0;0;0;0;0;1583;0;0;88;0;80;0;
7969;2007204;999399424;14209024;1091768320;0;0;0;0;0;0;0;0;0;0;0;1362;0;0;88;0;80;0;
7970;799089;999399424;14209024;1091768320;0;0;0;0;0;0;0;0;0;0;0;1412;0;0;88;0;80;0;
7971;4430289;1001758720;20713472;1098272768;0;0;0;0;0;0;0;0;0;0;0;1563;0;0;88;0;80;0;
7972;2631475;1003855872;20713472;1098272768;0;0;0;0;0;0;0;0;0;0;0;2034;0;0;88;0;80;0;
7973;1485686;1003855872;20713472;1098272768;0;0;0;0;0;0;0;0;0;0;0;1523;0;0;88;0;80;0;
7974;1536351;1003855872;20713472;1098272768;0;0;0;0;0;0;0;0;0;0;0;1523;0;0;88;0;80;0;
7975;1995483;1004662784;20713472;1098272768;0;0;0;0;0;0;0;0;0;0;0;1412;0;0;88;0;80;0;
7976;1422518;1004662784;20713472;1098272768;0;0;0;0;0;0;0;0;0;0;0;1413;0;0;88;0;80;0;
7977;4384854;1004662784;20713472;1098272768;0;0;0;0;0;0;0;0;0;0;0;1462;0;0;88;0;80;0;
7978;2411232;1004662784;20713472;1098272768;0;0;0;0;0;0;0;0;0;0;0;1633;0;0;88;0;80;0;
7979;1997126;1004662784;20713472;1098272768;0;0;0;0;0;0;0;0;0;0;0;1563;0;0;88;0;80;0;
7980;1861220;1004662784;20713472;1098272768;0;0;0;0;0;0;0;0;0;0;0;1433;0;0;88;0;80;0;
7981;2060805;1004662784;20713472;1098272768;0;0;0;0;0;0;0;0;0;0;0;1573;0;0;88;0;80;0;
7982;1577528;1004662784;20713472;1098272768;0;0;0;0;0;0;0;0;0;0;0;1563;0;0;88;0;80;0;
7983;4688643;1004662784;20713472;1098272768;0;0;0;0;0;0;0;0;0;0;0;1533;0;0;88;0;80;0;
7984;2183105;1004662784;20713472;1098272768;0;0;0;0;0;0;0;0;0;0;0;1743;0;0;88;0;80;0;
7985;2193323;1004662784;20713472;1098272768;0;0;0;0;0;0;0;0;0;0;0;2024;0;0;88;0;80;0;
7986;1785538;1004662784;20713472;1098272768;0;0;0;0;0;0;0;0;0;0;0;1433;0;0;88;0;80;0;
7987;1400887;1004662784;20713472;1098272768;0;0;0;0;0;0;0;0;0;0;0;1503;0;0;88;0;80;0;
7988;1784737;1004662784;20713472;1098272768;0;0;0;0;0;0;0;0;0;0;0;1523;0;0;88;0;80;0;
7989;4516019;1004662784;20713472;1098272768;0;0;0;0;0;0;0;0;0;0;0;1593;0;0;88;0;80;0;
7990;1734293;1004662784;20713472;1098272768;0;0;0;0;0;0;0;0;0;0;0;1392;0;0;88;0;80;0;
7991;2083627;1004662784;20713472;1098272768;0;0;0;0;0;0;0;0;0;0;0;1443;0;0;88;0;80;0;
7992;1444920;1004662784;20713472;1098272768;0;0;0;0;0;0;0;0;0;0;0;1462;0;0;88;0;80;0;
7993;1802350;1004662784;20713472;1098272768;0;0;0;0;0;0;0;0;0;0;0;1413;0;0;88;0;80;0;
7994;1424912;1004662784;20713472;1098272768;0;0;0;0;0;0;0;0;0;0;0;1422;0;0;88;0;80;0;
7995;4516039;1004662784;20713472;1098272768;0;0;0;0;0;0;0;0;0;0;0;1392;0;0;88;0;80;0;
7996;2408777;1004662784;20713472;1098272768;0;0;0;0;0;0;0;0;0;0;0;1763;0;0;88;0;80;0;
7997;1905834;1004662784;20713472;1098272768;0;0;0;0;0;0;0;0;0;0;0;1403;0;0;88;0;80;0;
7998;1788524;1004662784;20713472;1098272768;0;0;0;0;0;0;0;0;0;0;0;1503;0;0;88;0;80;0;
7999;1806608;1004662784;20713472;1098272768;0;0;0;0;0;0;0;0;0;0;0;1443;0;0;88;0;80;0;
8000;1864997;1004662784;20713472;1098272768;0;0;0;0;0;0;0;0;0;0;0;1573;0;0;88;0;80;0;
8001;5110754;1004662784;20713472;1098272768;0;0;0;0;0;0;0;0;0;0;0;1432;0;0;88;0;80;0;
8002;1595462;1004662784;20713472;1098272768;0;0;0;0;0;0;0;0;0;0;0;1492;0;0;88;0;80;0;
8003;1864266;1004855296;20709376;1098268672;0;0;0;0;0;0;0;0;0;0;0;1452;0;0;88;0;80;0;
8004;1931001;1004855296;20709376;1098268672;0;0;0;0;0;0;0;0;0;0;0;1473;0;0;88;0;80;0;
8005;2151505;1004855296;20709376;1098268672;0;0;0;0;0;0;0;0;0;0;0;1393;0;0;88;0;80;0;
8006;1423139;1004855296;20709376;1098268672;0;0;0;0;0;0;0;0;0;0;0;1503;0;0;88;0;80;0;
8007;4640202;1004855296;20709376;1098268672;0;0;0;0;0;0;0;0;0;0;0;1693;0;0;88;0;80;0;
8008;3087671;1004855296;20709376;1098268672;0;0;0;0;0;0;0;0;0;0;0;1743;0;0;88;0;80;0;
8009;2965111;999432192;14204928;1091764224;0;0;0;0;0;0;0;0;0;0;0;1573;0;0;88;0;80;0;
8010;1724975;999432192;14204928;1091764224;0;0;0;0;0;0;0;0;0;0;0;1472;0;0;88;0;80;0;
8011;2787528;999432192;14204928;1091764224;0;0;0;0;0;0;0;0;0;0;0;1493;0;0;88;0;80;0;
8012;2110348;999432192;14204928;1091764224;0;0;0;0;0;0;0;0;0;0;0;1463;0;0;88;0;80;0;
8013;5142694;999432192;14204928;1091764224;0;0;0;0;0;0;0;0;0;0;0;1432;0;0;88;0;80;0;
8014;2985980;999432192;14209024;1091768320;0;0;0;0;0;0;0;0;0;0;0;1894;0;0;88;0;80;0;
8015;2567244;999432192;14209024;1091768320;0;0;0;0;0;0;0;0;0;0;0;1473;0;0;88;0;80;0;
8016;2214273;999432192;14209024;1091768320;0;0;0;0;0;0;0;0;0;0;0;1403;0;0;88;0;80;0;
8017;2559299;999432192;14209024;1091768320;0;0;0;0;0;0;0;0;0;0;0;1432;0;0;88;0;80;0;
8018;1786711;999432192;14209024;1091768320;0;0;0;0;0;0;0;0;0;0;0;1503;0;0;88;0;80;0;
8019;5427579;1001791488;20713472;1098272768;0;0;0;0;0;0;0;0;0;0;0;1372;0;0;88;0;80;0;
8020;2658005;1003888640;20713472;1098272768;0;0;0;0;0;0;0;0;0;0;0;1663;0;0;88;0;80;0;
8021;1754240;1003888640;20713472;1098272768;0;0;0;0;0;0;0;0;0;0;0;1412;0;0;88;0;80;0;
8022;1846493;1003888640;20713472;1098272768;0;0;0;0;0;0;0;0;0;0;0;1413;0;0;88;0;80;0;
8023;2665048;1004695552;20713472;1098272768;0;0;0;0;0;0;0;0;0;0;0;1503;0;0;88;0;80;0;
8024;2031239;1004695552;20713472;1098272768;0;0;0;0;0;0;0;0;0;0;0;1533;0;0;88;0;80;0;
8025;5477863;1004695552;20713472;1098272768;0;0;0;0;0;0;0;0;0;0;0;1613;0;0;88;0;80;0;
8026;3173722;1004695552;20713472;1098272768;0;0;0;0;0;0;0;0;0;0;0;1443;0;0;88;0;80;0;
8027;2596319;1004695552;20713472;1098272768;0;0;0;0;0;0;0;0;0;0;0;1874;0;0;88;0;80;0;
8028;1373566;1004695552;20713472;1098272768;0;0;0;0;0;0;0;0;0;0;0;1412;0;0;88;0;80;0;
8029;2322085;1004695552;20713472;1098272768;0;0;0;0;0;0;0;0;0;0;0;1453;0;0;88;0;80;0;
8030;1511394;1004695552;20713472;1098272768;0;0;0;0;0;0;0;0;0;0;0;1453;0;0;88;0;80;0;
8031;5389697;1004695552;20713472;1098272768;0;0;0;0;0;0;0;0;0;0;0;1433;0;0;88;0;80;0;
8032;2486313;1004695552;20713472;1098272768;0;0;0;0;0;0;0;0;0;0;0;1443;0;0;88;0;80;0;
8033;2494829;1004695552;20713472;1098272768;0;0;0;0;0;0;0;0;0;0;0;1483;0;0;88;0;80;0;
8034;1829862;1004695552;20713472;1098272768;0;0;0;0;0;0;0;0;0;0;0;1432;0;0;88;0;80;0;
8035;2278353;1004695552;20713472;1098272768;0;0;0;0;0;0;0;0;0;0;0;1593;0;0;88;0;80;0;
8036;2292199;1004695552;20713472;1098272768;0;0;0;0;0;0;0;0;0;0;0;1472;0;0;88;0;80;0;
8037;5658462;1004695552;20713472;1098272768;0;0;0;0;0;0;0;0;0;0;0;1492;0;0;88;0;80;0;
8038;2485922;1004695552;20713472;1098272768;0;0;0;0;0;0;0;0;0;0;0;1613;0;0;88;0;80;0;
8039;2177644;1004695552;20713472;1098272768;0;0;0;0;0;0;0;0;0;0;0;1533;0;0;88;0;80;0;
8040;1808061;1004695552;20713472;1098272768;0;0;0;0;0;0;0;0;0;0;0;1282;0;0;88;0;80;0;
8041;2133151;1004695552;20713472;1098272768;0;0;0;0;0;0;0;0;0;0;0;1533;0;0;88;0;80;0;
8042;1953193;1004695552;20713472;1098272768;0;0;0;0;0;0;0;0;0;0;0;1513;0;0;88;0;80;0;
8043;5515854;1004695552;20713472;1098272768;0;0;0;0;0;0;0;0;0;0;0;1523;0;0;88;0;80;0;
8044;2120717;1004695552;20713472;1098272768;0;0;0;0;0;0;0;0;0;0;0;1503;0;0;88;0;80;0;
8045;2237577;1004695552;20713472;1098272768;0;0;0;0;0;0;0;0;0;0;0;1543;0;0;88;0;80;0;
8046;1542343;1004695552;20713472;1098272768;0;0;0;0;0;0;0;0;0;0;0;1492;0;0;88;0;80;0;
8047;2663355;1004695552;20713472;1098272768;0;0;0;0;0;0;0;0;0;0;0;1473;0;0;88;0;80;0;
8048;1798884;1004695552;20713472;1098272768;0;0;0;0;0;0;0;0;0;0;0;1473;0;0;88;0;80;0;
8049;5492321;1004695552;20713472;1098272768;0;0;0;0;0;0;0;0;0;0;0;1473;0;0;88;0;80;0;
8050;2667172;1004695552;20713472;1098272768;0;0;0;0;0;0;0;0;0;0;0;1704;0;0;88;0;80;0;
8051;2264106;1004695552;20713472;1098272768;0;0;0;0;0;0;0;0;0;0;0;1643;0;0;88;0;80;0;
8052;1811457;1004695552;20713472;1098272768;0;0;0;0;0;0;0;0;0;0;0;1403;0;0;88;0;80;0;
8053;2630794;1004695552;20713472;1098272768;0;0;0;0;0;0;0;0;0;0;0;1643;0;0;88;0;80;0;
8054;1348409;1004695552;20713472;1098272768;0;0;0;0;0;0;0;0;0;0;0;1553;0;0;88;0;80;0;
8055;5754702;1004695552;20713472;1098272768;0;0;0;0;0;0;0;0;0;0;0;1503;0;0;88;0;80;0;
8056;2390824;1004695552;20713472;1098272768;0;0;0;0;0;0;0;0;0;0;0;1433;0;0;88;0;80;0;
8057;2227417;999473152;14204928;1091764224;0;0;0;0;0;0;0;0;0;0;0;1403;0;0;88;0;80;0;
8058;2157977;999473152;14204928;1091764224;0;0;0;0;0;0;0;0;0;0;0;48441;0;0;88;0;80;0;
8059;2560682;999473152;14204928;1091764224;0;0;0;0;0;0;0;0;0;0;0;1472;0;0;88;0;80;0;
8060;1758829;999473152;14204928;1091764224;0;0;0;0;0;0;0;0;0;0;0;1553;0;0;88;0;80;0;
8061;5120002;999473152;14204928;1091764224;0;0;0;0;0;0;0;0;0;0;0;1443;0;0;88;0;80;0;
8062;2502483;999473152;14204928;1091764224;0;0;0;0;0;0;0;0;0;0;0;2294;0;0;88;0;80;0;
8063;2477326;999473152;14204928;1091764224;0;0;0;0;0;0;0;0;0;0;0;1693;0;0;88;0;80;0;
8064;2123553;999473152;14204928;1091764224;0;0;0;0;0;0;0;0;0;0;0;1513;0;0;88;0;80;0;
8065;1496006;999473152;14204928;1091764224;0;0;0;0;0;0;0;0;0;0;0;1402;0;0;88;0;80;0;
8066;1934308;999473152;14204928;1091764224;0;0;0;0;0;0;0;0;0;0;0;1473;0;0;88;0;80;0;
8067;5105354;1001832448;20709376;1098268672;0;0;0;0;0;0;0;0;0;0;0;1523;0;0;88;0;80;0;
8068;2711806;1003929600;20709376;1098268672;0;0;0;0;0;0;0;0;0;0;0;2374;0;0;88;0;80;0;
8069;1996654;1003929600;20709376;1098268672;0;0;0;0;0;0;0;0;0;0;0;2154;0;0;88;0;80;0;
8070;2076223;1003929600;20709376;1098268672;0;0;0;0;0;0;0;0;0;0;0;1864;0;0;88;0;80;0;
8071;3047776;1004736512;20709376;1098268672;0;0;0;0;0;0;0;0;0;0;0;1473;0;0;88;0;80;0;
8072;1671906;1004736512;20709376;1098268672;0;0;0;0;0;0;0;0;0;0;0;1482;0;0;88;0;80;0;
8073;5472103;1004736512;20709376;1098268672;0;0;0;0;0;0;0;0;0;0;0;1373;0;0;88;0;80;0;
8074;2860254;1004736512;20713472;1098272768;0;0;0;0;0;0;0;0;0;0;0;1603;0;0;88;0;80;0;
8075;2454142;1004736512;20713472;1098272768;0;0;0;0;0;0;0;0;0;0;0;1523;0;0;88;0;80;0;
8076;1817409;1004736512;20713472;1098272768;0;0;0;0;0;0;0;0;0;0;0;1493;0;0;88;0;80;0;
8077;2014448;1004736512;20713472;1098272768;0;0;0;0;0;0;0;0;0;0;0;1473;0;0;88;0;80;0;
8078;2253286;1004736512;20713472;1098272768;0;0;0;0;0;0;0;0;0;0;0;1543;0;0;88;0;80;0;
8079;4872187;1004736512;20713472;1098272768;0;0;0;0;0;0;0;0;0;0;0;1553;0;0;88;0;80;0;
8080;2255109;1004736512;20713472;1098272768;0;0;0;0;0;0;0;0;0;0;0;1803;0;0;88;0;80;0;
8081;2572284;1004736512;20713472;1098272768;0;0;0;0;0;0;0;0;0;0;0;1443;0;0;88;0;80;0;
8082;1704247;1004736512;20713472;1098272768;0;0;0;0;0;0;0;0;0;0;0;1453;0;0;88;0;80;0;
8083;2178896;1004736512;20713472;1098272768;0;0;0;0;0;0;0;0;0;0;0;1412;0;0;88;0;80;0;
8084;2015830;1004736512;20713472;1098272768;0;0;0;0;0;0;0;0;0;0;0;1423;0;0;88;0;80;0;
8085;4872508;1004736512;20713472;1098272768;0;0;0;0;0;0;0;0;0;0;0;1423;0;0;88;0;80;0;
8086;3481379;1004736512;20713472;1098272768;0;0;0;0;0;0;0;0;0;0;0;3426;0;0;88;0;80;0;
8087;3185073;1004736512;20713472;1098272768;0;0;0;0;0;0;0;0;0;0;0;2725;0;0;88;0;80;0;
8088;2029847;1004736512;20713472;1098272768;0;0;0;0;0;0;0;0;0;0;0;1823;0;0;88;0;80;0;
8089;1735255;1004736512;20713472;1098272768;0;0;0;0;0;0;0;0;0;0;0;1463;0;0;88;0;80;0;
8090;2323658;1004736512;20713472;1098272768;0;0;0;0;0;0;0;0;0;0;0;1543;0;0;88;0;80;0;
8091;5101187;1004736512;20713472;1098272768;0;0;0;0;0;0;0;0;0;0;0;1463;0;0;88;0;80;0;
8092;3399766;1004736512;20713472;1098272768;0;0;0;0;0;0;0;0;0;0;0;1974;0;0;88;0;80;0;
8093;2695335;1004736512;20713472;1098272768;0;0;0;0;0;0;0;0;0;0;0;1663;0;0;88;0;80;0;
8094;2129895;1004736512;20713472;1098272768;0;0;0;0;0;0;0;0;0;0;0;1513;0;0;88;0;80;0;
8095;2533401;1004736512;20713472;1098272768;0;0;0;0;0;0;0;0;0;0;0;1392;0;0;88;0;80;0;
8096;2055806;1004736512;20713472;1098272768;0;0;0;0;0;0;0;0;0;0;0;1442;0;0;88;0;80;0;
8097;5577490;1004736512;20713472;1098272768;0;0;0;0;0;0;0;0;0;0;0;43853;0;0;88;0;80;0;
8098;3010255;1004736512;20713472;1098272768;0;0;0;0;0;0;0;0;0;0;0;2114;0;0;88;0;80;0;
8099;2757641;1004736512;20713472;1098272768;0;0;0;0;0;0;0;0;0;0;0;1433;0;0;88;0;80;0;
8100;2092665;1004736512;20713472;1098272768;0;0;0;0;0;0;0;0;0;0;0;1452;0;0;88;0;80;0;
8101;2345128;1004736512;20713472;1098272768;0;0;0;0;0;0;0;0;0;0;0;1452;0;0;88;0;80;0;
8102;1526021;1004736512;20713472;1098272768;0;0;0;0;0;0;0;0;0;0;0;1483;0;0;88;0;80;0;
8103;5334965;1004736512;20713472;1098272768;0;0;0;0;0;0;0;0;0;0;0;1814;0;0;88;0;80;0;
8104;2880161;1004736512;20713472;1098272768;0;0;0;0;0;0;0;0;0;0;0;1724;0;0;88;0;80;0;
8105;3332690;999518208;14209024;1091768320;0;0;0;0;0;0;0;0;0;0;0;1613;0;0;88;0;80;0;
8106;1635197;999518208;14209024;1091768320;0;0;0;0;0;0;0;0;0;0;0;1483;0;0;88;0;80;0;
8107;2594656;999518208;14209024;1091768320;0;0;0;0;0;0;0;0;0;0;0;1463;0;0;88;0;80;0;
8108;2612941;999518208;14209024;1091768320;0;0;0;0;0;0;0;0;0;0;0;1483;0;0;88;0;80;0;
8109;5401801;999518208;14209024;1091768320;0;0;0;0;0;0;0;0;0;0;0;1502;0;0;88;0;80;0;
8110;2803507;999518208;14209024;1091768320;0;0;0;0;0;0;0;0;0;0;0;1684;0;0;88;0;80;0;
8111;2466936;999518208;14209024;1091768320;0;0;0;0;0;0;0;0;0;0;0;1473;0;0;88;0;80;0;
8112;2236354;999518208;14209024;1091768320;0;0;0;0;0;0;0;0;0;0;0;1433;0;0;88;0;80;0;
8113;2278543;999518208;14209024;1091768320;0;0;0;0;0;0;0;0;0;0;0;1413;0;0;88;0;80;0;
8114;2388199;999518208;14209024;1091768320;0;0;0;0;0;0;0;0;0;0;0;1563;0;0;88;0;80;0;
8115;5213547;1001877504;20713472;1098272768;0;0;0;0;0;0;0;0;0;0;0;1533;0;0;88;0;80;0;
8116;2817895;1003974656;20713472;1098272768;0;0;0;0;0;0;0;0;0;0;0;1673;0;0;88;0;80;0;
8117;2492274;1003974656;20713472;1098272768;0;0;0;0;0;0;0;0;0;0;0;1503;0;0;88;0;80;0;
8118;1931412;1003974656;20713472;1098272768;0;0;0;0;0;0;0;0;0;0;0;1452;0;0;88;0;80;0;
8119;9581629;1004781568;20713472;1098272768;0;0;0;0;0;0;0;0;0;0;0;1383;0;0;88;0;80;0;
8120;2065774;1004781568;20713472;1098272768;0;0;0;0;0;0;0;0;0;0;0;1372;0;0;88;0;80;0;
8121;4193624;1004781568;20713472;1098272768;0;0;0;0;0;0;0;0;0;0;0;1413;0;0;88;0;80;0;
8122;2144913;1004781568;20713472;1098272768;0;0;0;0;0;0;0;0;0;0;0;2054;0;0;88;0;80;0;
8123;1876259;1004781568;20713472;1098272768;0;0;0;0;0;0;0;0;0;0;0;1703;0;0;88;0;80;0;
8124;1791340;1004781568;20713472;1098272768;0;0;0;0;0;0;0;0;0;0;0;1793;0;0;88;0;80;0;
8125;2224782;1004781568;20713472;1098272768;0;0;0;0;0;0;0;0;0;0;0;1793;0;0;88;0;80;0;
8126;2332334;1004781568;20713472;1098272768;0;0;0;0;0;0;0;0;0;0;0;1783;0;0;88;0;80;0;
8127;5103812;1004781568;20713472;1098272768;0;0;0;0;0;0;0;0;0;0;0;2284;0;0;88;0;80;0;
8128;2636274;1004781568;20721664;1098280960;0;0;0;0;0;0;0;0;0;0;0;1804;0;0;88;0;80;0;
8129;2611026;1004781568;20721664;1098280960;0;0;0;0;0;0;0;0;0;0;0;1482;0;0;88;0;80;0;
8130;2124755;1004781568;20721664;1098280960;0;0;0;0;0;0;0;0;0;0;0;1502;0;0;88;0;80;0;
8131;2160522;1004781568;20721664;1098280960;0;0;0;0;0;0;0;0;0;0;0;1493;0;0;88;0;80;0;
8132;1626571;1004781568;20721664;1098280960;0;0;0;0;0;0;0;0;0;0;0;1453;0;0;88;0;80;0;
8133;5464327;1004781568;20721664;1098280960;0;0;0;0;0;0;0;0;0;0;0;1473;0;0;88;0;80;0;
8134;2677811;1004781568;20721664;1098280960;0;0;0;0;0;0;0;0;0;0;0;1663;0;0;88;0;80;0;
8135;2770425;1004781568;20721664;1098280960;0;0;0;0;0;0;0;0;0;0;0;1422;0;0;88;0;80;0;
8136;2028475;1004781568;20721664;1098280960;0;0;0;0;0;0;0;0;0;0;0;1422;0;0;88;0;80;0;
8137;1793103;1005051904;20721664;1098280960;0;0;0;0;0;0;0;0;0;0;0;1382;0;0;88;0;80;0;
8138;2085642;1005051904;20721664;1098280960;0;0;0;0;0;0;0;0;0;0;0;1443;0;0;88;0;80;0;
8139;4775536;1005051904;20721664;1098280960;0;0;0;0;0;0;0;0;0;0;0;1664;0;0;88;0;80;0;
8140;2065334;1005051904;20721664;1098280960;0;0;0;0;0;0;0;0;0;0;0;1563;0;0;88;0;80;0;
8141;2119304;1005064192;20717568;1098276864;0;0;0;0;0;0;0;0;0;0;0;1673;0;0;88;0;80;0;
8142;2030047;1005064192;20717568;1098276864;0;0;0;0;0;0;0;0;0;0;0;1483;0;0;88;0;80;0;
8143;1368396;1005064192;20717568;1098276864;0;0;0;0;0;0;0;0;0;0;0;1372;0;0;88;0;80;0;
8144;1586676;1005064192;20717568;1098276864;0;0;0;0;0;0;0;0;0;0;0;1383;0;0;88;0;80;0;
8145;5252751;1005064192;20717568;1098276864;0;0;0;0;0;0;0;0;0;0;0;1542;0;0;88;0;80;0;
8146;2285626;1005064192;20717568;1098276864;0;0;0;0;0;0;0;0;0;0;0;2305;0;0;88;0;80;0;
8147;2889579;1005080576;20713472;1098272768;0;0;0;0;0;0;0;0;0;0;0;1773;0;0;88;0;80;0;
8148;2201930;1005080576;20713472;1098272768;0;0;0;0;0;0;0;0;0;0;0;1512;0;0;88;0;80;0;
8149;2209835;1005080576;20713472;1098272768;0;0;0;0;0;0;0;0;0;0;0;1413;0;0;88;0;80;0;
8150;2807435;1005080576;20713472;1098272768;0;0;0;0;0;0;0;0;0;0;0;1473;0;0;88;0;80;0;
8151;4892275;1005080576;20713472;1098272768;0;0;0;0;0;0;0;0;0;0;0;1443;0;0;88;0;80;0;
8152;1497048;1005080576;20713472;1098272768;0;0;0;0;0;0;0;0;0;0;0;1713;0;0;88;0;80;0;
8153;2698902;999559168;14209024;1091768320;0;0;0;0;0;0;0;0;0;0;0;1452;0;0;88;0;80;0;
8154;2135094;999559168;14209024;1091768320;0;0;0;0;0;0;0;0;0;0;0;1352;0;0;88;0;80;0;
8155;2206348;999559168;14209024;1091768320;0;0;0;0;0;0;0;0;0;0;0;1503;0;0;88;0;80;0;
8156;2041479;999559168;14209024;1091768320;0;0;0;0;0;0;0;0;0;0;0;1442;0;0;88;0;80;0;
8157;4652155;999559168;14209024;1091768320;0;0;0;0;0;0;0;0;0;0;0;1573;0;0;88;0;80;0;
8158;2593033;999559168;14209024;1091768320;0;0;0;0;0;0;0;0;0;0;0;1533;0;0;88;0;80;0;
8159;2278534;999559168;14209024;1091768320;0;0;0;0;0;0;0;0;0;0;0;1463;0;0;88;0;80;0;
8160;2070593;999559168;14209024;1091768320;0;0;0;0;0;0;0;0;0;0;0;1613;0;0;88;0;80;0;
8161;2920657;999559168;14209024;1091768320;0;0;0;0;0;0;0;0;0;0;0;1473;0;0;88;0;80;0;
8162;2130395;999559168;14209024;1091768320;0;0;0;0;0;0;0;0;0;0;0;1573;0;0;88;0;80;0;
8163;4860355;1001918464;20713472;1098272768;0;0;0;0;0;0;0;0;0;0;0;1483;0;0;88;0;80;0;
8164;2522260;1004015616;20713472;1098272768;0;0;0;0;0;0;0;0;0;0;0;1874;0;0;88;0;80;0;
8165;1995322;1004015616;20713472;1098272768;0;0;0;0;0;0;0;0;0;0;0;1463;0;0;88;0;80;0;
8166;2181892;1004015616;20713472;1098272768;0;0;0;0;0;0;0;0;0;0;0;1453;0;0;88;0;80;0;
8167;2942088;1005092864;20713472;1098272768;0;0;0;0;0;0;0;0;0;0;0;1563;0;0;88;0;80;0;
8168;1817619;1005092864;20713472;1098272768;0;0;0;0;0;0;0;0;0;0;0;1453;0;0;88;0;80;0;
8169;5169404;1005092864;20713472;1098272768;0;0;0;0;0;0;0;0;0;0;0;1512;0;0;88;0;80;0;
8170;3108971;1005092864;20713472;1098272768;0;0;0;0;0;0;0;0;0;0;0;1754;0;0;88;0;80;0;
8171;2124013;1005092864;20713472;1098272768;0;0;0;0;0;0;0;0;0;0;0;1463;0;0;88;0;80;0;
8172;1764580;1005092864;20713472;1098272768;0;0;0;0;0;0;0;0;0;0;0;1653;0;0;88;0;80;0;
8173;3149056;1005092864;20713472;1098272768;0;0;0;0;0;0;0;0;0;0;0;1433;0;0;88;0;80;0;
8174;1372584;1005092864;20713472;1098272768;0;0;0;0;0;0;0;0;0;0;0;1603;0;0;88;0;80;0;
8175;4717958;1005092864;20713472;1098272768;0;0;0;0;0;0;0;0;0;0;0;1472;0;0;88;0;80;0;
8176;1852955;1005092864;20713472;1098272768;0;0;0;0;0;0;0;0;0;0;0;1563;0;0;88;0;80;0;
8177;3013382;1005092864;20713472;1098272768;0;0;0;0;0;0;0;0;0;0;0;1433;0;0;88;0;80;0;
8178;2045957;1005092864;20713472;1098272768;0;0;0;0;0;0;0;0;0;0;0;1583;0;0;88;0;80;0;
8179;2777118;1005092864;20713472;1098272768;0;0;0;0;0;0;0;0;0;0;0;1423;0;0;88;0;80;0;
8180;2235653;1005092864;20713472;1098272768;0;0;0;0;0;0;0;0;0;0;0;1272;0;0;88;0;80;0;
8181;4672032;1005092864;20713472;1098272768;0;0;0;0;0;0;0;0;0;0;0;1423;0;0;88;0;80;0;
8182;2832422;1005092864;20713472;1098272768;0;0;0;0;0;0;0;0;0;0;0;2214;0;0;88;0;80;0;
8183;2505198;1005092864;20713472;1098272768;0;0;0;0;0;0;0;0;0;0;0;1443;0;0;88;0;80;0;
8184;1454959;1005092864;20713472;1098272768;0;0;0;0;0;0;0;0;0;0;0;1452;0;0;88;0;80;0;
8185;2363312;1005092864;20713472;1098272768;0;0;0;0;0;0;0;0;0;0;0;1422;0;0;88;0;80;0;
8186;1901616;1005092864;20713472;1098272768;0;0;0;0;0;0;0;0;0;0;0;1623;0;0;88;0;80;0;
8187;5174735;1005092864;20713472;1098272768;0;0;0;0;0;0;0;0;0;0;0;1403;0;0;88;0;80;0;
8188;2839545;1005092864;20713472;1098272768;0;0;0;0;0;0;0;0;0;0;0;1482;0;0;88;0;80;0;
8189;3119730;1005092864;20713472;1098272768;0;0;0;0;0;0;0;0;0;0;0;8175;0;0;88;0;80;0;
8190;2925225;1005092864;20713472;1098272768;0;0;0;0;0;0;0;0;0;0;0;1513;0;0;88;0;80;0;
8191;2599675;1005092864;20713472;1098272768;0;0;0;0;0;0;0;0;0;0;0;1482;0;0;88;0;80;0;
8192;1323232;1005092864;20713472;1098272768;0;0;0;0;0;0;0;0;0;0;0;1453;0;0;88;0;80;0;
8193;5801680;1005092864;20713472;1098272768;0;0;0;0;0;0;0;0;0;0;0;1502;0;0;88;0;80;0;
8194;2742343;1005092864;20713472;1098272768;0;0;0;0;0;0;0;0;0;0;0;2224;0;0;88;0;80;0;
8195;2472627;1005092864;20713472;1098272768;0;0;0;0;0;0;0;0;0;0;0;1923;0;0;88;0;80;0;
8196;2490661;1005092864;20713472;1098272768;0;0;0;0;0;0;0;0;0;0;0;1443;0;0;88;0;80;0;
8197;2169158;1005092864;20713472;1098272768;0;0;0;0;0;0;0;0;0;0;0;1503;0;0;88;0;80;0;
8198;1855790;1005092864;20713472;1098272768;0;0;0;0;0;0;0;0;0;0;0;1733;0;0;88;0;80;0;
8199;4786887;1005092864;20713472;1098272768;0;0;0;0;0;0;0;0;0;0;0;1443;0;0;88;0;80;0;
8200;2730381;1005092864;20713472;1098272768;0;0;0;0;0;0;0;0;0;0;0;1463;0;0;88;0;80;0;
8201;3010336;999600128;14209024;1091768320;0;0;0;0;0;0;0;0;0;0;0;1493;0;0;88;0;80;0;
8202;2116650;999600128;14209024;1091768320;0;0;0;0;0;0;0;0;0;0;0;1553;0;0;88;0;80;0;
8203;2829797;999600128;14209024;1091768320;0;0;0;0;0;0;0;0;0;0;0;1453;0;0;88;0;80;0;
8204;2107512;999600128;14209024;1091768320;0;0;0;0;0;0;0;0;0;0;0;101480;0;0;88;0;80;0;
8205;5953735;1001959424;20713472;1098272768;0;0;0;0;0;0;0;0;0;0;0;1523;0;0;88;0;80;0;
8206;3668901;1004056576;20713472;1098272768;0;0;0;0;0;0;0;0;0;0;0;1903;0;0;88;0;80;0;
8207;2895380;1004056576;20713472;1098272768;0;0;0;0;0;0;0;0;0;0;0;2014;0;0;88;0;80;0;
8208;2059242;1004056576;20713472;1098272768;0;0;0;0;0;0;0;0;0;0;0;1743;0;0;88;0;80;0;
8209;2812755;1005133824;20713472;1098272768;0;0;0;0;0;0;0;0;0;0;0;1473;0;0;88;0;80;0;
8210;1212033;1005133824;20713472;1098272768;0;0;0;0;0;0;0;0;0;0;0;1703;0;0;88;0;80;0;
8211;4354978;1005133824;20713472;1098272768;0;0;0;0;0;0;0;0;0;0;0;1483;0;0;88;0;80;0;
8212;2879991;1005133824;20713472;1098272768;0;0;0;0;0;0;0;0;0;0;0;1764;0;0;88;0;80;0;
8213;3429882;1005133824;20713472;1098272768;0;0;0;0;0;0;0;0;0;0;0;1413;0;0;88;0;80;0;
8214;2115126;1005133824;20713472;1098272768;0;0;0;0;0;0;0;0;0;0;0;1423;0;0;88;0;80;0;
8215;2139262;1005133824;20713472;1098272768;0;0;0;0;0;0;0;0;0;0;0;1352;0;0;88;0;80;0;
8216;1539106;1005133824;20713472;1098272768;0;0;0;0;0;0;0;0;0;0;0;1402;0;0;88;0;80;0;
8217;5168063;1005133824;20713472;1098272768;0;0;0;0;0;0;0;0;0;0;0;1543;0;0;88;0;80;0;
8218;2662163;1005133824;20713472;1098272768;0;0;0;0;0;0;0;0;0;0;0;1553;0;0;88;0;80;0;
8219;2503164;1005133824;20713472;1098272768;0;0;0;0;0;0;0;0;0;0;0;1303;0;0;88;0;80;0;
8220;1617212;1005133824;20713472;1098272768;0;0;0;0;0;0;0;0;0;0;0;1843;0;0;88;0;80;0;
8221;2095559;1005133824;20713472;1098272768;0;0;0;0;0;0;0;0;0;0;0;1492;0;0;88;0;80;0;
8222;2041228;1005133824;20713472;1098272768;0;0;0;0;0;0;0;0;0;0;0;1413;0;0;88;0;80;0;
8223;5284551;1005133824;20713472;1098272768;0;0;0;0;0;0;0;0;0;0;0;1483;0;0;88;0;80;0;
8224;2844956;1005133824;20713472;1098272768;0;0;0;0;0;0;0;0;0;0;0;1593;0;0;88;0;80;0;
8225;3280081;999620608;14209024;1091768320;0;0;0;0;0;0;0;0;0;0;0;1994;0;0;88;0;80;0;
8226;1992026;999620608;14209024;1091768320;0;0;0;0;0;0;0;0;0;0;0;1483;0;0;88;0;80;0;
8227;2485060;999620608;14209024;1091768320;0;0;0;0;0;0;0;0;0;0;0;1503;0;0;88;0;80;0;
8228;1476479;999620608;14209024;1091768320;0;0;0;0;0;0;0;0;0;0;0;1643;0;0;88;0;80;0;
8229;5134850;1001979904;20713472;1098272768;0;0;0;0;0;0;0;0;0;0;0;1913;0;0;88;0;80;0;
8230;3572680;1004077056;20713472;1098272768;0;0;0;0;0;0;0;0;0;0;0;2304;0;0;88;0;80;0;
8231;2759816;1004077056;20713472;1098272768;0;0;0;0;0;0;0;0;0;0;0;1653;0;0;88;0;80;0;
8232;2403037;1004077056;20713472;1098272768;0;0;0;0;0;0;0;0;0;0;0;1432;0;0;88;0;80;0;
8233;3195784;1005154304;20713472;1098272768;0;0;0;0;0;0;0;0;0;0;0;1473;0;0;88;0;80;0;
8234;1729564;1005154304;20713472;1098272768;0;0;0;0;0;0;0;0;0;0;0;1443;0;0;88;0;80;0;
8235;5840253;1005154304;20713472;1098272768;0;0;0;0;0;0;0;0;0;0;0;1312;0;0;88;0;80;0;
8236;2864623;1005154304;20713472;1098272768;0;0;0;0;0;0;0;0;0;0;0;1914;0;0;88;0;80;0;
8237;2695686;1005154304;20713472;1098272768;0;0;0;0;0;0;0;0;0;0;0;1472;0;0;88;0;80;0;
8238;2249468;1005154304;20713472;1098272768;0;0;0;0;0;0;0;0;0;0;0;1513;0;0;88;0;80;0;
8239;2449153;1005154304;20713472;1098272768;0;0;0;0;0;0;0;0;0;0;0;1503;0;0;88;0;80;0;
8240;1918548;1005154304;20713472;1098272768;0;0;0;0;0;0;0;0;0;0;0;1603;0;0;88;0;80;0;
8241;5275063;1005154304;20713472;1098272768;0;0;0;0;0;0;0;0;0;0;0;1503;0;0;88;0;80;0;
8242;3588099;1005154304;20713472;1098272768;0;0;0;0;0;0;0;0;0;0;0;2355;0;0;88;0;80;0;
8243;2071665;1005154304;20713472;1098272768;0;0;0;0;0;0;0;0;0;0;0;1472;0;0;88;0;80;0;
8244;2135515;1005154304;20713472;1098272768;0;0;0;0;0;0;0;0;0;0;0;1463;0;0;88;0;80;0;
8245;2141476;1005154304;20713472;1098272768;0;0;0;0;0;0;0;0;0;0;0;1453;0;0;88;0;80;0;
8246;2339508;1005154304;20713472;1098272768;0;0;0;0;0;0;0;0;0;0;0;1443;0;0;88;0;80;0;
8247;4532711;1005154304;20713472;1098272768;0;0;0;0;0;0;0;0;0;0;0;1383;0;0;88;0;80;0;
8248;3642041;1005154304;20713472;1098272768;0;0;0;0;0;0;0;0;0;0;0;2214;0;0;88;0;80;0;
8249;2958779;999641088;14209024;1091768320;0;0;0;0;0;0;0;0;0;0;0;1463;0;0;88;0;80;0;
8250;2403798;999641088;14209024;1091768320;0;0;0;0;0;0;0;0;0;0;0;1513;0;0;88;0;80;0;
8251;2204324;999641088;14209024;1091768320;0;0;0;0;0;0;0;0;0;0;0;1453;0;0;88;0;80;0;
8252;1733491;999641088;14209024;1091768320;0;0;0;0;0;0;0;0;0;0;0;1483;0;0;88;0;80;0;
8253;5764000;1002000384;20713472;1098272768;0;0;0;0;0;0;0;0;0;0;0;1573;0;0;88;0;80;0;
8254;3295661;1004097536;20713472;1098272768;0;0;0;0;0;0;0;0;0;0;0;2054;0;0;88;0;80;0;
8255;2045406;1004097536;20713472;1098272768;0;0;0;0;0;0;0;0;0;0;0;1393;0;0;88;0;80;0;
8256;2127069;1004097536;20713472;1098272768;0;0;0;0;0;0;0;0;0;0;0;1753;0;0;88;0;80;0;
8257;2540905;1005174784;20713472;1098272768;0;0;0;0;0;0;0;0;0;0;0;1593;0;0;88;0;80;0;
8258;1510823;1005174784;20713472;1098272768;0;0;0;0;0;0;0;0;0;0;0;1233;0;0;88;0;80;0;
8259;4715794;1005174784;20713472;1098272768;0;0;0;0;0;0;0;0;0;0;0;1412;0;0;88;0;80;0;
8260;3103961;1005174784;20713472;1098272768;0;0;0;0;0;0;0;0;0;0;0;2024;0;0;88;0;80;0;
8261;2278763;1005174784;20713472;1098272768;0;0;0;0;0;0;0;0;0;0;0;1463;0;0;88;0;80;0;
8262;1867111;1005174784;20713472;1098272768;0;0;0;0;0;0;0;0;0;0;0;1453;0;0;88;0;80;0;
8263;2142268;1005174784;20713472;1098272768;0;0;0;0;0;0;0;0;0;0;0;1383;0;0;88;0;80;0;
8264;1815395;1005174784;20713472;1098272768;0;0;0;0;0;0;0;0;0;0;0;1462;0;0;88;0;80;0;
8265;5049179;1005174784;20713472;1098272768;0;0;0;0;0;0;0;0;0;0;0;1473;0;0;88;0;80;0;
8266;3448637;1005174784;20713472;1098272768;0;0;0;0;0;0;0;0;0;0;0;1723;0;0;88;0;80;0;
8267;2843002;1005174784;20713472;1098272768;0;0;0;0;0;0;0;0;0;0;0;1793;0;0;88;0;80;0;
8268;2705374;1005174784;20713472;1098272768;0;0;0;0;0;0;0;0;0;0;0;1893;0;0;88;0;80;0;
8269;2018265;1005174784;20713472;1098272768;0;0;0;0;0;0;0;0;0;0;0;1663;0;0;88;0;80;0;
8270;1504822;1005174784;20713472;1098272768;0;0;0;0;0;0;0;0;0;0;0;1472;0;0;88;0;80;0;
8271;5266316;1005174784;20713472;1098272768;0;0;0;0;0;0;0;0;0;0;0;1462;0;0;88;0;80;0;
8272;2615435;1005174784;20713472;1098272768;0;0;0;0;0;0;0;0;0;0;0;1593;0;0;88;0;80;0;
8273;2502894;999661568;14209024;1091768320;0;0;0;0;0;0;0;0;0;0;0;1413;0;0;88;0;80;0;
8274;2127039;999661568;14209024;1091768320;0;0;0;0;0;0;0;0;0;0;0;1422;0;0;88;0;80;0;
8275;2094618;999661568;14209024;1091768320;0;0;0;0;0;0;0;0;0;0;0;1303;0;0;88;0;80;0;
8276;2020399;999661568;14209024;1091768320;0;0;0;0;0;0;0;0;0;0;0;1442;0;0;88;0;80;0;
8277;5524981;1002020864;20713472;1098272768;0;0;0;0;0;0;0;0;0;0;0;1743;0;0;88;0;80;0;
8278;2499157;1004118016;20713472;1098272768;0;0;0;0;0;0;0;0;0;0;0;2284;0;0;88;0;80;0;
8279;2868400;1004118016;20713472;1098272768;0;0;0;0;0;0;0;0;0;0;0;1453;0;0;88;0;80;0;
8280;1420644;1004118016;20713472;1098272768;0;0;0;0;0;0;0;0;0;0;0;1472;0;0;88;0;80;0;
8281;2667793;1005195264;20713472;1098272768;0;0;0;0;0;0;0;0;0;0;0;1473;0;0;88;0;80;0;
8282;2771748;1005195264;20713472;1098272768;0;0;0;0;0;0;0;0;0;0;0;1553;0;0;88;0;80;0;
8283;5147023;1005195264;20713472;1098272768;0;0;0;0;0;0;0;0;0;0;0;1563;0;0;88;0;80;0;
8284;3088212;1005195264;20713472;1098272768;0;0;0;0;0;0;0;0;0;0;0;1833;0;0;88;0;80;0;
8285;2940264;1005195264;20713472;1098272768;0;0;0;0;0;0;0;0;0;0;0;1223;0;0;88;0;80;0;
8286;1981115;1005195264;20713472;1098272768;0;0;0;0;0;0;0;0;0;0;0;1463;0;0;88;0;80;0;
8287;3136612;1005195264;20713472;1098272768;0;0;0;0;0;0;0;0;0;0;0;1453;0;0;88;0;80;0;
8288;2441098;1005195264;20713472;1098272768;0;0;0;0;0;0;0;0;0;0;0;1503;0;0;88;0;80;0;
8289;4966664;1005195264;20713472;1098272768;0;0;0;0;0;0;0;0;0;0;0;1392;0;0;88;0;80;0;
8290;2263164;1005195264;20713472;1098272768;0;0;0;0;0;0;0;0;0;0;0;1623;0;0;88;0;80;0;
8291;2373051;1005195264;20713472;1098272768;0;0;0;0;0;0;0;0;0;0;0;1433;0;0;88;0;80;0;
8292;2084579;1005195264;20713472;1098272768;0;0;0;0;0;0;0;0;0;0;0;1473;0;0;88;0;80;0;
8293;2388008;1005195264;20713472;1098272768;0;0;0;0;0;0;0;0;0;0;0;1503;0;0;88;0;80;0;
8294;2299773;1005195264;20713472;1098272768;0;0;0;0;0;0;0;0;0;0;0;1472;0;0;88;0;80;0;
8295;4939524;1005195264;20713472;1098272768;0;0;0;0;0;0;0;0;0;0;0;1392;0;0;88;0;80;0;
8296;2603222;1005195264;20713472;1098272768;0;0;0;0;0;0;0;0;0;0;0;1473;0;0;88;0;80;0;
8297;2211247;999682048;14209024;1091768320;0;0;0;0;0;0;0;0;0;0;0;1432;0;0;88;0;80;0;
8298;2109516;999682048;14209024;1091768320;0;0;0;0;0;0;0;0;0;0;0;1793;0;0;88;0;80;0;
8299;2604765;999682048;14209024;1091768320;0;0;0;0;0;0;0;0;0;0;0;67276;0;0;88;0;80;0;
8300;2389932;999682048;14209024;1091768320;0;0;0;0;0;0;0;0;0;0;0;1412;0;0;88;0;80;0;
8301;5968653;1002041344;20713472;1098272768;0;0;0;0;0;0;0;0;0;0;0;1763;0;0;88;0;80;0;
8302;2524454;1004138496;20713472;1098272768;0;0;0;0;0;0;0;0;0;0;0;2024;0;0;88;0;80;0;
8303;2212730;1004138496;20713472;1098272768;0;0;0;0;0;0;0;0;0;0;0;1453;0;0;88;0;80;0;
8304;2151385;1004138496;20713472;1098272768;0;0;0;0;0;0;0;0;0;0;0;1413;0;0;88;0;80;0;
8305;2167605;1005215744;20713472;1098272768;0;0;0;0;0;0;0;0;0;0;0;1533;0;0;88;0;80;0;
8306;2515508;1005215744;20713472;1098272768;0;0;0;0;0;0;0;0;0;0;0;1452;0;0;88;0;80;0;
8307;4857179;1005215744;20713472;1098272768;0;0;0;0;0;0;0;0;0;0;0;1463;0;0;88;0;80;0;
8308;2769605;1005215744;20713472;1098272768;0;0;0;0;0;0;0;0;0;0;0;1693;0;0;88;0;80;0;
8309;2399750;1005215744;20713472;1098272768;0;0;0;0;0;0;0;0;0;0;0;1463;0;0;88;0;80;0;
8310;2239389;1005215744;20713472;1098272768;0;0;0;0;0;0;0;0;0;0;0;1472;0;0;88;0;80;0;
8311;2972725;1005215744;20713472;1098272768;0;0;0;0;0;0;0;0;0;0;0;1502;0;0;88;0;80;0;
8312;1963973;1005215744;20713472;1098272768;0;0;0;0;0;0;0;0;0;0;0;1462;0;0;88;0;80;0;
8313;4974268;1005215744;20713472;1098272768;0;0;0;0;0;0;0;0;0;0;0;1512;0;0;88;0;80;0;
8314;1528176;1005215744;20713472;1098272768;0;0;0;0;0;0;0;0;0;0;0;1693;0;0;88;0;80;0;
8315;1764900;1005215744;20713472;1098272768;0;0;0;0;0;0;0;0;0;0;0;1573;0;0;88;0;80;0;
8316;1928176;1005215744;20713472;1098272768;0;0;0;0;0;0;0;0;0;0;0;1453;0;0;88;0;80;0;
8317;2122451;1005215744;20713472;1098272768;0;0;0;0;0;0;0;0;0;0;0;2675;0;0;88;0;80;0;
8318;1187738;1005215744;20713472;1098272768;0;0;0;0;0;0;0;0;0;0;0;1633;0;0;88;0;80;0;
8319;6279326;1005215744;20713472;1098272768;0;0;0;0;0;0;0;0;0;0;0;3206;0;0;88;0;80;0;
8320;3387984;1005215744;20717568;1098276864;0;0;0;0;0;0;0;0;0;0;0;2655;0;0;88;0;80;0;
8321;3381191;999706624;14213120;1091772416;0;0;0;0;0;0;0;0;0;0;0;2926;0;0;88;0;80;0;
8322;1607365;999706624;14213120;1091772416;0;0;0;0;0;0;0;0;0;0;0;2144;0;0;88;0;80;0;
8323;2789251;999706624;14213120;1091772416;0;0;0;0;0;0;0;0;0;0;0;1964;0;0;88;0;80;0;
8324;2973085;1002065920;20717568;1098276864;0;0;0;0;0;0;0;0;0;0;0;1773;0;0;88;0;80;0;
8325;5099373;1004163072;20717568;1098276864;0;0;0;0;0;0;0;0;0;0;0;1644;0;0;88;0;80;0;
8326;2365156;1004163072;20717568;1098276864;0;0;0;0;0;0;0;0;0;0;0;1553;0;0;88;0;80;0;
8327;2888598;1004163072;20717568;1098276864;0;0;0;0;0;0;0;0;0;0;0;1233;0;0;88;0;80;0;
8328;2953549;1004163072;20717568;1098276864;0;0;0;0;0;0;0;0;0;0;0;1413;0;0;88;0;80;0;
8329;2630273;1005240320;20717568;1098276864;0;0;0;0;0;0;0;0;0;0;0;1443;0;0;88;0;80;0;
8330;2269146;1005240320;20717568;1098276864;0;0;0;0;0;0;0;0;0;0;0;1202;0;0;88;0;80;0;
8331;5507438;1005240320;20717568;1098276864;0;0;0;0;0;0;0;0;0;0;0;1493;0;0;88;0;80;0;
8332;2110248;1005240320;20717568;1098276864;0;0;0;0;0;0;0;0;0;0;0;1663;0;0;88;0;80;0;
8333;2905729;1005240320;20717568;1098276864;0;0;0;0;0;0;0;0;0;0;0;1453;0;0;88;0;80;0;
8334;2011552;1005240320;20717568;1098276864;0;0;0;0;0;0;0;0;0;0;0;1422;0;0;88;0;80;0;
8335;2564118;1005240320;20717568;1098276864;0;0;0;0;0;0;0;0;0;0;0;1373;0;0;88;0;80;0;
8336;1890275;1005240320;20717568;1098276864;0;0;0;0;0;0;0;0;0;0;0;1443;0;0;88;0;80;0;
8337;5907008;1005240320;20717568;1098276864;0;0;0;0;0;0;0;0;0;0;0;1453;0;0;88;0;80;0;
8338;3196063;1005240320;20717568;1098276864;0;0;0;0;0;0;0;0;0;0;0;1483;0;0;88;0;80;0;
8339;2888998;1005375488;20713472;1098272768;0;0;0;0;0;0;0;0;0;0;0;1523;0;0;88;0;80;0;
8340;1921984;1005375488;20713472;1098272768;0;0;0;0;0;0;0;0;0;0;0;1793;0;0;88;0;80;0;
8341;1722030;1005375488;20713472;1098272768;0;0;0;0;0;0;0;0;0;0;0;1483;0;0;88;0;80;0;
8342;1216331;1005375488;20713472;1098272768;0;0;0;0;0;0;0;0;0;0;0;1543;0;0;88;0;80;0;
8343;5507018;1005375488;20713472;1098272768;0;0;0;0;0;0;0;0;0;0;0;1423;0;0;88;0;80;0;
8344;2607600;1005375488;20713472;1098272768;0;0;0;0;0;0;0;0;0;0;0;1633;0;0;88;0;80;0;
8345;2865363;999723008;14209024;1091768320;0;0;0;0;0;0;0;0;0;0;0;1483;0;0;88;0;80;0;
8346;1874606;999723008;14209024;1091768320;0;0;0;0;0;0;0;0;0;0;0;1473;0;0;88;0;80;0;
8347;2418355;999723008;14209024;1091768320;0;0;0;0;0;0;0;0;0;0;0;1503;0;0;88;0;80;0;
8348;1937042;999723008;14209024;1091768320;0;0;0;0;0;0;0;0;0;0;0;1433;0;0;88;0;80;0;
8349;5698226;1002082304;20713472;1098272768;0;0;0;0;0;0;0;0;0;0;0;1703;0;0;88;0;80;0;
8350;3538406;1004179456;20713472;1098272768;0;0;0;0;0;0;0;0;0;0;0;2064;0;0;88;0;80;0;
8351;2346570;1004179456;20713472;1098272768;0;0;0;0;0;0;0;0;0;0;0;1532;0;0;88;0;80;0;
8352;2170220;1004179456;20713472;1098272768;0;0;0;0;0;0;0;0;0;0;0;1483;0;0;88;0;80;0;
8353;2578235;1005256704;20713472;1098272768;0;0;0;0;0;0;0;0;0;0;0;1523;0;0;88;0;80;0;
8354;2902934;1005256704;20713472;1098272768;0;0;0;0;0;0;0;0;0;0;0;1764;0;0;88;0;80;0;
8355;4443613;1005256704;20713472;1098272768;0;0;0;0;0;0;0;0;0;0;0;1443;0;0;88;0;80;0;
8356;3335635;1005256704;20713472;1098272768;0;0;0;0;0;0;0;0;0;0;0;24065;0;0;88;0;80;0;
8357;2667362;1005256704;20713472;1098272768;0;0;0;0;0;0;0;0;0;0;0;1533;0;0;88;0;80;0;
8358;1507878;1005256704;20713472;1098272768;0;0;0;0;0;0;0;0;0;0;0;1463;0;0;88;0;80;0;
8359;2682040;1005256704;20713472;1098272768;0;0;0;0;0;0;0;0;0;0;0;1593;0;0;88;0;80;0;
8360;1764649;1005256704;20713472;1098272768;0;0;0;0;0;0;0;0;0;0;0;1453;0;0;88;0;80;0;
8361;5186417;1005256704;20713472;1098272768;0;0;0;0;0;0;0;0;0;0;0;1453;0;0;88;0;80;0;
8362;2566524;1005256704;20713472;1098272768;0;0;0;0;0;0;0;0;0;0;0;1583;0;0;88;0;80;0;
8363;2444264;1005256704;20713472;1098272768;0;0;0;0;0;0;0;0;0;0;0;1793;0;0;88;0;80;0;
8364;2576021;1005256704;20713472;1098272768;0;0;0;0;0;0;0;0;0;0;0;1783;0;0;88;0;80;0;
8365;2671771;1005256704;20713472;1098272768;0;0;0;0;0;0;0;0;0;0;0;1443;0;0;88;0;80;0;
8366;1512677;1005256704;20713472;1098272768;0;0;0;0;0;0;0;0;0;0;0;1533;0;0;88;0;80;0;
8367;4799250;1005256704;20713472;1098272768;0;0;0;0;0;0;0;0;0;0;0;23254;0;0;88;0;80;0;
8368;2643537;1005256704;20713472;1098272768;0;0;0;0;0;0;0;0;0;0;0;1894;0;0;88;0;80;0;
8369;2449013;999743488;14209024;1091768320;0;0;0;0;0;0;0;0;0;0;0;1452;0;0;88;0;80;0;
8370;1307703;999743488;14209024;1091768320;0;0;0;0;0;0;0;0;0;0;0;1493;0;0;88;0;80;0;
8371;2944112;999743488;14209024;1091768320;0;0;0;0;0;0;0;0;0;0;0;1473;0;0;88;0;80;0;
8372;1290761;999743488;14209024;1091768320;0;0;0;0;0;0;0;0;0;0;0;1543;0;0;88;0;80;0;
8373;5003834;1002102784;20713472;1098272768;0;0;0;0;0;0;0;0;0;0;0;1573;0;0;88;0;80;0;
8374;4230163;1004199936;20713472;1098272768;0;0;0;0;0;0;0;0;0;0;0;2124;0;0;88;0;80;0;
8375;2663675;1004199936;20713472;1098272768;0;0;0;0;0;0;0;0;0;0;0;1643;0;0;88;0;80;0;
8376;2280837;1004199936;20713472;1098272768;0;0;0;0;0;0;0;0;0;0;0;1442;0;0;88;0;80;0;
8377;2723508;1005277184;20713472;1098272768;0;0;0;0;0;0;0;0;0;0;0;1433;0;0;88;0;80;0;
8378;1804484;1005277184;20713472;1098272768;0;0;0;0;0;0;0;0;0;0;0;1503;0;0;88;0;80;0;
8379;4744248;1005277184;20713472;1098272768;0;0;0;0;0;0;0;0;0;0;0;1383;0;0;88;0;80;0;
8380;3172099;1005277184;20713472;1098272768;0;0;0;0;0;0;0;0;0;0;0;1293;0;0;88;0;80;0;
8381;2157817;1005277184;20713472;1098272768;0;0;0;0;0;0;0;0;0;0;0;1403;0;0;88;0;80;0;
8382;1720477;1005277184;20713472;1098272768;0;0;0;0;0;0;0;0;0;0;0;1463;0;0;88;0;80;0;
8383;2354356;1005277184;20713472;1098272768;0;0;0;0;0;0;0;0;0;0;0;1402;0;0;88;0;80;0;
8384;1796890;1005277184;20713472;1098272768;0;0;0;0;0;0;0;0;0;0;0;1432;0;0;88;0;80;0;
8385;5215831;1005277184;20713472;1098272768;0;0;0;0;0;0;0;0;0;0;0;1573;0;0;88;0;80;0;
8386;2868289;1005277184;20713472;1098272768;0;0;0;0;0;0;0;0;0;0;0;1983;0;0;88;0;80;0;
8387;2055495;1005277184;20713472;1098272768;0;0;0;0;0;0;0;0;0;0;0;1292;0;0;88;0;80;0;
8388;1537743;1005277184;20713472;1098272768;0;0;0;0;0;0;0;0;0;0;0;1423;0;0;88;0;80;0;
8389;2106721;1005277184;20713472;1098272768;0;0;0;0;0;0;0;0;0;0;0;1423;0;0;88;0;80;0;
8390;1303625;1005277184;20713472;1098272768;0;0;0;0;0;0;0;0;0;0;0;1503;0;0;88;0;80;0;
8391;4836851;1005277184;20713472;1098272768;0;0;0;0;0;0;0;0;0;0;0;1482;0;0;88;0;80;0;
8392;2764394;1005277184;20713472;1098272768;0;0;0;0;0;0;0;0;0;0;0;1813;0;0;88;0;80;0;
8393;2789942;999763968;14209024;1091768320;0;0;0;0;0;0;0;0;0;0;0;1423;0;0;88;0;80;0;
8394;2320342;999763968;14209024;1091768320;0;0;0;0;0;0;0;0;0;0;0;1432;0;0;88;0;80;0;
8395;1901646;999763968;14209024;1091768320;0;0;0;0;0;0;0;0;0;0;0;1423;0;0;88;0;80;0;
8396;1240216;999763968;14209024;1091768320;0;0;0;0;0;0;0;0;0;0;0;1603;0;0;88;0;80;0;
8397;4362501;1002123264;20713472;1098272768;0;0;0;0;0;0;0;0;0;0;0;1633;0;0;88;0;80;0;
8398;3016467;1004220416;20713472;1098272768;0;0;0;0;0;0;0;0;0;0;0;2354;0;0;88;0;80;0;
8399;2921549;1004220416;20713472;1098272768;0;0;0;0;0;0;0;0;0;0;0;1413;0;0;88;0;80;0;
8400;1748890;1004220416;20713472;1098272768;0;0;0;0;0;0;0;0;0;0;0;1412;0;0;88;0;80;0;
8401;3509011;1005297664;20713472;1098272768;0;0;0;0;0;0;0;0;0;0;0;1533;0;0;88;0;80;0;
8402;2016431;1005297664;20713472;1098272768;0;0;0;0;0;0;0;0;0;0;0;1453;0;0;88;0;80;0;
8403;5062223;1005297664;20713472;1098272768;0;0;0;0;0;0;0;0;0;0;0;1413;0;0;88;0;80;0;
8404;3741146;1005297664;20713472;1098272768;0;0;0;0;0;0;0;0;0;0;0;2214;0;0;88;0;80;0;
8405;2045667;1005297664;20713472;1098272768;0;0;0;0;0;0;0;0;0;0;0;1613;0;0;88;0;80;0;
8406;1925151;1005297664;20713472;1098272768;0;0;0;0;0;0;0;0;0;0;0;1482;0;0;88;0;80;0;
8407;2907042;1005297664;20713472;1098272768;0;0;0;0;0;0;0;0;0;0;0;1443;0;0;88;0;80;0;
8408;2149321;1005297664;20713472;1098272768;0;0;0;0;0;0;0;0;0;0;0;1463;0;0;88;0;80;0;
8409;4748916;1005297664;20713472;1098272768;0;0;0;0;0;0;0;0;0;0;0;1403;0;0;88;0;80;0;
8410;4053602;1005297664;20713472;1098272768;0;0;0;0;0;0;0;0;0;0;0;1473;0;0;88;0;80;0;
8411;2463229;1005297664;20713472;1098272768;0;0;0;0;0;0;0;0;0;0;0;1403;0;0;88;0;80;0;
8412;1761493;1005297664;20713472;1098272768;0;0;0;0;0;0;0;0;0;0;0;1252;0;0;88;0;80;0;
8413;2111240;1005297664;20713472;1098272768;0;0;0;0;0;0;0;0;0;0;0;1513;0;0;88;0;80;0;
8414;1689919;1005297664;20713472;1098272768;0;0;0;0;0;0;0;0;0;0;0;1452;0;0;88;0;80;0;
8415;5062304;1005297664;20713472;1098272768;0;0;0;0;0;0;0;0;0;0;0;1413;0;0;88;0;80;0;
8416;3181907;1005297664;20713472;1098272768;0;0;0;0;0;0;0;0;0;0;0;1643;0;0;88;0;80;0;
8417;3512417;999784448;14209024;1091768320;0;0;0;0;0;0;0;0;0;0;0;1523;0;0;88;0;80;0;
8418;1825684;999784448;14209024;1091768320;0;0;0;0;0;0;0;0;0;0;0;1473;0;0;88;0;80;0;
8419;2674245;999784448;14209024;1091768320;0;0;0;0;0;0;0;0;0;0;0;1503;0;0;88;0;80;0;
8420;1496416;999784448;14209024;1091768320;0;0;0;0;0;0;0;0;0;0;0;1463;0;0;88;0;80;0;
8421;5237563;1002143744;20713472;1098272768;0;0;0;0;0;0;0;0;0;0;0;1433;0;0;88;0;80;0;
8422;3939758;1004240896;20713472;1098272768;0;0;0;0;0;0;0;0;0;0;0;1864;0;0;88;0;80;0;
8423;2502463;1004240896;20713472;1098272768;0;0;0;0;0;0;0;0;0;0;0;1422;0;0;88;0;80;0;
8424;2528201;1004240896;20713472;1098272768;0;0;0;0;0;0;0;0;0;0;0;1803;0;0;88;0;80;0;
8425;2492725;1005318144;20713472;1098272768;0;0;0;0;0;0;0;0;0;0;0;1843;0;0;88;0;80;0;
8426;2306024;1005318144;20713472;1098272768;0;0;0;0;0;0;0;0;0;0;0;1463;0;0;88;0;80;0;
8427;5557112;1005318144;20713472;1098272768;0;0;0;0;0;0;0;0;0;0;0;1232;0;0;88;0;80;0;
8428;4045497;1005318144;20713472;1098272768;0;0;0;0;0;0;0;0;0;0;0;2054;0;0;88;0;80;0;
8429;2773411;1005318144;20713472;1098272768;0;0;0;0;0;0;0;0;0;0;0;1453;0;0;88;0;80;0;
8430;2101331;1005318144;20713472;1098272768;0;0;0;0;0;0;0;0;0;0;0;1483;0;0;88;0;80;0;
8431;2794801;1005318144;20713472;1098272768;0;0;0;0;0;0;0;0;0;0;0;1553;0;0;88;0;80;0;
8432;1440852;1005318144;20713472;1098272768;0;0;0;0;0;0;0;0;0;0;0;1402;0;0;88;0;80;0;
8433;5190194;1005318144;20713472;1098272768;0;0;0;0;0;0;0;0;0;0;0;1473;0;0;88;0;80;0;
8434;3330496;1005318144;20713472;1098272768;0;0;0;0;0;0;0;0;0;0;0;1984;0;0;88;0;80;0;
8435;2811082;1005318144;20713472;1098272768;0;0;0;0;0;0;0;0;0;0;0;1743;0;0;88;0;80;0;
8436;2266981;1005318144;20713472;1098272768;0;0;0;0;0;0;0;0;0;0;0;1423;0;0;88;0;80;0;
8437;1964945;1005318144;20713472;1098272768;0;0;0;0;0;0;0;0;0;0;0;1393;0;0;88;0;80;0;
8438;1737529;1005318144;20713472;1098272768;0;0;0;0;0;0;0;0;0;0;0;1763;0;0;88;0;80;0;
8439;4887907;1005318144;20713472;1098272768;0;0;0;0;0;0;0;0;0;0;0;1452;0;0;88;0;80;0;
8440;2953619;1005318144;20713472;1098272768;0;0;0;0;0;0;0;0;0;0;0;1864;0;0;88;0;80;0;
8441;2540154;999804928;14209024;1091768320;0;0;0;0;0;0;0;0;0;0;0;1773;0;0;88;0;80;0;
8442;2486342;999804928;14209024;1091768320;0;0;0;0;0;0;0;0;0;0;0;1533;0;0;88;0;80;0;
8443;2414568;999804928;14209024;1091768320;0;0;0;0;0;0;0;0;0;0;0;1673;0;0;88;0;80;0;
8444;1953343;999804928;14209024;1091768320;0;0;0;0;0;0;0;0;0;0;0;1473;0;0;88;0;80;0;
8445;5468215;1002164224;20713472;1098272768;0;0;0;0;0;0;0;0;0;0;0;1664;0;0;88;0;80;0;
8446;2476575;1004261376;20713472;1098272768;0;0;0;0;0;0;0;0;0;0;0;1994;0;0;88;0;80;0;
8447;2973958;1004261376;20713472;1098272768;0;0;0;0;0;0;0;0;0;0;0;1392;0;0;88;0;80;0;
8448;1697213;1004261376;20713472;1098272768;0;0;0;0;0;0;0;0;0;0;0;1664;0;0;88;0;80;0;
8449;1937694;1005338624;20713472;1098272768;0;0;0;0;0;0;0;0;0;0;0;1513;0;0;88;0;80;0;
8450;1430693;1005338624;20713472;1098272768;0;0;0;0;0;0;0;0;0;0;0;1523;0;0;88;0;80;0;
8451;5098332;1005338624;20713472;1098272768;0;0;0;0;0;0;0;0;0;0;0;1403;0;0;88;0;80;0;
8452;3188019;1005338624;20713472;1098272768;0;0;0;0;0;0;0;0;0;0;0;2114;0;0;88;0;80;0;
8453;2319139;1005338624;20713472;1098272768;0;0;0;0;0;0;0;0;0;0;0;1793;0;0;88;0;80;0;
8454;1611492;1005338624;20713472;1098272768;0;0;0;0;0;0;0;0;0;0;0;1472;0;0;88;0;80;0;
8455;2554280;1005338624;20713472;1098272768;0;0;0;0;0;0;0;0;0;0;0;1503;0;0;88;0;80;0;
8456;1606673;1005338624;20713472;1098272768;0;0;0;0;0;0;0;0;0;0;0;1513;0;0;88;0;80;0;
8457;4535596;1005338624;20713472;1098272768;0;0;0;0;0;0;0;0;0;0;0;1402;0;0;88;0;80;0;
8458;3049188;1005338624;20713472;1098272768;0;0;0;0;0;0;0;0;0;0;0;6802;0;0;88;0;80;0;
8459;3725778;1005338624;20713472;1098272768;0;0;0;0;0;0;0;0;0;0;0;4639;0;0;88;0;80;0;
8460;1768647;1005338624;20713472;1098272768;0;0;0;0;0;0;0;0;0;0;0;1552;0;0;88;0;80;0;
8461;2482716;1005338624;20713472;1098272768;0;0;0;0;0;0;0;0;0;0;0;1443;0;0;88;0;80;0;
8462;1620920;1005338624;20713472;1098272768;0;0;0;0;0;0;0;0;0;0;0;1533;0;0;88;0;80;0;
8463;4926079;1005338624;20713472;1098272768;0;0;0;0;0;0;0;0;0;0;0;1573;0;0;88;0;80;0;
8464;2696667;1005338624;20713472;1098272768;0;0;0;0;0;0;0;0;0;0;0;1593;0;0;88;0;80;0;
8465;2732615;999825408;14209024;1091768320;0;0;0;0;0;0;0;0;0;0;0;1423;0;0;88;0;80;0;
8466;1832376;999825408;14209024;1091768320;0;0;0;0;0;0;0;0;0;0;0;1462;0;0;88;0;80;0;
8467;2262954;999825408;14209024;1091768320;0;0;0;0;0;0;0;0;0;0;0;1463;0;0;88;0;80;0;
8468;2450946;999825408;14209024;1091768320;0;0;0;0;0;0;0;0;0;0;0;1413;0;0;88;0;80;0;
8469;11114193;1002184704;20713472;1098272768;0;0;0;0;0;0;0;0;0;0;0;1623;0;0;88;0;80;0;
8470;2441429;1004281856;20713472;1098272768;0;0;0;0;0;0;0;0;0;0;0;2054;0;0;88;0;80;0;
8471;2456597;1004281856;20713472;1098272768;0;0;0;0;0;0;0;0;0;0;0;1753;0;0;88;0;80;0;
8472;1006648;1004281856;20713472;1098272768;0;0;0;0;0;0;0;0;0;0;0;1373;0;0;88;0;80;0;
8473;2430819;1005359104;20713472;1098272768;0;0;0;0;0;0;0;0;0;0;0;1894;0;0;88;0;80;0;
8474;2292088;1005359104;20713472;1098272768;0;0;0;0;0;0;0;0;0;0;0;1462;0;0;88;0;80;0;
8475;4781738;1005359104;20713472;1098272768;0;0;0;0;0;0;0;0;0;0;0;1443;0;0;88;0;80;0;
8476;1999830;1005359104;20713472;1098272768;0;0;0;0;0;0;0;0;0;0;0;1573;0;0;88;0;80;0;
8477;2117331;1005359104;20713472;1098272768;0;0;0;0;0;0;0;0;0;0;0;1403;0;0;88;0;80;0;
8478;2843522;1005359104;20713472;1098272768;0;0;0;0;0;0;0;0;0;0;0;2965;0;0;88;0;80;0;
8479;2385073;1005359104;20713472;1098272768;0;0;0;0;0;0;0;0;0;0;0;2364;0;0;88;0;80;0;
8480;2449023;1005359104;20713472;1098272768;0;0;0;0;0;0;0;0;0;0;0;1653;0;0;88;0;80;0;
8481;4600007;1005359104;20713472;1098272768;0;0;0;0;0;0;0;0;0;0;0;1522;0;0;88;0;80;0;
8482;2099136;1005359104;20713472;1098272768;0;0;0;0;0;0;0;0;0;0;0;1813;0;0;88;0;80;0;
8483;1715467;1005359104;20713472;1098272768;0;0;0;0;0;0;0;0;0;0;0;1443;0;0;88;0;80;0;
8484;1683767;1005359104;20713472;1098272768;0;0;0;0;0;0;0;0;0;0;0;1352;0;0;88;0;80;0;
8485;2198984;1005359104;20713472;1098272768;0;0;0;0;0;0;0;0;0;0;0;35266;0;0;88;0;80;0;
8486;1222122;1005359104;20713472;1098272768;0;0;0;0;0;0;0;0;0;0;0;1373;0;0;88;0;80;0;
8487;4577685;1005359104;20713472;1098272768;0;0;0;0;0;0;0;0;0;0;0;1452;0;0;88;0;80;0;
8488;1802320;1005359104;20713472;1098272768;0;0;0;0;0;0;0;0;0;0;0;1583;0;0;88;0;80;0;
8489;1721349;999845888;14209024;1091768320;0;0;0;0;0;0;0;0;0;0;0;1402;0;0;88;0;80;0;
8490;1702031;999845888;14209024;1091768320;0;0;0;0;0;0;0;0;0;0;0;1453;0;0;88;0;80;0;
8491;1849850;999845888;14209024;1091768320;0;0;0;0;0;0;0;0;0;0;0;1683;0;0;88;0;80;0;
8492;892935;999845888;14209024;1091768320;0;0;0;0;0;0;0;0;0;0;0;1262;0;0;88;0;80;0;
8493;4218822;1002205184;20713472;1098272768;0;0;0;0;0;0;0;0;0;0;0;1563;0;0;88;0;80;0;
8494;1964174;1004302336;20713472;1098272768;0;0;0;0;0;0;0;0;0;0;0;1763;0;0;88;0;80;0;
8495;1705338;1004302336;20713472;1098272768;0;0;0;0;0;0;0;0;0;0;0;1413;0;0;88;0;80;0;
8496;1238613;1004302336;20713472;1098272768;0;0;0;0;0;0;0;0;0;0;0;1402;0;0;88;0;80;0;
8497;2188544;1005379584;20713472;1098272768;0;0;0;0;0;0;0;0;0;0;0;1553;0;0;88;0;80;0;
8498;1656296;1005379584;20713472;1098272768;0;0;0;0;0;0;0;0;0;0;0;1543;0;0;88;0;80;0;
8499;4301497;1005379584;20713472;1098272768;0;0;0;0;0;0;0;0;0;0;0;1383;0;0;88;0;80;0;
8500;2981532;1005379584;20713472;1098272768;0;0;0;0;0;0;0;0;0;0;0;1333;0;0;88;0;80;0;
8501;1435572;1005613056;20709376;1098268672;0;0;0;0;0;0;0;0;0;0;0;1373;0;0;88;0;80;0;
8502;1335064;1005613056;20709376;1098268672;0;0;0;0;0;0;0;0;0;0;0;1403;0;0;88;0;80;0;
8503;2142268;1005613056;20709376;1098268672;0;0;0;0;0;0;0;0;0;0;0;1443;0;0;88;0;80;0;
8504;1756664;1005613056;20709376;1098268672;0;0;0;0;0;0;0;0;0;0;0;1803;0;0;88;0;80;0;
8505;5460711;1005613056;20709376;1098268672;0;0;0;0;0;0;0;0;0;0;0;1783;0;0;88;0;80;0;
8506;2749326;1005613056;20713472;1098272768;0;0;0;0;0;0;0;0;0;0;0;1393;0;0;88;0;80;0;
8507;2862889;1005613056;20713472;1098272768;0;0;0;0;0;0;0;0;0;0;0;1412;0;0;88;0;80;0;
8508;2310082;1005613056;20713472;1098272768;0;0;0;0;0;0;0;0;0;0;0;1422;0;0;88;0;80;0;
8509;2019828;1005613056;20713472;1098272768;0;0;0;0;0;0;0;0;0;0;0;1362;0;0;88;0;80;0;
8510;2264627;1005613056;20713472;1098272768;0;0;0;0;0;0;0;0;0;0;0;1402;0;0;88;0;80;0;
8511;4535546;1005613056;20713472;1098272768;0;0;0;0;0;0;0;0;0;0;0;1423;0;0;88;0;80;0;
8512;3088332;1005613056;20713472;1098272768;0;0;0;0;0;0;0;0;0;0;0;2355;0;0;88;0;80;0;
8513;2728337;999866368;14209024;1091768320;0;0;0;0;0;0;0;0;0;0;0;1432;0;0;88;0;80;0;
8514;1575435;999866368;14209024;1091768320;0;0;0;0;0;0;0;0;0;0;0;1473;0;0;88;0;80;0;
8515;1970275;999866368;14209024;1091768320;0;0;0;0;0;0;0;0;0;0;0;1433;0;0;88;0;80;0;
8516;1603938;999866368;14209024;1091768320;0;0;0;0;0;0;0;0;0;0;0;1563;0;0;88;0;80;0;
8517;4989256;1002225664;20713472;1098272768;0;0;0;0;0;0;0;0;0;0;0;1533;0;0;88;0;80;0;
8518;3326949;1004322816;20713472;1098272768;0;0;0;0;0;0;0;0;0;0;0;2535;0;0;88;0;80;0;
8519;3269542;1004322816;20713472;1098272768;0;0;0;0;0;0;0;0;0;0;0;1383;0;0;88;0;80;0;
8520;1805857;1004322816;20713472;1098272768;0;0;0;0;0;0;0;0;0;0;0;1713;0;0;88;0;80;0;
8521;2347272;1005400064;20713472;1098272768;0;0;0;0;0;0;0;0;0;0;0;1453;0;0;88;0;80;0;
8522;1281062;1005400064;20713472;1098272768;0;0;0;0;0;0;0;0;0;0;0;1924;0;0;88;0;80;0;
8523;4632959;1005400064;20713472;1098272768;0;0;0;0;0;0;0;0;0;0;0;1413;0;0;88;0;80;0;
8524;3574944;1005400064;20713472;1098272768;0;0;0;0;0;0;0;0;0;0;0;1914;0;0;88;0;80;0;
8525;2432552;1005400064;20713472;1098272768;0;0;0;0;0;0;0;0;0;0;0;1492;0;0;88;0;80;0;
8526;8757714;1005400064;20713472;1098272768;0;0;0;0;0;0;0;0;0;0;0;1243;0;0;88;0;80;0;
8527;2673293;1005400064;20713472;1098272768;0;0;0;0;0;0;0;0;0;0;0;1403;0;0;88;0;80;0;
8528;1504883;1005400064;20713472;1098272768;0;0;0;0;0;0;0;0;0;0;0;1513;0;0;88;0;80;0;
8529;5455040;1005400064;20713472;1098272768;0;0;0;0;0;0;0;0;0;0;0;1433;0;0;88;0;80;0;
8530;2852209;1005400064;20713472;1098272768;0;0;0;0;0;0;0;0;0;0;0;1603;0;0;88;0;80;0;
8531;2194436;1005400064;20713472;1098272768;0;0;0;0;0;0;0;0;0;0;0;1493;0;0;88;0;80;0;
8532;1518989;1005400064;20713472;1098272768;0;0;0;0;0;0;0;0;0;0;0;1433;0;0;88;0;80;0;
8533;2022864;1005400064;20713472;1098272768;0;0;0;0;0;0;0;0;0;0;0;1443;0;0;88;0;80;0;
8534;2052449;1005400064;20713472;1098272768;0;0;0;0;0;0;0;0;0;0;0;1483;0;0;88;0;80;0;
8535;4731243;1005400064;20713472;1098272768;0;0;0;0;0;0;0;0;0;0;0;1473;0;0;88;0;80;0;
8536;2790904;1005400064;20713472;1098272768;0;0;0;0;0;0;0;0;0;0;0;1714;0;0;88;0;80;0;
8537;1833769;999886848;14209024;1091768320;0;0;0;0;0;0;0;0;0;0;0;1363;0;0;88;0;80;0;
8538;2344627;999886848;14209024;1091768320;0;0;0;0;0;0;0;0;0;0;0;1373;0;0;88;0;80;0;
8539;2569940;999886848;14209024;1091768320;0;0;0;0;0;0;0;0;0;0;0;1572;0;0;88;0;80;0;
8540;1978029;999886848;14209024;1091768320;0;0;0;0;0;0;0;0;0;0;0;1403;0;0;88;0;80;0;
8541;4886865;1002246144;20713472;1098272768;0;0;0;0;0;0;0;0;0;0;0;1563;0;0;88;0;80;0;
8542;3592578;1004343296;20713472;1098272768;0;0;0;0;0;0;0;0;0;0;0;2465;0;0;88;0;80;0;
8543;2735731;1004343296;20713472;1098272768;0;0;0;0;0;0;0;0;0;0;0;1412;0;0;88;0;80;0;
8544;2128441;1004343296;20713472;1098272768;0;0;0;0;0;0;0;0;0;0;0;1853;0;0;88;0;80;0;
8545;2828574;1005420544;20713472;1098272768;0;0;0;0;0;0;0;0;0;0;0;1493;0;0;88;0;80;0;
8546;2075673;1005420544;20713472;1098272768;0;0;0;0;0;0;0;0;0;0;0;1483;0;0;88;0;80;0;
8547;5202046;1005420544;20713472;1098272768;0;0;0;0;0;0;0;0;0;0;0;1462;0;0;88;0;80;0;
8548;2654798;1005420544;20713472;1098272768;0;0;0;0;0;0;0;0;0;0;0;2134;0;0;88;0;80;0;
8549;2940795;1005420544;20713472;1098272768;0;0;0;0;0;0;0;0;0;0;0;1864;0;0;88;0;80;0;
8550;2247144;1005420544;20713472;1098272768;0;0;0;0;0;0;0;0;0;0;0;1403;0;0;88;0;80;0;
8551;2570801;1005420544;20713472;1098272768;0;0;0;0;0;0;0;0;0;0;0;1493;0;0;88;0;80;0;
8552;2304132;1005420544;20713472;1098272768;0;0;0;0;0;0;0;0;0;0;0;1463;0;0;88;0;80;0;
8553;4603182;1005690880;20713472;1098272768;0;0;0;0;0;0;0;0;0;0;0;1793;0;0;88;0;80;0;
8554;2086754;1005690880;20713472;1098272768;0;0;0;0;0;0;0;0;0;0;0;1543;0;0;88;0;80;0;
8555;2773722;1005690880;20713472;1098272768;0;0;0;0;0;0;0;0;0;0;0;1413;0;0;88;0;80;0;
8556;1539026;1005690880;20713472;1098272768;0;0;0;0;0;0;0;0;0;0;0;1573;0;0;88;0;80;0;
8557;1925431;1005690880;20713472;1098272768;0;0;0;0;0;0;0;0;0;0;0;1353;0;0;88;0;80;0;
8558;2040256;1005690880;20713472;1098272768;0;0;0;0;0;0;0;0;0;0;0;1513;0;0;88;0;80;0;
8559;5325948;1005690880;20713472;1098272768;0;0;0;0;0;0;0;0;0;0;0;1513;0;0;88;0;80;0;
8560;2836590;1005690880;20713472;1098272768;0;0;0;0;0;0;0;0;0;0;0;1673;0;0;88;0;80;0;
8561;2670388;999903232;14204928;1091764224;0;0;0;0;0;0;0;0;0;0;0;1453;0;0;88;0;80;0;
8562;2923542;999903232;14204928;1091764224;0;0;0;0;0;0;0;0;0;0;0;1393;0;0;88;0;80;0;
8563;2403618;999903232;14204928;1091764224;0;0;0;0;0;0;0;0;0;0;0;1543;0;0;88;0;80;0;
8564;2067007;999903232;14204928;1091764224;0;0;0;0;0;0;0;0;0;0;0;1422;0;0;88;0;80;0;
8565;5350004;1002262528;20709376;1098268672;0;0;0;0;0;0;0;0;0;0;0;1423;0;0;88;0;80;0;
8566;4173156;1004359680;20713472;1098272768;0;0;0;0;0;0;0;0;0;0;0;3577;0;0;88;0;80;0;
8567;3217514;1004359680;20713472;1098272768;0;0;0;0;0;0;0;0;0;0;0;2164;0;0;88;0;80;0;
8568;2300585;1004359680;20713472;1098272768;0;0;0;0;0;0;0;0;0;0;0;2074;0;0;88;0;80;0;
8569;2883789;1005707264;20713472;1098272768;0;0;0;0;0;0;0;0;0;0;0;1713;0;0;88;0;80;0;
8570;4125627;1005707264;20713472;1098272768;0;0;0;0;0;0;0;0;0;0;0;2865;0;0;88;0;80;0;
8571;4524004;1005707264;20713472;1098272768;0;0;0;0;0;0;0;0;0;0;0;2295;0;0;88;0;80;0;
8572;3052424;1005707264;20713472;1098272768;0;0;0;0;0;0;0;0;0;0;0;2875;0;0;88;0;80;0;
8573;5548235;1005707264;20713472;1098272768;0;0;0;0;0;0;0;0;0;0;0;2815;0;0;88;0;80;0;
8574;2312627;1005707264;20713472;1098272768;0;0;0;0;0;0;0;0;0;0;0;2906;0;0;88;0;80;0;
8575;4134173;1005707264;20713472;1098272768;0;0;0;0;0;0;0;0;0;0;0;2565;0;0;88;0;80;0;
8576;2721494;1005707264;20713472;1098272768;0;0;0;0;0;0;0;0;0;0;0;4368;0;0;88;0;80;0;
8577;5612235;1005707264;20713472;1098272768;0;0;0;0;0;0;0;0;0;0;0;1402;0;0;88;0;80;0;
8578;3092089;1005707264;20713472;1098272768;0;0;0;0;0;0;0;0;0;0;0;2264;0;0;88;0;80;0;
8579;2279464;1005707264;20713472;1098272768;0;0;0;0;0;0;0;0;0;0;0;1472;0;0;88;0;80;0;
8580;987742;1005707264;20713472;1098272768;0;0;0;0;0;0;0;0;0;0;0;1352;0;0;88;0;80;0;
8581;2576202;1005707264;20713472;1098272768;0;0;0;0;0;0;0;0;0;0;0;1553;0;0;88;0;80;0;
8582;1897158;1005707264;20713472;1098272768;0;0;0;0;0;0;0;0;0;0;0;1413;0;0;88;0;80;0;
8583;4672983;1005707264;20713472;1098272768;0;0;0;0;0;0;0;0;0;0;0;1503;0;0;88;0;80;0;
8584;2561133;1005707264;20713472;1098272768;0;0;0;0;0;0;0;0;0;0;0;2394;0;0;88;0;80;0;
8585;2981391;999927808;14209024;1091768320;0;0;0;0;0;0;0;0;0;0;0;1463;0;0;88;0;80;0;
8586;1978100;999927808;14209024;1091768320;0;0;0;0;0;0;0;0;0;0;0;1724;0;0;88;0;80;0;
8587;1881047;999927808;14209024;1091768320;0;0;0;0;0;0;0;0;0;0;0;1373;0;0;88;0;80;0;
8588;2198743;999927808;14209024;1091768320;0;0;0;0;0;0;0;0;0;0;0;1633;0;0;88;0;80;0;
8589;4893047;1002287104;20713472;1098272768;0;0;0;0;0;0;0;0;0;0;0;1693;0;0;88;0;80;0;
8590;3172029;1004384256;20713472;1098272768;0;0;0;0;0;0;0;0;0;0;0;2705;0;0;88;0;80;0;
8591;2201950;1004384256;20713472;1098272768;0;0;0;0;0;0;0;0;0;0;0;1453;0;0;88;0;80;0;
8592;1800176;1004384256;20713472;1098272768;0;0;0;0;0;0;0;0;0;0;0;1432;0;0;88;0;80;0;
8593;2632206;1005731840;20713472;1098272768;0;0;0;0;0;0;0;0;0;0;0;1643;0;0;88;0;80;0;
8594;2165591;1005731840;20713472;1098272768;0;0;0;0;0;0;0;0;0;0;0;1503;0;0;88;0;80;0;
8595;5201665;1005731840;20713472;1098272768;0;0;0;0;0;0;0;0;0;0;0;1453;0;0;88;0;80;0;
8596;3543605;1005731840;20713472;1098272768;0;0;0;0;0;0;0;0;0;0;0;1613;0;0;88;0;80;0;
8597;1629967;1005731840;20713472;1098272768;0;0;0;0;0;0;0;0;0;0;0;1362;0;0;88;0;80;0;
8598;1462803;1005731840;20713472;1098272768;0;0;0;0;0;0;0;0;0;0;0;1412;0;0;88;0;80;0;
8599;2224472;1005731840;20713472;1098272768;0;0;0;0;0;0;0;0;0;0;0;1383;0;0;88;0;80;0;
8600;1861982;1005731840;20713472;1098272768;0;0;0;0;0;0;0;0;0;0;0;1523;0;0;88;0;80;0;
8601;4471556;1005731840;20713472;1098272768;0;0;0;0;0;0;0;0;0;0;0;1573;0;0;88;0;80;0;
8602;2209283;1005731840;20713472;1098272768;0;0;0;0;0;0;0;0;0;0;0;1683;0;0;88;0;80;0;
8603;2144081;1005731840;20713472;1098272768;0;0;0;0;0;0;0;0;0;0;0;1453;0;0;88;0;80;0;
8604;1651988;1005731840;20713472;1098272768;0;0;0;0;0;0;0;0;0;0;0;1233;0;0;88;0;80;0;
8605;1764149;1005731840;20713472;1098272768;0;0;0;0;0;0;0;0;0;0;0;1433;0;0;88;0;80;0;
8606;2073669;1005731840;20713472;1098272768;0;0;0;0;0;0;0;0;0;0;0;1543;0;0;88;0;80;0;
8607;4750098;1005731840;20713472;1098272768;0;0;0;0;0;0;0;0;0;0;0;1553;0;0;88;0;80;0;
8608;2964530;1005731840;20713472;1098272768;0;0;0;0;0;0;0;0;0;0;0;2234;0;0;88;0;80;0;
8609;2971192;999944192;14204928;1091764224;0;0;0;0;0;0;0;0;0;0;0;1753;0;0;88;0;80;0;
8610;1968542;999944192;14204928;1091764224;0;0;0;0;0;0;0;0;0;0;0;1774;0;0;88;0;80;0;
8611;1900915;999944192;14204928;1091764224;0;0;0;0;0;0;0;0;0;0;0;1473;0;0;88;0;80;0;
8612;1471259;999944192;14204928;1091764224;0;0;0;0;0;0;0;0;0;0;0;1463;0;0;88;0;80;0;
8613;5942645;1002303488;20709376;1098268672;0;0;0;0;0;0;0;0;0;0;0;1573;0;0;88;0;80;0;
8614;3381833;1004400640;20713472;1098272768;0;0;0;0;0;0;0;0;0;0;0;3116;0;0;88;0;80;0;
8615;3642612;1004400640;20713472;1098272768;0;0;0;0;0;0;0;0;0;0;0;1273;0;0;88;0;80;0;
8616;1776833;1004400640;20713472;1098272768;0;0;0;0;0;0;0;0;0;0;0;1423;0;0;88;0;80;0;
8617;2630714;1005748224;20713472;1098272768;0;0;0;0;0;0;0;0;0;0;0;1593;0;0;88;0;80;0;
8618;2119655;1005748224;20713472;1098272768;0;0;0;0;0;0;0;0;0;0;0;1513;0;0;88;0;80;0;
8619;5329856;1005748224;20713472;1098272768;0;0;0;0;0;0;0;0;0;0;0;1623;0;0;88;0;80;0;
8620;3108930;1005748224;20713472;1098272768;0;0;0;0;0;0;0;0;0;0;0;1863;0;0;88;0;80;0;
8621;2844965;1005748224;20713472;1098272768;0;0;0;0;0;0;0;0;0;0;0;1793;0;0;88;0;80;0;
8622;1449799;1005748224;20713472;1098272768;0;0;0;0;0;0;0;0;0;0;0;1482;0;0;88;0;80;0;
8623;1724644;1005748224;20713472;1098272768;0;0;0;0;0;0;0;0;0;0;0;1503;0;0;88;0;80;0;
8624;1872071;1005748224;20713472;1098272768;0;0;0;0;0;0;0;0;0;0;0;1453;0;0;88;0;80;0;
8625;5616242;1005748224;20713472;1098272768;0;0;0;0;0;0;0;0;0;0;0;1633;0;0;88;0;80;0;
8626;2611878;1005748224;20713472;1098272768;0;0;0;0;0;0;0;0;0;0;0;1833;0;0;88;0;80;0;
8627;2759245;1005748224;20713472;1098272768;0;0;0;0;0;0;0;0;0;0;0;1463;0;0;88;0;80;0;
8628;2682110;1005748224;20713472;1098272768;0;0;0;0;0;0;0;0;0;0;0;1794;0;0;88;0;80;0;
8629;2221436;1005748224;20713472;1098272768;0;0;0;0;0;0;0;0;0;0;0;1523;0;0;88;0;80;0;
8630;2302067;1005748224;20713472;1098272768;0;0;0;0;0;0;0;0;0;0;0;1533;0;0;88;0;80;0;
8631;4842512;1005748224;20713472;1098272768;0;0;0;0;0;0;0;0;0;0;0;1373;0;0;88;0;80;0;
8632;2710944;1005748224;20713472;1098272768;0;0;0;0;0;0;0;0;0;0;0;99487;0;0;88;0;80;0;
8633;2961514;999968768;14209024;1091768320;0;0;0;0;0;0;0;0;0;0;0;1803;0;0;88;0;80;0;
8634;1526042;999968768;14209024;1091768320;0;0;0;0;0;0;0;0;0;0;0;1513;0;0;88;0;80;0;
8635;1942633;999968768;14209024;1091768320;0;0;0;0;0;0;0;0;0;0;0;1433;0;0;88;0;80;0;
8636;2560522;999968768;14209024;1091768320;0;0;0;0;0;0;0;0;0;0;0;1553;0;0;88;0;80;0;
8637;5575366;1002328064;20713472;1098272768;0;0;0;0;0;0;0;0;0;0;0;1523;0;0;88;0;80;0;
8638;3147914;1004425216;20713472;1098272768;0;0;0;0;0;0;0;0;0;0;0;2194;0;0;88;0;80;0;
8639;2544983;1004425216;20713472;1098272768;0;0;0;0;0;0;0;0;0;0;0;1523;0;0;88;0;80;0;
8640;2146626;1004425216;20713472;1098272768;0;0;0;0;0;0;0;0;0;0;0;1673;0;0;88;0;80;0;
8641;3063795;1005772800;20713472;1098272768;0;0;0;0;0;0;0;0;0;0;0;1573;0;0;88;0;80;0;
8642;2721183;1005772800;20713472;1098272768;0;0;0;0;0;0;0;0;0;0;0;247184;0;0;88;0;80;0;
8643;5189712;1005772800;20713472;1098272768;0;0;0;0;0;0;0;0;0;0;0;1472;0;0;88;0;80;0;
8644;3186747;1005772800;20713472;1098272768;0;0;0;0;0;0;0;0;0;0;0;2044;0;0;88;0;80;0;
8645;3082300;1005772800;20713472;1098272768;0;0;0;0;0;0;0;0;0;0;0;1493;0;0;88;0;80;0;
8646;2134222;1005772800;20713472;1098272768;0;0;0;0;0;0;0;0;0;0;0;1633;0;0;88;0;80;0;
8647;2406082;1005772800;20713472;1098272768;0;0;0;0;0;0;0;0;0;0;0;1443;0;0;88;0;80;0;
8648;2438303;1005772800;20713472;1098272768;0;0;0;0;0;0;0;0;0;0;0;1432;0;0;88;0;80;0;
8649;5515444;1005772800;20713472;1098272768;0;0;0;0;0;0;0;0;0;0;0;1643;0;0;88;0;80;0;
8650;2557687;1005772800;20713472;1098272768;0;0;0;0;0;0;0;0;0;0;0;2014;0;0;88;0;80;0;
8651;2608522;1005772800;20713472;1098272768;0;0;0;0;0;0;0;0;0;0;0;1573;0;0;88;0;80;0;
8652;2462268;1005772800;20713472;1098272768;0;0;0;0;0;0;0;0;0;0;0;1784;0;0;88;0;80;0;
8653;2534694;1005772800;20713472;1098272768;0;0;0;0;0;0;0;0;0;0;0;1442;0;0;88;0;80;0;
8654;2111049;1005772800;20713472;1098272768;0;0;0;0;0;0;0;0;0;0;0;1593;0;0;88;0;80;0;
8655;5505856;1005772800;20713472;1098272768;0;0;0;0;0;0;0;0;0;0;0;1232;0;0;88;0;80;0;
8656;3385639;1005772800;20713472;1098272768;0;0;0;0;0;0;0;0;0;0;0;2604;0;0;88;0;80;0;
8657;2419908;999985152;14204928;1091764224;0;0;0;0;0;0;0;0;0;0;0;1453;0;0;88;0;80;0;
8658;1865408;999985152;14204928;1091764224;0;0;0;0;0;0;0;0;0;0;0;1884;0;0;88;0;80;0;
8659;2531418;999985152;14204928;1091764224;0;0;0;0;0;0;0;0;0;0;0;1193;0;0;88;0;80;0;
8660;2166533;999985152;14204928;1091764224;0;0;0;0;0;0;0;0;0;0;0;1674;0;0;88;0;80;0;
8661;5941302;1002344448;20709376;1098268672;0;0;0;0;0;0;0;0;0;0;0;1593;0;0;88;0;80;0;
8662;3564815;1004441600;20713472;1098272768;0;0;0;0;0;0;0;0;0;0;0;2465;0;0;88;0;80;0;
8663;2745208;1004441600;20713472;1098272768;0;0;0;0;0;0;0;0;0;0;0;1603;0;0;88;0;80;0;
8664;2601529;1004441600;20713472;1098272768;0;0;0;0;0;0;0;0;0;0;0;2034;0;0;88;0;80;0;
8665;3226050;1005789184;20713472;1098272768;0;0;0;0;0;0;0;0;0;0;0;1663;0;0;88;0;80;0;
8666;2141366;1005789184;20713472;1098272768;0;0;0;0;0;0;0;0;0;0;0;1954;0;0;88;0;80;0;
8667;4844645;1005789184;20713472;1098272768;0;0;0;0;0;0;0;0;0;0;0;1442;0;0;88;0;80;0;
8668;2266651;1005789184;20713472;1098272768;0;0;0;0;0;0;0;0;0;0;0;2044;0;0;88;0;80;0;
8669;2815370;1005789184;20713472;1098272768;0;0;0;0;0;0;0;0;0;0;0;1503;0;0;88;0;80;0;
8670;2691027;1005789184;20713472;1098272768;0;0;0;0;0;0;0;0;0;0;0;1703;0;0;88;0;80;0;
8671;2742894;1005789184;20713472;1098272768;0;0;0;0;0;0;0;0;0;0;0;1493;0;0;88;0;80;0;
8672;2001974;1005789184;20713472;1098272768;0;0;0;0;0;0;0;0;0;0;0;1463;0;0;88;0;80;0;
8673;5768067;1005789184;20713472;1098272768;0;0;0;0;0;0;0;0;0;0;0;1623;0;0;88;0;80;0;
8674;2928412;1005789184;20713472;1098272768;0;0;0;0;0;0;0;0;0;0;0;2445;0;0;88;0;80;0;
8675;2327265;1005789184;20713472;1098272768;0;0;0;0;0;0;0;0;0;0;0;1844;0;0;88;0;80;0;
8676;2571913;1005789184;20713472;1098272768;0;0;0;0;0;0;0;0;0;0;0;1703;0;0;88;0;80;0;
8677;2706856;1005789184;20713472;1098272768;0;0;0;0;0;0;0;0;0;0;0;1613;0;0;88;0;80;0;
8678;1574854;1005789184;20713472;1098272768;0;0;0;0;0;0;0;0;0;0;0;1663;0;0;88;0;80;0;
8679;4994547;1005789184;20713472;1098272768;0;0;0;0;0;0;0;0;0;0;0;1443;0;0;88;0;80;0;
8680;3080668;1005789184;20713472;1098272768;0;0;0;0;0;0;0;0;0;0;0;2414;0;0;88;0;80;0;
8681;2716575;1000009728;14209024;1091768320;0;0;0;0;0;0;0;0;0;0;0;1813;0;0;88;0;80;0;
8682;2232507;1000009728;14209024;1091768320;0;0;0;0;0;0;0;0;0;0;0;1613;0;0;88;0;80;0;
8683;2751510;1000009728;14209024;1091768320;0;0;0;0;0;0;0;0;0;0;0;1633;0;0;88;0;80;0;
8684;2355868;1000009728;14209024;1091768320;0;0;0;0;0;0;0;0;0;0;0;1633;0;0;88;0;80;0;
8685;5640679;1002369024;20713472;1098272768;0;0;0;0;0;0;0;0;0;0;0;1523;0;0;88;0;80;0;
8686;3163182;1004466176;20713472;1098272768;0;0;0;0;0;0;0;0;0;0;0;2575;0;0;88;0;80;0;
8687;2547677;1004466176;20713472;1098272768;0;0;0;0;0;0;0;0;0;0;0;1503;0;0;88;0;80;0;
8688;2165662;1004466176;20713472;1098272768;0;0;0;0;0;0;0;0;0;0;0;1654;0;0;88;0;80;0;
8689;3349020;1005813760;20713472;1098272768;0;0;0;0;0;0;0;0;0;0;0;1784;0;0;88;0;80;0;
8690;2417694;1005813760;20713472;1098272768;0;0;0;0;0;0;0;0;0;0;0;1903;0;0;88;0;80;0;
8691;5082862;1005813760;20713472;1098272768;0;0;0;0;0;0;0;0;0;0;0;1523;0;0;88;0;80;0;
8692;2942408;1005813760;20713472;1098272768;0;0;0;0;0;0;0;0;0;0;0;1703;0;0;88;0;80;0;
8693;2723367;1005813760;20713472;1098272768;0;0;0;0;0;0;0;0;0;0;0;1633;0;0;88;0;80;0;
8694;2570130;1005813760;20713472;1098272768;0;0;0;0;0;0;0;0;0;0;0;1933;0;0;88;0;80;0;
8695;3040392;1005813760;20713472;1098272768;0;0;0;0;0;0;0;0;0;0;0;1413;0;0;88;0;80;0;
8696;2364184;1005813760;20713472;1098272768;0;0;0;0;0;0;0;0;0;0;0;1543;0;0;88;0;80;0;
8697;5781212;1005813760;20713472;1098272768;0;0;0;0;0;0;0;0;0;0;0;1332;0;0;88;0;80;0;
8698;3232733;1005813760;20713472;1098272768;0;0;0;0;0;0;0;0;0;0;0;4068;0;0;88;0;80;0;
8699;2924725;1005813760;20713472;1098272768;0;0;0;0;0;0;0;0;0;0;0;2915;0;0;88;0;80;0;
8700;2050736;1005813760;20713472;1098272768;0;0;0;0;0;0;0;0;0;0;0;2374;0;0;88;0;80;0;
8701;2524014;1005813760;20713472;1098272768;0;0;0;0;0;0;0;0;0;0;0;1803;0;0;88;0;80;0;
8702;1983600;1005813760;20713472;1098272768;0;0;0;0;0;0;0;0;0;0;0;1553;0;0;88;0;80;0;
8703;4948630;1005813760;20713472;1098272768;0;0;0;0;0;0;0;0;0;0;0;1463;0;0;88;0;80;0;
8704;2970741;1005813760;20713472;1098272768;0;0;0;0;0;0;0;0;0;0;0;2604;0;0;88;0;80;0;
8705;2816062;1000030208;14209024;1091768320;0;0;0;0;0;0;0;0;0;0;0;1693;0;0;88;0;80;0;
8706;1273769;1000030208;14209024;1091768320;0;0;0;0;0;0;0;0;0;0;0;1552;0;0;88;0;80;0;
8707;1545849;1000030208;14209024;1091768320;0;0;0;0;0;0;0;0;0;0;0;1653;0;0;88;0;80;0;
8708;1038237;1000030208;14209024;1091768320;0;0;0;0;0;0;0;0;0;0;0;1733;0;0;88;0;80;0;
8709;4688713;1002389504;20713472;1098272768;0;0;0;0;0;0;0;0;0;0;0;1953;0;0;88;0;80;0;
8710;3112778;1004486656;20713472;1098272768;0;0;0;0;0;0;0;0;0;0;0;3016;0;0;88;0;80;0;
8711;2422904;1004486656;20713472;1098272768;0;0;0;0;0;0;0;0;0;0;0;1583;0;0;88;0;80;0;
8712;2357842;1004486656;20713472;1098272768;0;0;0;0;0;0;0;0;0;0;0;1483;0;0;88;0;80;0;
8713;1958974;1005834240;20713472;1098272768;0;0;0;0;0;0;0;0;0;0;0;1532;0;0;88;0;80;0;
8714;1250054;1005834240;20713472;1098272768;0;0;0;0;0;0;0;0;0;0;0;1523;0;0;88;0;80;0;
8715;4312968;1005834240;20713472;1098272768;0;0;0;0;0;0;0;0;0;0;0;1353;0;0;88;0;80;0;
8716;2876625;1005834240;20713472;1098272768;0;0;0;0;0;0;0;0;0;0;0;2375;0;0;88;0;80;0;
8717;2190158;1005834240;20713472;1098272768;0;0;0;0;0;0;0;0;0;0;0;1353;0;0;88;0;80;0;
8718;1884715;1005834240;20713472;1098272768;0;0;0;0;0;0;0;0;0;0;0;1613;0;0;88;0;80;0;
8719;2510097;1005834240;20713472;1098272768;0;0;0;0;0;0;0;0;0;0;0;1473;0;0;88;0;80;0;
8720;1180183;1005834240;20713472;1098272768;0;0;0;0;0;0;0;0;0;0;0;1563;0;0;88;0;80;0;
8721;4013116;1005834240;20713472;1098272768;0;0;0;0;0;0;0;0;0;0;0;1363;0;0;88;0;80;0;
8722;2954771;1005834240;20713472;1098272768;0;0;0;0;0;0;0;0;0;0;0;2605;0;0;88;0;80;0;
8723;1810024;1005834240;20713472;1098272768;0;0;0;0;0;0;0;0;0;0;0;1452;0;0;88;0;80;0;
8724;1508239;1005834240;20713472;1098272768;0;0;0;0;0;0;0;0;0;0;0;1383;0;0;88;0;80;0;
8725;2286989;1005834240;20713472;1098272768;0;0;0;0;0;0;0;0;0;0;0;1804;0;0;88;0;80;0;
8726;1366853;1005834240;20713472;1098272768;0;0;0;0;0;0;0;0;0;0;0;1333;0;0;88;0;80;0;
8727;4468640;1005834240;20713472;1098272768;0;0;0;0;0;0;0;0;0;0;0;1433;0;0;88;0;80;0;
8728;3066040;1005834240;20713472;1098272768;0;0;0;0;0;0;0;0;0;0;0;3306;0;0;88;0;80;0;
8729;2653597;1000050688;14209024;1091768320;0;0;0;0;0;0;0;0;0;0;0;1864;0;0;88;0;80;0;
8730;1533536;1000050688;14209024;1091768320;0;0;0;0;0;0;0;0;0;0;0;1713;0;0;88;0;80;0;
8731;2495459;1000050688;14209024;1091768320;0;0;0;0;0;0;0;0;0;0;0;1784;0;0;88;0;80;0;
8732;1552511;1000050688;14209024;1091768320;0;0;0;0;0;0;0;0;0;0;0;1663;0;0;88;0;80;0;
8733;4715323;1002409984;20713472;1098272768;0;0;0;0;0;0;0;0;0;0;0;1473;0;0;88;0;80;0;
8734;3204229;1004507136;20713472;1098272768;0;0;0;0;0;0;0;0;0;0;0;3055;0;0;88;0;80;0;
8735;2942218;1004507136;20713472;1098272768;0;0;0;0;0;0;0;0;0;0;0;1573;0;0;88;0;80;0;
8736;2054523;1004507136;20713472;1098272768;0;0;0;0;0;0;0;0;0;0;0;1813;0;0;88;0;80;0;
8737;2473528;1005854720;20713472;1098272768;0;0;0;0;0;0;0;0;0;0;0;1432;0;0;88;0;80;0;
8738;1551850;1005854720;20713472;1098272768;0;0;0;0;0;0;0;0;0;0;0;1643;0;0;88;0;80;0;
8739;4361610;1005854720;20713472;1098272768;0;0;0;0;0;0;0;0;0;0;0;1613;0;0;88;0;80;0;
8740;3890506;1005854720;20713472;1098272768;0;0;0;0;0;0;0;0;0;0;0;2174;0;0;88;0;80;0;
8741;2003708;1005854720;20713472;1098272768;0;0;0;0;0;0;0;0;0;0;0;1553;0;0;88;0;80;0;
8742;1083762;1005854720;20713472;1098272768;0;0;0;0;0;0;0;0;0;0;0;1714;0;0;88;0;80;0;
8743;3302574;1005854720;20713472;1098272768;0;0;0;0;0;0;0;0;0;0;0;1373;0;0;88;0;80;0;
8744;4165492;1014284288;20713472;1115049984;0;0;0;0;0;0;0;0;0;0;0;3206;0;0;89;0;80;0;
8745;4537449;1014284288;20713472;1115049984;0;0;0;0;0;0;0;0;0;0;0;1783;0;0;89;0;80;0;
8746;2348274;1014284288;20713472;1115049984;0;0;0;0;0;0;0;0;0;0;0;1814;0;0;89;0;80;0;
8747;1756474;1014284288;20713472;1115049984;0;0;0;0;0;0;0;0;0;0;0;1653;0;0;89;0;80;0;
8748;2389972;1014284288;20713472;1115049984;0;0;0;0;0;0;0;0;0;0;0;1774;0;0;89;0;80;0;
8749;2342503;1014284288;20713472;1115049984;0;0;0;0;0;0;0;0;0;0;0;1553;0;0;89;0;80;0;
8750;1984672;1014284288;20713472;1115049984;0;0;0;0;0;0;0;0;0;0;0;1863;0;0;89;0;80;0;
8751;4368983;1014284288;20713472;1115049984;0;0;0;0;0;0;0;0;0;0;0;1493;0;0;89;0;80;0;
8752;2677200;1014284288;20713472;1115049984;0;0;0;0;0;0;0;0;0;0;0;2164;0;0;89;0;80;0;
8753;2198192;1008467968;14209024;1108545536;0;0;0;0;0;0;0;0;0;0;0;1403;0;0;89;0;80;0;
8754;1639064;1008467968;14209024;1108545536;0;0;0;0;0;0;0;0;0;0;0;1362;0;0;89;0;80;0;
8755;2681258;1008467968;14209024;1108545536;0;0;0;0;0;0;0;0;0;0;0;1393;0;0;89;0;80;0;
8756;898275;1008467968;14209024;1108545536;0;0;0;0;0;0;0;0;0;0;0;1373;0;0;89;0;80;0;
8757;4051788;1010827264;20713472;1115049984;0;0;0;0;0;0;0;0;0;0;0;1423;0;0;89;0;80;0;
8758;2256252;1012924416;20713472;1115049984;0;0;0;0;0;0;0;0;0;0;0;1874;0;0;89;0;80;0;
8759;2563668;1012924416;20713472;1115049984;0;0;0;0;0;0;0;0;0;0;0;1743;0;0;89;0;80;0;
8760;1153604;1012924416;20713472;1115049984;0;0;0;0;0;0;0;0;0;0;0;1343;0;0;89;0;80;0;
8761;1848727;1014272000;20713472;1115049984;0;0;0;0;0;0;0;0;0;0;0;1363;0;0;89;0;80;0;
8762;1067442;1014272000;20713472;1115049984;0;0;0;0;0;0;0;0;0;0;0;1353;0;0;89;0;80;0;
8763;4578807;1014272000;20713472;1115049984;0;0;0;0;0;0;0;0;0;0;0;1443;0;0;89;0;80;0;
8764;2093897;1014272000;20713472;1115049984;0;0;0;0;0;0;0;0;0;0;0;1813;0;0;89;0;80;0;
8765;1542984;1014415360;20709376;1115045888;0;0;0;0;0;0;0;0;0;0;0;1393;0;0;89;0;80;0;
8766;2125165;1014415360;20709376;1115045888;0;0;0;0;0;0;0;0;0;0;0;1603;0;0;89;0;80;0;
8767;1744682;1014415360;20709376;1115045888;0;0;0;0;0;0;0;0;0;0;0;1573;0;0;89;0;80;0;
8768;1553994;1014415360;20709376;1115045888;0;0;0;0;0;0;0;0;0;0;0;1443;0;0;89;0;80;0;
8769;5288137;1014415360;20709376;1115045888;0;0;0;0;0;0;0;0;0;0;0;1473;0;0;89;0;80;0;
8770;2054232;1014415360;20709376;1115045888;0;0;0;0;0;0;0;0;0;0;0;1834;0;0;89;0;80;0;
8771;1834841;1014415360;20709376;1115045888;0;0;0;0;0;0;0;0;0;0;0;1403;0;0;89;0;80;0;
8772;1078272;1014415360;20709376;1115045888;0;0;0;0;0;0;0;0;0;0;0;1483;0;0;89;0;80;0;
8773;2615916;1014415360;20709376;1115045888;0;0;0;0;0;0;0;0;0;0;0;1282;0;0;89;0;80;0;
8774;1875828;1014415360;20709376;1115045888;0;0;0;0;0;0;0;0;0;0;0;1403;0;0;89;0;80;0;
8775;4869042;1014415360;20709376;1115045888;0;0;0;0;0;0;0;0;0;0;0;1853;0;0;89;0;80;0;
8776;3356135;1014415360;20709376;1115045888;0;0;0;0;0;0;0;0;0;0;0;2956;0;0;89;0;80;0;
8777;2823084;1008484352;14204928;1108541440;0;0;0;0;0;0;0;0;0;0;0;1734;0;0;89;0;80;0;
8778;1502789;1008484352;14204928;1108541440;0;0;0;0;0;0;0;0;0;0;0;1703;0;0;89;0;80;0;
8779;1883422;1008484352;14204928;1108541440;0;0;0;0;0;0;0;0;0;0;0;1503;0;0;89;0;80;0;
8780;2029416;1008484352;14204928;1108541440;0;0;0;0;0;0;0;0;0;0;0;3266;0;0;89;0;80;0;
8781;5857886;1010843648;20709376;1115045888;0;0;0;0;0;0;0;0;0;0;0;2745;0;0;89;0;80;0;
8782;3816818;1012940800;20713472;1115049984;0;0;0;0;0;0;0;0;0;0;0;4509;0;0;89;0;80;0;
8783;2859343;1012940800;20713472;1115049984;0;0;0;0;0;0;0;0;0;0;0;1363;0;0;89;0;80;0;
8784;2279124;1012940800;20713472;1115049984;0;0;0;0;0;0;0;0;0;0;0;2084;0;0;89;0;80;0;
8785;2988244;1014288384;20713472;1115049984;0;0;0;0;0;0;0;0;0;0;0;1763;0;0;89;0;80;0;
8786;2073608;1014288384;20713472;1115049984;0;0;0;0;0;0;0;0;0;0;0;2315;0;0;89;0;80;0;
8787;5323343;1014288384;20713472;1115049984;0;0;0;0;0;0;0;0;0;0;0;1673;0;0;89;0;80;0;
8788;4424127;1014288384;20713472;1115049984;0;0;0;0;0;0;0;0;0;0;0;62637;0;0;89;0;80;0;
8789;3089624;1014288384;20713472;1115049984;0;0;0;0;0;0;0;0;0;0;0;86722;0;0;89;0;80;0;
8790;3146210;1014288384;20713472;1115049984;0;0;0;0;0;0;0;0;0;0;0;2956;0;0;89;0;80;0;
8791;1974724;1014288384;20713472;1115049984;0;0;0;0;0;0;0;0;0;0;0;1353;0;0;89;0;80;0;
8792;2513364;1014288384;20713472;1115049984;0;0;0;0;0;0;0;0;0;0;0;1542;0;0;89;0;80;0;
8793;5544979;1014288384;20713472;1115049984;0;0;0;0;0;0;0;0;0;0;0;1623;0;0;89;0;80;0;
8794;4716265;1014288384;20713472;1115049984;0;0;0;0;0;0;0;0;0;0;0;4258;0;0;89;0;80;0;
8795;2753724;1014288384;20713472;1115049984;0;0;0;0;0;0;0;0;0;0;0;3276;0;0;89;0;80;0;
8796;1982008;1014288384;20713472;1115049984;0;0;0;0;0;0;0;0;0;0;0;1934;0;0;89;0;80;0;
8797;2927690;1014288384;20713472;1115049984;0;0;0;0;0;0;0;0;0;0;0;1423;0;0;89;0;80;0;
8798;1522345;1014288384;20713472;1115049984;0;0;0;0;0;0;0;0;0;0;0;1654;0;0;89;0;80;0;
8799;5416508;1014288384;20713472;1115049984;0;0;0;0;0;0;0;0;0;0;0;1433;0;0;89;0;80;0;
8800;5994562;1014288384;20713472;1115049984;0;0;0;0;0;0;0;0;0;0;0;5270;0;0;89;0;80;0;
8801;2765386;1008513024;14209024;1108545536;0;0;0;0;0;0;0;0;0;0;0;1512;0;0;89;0;80;0;
8802;2445506;1008513024;14209024;1108545536;0;0;0;0;0;0;0;0;0;0;0;3096;0;0;89;0;80;0;
8803;2887815;1008513024;14209024;1108545536;0;0;0;0;0;0;0;0;0;0;0;1944;0;0;89;0;80;0;
8804;1991324;1008513024;14209024;1108545536;0;0;0;0;0;0;0;0;0;0;0;7895;0;0;89;0;80;0;
8805;5265906;1010872320;20713472;1115049984;0;0;0;0;0;0;0;0;0;0;0;1643;0;0;89;0;80;0;
8806;3257048;1012969472;20713472;1115049984;0;0;0;0;0;0;0;0;0;0;0;2555;0;0;89;0;80;0;
8807;2054993;1012969472;20713472;1115049984;0;0;0;0;0;0;0;0;0;0;0;1493;0;0;89;0;80;0;
8808;2228429;1012969472;20713472;1115049984;0;0;0;0;0;0;0;0;0;0;0;2274;0;0;89;0;80;0;
8809;3020234;1014317056;20713472;1115049984;0;0;0;0;0;0;0;0;0;0;0;1903;0;0;89;0;80;0;
8810;1773687;1014317056;20713472;1115049984;0;0;0;0;0;0;0;0;0;0;0;1693;0;0;89;0;80;0;
8811;5765292;1014317056;20713472;1115049984;0;0;0;0;0;0;0;0;0;0;0;1573;0;0;89;0;80;0;
8812;2301616;1014317056;20713472;1115049984;0;0;0;0;0;0;0;0;0;0;0;2554;0;0;89;0;80;0;
8813;2892885;1014317056;20713472;1115049984;0;0;0;0;0;0;0;0;0;0;0;2444;0;0;89;0;80;0;
8814;2270819;1014317056;20713472;1115049984;0;0;0;0;0;0;0;0;0;0;0;2084;0;0;89;0;80;0;
8815;2034245;1014317056;20713472;1115049984;0;0;0;0;0;0;0;0;0;0;0;1463;0;0;89;0;80;0;
8816;2239129;1014317056;20713472;1115049984;0;0;0;0;0;0;0;0;0;0;0;1473;0;0;89;0;80;0;
8817;11162003;1014317056;20713472;1115049984;0;0;0;0;0;0;0;0;0;0;0;1573;0;0;89;0;80;0;
8818;3022489;1014317056;20713472;1115049984;0;0;0;0;0;0;0;0;0;0;0;2665;0;0;89;0;80;0;
8819;1939998;1014317056;20713472;1115049984;0;0;0;0;0;0;0;0;0;0;0;1543;0;0;89;0;80;0;
8820;2782308;1014317056;20713472;1115049984;0;0;0;0;0;0;0;0;0;0;0;1763;0;0;89;0;80;0;
8821;2893486;1014317056;20713472;1115049984;0;0;0;0;0;0;0;0;0;0;0;2104;0;0;89;0;80;0;
8822;1258881;1014317056;20713472;1115049984;0;0;0;0;0;0;0;0;0;0;0;1613;0;0;89;0;80;0;
8823;4313901;1014317056;20713472;1115049984;0;0;0;0;0;0;0;0;0;0;0;1413;0;0;89;0;80;0;
8824;3118609;1014317056;20713472;1115049984;0;0;0;0;0;0;0;0;0;0;0;2535;0;0;89;0;80;0;
8825;3402581;1008533504;14209024;1108545536;0;0;0;0;0;0;0;0;0;0;0;2335;0;0;89;0;80;0;
8826;2173646;1008533504;14209024;1108545536;0;0;0;0;0;0;0;0;0;0;0;2013;0;0;89;0;80;0;
8827;1917406;1008533504;14209024;1108545536;0;0;0;0;0;0;0;0;0;0;0;1443;0;0;89;0;80;0;
8828;2002766;1008533504;14209024;1108545536;0;0;0;0;0;0;0;0;0;0;0;1502;0;0;89;0;80;0;
8829;5579353;1010892800;20713472;1115049984;0;0;0;0;0;0;0;0;0;0;0;3036;0;0;89;0;80;0;
8830;2718879;1012989952;20713472;1115049984;0;0;0;0;0;0;0;0;0;0;0;3106;0;0;89;0;80;0;
8831;3100354;1012989952;20713472;1115049984;0;0;0;0;0;0;0;0;0;0;0;2535;0;0;89;0;80;0;
8832;2087535;1012989952;20713472;1115049984;0;0;0;0;0;0;0;0;0;0;0;2555;0;0;89;0;80;0;
8833;2349797;1014337536;20713472;1115049984;0;0;0;0;0;0;0;0;0;0;0;1693;0;0;89;0;80;0;
8834;1244093;1014337536;20713472;1115049984;0;0;0;0;0;0;0;0;0;0;0;2224;0;0;89;0;80;0;
8835;4793740;1014337536;20713472;1115049984;0;0;0;0;0;0;0;0;0;0;0;1603;0;0;89;0;80;0;
8836;2098546;1014337536;20713472;1115049984;0;0;0;0;0;0;0;0;0;0;0;2184;0;0;89;0;80;0;
8837;2561464;1014337536;20713472;1115049984;0;0;0;0;0;0;0;0;0;0;0;1894;0;0;89;0;80;0;
8838;3463505;1014337536;20713472;1115049984;0;0;0;0;0;0;0;0;0;0;0;2384;0;0;89;0;80;0;
8839;2048752;1014337536;20713472;1115049984;0;0;0;0;0;0;0;0;0;0;0;1433;0;0;89;0;80;0;
8840;1651066;1014337536;20713472;1115049984;0;0;0;0;0;0;0;0;0;0;0;1933;0;0;89;0;80;0;
8841;5093463;1014337536;20713472;1115049984;0;0;0;0;0;0;0;0;0;0;0;1423;0;0;89;0;80;0;
8842;2506872;1014337536;20713472;1115049984;0;0;0;0;0;0;0;0;0;0;0;3026;0;0;89;0;80;0;
8843;2935164;1014337536;20713472;1115049984;0;0;0;0;0;0;0;0;0;0;0;1954;0;0;89;0;80;0;
8844;2101130;1014337536;20713472;1115049984;0;0;0;0;0;0;0;0;0;0;0;2194;0;0;89;0;80;0;
8845;2320662;1014337536;20713472;1115049984;0;0;0;0;0;0;0;0;0;0;0;1623;0;0;89;0;80;0;
8846;1607384;1014337536;20713472;1115049984;0;0;0;0;0;0;0;0;0;0;0;1533;0;0;89;0;80;0;
8847;5454049;1014337536;20713472;1115049984;0;0;0;0;0;0;0;0;0;0;0;2014;0;0;89;0;80;0;
8848;2589116;1014337536;20713472;1115049984;0;0;0;0;0;0;0;0;0;0;0;2695;0;0;89;0;80;0;
8849;3912949;1008553984;14209024;1108545536;0;0;0;0;0;0;0;0;0;0;0;2565;0;0;89;0;80;0;
8850;1995593;1008553984;14209024;1108545536;0;0;0;0;0;0;0;0;0;0;0;1894;0;0;89;0;80;0;
8851;2473869;1008553984;14209024;1108545536;0;0;0;0;0;0;0;0;0;0;0;1352;0;0;89;0;80;0;
8852;2387207;1008553984;14209024;1108545536;0;0;0;0;0;0;0;0;0;0;0;2965;0;0;89;0;80;0;
8853;5502309;1010913280;20713472;1115049984;0;0;0;0;0;0;0;0;0;0;0;2474;0;0;89;0;80;0;
8854;3398934;1013010432;20713472;1115049984;0;0;0;0;0;0;0;0;0;0;0;3036;0;0;89;0;80;0;
8855;2242686;1013010432;20713472;1115049984;0;0;0;0;0;0;0;0;0;0;0;1844;0;0;89;0;80;0;
8856;2336693;1013010432;20713472;1115049984;0;0;0;0;0;0;0;0;0;0;0;1393;0;0;89;0;80;0;
8857;3544067;1014358016;20713472;1115049984;0;0;0;0;0;0;0;0;0;0;0;2114;0;0;89;0;80;0;
8858;2110979;1014358016;20713472;1115049984;0;0;0;0;0;0;0;0;0;0;0;2174;0;0;89;0;80;0;
8859;5538566;1014358016;20713472;1115049984;0;0;0;0;0;0;0;0;0;0;0;1633;0;0;89;0;80;0;
8860;3173542;1014358016;20713472;1115049984;0;0;0;0;0;0;0;0;0;0;0;2795;0;0;89;0;80;0;
8861;2329900;1014358016;20713472;1115049984;0;0;0;0;0;0;0;0;0;0;0;2505;0;0;89;0;80;0;
8862;1939147;1014358016;20713472;1115049984;0;0;0;0;0;0;0;0;0;0;0;2264;0;0;89;0;80;0;
8863;2730290;1014358016;20713472;1115049984;0;0;0;0;0;0;0;0;0;0;0;1643;0;0;89;0;80;0;
8864;1966127;1014358016;20713472;1115049984;0;0;0;0;0;0;0;0;0;0;0;2355;0;0;89;0;80;0;
8865;5267288;1014358016;20713472;1115049984;0;0;0;0;0;0;0;0;0;0;0;2074;0;0;89;0;80;0;
8866;3031656;1014358016;20713472;1115049984;0;0;0;0;0;0;0;0;0;0;0;2895;0;0;89;0;80;0;
8867;3198498;1014358016;20713472;1115049984;0;0;0;0;0;0;0;0;0;0;0;2254;0;0;89;0;80;0;
8868;2524965;1014358016;20713472;1115049984;0;0;0;0;0;0;0;0;0;0;0;2275;0;0;89;0;80;0;
8869;2069702;1014358016;20713472;1115049984;0;0;0;0;0;0;0;0;0;0;0;1653;0;0;89;0;80;0;
8870;1679901;1014358016;20713472;1115049984;0;0;0;0;0;0;0;0;0;0;0;1473;0;0;89;0;80;0;
8871;5096347;1014358016;20713472;1115049984;0;0;0;0;0;0;0;0;0;0;0;2245;0;0;89;0;80;0;
8872;3928688;1014358016;20713472;1115049984;0;0;0;0;0;0;0;0;0;0;0;3838;0;0;89;0;80;0;
8873;2364615;1008574464;14209024;1108545536;0;0;0;0;0;0;0;0;0;0;0;1503;0;0;89;0;80;0;
8874;2017964;1008574464;14209024;1108545536;0;0;0;0;0;0;0;0;0;0;0;1904;0;0;89;0;80;0;
8875;2663415;1008574464;14209024;1108545536;0;0;0;0;0;0;0;0;0;0;0;1393;0;0;89;0;80;0;
8876;2182583;1008574464;14209024;1108545536;0;0;0;0;0;0;0;0;0;0;0;1543;0;0;89;0;80;0;
8877;5893803;1010933760;20713472;1115049984;0;0;0;0;0;0;0;0;0;0;0;1573;0;0;89;0;80;0;
8878;3498832;1013030912;20713472;1115049984;0;0;0;0;0;0;0;0;0;0;0;1724;0;0;89;0;80;0;
8879;1765060;1013030912;20713472;1115049984;0;0;0;0;0;0;0;0;0;0;0;1422;0;0;89;0;80;0;
8880;1926683;1013030912;20713472;1115049984;0;0;0;0;0;0;0;0;0;0;0;1352;0;0;89;0;80;0;
8881;2456697;1014378496;20713472;1115049984;0;0;0;0;0;0;0;0;0;0;0;1563;0;0;89;0;80;0;
8882;1720917;1014378496;20713472;1115049984;0;0;0;0;0;0;0;0;0;0;0;1373;0;0;89;0;80;0;
8883;5069317;1014378496;20713472;1115049984;0;0;0;0;0;0;0;0;0;0;0;1423;0;0;89;0;80;0;
8884;3299157;1014378496;20713472;1115049984;0;0;0;0;0;0;0;0;0;0;0;1723;0;0;89;0;80;0;
8885;2128662;1014378496;20713472;1115049984;0;0;0;0;0;0;0;0;0;0;0;1664;0;0;89;0;80;0;
8886;2050085;1014378496;20713472;1115049984;0;0;0;0;0;0;0;0;0;0;0;1443;0;0;89;0;80;0;
8887;2813947;1014378496;20713472;1115049984;0;0;0;0;0;0;0;0;0;0;0;1653;0;0;89;0;80;0;
8888;2492023;1014378496;20713472;1115049984;0;0;0;0;0;0;0;0;0;0;0;1483;0;0;89;0;80;0;
8889;5045522;1014378496;20713472;1115049984;0;0;0;0;0;0;0;0;0;0;0;1453;0;0;89;0;80;0;
8890;1981847;1014378496;20713472;1115049984;0;0;0;0;0;0;0;0;0;0;0;1623;0;0;89;0;80;0;
8891;2200507;1014378496;20713472;1115049984;0;0;0;0;0;0;0;0;0;0;0;1513;0;0;89;0;80;0;
8892;1958934;1014378496;20713472;1115049984;0;0;0;0;0;0;0;0;0;0;0;1442;0;0;89;0;80;0;
8893;1724915;1014378496;20713472;1115049984;0;0;0;0;0;0;0;0;0;0;0;1463;0;0;89;0;80;0;
8894;2061366;1014378496;20713472;1115049984;0;0;0;0;0;0;0;0;0;0;0;1433;0;0;89;0;80;0;
8895;5086739;1014378496;20713472;1115049984;0;0;0;0;0;0;0;0;0;0;0;1383;0;0;89;0;80;0;
8896;2492004;1014378496;20713472;1115049984;0;0;0;0;0;0;0;0;0;0;0;1583;0;0;89;0;80;0;
8897;2376618;1008594944;14209024;1108545536;0;0;0;0;0;0;0;0;0;0;0;1843;0;0;89;0;80;0;
8898;2011131;1008594944;14209024;1108545536;0;0;0;0;0;0;0;0;0;0;0;1563;0;0;89;0;80;0;
8899;2548249;1008594944;14209024;1108545536;0;0;0;0;0;0;0;0;0;0;0;1252;0;0;89;0;80;0;
8900;2004950;1008594944;14209024;1108545536;0;0;0;0;0;0;0;0;0;0;0;1633;0;0;89;0;80;0;
8901;5506437;1010954240;20713472;1115049984;0;0;0;0;0;0;0;0;0;0;0;1623;0;0;89;0;80;0;
8902;2090721;1013051392;20713472;1115049984;0;0;0;0;0;0;0;0;0;0;0;1863;0;0;89;0;80;0;
8903;2506791;1013051392;20713472;1115049984;0;0;0;0;0;0;0;0;0;0;0;1493;0;0;89;0;80;0;
8904;2339468;1013051392;20713472;1115049984;0;0;0;0;0;0;0;0;0;0;0;30548;0;0;89;0;80;0;
8905;2527159;1014398976;20713472;1115049984;0;0;0;0;0;0;0;0;0;0;0;1573;0;0;89;0;80;0;
8906;1666355;1014398976;20713472;1115049984;0;0;0;0;0;0;0;0;0;0;0;1513;0;0;89;0;80;0;
8907;5337670;1014398976;20713472;1115049984;0;0;0;0;0;0;0;0;0;0;0;1563;0;0;89;0;80;0;
8908;2397586;1014398976;20713472;1115049984;0;0;0;0;0;0;0;0;0;0;0;1433;0;0;89;0;80;0;
8909;2056436;1014398976;20713472;1115049984;0;0;0;0;0;0;0;0;0;0;0;1473;0;0;89;0;80;0;
8910;2212259;1014398976;20713472;1115049984;0;0;0;0;0;0;0;0;0;0;0;1433;0;0;89;0;80;0;
8911;2288281;1014398976;20713472;1115049984;0;0;0;0;0;0;0;0;0;0;0;1422;0;0;89;0;80;0;
8912;1970164;1014398976;20713472;1115049984;0;0;0;0;0;0;0;0;0;0;0;1402;0;0;89;0;80;0;
8913;4608883;1014398976;20713472;1115049984;0;0;0;0;0;0;0;0;0;0;0;1342;0;0;89;0;80;0;
8914;1716338;1014398976;20713472;1115049984;0;0;0;0;0;0;0;0;0;0;0;1613;0;0;89;0;80;0;
8915;2733997;1014398976;20713472;1115049984;0;0;0;0;0;0;0;0;0;0;0;1643;0;0;89;0;80;0;
8916;1745374;1014398976;20713472;1115049984;0;0;0;0;0;0;0;0;0;0;0;1412;0;0;89;0;80;0;
8917;1453145;1014398976;20713472;1115049984;0;0;0;0;0;0;0;0;0;0;0;1473;0;0;89;0;80;0;
8918;1110824;1014398976;20713472;1115049984;0;0;0;0;0;0;0;0;0;0;0;1462;0;0;89;0;80;0;
8919;5516586;1014398976;20713472;1115049984;0;0;0;0;0;0;0;0;0;0;0;1483;0;0;89;0;80;0;
8920;2351410;1014398976;20713472;1115049984;0;0;0;0;0;0;0;0;0;0;0;1693;0;0;89;0;80;0;
8921;1709115;1014398976;20713472;1115049984;0;0;0;0;0;0;0;0;0;0;0;1522;0;0;89;0;80;0;
8922;1556709;1014398976;20713472;1115049984;0;0;0;0;0;0;0;0;0;0;0;1522;0;0;89;0;80;0;
8923;2175440;1014669312;20713472;1115049984;0;0;0;0;0;0;0;0;0;0;0;1553;0;0;89;0;80;0;
8924;1233403;1014669312;20713472;1115049984;0;0;0;0;0;0;0;0;0;0;0;1373;0;0;89;0;80;0;
8925;5031206;1014669312;20713472;1115049984;0;0;0;0;0;0;0;0;0;0;0;1412;0;0;89;0;80;0;
8926;3272607;1014669312;20713472;1115049984;0;0;0;0;0;0;0;0;0;0;0;1813;0;0;89;0;80;0;
8927;1741486;1014669312;20713472;1115049984;0;0;0;0;0;0;0;0;0;0;0;1442;0;0;89;0;80;0;
8928;1082430;1014669312;20713472;1115049984;0;0;0;0;0;0;0;0;0;0;0;1403;0;0;89;0;80;0;
8929;1273288;1014669312;20713472;1115049984;0;0;0;0;0;0;0;0;0;0;0;1343;0;0;89;0;80;0;
8930;1351465;1014669312;20713472;1115049984;0;0;0;0;0;0;0;0;0;0;0;1422;0;0;89;0;80;0;
8931;4809339;1014669312;20713472;1115049984;0;0;0;0;0;0;0;0;0;0;0;1413;0;0;89;0;80;0;
8932;2693522;1014669312;20713472;1115049984;0;0;0;0;0;0;0;0;0;0;0;1483;0;0;89;0;80;0;
8933;2634611;1014669312;20713472;1115049984;0;0;0;0;0;0;0;0;0;0;0;1543;0;0;89;0;80;0;
8934;1675983;1014669312;20713472;1115049984;0;0;0;0;0;0;0;0;0;0;0;1473;0;0;89;0;80;0;
8935;1557751;1014669312;20713472;1115049984;0;0;0;0;0;0;0;0;0;0;0;1452;0;0;89;0;80;0;
8936;1304166;1014669312;20713472;1115049984;0;0;0;0;0;0;0;0;0;0;0;1482;0;0;89;0;80;0;
8937;4761389;1014669312;20713472;1115049984;0;0;0;0;0;0;0;0;0;0;0;1332;0;0;89;0;80;0;
8938;1828920;1014669312;20713472;1115049984;0;0;0;0;0;0;0;0;0;0;0;1623;0;0;89;0;80;0;
8939;1447204;1014669312;20713472;1115049984;0;0;0;0;0;0;0;0;0;0;0;1473;0;0;89;0;80;0;
8940;1388194;1014669312;20713472;1115049984;0;0;0;0;0;0;0;0;0;0;0;1563;0;0;89;0;80;0;
8941;2354816;1014669312;20713472;1115049984;0;0;0;0;0;0;0;0;0;0;0;1473;0;0;89;0;80;0;
8942;1582057;1014669312;20713472;1115049984;0;0;0;0;0;0;0;0;0;0;0;1343;0;0;89;0;80;0;
8943;4185710;1014669312;20713472;1115049984;0;0;0;0;0;0;0;0;0;0;0;1403;0;0;89;0;80;0;
8944;2019718;1014669312;20713472;1115049984;0;0;0;0;0;0;0;0;0;0;0;1973;0;0;89;0;80;0;
8945;1617323;1014669312;20713472;1115049984;0;0;0;0;0;0;0;0;0;0;0;1753;0;0;89;0;80;0;
8946;992942;1014669312;20713472;1115049984;0;0;0;0;0;0;0;0;0;0;0;1613;0;0;89;0;80;0;
8947;1691162;1014669312;20713472;1115049984;0;0;0;0;0;0;0;0;0;0;0;1343;0;0;89;0;80;0;
8948;965230;1014669312;20713472;1115049984;0;0;0;0;0;0;0;0;0;0;0;1383;0;0;89;0;80;0;
8949;4623661;1014669312;20713472;1115049984;0;0;0;0;0;0;0;0;0;0;0;1964;0;0;89;0;80;0;
8950;2392907;1014669312;20713472;1115049984;0;0;0;0;0;0;0;0;0;0;0;1743;0;0;89;0;80;0;
8951;1578570;1014669312;20713472;1115049984;0;0;0;0;0;0;0;0;0;0;0;1273;0;0;89;0;80;0;
8952;963136;1014669312;20713472;1115049984;0;0;0;0;0;0;0;0;0;0;0;1353;0;0;89;0;80;0;
8953;1478473;1014669312;20713472;1115049984;0;0;0;0;0;0;0;0;0;0;0;1342;0;0;89;0;80;0;
8954;887243;1014669312;20713472;1115049984;0;0;0;0;0;0;0;0;0;0;0;1433;0;0;89;0;80;0;
8955;4399781;1014669312;20713472;1115049984;0;0;0;0;0;0;0;0;0;0;0;1432;0;0;89;0;80;0;
8956;1667056;1014669312;20713472;1115049984;0;0;0;0;0;0;0;0;0;0;0;1793;0;0;89;0;80;0;
8957;2367831;1014669312;20713472;1115049984;0;0;0;0;0;0;0;0;0;0;0;1432;0;0;89;0;80;0;
8958;1615670;1014669312;20713472;1115049984;0;0;0;0;0;0;0;0;0;0;0;1453;0;0;89;0;80;0;
8959;1281162;1014669312;20713472;1115049984;0;0;0;0;0;0;0;0;0;0;0;1412;0;0;89;0;80;0;
8960;921067;1014669312;20713472;1115049984;0;0;0;0;0;0;0;0;0;0;0;1744;0;0;89;0;80;0;
8961;3908480;1014669312;20713472;1115049984;0;0;0;0;0;0;0;0;0;0;0;1362;0;0;89;0;80;0;
8962;1998958;1014669312;20713472;1115049984;0;0;0;0;0;0;0;0;0;0;0;1744;0;0;89;0;80;0;
8963;1124028;1014669312;20713472;1115049984;0;0;0;0;0;0;0;0;0;0;0;1393;0;0;89;0;80;0;
8964;789280;1014669312;20713472;1115049984;0;0;0;0;0;0;0;0;0;0;0;1432;0;0;89;0;80;0;
8965;1306681;1014669312;20713472;1115049984;0;0;0;0;0;0;0;0;0;0;0;1403;0;0;89;0;80;0;
8966;770515;1014669312;20713472;1115049984;0;0;0;0;0;0;0;0;0;0;0;1392;0;0;89;0;80;0;
8967;4620485;1014669312;20713472;1115049984;0;0;0;0;0;0;0;0;0;0;0;1372;0;0;89;0;80;0;
8968;1324965;1014669312;20713472;1115049984;0;0;0;0;0;0;0;0;0;0;0;1864;0;0;89;0;80;0;
8969;1360521;1014669312;20713472;1115049984;0;0;0;0;0;0;0;0;0;0;0;1343;0;0;89;0;80;0;
8970;1193117;1014669312;20713472;1115049984;0;0;0;0;0;0;0;0;0;0;0;1383;0;0;89;0;80;0;
8971;1516184;1014669312;20713472;1115049984;0;0;0;0;0;0;0;0;0;0;0;1643;0;0;89;0;80;0;
8972;1220600;1014669312;20713472;1115049984;0;0;0;0;0;0;0;0;0;0;0;1453;0;0;89;0;80;0;
8973;4024969;1014669312;20713472;1115049984;0;0;0;0;0;0;0;0;0;0;0;1403;0;0;89;0;80;0;
8974;1941811;1014669312;20713472;1115049984;0;0;0;0;0;0;0;0;0;0;0;1824;0;0;89;0;80;0;
8975;1809423;1014669312;20713472;1115049984;0;0;0;0;0;0;0;0;0;0;0;1373;0;0;89;0;80;0;
8976;1865589;1014669312;20713472;1115049984;0;0;0;0;0;0;0;0;0;0;0;1463;0;0;89;0;80;0;
8977;1908679;1014669312;20713472;1115049984;0;0;0;0;0;0;0;0;0;0;0;1403;0;0;89;0;80;0;
8978;992061;1014669312;20713472;1115049984;0;0;0;0;0;0;0;0;0;0;0;1362;0;0;89;0;80;0;
8979;4474231;1014669312;20713472;1115049984;0;0;0;0;0;0;0;0;0;0;0;1402;0;0;89;0;80;0;
8980;1591625;1014669312;20713472;1115049984;0;0;0;0;0;0;0;0;0;0;0;1412;0;0;89;0;80;0;
8981;1309966;1014702080;20709376;1115045888;0;0;0;0;0;0;0;0;0;0;0;1422;0;0;89;0;80;0;
8982;1323442;1014702080;20709376;1115045888;0;0;0;0;0;0;0;0;0;0;0;1363;0;0;89;0;80;0;
8983;1361984;1014702080;20709376;1115045888;0;0;0;0;0;0;0;0;0;0;0;1402;0;0;89;0;80;0;
8984;885721;1014702080;20709376;1115045888;0;0;0;0;0;0;0;0;0;0;0;1553;0;0;89;0;80;0;
8985;4552047;1014702080;20709376;1115045888;0;0;0;0;0;0;0;0;0;0;0;1382;0;0;89;0;80;0;
8986;1712482;1014702080;20713472;1115049984;0;0;0;0;0;0;0;0;0;0;0;1693;0;0;89;0;80;0;
8987;1708153;1014702080;20713472;1115049984;0;0;0;0;0;0;0;0;0;0;0;1523;0;0;89;0;80;0;
8988;1576096;1014702080;20713472;1115049984;0;0;0;0;0;0;0;0;0;0;0;1403;0;0;89;0;80;0;
8989;1602515;1014702080;20713472;1115049984;0;0;0;0;0;0;0;0;0;0;0;1393;0;0;89;0;80;0;
8990;1476980;1014702080;20713472;1115049984;0;0;0;0;0;0;0;0;0;0;0;1373;0;0;89;0;80;0;
8991;4249810;1014702080;20713472;1115049984;0;0;0;0;0;0;0;0;0;0;0;1363;0;0;89;0;80;0;
8992;2539072;1014702080;20713472;1115049984;0;0;0;0;0;0;0;0;0;0;0;1824;0;0;89;0;80;0;
8993;1729975;1014702080;20713472;1115049984;0;0;0;0;0;0;0;0;0;0;0;1322;0;0;89;0;80;0;
8994;1185764;1014702080;20713472;1115049984;0;0;0;0;0;0;0;0;0;0;0;1392;0;0;89;0;80;0;
8995;1459808;1014702080;20713472;1115049984;0;0;0;0;0;0;0;0;0;0;0;1122;0;0;89;0;80;0;
8996;1250675;1014702080;20713472;1115049984;0;0;0;0;0;0;0;0;0;0;0;1362;0;0;89;0;80;0;
8997;4921289;1014702080;20713472;1115049984;0;0;0;0;0;0;0;0;0;0;0;1322;0;0;89;0;80;0;
8998;2283232;1014702080;20713472;1115049984;0;0;0;0;0;0;0;0;0;0;0;2024;0;0;89;0;80;0;
8999;2035778;1014702080;20713472;1115049984;0;0;0;0;0;0;0;0;0;0;0;1483;0;0;89;0;80;0;
9000;1750152;1014702080;20713472;1115049984;0;0;0;0;0;0;0;0;0;0;0;1423;0;0;89;0;80;0;
9001;1512817;1014702080;20713472;1115049984;0;0;0;0;0;0;0;0;0;0;0;1392;0;0;89;0;80;0;
9002;1245426;1014702080;20713472;1115049984;0;0;0;0;0;0;0;0;0;0;0;1482;0;0;89;0;80;0;
9003;4210918;1014702080;20713472;1115049984;0;0;0;0;0;0;0;0;0;0;0;1432;0;0;89;0;80;0;
9004;1411387;1014702080;20713472;1115049984;0;0;0;0;0;0;0;0;0;0;0;1633;0;0;89;0;80;0;
9005;1340283;1014702080;20713472;1115049984;0;0;0;0;0;0;0;0;0;0;0;1393;0;0;89;0;80;0;
9006;1305749;1014702080;20713472;1115049984;0;0;0;0;0;0;0;0;0;0;0;1382;0;0;89;0;80;0;
9007;1306099;1014702080;20713472;1115049984;0;0;0;0;0;0;0;0;0;0;0;1322;0;0;89;0;80;0;
9008;1560737;1014702080;20713472;1115049984;0;0;0;0;0;0;0;0;0;0;0;1353;0;0;89;0;80;0;
9009;4582554;1014702080;20713472;1115049984;0;0;0;0;0;0;0;0;0;0;0;1382;0;0;89;0;80;0;
9010;1699888;1014702080;20713472;1115049984;0;0;0;0;0;0;0;0;0;0;0;1543;0;0;89;0;80;0;
9011;2093756;1014702080;20713472;1115049984;0;0;0;0;0;0;0;0;0;0;0;1383;0;0;89;0;80;0;
9012;1673658;1014702080;20713472;1115049984;0;0;0;0;0;0;0;0;0;0;0;1412;0;0;89;0;80;0;
9013;1630699;1014702080;20713472;1115049984;0;0;0;0;0;0;0;0;0;0;0;1393;0;0;89;0;80;0;
9014;857458;1014702080;20713472;1115049984;0;0;0;0;0;0;0;0;0;0;0;1383;0;0;89;0;80;0;
9015;4828815;1014702080;20713472;1115049984;0;0;0;0;0;0;0;0;0;0;0;1463;0;0;89;0;80;0;
9016;2528732;1014702080;20713472;1115049984;0;0;0;0;0;0;0;0;0;0;0;1813;0;0;89;0;80;0;
9017;1214087;1014702080;20713472;1115049984;0;0;0;0;0;0;0;0;0;0;0;1703;0;0;89;0;80;0;
9018;1407429;1014702080;20713472;1115049984;0;0;0;0;0;0;0;0;0;0;0;1443;0;0;89;0;80;0;
9019;1745794;1014702080;20713472;1115049984;0;0;0;0;0;0;0;0;0;0;0;1292;0;0;89;0;80;0;
9020;1494383;1014702080;20713472;1115049984;0;0;0;0;0;0;0;0;0;0;0;1413;0;0;89;0;80;0;
9021;4073639;1014702080;20713472;1115049984;0;0;0;0;0;0;0;0;0;0;0;1302;0;0;89;0;80;0;
9022;2496932;1014702080;20713472;1115049984;0;0;0;0;0;0;0;0;0;0;0;1763;0;0;89;0;80;0;
9023;2260820;1014702080;20713472;1115049984;0;0;0;0;0;0;0;0;0;0;0;1373;0;0;89;0;80;0;
9024;1170565;1014702080;20713472;1115049984;0;0;0;0;0;0;0;0;0;0;0;1402;0;0;89;0;80;0;
9025;1368547;1014702080;20713472;1115049984;0;0;0;0;0;0;0;0;0;0;0;1392;0;0;89;0;80;0;
9026;942939;1014702080;20713472;1115049984;0;0;0;0;0;0;0;0;0;0;0;1343;0;0;89;0;80;0;
9027;4914065;1014702080;20713472;1115049984;0;0;0;0;0;0;0;0;0;0;0;1462;0;0;89;0;80;0;
9028;2507302;1014702080;20713472;1115049984;0;0;0;0;0;0;0;0;0;0;0;1844;0;0;89;0;80;0;
9029;1877211;1014702080;20713472;1115049984;0;0;0;0;0;0;0;0;0;0;0;1543;0;0;89;0;80;0;
9030;1692585;1014702080;20713472;1115049984;0;0;0;0;0;0;0;0;0;0;0;1603;0;0;89;0;80;0;
9031;2442050;1014702080;20713472;1115049984;0;0;0;0;0;0;0;0;0;0;0;1593;0;0;89;0;80;0;
9032;1416426;1014702080;20713472;1115049984;0;0;0;0;0;0;0;0;0;0;0;1342;0;0;89;0;80;0;
9033;4059463;1014702080;20713472;1115049984;0;0;0;0;0;0;0;0;0;0;0;1453;0;0;89;0;80;0;
9034;3018450;1014702080;20713472;1115049984;0;0;0;0;0;0;0;0;0;0;0;1933;0;0;89;0;80;0;
9035;2194616;1014702080;20713472;1115049984;0;0;0;0;0;0;0;0;0;0;0;1412;0;0;89;0;80;0;
9036;2503324;1014702080;20713472;1115049984;0;0;0;0;0;0;0;0;0;0;0;1663;0;0;89;0;80;0;
9037;1343539;1014702080;20713472;1115049984;0;0;0;0;0;0;0;0;0;0;0;1353;0;0;89;0;80;0;
9038;2209894;1014702080;20713472;1115049984;0;0;0;0;0;0;0;0;0;0;0;1372;0;0;89;0;80;0;
9039;4839045;1014702080;20713472;1115049984;0;0;0;0;0;0;0;0;0;0;0;1302;0;0;89;0;80;0;
9040;2105158;1014702080;20713472;1115049984;0;0;0;0;0;0;0;0;0;0;0;2074;0;0;89;0;80;0;
9041;2019387;1014702080;20713472;1115049984;0;0;0;0;0;0;0;0;0;0;0;1413;0;0;89;0;80;0;
9042;1006878;1014702080;20713472;1115049984;0;0;0;0;0;0;0;0;0;0;0;1453;0;0;89;0;80;0;
9043;1547983;1014702080;20713472;1115049984;0;0;0;0;0;0;0;0;0;0;0;1482;0;0;89;0;80;0;
9044;1519830;1014702080;20713472;1115049984;0;0;0;0;0;0;0;0;0;0;0;1512;0;0;89;0;80;0;
9045;4763333;1014702080;20713472;1115049984;0;0;0;0;0;0;0;0;0;0;0;1343;0;0;89;0;80;0;
9046;1417979;1014702080;20713472;1115049984;0;0;0;0;0;0;0;0;0;0;0;1643;0;0;89;0;80;0;
9047;2043172;1014702080;20713472;1115049984;0;0;0;0;0;0;0;0;0;0;0;1413;0;0;89;0;80;0;
9048;1257819;1014702080;20713472;1115049984;0;0;0;0;0;0;0;0;0;0;0;1492;0;0;89;0;80;0;
9049;2078157;1014702080;20713472;1115049984;0;0;0;0;0;0;0;0;0;0;0;1362;0;0;89;0;80;0;
9050;1296852;1014702080;20713472;1115049984;0;0;0;0;0;0;0;0;0;0;0;1393;0;0;89;0;80;0;
9051;4346682;1014702080;20713472;1115049984;0;0;0;0;0;0;0;0;0;0;0;1252;0;0;89;0;80;0;
9052;2029496;1014702080;20713472;1115049984;0;0;0;0;0;0;0;0;0;0;0;1483;0;0;89;0;80;0;
9053;1649013;1014702080;20713472;1115049984;0;0;0;0;0;0;0;0;0;0;0;1343;0;0;89;0;80;0;
9054;729187;1014702080;20713472;1115049984;0;0;0;0;0;0;0;0;0;0;0;1413;0;0;89;0;80;0;
9055;1418961;1014702080;20713472;1115049984;0;0;0;0;0;0;0;0;0;0;0;1423;0;0;89;0;80;0;
9056;941425;1014702080;20713472;1115049984;0;0;0;0;0;0;0;0;0;0;0;1483;0;0;89;0;80;0;
9057;4666341;1014702080;20713472;1115049984;0;0;0;0;0;0;0;0;0;0;0;1322;0;0;89;0;80;0;
9058;1783695;1014702080;20713472;1115049984;0;0;0;0;0;0;0;0;0;0;0;2204;0;0;89;0;80;0;
9059;1549125;1014702080;20713472;1115049984;0;0;0;0;0;0;0;0;0;0;0;1513;0;0;89;0;80;0;
9060;1834080;1014702080;20713472;1115049984;0;0;0;0;0;0;0;0;0;0;0;1442;0;0;89;0;80;0;
9061;1948023;1014702080;20713472;1115049984;0;0;0;0;0;0;0;0;0;0;0;1453;0;0;89;0;80;0;
9062;1490836;1014702080;20713472;1115049984;0;0;0;0;0;0;0;0;0;0;0;1513;0;0;89;0;80;0;
9063;4034627;1014702080;20713472;1115049984;0;0;0;0;0;0;0;0;0;0;0;1373;0;0;89;0;80;0;
9064;1518729;1014702080;20713472;1115049984;0;0;0;0;0;0;0;0;0;0;0;1603;0;0;89;0;80;0;
9065;2459352;1014702080;20713472;1115049984;0;0;0;0;0;0;0;0;0;0;0;1743;0;0;89;0;80;0;
9066;1330916;1014702080;20713472;1115049984;0;0;0;0;0;0;0;0;0;0;0;1342;0;0;89;0;80;0;
9067;1548373;1014702080;20713472;1115049984;0;0;0;0;0;0;0;0;0;0;0;1393;0;0;89;0;80;0;
9068;1204279;1014702080;20713472;1115049984;0;0;0;0;0;0;0;0;0;0;0;1402;0;0;89;0;80;0;
9069;4218582;1014702080;20713472;1115049984;0;0;0;0;0;0;0;0;0;0;0;1473;0;0;89;0;80;0;
9070;1718463;1014702080;20713472;1115049984;0;0;0;0;0;0;0;0;0;0;0;2114;0;0;89;0;80;0;
9071;1875607;1014702080;20713472;1115049984;0;0;0;0;0;0;0;0;0;0;0;1482;0;0;89;0;80;0;
9072;1042254;1014702080;20713472;1115049984;0;0;0;0;0;0;0;0;0;0;0;1393;0;0;89;0;80;0;
9073;1354971;1014702080;20713472;1115049984;0;0;0;0;0;0;0;0;0;0;0;1402;0;0;89;0;80;0;
9074;929624;1014702080;20713472;1115049984;0;0;0;0;0;0;0;0;0;0;0;1423;0;0;89;0;80;0;
9075;4257965;1014702080;20713472;1115049984;0;0;0;0;0;0;0;0;0;0;0;1744;0;0;89;0;80;0;
9076;1629806;1014702080;20713472;1115049984;0;0;0;0;0;0;0;0;0;0;0;1693;0;0;89;0;80;0;
9077;1846963;1014702080;20713472;1115049984;0;0;0;0;0;0;0;0;0;0;0;1382;0;0;89;0;80;0;
9078;1423089;1014702080;20713472;1115049984;0;0;0;0;0;0;0;0;0;0;0;1903;0;0;89;0;80;0;
9079;1883562;1014702080;20713472;1115049984;0;0;0;0;0;0;0;0;0;0;0;1453;0;0;89;0;80;0;
9080;1023719;1014702080;20713472;1115049984;0;0;0;0;0;0;0;0;0;0;0;1373;0;0;89;0;80;0;
9081;4187372;1014702080;20713472;1115049984;0;0;0;0;0;0;0;0;0;0;0;1553;0;0;89;0;80;0;
9082;1485456;1014702080;20713472;1115049984;0;0;0;0;0;0;0;0;0;0;0;1603;0;0;89;0;80;0;
9083;1632362;1014767616;20709376;1115045888;0;0;0;0;0;0;0;0;0;0;0;2024;0;0;89;0;80;0;
9084;856807;1014767616;20709376;1115045888;0;0;0;0;0;0;0;0;0;0;0;1523;0;0;89;0;80;0;
9085;2559610;1014767616;20709376;1115045888;0;0;0;0;0;0;0;0;0;0;0;1393;0;0;89;0;80;0;
9086;1568392;1014767616;20709376;1115045888;0;0;0;0;0;0;0;0;0;0;0;1332;0;0;89;0;80;0;
9087;4446670;1014767616;20709376;1115045888;0;0;0;0;0;0;0;0;0;0;0;1343;0;0;89;0;80;0;
9088;3410797;1014767616;20713472;1115049984;0;0;0;0;0;0;0;0;0;0;0;1613;0;0;89;0;80;0;
9089;2485551;1014767616;20713472;1115049984;0;0;0;0;0;0;0;0;0;0;0;1603;0;0;89;0;80;0;
9090;1176236;1014767616;20713472;1115049984;0;0;0;0;0;0;0;0;0;0;0;1383;0;0;89;0;80;0;
9091;1947142;1014767616;20713472;1115049984;0;0;0;0;0;0;0;0;0;0;0;1483;0;0;89;0;80;0;
9092;2222839;1014767616;20713472;1115049984;0;0;0;0;0;0;0;0;0;0;0;1513;0;0;89;0;80;0;
9093;4902965;1014767616;20713472;1115049984;0;0;0;0;0;0;0;0;0;0;0;1663;0;0;89;0;80;0;
9094;2341932;1014767616;20713472;1115049984;0;0;0;0;0;0;0;0;0;0;0;1663;0;0;89;0;80;0;
9095;1953213;1014767616;20713472;1115049984;0;0;0;0;0;0;0;0;0;0;0;1783;0;0;89;0;80;0;
9096;2484760;1014767616;20713472;1115049984;0;0;0;0;0;0;0;0;0;0;0;1703;0;0;89;0;80;0;
9097;2320692;1014767616;20713472;1115049984;0;0;0;0;0;0;0;0;0;0;0;1463;0;0;89;0;80;0;
9098;1997606;1014767616;20713472;1115049984;0;0;0;0;0;0;0;0;0;0;0;1463;0;0;89;0;80;0;
9099;4693181;1014767616;20713472;1115049984;0;0;0;0;0;0;0;0;0;0;0;1382;0;0;89;0;80;0;
9100;2060555;1014767616;20713472;1115049984;0;0;0;0;0;0;0;0;0;0;0;1904;0;0;89;0;80;0;
9101;2201929;1014767616;20713472;1115049984;0;0;0;0;0;0;0;0;0;0;0;1593;0;0;89;0;80;0;
9102;1652049;1014767616;20713472;1115049984;0;0;0;0;0;0;0;0;0;0;0;1562;0;0;89;0;80;0;
9103;2086092;1014767616;20713472;1115049984;0;0;0;0;0;0;0;0;0;0;0;1493;0;0;89;0;80;0;
9104;1841293;1014767616;20713472;1115049984;0;0;0;0;0;0;0;0;0;0;0;1452;0;0;89;0;80;0;
9105;5360843;1014767616;20713472;1115049984;0;0;0;0;0;0;0;0;0;0;0;1392;0;0;89;0;80;0;
9106;2244669;1014767616;20713472;1115049984;0;0;0;0;0;0;0;0;0;0;0;1633;0;0;89;0;80;0;
9107;2512161;1014767616;20713472;1115049984;0;0;0;0;0;0;0;0;0;0;0;1563;0;0;89;0;80;0;
9108;1818080;1014767616;20713472;1115049984;0;0;0;0;0;0;0;0;0;0;0;1362;0;0;89;0;80;0;
9109;1938365;1014767616;20713472;1115049984;0;0;0;0;0;0;0;0;0;0;0;1492;0;0;89;0;80;0;
9110;1440070;1014767616;20713472;1115049984;0;0;0;0;0;0;0;0;0;0;0;1402;0;0;89;0;80;0;
9111;3947493;1014767616;20713472;1115049984;0;0;0;0;0;0;0;0;0;0;0;1382;0;0;89;0;80;0;
9112;2285927;1014767616;20713472;1115049984;0;0;0;0;0;0;0;0;0;0;0;1684;0;0;89;0;80;0;
9113;2133862;1014767616;20713472;1115049984;0;0;0;0;0;0;0;0;0;0;0;1483;0;0;89;0;80;0;
9114;1170014;1014767616;20713472;1115049984;0;0;0;0;0;0;0;0;0;0;0;1363;0;0;89;0;80;0;
9115;1961889;1014767616;20713472;1115049984;0;0;0;0;0;0;0;0;0;0;0;1372;0;0;89;0;80;0;
9116;1081418;1014767616;20713472;1115049984;0;0;0;0;0;0;0;0;0;0;0;1492;0;0;89;0;80;0;
9117;5172861;1014767616;20713472;1115049984;0;0;0;0;0;0;0;0;0;0;0;1483;0;0;89;0;80;0;
9118;2201679;1014767616;20713472;1115049984;0;0;0;0;0;0;0;0;0;0;0;1463;0;0;89;0;80;0;
9119;2188895;1014800384;20709376;1115045888;0;0;0;0;0;0;0;0;0;0;0;3727;0;0;89;0;80;0;
9120;1563402;1014800384;20709376;1115045888;0;0;0;0;0;0;0;0;0;0;0;2034;0;0;89;0;80;0;
9121;1973852;1014800384;20709376;1115045888;0;0;0;0;0;0;0;0;0;0;0;1433;0;0;89;0;80;0;
9122;2079490;1014800384;20709376;1115045888;0;0;0;0;0;0;0;0;0;0;0;2394;0;0;89;0;80;0;
9123;4578657;1014800384;20709376;1115045888;0;0;0;0;0;0;0;0;0;0;0;1432;0;0;89;0;80;0;
9124;2653136;1014800384;20713472;1115049984;0;0;0;0;0;0;0;0;0;0;0;1613;0;0;89;0;80;0;
9125;2239130;1014800384;20713472;1115049984;0;0;0;0;0;0;0;0;0;0;0;1443;0;0;89;0;80;0;
9126;877295;1014800384;20713472;1115049984;0;0;0;0;0;0;0;0;0;0;0;1663;0;0;89;0;80;0;
9127;1590893;1014800384;20713472;1115049984;0;0;0;0;0;0;0;0;0;0;0;1363;0;0;89;0;80;0;
9128;1492138;1014800384;20713472;1115049984;0;0;0;0;0;0;0;0;0;0;0;1393;0;0;89;0;80;0;
9129;4766389;1014800384;20713472;1115049984;0;0;0;0;0;0;0;0;0;0;0;1433;0;0;89;0;80;0;
9130;1153343;1014800384;20713472;1115049984;0;0;0;0;0;0;0;0;0;0;0;1603;0;0;89;0;80;0;
9131;1943575;1014800384;20713472;1115049984;0;0;0;0;0;0;0;0;0;0;0;1152;0;0;89;0;80;0;
9132;1399925;1014800384;20713472;1115049984;0;0;0;0;0;0;0;0;0;0;0;1473;0;0;89;0;80;0;
9133;1528988;1014800384;20713472;1115049984;0;0;0;0;0;0;0;0;0;0;0;1372;0;0;89;0;80;0;
9134;1035943;1014800384;20713472;1115049984;0;0;0;0;0;0;0;0;0;0;0;1553;0;0;89;0;80;0;
9135;4474993;1014800384;20713472;1115049984;0;0;0;0;0;0;0;0;0;0;0;1443;0;0;89;0;80;0;
9136;1809213;1014800384;20713472;1115049984;0;0;0;0;0;0;0;0;0;0;0;1563;0;0;89;0;80;0;
9137;1585663;1014800384;20713472;1115049984;0;0;0;0;0;0;0;0;0;0;0;1522;0;0;89;0;80;0;
9138;1187978;1014800384;20713472;1115049984;0;0;0;0;0;0;0;0;0;0;0;1453;0;0;89;0;80;0;
9139;1466991;1014800384;20713472;1115049984;0;0;0;0;0;0;0;0;0;0;0;1443;0;0;89;0;80;0;
9140;1016396;1014800384;20713472;1115049984;0;0;0;0;0;0;0;0;0;0;0;1573;0;0;89;0;80;0;
9141;4147228;1014800384;20713472;1115049984;0;0;0;0;0;0;0;0;0;0;0;1473;0;0;89;0;80;0;
9142;2196560;1014800384;20713472;1115049984;0;0;0;0;0;0;0;0;0;0;0;5601;0;0;89;0;80;0;
9143;2177344;1014800384;20713472;1115049984;0;0;0;0;0;0;0;0;0;0;0;1824;0;0;89;0;80;0;
9144;1608587;1014800384;20713472;1115049984;0;0;0;0;0;0;0;0;0;0;0;1954;0;0;89;0;80;0;
9145;1721890;1014800384;20713472;1115049984;0;0;0;0;0;0;0;0;0;0;0;1463;0;0;89;0;80;0;
9146;1221391;1014800384;20713472;1115049984;0;0;0;0;0;0;0;0;0;0;0;1813;0;0;89;0;80;0;
9147;4268004;1014800384;20713472;1115049984;0;0;0;0;0;0;0;0;0;0;0;1643;0;0;89;0;80;0;
9148;1961358;1014800384;20713472;1115049984;0;0;0;0;0;0;0;0;0;0;0;1984;0;0;89;0;80;0;
9149;2192321;1014800384;20713472;1115049984;0;0;0;0;0;0;0;0;0;0;0;1944;0;0;89;0;80;0;
9150;1788694;1014800384;20713472;1115049984;0;0;0;0;0;0;0;0;0;0;0;1763;0;0;89;0;80;0;
9151;2380074;1014800384;20713472;1115049984;0;0;0;0;0;0;0;0;0;0;0;1433;0;0;89;0;80;0;
9152;1890035;1014800384;20713472;1115049984;0;0;0;0;0;0;0;0;0;0;0;2013;0;0;89;0;80;0;
9153;4260290;1014800384;20713472;1115049984;0;0;0;0;0;0;0;0;0;0;0;1362;0;0;89;0;80;0;
9154;1243612;1014800384;20713472;1115049984;0;0;0;0;0;0;0;0;0;0;0;1713;0;0;89;0;80;0;
9155;2002295;1014800384;20713472;1115049984;0;0;0;0;0;0;0;0;0;0;0;1393;0;0;89;0;80;0;
9156;1427747;1014800384;20713472;1115049984;0;0;0;0;0;0;0;0;0;0;0;1403;0;0;89;0;80;0;
9157;2153859;1014800384;20713472;1115049984;0;0;0;0;0;0;0;0;0;0;0;1413;0;0;89;0;80;0;
9158;1321158;1014800384;20713472;1115049984;0;0;0;0;0;0;0;0;0;0;0;1432;0;0;89;0;80;0;
9159;4247867;1014800384;20713472;1115049984;0;0;0;0;0;0;0;0;0;0;0;1373;0;0;89;0;80;0;
9160;2324138;1014800384;20713472;1115049984;0;0;0;0;0;0;0;0;0;0;0;1583;0;0;89;0;80;0;
9161;2543289;1014816768;20709376;1115045888;0;0;0;0;0;0;0;0;0;0;0;1433;0;0;89;0;80;0;
9162;1491326;1014816768;20709376;1115045888;0;0;0;0;0;0;0;0;0;0;0;1373;0;0;89;0;80;0;
9163;1801469;1014816768;20709376;1115045888;0;0;0;0;0;0;0;0;0;0;0;1453;0;0;89;0;80;0;
9164;1242169;1014816768;20709376;1115045888;0;0;0;0;0;0;0;0;0;0;0;1443;0;0;89;0;80;0;
9165;5255617;1014816768;20709376;1115045888;0;0;0;0;0;0;0;0;0;0;0;1423;0;0;89;0;80;0;
9166;1863886;1014816768;20709376;1115045888;0;0;0;0;0;0;0;0;0;0;0;1633;0;0;89;0;80;0;
9167;1702062;1014816768;20709376;1115045888;0;0;0;0;0;0;0;0;0;0;0;1583;0;0;89;0;80;0;
9168;1530070;1014816768;20709376;1115045888;0;0;0;0;0;0;0;0;0;0;0;1302;0;0;89;0;80;0;
9169;2383019;1014816768;20709376;1115045888;0;0;0;0;0;0;0;0;0;0;0;1463;0;0;89;0;80;0;
9170;1771993;1014816768;20709376;1115045888;0;0;0;0;0;0;0;0;0;0;0;1663;0;0;89;0;80;0;
9171;4514046;1014816768;20709376;1115045888;0;0;0;0;0;0;0;0;0;0;0;1413;0;0;89;0;80;0;
9172;2614493;1014816768;20713472;1115049984;0;0;0;0;0;0;0;0;0;0;0;1983;0;0;89;0;80;0;
9173;1956599;1014816768;20713472;1115049984;0;0;0;0;0;0;0;0;0;0;0;1563;0;0;89;0;80;0;
9174;2093867;1014816768;20713472;1115049984;0;0;0;0;0;0;0;0;0;0;0;1242;0;0;89;0;80;0;
9175;1726057;1014816768;20713472;1115049984;0;0;0;0;0;0;0;0;0;0;0;1593;0;0;89;0;80;0;
9176;1668019;1014816768;20713472;1115049984;0;0;0;0;0;0;0;0;0;0;0;1513;0;0;89;0;80;0;
9177;5022620;1014816768;20713472;1115049984;0;0;0;0;0;0;0;0;0;0;0;1593;0;0;89;0;80;0;
9178;1962611;1014816768;20713472;1115049984;0;0;0;0;0;0;0;0;0;0;0;1553;0;0;89;0;80;0;
9179;1846032;1014816768;20713472;1115049984;0;0;0;0;0;0;0;0;0;0;0;1623;0;0;89;0;80;0;
9180;1101816;1014816768;20713472;1115049984;0;0;0;0;0;0;0;0;0;0;0;1413;0;0;89;0;80;0;
9181;2391385;1014816768;20713472;1115049984;0;0;0;0;0;0;0;0;0;0;0;1493;0;0;89;0;80;0;
9182;2085842;1014816768;20713472;1115049984;0;0;0;0;0;0;0;0;0;0;0;2514;0;0;89;0;80;0;
9183;4918334;1014816768;20713472;1115049984;0;0;0;0;0;0;0;0;0;0;0;1703;0;0;89;0;80;0;
9184;2515427;1014816768;20713472;1115049984;0;0;0;0;0;0;0;0;0;0;0;2304;0;0;89;0;80;0;
9185;2538060;1014816768;20713472;1115049984;0;0;0;0;0;0;0;0;0;0;0;2194;0;0;89;0;80;0;
9186;2342573;1014816768;20713472;1115049984;0;0;0;0;0;0;0;0;0;0;0;2455;0;0;89;0;80;0;
9187;2818787;1014816768;20713472;1115049984;0;0;0;0;0;0;0;0;0;0;0;1393;0;0;89;0;80;0;
9188;1457483;1014816768;20713472;1115049984;0;0;0;0;0;0;0;0;0;0;0;1393;0;0;89;0;80;0;
9189;5004085;1014816768;20713472;1115049984;0;0;0;0;0;0;0;0;0;0;0;1423;0;0;89;0;80;0;
9190;4426080;1014816768;20713472;1115049984;0;0;0;0;0;0;0;0;0;0;0;5841;0;0;89;0;80;0;
9191;3037947;1014816768;20713472;1115049984;0;0;0;0;0;0;0;0;0;0;0;3647;0;0;89;0;80;0;
9192;2859292;1014816768;20713472;1115049984;0;0;0;0;0;0;0;0;0;0;0;2204;0;0;89;0;80;0;
9193;3162160;1014816768;20713472;1115049984;0;0;0;0;0;0;0;0;0;0;0;1874;0;0;89;0;80;0;
9194;2112852;1014816768;20713472;1115049984;0;0;0;0;0;0;0;0;0;0;0;1783;0;0;89;0;80;0;
9195;5402722;1014816768;20713472;1115049984;0;0;0;0;0;0;0;0;0;0;0;1502;0;0;89;0;80;0;
9196;5641049;1014816768;20713472;1115049984;0;0;0;0;0;0;0;0;0;0;0;5590;0;0;89;0;80;0;
9197;3018992;1014816768;20713472;1115049984;0;0;0;0;0;0;0;0;0;0;0;4108;0;0;89;0;80;0;
9198;2544361;1014816768;20713472;1115049984;0;0;0;0;0;0;0;0;0;0;0;2846;0;0;89;0;80;0;
9199;2705824;1014816768;20713472;1115049984;0;0;0;0;0;0;0;0;0;0;0;1804;0;0;89;0;80;0;
9200;2221937;1014816768;20713472;1115049984;0;0;0;0;0;0;0;0;0;0;0;1874;0;0;89;0;80;0;
9201;7400599;1014816768;20713472;1115049984;0;0;0;0;0;0;0;0;0;0;0;2424;0;0;89;0;80;0;
9202;3191876;1014816768;20713472;1115049984;0;0;0;0;0;0;0;0;0;0;0;3296;0;0;89;0;80;0;
9203;2164600;1014816768;20713472;1115049984;0;0;0;0;0;0;0;0;0;0;0;2565;0;0;89;0;80;0;
9204;2965130;1014816768;20713472;1115049984;0;0;0;0;0;0;0;0;0;0;0;2024;0;0;89;0;80;0;
9205;2330931;1014816768;20713472;1115049984;0;0;0;0;0;0;0;0;0;0;0;1833;0;0;89;0;80;0;
9206;2444404;1014816768;20713472;1115049984;0;0;0;0;0;0;0;0;0;0;0;2254;0;0;89;0;80;0;
9207;5952844;1014816768;20713472;1115049984;0;0;0;0;0;0;0;0;0;0;0;1853;0;0;89;0;80;0;
9208;3251418;1014816768;20713472;1115049984;0;0;0;0;0;0;0;0;0;0;0;2675;0;0;89;0;80;0;
9209;2682971;1014816768;20713472;1115049984;0;0;0;0;0;0;0;0;0;0;0;2976;0;0;89;0;80;0;
9210;1683628;1014816768;20713472;1115049984;0;0;0;0;0;0;0;0;0;0;0;1583;0;0;89;0;80;0;
9211;2323888;1014816768;20713472;1115049984;0;0;0;0;0;0;0;0;0;0;0;1673;0;0;89;0;80;0;
9212;2404369;1014816768;20713472;1115049984;0;0;0;0;0;0;0;0;0;0;0;2595;0;0;89;0;80;0;
9213;5059339;1014816768;20713472;1115049984;0;0;0;0;0;0;0;0;0;0;0;1764;0;0;89;0;80;0;
9214;3254874;1014816768;20713472;1115049984;0;0;0;0;0;0;0;0;0;0;0;2705;0;0;89;0;80;0;
9215;2239399;1014816768;20713472;1115049984;0;0;0;0;0;0;0;0;0;0;0;3156;0;0;89;0;80;0;
9216;3111055;1014816768;20713472;1115049984;0;0;0;0;0;0;0;0;0;0;0;2294;0;0;89;0;80;0;
9217;2441760;1014816768;20713472;1115049984;0;0;0;0;0;0;0;0;0;0;0;1643;0;0;89;0;80;0;
9218;1792682;1014816768;20713472;1115049984;0;0;0;0;0;0;0;0;0;0;0;2205;0;0;89;0;80;0;
9219;9456725;1014816768;20713472;1115049984;0;0;0;0;0;0;0;0;0;0;0;2345;0;0;89;0;80;0;
9220;8948502;1014816768;20713472;1115049984;0;0;0;0;0;0;0;0;0;0;0;2795;0;0;89;0;80;0;
9221;3423571;1014816768;20713472;1115049984;0;0;0;0;0;0;0;0;0;0;0;2765;0;0;89;0;80;0;
9222;1872612;1014816768;20713472;1115049984;0;0;0;0;0;0;0;0;0;0;0;1833;0;0;89;0;80;0;
9223;2033964;1014816768;20713472;1115049984;0;0;0;0;0;0;0;0;0;0;0;1483;0;0;89;0;80;0;
9224;3177079;1014816768;20713472;1115049984;0;0;0;0;0;0;0;0;0;0;0;2394;0;0;89;0;80;0;
9225;5820586;1014816768;20713472;1115049984;0;0;0;0;0;0;0;0;0;0;0;8947;0;0;89;0;80;0;
9226;3514761;1014816768;20713472;1115049984;0;0;0;0;0;0;0;0;0;0;0;3427;0;0;89;0;80;0;
9227;4226446;1014816768;20713472;1115049984;0;0;0;0;0;0;0;0;0;0;0;4398;0;0;89;0;80;0;
9228;2976623;1014816768;20713472;1115049984;0;0;0;0;0;0;0;0;0;0;0;1483;0;0;89;0;80;0;
9229;2427863;1014816768;20713472;1115049984;0;0;0;0;0;0;0;0;0;0;0;1483;0;0;89;0;80;0;
9230;2247576;1014816768;20713472;1115049984;0;0;0;0;0;0;0;0;0;0;0;1553;0;0;89;0;80;0;
9231;5540220;1014816768;20713472;1115049984;0;0;0;0;0;0;0;0;0;0;0;2305;0;0;89;0;80;0;
9232;4306226;1014816768;20713472;1115049984;0;0;0;0;0;0;0;0;0;0;0;3797;0;0;89;0;80;0;
9233;3036986;1014816768;20713472;1115049984;0;0;0;0;0;0;0;0;0;0;0;2495;0;0;89;0;80;0;
9234;2254578;1014816768;20713472;1115049984;0;0;0;0;0;0;0;0;0;0;0;1823;0;0;89;0;80;0;
9235;2064312;1014816768;20713472;1115049984;0;0;0;0;0;0;0;0;0;0;0;1483;0;0;89;0;80;0;
9236;2063369;1014816768;20713472;1115049984;0;0;0;0;0;0;0;0;0;0;0;1653;0;0;89;0;80;0;
9237;5328092;1014816768;20713472;1115049984;0;0;0;0;0;0;0;0;0;0;0;1784;0;0;89;0;80;0;
9238;2774253;1014816768;20713472;1115049984;0;0;0;0;0;0;0;0;0;0;0;2535;0;0;89;0;80;0;
9239;2740149;1014816768;20713472;1115049984;0;0;0;0;0;0;0;0;0;0;0;3767;0;0;89;0;80;0;
9240;2072387;1014816768;20713472;1115049984;0;0;0;0;0;0;0;0;0;0;0;2465;0;0;89;0;80;0;
9241;2135816;1014816768;20713472;1115049984;0;0;0;0;0;0;0;0;0;0;0;1503;0;0;89;0;80;0;
9242;1705378;1014816768;20713472;1115049984;0;0;0;0;0;0;0;0;0;0;0;1693;0;0;89;0;80;0;
9243;4953960;1014816768;20713472;1115049984;0;0;0;0;0;0;0;0;0;0;0;1443;0;0;89;0;80;0;
9244;3031816;1014816768;20713472;1115049984;0;0;0;0;0;0;0;0;0;0;0;2735;0;0;89;0;80;0;
9245;2489760;1014816768;20713472;1115049984;0;0;0;0;0;0;0;0;0;0;0;2164;0;0;89;0;80;0;
9246;1992467;1014816768;20713472;1115049984;0;0;0;0;0;0;0;0;0;0;0;2054;0;0;89;0;80;0;
9247;2382778;1014816768;20713472;1115049984;0;0;0;0;0;0;0;0;0;0;0;1834;0;0;89;0;80;0;
9248;2045365;1014816768;20713472;1115049984;0;0;0;0;0;0;0;0;0;0;0;1913;0;0;89;0;80;0;
9249;4671892;1014816768;20713472;1115049984;0;0;0;0;0;0;0;0;0;0;0;1794;0;0;89;0;80;0;
9250;3924840;1014816768;20713472;1115049984;0;0;0;0;0;0;0;0;0;0;0;2054;0;0;89;0;80;0;
9251;2324549;1014816768;20713472;1115049984;0;0;0;0;0;0;0;0;0;0;0;1733;0;0;89;0;80;0;
9252;1929439;1014816768;20713472;1115049984;0;0;0;0;0;0;0;0;0;0;0;2345;0;0;89;0;80;0;
9253;1943946;1014816768;20713472;1115049984;0;0;0;0;0;0;0;0;0;0;0;1573;0;0;89;0;80;0;
9254;2287009;1014816768;20713472;1115049984;0;0;0;0;0;0;0;0;0;0;0;1964;0;0;89;0;80;0;
9255;4684075;1014816768;20713472;1115049984;0;0;0;0;0;0;0;0;0;0;0;1412;0;0;89;0;80;0;
9256;3732349;1014816768;20713472;1115049984;0;0;0;0;0;0;0;0;0;0;0;2895;0;0;89;0;80;0;
9257;1862653;1014816768;20713472;1115049984;0;0;0;0;0;0;0;0;0;0;0;2084;0;0;89;0;80;0;
9258;1386981;1014816768;20713472;1115049984;0;0;0;0;0;0;0;0;0;0;0;1593;0;0;89;0;80;0;
9259;2751851;1014816768;20713472;1115049984;0;0;0;0;0;0;0;0;0;0;0;2394;0;0;89;0;80;0;
9260;1882701;1014816768;20713472;1115049984;0;0;0;0;0;0;0;0;0;0;0;2365;0;0;89;0;80;0;
9261;4628500;1014816768;20713472;1115049984;0;0;0;0;0;0;0;0;0;0;0;1693;0;0;89;0;80;0;
9262;2812003;1014816768;20713472;1115049984;0;0;0;0;0;0;0;0;0;0;0;2695;0;0;89;0;80;0;
9263;2526237;1014816768;20713472;1115049984;0;0;0;0;0;0;0;0;0;0;0;2645;0;0;89;0;80;0;
9264;1530651;1014816768;20713472;1115049984;0;0;0;0;0;0;0;0;0;0;0;2215;0;0;89;0;80;0;
9265;1637741;1014816768;20713472;1115049984;0;0;0;0;0;0;0;0;0;0;0;1433;0;0;89;0;80;0;
9266;2125235;1014816768;20713472;1115049984;0;0;0;0;0;0;0;0;0;0;0;2595;0;0;89;0;80;0;
9267;5060150;1014816768;20713472;1115049984;0;0;0;0;0;0;0;0;0;0;0;1733;0;0;89;0;80;0;
9268;2824927;1014816768;20713472;1115049984;0;0;0;0;0;0;0;0;0;0;0;3045;0;0;89;0;80;0;
9269;4143852;1014816768;20713472;1115049984;0;0;0;0;0;0;0;0;0;0;0;3857;0;0;89;0;80;0;
9270;1718393;1014816768;20713472;1115049984;0;0;0;0;0;0;0;0;0;0;0;1783;0;0;89;0;80;0;
9271;2118053;1014816768;20713472;1115049984;0;0;0;0;0;0;0;0;0;0;0;1673;0;0;89;0;80;0;
9272;1653602;1014816768;20713472;1115049984;0;0;0;0;0;0;0;0;0;0;0;2786;0;0;89;0;80;0;
9273;5521625;1014816768;20713472;1115049984;0;0;0;0;0;0;0;0;0;0;0;1913;0;0;89;0;80;0;
9274;2647856;1014816768;20713472;1115049984;0;0;0;0;0;0;0;0;0;0;0;2254;0;0;89;0;80;0;
9275;3099072;1014816768;20713472;1115049984;0;0;0;0;0;0;0;0;0;0;0;2605;0;0;89;0;80;0;
9276;1750954;1014816768;20713472;1115049984;0;0;0;0;0;0;0;0;0;0;0;1723;0;0;89;0;80;0;
9277;1987578;1014816768;20713472;1115049984;0;0;0;0;0;0;0;0;0;0;0;1503;0;0;89;0;80;0;
9278;1268980;1014816768;20713472;1115049984;0;0;0;0;0;0;0;0;0;0;0;2414;0;0;89;0;80;0;
9279;5686283;1014816768;20713472;1115049984;0;0;0;0;0;0;0;0;0;0;0;1693;0;0;89;0;80;0;
9280;2224211;1014816768;20713472;1115049984;0;0;0;0;0;0;0;0;0;0;0;2274;0;0;89;0;80;0;
9281;2764986;1014816768;20713472;1115049984;0;0;0;0;0;0;0;0;0;0;0;2194;0;0;89;0;80;0;
9282;1898420;1014816768;20713472;1115049984;0;0;0;0;0;0;0;0;0;0;0;2104;0;0;89;0;80;0;
9283;2083197;1014816768;20713472;1115049984;0;0;0;0;0;0;0;0;0;0;0;1523;0;0;89;0;80;0;
9284;1375169;1014816768;20713472;1115049984;0;0;0;0;0;0;0;0;0;0;0;1824;0;0;89;0;80;0;
9285;5354412;1014816768;20713472;1115049984;0;0;0;0;0;0;0;0;0;0;0;2244;0;0;89;0;80;0;
9286;3328792;1014816768;20713472;1115049984;0;0;0;0;0;0;0;0;0;0;0;2435;0;0;89;0;80;0;
9287;4033545;1014816768;20713472;1115049984;0;0;0;0;0;0;0;0;0;0;0;2815;0;0;89;0;80;0;
9288;1551791;1014816768;20713472;1115049984;0;0;0;0;0;0;0;0;0;0;0;2234;0;0;89;0;80;0;
9289;2341621;1014816768;20713472;1115049984;0;0;0;0;0;0;0;0;0;0;0;1443;0;0;89;0;80;0;
9290;1707572;1014816768;20713472;1115049984;0;0;0;0;0;0;0;0;0;0;0;2184;0;0;89;0;80;0;
9291;4406864;1014816768;20713472;1115049984;0;0;0;0;0;0;0;0;0;0;0;1814;0;0;89;0;80;0;
9292;2925186;1014816768;20713472;1115049984;0;0;0;0;0;0;0;0;0;0;0;3076;0;0;89;0;80;0;
9293;2822914;1014816768;20713472;1115049984;0;0;0;0;0;0;0;0;0;0;0;3487;0;0;89;0;80;0;
9294;1974513;1014816768;20713472;1115049984;0;0;0;0;0;0;0;0;0;0;0;3036;0;0;89;0;80;0;
9295;1985804;1014816768;20713472;1115049984;0;0;0;0;0;0;0;0;0;0;0;1603;0;0;89;0;80;0;
9296;1533125;1014816768;20713472;1115049984;0;0;0;0;0;0;0;0;0;0;0;1402;0;0;89;0;80;0;
9297;4729920;1014816768;20713472;1115049984;0;0;0;0;0;0;0;0;0;0;0;1392;0;0;89;0;80;0;
9298;2546536;1014816768;20713472;1115049984;0;0;0;0;0;0;0;0;0;0;0;2284;0;0;89;0;80;0;
9299;3281935;1014816768;20713472;1115049984;0;0;0;0;0;0;0;0;0;0;0;3527;0;0;89;0;80;0;
9300;1848506;1014816768;20713472;1115049984;0;0;0;0;0;0;0;0;0;0;0;2585;0;0;89;0;80;0;
9301;1610140;1014816768;20713472;1115049984;0;0;0;0;0;0;0;0;0;0;0;1523;0;0;89;0;80;0;
9302;1226029;1014816768;20713472;1115049984;0;0;0;0;0;0;0;0;0;0;0;1493;0;0;89;0;80;0;
9303;4765818;1014816768;20713472;1115049984;0;0;0;0;0;0;0;0;0;0;0;2225;0;0;89;0;80;0;
9304;2652364;1014816768;20713472;1115049984;0;0;0;0;0;0;0;0;0;0;0;2795;0;0;89;0;80;0;
9305;3039089;1014816768;20713472;1115049984;0;0;0;0;0;0;0;0;0;0;0;3096;0;0;89;0;80;0;
9306;1435302;1014816768;20713472;1115049984;0;0;0;0;0;0;0;0;0;0;0;1694;0;0;89;0;80;0;
9307;2577845;1014816768;20713472;1115049984;0;0;0;0;0;0;0;0;0;0;0;2464;0;0;89;0;80;0;
9308;1283186;1014816768;20713472;1115049984;0;0;0;0;0;0;0;0;0;0;0;2364;0;0;89;0;80;0;
9309;5570076;1014816768;20713472;1115049984;0;0;0;0;0;0;0;0;0;0;0;1533;0;0;89;0;80;0;
9310;3298646;1014816768;20713472;1115049984;0;0;0;0;0;0;0;0;0;0;0;2835;0;0;89;0;80;0;
9311;2035978;1014816768;20713472;1115049984;0;0;0;0;0;0;0;0;0;0;0;2204;0;0;89;0;80;0;
9312;1816787;1014816768;20713472;1115049984;0;0;0;0;0;0;0;0;0;0;0;2024;0;0;89;0;80;0;
9313;2986381;1014816768;20713472;1115049984;0;0;0;0;0;0;0;0;0;0;0;1744;0;0;89;0;80;0;
9314;1587467;1014816768;20713472;1115049984;0;0;0;0;0;0;0;0;0;0;0;1873;0;0;89;0;80;0;
9315;5159736;1014816768;20713472;1115049984;0;0;0;0;0;0;0;0;0;0;0;1743;0;0;89;0;80;0;
9316;2341652;1014816768;20713472;1115049984;0;0;0;0;0;0;0;0;0;0;0;2885;0;0;89;0;80;0;
9317;1524449;1014816768;20713472;1115049984;0;0;0;0;0;0;0;0;0;0;0;1603;0;0;89;0;80;0;
9318;1994310;1014816768;20713472;1115049984;0;0;0;0;0;0;0;0;0;0;0;2255;0;0;89;0;80;0;
9319;2575751;1014816768;20713472;1115049984;0;0;0;0;0;0;0;0;0;0;0;1312;0;0;89;0;80;0;
9320;1415514;1014816768;20713472;1115049984;0;0;0;0;0;0;0;0;0;0;0;4669;0;0;89;0;80;0;
9321;5080889;1014816768;20713472;1115049984;0;0;0;0;0;0;0;0;0;0;0;1482;0;0;89;0;80;0;
9322;2576703;1014816768;20713472;1115049984;0;0;0;0;0;0;0;0;0;0;0;3277;0;0;89;0;80;0;
9323;1897608;1014816768;20713472;1115049984;0;0;0;0;0;0;0;0;0;0;0;1984;0;0;89;0;80;0;
9324;2169118;1014816768;20713472;1115049984;0;0;0;0;0;0;0;0;0;0;0;2064;0;0;89;0;80;0;
9325;3470027;1014816768;20713472;1115049984;0;0;0;0;0;0;0;0;0;0;0;2365;0;0;89;0;80;0;
9326;1477060;1014816768;20713472;1115049984;0;0;0;0;0;0;0;0;0;0;0;1663;0;0;89;0;80;0;
9327;4495411;1014816768;20713472;1115049984;0;0;0;0;0;0;0;0;0;0;0;1423;0;0;89;0;80;0;
9328;3081429;1014816768;20713472;1115049984;0;0;0;0;0;0;0;0;0;0;0;2855;0;0;89;0;80;0;
9329;2768512;1014816768;20713472;1115049984;0;0;0;0;0;0;0;0;0;0;0;2474;0;0;89;0;80;0;
9330;2710283;1014816768;20713472;1115049984;0;0;0;0;0;0;0;0;0;0;0;2003;0;0;89;0;80;0;
9331;1873203;1014816768;20713472;1115049984;0;0;0;0;0;0;0;0;0;0;0;1373;0;0;89;0;80;0;
9332;1343740;1014816768;20713472;1115049984;0;0;0;0;0;0;0;0;0;0;0;1523;0;0;89;0;80;0;
9333;4657866;1014816768;20713472;1115049984;0;0;0;0;0;0;0;0;0;0;0;1864;0;0;89;0;80;0;
9334;2279906;1014816768;20713472;1115049984;0;0;0;0;0;0;0;0;0;0;0;2786;0;0;89;0;80;0;
9335;1847554;1014816768;20713472;1115049984;0;0;0;0;0;0;0;0;0;0;0;1302;0;0;89;0;80;0;
9336;2251642;1014816768;20713472;1115049984;0;0;0;0;0;0;0;0;0;0;0;1383;0;0;89;0;80;0;
9337;2008898;1014816768;20713472;1115049984;0;0;0;0;0;0;0;0;0;0;0;1362;0;0;89;0;80;0;
9338;1121102;1014816768;20713472;1115049984;0;0;0;0;0;0;0;0;0;0;0;1693;0;0;89;0;80;0;
9339;4234270;1014816768;20713472;1115049984;0;0;0;0;0;0;0;0;0;0;0;1383;0;0;89;0;80;0;
9340;2065073;1014816768;20713472;1115049984;0;0;0;0;0;0;0;0;0;0;0;2815;0;0;89;0;80;0;
9341;1598147;1014816768;20713472;1115049984;0;0;0;0;0;0;0;0;0;0;0;1603;0;0;89;0;80;0;
9342;1470197;1014816768;20713472;1115049984;0;0;0;0;0;0;0;0;0;0;0;1493;0;0;89;0;80;0;
9343;2136818;1014816768;20713472;1115049984;0;0;0;0;0;0;0;0;0;0;0;1563;0;0;89;0;80;0;
9344;1631960;1014816768;20713472;1115049984;0;0;0;0;0;0;0;0;0;0;0;1644;0;0;89;0;80;0;
9345;4514446;1014816768;20713472;1115049984;0;0;0;0;0;0;0;0;0;0;0;1453;0;0;89;0;80;0;
9346;2654067;1014816768;20713472;1115049984;0;0;0;0;0;0;0;0;0;0;0;1854;0;0;89;0;80;0;
9347;2101151;1014816768;20713472;1115049984;0;0;0;0;0;0;0;0;0;0;0;1794;0;0;89;0;80;0;
9348;2235232;1014816768;20713472;1115049984;0;0;0;0;0;0;0;0;0;0;0;1673;0;0;89;0;80;0;
9349;2684995;1014816768;20713472;1115049984;0;0;0;0;0;0;0;0;0;0;0;1723;0;0;89;0;80;0;
9350;1157902;1014816768;20713472;1115049984;0;0;0;0;0;0;0;0;0;0;0;1532;0;0;89;0;80;0;
9351;5897861;1014816768;20713472;1115049984;0;0;0;0;0;0;0;0;0;0;0;1382;0;0;89;0;80;0;
9352;2914135;1014816768;20713472;1115049984;0;0;0;0;0;0;0;0;0;0;0;1883;0;0;89;0;80;0;
9353;1890656;1014816768;20713472;1115049984;0;0;0;0;0;0;0;0;0;0;0;1493;0;0;89;0;80;0;
9354;3267859;1014816768;20713472;1115049984;0;0;0;0;0;0;0;0;0;0;0;1543;0;0;89;0;80;0;
9355;1992937;1014816768;20713472;1115049984;0;0;0;0;0;0;0;0;0;0;0;1413;0;0;89;0;80;0;
9356;1153724;1014816768;20713472;1115049984;0;0;0;0;0;0;0;0;0;0;0;1583;0;0;89;0;80;0;
9357;4548390;1014816768;20713472;1115049984;0;0;0;0;0;0;0;0;0;0;0;1493;0;0;89;0;80;0;
9358;2103955;1014816768;20713472;1115049984;0;0;0;0;0;0;0;0;0;0;0;2926;0;0;89;0;80;0;
9359;1959375;1014816768;20713472;1115049984;0;0;0;0;0;0;0;0;0;0;0;1473;0;0;89;0;80;0;
9360;1925592;1014816768;20713472;1115049984;0;0;0;0;0;0;0;0;0;0;0;1353;0;0;89;0;80;0;
9361;2549822;1014816768;20713472;1115049984;0;0;0;0;0;0;0;0;0;0;0;1653;0;0;89;0;80;0;
9362;1292804;1014816768;20713472;1115049984;0;0;0;0;0;0;0;0;0;0;0;1543;0;0;89;0;80;0;
9363;4704413;1014816768;20713472;1115049984;0;0;0;0;0;0;0;0;0;0;0;1763;0;0;89;0;80;0;
9364;2429206;1014816768;20713472;1115049984;0;0;0;0;0;0;0;0;0;0;0;2835;0;0;89;0;80;0;
9365;1920662;1014816768;20713472;1115049984;0;0;0;0;0;0;0;0;0;0;0;1973;0;0;89;0;80;0;
9366;1660454;1014816768;20713472;1115049984;0;0;0;0;0;0;0;0;0;0;0;1714;0;0;89;0;80;0;
9367;2193474;1014816768;20713472;1115049984;0;0;0;0;0;0;0;0;0;0;0;1503;0;0;89;0;80;0;
9368;969719;1014816768;20713472;1115049984;0;0;0;0;0;0;0;0;0;0;0;1693;0;0;89;0;80;0;
9369;4943672;1014816768;20713472;1115049984;0;0;0;0;0;0;0;0;0;0;0;1443;0;0;89;0;80;0;
9370;2116610;1014816768;20713472;1115049984;0;0;0;0;0;0;0;0;0;0;0;2725;0;0;89;0;80;0;
9371;1868304;1014816768;20713472;1115049984;0;0;0;0;0;0;0;0;0;0;0;1673;0;0;89;0;80;0;
9372;1695209;1014816768;20713472;1115049984;0;0;0;0;0;0;0;0;0;0;0;1653;0;0;89;0;80;0;
9373;2167996;1014816768;20713472;1115049984;0;0;0;0;0;0;0;0;0;0;0;1342;0;0;89;0;80;0;
9374;1223434;1014816768;20713472;1115049984;0;0;0;0;0;0;0;0;0;0;0;1413;0;0;89;0;80;0;
9375;5317202;1014816768;20713472;1115049984;0;0;0;0;0;0;0;0;0;0;0;1342;0;0;89;0;80;0;
9376;2557947;1014816768;20713472;1115049984;0;0;0;0;0;0;0;0;0;0;0;2244;0;0;89;0;80;0;
9377;1645536;1014816768;20713472;1115049984;0;0;0;0;0;0;0;0;0;0;0;1433;0;0;89;0;80;0;
9378;1118037;1014816768;20713472;1115049984;0;0;0;0;0;0;0;0;0;0;0;1723;0;0;89;0;80;0;
9379;2110658;1014816768;20713472;1115049984;0;0;0;0;0;0;0;0;0;0;0;1563;0;0;89;0;80;0;
9380;1864496;1014816768;20713472;1115049984;0;0;0;0;0;0;0;0;0;0;0;1673;0;0;89;0;80;0;
9381;4201720;1014816768;20713472;1115049984;0;0;0;0;0;0;0;0;0;0;0;1933;0;0;89;0;80;0;
9382;3272948;1014816768;20713472;1115049984;0;0;0;0;0;0;0;0;0;0;0;2394;0;0;89;0;80;0;
9383;1622242;1014816768;20713472;1115049984;0;0;0;0;0;0;0;0;0;0;0;1503;0;0;89;0;80;0;
9384;978856;1014816768;20713472;1115049984;0;0;0;0;0;0;0;0;0;0;0;1382;0;0;89;0;80;0;
9385;1610630;1014816768;20713472;1115049984;0;0;0;0;0;0;0;0;0;0;0;1503;0;0;89;0;80;0;
9386;855304;1014816768;20713472;1115049984;0;0;0;0;0;0;0;0;0;0;0;1583;0;0;89;0;80;0;
9387;4438935;1014816768;20713472;1115049984;0;0;0;0;0;0;0;0;0;0;0;1613;0;0;89;0;80;0;
9388;1822317;1014816768;20713472;1115049984;0;0;0;0;0;0;0;0;0;0;0;1503;0;0;89;0;80;0;
9389;1791360;1014816768;20713472;1115049984;0;0;0;0;0;0;0;0;0;0;0;1783;0;0;89;0;80;0;
9390;1579352;1014816768;20713472;1115049984;0;0;0;0;0;0;0;0;0;0;0;1473;0;0;89;0;80;0;
9391;2016051;1014816768;20713472;1115049984;0;0;0;0;0;0;0;0;0;0;0;1543;0;0;89;0;80;0;
9392;1220940;1014816768;20713472;1115049984;0;0;0;0;0;0;0;0;0;0;0;1443;0;0;89;0;80;0;
9393;4360879;1014816768;20713472;1115049984;0;0;0;0;0;0;0;0;0;0;0;1372;0;0;89;0;80;0;
9394;2398979;1014816768;20713472;1115049984;0;0;0;0;0;0;0;0;0;0;0;1954;0;0;89;0;80;0;
9395;1466290;1014816768;20713472;1115049984;0;0;0;0;0;0;0;0;0;0;0;1513;0;0;89;0;80;0;
9396;1501095;1014816768;20713472;1115049984;0;0;0;0;0;0;0;0;0;0;0;1503;0;0;89;0;80;0;
9397;2157356;1014816768;20713472;1115049984;0;0;0;0;0;0;0;0;0;0;0;1393;0;0;89;0;80;0;
9398;1370630;1014816768;20713472;1115049984;0;0;0;0;0;0;0;0;0;0;0;1563;0;0;89;0;80;0;
9399;4709622;1014816768;20713472;1115049984;0;0;0;0;0;0;0;0;0;0;0;1322;0;0;89;0;80;0;
9400;3374739;1014816768;20713472;1115049984;0;0;0;0;0;0;0;0;0;0;0;1763;0;0;89;0;80;0;
9401;1851833;1014816768;20713472;1115049984;0;0;0;0;0;0;0;0;0;0;0;1413;0;0;89;0;80;0;
9402;1499252;1014816768;20713472;1115049984;0;0;0;0;0;0;0;0;0;0;0;1423;0;0;89;0;80;0;
9403;3042446;1014816768;20713472;1115049984;0;0;0;0;0;0;0;0;0;0;0;1352;0;0;89;0;80;0;
9404;1313684;1014816768;20713472;1115049984;0;0;0;0;0;0;0;0;0;0;0;1503;0;0;89;0;80;0;
9405;4582504;1014816768;20713472;1115049984;0;0;0;0;0;0;0;0;0;0;0;1443;0;0;89;0;80;0;
9406;2671560;1014816768;20713472;1115049984;0;0;0;0;0;0;0;0;0;0;0;2445;0;0;89;0;80;0;
9407;2222588;1014816768;20713472;1115049984;0;0;0;0;0;0;0;0;0;0;0;1483;0;0;89;0;80;0;
9408;1359029;1014816768;20713472;1115049984;0;0;0;0;0;0;0;0;0;0;0;1433;0;0;89;0;80;0;
9409;2616317;1014816768;20713472;1115049984;0;0;0;0;0;0;0;0;0;0;0;1372;0;0;89;0;80;0;
9410;1915192;1014816768;20713472;1115049984;0;0;0;0;0;0;0;0;0;0;0;1523;0;0;89;0;80;0;
9411;4594336;1014816768;20713472;1115049984;0;0;0;0;0;0;0;0;0;0;0;1393;0;0;89;0;80;0;
9412;3094143;1014816768;20713472;1115049984;0;0;0;0;0;0;0;0;0;0;0;1523;0;0;89;0;80;0;
9413;1967530;1014816768;20713472;1115049984;0;0;0;0;0;0;0;0;0;0;0;1513;0;0;89;0;80;0;
9414;1425663;1014816768;20713472;1115049984;0;0;0;0;0;0;0;0;0;0;0;1433;0;0;89;0;80;0;
9415;2012645;1014816768;20713472;1115049984;0;0;0;0;0;0;0;0;0;0;0;1363;0;0;89;0;80;0;
9416;2624302;1014816768;20713472;1115049984;0;0;0;0;0;0;0;0;0;0;0;1422;0;0;89;0;80;0;
9417;4200667;1014816768;20713472;1115049984;0;0;0;0;0;0;0;0;0;0;0;1402;0;0;89;0;80;0;
9418;4347884;1014816768;20713472;1115049984;0;0;0;0;0;0;0;0;0;0;0;2404;0;0;89;0;80;0;
9419;2017905;1014816768;20713472;1115049984;0;0;0;0;0;0;0;0;0;0;0;1523;0;0;89;0;80;0;
9420;1945288;1014816768;20713472;1115049984;0;0;0;0;0;0;0;0;0;0;0;96801;0;0;89;0;80;0;
9421;2420209;1014816768;20713472;1115049984;0;0;0;0;0;0;0;0;0;0;0;1403;0;0;89;0;80;0;
9422;2214533;1014816768;20713472;1115049984;0;0;0;0;0;0;0;0;0;0;0;1452;0;0;89;0;80;0;
9423;4792308;1014816768;20713472;1115049984;0;0;0;0;0;0;0;0;0;0;0;1362;0;0;89;0;80;0;
9424;3239125;1014816768;20713472;1115049984;0;0;0;0;0;0;0;0;0;0;0;1443;0;0;89;0;80;0;
9425;1741766;1014816768;20713472;1115049984;0;0;0;0;0;0;0;0;0;0;0;1613;0;0;89;0;80;0;
9426;1424721;1014816768;20713472;1115049984;0;0;0;0;0;0;0;0;0;0;0;1423;0;0;89;0;80;0;
9427;2724129;1014816768;20713472;1115049984;0;0;0;0;0;0;0;0;0;0;0;1372;0;0;89;0;80;0;
9428;1816347;1014816768;20713472;1115049984;0;0;0;0;0;0;0;0;0;0;0;1452;0;0;89;0;80;0;
9429;4631316;1014816768;20713472;1115049984;0;0;0;0;0;0;0;0;0;0;0;1543;0;0;89;0;80;0;
9430;2440416;1014816768;20713472;1115049984;0;0;0;0;0;0;0;0;0;0;0;1944;0;0;89;0;80;0;
9431;1819272;1014816768;20713472;1115049984;0;0;0;0;0;0;0;0;0;0;0;1583;0;0;89;0;80;0;
9432;1286803;1014816768;20713472;1115049984;0;0;0;0;0;0;0;0;0;0;0;1523;0;0;89;0;80;0;
9433;3676164;1014816768;20713472;1115049984;0;0;0;0;0;0;0;0;0;0;0;1693;0;0;89;0;80;0;
9434;1374848;1014816768;20713472;1115049984;0;0;0;0;0;0;0;0;0;0;0;1673;0;0;89;0;80;0;
9435;5557192;1014816768;20713472;1115049984;0;0;0;0;0;0;0;0;0;0;0;1723;0;0;89;0;80;0;
9436;2807295;1014816768;20721664;1115058176;0;0;0;0;0;0;0;0;0;0;0;1443;0;0;89;0;80;0;
9437;1904972;1014816768;20721664;1115058176;0;0;0;0;0;0;0;0;0;0;0;1473;0;0;89;0;80;0;
9438;1423399;1014816768;20721664;1115058176;0;0;0;0;0;0;0;0;0;0;0;1623;0;0;89;0;80;0;
9439;2284765;1014816768;20721664;1115058176;0;0;0;0;0;0;0;0;0;0;0;1462;0;0;89;0;80;0;
9440;1910022;1014816768;20721664;1115058176;0;0;0;0;0;0;0;0;0;0;0;1342;0;0;89;0;80;0;
9441;4437362;1014816768;20721664;1115058176;0;0;0;0;0;0;0;0;0;0;0;1382;0;0;89;0;80;0;
9442;3874697;1014816768;20721664;1115058176;0;0;0;0;0;0;0;0;0;0;0;2104;0;0;89;0;80;0;
9443;2007745;1014816768;20721664;1115058176;0;0;0;0;0;0;0;0;0;0;0;1433;0;0;89;0;80;0;
9444;1567099;1014816768;20721664;1115058176;0;0;0;0;0;0;0;0;0;0;0;1413;0;0;89;0;80;0;
9445;2642836;1014816768;20721664;1115058176;0;0;0;0;0;0;0;0;0;0;0;115587;0;0;89;0;80;0;
9446;1491898;1014816768;20721664;1115058176;0;0;0;0;0;0;0;0;0;0;0;1393;0;0;89;0;80;0;
9447;4086063;1014816768;20721664;1115058176;0;0;0;0;0;0;0;0;0;0;0;1373;0;0;89;0;80;0;
9448;4029637;1014816768;20721664;1115058176;0;0;0;0;0;0;0;0;0;0;0;1793;0;0;89;0;80;0;
9449;2018966;1015021568;20717568;1115054080;0;0;0;0;0;0;0;0;0;0;0;1523;0;0;89;0;80;0;
9450;1886939;1015021568;20717568;1115054080;0;0;0;0;0;0;0;0;0;0;0;1343;0;0;89;0;80;0;
9451;2470814;1015021568;20717568;1115054080;0;0;0;0;0;0;0;0;0;0;0;1362;0;0;89;0;80;0;
9452;1448466;1015021568;20717568;1115054080;0;0;0;0;0;0;0;0;0;0;0;1383;0;0;89;0;80;0;
9453;4384743;1015021568;20717568;1115054080;0;0;0;0;0;0;0;0;0;0;0;1353;0;0;89;0;80;0;
9454;3652570;1015021568;20717568;1115054080;0;0;0;0;0;0;0;0;0;0;0;1453;0;0;89;0;80;0;
9455;1927325;1015033856;20713472;1115049984;0;0;0;0;0;0;0;0;0;0;0;1483;0;0;89;0;80;0;
9456;1220770;1015033856;20713472;1115049984;0;0;0;0;0;0;0;0;0;0;0;1383;0;0;89;0;80;0;
9457;3775390;1015033856;20713472;1115049984;0;0;0;0;0;0;0;0;0;0;0;1483;0;0;89;0;80;0;
9458;1735244;1015033856;20713472;1115049984;0;0;0;0;0;0;0;0;0;0;0;1553;0;0;89;0;80;0;
9459;4409780;1015033856;20713472;1115049984;0;0;0;0;0;0;0;0;0;0;0;1543;0;0;89;0;80;0;
9460;3218475;1015033856;20713472;1115049984;0;0;0;0;0;0;0;0;0;0;0;1513;0;0;89;0;80;0;
9461;1832226;1015033856;20713472;1115049984;0;0;0;0;0;0;0;0;0;0;0;1663;0;0;89;0;80;0;
9462;1515092;1015033856;20713472;1115049984;0;0;0;0;0;0;0;0;0;0;0;1553;0;0;89;0;80;0;
9463;2914706;1015033856;20713472;1115049984;0;0;0;0;0;0;0;0;0;0;0;1343;0;0;89;0;80;0;
9464;2276710;1015033856;20713472;1115049984;0;0;0;0;0;0;0;0;0;0;0;1382;0;0;89;0;80;0;
9465;5366585;1015033856;20713472;1115049984;0;0;0;0;0;0;0;0;0;0;0;1352;0;0;89;0;80;0;
9466;3090726;1015033856;20713472;1115049984;0;0;0;0;0;0;0;0;0;0;0;2325;0;0;89;0;80;0;
9467;2389802;1015033856;20713472;1115049984;0;0;0;0;0;0;0;0;0;0;0;1423;0;0;89;0;80;0;
9468;1848767;1015033856;20713472;1115049984;0;0;0;0;0;0;0;0;0;0;0;1353;0;0;89;0;80;0;
9469;2166433;1015033856;20713472;1115049984;0;0;0;0;0;0;0;0;0;0;0;1373;0;0;89;0;80;0;
9470;1438868;1015033856;20713472;1115049984;0;0;0;0;0;0;0;0;0;0;0;1383;0;0;89;0;80;0;
9471;4489139;1015033856;20713472;1115049984;0;0;0;0;0;0;0;0;0;0;0;1362;0;0;89;0;80;0;
9472;2767621;1015033856;20713472;1115049984;0;0;0;0;0;0;0;0;0;0;0;1663;0;0;89;0;80;0;
9473;1805165;1015033856;20713472;1115049984;0;0;0;0;0;0;0;0;0;0;0;1522;0;0;89;0;80;0;
9474;1251677;1015033856;20713472;1115049984;0;0;0;0;0;0;0;0;0;0;0;1343;0;0;89;0;80;0;
9475;3199400;1015033856;20713472;1115049984;0;0;0;0;0;0;0;0;0;0;0;1343;0;0;89;0;80;0;
9476;1626260;1015033856;20713472;1115049984;0;0;0;0;0;0;0;0;0;0;0;1362;0;0;89;0;80;0;
9477;4843183;1015033856;20713472;1115049984;0;0;0;0;0;0;0;0;0;0;0;1593;0;0;89;0;80;0;
9478;3278499;1015033856;20713472;1115049984;0;0;0;0;0;0;0;0;0;0;0;1754;0;0;89;0;80;0;
9479;1704507;1015033856;20713472;1115049984;0;0;0;0;0;0;0;0;0;0;0;1643;0;0;89;0;80;0;
9480;1012018;1015033856;20713472;1115049984;0;0;0;0;0;0;0;0;0;0;0;1312;0;0;89;0;80;0;
9481;2687480;1015033856;20713472;1115049984;0;0;0;0;0;0;0;0;0;0;0;1373;0;0;89;0;80;0;
9482;2594315;1015033856;20713472;1115049984;0;0;0;0;0;0;0;0;0;0;0;1423;0;0;89;0;80;0;
9483;5065660;1015033856;20713472;1115049984;0;0;0;0;0;0;0;0;0;0;0;1382;0;0;89;0;80;0;
9484;2332505;1015033856;20713472;1115049984;0;0;0;0;0;0;0;0;0;0;0;1783;0;0;89;0;80;0;
9485;1609789;1015033856;20713472;1115049984;0;0;0;0;0;0;0;0;0;0;0;1433;0;0;89;0;80;0;
9486;967725;1015033856;20713472;1115049984;0;0;0;0;0;0;0;0;0;0;0;1333;0;0;89;0;80;0;
9487;2527940;1015033856;20713472;1115049984;0;0;0;0;0;0;0;0;0;0;0;1684;0;0;89;0;80;0;
9488;2157616;1015033856;20713472;1115049984;0;0;0;0;0;0;0;0;0;0;0;1383;0;0;89;0;80;0;
9489;4079982;1015033856;20713472;1115049984;0;0;0;0;0;0;0;0;0;0;0;1443;0;0;89;0;80;0;
9490;2934383;1015033856;20713472;1115049984;0;0;0;0;0;0;0;0;0;0;0;1523;0;0;89;0;80;0;
9491;1676815;1015033856;20713472;1115049984;0;0;0;0;0;0;0;0;0;0;0;1383;0;0;89;0;80;0;
9492;1537934;1015033856;20713472;1115049984;0;0;0;0;0;0;0;0;0;0;0;1383;0;0;89;0;80;0;
9493;2007194;1015033856;20713472;1115049984;0;0;0;0;0;0;0;0;0;0;0;1423;0;0;89;0;80;0;
9494;2558739;1015033856;20713472;1115049984;0;0;0;0;0;0;0;0;0;0;0;1382;0;0;89;0;80;0;
9495;4511050;1015033856;20713472;1115049984;0;0;0;0;0;0;0;0;0;0;0;1403;0;0;89;0;80;0;
9496;2903435;1015033856;20713472;1115049984;0;0;0;0;0;0;0;0;0;0;0;1703;0;0;89;0;80;0;
9497;1515011;1015033856;20713472;1115049984;0;0;0;0;0;0;0;0;0;0;0;1472;0;0;89;0;80;0;
9498;1292554;1015033856;20713472;1115049984;0;0;0;0;0;0;0;0;0;0;0;42360;0;0;89;0;80;0;
9499;3159215;1015033856;20713472;1115049984;0;0;0;0;0;0;0;0;0;0;0;1813;0;0;89;0;80;0;
9500;1413431;1015033856;20713472;1115049984;0;0;0;0;0;0;0;0;0;0;0;1413;0;0;89;0;80;0;
9501;4382840;1015033856;20713472;1115049984;0;0;0;0;0;0;0;0;0;0;0;1412;0;0;89;0;80;0;
9502;2355327;1015033856;20713472;1115049984;0;0;0;0;0;0;0;0;0;0;0;1724;0;0;89;0;80;0;
9503;1570005;1015033856;20713472;1115049984;0;0;0;0;0;0;0;0;0;0;0;1503;0;0;89;0;80;0;
9504;1261466;1015033856;20713472;1115049984;0;0;0;0;0;0;0;0;0;0;0;1342;0;0;89;0;80;0;
9505;2003006;1015033856;20713472;1115049984;0;0;0;0;0;0;0;0;0;0;0;1352;0;0;89;0;80;0;
9506;2101822;1015033856;20713472;1115049984;0;0;0;0;0;0;0;0;0;0;0;1452;0;0;89;0;80;0;
9507;4807827;1015033856;20713472;1115049984;0;0;0;0;0;0;0;0;0;0;0;1352;0;0;89;0;80;0;
9508;3591255;1015033856;20713472;1115049984;0;0;0;0;0;0;0;0;0;0;0;1623;0;0;89;0;80;0;
9509;1818731;1015033856;20713472;1115049984;0;0;0;0;0;0;0;0;0;0;0;1573;0;0;89;0;80;0;
9510;1586495;1015033856;20713472;1115049984;0;0;0;0;0;0;0;0;0;0;0;1352;0;0;89;0;80;0;
9511;2361178;1015033856;20713472;1115049984;0;0;0;0;0;0;0;0;0;0;0;1582;0;0;89;0;80;0;
9512;1442876;1015033856;20713472;1115049984;0;0;0;0;0;0;0;0;0;0;0;1473;0;0;89;0;80;0;
9513;4913244;1015033856;20713472;1115049984;0;0;0;0;0;0;0;0;0;0;0;1462;0;0;89;0;80;0;
9514;2165972;1015033856;20713472;1115049984;0;0;0;0;0;0;0;0;0;0;0;1964;0;0;89;0;80;0;
9515;2151815;1015033856;20713472;1115049984;0;0;0;0;0;0;0;0;0;0;0;1473;0;0;89;0;80;0;
9516;1354800;1015033856;20713472;1115049984;0;0;0;0;0;0;0;0;0;0;0;1413;0;0;89;0;80;0;
9517;1806388;1015033856;20713472;1115049984;0;0;0;0;0;0;0;0;0;0;0;1543;0;0;89;0;80;0;
9518;1843667;1015033856;20713472;1115049984;0;0;0;0;0;0;0;0;0;0;0;1533;0;0;89;0;80;0;
9519;4654649;1015033856;20713472;1115049984;0;0;0;0;0;0;0;0;0;0;0;1402;0;0;89;0;80;0;
9520;1685110;1015033856;20713472;1115049984;0;0;0;0;0;0;0;0;0;0;0;1724;0;0;89;0;80;0;
9521;2266972;1015033856;20713472;1115049984;0;0;0;0;0;0;0;0;0;0;0;1613;0;0;89;0;80;0;
9522;1267317;1015033856;20713472;1115049984;0;0;0;0;0;0;0;0;0;0;0;1453;0;0;89;0;80;0;
9523;1798943;1015033856;20713472;1115049984;0;0;0;0;0;0;0;0;0;0;0;1502;0;0;89;0;80;0;
9524;1048997;1015033856;20713472;1115049984;0;0;0;0;0;0;0;0;0;0;0;1383;0;0;89;0;80;0;
9525;5195062;1015033856;20713472;1115049984;0;0;0;0;0;0;0;0;0;0;0;1322;0;0;89;0;80;0;
9526;2706155;1015033856;20713472;1115049984;0;0;0;0;0;0;0;0;0;0;0;2064;0;0;89;0;80;0;
9527;2240091;1015033856;20713472;1115049984;0;0;0;0;0;0;0;0;0;0;0;1353;0;0;89;0;80;0;
9528;1864237;1015033856;20713472;1115049984;0;0;0;0;0;0;0;0;0;0;0;1402;0;0;89;0;80;0;
9529;2925236;1015033856;20713472;1115049984;0;0;0;0;0;0;0;0;0;0;0;1473;0;0;89;0;80;0;
9530;2004649;1015033856;20713472;1115049984;0;0;0;0;0;0;0;0;0;0;0;1192;0;0;89;0;80;0;
9531;4730111;1015033856;20713472;1115049984;0;0;0;0;0;0;0;0;0;0;0;1363;0;0;89;0;80;0;
9532;3007871;1015033856;20713472;1115049984;0;0;0;0;0;0;0;0;0;0;0;1683;0;0;89;0;80;0;
9533;1754401;1015033856;20713472;1115049984;0;0;0;0;0;0;0;0;0;0;0;1493;0;0;89;0;80;0;
9534;1778917;1015033856;20713472;1115049984;0;0;0;0;0;0;0;0;0;0;0;1372;0;0;89;0;80;0;
9535;2932039;1015033856;20713472;1115049984;0;0;0;0;0;0;0;0;0;0;0;1713;0;0;89;0;80;0;
9536;1634255;1015033856;20713472;1115049984;0;0;0;0;0;0;0;0;0;0;0;1362;0;0;89;0;80;0;
9537;4945906;1015033856;20713472;1115049984;0;0;0;0;0;0;0;0;0;0;0;1532;0;0;89;0;80;0;
9538;3015806;1015033856;20713472;1115049984;0;0;0;0;0;0;0;0;0;0;0;1833;0;0;89;0;80;0;
9539;3414544;1015033856;20713472;1115049984;0;0;0;0;0;0;0;0;0;0;0;1613;0;0;89;0;80;0;
9540;1433188;1015033856;20713472;1115049984;0;0;0;0;0;0;0;0;0;0;0;1413;0;0;89;0;80;0;
9541;1917616;1015033856;20713472;1115049984;0;0;0;0;0;0;0;0;0;0;0;1453;0;0;89;0;80;0;
9542;1700769;1015033856;20713472;1115049984;0;0;0;0;0;0;0;0;0;0;0;1403;0;0;89;0;80;0;
9543;5128838;1015033856;20713472;1115049984;0;0;0;0;0;0;0;0;0;0;0;1333;0;0;89;0;80;0;
9544;3136502;1015033856;20713472;1115049984;0;0;0;0;0;0;0;0;0;0;0;1402;0;0;89;0;80;0;
9545;1946560;1015033856;20713472;1115049984;0;0;0;0;0;0;0;0;0;0;0;1593;0;0;89;0;80;0;
9546;1454537;1015033856;20713472;1115049984;0;0;0;0;0;0;0;0;0;0;0;1433;0;0;89;0;80;0;
9547;2039004;1015033856;20713472;1115049984;0;0;0;0;0;0;0;0;0;0;0;1392;0;0;89;0;80;0;
9548;2492144;1015033856;20713472;1115049984;0;0;0;0;0;0;0;0;0;0;0;1403;0;0;89;0;80;0;
9549;4722225;1015033856;20713472;1115049984;0;0;0;0;0;0;0;0;0;0;0;1412;0;0;89;0;80;0;
9550;2950363;1015033856;20713472;1115049984;0;0;0;0;0;0;0;0;0;0;0;2023;0;0;89;0;80;0;
9551;2481735;1015033856;20713472;1115049984;0;0;0;0;0;0;0;0;0;0;0;1643;0;0;89;0;80;0;
9552;1345153;1015033856;20713472;1115049984;0;0;0;0;0;0;0;0;0;0;0;1543;0;0;89;0;80;0;
9553;2378180;1015033856;20713472;1115049984;0;0;0;0;0;0;0;0;0;0;0;1403;0;0;89;0;80;0;
9554;1697193;1015033856;20713472;1115049984;0;0;0;0;0;0;0;0;0;0;0;1452;0;0;89;0;80;0;
9555;4505630;1015033856;20713472;1115049984;0;0;0;0;0;0;0;0;0;0;0;1593;0;0;89;0;80;0;
9556;2417343;1015033856;20713472;1115049984;0;0;0;0;0;0;0;0;0;0;0;2104;0;0;89;0;80;0;
9557;1919820;1015033856;20713472;1115049984;0;0;0;0;0;0;0;0;0;0;0;1423;0;0;89;0;80;0;
9558;1148694;1015033856;20713472;1115049984;0;0;0;0;0;0;0;0;0;0;0;1472;0;0;89;0;80;0;
9559;2511571;1015033856;20713472;1115049984;0;0;0;0;0;0;0;0;0;0;0;1603;0;0;89;0;80;0;
9560;2287560;1015033856;20713472;1115049984;0;0;0;0;0;0;0;0;0;0;0;1442;0;0;89;0;80;0;
9561;4764685;1015033856;20713472;1115049984;0;0;0;0;0;0;0;0;0;0;0;1343;0;0;89;0;80;0;
9562;2416532;1015033856;20713472;1115049984;0;0;0;0;0;0;0;0;0;0;0;1903;0;0;89;0;80;0;
9563;1470788;1015033856;20713472;1115049984;0;0;0;0;0;0;0;0;0;0;0;1483;0;0;89;0;80;0;
9564;2365797;1015033856;20713472;1115049984;0;0;0;0;0;0;0;0;0;0;0;1473;0;0;89;0;80;0;
9565;2473960;1015033856;20713472;1115049984;0;0;0;0;0;0;0;0;0;0;0;1463;0;0;89;0;80;0;
9566;1315798;1015033856;20713472;1115049984;0;0;0;0;0;0;0;0;0;0;0;1372;0;0;89;0;80;0;
9567;4683974;1015033856;20713472;1115049984;0;0;0;0;0;0;0;0;0;0;0;1343;0;0;89;0;80;0;
9568;2462719;1015033856;20713472;1115049984;0;0;0;0;0;0;0;0;0;0;0;1813;0;0;89;0;80;0;
9569;1462373;1015033856;20713472;1115049984;0;0;0;0;0;0;0;0;0;0;0;1513;0;0;89;0;80;0;
9570;1725927;1015033856;20713472;1115049984;0;0;0;0;0;0;0;0;0;0;0;1393;0;0;89;0;80;0;
9571;2809018;1015033856;20713472;1115049984;0;0;0;0;0;0;0;0;0;0;0;1753;0;0;89;0;80;0;
9572;1406788;1015033856;20713472;1115049984;0;0;0;0;0;0;0;0;0;0;0;1623;0;0;89;0;80;0;
9573;4653828;1015033856;20713472;1115049984;0;0;0;0;0;0;0;0;0;0;0;1443;0;0;89;0;80;0;
9574;2062107;1015033856;20713472;1115049984;0;0;0;0;0;0;0;0;0;0;0;1473;0;0;89;0;80;0;
9575;1560747;1015033856;20713472;1115049984;0;0;0;0;0;0;0;0;0;0;0;1352;0;0;89;0;80;0;
9576;1123537;1015033856;20713472;1115049984;0;0;0;0;0;0;0;0;0;0;0;1443;0;0;89;0;80;0;
9577;2195337;1015033856;20713472;1115049984;0;0;0;0;0;0;0;0;0;0;0;1312;0;0;89;0;80;0;
9578;1362806;1015033856;20713472;1115049984;0;0;0;0;0;0;0;0;0;0;0;1333;0;0;89;0;80;0;
9579;4748305;1015033856;20713472;1115049984;0;0;0;0;0;0;0;0;0;0;0;1353;0;0;89;0;80;0;
9580;2077025;1015033856;20713472;1115049984;0;0;0;0;0;0;0;0;0;0;0;2024;0;0;89;0;80;0;
9581;2040808;1015033856;20713472;1115049984;0;0;0;0;0;0;0;0;0;0;0;1663;0;0;89;0;80;0;
9582;1549326;1015033856;20713472;1115049984;0;0;0;0;0;0;0;0;0;0;0;1413;0;0;89;0;80;0;
9583;1957622;1015033856;20713472;1115049984;0;0;0;0;0;0;0;0;0;0;0;1483;0;0;89;0;80;0;
9584;2147427;1015033856;20713472;1115049984;0;0;0;0;0;0;0;0;0;0;0;1433;0;0;89;0;80;0;
9585;4667293;1015033856;20713472;1115049984;0;0;0;0;0;0;0;0;0;0;0;1433;0;0;89;0;80;0;
9586;2646674;1015033856;20713472;1115049984;0;0;0;0;0;0;0;0;0;0;0;2014;0;0;89;0;80;0;
9587;2044945;1015033856;20713472;1115049984;0;0;0;0;0;0;0;0;0;0;0;1383;0;0;89;0;80;0;
9588;1798913;1015033856;20713472;1115049984;0;0;0;0;0;0;0;0;0;0;0;1413;0;0;89;0;80;0;
9589;1838839;1015033856;20713472;1115049984;0;0;0;0;0;0;0;0;0;0;0;1452;0;0;89;0;80;0;
9590;1696942;1015033856;20713472;1115049984;0;0;0;0;0;0;0;0;0;0;0;1352;0;0;89;0;80;0;
9591;5249605;1015033856;20713472;1115049984;0;0;0;0;0;0;0;0;0;0;0;1422;0;0;89;0;80;0;
9592;2551716;1015033856;20713472;1115049984;0;0;0;0;0;0;0;0;0;0;0;1703;0;0;89;0;80;0;
9593;3033418;1015033856;20713472;1115049984;0;0;0;0;0;0;0;0;0;0;0;1373;0;0;89;0;80;0;
9594;1614968;1015033856;20713472;1115049984;0;0;0;0;0;0;0;0;0;0;0;1352;0;0;89;0;80;0;
9595;1522816;1015033856;20713472;1115049984;0;0;0;0;0;0;0;0;0;0;0;1402;0;0;89;0;80;0;
9596;1444068;1015033856;20713472;1115049984;0;0;0;0;0;0;0;0;0;0;0;1252;0;0;89;0;80;0;
9597;4397958;1015033856;20713472;1115049984;0;0;0;0;0;0;0;0;0;0;0;1393;0;0;89;0;80;0;
9598;1135149;1015033856;20713472;1115049984;0;0;0;0;0;0;0;0;0;0;0;1723;0;0;89;0;80;0;
9599;8330182;1015033856;20713472;1115049984;0;0;0;0;0;0;0;0;0;0;0;1422;0;0;89;0;80;0;
9600;1542543;1015033856;20713472;1115049984;0;0;0;0;0;0;0;0;0;0;0;1553;0;0;89;0;80;0;
9601;1576447;1015033856;20713472;1115049984;0;0;0;0;0;0;0;0;0;0;0;1472;0;0;89;0;80;0;
9602;841979;1015033856;20713472;1115049984;0;0;0;0;0;0;0;0;0;0;0;1423;0;0;89;0;80;0;
9603;4137840;1015033856;20713472;1115049984;0;0;0;0;0;0;0;0;0;0;0;1363;0;0;89;0;80;0;
9604;1761623;1015033856;20713472;1115049984;0;0;0;0;0;0;0;0;0;0;0;1734;0;0;89;0;80;0;
9605;1867652;1015033856;20713472;1115049984;0;0;0;0;0;0;0;0;0;0;0;1352;0;0;89;0;80;0;
9606;1630768;1015033856;20713472;1115049984;0;0;0;0;0;0;0;0;0;0;0;1543;0;0;89;0;80;0;
9607;1901776;1015033856;20713472;1115049984;0;0;0;0;0;0;0;0;0;0;0;1593;0;0;89;0;80;0;
9608;1310337;1015033856;20713472;1115049984;0;0;0;0;0;0;0;0;0;0;0;1173;0;0;89;0;80;0;
9609;4268745;1015033856;20713472;1115049984;0;0;0;0;0;0;0;0;0;0;0;1563;0;0;89;0;80;0;
9610;2840106;1015033856;20713472;1115049984;0;0;0;0;0;0;0;0;0;0;0;3267;0;0;89;0;80;0;
9611;2026100;1015033856;20713472;1115049984;0;0;0;0;0;0;0;0;0;0;0;1462;0;0;89;0;80;0;
9612;1593418;1015033856;20713472;1115049984;0;0;0;0;0;0;0;0;0;0;0;2214;0;0;89;0;80;0;
9613;3246188;1015033856;20713472;1115049984;0;0;0;0;0;0;0;0;0;0;0;2023;0;0;89;0;80;0;
9614;2065454;1015033856;20713472;1115049984;0;0;0;0;0;0;0;0;0;0;0;2555;0;0;89;0;80;0;
9615;4863551;1015033856;20713472;1115049984;0;0;0;0;0;0;0;0;0;0;0;1894;0;0;89;0;80;0;
9616;2658385;1015033856;20713472;1115049984;0;0;0;0;0;0;0;0;0;0;0;3476;0;0;89;0;80;0;
9617;2386596;1015033856;20713472;1115049984;0;0;0;0;0;0;0;0;0;0;0;1853;0;0;89;0;80;0;
9618;1807750;1015033856;20713472;1115049984;0;0;0;0;0;0;0;0;0;0;0;1603;0;0;89;0;80;0;
9619;1956789;1015033856;20713472;1115049984;0;0;0;0;0;0;0;0;0;0;0;2014;0;0;89;0;80;0;
9620;2024076;1015033856;20713472;1115049984;0;0;0;0;0;0;0;0;0;0;0;1623;0;0;89;0;80;0;
9621;4862679;1015033856;20713472;1115049984;0;0;0;0;0;0;0;0;0;0;0;1423;0;0;89;0;80;0;
9622;1885476;1015033856;20713472;1115049984;0;0;0;0;0;0;0;0;0;0;0;2104;0;0;89;0;80;0;
9623;2294363;1015033856;20713472;1115049984;0;0;0;0;0;0;0;0;0;0;0;1774;0;0;89;0;80;0;
9624;1475256;1015033856;20713472;1115049984;0;0;0;0;0;0;0;0;0;0;0;1332;0;0;89;0;80;0;
9625;1182027;1015033856;20713472;1115049984;0;0;0;0;0;0;0;0;0;0;0;1433;0;0;89;0;80;0;
9626;4289895;1015033856;20713472;1115049984;0;0;0;0;0;0;0;0;0;0;0;1432;0;0;89;0;80;0;
9627;2524815;1015033856;20717568;1115054080;0;0;0;0;0;0;0;0;0;0;0;2275;0;0;89;0;80;0;
9628;1475467;1015033856;20717568;1115054080;0;0;0;0;0;0;0;0;0;0;0;1503;0;0;89;0;80;0;
9629;2343836;1015033856;20717568;1115054080;0;0;0;0;0;0;0;0;0;0;0;1473;0;0;89;0;80;0;
9630;1543184;1015033856;20717568;1115054080;0;0;0;0;0;0;0;0;0;0;0;1373;0;0;89;0;80;0;
9631;4638890;1015033856;20717568;1115054080;0;0;0;0;0;0;0;0;0;0;0;1442;0;0;89;0;80;0;
9632;1656026;1015033856;20725760;1115062272;0;0;0;0;0;0;0;0;0;0;0;1383;0;0;89;0;80;0;
9633;1923959;1015033856;20725760;1115062272;0;0;0;0;0;0;0;0;0;0;0;1473;0;0;89;0;80;0;
9634;1420423;1015033856;20725760;1115062272;0;0;0;0;0;0;0;0;0;0;0;1463;0;0;89;0;80;0;
9635;999044;1015033856;20725760;1115062272;0;0;0;0;0;0;0;0;0;0;0;1452;0;0;89;0;80;0;
9636;4409760;1015033856;20725760;1115062272;0;0;0;0;0;0;0;0;0;0;0;1443;0;0;89;0;80;0;
9637;1474104;1015033856;20725760;1115062272;0;0;0;0;0;0;0;0;0;0;0;1593;0;0;89;0;80;0;
9638;1326788;1015033856;20725760;1115062272;0;0;0;0;0;0;0;0;0;0;0;1233;0;0;89;0;80;0;
9639;2683973;1015033856;20725760;1115062272;0;0;0;0;0;0;0;0;0;0;0;1343;0;0;89;0;80;0;
9640;2653146;1015033856;20725760;1115062272;0;0;0;0;0;0;0;0;0;0;0;3196;0;0;89;0;80;0;
9641;4396986;1015033856;20725760;1115062272;0;0;0;0;0;0;0;0;0;0;0;1603;0;0;89;0;80;0;
9642;2911881;1015123968;20721664;1115058176;0;0;0;0;0;0;0;0;0;0;0;2695;0;0;89;0;80;0;
9643;1043157;1015123968;20721664;1115058176;0;0;0;0;0;0;0;0;0;0;0;1413;0;0;89;0;80;0;
9644;1260384;1015123968;20721664;1115058176;0;0;0;0;0;0;0;0;0;0;0;1533;0;0;89;0;80;0;
9645;1408091;1015123968;20721664;1115058176;0;0;0;0;0;0;0;0;0;0;0;2244;0;0;89;0;80;0;
9646;5011749;1015123968;20721664;1115058176;0;0;0;0;0;0;0;0;0;0;0;2014;0;0;89;0;80;0;
9647;2678002;1015119872;20717568;1115054080;0;0;0;0;0;0;0;0;0;0;0;3726;0;0;89;0;80;0;
9648;1957241;1015119872;20717568;1115054080;0;0;0;0;0;0;0;0;0;0;0;1513;0;0;89;0;80;0;
9649;1974183;1015119872;20717568;1115054080;0;0;0;0;0;0;0;0;0;0;0;1603;0;0;89;0;80;0;
9650;1340674;1015119872;20717568;1115054080;0;0;0;0;0;0;0;0;0;0;0;1744;0;0;89;0;80;0;
9651;3990364;1015119872;20717568;1115054080;0;0;0;0;0;0;0;0;0;0;0;1512;0;0;89;0;80;0;
9652;3222694;1015115776;20713472;1115049984;0;0;0;0;0;0;0;0;0;0;0;2654;0;0;89;0;80;0;
9653;1068704;1015115776;20713472;1115049984;0;0;0;0;0;0;0;0;0;0;0;1373;0;0;89;0;80;0;
9654;1256577;1015115776;20713472;1115049984;0;0;0;0;0;0;0;0;0;0;0;1904;0;0;89;0;80;0;
9655;1338721;1015115776;20713472;1115049984;0;0;0;0;0;0;0;0;0;0;0;1542;0;0;89;0;80;0;
9656;4278844;1015115776;20713472;1115049984;0;0;0;0;0;0;0;0;0;0;0;1282;0;0;89;0;80;0;
9657;3205532;1015115776;20713472;1115049984;0;0;0;0;0;0;0;0;0;0;0;3928;0;0;89;0;80;0;
9658;2278884;1015115776;20713472;1115049984;0;0;0;0;0;0;0;0;0;0;0;1984;0;0;89;0;80;0;
9659;1653040;1015115776;20713472;1115049984;0;0;0;0;0;0;0;0;0;0;0;1633;0;0;89;0;80;0;
9660;1665003;1015115776;20713472;1115049984;0;0;0;0;0;0;0;0;0;0;0;1483;0;0;89;0;80;0;
9661;4913755;1015115776;20713472;1115049984;0;0;0;0;0;0;0;0;0;0;0;2154;0;0;89;0;80;0;
9662;2293761;1015115776;20713472;1115049984;0;0;0;0;0;0;0;0;0;0;0;2535;0;0;89;0;80;0;
9663;1531773;1015115776;20713472;1115049984;0;0;0;0;0;0;0;0;0;0;0;1974;0;0;89;0;80;0;
9664;2520707;1015115776;20713472;1115049984;0;0;0;0;0;0;0;0;0;0;0;1312;0;0;89;0;80;0;
9665;1076659;1015115776;20713472;1115049984;0;0;0;0;0;0;0;0;0;0;0;1933;0;0;89;0;80;0;
9666;4095540;1015115776;20713472;1115049984;0;0;0;0;0;0;0;0;0;0;0;1623;0;0;89;0;80;0;
9667;6285739;1015115776;20713472;1115049984;0;0;0;0;0;0;0;0;0;0;0;4909;0;0;89;0;80;0;
9668;1860359;1015115776;20713472;1115049984;0;0;0;0;0;0;0;0;0;0;0;1553;0;0;89;0;80;0;
9669;2760647;1015115776;20713472;1115049984;0;0;0;0;0;0;0;0;0;0;0;1733;0;0;89;0;80;0;
9670;2920447;1015115776;20713472;1115049984;0;0;0;0;0;0;0;0;0;0;0;2275;0;0;89;0;80;0;
9671;4464022;1015115776;20713472;1115049984;0;0;0;0;0;0;0;0;0;0;0;1413;0;0;89;0;80;0;
9672;2948590;1015115776;20713472;1115049984;0;0;0;0;0;0;0;0;0;0;0;1673;0;0;89;0;80;0;
9673;1045741;1015115776;20713472;1115049984;0;0;0;0;0;0;0;0;0;0;0;1402;0;0;89;0;80;0;
9674;1422457;1015115776;20713472;1115049984;0;0;0;0;0;0;0;0;0;0;0;1353;0;0;89;0;80;0;
9675;965360;1015115776;20713472;1115049984;0;0;0;0;0;0;0;0;0;0;0;1342;0;0;89;0;80;0;
9676;4589677;1015115776;20713472;1115049984;0;0;0;0;0;0;0;0;0;0;0;1543;0;0;89;0;80;0;
9677;2294073;1015115776;20713472;1115049984;0;0;0;0;0;0;0;0;0;0;0;2094;0;0;89;0;80;0;
9678;1877481;1015115776;20713472;1115049984;0;0;0;0;0;0;0;0;0;0;0;1542;0;0;89;0;80;0;
9679;1372344;1015115776;20713472;1115049984;0;0;0;0;0;0;0;0;0;0;0;1383;0;0;89;0;80;0;
9680;1193017;1015115776;20713472;1115049984;0;0;0;0;0;0;0;0;0;0;0;1343;0;0;89;0;80;0;
9681;4170972;1015115776;20713472;1115049984;0;0;0;0;0;0;0;0;0;0;0;1482;0;0;89;0;80;0;
9682;2936066;1015115776;20713472;1115049984;0;0;0;0;0;0;0;0;0;0;0;3516;0;0;89;0;80;0;
9683;1489243;1015115776;20713472;1115049984;0;0;0;0;0;0;0;0;0;0;0;2234;0;0;89;0;80;0;
9684;2256472;1015115776;20713472;1115049984;0;0;0;0;0;0;0;0;0;0;0;2214;0;0;89;0;80;0;
9685;1468695;1015115776;20713472;1115049984;0;0;0;0;0;0;0;0;0;0;0;1934;0;0;89;0;80;0;
9686;4863320;1015115776;20713472;1115049984;0;0;0;0;0;0;0;0;0;0;0;1463;0;0;89;0;80;0;
9687;3416647;1015115776;20713472;1115049984;0;0;0;0;0;0;0;0;0;0;0;2865;0;0;89;0;80;0;
9688;1643072;1015115776;20713472;1115049984;0;0;0;0;0;0;0;0;0;0;0;2435;0;0;89;0;80;0;
9689;2337304;1015115776;20713472;1115049984;0;0;0;0;0;0;0;0;0;0;0;2074;0;0;89;0;80;0;
9690;1240857;1015115776;20713472;1115049984;0;0;0;0;0;0;0;0;0;0;0;2103;0;0;89;0;80;0;
9691;4623961;1015115776;20713472;1115049984;0;0;0;0;0;0;0;0;0;0;0;2124;0;0;89;0;80;0;
9692;2959871;1015115776;20713472;1115049984;0;0;0;0;0;0;0;0;0;0;0;3085;0;0;89;0;80;0;
9693;1615270;1015115776;20713472;1115049984;0;0;0;0;0;0;0;0;0;0;0;1904;0;0;89;0;80;0;
9694;1464377;1015115776;20713472;1115049984;0;0;0;0;0;0;0;0;0;0;0;1874;0;0;89;0;80;0;
9695;1082751;1015115776;20713472;1115049984;0;0;0;0;0;0;0;0;0;0;0;1343;0;0;89;0;80;0;
9696;4156615;1015115776;20713472;1115049984;0;0;0;0;0;0;0;0;0;0;0;1212;0;0;89;0;80;0;
9697;3191065;1015115776;20713472;1115049984;0;0;0;0;0;0;0;0;0;0;0;2876;0;0;89;0;80;0;
9698;1862493;1015115776;20713472;1115049984;0;0;0;0;0;0;0;0;0;0;0;1954;0;0;89;0;80;0;
9699;2797657;1015115776;20713472;1115049984;0;0;0;0;0;0;0;0;0;0;0;2445;0;0;89;0;80;0;
9700;1928066;1015115776;20713472;1115049984;0;0;0;0;0;0;0;0;0;0;0;2615;0;0;89;0;80;0;
9701;4530266;1015115776;20713472;1115049984;0;0;0;0;0;0;0;0;0;0;0;2294;0;0;89;0;80;0;
9702;2575641;1015115776;20713472;1115049984;0;0;0;0;0;0;0;0;0;0;0;2645;0;0;89;0;80;0;
9703;1642680;1015115776;20713472;1115049984;0;0;0;0;0;0;0;0;0;0;0;2584;0;0;89;0;80;0;
9704;2210455;1015115776;20713472;1115049984;0;0;0;0;0;0;0;0;0;0;0;1793;0;0;89;0;80;0;
9705;1628885;1015115776;20713472;1115049984;0;0;0;0;0;0;0;0;0;0;0;2655;0;0;89;0;80;0;
9706;5102849;1015115776;20713472;1115049984;0;0;0;0;0;0;0;0;0;0;0;1382;0;0;89;0;80;0;
9707;2407024;1015115776;20713472;1115049984;0;0;0;0;0;0;0;0;0;0;0;1813;0;0;89;0;80;0;
9708;1260174;1015115776;20713472;1115049984;0;0;0;0;0;0;0;0;0;0;0;1463;0;0;89;0;80;0;
9709;1675092;1015115776;20713472;1115049984;0;0;0;0;0;0;0;0;0;0;0;1513;0;0;89;0;80;0;
9710;2244308;1015115776;20713472;1115049984;0;0;0;0;0;0;0;0;0;0;0;1473;0;0;89;0;80;0;
9711;5274251;1015115776;20713472;1115049984;0;0;0;0;0;0;0;0;0;0;0;1573;0;0;89;0;80;0;
9712;3018822;1015115776;20713472;1115049984;0;0;0;0;0;0;0;0;0;0;0;1593;0;0;89;0;80;0;
9713;1917566;1015115776;20713472;1115049984;0;0;0;0;0;0;0;0;0;0;0;1323;0;0;89;0;80;0;
9714;2316264;1015115776;20713472;1115049984;0;0;0;0;0;0;0;0;0;0;0;1402;0;0;89;0;80;0;
9715;1566899;1015115776;20713472;1115049984;0;0;0;0;0;0;0;0;0;0;0;1413;0;0;89;0;80;0;
9716;5020225;1015115776;20713472;1115049984;0;0;0;0;0;0;0;0;0;0;0;1413;0;0;89;0;80;0;
9717;3584132;1015115776;20713472;1115049984;0;0;0;0;0;0;0;0;0;0;0;1953;0;0;89;0;80;0;
9718;1501636;1015115776;20713472;1115049984;0;0;0;0;0;0;0;0;0;0;0;1372;0;0;89;0;80;0;
9719;2120397;1015115776;20713472;1115049984;0;0;0;0;0;0;0;0;0;0;0;1463;0;0;89;0;80;0;
9720;1291803;1015115776;20713472;1115049984;0;0;0;0;0;0;0;0;0;0;0;1393;0;0;89;0;80;0;
9721;4809690;1015115776;20713472;1115049984;0;0;0;0;0;0;0;0;0;0;0;1412;0;0;89;0;80;0;
9722;3901878;1015115776;20713472;1115049984;0;0;0;0;0;0;0;0;0;0;0;1533;0;0;89;0;80;0;
9723;1464266;1015115776;20713472;1115049984;0;0;0;0;0;0;0;0;0;0;0;1353;0;0;89;0;80;0;
9724;1845181;1015115776;20713472;1115049984;0;0;0;0;0;0;0;0;0;0;0;1673;0;0;89;0;80;0;
9725;1295770;1015115776;20713472;1115049984;0;0;0;0;0;0;0;0;0;0;0;1402;0;0;89;0;80;0;
9726;4710614;1015115776;20713472;1115049984;0;0;0;0;0;0;0;0;0;0;0;1462;0;0;89;0;80;0;
9727;3545900;1015115776;20713472;1115049984;0;0;0;0;0;0;0;0;0;0;0;1633;0;0;89;0;80;0;
9728;1875277;1015115776;20713472;1115049984;0;0;0;0;0;0;0;0;0;0;0;1593;0;0;89;0;80;0;
9729;2842851;1015115776;20713472;1115049984;0;0;0;0;0;0;0;0;0;0;0;1372;0;0;89;0;80;0;
9730;1748940;1015115776;20713472;1115049984;0;0;0;0;0;0;0;0;0;0;0;1363;0;0;89;0;80;0;
9731;4599807;1015115776;20713472;1115049984;0;0;0;0;0;0;0;0;0;0;0;1443;0;0;89;0;80;0;
9732;3443729;1015115776;20713472;1115049984;0;0;0;0;0;0;0;0;0;0;0;1573;0;0;89;0;80;0;
9733;1628174;1015115776;20713472;1115049984;0;0;0;0;0;0;0;0;0;0;0;1503;0;0;89;0;80;0;
9734;2682340;1015115776;20713472;1115049984;0;0;0;0;0;0;0;0;0;0;0;1392;0;0;89;0;80;0;
9735;2276690;1015115776;20713472;1115049984;0;0;0;0;0;0;0;0;0;0;0;1663;0;0;89;0;80;0;
9736;5178982;1015115776;20713472;1115049984;0;0;0;0;0;0;0;0;0;0;0;1563;0;0;89;0;80;0;
9737;3834240;1015115776;20713472;1115049984;0;0;0;0;0;0;0;0;0;0;0;1863;0;0;89;0;80;0;
9738;1988689;1015115776;20713472;1115049984;0;0;0;0;0;0;0;0;0;0;0;1373;0;0;89;0;80;0;
9739;1340534;1015115776;20713472;1115049984;0;0;0;0;0;0;0;0;0;0;0;1403;0;0;89;0;80;0;
9740;1145428;1015115776;20713472;1115049984;0;0;0;0;0;0;0;0;0;0;0;1403;0;0;89;0;80;0;
9741;4955683;1015115776;20713472;1115049984;0;0;0;0;0;0;0;0;0;0;0;1433;0;0;89;0;80;0;
9742;2751681;1015115776;20713472;1115049984;0;0;0;0;0;0;0;0;0;0;0;1503;0;0;89;0;80;0;
9743;1668078;1015115776;20713472;1115049984;0;0;0;0;0;0;0;0;0;0;0;1453;0;0;89;0;80;0;
9744;2642666;1015115776;20713472;1115049984;0;0;0;0;0;0;0;0;0;0;0;1292;0;0;89;0;80;0;
9745;1746535;1015115776;20713472;1115049984;0;0;0;0;0;0;0;0;0;0;0;1263;0;0;89;0;80;0;
9746;4546236;1015115776;20713472;1115049984;0;0;0;0;0;0;0;0;0;0;0;1413;0;0;89;0;80;0;
9747;3820034;1015115776;20713472;1115049984;0;0;0;0;0;0;0;0;0;0;0;1653;0;0;89;0;80;0;
9748;1141841;1015115776;20713472;1115049984;0;0;0;0;0;0;0;0;0;0;0;1422;0;0;89;0;80;0;
9749;1255073;1015115776;20713472;1115049984;0;0;0;0;0;0;0;0;0;0;0;1453;0;0;89;0;80;0;
9750;2096091;1015115776;20713472;1115049984;0;0;0;0;0;0;0;0;0;0;0;1563;0;0;89;0;80;0;
9751;4576242;1015115776;20713472;1115049984;0;0;0;0;0;0;0;0;0;0;0;1473;0;0;89;0;80;0;
9752;2015349;1015115776;20713472;1115049984;0;0;0;0;0;0;0;0;0;0;0;1523;0;0;89;0;80;0;
9753;2702979;1015115776;20713472;1115049984;0;0;0;0;0;0;0;0;0;0;0;1372;0;0;89;0;80;0;
9754;1861812;1015115776;20713472;1115049984;0;0;0;0;0;0;0;0;0;0;0;1443;0;0;89;0;80;0;
9755;1359650;1015115776;20713472;1115049984;0;0;0;0;0;0;0;0;0;0;0;1513;0;0;89;0;80;0;
9756;4113033;1015115776;20713472;1115049984;0;0;0;0;0;0;0;0;0;0;0;1493;0;0;89;0;80;0;
9757;2229661;1015115776;20713472;1115049984;0;0;0;0;0;0;0;0;0;0;0;44694;0;0;89;0;80;0;
9758;1540609;1015115776;20713472;1115049984;0;0;0;0;0;0;0;0;0;0;0;1362;0;0;89;0;80;0;
9759;2349647;1015115776;20713472;1115049984;0;0;0;0;0;0;0;0;0;0;0;1523;0;0;89;0;80;0;
9760;2365746;1015115776;20713472;1115049984;0;0;0;0;0;0;0;0;0;0;0;1233;0;0;89;0;80;0;
9761;5122848;1015115776;20713472;1115049984;0;0;0;0;0;0;0;0;0;0;0;1372;0;0;89;0;80;0;
9762;2982834;1015115776;20713472;1115049984;0;0;0;0;0;0;0;0;0;0;0;1553;0;0;89;0;80;0;
9763;1496777;1015115776;20713472;1115049984;0;0;0;0;0;0;0;0;0;0;0;1383;0;0;89;0;80;0;
9764;1707392;1015115776;20713472;1115049984;0;0;0;0;0;0;0;0;0;0;0;1553;0;0;89;0;80;0;
9765;1520461;1015115776;20713472;1115049984;0;0;0;0;0;0;0;0;0;0;0;1312;0;0;89;0;80;0;
9766;4730452;1015115776;20713472;1115049984;0;0;0;0;0;0;0;0;0;0;0;1473;0;0;89;0;80;0;
9767;2888086;1015115776;20713472;1115049984;0;0;0;0;0;0;0;0;0;0;0;1853;0;0;89;0;80;0;
9768;1257749;1015115776;20713472;1115049984;0;0;0;0;0;0;0;0;0;0;0;1363;0;0;89;0;80;0;
9769;2043111;1015115776;20713472;1115049984;0;0;0;0;0;0;0;0;0;0;0;1523;0;0;89;0;80;0;
9770;1490836;1015115776;20713472;1115049984;0;0;0;0;0;0;0;0;0;0;0;1653;0;0;89;0;80;0;
9771;4392317;1015115776;20713472;1115049984;0;0;0;0;0;0;0;0;0;0;0;1513;0;0;89;0;80;0;
9772;2191991;1015115776;20713472;1115049984;0;0;0;0;0;0;0;0;0;0;0;1843;0;0;89;0;80;0;
9773;1424321;1015115776;20713472;1115049984;0;0;0;0;0;0;0;0;0;0;0;1403;0;0;89;0;80;0;
9774;1404565;1015115776;20713472;1115049984;0;0;0;0;0;0;0;0;0;0;0;1373;0;0;89;0;80;0;
9775;1553303;1015115776;20713472;1115049984;0;0;0;0;0;0;0;0;0;0;0;1392;0;0;89;0;80;0;
9776;5281835;1015115776;20713472;1115049984;0;0;0;0;0;0;0;0;0;0;0;1362;0;0;89;0;80;0;
9777;1765711;1015115776;20713472;1115049984;0;0;0;0;0;0;0;0;0;0;0;1933;0;0;89;0;80;0;
9778;2276469;1015115776;20713472;1115049984;0;0;0;0;0;0;0;0;0;0;0;1673;0;0;89;0;80;0;
9779;3051283;1015115776;20713472;1115049984;0;0;0;0;0;0;0;0;0;0;0;1523;0;0;89;0;80;0;
9780;2232998;1015115776;20713472;1115049984;0;0;0;0;0;0;0;0;0;0;0;1433;0;0;89;0;80;0;
9781;4583255;1015115776;20713472;1115049984;0;0;0;0;0;0;0;0;0;0;0;1363;0;0;89;0;80;0;
9782;3049509;1015111680;20709376;1115045888;0;0;0;0;0;0;0;0;0;0;0;1603;0;0;89;0;80;0;
9783;1397000;1015111680;20709376;1115045888;0;0;0;0;0;0;0;0;0;0;0;1403;0;0;89;0;80;0;
9784;2017453;1015111680;20709376;1115045888;0;0;0;0;0;0;0;0;0;0;0;1413;0;0;89;0;80;0;
9785;1647289;1015111680;20709376;1115045888;0;0;0;0;0;0;0;0;0;0;0;1533;0;0;89;0;80;0;
9786;4885132;1015111680;20709376;1115045888;0;0;0;0;0;0;0;0;0;0;0;1593;0;0;89;0;80;0;
9787;3186566;1015111680;20713472;1115049984;0;0;0;0;0;0;0;0;0;0;0;1663;0;0;89;0;80;0;
9788;1963062;1015111680;20713472;1115049984;0;0;0;0;0;0;0;0;0;0;0;1433;0;0;89;0;80;0;
9789;1983891;1015111680;20713472;1115049984;0;0;0;0;0;0;0;0;0;0;0;1542;0;0;89;0;80;0;
9790;1831155;1015111680;20713472;1115049984;0;0;0;0;0;0;0;0;0;0;0;2194;0;0;89;0;80;0;
9791;5231380;1015111680;20713472;1115049984;0;0;0;0;0;0;0;0;0;0;0;1393;0;0;89;0;80;0;
9792;3082902;1015111680;20713472;1115049984;0;0;0;0;0;0;0;0;0;0;0;3436;0;0;89;0;80;0;
9793;2602410;1015111680;20713472;1115049984;0;0;0;0;0;0;0;0;0;0;0;1683;0;0;89;0;80;0;
9794;2636595;1015111680;20713472;1115049984;0;0;0;0;0;0;0;0;0;0;0;1874;0;0;89;0;80;0;
9795;1224917;1015111680;20713472;1115049984;0;0;0;0;0;0;0;0;0;0;0;1683;0;0;89;0;80;0;
9796;4160653;1015111680;20713472;1115049984;0;0;0;0;0;0;0;0;0;0;0;1383;0;0;89;0;80;0;
9797;3118959;1015111680;20713472;1115049984;0;0;0;0;0;0;0;0;0;0;0;2695;0;0;89;0;80;0;
9798;1799865;1015111680;20713472;1115049984;0;0;0;0;0;0;0;0;0;0;0;1664;0;0;89;0;80;0;
9799;2979498;1015111680;20713472;1115049984;0;0;0;0;0;0;0;0;0;0;0;1973;0;0;89;0;80;0;
9800;2365366;1015111680;20713472;1115049984;0;0;0;0;0;0;0;0;0;0;0;2394;0;0;89;0;80;0;
9801;4125757;1015111680;20713472;1115049984;0;0;0;0;0;0;0;0;0;0;0;1583;0;0;89;0;80;0;
9802;2889829;1015111680;20713472;1115049984;0;0;0;0;0;0;0;0;0;0;0;3426;0;0;89;0;80;0;
9803;2229752;1015111680;20713472;1115049984;0;0;0;0;0;0;0;0;0;0;0;2054;0;0;89;0;80;0;
9804;1805136;1015111680;20713472;1115049984;0;0;0;0;0;0;0;0;0;0;0;1904;0;0;89;0;80;0;
9805;1253801;1015111680;20713472;1115049984;0;0;0;0;0;0;0;0;0;0;0;1693;0;0;89;0;80;0;
9806;4334128;1015111680;20713472;1115049984;0;0;0;0;0;0;0;0;0;0;0;1353;0;0;89;0;80;0;
9807;2520537;1015111680;20713472;1115049984;0;0;0;0;0;0;0;0;0;0;0;2344;0;0;89;0;80;0;
9808;1554565;1015111680;20713472;1115049984;0;0;0;0;0;0;0;0;0;0;0;1393;0;0;89;0;80;0;
9809;1978170;1015111680;20713472;1115049984;0;0;0;0;0;0;0;0;0;0;0;1523;0;0;89;0;80;0;
9810;1182177;1015111680;20713472;1115049984;0;0;0;0;0;0;0;0;0;0;0;2274;0;0;89;0;80;0;
9811;5233164;1015111680;20713472;1115049984;0;0;0;0;0;0;0;0;0;0;0;1503;0;0;89;0;80;0;
9812;3360523;1015111680;20713472;1115049984;0;0;0;0;0;0;0;0;0;0;0;2575;0;0;89;0;80;0;
9813;3056141;1015111680;20713472;1115049984;0;0;0;0;0;0;0;0;0;0;0;2404;0;0;89;0;80;0;
9814;2712136;1015111680;20713472;1115049984;0;0;0;0;0;0;0;0;0;0;0;2063;0;0;89;0;80;0;
9815;1480367;1015111680;20713472;1115049984;0;0;0;0;0;0;0;0;0;0;0;1894;0;0;89;0;80;0;
9816;4656523;1015111680;20713472;1115049984;0;0;0;0;0;0;0;0;0;0;0;1532;0;0;89;0;80;0;
9817;3174614;1015111680;20713472;1115049984;0;0;0;0;0;0;0;0;0;0;0;2665;0;0;89;0;80;0;
9818;2088476;1015111680;20713472;1115049984;0;0;0;0;0;0;0;0;0;0;0;1663;0;0;89;0;80;0;
9819;2006102;1015111680;20713472;1115049984;0;0;0;0;0;0;0;0;0;0;0;1904;0;0;89;0;80;0;
9820;2390633;1015111680;20713472;1115049984;0;0;0;0;0;0;0;0;0;0;0;1733;0;0;89;0;80;0;
9821;5510324;1015111680;20713472;1115049984;0;0;0;0;0;0;0;0;0;0;0;2044;0;0;89;0;80;0;
9822;7105926;1015111680;20713472;1115049984;0;0;0;0;0;0;0;0;0;0;0;5761;0;0;89;0;80;0;
9823;2285005;1015111680;20713472;1115049984;0;0;0;0;0;0;0;0;0;0;0;1373;0;0;89;0;80;0;
9824;2057028;1015111680;20713472;1115049984;0;0;0;0;0;0;0;0;0;0;0;1402;0;0;89;0;80;0;
9825;2344026;1015111680;20713472;1115049984;0;0;0;0;0;0;0;0;0;0;0;3807;0;0;89;0;80;0;
9826;5763419;1015111680;20713472;1115049984;0;0;0;0;0;0;0;0;0;0;0;1513;0;0;89;0;80;0;
9827;5962953;1015111680;20713472;1115049984;0;0;0;0;0;0;0;0;0;0;0;6662;0;0;89;0;80;0;
9828;1765611;1015111680;20713472;1115049984;0;0;0;0;0;0;0;0;0;0;0;1623;0;0;89;0;80;0;
9829;2322546;1015111680;20713472;1115049984;0;0;0;0;0;0;0;0;0;0;0;1623;0;0;89;0;80;0;
9830;2987002;1015111680;20713472;1115049984;0;0;0;0;0;0;0;0;0;0;0;3056;0;0;89;0;80;0;
9831;5797443;1015111680;20713472;1115049984;0;0;0;0;0;0;0;0;0;0;0;1503;0;0;89;0;80;0;
9832;6227389;1015111680;20713472;1115049984;0;0;0;0;0;0;0;0;0;0;0;5541;0;0;89;0;80;0;
9833;2885822;1015111680;20713472;1115049984;0;0;0;0;0;0;0;0;0;0;0;1583;0;0;89;0;80;0;
9834;3673579;1015111680;20713472;1115049984;0;0;0;0;0;0;0;0;0;0;0;1523;0;0;89;0;80;0;
9835;2915077;1015111680;20713472;1115049984;0;0;0;0;0;0;0;0;0;0;0;3357;0;0;89;0;80;0;
9836;5765072;1015111680;20713472;1115049984;0;0;0;0;0;0;0;0;0;0;0;1513;0;0;89;0;80;0;
9837;7538367;1015111680;20713472;1115049984;0;0;0;0;0;0;0;0;0;0;0;5360;0;0;89;0;80;0;
9838;2989907;1015111680;20713472;1115049984;0;0;0;0;0;0;0;0;0;0;0;1563;0;0;89;0;80;0;
9839;3388455;1015111680;20713472;1115049984;0;0;0;0;0;0;0;0;0;0;0;1733;0;0;89;0;80;0;
9840;1948013;1015111680;20713472;1115049984;0;0;0;0;0;0;0;0;0;0;0;2053;0;0;89;0;80;0;
9841;5128267;1015111680;20713472;1115049984;0;0;0;0;0;0;0;0;0;0;0;1192;0;0;89;0;80;0;
9842;4663416;1015111680;20713472;1115049984;0;0;0;0;0;0;0;0;0;0;0;3166;0;0;89;0;80;0;
9843;2567815;1015111680;20713472;1115049984;0;0;0;0;0;0;0;0;0;0;0;2084;0;0;89;0;80;0;
9844;3971408;1015111680;20713472;1115049984;0;0;0;0;0;0;0;0;0;0;0;1763;0;0;89;0;80;0;
9845;2123623;1015111680;20713472;1115049984;0;0;0;0;0;0;0;0;0;0;0;2886;0;0;89;0;80;0;
9846;5433690;1015111680;20713472;1115049984;0;0;0;0;0;0;0;0;0;0;0;2775;0;0;89;0;80;0;
9847;3657659;1015111680;20713472;1115049984;0;0;0;0;0;0;0;0;0;0;0;3026;0;0;89;0;80;0;
9848;3201424;1015111680;20713472;1115049984;0;0;0;0;0;0;0;0;0;0;0;2484;0;0;89;0;80;0;
9849;2257403;1015111680;20713472;1115049984;0;0;0;0;0;0;0;0;0;0;0;1823;0;0;89;0;80;0;
9850;1494833;1015111680;20713472;1115049984;0;0;0;0;0;0;0;0;0;0;0;1553;0;0;89;0;80;0;
9851;5644505;1015111680;20713472;1115049984;0;0;0;0;0;0;0;0;0;0;0;1894;0;0;89;0;80;0;
9852;3131503;1015111680;20713472;1115049984;0;0;0;0;0;0;0;0;0;0;0;2504;0;0;89;0;80;0;
9853;2929885;1015111680;20713472;1115049984;0;0;0;0;0;0;0;0;0;0;0;2434;0;0;89;0;80;0;
9854;2609323;1015111680;20713472;1115049984;0;0;0;0;0;0;0;0;0;0;0;2826;0;0;89;0;80;0;
9855;1435562;1015111680;20713472;1115049984;0;0;0;0;0;0;0;0;0;0;0;2405;0;0;89;0;80;0;
9856;4998995;1015111680;20713472;1115049984;0;0;0;0;0;0;0;0;0;0;0;1413;0;0;89;0;80;0;
9857;4275348;1015111680;20713472;1115049984;0;0;0;0;0;0;0;0;0;0;0;2745;0;0;89;0;80;0;
9858;2349446;1015111680;20713472;1115049984;0;0;0;0;0;0;0;0;0;0;0;2755;0;0;89;0;80;0;
9859;3605632;1015111680;20713472;1115049984;0;0;0;0;0;0;0;0;0;0;0;2124;0;0;89;0;80;0;
9860;1893621;1015111680;20713472;1115049984;0;0;0;0;0;0;0;0;0;0;0;1924;0;0;89;0;80;0;
9861;5043659;1015111680;20713472;1115049984;0;0;0;0;0;0;0;0;0;0;0;1683;0;0;89;0;80;0;
9862;4103956;1015111680;20713472;1115049984;0;0;0;0;0;0;0;0;0;0;0;2534;0;0;89;0;80;0;
9863;2171713;1015111680;20713472;1115049984;0;0;0;0;0;0;0;0;0;0;0;2394;0;0;89;0;80;0;
9864;3691413;1015111680;20713472;1115049984;0;0;0;0;0;0;0;0;0;0;0;2494;0;0;89;0;80;0;
9865;2618250;1015111680;20713472;1115049984;0;0;0;0;0;0;0;0;0;0;0;2354;0;0;89;0;80;0;
9866;4291378;1015111680;20713472;1115049984;0;0;0;0;0;0;0;0;0;0;0;1573;0;0;89;0;80;0;
9867;3949187;1015111680;20713472;1115049984;0;0;0;0;0;0;0;0;0;0;0;2695;0;0;89;0;80;0;
9868;2373331;1015111680;20713472;1115049984;0;0;0;0;0;0;0;0;0;0;0;2976;0;0;89;0;80;0;
9869;3381983;1015111680;20713472;1115049984;0;0;0;0;0;0;0;0;0;0;0;2735;0;0;89;0;80;0;
9870;2407324;1015111680;20713472;1115049984;0;0;0;0;0;0;0;0;0;0;0;2635;0;0;89;0;80;0;
9871;5017159;1015111680;20713472;1115049984;0;0;0;0;0;0;0;0;0;0;0;1463;0;0;89;0;80;0;
9872;4002516;1015111680;20713472;1115049984;0;0;0;0;0;0;0;0;0;0;0;1733;0;0;89;0;80;0;
9873;1622042;1015111680;20713472;1115049984;0;0;0;0;0;0;0;0;0;0;0;1713;0;0;89;0;80;0;
9874;2670358;1015111680;20713472;1115049984;0;0;0;0;0;0;0;0;0;0;0;1393;0;0;89;0;80;0;
9875;2630503;1015111680;20713472;1115049984;0;0;0;0;0;0;0;0;0;0;0;1643;0;0;89;0;80;0;
9876;5168523;1015111680;20713472;1115049984;0;0;0;0;0;0;0;0;0;0;0;1533;0;0;89;0;80;0;
9877;2996249;1015111680;20713472;1115049984;0;0;0;0;0;0;0;0;0;0;0;1964;0;0;89;0;80;0;
9878;1864687;1015111680;20713472;1115049984;0;0;0;0;0;0;0;0;0;0;0;1573;0;0;89;0;80;0;
9879;1877090;1015111680;20713472;1115049984;0;0;0;0;0;0;0;0;0;0;0;1623;0;0;89;0;80;0;
9880;1290380;1015111680;20713472;1115049984;0;0;0;0;0;0;0;0;0;0;0;1403;0;0;89;0;80;0;
9881;4471796;1015111680;20713472;1115049984;0;0;0;0;0;0;0;0;0;0;0;1492;0;0;89;0;80;0;
9882;3000597;1015111680;20713472;1115049984;0;0;0;0;0;0;0;0;0;0;0;1944;0;0;89;0;80;0;
9883;1911144;1015111680;20713472;1115049984;0;0;0;0;0;0;0;0;0;0;0;1403;0;0;89;0;80;0;
9884;1717421;1015111680;20713472;1115049984;0;0;0;0;0;0;0;0;0;0;0;1453;0;0;89;0;80;0;
9885;1546520;1015111680;20713472;1115049984;0;0;0;0;0;0;0;0;0;0;0;1614;0;0;89;0;80;0;
9886;5069006;1015111680;20713472;1115049984;0;0;0;0;0;0;0;0;0;0;0;1442;0;0;89;0;80;0;
9887;2007084;1015111680;20713472;1115049984;0;0;0;0;0;0;0;0;0;0;0;1893;0;0;89;0;80;0;
9888;1913929;1015111680;20713472;1115049984;0;0;0;0;0;0;0;0;0;0;0;1453;0;0;89;0;80;0;
9889;1749130;1015111680;20713472;1115049984;0;0;0;0;0;0;0;0;0;0;0;1363;0;0;89;0;80;0;
9890;1349381;1015111680;20713472;1115049984;0;0;0;0;0;0;0;0;0;0;0;1382;0;0;89;0;80;0;
9891;5030925;1015111680;20713472;1115049984;0;0;0;0;0;0;0;0;0;0;0;1483;0;0;89;0;80;0;
9892;2377438;1015111680;20713472;1115049984;0;0;0;0;0;0;0;0;0;0;0;1753;0;0;89;0;80;0;
9893;1788594;1015111680;20713472;1115049984;0;0;0;0;0;0;0;0;0;0;0;1353;0;0;89;0;80;0;
9894;1757256;1015111680;20713472;1115049984;0;0;0;0;0;0;0;0;0;0;0;1523;0;0;89;0;80;0;
9895;1339041;1015111680;20713472;1115049984;0;0;0;0;0;0;0;0;0;0;0;1412;0;0;89;0;80;0;
9896;5831487;1015111680;20713472;1115049984;0;0;0;0;0;0;0;0;0;0;0;1513;0;0;89;0;80;0;
9897;2939182;1015111680;20709376;1115045888;0;0;0;0;0;0;0;0;0;0;0;2234;0;0;89;0;80;0;
9898;1937353;1015111680;20709376;1115045888;0;0;0;0;0;0;0;0;0;0;0;1553;0;0;89;0;80;0;
9899;1814753;1015111680;20709376;1115045888;0;0;0;0;0;0;0;0;0;0;0;1553;0;0;89;0;80;0;
9900;1986145;1015111680;20709376;1115045888;0;0;0;0;0;0;0;0;0;0;0;1613;0;0;89;0;80;0;
9901;4547298;1015111680;20709376;1115045888;0;0;0;0;0;0;0;0;0;0;0;1423;0;0;89;0;80;0;
9902;2932239;1015111680;20713472;1115049984;0;0;0;0;0;0;0;0;0;0;0;1763;0;0;89;0;80;0;
9903;1854097;1015111680;20713472;1115049984;0;0;0;0;0;0;0;0;0;0;0;1212;0;0;89;0;80;0;
9904;2192361;1015111680;20713472;1115049984;0;0;0;0;0;0;0;0;0;0;0;1393;0;0;89;0;80;0;
9905;1601153;1015111680;20713472;1115049984;0;0;0;0;0;0;0;0;0;0;0;1383;0;0;89;0;80;0;
9906;5027328;1015111680;20713472;1115049984;0;0;0;0;0;0;0;0;0;0;0;1412;0;0;89;0;80;0;
9907;2504788;1015111680;20713472;1115049984;0;0;0;0;0;0;0;0;0;0;0;1723;0;0;89;0;80;0;
9908;1695740;1015111680;20713472;1115049984;0;0;0;0;0;0;0;0;0;0;0;1332;0;0;89;0;80;0;
9909;2312216;1015111680;20713472;1115049984;0;0;0;0;0;0;0;0;0;0;0;1573;0;0;89;0;80;0;
9910;2155733;1015111680;20713472;1115049984;0;0;0;0;0;0;0;0;0;0;0;1393;0;0;89;0;80;0;
9911;4913314;1015111680;20713472;1115049984;0;0;0;0;0;0;0;0;0;0;0;1533;0;0;89;0;80;0;
9912;2657825;1015111680;20713472;1115049984;0;0;0;0;0;0;0;0;0;0;0;1553;0;0;89;0;80;0;
9913;1056651;1015111680;20713472;1115049984;0;0;0;0;0;0;0;0;0;0;0;1372;0;0;89;0;80;0;
9914;1543444;1015111680;20713472;1115049984;0;0;0;0;0;0;0;0;0;0;0;1333;0;0;89;0;80;0;
9915;1063745;1015111680;20713472;1115049984;0;0;0;0;0;0;0;0;0;0;0;1212;0;0;89;0;80;0;
9916;5489835;1015111680;20713472;1115049984;0;0;0;0;0;0;0;0;0;0;0;1392;0;0;89;0;80;0;
9917;2104537;1015111680;20713472;1115049984;0;0;0;0;0;0;0;0;0;0;0;1753;0;0;89;0;80;0;
9918;1792492;1015111680;20713472;1115049984;0;0;0;0;0;0;0;0;0;0;0;1413;0;0;89;0;80;0;
9919;1700099;1015111680;20713472;1115049984;0;0;0;0;0;0;0;0;0;0;0;1383;0;0;89;0;80;0;
9920;1689879;1015111680;20713472;1115049984;0;0;0;0;0;0;0;0;0;0;0;1533;0;0;89;0;80;0;
9921;4716305;1015111680;20713472;1115049984;0;0;0;0;0;0;0;0;0;0;0;1433;0;0;89;0;80;0;
9922;2954200;1015111680;20713472;1115049984;0;0;0;0;0;0;0;0;0;0;0;2184;0;0;89;0;80;0;
9923;1568661;1015111680;20713472;1115049984;0;0;0;0;0;0;0;0;0;0;0;1372;0;0;89;0;80;0;
9924;1939547;1015111680;20713472;1115049984;0;0;0;0;0;0;0;0;0;0;0;1383;0;0;89;0;80;0;
9925;1458705;1015111680;20713472;1115049984;0;0;0;0;0;0;0;0;0;0;0;1793;0;0;89;0;80;0;
9926;4662454;1015111680;20713472;1115049984;0;0;0;0;0;0;0;0;0;0;0;1472;0;0;89;0;80;0;
9927;2673524;1015111680;20713472;1115049984;0;0;0;0;0;0;0;0;0;0;0;1814;0;0;89;0;80;0;
9928;1867943;1015111680;20713472;1115049984;0;0;0;0;0;0;0;0;0;0;0;1403;0;0;89;0;80;0;
9929;2135295;1015111680;20713472;1115049984;0;0;0;0;0;0;0;0;0;0;0;1353;0;0;89;0;80;0;
9930;1598167;1015111680;20713472;1115049984;0;0;0;0;0;0;0;0;0;0;0;1462;0;0;89;0;80;0;
9931;4575491;1015111680;20713472;1115049984;0;0;0;0;0;0;0;0;0;0;0;1382;0;0;89;0;80;0;
9932;2195407;1015111680;20713472;1115049984;0;0;0;0;0;0;0;0;0;0;0;1503;0;0;89;0;80;0;
9933;1455229;1015111680;20713472;1115049984;0;0;0;0;0;0;0;0;0;0;0;1333;0;0;89;0;80;0;
9934;1809955;1015111680;20713472;1115049984;0;0;0;0;0;0;0;0;0;0;0;1383;0;0;89;0;80;0;
9935;1729273;1015111680;20713472;1115049984;0;0;0;0;0;0;0;0;0;0;0;1373;0;0;89;0;80;0;
9936;5052555;1015111680;20713472;1115049984;0;0;0;0;0;0;0;0;0;0;0;1262;0;0;89;0;80;0;
9937;2278573;1015111680;20713472;1115049984;0;0;0;0;0;0;0;0;0;0;0;1884;0;0;89;0;80;0;
9938;2371638;1015111680;20713472;1115049984;0;0;0;0;0;0;0;0;0;0;0;3156;0;0;89;0;80;0;
9939;2265929;1015111680;20713472;1115049984;0;0;0;0;0;0;0;0;0;0;0;1452;0;0;89;0;80;0;
9940;1802911;1015111680;20713472;1115049984;0;0;0;0;0;0;0;0;0;0;0;2024;0;0;89;0;80;0;
9941;4988656;1015111680;20713472;1115049984;0;0;0;0;0;0;0;0;0;0;0;2004;0;0;89;0;80;0;
9942;3901618;1015111680;20713472;1115049984;0;0;0;0;0;0;0;0;0;0;0;3657;0;0;89;0;80;0;
9943;2608752;1015111680;20713472;1115049984;0;0;0;0;0;0;0;0;0;0;0;2886;0;0;89;0;80;0;
9944;2666410;1015111680;20713472;1115049984;0;0;0;0;0;0;0;0;0;0;0;2405;0;0;89;0;80;0;
9945;1917526;1015111680;20713472;1115049984;0;0;0;0;0;0;0;0;0;0;0;2425;0;0;89;0;80;0;
9946;4947959;1015111680;20713472;1115049984;0;0;0;0;0;0;0;0;0;0;0;2245;0;0;89;0;80;0;
9947;3924399;1015111680;20713472;1115049984;0;0;0;0;0;0;0;0;0;0;0;3426;0;0;89;0;80;0;
9948;2364734;1015111680;20713472;1115049984;0;0;0;0;0;0;0;0;0;0;0;2565;0;0;89;0;80;0;
9949;1830643;1015111680;20713472;1115049984;0;0;0;0;0;0;0;0;0;0;0;1372;0;0;89;0;80;0;
9950;1572158;1015111680;20713472;1115049984;0;0;0;0;0;0;0;0;0;0;0;1532;0;0;89;0;80;0;
9951;4903306;1015111680;20713472;1115049984;0;0;0;0;0;0;0;0;0;0;0;1373;0;0;89;0;80;0;
9952;3396419;1015111680;20713472;1115049984;0;0;0;0;0;0;0;0;0;0;0;2084;0;0;89;0;80;0;
9953;1594751;1015111680;20713472;1115049984;0;0;0;0;0;0;0;0;0;0;0;1403;0;0;89;0;80;0;
9954;3407170;1015111680;20713472;1115049984;0;0;0;0;0;0;0;0;0;0;0;1422;0;0;89;0;80;0;
9955;1508399;1015111680;20713472;1115049984;0;0;0;0;0;0;0;0;0;0;0;1683;0;0;89;0;80;0;
9956;4575291;1015111680;20713472;1115049984;0;0;0;0;0;0;0;0;0;0;0;1733;0;0;89;0;80;0;
9957;5000407;1015111680;20713472;1115049984;0;0;0;0;0;0;0;0;0;0;0;1904;0;0;89;0;80;0;
9958;1561578;1015111680;20713472;1115049984;0;0;0;0;0;0;0;0;0;0;0;1453;0;0;89;0;80;0;
9959;7821419;1015111680;20713472;1115049984;0;0;0;0;0;0;0;0;0;0;0;1313;0;0;89;0;80;0;
9960;1102648;1015111680;20713472;1115049984;0;0;0;0;0;0;0;0;0;0;0;1432;0;0;89;0;80;0;
9961;4600588;1015111680;20713472;1115049984;0;0;0;0;0;0;0;0;0;0;0;1864;0;0;89;0;80;0;
9962;3281203;1015111680;20713472;1115049984;0;0;0;0;0;0;0;0;0;0;0;1393;0;0;89;0;80;0;
9963;2844354;1015111680;20713472;1115049984;0;0;0;0;0;0;0;0;0;0;0;1353;0;0;89;0;80;0;
9964;2061556;1015111680;20713472;1115049984;0;0;0;0;0;0;0;0;0;0;0;1393;0;0;89;0;80;0;
9965;2063430;1015111680;20713472;1115049984;0;0;0;0;0;0;0;0;0;0;0;1634;0;0;89;0;80;0;
9966;4886253;1015111680;20713472;1115049984;0;0;0;0;0;0;0;0;0;0;0;1392;0;0;89;0;80;0;
9967;3062734;1015111680;20713472;1115049984;0;0;0;0;0;0;0;0;0;0;0;1743;0;0;89;0;80;0;
9968;1835753;1015111680;20713472;1115049984;0;0;0;0;0;0;0;0;0;0;0;1393;0;0;89;0;80;0;
9969;2695355;1015111680;20713472;1115049984;0;0;0;0;0;0;0;0;0;0;0;1593;0;0;89;0;80;0;
9970;2008707;1015111680;20713472;1115049984;0;0;0;0;0;0;0;0;0;0;0;1443;0;0;89;0;80;0;
9971;5045963;1015111680;20713472;1115049984;0;0;0;0;0;0;0;0;0;0;0;1403;0;0;89;0;80;0;
9972;2331593;1015111680;20713472;1115049984;0;0;0;0;0;0;0;0;0;0;0;2094;0;0;89;0;80;0;
9973;1724134;1015111680;20713472;1115049984;0;0;0;0;0;0;0;0;0;0;0;1412;0;0;89;0;80;0;
9974;1913408;1015111680;20713472;1115049984;0;0;0;0;0;0;0;0;0;0;0;1553;0;0;89;0;80;0;
9975;2036830;1015111680;20713472;1115049984;0;0;0;0;0;0;0;0;0;0;0;1463;0;0;89;0;80;0;
9976;4956846;1015111680;20713472;1115049984;0;0;0;0;0;0;0;0;0;0;0;1422;0;0;89;0;80;0;
9977;2084539;1015111680;20713472;1115049984;0;0;0;0;0;0;0;0;0;0;0;1483;0;0;89;0;80;0;
9978;1894012;1015111680;20713472;1115049984;0;0;0;0;0;0;0;0;0;0;0;1402;0;0;89;0;80;0;
9979;2415991;1015111680;20713472;1115049984;0;0;0;0;0;0;0;0;0;0;0;1483;0;0;89;0;80;0;
9980;2292389;1015111680;20713472;1115049984;0;0;0;0;0;0;0;0;0;0;0;1563;0;0;89;0;80;0;
9981;5058387;1015111680;20713472;1115049984;0;0;0;0;0;0;0;0;0;0;0;1623;0;0;89;0;80;0;
9982;2868099;1015111680;20713472;1115049984;0;0;0;0;0;0;0;0;0;0;0;2014;0;0;89;0;80;0;
9983;2308319;1015111680;20713472;1115049984;0;0;0;0;0;0;0;0;0;0;0;1923;0;0;89;0;80;0;
9984;2408257;1015111680;20713472;1115049984;0;0;0;0;0;0;0;0;0;0;0;1883;0;0;89;0;80;0;
9985;1628915;1015111680;20713472;1115049984;0;0;0;0;0;0;0;0;0;0;0;1733;0;0;89;0;80;0;
9986;4761229;1015111680;20717568;1115054080;0;0;0;0;0;0;0;0;0;0;0;1763;0;0;89;0;80;0;
9987;2429236;1015111680;20725760;1115062272;0;0;0;0;0;0;0;0;0;0;0;1452;0;0;89;0;80;0;
9988;1467252;1015111680;20725760;1115062272;0;0;0;0;0;0;0;0;0;0;0;1423;0;0;89;0;80;0;
9989;2655470;1015111680;20725760;1115062272;0;0;0;0;0;0;0;0;0;0;0;1492;0;0;89;0;80;0;
9990;1401388;1015111680;20725760;1115062272;0;0;0;0;0;0;0;0;0;0;0;1483;0;0;89;0;80;0;
9991;5447035;1015111680;20725760;1115062272;0;0;0;0;0;0;0;0;0;0;0;1743;0;0;89;0;80;0;
9992;2624633;1015111680;20725760;1115062272;0;0;0;0;0;0;0;0;0;0;0;1583;0;0;89;0;80;0;
9993;2238739;1015111680;20725760;1115062272;0;0;0;0;0;0;0;0;0;0;0;1442;0;0;89;0;80;0;
9994;2882215;1015111680;20725760;1115062272;0;0;0;0;0;0;0;0;0;0;0;1432;0;0;89;0;80;0;
9995;1773957;1015111680;20725760;1115062272;0;0;0;0;0;0;0;0;0;0;0;1513;0;0;89;0;80;0;
9996;5050982;1015111680;20725760;1115062272;0;0;0;0;0;0;0;0;0;0;0;1223;0;0;89;0;80;0;
9997;2368812;1015119872;20717568;1115054080;0;0;0;0;0;0;0;0;0;0;0;1633;0;0;89;0;80;0;
9998;1350943;1015119872;20717568;1115054080;0;0;0;0;0;0;0;0;0;0;0;1373;0;0;89;0;80;0;
9999;2806283;1015119872;20717568;1115054080;0;0;0;0;0;0;0;0;0;0;0;1423;0;0;89;0;80;0;
10000;1469957;1015119872;20717568;1115054080;0;0;0;0;0;0;0;0;0;0;0;1232;0;0;89;0;80;0;
10001;5142043;1015119872;20717568;1115054080;0;0;0;0;0;0;0;0;0;0;0;1263;0;0;89;0;80;0;
10002;3200302;1015115776;20713472;1115049984;0;0;0;0;0;0;0;0;0;0;0;1713;0;0;89;0;80;0;
10003;2111600;1015115776;20713472;1115049984;0;0;0;0;0;0;0;0;0;0;0;1483;0;0;89;0;80;0;
10004;2760136;1015115776;20713472;1115049984;0;0;0;0;0;0;0;0;0;0;0;1413;0;0;89;0;80;0;
10005;1642290;1015115776;20713472;1115049984;0;0;0;0;0;0;0;0;0;0;0;1192;0;0;89;0;80;0;
10006;4964040;1015115776;20713472;1115049984;0;0;0;0;0;0;0;0;0;0;0;1422;0;0;89;0;80;0;
10007;3179293;1015115776;20713472;1115049984;0;0;0;0;0;0;0;0;0;0;0;1914;0;0;89;0;80;0;
10008;1849628;1015115776;20713472;1115049984;0;0;0;0;0;0;0;0;0;0;0;1463;0;0;89;0;80;0;
10009;2924033;1015115776;20713472;1115049984;0;0;0;0;0;0;0;0;0;0;0;1483;0;0;89;0;80;0;
10010;2014338;1015115776;20713472;1115049984;0;0;0;0;0;0;0;0;0;0;0;1453;0;0;89;0;80;0;
10011;5600894;1015115776;20713472;1115049984;0;0;0;0;0;0;0;0;0;0;0;1473;0;0;89;0;80;0;
10012;2600116;1015115776;20713472;1115049984;0;0;0;0;0;0;0;0;0;0;0;1523;0;0;89;0;80;0;
10013;2005060;1015115776;20713472;1115049984;0;0;0;0;0;0;0;0;0;0;0;1512;0;0;89;0;80;0;
10014;2274355;1015115776;20713472;1115049984;0;0;0;0;0;0;0;0;0;0;0;1413;0;0;89;0;80;0;
10015;2331913;1015115776;20713472;1115049984;0;0;0;0;0;0;0;0;0;0;0;1523;0;0;89;0;80;0;
10016;5480749;1015115776;20713472;1115049984;0;0;0;0;0;0;0;0;0;0;0;1463;0;0;89;0;80;0;
10017;2941606;1015115776;20713472;1115049984;0;0;0;0;0;0;0;0;0;0;0;1372;0;0;89;0;80;0;
10018;1817459;1015115776;20713472;1115049984;0;0;0;0;0;0;0;0;0;0;0;1814;0;0;89;0;80;0;
10019;2835257;1015115776;20713472;1115049984;0;0;0;0;0;0;0;0;0;0;0;1403;0;0;89;0;80;0;
10020;1491177;1015115776;20713472;1115049984;0;0;0;0;0;0;0;0;0;0;0;1433;0;0;89;0;80;0;
10021;6344709;1015115776;20713472;1115049984;0;0;0;0;0;0;0;0;0;0;0;1824;0;0;89;0;80;0;
10022;3945078;1015115776;20713472;1115049984;0;0;0;0;0;0;0;0;0;0;0;1693;0;0;89;0;80;0;
10023;2414668;1015115776;20713472;1115049984;0;0;0;0;0;0;0;0;0;0;0;1453;0;0;89;0;80;0;
10024;3048938;1015115776;20713472;1115049984;0;0;0;0;0;0;0;0;0;0;0;1433;0;0;89;0;80;0;
10025;2611567;1015115776;20713472;1115049984;0;0;0;0;0;0;0;0;0;0;0;1452;0;0;89;0;80;0;
10026;5365582;1015115776;20713472;1115049984;0;0;0;0;0;0;0;0;0;0;0;1443;0;0;89;0;80;0;
10027;3316169;1015115776;20713472;1115049984;0;0;0;0;0;0;0;0;0;0;0;1503;0;0;89;0;80;0;
10028;2460765;1015115776;20713472;1115049984;0;0;0;0;0;0;0;0;0;0;0;1423;0;0;89;0;80;0;
10029;2997501;1015115776;20713472;1115049984;0;0;0;0;0;0;0;0;0;0;0;1423;0;0;89;0;80;0;
10030;2150022;1015115776;20713472;1115049984;0;0;0;0;0;0;0;0;0;0;0;1412;0;0;89;0;80;0;
10031;4857299;1015115776;20713472;1115049984;0;0;0;0;0;0;0;0;0;0;0;1403;0;0;89;0;80;0;
10032;3310078;1015115776;20713472;1115049984;0;0;0;0;0;0;0;0;0;0;0;1983;0;0;89;0;80;0;
10033;2408246;1015115776;20713472;1115049984;0;0;0;0;0;0;0;0;0;0;0;1563;0;0;89;0;80;0;
10034;2761779;1015115776;20713472;1115049984;0;0;0;0;0;0;0;0;0;0;0;1623;0;0;89;0;80;0;
10035;5450292;1015115776;20713472;1115049984;0;0;0;0;0;0;0;0;0;0;0;1443;0;0;89;0;80;0;
10036;3215530;1015115776;20713472;1115049984;0;0;0;0;0;0;0;0;0;0;0;1553;0;0;89;0;80;0;
10037;2111200;1015115776;20713472;1115049984;0;0;0;0;0;0;0;0;0;0;0;1473;0;0;89;0;80;0;
10038;2581771;1015115776;20713472;1115049984;0;0;0;0;0;0;0;0;0;0;0;1533;0;0;89;0;80;0;
10039;4482456;1015115776;20713472;1115049984;0;0;0;0;0;0;0;0;0;0;0;1433;0;0;89;0;80;0;
10040;2970440;1015111680;20709376;1115045888;0;0;0;0;0;0;0;0;0;0;0;1443;0;0;89;0;80;0;
10041;2029687;1015111680;20709376;1115045888;0;0;0;0;0;0;0;0;0;0;0;1503;0;0;89;0;80;0;
10042;1950017;1015111680;20709376;1115045888;0;0;0;0;0;0;0;0;0;0;0;1452;0;0;89;0;80;0;
10043;4379833;1015111680;20709376;1115045888;0;0;0;0;0;0;0;0;0;0;0;1483;0;0;89;0;80;0;
10044;2547227;1015111680;20709376;1115045888;0;0;0;0;0;0;0;0;0;0;0;1864;0;0;89;0;80;0;
10045;2411874;1015111680;20709376;1115045888;0;0;0;0;0;0;0;0;0;0;0;1874;0;0;89;0;80;0;
10046;3279360;1015111680;20709376;1115045888;0;0;0;0;0;0;0;0;0;0;0;1753;0;0;89;0;80;0;
10047;6268115;1015111680;20709376;1115045888;0;0;0;0;0;0;0;0;0;0;0;1543;0;0;89;0;80;0;
10048;3083313;1015111680;20709376;1115045888;0;0;0;0;0;0;0;0;0;0;0;2405;0;0;89;0;80;0;
10049;2927500;1015111680;20709376;1115045888;0;0;0;0;0;0;0;0;0;0;0;1864;0;0;89;0;80;0;
10050;3330877;1015111680;20709376;1115045888;0;0;0;0;0;0;0;0;0;0;0;1963;0;0;89;0;80;0;
10051;5571288;1015111680;20709376;1115045888;0;0;0;0;0;0;0;0;0;0;0;1763;0;0;89;0;80;0;
10052;3473254;1015111680;20709376;1115045888;0;0;0;0;0;0;0;0;0;0;0;2184;0;0;89;0;80;0;
10053;2983906;1015111680;20709376;1115045888;0;0;0;0;0;0;0;0;0;0;0;1844;0;0;89;0;80;0;
10054;2537229;1015111680;20709376;1115045888;0;0;0;0;0;0;0;0;0;0;0;1813;0;0;89;0;80;0;
10055;5572611;1015111680;20709376;1115045888;0;0;0;0;0;0;0;0;0;0;0;1773;0;0;89;0;80;0;
10056;2785544;1015111680;20709376;1115045888;0;0;0;0;0;0;0;0;0;0;0;1533;0;0;89;0;80;0;
10057;2651021;1015111680;20709376;1115045888;0;0;0;0;0;0;0;0;0;0;0;1462;0;0;89;0;80;0;
10058;2460144;1015111680;20709376;1115045888;0;0;0;0;0;0;0;0;0;0;0;1463;0;0;89;0;80;0;
10059;5621152;1015111680;20709376;1115045888;0;0;0;0;0;0;0;0;0;0;0;1573;0;0;89;0;80;0;
10060;2753775;1015111680;20713472;1115049984;0;0;0;0;0;0;0;0;0;0;0;1754;0;0;89;0;80;0;
10061;3223876;1015111680;20713472;1115049984;0;0;0;0;0;0;0;0;0;0;0;1493;0;0;89;0;80;0;
10062;2127509;1015111680;20713472;1115049984;0;0;0;0;0;0;0;0;0;0;0;1542;0;0;89;0;80;0;
10063;5617876;1015111680;20713472;1115049984;0;0;0;0;0;0;0;0;0;0;0;1473;0;0;89;0;80;0;
10064;2849493;1015111680;20713472;1115049984;0;0;0;0;0;0;0;0;0;0;0;1613;0;0;89;0;80;0;
10065;5439752;1015111680;20713472;1115049984;0;0;0;0;0;0;0;0;0;0;0;1503;0;0;89;0;80;0;
10066;3031565;1015111680;20713472;1115049984;0;0;0;0;0;0;0;0;0;0;0;2144;0;0;89;0;80;0;
10067;4592092;1015111680;20713472;1115049984;0;0;0;0;0;0;0;0;0;0;0;1653;0;0;89;0;80;0;
10068;3148264;1015111680;20713472;1115049984;0;0;0;0;0;0;0;0;0;0;0;2134;0;0;89;0;80;0;
10069;5551291;1015111680;20713472;1115049984;0;0;0;0;0;0;0;0;0;0;0;1944;0;0;89;0;80;0;
10070;4925457;1008607232;14204928;1108541440;0;0;0;0;0;0;0;0;0;0;0;2374;0;0;89;0;80;0;
10071;5980215;1008607232;14204928;1108541440;0;0;0;0;0;0;0;0;0;0;0;1572;0;0;89;0;80;0;
10072;3145920;1008607232;14204928;1108541440;0;0;0;0;0;0;0;0;0;0;0;2004;0;0;89;0;80;0;
10073;6004240;1008607232;14204928;1108541440;0;0;0;0;0;0;0;0;0;0;0;1803;0;0;89;0;80;0;
10074;3364490;1008607232;14204928;1108541440;0;0;0;0;0;0;0;0;0;0;0;2114;0;0;89;0;80;0;
10075;5011929;1008607232;14204928;1108541440;0;0;0;0;0;0;0;0;0;0;0;1713;0;0;89;0;80;0;
10076;3963813;1008607232;14204928;1108541440;0;0;0;0;0;0;0;0;0;0;0;1994;0;0;89;0;80;0;
10077;5415767;1008607232;14204928;1108541440;0;0;0;0;0;0;0;0;0;0;0;1753;0;0;89;0;80;0;
10078;3908389;1008607232;14204928;1108541440;0;0;0;0;0;0;0;0;0;0;0;2104;0;0;89;0;80;0;
10079;5186327;1008607232;14204928;1108541440;0;0;0;0;0;0;0;0;0;0;0;2003;0;0;89;0;80;0;
10080;3669401;1008607232;14204928;1108541440;0;0;0;0;0;0;0;0;0;0;0;1803;0;0;89;0;80;0;
10081;5466001;1008607232;14204928;1108541440;0;0;0;0;0;0;0;0;0;0;0;1744;0;0;89;0;80;0;
10082;3590203;1008607232;14204928;1108541440;0;0;0;0;0;0;0;0;0;0;0;1943;0;0;89;0;80;0;
10083;5451053;1008607232;14204928;1108541440;0;0;0;0;0;0;0;0;0;0;0;1773;0;0;89;0;80;0;
10084;4411012;1008607232;14204928;1108541440;0;0;0;0;0;0;0;0;0;0;0;1753;0;0;89;0;80;0;
10085;4805702;1008607232;14204928;1108541440;0;0;0;0;0;0;0;0;0;0;0;1713;0;0;89;0;80;0;
10086;2940645;1008607232;14204928;1108541440;0;0;0;0;0;0;0;0;0;0;0;1894;0;0;89;0;80;0;
10087;5251118;1008607232;14204928;1108541440;0;0;0;0;0;0;0;0;0;0;0;1773;0;0;89;0;80;0;
10088;3373807;1008607232;14204928;1108541440;0;0;0;0;0;0;0;0;0;0;0;1823;0;0;89;0;80;0;
10089;5200022;1008607232;14204928;1108541440;0;0;0;0;0;0;0;0;0;0;0;1793;0;0;89;0;80;0;
10090;2964350;1008607232;14204928;1108541440;0;0;0;0;0;0;0;0;0;0;0;2123;0;0;89;0;80;0;
10091;4681219;1008607232;14204928;1108541440;0;0;0;0;0;0;0;0;0;0;0;1773;0;0;89;0;80;0;
10092;3405497;1008607232;14204928;1108541440;0;0;0;0;0;0;0;0;0;0;0;2324;0;0;89;0;80;0;
10093;5093503;1008607232;14204928;1108541440;0;0;0;0;0;0;0;0;0;0;0;1733;0;0;89;0;80;0;
10094;2731673;1008607232;14204928;1108541440;0;0;0;0;0;0;0;0;0;0;0;1753;0;0;89;0;80;0;
10095;4487035;1008607232;14204928;1108541440;0;0;0;0;0;0;0;0;0;0;0;1523;0;0;89;0;80;0;
10096;2430358;1008607232;14204928;1108541440;0;0;0;0;0;0;0;0;0;0;0;1753;0;0;89;0;80;0;
10097;4436510;1008607232;14204928;1108541440;0;0;0;0;0;0;0;0;0;0;0;1543;0;0;89;0;80;0;
10098;2309091;1008607232;14204928;1108541440;0;0;0;0;0;0;0;0;0;0;0;1794;0;0;89;0;80;0;
10099;5208468;1008607232;14204928;1108541440;0;0;0;0;0;0;0;0;0;0;0;1503;0;0;89;0;80;0;
10100;3187437;1008607232;14204928;1108541440;0;0;0;0;0;0;0;0;0;0;0;1483;0;0;89;0;80;0;
10101;4675759;1008607232;14204928;1108541440;0;0;0;0;0;0;0;0;0;0;0;1472;0;0;89;0;80;0;
10102;2247375;1008607232;14204928;1108541440;0;0;0;0;0;0;0;0;0;0;0;1873;0;0;89;0;80;0;
10103;4613723;1008607232;14204928;1108541440;0;0;0;0;0;0;0;0;0;0;0;1774;0;0;89;0;80;0;
10104;3173131;1008607232;14204928;1108541440;0;0;0;0;0;0;0;0;0;0;0;1953;0;0;89;0;80;0;
10105;5171068;1008607232;14204928;1108541440;0;0;0;0;0;0;0;0;0;0;0;1443;0;0;89;0;80;0;
10106;1806147;1008607232;14204928;1108541440;0;0;0;0;0;0;0;0;0;0;0;1694;0;0;89;0;80;0;
10107;5192377;1008607232;14204928;1108541440;0;0;0;0;0;0;0;0;0;0;0;1403;0;0;89;0;80;0;
10108;2818376;1008607232;14204928;1108541440;0;0;0;0;0;0;0;0;0;0;0;1724;0;0;89;0;80;0;
10109;4929495;1008607232;14204928;1108541440;0;0;0;0;0;0;0;0;0;0;0;1443;0;0;89;0;80;0;
10110;2511460;1008607232;14204928;1108541440;0;0;0;0;0;0;0;0;0;0;0;2034;0;0;89;0;80;0;
10111;5158604;1008607232;14204928;1108541440;0;0;0;0;0;0;0;0;0;0;0;1794;0;0;89;0;80;0;
10112;2766268;1008607232;14204928;1108541440;0;0;0;0;0;0;0;0;0;0;0;2023;0;0;89;0;80;0;
10113;5231391;1008607232;14204928;1108541440;0;0;0;0;0;0;0;0;0;0;0;1893;0;0;89;0;80;0;
10114;3016076;1008607232;14204928;1108541440;0;0;0;0;0;0;0;0;0;0;0;1974;0;0;89;0;80;0;
10115;4700095;1008607232;14204928;1108541440;0;0;0;0;0;0;0;0;0;0;0;1764;0;0;89;0;80;0;
10116;2682952;1008607232;14204928;1108541440;0;0;0;0;0;0;0;0;0;0;0;2024;0;0;89;0;80;0;
10117;5287566;1008607232;14204928;1108541440;0;0;0;0;0;0;0;0;0;0;0;1714;0;0;89;0;80;0;
10118;3241960;1008607232;14204928;1108541440;0;0;0;0;0;0;0;0;0;0;0;2034;0;0;89;0;80;0;
10119;5067443;1008607232;14204928;1108541440;0;0;0;0;0;0;0;0;0;0;0;1583;0;0;89;0;80;0;
10120;2825569;1008607232;14204928;1108541440;0;0;0;0;0;0;0;0;0;0;0;2134;0;0;89;0;80;0;
10121;5427929;1008607232;14204928;1108541440;0;0;0;0;0;0;0;0;0;0;0;1823;0;0;89;0;80;0;
10122;2826871;1008607232;14204928;1108541440;0;0;0;0;0;0;0;0;0;0;0;1613;0;0;89;0;80;0;
10123;5299459;1008607232;14204928;1108541440;0;0;0;0;0;0;0;0;0;0;0;1573;0;0;89;0;80;0;
10124;2465915;1008607232;14204928;1108541440;0;0;0;0;0;0;0;0;0;0;0;1713;0;0;89;0;80;0;
10125;5076180;1008607232;14204928;1108541440;0;0;0;0;0;0;0;0;0;0;0;1623;0;0;89;0;80;0;
10126;2794271;1008607232;14204928;1108541440;0;0;0;0;0;0;0;0;0;0;0;2325;0;0;89;0;80;0;
10127;4519405;1008607232;14204928;1108541440;0;0;0;0;0;0;0;0;0;0;0;1413;0;0;89;0;80;0;
10128;3398644;1008607232;14204928;1108541440;0;0;0;0;0;0;0;0;0;0;0;1403;0;0;89;0;80;0;
10129;4820090;1008607232;14204928;1108541440;0;0;0;0;0;0;0;0;0;0;0;1402;0;0;89;0;80;0;
10130;3353409;1008607232;14204928;1108541440;0;0;0;0;0;0;0;0;0;0;0;2184;0;0;89;0;80;0;
10131;5063947;1008607232;14204928;1108541440;0;0;0;0;0;0;0;0;0;0;0;1693;0;0;89;0;80;0;
10132;2445346;1008607232;14204928;1108541440;0;0;0;0;0;0;0;0;0;0;0;1803;0;0;89;0;80;0;
10133;4858070;1008607232;14204928;1108541440;0;0;0;0;0;0;0;0;0;0;0;1814;0;0;89;0;80;0;
10134;3344001;1008607232;14204928;1108541440;0;0;0;0;0;0;0;0;0;0;0;2204;0;0;89;0;80;0;
10135;5516826;1008607232;14204928;1108541440;0;0;0;0;0;0;0;0;0;0;0;1844;0;0;89;0;80;0;
10136;2106811;1008607232;14204928;1108541440;0;0;0;0;0;0;0;0;0;0;0;1653;0;0;89;0;80;0;
10137;5222935;1008607232;14204928;1108541440;0;0;0;0;0;0;0;0;0;0;0;1743;0;0;89;0;80;0;
10138;2531508;1008607232;14204928;1108541440;0;0;0;0;0;0;0;0;0;0;0;1673;0;0;89;0;80;0;
10139;4945695;1008607232;14204928;1108541440;0;0;0;0;0;0;0;0;0;0;0;1483;0;0;89;0;80;0;
10140;2160752;1008607232;14204928;1108541440;0;0;0;0;0;0;0;0;0;0;0;2204;0;0;89;0;80;0;
10141;5854229;1008607232;14204928;1108541440;0;0;0;0;0;0;0;0;0;0;0;1783;0;0;89;0;80;0;
10142;2783340;1008607232;14204928;1108541440;0;0;0;0;0;0;0;0;0;0;0;2224;0;0;89;0;80;0;
10143;5347709;1008607232;14204928;1108541440;0;0;0;0;0;0;0;0;0;0;0;1943;0;0;89;0;80;0;
10144;2715693;1008607232;14204928;1108541440;0;0;0;0;0;0;0;0;0;0;0;1914;0;0;89;0;80;0;
10145;5770191;1008607232;14204928;1108541440;0;0;0;0;0;0;0;0;0;0;0;1743;0;0;89;0;80;0;
10146;3357937;1008607232;14204928;1108541440;0;0;0;0;0;0;0;0;0;0;0;2185;0;0;89;0;80;0;
10147;5133067;1008607232;14204928;1108541440;0;0;0;0;0;0;0;0;0;0;0;43321;0;0;89;0;80;0;
10148;2455315;1008607232;14204928;1108541440;0;0;0;0;0;0;0;0;0;0;0;1643;0;0;89;0;80;0;
10149;5626101;1008607232;14204928;1108541440;0;0;0;0;0;0;0;0;0;0;0;1303;0;0;89;0;80;0;
10150;2105879;1008607232;14204928;1108541440;0;0;0;0;0;0;0;0;0;0;0;1773;0;0;89;0;80;0;
10151;5233224;1008607232;14204928;1108541440;0;0;0;0;0;0;0;0;0;0;0;1803;0;0;89;0;80;0;
10152;2215976;1008607232;14204928;1108541440;0;0;0;0;0;0;0;0;0;0;0;1563;0;0;89;0;80;0;
10153;4462258;1008607232;14204928;1108541440;0;0;0;0;0;0;0;0;0;0;0;1393;0;0;89;0;80;0;
10154;2534544;1008607232;14204928;1108541440;0;0;0;0;0;0;0;0;0;0;0;2074;0;0;89;0;80;0;
10155;5093593;1008607232;14204928;1108541440;0;0;0;0;0;0;0;0;0;0;0;1382;0;0;89;0;80;0;
10156;2580419;1008607232;14204928;1108541440;0;0;0;0;0;0;0;0;0;0;0;1553;0;0;89;0;80;0;
10157;5433830;1008607232;14204928;1108541440;0;0;0;0;0;0;0;0;0;0;0;1553;0;0;89;0;80;0;
10158;3263961;1008607232;14204928;1108541440;0;0;0;0;0;0;0;0;0;0;0;2074;0;0;89;0;80;0;
10159;4502684;1008607232;14204928;1108541440;0;0;0;0;0;0;0;0;0;0;0;4519;0;0;89;0;80;0;
10160;2949231;1008607232;14204928;1108541440;0;0;0;0;0;0;0;0;0;0;0;1803;0;0;89;0;80;0;
10161;5117988;1008607232;14204928;1108541440;0;0;0;0;0;0;0;0;0;0;0;1703;0;0;89;0;80;0;
10162;3627643;1008607232;14204928;1108541440;0;0;0;0;0;0;0;0;0;0;0;1994;0;0;89;0;80;0;
10163;5129991;1008607232;14204928;1108541440;0;0;0;0;0;0;0;0;0;0;0;1964;0;0;89;0;80;0;
10164;3219467;1008607232;14204928;1108541440;0;0;0;0;0;0;0;0;0;0;0;2044;0;0;89;0;80;0;
10165;5583692;1008607232;14204928;1108541440;0;0;0;0;0;0;0;0;0;0;0;1704;0;0;89;0;80;0;
10166;2250962;1008607232;14204928;1108541440;0;0;0;0;0;0;0;0;0;0;0;2054;0;0;89;0;80;0;
10167;4984077;1008607232;14204928;1108541440;0;0;0;0;0;0;0;0;0;0;0;1763;0;0;89;0;80;0;
10168;3620059;1008607232;14204928;1108541440;0;0;0;0;0;0;0;0;0;0;0;1904;0;0;89;0;80;0;
10169;5247231;1008607232;14204928;1108541440;0;0;0;0;0;0;0;0;0;0;0;1733;0;0;89;0;80;0;
10170;1822227;1008607232;14204928;1108541440;0;0;0;0;0;0;0;0;0;0;0;1854;0;0;89;0;80;0;
10171;5182159;1008607232;14204928;1108541440;0;0;0;0;0;0;0;0;0;0;0;1453;0;0;89;0;80;0;
10172;2908454;1008607232;14204928;1108541440;0;0;0;0;0;0;0;0;0;0;0;1964;0;0;89;0;80;0;
10173;4592984;1008607232;14204928;1108541440;0;0;0;0;0;0;0;0;0;0;0;1323;0;0;89;0;80;0;
10174;2208592;1008607232;14204928;1108541440;0;0;0;0;0;0;0;0;0;0;0;1633;0;0;89;0;80;0;
10175;4391716;1008607232;14204928;1108541440;0;0;0;0;0;0;0;0;0;0;0;1433;0;0;89;0;80;0;
10176;2879690;1008607232;14204928;1108541440;0;0;0;0;0;0;0;0;0;0;0;2003;0;0;89;0;80;0;
10177;4456818;1008607232;14204928;1108541440;0;0;0;0;0;0;0;0;0;0;0;1513;0;0;89;0;80;0;
10178;2614282;1008607232;14204928;1108541440;0;0;0;0;0;0;0;0;0;0;0;1763;0;0;89;0;80;0;
10179;5205152;1008607232;14204928;1108541440;0;0;0;0;0;0;0;0;0;0;0;1503;0;0;89;0;80;0;
10180;3239736;1008607232;14204928;1108541440;0;0;0;0;0;0;0;0;0;0;0;1623;0;0;89;0;80;0;
10181;4878720;1008607232;14204928;1108541440;0;0;0;0;0;0;0;0;0;0;0;1483;0;0;89;0;80;0;
10182;4122611;1008607232;14204928;1108541440;0;0;0;0;0;0;0;0;0;0;0;2725;0;0;89;0;80;0;
10183;5351906;1008607232;14204928;1108541440;0;0;0;0;0;0;0;0;0;0;0;1663;0;0;89;0;80;0;
10184;4384192;1008607232;14204928;1108541440;0;0;0;0;0;0;0;0;0;0;0;2174;0;0;89;0;80;0;
10185;6228501;1008607232;14204928;1108541440;0;0;0;0;0;0;0;0;0;0;0;1913;0;0;89;0;80;0;
10186;2613291;1008607232;14204928;1108541440;0;0;0;0;0;0;0;0;0;0;0;1643;0;0;89;0;80;0;
10187;4580971;1008607232;14204928;1108541440;0;0;0;0;0;0;0;0;0;0;0;1403;0;0;89;0;80;0;
10188;3667788;1008607232;14204928;1108541440;0;0;0;0;0;0;0;0;0;0;0;1804;0;0;89;0;80;0;
10189;5332420;1008607232;14204928;1108541440;0;0;0;0;0;0;0;0;0;0;0;1794;0;0;89;0;80;0;
10190;2885421;1008607232;14204928;1108541440;0;0;0;0;0;0;0;0;0;0;0;2886;0;0;89;0;80;0;
10191;5001139;1008607232;14204928;1108541440;0;0;0;0;0;0;0;0;0;0;0;1803;0;0;89;0;80;0;
10192;3834171;1008607232;14204928;1108541440;0;0;0;0;0;0;0;0;0;0;0;2404;0;0;89;0;80;0;
10193;5408984;1008607232;14204928;1108541440;0;0;0;0;0;0;0;0;0;0;0;2043;0;0;89;0;80;0;
10194;3453717;1008607232;14204928;1108541440;0;0;0;0;0;0;0;0;0;0;0;2104;0;0;89;0;80;0;
10195;4837683;1008607232;14204928;1108541440;0;0;0;0;0;0;0;0;0;0;0;1794;0;0;89;0;80;0;
10196;3763197;1008607232;14204928;1108541440;0;0;0;0;0;0;0;0;0;0;0;2405;0;0;89;0;80;0;
10197;5264493;1008607232;14204928;1108541440;0;0;0;0;0;0;0;0;0;0;0;1954;0;0;89;0;80;0;
10198;2843563;1008607232;14204928;1108541440;0;0;0;0;0;0;0;0;0;0;0;1773;0;0;89;0;80;0;
10199;5851103;1008607232;14204928;1108541440;0;0;0;0;0;0;0;0;0;0;0;1543;0;0;89;0;80;0;
10200;3466952;1008607232;14204928;1108541440;0;0;0;0;0;0;0;0;0;0;0;1502;0;0;89;0;80;0;
10201;4456297;1008607232;14204928;1108541440;0;0;0;0;0;0;0;0;0;0;0;1532;0;0;89;0;80;0;
10202;2699924;1008607232;14204928;1108541440;0;0;0;0;0;0;0;0;0;0;0;2685;0;0;89;0;80;0;
10203;5231451;1008607232;14204928;1108541440;0;0;0;0;0;0;0;0;0;0;0;1783;0;0;89;0;80;0;
10204;3640777;1008607232;14204928;1108541440;0;0;0;0;0;0;0;0;0;0;0;2505;0;0;89;0;80;0;
10205;4689695;1008607232;14204928;1108541440;0;0;0;0;0;0;0;0;0;0;0;1673;0;0;89;0;80;0;
10206;2719069;1008607232;14204928;1108541440;0;0;0;0;0;0;0;0;0;0;0;2024;0;0;89;0;80;0;
10207;5742279;1008607232;14204928;1108541440;0;0;0;0;0;0;0;0;0;0;0;1803;0;0;89;0;80;0;
10208;3264242;1008607232;14204928;1108541440;0;0;0;0;0;0;0;0;0;0;0;2194;0;0;89;0;80;0;
10209;4782429;1008607232;14204928;1108541440;0;0;0;0;0;0;0;0;0;0;0;1753;0;0;89;0;80;0;
10210;3144667;1008607232;14204928;1108541440;0;0;0;0;0;0;0;0;0;0;0;2164;0;0;89;0;80;0;
10211;4926449;1008607232;14204928;1108541440;0;0;0;0;0;0;0;0;0;0;0;1783;0;0;89;0;80;0;
10212;3315348;1008607232;14204928;1108541440;0;0;0;0;0;0;0;0;0;0;0;1954;0;0;89;0;80;0;
10213;4413828;1008607232;14204928;1108541440;0;0;0;0;0;0;0;0;0;0;0;1443;0;0;89;0;80;0;
10214;3231400;1008607232;14204928;1108541440;0;0;0;0;0;0;0;0;0;0;0;1674;0;0;89;0;80;0;
10215;4582504;1008607232;14204928;1108541440;0;0;0;0;0;0;0;0;0;0;0;1673;0;0;89;0;80;0;
10216;3877813;1008607232;14204928;1108541440;0;0;0;0;0;0;0;0;0;0;0;1994;0;0;89;0;80;0;
10217;5068075;1008607232;14204928;1108541440;0;0;0;0;0;0;0;0;0;0;0;1823;0;0;89;0;80;0;
10218;2709091;1008607232;14204928;1108541440;0;0;0;0;0;0;0;0;0;0;0;1633;0;0;89;0;80;0;
10219;4868781;1008607232;14204928;1108541440;0;0;0;0;0;0;0;0;0;0;0;1432;0;0;89;0;80;0;
10220;2342213;1008607232;14204928;1108541440;0;0;0;0;0;0;0;0;0;0;0;1773;0;0;89;0;80;0;
10221;5286283;1008607232;14204928;1108541440;0;0;0;0;0;0;0;0;0;0;0;1493;0;0;89;0;80;0;
10222;1959956;1008607232;14204928;1108541440;0;0;0;0;0;0;0;0;0;0;0;1783;0;0;89;0;80;0;
10223;5073414;1008607232;14204928;1108541440;0;0;0;0;0;0;0;0;0;0;0;1503;0;0;89;0;80;0;
10224;3536352;1008607232;14204928;1108541440;0;0;0;0;0;0;0;0;0;0;0;2254;0;0;89;0;80;0;
10225;4751852;1008607232;14204928;1108541440;0;0;0;0;0;0;0;0;0;0;0;1462;0;0;89;0;80;0;
10226;3069556;1008607232;14204928;1108541440;0;0;0;0;0;0;0;0;0;0;0;2265;0;0;89;0;80;0;
10227;5065830;1008607232;14204928;1108541440;0;0;0;0;0;0;0;0;0;0;0;1763;0;0;89;0;80;0;
10228;8503527;1008607232;14204928;1108541440;0;0;0;0;0;0;0;0;0;0;0;2044;0;0;89;0;80;0;
10229;7613819;1008607232;14204928;1108541440;0;0;0;0;0;0;0;0;0;0;0;1573;0;0;89;0;80;0;
10230;4017905;1008607232;14204928;1108541440;0;0;0;0;0;0;0;0;0;0;0;3195;0;0;89;0;80;0;
10231;5317201;1008607232;14204928;1108541440;0;0;0;0;0;0;0;0;0;0;0;1603;0;0;89;0;80;0;
10232;3417188;1008607232;14204928;1108541440;0;0;0;0;0;0;0;0;0;0;0;3507;0;0;89;0;80;0;
10233;4893717;1008607232;14209024;1108545536;0;0;0;0;0;0;0;0;0;0;0;3868;0;0;89;0;80;0;
10234;4747674;1008607232;14209024;1108545536;0;0;0;0;0;0;0;0;0;0;0;1994;0;0;89;0;80;0;
10235;5001550;1008607232;14209024;1108545536;0;0;0;0;0;0;0;0;0;0;0;2354;0;0;89;0;80;0;
10236;3521785;1008607232;14209024;1108545536;0;0;0;0;0;0;0;0;0;0;0;2675;0;0;89;0;80;0;
10237;4978797;1008607232;14209024;1108545536;0;0;0;0;0;0;0;0;0;0;0;3437;0;0;89;0;80;0;
10238;3090286;1008607232;14209024;1108545536;0;0;0;0;0;0;0;0;0;0;0;1934;0;0;89;0;80;0;
10239;5549157;1008607232;14209024;1108545536;0;0;0;0;0;0;0;0;0;0;0;2385;0;0;89;0;80;0;
10240;2679916;1008607232;14209024;1108545536;0;0;0;0;0;0;0;0;0;0;0;1663;0;0;89;0;80;0;
10241;5198890;1008607232;14209024;1108545536;0;0;0;0;0;0;0;0;0;0;0;1853;0;0;89;0;80;0;
10242;2325522;1008607232;14209024;1108545536;0;0;0;0;0;0;0;0;0;0;0;1753;0;0;89;0;80;0;
10243;5253131;1008607232;14209024;1108545536;0;0;0;0;0;0;0;0;0;0;0;2004;0;0;89;0;80;0;
10244;2009739;1008607232;14209024;1108545536;0;0;0;0;0;0;0;0;0;0;0;1553;0;0;89;0;80;0;
10245;4664297;1008607232;14209024;1108545536;0;0;0;0;0;0;0;0;0;0;0;1923;0;0;89;0;80;0;
10246;2898606;1008607232;14209024;1108545536;0;0;0;0;0;0;0;0;0;0;0;1794;0;0;89;0;80;0;
10247;4888858;1008607232;14209024;1108545536;0;0;0;0;0;0;0;0;0;0;0;2034;0;0;89;0;80;0;
10248;2556625;1008607232;14209024;1108545536;0;0;0;0;0;0;0;0;0;0;0;1613;0;0;89;0;80;0;
10249;5492320;1008607232;14209024;1108545536;0;0;0;0;0;0;0;0;0;0;0;2034;0;0;89;0;80;0;
10250;3030373;1008607232;14209024;1108545536;0;0;0;0;0;0;0;0;0;0;0;1904;0;0;89;0;80;0;
10251;5414614;1008607232;14209024;1108545536;0;0;0;0;0;0;0;0;0;0;0;1914;0;0;89;0;80;0;
10252;3003964;1008607232;14209024;1108545536;0;0;0;0;0;0;0;0;0;0;0;1934;0;0;89;0;80;0;
10253;5352638;1008607232;14209024;1108545536;0;0;0;0;0;0;0;0;0;0;0;1913;0;0;89;0;80;0;
10254;2640351;1008607232;14209024;1108545536;0;0;0;0;0;0;0;0;0;0;0;1673;0;0;89;0;80;0;
10255;4536377;1008607232;14209024;1108545536;0;0;0;0;0;0;0;0;0;0;0;2465;0;0;89;0;80;0;
10256;2503765;1008607232;14209024;1108545536;0;0;0;0;0;0;0;0;0;0;0;1483;0;0;89;0;80;0;
10257;4655151;1008607232;14209024;1108545536;0;0;0;0;0;0;0;0;0;0;0;1733;0;0;89;0;80;0;
10258;1769458;1008607232;14209024;1108545536;0;0;0;0;0;0;0;0;0;0;0;1532;0;0;89;0;80;0;
10259;4799320;1008607232;14209024;1108545536;0;0;0;0;0;0;0;0;0;0;0;1964;0;0;89;0;80;0;
10260;2654168;1008607232;14209024;1108545536;0;0;0;0;0;0;0;0;0;0;0;1362;0;0;89;0;80;0;
10261;5020435;1008607232;14209024;1108545536;0;0;0;0;0;0;0;0;0;0;0;1573;0;0;89;0;80;0;
10262;1750062;1008607232;14209024;1108545536;0;0;0;0;0;0;0;0;0;0;0;1903;0;0;89;0;80;0;
10263;4598223;1008607232;14209024;1108545536;0;0;0;0;0;0;0;0;0;0;0;1693;0;0;89;0;80;0;
10264;2408657;1008607232;14209024;1108545536;0;0;0;0;0;0;0;0;0;0;0;1392;0;0;89;0;80;0;
10265;4214423;1008607232;14209024;1108545536;0;0;0;0;0;0;0;0;0;0;0;1493;0;0;89;0;80;0;
10266;1789747;1008607232;14209024;1108545536;0;0;0;0;0;0;0;0;0;0;0;1362;0;0;89;0;80;0;
10267;4209744;1008607232;14209024;1108545536;0;0;0;0;0;0;0;0;0;0;0;1773;0;0;89;0;80;0;
10268;1909822;1008607232;14209024;1108545536;0;0;0;0;0;0;0;0;0;0;0;1333;0;0;89;0;80;0;
10269;4236796;1008607232;14209024;1108545536;0;0;0;0;0;0;0;0;0;0;0;2314;0;0;89;0;80;0;
10270;1707803;1008607232;14209024;1108545536;0;0;0;0;0;0;0;0;0;0;0;1683;0;0;89;0;80;0;
10271;4270499;1008607232;14209024;1108545536;0;0;0;0;0;0;0;0;0;0;0;1743;0;0;89;0;80;0;
10272;2097875;1008607232;14209024;1108545536;0;0;0;0;0;0;0;0;0;0;0;1553;0;0;89;0;80;0;
10273;4326213;1008607232;14209024;1108545536;0;0;0;0;0;0;0;0;0;0;0;1714;0;0;89;0;80;0;
10274;2724008;1008607232;14209024;1108545536;0;0;0;0;0;0;0;0;0;0;0;2175;0;0;89;0;80;0;
10275;5689219;1008607232;14209024;1108545536;0;0;0;0;0;0;0;0;0;0;0;3477;0;0;89;0;80;0;
10276;2905088;1008607232;14209024;1108545536;0;0;0;0;0;0;0;0;0;0;0;3036;0;0;89;0;80;0;
10277;4847170;1008607232;14209024;1108545536;0;0;0;0;0;0;0;0;0;0;0;2705;0;0;89;0;80;0;
10278;2460495;1008607232;14209024;1108545536;0;0;0;0;0;0;0;0;0;0;0;2245;0;0;89;0;80;0;
10279;5332150;1008607232;14209024;1108545536;0;0;0;0;0;0;0;0;0;0;0;3967;0;0;89;0;80;0;
10280;3456802;1008607232;14209024;1108545536;0;0;0;0;0;0;0;0;0;0;0;2304;0;0;89;0;80;0;
10281;4983676;1008607232;14209024;1108545536;0;0;0;0;0;0;0;0;0;0;0;2374;0;0;89;0;80;0;
10282;2790914;1008607232;14209024;1108545536;0;0;0;0;0;0;0;0;0;0;0;2023;0;0;89;0;80;0;
10283;5823161;1008607232;14209024;1108545536;0;0;0;0;0;0;0;0;0;0;0;3496;0;0;89;0;80;0;
10284;2485261;1008607232;14209024;1108545536;0;0;0;0;0;0;0;0;0;0;0;2274;0;0;89;0;80;0;
10285;4602031;1008607232;14209024;1108545536;0;0;0;0;0;0;0;0;0;0;0;3065;0;0;89;0;80;0;
10286;3022028;1008607232;14209024;1108545536;0;0;0;0;0;0;0;0;0;0;0;2465;0;0;89;0;80;0;
10287;5445032;1008607232;14209024;1108545536;0;0;0;0;0;0;0;0;0;0;0;2524;0;0;89;0;80;0;
10288;2112001;1008607232;14209024;1108545536;0;0;0;0;0;0;0;0;0;0;0;1573;0;0;89;0;80;0;
10289;5003654;1008607232;14209024;1108545536;0;0;0;0;0;0;0;0;0;0;0;4118;0;0;89;0;80;0;
10290;3793625;1008607232;14209024;1108545536;0;0;0;0;0;0;0;0;0;0;0;3466;0;0;89;0;80;0;
10291;5767175;1008607232;14209024;1108545536;0;0;0;0;0;0;0;0;0;0;0;3326;0;0;89;0;80;0;
10292;3129939;1008607232;14209024;1108545536;0;0;0;0;0;0;0;0;0;0;0;2014;0;0;89;0;80;0;
10293;4549372;1008607232;14209024;1108545536;0;0;0;0;0;0;0;0;0;0;0;2334;0;0;89;0;80;0;
10294;2701006;1008607232;14209024;1108545536;0;0;0;0;0;0;0;0;0;0;0;2745;0;0;89;0;80;0;
10295;5183802;1008607232;14209024;1108545536;0;0;0;0;0;0;0;0;0;0;0;2495;0;0;89;0;80;0;
10296;2488908;1008607232;14209024;1108545536;0;0;0;0;0;0;0;0;0;0;0;3848;0;0;89;0;80;0;
10297;5074336;1008607232;14209024;1108545536;0;0;0;0;0;0;0;0;0;0;0;3917;0;0;89;0;80;0;
10298;4382949;1008607232;14209024;1108545536;0;0;0;0;0;0;0;0;0;0;0;4238;0;0;89;0;80;0;
10299;5835704;1008607232;14209024;1108545536;0;0;0;0;0;0;0;0;0;0;0;3937;0;0;89;0;80;0;
10300;2985409;1008607232;14209024;1108545536;0;0;0;0;0;0;0;0;0;0;0;3847;0;0;89;0;80;0;
10301;5076651;1008607232;14209024;1108545536;0;0;0;0;0;0;0;0;0;0;0;4217;0;0;89;0;80;0;
10302;3886398;1008607232;14209024;1108545536;0;0;0;0;0;0;0;0;0;0;0;4238;0;0;89;0;80;0;
10303;6261623;1008607232;14209024;1108545536;0;0;0;0;0;0;0;0;0;0;0;4128;0;0;89;0;80;0;
10304;3158333;1008607232;14209024;1108545536;0;0;0;0;0;0;0;0;0;0;0;4088;0;0;89;0;80;0;
10305;4773683;1008607232;14209024;1108545536;0;0;0;0;0;0;0;0;0;0;0;3847;0;0;89;0;80;0;
10306;4747373;1008607232;14209024;1108545536;0;0;0;0;0;0;0;0;0;0;0;3447;0;0;89;0;80;0;
10307;6175261;1008607232;14209024;1108545536;0;0;0;0;0;0;0;0;0;0;0;3256;0;0;89;0;80;0;
10308;2495690;1008607232;14209024;1108545536;0;0;0;0;0;0;0;0;0;0;0;2365;0;0;89;0;80;0;
10309;5389918;1008607232;14209024;1108545536;0;0;0;0;0;0;0;0;0;0;0;3206;0;0;89;0;80;0;
10310;3171107;1008607232;14209024;1108545536;0;0;0;0;0;0;0;0;0;0;0;2916;0;0;89;0;80;0;
10311;4723258;1008607232;14209024;1108545536;0;0;0;0;0;0;0;0;0;0;0;2896;0;0;89;0;80;0;
10312;2696166;1008607232;14209024;1108545536;0;0;0;0;0;0;0;0;0;0;0;2555;0;0;89;0;80;0;
10313;5358549;1008607232;14209024;1108545536;0;0;0;0;0;0;0;0;0;0;0;3978;0;0;89;0;80;0;
10314;3460119;1008607232;14209024;1108545536;0;0;0;0;0;0;0;0;0;0;0;2325;0;0;89;0;80;0;
10315;4850587;1008607232;14209024;1108545536;0;0;0;0;0;0;0;0;0;0;0;3046;0;0;89;0;80;0;
10316;3622163;1008607232;14209024;1108545536;0;0;0;0;0;0;0;0;0;0;0;2074;0;0;89;0;80;0;
10317;5024072;1008607232;14209024;1108545536;0;0;0;0;0;0;0;0;0;0;0;2174;0;0;89;0;80;0;
10318;4214173;1008607232;14209024;1108545536;0;0;0;0;0;0;0;0;0;0;0;3086;0;0;89;0;80;0;
10319;5264613;1008607232;14209024;1108545536;0;0;0;0;0;0;0;0;0;0;0;3276;0;0;89;0;80;0;
10320;2350037;1008607232;14209024;1108545536;0;0;0;0;0;0;0;0;0;0;0;2225;0;0;89;0;80;0;
10321;5637332;1008607232;14209024;1108545536;0;0;0;0;0;0;0;0;0;0;0;3336;0;0;89;0;80;0;
10322;3313353;1008607232;14209024;1108545536;0;0;0;0;0;0;0;0;0;0;0;2565;0;0;89;0;80;0;
10323;5604481;1008607232;14209024;1108545536;0;0;0;0;0;0;0;0;0;0;0;3587;0;0;89;0;80;0;
10324;2560862;1008607232;14209024;1108545536;0;0;0;0;0;0;0;0;0;0;0;1913;0;0;89;0;80;0;
10325;4979509;1008607232;14209024;1108545536;0;0;0;0;0;0;0;0;0;0;0;2785;0;0;89;0;80;0;
10326;2531678;1008607232;14209024;1108545536;0;0;0;0;0;0;0;0;0;0;0;2304;0;0;89;0;80;0;
10327;4199997;1008607232;14209024;1108545536;0;0;0;0;0;0;0;0;0;0;0;1984;0;0;89;0;80;0;
10328;2575931;1008607232;14209024;1108545536;0;0;0;0;0;0;0;0;0;0;0;1763;0;0;89;0;80;0;
10329;4388290;1008607232;14209024;1108545536;0;0;0;0;0;0;0;0;0;0;0;2144;0;0;89;0;80;0;
10330;2283953;1008607232;14209024;1108545536;0;0;0;0;0;0;0;0;0;0;0;2224;0;0;89;0;80;0;
10331;4675649;1008607232;14209024;1108545536;0;0;0;0;0;0;0;0;0;0;0;2034;0;0;89;0;80;0;
10332;2115527;1008607232;14209024;1108545536;0;0;0;0;0;0;0;0;0;0;0;1854;0;0;89;0;80;0;
10333;4805041;1008607232;14209024;1108545536;0;0;0;0;0;0;0;0;0;0;0;2164;0;0;89;0;80;0;
10334;2840587;1008607232;14209024;1108545536;0;0;0;0;0;0;0;0;0;0;0;2004;0;0;89;0;80;0;
10335;5228174;1008607232;14209024;1108545536;0;0;0;0;0;0;0;0;0;0;0;2023;0;0;89;0;80;0;
10336;2690456;1008607232;14209024;1108545536;0;0;0;0;0;0;0;0;0;0;0;1593;0;0;89;0;80;0;
10337;4151486;1008607232;14209024;1108545536;0;0;0;0;0;0;0;0;0;0;0;2024;0;0;89;0;80;0;
10338;2906341;1008607232;14209024;1108545536;0;0;0;0;0;0;0;0;0;0;0;1693;0;0;89;0;80;0;
10339;4536438;1008607232;14209024;1108545536;0;0;0;0;0;0;0;0;0;0;0;1753;0;0;89;0;80;0;
10340;4420450;1008607232;14209024;1108545536;0;0;0;0;0;0;0;0;0;0;0;1663;0;0;89;0;80;0;
10341;4875684;1008607232;14209024;1108545536;0;0;0;0;0;0;0;0;0;0;0;2235;0;0;89;0;80;0;
10342;2890130;1008607232;14209024;1108545536;0;0;0;0;0;0;0;0;0;0;0;2505;0;0;89;0;80;0;
10343;4719410;1008607232;14209024;1108545536;0;0;0;0;0;0;0;0;0;0;0;1784;0;0;89;0;80;0;
10344;2994185;1008607232;14209024;1108545536;0;0;0;0;0;0;0;0;0;0;0;1744;0;0;89;0;80;0;
10345;4410381;1008607232;14209024;1108545536;0;0;0;0;0;0;0;0;0;0;0;2034;0;0;89;0;80;0;
10346;2523622;1008607232;14209024;1108545536;0;0;0;0;0;0;0;0;0;0;0;1593;0;0;89;0;80;0;
10347;5105504;1008607232;14209024;1108545536;0;0;0;0;0;0;0;0;0;0;0;1984;0;0;89;0;80;0;
10348;2833164;1008607232;14209024;1108545536;0;0;0;0;0;0;0;0;0;0;0;2114;0;0;89;0;80;0;
10349;4917282;1008607232;14209024;1108545536;0;0;0;0;0;0;0;0;0;0;0;2224;0;0;89;0;80;0;
10350;3299417;1008607232;14209024;1108545536;0;0;0;0;0;0;0;0;0;0;0;2044;0;0;89;0;80;0;
10351;5235288;1008607232;14209024;1108545536;0;0;0;0;0;0;0;0;0;0;0;2114;0;0;89;0;80;0;
10352;3082110;1008607232;14209024;1108545536;0;0;0;0;0;0;0;0;0;0;0;2093;0;0;89;0;80;0;
10353;4607281;1008607232;14209024;1108545536;0;0;0;0;0;0;0;0;0;0;0;2174;0;0;89;0;80;0;
10354;2883618;1008607232;14209024;1108545536;0;0;0;0;0;0;0;0;0;0;0;2084;0;0;89;0;80;0;
10355;4776978;1008607232;14209024;1108545536;0;0;0;0;0;0;0;0;0;0;0;2074;0;0;89;0;80;0;
10356;3215240;1008607232;14209024;1108545536;0;0;0;0;0;0;0;0;0;0;0;1803;0;0;89;0;80;0;
10357;5163454;1008607232;14209024;1108545536;0;0;0;0;0;0;0;0;0;0;0;2274;0;0;89;0;80;0;
10358;3007681;1008607232;14209024;1108545536;0;0;0;0;0;0;0;0;0;0;0;1934;0;0;89;0;80;0;
10359;4686629;1008607232;14209024;1108545536;0;0;0;0;0;0;0;0;0;0;0;1943;0;0;89;0;80;0;
10360;3147733;1008607232;14209024;1108545536;0;0;0;0;0;0;0;0;0;0;0;1784;0;0;89;0;80;0;
10361;5051764;1008607232;14209024;1108545536;0;0;0;0;0;0;0;0;0;0;0;2194;0;0;89;0;80;0;
10362;2867809;1008607232;14209024;1108545536;0;0;0;0;0;0;0;0;0;0;0;2154;0;0;89;0;80;0;
10363;5366945;1008607232;14209024;1108545536;0;0;0;0;0;0;0;0;0;0;0;1903;0;0;89;0;80;0;
10364;2172474;1008607232;14209024;1108545536;0;0;0;0;0;0;0;0;0;0;0;1783;0;0;89;0;80;0;
10365;4452441;1008607232;14209024;1108545536;0;0;0;0;0;0;0;0;0;0;0;1834;0;0;89;0;80;0;
10366;2720722;1008607232;14209024;1108545536;0;0;0;0;0;0;0;0;0;0;0;1803;0;0;89;0;80;0;
10367;4686119;1008607232;14209024;1108545536;0;0;0;0;0;0;0;0;0;0;0;2004;0;0;89;0;80;0;
10368;2284725;1008607232;14209024;1108545536;0;0;0;0;0;0;0;0;0;0;0;2063;0;0;89;0;80;0;
10369;4780275;1008607232;14209024;1108545536;0;0;0;0;0;0;0;0;0;0;0;2435;0;0;89;0;80;0;
10370;3165707;1008607232;14209024;1108545536;0;0;0;0;0;0;0;0;0;0;0;2454;0;0;89;0;80;0;
10371;4640362;1008607232;14209024;1108545536;0;0;0;0;0;0;0;0;0;0;0;2324;0;0;89;0;80;0;
10372;2649318;1008607232;14209024;1108545536;0;0;0;0;0;0;0;0;0;0;0;1773;0;0;89;0;80;0;
10373;4805853;1008607232;14209024;1108545536;0;0;0;0;0;0;0;0;0;0;0;2023;0;0;89;0;80;0;
10374;3538777;1008607232;14209024;1108545536;0;0;0;0;0;0;0;0;0;0;0;2044;0;0;89;0;80;0;
10375;4967576;1008607232;14209024;1108545536;0;0;0;0;0;0;0;0;0;0;0;2174;0;0;89;0;80;0;
10376;2237807;1008607232;14209024;1108545536;0;0;0;0;0;0;0;0;0;0;0;1903;0;0;89;0;80;0;
10377;4894990;1008607232;14209024;1108545536;0;0;0;0;0;0;0;0;0;0;0;2645;0;0;89;0;80;0;
10378;3411247;1008607232;14209024;1108545536;0;0;0;0;0;0;0;0;0;0;0;119034;0;0;89;0;80;0;
10379;4878188;1008607232;14209024;1108545536;0;0;0;0;0;0;0;0;0;0;0;2123;0;0;89;0;80;0;
10380;2410501;1008607232;14209024;1108545536;0;0;0;0;0;0;0;0;0;0;0;2224;0;0;89;0;80;0;
10381;5247862;1008607232;14209024;1108545536;0;0;0;0;0;0;0;0;0;0;0;2465;0;0;89;0;80;0;
10382;2622368;1008607232;14209024;1108545536;0;0;0;0;0;0;0;0;0;0;0;2234;0;0;89;0;80;0;
10383;4789251;1008607232;14209024;1108545536;0;0;0;0;0;0;0;0;0;0;0;2715;0;0;89;0;80;0;
10384;2484750;1008607232;14209024;1108545536;0;0;0;0;0;0;0;0;0;0;0;1844;0;0;89;0;80;0;
10385;4511601;1008607232;14209024;1108545536;0;0;0;0;0;0;0;0;0;0;0;2164;0;0;89;0;80;0;
10386;2332935;1008607232;14209024;1108545536;0;0;0;0;0;0;0;0;0;0;0;1924;0;0;89;0;80;0;
10387;5302524;1008607232;14209024;1108545536;0;0;0;0;0;0;0;0;0;0;0;2474;0;0;89;0;80;0;
10388;2296147;1008607232;14209024;1108545536;0;0;0;0;0;0;0;0;0;0;0;2154;0;0;89;0;80;0;
10389;5239456;1008607232;14209024;1108545536;0;0;0;0;0;0;0;0;0;0;0;2225;0;0;89;0;80;0;
10390;2547888;1008607232;14209024;1108545536;0;0;0;0;0;0;0;0;0;0;0;1714;0;0;89;0;80;0;
10391;4515448;1008607232;14209024;1108545536;0;0;0;0;0;0;0;0;0;0;0;2004;0;0;89;0;80;0;
10392;2373160;1008607232;14209024;1108545536;0;0;0;0;0;0;0;0;0;0;0;1743;0;0;89;0;80;0;
10393;4899859;1008607232;14209024;1108545536;0;0;0;0;0;0;0;0;0;0;0;2044;0;0;89;0;80;0;
10394;3916956;1008607232;14209024;1108545536;0;0;0;0;0;0;0;0;0;0;0;1954;0;0;89;0;80;0;
10395;4897495;1008607232;14209024;1108545536;0;0;0;0;0;0;0;0;0;0;0;2174;0;0;89;0;80;0;
10396;3938957;1008607232;14209024;1108545536;0;0;0;0;0;0;0;0;0;0;0;2093;0;0;89;0;80;0;
10397;5566059;1008607232;14209024;1108545536;0;0;0;0;0;0;0;0;0;0;0;2425;0;0;89;0;80;0;
10398;2328738;1008607232;14209024;1108545536;0;0;0;0;0;0;0;0;0;0;0;1933;0;0;89;0;80;0;
10399;4715222;1008607232;14209024;1108545536;0;0;0;0;0;0;0;0;0;0;0;2104;0;0;89;0;80;0;
10400;3746376;1008607232;14209024;1108545536;0;0;0;0;0;0;0;0;0;0;0;2104;0;0;89;0;80;0;
10401;5044320;1008607232;14209024;1108545536;0;0;0;0;0;0;0;0;0;0;0;2014;0;0;89;0;80;0;
10402;2823806;1008607232;14209024;1108545536;0;0;0;0;0;0;0;0;0;0;0;1883;0;0;89;0;80;0;
10403;4775536;1008607232;14209024;1108545536;0;0;0;0;0;0;0;0;0;0;0;2144;0;0;89;0;80;0;
10404;2142989;1008607232;14209024;1108545536;0;0;0;0;0;0;0;0;0;0;0;1683;0;0;89;0;80;0;
10405;4897134;1008607232;14209024;1108545536;0;0;0;0;0;0;0;0;0;0;0;3667;0;0;89;0;80;0;
10406;4198604;1008607232;14209024;1108545536;0;0;0;0;0;0;0;0;0;0;0;2334;0;0;89;0;80;0;
10407;5874197;1008607232;14209024;1108545536;0;0;0;0;0;0;0;0;0;0;0;3066;0;0;89;0;80;0;
10408;3484725;1008607232;14209024;1108545536;0;0;0;0;0;0;0;0;0;0;0;2745;0;0;89;0;80;0;
10409;5645397;1008607232;14209024;1108545536;0;0;0;0;0;0;0;0;0;0;0;3727;0;0;89;0;80;0;
10410;4094899;1008607232;14209024;1108545536;0;0;0;0;0;0;0;0;0;0;0;3297;0;0;89;0;80;0;
10411;5544297;1008607232;14209024;1108545536;0;0;0;0;0;0;0;0;0;0;0;3286;0;0;89;0;80;0;
10412;3596344;1008607232;14209024;1108545536;0;0;0;0;0;0;0;0;0;0;0;2946;0;0;89;0;80;0;
10413;5536744;1008607232;14209024;1108545536;0;0;0;0;0;0;0;0;0;0;0;3286;0;0;89;0;80;0;
10414;3047536;1008607232;14209024;1108545536;0;0;0;0;0;0;0;0;0;0;0;2845;0;0;89;0;80;0;
10415;4800253;1008607232;14209024;1108545536;0;0;0;0;0;0;0;0;0;0;0;3707;0;0;89;0;80;0;
10416;3957462;1008607232;14209024;1108545536;0;0;0;0;0;0;0;0;0;0;0;3116;0;0;89;0;80;0;
10417;5236490;1008607232;14209024;1108545536;0;0;0;0;0;0;0;0;0;0;0;2565;0;0;89;0;80;0;
10418;3172470;1008607232;14209024;1108545536;0;0;0;0;0;0;0;0;0;0;0;2806;0;0;89;0;80;0;
10419;5837107;1008607232;14209024;1108545536;0;0;0;0;0;0;0;0;0;0;0;3667;0;0;89;0;80;0;
10420;3183260;1008607232;14209024;1108545536;0;0;0;0;0;0;0;0;0;0;0;2405;0;0;89;0;80;0;
10421;4431010;1008607232;14209024;1108545536;0;0;0;0;0;0;0;0;0;0;0;2424;0;0;89;0;80;0;
10422;3756445;1008607232;14209024;1108545536;0;0;0;0;0;0;0;0;0;0;0;2925;0;0;89;0;80;0;
10423;5052816;1008607232;14209024;1108545536;0;0;0;0;0;0;0;0;0;0;0;3236;0;0;89;0;80;0;
10424;2388719;1008607232;14209024;1108545536;0;0;0;0;0;0;0;0;0;0;0;2104;0;0;89;0;80;0;
10425;4569590;1008607232;14209024;1108545536;0;0;0;0;0;0;0;0;0;0;0;3065;0;0;89;0;80;0;
10426;2929113;1008607232;14209024;1108545536;0;0;0;0;0;0;0;0;0;0;0;2916;0;0;89;0;80;0;
10427;5791111;1008607232;14209024;1108545536;0;0;0;0;0;0;0;0;0;0;0;3076;0;0;89;0;80;0;
10428;3057334;1008607232;14209024;1108545536;0;0;0;0;0;0;0;0;0;0;0;2544;0;0;89;0;80;0;
10429;5979403;1008607232;14209024;1108545536;0;0;0;0;0;0;0;0;0;0;0;2525;0;0;89;0;80;0;
10430;3690902;1008607232;14209024;1108545536;0;0;0;0;0;0;0;0;0;0;0;1863;0;0;89;0;80;0;
10431;4823115;1008607232;14209024;1108545536;0;0;0;0;0;0;0;0;0;0;0;2074;0;0;89;0;80;0;
10432;3188610;1008607232;14209024;1108545536;0;0;0;0;0;0;0;0;0;0;0;2285;0;0;89;0;80;0;
10433;4817965;1008607232;14209024;1108545536;0;0;0;0;0;0;0;0;0;0;0;2665;0;0;89;0;80;0;
10434;2367309;1008607232;14209024;1108545536;0;0;0;0;0;0;0;0;0;0;0;2265;0;0;89;0;80;0;
10435;4907884;1008607232;14209024;1108545536;0;0;0;0;0;0;0;0;0;0;0;2345;0;0;89;0;80;0;
10436;4368142;1008607232;14209024;1108545536;0;0;0;0;0;0;0;0;0;0;0;1943;0;0;89;0;80;0;
10437;5084575;1008607232;14209024;1108545536;0;0;0;0;0;0;0;0;0;0;0;2104;0;0;89;0;80;0;
10438;3452735;1008607232;14209024;1108545536;0;0;0;0;0;0;0;0;0;0;0;2565;0;0;89;0;80;0;
10439;5296212;1008607232;14209024;1108545536;0;0;0;0;0;0;0;0;0;0;0;2665;0;0;89;0;80;0;
10440;2196169;1008607232;14209024;1108545536;0;0;0;0;0;0;0;0;0;0;0;2294;0;0;89;0;80;0;
10441;4527761;1008607232;14209024;1108545536;0;0;0;0;0;0;0;0;0;0;0;2064;0;0;89;0;80;0;
10442;2984026;1008607232;14209024;1108545536;0;0;0;0;0;0;0;0;0;0;0;1964;0;0;89;0;80;0;
10443;4986882;1008607232;14209024;1108545536;0;0;0;0;0;0;0;0;0;0;0;2395;0;0;89;0;80;0;
10444;1798363;1008607232;14209024;1108545536;0;0;0;0;0;0;0;0;0;0;0;1292;0;0;89;0;80;0;
10445;5856644;1008607232;14209024;1108545536;0;0;0;0;0;0;0;0;0;0;0;1993;0;0;89;0;80;0;
10446;2066645;1008607232;14209024;1108545536;0;0;0;0;0;0;0;0;0;0;0;2364;0;0;89;0;80;0;
10447;4410592;1008607232;14209024;1108545536;0;0;0;0;0;0;0;0;0;0;0;2224;0;0;89;0;80;0;
10448;3540149;1008607232;14209024;1108545536;0;0;0;0;0;0;0;0;0;0;0;1924;0;0;89;0;80;0;
10449;5159076;1008607232;14209024;1108545536;0;0;0;0;0;0;0;0;0;0;0;2414;0;0;89;0;80;0;
10450;1834931;1008607232;14209024;1108545536;0;0;0;0;0;0;0;0;0;0;0;1683;0;0;89;0;80;0;
10451;4895161;1008607232;14209024;1108545536;0;0;0;0;0;0;0;0;0;0;0;1953;0;0;89;0;80;0;
10452;3301301;1008607232;14209024;1108545536;0;0;0;0;0;0;0;0;0;0;0;1733;0;0;89;0;80;0;
10453;5166049;1008607232;14209024;1108545536;0;0;0;0;0;0;0;0;0;0;0;1613;0;0;89;0;80;0;
10454;2773181;1008607232;14209024;1108545536;0;0;0;0;0;0;0;0;0;0;0;1513;0;0;89;0;80;0;
10455;4895921;1008607232;14209024;1108545536;0;0;0;0;0;0;0;0;0;0;0;2094;0;0;89;0;80;0;
10456;3212204;1008607232;14209024;1108545536;0;0;0;0;0;0;0;0;0;0;0;1763;0;0;89;0;80;0;
10457;5162562;1008607232;14209024;1108545536;0;0;0;0;0;0;0;0;0;0;0;2104;0;0;89;0;80;0;
10458;2498206;1008607232;14209024;1108545536;0;0;0;0;0;0;0;0;0;0;0;1543;0;0;89;0;80;0;
10459;4565893;1008607232;14209024;1108545536;0;0;0;0;0;0;0;0;0;0;0;1954;0;0;89;0;80;0;
10460;2920858;1008607232;14209024;1108545536;0;0;0;0;0;0;0;0;0;0;0;1853;0;0;89;0;80;0;
10461;5014294;1008607232;14209024;1108545536;0;0;0;0;0;0;0;0;0;0;0;1994;0;0;89;0;80;0;
10462;2498536;1008607232;14209024;1108545536;0;0;0;0;0;0;0;0;0;0;0;1844;0;0;89;0;80;0;
10463;4735040;1008607232;14209024;1108545536;0;0;0;0;0;0;0;0;0;0;0;1984;0;0;89;0;80;0;
10464;1710207;1008607232;14209024;1108545536;0;0;0;0;0;0;0;0;0;0;0;1763;0;0;89;0;80;0;
10465;4474000;1008607232;14209024;1108545536;0;0;0;0;0;0;0;0;0;0;0;1854;0;0;89;0;80;0;
10466;2342403;1008607232;14209024;1108545536;0;0;0;0;0;0;0;0;0;0;0;1673;0;0;89;0;80;0;
10467;4736854;1008607232;14209024;1108545536;0;0;0;0;0;0;0;0;0;0;0;1773;0;0;89;0;80;0;
10468;2189997;1008607232;14209024;1108545536;0;0;0;0;0;0;0;0;0;0;0;1563;0;0;89;0;80;0;
10469;5320568;1008607232;14209024;1108545536;0;0;0;0;0;0;0;0;0;0;0;1874;0;0;89;0;80;0;
10470;2201339;1008607232;14209024;1108545536;0;0;0;0;0;0;0;0;0;0;0;1583;0;0;89;0;80;0;
10471;4466296;1008607232;14209024;1108545536;0;0;0;0;0;0;0;0;0;0;0;2154;0;0;89;0;80;0;
10472;3451082;1008607232;14209024;1108545536;0;0;0;0;0;0;0;0;0;0;0;1833;0;0;89;0;80;0;
10473;4365247;1008607232;14209024;1108545536;0;0;0;0;0;0;0;0;0;0;0;1583;0;0;89;0;80;0;
10474;1986676;1008607232;14209024;1108545536;0;0;0;0;0;0;0;0;0;0;0;1983;0;0;89;0;80;0;
10475;4733588;1008607232;14209024;1108545536;0;0;0;0;0;0;0;0;0;0;0;2394;0;0;89;0;80;0;
10476;3497439;1008607232;14209024;1108545536;0;0;0;0;0;0;0;0;0;0;0;2685;0;0;89;0;80;0;
10477;5403905;1008607232;14209024;1108545536;0;0;0;0;0;0;0;0;0;0;0;2504;0;0;89;0;80;0;
10478;2582273;1008607232;14209024;1108545536;0;0;0;0;0;0;0;0;0;0;0;2355;0;0;89;0;80;0;
10479;11172824;1008607232;14209024;1108545536;0;0;0;0;0;0;0;0;0;0;0;2625;0;0;89;0;80;0;
10480;2528702;1008607232;14209024;1108545536;0;0;0;0;0;0;0;0;0;0;0;1964;0;0;89;0;80;0;
10481;5789508;1008607232;14209024;1108545536;0;0;0;0;0;0;0;0;0;0;0;2805;0;0;89;0;80;0;
10482;3153655;1008607232;14209024;1108545536;0;0;0;0;0;0;0;0;0;0;0;2274;0;0;89;0;80;0;
10483;4998474;1008607232;14209024;1108545536;0;0;0;0;0;0;0;0;0;0;0;2716;0;0;89;0;80;0;
10484;2923372;1008607232;14209024;1108545536;0;0;0;0;0;0;0;0;0;0;0;1684;0;0;89;0;80;0;
10485;4728758;1008607232;14209024;1108545536;0;0;0;0;0;0;0;0;0;0;0;2194;0;0;89;0;80;0;
10486;2430518;1008607232;14209024;1108545536;0;0;0;0;0;0;0;0;0;0;0;1483;0;0;89;0;80;0;
10487;4457469;1008607232;14209024;1108545536;0;0;0;0;0;0;0;0;0;0;0;2124;0;0;89;0;80;0;
10488;2140865;1008607232;14209024;1108545536;0;0;0;0;0;0;0;0;0;0;0;1743;0;0;89;0;80;0;
10489;4581272;1008607232;14209024;1108545536;0;0;0;0;0;0;0;0;0;0;0;1994;0;0;89;0;80;0;
10490;2683843;1008607232;14209024;1108545536;0;0;0;0;0;0;0;0;0;0;0;1633;0;0;89;0;80;0;
10491;5640669;1008607232;14209024;1108545536;0;0;0;0;0;0;0;0;0;0;0;2344;0;0;89;0;80;0;
10492;3374137;1008607232;14209024;1108545536;0;0;0;0;0;0;0;0;0;0;0;2425;0;0;89;0;80;0;
10493;4980570;1008607232;14209024;1108545536;0;0;0;0;0;0;0;0;0;0;0;2365;0;0;89;0;80;0;
10494;3616913;1008607232;14209024;1108545536;0;0;0;0;0;0;0;0;0;0;0;2495;0;0;89;0;80;0;
10495;4615005;1008607232;14209024;1108545536;0;0;0;0;0;0;0;0;0;0;0;2003;0;0;89;0;80;0;
10496;2887656;1008607232;14209024;1108545536;0;0;0;0;0;0;0;0;0;0;0;2344;0;0;89;0;80;0;
10497;5377676;1008607232;14209024;1108545536;0;0;0;0;0;0;0;0;0;0;0;2294;0;0;89;0;80;0;
10498;3122556;1008607232;14209024;1108545536;0;0;0;0;0;0;0;0;0;0;0;2224;0;0;89;0;80;0;
10499;5148937;1008607232;14217216;1108553728;0;0;0;0;0;0;0;0;0;0;0;2705;0;0;89;0;80;0;
10500;2748294;1008607232;14217216;1108553728;0;0;0;0;0;0;0;0;0;0;0;1643;0;0;89;0;80;0;
10501;5275334;1008607232;14217216;1108553728;0;0;0;0;0;0;0;0;0;0;0;2294;0;0;89;0;80;0;
10502;3162350;1008607232;14217216;1108553728;0;0;0;0;0;0;0;0;0;0;0;3186;0;0;89;0;80;0;
10503;6271992;1008607232;14217216;1108553728;0;0;0;0;0;0;0;0;0;0;0;3958;0;0;89;0;80;0;
10504;3228004;1008607232;14217216;1108553728;0;0;0;0;0;0;0;0;0;0;0;2765;0;0;89;0;80;0;
10505;5513079;1008607232;14217216;1108553728;0;0;0;0;0;0;0;0;0;0;0;3366;0;0;89;0;80;0;
10506;6061378;1008611328;14209024;1108545536;0;0;0;0;0;0;0;0;0;0;0;5931;0;0;89;0;80;0;
10507;5551752;1008611328;14209024;1108545536;0;0;0;0;0;0;0;0;0;0;0;5911;0;0;89;0;80;0;
10508;5923409;1008611328;14209024;1108545536;0;0;0;0;0;0;0;0;0;0;0;5240;0;0;89;0;80;0;
10509;5603679;1008611328;14209024;1108545536;0;0;0;0;0;0;0;0;0;0;0;5079;0;0;89;0;80;0;
10510;4359416;1008611328;14209024;1108545536;0;0;0;0;0;0;0;0;0;0;0;2705;0;0;89;0;80;0;
10511;5777946;1008611328;14209024;1108545536;0;0;0;0;0;0;0;0;0;0;0;3476;0;0;89;0;80;0;
10512;3079214;1008611328;14209024;1108545536;0;0;0;0;0;0;0;0;0;0;0;2144;0;0;89;0;80;0;
10513;6229983;1008611328;14209024;1108545536;0;0;0;0;0;0;0;0;0;0;0;3937;0;0;89;0;80;0;
10514;2861687;1008611328;14209024;1108545536;0;0;0;0;0;0;0;0;0;0;0;2284;0;0;89;0;80;0;
10515;5342499;1008611328;14209024;1108545536;0;0;0;0;0;0;0;0;0;0;0;3256;0;0;89;0;80;0;
10516;2883578;1008611328;14209024;1108545536;0;0;0;0;0;0;0;0;0;0;0;2385;0;0;89;0;80;0;
10517;5934750;1008611328;14209024;1108545536;0;0;0;0;0;0;0;0;0;0;0;3467;0;0;89;0;80;0;
10518;2514886;1008611328;14209024;1108545536;0;0;0;0;0;0;0;0;0;0;0;2114;0;0;89;0;80;0;
10519;5569815;1008611328;14209024;1108545536;0;0;0;0;0;0;0;0;0;0;0;3306;0;0;89;0;80;0;
10520;2779422;1008611328;14209024;1108545536;0;0;0;0;0;0;0;0;0;0;0;2245;0;0;89;0;80;0;
10521;7322883;1008611328;14209024;1108545536;0;0;0;0;0;0;0;0;0;0;0;3507;0;0;89;0;80;0;
10522;3750063;1008611328;14209024;1108545536;0;0;0;0;0;0;0;0;0;0;0;3376;0;0;89;0;80;0;
10523;6745300;1008611328;14209024;1108545536;0;0;0;0;0;0;0;0;0;0;0;2545;0;0;89;0;80;0;
10524;3987688;1008611328;14209024;1108545536;0;0;0;0;0;0;0;0;0;0;0;2635;0;0;89;0;80;0;
10525;5798925;1008611328;14209024;1108545536;0;0;0;0;0;0;0;0;0;0;0;2465;0;0;89;0;80;0;
10526;3712072;1008611328;14209024;1108545536;0;0;0;0;0;0;0;0;0;0;0;2274;0;0;89;0;80;0;
10527;4613222;1008611328;14209024;1108545536;0;0;0;0;0;0;0;0;0;0;0;2335;0;0;89;0;80;0;
10528;2456297;1008611328;14209024;1108545536;0;0;0;0;0;0;0;0;0;0;0;9528;0;0;89;0;80;0;
10529;6089900;1008611328;14209024;1108545536;0;0;0;0;0;0;0;0;0;0;0;2915;0;0;89;0;80;0;
10530;3371032;1008611328;14209024;1108545536;0;0;0;0;0;0;0;0;0;0;0;2926;0;0;89;0;80;0;
10531;5425555;1008611328;14209024;1108545536;0;0;0;0;0;0;0;0;0;0;0;3316;0;0;89;0;80;0;
10532;2523903;1008611328;14209024;1108545536;0;0;0;0;0;0;0;0;0;0;0;2234;0;0;89;0;80;0;
10533;6042973;1008611328;14209024;1108545536;0;0;0;0;0;0;0;0;0;0;0;4940;0;0;89;0;80;0;
10534;4883979;1008611328;14209024;1108545536;0;0;0;0;0;0;0;0;0;0;0;3126;0;0;89;0;80;0;
10535;5665675;1008611328;14209024;1108545536;0;0;0;0;0;0;0;0;0;0;0;4398;0;0;89;0;80;0;
10536;5439671;1008611328;14209024;1108545536;0;0;0;0;0;0;0;0;0;0;0;4288;0;0;89;0;80;0;
10537;6738938;1008611328;14209024;1108545536;0;0;0;0;0;0;0;0;0;0;0;4048;0;0;89;0;80;0;
10538;3258231;1008611328;14209024;1108545536;0;0;0;0;0;0;0;0;0;0;0;2796;0;0;89;0;80;0;
10539;5729024;1008611328;14209024;1108545536;0;0;0;0;0;0;0;0;0;0;0;3747;0;0;89;0;80;0;
10540;3800157;1008611328;14209024;1108545536;0;0;0;0;0;0;0;0;0;0;0;3156;0;0;89;0;80;0;
10541;6497265;1008611328;14209024;1108545536;0;0;0;0;0;0;0;0;0;0;0;3907;0;0;89;0;80;0;
10542;3314055;1008611328;14209024;1108545536;0;0;0;0;0;0;0;0;0;0;0;3436;0;0;89;0;80;0;
10543;4978256;1008611328;14209024;1108545536;0;0;0;0;0;0;0;0;0;0;0;3757;0;0;89;0;80;0;
10544;3529039;1008611328;14209024;1108545536;0;0;0;0;0;0;0;0;0;0;0;2846;0;0;89;0;80;0;
10545;5725307;1008611328;14209024;1108545536;0;0;0;0;0;0;0;0;0;0;0;2755;0;0;89;0;80;0;
10546;3597297;1008611328;14209024;1108545536;0;0;0;0;0;0;0;0;0;0;0;2835;0;0;89;0;80;0;
10547;4682882;1008611328;14209024;1108545536;0;0;0;0;0;0;0;0;0;0;0;2715;0;0;89;0;80;0;
10548;3130030;1008611328;14209024;1108545536;0;0;0;0;0;0;0;0;0;0;0;2465;0;0;89;0;80;0;
10549;5957663;1008611328;14209024;1108545536;0;0;0;0;0;0;0;0;0;0;0;2064;0;0;89;0;80;0;
10550;3439651;1008611328;14209024;1108545536;0;0;0;0;0;0;0;0;0;0;0;2364;0;0;89;0;80;0;
10551;5618687;1008611328;14209024;1108545536;0;0;0;0;0;0;0;0;0;0;0;2745;0;0;89;0;80;0;
10552;2470172;1008611328;14209024;1108545536;0;0;0;0;0;0;0;0;0;0;0;2374;0;0;89;0;80;0;
10553;5953245;1008611328;14209024;1108545536;0;0;0;0;0;0;0;0;0;0;0;2945;0;0;89;0;80;0;
10554;2202751;1008611328;14209024;1108545536;0;0;0;0;0;0;0;0;0;0;0;1784;0;0;89;0;80;0;
10555;5064658;1008611328;14209024;1108545536;0;0;0;0;0;0;0;0;0;0;0;3297;0;0;89;0;80;0;
10556;2880142;1008611328;14209024;1108545536;0;0;0;0;0;0;0;0;0;0;0;1984;0;0;89;0;80;0;
10557;5450813;1008611328;14209024;1108545536;0;0;0;0;0;0;0;0;0;0;0;3016;0;0;89;0;80;0;
10558;1759519;1008611328;14209024;1108545536;0;0;0;0;0;0;0;0;0;0;0;2104;0;0;89;0;80;0;
10559;5234607;1008611328;14209024;1108545536;0;0;0;0;0;0;0;0;0;0;0;3386;0;0;89;0;80;0;
10560;2362280;1008611328;14209024;1108545536;0;0;0;0;0;0;0;0;0;0;0;2474;0;0;89;0;80;0;
10561;6384103;1008611328;14209024;1108545536;0;0;0;0;0;0;0;0;0;0;0;4950;0;0;89;0;80;0;
10562;3642361;1008611328;14209024;1108545536;0;0;0;0;0;0;0;0;0;0;0;2915;0;0;89;0;80;0;
10563;5823792;1008611328;14209024;1108545536;0;0;0;0;0;0;0;0;0;0;0;11872;0;0;89;0;80;0;
10564;4066406;1008611328;14209024;1108545536;0;0;0;0;0;0;0;0;0;0;0;4168;0;0;89;0;80;0;
10565;5174805;1008611328;14209024;1108545536;0;0;0;0;0;0;0;0;0;0;0;5070;0;0;89;0;80;0;
10566;2396494;1008611328;14209024;1108545536;0;0;0;0;0;0;0;0;0;0;0;2224;0;0;89;0;80;0;
10567;4277603;1008611328;14209024;1108545536;0;0;0;0;0;0;0;0;0;0;0;3316;0;0;89;0;80;0;
10568;3085246;1008611328;14209024;1108545536;0;0;0;0;0;0;0;0;0;0;0;2194;0;0;89;0;80;0;
10569;5004295;1008611328;14209024;1108545536;0;0;0;0;0;0;0;0;0;0;0;3738;0;0;89;0;80;0;
10570;1987267;1008611328;14209024;1108545536;0;0;0;0;0;0;0;0;0;0;0;2505;0;0;89;0;80;0;
10571;5270875;1008611328;14209024;1108545536;0;0;0;0;0;0;0;0;0;0;0;3667;0;0;89;0;80;0;
10572;2284354;1008611328;14209024;1108545536;0;0;0;0;0;0;0;0;0;0;0;1843;0;0;89;0;80;0;
10573;4579308;1008611328;14209024;1108545536;0;0;0;0;0;0;0;0;0;0;0;2715;0;0;89;0;80;0;
10574;2313980;1008611328;14209024;1108545536;0;0;0;0;0;0;0;0;0;0;0;2114;0;0;89;0;80;0;
10575;4817905;1008611328;14209024;1108545536;0;0;0;0;0;0;0;0;0;0;0;3797;0;0;89;0;80;0;
10576;2328877;1008611328;14209024;1108545536;0;0;0;0;0;0;0;0;0;0;0;3737;0;0;89;0;80;0;
10577;5108440;1008611328;14209024;1108545536;0;0;0;0;0;0;0;0;0;0;0;3627;0;0;89;0;80;0;
10578;1935580;1008611328;14209024;1108545536;0;0;0;0;0;0;0;0;0;0;0;4639;0;0;89;0;80;0;
10579;5210632;1008611328;14209024;1108545536;0;0;0;0;0;0;0;0;0;0;0;3317;0;0;89;0;80;0;
10580;2722706;1008611328;14209024;1108545536;0;0;0;0;0;0;0;0;0;0;0;2194;0;0;89;0;80;0;
10581;5434541;1008611328;14209024;1108545536;0;0;0;0;0;0;0;0;0;0;0;2896;0;0;89;0;80;0;
10582;2775054;1008611328;14209024;1108545536;0;0;0;0;0;0;0;0;0;0;0;2224;0;0;89;0;80;0;
10583;4553009;1008611328;14209024;1108545536;0;0;0;0;0;0;0;0;0;0;0;2805;0;0;89;0;80;0;
10584;2301797;1008611328;14209024;1108545536;0;0;0;0;0;0;0;0;0;0;0;2064;0;0;89;0;80;0;
10585;4988195;1008611328;14209024;1108545536;0;0;0;0;0;0;0;0;0;0;0;3076;0;0;89;0;80;0;
10586;2283563;1008611328;14209024;1108545536;0;0;0;0;0;0;0;0;0;0;0;2194;0;0;89;0;80;0;
10587;4327125;1008611328;14209024;1108545536;0;0;0;0;0;0;0;0;0;0;0;3016;0;0;89;0;80;0;
10588;2614303;1008611328;14209024;1108545536;0;0;0;0;0;0;0;0;0;0;0;2054;0;0;89;0;80;0;
10589;5058717;1008611328;14209024;1108545536;0;0;0;0;0;0;0;0;0;0;0;3646;0;0;89;0;80;0;
10590;3092900;1008611328;14209024;1108545536;0;0;0;0;0;0;0;0;0;0;0;3236;0;0;89;0;80;0;
10591;5991817;1008611328;14209024;1108545536;0;0;0;0;0;0;0;0;0;0;0;3105;0;0;89;0;80;0;
10592;2563468;1008611328;14209024;1108545536;0;0;0;0;0;0;0;0;0;0;0;2565;0;0;89;0;80;0;
10593;6232048;1008611328;14209024;1108545536;0;0;0;0;0;0;0;0;0;0;0;4419;0;0;89;0;80;0;
10594;3044850;1008611328;14209024;1108545536;0;0;0;0;0;0;0;0;0;0;0;2555;0;0;89;0;80;0;
10595;4775987;1008611328;14209024;1108545536;0;0;0;0;0;0;0;0;0;0;0;3637;0;0;89;0;80;0;
10596;2532469;1008611328;14209024;1108545536;0;0;0;0;0;0;0;0;0;0;0;3076;0;0;89;0;80;0;
10597;5248833;1008611328;14209024;1108545536;0;0;0;0;0;0;0;0;0;0;0;3366;0;0;89;0;80;0;
10598;2867358;1008611328;14209024;1108545536;0;0;0;0;0;0;0;0;0;0;0;2885;0;0;89;0;80;0;
10599;5785841;1008611328;14209024;1108545536;0;0;0;0;0;0;0;0;0;0;0;3938;0;0;89;0;80;0;
10600;2178185;1008611328;14209024;1108545536;0;0;0;0;0;0;0;0;0;0;0;2415;0;0;89;0;80;0;
10601;5379458;1008611328;14209024;1108545536;0;0;0;0;0;0;0;0;0;0;0;3657;0;0;89;0;80;0;
10602;2905329;1008611328;14209024;1108545536;0;0;0;0;0;0;0;0;0;0;0;3066;0;0;89;0;80;0;
10603;5269502;1008611328;14209024;1108545536;0;0;0;0;0;0;0;0;0;0;0;3497;0;0;89;0;80;0;
10604;3123197;1008611328;14209024;1108545536;0;0;0;0;0;0;0;0;0;0;0;2946;0;0;89;0;80;0;
10605;5045563;1008611328;14209024;1108545536;0;0;0;0;0;0;0;0;0;0;0;3747;0;0;89;0;80;0;
10606;3895345;1008611328;14209024;1108545536;0;0;0;0;0;0;0;0;0;0;0;3146;0;0;89;0;80;0;
10607;5274101;1008611328;14209024;1108545536;0;0;0;0;0;0;0;0;0;0;0;3537;0;0;89;0;80;0;
10608;3182028;1008611328;14209024;1108545536;0;0;0;0;0;0;0;0;0;0;0;2775;0;0;89;0;80;0;
10609;5342248;1008611328;14209024;1108545536;0;0;0;0;0;0;0;0;0;0;0;2955;0;0;89;0;80;0;
10610;4943592;1008611328;14209024;1108545536;0;0;0;0;0;0;0;0;0;0;0;2895;0;0;89;0;80;0;
10611;6184899;1008611328;14209024;1108545536;0;0;0;0;0;0;0;0;0;0;0;3587;0;0;89;0;80;0;
10612;2251412;1008611328;14209024;1108545536;0;0;0;0;0;0;0;0;0;0;0;2895;0;0;89;0;80;0;
10613;5473174;1008611328;14209024;1108545536;0;0;0;0;0;0;0;0;0;0;0;5811;0;0;89;0;80;0;
10614;2844574;1008611328;14209024;1108545536;0;0;0;0;0;0;0;0;0;0;0;2655;0;0;89;0;80;0;
10615;6034607;1008611328;14209024;1108545536;0;0;0;0;0;0;0;0;0;0;0;4178;0;0;89;0;80;0;
10616;2828284;1008611328;14209024;1108545536;0;0;0;0;0;0;0;0;0;0;0;2625;0;0;89;0;80;0;
10617;6312719;1008611328;14209024;1108545536;0;0;0;0;0;0;0;0;0;0;0;7674;0;0;89;0;80;0;
10618;3224237;1008611328;14209024;1108545536;0;0;0;0;0;0;0;0;0;0;0;2405;0;0;89;0;80;0;
10619;5659404;1008611328;14209024;1108545536;0;0;0;0;0;0;0;0;0;0;0;3096;0;0;89;0;80;0;
10620;3641389;1008611328;14209024;1108545536;0;0;0;0;0;0;0;0;0;0;0;2695;0;0;89;0;80;0;
10621;5635608;1008611328;14209024;1108545536;0;0;0;0;0;0;0;0;0;0;0;3086;0;0;89;0;80;0;
10622;3495435;1008611328;14209024;1108545536;0;0;0;0;0;0;0;0;0;0;0;2855;0;0;89;0;80;0;
10623;6926359;1008611328;14209024;1108545536;0;0;0;0;0;0;0;0;0;0;0;4008;0;0;89;0;80;0;
10624;4228610;1008611328;14209024;1108545536;0;0;0;0;0;0;0;0;0;0;0;2785;0;0;89;0;80;0;
10625;7117147;1008611328;14209024;1108545536;0;0;0;0;0;0;0;0;0;0;0;3878;0;0;89;0;80;0;
10626;3698326;1008611328;14209024;1108545536;0;0;0;0;0;0;0;0;0;0;0;3196;0;0;89;0;80;0;
10627;6131629;1008611328;14209024;1108545536;0;0;0;0;0;0;0;0;0;0;0;3968;0;0;89;0;80;0;
10628;2979117;1008611328;14209024;1108545536;0;0;0;0;0;0;0;0;0;0;0;2605;0;0;89;0;80;0;
10629;5960378;1008611328;14209024;1108545536;0;0;0;0;0;0;0;0;0;0;0;3306;0;0;89;0;80;0;
10630;2654848;1008611328;14209024;1108545536;0;0;0;0;0;0;0;0;0;0;0;2916;0;0;89;0;80;0;
10631;6207071;1008611328;14209024;1108545536;0;0;0;0;0;0;0;0;0;0;0;3577;0;0;89;0;80;0;
10632;2290706;1008611328;14209024;1108545536;0;0;0;0;0;0;0;0;0;0;0;2114;0;0;89;0;80;0;
10633;5125563;1008611328;14209024;1108545536;0;0;0;0;0;0;0;0;0;0;0;3526;0;0;89;0;80;0;
10634;2305514;1008611328;14209024;1108545536;0;0;0;0;0;0;0;0;0;0;0;2505;0;0;89;0;80;0;
10635;5802101;1008611328;14209024;1108545536;0;0;0;0;0;0;0;0;0;0;0;3727;0;0;89;0;80;0;
10636;3514251;1008611328;14209024;1108545536;0;0;0;0;0;0;0;0;0;0;0;2254;0;0;89;0;80;0;
10637;5496137;1008611328;14209024;1108545536;0;0;0;0;0;0;0;0;0;0;0;4238;0;0;89;0;80;0;
10638;3412440;1008611328;14209024;1108545536;0;0;0;0;0;0;0;0;0;0;0;3236;0;0;89;0;80;0;
10639;5256579;1008611328;14209024;1108545536;0;0;0;0;0;0;0;0;0;0;0;3778;0;0;89;0;80;0;
10640;3832868;1008611328;14209024;1108545536;0;0;0;0;0;0;0;0;0;0;0;2635;0;0;89;0;80;0;
10641;6553099;1008611328;14209024;1108545536;0;0;0;0;0;0;0;0;0;0;0;2525;0;0;89;0;80;0;
10642;2514877;1008611328;14209024;1108545536;0;0;0;0;0;0;0;0;0;0;0;2324;0;0;89;0;80;0;
10643;5518559;1008611328;14209024;1108545536;0;0;0;0;0;0;0;0;0;0;0;2926;0;0;89;0;80;0;
10644;2619152;1008611328;14209024;1108545536;0;0;0;0;0;0;0;0;0;0;0;2555;0;0;89;0;80;0;
10645;4890031;1008611328;14209024;1108545536;0;0;0;0;0;0;0;0;0;0;0;2786;0;0;89;0;80;0;
10646;2505008;1008611328;14209024;1108545536;0;0;0;0;0;0;0;0;0;0;0;1923;0;0;89;0;80;0;
10647;4734790;1008611328;14209024;1108545536;0;0;0;0;0;0;0;0;0;0;0;1854;0;0;89;0;80;0;
10648;2209473;1008611328;14209024;1108545536;0;0;0;0;0;0;0;0;0;0;0;1533;0;0;89;0;80;0;
10649;4965632;1008611328;14209024;1108545536;0;0;0;0;0;0;0;0;0;0;0;2204;0;0;89;0;80;0;
10650;2627408;1008611328;14209024;1108545536;0;0;0;0;0;0;0;0;0;0;0;1543;0;0;89;0;80;0;
10651;4818016;1008611328;14209024;1108545536;0;0;0;0;0;0;0;0;0;0;0;2154;0;0;89;0;80;0;
10652;3155508;1008611328;14209024;1108545536;0;0;0;0;0;0;0;0;0;0;0;1493;0;0;89;0;80;0;
10653;4672492;1008611328;14209024;1108545536;0;0;0;0;0;0;0;0;0;0;0;1924;0;0;89;0;80;0;
10654;1643402;1008611328;14209024;1108545536;0;0;0;0;0;0;0;0;0;0;0;1412;0;0;89;0;80;0;
10655;4407786;1008611328;14209024;1108545536;0;0;0;0;0;0;0;0;0;0;0;1563;0;0;89;0;80;0;
10656;2670829;1008611328;14209024;1108545536;0;0;0;0;0;0;0;0;0;0;0;1623;0;0;89;0;80;0;
10657;4621908;1008611328;14209024;1108545536;0;0;0;0;0;0;0;0;0;0;0;1933;0;0;89;0;80;0;
10658;1876449;1008611328;14209024;1108545536;0;0;0;0;0;0;0;0;0;0;0;1553;0;0;89;0;80;0;
10659;4788120;1008611328;14209024;1108545536;0;0;0;0;0;0;0;0;0;0;0;1563;0;0;89;0;80;0;
10660;3461001;1008611328;14209024;1108545536;0;0;0;0;0;0;0;0;0;0;0;3166;0;0;89;0;80;0;
10661;5592257;1008611328;14209024;1108545536;0;0;0;0;0;0;0;0;0;0;0;2004;0;0;89;0;80;0;
10662;2207991;1008611328;14209024;1108545536;0;0;0;0;0;0;0;0;0;0;0;1783;0;0;89;0;80;0;
10663;5211944;1008611328;14209024;1108545536;0;0;0;0;0;0;0;0;0;0;0;2044;0;0;89;0;80;0;
10664;2998213;1008611328;14209024;1108545536;0;0;0;0;0;0;0;0;0;0;0;1713;0;0;89;0;80;0;
10665;5008433;1008611328;14209024;1108545536;0;0;0;0;0;0;0;0;0;0;0;2174;0;0;89;0;80;0;
10666;2847000;1008611328;14209024;1108545536;0;0;0;0;0;0;0;0;0;0;0;1773;0;0;89;0;80;0;
10667;5151451;1008611328;14209024;1108545536;0;0;0;0;0;0;0;0;0;0;0;2545;0;0;89;0;80;0;
10668;4329439;1008611328;14209024;1108545536;0;0;0;0;0;0;0;0;0;0;0;1923;0;0;89;0;80;0;
10669;5077612;1008611328;14209024;1108545536;0;0;0;0;0;0;0;0;0;0;0;1773;0;0;89;0;80;0;
10670;3594751;1008611328;14209024;1108545536;0;0;0;0;0;0;0;0;0;0;0;1753;0;0;89;0;80;0;
10671;5516606;1008611328;14209024;1108545536;0;0;0;0;0;0;0;0;0;0;0;1894;0;0;89;0;80;0;
10672;2829667;1008611328;14209024;1108545536;0;0;0;0;0;0;0;0;0;0;0;1854;0;0;89;0;80;0;
10673;5933227;1008611328;14209024;1108545536;0;0;0;0;0;0;0;0;0;0;0;2545;0;0;89;0;80;0;
10674;2802877;1008611328;14209024;1108545536;0;0;0;0;0;0;0;0;0;0;0;2014;0;0;89;0;80;0;
10675;4921951;1008611328;14209024;1108545536;0;0;0;0;0;0;0;0;0;0;0;1964;0;0;89;0;80;0;
10676;3283748;1008611328;14209024;1108545536;0;0;0;0;0;0;0;0;0;0;0;2053;0;0;89;0;80;0;
10677;5200543;1008611328;14209024;1108545536;0;0;0;0;0;0;0;0;0;0;0;3697;0;0;89;0;80;0;
10678;2703170;1008611328;14209024;1108545536;0;0;0;0;0;0;0;0;0;0;0;2605;0;0;89;0;80;0;
10679;5270053;1008611328;14209024;1108545536;0;0;0;0;0;0;0;0;0;0;0;3317;0;0;89;0;80;0;
10680;3908149;1008611328;14209024;1108545536;0;0;0;0;0;0;0;0;0;0;0;3577;0;0;89;0;80;0;
10681;5241260;1008611328;14209024;1108545536;0;0;0;0;0;0;0;0;0;0;0;2505;0;0;89;0;80;0;
10682;2725692;1008611328;14209024;1108545536;0;0;0;0;0;0;0;0;0;0;0;2084;0;0;89;0;80;0;
10683;4671571;1008611328;14209024;1108545536;0;0;0;0;0;0;0;0;0;0;0;2866;0;0;89;0;80;0;
10684;3009243;1008611328;14209024;1108545536;0;0;0;0;0;0;0;0;0;0;0;2715;0;0;89;0;80;0;
10685;4820790;1008611328;14209024;1108545536;0;0;0;0;0;0;0;0;0;0;0;3516;0;0;89;0;80;0;
10686;3441434;1008611328;14209024;1108545536;0;0;0;0;0;0;0;0;0;0;0;2344;0;0;89;0;80;0;
10687;5614269;1008611328;14209024;1108545536;0;0;0;0;0;0;0;0;0;0;0;4639;0;0;89;0;80;0;
10688;4350459;1008611328;14209024;1108545536;0;0;0;0;0;0;0;0;0;0;0;2876;0;0;89;0;80;0;
10689;5719136;1008611328;14209024;1108545536;0;0;0;0;0;0;0;0;0;0;0;4178;0;0;89;0;80;0;
10690;4112753;1008611328;14209024;1108545536;0;0;0;0;0;0;0;0;0;0;0;3126;0;0;89;0;80;0;
10691;5993079;1008611328;14209024;1108545536;0;0;0;0;0;0;0;0;0;0;0;8506;0;0;89;0;80;0;
10692;4430549;1008611328;14209024;1108545536;0;0;0;0;0;0;0;0;0;0;0;3396;0;0;89;0;80;0;
10693;5813202;1008611328;14209024;1108545536;0;0;0;0;0;0;0;0;0;0;0;3928;0;0;89;0;80;0;
10694;5055440;1008611328;14209024;1108545536;0;0;0;0;0;0;0;0;0;0;0;3837;0;0;89;0;80;0;
10695;6414680;1008611328;14209024;1108545536;0;0;0;0;0;0;0;0;0;0;0;4648;0;0;89;0;80;0;
10696;3657569;1008611328;14209024;1108545536;0;0;0;0;0;0;0;0;0;0;0;3236;0;0;89;0;80;0;
10697;5195153;1008611328;14209024;1108545536;0;0;0;0;0;0;0;0;0;0;0;3647;0;0;89;0;80;0;
10698;3201905;1008611328;14209024;1108545536;0;0;0;0;0;0;0;0;0;0;0;2845;0;0;89;0;80;0;
10699;5157953;1008611328;14209024;1108545536;0;0;0;0;0;0;0;0;0;0;0;3988;0;0;89;0;80;0;
10700;2831881;1008611328;14209024;1108545536;0;0;0;0;0;0;0;0;0;0;0;2284;0;0;89;0;80;0;
10701;4781557;1008611328;14209024;1108545536;0;0;0;0;0;0;0;0;0;0;0;2996;0;0;89;0;80;0;
10702;2734889;1008611328;14209024;1108545536;0;0;0;0;0;0;0;0;0;0;0;2364;0;0;89;0;80;0;
10703;4614544;1008611328;14209024;1108545536;0;0;0;0;0;0;0;0;0;0;0;2855;0;0;89;0;80;0;
10704;2371477;1008611328;14209024;1108545536;0;0;0;0;0;0;0;0;0;0;0;2014;0;0;89;0;80;0;
10705;4696598;1008611328;14209024;1108545536;0;0;0;0;0;0;0;0;0;0;0;2595;0;0;89;0;80;0;
10706;2645472;1008611328;14209024;1108545536;0;0;0;0;0;0;0;0;0;0;0;2315;0;0;89;0;80;0;
10707;4989627;1008611328;14209024;1108545536;0;0;0;0;0;0;0;0;0;0;0;2835;0;0;89;0;80;0;
10708;2628740;1008611328;14209024;1108545536;0;0;0;0;0;0;0;0;0;0;0;2184;0;0;89;0;80;0;
10709;4365177;1008611328;14209024;1108545536;0;0;0;0;0;0;0;0;0;0;0;3146;0;0;89;0;80;0;
10710;3438329;1008611328;14209024;1108545536;0;0;0;0;0;0;0;0;0;0;0;2174;0;0;89;0;80;0;
10711;10709144;1008611328;14209024;1108545536;0;0;0;0;0;0;0;0;0;0;0;6973;0;0;89;0;80;0;
10712;1620919;1008611328;14209024;1108545536;0;0;0;0;0;0;0;0;0;0;0;1513;0;0;89;0;80;0;
10713;4417565;1008611328;14209024;1108545536;0;0;0;0;0;0;0;0;0;0;0;2855;0;0;89;0;80;0;
10714;2552888;1008611328;14209024;1108545536;0;0;0;0;0;0;0;0;0;0;0;2314;0;0;89;0;80;0;
10715;5737540;1008611328;14209024;1108545536;0;0;0;0;0;0;0;0;0;0;0;4118;0;0;89;0;80;0;
10716;3527375;1008611328;14209024;1108545536;0;0;0;0;0;0;0;0;0;0;0;2474;0;0;89;0;80;0;
10717;4394751;1008611328;14209024;1108545536;0;0;0;0;0;0;0;0;0;0;0;1803;0;0;89;0;80;0;
10718;2920518;1008611328;14209024;1108545536;0;0;0;0;0;0;0;0;0;0;0;2996;0;0;89;0;80;0;
10719;4636184;1008611328;14209024;1108545536;0;0;0;0;0;0;0;0;0;0;0;2054;0;0;89;0;80;0;
10720;2700204;1008611328;14209024;1108545536;0;0;0;0;0;0;0;0;0;0;0;2475;0;0;89;0;80;0;
10721;4605838;1008611328;14209024;1108545536;0;0;0;0;0;0;0;0;0;0;0;1462;0;0;89;0;80;0;
10722;3067843;1008607232;14204928;1108541440;0;0;0;0;0;0;0;0;0;0;0;3016;0;0;89;0;80;0;
10723;4872428;1008607232;14204928;1108541440;0;0;0;0;0;0;0;0;0;0;0;1353;0;0;89;0;80;0;
10724;2617088;1008607232;14204928;1108541440;0;0;0;0;0;0;0;0;0;0;0;3076;0;0;89;0;80;0;
10725;4465344;1008607232;14204928;1108541440;0;0;0;0;0;0;0;0;0;0;0;1623;0;0;89;0;80;0;
10726;2674876;1008607232;14204928;1108541440;0;0;0;0;0;0;0;0;0;0;0;2855;0;0;89;0;80;0;
10727;4679105;1008607232;14204928;1108541440;0;0;0;0;0;0;0;0;0;0;0;1883;0;0;89;0;80;0;
10728;3541261;1008607232;14204928;1108541440;0;0;0;0;0;0;0;0;0;0;0;2785;0;0;89;0;80;0;
10729;5810136;1008607232;14204928;1108541440;0;0;0;0;0;0;0;0;0;0;0;1613;0;0;89;0;80;0;
10730;2255620;1008607232;14204928;1108541440;0;0;0;0;0;0;0;0;0;0;0;2415;0;0;89;0;80;0;
10731;4931528;1008607232;14204928;1108541440;0;0;0;0;0;0;0;0;0;0;0;1533;0;0;89;0;80;0;
10732;2729980;1008607232;14204928;1108541440;0;0;0;0;0;0;0;0;0;0;0;6653;0;0;89;0;80;0;
10733;5108109;1008607232;14213120;1108549632;0;0;0;0;0;0;0;0;0;0;0;3467;0;0;89;0;80;0;
10734;2219162;1008607232;14213120;1108549632;0;0;0;0;0;0;0;0;0;0;0;2154;0;0;89;0;80;0;
10735;4349888;1008607232;14213120;1108549632;0;0;0;0;0;0;0;0;0;0;0;1603;0;0;89;0;80;0;
10736;2839485;1008607232;14213120;1108549632;0;0;0;0;0;0;0;0;0;0;0;2996;0;0;89;0;80;0;
10737;4274817;1008607232;14213120;1108549632;0;0;0;0;0;0;0;0;0;0;0;1463;0;0;89;0;80;0;
10738;2812144;1008607232;14213120;1108549632;0;0;0;0;0;0;0;0;0;0;0;2595;0;0;89;0;80;0;
10739;4361159;1008607232;14213120;1108549632;0;0;0;0;0;0;0;0;0;0;0;8626;0;0;89;0;80;0;
10740;2314751;1008607232;14204928;1108541440;0;0;0;0;0;0;0;0;0;0;0;2665;0;0;89;0;80;0;
10741;4095922;1008607232;14204928;1108541440;0;0;0;0;0;0;0;0;0;0;0;1503;0;0;89;0;80;0;
10742;2581842;1008607232;14204928;1108541440;0;0;0;0;0;0;0;0;0;0;0;3156;0;0;89;0;80;0;
10743;4317156;1008607232;14204928;1108541440;0;0;0;0;0;0;0;0;0;0;0;1412;0;0;89;0;80;0;
10744;2862638;1008607232;14204928;1108541440;0;0;0;0;0;0;0;0;0;0;0;2645;0;0;89;0;80;0;
10745;5382504;1008607232;14204928;1108541440;0;0;0;0;0;0;0;0;0;0;0;1733;0;0;89;0;80;0;
10746;4213492;1008607232;14204928;1108541440;0;0;0;0;0;0;0;0;0;0;0;4228;0;0;89;0;80;0;
10747;5029001;1008607232;14204928;1108541440;0;0;0;0;0;0;0;0;0;0;0;2185;0;0;89;0;80;0;
10748;4227217;1008607232;14204928;1108541440;0;0;0;0;0;0;0;0;0;0;0;3487;0;0;89;0;80;0;
10749;4570832;1008607232;14204928;1108541440;0;0;0;0;0;0;0;0;0;0;0;1613;0;0;89;0;80;0;
10750;3319626;1008607232;14204928;1108541440;0;0;0;0;0;0;0;0;0;0;0;2525;0;0;89;0;80;0;
10751;4522271;1008607232;14204928;1108541440;0;0;0;0;0;0;0;0;0;0;0;1583;0;0;89;0;80;0;
10752;3304988;1008607232;14204928;1108541440;0;0;0;0;0;0;0;0;0;0;0;2956;0;0;89;0;80;0;
10753;4845517;1008607232;14204928;1108541440;0;0;0;0;0;0;0;0;0;0;0;1984;0;0;89;0;80;0;
10754;3117606;1008607232;14204928;1108541440;0;0;0;0;0;0;0;0;0;0;0;2685;0;0;89;0;80;0;
10755;4422654;1008607232;14204928;1108541440;0;0;0;0;0;0;0;0;0;0;0;1713;0;0;89;0;80;0;
10756;1824592;1008607232;14204928;1108541440;0;0;0;0;0;0;0;0;0;0;0;2225;0;0;89;0;80;0;
10757;4439816;1008607232;14204928;1108541440;0;0;0;0;0;0;0;0;0;0;0;1653;0;0;89;0;80;0;
10758;2298290;1008607232;14204928;1108541440;0;0;0;0;0;0;0;0;0;0;0;2564;0;0;89;0;80;0;
10759;4382488;1008607232;14204928;1108541440;0;0;0;0;0;0;0;0;0;0;0;1624;0;0;89;0;80;0;
10760;2447791;1008607232;14204928;1108541440;0;0;0;0;0;0;0;0;0;0;0;2765;0;0;89;0;80;0;
10761;4523644;1008607232;14204928;1108541440;0;0;0;0;0;0;0;0;0;0;0;1884;0;0;89;0;80;0;
10762;3089834;1008607232;14204928;1108541440;0;0;0;0;0;0;0;0;0;0;0;2655;0;0;89;0;80;0;
10763;5641991;1008607232;14204928;1108541440;0;0;0;0;0;0;0;0;0;0;0;1794;0;0;89;0;80;0;
10764;2512762;1008607232;14204928;1108541440;0;0;0;0;0;0;0;0;0;0;0;2625;0;0;89;0;80;0;
10765;5038278;1008607232;14204928;1108541440;0;0;0;0;0;0;0;0;0;0;0;1623;0;0;89;0;80;0;
10766;2737253;1008607232;14204928;1108541440;0;0;0;0;0;0;0;0;0;0;0;2826;0;0;89;0;80;0;
10767;5801881;1008607232;14204928;1108541440;0;0;0;0;0;0;0;0;0;0;0;1753;0;0;89;0;80;0;
10768;2790262;1008607232;14204928;1108541440;0;0;0;0;0;0;0;0;0;0;0;3306;0;0;89;0;80;0;
10769;5422990;1008607232;14204928;1108541440;0;0;0;0;0;0;0;0;0;0;0;1573;0;0;89;0;80;0;
10770;2678293;1008607232;14204928;1108541440;0;0;0;0;0;0;0;0;0;0;0;2144;0;0;89;0;80;0;
10771;4281119;1008607232;14204928;1108541440;0;0;0;0;0;0;0;0;0;0;0;1373;0;0;89;0;80;0;
10772;2935816;1008607232;14204928;1108541440;0;0;0;0;0;0;0;0;0;0;0;2334;0;0;89;0;80;0;
10773;4736112;1008607232;14204928;1108541440;0;0;0;0;0;0;0;0;0;0;0;1442;0;0;89;0;80;0;
10774;3229596;1008607232;14204928;1108541440;0;0;0;0;0;0;0;0;0;0;0;4909;0;0;89;0;80;0;
10775;5410417;1008607232;14204928;1108541440;0;0;0;0;0;0;0;0;0;0;0;1934;0;0;89;0;80;0;
10776;4820811;1008607232;14204928;1108541440;0;0;0;0;0;0;0;0;0;0;0;2815;0;0;89;0;80;0;
10777;5162131;1008607232;14204928;1108541440;0;0;0;0;0;0;0;0;0;0;0;1874;0;0;89;0;80;0;
10778;3126393;1008607232;14204928;1108541440;0;0;0;0;0;0;0;0;0;0;0;2354;0;0;89;0;80;0;
10779;4374053;1008607232;14204928;1108541440;0;0;0;0;0;0;0;0;0;0;0;1463;0;0;89;0;80;0;
10780;3744192;1008607232;14204928;1108541440;0;0;0;0;0;0;0;0;0;0;0;2755;0;0;89;0;80;0;
10781;5552303;1008607232;14204928;1108541440;0;0;0;0;0;0;0;0;0;0;0;1613;0;0;89;0;80;0;
10782;2500369;1008607232;14204928;1108541440;0;0;0;0;0;0;0;0;0;0;0;2285;0;0;89;0;80;0;
10783;5164786;1008607232;14204928;1108541440;0;0;0;0;0;0;0;0;0;0;0;1914;0;0;89;0;80;0;
10784;2361820;1008607232;14204928;1108541440;0;0;0;0;0;0;0;0;0;0;0;2655;0;0;89;0;80;0;
10785;4890001;1008607232;14204928;1108541440;0;0;0;0;0;0;0;0;0;0;0;1723;0;0;89;0;80;0;
10786;2926699;1008607232;14204928;1108541440;0;0;0;0;0;0;0;0;0;0;0;3056;0;0;89;0;80;0;
10787;4257234;1008607232;14204928;1108541440;0;0;0;0;0;0;0;0;0;0;0;1593;0;0;89;0;80;0;
10788;2392386;1008607232;14204928;1108541440;0;0;0;0;0;0;0;0;0;0;0;2795;0;0;89;0;80;0;
10789;4368182;1008607232;14204928;1108541440;0;0;0;0;0;0;0;0;0;0;0;1533;0;0;89;0;80;0;
10790;2642556;1008607232;14204928;1108541440;0;0;0;0;0;0;0;0;0;0;0;2935;0;0;89;0;80;0;
10791;4593104;1008607232;14204928;1108541440;0;0;0;0;0;0;0;0;0;0;0;7894;0;0;89;0;80;0;
10792;2812745;1008607232;14204928;1108541440;0;0;0;0;0;0;0;0;0;0;0;2484;0;0;89;0;80;0;
10793;4944273;1008607232;14204928;1108541440;0;0;0;0;0;0;0;0;0;0;0;1563;0;0;89;0;80;0;
10794;2366088;1008607232;14204928;1108541440;0;0;0;0;0;0;0;0;0;0;0;3186;0;0;89;0;80;0;
10795;4458742;1008607232;14204928;1108541440;0;0;0;0;0;0;0;0;0;0;0;1403;0;0;89;0;80;0;
10796;2737554;1008607232;14204928;1108541440;0;0;0;0;0;0;0;0;0;0;0;2324;0;0;89;0;80;0;
10797;4393951;1008607232;14204928;1108541440;0;0;0;0;0;0;0;0;0;0;0;2084;0;0;89;0;80;0;
10798;2529935;1008607232;14204928;1108541440;0;0;0;0;0;0;0;0;0;0;0;2605;0;0;89;0;80;0;
10799;4275698;1008607232;14204928;1108541440;0;0;0;0;0;0;0;0;0;0;0;1352;0;0;89;0;80;0;
10800;2505339;1008607232;14204928;1108541440;0;0;0;0;0;0;0;0;0;0;0;1703;0;0;89;0;80;0;
10801;4437752;1008607232;14204928;1108541440;0;0;0;0;0;0;0;0;0;0;0;1403;0;0;89;0;80;0;
10802;2323988;1008607232;14204928;1108541440;0;0;0;0;0;0;0;0;0;0;0;2354;0;0;89;0;80;0;
10803;4142058;1008607232;14204928;1108541440;0;0;0;0;0;0;0;0;0;0;0;1864;0;0;89;0;80;0;
10804;2589948;1008607232;14204928;1108541440;0;0;0;0;0;0;0;0;0;0;0;2454;0;0;89;0;80;0;
10805;4714271;1008607232;14204928;1108541440;0;0;0;0;0;0;0;0;0;0;0;1854;0;0;89;0;80;0;
10806;2639861;1008607232;14204928;1108541440;0;0;0;0;0;0;0;0;0;0;0;3076;0;0;89;0;80;0;
10807;4858912;1008607232;14204928;1108541440;0;0;0;0;0;0;0;0;0;0;0;1493;0;0;89;0;80;0;
10808;1959125;1008607232;14204928;1108541440;0;0;0;0;0;0;0;0;0;0;0;2524;0;0;89;0;80;0;
10809;4470123;1008607232;14204928;1108541440;0;0;0;0;0;0;0;0;0;0;0;1372;0;0;89;0;80;0;
10810;2771518;1008607232;14204928;1108541440;0;0;0;0;0;0;0;0;0;0;0;2986;0;0;89;0;80;0;
10811;4482766;1008607232;14204928;1108541440;0;0;0;0;0;0;0;0;0;0;0;1593;0;0;89;0;80;0;
10812;2583485;1008607232;14204928;1108541440;0;0;0;0;0;0;0;0;0;0;0;2425;0;0;89;0;80;0;
10813;4672733;1008607232;14204928;1108541440;0;0;0;0;0;0;0;0;0;0;0;1482;0;0;89;0;80;0;
10814;2993144;1008607232;14204928;1108541440;0;0;0;0;0;0;0;0;0;0;0;2525;0;0;89;0;80;0;
10815;4443343;1008607232;14204928;1108541440;0;0;0;0;0;0;0;0;0;0;0;1532;0;0;89;0;80;0;
10816;2929364;1008607232;14204928;1108541440;0;0;0;0;0;0;0;0;0;0;0;2696;0;0;89;0;80;0;
10817;5053637;1008607232;14204928;1108541440;0;0;0;0;0;0;0;0;0;0;0;1402;0;0;89;0;80;0;
10818;2650801;1008607232;14204928;1108541440;0;0;0;0;0;0;0;0;0;0;0;2955;0;0;89;0;80;0;
10819;4403758;1008607232;14204928;1108541440;0;0;0;0;0;0;0;0;0;0;0;2134;0;0;89;0;80;0;
10820;3054047;1008607232;14204928;1108541440;0;0;0;0;0;0;0;0;0;0;0;2534;0;0;89;0;80;0;
10821;4842592;1008607232;14204928;1108541440;0;0;0;0;0;0;0;0;0;0;0;1663;0;0;89;0;80;0;
10822;2446699;1008607232;14204928;1108541440;0;0;0;0;0;0;0;0;0;0;0;2885;0;0;89;0;80;0;
10823;4602501;1008607232;14204928;1108541440;0;0;0;0;0;0;0;0;0;0;0;1363;0;0;89;0;80;0;
10824;2893737;1008607232;14204928;1108541440;0;0;0;0;0;0;0;0;0;0;0;2645;0;0;89;0;80;0;
10825;4938141;1008607232;14204928;1108541440;0;0;0;0;0;0;0;0;0;0;0;1693;0;0;89;0;80;0;
10826;2496192;1008607232;14204928;1108541440;0;0;0;0;0;0;0;0;0;0;0;2936;0;0;89;0;80;0;
10827;4660942;1008607232;14204928;1108541440;0;0;0;0;0;0;0;0;0;0;0;1683;0;0;89;0;80;0;
10828;2381165;1008607232;14204928;1108541440;0;0;0;0;0;0;0;0;0;0;0;2745;0;0;89;0;80;0;
10829;4195017;1008607232;14204928;1108541440;0;0;0;0;0;0;0;0;0;0;0;1443;0;0;89;0;80;0;
10830;3363457;1008607232;14204928;1108541440;0;0;0;0;0;0;0;0;0;0;0;2755;0;0;89;0;80;0;
10831;4883569;1008607232;14204928;1108541440;0;0;0;0;0;0;0;0;0;0;0;1613;0;0;89;0;80;0;
10832;3223816;1008607232;14204928;1108541440;0;0;0;0;0;0;0;0;0;0;0;2936;0;0;89;0;80;0;
10833;4800753;1008607232;14204928;1108541440;0;0;0;0;0;0;0;0;0;0;0;1853;0;0;89;0;80;0;
10834;2739698;1008607232;14204928;1108541440;0;0;0;0;0;0;0;0;0;0;0;2524;0;0;89;0;80;0;
10835;4288142;1008607232;14204928;1108541440;0;0;0;0;0;0;0;0;0;0;0;1703;0;0;89;0;80;0;
10836;2413917;1008607232;14204928;1108541440;0;0;0;0;0;0;0;0;0;0;0;2956;0;0;89;0;80;0;
10837;4684085;1008607232;14204928;1108541440;0;0;0;0;0;0;0;0;0;0;0;1393;0;0;89;0;80;0;
10838;2750178;1008607232;14204928;1108541440;0;0;0;0;0;0;0;0;0;0;0;2746;0;0;89;0;80;0;
10839;4164170;1008607232;14204928;1108541440;0;0;0;0;0;0;0;0;0;0;0;1583;0;0;89;0;80;0;
10840;2542208;1008607232;14204928;1108541440;0;0;0;0;0;0;0;0;0;0;0;2595;0;0;89;0;80;0;
10841;4823426;1008607232;14204928;1108541440;0;0;0;0;0;0;0;0;0;0;0;1493;0;0;89;0;80;0;
10842;3081539;1008607232;14204928;1108541440;0;0;0;0;0;0;0;0;0;0;0;2865;0;0;89;0;80;0;
10843;4751131;1008607232;14204928;1108541440;0;0;0;0;0;0;0;0;0;0;0;1482;0;0;89;0;80;0;
10844;3050461;1008607232;14204928;1108541440;0;0;0;0;0;0;0;0;0;0;0;3146;0;0;89;0;80;0;
10845;5082282;1008607232;14204928;1108541440;0;0;0;0;0;0;0;0;0;0;0;2064;0;0;89;0;80;0;
10846;3234086;1008607232;14204928;1108541440;0;0;0;0;0;0;0;0;0;0;0;2325;0;0;89;0;80;0;
10847;5461863;1008607232;14204928;1108541440;0;0;0;0;0;0;0;0;0;0;0;1774;0;0;89;0;80;0;
10848;2141696;1008607232;14204928;1108541440;0;0;0;0;0;0;0;0;0;0;0;2645;0;0;89;0;80;0;
10849;4448302;1008607232;14204928;1108541440;0;0;0;0;0;0;0;0;0;0;0;1402;0;0;89;0;80;0;
10850;2840928;1008607232;14204928;1108541440;0;0;0;0;0;0;0;0;0;0;0;2795;0;0;89;0;80;0;
10851;4893608;1008607232;14204928;1108541440;0;0;0;0;0;0;0;0;0;0;0;1503;0;0;89;0;80;0;
10852;2372178;1008607232;14204928;1108541440;0;0;0;0;0;0;0;0;0;0;0;2595;0;0;89;0;80;0;
10853;5176077;1008607232;14204928;1108541440;0;0;0;0;0;0;0;0;0;0;0;1463;0;0;89;0;80;0;
10854;2582714;1008607232;14204928;1108541440;0;0;0;0;0;0;0;0;0;0;0;2205;0;0;89;0;80;0;
10855;4175180;1008607232;14204928;1108541440;0;0;0;0;0;0;0;0;0;0;0;1192;0;0;89;0;80;0;
10856;3114771;1008607232;14204928;1108541440;0;0;0;0;0;0;0;0;0;0;0;3046;0;0;89;0;80;0;
10857;4301056;1008607232;14204928;1108541440;0;0;0;0;0;0;0;0;0;0;0;1413;0;0;89;0;80;0;
10858;2741351;1008607232;14204928;1108541440;0;0;0;0;0;0;0;0;0;0;0;2635;0;0;89;0;80;0;
10859;5052325;1008607232;14204928;1108541440;0;0;0;0;0;0;0;0;0;0;0;2184;0;0;89;0;80;0;
10860;4143231;1008607232;14204928;1108541440;0;0;0;0;0;0;0;0;0;0;0;5009;0;0;89;0;80;0;
10861;4896543;1008607232;14204928;1108541440;0;0;0;0;0;0;0;0;0;0;0;1333;0;0;89;0;80;0;
10862;4667864;1008607232;14204928;1108541440;0;0;0;0;0;0;0;0;0;0;0;4429;0;0;89;0;80;0;
10863;5056533;1008607232;14204928;1108541440;0;0;0;0;0;0;0;0;0;0;0;2003;0;0;89;0;80;0;
10864;3999460;1008607232;14204928;1108541440;0;0;0;0;0;0;0;0;0;0;0;2384;0;0;89;0;80;0;
10865;6397538;1008607232;14213120;1108549632;0;0;0;0;0;0;0;0;0;0;0;3847;0;0;89;0;80;0;
10866;2014809;1008607232;14213120;1108549632;0;0;0;0;0;0;0;0;0;0;0;1963;0;0;89;0;80;0;
10867;4486604;1008607232;14213120;1108549632;0;0;0;0;0;0;0;0;0;0;0;1403;0;0;89;0;80;0;
10868;2617118;1008607232;14213120;1108549632;0;0;0;0;0;0;0;0;0;0;0;2504;0;0;89;0;80;0;
10869;4742354;1008607232;14213120;1108549632;0;0;0;0;0;0;0;0;0;0;0;1312;0;0;89;0;80;0;
10870;2261121;1008607232;14213120;1108549632;0;0;0;0;0;0;0;0;0;0;0;2685;0;0;89;0;80;0;
10871;4302699;1008607232;14213120;1108549632;0;0;0;0;0;0;0;0;0;0;0;1403;0;0;89;0;80;0;
10872;2857710;1008607232;14204928;1108541440;0;0;0;0;0;0;0;0;0;0;0;2785;0;0;89;0;80;0;
10873;7633726;1008607232;14204928;1108541440;0;0;0;0;0;0;0;0;0;0;0;3116;0;0;89;0;80;0;
10874;3186566;1008607232;14204928;1108541440;0;0;0;0;0;0;0;0;0;0;0;2905;0;0;89;0;80;0;
10875;5138837;1008607232;14204928;1108541440;0;0;0;0;0;0;0;0;0;0;0;1703;0;0;89;0;80;0;
10876;3221651;1008607232;14204928;1108541440;0;0;0;0;0;0;0;0;0;0;0;2755;0;0;89;0;80;0;
10877;4749387;1008607232;14204928;1108541440;0;0;0;0;0;0;0;0;0;0;0;1674;0;0;89;0;80;0;
10878;3187408;1008607232;14204928;1108541440;0;0;0;0;0;0;0;0;0;0;0;2796;0;0;89;0;80;0;
10879;4396605;1008607232;14204928;1108541440;0;0;0;0;0;0;0;0;0;0;0;1373;0;0;89;0;80;0;
10880;2958960;1008607232;14204928;1108541440;0;0;0;0;0;0;0;0;0;0;0;2615;0;0;89;0;80;0;
10881;4524415;1008607232;14204928;1108541440;0;0;0;0;0;0;0;0;0;0;0;1543;0;0;89;0;80;0;
10882;3464246;1008607232;14204928;1108541440;0;0;0;0;0;0;0;0;0;0;0;3236;0;0;89;0;80;0;
10883;4613362;1008607232;14204928;1108541440;0;0;0;0;0;0;0;0;0;0;0;1803;0;0;89;0;80;0;
10884;2768933;1008607232;14204928;1108541440;0;0;0;0;0;0;0;0;0;0;0;2384;0;0;89;0;80;0;
10885;4575341;1008607232;14204928;1108541440;0;0;0;0;0;0;0;0;0;0;0;1463;0;0;89;0;80;0;
10886;2607650;1008607232;14204928;1108541440;0;0;0;0;0;0;0;0;0;0;0;2395;0;0;89;0;80;0;
10887;4213482;1008607232;14204928;1108541440;0;0;0;0;0;0;0;0;0;0;0;1433;0;0;89;0;80;0;
10888;3430674;1008607232;14204928;1108541440;0;0;0;0;0;0;0;0;0;0;0;2434;0;0;89;0;80;0;
10889;4298551;1008607232;14204928;1108541440;0;0;0;0;0;0;0;0;0;0;0;1613;0;0;89;0;80;0;
10890;3521895;1008607232;14204928;1108541440;0;0;0;0;0;0;0;0;0;0;0;4679;0;0;89;0;80;0;
10891;4589548;1008607232;14204928;1108541440;0;0;0;0;0;0;0;0;0;0;0;2164;0;0;89;0;80;0;
10892;2863099;1008607232;14204928;1108541440;0;0;0;0;0;0;0;0;0;0;0;2324;0;0;89;0;80;0;
10893;4349868;1008607232;14204928;1108541440;0;0;0;0;0;0;0;0;0;0;0;2665;0;0;89;0;80;0;
10894;2229952;1008607232;14204928;1108541440;0;0;0;0;0;0;0;0;0;0;0;2655;0;0;89;0;80;0;
10895;4635573;1008607232;14204928;1108541440;0;0;0;0;0;0;0;0;0;0;0;2094;0;0;89;0;80;0;
10896;1996585;1008607232;14204928;1108541440;0;0;0;0;0;0;0;0;0;0;0;2505;0;0;89;0;80;0;
10897;5092330;1008607232;14204928;1108541440;0;0;0;0;0;0;0;0;0;0;0;2344;0;0;89;0;80;0;
10898;2509586;1008607232;14204928;1108541440;0;0;0;0;0;0;0;0;0;0;0;2635;0;0;89;0;80;0;
10899;4304983;1008607232;14204928;1108541440;0;0;0;0;0;0;0;0;0;0;0;2475;0;0;89;0;80;0;
10900;2386505;1008607232;14204928;1108541440;0;0;0;0;0;0;0;0;0;0;0;3126;0;0;89;0;80;0;
10901;4391906;1008607232;14204928;1108541440;0;0;0;0;0;0;0;0;0;0;0;1493;0;0;89;0;80;0;
10902;2631666;1008607232;14204928;1108541440;0;0;0;0;0;0;0;0;0;0;0;2605;0;0;89;0;80;0;
10903;4368282;1008607232;14204928;1108541440;0;0;0;0;0;0;0;0;0;0;0;1573;0;0;89;0;80;0;
10904;3527996;1008607232;14204928;1108541440;0;0;0;0;0;0;0;0;0;0;0;2504;0;0;89;0;80;0;
10905;4286349;1008607232;14204928;1108541440;0;0;0;0;0;0;0;0;0;0;0;1483;0;0;89;0;80;0;
10906;4114015;1008607232;14204928;1108541440;0;0;0;0;0;0;0;0;0;0;0;3496;0;0;89;0;80;0;
10907;5934149;1008607232;14204928;1108541440;0;0;0;0;0;0;0;0;0;0;0;2234;0;0;89;0;80;0;
10908;3711089;1008607232;14204928;1108541440;0;0;0;0;0;0;0;0;0;0;0;3477;0;0;89;0;80;0;
10909;5450271;1008607232;14204928;1108541440;0;0;0;0;0;0;0;0;0;0;0;2354;0;0;89;0;80;0;
10910;3397933;1008607232;14204928;1108541440;0;0;0;0;0;0;0;0;0;0;0;3526;0;0;89;0;80;0;
10911;5089675;1008607232;14204928;1108541440;0;0;0;0;0;0;0;0;0;0;0;2094;0;0;89;0;80;0;
10912;3633334;1008607232;14204928;1108541440;0;0;0;0;0;0;0;0;0;0;0;2625;0;0;89;0;80;0;
10913;5600694;1008607232;14204928;1108541440;0;0;0;0;0;0;0;0;0;0;0;2524;0;0;89;0;80;0;
10914;2925627;1008607232;14204928;1108541440;0;0;0;0;0;0;0;0;0;0;0;2926;0;0;89;0;80;0;
10915;4406303;1008607232;14204928;1108541440;0;0;0;0;0;0;0;0;0;0;0;1974;0;0;89;0;80;0;
10916;2735400;1008607232;14204928;1108541440;0;0;0;0;0;0;0;0;0;0;0;2285;0;0;89;0;80;0;
10917;4318349;1008607232;14204928;1108541440;0;0;0;0;0;0;0;0;0;0;0;1843;0;0;89;0;80;0;
10918;3469657;1008607232;14204928;1108541440;0;0;0;0;0;0;0;0;0;0;0;2425;0;0;89;0;80;0;
10919;4397717;1008607232;14204928;1108541440;0;0;0;0;0;0;0;0;0;0;0;1763;0;0;89;0;80;0;
10920;3302844;1008607232;14204928;1108541440;0;0;0;0;0;0;0;0;0;0;0;1773;0;0;89;0;80;0;
10921;4948541;1008607232;14204928;1108541440;0;0;0;0;0;0;0;0;0;0;0;1853;0;0;89;0;80;0;
10922;2896071;1008607232;14204928;1108541440;0;0;0;0;0;0;0;0;0;0;0;2074;0;0;89;0;80;0;
10923;4299694;1008607232;14204928;1108541440;0;0;0;0;0;0;0;0;0;0;0;1793;0;0;89;0;80;0;
10924;3141241;1008607232;14204928;1108541440;0;0;0;0;0;0;0;0;0;0;0;2134;0;0;89;0;80;0;
10925;4670429;1008607232;14204928;1108541440;0;0;0;0;0;0;0;0;0;0;0;1743;0;0;89;0;80;0;
10926;2904186;1008607232;14204928;1108541440;0;0;0;0;0;0;0;0;0;0;0;2575;0;0;89;0;80;0;
10927;4577876;1008607232;14204928;1108541440;0;0;0;0;0;0;0;0;0;0;0;1944;0;0;89;0;80;0;
10928;3052695;1008607232;14204928;1108541440;0;0;0;0;0;0;0;0;0;0;0;2024;0;0;89;0;80;0;
10929;4555383;1008607232;14204928;1108541440;0;0;0;0;0;0;0;0;0;0;0;1754;0;0;89;0;80;0;
10930;3730175;1008607232;14204928;1108541440;0;0;0;0;0;0;0;0;0;0;0;2715;0;0;89;0;80;0;
10931;4523624;1008607232;14204928;1108541440;0;0;0;0;0;0;0;0;0;0;0;2073;0;0;89;0;80;0;
10932;4854294;1008607232;14204928;1108541440;0;0;0;0;0;0;0;0;0;0;0;2344;0;0;89;0;80;0;
10933;4849444;1008607232;14204928;1108541440;0;0;0;0;0;0;0;0;0;0;0;2064;0;0;89;0;80;0;
10934;3237362;1008607232;14204928;1108541440;0;0;0;0;0;0;0;0;0;0;0;2084;0;0;89;0;80;0;
10935;4837733;1008607232;14204928;1108541440;0;0;0;0;0;0;0;0;0;0;0;1653;0;0;89;0;80;0;
10936;2882987;1008607232;14204928;1108541440;0;0;0;0;0;0;0;0;0;0;0;1973;0;0;89;0;80;0;
10937;4484290;1008607232;14204928;1108541440;0;0;0;0;0;0;0;0;0;0;0;1433;0;0;89;0;80;0;
10938;2491974;1008607232;14204928;1108541440;0;0;0;0;0;0;0;0;0;0;0;1853;0;0;89;0;80;0;
10939;4269888;1008607232;14204928;1108541440;0;0;0;0;0;0;0;0;0;0;0;1443;0;0;89;0;80;0;
10940;3221502;1008607232;14204928;1108541440;0;0;0;0;0;0;0;0;0;0;0;1884;0;0;89;0;80;0;
10941;5041745;1008607232;14204928;1108541440;0;0;0;0;0;0;0;0;0;0;0;1773;0;0;89;0;80;0;
10942;3301511;1008607232;14204928;1108541440;0;0;0;0;0;0;0;0;0;0;0;1964;0;0;89;0;80;0;
10943;4880062;1008607232;14204928;1108541440;0;0;0;0;0;0;0;0;0;0;0;1863;0;0;89;0;80;0;
10944;4228029;1008607232;14204928;1108541440;0;0;0;0;0;0;0;0;0;0;0;3276;0;0;89;0;80;0;
10945;4992873;1008607232;14204928;1108541440;0;0;0;0;0;0;0;0;0;0;0;1683;0;0;89;0;80;0;
10946;5495697;1008607232;14204928;1108541440;0;0;0;0;0;0;0;0;0;0;0;3848;0;0;89;0;80;0;
10947;6112543;1008607232;14204928;1108541440;0;0;0;0;0;0;0;0;0;0;0;2515;0;0;89;0;80;0;
10948;3754692;1008607232;14204928;1108541440;0;0;0;0;0;0;0;0;0;0;0;3115;0;0;89;0;80;0;
10949;6588646;1008607232;14204928;1108541440;0;0;0;0;0;0;0;0;0;0;0;2175;0;0;89;0;80;0;
10950;4211468;1008607232;14204928;1108541440;0;0;0;0;0;0;0;0;0;0;0;3317;0;0;89;0;80;0;
10951;6566695;1008607232;14204928;1108541440;0;0;0;0;0;0;0;0;0;0;0;2544;0;0;89;0;80;0;
10952;3707533;1008607232;14204928;1108541440;0;0;0;0;0;0;0;0;0;0;0;3336;0;0;89;0;80;0;
10953;7077944;1008607232;14204928;1108541440;0;0;0;0;0;0;0;0;0;0;0;2725;0;0;89;0;80;0;
10954;4484150;1008607232;14204928;1108541440;0;0;0;0;0;0;0;0;0;0;0;3176;0;0;89;0;80;0;
10955;5898261;1008607232;14204928;1108541440;0;0;0;0;0;0;0;0;0;0;0;2695;0;0;89;0;80;0;
10956;3789126;1008607232;14204928;1108541440;0;0;0;0;0;0;0;0;0;0;0;3106;0;0;89;0;80;0;
10957;5168393;1008607232;14204928;1108541440;0;0;0;0;0;0;0;0;0;0;0;2164;0;0;89;0;80;0;
10958;3640507;1008607232;14204928;1108541440;0;0;0;0;0;0;0;0;0;0;0;2925;0;0;89;0;80;0;
10959;6403580;1008607232;14204928;1108541440;0;0;0;0;0;0;0;0;0;0;0;2505;0;0;89;0;80;0;
10960;4122001;1008607232;14204928;1108541440;0;0;0;0;0;0;0;0;0;0;0;3025;0;0;89;0;80;0;
10961;5717282;1008607232;14204928;1108541440;0;0;0;0;0;0;0;0;0;0;0;2555;0;0;89;0;80;0;
10962;5620059;1008607232;14204928;1108541440;0;0;0;0;0;0;0;0;0;0;0;2895;0;0;89;0;80;0;
10963;10079172;1008607232;14204928;1108541440;0;0;0;0;0;0;0;0;0;0;0;1854;0;0;89;0;80;0;
10964;5466482;1008607232;14204928;1108541440;0;0;0;0;0;0;0;0;0;0;0;3115;0;0;89;0;80;0;
10965;7234447;1008607232;14204928;1108541440;0;0;0;0;0;0;0;0;0;0;0;1904;0;0;89;0;80;0;
10966;6822545;1008607232;14204928;1108541440;0;0;0;0;0;0;0;0;0;0;0;2935;0;0;89;0;80;0;
10967;4933953;1008607232;14204928;1108541440;0;0;0;0;0;0;0;0;0;0;0;2124;0;0;89;0;80;0;
10968;3451413;1008607232;14204928;1108541440;0;0;0;0;0;0;0;0;0;0;0;2605;0;0;89;0;80;0;
10969;4741182;1008607232;14204928;1108541440;0;0;0;0;0;0;0;0;0;0;0;1934;0;0;89;0;80;0;
10970;3644585;1008607232;14204928;1108541440;0;0;0;0;0;0;0;0;0;0;0;3406;0;0;89;0;80;0;
10971;4626436;1008607232;14204928;1108541440;0;0;0;0;0;0;0;0;0;0;0;2114;0;0;89;0;80;0;
10972;3997356;1008607232;14204928;1108541440;0;0;0;0;0;0;0;0;0;0;0;3096;0;0;89;0;80;0;
10973;4791485;1008607232;14204928;1108541440;0;0;0;0;0;0;0;0;0;0;0;2214;0;0;89;0;80;0;
10974;4429387;1008607232;14204928;1108541440;0;0;0;0;0;0;0;0;0;0;0;3627;0;0;89;0;80;0;
10975;4644450;1008607232;14204928;1108541440;0;0;0;0;0;0;0;0;0;0;0;1633;0;0;89;0;80;0;
10976;2898616;1008607232;14204928;1108541440;0;0;0;0;0;0;0;0;0;0;0;2846;0;0;89;0;80;0;
10977;5156721;1008607232;14204928;1108541440;0;0;0;0;0;0;0;0;0;0;0;2395;0;0;89;0;80;0;
10978;2343304;1008607232;14204928;1108541440;0;0;0;0;0;0;0;0;0;0;0;2545;0;0;89;0;80;0;
10979;5446845;1008607232;14204928;1108541440;0;0;0;0;0;0;0;0;0;0;0;2434;0;0;89;0;80;0;
10980;3133827;1008607232;14204928;1108541440;0;0;0;0;0;0;0;0;0;0;0;2716;0;0;89;0;80;0;
10981;5952313;1008607232;14204928;1108541440;0;0;0;0;0;0;0;0;0;0;0;2625;0;0;89;0;80;0;
10982;3965918;1008607232;14204928;1108541440;0;0;0;0;0;0;0;0;0;0;0;2826;0;0;89;0;80;0;
10983;5973252;1008607232;14204928;1108541440;0;0;0;0;0;0;0;0;0;0;0;1974;0;0;89;0;80;0;
10984;4146206;1008607232;14204928;1108541440;0;0;0;0;0;0;0;0;0;0;0;3326;0;0;89;0;80;0;
10985;6785435;1008607232;14204928;1108541440;0;0;0;0;0;0;0;0;0;0;0;2395;0;0;89;0;80;0;
10986;4649009;1008607232;14204928;1108541440;0;0;0;0;0;0;0;0;0;0;0;2735;0;0;89;0;80;0;
10987;5684330;1008607232;14204928;1108541440;0;0;0;0;0;0;0;0;0;0;0;2164;0;0;89;0;80;0;
10988;4260049;1008607232;14204928;1108541440;0;0;0;0;0;0;0;0;0;0;0;4388;0;0;89;0;80;0;
10989;5383426;1008607232;14204928;1108541440;0;0;0;0;0;0;0;0;0;0;0;1703;0;0;89;0;80;0;
10990;3035052;1008607232;14204928;1108541440;0;0;0;0;0;0;0;0;0;0;0;3036;0;0;89;0;80;0;
10991;5358279;1008607232;14204928;1108541440;0;0;0;0;0;0;0;0;0;0;0;1764;0;0;89;0;80;0;
10992;1992326;1008607232;14204928;1108541440;0;0;0;0;0;0;0;0;0;0;0;2345;0;0;89;0;80;0;
10993;4436179;1008607232;14204928;1108541440;0;0;0;0;0;0;0;0;0;0;0;1684;0;0;89;0;80;0;
10994;2855505;1008607232;14204928;1108541440;0;0;0;0;0;0;0;0;0;0;0;2575;0;0;89;0;80;0;
10995;4436600;1008607232;14204928;1108541440;0;0;0;0;0;0;0;0;0;0;0;1583;0;0;89;0;80;0;
10996;3202125;1008607232;14204928;1108541440;0;0;0;0;0;0;0;0;0;0;0;2605;0;0;89;0;80;0;
10997;4204816;1008607232;14204928;1108541440;0;0;0;0;0;0;0;0;0;0;0;1543;0;0;89;0;80;0;
10998;4277653;1008607232;14204928;1108541440;0;0;0;0;0;0;0;0;0;0;0;3286;0;0;89;0;80;0;
10999;5786612;1008607232;14204928;1108541440;0;0;0;0;0;0;0;0;0;0;0;1854;0;0;89;0;80;0;
11000;3157842;1008607232;14204928;1108541440;0;0;0;0;0;0;0;0;0;0;0;3176;0;0;89;0;80;0;
11001;4942780;1008607232;14204928;1108541440;0;0;0;0;0;0;0;0;0;0;0;2084;0;0;89;0;80;0;
11002;3252460;1008607232;14204928;1108541440;0;0;0;0;0;0;0;0;0;0;0;2555;0;0;89;0;80;0;
11003;4901533;1008607232;14204928;1108541440;0;0;0;0;0;0;0;0;0;0;0;2304;0;0;89;0;80;0;
11004;2998133;1008607232;14204928;1108541440;0;0;0;0;0;0;0;0;0;0;0;2835;0;0;89;0;80;0;
11005;5079396;1008607232;14204928;1108541440;0;0;0;0;0;0;0;0;0;0;0;2054;0;0;89;0;80;0;
11006;2688152;1008607232;14204928;1108541440;0;0;0;0;0;0;0;0;0;0;0;2705;0;0;89;0;80;0;
11007;4211208;1008607232;14204928;1108541440;0;0;0;0;0;0;0;0;0;0;0;1713;0;0;89;0;80;0;
11008;2689895;1008607232;14204928;1108541440;0;0;0;0;0;0;0;0;0;0;0;2895;0;0;89;0;80;0;
11009;4299914;1008607232;14204928;1108541440;0;0;0;0;0;0;0;0;0;0;0;1804;0;0;89;0;80;0;
11010;3544146;1008607232;14204928;1108541440;0;0;0;0;0;0;0;0;0;0;0;2815;0;0;89;0;80;0;
11011;4998153;1008607232;14204928;1108541440;0;0;0;0;0;0;0;0;0;0;0;1934;0;0;89;0;80;0;
11012;2749837;1008607232;14204928;1108541440;0;0;0;0;0;0;0;0;0;0;0;2625;0;0;89;0;80;0;
11013;5776904;1008607232;14204928;1108541440;0;0;0;0;0;0;0;0;0;0;0;1724;0;0;89;0;80;0;
11014;3019724;1008607232;14204928;1108541440;0;0;0;0;0;0;0;0;0;0;0;2164;0;0;89;0;80;0;
11015;4408087;1008607232;14204928;1108541440;0;0;0;0;0;0;0;0;0;0;0;1453;0;0;89;0;80;0;
11016;4197842;1008607232;14204928;1108541440;0;0;0;0;0;0;0;0;0;0;0;5360;0;0;89;0;80;0;
11017;4634982;1008607232;14204928;1108541440;0;0;0;0;0;0;0;0;0;0;0;1713;0;0;89;0;80;0;
11018;4746592;1008607232;14204928;1108541440;0;0;0;0;0;0;0;0;0;0;0;2845;0;0;89;0;80;0;
11019;4659728;1008607232;14204928;1108541440;0;0;0;0;0;0;0;0;0;0;0;2494;0;0;89;0;80;0;
11020;2174779;1008607232;14204928;1108541440;0;0;0;0;0;0;0;0;0;0;0;2575;0;0;89;0;80;0;
11021;4596451;1008607232;14204928;1108541440;0;0;0;0;0;0;0;0;0;0;0;1542;0;0;89;0;80;0;
11022;3300910;1008607232;14204928;1108541440;0;0;0;0;0;0;0;0;0;0;0;2885;0;0;89;0;80;0;
11023;4878950;1008607232;14204928;1108541440;0;0;0;0;0;0;0;0;0;0;0;2054;0;0;89;0;80;0;
11024;3543866;1008607232;14204928;1108541440;0;0;0;0;0;0;0;0;0;0;0;3085;0;0;89;0;80;0;
11025;4436810;1008607232;14204928;1108541440;0;0;0;0;0;0;0;0;0;0;0;2034;0;0;89;0;80;0;
11026;3619288;1008607232;14204928;1108541440;0;0;0;0;0;0;0;0;0;0;0;3066;0;0;89;0;80;0;
11027;5670294;1008607232;14204928;1108541440;0;0;0;0;0;0;0;0;0;0;0;2084;0;0;89;0;80;0;
11028;2516941;1008607232;14204928;1108541440;0;0;0;0;0;0;0;0;0;0;0;2745;0;0;89;0;80;0;
11029;4613722;1008607232;14204928;1108541440;0;0;0;0;0;0;0;0;0;0;0;1884;0;0;89;0;80;0;
11030;2873890;1008607232;14204928;1108541440;0;0;0;0;0;0;0;0;0;0;0;3116;0;0;89;0;80;0;
11031;5172371;1008607232;14204928;1108541440;0;0;0;0;0;0;0;0;0;0;0;2435;0;0;89;0;80;0;
11032;3377564;1008607232;14204928;1108541440;0;0;0;0;0;0;0;0;0;0;0;3306;0;0;89;0;80;0;
11033;5119801;1008607232;14204928;1108541440;0;0;0;0;0;0;0;0;0;0;0;2635;0;0;89;0;80;0;
11034;3624477;1008607232;14204928;1108541440;0;0;0;0;0;0;0;0;0;0;0;2736;0;0;89;0;80;0;
11035;4741162;1008607232;14204928;1108541440;0;0;0;0;0;0;0;0;0;0;0;1713;0;0;89;0;80;0;
11036;2806723;1008607232;14204928;1108541440;0;0;0;0;0;0;0;0;0;0;0;2565;0;0;89;0;80;0;
11037;4344207;1008607232;14204928;1108541440;0;0;0;0;0;0;0;0;0;0;0;1383;0;0;89;0;80;0;
11038;3913820;1008607232;14204928;1108541440;0;0;0;0;0;0;0;0;0;0;0;2715;0;0;89;0;80;0;
11039;5237733;1008607232;14204928;1108541440;0;0;0;0;0;0;0;0;0;0;0;2284;0;0;89;0;80;0;
11040;3164444;1008607232;14204928;1108541440;0;0;0;0;0;0;0;0;0;0;0;2495;0;0;89;0;80;0;
11041;4622780;1008607232;14204928;1108541440;0;0;0;0;0;0;0;0;0;0;0;1513;0;0;89;0;80;0;
11042;4094830;1008607232;14204928;1108541440;0;0;0;0;0;0;0;0;0;0;0;2524;0;0;89;0;80;0;
11043;5036846;1008607232;14204928;1108541440;0;0;0;0;0;0;0;0;0;0;0;1663;0;0;89;0;80;0;
11044;4074361;1008607232;14204928;1108541440;0;0;0;0;0;0;0;0;0;0;0;4389;0;0;89;0;80;0;
11045;5066391;1008607232;14204928;1108541440;0;0;0;0;0;0;0;0;0;0;0;2114;0;0;89;0;80;0;
11046;5969445;1008607232;14204928;1108541440;0;0;0;0;0;0;0;0;0;0;0;3486;0;0;89;0;80;0;
11047;6480424;1008607232;14204928;1108541440;0;0;0;0;0;0;0;0;0;0;0;2806;0;0;89;0;80;0;
11048;3769839;1008607232;14204928;1108541440;0;0;0;0;0;0;0;0;0;0;0;2555;0;0;89;0;80;0;
11049;4877397;1008607232;14204928;1108541440;0;0;0;0;0;0;0;0;0;0;0;1823;0;0;89;0;80;0;
11050;4266130;1008607232;14204928;1108541440;0;0;0;0;0;0;0;0;0;0;0;3045;0;0;89;0;80;0;
11051;4926199;1008607232;14204928;1108541440;0;0;0;0;0;0;0;0;0;0;0;2074;0;0;89;0;80;0;
11052;2952467;1008607232;14204928;1108541440;0;0;0;0;0;0;0;0;0;0;0;2735;0;0;89;0;80;0;
11053;5113600;1008607232;14204928;1108541440;0;0;0;0;0;0;0;0;0;0;0;2594;0;0;89;0;80;0;
11054;3014443;1008607232;14204928;1108541440;0;0;0;0;0;0;0;0;0;0;0;2925;0;0;89;0;80;0;
11055;5197457;1008607232;14204928;1108541440;0;0;0;0;0;0;0;0;0;0;0;2625;0;0;89;0;80;0;
11056;3412209;1008607232;14204928;1108541440;0;0;0;0;0;0;0;0;0;0;0;2876;0;0;89;0;80;0;
11057;5331128;1008607232;14204928;1108541440;0;0;0;0;0;0;0;0;0;0;0;1813;0;0;89;0;80;0;
11058;3587068;1008607232;14204928;1108541440;0;0;0;0;0;0;0;0;0;0;0;2785;0;0;89;0;80;0;
11059;5020716;1008607232;14204928;1108541440;0;0;0;0;0;0;0;0;0;0;0;2385;0;0;89;0;80;0;
11060;3980315;1008607232;14204928;1108541440;0;0;0;0;0;0;0;0;0;0;0;2715;0;0;89;0;80;0;
11061;4701668;1008607232;14204928;1108541440;0;0;0;0;0;0;0;0;0;0;0;1844;0;0;89;0;80;0;
11062;3964304;1008607232;14204928;1108541440;0;0;0;0;0;0;0;0;0;0;0;2955;0;0;89;0;80;0;
11063;5243534;1008607232;14204928;1108541440;0;0;0;0;0;0;0;0;0;0;0;1903;0;0;89;0;80;0;
11064;3598749;1008607232;14204928;1108541440;0;0;0;0;0;0;0;0;0;0;0;3005;0;0;89;0;80;0;
11065;6545135;1008607232;14204928;1108541440;0;0;0;0;0;0;0;0;0;0;0;2594;0;0;89;0;80;0;
11066;3947083;1008607232;14204928;1108541440;0;0;0;0;0;0;0;0;0;0;0;3056;0;0;89;0;80;0;
11067;5587248;1008607232;14204928;1108541440;0;0;0;0;0;0;0;0;0;0;0;2375;0;0;89;0;80;0;
11068;5574474;1008607232;14204928;1108541440;0;0;0;0;0;0;0;0;0;0;0;4950;0;0;89;0;80;0;
11069;5635749;1008607232;14204928;1108541440;0;0;0;0;0;0;0;0;0;0;0;2084;0;0;89;0;80;0;
11070;5968713;1008607232;14204928;1108541440;0;0;0;0;0;0;0;0;0;0;0;4939;0;0;89;0;80;0;
11071;5741537;1008607232;14204928;1108541440;0;0;0;0;0;0;0;0;0;0;0;2194;0;0;89;0;80;0;
11072;4152688;1008607232;14204928;1108541440;0;0;0;0;0;0;0;0;0;0;0;2645;0;0;89;0;80;0;
11073;4918604;1008607232;14204928;1108541440;0;0;0;0;0;0;0;0;0;0;0;1913;0;0;89;0;80;0;
11074;4665079;1008607232;14204928;1108541440;0;0;0;0;0;0;0;0;0;0;0;3016;0;0;89;0;80;0;
11075;4402236;1008607232;14204928;1108541440;0;0;0;0;0;0;0;0;0;0;0;1843;0;0;89;0;80;0;
11076;2957657;1008607232;14204928;1108541440;0;0;0;0;0;0;0;0;0;0;0;3437;0;0;89;0;80;0;
11077;4872408;1008607232;14204928;1108541440;0;0;0;0;0;0;0;0;0;0;0;1954;0;0;89;0;80;0;
11078;3804364;1008607232;14204928;1108541440;0;0;0;0;0;0;0;0;0;0;0;2415;0;0;89;0;80;0;
11079;4862850;1008607232;14204928;1108541440;0;0;0;0;0;0;0;0;0;0;0;1383;0;0;89;0;80;0;
11080;3696412;1008607232;14204928;1108541440;0;0;0;0;0;0;0;0;0;0;0;2324;0;0;89;0;80;0;
11081;5265215;1008607232;14204928;1108541440;0;0;0;0;0;0;0;0;0;0;0;1453;0;0;89;0;80;0;
11082;3692986;1008607232;14204928;1108541440;0;0;0;0;0;0;0;0;0;0;0;2525;0;0;89;0;80;0;
11083;4378251;1008607232;14204928;1108541440;0;0;0;0;0;0;0;0;0;0;0;1493;0;0;89;0;80;0;
11084;3730567;1008607232;14204928;1108541440;0;0;0;0;0;0;0;0;0;0;0;2695;0;0;89;0;80;0;
11085;4361099;1008607232;14204928;1108541440;0;0;0;0;0;0;0;0;0;0;0;1994;0;0;89;0;80;0;
11086;3661847;1008607232;14204928;1108541440;0;0;0;0;0;0;0;0;0;0;0;2795;0;0;89;0;80;0;
11087;4755368;1008607232;14204928;1108541440;0;0;0;0;0;0;0;0;0;0;0;1643;0;0;89;0;80;0;
11088;3348870;1008607232;14204928;1108541440;0;0;0;0;0;0;0;0;0;0;0;2775;0;0;89;0;80;0;
11089;4954582;1008607232;14204928;1108541440;0;0;0;0;0;0;0;0;0;0;0;1503;0;0;89;0;80;0;
11090;3325457;1008607232;14204928;1108541440;0;0;0;0;0;0;0;0;0;0;0;2665;0;0;89;0;80;0;
11091;5534610;1008607232;14204928;1108541440;0;0;0;0;0;0;0;0;0;0;0;1743;0;0;89;0;80;0;
11092;4373311;1008607232;14204928;1108541440;0;0;0;0;0;0;0;0;0;0;0;2735;0;0;89;0;80;0;
11093;5258272;1008607232;14204928;1108541440;0;0;0;0;0;0;0;0;0;0;0;1753;0;0;89;0;80;0;
11094;4574930;1008607232;14204928;1108541440;0;0;0;0;0;0;0;0;0;0;0;3196;0;0;89;0;80;0;
11095;5340907;1008607232;14204928;1108541440;0;0;0;0;0;0;0;0;0;0;0;2425;0;0;89;0;80;0;
11096;5895987;1008607232;14204928;1108541440;0;0;0;0;0;0;0;0;0;0;0;4979;0;0;89;0;80;0;
11097;6149923;1008607232;14213120;1108549632;0;0;0;0;0;0;0;0;0;0;0;4268;0;0;89;0;80;0;
11098;3098220;1008607232;14213120;1108549632;0;0;0;0;0;0;0;0;0;0;0;1423;0;0;89;0;80;0;
11099;4494449;1008607232;14213120;1108549632;0;0;0;0;0;0;0;0;0;0;0;1363;0;0;89;0;80;0;
11100;2619122;1008607232;14213120;1108549632;0;0;0;0;0;0;0;0;0;0;0;1804;0;0;89;0;80;0;
11101;4298181;1008607232;14213120;1108549632;0;0;0;0;0;0;0;0;0;0;0;1412;0;0;89;0;80;0;
11102;3917637;1008607232;14213120;1108549632;0;0;0;0;0;0;0;0;0;0;0;1883;0;0;89;0;80;0;
11103;4232066;1008607232;14213120;1108549632;0;0;0;0;0;0;0;0;0;0;0;1423;0;0;89;0;80;0;
11104;2567455;1008607232;14204928;1108541440;0;0;0;0;0;0;0;0;0;0;0;2104;0;0;89;0;80;0;
11105;4810541;1008607232;14204928;1108541440;0;0;0;0;0;0;0;0;0;0;0;1703;0;0;89;0;80;0;
11106;2180910;1008607232;14204928;1108541440;0;0;0;0;0;0;0;0;0;0;0;1673;0;0;89;0;80;0;
11107;4508765;1008607232;14204928;1108541440;0;0;0;0;0;0;0;0;0;0;0;1744;0;0;89;0;80;0;
11108;2436289;1008607232;14204928;1108541440;0;0;0;0;0;0;0;0;0;0;0;1953;0;0;89;0;80;0;
11109;4822133;1008607232;14204928;1108541440;0;0;0;0;0;0;0;0;0;0;0;1372;0;0;89;0;80;0;
11110;2088126;1008607232;14204928;1108541440;0;0;0;0;0;0;0;0;0;0;0;1694;0;0;89;0;80;0;
11111;4250612;1008607232;14204928;1108541440;0;0;0;0;0;0;0;0;0;0;0;1423;0;0;89;0;80;0;
11112;3012479;1008607232;14204928;1108541440;0;0;0;0;0;0;0;0;0;0;0;2144;0;0;89;0;80;0;
11113;4496943;1008607232;14204928;1108541440;0;0;0;0;0;0;0;0;0;0;0;1513;0;0;89;0;80;0;
11114;2668655;1008607232;14204928;1108541440;0;0;0;0;0;0;0;0;0;0;0;1693;0;0;89;0;80;0;
11115;4012265;1008607232;14204928;1108541440;0;0;0;0;0;0;0;0;0;0;0;1393;0;0;89;0;80;0;
11116;2464982;1008607232;14204928;1108541440;0;0;0;0;0;0;0;0;0;0;0;1714;0;0;89;0;80;0;
11117;4133622;1008607232;14204928;1108541440;0;0;0;0;0;0;0;0;0;0;0;1443;0;0;89;0;80;0;
11118;1606733;1008607232;14204928;1108541440;0;0;0;0;0;0;0;0;0;0;0;1503;0;0;89;0;80;0;
11119;4664668;1008607232;14204928;1108541440;0;0;0;0;0;0;0;0;0;0;0;1593;0;0;89;0;80;0;
11120;1596444;1008607232;14204928;1108541440;0;0;0;0;0;0;0;0;0;0;0;1663;0;0;89;0;80;0;
11121;4828936;1008607232;14204928;1108541440;0;0;0;0;0;0;0;0;0;0;0;1443;0;0;89;0;80;0;
11122;1743299;1008607232;14204928;1108541440;0;0;0;0;0;0;0;0;0;0;0;1773;0;0;89;0;80;0;
11123;4594837;1010966528;20709376;1115045888;0;0;0;0;0;0;0;0;0;0;0;1673;0;0;89;0;80;0;
11124;3260574;1013063680;20709376;1115045888;0;0;0;0;0;0;0;0;0;0;0;2174;0;0;89;0;80;0;
11125;4995719;1014140928;20709376;1115045888;0;0;0;0;0;0;0;0;0;0;0;1583;0;0;89;0;80;0;
11126;2421231;1014140928;20709376;1115045888;0;0;0;0;0;0;0;0;0;0;0;1914;0;0;89;0;80;0;
11127;4337384;1014140928;20709376;1115045888;0;0;0;0;0;0;0;0;0;0;0;1363;0;0;89;0;80;0;
11128;2583665;1014140928;20709376;1115045888;0;0;0;0;0;0;0;0;0;0;0;2184;0;0;89;0;80;0;
11129;5296423;1014140928;20709376;1115045888;0;0;0;0;0;0;0;0;0;0;0;1673;0;0;89;0;80;0;
11130;2494328;1006739456;13144064;1107480576;0;0;0;0;0;0;0;0;0;0;0;1894;0;0;89;0;80;0;
11131;4165232;1006739456;13144064;1107480576;0;0;0;0;0;0;0;0;0;0;0;1463;0;0;89;0;80;0;
11132;1982037;1006739456;13144064;1107480576;0;0;0;0;0;0;0;0;0;0;0;1543;0;0;89;0;80;0;
11133;4182484;1006739456;13144064;1107480576;0;0;0;0;0;0;0;0;0;0;0;1673;0;0;89;0;80;0;
11134;2630483;1006739456;13144064;1107480576;0;0;0;0;0;0;0;0;0;0;0;1874;0;0;89;0;80;0;
11135;3861332;1006739456;13144064;1107480576;0;0;0;0;0;0;0;0;0;0;0;1583;0;0;89;0;80;0;
11136;2907764;1006739456;13144064;1107480576;0;0;0;0;0;0;0;0;0;0;0;1653;0;0;89;0;80;0;
11137;4119586;1006739456;13144064;1107480576;0;0;0;0;0;0;0;0;0;0;0;1493;0;0;89;0;80;0;
11138;2808237;1006739456;13144064;1107480576;0;0;0;0;0;0;0;0;0;0;0;1653;0;0;89;0;80;0;
11139;4198123;1006739456;13144064;1107480576;0;0;0;0;0;0;0;0;0;0;0;1543;0;0;89;0;80;0;
11140;1440221;1006739456;13144064;1107480576;0;0;0;0;0;0;0;0;0;0;0;1994;0;0;89;0;80;0;
11141;4620496;1006739456;13144064;1107480576;0;0;0;0;0;0;0;0;0;0;0;1402;0;0;89;0;80;0;
11142;2417083;1006739456;13144064;1107480576;0;0;0;0;0;0;0;0;0;0;0;1603;0;0;89;0;80;0;
11143;3854538;1006739456;13144064;1107480576;0;0;0;0;0;0;0;0;0;0;0;1433;0;0;89;0;80;0;
11144;1670823;1006739456;13144064;1107480576;0;0;0;0;0;0;0;0;0;0;0;1613;0;0;89;0;80;0;
11145;4168828;1006739456;13144064;1107480576;0;0;0;0;0;0;0;0;0;0;0;1443;0;0;89;0;80;0;
11146;1715928;1006739456;13144064;1107480576;0;0;0;0;0;0;0;0;0;0;0;1623;0;0;89;0;80;0;
11147;4439365;1010450432;20709376;1115045888;0;0;0;0;0;0;0;0;0;0;0;1503;0;0;89;0;80;0;
11148;2814829;1010450432;20709376;1115045888;0;0;0;0;0;0;0;0;0;0;0;9648;0;0;89;0;80;0;
11149;4275428;1012547584;20709376;1115045888;0;0;0;0;0;0;0;0;0;0;0;1503;0;0;89;0;80;0;
11150;2579407;1012547584;20709376;1115045888;0;0;0;0;0;0;0;0;0;0;0;1884;0;0;89;0;80;0;
11151;4869913;1012547584;20709376;1115045888;0;0;0;0;0;0;0;0;0;0;0;1724;0;0;89;0;80;0;
11152;1839840;1012547584;20709376;1115045888;0;0;0;0;0;0;0;0;0;0;0;1583;0;0;89;0;80;0;
11153;4535686;1012547584;20709376;1115045888;0;0;0;0;0;0;0;0;0;0;0;1402;0;0;89;0;80;0;
11154;2550663;1006952448;14204928;1108541440;0;0;0;0;0;0;0;0;0;0;0;1633;0;0;89;0;80;0;
11155;4253487;1006952448;14204928;1108541440;0;0;0;0;0;0;0;0;0;0;0;1393;0;0;89;0;80;0;
11156;2255901;1006952448;14204928;1108541440;0;0;0;0;0;0;0;0;0;0;0;1603;0;0;89;0;80;0;
11157;4176373;1006952448;14204928;1108541440;0;0;0;0;0;0;0;0;0;0;0;1413;0;0;89;0;80;0;
11158;2886994;1006952448;14204928;1108541440;0;0;0;0;0;0;0;0;0;0;0;1674;0;0;89;0;80;0;
11159;4455616;1006952448;14204928;1108541440;0;0;0;0;0;0;0;0;0;0;0;1703;0;0;89;0;80;0;
11160;4081364;1006952448;14204928;1108541440;0;0;0;0;0;0;0;0;0;0;0;1583;0;0;89;0;80;0;
11161;4495020;1006952448;14204928;1108541440;0;0;0;0;0;0;0;0;0;0;0;1503;0;0;89;0;80;0;
11162;2314691;1006952448;14204928;1108541440;0;0;0;0;0;0;0;0;0;0;0;1463;0;0;89;0;80;0;
11163;5766434;1006952448;14204928;1108541440;0;0;0;0;0;0;0;0;0;0;0;1343;0;0;89;0;80;0;
11164;2620414;1006952448;14204928;1108541440;0;0;0;0;0;0;0;0;0;0;0;1442;0;0;89;0;80;0;
11165;4544052;1006952448;14204928;1108541440;0;0;0;0;0;0;0;0;0;0;0;1553;0;0;89;0;80;0;
11166;3247841;1006952448;14204928;1108541440;0;0;0;0;0;0;0;0;0;0;0;2594;0;0;89;0;80;0;
11167;5304608;1006952448;14204928;1108541440;0;0;0;0;0;0;0;0;0;0;0;1643;0;0;89;0;80;0;
11168;2413215;1006952448;14204928;1108541440;0;0;0;0;0;0;0;0;0;0;0;2154;0;0;89;0;80;0;
11169;4850086;1009311744;20709376;1115045888;0;0;0;0;0;0;0;0;0;0;0;1493;0;0;89;0;80;0;
11170;3193368;1011408896;20709376;1115045888;0;0;0;0;0;0;0;0;0;0;0;2685;0;0;89;0;80;0;
11171;5401971;1012486144;20709376;1115045888;0;0;0;0;0;0;0;0;0;0;0;1954;0;0;89;0;80;0;
11172;2858431;1012486144;20709376;1115045888;0;0;0;0;0;0;0;0;0;0;0;2084;0;0;89;0;80;0;
11173;4619102;1012486144;20709376;1115045888;0;0;0;0;0;0;0;0;0;0;0;1403;0;0;89;0;80;0;
11174;4113694;1012486144;20709376;1115045888;0;0;0;0;0;0;0;0;0;0;0;3997;0;0;89;0;80;0;
11175;5520694;1012486144;20709376;1115045888;0;0;0;0;0;0;0;0;0;0;0;1884;0;0;89;0;80;0;
11176;4007055;1006764032;13144064;1107480576;0;0;0;0;0;0;0;0;0;0;0;2845;0;0;89;0;80;0;
11177;4989938;1006764032;13144064;1107480576;0;0;0;0;0;0;0;0;0;0;0;2154;0;0;89;0;80;0;
11178;3496748;1006764032;13144064;1107480576;0;0;0;0;0;0;0;0;0;0;0;2705;0;0;89;0;80;0;
11179;5029031;1006764032;13144064;1107480576;0;0;0;0;0;0;0;0;0;0;0;1873;0;0;89;0;80;0;
11180;3393604;1006764032;13144064;1107480576;0;0;0;0;0;0;0;0;0;0;0;2424;0;0;89;0;80;0;
11181;4177173;1006764032;13144064;1107480576;0;0;0;0;0;0;0;0;0;0;0;1523;0;0;89;0;80;0;
11182;3024382;1006764032;13144064;1107480576;0;0;0;0;0;0;0;0;0;0;0;2745;0;0;89;0;80;0;
11183;4517221;1006764032;13144064;1107480576;0;0;0;0;0;0;0;0;0;0;0;1573;0;0;89;0;80;0;
11184;2747804;1006764032;13144064;1107480576;0;0;0;0;0;0;0;0;0;0;0;1663;0;0;89;0;80;0;
11185;4116319;1006764032;13144064;1107480576;0;0;0;0;0;0;0;0;0;0;0;1403;0;0;89;0;80;0;
11186;2435417;1006764032;13144064;1107480576;0;0;0;0;0;0;0;0;0;0;0;1823;0;0;89;0;80;0;
11187;4205136;1006764032;13144064;1107480576;0;0;0;0;0;0;0;0;0;0;0;1403;0;0;89;0;80;0;
11188;2423304;1006764032;13144064;1107480576;0;0;0;0;0;0;0;0;0;0;0;1783;0;0;89;0;80;0;
11189;4909707;1006764032;13144064;1107480576;0;0;0;0;0;0;0;0;0;0;0;1392;0;0;89;0;80;0;
11190;3078193;1006764032;13144064;1107480576;0;0;0;0;0;0;0;0;0;0;0;1914;0;0;89;0;80;0;
11191;4798018;1006764032;13144064;1107480576;0;0;0;0;0;0;0;0;0;0;0;1343;0;0;89;0;80;0;
11192;3629818;1006764032;13144064;1107480576;0;0;0;0;0;0;0;0;0;0;0;2104;0;0;89;0;80;0;
11193;6896163;1010475008;20709376;1115045888;0;0;0;0;0;0;0;0;0;0;0;2144;0;0;89;0;80;0;
11194;3908139;1012572160;20709376;1115045888;0;0;0;0;0;0;0;0;0;0;0;2495;0;0;89;0;80;0;
11195;4890041;1012572160;20709376;1115045888;0;0;0;0;0;0;0;0;0;0;0;1723;0;0;89;0;80;0;
11196;2825739;1012572160;20709376;1115045888;0;0;0;0;0;0;0;0;0;0;0;2265;0;0;89;0;80;0;
11197;4179809;1012572160;20709376;1115045888;0;0;0;0;0;0;0;0;0;0;0;1833;0;0;89;0;80;0;
11198;2823224;1012572160;20709376;1115045888;0;0;0;0;0;0;0;0;0;0;0;2104;0;0;89;0;80;0;
11199;5031637;1012572160;20709376;1115045888;0;0;0;0;0;0;0;0;0;0;0;1843;0;0;89;0;80;0;
11200;2915417;1006952448;14204928;1108541440;0;0;0;0;0;0;0;0;0;0;0;2374;0;0;89;0;80;0;
11201;4118503;1006952448;14204928;1108541440;0;0;0;0;0;0;0;0;0;0;0;1733;0;0;89;0;80;0;
11202;3106506;1006952448;14204928;1108541440;0;0;0;0;0;0;0;0;0;0;0;2215;0;0;89;0;80;0;
11203;5268540;1006952448;14204928;1108541440;0;0;0;0;0;0;0;0;0;0;0;1613;0;0;89;0;80;0;
11204;2173055;1006952448;14204928;1108541440;0;0;0;0;0;0;0;0;0;0;0;2114;0;0;89;0;80;0;
11205;10923005;1006952448;14204928;1108541440;0;0;0;0;0;0;0;0;0;0;0;1633;0;0;89;0;80;0;
11206;3530010;1006952448;14204928;1108541440;0;0;0;0;0;0;0;0;0;0;0;2184;0;0;89;0;80;0;
11207;5080107;1006952448;14204928;1108541440;0;0;0;0;0;0;0;0;0;0;0;1743;0;0;89;0;80;0;
11208;2621767;1006952448;14204928;1108541440;0;0;0;0;0;0;0;0;0;0;0;2265;0;0;89;0;80;0;
11209;4766348;1006952448;14204928;1108541440;0;0;0;0;0;0;0;0;0;0;0;1724;0;0;89;0;80;0;
11210;2408918;1006952448;14204928;1108541440;0;0;0;0;0;0;0;0;0;0;0;2014;0;0;89;0;80;0;
11211;4782338;1006952448;14204928;1108541440;0;0;0;0;0;0;0;0;0;0;0;1834;0;0;89;0;80;0;
11212;3426185;1006952448;14204928;1108541440;0;0;0;0;0;0;0;0;0;0;0;2194;0;0;89;0;80;0;
11213;4468681;1006952448;14204928;1108541440;0;0;0;0;0;0;0;0;0;0;0;1683;0;0;89;0;80;0;
11214;2804960;1006952448;14204928;1108541440;0;0;0;0;0;0;0;0;0;0;0;2164;0;0;89;0;80;0;
11215;4471435;1006952448;14204928;1108541440;0;0;0;0;0;0;0;0;0;0;0;1653;0;0;89;0;80;0;
11216;3602356;1006952448;14204928;1108541440;0;0;0;0;0;0;0;0;0;0;0;1984;0;0;89;0;80;0;
11217;4746532;1009311744;20709376;1115045888;0;0;0;0;0;0;0;0;0;0;0;1603;0;0;89;0;80;0;
11218;2319219;1011408896;20709376;1115045888;0;0;0;0;0;0;0;0;0;0;0;2094;0;0;89;0;80;0;
11219;4751441;1012486144;20709376;1115045888;0;0;0;0;0;0;0;0;0;0;0;1613;0;0;89;0;80;0;
11220;4336292;1012486144;20709376;1115045888;0;0;0;0;0;0;0;0;0;0;0;2224;0;0;89;0;80;0;
11221;5122467;1012486144;20709376;1115045888;0;0;0;0;0;0;0;0;0;0;0;1693;0;0;89;0;80;0;
11222;3381662;1012486144;20709376;1115045888;0;0;0;0;0;0;0;0;0;0;0;2014;0;0;89;0;80;0;
11223;5198359;1012486144;20709376;1115045888;0;0;0;0;0;0;0;0;0;0;0;1804;0;0;89;0;80;0;
11224;3201504;1006788608;13144064;1107480576;0;0;0;0;0;0;0;0;0;0;0;1563;0;0;89;0;80;0;
11225;5146372;1006788608;13144064;1107480576;0;0;0;0;0;0;0;0;0;0;0;1373;0;0;89;0;80;0;
11226;3312453;1006788608;13144064;1107480576;0;0;0;0;0;0;0;0;0;0;0;1623;0;0;89;0;80;0;
11227;5030775;1006788608;13144064;1107480576;0;0;0;0;0;0;0;0;0;0;0;1573;0;0;89;0;80;0;
11228;2699442;1006788608;13144064;1107480576;0;0;0;0;0;0;0;0;0;0;0;2014;0;0;89;0;80;0;
11229;4609635;1006788608;13144064;1107480576;0;0;0;0;0;0;0;0;0;0;0;1703;0;0;89;0;80;0;
11230;2647275;1006788608;13144064;1107480576;0;0;0;0;0;0;0;0;0;0;0;1413;0;0;89;0;80;0;
11231;6272975;1010499584;20709376;1115045888;0;0;0;0;0;0;0;0;0;0;0;2415;0;0;89;0;80;0;
11232;3778025;1012596736;20709376;1115045888;0;0;0;0;0;0;0;0;0;0;0;2154;0;0;89;0;80;0;
11233;4450195;1012596736;20709376;1115045888;0;0;0;0;0;0;0;0;0;0;0;1713;0;0;89;0;80;0;
11234;2254808;1012596736;20709376;1115045888;0;0;0;0;0;0;0;0;0;0;0;1984;0;0;89;0;80;0;
11235;5333372;1012596736;20709376;1115045888;0;0;0;0;0;0;0;0;0;0;0;1773;0;0;89;0;80;0;
11236;2154110;1012596736;20709376;1115045888;0;0;0;0;0;0;0;0;0;0;0;1944;0;0;89;0;80;0;
11237;4428616;1012596736;20709376;1115045888;0;0;0;0;0;0;0;0;0;0;0;1733;0;0;89;0;80;0;
11238;1890616;1006952448;14204928;1108541440;0;0;0;0;0;0;0;0;0;0;0;1422;0;0;89;0;80;0;
11239;4535335;1009311744;20709376;1115045888;0;0;0;0;0;0;0;0;0;0;0;1443;0;0;89;0;80;0;
11240;2359965;1011408896;20709376;1115045888;0;0;0;0;0;0;0;0;0;0;0;1553;0;0;89;0;80;0;
11241;4219593;1012486144;20709376;1115045888;0;0;0;0;0;0;0;0;0;0;0;1342;0;0;89;0;80;0;
11242;2428474;1012486144;20709376;1115045888;0;0;0;0;0;0;0;0;0;0;0;2094;0;0;89;0;80;0;
11243;5004435;1012486144;20709376;1115045888;0;0;0;0;0;0;0;0;0;0;0;1433;0;0;89;0;80;0;
11244;2163618;1012486144;20709376;1115045888;0;0;0;0;0;0;0;0;0;0;0;1673;0;0;89;0;80;0;
11245;4476666;1012486144;20709376;1115045888;0;0;0;0;0;0;0;0;0;0;0;1373;0;0;89;0;80;0;
11246;2545905;1006800896;13144064;1107480576;0;0;0;0;0;0;0;0;0;0;0;2695;0;0;89;0;80;0;
11247;4839285;1006800896;13144064;1107480576;0;0;0;0;0;0;0;0;0;0;0;1763;0;0;89;0;80;0;
11248;2945494;1006800896;13144064;1107480576;0;0;0;0;0;0;0;0;0;0;0;2554;0;0;89;0;80;0;
11249;4589477;1006800896;13144064;1107480576;0;0;0;0;0;0;0;0;0;0;0;1694;0;0;89;0;80;0;
11250;2635041;1006800896;13144064;1107480576;0;0;0;0;0;0;0;0;0;0;0;1834;0;0;89;0;80;0;
11251;3865079;1006800896;13144064;1107480576;0;0;0;0;0;0;0;0;0;0;0;1513;0;0;89;0;80;0;
11252;2304542;1006800896;13144064;1107480576;0;0;0;0;0;0;0;0;0;0;0;2134;0;0;89;0;80;0;
11253;4203593;1006800896;13144064;1107480576;0;0;0;0;0;0;0;0;0;0;0;1784;0;0;89;0;80;0;
11254;3008342;1006800896;13144064;1107480576;0;0;0;0;0;0;0;0;0;0;0;2184;0;0;89;0;80;0;
11255;5401290;1006800896;13144064;1107480576;0;0;0;0;0;0;0;0;0;0;0;1763;0;0;89;0;80;0;
11256;5131944;1006800896;13144064;1107480576;0;0;0;0;0;0;0;0;0;0;0;2204;0;0;89;0;80;0;
11257;4974570;1006800896;13144064;1107480576;0;0;0;0;0;0;0;0;0;0;0;2124;0;0;89;0;80;0;
11258;3229206;1006800896;13144064;1107480576;0;0;0;0;0;0;0;0;0;0;0;1954;0;0;89;0;80;0;
11259;4491483;1006800896;13144064;1107480576;0;0;0;0;0;0;0;0;0;0;0;2014;0;0;89;0;80;0;
11260;2814248;1006800896;13144064;1107480576;0;0;0;0;0;0;0;0;0;0;0;1943;0;0;89;0;80;0;
11261;4436551;1006800896;13144064;1107480576;0;0;0;0;0;0;0;0;0;0;0;1403;0;0;89;0;80;0;
11262;3138926;1006800896;13144064;1107480576;0;0;0;0;0;0;0;0;0;0;0;2024;0;0;89;0;80;0;
11263;6284376;1010511872;20709376;1115045888;0;0;0;0;0;0;0;0;0;0;0;1753;0;0;89;0;80;0;
11264;4009630;1012609024;20709376;1115045888;0;0;0;0;0;0;0;0;0;0;0;2655;0;0;89;0;80;0;
11265;4727716;1012609024;20709376;1115045888;0;0;0;0;0;0;0;0;0;0;0;1733;0;0;89;0;80;0;
11266;3384317;1012609024;20709376;1115045888;0;0;0;0;0;0;0;0;0;0;0;1663;0;0;89;0;80;0;
11267;4987042;1012609024;20709376;1115045888;0;0;0;0;0;0;0;0;0;0;0;1393;0;0;89;0;80;0;
11268;3163042;1012609024;20709376;1115045888;0;0;0;0;0;0;0;0;0;0;0;2034;0;0;89;0;80;0;
11269;4332575;1012609024;20709376;1115045888;0;0;0;0;0;0;0;0;0;0;0;1733;0;0;89;0;80;0;
11270;4127961;1006952448;14204928;1108541440;0;0;0;0;0;0;0;0;0;0;0;1723;0;0;89;0;80;0;
11271;5542224;1006952448;14204928;1108541440;0;0;0;0;0;0;0;0;0;0;0;1793;0;0;89;0;80;0;
11272;3421998;1006952448;14204928;1108541440;0;0;0;0;0;0;0;0;0;0;0;1934;0;0;89;0;80;0;
11273;4672433;1006952448;14204928;1108541440;0;0;0;0;0;0;0;0;0;0;0;1734;0;0;89;0;80;0;
11274;3781161;1006952448;14204928;1108541440;0;0;0;0;0;0;0;0;0;0;0;1803;0;0;89;0;80;0;
11275;4997042;1006952448;14204928;1108541440;0;0;0;0;0;0;0;0;0;0;0;1683;0;0;89;0;80;0;
11276;3098871;1006952448;14204928;1108541440;0;0;0;0;0;0;0;0;0;0;0;1863;0;0;89;0;80;0;
11277;5176688;1006952448;14204928;1108541440;0;0;0;0;0;0;0;0;0;0;0;1483;0;0;89;0;80;0;
11278;3763458;1006952448;14204928;1108541440;0;0;0;0;0;0;0;0;0;0;0;2094;0;0;89;0;80;0;
11279;4795303;1006952448;14204928;1108541440;0;0;0;0;0;0;0;0;0;0;0;4068;0;0;89;0;80;0;
11280;3828781;1006952448;14204928;1108541440;0;0;0;0;0;0;0;0;0;0;0;2494;0;0;89;0;80;0;
11281;4417945;1006952448;14204928;1108541440;0;0;0;0;0;0;0;0;0;0;0;1883;0;0;89;0;80;0;
11282;3546912;1006952448;14204928;1108541440;0;0;0;0;0;0;0;0;0;0;0;2234;0;0;89;0;80;0;
11283;4613172;1006952448;14204928;1108541440;0;0;0;0;0;0;0;0;0;0;0;1763;0;0;89;0;80;0;
11284;3041925;1006952448;14204928;1108541440;0;0;0;0;0;0;0;0;0;0;0;1763;0;0;89;0;80;0;
11285;5787814;1006952448;14204928;1108541440;0;0;0;0;0;0;0;0;0;0;0;2013;0;0;89;0;80;0;
11286;3255335;1006952448;14204928;1108541440;0;0;0;0;0;0;0;0;0;0;0;2225;0;0;89;0;80;0;
11287;6331584;1009311744;20709376;1115045888;0;0;0;0;0;0;0;0;0;0;0;1894;0;0;89;0;80;0;
11288;3056092;1011408896;20709376;1115045888;0;0;0;0;0;0;0;0;0;0;0;2244;0;0;89;0;80;0;
11289;6351091;1012486144;20709376;1115045888;0;0;0;0;0;0;0;0;0;0;0;1764;0;0;89;0;80;0;
11290;3448878;1012486144;20709376;1115045888;0;0;0;0;0;0;0;0;0;0;0;1874;0;0;89;0;80;0;
11291;5074657;1012486144;20709376;1115045888;0;0;0;0;0;0;0;0;0;0;0;1853;0;0;89;0;80;0;
11292;2036229;1012486144;20709376;1115045888;0;0;0;0;0;0;0;0;0;0;0;1974;0;0;89;0;80;0;
11293;4959922;1012486144;20709376;1115045888;0;0;0;0;0;0;0;0;0;0;0;1933;0;0;89;0;80;0;
11294;3027769;1006825472;13144064;1107480576;0;0;0;0;0;0;0;0;0;0;0;2214;0;0;89;0;80;0;
11295;5809845;1006825472;13144064;1107480576;0;0;0;0;0;0;0;0;0;0;0;3106;0;0;89;0;80;0;
11296;3135541;1006825472;13144064;1107480576;0;0;0;0;0;0;0;0;0;0;0;2685;0;0;89;0;80;0;
11297;5773598;1006825472;13144064;1107480576;0;0;0;0;0;0;0;0;0;0;0;1974;0;0;89;0;80;0;
11298;3037837;1006825472;13144064;1107480576;0;0;0;0;0;0;0;0;0;0;0;2334;0;0;89;0;80;0;
11299;4779954;1006825472;13144064;1107480576;0;0;0;0;0;0;0;0;0;0;0;1793;0;0;89;0;80;0;
11300;2848623;1006825472;13144064;1107480576;0;0;0;0;0;0;0;0;0;0;0;2585;0;0;89;0;80;0;
11301;4337956;1006825472;13144064;1107480576;0;0;0;0;0;0;0;0;0;0;0;1764;0;0;89;0;80;0;
11302;3482731;1006825472;13144064;1107480576;0;0;0;0;0;0;0;0;0;0;0;1893;0;0;89;0;80;0;
11303;4278073;1006825472;13144064;1107480576;0;0;0;0;0;0;0;0;0;0;0;1823;0;0;89;0;80;0;
11304;3313874;1006825472;13144064;1107480576;0;0;0;0;0;0;0;0;0;0;0;2074;0;0;89;0;80;0;
11305;4334228;1006825472;13144064;1107480576;0;0;0;0;0;0;0;0;0;0;0;1994;0;0;89;0;80;0;
11306;4628601;1006825472;13144064;1107480576;0;0;0;0;0;0;0;0;0;0;0;1603;0;0;89;0;80;0;
11307;5019213;1006825472;13144064;1107480576;0;0;0;0;0;0;0;0;0;0;0;1753;0;0;89;0;80;0;
11308;2820951;1006825472;13144064;1107480576;0;0;0;0;0;0;0;0;0;0;0;1683;0;0;89;0;80;0;
11309;4616488;1006825472;13144064;1107480576;0;0;0;0;0;0;0;0;0;0;0;1543;0;0;89;0;80;0;
11310;3292184;1006825472;13144064;1107480576;0;0;0;0;0;0;0;0;0;0;0;1823;0;0;89;0;80;0;
11311;5260416;1010536448;20709376;1115045888;0;0;0;0;0;0;0;0;0;0;0;1543;0;0;89;0;80;0;
11312;4636696;1012633600;20709376;1115045888;0;0;0;0;0;0;0;0;0;0;0;2275;0;0;89;0;80;0;
11313;4680137;1012633600;20709376;1115045888;0;0;0;0;0;0;0;0;0;0;0;1683;0;0;89;0;80;0;
11314;4286528;1012633600;20709376;1115045888;0;0;0;0;0;0;0;0;0;0;0;2234;0;0;89;0;80;0;
11315;4830389;1012633600;20709376;1115045888;0;0;0;0;0;0;0;0;0;0;0;1864;0;0;89;0;80;0;
11316;2204785;1012633600;20709376;1115045888;0;0;0;0;0;0;0;0;0;0;0;1523;0;0;89;0;80;0;
11317;5255326;1012633600;20709376;1115045888;0;0;0;0;0;0;0;0;0;0;0;1713;0;0;89;0;80;0;
11318;2617078;1006952448;14204928;1108541440;0;0;0;0;0;0;0;0;0;0;0;2104;0;0;89;0;80;0;
11319;4755268;1006952448;14204928;1108541440;0;0;0;0;0;0;0;0;0;0;0;1823;0;0;89;0;80;0;
11320;3681474;1006952448;14204928;1108541440;0;0;0;0;0;0;0;0;0;0;0;1963;0;0;89;0;80;0;
11321;4988726;1006952448;14204928;1108541440;0;0;0;0;0;0;0;0;0;0;0;1713;0;0;89;0;80;0;
11322;3305118;1006952448;14204928;1108541440;0;0;0;0;0;0;0;0;0;0;0;1824;0;0;89;0;80;0;
11323;5116847;1006952448;14204928;1108541440;0;0;0;0;0;0;0;0;0;0;0;1743;0;0;89;0;80;0;
11324;4470694;1006952448;14204928;1108541440;0;0;0;0;0;0;0;0;0;0;0;3497;0;0;89;0;80;0;
11325;6415251;1006952448;14204928;1108541440;0;0;0;0;0;0;0;0;0;0;0;1863;0;0;89;0;80;0;
11326;2865274;1006952448;14204928;1108541440;0;0;0;0;0;0;0;0;0;0;0;1603;0;0;89;0;80;0;
11327;5820807;1006952448;14204928;1108541440;0;0;0;0;0;0;0;0;0;0;0;1403;0;0;89;0;80;0;
11328;2356840;1006952448;14204928;1108541440;0;0;0;0;0;0;0;0;0;0;0;2103;0;0;89;0;80;0;
11329;5318364;1006952448;14204928;1108541440;0;0;0;0;0;0;0;0;0;0;0;1863;0;0;89;0;80;0;
11330;3426566;1006952448;14204928;1108541440;0;0;0;0;0;0;0;0;0;0;0;1713;0;0;89;0;80;0;
11331;5653232;1006952448;14204928;1108541440;0;0;0;0;0;0;0;0;0;0;0;1422;0;0;89;0;80;0;
11332;2695335;1006952448;14204928;1108541440;0;0;0;0;0;0;0;0;0;0;0;1924;0;0;89;0;80;0;
11333;5016467;1006952448;14204928;1108541440;0;0;0;0;0;0;0;0;0;0;0;1763;0;0;89;0;80;0;
11334;4010131;1006952448;14204928;1108541440;0;0;0;0;0;0;0;0;0;0;0;2235;0;0;89;0;80;0;
11335;5141653;1009311744;20709376;1115045888;0;0;0;0;0;0;0;0;0;0;0;1853;0;0;89;0;80;0;
11336;2218270;1011408896;20709376;1115045888;0;0;0;0;0;0;0;0;0;0;0;2434;0;0;89;0;80;0;
11337;5792854;1012486144;20709376;1115045888;0;0;0;0;0;0;0;0;0;0;0;1874;0;0;89;0;80;0;
11338;4326233;1012486144;20709376;1115045888;0;0;0;0;0;0;0;0;0;0;0;3095;0;0;89;0;80;0;
11339;5396110;1012486144;20709376;1115045888;0;0;0;0;0;0;0;0;0;0;0;1853;0;0;89;0;80;0;
11340;3285531;1012486144;20709376;1115045888;0;0;0;0;0;0;0;0;0;0;0;1674;0;0;89;0;80;0;
11341;4673164;1012486144;20709376;1115045888;0;0;0;0;0;0;0;0;0;0;0;1493;0;0;89;0;80;0;
11342;2257033;1006850048;13144064;1107480576;0;0;0;0;0;0;0;0;0;0;0;1743;0;0;89;0;80;0;
11343;4957277;1006850048;13144064;1107480576;0;0;0;0;0;0;0;0;0;0;0;1483;0;0;89;0;80;0;
11344;2019969;1006850048;13144064;1107480576;0;0;0;0;0;0;0;0;0;0;0;1904;0;0;89;0;80;0;
11345;5538507;1006850048;13144064;1107480576;0;0;0;0;0;0;0;0;0;0;0;1433;0;0;89;0;80;0;
11346;3219578;1006850048;13144064;1107480576;0;0;0;0;0;0;0;0;0;0;0;2284;0;0;89;0;80;0;
11347;5232864;1006850048;13144064;1107480576;0;0;0;0;0;0;0;0;0;0;0;1934;0;0;89;0;80;0;
11348;2788910;1006850048;13144064;1107480576;0;0;0;0;0;0;0;0;0;0;0;2284;0;0;89;0;80;0;
11349;5033740;1006850048;13144064;1107480576;0;0;0;0;0;0;0;0;0;0;0;1823;0;0;89;0;80;0;
11350;2232707;1006850048;13144064;1107480576;0;0;0;0;0;0;0;0;0;0;0;2525;0;0;89;0;80;0;
11351;4747263;1006850048;13144064;1107480576;0;0;0;0;0;0;0;0;0;0;0;1894;0;0;89;0;80;0;
11352;2753924;1006850048;13144064;1107480576;0;0;0;0;0;0;0;0;0;0;0;1894;0;0;89;0;80;0;
11353;4627248;1006850048;13144064;1107480576;0;0;0;0;0;0;0;0;0;0;0;1593;0;0;89;0;80;0;
11354;2341741;1006850048;13144064;1107480576;0;0;0;0;0;0;0;0;0;0;0;1924;0;0;89;0;80;0;
11355;5264864;1006850048;13144064;1107480576;0;0;0;0;0;0;0;0;0;0;0;1463;0;0;89;0;80;0;
11356;2968317;1006850048;13144064;1107480576;0;0;0;0;0;0;0;0;0;0;0;2384;0;0;89;0;80;0;
11357;5122467;1006850048;13144064;1107480576;0;0;0;0;0;0;0;0;0;0;0;1824;0;0;89;0;80;0;
11358;1982918;1006850048;13144064;1107480576;0;0;0;0;0;0;0;0;0;0;0;1813;0;0;89;0;80;0;
11359;5477423;1010561024;20709376;1115045888;0;0;0;0;0;0;0;0;0;0;0;2234;0;0;89;0;80;0;
11360;3482881;1012658176;20709376;1115045888;0;0;0;0;0;0;0;0;0;0;0;2685;0;0;89;0;80;0;
11361;5462504;1012658176;20709376;1115045888;0;0;0;0;0;0;0;0;0;0;0;1923;0;0;89;0;80;0;
11362;2913524;1012658176;20709376;1115045888;0;0;0;0;0;0;0;0;0;0;0;2004;0;0;89;0;80;0;
11363;4725152;1012658176;20709376;1115045888;0;0;0;0;0;0;0;0;0;0;0;1984;0;0;89;0;80;0;
11364;3899032;1012658176;20709376;1115045888;0;0;0;0;0;0;0;0;0;0;0;2134;0;0;89;0;80;0;
11365;5202317;1012658176;20709376;1115045888;0;0;0;0;0;0;0;0;0;0;0;1944;0;0;89;0;80;0;
11366;4306817;1006952448;14204928;1108541440;0;0;0;0;0;0;0;0;0;0;0;2184;0;0;89;0;80;0;
11367;4936327;1006952448;14204928;1108541440;0;0;0;0;0;0;0;0;0;0;0;1893;0;0;89;0;80;0;
11368;3857926;1006952448;14204928;1108541440;0;0;0;0;0;0;0;0;0;0;0;2274;0;0;89;0;80;0;
11369;4813327;1006952448;14204928;1108541440;0;0;0;0;0;0;0;0;0;0;0;1984;0;0;89;0;80;0;
11370;2848652;1006952448;14204928;1108541440;0;0;0;0;0;0;0;0;0;0;0;8937;0;0;89;0;80;0;
11371;5119351;1006952448;14204928;1108541440;0;0;0;0;0;0;0;0;0;0;0;1933;0;0;89;0;80;0;
11372;2698551;1006952448;14204928;1108541440;0;0;0;0;0;0;0;0;0;0;0;2024;0;0;89;0;80;0;
11373;4209675;1006952448;14204928;1108541440;0;0;0;0;0;0;0;0;0;0;0;1763;0;0;89;0;80;0;
11374;2167815;1006952448;14204928;1108541440;0;0;0;0;0;0;0;0;0;0;0;2435;0;0;89;0;80;0;
11375;4513725;1006952448;14204928;1108541440;0;0;0;0;0;0;0;0;0;0;0;2094;0;0;89;0;80;0;
11376;2726744;1006952448;14204928;1108541440;0;0;0;0;0;0;0;0;0;0;0;3847;0;0;89;0;80;0;
11377;5680904;1006952448;14204928;1108541440;0;0;0;0;0;0;0;0;0;0;0;2795;0;0;89;0;80;0;
11378;3396500;1006952448;14204928;1108541440;0;0;0;0;0;0;0;0;0;0;0;2866;0;0;89;0;80;0;
11379;5960147;1006952448;14204928;1108541440;0;0;0;0;0;0;0;0;0;0;0;2805;0;0;89;0;80;0;
11380;3054408;1006952448;14204928;1108541440;0;0;0;0;0;0;0;0;0;0;0;3176;0;0;89;0;80;0;
11381;5928949;1009311744;20709376;1115045888;0;0;0;0;0;0;0;0;0;0;0;3276;0;0;89;0;80;0;
11382;3113238;1011408896;20709376;1115045888;0;0;0;0;0;0;0;0;0;0;0;3186;0;0;89;0;80;0;
11383;5769199;1012756480;20709376;1115045888;0;0;0;0;0;0;0;0;0;0;0;2385;0;0;89;0;80;0;
11384;2733406;1012756480;20709376;1115045888;0;0;0;0;0;0;0;0;0;0;0;3075;0;0;89;0;80;0;
11385;4551736;1012756480;20709376;1115045888;0;0;0;0;0;0;0;0;0;0;0;1783;0;0;89;0;80;0;
11386;3317522;1012756480;20709376;1115045888;0;0;0;0;0;0;0;0;0;0;0;3116;0;0;89;0;80;0;
11387;4758674;1012756480;20709376;1115045888;0;0;0;0;0;0;0;0;0;0;0;1953;0;0;89;0;80;0;
11388;3431716;1006874624;13144064;1107480576;0;0;0;0;0;0;0;0;0;0;0;3296;0;0;89;0;80;0;
11389;4356580;1006874624;13144064;1107480576;0;0;0;0;0;0;0;0;0;0;0;2574;0;0;89;0;80;0;
11390;3347327;1006874624;13144064;1107480576;0;0;0;0;0;0;0;0;0;0;0;4578;0;0;89;0;80;0;
11391;4585209;1006874624;13144064;1107480576;0;0;0;0;0;0;0;0;0;0;0;2074;0;0;89;0;80;0;
11392;4454924;1006874624;13144064;1107480576;0;0;0;0;0;0;0;0;0;0;0;3396;0;0;89;0;80;0;
11393;5756876;1006874624;13144064;1107480576;0;0;0;0;0;0;0;0;0;0;0;3306;0;0;89;0;80;0;
11394;3646859;1006874624;13144064;1107480576;0;0;0;0;0;0;0;0;0;0;0;3247;0;0;89;0;80;0;
11395;5762667;1006874624;13144064;1107480576;0;0;0;0;0;0;0;0;0;0;0;2014;0;0;89;0;80;0;
11396;4002726;1006874624;13144064;1107480576;0;0;0;0;0;0;0;0;0;0;0;3807;0;0;89;0;80;0;
11397;5154286;1006874624;13144064;1107480576;0;0;0;0;0;0;0;0;0;0;0;2205;0;0;89;0;80;0;
11398;3650095;1006874624;13144064;1107480576;0;0;0;0;0;0;0;0;0;0;0;2825;0;0;89;0;80;0;
11399;6470394;1006874624;13144064;1107480576;0;0;0;0;0;0;0;0;0;0;0;2054;0;0;89;0;80;0;
11400;3587839;1006874624;13144064;1107480576;0;0;0;0;0;0;0;0;0;0;0;3116;0;0;89;0;80;0;
11401;5337489;1006874624;13144064;1107480576;0;0;0;0;0;0;0;0;0;0;0;1312;0;0;89;0;80;0;
11402;2582924;1006874624;13144064;1107480576;0;0;0;0;0;0;0;0;0;0;0;2846;0;0;89;0;80;0;
11403;4419007;1006874624;13144064;1107480576;0;0;0;0;0;0;0;0;0;0;0;1833;0;0;89;0;80;0;
11404;2980780;1006874624;13144064;1107480576;0;0;0;0;0;0;0;0;0;0;0;2515;0;0;89;0;80;0;
11405;4811143;1010585600;20709376;1115045888;0;0;0;0;0;0;0;0;0;0;0;2285;0;0;89;0;80;0;
11406;3993119;1012682752;20709376;1115045888;0;0;0;0;0;0;0;0;0;0;0;3556;0;0;89;0;80;0;
11407;4491965;1012682752;20709376;1115045888;0;0;0;0;0;0;0;0;0;0;0;2054;0;0;89;0;80;0;
11408;3987819;1012682752;20709376;1115045888;0;0;0;0;0;0;0;0;0;0;0;2585;0;0;89;0;80;0;
11409;4584988;1012682752;20709376;1115045888;0;0;0;0;0;0;0;0;0;0;0;1513;0;0;89;0;80;0;
11410;3726298;1012682752;20709376;1115045888;0;0;0;0;0;0;0;0;0;0;0;2605;0;0;89;0;80;0;
11411;4603052;1012682752;20709376;1115045888;0;0;0;0;0;0;0;0;0;0;0;1854;0;0;89;0;80;0;
11412;3582218;1006952448;14204928;1108541440;0;0;0;0;0;0;0;0;0;0;0;2094;0;0;89;0;80;0;
11413;5383647;1006952448;14204928;1108541440;0;0;0;0;0;0;0;0;0;0;0;1883;0;0;89;0;80;0;
11414;3101156;1006952448;14204928;1108541440;0;0;0;0;0;0;0;0;0;0;0;2325;0;0;89;0;80;0;
11415;5025374;1006952448;14204928;1108541440;0;0;0;0;0;0;0;0;0;0;0;1884;0;0;89;0;80;0;
11416;3242331;1006952448;14204928;1108541440;0;0;0;0;0;0;0;0;0;0;0;1773;0;0;89;0;80;0;
11417;5334394;1006952448;14204928;1108541440;0;0;0;0;0;0;0;0;0;0;0;1463;0;0;89;0;80;0;
11418;2853872;1006952448;14204928;1108541440;0;0;0;0;0;0;0;0;0;0;0;2084;0;0;89;0;80;0;
11419;5058967;1006952448;14204928;1108541440;0;0;0;0;0;0;0;0;0;0;0;1783;0;0;89;0;80;0;
11420;3013972;1006952448;14204928;1108541440;0;0;0;0;0;0;0;0;0;0;0;2104;0;0;89;0;80;0;
11421;4314482;1006952448;14204928;1108541440;0;0;0;0;0;0;0;0;0;0;0;1533;0;0;89;0;80;0;
11422;3067723;1006952448;14204928;1108541440;0;0;0;0;0;0;0;0;0;0;0;2204;0;0;89;0;80;0;
11423;4580270;1006952448;14204928;1108541440;0;0;0;0;0;0;0;0;0;0;0;1723;0;0;89;0;80;0;
11424;2990368;1006952448;14204928;1108541440;0;0;0;0;0;0;0;0;0;0;0;2254;0;0;89;0;80;0;
11425;4225174;1006952448;14204928;1108541440;0;0;0;0;0;0;0;0;0;0;0;1933;0;0;89;0;80;0;
11426;2936447;1006952448;14204928;1108541440;0;0;0;0;0;0;0;0;0;0;0;2174;0;0;89;0;80;0;
11427;4373883;1006952448;14204928;1108541440;0;0;0;0;0;0;0;0;0;0;0;2345;0;0;89;0;80;0;
11428;4015631;1006952448;14204928;1108541440;0;0;0;0;0;0;0;0;0;0;0;2976;0;0;89;0;80;0;
11429;5211053;1009311744;20709376;1115045888;0;0;0;0;0;0;0;0;0;0;0;2274;0;0;89;0;80;0;
11430;3830874;1011408896;20709376;1115045888;0;0;0;0;0;0;0;0;0;0;0;2425;0;0;89;0;80;0;
11431;5302695;1012756480;20709376;1115045888;0;0;0;0;0;0;0;0;0;0;0;2165;0;0;89;0;80;0;
11432;4010902;1012756480;20709376;1115045888;0;0;0;0;0;0;0;0;0;0;0;2846;0;0;89;0;80;0;
11433;4675148;1012756480;20709376;1115045888;0;0;0;0;0;0;0;0;0;0;0;1903;0;0;89;0;80;0;
11434;3132805;1012756480;20709376;1115045888;0;0;0;0;0;0;0;0;0;0;0;2354;0;0;89;0;80;0;
11435;4369635;1012756480;20709376;1115045888;0;0;0;0;0;0;0;0;0;0;0;1934;0;0;89;0;80;0;
11436;2630894;1006899200;13144064;1107480576;0;0;0;0;0;0;0;0;0;0;0;2655;0;0;89;0;80;0;
11437;4959552;1006899200;13144064;1107480576;0;0;0;0;0;0;0;0;0;0;0;1764;0;0;89;0;80;0;
11438;2644009;1006899200;13144064;1107480576;0;0;0;0;0;0;0;0;0;0;0;2685;0;0;89;0;80;0;
11439;4568047;1006899200;13144064;1107480576;0;0;0;0;0;0;0;0;0;0;0;1893;0;0;89;0;80;0;
11440;2106892;1006899200;13144064;1107480576;0;0;0;0;0;0;0;0;0;0;0;2414;0;0;89;0;80;0;
11441;4271029;1006899200;13144064;1107480576;0;0;0;0;0;0;0;0;0;0;0;1563;0;0;89;0;80;0;
11442;2576542;1006899200;13144064;1107480576;0;0;0;0;0;0;0;0;0;0;0;2664;0;0;89;0;80;0;
11443;5188811;1006899200;13144064;1107480576;0;0;0;0;0;0;0;0;0;0;0;1563;0;0;89;0;80;0;
11444;2683613;1006899200;13144064;1107480576;0;0;0;0;0;0;0;0;0;0;0;2946;0;0;89;0;80;0;
11445;4248838;1006899200;13144064;1107480576;0;0;0;0;0;0;0;0;0;0;0;1904;0;0;89;0;80;0;
11446;2447851;1006899200;13144064;1107480576;0;0;0;0;0;0;0;0;0;0;0;2204;0;0;89;0;80;0;
11447;4909598;1006899200;13144064;1107480576;0;0;0;0;0;0;0;0;0;0;0;1603;0;0;89;0;80;0;
11448;10033476;1006899200;13144064;1107480576;0;0;0;0;0;0;0;0;0;0;0;3416;0;0;89;0;80;0;
11449;4916871;1006899200;13144064;1107480576;0;0;0;0;0;0;0;0;0;0;0;2595;0;0;89;0;80;0;
11450;3404364;1006899200;13144064;1107480576;0;0;0;0;0;0;0;0;0;0;0;3035;0;0;89;0;80;0;
11451;4875914;1006899200;13144064;1107480576;0;0;0;0;0;0;0;0;0;0;0;3116;0;0;89;0;80;0;
11452;4324360;1006899200;13144064;1107480576;0;0;0;0;0;0;0;0;0;0;0;2995;0;0;89;0;80;0;
11453;7398355;1010610176;20709376;1115045888;0;0;0;0;0;0;0;0;0;0;0;4659;0;0;89;0;80;0;
11454;4345830;1012707328;20709376;1115045888;0;0;0;0;0;0;0;0;0;0;0;3317;0;0;89;0;80;0;
11455;6499388;1012707328;20709376;1115045888;0;0;0;0;0;0;0;0;0;0;0;3456;0;0;89;0;80;0;
11456;6077568;1012707328;20709376;1115045888;0;0;0;0;0;0;0;0;0;0;0;3457;0;0;89;0;80;0;
11457;4938853;1012707328;20709376;1115045888;0;0;0;0;0;0;0;0;0;0;0;2314;0;0;89;0;80;0;
11458;4465835;1012707328;20709376;1115045888;0;0;0;0;0;0;0;0;0;0;0;3527;0;0;89;0;80;0;
11459;5053337;1012707328;20709376;1115045888;0;0;0;0;0;0;0;0;0;0;0;3226;0;0;89;0;80;0;
11460;5408483;1006952448;14204928;1108541440;0;0;0;0;0;0;0;0;0;0;0;3807;0;0;89;0;80;0;
11461;5660907;1006952448;14204928;1108541440;0;0;0;0;0;0;0;0;0;0;0;2414;0;0;89;0;80;0;
11462;5014574;1006952448;14204928;1108541440;0;0;0;0;0;0;0;0;0;0;0;4017;0;0;89;0;80;0;
11463;6935537;1006952448;14204928;1108541440;0;0;0;0;0;0;0;0;0;0;0;2335;0;0;89;0;80;0;
11464;5069698;1006952448;14204928;1108541440;0;0;0;0;0;0;0;0;0;0;0;3377;0;0;89;0;80;0;
11465;5681595;1006952448;14204928;1108541440;0;0;0;0;0;0;0;0;0;0;0;1973;0;0;89;0;80;0;
11466;4776478;1006952448;14204928;1108541440;0;0;0;0;0;0;0;0;0;0;0;3226;0;0;89;0;80;0;
11467;5493101;1006952448;14204928;1108541440;0;0;0;0;0;0;0;0;0;0;0;3317;0;0;89;0;80;0;
11468;4055455;1006952448;14204928;1108541440;0;0;0;0;0;0;0;0;0;0;0;3657;0;0;89;0;80;0;
11469;5875169;1006952448;14204928;1108541440;0;0;0;0;0;0;0;0;0;0;0;3366;0;0;89;0;80;0;
11470;3185484;1006952448;14204928;1108541440;0;0;0;0;0;0;0;0;0;0;0;3076;0;0;89;0;80;0;
11471;5775862;1006952448;14204928;1108541440;0;0;0;0;0;0;0;0;0;0;0;2635;0;0;89;0;80;0;
11472;3604400;1006952448;14204928;1108541440;0;0;0;0;0;0;0;0;0;0;0;2695;0;0;89;0;80;0;
11473;5734013;1006952448;14204928;1108541440;0;0;0;0;0;0;0;0;0;0;0;2254;0;0;89;0;80;0;
11474;3900585;1006952448;14204928;1108541440;0;0;0;0;0;0;0;0;0;0;0;3216;0;0;89;0;80;0;
11475;5525532;1009311744;20709376;1115045888;0;0;0;0;0;0;0;0;0;0;0;2625;0;0;89;0;80;0;
11476;3889855;1011408896;20709376;1115045888;0;0;0;0;0;0;0;0;0;0;0;2825;0;0;89;0;80;0;
11477;5469207;1012756480;20709376;1115045888;0;0;0;0;0;0;0;0;0;0;0;2124;0;0;89;0;80;0;
11478;3431054;1012756480;20709376;1115045888;0;0;0;0;0;0;0;0;0;0;0;3537;0;0;89;0;80;0;
11479;5526143;1012756480;20709376;1115045888;0;0;0;0;0;0;0;0;0;0;0;3146;0;0;89;0;80;0;
11480;3366223;1012756480;20709376;1115045888;0;0;0;0;0;0;0;0;0;0;0;3506;0;0;89;0;80;0;
11481;4945444;1012756480;20709376;1115045888;0;0;0;0;0;0;0;0;0;0;0;1853;0;0;89;0;80;0;
11482;3234756;1006923776;13144064;1107480576;0;0;0;0;0;0;0;0;0;0;0;3297;0;0;89;0;80;0;
11483;7051564;1006923776;13144064;1107480576;0;0;0;0;0;0;0;0;0;0;0;3616;0;0;89;0;80;0;
11484;5371714;1006923776;13144064;1107480576;0;0;0;0;0;0;0;0;0;0;0;4148;0;0;89;0;80;0;
11485;6282963;1006923776;13144064;1107480576;0;0;0;0;0;0;0;0;0;0;0;3496;0;0;89;0;80;0;
11486;2503706;1006923776;13144064;1107480576;0;0;0;0;0;0;0;0;0;0;0;2936;0;0;89;0;80;0;
11487;5073414;1006923776;13144064;1107480576;0;0;0;0;0;0;0;0;0;0;0;1984;0;0;89;0;80;0;
11488;3441284;1006923776;13144064;1107480576;0;0;0;0;0;0;0;0;0;0;0;3406;0;0;89;0;80;0;
11489;5046203;1006923776;13144064;1107480576;0;0;0;0;0;0;0;0;0;0;0;2685;0;0;89;0;80;0;
11490;4793930;1006923776;13144064;1107480576;0;0;0;0;0;0;0;0;0;0;0;3126;0;0;89;0;80;0;
11491;4784863;1006923776;13144064;1107480576;0;0;0;0;0;0;0;0;0;0;0;2114;0;0;89;0;80;0;
11492;4091674;1006923776;13144064;1107480576;0;0;0;0;0;0;0;0;0;0;0;3166;0;0;89;0;80;0;
11493;4771078;1006923776;13144064;1107480576;0;0;0;0;0;0;0;0;0;0;0;2595;0;0;89;0;80;0;
11494;3803974;1006923776;13144064;1107480576;0;0;0;0;0;0;0;0;0;0;0;2935;0;0;89;0;80;0;
11495;5052024;1006923776;13144064;1107480576;0;0;0;0;0;0;0;0;0;0;0;2344;0;0;89;0;80;0;
11496;3492069;1006923776;13144064;1107480576;0;0;0;0;0;0;0;0;0;0;0;2986;0;0;89;0;80;0;
11497;4355148;1006923776;13144064;1107480576;0;0;0;0;0;0;0;0;0;0;0;1714;0;0;89;0;80;0;
11498;4518824;1006923776;13144064;1107480576;0;0;0;0;0;0;0;0;0;0;0;2856;0;0;89;0;80;0;
11499;5183481;1010634752;20709376;1115045888;0;0;0;0;0;0;0;0;0;0;0;2064;0;0;89;0;80;0;
11500;3292605;1012731904;20709376;1115045888;0;0;0;0;0;0;0;0;0;0;0;2915;0;0;89;0;80;0;
11501;5397192;1012731904;20709376;1115045888;0;0;0;0;0;0;0;0;0;0;0;2275;0;0;89;0;80;0;
11502;3568232;1012731904;20709376;1115045888;0;0;0;0;0;0;0;0;0;0;0;3266;0;0;89;0;80;0;
11503;5153986;1012731904;20709376;1115045888;0;0;0;0;0;0;0;0;0;0;0;2033;0;0;89;0;80;0;
11504;3381181;1012731904;20709376;1115045888;0;0;0;0;0;0;0;0;0;0;0;3356;0;0;89;0;80;0;
11505;5506316;1012731904;20709376;1115045888;0;0;0;0;0;0;0;0;0;0;0;2184;0;0;89;0;80;0;
11506;3563654;1006952448;14204928;1108541440;0;0;0;0;0;0;0;0;0;0;0;3537;0;0;89;0;80;0;
11507;5818261;1006952448;14204928;1108541440;0;0;0;0;0;0;0;0;0;0;0;3287;0;0;89;0;80;0;
11508;2722175;1006952448;14204928;1108541440;0;0;0;0;0;0;0;0;0;0;0;3286;0;0;89;0;80;0;
11509;5679080;1006952448;14204928;1108541440;0;0;0;0;0;0;0;0;0;0;0;2204;0;0;89;0;80;0;
11510;2936698;1006952448;14204928;1108541440;0;0;0;0;0;0;0;0;0;0;0;2915;0;0;89;0;80;0;
11511;5744022;1006952448;14204928;1108541440;0;0;0;0;0;0;0;0;0;0;0;2395;0;0;89;0;80;0;
11512;2502373;1006952448;14204928;1108541440;0;0;0;0;0;0;0;0;0;0;0;28443;0;0;89;0;80;0;
11513;6105139;1006952448;14204928;1108541440;0;0;0;0;0;0;0;0;0;0;0;2305;0;0;89;0;80;0;
11514;2654989;1006952448;14204928;1108541440;0;0;0;0;0;0;0;0;0;0;0;3066;0;0;89;0;80;0;
11515;4454243;1006952448;14204928;1108541440;0;0;0;0;0;0;0;0;0;0;0;3025;0;0;89;0;80;0;
11516;2048923;1006952448;14204928;1108541440;0;0;0;0;0;0;0;0;0;0;0;2555;0;0;89;0;80;0;
11517;4062599;1006952448;14204928;1108541440;0;0;0;0;0;0;0;0;0;0;0;1363;0;0;89;0;80;0;
11518;3786922;1006952448;14204928;1108541440;0;0;0;0;0;0;0;0;0;0;0;2896;0;0;89;0;80;0;
11519;4610046;1006952448;14204928;1108541440;0;0;0;0;0;0;0;0;0;0;0;2164;0;0;89;0;80;0;
11520;2759906;1006952448;14204928;1108541440;0;0;0;0;0;0;0;0;0;0;0;2986;0;0;89;0;80;0;
11521;4683664;1006952448;14204928;1108541440;0;0;0;0;0;0;0;0;0;0;0;1874;0;0;89;0;80;0;
11522;2746721;1006952448;14204928;1108541440;0;0;0;0;0;0;0;0;0;0;0;2645;0;0;89;0;80;0;
11523;4801685;1009311744;20709376;1115045888;0;0;0;0;0;0;0;0;0;0;0;2444;0;0;89;0;80;0;
11524;3456653;1011408896;20709376;1115045888;0;0;0;0;0;0;0;0;0;0;0;2614;0;0;89;0;80;0;
11525;5647902;1012756480;20709376;1115045888;0;0;0;0;0;0;0;0;0;0;0;2004;0;0;89;0;80;0;
11526;2807595;1012756480;20709376;1115045888;0;0;0;0;0;0;0;0;0;0;0;3296;0;0;89;0;80;0;
11527;4674988;1012756480;20709376;1115045888;0;0;0;0;0;0;0;0;0;0;0;2053;0;0;89;0;80;0;
11528;2686939;1012756480;20709376;1115045888;0;0;0;0;0;0;0;0;0;0;0;2995;0;0;89;0;80;0;
11529;4717878;1012756480;20709376;1115045888;0;0;0;0;0;0;0;0;0;0;0;1753;0;0;89;0;80;0;
11530;2613892;1006948352;13144064;1107480576;0;0;0;0;0;0;0;0;0;0;0;2715;0;0;89;0;80;0;
11531;5269112;1006948352;13144064;1107480576;0;0;0;0;0;0;0;0;0;0;0;2554;0;0;89;0;80;0;
11532;4225074;1006948352;13144064;1107480576;0;0;0;0;0;0;0;0;0;0;0;5540;0;0;89;0;80;0;
11533;5526915;1006948352;13144064;1107480576;0;0;0;0;0;0;0;0;0;0;0;3346;0;0;89;0;80;0;
11534;3998249;1006948352;13144064;1107480576;0;0;0;0;0;0;0;0;0;0;0;3988;0;0;89;0;80;0;
11535;5789818;1006948352;13144064;1107480576;0;0;0;0;0;0;0;0;0;0;0;2956;0;0;89;0;80;0;
11536;2229201;1006948352;13144064;1107480576;0;0;0;0;0;0;0;0;0;0;0;3367;0;0;89;0;80;0;
11537;5380390;1006948352;13144064;1107480576;0;0;0;0;0;0;0;0;0;0;0;1753;0;0;89;0;80;0;
11538;2609784;1006948352;13144064;1107480576;0;0;0;0;0;0;0;0;0;0;0;1934;0;0;89;0;80;0;
11539;4259839;1006948352;13144064;1107480576;0;0;0;0;0;0;0;0;0;0;0;1754;0;0;89;0;80;0;
11540;2049163;1006948352;13144064;1107480576;0;0;0;0;0;0;0;0;0;0;0;2004;0;0;89;0;80;0;
11541;4412144;1006948352;13144064;1107480576;0;0;0;0;0;0;0;0;0;0;0;1373;0;0;89;0;80;0;
11542;2040557;1006948352;13144064;1107480576;0;0;0;0;0;0;0;0;0;0;0;1413;0;0;89;0;80;0;
11543;4359826;1006948352;13144064;1107480576;0;0;0;0;0;0;0;0;0;0;0;1654;0;0;89;0;80;0;
11544;3183431;1006948352;13144064;1107480576;0;0;0;0;0;0;0;0;0;0;0;2094;0;0;89;0;80;0;
11545;4364495;1006948352;13144064;1107480576;0;0;0;0;0;0;0;0;0;0;0;1773;0;0;89;0;80;0;
11546;2185008;1006948352;13144064;1107480576;0;0;0;0;0;0;0;0;0;0;0;1593;0;0;89;0;80;0;
11547;4565302;1010659328;20709376;1115045888;0;0;0;0;0;0;0;0;0;0;0;1663;0;0;89;0;80;0;
11548;2990668;1012756480;20709376;1115045888;0;0;0;0;0;0;0;0;0;0;0;2775;0;0;89;0;80;0;
11549;4847471;1012756480;20709376;1115045888;0;0;0;0;0;0;0;0;0;0;0;1723;0;0;89;0;80;0;
11550;2318919;1012756480;20709376;1115045888;0;0;0;0;0;0;0;0;0;0;0;1543;0;0;89;0;80;0;
11551;4389673;1012756480;20709376;1115045888;0;0;0;0;0;0;0;0;0;0;0;1393;0;0;89;0;80;0;
11552;2565111;1012756480;20709376;1115045888;0;0;0;0;0;0;0;0;0;0;0;2324;0;0;89;0;80;0;
11553;4119886;1012756480;20709376;1115045888;0;0;0;0;0;0;0;0;0;0;0;1754;0;0;89;0;80;0;
11554;2802075;1006960640;14204928;1108541440;0;0;0;0;0;0;0;0;0;0;0;2114;0;0;89;0;80;0;
11555;4050846;1006960640;14204928;1108541440;0;0;0;0;0;0;0;0;0;0;0;1923;0;0;89;0;80;0;
11556;2785003;1006960640;14204928;1108541440;0;0;0;0;0;0;0;0;0;0;0;1914;0;0;89;0;80;0;
11557;4500000;1006960640;14204928;1108541440;0;0;0;0;0;0;0;0;0;0;0;1493;0;0;89;0;80;0;
11558;3604850;1006960640;14204928;1108541440;0;0;0;0;0;0;0;0;0;0;0;3617;0;0;89;0;80;0;
11559;5035233;1006960640;14204928;1108541440;0;0;0;0;0;0;0;0;0;0;0;1794;0;0;89;0;80;0;
11560;2919916;1006960640;14204928;1108541440;0;0;0;0;0;0;0;0;0;0;0;3166;0;0;89;0;80;0;
11561;4891313;1006960640;14204928;1108541440;0;0;0;0;0;0;0;0;0;0;0;1513;0;0;89;0;80;0;
11562;4042832;1006960640;14204928;1108541440;0;0;0;0;0;0;0;0;0;0;0;5630;0;0;89;0;80;0;
11563;4734128;1006960640;14204928;1108541440;0;0;0;0;0;0;0;0;0;0;0;1643;0;0;89;0;80;0;
11564;4259528;1006960640;14204928;1108541440;0;0;0;0;0;0;0;0;0;0;0;5681;0;0;89;0;80;0;
11565;5775101;1006960640;14204928;1108541440;0;0;0;0;0;0;0;0;0;0;0;1413;0;0;89;0;80;0;
11566;3281064;1006960640;14204928;1108541440;0;0;0;0;0;0;0;0;0;0;0;3326;0;0;89;0;80;0;
11567;4933322;1006960640;14204928;1108541440;0;0;0;0;0;0;0;0;0;0;0;1513;0;0;89;0;80;0;
11568;3451493;1006960640;14204928;1108541440;0;0;0;0;0;0;0;0;0;0;0;3407;0;0;89;0;80;0;
11569;5812971;1009319936;20709376;1115045888;0;0;0;0;0;0;0;0;0;0;0;1523;0;0;89;0;80;0;
11570;3531162;1011417088;20709376;1115045888;0;0;0;0;0;0;0;0;0;0;0;2815;0;0;89;0;80;0;
11571;5728713;1012764672;20709376;1115045888;0;0;0;0;0;0;0;0;0;0;0;1803;0;0;89;0;80;0;
11572;2799860;1012764672;20709376;1115045888;0;0;0;0;0;0;0;0;0;0;0;2615;0;0;89;0;80;0;
11573;4660030;1012764672;20709376;1115045888;0;0;0;0;0;0;0;0;0;0;0;1533;0;0;89;0;80;0;
11574;2882706;1012764672;20709376;1115045888;0;0;0;0;0;0;0;0;0;0;0;2785;0;0;89;0;80;0;
11575;4551977;1012764672;20709376;1115045888;0;0;0;0;0;0;0;0;0;0;0;1533;0;0;89;0;80;0;
11576;2732885;1006972928;13144064;1107480576;0;0;0;0;0;0;0;0;0;0;0;3126;0;0;89;0;80;0;
11577;4824107;1006972928;13144064;1107480576;0;0;0;0;0;0;0;0;0;0;0;1593;0;0;89;0;80;0;
11578;2806814;1006972928;13144064;1107480576;0;0;0;0;0;0;0;0;0;0;0;2835;0;0;89;0;80;0;
11579;4854334;1006972928;13144064;1107480576;0;0;0;0;0;0;0;0;0;0;0;1503;0;0;89;0;80;0;
11580;2886514;1006972928;13144064;1107480576;0;0;0;0;0;0;0;0;0;0;0;2816;0;0;89;0;80;0;
11581;4638859;1006972928;13144064;1107480576;0;0;0;0;0;0;0;0;0;0;0;1342;0;0;89;0;80;0;
11582;3235889;1006972928;13144064;1107480576;0;0;0;0;0;0;0;0;0;0;0;3497;0;0;89;0;80;0;
11583;4058211;1006972928;13144064;1107480576;0;0;0;0;0;0;0;0;0;0;0;1743;0;0;89;0;80;0;
11584;3110272;1006972928;13144064;1107480576;0;0;0;0;0;0;0;0;0;0;0;2886;0;0;89;0;80;0;
11585;5020696;1006972928;13144064;1107480576;0;0;0;0;0;0;0;0;0;0;0;1633;0;0;89;0;80;0;
11586;2913955;1006972928;13144064;1107480576;0;0;0;0;0;0;0;0;0;0;0;2815;0;0;89;0;80;0;
11587;12743219;1006972928;13144064;1107480576;0;0;0;0;0;0;0;0;0;0;0;3156;0;0;89;0;80;0;
11588;3823721;1006972928;13144064;1107480576;0;0;0;0;0;0;0;0;0;0;0;4699;0;0;89;0;80;0;
11589;5220300;1006972928;13144064;1107480576;0;0;0;0;0;0;0;0;0;0;0;1603;0;0;89;0;80;0;
11590;3419442;1006972928;13144064;1107480576;0;0;0;0;0;0;0;0;0;0;0;5310;0;0;89;0;80;0;
11591;4247025;1006972928;13144064;1107480576;0;0;0;0;0;0;0;0;0;0;0;1372;0;0;89;0;80;0;
11592;3663841;1006972928;13144064;1107480576;0;0;0;0;0;0;0;0;0;0;0;9157;0;0;89;0;80;0;
11593;5101477;1010683904;20709376;1115045888;0;0;0;0;0;0;0;0;0;0;0;2024;0;0;89;0;80;0;
11594;3080246;1012781056;20709376;1115045888;0;0;0;0;0;0;0;0;0;0;0;2946;0;0;89;0;80;0;
11595;4201390;1012781056;20709376;1115045888;0;0;0;0;0;0;0;0;0;0;0;1383;0;0;89;0;80;0;
11596;3558794;1012781056;20709376;1115045888;0;0;0;0;0;0;0;0;0;0;0;2475;0;0;89;0;80;0;
11597;4848423;1012781056;20709376;1115045888;0;0;0;0;0;0;0;0;0;0;0;1443;0;0;89;0;80;0;
11598;2903074;1012781056;20709376;1115045888;0;0;0;0;0;0;0;0;0;0;0;2956;0;0;89;0;80;0;
11599;4213552;1012781056;20709376;1115045888;0;0;0;0;0;0;0;0;0;0;0;1603;0;0;89;0;80;0;
11600;3284529;1006985216;14204928;1108541440;0;0;0;0;0;0;0;0;0;0;0;3036;0;0;89;0;80;0;
11601;4490301;1006985216;14204928;1108541440;0;0;0;0;0;0;0;0;0;0;0;1623;0;0;89;0;80;0;
11602;2557816;1006985216;14204928;1108541440;0;0;0;0;0;0;0;0;0;0;0;2555;0;0;89;0;80;0;
11603;4415932;1006985216;14204928;1108541440;0;0;0;0;0;0;0;0;0;0;0;1693;0;0;89;0;80;0;
11604;2263434;1006985216;14204928;1108541440;0;0;0;0;0;0;0;0;0;0;0;3186;0;0;89;0;80;0;
11605;4694675;1006985216;14204928;1108541440;0;0;0;0;0;0;0;0;0;0;0;1683;0;0;89;0;80;0;
11606;3181476;1006985216;14204928;1108541440;0;0;0;0;0;0;0;0;0;0;0;3426;0;0;89;0;80;0;
11607;4950805;1006985216;14204928;1108541440;0;0;0;0;0;0;0;0;0;0;0;2235;0;0;89;0;80;0;
11608;2195237;1006985216;14204928;1108541440;0;0;0;0;0;0;0;0;0;0;0;2825;0;0;89;0;80;0;
11609;4612550;1006985216;14204928;1108541440;0;0;0;0;0;0;0;0;0;0;0;1553;0;0;89;0;80;0;
11610;2915327;1006985216;14204928;1108541440;0;0;0;0;0;0;0;0;0;0;0;2485;0;0;89;0;80;0;
11611;4322226;1006985216;14204928;1108541440;0;0;0;0;0;0;0;0;0;0;0;1623;0;0;89;0;80;0;
11612;2798629;1006985216;14204928;1108541440;0;0;0;0;0;0;0;0;0;0;0;2554;0;0;89;0;80;0;
11613;4436871;1006985216;14204928;1108541440;0;0;0;0;0;0;0;0;0;0;0;1624;0;0;89;0;80;0;
11614;3424001;1006985216;14204928;1108541440;0;0;0;0;0;0;0;0;0;0;0;2866;0;0;89;0;80;0;
11615;4589637;1006985216;14204928;1108541440;0;0;0;0;0;0;0;0;0;0;0;1663;0;0;89;0;80;0;
11616;2640723;1006985216;14204928;1108541440;0;0;0;0;0;0;0;0;0;0;0;2996;0;0;89;0;80;0;
11617;4508936;1009344512;20709376;1115045888;0;0;0;0;0;0;0;0;0;0;0;1452;0;0;89;0;80;0;
11618;5072614;1011441664;20709376;1115045888;0;0;0;0;0;0;0;0;0;0;0;3677;0;0;89;0;80;0;
11619;4652785;1012789248;20709376;1115045888;0;0;0;0;0;0;0;0;0;0;0;2665;0;0;89;0;80;0;
11620;2403207;1012789248;20709376;1115045888;0;0;0;0;0;0;0;0;0;0;0;2795;0;0;89;0;80;0;
11621;4661672;1012789248;20709376;1115045888;0;0;0;0;0;0;0;0;0;0;0;1804;0;0;89;0;80;0;
11622;2875973;1012789248;20709376;1115045888;0;0;0;0;0;0;0;0;0;0;0;2745;0;0;89;0;80;0;
11623;4338948;1012789248;20709376;1115045888;0;0;0;0;0;0;0;0;0;0;0;1383;0;0;89;0;80;0;
11624;2489980;1006997504;13144064;1107480576;0;0;0;0;0;0;0;0;0;0;0;2725;0;0;89;0;80;0;
11625;4191080;1006997504;13144064;1107480576;0;0;0;0;0;0;0;0;0;0;0;1422;0;0;89;0;80;0;
11626;2798669;1006997504;13144064;1107480576;0;0;0;0;0;0;0;0;0;0;0;3377;0;0;89;0;80;0;
11627;5043329;1006997504;13144064;1107480576;0;0;0;0;0;0;0;0;0;0;0;1543;0;0;89;0;80;0;
11628;2934122;1006997504;13144064;1107480576;0;0;0;0;0;0;0;0;0;0;0;3046;0;0;89;0;80;0;
11629;4967696;1006997504;13144064;1107480576;0;0;0;0;0;0;0;0;0;0;0;1813;0;0;89;0;80;0;
11630;2113314;1006997504;13144064;1107480576;0;0;0;0;0;0;0;0;0;0;0;2715;0;0;89;0;80;0;
11631;4949332;1006997504;13144064;1107480576;0;0;0;0;0;0;0;0;0;0;0;1703;0;0;89;0;80;0;
11632;2540886;1006997504;13144064;1107480576;0;0;0;0;0;0;0;0;0;0;0;2916;0;0;89;0;80;0;
11633;4461808;1006997504;13144064;1107480576;0;0;0;0;0;0;0;0;0;0;0;1483;0;0;89;0;80;0;
11634;2388790;1006997504;13144064;1107480576;0;0;0;0;0;0;0;0;0;0;0;2945;0;0;89;0;80;0;
11635;4780606;1006997504;13144064;1107480576;0;0;0;0;0;0;0;0;0;0;0;1472;0;0;89;0;80;0;
11636;2923442;1006997504;13144064;1107480576;0;0;0;0;0;0;0;0;0;0;0;2775;0;0;89;0;80;0;
11637;4732966;1006997504;13144064;1107480576;0;0;0;0;0;0;0;0;0;0;0;1603;0;0;89;0;80;0;
11638;2192221;1006997504;13144064;1107480576;0;0;0;0;0;0;0;0;0;0;0;3216;0;0;89;0;80;0;
11639;4445016;1006997504;13144064;1107480576;0;0;0;0;0;0;0;0;0;0;0;1633;0;0;89;0;80;0;
11640;2722486;1006997504;13144064;1107480576;0;0;0;0;0;0;0;0;0;0;0;2766;0;0;89;0;80;0;
11641;5424854;1010708480;20709376;1115045888;0;0;0;0;0;0;0;0;0;0;0;1993;0;0;89;0;80;0;
11642;2937680;1012805632;20709376;1115045888;0;0;0;0;0;0;0;0;0;0;0;3447;0;0;89;0;80;0;
11643;4383731;1012805632;20709376;1115045888;0;0;0;0;0;0;0;0;0;0;0;1633;0;0;89;0;80;0;
11644;2113924;1012805632;20709376;1115045888;0;0;0;0;0;0;0;0;0;0;0;2555;0;0;89;0;80;0;
11645;4052540;1012805632;20709376;1115045888;0;0;0;0;0;0;0;0;0;0;0;1373;0;0;89;0;80;0;
11646;3502428;1012805632;20709376;1115045888;0;0;0;0;0;0;0;0;0;0;0;1563;0;0;89;0;80;0;
11647;4971834;1012805632;20709376;1115045888;0;0;0;0;0;0;0;0;0;0;0;1402;0;0;89;0;80;0;
11648;2236334;1007009792;14204928;1108541440;0;0;0;0;0;0;0;0;0;0;0;1352;0;0;89;0;80;0;
11649;4142809;1007009792;14204928;1108541440;0;0;0;0;0;0;0;0;0;0;0;1492;0;0;89;0;80;0;
11650;2211408;1007009792;14204928;1108541440;0;0;0;0;0;0;0;0;0;0;0;1734;0;0;89;0;80;0;
11651;4401765;1007009792;14204928;1108541440;0;0;0;0;0;0;0;0;0;0;0;1393;0;0;89;0;80;0;
11652;1796890;1007009792;14204928;1108541440;0;0;0;0;0;0;0;0;0;0;0;1593;0;0;89;0;80;0;
11653;4248909;1007009792;14204928;1108541440;0;0;0;0;0;0;0;0;0;0;0;1402;0;0;89;0;80;0;
11654;1933887;1007009792;14204928;1108541440;0;0;0;0;0;0;0;0;0;0;0;1913;0;0;89;0;80;0;
11655;4348255;1007009792;14204928;1108541440;0;0;0;0;0;0;0;0;0;0;0;1563;0;0;89;0;80;0;
11656;2269807;1007009792;14204928;1108541440;0;0;0;0;0;0;0;0;0;0;0;1804;0;0;89;0;80;0;
11657;4522591;1007009792;14204928;1108541440;0;0;0;0;0;0;0;0;0;0;0;1543;0;0;89;0;80;0;
11658;1799364;1007009792;14204928;1108541440;0;0;0;0;0;0;0;0;0;0;0;1714;0;0;89;0;80;0;
11659;4122010;1007009792;14204928;1108541440;0;0;0;0;0;0;0;0;0;0;0;1373;0;0;89;0;80;0;
11660;1808511;1007009792;14204928;1108541440;0;0;0;0;0;0;0;0;0;0;0;1853;0;0;89;0;80;0;
11661;4223751;1007009792;14204928;1108541440;0;0;0;0;0;0;0;0;0;0;0;1362;0;0;89;0;80;0;
11662;2033974;1007009792;14204928;1108541440;0;0;0;0;0;0;0;0;0;0;0;1402;0;0;89;0;80;0;
11663;4238679;1007009792;14204928;1108541440;0;0;0;0;0;0;0;0;0;0;0;1403;0;0;89;0;80;0;
11664;1929819;1007009792;14204928;1108541440;0;0;0;0;0;0;0;0;0;0;0;2625;0;0;89;0;80;0;
11665;4982234;1009369088;20709376;1115045888;0;0;0;0;0;0;0;0;0;0;0;1483;0;0;89;0;80;0;
11666;2894237;1011466240;20709376;1115045888;0;0;0;0;0;0;0;0;0;0;0;2164;0;0;89;0;80;0;
11667;4895280;1012813824;20709376;1115045888;0;0;0;0;0;0;0;0;0;0;0;1793;0;0;89;0;80;0;
11668;2590218;1012813824;20709376;1115045888;0;0;0;0;0;0;0;0;0;0;0;1984;0;0;89;0;80;0;
11669;5568192;1012813824;20709376;1115045888;0;0;0;0;0;0;0;0;0;0;0;1903;0;0;89;0;80;0;
11670;2238829;1012813824;20709376;1115045888;0;0;0;0;0;0;0;0;0;0;0;2244;0;0;89;0;80;0;
11671;4557467;1012813824;20709376;1115045888;0;0;0;0;0;0;0;0;0;0;0;1523;0;0;89;0;80;0;
11672;2106490;1007022080;13144064;1107480576;0;0;0;0;0;0;0;0;0;0;0;2024;0;0;89;0;80;0;
11673;4108415;1007022080;13144064;1107480576;0;0;0;0;0;0;0;0;0;0;0;1463;0;0;89;0;80;0;
11674;3337990;1007022080;13144064;1107480576;0;0;0;0;0;0;0;0;0;0;0;2676;0;0;89;0;80;0;
11675;4379373;1007022080;13144064;1107480576;0;0;0;0;0;0;0;0;0;0;0;1213;0;0;89;0;80;0;
11676;3087491;1007022080;13144064;1107480576;0;0;0;0;0;0;0;0;0;0;0;3026;0;0;89;0;80;0;
11677;4457569;1007022080;13144064;1107480576;0;0;0;0;0;0;0;0;0;0;0;1894;0;0;89;0;80;0;
11678;3018992;1007022080;13144064;1107480576;0;0;0;0;0;0;0;0;0;0;0;5461;0;0;89;0;80;0;
11679;5450802;1007022080;13144064;1107480576;0;0;0;0;0;0;0;0;0;0;0;1663;0;0;89;0;80;0;
11680;4535977;1007022080;13144064;1107480576;0;0;0;0;0;0;0;0;0;0;0;4218;0;0;89;0;80;0;
11681;4430068;1007022080;13144064;1107480576;0;0;0;0;0;0;0;0;0;0;0;2475;0;0;89;0;80;0;
11682;2371378;1007022080;13144064;1107480576;0;0;0;0;0;0;0;0;0;0;0;2926;0;0;89;0;80;0;
11683;4921911;1007022080;13144064;1107480576;0;0;0;0;0;0;0;0;0;0;0;1743;0;0;89;0;80;0;
11684;3030283;1007022080;13144064;1107480576;0;0;0;0;0;0;0;0;0;0;0;2685;0;0;89;0;80;0;
11685;4583366;1007022080;13144064;1107480576;0;0;0;0;0;0;0;0;0;0;0;2645;0;0;89;0;80;0;
11686;2185138;1007022080;13144064;1107480576;0;0;0;0;0;0;0;0;0;0;0;2295;0;0;89;0;80;0;
11687;5615371;1010733056;20709376;1115045888;0;0;0;0;0;0;0;0;0;0;0;2595;0;0;89;0;80;0;
11688;3948625;1012830208;20709376;1115045888;0;0;0;0;0;0;0;0;0;0;0;3276;0;0;89;0;80;0;
11689;4781548;1012830208;20709376;1115045888;0;0;0;0;0;0;0;0;0;0;0;1714;0;0;89;0;80;0;
11690;2860033;1012830208;20709376;1115045888;0;0;0;0;0;0;0;0;0;0;0;3377;0;0;89;0;80;0;
11691;8468582;1012830208;20709376;1115045888;0;0;0;0;0;0;0;0;0;0;0;2695;0;0;89;0;80;0;
11692;9959618;1012830208;20709376;1115045888;0;0;0;0;0;0;0;0;0;0;0;3226;0;0;89;0;80;0;
11693;5879777;1012830208;20709376;1115045888;0;0;0;0;0;0;0;0;0;0;0;2756;0;0;89;0;80;0;
11694;3861702;1007034368;14204928;1108541440;0;0;0;0;0;0;0;0;0;0;0;3627;0;0;89;0;80;0;
11695;5594662;1007034368;14204928;1108541440;0;0;0;0;0;0;0;0;0;0;0;2054;0;0;89;0;80;0;
11696;2473318;1007034368;14204928;1108541440;0;0;0;0;0;0;0;0;0;0;0;2895;0;0;89;0;80;0;
11697;4911471;1007034368;14204928;1108541440;0;0;0;0;0;0;0;0;0;0;0;1623;0;0;89;0;80;0;
11698;2307597;1007034368;14204928;1108541440;0;0;0;0;0;0;0;0;0;0;0;1984;0;0;89;0;80;0;
11699;4475163;1007034368;14204928;1108541440;0;0;0;0;0;0;0;0;0;0;0;1222;0;0;89;0;80;0;
11700;2696828;1007034368;14204928;1108541440;0;0;0;0;0;0;0;0;0;0;0;2134;0;0;89;0;80;0;
11701;3863165;1007034368;14204928;1108541440;0;0;0;0;0;0;0;0;0;0;0;1342;0;0;89;0;80;0;
11702;2541396;1007034368;14204928;1108541440;0;0;0;0;0;0;0;0;0;0;0;1653;0;0;89;0;80;0;
11703;4136126;1007034368;14204928;1108541440;0;0;0;0;0;0;0;0;0;0;0;1653;0;0;89;0;80;0;
11704;2749266;1007034368;14204928;1108541440;0;0;0;0;0;0;0;0;0;0;0;2385;0;0;89;0;80;0;
11705;4180220;1007034368;14204928;1108541440;0;0;0;0;0;0;0;0;0;0;0;1383;0;0;89;0;80;0;
11706;2145554;1007034368;14204928;1108541440;0;0;0;0;0;0;0;0;0;0;0;1583;0;0;89;0;80;0;
11707;4393349;1007034368;14204928;1108541440;0;0;0;0;0;0;0;0;0;0;0;1503;0;0;89;0;80;0;
11708;1788985;1007034368;14204928;1108541440;0;0;0;0;0;0;0;0;0;0;0;1733;0;0;89;0;80;0;
11709;4585680;1007034368;14204928;1108541440;0;0;0;0;0;0;0;0;0;0;0;1663;0;0;89;0;80;0;
11710;2388549;1007034368;14204928;1108541440;0;0;0;0;0;0;0;0;0;0;0;2705;0;0;89;0;80;0;
11711;5378015;1009393664;20709376;1115045888;0;0;0;0;0;0;0;0;0;0;0;1563;0;0;89;0;80;0;
11712;3635738;1011490816;20709376;1115045888;0;0;0;0;0;0;0;0;0;0;0;2936;0;0;89;0;80;0;
11713;5167671;1012838400;20709376;1115045888;0;0;0;0;0;0;0;0;0;0;0;2585;0;0;89;0;80;0;
11714;2352903;1012838400;20709376;1115045888;0;0;0;0;0;0;0;0;0;0;0;2635;0;0;89;0;80;0;
11715;5124711;1012838400;20709376;1115045888;0;0;0;0;0;0;0;0;0;0;0;2254;0;0;89;0;80;0;
11716;3322310;1012838400;20709376;1115045888;0;0;0;0;0;0;0;0;0;0;0;4188;0;0;89;0;80;0;
11717;4506120;1012838400;20709376;1115045888;0;0;0;0;0;0;0;0;0;0;0;2304;0;0;89;0;80;0;
11718;3030313;1007046656;13144064;1107480576;0;0;0;0;0;0;0;0;0;0;0;2574;0;0;89;0;80;0;
11719;4545314;1007046656;13144064;1107480576;0;0;0;0;0;0;0;0;0;0;0;1663;0;0;89;0;80;0;
11720;3370551;1007046656;13144064;1107480576;0;0;0;0;0;0;0;0;0;0;0;2625;0;0;89;0;80;0;
11721;4242486;1007046656;13144064;1107480576;0;0;0;0;0;0;0;0;0;0;0;1854;0;0;89;0;80;0;
11722;2772379;1007046656;13144064;1107480576;0;0;0;0;0;0;0;0;0;0;0;2806;0;0;89;0;80;0;
11723;4510519;1007046656;13144064;1107480576;0;0;0;0;0;0;0;0;0;0;0;2615;0;0;89;0;80;0;
11724;3066431;1007046656;13144064;1107480576;0;0;0;0;0;0;0;0;0;0;0;2906;0;0;89;0;80;0;
11725;4479150;1007046656;13144064;1107480576;0;0;0;0;0;0;0;0;0;0;0;1673;0;0;89;0;80;0;
11726;4066306;1007046656;13144064;1107480576;0;0;0;0;0;0;0;0;0;0;0;3737;0;0;89;0;80;0;
11727;4867338;1007046656;13144064;1107480576;0;0;0;0;0;0;0;0;0;0;0;1693;0;0;89;0;80;0;
11728;4420840;1007046656;13144064;1107480576;0;0;0;0;0;0;0;0;0;0;0;2305;0;0;89;0;80;0;
11729;5232102;1007046656;13144064;1107480576;0;0;0;0;0;0;0;0;0;0;0;1963;0;0;89;0;80;0;
11730;2541447;1007046656;13144064;1107480576;0;0;0;0;0;0;0;0;0;0;0;2835;0;0;89;0;80;0;
11731;4523984;1007046656;13144064;1107480576;0;0;0;0;0;0;0;0;0;0;0;1793;0;0;89;0;80;0;
11732;4132099;1007046656;13144064;1107480576;0;0;0;0;0;0;0;0;0;0;0;2916;0;0;89;0;80;0;
11733;4953179;1007046656;13144064;1107480576;0;0;0;0;0;0;0;0;0;0;0;1763;0;0;89;0;80;0;
11734;4107293;1007046656;13144064;1107480576;0;0;0;0;0;0;0;0;0;0;0;2144;0;0;89;0;80;0;
11735;5521074;1010757632;20709376;1115045888;0;0;0;0;0;0;0;0;0;0;0;2224;0;0;89;0;80;0;
11736;4581352;1012854784;20709376;1115045888;0;0;0;0;0;0;0;0;0;0;0;2505;0;0;89;0;80;0;
11737;4860756;1012854784;20709376;1115045888;0;0;0;0;0;0;0;0;0;0;0;1864;0;0;89;0;80;0;
11738;4023896;1012854784;20709376;1115045888;0;0;0;0;0;0;0;0;0;0;0;39253;0;0;89;0;80;0;
11739;6033144;1012854784;20709376;1115045888;0;0;0;0;0;0;0;0;0;0;0;2945;0;0;89;0;80;0;
11740;2722516;1012854784;20709376;1115045888;0;0;0;0;0;0;0;0;0;0;0;3196;0;0;89;0;80;0;
11741;4528913;1012854784;20709376;1115045888;0;0;0;0;0;0;0;0;0;0;0;2515;0;0;89;0;80;0;
11742;4157016;1007058944;14204928;1108541440;0;0;0;0;0;0;0;0;0;0;0;2965;0;0;89;0;80;0;
11743;5032208;1007058944;14204928;1108541440;0;0;0;0;0;0;0;0;0;0;0;1583;0;0;89;0;80;0;
11744;3233965;1007058944;14204928;1108541440;0;0;0;0;0;0;0;0;0;0;0;3576;0;0;89;0;80;0;
11745;4267083;1007058944;14204928;1108541440;0;0;0;0;0;0;0;0;0;0;0;1393;0;0;89;0;80;0;
11746;2678774;1007058944;14204928;1108541440;0;0;0;0;0;0;0;0;0;0;0;2655;0;0;89;0;80;0;
11747;4848723;1007058944;14204928;1108541440;0;0;0;0;0;0;0;0;0;0;0;1694;0;0;89;0;80;0;
11748;3210471;1007058944;14204928;1108541440;0;0;0;0;0;0;0;0;0;0;0;3497;0;0;89;0;80;0;
11749;5116134;1007058944;14204928;1108541440;0;0;0;0;0;0;0;0;0;0;0;2365;0;0;89;0;80;0;
11750;2896613;1007058944;14204928;1108541440;0;0;0;0;0;0;0;0;0;0;0;3286;0;0;89;0;80;0;
11751;5547604;1007058944;14204928;1108541440;0;0;0;0;0;0;0;0;0;0;0;2515;0;0;89;0;80;0;
11752;3520131;1007058944;14204928;1108541440;0;0;0;0;0;0;0;0;0;0;0;3456;0;0;89;0;80;0;
11753;5223306;1007058944;14204928;1108541440;0;0;0;0;0;0;0;0;0;0;0;3366;0;0;89;0;80;0;
11754;2690455;1007058944;14204928;1108541440;0;0;0;0;0;0;0;0;0;0;0;3045;0;0;89;0;80;0;
11755;4796436;1007058944;14204928;1108541440;0;0;0;0;0;0;0;0;0;0;0;2765;0;0;89;0;80;0;
11756;2668625;1007058944;14204928;1108541440;0;0;0;0;0;0;0;0;0;0;0;3627;0;0;89;0;80;0;
11757;5105795;1007058944;14204928;1108541440;0;0;0;0;0;0;0;0;0;0;0;2114;0;0;89;0;80;0;
11758;2440767;1007058944;14204928;1108541440;0;0;0;0;0;0;0;0;0;0;0;3015;0;0;89;0;80;0;
11759;4773072;1009418240;20709376;1115045888;0;0;0;0;0;0;0;0;0;0;0;3527;0;0;89;0;80;0;
11760;3075808;1011515392;20709376;1115045888;0;0;0;0;0;0;0;0;0;0;0;3196;0;0;89;0;80;0;
11761;5028701;1012862976;20709376;1115045888;0;0;0;0;0;0;0;0;0;0;0;1663;0;0;89;0;80;0;
11762;2654779;1012862976;20709376;1115045888;0;0;0;0;0;0;0;0;0;0;0;2785;0;0;89;0;80;0;
11763;4528242;1012862976;20709376;1115045888;0;0;0;0;0;0;0;0;0;0;0;1723;0;0;89;0;80;0;
11764;4671311;1012862976;20709376;1115045888;0;0;0;0;0;0;0;0;0;0;0;3486;0;0;89;0;80;0;
11765;5321029;1012862976;20709376;1115045888;0;0;0;0;0;0;0;0;0;0;0;2354;0;0;89;0;80;0;
11766;5098000;1007071232;13144064;1107480576;0;0;0;0;0;0;0;0;0;0;0;3828;0;0;89;0;80;0;
11767;6097275;1007071232;13144064;1107480576;0;0;0;0;0;0;0;0;0;0;0;3176;0;0;89;0;80;0;
11768;4304492;1007071232;13144064;1107480576;0;0;0;0;0;0;0;0;0;0;0;4018;0;0;89;0;80;0;
11769;5647311;1007071232;13144064;1107480576;0;0;0;0;0;0;0;0;0;0;0;3667;0;0;89;0;80;0;
11770;4391916;1007071232;13144064;1107480576;0;0;0;0;0;0;0;0;0;0;0;3526;0;0;89;0;80;0;
11771;5043067;1007071232;13144064;1107480576;0;0;0;0;0;0;0;0;0;0;0;2755;0;0;89;0;80;0;
11772;4309282;1007071232;13144064;1107480576;0;0;0;0;0;0;0;0;0;0;0;3396;0;0;89;0;80;0;
11773;4919917;1007071232;13144064;1107480576;0;0;0;0;0;0;0;0;0;0;0;3296;0;0;89;0;80;0;
11774;4768923;1007071232;13144064;1107480576;0;0;0;0;0;0;0;0;0;0;0;3206;0;0;89;0;80;0;
11775;5217244;1007071232;13144064;1107480576;0;0;0;0;0;0;0;0;0;0;0;2384;0;0;89;0;80;0;
11776;2668565;1007071232;13144064;1107480576;0;0;0;0;0;0;0;0;0;0;0;2094;0;0;89;0;80;0;
11777;4258216;1007071232;13144064;1107480576;0;0;0;0;0;0;0;0;0;0;0;1704;0;0;89;0;80;0;
11778;2361419;1007071232;13144064;1107480576;0;0;0;0;0;0;0;0;0;0;0;2054;0;0;89;0;80;0;
11779;4932350;1007071232;13144064;1107480576;0;0;0;0;0;0;0;0;0;0;0;1733;0;0;89;0;80;0;
11780;1867622;1007071232;13144064;1107480576;0;0;0;0;0;0;0;0;0;0;0;2074;0;0;89;0;80;0;
11781;4956816;1010782208;20709376;1115045888;0;0;0;0;0;0;0;0;0;0;0;1542;0;0;89;0;80;0;
11782;2994156;1012879360;20709376;1115045888;0;0;0;0;0;0;0;0;0;0;0;1804;0;0;89;0;80;0;
11783;4847711;1012879360;20709376;1115045888;0;0;0;0;0;0;0;0;0;0;0;1703;0;0;89;0;80;0;
11784;2697539;1012879360;20709376;1115045888;0;0;0;0;0;0;0;0;0;0;0;2716;0;0;89;0;80;0;
11785;4867789;1012879360;20709376;1115045888;0;0;0;0;0;0;0;0;0;0;0;2404;0;0;89;0;80;0;
11786;4200107;1012879360;20709376;1115045888;0;0;0;0;0;0;0;0;0;0;0;2665;0;0;89;0;80;0;
11787;4701537;1012879360;20709376;1115045888;0;0;0;0;0;0;0;0;0;0;0;2475;0;0;89;0;80;0;
11788;3055670;1007083520;14204928;1108541440;0;0;0;0;0;0;0;0;0;0;0;2024;0;0;89;0;80;0;
11789;4520227;1007083520;14204928;1108541440;0;0;0;0;0;0;0;0;0;0;0;1513;0;0;89;0;80;0;
11790;3662509;1007083520;14204928;1108541440;0;0;0;0;0;0;0;0;0;0;0;2815;0;0;89;0;80;0;
11791;4217540;1007083520;14204928;1108541440;0;0;0;0;0;0;0;0;0;0;0;2134;0;0;89;0;80;0;
11792;3552793;1007083520;14204928;1108541440;0;0;0;0;0;0;0;0;0;0;0;2595;0;0;89;0;80;0;
11793;4558258;1007083520;14204928;1108541440;0;0;0;0;0;0;0;0;0;0;0;1553;0;0;89;0;80;0;
11794;3284189;1007083520;14204928;1108541440;0;0;0;0;0;0;0;0;0;0;0;2735;0;0;89;0;80;0;
11795;5376573;1007083520;14204928;1108541440;0;0;0;0;0;0;0;0;0;0;0;2154;0;0;89;0;80;0;
11796;2514425;1007083520;14204928;1108541440;0;0;0;0;0;0;0;0;0;0;0;3296;0;0;89;0;80;0;
11797;5261086;1007083520;14204928;1108541440;0;0;0;0;0;0;0;0;0;0;0;1833;0;0;89;0;80;0;
11798;2127831;1007083520;14204928;1108541440;0;0;0;0;0;0;0;0;0;0;0;3056;0;0;89;0;80;0;
11799;5619469;1007083520;14204928;1108541440;0;0;0;0;0;0;0;0;0;0;0;3526;0;0;89;0;80;0;
11800;3998679;1007083520;14204928;1108541440;0;0;0;0;0;0;0;0;0;0;0;3276;0;0;89;0;80;0;
11801;4671040;1007083520;14204928;1108541440;0;0;0;0;0;0;0;0;0;0;0;3105;0;0;89;0;80;0;
11802;3672377;1007083520;14204928;1108541440;0;0;0;0;0;0;0;0;0;0;0;2835;0;0;89;0;80;0;
11803;5604430;1007083520;14204928;1108541440;0;0;0;0;0;0;0;0;0;0;0;3046;0;0;89;0;80;0;
11804;4611338;1007083520;14204928;1108541440;0;0;0;0;0;0;0;0;0;0;0;3216;0;0;89;0;80;0;
11805;6252285;1009442816;20709376;1115045888;0;0;0;0;0;0;0;0;0;0;0;2224;0;0;89;0;80;0;
11806;3218265;1011539968;20709376;1115045888;0;0;0;0;0;0;0;0;0;0;0;3075;0;0;89;0;80;0;
11807;5029422;1012887552;20709376;1115045888;0;0;0;0;0;0;0;0;0;0;0;1763;0;0;89;0;80;0;
11808;3280101;1012887552;20709376;1115045888;0;0;0;0;0;0;0;0;0;0;0;3246;0;0;89;0;80;0;
11809;4424918;1012887552;20709376;1115045888;0;0;0;0;0;0;0;0;0;0;0;1944;0;0;89;0;80;0;
11810;4052019;1012887552;20709376;1115045888;0;0;0;0;0;0;0;0;0;0;0;2776;0;0;89;0;80;0;
11811;4830449;1012887552;20709376;1115045888;0;0;0;0;0;0;0;0;0;0;0;2134;0;0;89;0;80;0;
11812;3384477;1007095808;13144064;1107480576;0;0;0;0;0;0;0;0;0;0;0;3085;0;0;89;0;80;0;
11813;4816392;1007095808;13144064;1107480576;0;0;0;0;0;0;0;0;0;0;0;1923;0;0;89;0;80;0;
11814;4810972;1007095808;13144064;1107480576;0;0;0;0;0;0;0;0;0;0;0;3236;0;0;89;0;80;0;
11815;4857489;1007095808;13144064;1107480576;0;0;0;0;0;0;0;0;0;0;0;2073;0;0;89;0;80;0;
11816;3273218;1007095808;13144064;1107480576;0;0;0;0;0;0;0;0;0;0;0;2885;0;0;89;0;80;0;
11817;5834342;1007095808;13144064;1107480576;0;0;0;0;0;0;0;0;0;0;0;1924;0;0;89;0;80;0;
11818;3888081;1007095808;13144064;1107480576;0;0;0;0;0;0;0;0;0;0;0;2685;0;0;89;0;80;0;
11819;5210942;1007095808;13144064;1107480576;0;0;0;0;0;0;0;0;0;0;0;2505;0;0;89;0;80;0;
11820;3232974;1007095808;13144064;1107480576;0;0;0;0;0;0;0;0;0;0;0;3066;0;0;89;0;80;0;
11821;5983572;1007095808;13144064;1107480576;0;0;0;0;0;0;0;0;0;0;0;2775;0;0;89;0;80;0;
11822;3441855;1007095808;13144064;1107480576;0;0;0;0;0;0;0;0;0;0;0;2565;0;0;89;0;80;0;
11823;5109893;1007095808;13144064;1107480576;0;0;0;0;0;0;0;0;0;0;0;1834;0;0;89;0;80;0;
11824;4766800;1007095808;13144064;1107480576;0;0;0;0;0;0;0;0;0;0;0;2866;0;0;89;0;80;0;
11825;4630273;1007095808;13144064;1107480576;0;0;0;0;0;0;0;0;0;0;0;2404;0;0;89;0;80;0;
11826;4824278;1007095808;13144064;1107480576;0;0;0;0;0;0;0;0;0;0;0;5380;0;0;89;0;80;0;
11827;4922882;1007095808;13144064;1107480576;0;0;0;0;0;0;0;0;0;0;0;1903;0;0;89;0;80;0;
11828;3115924;1007095808;13144064;1107480576;0;0;0;0;0;0;0;0;0;0;0;2465;0;0;89;0;80;0;
11829;5552433;1010806784;20709376;1115045888;0;0;0;0;0;0;0;0;0;0;0;2444;0;0;89;0;80;0;
11830;2791886;1012903936;20709376;1115045888;0;0;0;0;0;0;0;0;0;0;0;2986;0;0;89;0;80;0;
11831;4523884;1012903936;20709376;1115045888;0;0;0;0;0;0;0;0;0;0;0;1744;0;0;89;0;80;0;
11832;3568893;1012903936;20709376;1115045888;0;0;0;0;0;0;0;0;0;0;0;3076;0;0;89;0;80;0;
11833;4696678;1012903936;20709376;1115045888;0;0;0;0;0;0;0;0;0;0;0;1773;0;0;89;0;80;0;
11834;2966614;1012903936;20709376;1115045888;0;0;0;0;0;0;0;0;0;0;0;2655;0;0;89;0;80;0;
11835;5004957;1012903936;20709376;1115045888;0;0;0;0;0;0;0;0;0;0;0;1603;0;0;89;0;80;0;
11836;4281159;1007108096;14204928;1108541440;0;0;0;0;0;0;0;0;0;0;0;2875;0;0;89;0;80;0;
11837;5123879;1007108096;14204928;1108541440;0;0;0;0;0;0;0;0;0;0;0;1693;0;0;89;0;80;0;
11838;3055951;1007108096;14204928;1108541440;0;0;0;0;0;0;0;0;0;0;0;2725;0;0;89;0;80;0;
11839;4802807;1007108096;14204928;1108541440;0;0;0;0;0;0;0;0;0;0;0;1673;0;0;89;0;80;0;
11840;3304007;1007108096;14204928;1108541440;0;0;0;0;0;0;0;0;0;0;0;2465;0;0;89;0;80;0;
11841;4201259;1007108096;14204928;1108541440;0;0;0;0;0;0;0;0;0;0;0;1823;0;0;89;0;80;0;
11842;3292745;1007108096;14204928;1108541440;0;0;0;0;0;0;0;0;0;0;0;2825;0;0;89;0;80;0;
11843;4320352;1007108096;14204928;1108541440;0;0;0;0;0;0;0;0;0;0;0;1753;0;0;89;0;80;0;
11844;2855184;1007108096;14204928;1108541440;0;0;0;0;0;0;0;0;0;0;0;2725;0;0;89;0;80;0;
11845;5102369;1007108096;14204928;1108541440;0;0;0;0;0;0;0;0;0;0;0;1583;0;0;89;0;80;0;
11846;2997662;1007108096;14204928;1108541440;0;0;0;0;0;0;0;0;0;0;0;2455;0;0;89;0;80;0;
11847;5003634;1007108096;14204928;1108541440;0;0;0;0;0;0;0;0;0;0;0;2104;0;0;89;0;80;0;
11848;2590668;1007108096;14204928;1108541440;0;0;0;0;0;0;0;0;0;0;0;3005;0;0;89;0;80;0;
11849;5134600;1007108096;14204928;1108541440;0;0;0;0;0;0;0;0;0;0;0;2535;0;0;89;0;80;0;
11850;2236905;1007108096;14204928;1108541440;0;0;0;0;0;0;0;0;0;0;0;2785;0;0;89;0;80;0;
11851;4857149;1007108096;14204928;1108541440;0;0;0;0;0;0;0;0;0;0;0;2395;0;0;89;0;80;0;
11852;2675297;1007108096;14204928;1108541440;0;0;0;0;0;0;0;0;0;0;0;2665;0;0;89;0;80;0;
11853;5344914;1009467392;20709376;1115045888;0;0;0;0;0;0;0;0;0;0;0;2604;0;0;89;0;80;0;
11854;2979047;1011564544;20709376;1115045888;0;0;0;0;0;0;0;0;0;0;0;3136;0;0;89;0;80;0;
11855;4691048;1012912128;20709376;1115045888;0;0;0;0;0;0;0;0;0;0;0;2144;0;0;89;0;80;0;
11856;2795673;1012912128;20709376;1115045888;0;0;0;0;0;0;0;0;0;0;0;2986;0;0;89;0;80;0;
11857;4159671;1012912128;20709376;1115045888;0;0;0;0;0;0;0;0;0;0;0;1593;0;0;89;0;80;0;
11858;2359164;1012912128;20709376;1115045888;0;0;0;0;0;0;0;0;0;0;0;2815;0;0;89;0;80;0;
11859;4582674;1012912128;20709376;1115045888;0;0;0;0;0;0;0;0;0;0;0;1983;0;0;89;0;80;0;
11860;3048818;1007120384;13144064;1107480576;0;0;0;0;0;0;0;0;0;0;0;3166;0;0;89;0;80;0;
11861;5277087;1007120384;13144064;1107480576;0;0;0;0;0;0;0;0;0;0;0;2645;0;0;89;0;80;0;
11862;2872787;1007120384;13144064;1107480576;0;0;0;0;0;0;0;0;0;0;0;3136;0;0;89;0;80;0;
11863;4630975;1007120384;13144064;1107480576;0;0;0;0;0;0;0;0;0;0;0;2415;0;0;89;0;80;0;
11864;2565882;1007120384;13144064;1107480576;0;0;0;0;0;0;0;0;0;0;0;2985;0;0;89;0;80;0;
11865;4325001;1007120384;13144064;1107480576;0;0;0;0;0;0;0;0;0;0;0;1683;0;0;89;0;80;0;
11866;3062202;1007120384;13144064;1107480576;0;0;0;0;0;0;0;0;0;0;0;2945;0;0;89;0;80;0;
11867;4952358;1007120384;13144064;1107480576;0;0;0;0;0;0;0;0;0;0;0;1893;0;0;89;0;80;0;
11868;2534834;1007120384;13144064;1107480576;0;0;0;0;0;0;0;0;0;0;0;3166;0;0;89;0;80;0;
11869;4948570;1007120384;13144064;1107480576;0;0;0;0;0;0;0;0;0;0;0;2084;0;0;89;0;80;0;
11870;3054879;1007120384;13144064;1107480576;0;0;0;0;0;0;0;0;0;0;0;3025;0;0;89;0;80;0;
11871;5360503;1007120384;13144064;1107480576;0;0;0;0;0;0;0;0;0;0;0;2284;0;0;89;0;80;0;
11872;4120327;1007120384;13144064;1107480576;0;0;0;0;0;0;0;0;0;0;0;3287;0;0;89;0;80;0;
11873;4729179;1007120384;13144064;1107480576;0;0;0;0;0;0;0;0;0;0;0;2034;0;0;89;0;80;0;
11874;2989897;1007120384;13144064;1107480576;0;0;0;0;0;0;0;0;0;0;0;2695;0;0;89;0;80;0;
11875;5881620;1010831360;20709376;1115045888;0;0;0;0;0;0;0;0;0;0;0;2425;0;0;89;0;80;0;
11876;3697584;1012928512;20709376;1115045888;0;0;0;0;0;0;0;0;0;0;0;2755;0;0;89;0;80;0;
11877;4618962;1013194752;20709376;1115045888;0;0;0;0;0;0;0;0;0;0;0;2124;0;0;89;0;80;0;
11878;2834075;1013194752;20709376;1115045888;0;0;0;0;0;0;0;0;0;0;0;4218;0;0;89;0;80;0;
11879;5203338;1013194752;20709376;1115045888;0;0;0;0;0;0;0;0;0;0;0;2685;0;0;89;0;80;0;
11880;2354425;1013194752;20709376;1115045888;0;0;0;0;0;0;0;0;0;0;0;2194;0;0;89;0;80;0;
11881;4037402;1013194752;20709376;1115045888;0;0;0;0;0;0;0;0;0;0;0;1553;0;0;89;0;80;0;
11882;3166117;1007132672;14204928;1108541440;0;0;0;0;0;0;0;0;0;0;0;2434;0;0;89;0;80;0;
11883;4305945;1007132672;14204928;1108541440;0;0;0;0;0;0;0;0;0;0;0;1603;0;0;89;0;80;0;
11884;3003162;1007132672;14204928;1108541440;0;0;0;0;0;0;0;0;0;0;0;2916;0;0;89;0;80;0;
11885;5716921;1007132672;14204928;1108541440;0;0;0;0;0;0;0;0;0;0;0;2495;0;0;89;0;80;0;
11886;1996183;1007132672;14204928;1108541440;0;0;0;0;0;0;0;0;0;0;0;2204;0;0;89;0;80;0;
11887;4133051;1007132672;14204928;1108541440;0;0;0;0;0;0;0;0;0;0;0;1924;0;0;89;0;80;0;
11888;3947503;1007132672;14204928;1108541440;0;0;0;0;0;0;0;0;0;0;0;2845;0;0;89;0;80;0;
11889;4600678;1007132672;14204928;1108541440;0;0;0;0;0;0;0;0;0;0;0;2044;0;0;89;0;80;0;
11890;2543911;1007132672;14204928;1108541440;0;0;0;0;0;0;0;0;0;0;0;2675;0;0;89;0;80;0;
11891;5212335;1007132672;14204928;1108541440;0;0;0;0;0;0;0;0;0;0;0;2374;0;0;89;0;80;0;
11892;3419012;1007132672;14204928;1108541440;0;0;0;0;0;0;0;0;0;0;0;2805;0;0;89;0;80;0;
11893;4742104;1007132672;14204928;1108541440;0;0;0;0;0;0;0;0;0;0;0;2464;0;0;89;0;80;0;
11894;3329474;1007132672;14204928;1108541440;0;0;0;0;0;0;0;0;0;0;0;2966;0;0;89;0;80;0;
11895;4523183;1007132672;14204928;1108541440;0;0;0;0;0;0;0;0;0;0;0;2034;0;0;89;0;80;0;
11896;3604109;1007132672;14204928;1108541440;0;0;0;0;0;0;0;0;0;0;0;2585;0;0;89;0;80;0;
11897;4756049;1007132672;14204928;1108541440;0;0;0;0;0;0;0;0;0;0;0;1903;0;0;89;0;80;0;
11898;2530956;1007132672;14204928;1108541440;0;0;0;0;0;0;0;0;0;0;0;2625;0;0;89;0;80;0;
11899;4784072;1009491968;20709376;1115045888;0;0;0;0;0;0;0;0;0;0;0;1693;0;0;89;0;80;0;
11900;2704311;1011589120;20709376;1115045888;0;0;0;0;0;0;0;0;0;0;0;2635;0;0;89;0;80;0;
11901;4656423;1013207040;20709376;1115045888;0;0;0;0;0;0;0;0;0;0;0;2024;0;0;89;0;80;0;
11902;3131132;1013207040;20709376;1115045888;0;0;0;0;0;0;0;0;0;0;0;2825;0;0;89;0;80;0;
11903;5196385;1013207040;20709376;1115045888;0;0;0;0;0;0;0;0;0;0;0;1773;0;0;89;0;80;0;
11904;3800708;1013207040;20709376;1115045888;0;0;0;0;0;0;0;0;0;0;0;3928;0;0;89;0;80;0;
11905;5065710;1013207040;20709376;1115045888;0;0;0;0;0;0;0;0;0;0;0;1603;0;0;89;0;80;0;
11906;3362055;1007144960;13144064;1107480576;0;0;0;0;0;0;0;0;0;0;0;2454;0;0;89;0;80;0;
11907;4940305;1007144960;13144064;1107480576;0;0;0;0;0;0;0;0;0;0;0;1623;0;0;89;0;80;0;
11908;2781076;1007144960;13144064;1107480576;0;0;0;0;0;0;0;0;0;0;0;3036;0;0;89;0;80;0;
11909;4229101;1007144960;13144064;1107480576;0;0;0;0;0;0;0;0;0;0;0;1573;0;0;89;0;80;0;
11910;3415796;1007144960;13144064;1107480576;0;0;0;0;0;0;0;0;0;0;0;3086;0;0;89;0;80;0;
11911;4554120;1007144960;13144064;1107480576;0;0;0;0;0;0;0;0;0;0;0;1974;0;0;89;0;80;0;
11912;3491959;1007144960;13144064;1107480576;0;0;0;0;0;0;0;0;0;0;0;2655;0;0;89;0;80;0;
11913;4874382;1007144960;13144064;1107480576;0;0;0;0;0;0;0;0;0;0;0;1723;0;0;89;0;80;0;
11914;2909106;1007144960;13144064;1107480576;0;0;0;0;0;0;0;0;0;0;0;2865;0;0;89;0;80;0;
11915;4692810;1007144960;13144064;1107480576;0;0;0;0;0;0;0;0;0;0;0;1863;0;0;89;0;80;0;
11916;3058667;1007144960;13144064;1107480576;0;0;0;0;0;0;0;0;0;0;0;2766;0;0;89;0;80;0;
11917;5284521;1007144960;13144064;1107480576;0;0;0;0;0;0;0;0;0;0;0;2324;0;0;89;0;80;0;
11918;2667783;1007144960;13144064;1107480576;0;0;0;0;0;0;0;0;0;0;0;2424;0;0;89;0;80;0;
11919;4875504;1007144960;13144064;1107480576;0;0;0;0;0;0;0;0;0;0;0;1984;0;0;89;0;80;0;
11920;2591059;1007144960;13144064;1107480576;0;0;0;0;0;0;0;0;0;0;0;2464;0;0;89;0;80;0;
11921;4501682;1007144960;13144064;1107480576;0;0;0;0;0;0;0;0;0;0;0;2194;0;0;89;0;80;0;
11922;2688322;1007144960;13144064;1107480576;0;0;0;0;0;0;0;0;0;0;0;2865;0;0;89;0;80;0;
11923;5620421;1010855936;20709376;1115045888;0;0;0;0;0;0;0;0;0;0;0;2195;0;0;89;0;80;0;
11924;2444304;1012953088;20709376;1115045888;0;0;0;0;0;0;0;0;0;0;0;3366;0;0;89;0;80;0;
11925;4752733;1013219328;20709376;1115045888;0;0;0;0;0;0;0;0;0;0;0;1473;0;0;89;0;80;0;
11926;3224206;1013219328;20709376;1115045888;0;0;0;0;0;0;0;0;0;0;0;2845;0;0;89;0;80;0;
11927;4418937;1013219328;20709376;1115045888;0;0;0;0;0;0;0;0;0;0;0;1533;0;0;89;0;80;0;
11928;3334313;1013219328;20709376;1115045888;0;0;0;0;0;0;0;0;0;0;0;2595;0;0;89;0;80;0;
11929;5000318;1013219328;20709376;1115045888;0;0;0;0;0;0;0;0;0;0;0;2214;0;0;89;0;80;0;
11930;3131583;1007157248;14204928;1108541440;0;0;0;0;0;0;0;0;0;0;0;3076;0;0;89;0;80;0;
11931;5959647;1007157248;14204928;1108541440;0;0;0;0;0;0;0;0;0;0;0;3497;0;0;89;0;80;0;
11932;1856081;1007157248;14204928;1108541440;0;0;0;0;0;0;0;0;0;0;0;2194;0;0;89;0;80;0;
11933;5163623;1007157248;14204928;1108541440;0;0;0;0;0;0;0;0;0;0;0;2225;0;0;89;0;80;0;
11934;11837240;1007157248;14204928;1108541440;0;0;0;0;0;0;0;0;0;0;0;2755;0;0;89;0;80;0;
11935;4259238;1007157248;14204928;1108541440;0;0;0;0;0;0;0;0;0;0;0;1413;0;0;89;0;80;0;
11936;3631180;1007157248;14204928;1108541440;0;0;0;0;0;0;0;0;0;0;0;2124;0;0;89;0;80;0;
11937;5035503;1007157248;14204928;1108541440;0;0;0;0;0;0;0;0;0;0;0;1944;0;0;89;0;80;0;
11938;2704422;1007157248;14204928;1108541440;0;0;0;0;0;0;0;0;0;0;0;1943;0;0;89;0;80;0;
11939;4683383;1007157248;14204928;1108541440;0;0;0;0;0;0;0;0;0;0;0;1482;0;0;89;0;80;0;
11940;2421772;1007157248;14204928;1108541440;0;0;0;0;0;0;0;0;0;0;0;1803;0;0;89;0;80;0;
11941;4535556;1007157248;14204928;1108541440;0;0;0;0;0;0;0;0;0;0;0;1643;0;0;89;0;80;0;
11942;1653131;1007157248;14204928;1108541440;0;0;0;0;0;0;0;0;0;0;0;1583;0;0;89;0;80;0;
11943;4594957;1007157248;14204928;1108541440;0;0;0;0;0;0;0;0;0;0;0;1473;0;0;89;0;80;0;
11944;1779307;1007157248;14204928;1108541440;0;0;0;0;0;0;0;0;0;0;0;1813;0;0;89;0;80;0;
11945;4276590;1007157248;14204928;1108541440;0;0;0;0;0;0;0;0;0;0;0;2014;0;0;89;0;80;0;
11946;2335570;1007157248;14204928;1108541440;0;0;0;0;0;0;0;0;0;0;0;1713;0;0;89;0;80;0;
11947;4455535;1009516544;20709376;1115045888;0;0;0;0;0;0;0;0;0;0;0;1522;0;0;89;0;80;0;
11948;2242485;1011613696;20709376;1115045888;0;0;0;0;0;0;0;0;0;0;0;1893;0;0;89;0;80;0;
11949;4468180;1013231616;20709376;1115045888;0;0;0;0;0;0;0;0;0;0;0;1553;0;0;89;0;80;0;
11950;2996299;1013231616;20709376;1115045888;0;0;0;0;0;0;0;0;0;0;0;1964;0;0;89;0;80;0;
11951;4245321;1013231616;20709376;1115045888;0;0;0;0;0;0;0;0;0;0;0;1433;0;0;89;0;80;0;
11952;1932294;1013231616;20709376;1115045888;0;0;0;0;0;0;0;0;0;0;0;2264;0;0;89;0;80;0;
11953;3947673;1013231616;20709376;1115045888;0;0;0;0;0;0;0;0;0;0;0;1723;0;0;89;0;80;0;
11954;2355186;1007169536;13144064;1107480576;0;0;0;0;0;0;0;0;0;0;0;1603;0;0;89;0;80;0;
11955;4266391;1007169536;13144064;1107480576;0;0;0;0;0;0;0;0;0;0;0;1412;0;0;89;0;80;0;
11956;2765076;1007169536;13144064;1107480576;0;0;0;0;0;0;0;0;0;0;0;2195;0;0;89;0;80;0;
11957;4509998;1007169536;13144064;1107480576;0;0;0;0;0;0;0;0;0;0;0;1653;0;0;89;0;80;0;
11958;1291381;1007169536;13144064;1107480576;0;0;0;0;0;0;0;0;0;0;0;1433;0;0;89;0;80;0;
11959;4296488;1007169536;13144064;1107480576;0;0;0;0;0;0;0;0;0;0;0;1443;0;0;89;0;80;0;
11960;2423835;1007169536;13144064;1107480576;0;0;0;0;0;0;0;0;0;0;0;1853;0;0;89;0;80;0;
11961;4448152;1007169536;13144064;1107480576;0;0;0;0;0;0;0;0;0;0;0;1333;0;0;89;0;80;0;
11962;2128011;1007169536;13144064;1107480576;0;0;0;0;0;0;0;0;0;0;0;1703;0;0;89;0;80;0;
11963;4344438;1007169536;13144064;1107480576;0;0;0;0;0;0;0;0;0;0;0;1402;0;0;89;0;80;0;
11964;1672296;1007169536;13144064;1107480576;0;0;0;0;0;0;0;0;0;0;0;1423;0;0;89;0;80;0;
11965;4320322;1007169536;13144064;1107480576;0;0;0;0;0;0;0;0;0;0;0;1362;0;0;89;0;80;0;
11966;1840702;1007169536;13144064;1107480576;0;0;0;0;0;0;0;0;0;0;0;1733;0;0;89;0;80;0;
11967;4276019;1007169536;13144064;1107480576;0;0;0;0;0;0;0;0;0;0;0;1542;0;0;89;0;80;0;
11968;2301506;1007169536;13144064;1107480576;0;0;0;0;0;0;0;0;0;0;0;1923;0;0;89;0;80;0;
11969;4187333;1007169536;13144064;1107480576;0;0;0;0;0;0;0;0;0;0;0;1583;0;0;89;0;80;0;
11970;2065574;1007169536;13144064;1107480576;0;0;0;0;0;0;0;0;0;0;0;2174;0;0;89;0;80;0;
11971;5557773;1010880512;20709376;1115045888;0;0;0;0;0;0;0;0;0;0;0;2404;0;0;89;0;80;0;
11972;1896526;1012977664;20709376;1115045888;0;0;0;0;0;0;0;0;0;0;0;2014;0;0;89;0;80;0;
11973;4443153;1013243904;20709376;1115045888;0;0;0;0;0;0;0;0;0;0;0;1393;0;0;89;0;80;0;
11974;2254528;1013243904;20709376;1115045888;0;0;0;0;0;0;0;0;0;0;0;2114;0;0;89;0;80;0;
11975;4697751;1013243904;20709376;1115045888;0;0;0;0;0;0;0;0;0;0;0;1693;0;0;89;0;80;0;
11976;2018235;1013243904;20709376;1115045888;0;0;0;0;0;0;0;0;0;0;0;1794;0;0;89;0;80;0;
11977;4454063;1013243904;20709376;1115045888;0;0;0;0;0;0;0;0;0;0;0;1823;0;0;89;0;80;0;
11978;1911795;1007181824;14204928;1108541440;0;0;0;0;0;0;0;0;0;0;0;2104;0;0;89;0;80;0;
11979;4039506;1007181824;14204928;1108541440;0;0;0;0;0;0;0;0;0;0;0;1803;0;0;89;0;80;0;
11980;1870648;1007181824;14204928;1108541440;0;0;0;0;0;0;0;0;0;0;0;2224;0;0;89;0;80;0;
11981;5158204;1007181824;14204928;1108541440;0;0;0;0;0;0;0;0;0;0;0;1583;0;0;89;0;80;0;
11982;2068419;1007181824;14204928;1108541440;0;0;0;0;0;0;0;0;0;0;0;1693;0;0;89;0;80;0;
11983;4057379;1007181824;14204928;1108541440;0;0;0;0;0;0;0;0;0;0;0;1583;0;0;89;0;80;0;
11984;2649860;1007181824;14204928;1108541440;0;0;0;0;0;0;0;0;0;0;0;2044;0;0;89;0;80;0;
11985;4607721;1007181824;14204928;1108541440;0;0;0;0;0;0;0;0;0;0;0;2034;0;0;89;0;80;0;
11986;3080236;1007181824;14204928;1108541440;0;0;0;0;0;0;0;0;0;0;0;1873;0;0;89;0;80;0;
11987;4093787;1007181824;14204928;1108541440;0;0;0;0;0;0;0;0;0;0;0;1944;0;0;89;0;80;0;
11988;1249122;1007181824;14204928;1108541440;0;0;0;0;0;0;0;0;0;0;0;1753;0;0;89;0;80;0;
11989;4514607;1007181824;14204928;1108541440;0;0;0;0;0;0;0;0;0;0;0;1623;0;0;89;0;80;0;
11990;1865719;1007181824;14204928;1108541440;0;0;0;0;0;0;0;0;0;0;0;1803;0;0;89;0;80;0;
11991;4661412;1007181824;14204928;1108541440;0;0;0;0;0;0;0;0;0;0;0;1613;0;0;89;0;80;0;
11992;2119445;1007181824;14204928;1108541440;0;0;0;0;0;0;0;0;0;0;0;1864;0;0;89;0;80;0;
11993;4484600;1009541120;20709376;1115045888;0;0;0;0;0;0;0;0;0;0;0;1473;0;0;89;0;80;0;
11994;2135234;1011638272;20709376;1115045888;0;0;0;0;0;0;0;0;0;0;0;1703;0;0;89;0;80;0;
11995;4637848;1013256192;20709376;1115045888;0;0;0;0;0;0;0;0;0;0;0;1784;0;0;89;0;80;0;
11996;1865379;1013256192;20709376;1115045888;0;0;0;0;0;0;0;0;0;0;0;1944;0;0;89;0;80;0;
11997;4691468;1013256192;20709376;1115045888;0;0;0;0;0;0;0;0;0;0;0;1372;0;0;89;0;80;0;
11998;1916064;1013256192;20709376;1115045888;0;0;0;0;0;0;0;0;0;0;0;2034;0;0;89;0;80;0;
11999;3973181;1013256192;20709376;1115045888;0;0;0;0;0;0;0;0;0;0;0;1653;0;0;89;0;80;0;
12000;1962360;1007194112;13144064;1107480576;0;0;0;0;0;0;0;0;0;0;0;1663;0;0;89;0;80;0;
12001;4442702;1007194112;13144064;1107480576;0;0;0;0;0;0;0;0;0;0;0;1573;0;0;89;0;80;0;
12002;2462949;1007194112;13144064;1107480576;0;0;0;0;0;0;0;0;0;0;0;1954;0;0;89;0;80;0;
12003;4270078;1007194112;13144064;1107480576;0;0;0;0;0;0;0;0;0;0;0;1372;0;0;89;0;80;0;
12004;2133210;1007194112;13144064;1107480576;0;0;0;0;0;0;0;0;0;0;0;1784;0;0;89;0;80;0;
12005;4316184;1007194112;13144064;1107480576;0;0;0;0;0;0;0;0;0;0;0;1664;0;0;89;0;80;0;
12006;2011062;1007194112;13144064;1107480576;0;0;0;0;0;0;0;0;0;0;0;1463;0;0;89;0;80;0;
12007;4619423;1007194112;13144064;1107480576;0;0;0;0;0;0;0;0;0;0;0;1352;0;0;89;0;80;0;
12008;1912186;1007194112;13144064;1107480576;0;0;0;0;0;0;0;0;0;0;0;1573;0;0;89;0;80;0;
12009;4037603;1007194112;13144064;1107480576;0;0;0;0;0;0;0;0;0;0;0;1162;0;0;89;0;80;0;
12010;1576697;1007194112;13144064;1107480576;0;0;0;0;0;0;0;0;0;0;0;1663;0;0;89;0;80;0;
12011;3678980;1007194112;13144064;1107480576;0;0;0;0;0;0;0;0;0;0;0;1793;0;0;89;0;80;0;
12012;2780755;1007194112;13144064;1107480576;0;0;0;0;0;0;0;0;0;0;0;2194;0;0;89;0;80;0;
12013;5054119;1007194112;13144064;1107480576;0;0;0;0;0;0;0;0;0;0;0;1753;0;0;89;0;80;0;
12014;2436810;1007194112;13144064;1107480576;0;0;0;0;0;0;0;0;0;0;0;1844;0;0;89;0;80;0;
12015;3967922;1007194112;13144064;1107480576;0;0;0;0;0;0;0;0;0;0;0;1573;0;0;89;0;80;0;
12016;1738731;1007194112;13144064;1107480576;0;0;0;0;0;0;0;0;0;0;0;1963;0;0;89;0;80;0;
12017;5119291;1010905088;20709376;1115045888;0;0;0;0;0;0;0;0;0;0;0;1563;0;0;89;0;80;0;
12018;2510278;1013002240;20709376;1115045888;0;0;0;0;0;0;0;0;0;0;0;2004;0;0;89;0;80;0;
12019;4606489;1013268480;20709376;1115045888;0;0;0;0;0;0;0;0;0;0;0;1523;0;0;89;0;80;0;
12020;2914425;1013268480;20709376;1115045888;0;0;0;0;0;0;0;0;0;0;0;3937;0;0;89;0;80;0;
12021;4937660;1013268480;20709376;1115045888;0;0;0;0;0;0;0;0;0;0;0;1893;0;0;89;0;80;0;
12022;2831359;1013268480;20709376;1115045888;0;0;0;0;0;0;0;0;0;0;0;2444;0;0;89;0;80;0;
12023;4595158;1013268480;20709376;1115045888;0;0;0;0;0;0;0;0;0;0;0;1964;0;0;89;0;80;0;
12024;2512932;1007206400;14204928;1108541440;0;0;0;0;0;0;0;0;0;0;0;2043;0;0;89;0;80;0;
12025;4272482;1007206400;14204928;1108541440;0;0;0;0;0;0;0;0;0;0;0;1653;0;0;89;0;80;0;
12026;2988395;1007206400;14204928;1108541440;0;0;0;0;0;0;0;0;0;0;0;1803;0;0;89;0;80;0;
12027;4146036;1007206400;14204928;1108541440;0;0;0;0;0;0;0;0;0;0;0;1493;0;0;89;0;80;0;
12028;2934002;1007206400;14204928;1108541440;0;0;0;0;0;0;0;0;0;0;0;2004;0;0;89;0;80;0;
12029;4661492;1007206400;14204928;1108541440;0;0;0;0;0;0;0;0;0;0;0;1833;0;0;89;0;80;0;
12030;2776477;1007206400;14204928;1108541440;0;0;0;0;0;0;0;0;0;0;0;2906;0;0;89;0;80;0;
12031;4694765;1007206400;14204928;1108541440;0;0;0;0;0;0;0;0;0;0;0;2094;0;0;89;0;80;0;
12032;2760867;1007206400;14204928;1108541440;0;0;0;0;0;0;0;0;0;0;0;2495;0;0;89;0;80;0;
12033;4323568;1007206400;14204928;1108541440;0;0;0;0;0;0;0;0;0;0;0;1463;0;0;89;0;80;0;
12034;4415210;1007206400;14204928;1108541440;0;0;0;0;0;0;0;0;0;0;0;3026;0;0;89;0;80;0;
12035;5667699;1007206400;14204928;1108541440;0;0;0;0;0;0;0;0;0;0;0;2515;0;0;89;0;80;0;
12036;3182438;1007206400;14204928;1108541440;0;0;0;0;0;0;0;0;0;0;0;2725;0;0;89;0;80;0;
12037;4770136;1007206400;14204928;1108541440;0;0;0;0;0;0;0;0;0;0;0;2455;0;0;89;0;80;0;
12038;2826090;1007206400;14204928;1108541440;0;0;0;0;0;0;0;0;0;0;0;2755;0;0;89;0;80;0;
12039;4493998;1007206400;14204928;1108541440;0;0;0;0;0;0;0;0;0;0;0;1402;0;0;89;0;80;0;
12040;2779572;1007206400;14204928;1108541440;0;0;0;0;0;0;0;0;0;0;0;2746;0;0;89;0;80;0;
12041;4625665;1009565696;20709376;1115045888;0;0;0;0;0;0;0;0;0;0;0;1903;0;0;89;0;80;0;
12042;2600206;1011662848;20709376;1115045888;0;0;0;0;0;0;0;0;0;0;0;2555;0;0;89;0;80;0;
12043;5126584;1013280768;20709376;1115045888;0;0;0;0;0;0;0;0;0;0;0;1624;0;0;89;0;80;0;
12044;3373506;1013280768;20709376;1115045888;0;0;0;0;0;0;0;0;0;0;0;2956;0;0;89;0;80;0;
12045;4196159;1013280768;20709376;1115045888;0;0;0;0;0;0;0;0;0;0;0;1523;0;0;89;0;80;0;
12046;2792086;1013280768;20709376;1115045888;0;0;0;0;0;0;0;0;0;0;0;2975;0;0;89;0;80;0;
12047;4390494;1013280768;20709376;1115045888;0;0;0;0;0;0;0;0;0;0;0;1532;0;0;89;0;80;0;
12048;3371032;1007218688;13144064;1107480576;0;0;0;0;0;0;0;0;0;0;0;3106;0;0;89;0;80;0;
12049;4487696;1007218688;13144064;1107480576;0;0;0;0;0;0;0;0;0;0;0;1653;0;0;89;0;80;0;
12050;2336662;1007218688;13144064;1107480576;0;0;0;0;0;0;0;0;0;0;0;2575;0;0;89;0;80;0;
12051;6165142;1007218688;13144064;1107480576;0;0;0;0;0;0;0;0;0;0;0;1333;0;0;89;0;80;0;
12052;2952717;1007218688;13144064;1107480576;0;0;0;0;0;0;0;0;0;0;0;2725;0;0;89;0;80;0;
12053;4886705;1007218688;13144064;1107480576;0;0;0;0;0;0;0;0;0;0;0;1813;0;0;89;0;80;0;
12054;2354385;1007218688;13144064;1107480576;0;0;0;0;0;0;0;0;0;0;0;2745;0;0;89;0;80;0;
12055;4086394;1007218688;13144064;1107480576;0;0;0;0;0;0;0;0;0;0;0;1493;0;0;89;0;80;0;
12056;3525001;1007218688;13144064;1107480576;0;0;0;0;0;0;0;0;0;0;0;2916;0;0;89;0;80;0;
12057;4308059;1007218688;13144064;1107480576;0;0;0;0;0;0;0;0;0;0;0;1933;0;0;89;0;80;0;
12058;2660940;1007218688;13144064;1107480576;0;0;0;0;0;0;0;0;0;0;0;3276;0;0;89;0;80;0;
12059;4320493;1007218688;13144064;1107480576;0;0;0;0;0;0;0;0;0;0;0;1643;0;0;89;0;80;0;
12060;3173301;1007218688;13144064;1107480576;0;0;0;0;0;0;0;0;0;0;0;2765;0;0;89;0;80;0;
12061;4580029;1007218688;13144064;1107480576;0;0;0;0;0;0;0;0;0;0;0;1643;0;0;89;0;80;0;
12062;3143705;1007218688;13144064;1107480576;0;0;0;0;0;0;0;0;0;0;0;2725;0;0;89;0;80;0;
12063;4365236;1007218688;13144064;1107480576;0;0;0;0;0;0;0;0;0;0;0;1493;0;0;89;0;80;0;
12064;3268940;1007218688;13144064;1107480576;0;0;0;0;0;0;0;0;0;0;0;2595;0;0;89;0;80;0;
12065;5068947;1010929664;20709376;1115045888;0;0;0;0;0;0;0;0;0;0;0;2284;0;0;89;0;80;0;
12066;3512507;1013026816;20709376;1115045888;0;0;0;0;0;0;0;0;0;0;0;2865;0;0;89;0;80;0;
12067;4586521;1013293056;20709376;1115045888;0;0;0;0;0;0;0;0;0;0;0;1593;0;0;89;0;80;0;
12068;3193328;1013293056;20709376;1115045888;0;0;0;0;0;0;0;0;0;0;0;2355;0;0;89;0;80;0;
12069;4752363;1013293056;20709376;1115045888;0;0;0;0;0;0;0;0;0;0;0;1623;0;0;89;0;80;0;
12070;2478068;1013293056;20709376;1115045888;0;0;0;0;0;0;0;0;0;0;0;3326;0;0;89;0;80;0;
12071;4366599;1013293056;20709376;1115045888;0;0;0;0;0;0;0;0;0;0;0;1934;0;0;89;0;80;0;
12072;4391125;1007230976;14204928;1108541440;0;0;0;0;0;0;0;0;0;0;0;2786;0;0;89;0;80;0;
12073;4749598;1007230976;14204928;1108541440;0;0;0;0;0;0;0;0;0;0;0;1754;0;0;89;0;80;0;
12074;3355613;1007230976;14204928;1108541440;0;0;0;0;0;0;0;0;0;0;0;3146;0;0;89;0;80;0;
12075;4361158;1007230976;14204928;1108541440;0;0;0;0;0;0;0;0;0;0;0;1583;0;0;89;0;80;0;
12076;4248427;1007230976;14204928;1108541440;0;0;0;0;0;0;0;0;0;0;0;3406;0;0;89;0;80;0;
12077;4824327;1007230976;14204928;1108541440;0;0;0;0;0;0;0;0;0;0;0;2194;0;0;89;0;80;0;
12078;3389367;1007230976;14204928;1108541440;0;0;0;0;0;0;0;0;0;0;0;2966;0;0;89;0;80;0;
12079;4562126;1007230976;14204928;1108541440;0;0;0;0;0;0;0;0;0;0;0;1763;0;0;89;0;80;0;
12080;2101160;1007230976;14204928;1108541440;0;0;0;0;0;0;0;0;0;0;0;2795;0;0;89;0;80;0;
12081;4782780;1007230976;14204928;1108541440;0;0;0;0;0;0;0;0;0;0;0;2154;0;0;89;0;80;0;
12082;2757151;1007230976;14204928;1108541440;0;0;0;0;0;0;0;0;0;0;0;3226;0;0;89;0;80;0;
12083;5107759;1007230976;14204928;1108541440;0;0;0;0;0;0;0;0;0;0;0;1703;0;0;89;0;80;0;
12084;3367065;1007230976;14204928;1108541440;0;0;0;0;0;0;0;0;0;0;0;3367;0;0;89;0;80;0;
12085;4725913;1007230976;14204928;1108541440;0;0;0;0;0;0;0;0;0;0;0;1883;0;0;89;0;80;0;
12086;3130080;1007230976;14204928;1108541440;0;0;0;0;0;0;0;0;0;0;0;2515;0;0;89;0;80;0;
12087;5144848;1009590272;20709376;1115045888;0;0;0;0;0;0;0;0;0;0;0;2625;0;0;89;0;80;0;
12088;3768056;1011687424;20709376;1115045888;0;0;0;0;0;0;0;0;0;0;0;2856;0;0;89;0;80;0;
12089;5739033;1013305344;20709376;1115045888;0;0;0;0;0;0;0;0;0;0;0;3016;0;0;89;0;80;0;
12090;2896492;1013305344;20709376;1115045888;0;0;0;0;0;0;0;0;0;0;0;2705;0;0;89;0;80;0;
12091;4400313;1013305344;20709376;1115045888;0;0;0;0;0;0;0;0;0;0;0;2254;0;0;89;0;80;0;
12092;2652695;1013305344;20709376;1115045888;0;0;0;0;0;0;0;0;0;0;0;2795;0;0;89;0;80;0;
12093;4681339;1013305344;20709376;1115045888;0;0;0;0;0;0;0;0;0;0;0;1844;0;0;89;0;80;0;
12094;3937054;1007243264;13144064;1107480576;0;0;0;0;0;0;0;0;0;0;0;2775;0;0;89;0;80;0;
12095;4651293;1007243264;13144064;1107480576;0;0;0;0;0;0;0;0;0;0;0;1943;0;0;89;0;80;0;
12096;3106085;1007243264;13144064;1107480576;0;0;0;0;0;0;0;0;0;0;0;2915;0;0;89;0;80;0;
12097;4644070;1007243264;13144064;1107480576;0;0;0;0;0;0;0;0;0;0;0;1673;0;0;89;0;80;0;
12098;2744507;1007243264;13144064;1107480576;0;0;0;0;0;0;0;0;0;0;0;2695;0;0;89;0;80;0;
12099;4826692;1007243264;13144064;1107480576;0;0;0;0;0;0;0;0;0;0;0;1433;0;0;89;0;80;0;
12100;2902283;1007243264;13144064;1107480576;0;0;0;0;0;0;0;0;0;0;0;2775;0;0;89;0;80;0;
12101;4704342;1007243264;13144064;1107480576;0;0;0;0;0;0;0;0;0;0;0;1773;0;0;89;0;80;0;
12102;3644175;1007243264;13144064;1107480576;0;0;0;0;0;0;0;0;0;0;0;3877;0;0;89;0;80;0;
12103;4912072;1007243264;13144064;1107480576;0;0;0;0;0;0;0;0;0;0;0;1583;0;0;89;0;80;0;
12104;2872176;1007243264;13144064;1107480576;0;0;0;0;0;0;0;0;0;0;0;3136;0;0;89;0;80;0;
12105;4685447;1007243264;13144064;1107480576;0;0;0;0;0;0;0;0;0;0;0;2194;0;0;89;0;80;0;
12106;3102428;1007243264;13144064;1107480576;0;0;0;0;0;0;0;0;0;0;0;2585;0;0;89;0;80;0;
12107;5168663;1007243264;13144064;1107480576;0;0;0;0;0;0;0;0;0;0;0;1843;0;0;89;0;80;0;
12108;2994285;1007243264;13144064;1107480576;0;0;0;0;0;0;0;0;0;0;0;2906;0;0;89;0;80;0;
12109;5288708;1007243264;13144064;1107480576;0;0;0;0;0;0;0;0;0;0;0;2615;0;0;89;0;80;0;
12110;2636164;1007243264;13144064;1107480576;0;0;0;0;0;0;0;0;0;0;0;2965;0;0;89;0;80;0;
12111;5729085;1010954240;20709376;1115045888;0;0;0;0;0;0;0;0;0;0;0;2375;0;0;89;0;80;0;
12112;2483989;1013051392;20709376;1115045888;0;0;0;0;0;0;0;0;0;0;0;2374;0;0;89;0;80;0;
12113;4943821;1013317632;20709376;1115045888;0;0;0;0;0;0;0;0;0;0;0;1703;0;0;89;0;80;0;
12114;2098445;1013317632;20709376;1115045888;0;0;0;0;0;0;0;0;0;0;0;2414;0;0;89;0;80;0;
12115;4495691;1013317632;20709376;1115045888;0;0;0;0;0;0;0;0;0;0;0;2144;0;0;89;0;80;0;
12116;5913099;1013317632;20709376;1115045888;0;0;0;0;0;0;0;0;0;0;0;3096;0;0;89;0;80;0;
12117;5422629;1013317632;20709376;1115045888;0;0;0;0;0;0;0;0;0;0;0;2795;0;0;89;0;80;0;
12118;2389973;1007255552;14204928;1108541440;0;0;0;0;0;0;0;0;0;0;0;2775;0;0;89;0;80;0;
12119;6221367;1007255552;14204928;1108541440;0;0;0;0;0;0;0;0;0;0;0;2625;0;0;89;0;80;0;
12120;2367641;1007255552;14204928;1108541440;0;0;0;0;0;0;0;0;0;0;0;3056;0;0;89;0;80;0;
12121;6256894;1007255552;14204928;1108541440;0;0;0;0;0;0;0;0;0;0;0;2224;0;0;89;0;80;0;
12122;3439741;1007255552;14204928;1108541440;0;0;0;0;0;0;0;0;0;0;0;2975;0;0;89;0;80;0;
12123;6649631;1007255552;14204928;1108541440;0;0;0;0;0;0;0;0;0;0;0;6693;0;0;89;0;80;0;
12124;2871515;1007255552;14204928;1108541440;0;0;0;0;0;0;0;0;0;0;0;3016;0;0;89;0;80;0;
12125;4723929;1007255552;14204928;1108541440;0;0;0;0;0;0;0;0;0;0;0;2515;0;0;89;0;80;0;
12126;5498192;1007255552;14204928;1108541440;0;0;0;0;0;0;0;0;0;0;0;3827;0;0;89;0;80;0;
12127;4866747;1007255552;14204928;1108541440;0;0;0;0;0;0;0;0;0;0;0;3286;0;0;89;0;80;0;
12128;4971914;1007255552;14204928;1108541440;0;0;0;0;0;0;0;0;0;0;0;3677;0;0;89;0;80;0;
12129;4924575;1007255552;14204928;1108541440;0;0;0;0;0;0;0;0;0;0;0;2615;0;0;89;0;80;0;
12130;5135581;1007255552;14204928;1108541440;0;0;0;0;0;0;0;0;0;0;0;5731;0;0;89;0;80;0;
12131;5265945;1007255552;14204928;1108541440;0;0;0;0;0;0;0;0;0;0;0;3086;0;0;89;0;80;0;
12132;4559942;1007255552;14204928;1108541440;0;0;0;0;0;0;0;0;0;0;0;3958;0;0;89;0;80;0;
12133;6530177;1007255552;14204928;1108541440;0;0;0;0;0;0;0;0;0;0;0;2605;0;0;89;0;80;0;
12134;3878082;1007255552;14204928;1108541440;0;0;0;0;0;0;0;0;0;0;0;3386;0;0;89;0;80;0;
12135;5600703;1009614848;20709376;1115045888;0;0;0;0;0;0;0;0;0;0;0;2675;0;0;89;0;80;0;
12136;6627659;1011712000;20709376;1115045888;0;0;0;0;0;0;0;0;0;0;0;3567;0;0;89;0;80;0;
12137;6174450;1013329920;20709376;1115045888;0;0;0;0;0;0;0;0;0;0;0;4018;0;0;89;0;80;0;
12138;5093352;1013329920;20709376;1115045888;0;0;0;0;0;0;0;0;0;0;0;3237;0;0;89;0;80;0;
12139;5346166;1013329920;20709376;1115045888;0;0;0;0;0;0;0;0;0;0;0;2555;0;0;89;0;80;0;
12140;3811068;1013329920;20709376;1115045888;0;0;0;0;0;0;0;0;0;0;0;4047;0;0;89;0;80;0;
12141;5574755;1013329920;20709376;1115045888;0;0;0;0;0;0;0;0;0;0;0;2926;0;0;89;0;80;0;
12142;5114171;1007267840;13144064;1107480576;0;0;0;0;0;0;0;0;0;0;0;3487;0;0;89;0;80;0;
12143;5991677;1007267840;13144064;1107480576;0;0;0;0;0;0;0;0;0;0;0;2375;0;0;89;0;80;0;
12144;4273003;1007267840;13144064;1107480576;0;0;0;0;0;0;0;0;0;0;0;3947;0;0;89;0;80;0;
12145;6318069;1007267840;13144064;1107480576;0;0;0;0;0;0;0;0;0;0;0;3467;0;0;89;0;80;0;
12146;3688537;1007267840;13144064;1107480576;0;0;0;0;0;0;0;0;0;0;0;2925;0;0;89;0;80;0;
12147;5016348;1007267840;13144064;1107480576;0;0;0;0;0;0;0;0;0;0;0;2034;0;0;89;0;80;0;
12148;4726414;1007267840;13144064;1107480576;0;0;0;0;0;0;0;0;0;0;0;3677;0;0;89;0;80;0;
12149;6014039;1007267840;13144064;1107480576;0;0;0;0;0;0;0;0;0;0;0;2064;0;0;89;0;80;0;
12150;5433910;1007267840;13144064;1107480576;0;0;0;0;0;0;0;0;0;0;0;3547;0;0;89;0;80;0;
12151;5750064;1007267840;13144064;1107480576;0;0;0;0;0;0;0;0;0;0;0;2595;0;0;89;0;80;0;
12152;5344854;1007267840;13144064;1107480576;0;0;0;0;0;0;0;0;0;0;0;3587;0;0;89;0;80;0;
12153;5220420;1007267840;13144064;1107480576;0;0;0;0;0;0;0;0;0;0;0;2765;0;0;89;0;80;0;
12154;4095150;1007267840;13144064;1107480576;0;0;0;0;0;0;0;0;0;0;0;3617;0;0;89;0;80;0;
12155;4798950;1007267840;13144064;1107480576;0;0;0;0;0;0;0;0;0;0;0;2475;0;0;89;0;80;0;
12156;5374509;1007267840;13144064;1107480576;0;0;0;0;0;0;0;0;0;0;0;4528;0;0;89;0;80;0;
12157;6229863;1007267840;13144064;1107480576;0;0;0;0;0;0;0;0;0;0;0;3216;0;0;89;0;80;0;
12158;4330481;1007267840;13144064;1107480576;0;0;0;0;0;0;0;0;0;0;0;3957;0;0;89;0;80;0;
12159;6445528;1010978816;20709376;1115045888;0;0;0;0;0;0;0;0;0;0;0;4058;0;0;89;0;80;0;
12160;3511486;1013075968;20709376;1115045888;0;0;0;0;0;0;0;0;0;0;0;3526;0;0;89;0;80;0;
12161;4938421;1013342208;20709376;1115045888;0;0;0;0;0;0;0;0;0;0;0;2114;0;0;89;0;80;0;
12162;5621773;1013342208;20709376;1115045888;0;0;0;0;0;0;0;0;0;0;0;4128;0;0;89;0;80;0;
12163;5045372;1013342208;20709376;1115045888;0;0;0;0;0;0;0;0;0;0;0;2756;0;0;89;0;80;0;
12164;5035934;1013342208;20709376;1115045888;0;0;0;0;0;0;0;0;0;0;0;3947;0;0;89;0;80;0;
12165;7064699;1013342208;20709376;1115045888;0;0;0;0;0;0;0;0;0;0;0;3817;0;0;89;0;80;0;
12166;6061938;1007280128;14204928;1108541440;0;0;0;0;0;0;0;0;0;0;0;4358;0;0;89;0;80;0;
12167;7061243;1007280128;14204928;1108541440;0;0;0;0;0;0;0;0;0;0;0;3827;0;0;89;0;80;0;
12168;5733503;1007280128;14204928;1108541440;0;0;0;0;0;0;0;0;0;0;0;4128;0;0;89;0;80;0;
12169;5498682;1007280128;14204928;1108541440;0;0;0;0;0;0;0;0;0;0;0;2645;0;0;89;0;80;0;
12170;3742840;1007280128;14204928;1108541440;0;0;0;0;0;0;0;0;0;0;0;3337;0;0;89;0;80;0;
12171;5135411;1007280128;14204928;1108541440;0;0;0;0;0;0;0;0;0;0;0;2815;0;0;89;0;80;0;
12172;3637722;1007280128;14204928;1108541440;0;0;0;0;0;0;0;0;0;0;0;3436;0;0;89;0;80;0;
12173;6818958;1007280128;14204928;1108541440;0;0;0;0;0;0;0;0;0;0;0;3777;0;0;89;0;80;0;
12174;4959831;1007280128;14204928;1108541440;0;0;0;0;0;0;0;0;0;0;0;4329;0;0;89;0;80;0;
12175;6091204;1007280128;14204928;1108541440;0;0;0;0;0;0;0;0;0;0;0;3366;0;0;89;0;80;0;
12176;3264793;1007280128;14204928;1108541440;0;0;0;0;0;0;0;0;0;0;0;3026;0;0;89;0;80;0;
12177;5470389;1007280128;14204928;1108541440;0;0;0;0;0;0;0;0;0;0;0;2104;0;0;89;0;80;0;
12178;3851092;1007280128;14204928;1108541440;0;0;0;0;0;0;0;0;0;0;0;3466;0;0;89;0;80;0;
12179;5487932;1007280128;14204928;1108541440;0;0;0;0;0;0;0;0;0;0;0;2414;0;0;89;0;80;0;
12180;14278057;1007280128;14204928;1108541440;0;0;0;0;0;0;0;0;0;0;0;4248;0;0;89;0;80;0;
12181;6493819;1009639424;20709376;1115045888;0;0;0;0;0;0;0;0;0;0;0;2935;0;0;89;0;80;0;
12182;4303641;1011736576;20709376;1115045888;0;0;0;0;0;0;0;0;0;0;0;3326;0;0;89;0;80;0;
12183;6147850;1013354496;20709376;1115045888;0;0;0;0;0;0;0;0;0;0;0;3116;0;0;89;0;80;0;
12184;3805938;1013354496;20709376;1115045888;0;0;0;0;0;0;0;0;0;0;0;3457;0;0;89;0;80;0;
12185;4952288;1013354496;20709376;1115045888;0;0;0;0;0;0;0;0;0;0;0;2996;0;0;89;0;80;0;
12186;4260971;1013354496;20709376;1115045888;0;0;0;0;0;0;0;0;0;0;0;3567;0;0;89;0;80;0;
12187;5980085;1013354496;20709376;1115045888;0;0;0;0;0;0;0;0;0;0;0;3095;0;0;89;0;80;0;
12188;4495000;1007292416;13144064;1107480576;0;0;0;0;0;0;0;0;0;0;0;3627;0;0;89;0;80;0;
12189;6609946;1007292416;13144064;1107480576;0;0;0;0;0;0;0;0;0;0;0;3747;0;0;89;0;80;0;
12190;3706210;1007292416;13144064;1107480576;0;0;0;0;0;0;0;0;0;0;0;3546;0;0;89;0;80;0;
12191;5382605;1007292416;13144064;1107480576;0;0;0;0;0;0;0;0;0;0;0;3516;0;0;89;0;80;0;
12192;4564641;1007292416;13144064;1107480576;0;0;0;0;0;0;0;0;0;0;0;2845;0;0;89;0;80;0;
12193;7247772;1007292416;13144064;1107480576;0;0;0;0;0;0;0;0;0;0;0;3436;0;0;89;0;80;0;
12194;4836741;1007292416;13144064;1107480576;0;0;0;0;0;0;0;0;0;0;0;3807;0;0;89;0;80;0;
12195;6622801;1007292416;13144064;1107480576;0;0;0;0;0;0;0;0;0;0;0;3476;0;0;89;0;80;0;
12196;3294168;1007292416;13144064;1107480576;0;0;0;0;0;0;0;0;0;0;0;3346;0;0;89;0;80;0;
12197;4799371;1007292416;13144064;1107480576;0;0;0;0;0;0;0;0;0;0;0;2275;0;0;89;0;80;0;
12198;4211468;1007292416;13144064;1107480576;0;0;0;0;0;0;0;0;0;0;0;3366;0;0;89;0;80;0;
12199;4718468;1007292416;13144064;1107480576;0;0;0;0;0;0;0;0;0;0;0;2385;0;0;89;0;80;0;
12200;3465459;1007292416;13144064;1107480576;0;0;0;0;0;0;0;0;0;0;0;3437;0;0;89;0;80;0;
12201;5000769;1007292416;13144064;1107480576;0;0;0;0;0;0;0;0;0;0;0;2394;0;0;89;0;80;0;
12202;3920913;1007292416;13144064;1107480576;0;0;0;0;0;0;0;0;0;0;0;3376;0;0;89;0;80;0;
12203;4759867;1007292416;13144064;1107480576;0;0;0;0;0;0;0;0;0;0;0;3257;0;0;89;0;80;0;
12204;4018175;1007292416;13144064;1107480576;0;0;0;0;0;0;0;0;0;0;0;3617;0;0;89;0;80;0;
12205;6191111;1011003392;20709376;1115045888;0;0;0;0;0;0;0;0;0;0;0;2796;0;0;89;0;80;0;
12206;3853938;1013100544;20709376;1115045888;0;0;0;0;0;0;0;0;0;0;0;3487;0;0;89;0;80;0;
12207;5199461;1013366784;20709376;1115045888;0;0;0;0;0;0;0;0;0;0;0;2905;0;0;89;0;80;0;
12208;3361144;1013366784;20709376;1115045888;0;0;0;0;0;0;0;0;0;0;0;3176;0;0;89;0;80;0;
12209;6262575;1013366784;20709376;1115045888;0;0;0;0;0;0;0;0;0;0;0;2725;0;0;89;0;80;0;
12210;3219027;1013366784;20709376;1115045888;0;0;0;0;0;0;0;0;0;0;0;3336;0;0;89;0;80;0;
12211;6693212;1013366784;20709376;1115045888;0;0;0;0;0;0;0;0;0;0;0;3116;0;0;89;0;80;0;
12212;3738551;1007304704;14204928;1108541440;0;0;0;0;0;0;0;0;0;0;0;3136;0;0;89;0;80;0;
12213;6190029;1007304704;14204928;1108541440;0;0;0;0;0;0;0;0;0;0;0;2875;0;0;89;0;80;0;
12214;4241855;1007304704;14204928;1108541440;0;0;0;0;0;0;0;0;0;0;0;5129;0;0;89;0;80;0;
12215;5431156;1007304704;14204928;1108541440;0;0;0;0;0;0;0;0;0;0;0;1943;0;0;89;0;80;0;
12216;5314536;1007304704;14204928;1108541440;0;0;0;0;0;0;0;0;0;0;0;3637;0;0;89;0;80;0;
12217;4890131;1007304704;14204928;1108541440;0;0;0;0;0;0;0;0;0;0;0;2324;0;0;89;0;80;0;
12218;3481870;1007304704;14204928;1108541440;0;0;0;0;0;0;0;0;0;0;0;2986;0;0;89;0;80;0;
12219;5829693;1007304704;14204928;1108541440;0;0;0;0;0;0;0;0;0;0;0;2064;0;0;89;0;80;0;
12220;3461552;1007304704;14204928;1108541440;0;0;0;0;0;0;0;0;0;0;0;3156;0;0;89;0;80;0;
12221;6823767;1007304704;14204928;1108541440;0;0;0;0;0;0;0;0;0;0;0;2985;0;0;89;0;80;0;
12222;3992348;1007304704;14204928;1108541440;0;0;0;0;0;0;0;0;0;0;0;3577;0;0;89;0;80;0;
12223;5547604;1007304704;14204928;1108541440;0;0;0;0;0;0;0;0;0;0;0;2635;0;0;89;0;80;0;
12224;5264233;1007304704;14204928;1108541440;0;0;0;0;0;0;0;0;0;0;0;3757;0;0;89;0;80;0;
12225;6560734;1007304704;14204928;1108541440;0;0;0;0;0;0;0;0;0;0;0;3306;0;0;89;0;80;0;
12226;4501963;1007304704;14204928;1108541440;0;0;0;0;0;0;0;0;0;0;0;2986;0;0;89;0;80;0;
12227;5740125;1007304704;14204928;1108541440;0;0;0;0;0;0;0;0;0;0;0;2936;0;0;89;0;80;0;
12228;3005817;1007304704;14204928;1108541440;0;0;0;0;0;0;0;0;0;0;0;3336;0;0;89;0;80;0;
12229;7172431;1009664000;20709376;1115045888;0;0;0;0;0;0;0;0;0;0;0;2415;0;0;89;0;80;0;
12230;4110078;1011761152;20709376;1115045888;0;0;0;0;0;0;0;0;0;0;0;3577;0;0;89;0;80;0;
12231;5989683;1013379072;20709376;1115045888;0;0;0;0;0;0;0;0;0;0;0;2986;0;0;89;0;80;0;
12232;4529695;1013379072;20709376;1115045888;0;0;0;0;0;0;0;0;0;0;0;2856;0;0;89;0;80;0;
12233;5656108;1013379072;20709376;1115045888;0;0;0;0;0;0;0;0;0;0;0;2545;0;0;89;0;80;0;
12234;2744286;1013379072;20709376;1115045888;0;0;0;0;0;0;0;0;0;0;0;3036;0;0;89;0;80;0;
12235;4171082;1013379072;20709376;1115045888;0;0;0;0;0;0;0;0;0;0;0;1864;0;0;89;0;80;0;
12236;4653437;1007316992;13144064;1107480576;0;0;0;0;0;0;0;0;0;0;0;2564;0;0;89;0;80;0;
12237;5219078;1007316992;13144064;1107480576;0;0;0;0;0;0;0;0;0;0;0;1684;0;0;89;0;80;0;
12238;4196640;1007316992;13144064;1107480576;0;0;0;0;0;0;0;0;0;0;0;3407;0;0;89;0;80;0;
12239;5046584;1007316992;13144064;1107480576;0;0;0;0;0;0;0;0;0;0;0;1964;0;0;89;0;80;0;
12240;4740440;1007316992;13144064;1107480576;0;0;0;0;0;0;0;0;0;0;0;3516;0;0;89;0;80;0;
12241;4751672;1007316992;13144064;1107480576;0;0;0;0;0;0;0;0;0;0;0;1883;0;0;89;0;80;0;
12242;4213592;1007316992;13144064;1107480576;0;0;0;0;0;0;0;0;0;0;0;3086;0;0;89;0;80;0;
12243;4472698;1007316992;13144064;1107480576;0;0;0;0;0;0;0;0;0;0;0;2013;0;0;89;0;80;0;
12244;3689208;1007316992;13144064;1107480576;0;0;0;0;0;0;0;0;0;0;0;3036;0;0;89;0;80;0;
12245;4289114;1007316992;13144064;1107480576;0;0;0;0;0;0;0;0;0;0;0;1924;0;0;89;0;80;0;
12246;3891709;1007316992;13144064;1107480576;0;0;0;0;0;0;0;0;0;0;0;3677;0;0;89;0;80;0;
12247;5390169;1007316992;13144064;1107480576;0;0;0;0;0;0;0;0;0;0;0;2194;0;0;89;0;80;0;
12248;4041850;1007316992;13144064;1107480576;0;0;0;0;0;0;0;0;0;0;0;3346;0;0;89;0;80;0;
12249;6082297;1007316992;13144064;1107480576;0;0;0;0;0;0;0;0;0;0;0;2896;0;0;89;0;80;0;
12250;3659914;1007316992;13144064;1107480576;0;0;0;0;0;0;0;0;0;0;0;3547;0;0;89;0;80;0;
12251;5640247;1007316992;13144064;1107480576;0;0;0;0;0;0;0;0;0;0;0;2755;0;0;89;0;80;0;
12252;3847786;1007316992;13144064;1107480576;0;0;0;0;0;0;0;0;0;0;0;3267;0;0;89;0;80;0;
12253;6608394;1011027968;20709376;1115045888;0;0;0;0;0;0;0;0;0;0;0;2956;0;0;89;0;80;0;
12254;4616497;1013125120;20709376;1115045888;0;0;0;0;0;0;0;0;0;0;0;3357;0;0;89;0;80;0;
12255;5850723;1013391360;20709376;1115045888;0;0;0;0;0;0;0;0;0;0;0;2114;0;0;89;0;80;0;
12256;3363738;1013391360;20709376;1115045888;0;0;0;0;0;0;0;0;0;0;0;2916;0;0;89;0;80;0;
12257;4998604;1013391360;20709376;1115045888;0;0;0;0;0;0;0;0;0;0;0;2344;0;0;89;0;80;0;
12258;2870673;1013391360;20709376;1115045888;0;0;0;0;0;0;0;0;0;0;0;2524;0;0;89;0;80;0;
12259;4856999;1013391360;20709376;1115045888;0;0;0;0;0;0;0;0;0;0;0;2415;0;0;89;0;80;0;
12260;3903631;1007329280;14204928;1108541440;0;0;0;0;0;0;0;0;0;0;0;3206;0;0;89;0;80;0;
12261;5967732;1007329280;14204928;1108541440;0;0;0;0;0;0;0;0;0;0;0;2695;0;0;89;0;80;0;
12262;3841805;1007329280;14204928;1108541440;0;0;0;0;0;0;0;0;0;0;0;2775;0;0;89;0;80;0;
12263;4987143;1007329280;14204928;1108541440;0;0;0;0;0;0;0;0;0;0;0;2705;0;0;89;0;80;0;
12264;2854704;1007329280;14204928;1108541440;0;0;0;0;0;0;0;0;0;0;0;2836;0;0;89;0;80;0;
12265;5424824;1007329280;14204928;1108541440;0;0;0;0;0;0;0;0;0;0;0;2214;0;0;89;0;80;0;
12266;3470328;1007329280;14204928;1108541440;0;0;0;0;0;0;0;0;0;0;0;3386;0;0;89;0;80;0;
12267;5103020;1007329280;14204928;1108541440;0;0;0;0;0;0;0;0;0;0;0;2295;0;0;89;0;80;0;
12268;3797863;1007329280;14204928;1108541440;0;0;0;0;0;0;0;0;0;0;0;2014;0;0;89;0;80;0;
12269;4529434;1007329280;14204928;1108541440;0;0;0;0;0;0;0;0;0;0;0;1633;0;0;89;0;80;0;
12270;2867849;1007329280;14204928;1108541440;0;0;0;0;0;0;0;0;0;0;0;1994;0;0;89;0;80;0;
12271;4155674;1007329280;14204928;1108541440;0;0;0;0;0;0;0;0;0;0;0;1673;0;0;89;0;80;0;
12272;3275363;1007329280;14204928;1108541440;0;0;0;0;0;0;0;0;0;0;0;1944;0;0;89;0;80;0;
12273;4344387;1007329280;14204928;1108541440;0;0;0;0;0;0;0;0;0;0;0;1693;0;0;89;0;80;0;
12274;3122175;1007329280;14204928;1108541440;0;0;0;0;0;0;0;0;0;0;0;2164;0;0;89;0;80;0;
12275;5027348;1007329280;14204928;1108541440;0;0;0;0;0;0;0;0;0;0;0;2244;0;0;89;0;80;0;
12276;3138646;1007329280;14204928;1108541440;0;0;0;0;0;0;0;0;0;0;0;1794;0;0;89;0;80;0;
12277;5109332;1009688576;20709376;1115045888;0;0;0;0;0;0;0;0;0;0;0;1743;0;0;89;0;80;0;
12278;2661001;1011785728;20709376;1115045888;0;0;0;0;0;0;0;0;0;0;0;2285;0;0;89;0;80;0;
12279;4540535;1013403648;20709376;1115045888;0;0;0;0;0;0;0;0;0;0;0;1723;0;0;89;0;80;0;
12280;3154176;1013403648;20709376;1115045888;0;0;0;0;0;0;0;0;0;0;0;2114;0;0;89;0;80;0;
12281;5147133;1013403648;20709376;1115045888;0;0;0;0;0;0;0;0;0;0;0;1603;0;0;89;0;80;0;
12282;2955894;1013403648;20709376;1115045888;0;0;0;0;0;0;0;0;0;0;0;2204;0;0;89;0;80;0;
12283;4442201;1013403648;20709376;1115045888;0;0;0;0;0;0;0;0;0;0;0;1573;0;0;89;0;80;0;
12284;3434211;1007341568;13144064;1107480576;0;0;0;0;0;0;0;0;0;0;0;1873;0;0;89;0;80;0;
12285;4345991;1007341568;13144064;1107480576;0;0;0;0;0;0;0;0;0;0;0;1773;0;0;89;0;80;0;
12286;4026461;1007341568;13144064;1107480576;0;0;0;0;0;0;0;0;0;0;0;2485;0;0;89;0;80;0;
12287;4326013;1007341568;13144064;1107480576;0;0;0;0;0;0;0;0;0;0;0;1944;0;0;89;0;80;0;
12288;3090426;1007341568;13144064;1107480576;0;0;0;0;0;0;0;0;0;0;0;2254;0;0;89;0;80;0;
12289;4423165;1007341568;13144064;1107480576;0;0;0;0;0;0;0;0;0;0;0;2104;0;0;89;0;80;0;
12290;3486539;1007341568;13144064;1107480576;0;0;0;0;0;0;0;0;0;0;0;2404;0;0;89;0;80;0;
12291;4503065;1007341568;13144064;1107480576;0;0;0;0;0;0;0;0;0;0;0;1984;0;0;89;0;80;0;
12292;3511606;1007341568;13144064;1107480576;0;0;0;0;0;0;0;0;0;0;0;2365;0;0;89;0;80;0;
12293;4375035;1007341568;13144064;1107480576;0;0;0;0;0;0;0;0;0;0;0;1944;0;0;89;0;80;0;
12294;3457775;1007341568;13144064;1107480576;0;0;0;0;0;0;0;0;0;0;0;2405;0;0;89;0;80;0;
12295;4280097;1007341568;13144064;1107480576;0;0;0;0;0;0;0;0;0;0;0;1914;0;0;89;0;80;0;
12296;2967425;1007341568;13144064;1107480576;0;0;0;0;0;0;0;0;0;0;0;2234;0;0;89;0;80;0;
12297;5522787;1007341568;13144064;1107480576;0;0;0;0;0;0;0;0;0;0;0;2145;0;0;89;0;80;0;
12298;3211143;1007341568;13144064;1107480576;0;0;0;0;0;0;0;0;0;0;0;2785;0;0;89;0;80;0;
12299;5448067;1011052544;20709376;1115045888;0;0;0;0;0;0;0;0;0;0;0;1653;0;0;89;0;80;0;
12300;2714491;1013149696;20709376;1115045888;0;0;0;0;0;0;0;0;0;0;0;2284;0;0;89;0;80;0;
12301;5633875;1013415936;20709376;1115045888;0;0;0;0;0;0;0;0;0;0;0;48531;0;0;89;0;80;0;
12302;2766167;1013415936;20709376;1115045888;0;0;0;0;0;0;0;0;0;0;0;2354;0;0;89;0;80;0;
12303;5028120;1013415936;20709376;1115045888;0;0;0;0;0;0;0;0;0;0;0;1673;0;0;89;0;80;0;
12304;2672662;1013415936;20709376;1115045888;0;0;0;0;0;0;0;0;0;0;0;2024;0;0;89;0;80;0;
12305;5463937;1013415936;20709376;1115045888;0;0;0;0;0;0;0;0;0;0;0;2925;0;0;89;0;80;0;
12306;2933261;1007353856;14204928;1108541440;0;0;0;0;0;0;0;0;0;0;0;2334;0;0;89;0;80;0;
12307;4878970;1007353856;14204928;1108541440;0;0;0;0;0;0;0;0;0;0;0;1704;0;0;89;0;80;0;
12308;2460955;1007353856;14204928;1108541440;0;0;0;0;0;0;0;0;0;0;0;2144;0;0;89;0;80;0;
12309;4106070;1007353856;14204928;1108541440;0;0;0;0;0;0;0;0;0;0;0;1654;0;0;89;0;80;0;
12310;3177749;1007353856;14204928;1108541440;0;0;0;0;0;0;0;0;0;0;0;2936;0;0;89;0;80;0;
12311;5331869;1007353856;14204928;1108541440;0;0;0;0;0;0;0;0;0;0;0;1784;0;0;89;0;80;0;
12312;2355267;1007353856;14204928;1108541440;0;0;0;0;0;0;0;0;0;0;0;2384;0;0;89;0;80;0;
12313;5365703;1007353856;14204928;1108541440;0;0;0;0;0;0;0;0;0;0;0;1563;0;0;89;0;80;0;
12314;2382418;1007353856;14204928;1108541440;0;0;0;0;0;0;0;0;0;0;0;1964;0;0;89;0;80;0;
12315;4528142;1007353856;14204928;1108541440;0;0;0;0;0;0;0;0;0;0;0;1783;0;0;89;0;80;0;
12316;3420946;1007353856;14204928;1108541440;0;0;0;0;0;0;0;0;0;0;0;1914;0;0;89;0;80;0;
12317;4689985;1007353856;14204928;1108541440;0;0;0;0;0;0;0;0;0;0;0;1674;0;0;89;0;80;0;
12318;3186075;1007353856;14204928;1108541440;0;0;0;0;0;0;0;0;0;0;0;2535;0;0;89;0;80;0;
12319;5002963;1007353856;14204928;1108541440;0;0;0;0;0;0;0;0;0;0;0;1954;0;0;89;0;80;0;
12320;3304648;1007353856;14204928;1108541440;0;0;0;0;0;0;0;0;0;0;0;2004;0;0;89;0;80;0;
12321;4752563;1007353856;14204928;1108541440;0;0;0;0;0;0;0;0;0;0;0;1763;0;0;89;0;80;0;
12322;1832256;1007353856;14204928;1108541440;0;0;0;0;0;0;0;0;0;0;0;1873;0;0;89;0;80;0;
12323;4880894;1009713152;20709376;1115045888;0;0;0;0;0;0;0;0;0;0;0;1954;0;0;89;0;80;0;
12324;3415666;1011810304;20709376;1115045888;0;0;0;0;0;0;0;0;0;0;0;2615;0;0;89;0;80;0;
12325;5641971;1013428224;20709376;1115045888;0;0;0;0;0;0;0;0;0;0;0;1934;0;0;89;0;80;0;
12326;3445983;1013428224;20709376;1115045888;0;0;0;0;0;0;0;0;0;0;0;1943;0;0;89;0;80;0;
12327;4845968;1013428224;20709376;1115045888;0;0;0;0;0;0;0;0;0;0;0;1623;0;0;89;0;80;0;
12328;2141577;1013428224;20709376;1115045888;0;0;0;0;0;0;0;0;0;0;0;2043;0;0;89;0;80;0;
12329;4726393;1013428224;20709376;1115045888;0;0;0;0;0;0;0;0;0;0;0;1803;0;0;89;0;80;0;
12330;3311871;1007366144;13144064;1107480576;0;0;0;0;0;0;0;0;0;0;0;1854;0;0;89;0;80;0;
12331;5044391;1007366144;13144064;1107480576;0;0;0;0;0;0;0;0;0;0;0;1432;0;0;89;0;80;0;
12332;2698190;1007366144;13144064;1107480576;0;0;0;0;0;0;0;0;0;0;0;1804;0;0;89;0;80;0;
12333;4363112;1007366144;13144064;1107480576;0;0;0;0;0;0;0;0;0;0;0;1472;0;0;89;0;80;0;
12334;1848337;1007366144;13144064;1107480576;0;0;0;0;0;0;0;0;0;0;0;1543;0;0;89;0;80;0;
12335;3961349;1007366144;13144064;1107480576;0;0;0;0;0;0;0;0;0;0;0;1503;0;0;89;0;80;0;
12336;2367800;1007366144;13144064;1107480576;0;0;0;0;0;0;0;0;0;0;0;1964;0;0;89;0;80;0;
12337;4751170;1007366144;13144064;1107480576;0;0;0;0;0;0;0;0;0;0;0;1954;0;0;89;0;80;0;
12338;1933316;1007366144;13144064;1107480576;0;0;0;0;0;0;0;0;0;0;0;2024;0;0;89;0;80;0;
12339;4792948;1007366144;13144064;1107480576;0;0;0;0;0;0;0;0;0;0;0;1804;0;0;89;0;80;0;
12340;2684224;1007366144;13144064;1107480576;0;0;0;0;0;0;0;0;0;0;0;2154;0;0;89;0;80;0;
12341;5409845;1007366144;13144064;1107480576;0;0;0;0;0;0;0;0;0;0;0;1793;0;0;89;0;80;0;
12342;2301476;1007366144;13144064;1107480576;0;0;0;0;0;0;0;0;0;0;0;2044;0;0;89;0;80;0;
12343;4655471;1007366144;13144064;1107480576;0;0;0;0;0;0;0;0;0;0;0;1933;0;0;89;0;80;0;
12344;3176417;1007366144;13144064;1107480576;0;0;0;0;0;0;0;0;0;0;0;2134;0;0;89;0;80;0;
12345;4658597;1007366144;13144064;1107480576;0;0;0;0;0;0;0;0;0;0;0;2003;0;0;89;0;80;0;
12346;1823440;1007366144;13144064;1107480576;0;0;0;0;0;0;0;0;0;0;0;1693;0;0;89;0;80;0;
12347;5685343;1011077120;20709376;1115045888;0;0;0;0;0;0;0;0;0;0;0;2004;0;0;89;0;80;0;
12348;2465103;1013174272;20709376;1115045888;0;0;0;0;0;0;0;0;0;0;0;1783;0;0;89;0;80;0;
12349;4658697;1013440512;20709376;1115045888;0;0;0;0;0;0;0;0;0;0;0;1513;0;0;89;0;80;0;
12350;2085952;1013440512;20709376;1115045888;0;0;0;0;0;0;0;0;0;0;0;2154;0;0;89;0;80;0;
12351;4652425;1013440512;20709376;1115045888;0;0;0;0;0;0;0;0;0;0;0;1843;0;0;89;0;80;0;
12352;1937764;1013440512;20709376;1115045888;0;0;0;0;0;0;0;0;0;0;0;2394;0;0;89;0;80;0;
12353;4403508;1013440512;20709376;1115045888;0;0;0;0;0;0;0;0;0;0;0;1473;0;0;89;0;80;0;
12354;2470934;1007378432;14204928;1108541440;0;0;0;0;0;0;0;0;0;0;0;1913;0;0;89;0;80;0;
12355;4749387;1007378432;14204928;1108541440;0;0;0;0;0;0;0;0;0;0;0;1512;0;0;89;0;80;0;
12356;3099573;1007378432;14204928;1108541440;0;0;0;0;0;0;0;0;0;0;0;2124;0;0;89;0;80;0;
12357;5271997;1007378432;14204928;1108541440;0;0;0;0;0;0;0;0;0;0;0;1854;0;0;89;0;80;0;
12358;4604605;1007378432;14204928;1108541440;0;0;0;0;0;0;0;0;0;0;0;4057;0;0;89;0;80;0;
12359;4777479;1007378432;14204928;1108541440;0;0;0;0;0;0;0;0;0;0;0;2314;0;0;89;0;80;0;
12360;2988915;1007378432;14204928;1108541440;0;0;0;0;0;0;0;0;0;0;0;2585;0;0;89;0;80;0;
12361;4902674;1007378432;14204928;1108541440;0;0;0;0;0;0;0;0;0;0;0;2164;0;0;89;0;80;0;
12362;2616597;1007378432;14204928;1108541440;0;0;0;0;0;0;0;0;0;0;0;2074;0;0;89;0;80;0;
12363;4887756;1007378432;14204928;1108541440;0;0;0;0;0;0;0;0;0;0;0;2034;0;0;89;0;80;0;
12364;3770632;1007378432;14204928;1108541440;0;0;0;0;0;0;0;0;0;0;0;3196;0;0;89;0;80;0;
12365;5012300;1007378432;14204928;1108541440;0;0;0;0;0;0;0;0;0;0;0;2975;0;0;89;0;80;0;
12366;4737614;1007378432;14204928;1108541440;0;0;0;0;0;0;0;0;0;0;0;2966;0;0;89;0;80;0;
12367;5610933;1007378432;14204928;1108541440;0;0;0;0;0;0;0;0;0;0;0;2976;0;0;89;0;80;0;
12368;3188159;1007378432;14204928;1108541440;0;0;0;0;0;0;0;0;0;0;0;2264;0;0;89;0;80;0;
12369;4934825;1007378432;14204928;1108541440;0;0;0;0;0;0;0;0;0;0;0;1994;0;0;89;0;80;0;
12370;3651037;1007378432;14204928;1108541440;0;0;0;0;0;0;0;0;0;0;0;2114;0;0;89;0;80;0;
12371;5377064;1009737728;20709376;1115045888;0;0;0;0;0;0;0;0;0;0;0;2444;0;0;89;0;80;0;
12372;4937690;1011834880;20709376;1115045888;0;0;0;0;0;0;0;0;0;0;0;3767;0;0;89;0;80;0;
12373;6140275;1013452800;20709376;1115045888;0;0;0;0;0;0;0;0;0;0;0;2645;0;0;89;0;80;0;
12374;4518534;1013452800;20709376;1115045888;0;0;0;0;0;0;0;0;0;0;0;2896;0;0;89;0;80;0;
12375;4640483;1013452800;20709376;1115045888;0;0;0;0;0;0;0;0;0;0;0;2575;0;0;89;0;80;0;
12376;3817549;1013452800;20709376;1115045888;0;0;0;0;0;0;0;0;0;0;0;3096;0;0;89;0;80;0;
12377;6468371;1013452800;20709376;1115045888;0;0;0;0;0;0;0;0;0;0;0;2605;0;0;89;0;80;0;
12378;4914847;1007390720;13144064;1107480576;0;0;0;0;0;0;0;0;0;0;0;3146;0;0;89;0;80;0;
12379;5975085;1007390720;13144064;1107480576;0;0;0;0;0;0;0;0;0;0;0;3276;0;0;89;0;80;0;
12380;5515814;1007390720;13144064;1107480576;0;0;0;0;0;0;0;0;0;0;0;2925;0;0;89;0;80;0;
12381;5626321;1007390720;13144064;1107480576;0;0;0;0;0;0;0;0;0;0;0;2885;0;0;89;0;80;0;
12382;4285977;1007390720;13144064;1107480576;0;0;0;0;0;0;0;0;0;0;0;2896;0;0;89;0;80;0;
12383;5858147;1007390720;13144064;1107480576;0;0;0;0;0;0;0;0;0;0;0;2465;0;0;89;0;80;0;
12384;4262174;1007390720;13144064;1107480576;0;0;0;0;0;0;0;0;0;0;0;2505;0;0;89;0;80;0;
12385;5308956;1007390720;13144064;1107480576;0;0;0;0;0;0;0;0;0;0;0;2595;0;0;89;0;80;0;
12386;3229777;1007390720;13144064;1107480576;0;0;0;0;0;0;0;0;0;0;0;2274;0;0;89;0;80;0;
12387;5996906;1007390720;13144064;1107480576;0;0;0;0;0;0;0;0;0;0;0;1904;0;0;89;0;80;0;
12388;2388770;1007390720;13144064;1107480576;0;0;0;0;0;0;0;0;0;0;0;2124;0;0;89;0;80;0;
12389;5859749;1007390720;13144064;1107480576;0;0;0;0;0;0;0;0;0;0;0;2064;0;0;89;0;80;0;
12390;3057023;1007390720;13144064;1107480576;0;0;0;0;0;0;0;0;0;0;0;1874;0;0;89;0;80;0;
12391;5903912;1007390720;13144064;1107480576;0;0;0;0;0;0;0;0;0;0;0;2875;0;0;89;0;80;0;
12392;4988205;1007390720;13144064;1107480576;0;0;0;0;0;0;0;0;0;0;0;3216;0;0;89;0;80;0;
12393;5646690;1011101696;20709376;1115045888;0;0;0;0;0;0;0;0;0;0;0;2915;0;0;89;0;80;0;
12394;4023737;1013198848;20709376;1115045888;0;0;0;0;0;0;0;0;0;0;0;2505;0;0;89;0;80;0;
12395;5364951;1013735424;20709376;1115045888;0;0;0;0;0;0;0;0;0;0;0;2174;0;0;89;0;80;0;
12396;3201474;1013735424;20709376;1115045888;0;0;0;0;0;0;0;0;0;0;0;2134;0;0;89;0;80;0;
12397;5348180;1013735424;20709376;1115045888;0;0;0;0;0;0;0;0;0;0;0;2365;0;0;89;0;80;0;
12398;5748931;1013735424;20709376;1115045888;0;0;0;0;0;0;0;0;0;0;0;99897;0;0;89;0;80;0;
12399;5513370;1013735424;20709376;1115045888;0;0;0;0;0;0;0;0;0;0;0;3206;0;0;89;0;80;0;
12400;4630504;1007403008;14204928;1108541440;0;0;0;0;0;0;0;0;0;0;0;3186;0;0;89;0;80;0;
12401;5920914;1007403008;14204928;1108541440;0;0;0;0;0;0;0;0;0;0;0;3036;0;0;89;0;80;0;
12402;4568919;1007403008;14204928;1108541440;0;0;0;0;0;0;0;0;0;0;0;3116;0;0;89;0;80;0;
12403;5063436;1007403008;14204928;1108541440;0;0;0;0;0;0;0;0;0;0;0;2975;0;0;89;0;80;0;
12404;14400877;1007403008;14204928;1108541440;0;0;0;0;0;0;0;0;0;0;0;3397;0;0;89;0;80;0;
12405;6398880;1007403008;14204928;1108541440;0;0;0;0;0;0;0;0;0;0;0;2835;0;0;89;0;80;0;
12406;5995784;1007403008;14204928;1108541440;0;0;0;0;0;0;0;0;0;0;0;2945;0;0;89;0;80;0;
12407;4693652;1007403008;14204928;1108541440;0;0;0;0;0;0;0;0;0;0;0;2594;0;0;89;0;80;0;
12408;5870759;1007403008;14204928;1108541440;0;0;0;0;0;0;0;0;0;0;0;3347;0;0;89;0;80;0;
12409;6236876;1007403008;14204928;1108541440;0;0;0;0;0;0;0;0;0;0;0;3186;0;0;89;0;80;0;
12410;4115708;1007403008;14204928;1108541440;0;0;0;0;0;0;0;0;0;0;0;2905;0;0;89;0;80;0;
12411;4638078;1007403008;14204928;1108541440;0;0;0;0;0;0;0;0;0;0;0;2364;0;0;89;0;80;0;
12412;4802556;1007403008;14204928;1108541440;0;0;0;0;0;0;0;0;0;0;0;3106;0;0;89;0;80;0;
12413;5249715;1007403008;14204928;1108541440;0;0;0;0;0;0;0;0;0;0;0;2905;0;0;89;0;80;0;
12414;5141603;1007403008;14204928;1108541440;0;0;0;0;0;0;0;0;0;0;0;3216;0;0;89;0;80;0;
12415;6634211;1007403008;14204928;1108541440;0;0;0;0;0;0;0;0;0;0;0;3096;0;0;89;0;80;0;
12416;4477387;1007403008;14204928;1108541440;0;0;0;0;0;0;0;0;0;0;0;2785;0;0;89;0;80;0;
12417;6552288;1009762304;20709376;1115045888;0;0;0;0;0;0;0;0;0;0;0;2454;0;0;89;0;80;0;
12418;5345254;1011859456;20709376;1115045888;0;0;0;0;0;0;0;0;0;0;0;3637;0;0;89;0;80;0;
12419;5486950;1013747712;20709376;1115045888;0;0;0;0;0;0;0;0;0;0;0;2485;0;0;89;0;80;0;
12420;4598113;1013747712;20709376;1115045888;0;0;0;0;0;0;0;0;0;0;0;2595;0;0;89;0;80;0;
12421;5136824;1013747712;20709376;1115045888;0;0;0;0;0;0;0;0;0;0;0;143449;0;0;89;0;80;0;
12422;2788589;1013747712;20709376;1115045888;0;0;0;0;0;0;0;0;0;0;0;2254;0;0;89;0;80;0;
12423;6090903;1013747712;20709376;1115045888;0;0;0;0;0;0;0;0;0;0;0;2024;0;0;89;0;80;0;
12424;4690526;1007415296;13144064;1107480576;0;0;0;0;0;0;0;0;0;0;0;2454;0;0;89;0;80;0;
12425;5242803;1007415296;13144064;1107480576;0;0;0;0;0;0;0;0;0;0;0;1993;0;0;89;0;80;0;
12426;3488081;1007415296;13144064;1107480576;0;0;0;0;0;0;0;0;0;0;0;1894;0;0;89;0;80;0;
12427;5146992;1007415296;13144064;1107480576;0;0;0;0;0;0;0;0;0;0;0;1944;0;0;89;0;80;0;
12428;5091649;1007415296;13144064;1107480576;0;0;0;0;0;0;0;0;0;0;0;2765;0;0;89;0;80;0;
12429;6074202;1007415296;13144064;1107480576;0;0;0;0;0;0;0;0;0;0;0;2214;0;0;89;0;80;0;
12430;3980294;1007415296;13144064;1107480576;0;0;0;0;0;0;0;0;0;0;0;3156;0;0;89;0;80;0;
12431;5881380;1007415296;13144064;1107480576;0;0;0;0;0;0;0;0;0;0;0;3066;0;0;89;0;80;0;
12432;4807045;1007415296;13144064;1107480576;0;0;0;0;0;0;0;0;0;0;0;3657;0;0;89;0;80;0;
12433;5511476;1007415296;13144064;1107480576;0;0;0;0;0;0;0;0;0;0;0;2796;0;0;89;0;80;0;
12434;4604465;1007415296;13144064;1107480576;0;0;0;0;0;0;0;0;0;0;0;2895;0;0;89;0;80;0;
12435;5381663;1007415296;13144064;1107480576;0;0;0;0;0;0;0;0;0;0;0;2014;0;0;89;0;80;0;
12436;4903465;1007415296;13144064;1107480576;0;0;0;0;0;0;0;0;0;0;0;3276;0;0;89;0;80;0;
12437;6048022;1007415296;13144064;1107480576;0;0;0;0;0;0;0;0;0;0;0;3136;0;0;89;0;80;0;
12438;3910774;1007415296;13144064;1107480576;0;0;0;0;0;0;0;0;0;0;0;2875;0;0;89;0;80;0;
12439;4872749;1007415296;13144064;1107480576;0;0;0;0;0;0;0;0;0;0;0;2394;0;0;89;0;80;0;
12440;4136938;1007415296;13144064;1107480576;0;0;0;0;0;0;0;0;0;0;0;2846;0;0;89;0;80;0;
12441;7074658;1011126272;20709376;1115045888;0;0;0;0;0;0;0;0;0;0;0;3346;0;0;89;0;80;0;
12442;4697469;1013223424;20709376;1115045888;0;0;0;0;0;0;0;0;0;0;0;3206;0;0;89;0;80;0;
12443;5637643;1013760000;20709376;1115045888;0;0;0;0;0;0;0;0;0;0;0;2535;0;0;89;0;80;0;
12444;4969901;1013760000;20709376;1115045888;0;0;0;0;0;0;0;0;0;0;0;3096;0;0;89;0;80;0;
12445;5743151;1013760000;20709376;1115045888;0;0;0;0;0;0;0;0;0;0;0;2455;0;0;89;0;80;0;
12446;4332475;1013760000;20709376;1115045888;0;0;0;0;0;0;0;0;0;0;0;2906;0;0;89;0;80;0;
12447;5426106;1013760000;20709376;1115045888;0;0;0;0;0;0;0;0;0;0;0;2605;0;0;89;0;80;0;
12448;4004470;1007427584;14204928;1108541440;0;0;0;0;0;0;0;0;0;0;0;2304;0;0;89;0;80;0;
12449;5822259;1007427584;14204928;1108541440;0;0;0;0;0;0;0;0;0;0;0;2424;0;0;89;0;80;0;
12450;3563664;1007427584;14204928;1108541440;0;0;0;0;0;0;0;0;0;0;0;2495;0;0;89;0;80;0;
12451;5622103;1007427584;14204928;1108541440;0;0;0;0;0;0;0;0;0;0;0;2054;0;0;89;0;80;0;
12452;3605762;1007427584;14204928;1108541440;0;0;0;0;0;0;0;0;0;0;0;2405;0;0;89;0;80;0;
12453;6104739;1007427584;14204928;1108541440;0;0;0;0;0;0;0;0;0;0;0;2054;0;0;89;0;80;0;
12454;4480703;1007427584;14204928;1108541440;0;0;0;0;0;0;0;0;0;0;0;2574;0;0;89;0;80;0;
12455;5181387;1007427584;14204928;1108541440;0;0;0;0;0;0;0;0;0;0;0;1983;0;0;89;0;80;0;
12456;4434706;1007427584;14204928;1108541440;0;0;0;0;0;0;0;0;0;0;0;2865;0;0;89;0;80;0;
12457;6502314;1007427584;14204928;1108541440;0;0;0;0;0;0;0;0;0;0;0;2796;0;0;89;0;80;0;
12458;5176087;1007427584;14204928;1108541440;0;0;0;0;0;0;0;0;0;0;0;3316;0;0;89;0;80;0;
12459;5556781;1007427584;14204928;1108541440;0;0;0;0;0;0;0;0;0;0;0;2534;0;0;89;0;80;0;
12460;5673340;1007427584;14204928;1108541440;0;0;0;0;0;0;0;0;0;0;0;3777;0;0;89;0;80;0;
12461;6512333;1007427584;14204928;1108541440;0;0;0;0;0;0;0;0;0;0;0;2384;0;0;89;0;80;0;
12462;4166293;1007427584;14204928;1108541440;0;0;0;0;0;0;0;0;0;0;0;2946;0;0;89;0;80;0;
12463;5746107;1007427584;14204928;1108541440;0;0;0;0;0;0;0;0;0;0;0;2495;0;0;89;0;80;0;
12464;5234697;1007427584;14204928;1108541440;0;0;0;0;0;0;0;0;0;0;0;2726;0;0;89;0;80;0;
12465;5826958;1009786880;20709376;1115045888;0;0;0;0;0;0;0;0;0;0;0;2495;0;0;89;0;80;0;
12466;4764635;1011884032;20709376;1115045888;0;0;0;0;0;0;0;0;0;0;0;2716;0;0;89;0;80;0;
12467;5262318;1013772288;20709376;1115045888;0;0;0;0;0;0;0;0;0;0;0;2385;0;0;89;0;80;0;
12468;4211839;1013772288;20709376;1115045888;0;0;0;0;0;0;0;0;0;0;0;3055;0;0;89;0;80;0;
12469;5256588;1013772288;20709376;1115045888;0;0;0;0;0;0;0;0;0;0;0;2114;0;0;89;0;80;0;
12470;4792618;1013772288;20709376;1115045888;0;0;0;0;0;0;0;0;0;0;0;3026;0;0;89;0;80;0;
12471;5602777;1013772288;20709376;1115045888;0;0;0;0;0;0;0;0;0;0;0;2896;0;0;89;0;80;0;
12472;5127937;1007439872;13144064;1107480576;0;0;0;0;0;0;0;0;0;0;0;3567;0;0;89;0;80;0;
12473;7561530;1007439872;13144064;1107480576;0;0;0;0;0;0;0;0;0;0;0;3727;0;0;89;0;80;0;
12474;5250146;1007439872;13144064;1107480576;0;0;0;0;0;0;0;0;0;0;0;3456;0;0;89;0;80;0;
12475;5532476;1007439872;13144064;1107480576;0;0;0;0;0;0;0;0;0;0;0;2855;0;0;89;0;80;0;
12476;5078204;1007439872;13144064;1107480576;0;0;0;0;0;0;0;0;0;0;0;3386;0;0;89;0;80;0;
12477;5827478;1007439872;13144064;1107480576;0;0;0;0;0;0;0;0;0;0;0;2805;0;0;89;0;80;0;
12478;4933032;1007439872;13144064;1107480576;0;0;0;0;0;0;0;0;0;0;0;2906;0;0;89;0;80;0;
12479;5653743;1007439872;13144064;1107480576;0;0;0;0;0;0;0;0;0;0;0;2425;0;0;89;0;80;0;
12480;4382048;1007439872;13144064;1107480576;0;0;0;0;0;0;0;0;0;0;0;2354;0;0;89;0;80;0;
12481;5137084;1007439872;13144064;1107480576;0;0;0;0;0;0;0;0;0;0;0;1923;0;0;89;0;80;0;
12482;3834000;1007439872;13144064;1107480576;0;0;0;0;0;0;0;0;0;0;0;2275;0;0;89;0;80;0;
12483;5874457;1007439872;13144064;1107480576;0;0;0;0;0;0;0;0;0;0;0;2154;0;0;89;0;80;0;
12484;3780089;1007439872;13144064;1107480576;0;0;0;0;0;0;0;0;0;0;0;2465;0;0;89;0;80;0;
12485;6774185;1007439872;13144064;1107480576;0;0;0;0;0;0;0;0;0;0;0;2194;0;0;89;0;80;0;
12486;4757381;1007439872;13144064;1107480576;0;0;0;0;0;0;0;0;0;0;0;2415;0;0;89;0;80;0;
12487;6275348;1011150848;20709376;1115045888;0;0;0;0;0;0;0;0;0;0;0;2705;0;0;89;0;80;0;
12488;4477818;1013248000;20709376;1115045888;0;0;0;0;0;0;0;0;0;0;0;2614;0;0;89;0;80;0;
12489;5909582;1013784576;20709376;1115045888;0;0;0;0;0;0;0;0;0;0;0;2164;0;0;89;0;80;0;
12490;3100375;1013784576;20709376;1115045888;0;0;0;0;0;0;0;0;0;0;0;2685;0;0;89;0;80;0;
12491;6302169;1013784576;20709376;1115045888;0;0;0;0;0;0;0;0;0;0;0;2444;0;0;89;0;80;0;
12492;5557001;1013784576;20709376;1115045888;0;0;0;0;0;0;0;0;0;0;0;2535;0;0;89;0;80;0;
12493;4980289;1013784576;20709376;1115045888;0;0;0;0;0;0;0;0;0;0;0;2575;0;0;89;0;80;0;
12494;3965517;1007452160;14204928;1108541440;0;0;0;0;0;0;0;0;0;0;0;3426;0;0;89;0;80;0;
12495;4987273;1007452160;14204928;1108541440;0;0;0;0;0;0;0;0;0;0;0;2995;0;0;89;0;80;0;
12496;4422684;1007452160;14204928;1108541440;0;0;0;0;0;0;0;0;0;0;0;2846;0;0;89;0;80;0;
12497;6729240;1007452160;14204928;1108541440;0;0;0;0;0;0;0;0;0;0;0;1964;0;0;89;0;80;0;
12498;4626466;1007452160;14204928;1108541440;0;0;0;0;0;0;0;0;0;0;0;2495;0;0;89;0;80;0;
12499;5882512;1007452160;14204928;1108541440;0;0;0;0;0;0;0;0;0;0;0;2505;0;0;89;0;80;0;
12500;3505784;1007452160;14204928;1108541440;0;0;0;0;0;0;0;0;0;0;0;2565;0;0;89;0;80;0;
12501;6142780;1007452160;14204928;1108541440;0;0;0;0;0;0;0;0;0;0;0;2374;0;0;89;0;80;0;
12502;4417084;1007452160;14204928;1108541440;0;0;0;0;0;0;0;0;0;0;0;2625;0;0;89;0;80;0;
12503;5392994;1007452160;14204928;1108541440;0;0;0;0;0;0;0;0;0;0;0;2615;0;0;89;0;80;0;
12504;4439236;1007452160;14204928;1108541440;0;0;0;0;0;0;0;0;0;0;0;3026;0;0;89;0;80;0;
12505;6427424;1007452160;14204928;1108541440;0;0;0;0;0;0;0;0;0;0;0;2465;0;0;89;0;80;0;
12506;5036215;1007452160;14204928;1108541440;0;0;0;0;0;0;0;0;0;0;0;3887;0;0;89;0;80;0;
12507;6205357;1007452160;14204928;1108541440;0;0;0;0;0;0;0;0;0;0;0;4058;0;0;89;0;80;0;
12508;6497545;1007452160;14204928;1108541440;0;0;0;0;0;0;0;0;0;0;0;3918;0;0;89;0;80;0;
12509;5061743;1007452160;14204928;1108541440;0;0;0;0;0;0;0;0;0;0;0;2815;0;0;89;0;80;0;
12510;4780245;1007452160;14204928;1108541440;0;0;0;0;0;0;0;0;0;0;0;3667;0;0;89;0;80;0;
12511;7700341;1009811456;20709376;1115045888;0;0;0;0;0;0;0;0;0;0;0;5720;0;0;89;0;80;0;
12512;7847216;1011908608;20709376;1115045888;0;0;0;0;0;0;0;0;0;0;0;7153;0;0;89;0;80;0;
12513;8398530;1013796864;20709376;1115045888;0;0;0;0;0;0;0;0;0;0;0;5480;0;0;89;0;80;0;
12514;7077963;1013796864;20709376;1115045888;0;0;0;0;0;0;0;0;0;0;0;4609;0;0;89;0;80;0;
12515;6572406;1013796864;20709376;1115045888;0;0;0;0;0;0;0;0;0;0;0;3967;0;0;89;0;80;0;
12516;5351276;1013796864;20709376;1115045888;0;0;0;0;0;0;0;0;0;0;0;4428;0;0;89;0;80;0;
12517;7329666;1013796864;20709376;1115045888;0;0;0;0;0;0;0;0;0;0;0;5100;0;0;89;0;80;0;
12518;6088699;1007464448;13144064;1107480576;0;0;0;0;0;0;0;0;0;0;0;3827;0;0;89;0;80;0;
12519;6206199;1007464448;13144064;1107480576;0;0;0;0;0;0;0;0;0;0;0;2775;0;0;89;0;80;0;
12520;5809264;1007464448;13144064;1107480576;0;0;0;0;0;0;0;0;0;0;0;3777;0;0;89;0;80;0;
12521;6232057;1007464448;13152256;1107488768;0;0;0;0;0;0;0;0;0;0;0;4148;0;0;89;0;80;0;
12522;3981557;1007464448;13152256;1107488768;0;0;0;0;0;0;0;0;0;0;0;3426;0;0;89;0;80;0;
12523;6135376;1007464448;13152256;1107488768;0;0;0;0;0;0;0;0;0;0;0;2365;0;0;89;0;80;0;
12524;5793335;1007464448;13152256;1107488768;0;0;0;0;0;0;0;0;0;0;0;3677;0;0;89;0;80;0;
12525;6177745;1007464448;13152256;1107488768;0;0;0;0;0;0;0;0;0;0;0;2705;0;0;89;0;80;0;
12526;5312463;1007464448;13152256;1107488768;0;0;0;0;0;0;0;0;0;0;0;3987;0;0;89;0;80;0;
12527;6248759;1007464448;13152256;1107488768;0;0;0;0;0;0;0;0;0;0;0;3296;0;0;89;0;80;0;
12528;4539464;1007464448;13144064;1107480576;0;0;0;0;0;0;0;0;0;0;0;4068;0;0;89;0;80;0;
12529;4902294;1007464448;13144064;1107480576;0;0;0;0;0;0;0;0;0;0;0;2605;0;0;89;0;80;0;
12530;4590970;1007464448;13144064;1107480576;0;0;0;0;0;0;0;0;0;0;0;2946;0;0;89;0;80;0;
12531;4908135;1007464448;13144064;1107480576;0;0;0;0;0;0;0;0;0;0;0;2545;0;0;89;0;80;0;
12532;4951365;1007464448;13144064;1107480576;0;0;0;0;0;0;0;0;0;0;0;3747;0;0;89;0;80;0;
12533;6630184;1007464448;13144064;1107480576;0;0;0;0;0;0;0;0;0;0;0;2625;0;0;89;0;80;0;
12534;4965121;1007464448;13144064;1107480576;0;0;0;0;0;0;0;0;0;0;0;2745;0;0;89;0;80;0;
12535;7559517;1011175424;20709376;1115045888;0;0;0;0;0;0;0;0;0;0;0;2414;0;0;89;0;80;0;
12536;7068687;1013272576;20709376;1115045888;0;0;0;0;0;0;0;0;0;0;0;3196;0;0;89;0;80;0;
12537;6597924;1013809152;20709376;1115045888;0;0;0;0;0;0;0;0;0;0;0;2876;0;0;89;0;80;0;
12538;5073785;1013809152;20709376;1115045888;0;0;0;0;0;0;0;0;0;0;0;2404;0;0;89;0;80;0;
12539;5690993;1013809152;20709376;1115045888;0;0;0;0;0;0;0;0;0;0;0;2816;0;0;89;0;80;0;
12540;3268289;1013809152;20709376;1115045888;0;0;0;0;0;0;0;0;0;0;0;3306;0;0;89;0;80;0;
12541;6254199;1013809152;20709376;1115045888;0;0;0;0;0;0;0;0;0;0;0;3066;0;0;89;0;80;0;
12542;5402431;1007476736;14204928;1108541440;0;0;0;0;0;0;0;0;0;0;0;3527;0;0;89;0;80;0;
12543;5261056;1007476736;14204928;1108541440;0;0;0;0;0;0;0;0;0;0;0;3166;0;0;89;0;80;0;
12544;4053442;1007476736;14204928;1108541440;0;0;0;0;0;0;0;0;0;0;0;2836;0;0;89;0;80;0;
12545;4616137;1007476736;14204928;1108541440;0;0;0;0;0;0;0;0;0;0;0;2565;0;0;89;0;80;0;
12546;3557642;1007476736;14204928;1108541440;0;0;0;0;0;0;0;0;0;0;0;2845;0;0;89;0;80;0;
12547;4535205;1007476736;14204928;1108541440;0;0;0;0;0;0;0;0;0;0;0;2465;0;0;89;0;80;0;
12548;4819889;1007476736;14204928;1108541440;0;0;0;0;0;0;0;0;0;0;0;2906;0;0;89;0;80;0;
12549;4716745;1007476736;14204928;1108541440;0;0;0;0;0;0;0;0;0;0;0;2535;0;0;89;0;80;0;
12550;4773161;1007476736;14204928;1108541440;0;0;0;0;0;0;0;0;0;0;0;3076;0;0;89;0;80;0;
12551;4868641;1007476736;14204928;1108541440;0;0;0;0;0;0;0;0;0;0;0;3266;0;0;89;0;80;0;
12552;5988972;1007476736;14204928;1108541440;0;0;0;0;0;0;0;0;0;0;0;3847;0;0;89;0;80;0;
12553;4888528;1007476736;14204928;1108541440;0;0;0;0;0;0;0;0;0;0;0;2876;0;0;89;0;80;0;
12554;6290076;1007476736;14204928;1108541440;0;0;0;0;0;0;0;0;0;0;0;2825;0;0;89;0;80;0;
12555;5161580;1007476736;14204928;1108541440;0;0;0;0;0;0;0;0;0;0;0;2434;0;0;89;0;80;0;
12556;5285633;1007476736;14204928;1108541440;0;0;0;0;0;0;0;0;0;0;0;3576;0;0;89;0;80;0;
12557;5420766;1007476736;14204928;1108541440;0;0;0;0;0;0;0;0;0;0;0;2054;0;0;89;0;80;0;
12558;5040563;1007476736;14204928;1108541440;0;0;0;0;0;0;0;0;0;0;0;2304;0;0;89;0;80;0;
12559;6100571;1009836032;20709376;1115045888;0;0;0;0;0;0;0;0;0;0;0;2104;0;0;89;0;80;0;
12560;3255876;1011933184;20709376;1115045888;0;0;0;0;0;0;0;0;0;0;0;2434;0;0;89;0;80;0;
12561;6190700;1013821440;20709376;1115045888;0;0;0;0;0;0;0;0;0;0;0;1864;0;0;89;0;80;0;
12562;4334408;1013821440;20709376;1115045888;0;0;0;0;0;0;0;0;0;0;0;2385;0;0;89;0;80;0;
12563;4284235;1013821440;20709376;1115045888;0;0;0;0;0;0;0;0;0;0;0;2004;0;0;89;0;80;0;
12564;4918494;1013821440;20709376;1115045888;0;0;0;0;0;0;0;0;0;0;0;2625;0;0;89;0;80;0;
12565;6058462;1013821440;20709376;1115045888;0;0;0;0;0;0;0;0;0;0;0;2885;0;0;89;0;80;0;
12566;3836655;1007489024;13144064;1107480576;0;0;0;0;0;0;0;0;0;0;0;2475;0;0;89;0;80;0;
12567;5330797;1007489024;13144064;1107480576;0;0;0;0;0;0;0;0;0;0;0;2244;0;0;89;0;80;0;
12568;4495510;1007489024;13144064;1107480576;0;0;0;0;0;0;0;0;0;0;0;3516;0;0;89;0;80;0;
12569;4916661;1007489024;13144064;1107480576;0;0;0;0;0;0;0;0;0;0;0;2806;0;0;89;0;80;0;
12570;5929750;1007489024;13144064;1107480576;0;0;0;0;0;0;0;0;0;0;0;4498;0;0;89;0;80;0;
12571;5525553;1007489024;13144064;1107480576;0;0;0;0;0;0;0;0;0;0;0;3186;0;0;89;0;80;0;
12572;7004486;1007489024;13144064;1107480576;0;0;0;0;0;0;0;0;0;0;0;4198;0;0;89;0;80;0;
12573;6117472;1007489024;13144064;1107480576;0;0;0;0;0;0;0;0;0;0;0;3116;0;0;89;0;80;0;
12574;7015586;1007489024;13144064;1107480576;0;0;0;0;0;0;0;0;0;0;0;3867;0;0;89;0;80;0;
12575;5733152;1007489024;13144064;1107480576;0;0;0;0;0;0;0;0;0;0;0;2815;0;0;89;0;80;0;
12576;5251439;1007489024;13144064;1107480576;0;0;0;0;0;0;0;0;0;0;0;3687;0;0;89;0;80;0;
12577;5069337;1007489024;13144064;1107480576;0;0;0;0;0;0;0;0;0;0;0;2395;0;0;89;0;80;0;
12578;4534744;1007489024;13144064;1107480576;0;0;0;0;0;0;0;0;0;0;0;2425;0;0;89;0;80;0;
12579;5889756;1007489024;13144064;1107480576;0;0;0;0;0;0;0;0;0;0;0;2364;0;0;89;0;80;0;
12580;4450757;1007489024;13144064;1107480576;0;0;0;0;0;0;0;0;0;0;0;2455;0;0;89;0;80;0;
12581;4803368;1007489024;13144064;1107480576;0;0;0;0;0;0;0;0;0;0;0;2114;0;0;89;0;80;0;
12582;3156439;1007489024;13144064;1107480576;0;0;0;0;0;0;0;0;0;0;0;2204;0;0;89;0;80;0;
12583;5698136;1011200000;20709376;1115045888;0;0;0;0;0;0;0;0;0;0;0;2495;0;0;89;0;80;0;
12584;5390379;1013297152;20709376;1115045888;0;0;0;0;0;0;0;0;0;0;0;3807;0;0;89;0;80;0;
12585;5333382;1013833728;20709376;1115045888;0;0;0;0;0;0;0;0;0;0;0;2515;0;0;89;0;80;0;
12586;4249109;1013833728;20709376;1115045888;0;0;0;0;0;0;0;0;0;0;0;2745;0;0;89;0;80;0;
12587;5477893;1013833728;20709376;1115045888;0;0;0;0;0;0;0;0;0;0;0;2464;0;0;89;0;80;0;
12588;4544633;1013833728;20709376;1115045888;0;0;0;0;0;0;0;0;0;0;0;3146;0;0;89;0;80;0;
12589;8158400;1013833728;20709376;1115045888;0;0;0;0;0;0;0;0;0;0;0;3116;0;0;89;0;80;0;
12590;9487703;1007501312;14204928;1108541440;0;0;0;0;0;0;0;0;0;0;0;2745;0;0;89;0;80;0;
12591;5466932;1007501312;14204928;1108541440;0;0;0;0;0;0;0;0;0;0;0;2786;0;0;89;0;80;0;
12592;4074501;1007501312;14204928;1108541440;0;0;0;0;0;0;0;0;0;0;0;2344;0;0;89;0;80;0;
12593;4832472;1007501312;14204928;1108541440;0;0;0;0;0;0;0;0;0;0;0;2214;0;0;89;0;80;0;
12594;3124309;1007501312;14204928;1108541440;0;0;0;0;0;0;0;0;0;0;0;2505;0;0;89;0;80;0;
12595;4592784;1007501312;14204928;1108541440;0;0;0;0;0;0;0;0;0;0;0;2214;0;0;89;0;80;0;
12596;3579192;1007501312;14204928;1108541440;0;0;0;0;0;0;0;0;0;0;0;3316;0;0;89;0;80;0;
12597;4862319;1007501312;14204928;1108541440;0;0;0;0;0;0;0;0;0;0;0;1914;0;0;89;0;80;0;
12598;4019167;1007501312;14204928;1108541440;0;0;0;0;0;0;0;0;0;0;0;2514;0;0;89;0;80;0;
12599;4751561;1007501312;14204928;1108541440;0;0;0;0;0;0;0;0;0;0;0;1913;0;0;89;0;80;0;
12600;4591691;1007501312;14204928;1108541440;0;0;0;0;0;0;0;0;0;0;0;2395;0;0;89;0;80;0;
12601;5166429;1007501312;14204928;1108541440;0;0;0;0;0;0;0;0;0;0;0;2164;0;0;89;0;80;0;
12602;3914241;1007501312;14204928;1108541440;0;0;0;0;0;0;0;0;0;0;0;3046;0;0;89;0;80;0;
12603;5275152;1007501312;14204928;1108541440;0;0;0;0;0;0;0;0;0;0;0;2484;0;0;89;0;80;0;
12604;2498656;1007501312;14204928;1108541440;0;0;0;0;0;0;0;0;0;0;0;2635;0;0;89;0;80;0;
12605;4793701;1009860608;20709376;1115045888;0;0;0;0;0;0;0;0;0;0;0;2013;0;0;89;0;80;0;
12606;4581642;1011957760;20709376;1115045888;0;0;0;0;0;0;0;0;0;0;0;2926;0;0;89;0;80;0;
12607;4998605;1013846016;20709376;1115045888;0;0;0;0;0;0;0;0;0;0;0;2645;0;0;89;0;80;0;
12608;4385124;1013846016;20709376;1115045888;0;0;0;0;0;0;0;0;0;0;0;2565;0;0;89;0;80;0;
12609;4878589;1013846016;20709376;1115045888;0;0;0;0;0;0;0;0;0;0;0;2194;0;0;89;0;80;0;
12610;7917368;1013846016;20709376;1115045888;0;0;0;0;0;0;0;0;0;0;0;4448;0;0;89;0;80;0;
12611;5773808;1013846016;20709376;1115045888;0;0;0;0;0;0;0;0;0;0;0;3296;0;0;89;0;80;0;
12612;5998670;1007513600;13144064;1107480576;0;0;0;0;0;0;0;0;0;0;0;4418;0;0;89;0;80;0;
12613;7011970;1007513600;13144064;1107480576;0;0;0;0;0;0;0;0;0;0;0;3457;0;0;89;0;80;0;
12614;5466923;1007513600;13144064;1107480576;0;0;0;0;0;0;0;0;0;0;0;4459;0;0;89;0;80;0;
12615;5240648;1007513600;13144064;1107480576;0;0;0;0;0;0;0;0;0;0;0;3336;0;0;89;0;80;0;
12616;6047010;1007513600;13144064;1107480576;0;0;0;0;0;0;0;0;0;0;0;3407;0;0;89;0;80;0;
12617;5418201;1007513600;13152256;1107488768;0;0;0;0;0;0;0;0;0;0;0;3356;0;0;89;0;80;0;
12618;5786782;1007513600;13152256;1107488768;0;0;0;0;0;0;0;0;0;0;0;4378;0;0;89;0;80;0;
12619;7065861;1011224576;20717568;1115054080;0;0;0;0;0;0;0;0;0;0;0;4037;0;0;89;0;80;0;
12620;4188976;1013321728;20717568;1115054080;0;0;0;0;0;0;0;0;0;0;0;4068;0;0;89;0;80;0;
12621;5483474;1013858304;20717568;1115054080;0;0;0;0;0;0;0;0;0;0;0;3056;0;0;89;0;80;0;
12622;5238564;1013858304;20717568;1115054080;0;0;0;0;0;0;0;0;0;0;0;4889;0;0;89;0;80;0;
12623;5442627;1013858304;20717568;1115054080;0;0;0;0;0;0;0;0;0;0;0;2505;0;0;89;0;80;0;
12624;5360563;1013977088;20709376;1115045888;0;0;0;0;0;0;0;0;0;0;0;4718;0;0;89;0;80;0;
12625;5115083;1013977088;20709376;1115045888;0;0;0;0;0;0;0;0;0;0;0;2144;0;0;89;0;80;0;
12626;6900481;1007513600;14204928;1108541440;0;0;0;0;0;0;0;0;0;0;0;5961;0;0;89;0;80;0;
12627;5560087;1007513600;14204928;1108541440;0;0;0;0;0;0;0;0;0;0;0;2475;0;0;89;0;80;0;
12628;5696403;1007513600;14204928;1108541440;0;0;0;0;0;0;0;0;0;0;0;4569;0;0;89;0;80;0;
12629;5891208;1009872896;20709376;1115045888;0;0;0;0;0;0;0;0;0;0;0;1963;0;0;89;0;80;0;
12630;5821918;1011970048;20709376;1115045888;0;0;0;0;0;0;0;0;0;0;0;5450;0;0;89;0;80;0;
12631;16233214;1013858304;20709376;1115045888;0;0;0;0;0;0;0;0;0;0;0;4238;0;0;89;0;80;0;
12632;4189827;1013858304;20709376;1115045888;0;0;0;0;0;0;0;0;0;0;0;3446;0;0;89;0;80;0;
12633;5452436;1013858304;20709376;1115045888;0;0;0;0;0;0;0;0;0;0;0;3206;0;0;89;0;80;0;
12634;3790138;1013858304;20709376;1115045888;0;0;0;0;0;0;0;0;0;0;0;3446;0;0;89;0;80;0;
12635;6495872;1013858304;20709376;1115045888;0;0;0;0;0;0;0;0;0;0;0;3005;0;0;89;0;80;0;
12636;4625514;1007525888;13144064;1107480576;0;0;0;0;0;0;0;0;0;0;0;3667;0;0;89;0;80;0;
12637;5121735;1007525888;13144064;1107480576;0;0;0;0;0;0;0;0;0;0;0;3316;0;0;89;0;80;0;
12638;4941817;1007525888;13144064;1107480576;0;0;0;0;0;0;0;0;0;0;0;3547;0;0;89;0;80;0;
12639;4836280;1007525888;13144064;1107480576;0;0;0;0;0;0;0;0;0;0;0;2615;0;0;89;0;80;0;
12640;4909777;1007525888;13144064;1107480576;0;0;0;0;0;0;0;0;0;0;0;3416;0;0;89;0;80;0;
12641;4906692;1007525888;13144064;1107480576;0;0;0;0;0;0;0;0;0;0;0;2294;0;0;89;0;80;0;
12642;5089975;1007525888;13144064;1107480576;0;0;0;0;0;0;0;0;0;0;0;2996;0;0;89;0;80;0;
12643;4358935;1007525888;13144064;1107480576;0;0;0;0;0;0;0;0;0;0;0;2164;0;0;89;0;80;0;
12644;2931688;1007525888;13144064;1107480576;0;0;0;0;0;0;0;0;0;0;0;2745;0;0;89;0;80;0;
12645;4848774;1007525888;13144064;1107480576;0;0;0;0;0;0;0;0;0;0;0;2004;0;0;89;0;80;0;
12646;3321018;1007525888;13144064;1107480576;0;0;0;0;0;0;0;0;0;0;0;2855;0;0;89;0;80;0;
12647;5252351;1007525888;13144064;1107480576;0;0;0;0;0;0;0;0;0;0;0;71905;0;0;89;0;80;0;
12648;3619769;1007525888;13144064;1107480576;0;0;0;0;0;0;0;0;0;0;0;2936;0;0;89;0;80;0;
12649;4352482;1007525888;13144064;1107480576;0;0;0;0;0;0;0;0;0;0;0;2234;0;0;89;0;80;0;
12650;3955638;1007525888;13144064;1107480576;0;0;0;0;0;0;0;0;0;0;0;3035;0;0;89;0;80;0;
12651;5052205;1007525888;13144064;1107480576;0;0;0;0;0;0;0;0;0;0;0;2064;0;0;89;0;80;0;
12652;4724590;1007525888;13144064;1107480576;0;0;0;0;0;0;0;0;0;0;0;4389;0;0;89;0;80;0;
12653;6106782;1011236864;20709376;1115045888;0;0;0;0;0;0;0;0;0;0;0;2776;0;0;89;0;80;0;
12654;3333972;1013334016;20709376;1115045888;0;0;0;0;0;0;0;0;0;0;0;3687;0;0;89;0;80;0;
12655;4445106;1013870592;20709376;1115045888;0;0;0;0;0;0;0;0;0;0;0;2184;0;0;89;0;80;0;
12656;4685437;1013870592;20709376;1115045888;0;0;0;0;0;0;0;0;0;0;0;3196;0;0;89;0;80;0;
12657;5625650;1013870592;20709376;1115045888;0;0;0;0;0;0;0;0;0;0;0;2715;0;0;89;0;80;0;
12658;4107563;1013870592;20709376;1115045888;0;0;0;0;0;0;0;0;0;0;0;3417;0;0;89;0;80;0;
12659;4946116;1013870592;20709376;1115045888;0;0;0;0;0;0;0;0;0;0;0;2415;0;0;89;0;80;0;
12660;4349507;1007538176;14204928;1108541440;0;0;0;0;0;0;0;0;0;0;0;3467;0;0;89;0;80;0;
12661;5359251;1007538176;14204928;1108541440;0;0;0;0;0;0;0;0;0;0;0;3817;0;0;89;0;80;0;
12662;3777294;1007538176;14204928;1108541440;0;0;0;0;0;0;0;0;0;0;0;3697;0;0;89;0;80;0;
12663;5681535;1007538176;14204928;1108541440;0;0;0;0;0;0;0;0;0;0;0;3065;0;0;89;0;80;0;
12664;3923969;1007538176;14204928;1108541440;0;0;0;0;0;0;0;0;0;0;0;3767;0;0;89;0;80;0;
12665;5323684;1007538176;14204928;1108541440;0;0;0;0;0;0;0;0;0;0;0;3045;0;0;89;0;80;0;
12666;3744031;1007538176;14204928;1108541440;0;0;0;0;0;0;0;0;0;0;0;3537;0;0;89;0;80;0;
12667;5841886;1007538176;14204928;1108541440;0;0;0;0;0;0;0;0;0;0;0;3266;0;0;89;0;80;0;
12668;3267508;1007538176;14204928;1108541440;0;0;0;0;0;0;0;0;0;0;0;3497;0;0;89;0;80;0;
12669;5413943;1007538176;14204928;1108541440;0;0;0;0;0;0;0;0;0;0;0;2995;0;0;89;0;80;0;
12670;3280783;1007538176;14204928;1108541440;0;0;0;0;0;0;0;0;0;0;0;3607;0;0;89;0;80;0;
12671;6241515;1007538176;14204928;1108541440;0;0;0;0;0;0;0;0;0;0;0;2946;0;0;89;0;80;0;
12672;3548274;1007538176;14204928;1108541440;0;0;0;0;0;0;0;0;0;0;0;3306;0;0;89;0;80;0;
12673;5885889;1007538176;14204928;1108541440;0;0;0;0;0;0;0;0;0;0;0;2554;0;0;89;0;80;0;
12674;4399401;1007538176;14204928;1108541440;0;0;0;0;0;0;0;0;0;0;0;5240;0;0;89;0;80;0;
12675;5329896;1007538176;14204928;1108541440;0;0;0;0;0;0;0;0;0;0;0;2755;0;0;89;0;80;0;
12676;3688226;1007538176;14204928;1108541440;0;0;0;0;0;0;0;0;0;0;0;3076;0;0;89;0;80;0;
12677;5330977;1009897472;20709376;1115045888;0;0;0;0;0;0;0;0;0;0;0;2224;0;0;89;0;80;0;
12678;2908244;1011994624;20709376;1115045888;0;0;0;0;0;0;0;0;0;0;0;3406;0;0;89;0;80;0;
12679;6120368;1013882880;20709376;1115045888;0;0;0;0;0;0;0;0;0;0;0;2886;0;0;89;0;80;0;
12680;2831740;1013882880;20709376;1115045888;0;0;0;0;0;0;0;0;0;0;0;3417;0;0;89;0;80;0;
12681;5867714;1013882880;20709376;1115045888;0;0;0;0;0;0;0;0;0;0;0;2344;0;0;89;0;80;0;
12682;2741130;1013882880;20709376;1115045888;0;0;0;0;0;0;0;0;0;0;0;3086;0;0;89;0;80;0;
12683;4604916;1013882880;20709376;1115045888;0;0;0;0;0;0;0;0;0;0;0;1914;0;0;89;0;80;0;
12684;3339823;1007550464;13144064;1107480576;0;0;0;0;0;0;0;0;0;0;0;3066;0;0;89;0;80;0;
12685;5324175;1007550464;13144064;1107480576;0;0;0;0;0;0;0;0;0;0;0;2756;0;0;89;0;80;0;
12686;2822133;1007550464;13144064;1107480576;0;0;0;0;0;0;0;0;0;0;0;3026;0;0;89;0;80;0;
12687;4779263;1007550464;13144064;1107480576;0;0;0;0;0;0;0;0;0;0;0;1994;0;0;89;0;80;0;
12688;3052083;1007550464;13144064;1107480576;0;0;0;0;0;0;0;0;0;0;0;2755;0;0;89;0;80;0;
12689;4950805;1007550464;13144064;1107480576;0;0;0;0;0;0;0;0;0;0;0;2024;0;0;89;0;80;0;
12690;3605441;1007550464;13144064;1107480576;0;0;0;0;0;0;0;0;0;0;0;3256;0;0;89;0;80;0;
12691;4950174;1007550464;13144064;1107480576;0;0;0;0;0;0;0;0;0;0;0;2234;0;0;89;0;80;0;
12692;3030654;1007550464;13144064;1107480576;0;0;0;0;0;0;0;0;0;0;0;2805;0;0;89;0;80;0;
12693;4362762;1007550464;13144064;1107480576;0;0;0;0;0;0;0;0;0;0;0;1733;0;0;89;0;80;0;
12694;4997963;1007550464;13144064;1107480576;0;0;0;0;0;0;0;0;0;0;0;3807;0;0;89;0;80;0;
12695;5019183;1007550464;13144064;1107480576;0;0;0;0;0;0;0;0;0;0;0;2434;0;0;89;0;80;0;
12696;3799515;1007550464;13144064;1107480576;0;0;0;0;0;0;0;0;0;0;0;3507;0;0;89;0;80;0;
12697;5338201;1007550464;13144064;1107480576;0;0;0;0;0;0;0;0;0;0;0;2034;0;0;89;0;80;0;
12698;4574479;1007550464;13144064;1107480576;0;0;0;0;0;0;0;0;0;0;0;4439;0;0;89;0;80;0;
12699;5983020;1011261440;20709376;1115045888;0;0;0;0;0;0;0;0;0;0;0;3146;0;0;89;0;80;0;
12700;3649474;1013358592;20709376;1115045888;0;0;0;0;0;0;0;0;0;0;0;3677;0;0;89;0;80;0;
12701;6608173;1013895168;20709376;1115045888;0;0;0;0;0;0;0;0;0;0;0;3196;0;0;89;0;80;0;
12702;3241589;1013895168;20709376;1115045888;0;0;0;0;0;0;0;0;0;0;0;3647;0;0;89;0;80;0;
12703;5114151;1013895168;20709376;1115045888;0;0;0;0;0;0;0;0;0;0;0;3085;0;0;89;0;80;0;
12704;3928698;1013895168;20709376;1115045888;0;0;0;0;0;0;0;0;0;0;0;3066;0;0;89;0;80;0;
12705;4911792;1013895168;20709376;1115045888;0;0;0;0;0;0;0;0;0;0;0;2795;0;0;89;0;80;0;
12706;5093021;1007562752;14204928;1108541440;0;0;0;0;0;0;0;0;0;0;0;3206;0;0;89;0;80;0;
12707;4735220;1007562752;14204928;1108541440;0;0;0;0;0;0;0;0;0;0;0;2204;0;0;89;0;80;0;
12708;3666155;1007562752;14204928;1108541440;0;0;0;0;0;0;0;0;0;0;0;3006;0;0;89;0;80;0;
12709;4312798;1007562752;14204928;1108541440;0;0;0;0;0;0;0;0;0;0;0;1844;0;0;89;0;80;0;
12710;3034130;1007562752;14204928;1108541440;0;0;0;0;0;0;0;0;0;0;0;10701;0;0;89;0;80;0;
12711;4584387;1007562752;14204928;1108541440;0;0;0;0;0;0;0;0;0;0;0;2114;0;0;89;0;80;0;
12712;3420264;1007562752;14204928;1108541440;0;0;0;0;0;0;0;0;0;0;0;3467;0;0;89;0;80;0;
12713;5155389;1007562752;14204928;1108541440;0;0;0;0;0;0;0;0;0;0;0;2124;0;0;89;0;80;0;
12714;3027107;1007562752;14204928;1108541440;0;0;0;0;0;0;0;0;0;0;0;3637;0;0;89;0;80;0;
12715;5194722;1007562752;14204928;1108541440;0;0;0;0;0;0;0;0;0;0;0;2946;0;0;89;0;80;0;
12716;3511425;1007562752;14204928;1108541440;0;0;0;0;0;0;0;0;0;0;0;3076;0;0;89;0;80;0;
12717;4781337;1007562752;14204928;1108541440;0;0;0;0;0;0;0;0;0;0;0;2564;0;0;89;0;80;0;
12718;2611147;1007562752;14204928;1108541440;0;0;0;0;0;0;0;0;0;0;0;2906;0;0;89;0;80;0;
12719;4258086;1007562752;14204928;1108541440;0;0;0;0;0;0;0;0;0;0;0;2053;0;0;89;0;80;0;
12720;3202005;1007562752;14204928;1108541440;0;0;0;0;0;0;0;0;0;0;0;2595;0;0;89;0;80;0;
12721;4428465;1007562752;14204928;1108541440;0;0;0;0;0;0;0;0;0;0;0;2034;0;0;89;0;80;0;
12722;1955398;1007562752;14204928;1108541440;0;0;0;0;0;0;0;0;0;0;0;1954;0;0;89;0;80;0;
12723;5090486;1009922048;20717568;1115054080;0;0;0;0;0;0;0;0;0;0;0;2264;0;0;89;0;80;0;
12724;3667918;1012019200;20717568;1115054080;0;0;0;0;0;0;0;0;0;0;0;1693;0;0;89;0;80;0;
12725;4096673;1012019200;20717568;1115054080;0;0;0;0;0;0;0;0;0;0;0;1613;0;0;89;0;80;0;
12726;2476915;1012019200;20717568;1115054080;0;0;0;0;0;0;0;0;0;0;0;2425;0;0;89;0;80;0;
12727;4712758;1012019200;20717568;1115054080;0;0;0;0;0;0;0;0;0;0;0;2154;0;0;89;0;80;0;
12728;2420319;1012019200;20717568;1115054080;0;0;0;0;0;0;0;0;0;0;0;2024;0;0;89;0;80;0;
12729;5780320;1012019200;20717568;1115054080;0;0;0;0;0;0;0;0;0;0;0;2124;0;0;89;0;80;0;
12730;3256468;1012109312;20709376;1115045888;0;0;0;0;0;0;0;0;0;0;0;2084;0;0;89;0;80;0;
12731;4698762;1012109312;20709376;1115045888;0;0;0;0;0;0;0;0;0;0;0;2154;0;0;89;0;80;0;
12732;3008783;1007575040;14204928;1108541440;0;0;0;0;0;0;0;0;0;0;0;2174;0;0;89;0;80;0;
12733;4661973;1007575040;14204928;1108541440;0;0;0;0;0;0;0;0;0;0;0;2044;0;0;89;0;80;0;
12734;3295490;1007575040;14204928;1108541440;0;0;0;0;0;0;0;0;0;0;0;2554;0;0;89;0;80;0;
12735;4802216;1007575040;14204928;1108541440;0;0;0;0;0;0;0;0;0;0;0;2023;0;0;89;0;80;0;
12736;3198538;1007575040;14204928;1108541440;0;0;0;0;0;0;0;0;0;0;0;2124;0;0;89;0;80;0;
12737;5181728;1007575040;14204928;1108541440;0;0;0;0;0;0;0;0;0;0;0;1923;0;0;89;0;80;0;
12738;3711180;1007575040;14204928;1108541440;0;0;0;0;0;0;0;0;0;0;0;2775;0;0;89;0;80;0;
12739;4310905;1007575040;14204928;1108541440;0;0;0;0;0;0;0;0;0;0;0;2154;0;0;89;0;80;0;
12740;3118037;1007575040;14204928;1108541440;0;0;0;0;0;0;0;0;0;0;0;2545;0;0;89;0;80;0;
12741;4636435;1007575040;14204928;1108541440;0;0;0;0;0;0;0;0;0;0;0;1814;0;0;89;0;80;0;
12742;3204821;1007575040;14204928;1108541440;0;0;0;0;0;0;0;0;0;0;0;2665;0;0;89;0;80;0;
12743;4743276;1007575040;14204928;1108541440;0;0;0;0;0;0;0;0;0;0;0;2054;0;0;89;0;80;0;
12744;2362200;1007575040;14204928;1108541440;0;0;0;0;0;0;0;0;0;0;0;1964;0;0;89;0;80;0;
12745;4274296;1009934336;20709376;1115045888;0;0;0;0;0;0;0;0;0;0;0;1683;0;0;89;0;80;0;
12746;2320432;1012031488;20709376;1115045888;0;0;0;0;0;0;0;0;0;0;0;1994;0;0;89;0;80;0;
12747;4264136;1012031488;20709376;1115045888;0;0;0;0;0;0;0;0;0;0;0;1703;0;0;89;0;80;0;
12748;2660599;1012031488;20709376;1115045888;0;0;0;0;0;0;0;0;0;0;0;2194;0;0;89;0;80;0;
12749;5048167;1012031488;20709376;1115045888;0;0;0;0;0;0;0;0;0;0;0;1884;0;0;89;0;80;0;
12750;3499854;1012031488;20709376;1115045888;0;0;0;0;0;0;0;0;0;0;0;2515;0;0;89;0;80;0;
12751;5617746;1012031488;20709376;1115045888;0;0;0;0;0;0;0;0;0;0;0;2064;0;0;89;0;80;0;
12752;4395764;1012031488;20709376;1115045888;0;0;0;0;0;0;0;0;0;0;0;2285;0;0;89;0;80;0;
12753;4445236;1012031488;20709376;1115045888;0;0;0;0;0;0;0;0;0;0;0;1994;0;0;89;0;80;0;
12754;3738722;1007587328;14204928;1108541440;0;0;0;0;0;0;0;0;0;0;0;2264;0;0;89;0;80;0;
12755;5338031;1007587328;14204928;1108541440;0;0;0;0;0;0;0;0;0;0;0;1923;0;0;89;0;80;0;
12756;2383070;1007587328;14204928;1108541440;0;0;0;0;0;0;0;0;0;0;0;2485;0;0;89;0;80;0;
12757;4807946;1007587328;14204928;1108541440;0;0;0;0;0;0;0;0;0;0;0;2224;0;0;89;0;80;0;
12758;4105579;1007587328;14204928;1108541440;0;0;0;0;0;0;0;0;0;0;0;2725;0;0;89;0;80;0;
12759;5214469;1007587328;14204928;1108541440;0;0;0;0;0;0;0;0;0;0;0;2505;0;0;89;0;80;0;
12760;2697599;1007587328;14204928;1108541440;0;0;0;0;0;0;0;0;0;0;0;1814;0;0;89;0;80;0;
12761;5680463;1007587328;14204928;1108541440;0;0;0;0;0;0;0;0;0;0;0;1673;0;0;89;0;80;0;
12762;3116776;1007587328;14204928;1108541440;0;0;0;0;0;0;0;0;0;0;0;2194;0;0;89;0;80;0;
12763;4855085;1007587328;14204928;1108541440;0;0;0;0;0;0;0;0;0;0;0;2224;0;0;89;0;80;0;
12764;2662263;1007587328;14204928;1108541440;0;0;0;0;0;0;0;0;0;0;0;2204;0;0;89;0;80;0;
12765;4869763;1007587328;14204928;1108541440;0;0;0;0;0;0;0;0;0;0;0;1994;0;0;89;0;80;0;
12766;3267258;1007587328;14204928;1108541440;0;0;0;0;0;0;0;0;0;0;0;2284;0;0;89;0;80;0;
12767;4608783;1007587328;14204928;1108541440;0;0;0;0;0;0;0;0;0;0;0;1974;0;0;89;0;80;0;
12768;2948029;1007587328;14204928;1108541440;0;0;0;0;0;0;0;0;0;0;0;2815;0;0;89;0;80;0;
12769;4575330;1007587328;14204928;1108541440;0;0;0;0;0;0;0;0;0;0;0;2334;0;0;89;0;80;0;
12770;3786702;1007587328;14204928;1108541440;0;0;0;0;0;0;0;0;0;0;0;1803;0;0;89;0;80;0;
12771;4504849;1009946624;20709376;1115045888;0;0;0;0;0;0;0;0;0;0;0;1623;0;0;89;0;80;0;
12772;3244194;1012043776;20709376;1115045888;0;0;0;0;0;0;0;0;0;0;0;2475;0;0;89;0;80;0;
12773;4462549;1012043776;20709376;1115045888;0;0;0;0;0;0;0;0;0;0;0;1673;0;0;89;0;80;0;
12774;4024878;1012043776;20709376;1115045888;0;0;0;0;0;0;0;0;0;0;0;2956;0;0;89;0;80;0;
12775;5962211;1012043776;20709376;1115045888;0;0;0;0;0;0;0;0;0;0;0;2334;0;0;89;0;80;0;
12776;2829065;1012043776;20709376;1115045888;0;0;0;0;0;0;0;0;0;0;0;2314;0;0;89;0;80;0;
12777;4802677;1012043776;20709376;1115045888;0;0;0;0;0;0;0;0;0;0;0;2094;0;0;89;0;80;0;
12778;3904612;1012043776;20709376;1115045888;0;0;0;0;0;0;0;0;0;0;0;2334;0;0;89;0;80;0;
12779;5185915;1012043776;20709376;1115045888;0;0;0;0;0;0;0;0;0;0;0;1944;0;0;89;0;80;0;
12780;3049969;1007599616;14204928;1108541440;0;0;0;0;0;0;0;0;0;0;0;2415;0;0;89;0;80;0;
12781;4551185;1007599616;14204928;1108541440;0;0;0;0;0;0;0;0;0;0;0;2405;0;0;89;0;80;0;
12782;2806133;1007599616;14204928;1108541440;0;0;0;0;0;0;0;0;0;0;0;2775;0;0;89;0;80;0;
12783;4856418;1007599616;14204928;1108541440;0;0;0;0;0;0;0;0;0;0;0;2525;0;0;89;0;80;0;
12784;2762901;1007599616;14204928;1108541440;0;0;0;0;0;0;0;0;0;0;0;2504;0;0;89;0;80;0;
12785;4872207;1007599616;14204928;1108541440;0;0;0;0;0;0;0;0;0;0;0;2454;0;0;89;0;80;0;
12786;1759209;1007599616;14204928;1108541440;0;0;0;0;0;0;0;0;0;0;0;2014;0;0;89;0;80;0;
12787;4590980;1007599616;14204928;1108541440;0;0;0;0;0;0;0;0;0;0;0;1713;0;0;89;0;80;0;
12788;2923403;1007599616;14204928;1108541440;0;0;0;0;0;0;0;0;0;0;0;2485;0;0;89;0;80;0;
12789;5124120;1007599616;14204928;1108541440;0;0;0;0;0;0;0;0;0;0;0;2013;0;0;89;0;80;0;
12790;2027963;1007599616;14204928;1108541440;0;0;0;0;0;0;0;0;0;0;0;1994;0;0;89;0;80;0;
12791;4608573;1007599616;14204928;1108541440;0;0;0;0;0;0;0;0;0;0;0;1684;0;0;89;0;80;0;
12792;2337474;1007599616;14204928;1108541440;0;0;0;0;0;0;0;0;0;0;0;1943;0;0;89;0;80;0;
12793;4722506;1009958912;20709376;1115045888;0;0;0;0;0;0;0;0;0;0;0;2034;0;0;89;0;80;0;
12794;4421422;1012056064;20709376;1115045888;0;0;0;0;0;0;0;0;0;0;0;3116;0;0;89;0;80;0;
12795;4950424;1012056064;20709376;1115045888;0;0;0;0;0;0;0;0;0;0;0;2555;0;0;89;0;80;0;
12796;4209574;1012056064;20709376;1115045888;0;0;0;0;0;0;0;0;0;0;0;2715;0;0;89;0;80;0;
12797;4999045;1012056064;20709376;1115045888;0;0;0;0;0;0;0;0;0;0;0;2514;0;0;89;0;80;0;
12798;2987693;1012056064;20709376;1115045888;0;0;0;0;0;0;0;0;0;0;0;2785;0;0;89;0;80;0;
12799;4367220;1012056064;20709376;1115045888;0;0;0;0;0;0;0;0;0;0;0;2044;0;0;89;0;80;0;
12800;3690792;1012056064;20709376;1115045888;0;0;0;0;0;0;0;0;0;0;0;2474;0;0;89;0;80;0;
12801;4447902;1012056064;20709376;1115045888;0;0;0;0;0;0;0;0;0;0;0;2084;0;0;89;0;80;0;
12802;2756279;1007611904;14204928;1108541440;0;0;0;0;0;0;0;0;0;0;0;1914;0;0;89;0;80;0;
12803;4955434;1007611904;14204928;1108541440;0;0;0;0;0;0;0;0;0;0;0;1923;0;0;89;0;80;0;
12804;3399505;1007611904;14204928;1108541440;0;0;0;0;0;0;0;0;0;0;0;3176;0;0;89;0;80;0;
12805;5991767;1007611904;14204928;1108541440;0;0;0;0;0;0;0;0;0;0;0;2365;0;0;89;0;80;0;
12806;3319215;1007611904;14204928;1108541440;0;0;0;0;0;0;0;0;0;0;0;2705;0;0;89;0;80;0;
12807;5106597;1007611904;14204928;1108541440;0;0;0;0;0;0;0;0;0;0;0;2315;0;0;89;0;80;0;
12808;4054233;1007611904;14204928;1108541440;0;0;0;0;0;0;0;0;0;0;0;2474;0;0;89;0;80;0;
12809;4893767;1007611904;14204928;1108541440;0;0;0;0;0;0;0;0;0;0;0;2796;0;0;89;0;80;0;
12810;2810901;1007611904;14204928;1108541440;0;0;0;0;0;0;0;0;0;0;0;2866;0;0;89;0;80;0;
12811;7924872;1007611904;14204928;1108541440;0;0;0;0;0;0;0;0;0;0;0;2074;0;0;89;0;80;0;
12812;9509835;1007611904;14204928;1108541440;0;0;0;0;0;0;0;0;0;0;0;2505;0;0;89;0;80;0;
12813;6103616;1007611904;14204928;1108541440;0;0;0;0;0;0;0;0;0;0;0;2064;0;0;89;0;80;0;
12814;3323653;1007611904;14204928;1108541440;0;0;0;0;0;0;0;0;0;0;0;2405;0;0;89;0;80;0;
12815;5920624;1007611904;14204928;1108541440;0;0;0;0;0;0;0;0;0;0;0;2565;0;0;89;0;80;0;
12816;4292069;1007611904;14204928;1108541440;0;0;0;0;0;0;0;0;0;0;0;3216;0;0;89;0;80;0;
12817;5569315;1009971200;20709376;1115045888;0;0;0;0;0;0;0;0;0;0;0;1934;0;0;89;0;80;0;
12818;4120838;1012068352;20709376;1115045888;0;0;0;0;0;0;0;0;0;0;0;2194;0;0;89;0;80;0;
12819;5318494;1012068352;20709376;1115045888;0;0;0;0;0;0;0;0;0;0;0;1773;0;0;89;0;80;0;
12820;4298652;1012068352;20709376;1115045888;0;0;0;0;0;0;0;0;0;0;0;3276;0;0;89;0;80;0;
12821;5623587;1012068352;20709376;1115045888;0;0;0;0;0;0;0;0;0;0;0;2285;0;0;89;0;80;0;
12822;5420555;1012068352;20709376;1115045888;0;0;0;0;0;0;0;0;0;0;0;3426;0;0;89;0;80;0;
12823;5697465;1012068352;20709376;1115045888;0;0;0;0;0;0;0;0;0;0;0;2445;0;0;89;0;80;0;
12824;4635453;1012068352;20709376;1115045888;0;0;0;0;0;0;0;0;0;0;0;3637;0;0;89;0;80;0;
12825;5987238;1012068352;20709376;1115045888;0;0;0;0;0;0;0;0;0;0;0;2955;0;0;89;0;80;0;
12826;3641800;1007624192;14204928;1108541440;0;0;0;0;0;0;0;0;0;0;0;5441;0;0;89;0;80;0;
12827;6014750;1007624192;14204928;1108541440;0;0;0;0;0;0;0;0;0;0;0;4559;0;0;89;0;80;0;
12828;6082627;1007624192;14204928;1108541440;0;0;0;0;0;0;0;0;0;0;0;4178;0;0;89;0;80;0;
12829;6757483;1007624192;14204928;1108541440;0;0;0;0;0;0;0;0;0;0;0;4228;0;0;89;0;80;0;
12830;5035764;1007624192;14204928;1108541440;0;0;0;0;0;0;0;0;0;0;0;4318;0;0;89;0;80;0;
12831;5590374;1007624192;14204928;1108541440;0;0;0;0;0;0;0;0;0;0;0;3727;0;0;89;0;80;0;
12832;4511420;1007624192;14204928;1108541440;0;0;0;0;0;0;0;0;0;0;0;3587;0;0;89;0;80;0;
12833;5794777;1007624192;14204928;1108541440;0;0;0;0;0;0;0;0;0;0;0;2585;0;0;89;0;80;0;
12834;4602993;1007624192;14204928;1108541440;0;0;0;0;0;0;0;0;0;0;0;4498;0;0;89;0;80;0;
12835;5937515;1007624192;14204928;1108541440;0;0;0;0;0;0;0;0;0;0;0;3978;0;0;89;0;80;0;
12836;6243089;1007624192;14204928;1108541440;0;0;0;0;0;0;0;0;0;0;0;3857;0;0;89;0;80;0;
12837;6603424;1007624192;14204928;1108541440;0;0;0;0;0;0;0;0;0;0;0;3557;0;0;89;0;80;0;
12838;5220010;1007624192;14204928;1108541440;0;0;0;0;0;0;0;0;0;0;0;4288;0;0;89;0;80;0;
12839;6085683;1007624192;14204928;1108541440;0;0;0;0;0;0;0;0;0;0;0;3526;0;0;89;0;80;0;
12840;6148470;1007624192;14204928;1108541440;0;0;0;0;0;0;0;0;0;0;0;4037;0;0;89;0;80;0;
12841;7302065;1009983488;20709376;1115045888;0;0;0;0;0;0;0;0;0;0;0;4028;0;0;89;0;80;0;
12842;5438970;1012080640;20709376;1115045888;0;0;0;0;0;0;0;0;0;0;0;4449;0;0;89;0;80;0;
12843;6509107;1012080640;20709376;1115045888;0;0;0;0;0;0;0;0;0;0;0;3978;0;0;89;0;80;0;
12844;4543241;1012080640;20709376;1115045888;0;0;0;0;0;0;0;0;0;0;0;3727;0;0;89;0;80;0;
12845;5656097;1012080640;20709376;1115045888;0;0;0;0;0;0;0;0;0;0;0;3266;0;0;89;0;80;0;
12846;5570126;1012080640;20709376;1115045888;0;0;0;0;0;0;0;0;0;0;0;3607;0;0;89;0;80;0;
12847;5490277;1012080640;20709376;1115045888;0;0;0;0;0;0;0;0;0;0;0;3336;0;0;89;0;80;0;
12848;5109202;1012080640;20709376;1115045888;0;0;0;0;0;0;0;0;0;0;0;3597;0;0;89;0;80;0;
12849;6112473;1012080640;20709376;1115045888;0;0;0;0;0;0;0;0;0;0;0;4578;0;0;89;0;80;0;
12850;4363063;1007636480;14204928;1108541440;0;0;0;0;0;0;0;0;0;0;0;3757;0;0;89;0;80;0;
12851;6903506;1007636480;14204928;1108541440;0;0;0;0;0;0;0;0;0;0;0;3286;0;0;89;0;80;0;
12852;4475854;1007636480;14204928;1108541440;0;0;0;0;0;0;0;0;0;0;0;4188;0;0;89;0;80;0;
12853;6590771;1007636480;14204928;1108541440;0;0;0;0;0;0;0;0;0;0;0;3406;0;0;89;0;80;0;
12854;5335055;1007636480;14204928;1108541440;0;0;0;0;0;0;0;0;0;0;0;4539;0;0;89;0;80;0;
12855;5417420;1007636480;14204928;1108541440;0;0;0;0;0;0;0;0;0;0;0;2986;0;0;89;0;80;0;
12856;5778987;1007636480;14204928;1108541440;0;0;0;0;0;0;0;0;0;0;0;4498;0;0;89;0;80;0;
12857;5631451;1007636480;14204928;1108541440;0;0;0;0;0;0;0;0;0;0;0;2605;0;0;89;0;80;0;
12858;3885717;1007636480;14204928;1108541440;0;0;0;0;0;0;0;0;0;0;0;2775;0;0;89;0;80;0;
12859;5983111;1007636480;14204928;1108541440;0;0;0;0;0;0;0;0;0;0;0;2946;0;0;89;0;80;0;
12860;4209575;1007636480;14204928;1108541440;0;0;0;0;0;0;0;0;0;0;0;2955;0;0;89;0;80;0;
12861;6040258;1007636480;14204928;1108541440;0;0;0;0;0;0;0;0;0;0;0;3055;0;0;89;0;80;0;
12862;3114460;1007636480;14204928;1108541440;0;0;0;0;0;0;0;0;0;0;0;3516;0;0;89;0;80;0;
12863;7015728;1009995776;20709376;1115045888;0;0;0;0;0;0;0;0;0;0;0;3957;0;0;89;0;80;0;
12864;3447475;1012092928;20709376;1115045888;0;0;0;0;0;0;0;0;0;0;0;3356;0;0;89;0;80;0;
12865;5008473;1012092928;20709376;1115045888;0;0;0;0;0;0;0;0;0;0;0;2515;0;0;89;0;80;0;
12866;6174159;1012092928;20709376;1115045888;0;0;0;0;0;0;0;0;0;0;0;3397;0;0;89;0;80;0;
12867;6440769;1012092928;20709376;1115045888;0;0;0;0;0;0;0;0;0;0;0;3276;0;0;89;0;80;0;
12868;3769088;1012092928;20709376;1115045888;0;0;0;0;0;0;0;0;0;0;0;3937;0;0;89;0;80;0;
12869;6516912;1012092928;20709376;1115045888;0;0;0;0;0;0;0;0;0;0;0;3988;0;0;89;0;80;0;
12870;4774203;1012092928;20709376;1115045888;0;0;0;0;0;0;0;0;0;0;0;4238;0;0;89;0;80;0;
12871;6554001;1012092928;20709376;1115045888;0;0;0;0;0;0;0;0;0;0;0;3537;0;0;89;0;80;0;
12872;5441565;1007648768;14204928;1108541440;0;0;0;0;0;0;0;0;0;0;0;4177;0;0;89;0;80;0;
12873;5122567;1007648768;14204928;1108541440;0;0;0;0;0;0;0;0;0;0;0;2625;0;0;89;0;80;0;
12874;4046459;1007648768;14204928;1108541440;0;0;0;0;0;0;0;0;0;0;0;2976;0;0;89;0;80;0;
12875;4783781;1007648768;14204928;1108541440;0;0;0;0;0;0;0;0;0;0;0;2485;0;0;89;0;80;0;
12876;3847876;1007648768;14204928;1108541440;0;0;0;0;0;0;0;0;0;0;0;2215;0;0;89;0;80;0;
12877;5264262;1007648768;14204928;1108541440;0;0;0;0;0;0;0;0;0;0;0;2324;0;0;89;0;80;0;
12878;3525912;1007648768;14204928;1108541440;0;0;0;0;0;0;0;0;0;0;0;2745;0;0;89;0;80;0;
12879;5664964;1007648768;14204928;1108541440;0;0;0;0;0;0;0;0;0;0;0;2605;0;0;89;0;80;0;
12880;2954711;1007648768;14204928;1108541440;0;0;0;0;0;0;0;0;0;0;0;2595;0;0;89;0;80;0;
12881;4902023;1007648768;14204928;1108541440;0;0;0;0;0;0;0;0;0;0;0;2014;0;0;89;0;80;0;
12882;2556394;1007648768;14204928;1108541440;0;0;0;0;0;0;0;0;0;0;0;2334;0;0;89;0;80;0;
12883;4645422;1007648768;14204928;1108541440;0;0;0;0;0;0;0;0;0;0;0;2084;0;0;89;0;80;0;
12884;2800091;1007648768;14204928;1108541440;0;0;0;0;0;0;0;0;0;0;0;2465;0;0;89;0;80;0;
12885;5457144;1007648768;14204928;1108541440;0;0;0;0;0;0;0;0;0;0;0;1924;0;0;89;0;80;0;
12886;3357858;1007648768;14204928;1108541440;0;0;0;0;0;0;0;0;0;0;0;2465;0;0;89;0;80;0;
12887;5186406;1007648768;14204928;1108541440;0;0;0;0;0;0;0;0;0;0;0;1973;0;0;89;0;80;0;
12888;4240954;1007648768;14204928;1108541440;0;0;0;0;0;0;0;0;0;0;0;2625;0;0;89;0;80;0;
12889;5944949;1010008064;20709376;1115045888;0;0;0;0;0;0;0;0;0;0;0;2174;0;0;89;0;80;0;
12890;2376096;1012105216;20709376;1115045888;0;0;0;0;0;0;0;0;0;0;0;3046;0;0;89;0;80;0;
12891;5031055;1012105216;20709376;1115045888;0;0;0;0;0;0;0;0;0;0;0;1963;0;0;89;0;80;0;
12892;4110018;1012105216;20709376;1115045888;0;0;0;0;0;0;0;0;0;0;0;3056;0;0;89;0;80;0;
12893;4948069;1012105216;20709376;1115045888;0;0;0;0;0;0;0;0;0;0;0;2034;0;0;89;0;80;0;
12894;3454047;1012105216;20709376;1115045888;0;0;0;0;0;0;0;0;0;0;0;2665;0;0;89;0;80;0;
12895;5466492;1012105216;20709376;1115045888;0;0;0;0;0;0;0;0;0;0;0;2315;0;0;89;0;80;0;
12896;3847375;1012105216;20709376;1115045888;0;0;0;0;0;0;0;0;0;0;0;3016;0;0;89;0;80;0;
12897;5941232;1012105216;20709376;1115045888;0;0;0;0;0;0;0;0;0;0;0;2204;0;0;89;0;80;0;
12898;4031280;1007661056;14204928;1108541440;0;0;0;0;0;0;0;0;0;0;0;2875;0;0;89;0;80;0;
12899;4730251;1007661056;14204928;1108541440;0;0;0;0;0;0;0;0;0;0;0;1944;0;0;89;0;80;0;
12900;3477431;1007661056;14204928;1108541440;0;0;0;0;0;0;0;0;0;0;0;2485;0;0;89;0;80;0;
12901;4996340;1007661056;14204928;1108541440;0;0;0;0;0;0;0;0;0;0;0;2044;0;0;89;0;80;0;
12902;4093006;1007661056;14204928;1108541440;0;0;0;0;0;0;0;0;0;0;0;2485;0;0;89;0;80;0;
12903;4228079;1007661056;14204928;1108541440;0;0;0;0;0;0;0;0;0;0;0;1954;0;0;89;0;80;0;
12904;2424406;1007661056;14204928;1108541440;0;0;0;0;0;0;0;0;0;0;0;2164;0;0;89;0;80;0;
12905;4937079;1007661056;14204928;1108541440;0;0;0;0;0;0;0;0;0;0;0;2094;0;0;89;0;80;0;
12906;4387057;1007661056;14204928;1108541440;0;0;0;0;0;0;0;0;0;0;0;2384;0;0;89;0;80;0;
12907;4744267;1007661056;14204928;1108541440;0;0;0;0;0;0;0;0;0;0;0;2064;0;0;89;0;80;0;
12908;3519821;1007661056;14204928;1108541440;0;0;0;0;0;0;0;0;0;0;0;2755;0;0;89;0;80;0;
12909;5141923;1007661056;14204928;1108541440;0;0;0;0;0;0;0;0;0;0;0;2395;0;0;89;0;80;0;
12910;4564100;1007661056;14204928;1108541440;0;0;0;0;0;0;0;0;0;0;0;2164;0;0;89;0;80;0;
12911;5107669;1010020352;20709376;1115045888;0;0;0;0;0;0;0;0;0;0;0;2214;0;0;89;0;80;0;
12912;4187553;1012117504;20709376;1115045888;0;0;0;0;0;0;0;0;0;0;0;84018;0;0;89;0;80;0;
12913;6799972;1012117504;20709376;1115045888;0;0;0;0;0;0;0;0;0;0;0;2465;0;0;89;0;80;0;
12914;5211273;1012117504;20709376;1115045888;0;0;0;0;0;0;0;0;0;0;0;2685;0;0;89;0;80;0;
12915;5243624;1012117504;20709376;1115045888;0;0;0;0;0;0;0;0;0;0;0;1924;0;0;89;0;80;0;
12916;4445376;1012117504;20709376;1115045888;0;0;0;0;0;0;0;0;0;0;0;2805;0;0;89;0;80;0;
12917;4925677;1012117504;20709376;1115045888;0;0;0;0;0;0;0;0;0;0;0;2445;0;0;89;0;80;0;
12918;4602211;1012117504;20709376;1115045888;0;0;0;0;0;0;0;0;0;0;0;4048;0;0;89;0;80;0;
12919;5308866;1012117504;20709376;1115045888;0;0;0;0;0;0;0;0;0;0;0;2595;0;0;89;0;80;0;
12920;6463702;1007673344;14204928;1108541440;0;0;0;0;0;0;0;0;0;0;0;4698;0;0;89;0;80;0;
12921;5910004;1007673344;14204928;1108541440;0;0;0;0;0;0;0;0;0;0;0;3726;0;0;89;0;80;0;
12922;6958299;1007673344;14204928;1108541440;0;0;0;0;0;0;0;0;0;0;0;4158;0;0;89;0;80;0;
12923;6994797;1007673344;14204928;1108541440;0;0;0;0;0;0;0;0;0;0;0;3236;0;0;89;0;80;0;
12924;5550820;1007673344;14204928;1108541440;0;0;0;0;0;0;0;0;0;0;0;3486;0;0;89;0;80;0;
12925;5115784;1007673344;14204928;1108541440;0;0;0;0;0;0;0;0;0;0;0;2384;0;0;89;0;80;0;
12926;4641294;1007673344;14204928;1108541440;0;0;0;0;0;0;0;0;0;0;0;3948;0;0;89;0;80;0;
12927;4801154;1007673344;14204928;1108541440;0;0;0;0;0;0;0;0;0;0;0;2675;0;0;89;0;80;0;
12928;3590294;1007673344;14204928;1108541440;0;0;0;0;0;0;0;0;0;0;0;3076;0;0;89;0;80;0;
12929;5500957;1007673344;14204928;1108541440;0;0;0;0;0;0;0;0;0;0;0;2374;0;0;89;0;80;0;
12930;4023375;1007673344;14204928;1108541440;0;0;0;0;0;0;0;0;0;0;0;2986;0;0;89;0;80;0;
12931;5135060;1007673344;14204928;1108541440;0;0;0;0;0;0;0;0;0;0;0;1733;0;0;89;0;80;0;
12932;4193875;1007673344;14204928;1108541440;0;0;0;0;0;0;0;0;0;0;0;3527;0;0;89;0;80;0;
12933;5089415;1007673344;14204928;1108541440;0;0;0;0;0;0;0;0;0;0;0;2394;0;0;89;0;80;0;
12934;4016753;1007673344;14204928;1108541440;0;0;0;0;0;0;0;0;0;0;0;3436;0;0;89;0;80;0;
12935;6439427;1010032640;20709376;1115045888;0;0;0;0;0;0;0;0;0;0;0;5090;0;0;89;0;80;0;
12936;5980185;1012129792;20709376;1115045888;0;0;0;0;0;0;0;0;0;0;0;4989;0;0;89;0;80;0;
12937;5700030;1012129792;20709376;1115045888;0;0;0;0;0;0;0;0;0;0;0;4529;0;0;89;0;80;0;
12938;4034477;1012129792;20709376;1115045888;0;0;0;0;0;0;0;0;0;0;0;3306;0;0;89;0;80;0;
12939;4864934;1012129792;20709376;1115045888;0;0;0;0;0;0;0;0;0;0;0;2555;0;0;89;0;80;0;
12940;4048663;1012129792;20709376;1115045888;0;0;0;0;0;0;0;0;0;0;0;3026;0;0;89;0;80;0;
12941;5027769;1012129792;20709376;1115045888;0;0;0;0;0;0;0;0;0;0;0;2124;0;0;89;0;80;0;
12942;4888147;1012129792;20709376;1115045888;0;0;0;0;0;0;0;0;0;0;0;3286;0;0;89;0;80;0;
12943;4728688;1012129792;20709376;1115045888;0;0;0;0;0;0;0;0;0;0;0;7394;0;0;89;0;80;0;
12944;3895726;1007685632;14204928;1108541440;0;0;0;0;0;0;0;0;0;0;0;3436;0;0;89;0;80;0;
12945;5072413;1007685632;14204928;1108541440;0;0;0;0;0;0;0;0;0;0;0;2435;0;0;89;0;80;0;
12946;4136748;1007685632;14204928;1108541440;0;0;0;0;0;0;0;0;0;0;0;3968;0;0;89;0;80;0;
12947;4645993;1007685632;14204928;1108541440;0;0;0;0;0;0;0;0;0;0;0;2114;0;0;89;0;80;0;
12948;3188640;1007685632;14204928;1108541440;0;0;0;0;0;0;0;0;0;0;0;2685;0;0;89;0;80;0;
12949;5804406;1007685632;14204928;1108541440;0;0;0;0;0;0;0;0;0;0;0;3006;0;0;89;0;80;0;
12950;5177710;1007685632;14204928;1108541440;0;0;0;0;0;0;0;0;0;0;0;3397;0;0;89;0;80;0;
12951;5042928;1007685632;14204928;1108541440;0;0;0;0;0;0;0;0;0;0;0;3146;0;0;89;0;80;0;
12952;5817621;1007685632;14204928;1108541440;0;0;0;0;0;0;0;0;0;0;0;3386;0;0;89;0;80;0;
12953;5928679;1007685632;14204928;1108541440;0;0;0;0;0;0;0;0;0;0;0;2876;0;0;89;0;80;0;
12954;4018186;1007685632;14204928;1108541440;0;0;0;0;0;0;0;0;0;0;0;3347;0;0;89;0;80;0;
12955;5558164;1007685632;14204928;1108541440;0;0;0;0;0;0;0;0;0;0;0;2084;0;0;89;0;80;0;
12956;4671130;1007685632;14204928;1108541440;0;0;0;0;0;0;0;0;0;0;0;3606;0;0;89;0;80;0;
12957;6871236;1010044928;20709376;1115045888;0;0;0;0;0;0;0;0;0;0;0;2735;0;0;89;0;80;0;
12958;6179870;1012142080;20709376;1115045888;0;0;0;0;0;0;0;0;0;0;0;4388;0;0;89;0;80;0;
12959;5465179;1012142080;20709376;1115045888;0;0;0;0;0;0;0;0;0;0;0;3697;0;0;89;0;80;0;
12960;3746907;1012142080;20709376;1115045888;0;0;0;0;0;0;0;0;0;0;0;3207;0;0;89;0;80;0;
12961;4893286;1012142080;20709376;1115045888;0;0;0;0;0;0;0;0;0;0;0;3376;0;0;89;0;80;0;
12962;4750760;1012142080;20709376;1115045888;0;0;0;0;0;0;0;0;0;0;0;3256;0;0;89;0;80;0;
12963;5981819;1012142080;20709376;1115045888;0;0;0;0;0;0;0;0;0;0;0;3387;0;0;89;0;80;0;
12964;3403162;1012142080;20709376;1115045888;0;0;0;0;0;0;0;0;0;0;0;3166;0;0;89;0;80;0;
12965;5600072;1012142080;20709376;1115045888;0;0;0;0;0;0;0;0;0;0;0;3427;0;0;89;0;80;0;
12966;4033694;1007697920;14204928;1108541440;0;0;0;0;0;0;0;0;0;0;0;3236;0;0;89;0;80;0;
12967;5183842;1007697920;14204928;1108541440;0;0;0;0;0;0;0;0;0;0;0;2574;0;0;89;0;80;0;
12968;4099188;1007697920;14204928;1108541440;0;0;0;0;0;0;0;0;0;0;0;3958;0;0;89;0;80;0;
12969;6719271;1007697920;14204928;1108541440;0;0;0;0;0;0;0;0;0;0;0;3036;0;0;89;0;80;0;
12970;3552372;1007697920;14204928;1108541440;0;0;0;0;0;0;0;0;0;0;0;3136;0;0;89;0;80;0;
12971;5088513;1007697920;14204928;1108541440;0;0;0;0;0;0;0;0;0;0;0;2675;0;0;89;0;80;0;
12972;4254349;1007697920;14204928;1108541440;0;0;0;0;0;0;0;0;0;0;0;3517;0;0;89;0;80;0;
12973;4712537;1007697920;14204928;1108541440;0;0;0;0;0;0;0;0;0;0;0;2374;0;0;89;0;80;0;
12974;4839937;1007697920;14204928;1108541440;0;0;0;0;0;0;0;0;0;0;0;3366;0;0;89;0;80;0;
12975;5426948;1007697920;14204928;1108541440;0;0;0;0;0;0;0;0;0;0;0;3196;0;0;89;0;80;0;
12976;4549182;1007697920;14204928;1108541440;0;0;0;0;0;0;0;0;0;0;0;3106;0;0;89;0;80;0;
12977;5144999;1007697920;14204928;1108541440;0;0;0;0;0;0;0;0;0;0;0;2124;0;0;89;0;80;0;
12978;4853853;1007697920;14204928;1108541440;0;0;0;0;0;0;0;0;0;0;0;3136;0;0;89;0;80;0;
12979;4990849;1007697920;14204928;1108541440;0;0;0;0;0;0;0;0;0;0;0;2364;0;0;89;0;80;0;
12980;3577309;1007697920;14204928;1108541440;0;0;0;0;0;0;0;0;0;0;0;3006;0;0;89;0;80;0;
12981;4850506;1007697920;14204928;1108541440;0;0;0;0;0;0;0;0;0;0;0;2435;0;0;89;0;80;0;
12982;4352592;1007697920;14204928;1108541440;0;0;0;0;0;0;0;0;0;0;0;3226;0;0;89;0;80;0;
12983;6136909;1010057216;20709376;1115045888;0;0;0;0;0;0;0;0;0;0;0;2395;0;0;89;0;80;0;
12984;4961845;1012154368;20709376;1115045888;0;0;0;0;0;0;0;0;0;0;0;3246;0;0;89;0;80;0;
12985;5565577;1012154368;20709376;1115045888;0;0;0;0;0;0;0;0;0;0;0;47540;0;0;89;0;80;0;
12986;4019047;1012154368;20709376;1115045888;0;0;0;0;0;0;0;0;0;0;0;3617;0;0;89;0;80;0;
12987;5252671;1012154368;20709376;1115045888;0;0;0;0;0;0;0;0;0;0;0;2545;0;0;89;0;80;0;
12988;3906416;1012154368;20709376;1115045888;0;0;0;0;0;0;0;0;0;0;0;3387;0;0;89;0;80;0;
12989;5074596;1012154368;20709376;1115045888;0;0;0;0;0;0;0;0;0;0;0;2685;0;0;89;0;80;0;
12990;4048522;1012154368;20709376;1115045888;0;0;0;0;0;0;0;0;0;0;0;2925;0;0;89;0;80;0;
12991;5049019;1012154368;20709376;1115045888;0;0;0;0;0;0;0;0;0;0;0;3377;0;0;89;0;80;0;
12992;3128698;1007710208;14204928;1108541440;0;0;0;0;0;0;0;0;0;0;0;3226;0;0;89;0;80;0;
12993;5340295;1007710208;14204928;1108541440;0;0;0;0;0;0;0;0;0;0;0;2736;0;0;89;0;80;0;
12994;3607556;1007710208;14204928;1108541440;0;0;0;0;0;0;0;0;0;0;0;2765;0;0;89;0;80;0;
12995;5379378;1007710208;14204928;1108541440;0;0;0;0;0;0;0;0;0;0;0;1994;0;0;89;0;80;0;
12996;2791846;1007710208;14204928;1108541440;0;0;0;0;0;0;0;0;0;0;0;2956;0;0;89;0;80;0;
12997;4591711;1007710208;14204928;1108541440;0;0;0;0;0;0;0;0;0;0;0;1863;0;0;89;0;80;0;
12998;3779588;1007710208;14204928;1108541440;0;0;0;0;0;0;0;0;0;0;0;3747;0;0;89;0;80;0;
12999;5578531;1007710208;14204928;1108541440;0;0;0;0;0;0;0;0;0;0;0;2314;0;0;89;0;80;0;
13000;4284785;1007710208;14204928;1108541440;0;0;0;0;0;0;0;0;0;0;0;3687;0;0;89;0;80;0;
13001;5574895;1007710208;14204928;1108541440;0;0;0;0;0;0;0;0;0;0;0;2594;0;0;89;0;80;0;
13002;3667137;1007710208;14204928;1108541440;0;0;0;0;0;0;0;0;0;0;0;2865;0;0;89;0;80;0;
13003;4966564;1007710208;14204928;1108541440;0;0;0;0;0;0;0;0;0;0;0;2415;0;0;89;0;80;0;
13004;4930336;1007710208;14204928;1108541440;0;0;0;0;0;0;0;0;0;0;0;3125;0;0;89;0;80;0;
13005;5086860;1010069504;20709376;1115045888;0;0;0;0;0;0;0;0;0;0;0;1994;0;0;89;0;80;0;
13006;3416998;1012166656;20709376;1115045888;0;0;0;0;0;0;0;0;0;0;0;2946;0;0;89;0;80;0;
13007;4456538;1012166656;20709376;1115045888;0;0;0;0;0;0;0;0;0;0;0;1843;0;0;89;0;80;0;
13008;4078969;1012166656;20709376;1115045888;0;0;0;0;0;0;0;0;0;0;0;2805;0;0;89;0;80;0;
13009;4841669;1012166656;20709376;1115045888;0;0;0;0;0;0;0;0;0;0;0;1924;0;0;89;0;80;0;
13010;3059127;1012166656;20709376;1115045888;0;0;0;0;0;0;0;0;0;0;0;2645;0;0;89;0;80;0;
13011;4876956;1012166656;20709376;1115045888;0;0;0;0;0;0;0;0;0;0;0;1663;0;0;89;0;80;0;
13012;9714148;1012166656;20709376;1115045888;0;0;0;0;0;0;0;0;0;0;0;2855;0;0;89;0;80;0;
13013;5078544;1012166656;20709376;1115045888;0;0;0;0;0;0;0;0;0;0;0;1944;0;0;89;0;80;0;
13014;3152552;1007722496;14204928;1108541440;0;0;0;0;0;0;0;0;0;0;0;2184;0;0;89;0;80;0;
13015;4734439;1007722496;14204928;1108541440;0;0;0;0;0;0;0;0;0;0;0;1903;0;0;89;0;80;0;
13016;3049469;1007722496;14204928;1108541440;0;0;0;0;0;0;0;0;0;0;0;2234;0;0;89;0;80;0;
13017;4380305;1007722496;14204928;1108541440;0;0;0;0;0;0;0;0;0;0;0;2194;0;0;89;0;80;0;
13018;3124119;1007722496;14204928;1108541440;0;0;0;0;0;0;0;0;0;0;0;2364;0;0;89;0;80;0;
13019;5261246;1007722496;14204928;1108541440;0;0;0;0;0;0;0;0;0;0;0;1603;0;0;89;0;80;0;
13020;1994280;1007722496;14204928;1108541440;0;0;0;0;0;0;0;0;0;0;0;2174;0;0;89;0;80;0;
13021;4589998;1007722496;14204928;1108541440;0;0;0;0;0;0;0;0;0;0;0;2144;0;0;89;0;80;0;
13022;2051938;1007722496;14204928;1108541440;0;0;0;0;0;0;0;0;0;0;0;2554;0;0;89;0;80;0;
13023;4773632;1007722496;14204928;1108541440;0;0;0;0;0;0;0;0;0;0;0;1994;0;0;89;0;80;0;
13024;3216442;1007722496;14204928;1108541440;0;0;0;0;0;0;0;0;0;0;0;2334;0;0;89;0;80;0;
13025;4795033;1007722496;14204928;1108541440;0;0;0;0;0;0;0;0;0;0;0;2204;0;0;89;0;80;0;
13026;2786837;1007722496;14204928;1108541440;0;0;0;0;0;0;0;0;0;0;0;2304;0;0;89;0;80;0;
13027;4420360;1007722496;14204928;1108541440;0;0;0;0;0;0;0;0;0;0;0;2104;0;0;89;0;80;0;
13028;3593359;1007722496;14204928;1108541440;0;0;0;0;0;0;0;0;0;0;0;1863;0;0;89;0;80;0;
13029;5170196;1010081792;20709376;1115045888;0;0;0;0;0;0;0;0;0;0;0;1793;0;0;89;0;80;0;
13030;2745108;1012178944;20709376;1115045888;0;0;0;0;0;0;0;0;0;0;0;1844;0;0;89;0;80;0;
13031;5322171;1012178944;20709376;1115045888;0;0;0;0;0;0;0;0;0;0;0;1673;0;0;89;0;80;0;
13032;3443467;1012178944;20709376;1115045888;0;0;0;0;0;0;0;0;0;0;0;2214;0;0;89;0;80;0;
13033;4790063;1012178944;20709376;1115045888;0;0;0;0;0;0;0;0;0;0;0;2004;0;0;89;0;80;0;
13034;4465274;1012178944;20709376;1115045888;0;0;0;0;0;0;0;0;0;0;0;2465;0;0;89;0;80;0;
13035;4645872;1012178944;20709376;1115045888;0;0;0;0;0;0;0;0;0;0;0;2124;0;0;89;0;80;0;
13036;2513985;1012178944;20709376;1115045888;0;0;0;0;0;0;0;0;0;0;0;2245;0;0;89;0;80;0;
13037;5060300;1012178944;20709376;1115045888;0;0;0;0;0;0;0;0;0;0;0;2094;0;0;89;0;80;0;
13038;2491873;1007734784;14204928;1108541440;0;0;0;0;0;0;0;0;0;0;0;1923;0;0;89;0;80;0;
13039;4541136;1007734784;14204928;1108541440;0;0;0;0;0;0;0;0;0;0;0;1854;0;0;89;0;80;0;
13040;2335409;1007734784;14204928;1108541440;0;0;0;0;0;0;0;0;0;0;0;2044;0;0;89;0;80;0;
13041;5201805;1007734784;14204928;1108541440;0;0;0;0;0;0;0;0;0;0;0;1683;0;0;89;0;80;0;
13042;3010456;1007734784;14204928;1108541440;0;0;0;0;0;0;0;0;0;0;0;1994;0;0;89;0;80;0;
13043;5133357;1007734784;14204928;1108541440;0;0;0;0;0;0;0;0;0;0;0;1863;0;0;89;0;80;0;
13044;4495060;1007734784;14204928;1108541440;0;0;0;0;0;0;0;0;0;0;0;2124;0;0;89;0;80;0;
13045;5075499;1007734784;14204928;1108541440;0;0;0;0;0;0;0;0;0;0;0;1833;0;0;89;0;80;0;
13046;2472377;1007734784;14204928;1108541440;0;0;0;0;0;0;0;0;0;0;0;2004;0;0;89;0;80;0;
13047;4451649;1007734784;14204928;1108541440;0;0;0;0;0;0;0;0;0;0;0;1924;0;0;89;0;80;0;
13048;2307127;1007734784;14204928;1108541440;0;0;0;0;0;0;0;0;0;0;0;2164;0;0;89;0;80;0;
13049;6170282;1007734784;14213120;1108549632;0;0;0;0;0;0;0;0;0;0;0;2205;0;0;89;0;80;0;
13050;3866701;1007734784;14213120;1108549632;0;0;0;0;0;0;0;0;0;0;0;2475;0;0;89;0;80;0;
13051;6045007;1010094080;20717568;1115054080;0;0;0;0;0;0;0;0;0;0;0;2796;0;0;89;0;80;0;
13052;4503255;1012191232;20717568;1115054080;0;0;0;0;0;0;0;0;0;0;0;3547;0;0;89;0;80;0;
13053;5016608;1012191232;20717568;1115054080;0;0;0;0;0;0;0;0;0;0;0;1713;0;0;89;0;80;0;
13054;5617375;1012191232;20717568;1115054080;0;0;0;0;0;0;0;0;0;0;0;3426;0;0;89;0;80;0;
13055;6381688;1012191232;20717568;1115054080;0;0;0;0;0;0;0;0;0;0;0;3126;0;0;89;0;80;0;
13056;4931008;1012281344;20709376;1115045888;0;0;0;0;0;0;0;0;0;0;0;2956;0;0;89;0;80;0;
13057;4774615;1012281344;20709376;1115045888;0;0;0;0;0;0;0;0;0;0;0;2204;0;0;89;0;80;0;
13058;3465179;1012281344;20709376;1115045888;0;0;0;0;0;0;0;0;0;0;0;3416;0;0;89;0;80;0;
13059;5333533;1012281344;20709376;1115045888;0;0;0;0;0;0;0;0;0;0;0;3336;0;0;89;0;80;0;
13060;4181973;1007747072;14204928;1108541440;0;0;0;0;0;0;0;0;0;0;0;3797;0;0;89;0;80;0;
13061;5047496;1007747072;14204928;1108541440;0;0;0;0;0;0;0;0;0;0;0;2865;0;0;89;0;80;0;
13062;4236515;1007747072;14204928;1108541440;0;0;0;0;0;0;0;0;0;0;0;3156;0;0;89;0;80;0;
13063;4489420;1007747072;14204928;1108541440;0;0;0;0;0;0;0;0;0;0;0;1903;0;0;89;0;80;0;
13064;4185349;1007747072;14204928;1108541440;0;0;0;0;0;0;0;0;0;0;0;2675;0;0;89;0;80;0;
13065;4898136;1007747072;14204928;1108541440;0;0;0;0;0;0;0;0;0;0;0;2414;0;0;89;0;80;0;
13066;6942690;1007747072;14204928;1108541440;0;0;0;0;0;0;0;0;0;0;0;4338;0;0;89;0;80;0;
13067;5527016;1007747072;14204928;1108541440;0;0;0;0;0;0;0;0;0;0;0;2745;0;0;89;0;80;0;
13068;7124341;1007747072;14204928;1108541440;0;0;0;0;0;0;0;0;0;0;0;3858;0;0;89;0;80;0;
13069;4939724;1007747072;14204928;1108541440;0;0;0;0;0;0;0;0;0;0;0;2815;0;0;89;0;80;0;
13070;4931999;1007747072;14204928;1108541440;0;0;0;0;0;0;0;0;0;0;0;3576;0;0;89;0;80;0;
13071;5734244;1007747072;14204928;1108541440;0;0;0;0;0;0;0;0;0;0;0;2876;0;0;89;0;80;0;
13072;5778197;1007747072;14204928;1108541440;0;0;0;0;0;0;0;0;0;0;0;3196;0;0;89;0;80;0;
13073;5343862;1007747072;14204928;1108541440;0;0;0;0;0;0;0;0;0;0;0;2815;0;0;89;0;80;0;
13074;7005478;1007747072;14204928;1108541440;0;0;0;0;0;0;0;0;0;0;0;4188;0;0;89;0;80;0;
13075;5039150;1007747072;14204928;1108541440;0;0;0;0;0;0;0;0;0;0;0;3045;0;0;89;0;80;0;
13076;5184573;1007747072;14204928;1108541440;0;0;0;0;0;0;0;0;0;0;0;2374;0;0;89;0;80;0;
13077;6183196;1010106368;20709376;1115045888;0;0;0;0;0;0;0;0;0;0;0;2475;0;0;89;0;80;0;
13078;4639461;1012203520;20709376;1115045888;0;0;0;0;0;0;0;0;0;0;0;3036;0;0;89;0;80;0;
13079;4698141;1012203520;20709376;1115045888;0;0;0;0;0;0;0;0;0;0;0;2064;0;0;89;0;80;0;
13080;6268836;1012203520;20709376;1115045888;0;0;0;0;0;0;0;0;0;0;0;3307;0;0;89;0;80;0;
13081;5141502;1012203520;20709376;1115045888;0;0;0;0;0;0;0;0;0;0;0;2765;0;0;89;0;80;0;
13082;4174017;1012203520;20709376;1115045888;0;0;0;0;0;0;0;0;0;0;0;2915;0;0;89;0;80;0;
13083;5632653;1012203520;20709376;1115045888;0;0;0;0;0;0;0;0;0;0;0;2635;0;0;89;0;80;0;
13084;5387524;1012203520;20709376;1115045888;0;0;0;0;0;0;0;0;0;0;0;53620;0;0;89;0;80;0;
13085;5211784;1012203520;20709376;1115045888;0;0;0;0;0;0;0;0;0;0;0;2985;0;0;89;0;80;0;
13086;5431105;1007759360;14204928;1108541440;0;0;0;0;0;0;0;0;0;0;0;4017;0;0;89;0;80;0;
13087;6473780;1007759360;14204928;1108541440;0;0;0;0;0;0;0;0;0;0;0;2394;0;0;89;0;80;0;
13088;6121881;1007759360;14204928;1108541440;0;0;0;0;0;0;0;0;0;0;0;3426;0;0;89;0;80;0;
13089;6250923;1007759360;14204928;1108541440;0;0;0;0;0;0;0;0;0;0;0;2836;0;0;89;0;80;0;
13090;6640323;1007759360;14204928;1108541440;0;0;0;0;0;0;0;0;0;0;0;3116;0;0;89;0;80;0;
13091;5868606;1007759360;14204928;1108541440;0;0;0;0;0;0;0;0;0;0;0;3276;0;0;89;0;80;0;
13092;5142955;1007759360;14204928;1108541440;0;0;0;0;0;0;0;0;0;0;0;3627;0;0;89;0;80;0;
13093;7259605;1007759360;14204928;1108541440;0;0;0;0;0;0;0;0;0;0;0;3046;0;0;89;0;80;0;
13094;3492379;1007759360;14204928;1108541440;0;0;0;0;0;0;0;0;0;0;0;3366;0;0;89;0;80;0;
13095;7119331;1007759360;14204928;1108541440;0;0;0;0;0;0;0;0;0;0;0;2785;0;0;89;0;80;0;
13096;4911812;1007759360;14204928;1108541440;0;0;0;0;0;0;0;0;0;0;0;3827;0;0;89;0;80;0;
13097;6636186;1007759360;14204928;1108541440;0;0;0;0;0;0;0;0;0;0;0;35827;0;0;89;0;80;0;
13098;4129494;1007759360;14204928;1108541440;0;0;0;0;0;0;0;0;0;0;0;2144;0;0;89;0;80;0;
13099;5472513;1010118656;20709376;1115045888;0;0;0;0;0;0;0;0;0;0;0;1674;0;0;89;0;80;0;
13100;4007235;1012215808;20709376;1115045888;0;0;0;0;0;0;0;0;0;0;0;2906;0;0;89;0;80;0;
13101;5069467;1012215808;20709376;1115045888;0;0;0;0;0;0;0;0;0;0;0;1663;0;0;89;0;80;0;
13102;4894178;1012215808;20709376;1115045888;0;0;0;0;0;0;0;0;0;0;0;3747;0;0;89;0;80;0;
13103;5462104;1012215808;20709376;1115045888;0;0;0;0;0;0;0;0;0;0;0;2776;0;0;89;0;80;0;
13104;4821793;1012215808;20709376;1115045888;0;0;0;0;0;0;0;0;0;0;0;4238;0;0;89;0;80;0;
13105;6877829;1012215808;20709376;1115045888;0;0;0;0;0;0;0;0;0;0;0;3616;0;0;89;0;80;0;
13106;4749366;1012215808;20709376;1115045888;0;0;0;0;0;0;0;0;0;0;0;3526;0;0;89;0;80;0;
13107;7567191;1012215808;20709376;1115045888;0;0;0;0;0;0;0;0;0;0;0;6522;0;0;89;0;80;0;
13108;6184890;1007771648;14204928;1108541440;0;0;0;0;0;0;0;0;0;0;0;6673;0;0;89;0;80;0;
13109;8400424;1007771648;14204928;1108541440;0;0;0;0;0;0;0;0;0;0;0;5360;0;0;89;0;80;0;
13110;7809626;1007771648;14204928;1108541440;0;0;0;0;0;0;0;0;0;0;0;4418;0;0;89;0;80;0;
13111;7243094;1007771648;14204928;1108541440;0;0;0;0;0;0;0;0;0;0;0;4137;0;0;89;0;80;0;
13112;7328443;1007771648;14204928;1108541440;0;0;0;0;0;0;0;0;0;0;0;3807;0;0;89;0;80;0;
13113;5316401;1007771648;14204928;1108541440;0;0;0;0;0;0;0;0;0;0;0;3387;0;0;89;0;80;0;
13114;5867594;1007771648;14204928;1108541440;0;0;0;0;0;0;0;0;0;0;0;3848;0;0;89;0;80;0;
13115;7171028;1007771648;14204928;1108541440;0;0;0;0;0;0;0;0;0;0;0;3536;0;0;89;0;80;0;
13116;6617039;1007771648;14204928;1108541440;0;0;0;0;0;0;0;0;0;0;0;3808;0;0;89;0;80;0;
13117;6868461;1007771648;14204928;1108541440;0;0;0;0;0;0;0;0;0;0;0;3416;0;0;89;0;80;0;
13118;6131268;1007771648;14204928;1108541440;0;0;0;0;0;0;0;0;0;0;0;4028;0;0;89;0;80;0;
13119;7715740;1007771648;14204928;1108541440;0;0;0;0;0;0;0;0;0;0;0;3466;0;0;89;0;80;0;
13120;5465159;1007771648;14204928;1108541440;0;0;0;0;0;0;0;0;0;0;0;3066;0;0;89;0;80;0;
13121;4428695;1007771648;14204928;1108541440;0;0;0;0;0;0;0;0;0;0;0;2304;0;0;89;0;80;0;
13122;2615465;1007771648;14204928;1108541440;0;0;0;0;0;0;0;0;0;0;0;2084;0;0;89;0;80;0;
13123;5167040;1010130944;20709376;1115045888;0;0;0;0;0;0;0;0;0;0;0;1623;0;0;89;0;80;0;
13124;4200527;1012228096;20709376;1115045888;0;0;0;0;0;0;0;0;0;0;0;5330;0;0;89;0;80;0;
13125;7252371;1012228096;20709376;1115045888;0;0;0;0;0;0;0;0;0;0;0;4378;0;0;89;0;80;0;
13126;6078941;1012228096;20709376;1115045888;0;0;0;0;0;0;0;0;0;0;0;3917;0;0;89;0;80;0;
13127;8326967;1012228096;20709376;1115045888;0;0;0;0;0;0;0;0;0;0;0;4138;0;0;89;0;80;0;
13128;5997748;1012228096;20709376;1115045888;0;0;0;0;0;0;0;0;0;0;0;6082;0;0;89;0;80;0;
13129;8011404;1012228096;20709376;1115045888;0;0;0;0;0;0;0;0;0;0;0;4609;0;0;89;0;80;0;
13130;6103265;1012228096;20709376;1115045888;0;0;0;0;0;0;0;0;0;0;0;5590;0;0;89;0;80;0;
13131;6141878;1012228096;20709376;1115045888;0;0;0;0;0;0;0;0;0;0;0;2975;0;0;89;0;80;0;
13132;6404782;1007783936;14204928;1108541440;0;0;0;0;0;0;0;0;0;0;0;5320;0;0;89;0;80;0;
13133;8271672;1007783936;14204928;1108541440;0;0;0;0;0;0;0;0;0;0;0;6051;0;0;89;0;80;0;
13134;5944959;1007783936;14204928;1108541440;0;0;0;0;0;0;0;0;0;0;0;3727;0;0;89;0;80;0;
13135;6255101;1007783936;14204928;1108541440;0;0;0;0;0;0;0;0;0;0;0;3707;0;0;89;0;80;0;
13136;6335371;1007783936;14204928;1108541440;0;0;0;0;0;0;0;0;0;0;0;4559;0;0;89;0;80;0;
13137;6556866;1007783936;14213120;1108549632;0;0;0;0;0;0;0;0;0;0;0;3717;0;0;89;0;80;0;
13138;6321425;1007783936;14213120;1108549632;0;0;0;0;0;0;0;0;0;0;0;3938;0;0;89;0;80;0;
13139;5912549;1007783936;14213120;1108549632;0;0;0;0;0;0;0;0;0;0;0;3106;0;0;89;0;80;0;
13140;5673770;1007783936;14213120;1108549632;0;0;0;0;0;0;0;0;0;0;0;3928;0;0;89;0;80;0;
13141;6069222;1007783936;14213120;1108549632;0;0;0;0;0;0;0;0;0;0;0;2955;0;0;89;0;80;0;
13142;6796907;1007783936;14213120;1108549632;0;0;0;0;0;0;0;0;0;0;0;2965;0;0;89;0;80;0;
13143;5584964;1007783936;14213120;1108549632;0;0;0;0;0;0;0;0;0;0;0;2645;0;0;89;0;80;0;
13144;7178622;1007783936;14204928;1108541440;0;0;0;0;0;0;0;0;0;0;0;3547;0;0;89;0;80;0;
13145;6584408;1010143232;20709376;1115045888;0;0;0;0;0;0;0;0;0;0;0;2485;0;0;89;0;80;0;
13146;5788395;1012240384;20709376;1115045888;0;0;0;0;0;0;0;0;0;0;0;4147;0;0;89;0;80;0;
13147;7664934;1012240384;20709376;1115045888;0;0;0;0;0;0;0;0;0;0;0;3497;0;0;89;0;80;0;
13148;4819268;1012240384;20709376;1115045888;0;0;0;0;0;0;0;0;0;0;0;3707;0;0;89;0;80;0;
13149;7038721;1012240384;20709376;1115045888;0;0;0;0;0;0;0;0;0;0;0;3296;0;0;89;0;80;0;
13150;5512047;1012240384;20709376;1115045888;0;0;0;0;0;0;0;0;0;0;0;5931;0;0;89;0;80;0;
13151;7547134;1012240384;20709376;1115045888;0;0;0;0;0;0;0;0;0;0;0;5200;0;0;89;0;80;0;
13152;7608368;1012240384;20709376;1115045888;0;0;0;0;0;0;0;0;0;0;0;7274;0;0;89;0;80;0;
13153;7293107;1012240384;20709376;1115045888;0;0;0;0;0;0;0;0;0;0;0;6191;0;0;89;0;80;0;
13154;7800218;1007796224;14204928;1108541440;0;0;0;0;0;0;0;0;0;0;0;4318;0;0;89;0;80;0;
13155;6444416;1007796224;14204928;1108541440;0;0;0;0;0;0;0;0;0;0;0;2965;0;0;89;0;80;0;
13156;5361495;1007796224;14204928;1108541440;0;0;0;0;0;0;0;0;0;0;0;3758;0;0;89;0;80;0;
13157;6188886;1007796224;14204928;1108541440;0;0;0;0;0;0;0;0;0;0;0;3767;0;0;89;0;80;0;
13158;3547473;1007796224;14204928;1108541440;0;0;0;0;0;0;0;0;0;0;0;3076;0;0;89;0;80;0;
13159;5298457;1007796224;14204928;1108541440;0;0;0;0;0;0;0;0;0;0;0;2685;0;0;89;0;80;0;
13160;5353871;1007796224;14204928;1108541440;0;0;0;0;0;0;0;0;0;0;0;3917;0;0;89;0;80;0;
13161;6783371;1007796224;14204928;1108541440;0;0;0;0;0;0;0;0;0;0;0;3116;0;0;89;0;80;0;
13162;4093387;1007796224;14204928;1108541440;0;0;0;0;0;0;0;0;0;0;0;3527;0;0;89;0;80;0;
13163;6664919;1007796224;14204928;1108541440;0;0;0;0;0;0;0;0;0;0;0;3166;0;0;89;0;80;0;
13164;3981937;1007796224;14204928;1108541440;0;0;0;0;0;0;0;0;0;0;0;3767;0;0;89;0;80;0;
13165;5863096;1007796224;14204928;1108541440;0;0;0;0;0;0;0;0;0;0;0;3367;0;0;89;0;80;0;
13166;4087816;1007796224;14204928;1108541440;0;0;0;0;0;0;0;0;0;0;0;3407;0;0;89;0;80;0;
13167;4944022;1007796224;14204928;1108541440;0;0;0;0;0;0;0;0;0;0;0;2475;0;0;89;0;80;0;
13168;4151045;1007796224;14204928;1108541440;0;0;0;0;0;0;0;0;0;0;0;3907;0;0;89;0;80;0;
13169;5777846;1007796224;14204928;1108541440;0;0;0;0;0;0;0;0;0;0;0;2806;0;0;89;0;80;0;
13170;4799521;1007796224;14204928;1108541440;0;0;0;0;0;0;0;0;0;0;0;3727;0;0;89;0;80;0;
13171;5292134;1010155520;20709376;1115045888;0;0;0;0;0;0;0;0;0;0;0;2074;0;0;89;0;80;0;
13172;4781297;1012252672;20709376;1115045888;0;0;0;0;0;0;0;0;0;0;0;3346;0;0;89;0;80;0;
13173;6812786;1012252672;20709376;1115045888;0;0;0;0;0;0;0;0;0;0;0;4188;0;0;89;0;80;0;
13174;5199531;1012252672;20709376;1115045888;0;0;0;0;0;0;0;0;0;0;0;6102;0;0;89;0;80;0;
13175;6305626;1012252672;20709376;1115045888;0;0;0;0;0;0;0;0;0;0;0;2345;0;0;89;0;80;0;
13176;4960323;1012252672;20709376;1115045888;0;0;0;0;0;0;0;0;0;0;0;3116;0;0;89;0;80;0;
13177;5927286;1012252672;20709376;1115045888;0;0;0;0;0;0;0;0;0;0;0;2825;0;0;89;0;80;0;
13178;5037097;1012252672;20709376;1115045888;0;0;0;0;0;0;0;0;0;0;0;3606;0;0;89;0;80;0;
13179;5626011;1012252672;20709376;1115045888;0;0;0;0;0;0;0;0;0;0;0;2985;0;0;89;0;80;0;
13180;4612139;1007808512;14204928;1108541440;0;0;0;0;0;0;0;0;0;0;0;3436;0;0;89;0;80;0;
13181;5663571;1007808512;14204928;1108541440;0;0;0;0;0;0;0;0;0;0;0;2866;0;0;89;0;80;0;
13182;4947258;1007808512;14204928;1108541440;0;0;0;0;0;0;0;0;0;0;0;3857;0;0;89;0;80;0;
13183;5392353;1007808512;14204928;1108541440;0;0;0;0;0;0;0;0;0;0;0;3316;0;0;89;0;80;0;
13184;5408383;1007808512;14204928;1108541440;0;0;0;0;0;0;0;0;0;0;0;3988;0;0;89;0;80;0;
13185;6393320;1007808512;14204928;1108541440;0;0;0;0;0;0;0;0;0;0;0;2815;0;0;89;0;80;0;
13186;4218582;1007808512;14204928;1108541440;0;0;0;0;0;0;0;0;0;0;0;3466;0;0;89;0;80;0;
13187;6117473;1007808512;14204928;1108541440;0;0;0;0;0;0;0;0;0;0;0;2915;0;0;89;0;80;0;
13188;5634547;1007808512;14204928;1108541440;0;0;0;0;0;0;0;0;0;0;0;3416;0;0;89;0;80;0;
13189;5845954;1007808512;14204928;1108541440;0;0;0;0;0;0;0;0;0;0;0;2224;0;0;89;0;80;0;
13190;4867509;1007808512;14204928;1108541440;0;0;0;0;0;0;0;0;0;0;0;3466;0;0;89;0;80;0;
13191;5865991;1007808512;14204928;1108541440;0;0;0;0;0;0;0;0;0;0;0;3046;0;0;89;0;80;0;
13192;4655752;1007808512;14204928;1108541440;0;0;0;0;0;0;0;0;0;0;0;3326;0;0;89;0;80;0;
13193;6515810;1010167808;20709376;1115045888;0;0;0;0;0;0;0;0;0;0;0;3196;0;0;89;0;80;0;
13194;5305169;1012264960;20709376;1115045888;0;0;0;0;0;0;0;0;0;0;0;5601;0;0;89;0;80;0;
13195;6016243;1012264960;20709376;1115045888;0;0;0;0;0;0;0;0;0;0;0;2705;0;0;89;0;80;0;
13196;6724421;1012264960;20709376;1115045888;0;0;0;0;0;0;0;0;0;0;0;4809;0;0;89;0;80;0;
13197;8495201;1012264960;20709376;1115045888;0;0;0;0;0;0;0;0;0;0;0;2064;0;0;89;0;80;0;
13198;5952844;1012264960;20709376;1115045888;0;0;0;0;0;0;0;0;0;0;0;6783;0;0;89;0;80;0;
13199;7105545;1012264960;20709376;1115045888;0;0;0;0;0;0;0;0;0;0;0;5470;0;0;89;0;80;0;
13200;6861598;1012264960;20709376;1115045888;0;0;0;0;0;0;0;0;0;0;0;6493;0;0;89;0;80;0;
13201;6256483;1012264960;20709376;1115045888;0;0;0;0;0;0;0;0;0;0;0;3005;0;0;89;0;80;0;
13202;7017731;1007820800;14204928;1108541440;0;0;0;0;0;0;0;0;0;0;0;6462;0;0;89;0;80;0;
13203;6040298;1007820800;14204928;1108541440;0;0;0;0;0;0;0;0;0;0;0;3036;0;0;89;0;80;0;
13204;6718600;1007820800;14204928;1108541440;0;0;0;0;0;0;0;0;0;0;0;3296;0;0;89;0;80;0;
13205;5461672;1007820800;14204928;1108541440;0;0;0;0;0;0;0;0;0;0;0;3206;0;0;89;0;80;0;
13206;4385896;1007820800;14204928;1108541440;0;0;0;0;0;0;0;0;0;0;0;3306;0;0;89;0;80;0;
13207;5830524;1007820800;14204928;1108541440;0;0;0;0;0;0;0;0;0;0;0;2956;0;0;89;0;80;0;
13208;4195117;1007820800;14204928;1108541440;0;0;0;0;0;0;0;0;0;0;0;3307;0;0;89;0;80;0;
13209;6086965;1007820800;14204928;1108541440;0;0;0;0;0;0;0;0;0;0;0;3797;0;0;89;0;80;0;
13210;4068881;1007820800;14204928;1108541440;0;0;0;0;0;0;0;0;0;0;0;3697;0;0;89;0;80;0;
13211;5113479;1007820800;14204928;1108541440;0;0;0;0;0;0;0;0;0;0;0;3366;0;0;89;0;80;0;
13212;3336968;1007820800;14204928;1108541440;0;0;0;0;0;0;0;0;0;0;0;3296;0;0;89;0;80;0;
13213;4970722;1007820800;14204928;1108541440;0;0;0;0;0;0;0;0;0;0;0;3226;0;0;89;0;80;0;
13214;4482898;1007820800;14204928;1108541440;0;0;0;0;0;0;0;0;0;0;0;3436;0;0;89;0;80;0;
13215;6016042;1007820800;14204928;1108541440;0;0;0;0;0;0;0;0;0;0;0;2415;0;0;89;0;80;0;
13216;4262184;1007820800;14204928;1108541440;0;0;0;0;0;0;0;0;0;0;0;93596;0;0;89;0;80;0;
13217;5187118;1010180096;20709376;1115045888;0;0;0;0;0;0;0;0;0;0;0;2355;0;0;89;0;80;0;
13218;4784974;1012277248;20709376;1115045888;0;0;0;0;0;0;0;0;0;0;0;3827;0;0;89;0;80;0;
13219;6177685;1012277248;20709376;1115045888;0;0;0;0;0;0;0;0;0;0;0;2815;0;0;89;0;80;0;
13220;3218587;1012277248;20709376;1115045888;0;0;0;0;0;0;0;0;0;0;0;3106;0;0;89;0;80;0;
13221;4113935;1012277248;20709376;1115045888;0;0;0;0;0;0;0;0;0;0;0;1713;0;0;89;0;80;0;
13222;3831516;1012277248;20709376;1115045888;0;0;0;0;0;0;0;0;0;0;0;2935;0;0;89;0;80;0;
13223;4227919;1012277248;20709376;1115045888;0;0;0;0;0;0;0;0;0;0;0;2294;0;0;89;0;80;0;
13224;3355252;1012277248;20709376;1115045888;0;0;0;0;0;0;0;0;0;0;0;2966;0;0;89;0;80;0;
13225;5930241;1012277248;20709376;1115045888;0;0;0;0;0;0;0;0;0;0;0;2455;0;0;89;0;80;0;
13226;5708786;1007833088;14204928;1108541440;0;0;0;0;0;0;0;0;0;0;0;6732;0;0;89;0;80;0;
13227;6887356;1007833088;14204928;1108541440;0;0;0;0;0;0;0;0;0;0;0;6282;0;0;89;0;80;0;
13228;3500515;1007833088;14204928;1108541440;0;0;0;0;0;0;0;0;0;0;0;3647;0;0;89;0;80;0;
13229;6238841;1007833088;14204928;1108541440;0;0;0;0;0;0;0;0;0;0;0;3527;0;0;89;0;80;0;
13230;2859092;1007833088;14204928;1108541440;0;0;0;0;0;0;0;0;0;0;0;2976;0;0;89;0;80;0;
13231;5459478;1007833088;14204928;1108541440;0;0;0;0;0;0;0;0;0;0;0;2965;0;0;89;0;80;0;
13232;3339493;1007833088;14204928;1108541440;0;0;0;0;0;0;0;0;0;0;0;3196;0;0;89;0;80;0;
13233;5859759;1007833088;14204928;1108541440;0;0;0;0;0;0;0;0;0;0;0;2284;0;0;89;0;80;0;
13234;3895957;1007833088;14204928;1108541440;0;0;0;0;0;0;0;0;0;0;0;3706;0;0;89;0;80;0;
13235;4851138;1007833088;14204928;1108541440;0;0;0;0;0;0;0;0;0;0;0;2285;0;0;89;0;80;0;
13236;3717702;1007833088;14204928;1108541440;0;0;0;0;0;0;0;0;0;0;0;3457;0;0;89;0;80;0;
13237;4491303;1007833088;14204928;1108541440;0;0;0;0;0;0;0;0;0;0;0;2264;0;0;89;0;80;0;
13238;5121455;1007833088;14204928;1108541440;0;0;0;0;0;0;0;0;0;0;0;3587;0;0;89;0;80;0;
13239;4554190;1007833088;14204928;1108541440;0;0;0;0;0;0;0;0;0;0;0;2595;0;0;89;0;80;0;
13240;3932255;1007833088;14204928;1108541440;0;0;0;0;0;0;0;0;0;0;0;3457;0;0;89;0;80;0;
13241;5460671;1010192384;20709376;1115045888;0;0;0;0;0;0;0;0;0;0;0;3326;0;0;89;0;80;0;
13242;3415365;1012289536;20709376;1115045888;0;0;0;0;0;0;0;0;0;0;0;3156;0;0;89;0;80;0;
13243;5651799;1012289536;20709376;1115045888;0;0;0;0;0;0;0;0;0;0;0;2836;0;0;89;0;80;0;
13244;3539368;1012289536;20709376;1115045888;0;0;0;0;0;0;0;0;0;0;0;2845;0;0;89;0;80;0;
13245;4822745;1012289536;20709376;1115045888;0;0;0;0;0;0;0;0;0;0;0;2434;0;0;89;0;80;0;
13246;3880548;1012289536;20709376;1115045888;0;0;0;0;0;0;0;0;0;0;0;2795;0;0;89;0;80;0;
13247;4833034;1012289536;20709376;1115045888;0;0;0;0;0;0;0;0;0;0;0;1783;0;0;89;0;80;0;
13248;3712432;1012289536;20709376;1115045888;0;0;0;0;0;0;0;0;0;0;0;3887;0;0;89;0;80;0;
13249;5079737;1012289536;20709376;1115045888;0;0;0;0;0;0;0;0;0;0;0;2094;0;0;89;0;80;0;
13250;4715023;1007845376;14204928;1108541440;0;0;0;0;0;0;0;0;0;0;0;6442;0;0;89;0;80;0;
13251;5464107;1007845376;14204928;1108541440;0;0;0;0;0;0;0;0;0;0;0;2184;0;0;89;0;80;0;
13252;4420560;1007845376;14204928;1108541440;0;0;0;0;0;0;0;0;0;0;0;3096;0;0;89;0;80;0;
13253;4919306;1007845376;14204928;1108541440;0;0;0;0;0;0;0;0;0;0;0;1864;0;0;89;0;80;0;
13254;4487526;1007845376;14204928;1108541440;0;0;0;0;0;0;0;0;0;0;0;3817;0;0;89;0;80;0;
13255;5166950;1007845376;14204928;1108541440;0;0;0;0;0;0;0;0;0;0;0;3176;0;0;89;0;80;0;
13256;4133261;1007845376;14204928;1108541440;0;0;0;0;0;0;0;0;0;0;0;3707;0;0;89;0;80;0;
13257;6227038;1007845376;14204928;1108541440;0;0;0;0;0;0;0;0;0;0;0;3426;0;0;89;0;80;0;
13258;4097043;1007845376;14204928;1108541440;0;0;0;0;0;0;0;0;0;0;0;3336;0;0;89;0;80;0;
13259;6239602;1007845376;14204928;1108541440;0;0;0;0;0;0;0;0;0;0;0;2975;0;0;89;0;80;0;
13260;3387042;1007845376;14204928;1108541440;0;0;0;0;0;0;0;0;0;0;0;3837;0;0;89;0;80;0;
13261;5684430;1007845376;14204928;1108541440;0;0;0;0;0;0;0;0;0;0;0;1933;0;0;89;0;80;0;
13262;2547357;1007845376;14204928;1108541440;0;0;0;0;0;0;0;0;0;0;0;3005;0;0;89;0;80;0;
13263;4727797;1010204672;20709376;1115045888;0;0;0;0;0;0;0;0;0;0;0;1994;0;0;89;0;80;0;
13264;4005843;1012301824;20709376;1115045888;0;0;0;0;0;0;0;0;0;0;0;3146;0;0;89;0;80;0;
13265;4200487;1012301824;20709376;1115045888;0;0;0;0;0;0;0;0;0;0;0;1724;0;0;89;0;80;0;
13266;4511341;1012301824;20709376;1115045888;0;0;0;0;0;0;0;0;0;0;0;4107;0;0;89;0;80;0;
13267;4713489;1012301824;20709376;1115045888;0;0;0;0;0;0;0;0;0;0;0;1803;0;0;89;0;80;0;
13268;4060365;1012301824;20709376;1115045888;0;0;0;0;0;0;0;0;0;0;0;4298;0;0;89;0;80;0;
13269;4973968;1012301824;20709376;1115045888;0;0;0;0;0;0;0;0;0;0;0;2254;0;0;89;0;80;0;
13270;2940154;1012301824;20709376;1115045888;0;0;0;0;0;0;0;0;0;0;0;3276;0;0;89;0;80;0;
13271;5455361;1012301824;20709376;1115045888;0;0;0;0;0;0;0;0;0;0;0;2625;0;0;89;0;80;0;
13272;4071295;1007857664;14204928;1108541440;0;0;0;0;0;0;0;0;0;0;0;3337;0;0;89;0;80;0;
13273;4524866;1007857664;14204928;1108541440;0;0;0;0;0;0;0;0;0;0;0;2124;0;0;89;0;80;0;
13274;4773773;1007857664;14204928;1108541440;0;0;0;0;0;0;0;0;0;0;0;6171;0;0;89;0;80;0;
13275;4978366;1007857664;14204928;1108541440;0;0;0;0;0;0;0;0;0;0;0;2254;0;0;89;0;80;0;
13276;4646303;1007857664;14204928;1108541440;0;0;0;0;0;0;0;0;0;0;0;3376;0;0;89;0;80;0;
13277;4492365;1007857664;14204928;1108541440;0;0;0;0;0;0;0;0;0;0;0;2364;0;0;89;0;80;0;
13278;6678034;1007857664;14204928;1108541440;0;0;0;0;0;0;0;0;0;0;0;3807;0;0;89;0;80;0;
13279;5591526;1007857664;14204928;1108541440;0;0;0;0;0;0;0;0;0;0;0;2936;0;0;89;0;80;0;
13280;2640412;1007857664;14204928;1108541440;0;0;0;0;0;0;0;0;0;0;0;3346;0;0;89;0;80;0;
13281;4872387;1007857664;14204928;1108541440;0;0;0;0;0;0;0;0;0;0;0;2024;0;0;89;0;80;0;
13282;4021883;1007857664;14204928;1108541440;0;0;0;0;0;0;0;0;0;0;0;3085;0;0;89;0;80;0;
13283;4459113;1007857664;14204928;1108541440;0;0;0;0;0;0;0;0;0;0;0;1793;0;0;89;0;80;0;
13284;3278329;1007857664;14204928;1108541440;0;0;0;0;0;0;0;0;0;0;0;2605;0;0;89;0;80;0;
13285;5152753;1007857664;14204928;1108541440;0;0;0;0;0;0;0;0;0;0;0;2114;0;0;89;0;80;0;
13286;3134859;1007857664;14204928;1108541440;0;0;0;0;0;0;0;0;0;0;0;3106;0;0;89;0;80;0;
13287;5213918;1007857664;14204928;1108541440;0;0;0;0;0;0;0;0;0;0;0;2034;0;0;89;0;80;0;
13288;2937189;1007857664;14204928;1108541440;0;0;0;0;0;0;0;0;0;0;0;3016;0;0;89;0;80;0;
13289;5421798;1010216960;20709376;1115045888;0;0;0;0;0;0;0;0;0;0;0;2995;0;0;89;0;80;0;
13290;2943771;1012314112;20709376;1115045888;0;0;0;0;0;0;0;0;0;0;0;2575;0;0;89;0;80;0;
13291;4542639;1012314112;20709376;1115045888;0;0;0;0;0;0;0;0;0;0;0;1683;0;0;89;0;80;0;
13292;3779037;1012314112;20709376;1115045888;0;0;0;0;0;0;0;0;0;0;0;3125;0;0;89;0;80;0;
13293;4765668;1012314112;20709376;1115045888;0;0;0;0;0;0;0;0;0;0;0;2145;0;0;89;0;80;0;
13294;3379508;1012314112;20709376;1115045888;0;0;0;0;0;0;0;0;0;0;0;3686;0;0;89;0;80;0;
13295;4876094;1012314112;20709376;1115045888;0;0;0;0;0;0;0;0;0;0;0;1803;0;0;89;0;80;0;
13296;3001529;1012314112;20709376;1115045888;0;0;0;0;0;0;0;0;0;0;0;3196;0;0;89;0;80;0;
13297;4268806;1012314112;20709376;1115045888;0;0;0;0;0;0;0;0;0;0;0;2204;0;0;89;0;80;0;
13298;5023200;1007869952;14204928;1108541440;0;0;0;0;0;0;0;0;0;0;0;3277;0;0;89;0;80;0;
13299;4947048;1007869952;14204928;1108541440;0;0;0;0;0;0;0;0;0;0;0;2745;0;0;89;0;80;0;
13300;5279421;1007869952;14204928;1108541440;0;0;0;0;0;0;0;0;0;0;0;3948;0;0;89;0;80;0;
13301;5896568;1007869952;14204928;1108541440;0;0;0;0;0;0;0;0;0;0;0;2915;0;0;89;0;80;0;
13302;4161434;1007869952;14204928;1108541440;0;0;0;0;0;0;0;0;0;0;0;3817;0;0;89;0;80;0;
13303;5129870;1007869952;14204928;1108541440;0;0;0;0;0;0;0;0;0;0;0;3085;0;0;89;0;80;0;
13304;3459838;1007869952;14204928;1108541440;0;0;0;0;0;0;0;0;0;0;0;3356;0;0;89;0;80;0;
13305;5057545;1007869952;14204928;1108541440;0;0;0;0;0;0;0;0;0;0;0;2144;0;0;89;0;80;0;
13306;2960522;1007869952;14204928;1108541440;0;0;0;0;0;0;0;0;0;0;0;3277;0;0;89;0;80;0;
13307;5607406;1007869952;14204928;1108541440;0;0;0;0;0;0;0;0;0;0;0;3457;0;0;89;0;80;0;
13308;3745063;1007869952;14204928;1108541440;0;0;0;0;0;0;0;0;0;0;0;3036;0;0;89;0;80;0;
13309;5832568;1007869952;14204928;1108541440;0;0;0;0;0;0;0;0;0;0;0;2475;0;0;89;0;80;0;
13310;3051182;1007869952;14204928;1108541440;0;0;0;0;0;0;0;0;0;0;0;3367;0;0;89;0;80;0;
13311;4896743;1010229248;20709376;1115045888;0;0;0;0;0;0;0;0;0;0;0;2355;0;0;89;0;80;0;
13312;3071240;1012326400;20709376;1115045888;0;0;0;0;0;0;0;0;0;0;0;2965;0;0;89;0;80;0;
13313;4939904;1012326400;20709376;1115045888;0;0;0;0;0;0;0;0;0;0;0;1684;0;0;89;0;80;0;
13314;3167240;1012326400;20709376;1115045888;0;0;0;0;0;0;0;0;0;0;0;3617;0;0;89;0;80;0;
13315;4449304;1012326400;20709376;1115045888;0;0;0;0;0;0;0;0;0;0;0;2665;0;0;89;0;80;0;
13316;4704452;1012326400;20709376;1115045888;0;0;0;0;0;0;0;0;0;0;0;3536;0;0;89;0;80;0;
13317;5329816;1012326400;20709376;1115045888;0;0;0;0;0;0;0;0;0;0;0;3116;0;0;89;0;80;0;
13318;3384838;1012326400;20709376;1115045888;0;0;0;0;0;0;0;0;0;0;0;3106;0;0;89;0;80;0;
13319;4863130;1012326400;20709376;1115045888;0;0;0;0;0;0;0;0;0;0;0;2284;0;0;89;0;80;0;
13320;4072959;1007882240;14204928;1108541440;0;0;0;0;0;0;0;0;0;0;0;2675;0;0;89;0;80;0;
13321;4986712;1007882240;14204928;1108541440;0;0;0;0;0;0;0;0;0;0;0;2255;0;0;89;0;80;0;
13322;3616732;1007882240;14204928;1108541440;0;0;0;0;0;0;0;0;0;0;0;5130;0;0;89;0;80;0;
13323;4944223;1007882240;14204928;1108541440;0;0;0;0;0;0;0;0;0;0;0;1824;0;0;89;0;80;0;
13324;3401369;1007882240;14204928;1108541440;0;0;0;0;0;0;0;0;0;0;0;2735;0;0;89;0;80;0;
13325;4674416;1007882240;14204928;1108541440;0;0;0;0;0;0;0;0;0;0;0;2214;0;0;89;0;80;0;
13326;2416411;1007882240;14204928;1108541440;0;0;0;0;0;0;0;0;0;0;0;2645;0;0;89;0;80;0;
13327;4377870;1007882240;14204928;1108541440;0;0;0;0;0;0;0;0;0;0;0;1794;0;0;89;0;80;0;
13328;3384848;1007882240;14204928;1108541440;0;0;0;0;0;0;0;0;0;0;0;3486;0;0;89;0;80;0;
13329;4829717;1007882240;14204928;1108541440;0;0;0;0;0;0;0;0;0;0;0;1953;0;0;89;0;80;0;
13330;3721650;1007882240;14204928;1108541440;0;0;0;0;0;0;0;0;0;0;0;3286;0;0;89;0;80;0;
13331;4432412;1007882240;14204928;1108541440;0;0;0;0;0;0;0;0;0;0;0;2355;0;0;89;0;80;0;
13332;4006214;1007882240;14204928;1108541440;0;0;0;0;0;0;0;0;0;0;0;3406;0;0;89;0;80;0;
13333;4610677;1007882240;14204928;1108541440;0;0;0;0;0;0;0;0;0;0;0;2305;0;0;89;0;80;0;
13334;3494564;1007882240;14204928;1108541440;0;0;0;0;0;0;0;0;0;0;0;2685;0;0;89;0;80;0;
13335;4452230;1010241536;20709376;1115045888;0;0;0;0;0;0;0;0;0;0;0;1503;0;0;89;0;80;0;
13336;3195423;1012338688;20709376;1115045888;0;0;0;0;0;0;0;0;0;0;0;3407;0;0;89;0;80;0;
13337;4643909;1012338688;20709376;1115045888;0;0;0;0;0;0;0;0;0;0;0;1874;0;0;89;0;80;0;
13338;4281229;1012338688;20709376;1115045888;0;0;0;0;0;0;0;0;0;0;0;3677;0;0;89;0;80;0;
13339;5673139;1012338688;20717568;1115054080;0;0;0;0;0;0;0;0;0;0;0;2915;0;0;89;0;80;0;
13340;2838934;1012338688;20717568;1115054080;0;0;0;0;0;0;0;0;0;0;0;2485;0;0;89;0;80;0;
13341;4452440;1012338688;20717568;1115054080;0;0;0;0;0;0;0;0;0;0;0;1823;0;0;89;0;80;0;
13342;3420485;1012338688;20717568;1115054080;0;0;0;0;0;0;0;0;0;0;0;3246;0;0;89;0;80;0;
13343;4774013;1012338688;20717568;1115054080;0;0;0;0;0;0;0;0;0;0;0;2244;0;0;89;0;80;0;
13344;2816152;1007902720;14213120;1108549632;0;0;0;0;0;0;0;0;0;0;0;136085;0;0;89;0;80;0;
13345;5415767;1007902720;14213120;1108549632;0;0;0;0;0;0;0;0;0;0;0;1964;0;0;89;0;80;0;
13346;2944011;1007894528;14204928;1108541440;0;0;0;0;0;0;0;0;0;0;0;3045;0;0;89;0;80;0;
13347;5527676;1007894528;14204928;1108541440;0;0;0;0;0;0;0;0;0;0;0;2054;0;0;89;0;80;0;
13348;4513475;1007894528;14204928;1108541440;0;0;0;0;0;0;0;0;0;0;0;3146;0;0;89;0;80;0;
13349;5301693;1007894528;14204928;1108541440;0;0;0;0;0;0;0;0;0;0;0;2104;0;0;89;0;80;0;
13350;2944392;1007894528;14204928;1108541440;0;0;0;0;0;0;0;0;0;0;0;3226;0;0;89;0;80;0;
13351;5318464;1007894528;14204928;1108541440;0;0;0;0;0;0;0;0;0;0;0;2384;0;0;89;0;80;0;
13352;3865660;1007894528;14204928;1108541440;0;0;0;0;0;0;0;0;0;0;0;2455;0;0;89;0;80;0;
13353;4668545;1007894528;14204928;1108541440;0;0;0;0;0;0;0;0;0;0;0;1813;0;0;89;0;80;0;
13354;2670058;1007894528;14204928;1108541440;0;0;0;0;0;0;0;0;0;0;0;2715;0;0;89;0;80;0;
13355;4225424;1007894528;14204928;1108541440;0;0;0;0;0;0;0;0;0;0;0;2024;0;0;89;0;80;0;
13356;3475878;1007894528;14204928;1108541440;0;0;0;0;0;0;0;0;0;0;0;3216;0;0;89;0;80;0;
13357;6411263;1010253824;20709376;1115045888;0;0;0;0;0;0;0;0;0;0;0;3066;0;0;89;0;80;0;
13358;4944393;1012350976;20709376;1115045888;0;0;0;0;0;0;0;0;0;0;0;4138;0;0;89;0;80;0;
13359;5101648;1012350976;20709376;1115045888;0;0;0;0;0;0;0;0;0;0;0;2355;0;0;89;0;80;0;
13360;4230183;1012350976;20709376;1115045888;0;0;0;0;0;0;0;0;0;0;0;3626;0;0;89;0;80;0;
13361;5325928;1012350976;20709376;1115045888;0;0;0;0;0;0;0;0;0;0;0;2344;0;0;89;0;80;0;
13362;3586676;1012350976;20709376;1115045888;0;0;0;0;0;0;0;0;0;0;0;3156;0;0;89;0;80;0;
13363;5073425;1012350976;20709376;1115045888;0;0;0;0;0;0;0;0;0;0;0;2655;0;0;89;0;80;0;
13364;3377695;1012350976;20709376;1115045888;0;0;0;0;0;0;0;0;0;0;0;3016;0;0;89;0;80;0;
13365;4802636;1012350976;20709376;1115045888;0;0;0;0;0;0;0;0;0;0;0;2354;0;0;89;0;80;0;
13366;3771713;1007906816;14204928;1108541440;0;0;0;0;0;0;0;0;0;0;0;2745;0;0;89;0;80;0;
13367;4665670;1007906816;14204928;1108541440;0;0;0;0;0;0;0;0;0;0;0;1984;0;0;89;0;80;0;
13368;3916806;1007906816;14204928;1108541440;0;0;0;0;0;0;0;0;0;0;0;3296;0;0;89;0;80;0;
13369;4717087;1007906816;14204928;1108541440;0;0;0;0;0;0;0;0;0;0;0;2645;0;0;89;0;80;0;
13370;2412535;1007906816;14204928;1108541440;0;0;0;0;0;0;0;0;0;0;0;2795;0;0;89;0;80;0;
13371;5069607;1007906816;14204928;1108541440;0;0;0;0;0;0;0;0;0;0;0;2825;0;0;89;0;80;0;
13372;4045847;1007906816;14204928;1108541440;0;0;0;0;0;0;0;0;0;0;0;5680;0;0;89;0;80;0;
13373;5009836;1007906816;14204928;1108541440;0;0;0;0;0;0;0;0;0;0;0;2454;0;0;89;0;80;0;
13374;3889114;1007906816;14204928;1108541440;0;0;0;0;0;0;0;0;0;0;0;3376;0;0;89;0;80;0;
13375;4545925;1007906816;14204928;1108541440;0;0;0;0;0;0;0;0;0;0;0;2004;0;0;89;0;80;0;
13376;2704843;1007906816;14204928;1108541440;0;0;0;0;0;0;0;0;0;0;0;2986;0;0;89;0;80;0;
13377;5484054;1007906816;14204928;1108541440;0;0;0;0;0;0;0;0;0;0;0;10970;0;0;89;0;80;0;
13378;2209323;1007906816;14204928;1108541440;0;0;0;0;0;0;0;0;0;0;0;2555;0;0;89;0;80;0;
13379;4321985;1007906816;14204928;1108541440;0;0;0;0;0;0;0;0;0;0;0;1954;0;0;89;0;80;0;
13380;2806834;1007906816;14204928;1108541440;0;0;0;0;0;0;0;0;0;0;0;2595;0;0;89;0;80;0;
13381;4506241;1007906816;14204928;1108541440;0;0;0;0;0;0;0;0;0;0;0;1954;0;0;89;0;80;0;
13382;3610951;1007906816;14204928;1108541440;0;0;0;0;0;0;0;0;0;0;0;2895;0;0;89;0;80;0;
13383;4817956;1010266112;20709376;1115045888;0;0;0;0;0;0;0;0;0;0;0;2164;0;0;89;0;80;0;
13384;4605918;1012363264;20709376;1115045888;0;0;0;0;0;0;0;0;0;0;0;2925;0;0;89;0;80;0;
13385;4428906;1012363264;20709376;1115045888;0;0;0;0;0;0;0;0;0;0;0;2304;0;0;89;0;80;0;
13386;4012966;1012363264;20709376;1115045888;0;0;0;0;0;0;0;0;0;0;0;2885;0;0;89;0;80;0;
13387;4236925;1012363264;20709376;1115045888;0;0;0;0;0;0;0;0;0;0;0;1853;0;0;89;0;80;0;
13388;3569334;1012363264;20709376;1115045888;0;0;0;0;0;0;0;0;0;0;0;2985;0;0;89;0;80;0;
13389;5105555;1012363264;20709376;1115045888;0;0;0;0;0;0;0;0;0;0;0;2745;0;0;89;0;80;0;
13390;2503044;1012363264;20709376;1115045888;0;0;0;0;0;0;0;0;0;0;0;2625;0;0;89;0;80;0;
13391;4933092;1012363264;20709376;1115045888;0;0;0;0;0;0;0;0;0;0;0;2114;0;0;89;0;80;0;
13392;2568827;1007919104;14204928;1108541440;0;0;0;0;0;0;0;0;0;0;0;2535;0;0;89;0;80;0;
13393;4541897;1007919104;14204928;1108541440;0;0;0;0;0;0;0;0;0;0;0;2635;0;0;89;0;80;0;
13394;3345033;1007919104;14204928;1108541440;0;0;0;0;0;0;0;0;0;0;0;2735;0;0;89;0;80;0;
13395;5431516;1007919104;14204928;1108541440;0;0;0;0;0;0;0;0;0;0;0;1894;0;0;89;0;80;0;
13396;3009154;1007919104;14204928;1108541440;0;0;0;0;0;0;0;0;0;0;0;2966;0;0;89;0;80;0;
13397;4879732;1007919104;14204928;1108541440;0;0;0;0;0;0;0;0;0;0;0;2214;0;0;89;0;80;0;
13398;3520492;1007919104;14204928;1108541440;0;0;0;0;0;0;0;0;0;0;0;3026;0;0;89;0;80;0;
13399;6227089;1007919104;14204928;1108541440;0;0;0;0;0;0;0;0;0;0;0;4458;0;0;89;0;80;0;
13400;4104317;1007919104;14204928;1108541440;0;0;0;0;0;0;0;0;0;0;0;2956;0;0;89;0;80;0;
13401;4195067;1007919104;14204928;1108541440;0;0;0;0;0;0;0;0;0;0;0;1984;0;0;89;0;80;0;
13402;3917927;1007919104;14204928;1108541440;0;0;0;0;0;0;0;0;0;0;0;3006;0;0;89;0;80;0;
13403;4720092;1007919104;14204928;1108541440;0;0;0;0;0;0;0;0;0;0;0;2174;0;0;89;0;80;0;
13404;3031936;1007919104;14204928;1108541440;0;0;0;0;0;0;0;0;0;0;0;2735;0;0;89;0;80;0;
13405;4500550;1010278400;20709376;1115045888;0;0;0;0;0;0;0;0;0;0;0;1683;0;0;89;0;80;0;
13406;3122015;1012375552;20709376;1115045888;0;0;0;0;0;0;0;0;0;0;0;3236;0;0;89;0;80;0;
13407;4062259;1012375552;20709376;1115045888;0;0;0;0;0;0;0;0;0;0;0;1653;0;0;89;0;80;0;
13408;3906376;1012375552;20709376;1115045888;0;0;0;0;0;0;0;0;0;0;0;3346;0;0;89;0;80;0;
13409;5925483;1012375552;20709376;1115045888;0;0;0;0;0;0;0;0;0;0;0;3246;0;0;89;0;80;0;
13410;2946135;1012375552;20709376;1115045888;0;0;0;0;0;0;0;0;0;0;0;2916;0;0;89;0;80;0;
13411;5247992;1012375552;20709376;1115045888;0;0;0;0;0;0;0;0;0;0;0;2565;0;0;89;0;80;0;
13412;3377795;1012375552;20709376;1115045888;0;0;0;0;0;0;0;0;0;0;0;3817;0;0;89;0;80;0;
13413;6038986;1012375552;20709376;1115045888;0;0;0;0;0;0;0;0;0;0;0;2755;0;0;89;0;80;0;
13414;3035302;1007931392;14204928;1108541440;0;0;0;0;0;0;0;0;0;0;0;2925;0;0;89;0;80;0;
13415;4369104;1007931392;14204928;1108541440;0;0;0;0;0;0;0;0;0;0;0;1793;0;0;89;0;80;0;
13416;3572139;1007931392;14204928;1108541440;0;0;0;0;0;0;0;0;0;0;0;2906;0;0;89;0;80;0;
13417;4374283;1007931392;14204928;1108541440;0;0;0;0;0;0;0;0;0;0;0;1914;0;0;89;0;80;0;
13418;3171367;1007931392;14204928;1108541440;0;0;0;0;0;0;0;0;0;0;0;3066;0;0;89;0;80;0;
13419;7580026;1007931392;14204928;1108541440;0;0;0;0;0;0;0;0;0;0;0;1873;0;0;89;0;80;0;
13420;9141774;1007931392;14204928;1108541440;0;0;0;0;0;0;0;0;0;0;0;2816;0;0;89;0;80;0;
13421;5016889;1007931392;14204928;1108541440;0;0;0;0;0;0;0;0;0;0;0;1903;0;0;89;0;80;0;
13422;4021261;1007931392;14204928;1108541440;0;0;0;0;0;0;0;0;0;0;0;5380;0;0;89;0;80;0;
13423;5704829;1007931392;14204928;1108541440;0;0;0;0;0;0;0;0;0;0;0;4198;0;0;89;0;80;0;
13424;2185308;1007931392;14204928;1108541440;0;0;0;0;0;0;0;0;0;0;0;3036;0;0;89;0;80;0;
13425;4308500;1007931392;14204928;1108541440;0;0;0;0;0;0;0;0;0;0;0;1583;0;0;89;0;80;0;
13426;3274250;1007931392;14204928;1108541440;0;0;0;0;0;0;0;0;0;0;0;2564;0;0;89;0;80;0;
13427;4749848;1007931392;14204928;1108541440;0;0;0;0;0;0;0;0;0;0;0;1562;0;0;89;0;80;0;
13428;2590378;1007931392;14204928;1108541440;0;0;0;0;0;0;0;0;0;0;0;2916;0;0;89;0;80;0;
13429;4328097;1010290688;20709376;1115045888;0;0;0;0;0;0;0;0;0;0;0;1463;0;0;89;0;80;0;
13430;4140425;1012387840;20709376;1115045888;0;0;0;0;0;0;0;0;0;0;0;3206;0;0;89;0;80;0;
13431;4600007;1012387840;20709376;1115045888;0;0;0;0;0;0;0;0;0;0;0;2334;0;0;89;0;80;0;
13432;3556420;1012387840;20709376;1115045888;0;0;0;0;0;0;0;0;0;0;0;2615;0;0;89;0;80;0;
13433;6042873;1012387840;20709376;1115045888;0;0;0;0;0;0;0;0;0;0;0;1833;0;0;89;0;80;0;
13434;3971277;1012387840;20709376;1115045888;0;0;0;0;0;0;0;0;0;0;0;3627;0;0;89;0;80;0;
13435;4838404;1012387840;20709376;1115045888;0;0;0;0;0;0;0;0;0;0;0;2124;0;0;89;0;80;0;
13436;3830794;1012387840;20709376;1115045888;0;0;0;0;0;0;0;0;0;0;0;3527;0;0;89;0;80;0;
13437;4515969;1012387840;20709376;1115045888;0;0;0;0;0;0;0;0;0;0;0;2014;0;0;89;0;80;0;
13438;5691854;1007943680;14204928;1108541440;0;0;0;0;0;0;0;0;0;0;0;3557;0;0;89;0;80;0;
13439;4837292;1007943680;14204928;1108541440;0;0;0;0;0;0;0;0;0;0;0;2405;0;0;89;0;80;0;
13440;3735917;1007943680;14204928;1108541440;0;0;0;0;0;0;0;0;0;0;0;3566;0;0;89;0;80;0;
13441;5293707;1007943680;14204928;1108541440;0;0;0;0;0;0;0;0;0;0;0;2374;0;0;89;0;80;0;
13442;4518874;1007943680;14204928;1108541440;0;0;0;0;0;0;0;0;0;0;0;3617;0;0;89;0;80;0;
13443;5215551;1007943680;14204928;1108541440;0;0;0;0;0;0;0;0;0;0;0;2415;0;0;89;0;80;0;
13444;4781186;1007943680;14204928;1108541440;0;0;0;0;0;0;0;0;0;0;0;3947;0;0;89;0;80;0;
13445;5904714;1007943680;14204928;1108541440;0;0;0;0;0;0;0;0;0;0;0;2314;0;0;89;0;80;0;
13446;3940450;1007943680;14204928;1108541440;0;0;0;0;0;0;0;0;0;0;0;59561;0;0;89;0;80;0;
13447;6334380;1007943680;14204928;1108541440;0;0;0;0;0;0;0;0;0;0;0;2164;0;0;89;0;80;0;
13448;4733978;1007943680;14204928;1108541440;0;0;0;0;0;0;0;0;0;0;0;2805;0;0;89;0;80;0;
13449;6107203;1007943680;14204928;1108541440;0;0;0;0;0;0;0;0;0;0;0;2715;0;0;89;0;80;0;
13450;3902298;1007943680;14204928;1108541440;0;0;0;0;0;0;0;0;0;0;0;3346;0;0;89;0;80;0;
13451;5817751;1010302976;20709376;1115045888;0;0;0;0;0;0;0;0;0;0;0;3116;0;0;89;0;80;0;
13452;3824682;1012400128;20709376;1115045888;0;0;0;0;0;0;0;0;0;0;0;3126;0;0;89;0;80;0;
13453;4870584;1012400128;20709376;1115045888;0;0;0;0;0;0;0;0;0;0;0;1914;0;0;89;0;80;0;
13454;5446023;1012400128;20709376;1115045888;0;0;0;0;0;0;0;0;0;0;0;3286;0;0;89;0;80;0;
13455;4887536;1012400128;20709376;1115045888;0;0;0;0;0;0;0;0;0;0;0;2144;0;0;89;0;80;0;
13456;4869351;1012400128;20709376;1115045888;0;0;0;0;0;0;0;0;0;0;0;4198;0;0;89;0;80;0;
13457;5038560;1012400128;20709376;1115045888;0;0;0;0;0;0;0;0;0;0;0;2965;0;0;89;0;80;0;
13458;4608513;1012400128;20709376;1115045888;0;0;0;0;0;0;0;0;0;0;0;4077;0;0;89;0;80;0;
13459;5390930;1012400128;20709376;1115045888;0;0;0;0;0;0;0;0;0;0;0;3346;0;0;89;0;80;0;
13460;4299904;1007955968;14204928;1108541440;0;0;0;0;0;0;0;0;0;0;0;3787;0;0;89;0;80;0;
13461;6702800;1007955968;14204928;1108541440;0;0;0;0;0;0;0;0;0;0;0;3337;0;0;89;0;80;0;
13462;3950459;1007955968;14204928;1108541440;0;0;0;0;0;0;0;0;0;0;0;4128;0;0;89;0;80;0;
13463;5284731;1007955968;14204928;1108541440;0;0;0;0;0;0;0;0;0;0;0;2966;0;0;89;0;80;0;
13464;3686303;1007955968;14204928;1108541440;0;0;0;0;0;0;0;0;0;0;0;3617;0;0;89;0;80;0;
13465;5461322;1007955968;14204928;1108541440;0;0;0;0;0;0;0;0;0;0;0;3316;0;0;89;0;80;0;
13466;3518810;1007955968;14204928;1108541440;0;0;0;0;0;0;0;0;0;0;0;4037;0;0;89;0;80;0;
13467;5765002;1007955968;14204928;1108541440;0;0;0;0;0;0;0;0;0;0;0;3086;0;0;89;0;80;0;
13468;5453798;1007955968;14204928;1108541440;0;0;0;0;0;0;0;0;0;0;0;3176;0;0;89;0;80;0;
13469;5875218;1007955968;14204928;1108541440;0;0;0;0;0;0;0;0;0;0;0;2815;0;0;89;0;80;0;
13470;3846123;1007955968;14204928;1108541440;0;0;0;0;0;0;0;0;0;0;0;3667;0;0;89;0;80;0;
13471;6857881;1007955968;14204928;1108541440;0;0;0;0;0;0;0;0;0;0;0;3927;0;0;89;0;80;0;
13472;5199030;1007955968;14204928;1108541440;0;0;0;0;0;0;0;0;0;0;0;3727;0;0;89;0;80;0;
13473;6778742;1007955968;14204928;1108541440;0;0;0;0;0;0;0;0;0;0;0;3386;0;0;89;0;80;0;
13474;5067854;1007955968;14204928;1108541440;0;0;0;0;0;0;0;0;0;0;0;3998;0;0;89;0;80;0;
13475;6086836;1007955968;14204928;1108541440;0;0;0;0;0;0;0;0;0;0;0;3065;0;0;89;0;80;0;
13476;3976408;1007955968;14204928;1108541440;0;0;0;0;0;0;0;0;0;0;0;4128;0;0;89;0;80;0;
13477;6193966;1010315264;20709376;1115045888;0;0;0;0;0;0;0;0;0;0;0;3436;0;0;89;0;80;0;
13478;3745675;1012412416;20709376;1115045888;0;0;0;0;0;0;0;0;0;0;0;3757;0;0;89;0;80;0;
13479;6315103;1012412416;20709376;1115045888;0;0;0;0;0;0;0;0;0;0;0;3216;0;0;89;0;80;0;
13480;4339038;1012412416;20709376;1115045888;0;0;0;0;0;0;0;0;0;0;0;4138;0;0;89;0;80;0;
13481;6004170;1012412416;20709376;1115045888;0;0;0;0;0;0;0;0;0;0;0;3998;0;0;89;0;80;0;
13482;3617043;1012412416;20709376;1115045888;0;0;0;0;0;0;0;0;0;0;0;3696;0;0;89;0;80;0;
13483;5249906;1012412416;20709376;1115045888;0;0;0;0;0;0;0;0;0;0;0;3667;0;0;89;0;80;0;
13484;4329619;1012412416;20709376;1115045888;0;0;0;0;0;0;0;0;0;0;0;3998;0;0;89;0;80;0;
13485;5075900;1012412416;20709376;1115045888;0;0;0;0;0;0;0;0;0;0;0;2705;0;0;89;0;80;0;
13486;5109723;1007968256;14204928;1108541440;0;0;0;0;0;0;0;0;0;0;0;4578;0;0;89;0;80;0;
13487;5406950;1007968256;14204928;1108541440;0;0;0;0;0;0;0;0;0;0;0;2945;0;0;89;0;80;0;
13488;6207261;1007968256;14204928;1108541440;0;0;0;0;0;0;0;0;0;0;0;4769;0;0;89;0;80;0;
13489;6041050;1007968256;14204928;1108541440;0;0;0;0;0;0;0;0;0;0;0;3346;0;0;89;0;80;0;
13490;5237753;1007968256;14204928;1108541440;0;0;0;0;0;0;0;0;0;0;0;4037;0;0;89;0;80;0;
13491;5164846;1007968256;14204928;1108541440;0;0;0;0;0;0;0;0;0;0;0;2685;0;0;89;0;80;0;
13492;4968278;1007968256;14204928;1108541440;0;0;0;0;0;0;0;0;0;0;0;3677;0;0;89;0;80;0;
13493;5558805;1007968256;14204928;1108541440;0;0;0;0;0;0;0;0;0;0;0;2665;0;0;89;0;80;0;
13494;3911366;1007968256;14204928;1108541440;0;0;0;0;0;0;0;0;0;0;0;3867;0;0;89;0;80;0;
13495;5988441;1007968256;14204928;1108541440;0;0;0;0;0;0;0;0;0;0;0;2285;0;0;89;0;80;0;
13496;4165131;1007968256;14204928;1108541440;0;0;0;0;0;0;0;0;0;0;0;3066;0;0;89;0;80;0;
13497;5107148;1007968256;14204928;1108541440;0;0;0;0;0;0;0;0;0;0;0;2665;0;0;89;0;80;0;
13498;4959460;1007968256;14204928;1108541440;0;0;0;0;0;0;0;0;0;0;0;3577;0;0;89;0;80;0;
13499;5879286;1010327552;20709376;1115045888;0;0;0;0;0;0;0;0;0;0;0;3156;0;0;89;0;80;0;
13500;4595197;1012424704;20709376;1115045888;0;0;0;0;0;0;0;0;0;0;0;4017;0;0;89;0;80;0;
13501;5450952;1012424704;20709376;1115045888;0;0;0;0;0;0;0;0;0;0;0;2485;0;0;89;0;80;0;
13502;4531949;1012424704;20709376;1115045888;0;0;0;0;0;0;0;0;0;0;0;3607;0;0;89;0;80;0;
13503;5002812;1012424704;20709376;1115045888;0;0;0;0;0;0;0;0;0;0;0;9558;0;0;89;0;80;0;
13504;5327190;1012424704;20709376;1115045888;0;0;0;0;0;0;0;0;0;0;0;4929;0;0;89;0;80;0;
13505;5786603;1012424704;20709376;1115045888;0;0;0;0;0;0;0;0;0;0;0;4027;0;0;89;0;80;0;
13506;4185269;1012424704;20709376;1115045888;0;0;0;0;0;0;0;0;0;0;0;3697;0;0;89;0;80;0;
13507;5716721;1012424704;20709376;1115045888;0;0;0;0;0;0;0;0;0;0;0;3306;0;0;89;0;80;0;
13508;4348675;1007980544;14204928;1108541440;0;0;0;0;0;0;0;0;0;0;0;5931;0;0;89;0;80;0;
13509;5041304;1007980544;14204928;1108541440;0;0;0;0;0;0;0;0;0;0;0;1994;0;0;89;0;80;0;
13510;5405327;1007980544;14204928;1108541440;0;0;0;0;0;0;0;0;0;0;0;3657;0;0;89;0;80;0;
13511;5664383;1007980544;14204928;1108541440;0;0;0;0;0;0;0;0;0;0;0;2905;0;0;89;0;80;0;
13512;5203338;1007980544;14204928;1108541440;0;0;0;0;0;0;0;0;0;0;0;3547;0;0;89;0;80;0;
13513;4698111;1007980544;14204928;1108541440;0;0;0;0;0;0;0;0;0;0;0;2084;0;0;89;0;80;0;
13514;5007561;1007980544;14204928;1108541440;0;0;0;0;0;0;0;0;0;0;0;4007;0;0;89;0;80;0;
13515;5361575;1007980544;14204928;1108541440;0;0;0;0;0;0;0;0;0;0;0;3196;0;0;89;0;80;0;
13516;4215265;1007980544;14204928;1108541440;0;0;0;0;0;0;0;0;0;0;0;3016;0;0;89;0;80;0;
13517;4492525;1007980544;14204928;1108541440;0;0;0;0;0;0;0;0;0;0;0;2966;0;0;89;0;80;0;
13518;3549527;1007980544;14204928;1108541440;0;0;0;0;0;0;0;0;0;0;0;3337;0;0;89;0;80;0;
13519;4998294;1007980544;14204928;1108541440;0;0;0;0;0;0;0;0;0;0;0;2755;0;0;89;0;80;0;
13520;3210752;1007980544;14204928;1108541440;0;0;0;0;0;0;0;0;0;0;0;3126;0;0;89;0;80;0;
13521;5067894;1007980544;14204928;1108541440;0;0;0;0;0;0;0;0;0;0;0;2325;0;0;89;0;80;0;
13522;3135571;1007980544;14204928;1108541440;0;0;0;0;0;0;0;0;0;0;0;3105;0;0;89;0;80;0;
13523;4932200;1010339840;20709376;1115045888;0;0;0;0;0;0;0;0;0;0;0;2585;0;0;89;0;80;0;
13524;5943827;1012436992;20709376;1115045888;0;0;0;0;0;0;0;0;0;0;0;3357;0;0;89;0;80;0;
13525;4929916;1012436992;20709376;1115045888;0;0;0;0;0;0;0;0;0;0;0;2314;0;0;89;0;80;0;
13526;4561414;1012436992;20709376;1115045888;0;0;0;0;0;0;0;0;0;0;0;3196;0;0;89;0;80;0;
13527;5128538;1012436992;20709376;1115045888;0;0;0;0;0;0;0;0;0;0;0;3626;0;0;89;0;80;0;
13528;4092635;1012436992;20709376;1115045888;0;0;0;0;0;0;0;0;0;0;0;3657;0;0;89;0;80;0;
13529;5911125;1012436992;20709376;1115045888;0;0;0;0;0;0;0;0;0;0;0;3487;0;0;89;0;80;0;
13530;3380921;1012436992;20709376;1115045888;0;0;0;0;0;0;0;0;0;0;0;3416;0;0;89;0;80;0;
13531;5844150;1012436992;20709376;1115045888;0;0;0;0;0;0;0;0;0;0;0;4388;0;0;89;0;80;0;
13532;3879235;1007992832;14204928;1108541440;0;0;0;0;0;0;0;0;0;0;0;3717;0;0;89;0;80;0;
13533;5441665;1007992832;14204928;1108541440;0;0;0;0;0;0;0;0;0;0;0;3005;0;0;89;0;80;0;
13534;3794416;1007992832;14204928;1108541440;0;0;0;0;0;0;0;0;0;0;0;3807;0;0;89;0;80;0;
13535;5225059;1007992832;14204928;1108541440;0;0;0;0;0;0;0;0;0;0;0;3948;0;0;89;0;80;0;
13536;4036309;1007992832;14204928;1108541440;0;0;0;0;0;0;0;0;0;0;0;2995;0;0;89;0;80;0;
13537;5712733;1007992832;14204928;1108541440;0;0;0;0;0;0;0;0;0;0;0;3116;0;0;89;0;80;0;
13538;4653728;1007992832;14204928;1108541440;0;0;0;0;0;0;0;0;0;0;0;3867;0;0;89;0;80;0;
13539;5447155;1007992832;14204928;1108541440;0;0;0;0;0;0;0;0;0;0;0;2465;0;0;89;0;80;0;
13540;4017935;1007992832;14204928;1108541440;0;0;0;0;0;0;0;0;0;0;0;2966;0;0;89;0;80;0;
13541;5026546;1007992832;14204928;1108541440;0;0;0;0;0;0;0;0;0;0;0;2344;0;0;89;0;80;0;
13542;4030349;1007992832;14204928;1108541440;0;0;0;0;0;0;0;0;0;0;0;3096;0;0;89;0;80;0;
13543;4602972;1007992832;14204928;1108541440;0;0;0;0;0;0;0;0;0;0;0;2114;0;0;89;0;80;0;
13544;3721038;1007992832;14204928;1108541440;0;0;0;0;0;0;0;0;0;0;0;3227;0;0;89;0;80;0;
13545;5275453;1007992832;14204928;1108541440;0;0;0;0;0;0;0;0;0;0;0;3327;0;0;89;0;80;0;
13546;3582128;1007992832;14204928;1108541440;0;0;0;0;0;0;0;0;0;0;0;3226;0;0;89;0;80;0;
13547;5593791;1010352128;20709376;1115045888;0;0;0;0;0;0;0;0;0;0;0;3216;0;0;89;0;80;0;
13548;3168693;1012449280;20709376;1115045888;0;0;0;0;0;0;0;0;0;0;0;3767;0;0;89;0;80;0;
13549;4945334;1012449280;20709376;1115045888;0;0;0;0;0;0;0;0;0;0;0;2364;0;0;89;0;80;0;
13550;3403994;1012449280;20709376;1115045888;0;0;0;0;0;0;0;0;0;0;0;3857;0;0;89;0;80;0;
13551;5574715;1012449280;20709376;1115045888;0;0;0;0;0;0;0;0;0;0;0;2475;0;0;89;0;80;0;
13552;3534699;1012449280;20709376;1115045888;0;0;0;0;0;0;0;0;0;0;0;3647;0;0;89;0;80;0;
13553;6569340;1012449280;20709376;1115045888;0;0;0;0;0;0;0;0;0;0;0;3386;0;0;89;0;80;0;
13554;2954662;1012449280;20709376;1115045888;0;0;0;0;0;0;0;0;0;0;0;3376;0;0;89;0;80;0;
13555;5965007;1012449280;20709376;1115045888;0;0;0;0;0;0;0;0;0;0;0;2615;0;0;89;0;80;0;
13556;3588550;1008005120;14204928;1108541440;0;0;0;0;0;0;0;0;0;0;0;3216;0;0;89;0;80;0;
13557;4669347;1008005120;14204928;1108541440;0;0;0;0;0;0;0;0;0;0;0;3577;0;0;89;0;80;0;
13558;3006738;1008005120;14204928;1108541440;0;0;0;0;0;0;0;0;0;0;0;2685;0;0;89;0;80;0;
13559;4458552;1008005120;14204928;1108541440;0;0;0;0;0;0;0;0;0;0;0;1753;0;0;89;0;80;0;
13560;3685723;1008005120;14204928;1108541440;0;0;0;0;0;0;0;0;0;0;0;11262;0;0;89;0;80;0;
13561;5009444;1008005120;14204928;1108541440;0;0;0;0;0;0;0;0;0;0;0;2515;0;0;89;0;80;0;
13562;3593619;1008005120;14204928;1108541440;0;0;0;0;0;0;0;0;0;0;0;3226;0;0;89;0;80;0;
13563;5397703;1008005120;14204928;1108541440;0;0;0;0;0;0;0;0;0;0;0;1964;0;0;89;0;80;0;
13564;5423471;1008005120;14204928;1108541440;0;0;0;0;0;0;0;0;0;0;0;3346;0;0;89;0;80;0;
13565;5358219;1008005120;14204928;1108541440;0;0;0;0;0;0;0;0;0;0;0;2364;0;0;89;0;80;0;
13566;2979248;1008005120;14204928;1108541440;0;0;0;0;0;0;0;0;0;0;0;2946;0;0;89;0;80;0;
13567;4803138;1008005120;14204928;1108541440;0;0;0;0;0;0;0;0;0;0;0;1884;0;0;89;0;80;0;
13568;3667888;1008005120;14204928;1108541440;0;0;0;0;0;0;0;0;0;0;0;3086;0;0;89;0;80;0;
13569;5017950;1010364416;20709376;1115045888;0;0;0;0;0;0;0;0;0;0;0;2385;0;0;89;0;80;0;
13570;3903430;1012461568;20709376;1115045888;0;0;0;0;0;0;0;0;0;0;0;4478;0;0;89;0;80;0;
13571;5584232;1012461568;20709376;1115045888;0;0;0;0;0;0;0;0;0;0;0;2434;0;0;89;0;80;0;
13572;4710484;1012461568;20709376;1115045888;0;0;0;0;0;0;0;0;0;0;0;3697;0;0;89;0;80;0;
13573;4590308;1012461568;20709376;1115045888;0;0;0;0;0;0;0;0;0;0;0;2345;0;0;89;0;80;0;
13574;3684159;1012461568;20709376;1115045888;0;0;0;0;0;0;0;0;0;0;0;2926;0;0;89;0;80;0;
13575;4492265;1012461568;20709376;1115045888;0;0;0;0;0;0;0;0;0;0;0;2114;0;0;89;0;80;0;
13576;4520578;1012461568;20709376;1115045888;0;0;0;0;0;0;0;0;0;0;0;3858;0;0;89;0;80;0;
13577;5209711;1012461568;20709376;1115045888;0;0;0;0;0;0;0;0;0;0;0;1953;0;0;89;0;80;0;
13578;4740931;1008017408;14204928;1108541440;0;0;0;0;0;0;0;0;0;0;0;2876;0;0;89;0;80;0;
13579;5666417;1008017408;14204928;1108541440;0;0;0;0;0;0;0;0;0;0;0;2244;0;0;89;0;80;0;
13580;3934068;1008017408;14204928;1108541440;0;0;0;0;0;0;0;0;0;0;0;3286;0;0;89;0;80;0;
13581;5669383;1008017408;14204928;1108541440;0;0;0;0;0;0;0;0;0;0;0;2204;0;0;89;0;80;0;
13582;3454258;1008017408;14204928;1108541440;0;0;0;0;0;0;0;0;0;0;0;2875;0;0;89;0;80;0;
13583;5194341;1008017408;14204928;1108541440;0;0;0;0;0;0;0;0;0;0;0;2235;0;0;89;0;80;0;
13584;3570335;1008017408;14204928;1108541440;0;0;0;0;0;0;0;0;0;0;0;2624;0;0;89;0;80;0;
13585;4856638;1008017408;14204928;1108541440;0;0;0;0;0;0;0;0;0;0;0;2044;0;0;89;0;80;0;
13586;4339569;1008017408;14204928;1108541440;0;0;0;0;0;0;0;0;0;0;0;3055;0;0;89;0;80;0;
13587;4509266;1008017408;14204928;1108541440;0;0;0;0;0;0;0;0;0;0;0;2024;0;0;89;0;80;0;
13588;3840052;1008017408;14204928;1108541440;0;0;0;0;0;0;0;0;0;0;0;2845;0;0;89;0;80;0;
13589;4646293;1008017408;14204928;1108541440;0;0;0;0;0;0;0;0;0;0;0;2164;0;0;89;0;80;0;
13590;3571849;1008017408;14204928;1108541440;0;0;0;0;0;0;0;0;0;0;0;2634;0;0;89;0;80;0;
13591;4384863;1008017408;14204928;1108541440;0;0;0;0;0;0;0;0;0;0;0;2004;0;0;89;0;80;0;
13592;4127971;1008017408;14204928;1108541440;0;0;0;0;0;0;0;0;0;0;0;3457;0;0;89;0;80;0;
13593;4987453;1008017408;14204928;1108541440;0;0;0;0;0;0;0;0;0;0;0;1894;0;0;89;0;80;0;
13594;3525402;1008017408;14204928;1108541440;0;0;0;0;0;0;0;0;0;0;0;2815;0;0;89;0;80;0;
13595;5439711;1010376704;20709376;1115045888;0;0;0;0;0;0;0;0;0;0;0;2324;0;0;89;0;80;0;
13596;4191020;1012473856;20709376;1115045888;0;0;0;0;0;0;0;0;0;0;0;3897;0;0;89;0;80;0;
13597;4831671;1012473856;20709376;1115045888;0;0;0;0;0;0;0;0;0;0;0;2315;0;0;89;0;80;0;
13598;4097194;1012473856;20709376;1115045888;0;0;0;0;0;0;0;0;0;0;0;3156;0;0;89;0;80;0;
13599;5016728;1012473856;20709376;1115045888;0;0;0;0;0;0;0;0;0;0;0;1833;0;0;89;0;80;0;
13600;3086849;1012473856;20709376;1115045888;0;0;0;0;0;0;0;0;0;0;0;2765;0;0;89;0;80;0;
13601;4676280;1012473856;20709376;1115045888;0;0;0;0;0;0;0;0;0;0;0;2204;0;0;89;0;80;0;
13602;3099412;1012473856;20709376;1115045888;0;0;0;0;0;0;0;0;0;0;0;2906;0;0;89;0;80;0;
13603;4858522;1012473856;20709376;1115045888;0;0;0;0;0;0;0;0;0;0;0;2255;0;0;89;0;80;0;
13604;3857505;1008029696;14204928;1108541440;0;0;0;0;0;0;0;0;0;0;0;3447;0;0;89;0;80;0;
13605;4203152;1008029696;14204928;1108541440;0;0;0;0;0;0;0;0;0;0;0;2064;0;0;89;0;80;0;
13606;3421697;1008029696;14204928;1108541440;0;0;0;0;0;0;0;0;0;0;0;2464;0;0;89;0;80;0;
13607;4408067;1008029696;14204928;1108541440;0;0;0;0;0;0;0;0;0;0;0;1923;0;0;89;0;80;0;
13608;2830027;1008029696;14204928;1108541440;0;0;0;0;0;0;0;0;0;0;0;2164;0;0;89;0;80;0;
13609;5060670;1008029696;14204928;1108541440;0;0;0;0;0;0;0;0;0;0;0;2053;0;0;89;0;80;0;
13610;2494388;1008029696;14204928;1108541440;0;0;0;0;0;0;0;0;0;0;0;2384;0;0;89;0;80;0;
13611;5221843;1008029696;14204928;1108541440;0;0;0;0;0;0;0;0;0;0;0;2254;0;0;89;0;80;0;
13612;3100334;1008029696;14204928;1108541440;0;0;0;0;0;0;0;0;0;0;0;2505;0;0;89;0;80;0;
13613;4404861;1008029696;14204928;1108541440;0;0;0;0;0;0;0;0;0;0;0;2235;0;0;89;0;80;0;
13614;2712507;1008029696;14204928;1108541440;0;0;0;0;0;0;0;0;0;0;0;2175;0;0;89;0;80;0;
13615;4854454;1008029696;14204928;1108541440;0;0;0;0;0;0;0;0;0;0;0;2014;0;0;89;0;80;0;
13616;2251583;1008029696;14204928;1108541440;0;0;0;0;0;0;0;0;0;0;0;2304;0;0;89;0;80;0;
13617;5106006;1010388992;20709376;1115045888;0;0;0;0;0;0;0;0;0;0;0;2074;0;0;89;0;80;0;
13618;3232753;1012486144;20709376;1115045888;0;0;0;0;0;0;0;0;0;0;0;2865;0;0;89;0;80;0;
13619;4526709;1012486144;20709376;1115045888;0;0;0;0;0;0;0;0;0;0;0;2074;0;0;89;0;80;0;
13620;2485491;1012486144;20709376;1115045888;0;0;0;0;0;0;0;0;0;0;0;2355;0;0;89;0;80;0;
13621;4849435;1012486144;20709376;1115045888;0;0;0;0;0;0;0;0;0;0;0;1923;0;0;89;0;80;0;
13622;4203934;1012486144;20709376;1115045888;0;0;0;0;0;0;0;0;0;0;0;2565;0;0;89;0;80;0;
13623;5380631;1012486144;20709376;1115045888;0;0;0;0;0;0;0;0;0;0;0;2174;0;0;89;0;80;0;
13624;3743360;1012486144;20709376;1115045888;0;0;0;0;0;0;0;0;0;0;0;2315;0;0;89;0;80;0;
13625;4153109;1012486144;20709376;1115045888;0;0;0;0;0;0;0;0;0;0;0;1934;0;0;89;0;80;0;
13626;3805727;1008041984;14204928;1108541440;0;0;0;0;0;0;0;0;0;0;0;2515;0;0;89;0;80;0;
13627;4935907;1008041984;14204928;1108541440;0;0;0;0;0;0;0;0;0;0;0;2104;0;0;89;0;80;0;
13628;2333616;1008041984;14204928;1108541440;0;0;0;0;0;0;0;0;0;0;0;2194;0;0;89;0;80;0;
13629;5518990;1008041984;14204928;1108541440;0;0;0;0;0;0;0;0;0;0;0;2054;0;0;89;0;80;0;
13630;3207606;1008041984;14204928;1108541440;0;0;0;0;0;0;0;0;0;0;0;2585;0;0;89;0;80;0;
13631;5881781;1008041984;14204928;1108541440;0;0;0;0;0;0;0;0;0;0;0;1954;0;0;89;0;80;0;
13632;2714791;1008041984;14204928;1108541440;0;0;0;0;0;0;0;0;0;0;0;2215;0;0;89;0;80;0;
13633;4744277;1008041984;14204928;1108541440;0;0;0;0;0;0;0;0;0;0;0;2144;0;0;89;0;80;0;
13634;13719640;1008041984;14204928;1108541440;0;0;0;0;0;0;0;0;0;0;0;3436;0;0;89;0;80;0;
13635;4797897;1008041984;14204928;1108541440;0;0;0;0;0;0;0;0;0;0;0;2084;0;0;89;0;80;0;
13636;4686890;1008041984;14204928;1108541440;0;0;0;0;0;0;0;0;0;0;0;2996;0;0;89;0;80;0;
13637;4522862;1008041984;14204928;1108541440;0;0;0;0;0;0;0;0;0;0;0;2004;0;0;89;0;80;0;
13638;2738706;1008041984;14204928;1108541440;0;0;0;0;0;0;0;0;0;0;0;2615;0;0;89;0;80;0;
13639;4434005;1008041984;14204928;1108541440;0;0;0;0;0;0;0;0;0;0;0;2023;0;0;89;0;80;0;
13640;3658791;1008041984;14204928;1108541440;0;0;0;0;0;0;0;0;0;0;0;3056;0;0;89;0;80;0;
13641;5417130;1010401280;20709376;1115045888;0;0;0;0;0;0;0;0;0;0;0;2174;0;0;89;0;80;0;
13642;3128006;1012498432;20709376;1115045888;0;0;0;0;0;0;0;0;0;0;0;2384;0;0;89;0;80;0;
13643;4361108;1012498432;20709376;1115045888;0;0;0;0;0;0;0;0;0;0;0;2224;0;0;89;0;80;0;
13644;3833058;1012498432;20709376;1115045888;0;0;0;0;0;0;0;0;0;0;0;2525;0;0;89;0;80;0;
13645;4705234;1012498432;20709376;1115045888;0;0;0;0;0;0;0;0;0;0;0;1994;0;0;89;0;80;0;
13646;3070798;1012498432;20709376;1115045888;0;0;0;0;0;0;0;0;0;0;0;2495;0;0;89;0;80;0;
13647;4537680;1012498432;20709376;1115045888;0;0;0;0;0;0;0;0;0;0;0;2044;0;0;89;0;80;0;
13648;3992166;1012498432;20709376;1115045888;0;0;0;0;0;0;0;0;0;0;0;2605;0;0;89;0;80;0;
13649;4976824;1012498432;20709376;1115045888;0;0;0;0;0;0;0;0;0;0;0;2094;0;0;89;0;80;0;
13650;4509437;1008054272;14204928;1108541440;0;0;0;0;0;0;0;0;0;0;0;2575;0;0;89;0;80;0;
13651;4768823;1008054272;14204928;1108541440;0;0;0;0;0;0;0;0;0;0;0;2114;0;0;89;0;80;0;
13652;3453997;1008054272;14204928;1108541440;0;0;0;0;0;0;0;0;0;0;0;2795;0;0;89;0;80;0;
13653;5261026;1008054272;14204928;1108541440;0;0;0;0;0;0;0;0;0;0;0;2164;0;0;89;0;80;0;
13654;3895555;1008054272;14204928;1108541440;0;0;0;0;0;0;0;0;0;0;0;3076;0;0;89;0;80;0;
13655;4622379;1008054272;14204928;1108541440;0;0;0;0;0;0;0;0;0;0;0;2054;0;0;89;0;80;0;
13656;2972805;1008054272;14204928;1108541440;0;0;0;0;0;0;0;0;0;0;0;2194;0;0;89;0;80;0;
13657;4290406;1008054272;14204928;1108541440;0;0;0;0;0;0;0;0;0;0;0;2314;0;0;89;0;80;0;
13658;3147693;1008054272;14204928;1108541440;0;0;0;0;0;0;0;0;0;0;0;2254;0;0;89;0;80;0;
13659;4979027;1008054272;14204928;1108541440;0;0;0;0;0;0;0;0;0;0;0;2004;0;0;89;0;80;0;
13660;3097189;1008054272;14204928;1108541440;0;0;0;0;0;0;0;0;0;0;0;2264;0;0;89;0;80;0;
13661;4733026;1008054272;14204928;1108541440;0;0;0;0;0;0;0;0;0;0;0;2134;0;0;89;0;80;0;
13662;2966734;1008054272;14204928;1108541440;0;0;0;0;0;0;0;0;0;0;0;2364;0;0;89;0;80;0;
13663;4965121;1010413568;20709376;1115045888;0;0;0;0;0;0;0;0;0;0;0;1993;0;0;89;0;80;0;
13664;3040182;1012510720;20709376;1115045888;0;0;0;0;0;0;0;0;0;0;0;2535;0;0;89;0;80;0;
13665;5013853;1012510720;20709376;1115045888;0;0;0;0;0;0;0;0;0;0;0;2084;0;0;89;0;80;0;
13666;3410736;1012510720;20709376;1115045888;0;0;0;0;0;0;0;0;0;0;0;2544;0;0;89;0;80;0;
13667;5089274;1012510720;20709376;1115045888;0;0;0;0;0;0;0;0;0;0;0;2044;0;0;89;0;80;0;
13668;4272171;1012510720;20709376;1115045888;0;0;0;0;0;0;0;0;0;0;0;2685;0;0;89;0;80;0;
13669;4604626;1012510720;20709376;1115045888;0;0;0;0;0;0;0;0;0;0;0;2465;0;0;89;0;80;0;
13670;2931027;1012510720;20709376;1115045888;0;0;0;0;0;0;0;0;0;0;0;2585;0;0;89;0;80;0;
13671;5613958;1012510720;20709376;1115045888;0;0;0;0;0;0;0;0;0;0;0;2094;0;0;89;0;80;0;
13672;4074701;1008066560;14204928;1108541440;0;0;0;0;0;0;0;0;0;0;0;3036;0;0;89;0;80;0;
13673;6034206;1008066560;14204928;1108541440;0;0;0;0;0;0;0;0;0;0;0;2094;0;0;89;0;80;0;
13674;3014083;1008066560;14204928;1108541440;0;0;0;0;0;0;0;0;0;0;0;2324;0;0;89;0;80;0;
13675;4494740;1008066560;14204928;1108541440;0;0;0;0;0;0;0;0;0;0;0;2114;0;0;89;0;80;0;
13676;4185820;1008066560;14204928;1108541440;0;0;0;0;0;0;0;0;0;0;0;2475;0;0;89;0;80;0;
13677;4730111;1008066560;14204928;1108541440;0;0;0;0;0;0;0;0;0;0;0;2074;0;0;89;0;80;0;
13678;3812200;1008066560;14204928;1108541440;0;0;0;0;0;0;0;0;0;0;0;2103;0;0;89;0;80;0;
13679;4200678;1008066560;14204928;1108541440;0;0;0;0;0;0;0;0;0;0;0;1954;0;0;89;0;80;0;
13680;2571252;1008066560;14204928;1108541440;0;0;0;0;0;0;0;0;0;0;0;2545;0;0;89;0;80;0;
13681;4862609;1008066560;14204928;1108541440;0;0;0;0;0;0;0;0;0;0;0;1993;0;0;89;0;80;0;
13682;2244961;1008066560;14204928;1108541440;0;0;0;0;0;0;0;0;0;0;0;2776;0;0;89;0;80;0;
13683;5881961;1008066560;14204928;1108541440;0;0;0;0;0;0;0;0;0;0;0;2114;0;0;89;0;80;0;
13684;2700455;1008066560;14204928;1108541440;0;0;0;0;0;0;0;0;0;0;0;2014;0;0;89;0;80;0;
13685;5200613;1008066560;14204928;1108541440;0;0;0;0;0;0;0;0;0;0;0;1994;0;0;89;0;80;0;
13686;3210461;1008066560;14204928;1108541440;0;0;0;0;0;0;0;0;0;0;0;2425;0;0;89;0;80;0;
13687;6088398;1008066560;14204928;1108541440;0;0;0;0;0;0;0;0;0;0;0;2124;0;0;89;0;80;0;
13688;2600587;1008066560;14204928;1108541440;0;0;0;0;0;0;0;0;0;0;0;2174;0;0;89;0;80;0;
13689;5376282;1010425856;20709376;1115045888;0;0;0;0;0;0;0;0;0;0;0;2053;0;0;89;0;80;0;
13690;2917652;1012523008;20709376;1115045888;0;0;0;0;0;0;0;0;0;0;0;2374;0;0;89;0;80;0;
13691;5765692;1012523008;20709376;1115045888;0;0;0;0;0;0;0;0;0;0;0;2134;0;0;89;0;80;0;
13692;3816408;1012523008;20709376;1115045888;0;0;0;0;0;0;0;0;0;0;0;2534;0;0;89;0;80;0;
13693;4295596;1012523008;20709376;1115045888;0;0;0;0;0;0;0;0;0;0;0;1924;0;0;89;0;80;0;
13694;2737975;1012523008;20709376;1115045888;0;0;0;0;0;0;0;0;0;0;0;2214;0;0;89;0;80;0;
13695;5762006;1012523008;20709376;1115045888;0;0;0;0;0;0;0;0;0;0;0;1994;0;0;89;0;80;0;
13696;2920187;1012523008;20709376;1115045888;0;0;0;0;0;0;0;0;0;0;0;2375;0;0;89;0;80;0;
13697;4459664;1012523008;20709376;1115045888;0;0;0;0;0;0;0;0;0;0;0;2104;0;0;89;0;80;0;
13698;3475358;1008078848;14204928;1108541440;0;0;0;0;0;0;0;0;0;0;0;51156;0;0;89;0;80;0;
13699;4878289;1008078848;14204928;1108541440;0;0;0;0;0;0;0;0;0;0;0;2034;0;0;89;0;80;0;
13700;4076305;1008078848;14204928;1108541440;0;0;0;0;0;0;0;0;0;0;0;2314;0;0;89;0;80;0;
13701;4884390;1008078848;14204928;1108541440;0;0;0;0;0;0;0;0;0;0;0;2174;0;0;89;0;80;0;
13702;3370542;1008078848;14204928;1108541440;0;0;0;0;0;0;0;0;0;0;0;2505;0;0;89;0;80;0;
13703;5760513;1008078848;14204928;1108541440;0;0;0;0;0;0;0;0;0;0;0;1794;0;0;89;0;80;0;
13704;3862654;1008078848;14204928;1108541440;0;0;0;0;0;0;0;0;0;0;0;2464;0;0;89;0;80;0;
13705;4582164;1008078848;14204928;1108541440;0;0;0;0;0;0;0;0;0;0;0;2013;0;0;89;0;80;0;
13706;2743175;1008078848;14204928;1108541440;0;0;0;0;0;0;0;0;0;0;0;2324;0;0;89;0;80;0;
13707;5087471;1008078848;14204928;1108541440;0;0;0;0;0;0;0;0;0;0;0;2104;0;0;89;0;80;0;
13708;3059317;1008078848;14204928;1108541440;0;0;0;0;0;0;0;0;0;0;0;2685;0;0;89;0;80;0;
13709;5223155;1008078848;14204928;1108541440;0;0;0;0;0;0;0;0;0;0;0;1993;0;0;89;0;80;0;
13710;3099513;1008078848;14204928;1108541440;0;0;0;0;0;0;0;0;0;0;0;2244;0;0;89;0;80;0;
13711;5406610;1010438144;20709376;1115045888;0;0;0;0;0;0;0;0;0;0;0;2244;0;0;89;0;80;0;
13712;2467507;1012535296;20709376;1115045888;0;0;0;0;0;0;0;0;0;0;0;2485;0;0;89;0;80;0;
13713;5024142;1012535296;20709376;1115045888;0;0;0;0;0;0;0;0;0;0;0;2164;0;0;89;0;80;0;
13714;2949601;1012535296;20709376;1115045888;0;0;0;0;0;0;0;0;0;0;0;2094;0;0;89;0;80;0;
13715;5083073;1012535296;20709376;1115045888;0;0;0;0;0;0;0;0;0;0;0;2124;0;0;89;0;80;0;
13716;2518653;1012535296;20709376;1115045888;0;0;0;0;0;0;0;0;0;0;0;2104;0;0;89;0;80;0;
13717;4796465;1012535296;20709376;1115045888;0;0;0;0;0;0;0;0;0;0;0;2094;0;0;89;0;80;0;
13718;1949096;1012535296;20709376;1115045888;0;0;0;0;0;0;0;0;0;0;0;2285;0;0;89;0;80;0;
13719;4385054;1012535296;20709376;1115045888;0;0;0;0;0;0;0;0;0;0;0;2124;0;0;89;0;80;0;
13720;3532615;1008091136;14204928;1108541440;0;0;0;0;0;0;0;0;0;0;0;2265;0;0;89;0;80;0;
13721;4544883;1008091136;14204928;1108541440;0;0;0;0;0;0;0;0;0;0;0;1984;0;0;89;0;80;0;
13722;2096202;1008091136;14204928;1108541440;0;0;0;0;0;0;0;0;0;0;0;2254;0;0;89;0;80;0;
13723;4953630;1008091136;14204928;1108541440;0;0;0;0;0;0;0;0;0;0;0;2034;0;0;89;0;80;0;
13724;2656041;1008091136;14204928;1108541440;0;0;0;0;0;0;0;0;0;0;0;2104;0;0;89;0;80;0;
13725;4389802;1008091136;14204928;1108541440;0;0;0;0;0;0;0;0;0;0;0;2054;0;0;89;0;80;0;
13726;3937624;1008091136;14204928;1108541440;0;0;0;0;0;0;0;0;0;0;0;2314;0;0;89;0;80;0;
13727;4338706;1008091136;14204928;1108541440;0;0;0;0;0;0;0;0;0;0;0;2134;0;0;89;0;80;0;
13728;3982118;1008091136;14204928;1108541440;0;0;0;0;0;0;0;0;0;0;0;2124;0;0;89;0;80;0;
13729;4742304;1008091136;14204928;1108541440;0;0;0;0;0;0;0;0;0;0;0;2084;0;0;89;0;80;0;
13730;4171593;1008091136;14204928;1108541440;0;0;0;0;0;0;0;0;0;0;0;2174;0;0;89;0;80;0;
13731;5298557;1008091136;14204928;1108541440;0;0;0;0;0;0;0;0;0;0;0;2033;0;0;89;0;80;0;
13732;3585514;1008091136;14204928;1108541440;0;0;0;0;0;0;0;0;0;0;0;2384;0;0;89;0;80;0;
13733;5615992;1008091136;14204928;1108541440;0;0;0;0;0;0;0;0;0;0;0;2254;0;0;89;0;80;0;
13734;4065434;1008091136;14204928;1108541440;0;0;0;0;0;0;0;0;0;0;0;2525;0;0;89;0;80;0;
13735;4592944;1010450432;20709376;1115045888;0;0;0;0;0;0;0;0;0;0;0;2485;0;0;89;0;80;0;
13736;3434932;1012547584;20709376;1115045888;0;0;0;0;0;0;0;0;0;0;0;2405;0;0;89;0;80;0;
13737;4850417;1012547584;20709376;1115045888;0;0;0;0;0;0;0;0;0;0;0;1984;0;0;89;0;80;0;
13738;2172214;1012547584;20709376;1115045888;0;0;0;0;0;0;0;0;0;0;0;2335;0;0;89;0;80;0;
13739;4279065;1012547584;20709376;1115045888;0;0;0;0;0;0;0;0;0;0;0;1984;0;0;89;0;80;0;
13740;2615816;1012547584;20709376;1115045888;0;0;0;0;0;0;0;0;0;0;0;2124;0;0;89;0;80;0;
13741;4870304;1012547584;20709376;1115045888;0;0;0;0;0;0;0;0;0;0;0;2194;0;0;89;0;80;0;
13742;2988394;1012547584;20709376;1115045888;0;0;0;0;0;0;0;0;0;0;0;2254;0;0;89;0;80;0;
13743;4641294;1012547584;20709376;1115045888;0;0;0;0;0;0;0;0;0;0;0;2064;0;0;89;0;80;0;
13744;3664422;1008103424;14204928;1108541440;0;0;0;0;0;0;0;0;0;0;0;2285;0;0;89;0;80;0;
13745;4778371;1008103424;14204928;1108541440;0;0;0;0;0;0;0;0;0;0;0;2144;0;0;89;0;80;0;
13746;3223976;1008103424;14204928;1108541440;0;0;0;0;0;0;0;0;0;0;0;2234;0;0;89;0;80;0;
13747;5525833;1008103424;14204928;1108541440;0;0;0;0;0;0;0;0;0;0;0;2244;0;0;89;0;80;0;
13748;3052635;1008103424;14204928;1108541440;0;0;0;0;0;0;0;0;0;0;0;2244;0;0;89;0;80;0;
13749;4536929;1008103424;14204928;1108541440;0;0;0;0;0;0;0;0;0;0;0;1934;0;0;89;0;80;0;
13750;3963643;1008103424;14204928;1108541440;0;0;0;0;0;0;0;0;0;0;0;2625;0;0;89;0;80;0;
13751;4954221;1008103424;14204928;1108541440;0;0;0;0;0;0;0;0;0;0;0;1994;0;0;89;0;80;0;
13752;4010722;1008103424;14204928;1108541440;0;0;0;0;0;0;0;0;0;0;0;2234;0;0;89;0;80;0;
13753;4285207;1008103424;14204928;1108541440;0;0;0;0;0;0;0;0;0;0;0;2044;0;0;89;0;80;0;
13754;3636760;1008103424;14204928;1108541440;0;0;0;0;0;0;0;0;0;0;0;2434;0;0;89;0;80;0;
13755;4757382;1008103424;14204928;1108541440;0;0;0;0;0;0;0;0;0;0;0;2064;0;0;89;0;80;0;
13756;4645332;1008103424;14204928;1108541440;0;0;0;0;0;0;0;0;0;0;0;2675;0;0;89;0;80;0;
13757;5346197;1010462720;20709376;1115045888;0;0;0;0;0;0;0;0;0;0;0;2174;0;0;89;0;80;0;
13758;3621722;1012559872;20709376;1115045888;0;0;0;0;0;0;0;0;0;0;0;2575;0;0;89;0;80;0;
13759;4394531;1012559872;20709376;1115045888;0;0;0;0;0;0;0;0;0;0;0;1964;0;0;89;0;80;0;
13760;2898395;1012559872;20709376;1115045888;0;0;0;0;0;0;0;0;0;0;0;2695;0;0;89;0;80;0;
13761;4738978;1012559872;20709376;1115045888;0;0;0;0;0;0;0;0;0;0;0;1963;0;0;89;0;80;0;
13762;2600037;1012559872;20709376;1115045888;0;0;0;0;0;0;0;0;0;0;0;2054;0;0;89;0;80;0;
13763;5046063;1012559872;20709376;1115045888;0;0;0;0;0;0;0;0;0;0;0;1944;0;0;89;0;80;0;
13764;3544647;1012559872;20709376;1115045888;0;0;0;0;0;0;0;0;0;0;0;2405;0;0;89;0;80;0;
13765;5141082;1012559872;20709376;1115045888;0;0;0;0;0;0;0;0;0;0;0;2134;0;0;89;0;80;0;
13766;3648141;1008115712;14204928;1108541440;0;0;0;0;0;0;0;0;0;0;0;2304;0;0;89;0;80;0;
13767;4507393;1008115712;14204928;1108541440;0;0;0;0;0;0;0;0;0;0;0;8175;0;0;89;0;80;0;
13768;3711901;1008115712;14204928;1108541440;0;0;0;0;0;0;0;0;0;0;0;2074;0;0;89;0;80;0;
13769;4348084;1008115712;14204928;1108541440;0;0;0;0;0;0;0;0;0;0;0;2054;0;0;89;0;80;0;
13770;3396179;1008115712;14204928;1108541440;0;0;0;0;0;0;0;0;0;0;0;2374;0;0;89;0;80;0;
13771;4417684;1008115712;14204928;1108541440;0;0;0;0;0;0;0;0;0;0;0;1914;0;0;89;0;80;0;
13772;5056873;1008115712;14204928;1108541440;0;0;0;0;0;0;0;0;0;0;0;2384;0;0;89;0;80;0;
13773;5493322;1008115712;14204928;1108541440;0;0;0;0;0;0;0;0;0;0;0;2474;0;0;89;0;80;0;
13774;4041679;1008115712;14204928;1108541440;0;0;0;0;0;0;0;0;0;0;0;2254;0;0;89;0;80;0;
13775;4984137;1008115712;14204928;1108541440;0;0;0;0;0;0;0;0;0;0;0;2064;0;0;89;0;80;0;
13776;5217194;1008115712;14204928;1108541440;0;0;0;0;0;0;0;0;0;0;0;2665;0;0;89;0;80;0;
13777;5178942;1008115712;14204928;1108541440;0;0;0;0;0;0;0;0;0;0;0;2014;0;0;89;0;80;0;
13778;3799566;1008115712;14204928;1108541440;0;0;0;0;0;0;0;0;0;0;0;2304;0;0;89;0;80;0;
13779;4967105;1008115712;14204928;1108541440;0;0;0;0;0;0;0;0;0;0;0;2124;0;0;89;0;80;0;
13780;4954171;1008115712;14204928;1108541440;0;0;0;0;0;0;0;0;0;0;0;5911;0;0;89;0;80;0;
13781;5776764;1008115712;14204928;1108541440;0;0;0;0;0;0;0;0;0;0;0;3747;0;0;89;0;80;0;
13782;8409831;1008115712;14204928;1108541440;0;0;0;0;0;0;0;0;0;0;0;3426;0;0;89;0;80;0;
13783;5073284;1010475008;20709376;1115045888;0;0;0;0;0;0;0;0;0;0;0;2304;0;0;89;0;80;0;
13784;4561204;1012572160;20709376;1115045888;0;0;0;0;0;0;0;0;0;0;0;2835;0;0;89;0;80;0;
13785;5333713;1012572160;20709376;1115045888;0;0;0;0;0;0;0;0;0;0;0;2054;0;0;89;0;80;0;
13786;3839230;1012572160;20709376;1115045888;0;0;0;0;0;0;0;0;0;0;0;2444;0;0;89;0;80;0;
13787;4926228;1012838400;20709376;1115045888;0;0;0;0;0;0;0;0;0;0;0;2064;0;0;89;0;80;0;
13788;3325026;1012838400;20709376;1115045888;0;0;0;0;0;0;0;0;0;0;0;2255;0;0;89;0;80;0;
13789;5942344;1012838400;20709376;1115045888;0;0;0;0;0;0;0;0;0;0;0;2044;0;0;89;0;80;0;
13790;3462734;1012838400;20709376;1115045888;0;0;0;0;0;0;0;0;0;0;0;2525;0;0;89;0;80;0;
13791;4467849;1012838400;20709376;1115045888;0;0;0;0;0;0;0;0;0;0;0;2345;0;0;89;0;80;0;
13792;4787028;1008128000;14204928;1108541440;0;0;0;0;0;0;0;0;0;0;0;4438;0;0;89;0;80;0;
13793;6889290;1008128000;14204928;1108541440;0;0;0;0;0;0;0;0;0;0;0;4178;0;0;89;0;80;0;
13794;5627674;1008128000;14204928;1108541440;0;0;0;0;0;0;0;0;0;0;0;4178;0;0;89;0;80;0;
13795;5834282;1008128000;14204928;1108541440;0;0;0;0;0;0;0;0;0;0;0;3277;0;0;89;0;80;0;
13796;5380771;1008128000;14204928;1108541440;0;0;0;0;0;0;0;0;0;0;0;4168;0;0;89;0;80;0;
13797;5196175;1008128000;14204928;1108541440;0;0;0;0;0;0;0;0;0;0;0;2515;0;0;89;0;80;0;
13798;4178467;1008128000;14204928;1108541440;0;0;0;0;0;0;0;0;0;0;0;3807;0;0;89;0;80;0;
13799;5339914;1008128000;14204928;1108541440;0;0;0;0;0;0;0;0;0;0;0;2865;0;0;89;0;80;0;
13800;4414729;1008128000;14204928;1108541440;0;0;0;0;0;0;0;0;0;0;0;4088;0;0;89;0;80;0;
13801;4743215;1008128000;14204928;1108541440;0;0;0;0;0;0;0;0;0;0;0;2926;0;0;89;0;80;0;
13802;5579032;1008128000;14204928;1108541440;0;0;0;0;0;0;0;0;0;0;0;4629;0;0;89;0;80;0;
13803;5224609;1008128000;14204928;1108541440;0;0;0;0;0;0;0;0;0;0;0;2865;0;0;89;0;80;0;
13804;5152803;1008128000;14204928;1108541440;0;0;0;0;0;0;0;0;0;0;0;3948;0;0;89;0;80;0;
13805;5535801;1010487296;20709376;1115045888;0;0;0;0;0;0;0;0;0;0;0;3096;0;0;89;0;80;0;
13806;6142409;1012854784;20709376;1115045888;0;0;0;0;0;0;0;0;0;0;0;4378;0;0;89;0;80;0;
13807;5263501;1012854784;20709376;1115045888;0;0;0;0;0;0;0;0;0;0;0;3577;0;0;89;0;80;0;
13808;5925592;1012854784;20709376;1115045888;0;0;0;0;0;0;0;0;0;0;0;3818;0;0;89;0;80;0;
13809;5902549;1012854784;20709376;1115045888;0;0;0;0;0;0;0;0;0;0;0;3857;0;0;89;0;80;0;
13810;4239570;1012854784;20709376;1115045888;0;0;0;0;0;0;0;0;0;0;0;3787;0;0;89;0;80;0;
13811;6549362;1012854784;20709376;1115045888;0;0;0;0;0;0;0;0;0;0;0;3106;0;0;89;0;80;0;
13812;5391892;1012854784;20709376;1115045888;0;0;0;0;0;0;0;0;0;0;0;4228;0;0;89;0;80;0;
13813;6069602;1012854784;20709376;1115045888;0;0;0;0;0;0;0;0;0;0;0;3857;0;0;89;0;80;0;
13814;5504954;1008140288;14204928;1108541440;0;0;0;0;0;0;0;0;0;0;0;3507;0;0;89;0;80;0;
13815;6195258;1008140288;14204928;1108541440;0;0;0;0;0;0;0;0;0;0;0;3336;0;0;89;0;80;0;
13816;6511612;1008140288;14204928;1108541440;0;0;0;0;0;0;0;0;0;0;0;4318;0;0;89;0;80;0;
13817;5742539;1008140288;14204928;1108541440;0;0;0;0;0;0;0;0;0;0;0;2775;0;0;89;0;80;0;
13818;4905569;1008140288;14204928;1108541440;0;0;0;0;0;0;0;0;0;0;0;4438;0;0;89;0;80;0;
13819;5708816;1008140288;14204928;1108541440;0;0;0;0;0;0;0;0;0;0;0;3807;0;0;89;0;80;0;
13820;4661232;1008140288;14204928;1108541440;0;0;0;0;0;0;0;0;0;0;0;5971;0;0;89;0;80;0;
13821;6621678;1008140288;14204928;1108541440;0;0;0;0;0;0;0;0;0;0;0;4619;0;0;89;0;80;0;
13822;6070474;1008140288;14204928;1108541440;0;0;0;0;0;0;0;0;0;0;0;4459;0;0;89;0;80;0;
13823;6619544;1008140288;14204928;1108541440;0;0;0;0;0;0;0;0;0;0;0;3647;0;0;89;0;80;0;
13824;5382134;1008140288;14204928;1108541440;0;0;0;0;0;0;0;0;0;0;0;4389;0;0;89;0;80;0;
13825;5251558;1008140288;14204928;1108541440;0;0;0;0;0;0;0;0;0;0;0;2865;0;0;89;0;80;0;
13826;5025635;1008140288;14204928;1108541440;0;0;0;0;0;0;0;0;0;0;0;3777;0;0;89;0;80;0;
13827;6295085;1008140288;14204928;1108541440;0;0;0;0;0;0;0;0;0;0;0;3416;0;0;89;0;80;0;
13828;5087511;1008140288;14204928;1108541440;0;0;0;0;0;0;0;0;0;0;0;3627;0;0;89;0;80;0;
13829;6216268;1010499584;20709376;1115045888;0;0;0;0;0;0;0;0;0;0;0;3577;0;0;89;0;80;0;
13830;4883118;1012867072;20709376;1115045888;0;0;0;0;0;0;0;0;0;0;0;4278;0;0;89;0;80;0;
13831;5617876;1012867072;20709376;1115045888;0;0;0;0;0;0;0;0;0;0;0;2345;0;0;89;0;80;0;
13832;5843729;1012867072;20709376;1115045888;0;0;0;0;0;0;0;0;0;0;0;4949;0;0;89;0;80;0;
13833;5079567;1012867072;20709376;1115045888;0;0;0;0;0;0;0;0;0;0;0;2716;0;0;89;0;80;0;
13834;5837697;1012867072;20709376;1115045888;0;0;0;0;0;0;0;0;0;0;0;3467;0;0;89;0;80;0;
13835;6224072;1012867072;20709376;1115045888;0;0;0;0;0;0;0;0;0;0;0;2585;0;0;89;0;80;0;
13836;4961294;1012867072;20709376;1115045888;0;0;0;0;0;0;0;0;0;0;0;4789;0;0;89;0;80;0;
13837;6437834;1012867072;20709376;1115045888;0;0;0;0;0;0;0;0;0;0;0;4208;0;0;89;0;80;0;
13838;5489886;1008152576;14204928;1108541440;0;0;0;0;0;0;0;0;0;0;0;4749;0;0;89;0;80;0;
13839;7616193;1008152576;14204928;1108541440;0;0;0;0;0;0;0;0;0;0;0;4719;0;0;89;0;80;0;
13840;7775021;1008152576;14204928;1108541440;0;0;0;0;0;0;0;0;0;0;0;7574;0;0;89;0;80;0;
13841;6271832;1008152576;14204928;1108541440;0;0;0;0;0;0;0;0;0;0;0;3256;0;0;89;0;80;0;
13842;7234126;1008152576;14204928;1108541440;0;0;0;0;0;0;0;0;0;0;0;7394;0;0;89;0;80;0;
13843;6251214;1008152576;14204928;1108541440;0;0;0;0;0;0;0;0;0;0;0;3847;0;0;89;0;80;0;
13844;5431716;1008152576;14204928;1108541440;0;0;0;0;0;0;0;0;0;0;0;5450;0;0;89;0;80;0;
13845;6328839;1008152576;14204928;1108541440;0;0;0;0;0;0;0;0;0;0;0;1963;0;0;89;0;80;0;
13846;5001550;1008152576;14204928;1108541440;0;0;0;0;0;0;0;0;0;0;0;5510;0;0;89;0;80;0;
13847;6092616;1008152576;14204928;1108541440;0;0;0;0;0;0;0;0;0;0;0;2164;0;0;89;0;80;0;
13848;15001744;1008152576;14204928;1108541440;0;0;0;0;0;0;0;0;0;0;0;6653;0;0;89;0;80;0;
13849;6900702;1008152576;14204928;1108541440;0;0;0;0;0;0;0;0;0;0;0;4348;0;0;89;0;80;0;
13850;5773678;1008152576;14204928;1108541440;0;0;0;0;0;0;0;0;0;0;0;4328;0;0;89;0;80;0;
13851;5296333;1008152576;14204928;1108541440;0;0;0;0;0;0;0;0;0;0;0;3116;0;0;89;0;80;0;
13852;3961119;1008152576;14204928;1108541440;0;0;0;0;0;0;0;0;0;0;0;2986;0;0;89;0;80;0;
13853;5143827;1010511872;20709376;1115045888;0;0;0;0;0;0;0;0;0;0;0;1703;0;0;89;0;80;0;
13854;3994001;1012879360;20709376;1115045888;0;0;0;0;0;0;0;0;0;0;0;4008;0;0;89;0;80;0;
13855;5131864;1012879360;20709376;1115045888;0;0;0;0;0;0;0;0;0;0;0;2154;0;0;89;0;80;0;
13856;5938407;1012879360;20709376;1115045888;0;0;0;0;0;0;0;0;0;0;0;3947;0;0;89;0;80;0;
13857;5918500;1012879360;20709376;1115045888;0;0;0;0;0;0;0;0;0;0;0;3426;0;0;89;0;80;0;
13858;5684471;1012879360;20709376;1115045888;0;0;0;0;0;0;0;0;0;0;0;3947;0;0;89;0;80;0;
13859;5963123;1012879360;20709376;1115045888;0;0;0;0;0;0;0;0;0;0;0;3125;0;0;89;0;80;0;
13860;5988581;1012879360;20709376;1115045888;0;0;0;0;0;0;0;0;0;0;0;4178;0;0;89;0;80;0;
13861;6779855;1012879360;20709376;1115045888;0;0;0;0;0;0;0;0;0;0;0;3958;0;0;89;0;80;0;
13862;5848579;1008164864;14204928;1108541440;0;0;0;0;0;0;0;0;0;0;0;4569;0;0;89;0;80;0;
13863;6549292;1008164864;14204928;1108541440;0;0;0;0;0;0;0;0;0;0;0;3346;0;0;89;0;80;0;
13864;5625150;1008164864;14204928;1108541440;0;0;0;0;0;0;0;0;0;0;0;3988;0;0;89;0;80;0;
13865;5297775;1008164864;14204928;1108541440;0;0;0;0;0;0;0;0;0;0;0;3526;0;0;89;0;80;0;
13866;5976228;1008164864;14204928;1108541440;0;0;0;0;0;0;0;0;0;0;0;4549;0;0;89;0;80;0;
13867;7270415;1008164864;14204928;1108541440;0;0;0;0;0;0;0;0;0;0;0;3978;0;0;89;0;80;0;
13868;6434326;1008164864;14204928;1108541440;0;0;0;0;0;0;0;0;0;0;0;6012;0;0;89;0;80;0;
13869;6233320;1008164864;14204928;1108541440;0;0;0;0;0;0;0;0;0;0;0;3536;0;0;89;0;80;0;
13870;5798474;1008164864;14204928;1108541440;0;0;0;0;0;0;0;0;0;0;0;3927;0;0;89;0;80;0;
13871;5552263;1008164864;14204928;1108541440;0;0;0;0;0;0;0;0;0;0;0;2966;0;0;89;0;80;0;
13872;4068640;1008164864;14204928;1108541440;0;0;0;0;0;0;0;0;0;0;0;3357;0;0;89;0;80;0;
13873;5025865;1008164864;14204928;1108541440;0;0;0;0;0;0;0;0;0;0;0;1934;0;0;89;0;80;0;
13874;4916380;1008164864;14204928;1108541440;0;0;0;0;0;0;0;0;0;0;0;3596;0;0;89;0;80;0;
13875;5735606;1010524160;20709376;1115045888;0;0;0;0;0;0;0;0;0;0;0;2996;0;0;89;0;80;0;
13876;4877747;1012891648;20709376;1115045888;0;0;0;0;0;0;0;0;0;0;0;3576;0;0;89;0;80;0;
13877;5855240;1012891648;20717568;1115054080;0;0;0;0;0;0;0;0;0;0;0;4258;0;0;89;0;80;0;
13878;4623220;1012891648;20717568;1115054080;0;0;0;0;0;0;0;0;0;0;0;3506;0;0;89;0;80;0;
13879;7177881;1012891648;20717568;1115054080;0;0;0;0;0;0;0;0;0;0;0;3978;0;0;89;0;80;0;
13880;4468180;1012891648;20717568;1115054080;0;0;0;0;0;0;0;0;0;0;0;3727;0;0;89;0;80;0;
13881;5851524;1012891648;20717568;1115054080;0;0;0;0;0;0;0;0;0;0;0;3506;0;0;89;0;80;0;
13882;3714616;1012891648;20717568;1115054080;0;0;0;0;0;0;0;0;0;0;0;3076;0;0;89;0;80;0;
13883;4365106;1012891648;20717568;1115054080;0;0;0;0;0;0;0;0;0;0;0;2424;0;0;89;0;80;0;
13884;2640492;1008177152;14204928;1108541440;0;0;0;0;0;0;0;0;0;0;0;2515;0;0;89;0;80;0;
13885;5090066;1008177152;14204928;1108541440;0;0;0;0;0;0;0;0;0;0;0;2545;0;0;89;0;80;0;
13886;3836805;1008177152;14204928;1108541440;0;0;0;0;0;0;0;0;0;0;0;3636;0;0;89;0;80;0;
13887;5354141;1008177152;14204928;1108541440;0;0;0;0;0;0;0;0;0;0;0;1994;0;0;89;0;80;0;
13888;3925341;1008177152;14204928;1108541440;0;0;0;0;0;0;0;0;0;0;0;3627;0;0;89;0;80;0;
13889;4970892;1008177152;14204928;1108541440;0;0;0;0;0;0;0;0;0;0;0;2144;0;0;89;0;80;0;
13890;5581387;1008177152;14204928;1108541440;0;0;0;0;0;0;0;0;0;0;0;6031;0;0;89;0;80;0;
13891;4774985;1008177152;14204928;1108541440;0;0;0;0;0;0;0;0;0;0;0;2264;0;0;89;0;80;0;
13892;4572144;1008177152;14204928;1108541440;0;0;0;0;0;0;0;0;0;0;0;2835;0;0;89;0;80;0;
13893;5835584;1008177152;14204928;1108541440;0;0;0;0;0;0;0;0;0;0;0;2995;0;0;89;0;80;0;
13894;3767887;1008177152;14204928;1108541440;0;0;0;0;0;0;0;0;0;0;0;3396;0;0;89;0;80;0;
13895;5848127;1008177152;14204928;1108541440;0;0;0;0;0;0;0;0;0;0;0;2524;0;0;89;0;80;0;
13896;3136532;1008177152;14204928;1108541440;0;0;0;0;0;0;0;0;0;0;0;3677;0;0;89;0;80;0;
13897;6667925;1008177152;14204928;1108541440;0;0;0;0;0;0;0;0;0;0;0;2424;0;0;89;0;80;0;
13898;4538161;1008177152;14204928;1108541440;0;0;0;0;0;0;0;0;0;0;0;3627;0;0;89;0;80;0;
13899;4834777;1008177152;14204928;1108541440;0;0;0;0;0;0;0;0;0;0;0;1823;0;0;89;0;80;0;
13900;3810887;1008177152;14204928;1108541440;0;0;0;0;0;0;0;0;0;0;0;2705;0;0;89;0;80;0;
13901;5950690;1010536448;20709376;1115045888;0;0;0;0;0;0;0;0;0;0;0;3146;0;0;89;0;80;0;
13902;5396871;1012903936;20709376;1115045888;0;0;0;0;0;0;0;0;0;0;0;4008;0;0;89;0;80;0;
13903;5080478;1012903936;20709376;1115045888;0;0;0;0;0;0;0;0;0;0;0;2695;0;0;89;0;80;0;
13904;3746686;1012903936;20709376;1115045888;0;0;0;0;0;0;0;0;0;0;0;3237;0;0;89;0;80;0;
13905;4711035;1012903936;20709376;1115045888;0;0;0;0;0;0;0;0;0;0;0;2234;0;0;89;0;80;0;
13906;4522281;1012903936;20709376;1115045888;0;0;0;0;0;0;0;0;0;0;0;3356;0;0;89;0;80;0;
13907;4839125;1012903936;20709376;1115045888;0;0;0;0;0;0;0;0;0;0;0;2265;0;0;89;0;80;0;
13908;3363618;1012903936;20709376;1115045888;0;0;0;0;0;0;0;0;0;0;0;3918;0;0;89;0;80;0;
13909;5799376;1012903936;20709376;1115045888;0;0;0;0;0;0;0;0;0;0;0;2815;0;0;89;0;80;0;
13910;4843133;1008189440;14204928;1108541440;0;0;0;0;0;0;0;0;0;0;0;3838;0;0;89;0;80;0;
13911;6295988;1008189440;14204928;1108541440;0;0;0;0;0;0;0;0;0;0;0;3957;0;0;89;0;80;0;
13912;5332961;1008189440;14204928;1108541440;0;0;0;0;0;0;0;0;0;0;0;5110;0;0;89;0;80;0;
13913;5571819;1008189440;14204928;1108541440;0;0;0;0;0;0;0;0;0;0;0;2555;0;0;89;0;80;0;
13914;5162582;1008189440;14204928;1108541440;0;0;0;0;0;0;0;0;0;0;0;3908;0;0;89;0;80;0;
13915;5583782;1008189440;14204928;1108541440;0;0;0;0;0;0;0;0;0;0;0;2926;0;0;89;0;80;0;
13916;4528432;1008189440;14204928;1108541440;0;0;0;0;0;0;0;0;0;0;0;3777;0;0;89;0;80;0;
13917;4994277;1008189440;14204928;1108541440;0;0;0;0;0;0;0;0;0;0;0;2755;0;0;89;0;80;0;
13918;4065023;1008189440;14204928;1108541440;0;0;0;0;0;0;0;0;0;0;0;3847;0;0;89;0;80;0;
13919;5958024;1008189440;14204928;1108541440;0;0;0;0;0;0;0;0;0;0;0;3847;0;0;89;0;80;0;
13920;4034326;1008189440;14204928;1108541440;0;0;0;0;0;0;0;0;0;0;0;4288;0;0;89;0;80;0;
13921;6278595;1008189440;14204928;1108541440;0;0;0;0;0;0;0;0;0;0;0;2945;0;0;89;0;80;0;
13922;5797111;1008189440;14204928;1108541440;0;0;0;0;0;0;0;0;0;0;0;3778;0;0;89;0;80;0;
13923;5831406;1010548736;20709376;1115045888;0;0;0;0;0;0;0;0;0;0;0;3216;0;0;89;0;80;0;
13924;4589798;1012916224;20709376;1115045888;0;0;0;0;0;0;0;0;0;0;0;4028;0;0;89;0;80;0;
13925;5703135;1012916224;20709376;1115045888;0;0;0;0;0;0;0;0;0;0;0;3486;0;0;89;0;80;0;
13926;6296138;1012916224;20709376;1115045888;0;0;0;0;0;0;0;0;0;0;0;2845;0;0;89;0;80;0;
13927;4997832;1012916224;20709376;1115045888;0;0;0;0;0;0;0;0;0;0;0;2505;0;0;89;0;80;0;
13928;2405732;1012916224;20709376;1115045888;0;0;0;0;0;0;0;0;0;0;0;3136;0;0;89;0;80;0;
13929;5944888;1012916224;20709376;1115045888;0;0;0;0;0;0;0;0;0;0;0;2034;0;0;89;0;80;0;
13930;3791710;1012916224;20709376;1115045888;0;0;0;0;0;0;0;0;0;0;0;3497;0;0;89;0;80;0;
13931;7282908;1012916224;20709376;1115045888;0;0;0;0;0;0;0;0;0;0;0;4238;0;0;89;0;80;0;
13932;4799922;1008201728;14204928;1108541440;0;0;0;0;0;0;0;0;0;0;0;5521;0;0;89;0;80;0;
13933;6153039;1008201728;14204928;1108541440;0;0;0;0;0;0;0;0;0;0;0;4198;0;0;89;0;80;0;
13934;5700591;1008201728;14204928;1108541440;0;0;0;0;0;0;0;0;0;0;0;5230;0;0;89;0;80;0;
13935;6013608;1008201728;14204928;1108541440;0;0;0;0;0;0;0;0;0;0;0;2915;0;0;89;0;80;0;
13936;3283498;1008201728;14204928;1108541440;0;0;0;0;0;0;0;0;0;0;0;3426;0;0;89;0;80;0;
13937;5129129;1008201728;14204928;1108541440;0;0;0;0;0;0;0;0;0;0;0;2084;0;0;89;0;80;0;
13938;3659022;1008201728;14204928;1108541440;0;0;0;0;0;0;0;0;0;0;0;3436;0;0;89;0;80;0;
13939;5417089;1008201728;14204928;1108541440;0;0;0;0;0;0;0;0;0;0;0;2816;0;0;89;0;80;0;
13940;3030724;1008201728;14204928;1108541440;0;0;0;0;0;0;0;0;0;0;0;3546;0;0;89;0;80;0;
13941;5369671;1008201728;14204928;1108541440;0;0;0;0;0;0;0;0;0;0;0;3126;0;0;89;0;80;0;
13942;3215190;1008201728;14204928;1108541440;0;0;0;0;0;0;0;0;0;0;0;3236;0;0;89;0;80;0;
13943;4667974;1008201728;14204928;1108541440;0;0;0;0;0;0;0;0;0;0;0;2544;0;0;89;0;80;0;
13944;2969619;1008201728;14204928;1108541440;0;0;0;0;0;0;0;0;0;0;0;3506;0;0;89;0;80;0;
13945;4752282;1008201728;14204928;1108541440;0;0;0;0;0;0;0;0;0;0;0;2365;0;0;89;0;80;0;
13946;3688408;1008201728;14204928;1108541440;0;0;0;0;0;0;0;0;0;0;0;3867;0;0;89;0;80;0;
13947;5913009;1010561024;20709376;1115045888;0;0;0;0;0;0;0;0;0;0;0;2805;0;0;89;0;80;0;
13948;3368357;1012928512;20709376;1115045888;0;0;0;0;0;0;0;0;0;0;0;3266;0;0;89;0;80;0;
13949;4785504;1012928512;20709376;1115045888;0;0;0;0;0;0;0;0;0;0;0;2805;0;0;89;0;80;0;
13950;3370671;1012928512;20709376;1115045888;0;0;0;0;0;0;0;0;0;0;0;3346;0;0;89;0;80;0;
13951;5809365;1012928512;20709376;1115045888;0;0;0;0;0;0;0;0;0;0;0;3116;0;0;89;0;80;0;
13952;2743024;1012928512;20709376;1115045888;0;0;0;0;0;0;0;0;0;0;0;3116;0;0;89;0;80;0;
13953;4435348;1012928512;20709376;1115045888;0;0;0;0;0;0;0;0;0;0;0;2515;0;0;89;0;80;0;
13954;3473704;1012928512;20709376;1115045888;0;0;0;0;0;0;0;0;0;0;0;3587;0;0;89;0;80;0;
13955;6218793;1012928512;20709376;1115045888;0;0;0;0;0;0;0;0;0;0;0;2184;0;0;89;0;80;0;
13956;3166488;1008214016;14204928;1108541440;0;0;0;0;0;0;0;0;0;0;0;3757;0;0;89;0;80;0;
13957;5071101;1008214016;14204928;1108541440;0;0;0;0;0;0;0;0;0;0;0;2885;0;0;89;0;80;0;
13958;4411183;1008214016;14204928;1108541440;0;0;0;0;0;0;0;0;0;0;0;5791;0;0;89;0;80;0;
13959;5693337;1008214016;14204928;1108541440;0;0;0;0;0;0;0;0;0;0;0;3337;0;0;89;0;80;0;
13960;4117802;1008214016;14204928;1108541440;0;0;0;0;0;0;0;0;0;0;0;2986;0;0;89;0;80;0;
13961;5066171;1008214016;14204928;1108541440;0;0;0;0;0;0;0;0;0;0;0;3206;0;0;89;0;80;0;
13962;3245006;1008214016;14204928;1108541440;0;0;0;0;0;0;0;0;0;0;0;3176;0;0;89;0;80;0;
13963;5754231;1008214016;14204928;1108541440;0;0;0;0;0;0;0;0;0;0;0;2445;0;0;89;0;80;0;
13964;3972380;1008214016;14204928;1108541440;0;0;0;0;0;0;0;0;0;0;0;3677;0;0;89;0;80;0;
13965;5972741;1008214016;14204928;1108541440;0;0;0;0;0;0;0;0;0;0;0;2935;0;0;89;0;80;0;
13966;2606347;1008214016;14204928;1108541440;0;0;0;0;0;0;0;0;0;0;0;2715;0;0;89;0;80;0;
13967;4604765;1008214016;14204928;1108541440;0;0;0;0;0;0;0;0;0;0;0;2094;0;0;89;0;80;0;
13968;2051978;1008214016;14204928;1108541440;0;0;0;0;0;0;0;0;0;0;0;2354;0;0;89;0;80;0;
13969;4760789;1010573312;20709376;1115045888;0;0;0;0;0;0;0;0;0;0;0;2274;0;0;89;0;80;0;
13970;4589978;1012940800;20709376;1115045888;0;0;0;0;0;0;0;0;0;0;0;3477;0;0;89;0;80;0;
13971;5603338;1012940800;20709376;1115045888;0;0;0;0;0;0;0;0;0;0;0;3677;0;0;89;0;80;0;
13972;3902088;1012940800;20709376;1115045888;0;0;0;0;0;0;0;0;0;0;0;3016;0;0;89;0;80;0;
13973;5382274;1012940800;20709376;1115045888;0;0;0;0;0;0;0;0;0;0;0;2104;0;0;89;0;80;0;
13974;2366228;1012940800;20709376;1115045888;0;0;0;0;0;0;0;0;0;0;0;2615;0;0;89;0;80;0;
13975;5749192;1012940800;20709376;1115045888;0;0;0;0;0;0;0;0;0;0;0;2495;0;0;89;0;80;0;
13976;2642014;1012940800;20709376;1115045888;0;0;0;0;0;0;0;0;0;0;0;2996;0;0;89;0;80;0;
13977;5304558;1012940800;20709376;1115045888;0;0;0;0;0;0;0;0;0;0;0;2555;0;0;89;0;80;0;
13978;4026842;1008226304;14204928;1108541440;0;0;0;0;0;0;0;0;0;0;0;3467;0;0;89;0;80;0;
13979;5583592;1008226304;14204928;1108541440;0;0;0;0;0;0;0;0;0;0;0;3086;0;0;89;0;80;0;
13980;3576367;1008226304;14204928;1108541440;0;0;0;0;0;0;0;0;0;0;0;2815;0;0;89;0;80;0;
13981;5411789;1008226304;14204928;1108541440;0;0;0;0;0;0;0;0;0;0;0;2515;0;0;89;0;80;0;
13982;4889941;1008226304;14204928;1108541440;0;0;0;0;0;0;0;0;0;0;0;4218;0;0;89;0;80;0;
13983;7151683;1008226304;14213120;1108549632;0;0;0;0;0;0;0;0;0;0;0;5380;0;0;89;0;80;0;
13984;5809345;1008226304;14213120;1108549632;0;0;0;0;0;0;0;0;0;0;0;3266;0;0;89;0;80;0;
13985;4911280;1010585600;20717568;1115054080;0;0;0;0;0;0;0;0;0;0;0;2364;0;0;89;0;80;0;
13986;4124796;1012953088;20717568;1115054080;0;0;0;0;0;0;0;0;0;0;0;3045;0;0;89;0;80;0;
13987;5534259;1012953088;20717568;1115054080;0;0;0;0;0;0;0;0;0;0;0;1683;0;0;89;0;80;0;
13988;3876009;1012953088;20717568;1115054080;0;0;0;0;0;0;0;0;0;0;0;3727;0;0;89;0;80;0;
13989;6064383;1012953088;20717568;1115054080;0;0;0;0;0;0;0;0;0;0;0;3317;0;0;89;0;80;0;
13990;6106983;1013010432;20709376;1115045888;0;0;0;0;0;0;0;0;0;0;0;3266;0;0;89;0;80;0;
13991;5145430;1013010432;20709376;1115045888;0;0;0;0;0;0;0;0;0;0;0;1884;0;0;89;0;80;0;
13992;3155298;1013010432;20709376;1115045888;0;0;0;0;0;0;0;0;0;0;0;3236;0;0;89;0;80;0;
13993;4414910;1013010432;20709376;1115045888;0;0;0;0;0;0;0;0;0;0;0;1523;0;0;89;0;80;0;
13994;3940189;1008230400;14204928;1108541440;0;0;0;0;0;0;0;0;0;0;0;3346;0;0;89;0;80;0;
13995;4711325;1010589696;20709376;1115045888;0;0;0;0;0;0;0;0;0;0;0;2514;0;0;89;0;80;0;
13996;3546771;1012957184;20709376;1115045888;0;0;0;0;0;0;0;0;0;0;0;3546;0;0;89;0;80;0;
13997;4529475;1012957184;20709376;1115045888;0;0;0;0;0;0;0;0;0;0;0;1874;0;0;89;0;80;0;
13998;4100039;1012957184;20709376;1115045888;0;0;0;0;0;0;0;0;0;0;0;2876;0;0;89;0;80;0;
13999;5223005;1012957184;20709376;1115045888;0;0;0;0;0;0;0;0;0;0;0;2925;0;0;89;0;80;0;
14000;3735616;1012957184;20709376;1115045888;0;0;0;0;0;0;0;0;0;0;0;3597;0;0;89;0;80;0;
14001;4812495;1012957184;20709376;1115045888;0;0;0;0;0;0;0;0;0;0;0;2314;0;0;89;0;80;0;
14002;2711956;1012957184;20709376;1115045888;0;0;0;0;0;0;0;0;0;0;0;2224;0;0;89;0;80;0;
14003;4371348;1012957184;20709376;1115045888;0;0;0;0;0;0;0;0;0;0;0;2355;0;0;89;0;80;0;
14004;2751891;1008238592;14204928;1108541440;0;0;0;0;0;0;0;0;0;0;0;2766;0;0;89;0;80;0;
14005;4443664;1008238592;14204928;1108541440;0;0;0;0;0;0;0;0;0;0;0;2184;0;0;89;0;80;0;
14006;3531663;1008238592;14204928;1108541440;0;0;0;0;0;0;0;0;0;0;0;3276;0;0;89;0;80;0;
14007;4762321;1008238592;14204928;1108541440;0;0;0;0;0;0;0;0;0;0;0;2024;0;0;89;0;80;0;
14008;3964064;1008238592;14204928;1108541440;0;0;0;0;0;0;0;0;0;0;0;3086;0;0;89;0;80;0;
14009;4583245;1008238592;14204928;1108541440;0;0;0;0;0;0;0;0;0;0;0;2074;0;0;89;0;80;0;
14010;2585108;1008238592;14204928;1108541440;0;0;0;0;0;0;0;0;0;0;0;1853;0;0;89;0;80;0;
14011;4325291;1008238592;14204928;1108541440;0;0;0;0;0;0;0;0;0;0;0;1583;0;0;89;0;80;0;
14012;2171833;1008238592;14204928;1108541440;0;0;0;0;0;0;0;0;0;0;0;1963;0;0;89;0;80;0;
14013;4304111;1008238592;14204928;1108541440;0;0;0;0;0;0;0;0;0;0;0;1724;0;0;89;0;80;0;
14014;1596334;1008238592;14204928;1108541440;0;0;0;0;0;0;0;0;0;0;0;1623;0;0;89;0;80;0;
14015;4291779;1008238592;14204928;1108541440;0;0;0;0;0;0;0;0;0;0;0;1613;0;0;89;0;80;0;
14016;2173086;1008238592;14204928;1108541440;0;0;0;0;0;0;0;0;0;0;0;2073;0;0;89;0;80;0;
14017;4522231;1010597888;20709376;1115045888;0;0;0;0;0;0;0;0;0;0;0;1734;0;0;89;0;80;0;
14018;2476515;1012965376;20709376;1115045888;0;0;0;0;0;0;0;0;0;0;0;2254;0;0;89;0;80;0;
14019;4112843;1012965376;20709376;1115045888;0;0;0;0;0;0;0;0;0;0;0;1833;0;0;89;0;80;0;
14020;3133908;1012965376;20709376;1115045888;0;0;0;0;0;0;0;0;0;0;0;2385;0;0;89;0;80;0;
14021;4952027;1012965376;20709376;1115045888;0;0;0;0;0;0;0;0;0;0;0;1803;0;0;89;0;80;0;
14022;2400692;1012965376;20709376;1115045888;0;0;0;0;0;0;0;0;0;0;0;2224;0;0;89;0;80;0;
14023;4691157;1012965376;20709376;1115045888;0;0;0;0;0;0;0;0;0;0;0;1704;0;0;89;0;80;0;
14024;2178867;1012965376;20709376;1115045888;0;0;0;0;0;0;0;0;0;0;0;2104;0;0;89;0;80;0;
14025;4634562;1012965376;20709376;1115045888;0;0;0;0;0;0;0;0;0;0;0;1923;0;0;89;0;80;0;
14026;3772064;1008250880;14204928;1108541440;0;0;0;0;0;0;0;0;0;0;0;2826;0;0;89;0;80;0;
14027;4156004;1008250880;14204928;1108541440;0;0;0;0;0;0;0;0;0;0;0;1823;0;0;89;0;80;0;
14028;2344958;1008250880;14204928;1108541440;0;0;0;0;0;0;0;0;0;0;0;1884;0;0;89;0;80;0;
14029;4852190;1008250880;14204928;1108541440;0;0;0;0;0;0;0;0;0;0;0;1894;0;0;89;0;80;0;
14030;3654885;1008250880;14204928;1108541440;0;0;0;0;0;0;0;0;0;0;0;2405;0;0;89;0;80;0;
14031;5122867;1008250880;14204928;1108541440;0;0;0;0;0;0;0;0;0;0;0;1743;0;0;89;0;80;0;
14032;2611919;1008250880;14204928;1108541440;0;0;0;0;0;0;0;0;0;0;0;2565;0;0;89;0;80;0;
14033;4807056;1008250880;14204928;1108541440;0;0;0;0;0;0;0;0;0;0;0;1843;0;0;89;0;80;0;
14034;2137068;1008250880;14204928;1108541440;0;0;0;0;0;0;0;0;0;0;0;2083;0;0;89;0;80;0;
14035;4751761;1008250880;14204928;1108541440;0;0;0;0;0;0;0;0;0;0;0;1853;0;0;89;0;80;0;
14036;3661456;1008250880;14204928;1108541440;0;0;0;0;0;0;0;0;0;0;0;5991;0;0;89;0;80;0;
14037;4458742;1008250880;14204928;1108541440;0;0;0;0;0;0;0;0;0;0;0;2244;0;0;89;0;80;0;
14038;4703521;1008250880;14204928;1108541440;0;0;0;0;0;0;0;0;0;0;0;4047;0;0;89;0;80;0;
14039;4586101;1008250880;14204928;1108541440;0;0;0;0;0;0;0;0;0;0;0;2304;0;0;89;0;80;0;
14040;2178115;1008250880;14204928;1108541440;0;0;0;0;0;0;0;0;0;0;0;2224;0;0;89;0;80;0;
14041;5182779;1010610176;20709376;1115045888;0;0;0;0;0;0;0;0;0;0;0;2214;0;0;89;0;80;0;
14042;3265093;1012977664;20709376;1115045888;0;0;0;0;0;0;0;0;0;0;0;2785;0;0;89;0;80;0;
14043;4472257;1012977664;20709376;1115045888;0;0;0;0;0;0;0;0;0;0;0;2504;0;0;89;0;80;0;
14044;2336432;1012977664;20709376;1115045888;0;0;0;0;0;0;0;0;0;0;0;2716;0;0;89;0;80;0;
14045;4317768;1012977664;20709376;1115045888;0;0;0;0;0;0;0;0;0;0;0;1813;0;0;89;0;80;0;
14046;3568572;1012977664;20709376;1115045888;0;0;0;0;0;0;0;0;0;0;0;3056;0;0;89;0;80;0;
14047;4564550;1012977664;20709376;1115045888;0;0;0;0;0;0;0;0;0;0;0;1934;0;0;89;0;80;0;
14048;2600437;1012977664;20709376;1115045888;0;0;0;0;0;0;0;0;0;0;0;2515;0;0;89;0;80;0;
14049;4132841;1012977664;20709376;1115045888;0;0;0;0;0;0;0;0;0;0;0;1934;0;0;89;0;80;0;
14050;4115278;1008263168;14204928;1108541440;0;0;0;0;0;0;0;0;0;0;0;3366;0;0;89;0;80;0;
14051;4785435;1008263168;14204928;1108541440;0;0;0;0;0;0;0;0;0;0;0;2134;0;0;89;0;80;0;
14052;3353849;1008263168;14204928;1108541440;0;0;0;0;0;0;0;0;0;0;0;3246;0;0;89;0;80;0;
14053;4577444;1008263168;14204928;1108541440;0;0;0;0;0;0;0;0;0;0;0;2655;0;0;89;0;80;0;
14054;3008362;1008263168;14204928;1108541440;0;0;0;0;0;0;0;0;0;0;0;2965;0;0;89;0;80;0;
14055;4808237;1008263168;14204928;1108541440;0;0;0;0;0;0;0;0;0;0;0;1853;0;0;89;0;80;0;
14056;3250496;1008263168;14204928;1108541440;0;0;0;0;0;0;0;0;0;0;0;3406;0;0;89;0;80;0;
14057;5359361;1008263168;14204928;1108541440;0;0;0;0;0;0;0;0;0;0;0;2645;0;0;89;0;80;0;
14058;3363017;1008263168;14204928;1108541440;0;0;0;0;0;0;0;0;0;0;0;2725;0;0;89;0;80;0;
14059;5573933;1008263168;14204928;1108541440;0;0;0;0;0;0;0;0;0;0;0;3056;0;0;89;0;80;0;
14060;2991480;1008263168;14204928;1108541440;0;0;0;0;0;0;0;0;0;0;0;2846;0;0;89;0;80;0;
14061;5305590;1008263168;14204928;1108541440;0;0;0;0;0;0;0;0;0;0;0;2786;0;0;89;0;80;0;
14062;2741451;1008263168;14204928;1108541440;0;0;0;0;0;0;0;0;0;0;0;2515;0;0;89;0;80;0;
14063;10575323;1010622464;20709376;1115045888;0;0;0;0;0;0;0;0;0;0;0;1973;0;0;89;0;80;0;
14064;3946541;1012989952;20709376;1115045888;0;0;0;0;0;0;0;0;0;0;0;5720;0;0;89;0;80;0;
14065;5487551;1012989952;20709376;1115045888;0;0;0;0;0;0;0;0;0;0;0;5610;0;0;89;0;80;0;
14066;2917311;1012989952;20709376;1115045888;0;0;0;0;0;0;0;0;0;0;0;3065;0;0;89;0;80;0;
14067;4311767;1012989952;20709376;1115045888;0;0;0;0;0;0;0;0;0;0;0;1913;0;0;89;0;80;0;
14068;2950093;1012989952;20709376;1115045888;0;0;0;0;0;0;0;0;0;0;0;3296;0;0;89;0;80;0;
14069;4686129;1012989952;20709376;1115045888;0;0;0;0;0;0;0;0;0;0;0;1403;0;0;89;0;80;0;
14070;3116514;1012989952;20709376;1115045888;0;0;0;0;0;0;0;0;0;0;0;2725;0;0;89;0;80;0;
14071;4222108;1012989952;20709376;1115045888;0;0;0;0;0;0;0;0;0;0;0;1483;0;0;89;0;80;0;
14072;2505178;1008275456;14204928;1108541440;0;0;0;0;0;0;0;0;0;0;0;2866;0;0;89;0;80;0;
14073;4310934;1008275456;14204928;1108541440;0;0;0;0;0;0;0;0;0;0;0;1673;0;0;89;0;80;0;
14074;4392798;1008275456;14204928;1108541440;0;0;0;0;0;0;0;0;0;0;0;3055;0;0;89;0;80;0;
14075;5060580;1008275456;14204928;1108541440;0;0;0;0;0;0;0;0;0;0;0;3296;0;0;89;0;80;0;
14076;2638298;1008275456;14204928;1108541440;0;0;0;0;0;0;0;0;0;0;0;2956;0;0;89;0;80;0;
14077;4831141;1008275456;14204928;1108541440;0;0;0;0;0;0;0;0;0;0;0;1914;0;0;89;0;80;0;
14078;4579138;1008275456;14204928;1108541440;0;0;0;0;0;0;0;0;0;0;0;3988;0;0;89;0;80;0;
14079;4864613;1008275456;14204928;1108541440;0;0;0;0;0;0;0;0;0;0;0;2805;0;0;89;0;80;0;
14080;5361214;1008275456;14204928;1108541440;0;0;0;0;0;0;0;0;0;0;0;3316;0;0;89;0;80;0;
14081;5399045;1008275456;14204928;1108541440;0;0;0;0;0;0;0;0;0;0;0;2595;0;0;89;0;80;0;
14082;5888754;1008275456;14204928;1108541440;0;0;0;0;0;0;0;0;0;0;0;3637;0;0;89;0;80;0;
14083;5991737;1008275456;14204928;1108541440;0;0;0;0;0;0;0;0;0;0;0;3316;0;0;89;0;80;0;
14084;5312723;1008275456;14204928;1108541440;0;0;0;0;0;0;0;0;0;0;0;3446;0;0;89;0;80;0;
14085;5990174;1008275456;14204928;1108541440;0;0;0;0;0;0;0;0;0;0;0;3616;0;0;89;0;80;0;
14086;5802131;1008275456;14204928;1108541440;0;0;0;0;0;0;0;0;0;0;0;3867;0;0;89;0;80;0;
14087;5869477;1008275456;14204928;1108541440;0;0;0;0;0;0;0;0;0;0;0;2775;0;0;89;0;80;0;
14088;5465059;1008275456;14204928;1108541440;0;0;0;0;0;0;0;0;0;0;0;4078;0;0;89;0;80;0;
14089;6032653;1010634752;20709376;1115045888;0;0;0;0;0;0;0;0;0;0;0;3687;0;0;89;0;80;0;
14090;4127561;1013002240;20709376;1115045888;0;0;0;0;0;0;0;0;0;0;0;3076;0;0;89;0;80;0;
14091;6250021;1013002240;20709376;1115045888;0;0;0;0;0;0;0;0;0;0;0;2935;0;0;89;0;80;0;
14092;5314086;1013002240;20709376;1115045888;0;0;0;0;0;0;0;0;0;0;0;3657;0;0;89;0;80;0;
14093;6056709;1013002240;20709376;1115045888;0;0;0;0;0;0;0;0;0;0;0;2614;0;0;89;0;80;0;
14094;3302112;1013002240;20709376;1115045888;0;0;0;0;0;0;0;0;0;0;0;3036;0;0;89;0;80;0;
14095;5022980;1013002240;20709376;1115045888;0;0;0;0;0;0;0;0;0;0;0;2746;0;0;89;0;80;0;
14096;3120723;1013002240;20709376;1115045888;0;0;0;0;0;0;0;0;0;0;0;3035;0;0;89;0;80;0;
14097;5589152;1013002240;20709376;1115045888;0;0;0;0;0;0;0;0;0;0;0;1843;0;0;89;0;80;0;
14098;5006680;1008287744;14204928;1108541440;0;0;0;0;0;0;0;0;0;0;0;3948;0;0;89;0;80;0;
14099;5897881;1008287744;14213120;1108549632;0;0;0;0;0;0;0;0;0;0;0;3948;0;0;89;0;80;0;
14100;4648698;1008287744;14213120;1108549632;0;0;0;0;0;0;0;0;0;0;0;3577;0;0;89;0;80;0;
14101;5583171;1010647040;20717568;1115054080;0;0;0;0;0;0;0;0;0;0;0;2425;0;0;89;0;80;0;
14102;3346546;1013014528;20717568;1115054080;0;0;0;0;0;0;0;0;0;0;0;2896;0;0;89;0;80;0;
14103;4503005;1013014528;20717568;1115054080;0;0;0;0;0;0;0;0;0;0;0;1833;0;0;89;0;80;0;
14104;4509878;1013014528;20717568;1115054080;0;0;0;0;0;0;0;0;0;0;0;2815;0;0;89;0;80;0;
14105;5059629;1013014528;20717568;1115054080;0;0;0;0;0;0;0;0;0;0;0;1853;0;0;89;0;80;0;
14106;4715263;1013112832;20709376;1115045888;0;0;0;0;0;0;0;0;0;0;0;3857;0;0;89;0;80;0;
14107;6395204;1013112832;20709376;1115045888;0;0;0;0;0;0;0;0;0;0;0;2966;0;0;89;0;80;0;
14108;5656007;1013112832;20709376;1115045888;0;0;0;0;0;0;0;0;0;0;0;4348;0;0;89;0;80;0;
14109;5369370;1013112832;20709376;1115045888;0;0;0;0;0;0;0;0;0;0;0;2855;0;0;89;0;80;0;
14110;5693568;1008287744;14204928;1108541440;0;0;0;0;0;0;0;0;0;0;0;4008;0;0;89;0;80;0;
14111;10028608;1010647040;20709376;1115045888;0;0;0;0;0;0;0;0;0;0;0;3406;0;0;89;0;80;0;
14112;4821933;1013014528;20709376;1115045888;0;0;0;0;0;0;0;0;0;0;0;4088;0;0;89;0;80;0;
14113;5467965;1013014528;20709376;1115045888;0;0;0;0;0;0;0;0;0;0;0;3247;0;0;89;0;80;0;
14114;4028736;1013014528;20709376;1115045888;0;0;0;0;0;0;0;0;0;0;0;3727;0;0;89;0;80;0;
14115;5420846;1013014528;20709376;1115045888;0;0;0;0;0;0;0;0;0;0;0;2565;0;0;89;0;80;0;
14116;4457660;1013014528;20709376;1115045888;0;0;0;0;0;0;0;0;0;0;0;3626;0;0;89;0;80;0;
14117;5120173;1013014528;20709376;1115045888;0;0;0;0;0;0;0;0;0;0;0;2746;0;0;89;0;80;0;
14118;3394366;1013014528;20709376;1115045888;0;0;0;0;0;0;0;0;0;0;0;3977;0;0;89;0;80;0;
14119;5229468;1013014528;20709376;1115045888;0;0;0;0;0;0;0;0;0;0;0;1863;0;0;89;0;80;0;
14120;4518304;1008300032;14204928;1108541440;0;0;0;0;0;0;0;0;0;0;0;3226;0;0;89;0;80;0;
14121;4718869;1008300032;14204928;1108541440;0;0;0;0;0;0;0;0;0;0;0;2515;0;0;89;0;80;0;
14122;2661511;1008300032;14204928;1108541440;0;0;0;0;0;0;0;0;0;0;0;3216;0;0;89;0;80;0;
14123;5132165;1008300032;14204928;1108541440;0;0;0;0;0;0;0;0;0;0;0;2786;0;0;89;0;80;0;
14124;3204790;1008300032;14204928;1108541440;0;0;0;0;0;0;0;0;0;0;0;2876;0;0;89;0;80;0;
14125;5546081;1008300032;14204928;1108541440;0;0;0;0;0;0;0;0;0;0;0;2725;0;0;89;0;80;0;
14126;2508744;1008300032;14204928;1108541440;0;0;0;0;0;0;0;0;0;0;0;3476;0;0;89;0;80;0;
14127;5655917;1008300032;14204928;1108541440;0;0;0;0;0;0;0;0;0;0;0;2164;0;0;89;0;80;0;
14128;5598860;1008300032;14204928;1108541440;0;0;0;0;0;0;0;0;0;0;0;5110;0;0;89;0;80;0;
14129;6667374;1008300032;14204928;1108541440;0;0;0;0;0;0;0;0;0;0;0;4969;0;0;89;0;80;0;
14130;6211799;1008300032;14204928;1108541440;0;0;0;0;0;0;0;0;0;0;0;4769;0;0;89;0;80;0;
14131;6501703;1008300032;14204928;1108541440;0;0;0;0;0;0;0;0;0;0;0;4017;0;0;89;0;80;0;
14132;5945260;1008300032;14204928;1108541440;0;0;0;0;0;0;0;0;0;0;0;3727;0;0;89;0;80;0;
14133;5180104;1008300032;14204928;1108541440;0;0;0;0;0;0;0;0;0;0;0;3025;0;0;89;0;80;0;
14134;4688132;1008300032;14204928;1108541440;0;0;0;0;0;0;0;0;0;0;0;4258;0;0;89;0;80;0;
14135;6259489;1010659328;20709376;1115045888;0;0;0;0;0;0;0;0;0;0;0;10490;0;0;89;0;80;0;
14136;5326179;1013026816;20709376;1115045888;0;0;0;0;0;0;0;0;0;0;0;5951;0;0;89;0;80;0;
14137;6887557;1013026816;20709376;1115045888;0;0;0;0;0;0;0;0;0;0;0;3877;0;0;89;0;80;0;
14138;5377685;1013026816;20709376;1115045888;0;0;0;0;0;0;0;0;0;0;0;3377;0;0;89;0;80;0;
14139;5543286;1013026816;20709376;1115045888;0;0;0;0;0;0;0;0;0;0;0;1944;0;0;89;0;80;0;
14140;4260500;1013026816;20709376;1115045888;0;0;0;0;0;0;0;0;0;0;0;3337;0;0;89;0;80;0;
14141;4609825;1013026816;20709376;1115045888;0;0;0;0;0;0;0;0;0;0;0;2304;0;0;89;0;80;0;
14142;4750589;1013026816;20709376;1115045888;0;0;0;0;0;0;0;0;0;0;0;4158;0;0;89;0;80;0;
14143;6793630;1013026816;20709376;1115045888;0;0;0;0;0;0;0;0;0;0;0;3837;0;0;89;0;80;0;
14144;5491298;1008312320;14204928;1108541440;0;0;0;0;0;0;0;0;0;0;0;5019;0;0;89;0;80;0;
14145;6216368;1008312320;14204928;1108541440;0;0;0;0;0;0;0;0;0;0;0;3547;0;0;89;0;80;0;
14146;3458516;1008312320;14204928;1108541440;0;0;0;0;0;0;0;0;0;0;0;3316;0;0;89;0;80;0;
14147;4923964;1008312320;14204928;1108541440;0;0;0;0;0;0;0;0;0;0;0;2484;0;0;89;0;80;0;
14148;5410587;1008312320;14204928;1108541440;0;0;0;0;0;0;0;0;0;0;0;4217;0;0;89;0;80;0;
14149;7260145;1008312320;14204928;1108541440;0;0;0;0;0;0;0;0;0;0;0;4699;0;0;89;0;80;0;
14150;3510543;1008312320;14204928;1108541440;0;0;0;0;0;0;0;0;0;0;0;3416;0;0;89;0;80;0;
14151;5574494;1008312320;14204928;1108541440;0;0;0;0;0;0;0;0;0;0;0;3176;0;0;89;0;80;0;
14152;3255726;1008312320;14204928;1108541440;0;0;0;0;0;0;0;0;0;0;0;2665;0;0;89;0;80;0;
14153;5038589;1008312320;14204928;1108541440;0;0;0;0;0;0;0;0;0;0;0;2635;0;0;89;0;80;0;
14154;4781077;1008312320;14204928;1108541440;0;0;0;0;0;0;0;0;0;0;0;3857;0;0;89;0;80;0;
14155;5028300;1008312320;14204928;1108541440;0;0;0;0;0;0;0;0;0;0;0;1953;0;0;89;0;80;0;
14156;4949723;1008312320;14204928;1108541440;0;0;0;0;0;0;0;0;0;0;0;3697;0;0;89;0;80;0;
14157;4951185;1008312320;14204928;1108541440;0;0;0;0;0;0;0;0;0;0;0;3085;0;0;89;0;80;0;
14158;5160888;1008312320;14204928;1108541440;0;0;0;0;0;0;0;0;0;0;0;3948;0;0;89;0;80;0;
14159;5366284;1010671616;20709376;1115045888;0;0;0;0;0;0;0;0;0;0;0;2605;0;0;89;0;80;0;
14160;3702815;1013039104;20709376;1115045888;0;0;0;0;0;0;0;0;0;0;0;3677;0;0;89;0;80;0;
14161;5140451;1013039104;20709376;1115045888;0;0;0;0;0;0;0;0;0;0;0;3066;0;0;89;0;80;0;
14162;4235703;1013039104;20709376;1115045888;0;0;0;0;0;0;0;0;0;0;0;3536;0;0;89;0;80;0;
14163;5509272;1013039104;20709376;1115045888;0;0;0;0;0;0;0;0;0;0;0;3075;0;0;89;0;80;0;
14164;3994201;1013039104;20709376;1115045888;0;0;0;0;0;0;0;0;0;0;0;3837;0;0;89;0;80;0;
14165;4882907;1013039104;20709376;1115045888;0;0;0;0;0;0;0;0;0;0;0;2635;0;0;89;0;80;0;
14166;5276395;1013039104;20709376;1115045888;0;0;0;0;0;0;0;0;0;0;0;3587;0;0;89;0;80;0;
14167;5982449;1013039104;20709376;1115045888;0;0;0;0;0;0;0;0;0;0;0;4268;0;0;89;0;80;0;
14168;4423426;1008324608;14204928;1108541440;0;0;0;0;0;0;0;0;0;0;0;3597;0;0;89;0;80;0;
14169;5340816;1008324608;14204928;1108541440;0;0;0;0;0;0;0;0;0;0;0;2936;0;0;89;0;80;0;
14170;5196044;1008324608;14204928;1108541440;0;0;0;0;0;0;0;0;0;0;0;6091;0;0;89;0;80;0;
14171;5974905;1008324608;14204928;1108541440;0;0;0;0;0;0;0;0;0;0;0;2565;0;0;89;0;80;0;
14172;4694875;1008324608;14204928;1108541440;0;0;0;0;0;0;0;0;0;0;0;3707;0;0;89;0;80;0;
14173;5763008;1008324608;14204928;1108541440;0;0;0;0;0;0;0;0;0;0;0;3567;0;0;89;0;80;0;
14174;3635648;1008324608;14204928;1108541440;0;0;0;0;0;0;0;0;0;0;0;2845;0;0;89;0;80;0;
14175;4314742;1008324608;14204928;1108541440;0;0;0;0;0;0;0;0;0;0;0;1894;0;0;89;0;80;0;
14176;4808789;1008324608;14204928;1108541440;0;0;0;0;0;0;0;0;0;0;0;3778;0;0;89;0;80;0;
14177;5657640;1008324608;14204928;1108541440;0;0;0;0;0;0;0;0;0;0;0;2745;0;0;89;0;80;0;
14178;4713369;1008324608;14204928;1108541440;0;0;0;0;0;0;0;0;0;0;0;3427;0;0;89;0;80;0;
14179;6267264;1008324608;14204928;1108541440;0;0;0;0;0;0;0;0;0;0;0;4118;0;0;89;0;80;0;
14180;3412791;1008324608;14204928;1108541440;0;0;0;0;0;0;0;0;0;0;0;3346;0;0;89;0;80;0;
14181;5209009;1010683904;20709376;1115045888;0;0;0;0;0;0;0;0;0;0;0;2354;0;0;89;0;80;0;
14182;4229653;1013051392;20709376;1115045888;0;0;0;0;0;0;0;0;0;0;0;2995;0;0;89;0;80;0;
14183;5398003;1013051392;20709376;1115045888;0;0;0;0;0;0;0;0;0;0;0;2945;0;0;89;0;80;0;
14184;4103075;1013051392;20709376;1115045888;0;0;0;0;0;0;0;0;0;0;0;2976;0;0;89;0;80;0;
14185;6108545;1013051392;20709376;1115045888;0;0;0;0;0;0;0;0;0;0;0;2615;0;0;89;0;80;0;
14186;5227494;1013051392;20709376;1115045888;0;0;0;0;0;0;0;0;0;0;0;3397;0;0;89;0;80;0;
14187;6241625;1013051392;20709376;1115045888;0;0;0;0;0;0;0;0;0;0;0;3056;0;0;89;0;80;0;
14188;3843347;1013051392;20709376;1115045888;0;0;0;0;0;0;0;0;0;0;0;3536;0;0;89;0;80;0;
14189;5547293;1013051392;20709376;1115045888;0;0;0;0;0;0;0;0;0;0;0;3056;0;0;89;0;80;0;
14190;3607385;1008336896;14204928;1108541440;0;0;0;0;0;0;0;0;0;0;0;2825;0;0;89;0;80;0;
14191;5201585;1008336896;14204928;1108541440;0;0;0;0;0;0;0;0;0;0;0;4018;0;0;89;0;80;0;
14192;4179197;1008336896;14204928;1108541440;0;0;0;0;0;0;0;0;0;0;0;3286;0;0;89;0;80;0;
14193;4877668;1008336896;14204928;1108541440;0;0;0;0;0;0;0;0;0;0;0;2505;0;0;89;0;80;0;
14194;3936432;1008336896;14204928;1108541440;0;0;0;0;0;0;0;0;0;0;0;3687;0;0;89;0;80;0;
14195;5361745;1008336896;14204928;1108541440;0;0;0;0;0;0;0;0;0;0;0;2996;0;0;89;0;80;0;
14196;5662520;1008336896;14204928;1108541440;0;0;0;0;0;0;0;0;0;0;0;3186;0;0;89;0;80;0;
14197;4881475;1008336896;14204928;1108541440;0;0;0;0;0;0;0;0;0;0;0;2615;0;0;89;0;80;0;
14198;4340430;1008336896;14204928;1108541440;0;0;0;0;0;0;0;0;0;0;0;3737;0;0;89;0;80;0;
14199;5128367;1008336896;14204928;1108541440;0;0;0;0;0;0;0;0;0;0;0;3376;0;0;89;0;80;0;
14200;4116420;1008336896;14204928;1108541440;0;0;0;0;0;0;0;0;0;0;0;3276;0;0;89;0;80;0;
14201;5700991;1008336896;14204928;1108541440;0;0;0;0;0;0;0;0;0;0;0;3236;0;0;89;0;80;0;
14202;4997502;1008336896;14204928;1108541440;0;0;0;0;0;0;0;0;0;0;0;50335;0;0;89;0;80;0;
14203;5668671;1008336896;14204928;1108541440;0;0;0;0;0;0;0;0;0;0;0;3116;0;0;89;0;80;0;
14204;3902469;1008336896;14204928;1108541440;0;0;0;0;0;0;0;0;0;0;0;3948;0;0;89;0;80;0;
14205;6080243;1008336896;14204928;1108541440;0;0;0;0;0;0;0;0;0;0;0;3787;0;0;89;0;80;0;
14206;4777139;1008336896;14204928;1108541440;0;0;0;0;0;0;0;0;0;0;0;3156;0;0;89;0;80;0;
14207;6582505;1010696192;20709376;1115045888;0;0;0;0;0;0;0;0;0;0;0;4248;0;0;89;0;80;0;
14208;3768598;1013063680;20709376;1115045888;0;0;0;0;0;0;0;0;0;0;0;3697;0;0;89;0;80;0;
14209;6017435;1013063680;20709376;1115045888;0;0;0;0;0;0;0;0;0;0;0;3587;0;0;89;0;80;0;
14210;5227113;1013063680;20709376;1115045888;0;0;0;0;0;0;0;0;0;0;0;3416;0;0;89;0;80;0;
14211;6018998;1013063680;20709376;1115045888;0;0;0;0;0;0;0;0;0;0;0;3857;0;0;89;0;80;0;
14212;6582365;1013063680;20709376;1115045888;0;0;0;0;0;0;0;0;0;0;0;3917;0;0;89;0;80;0;
14213;5034492;1013063680;20709376;1115045888;0;0;0;0;0;0;0;0;0;0;0;2274;0;0;89;0;80;0;
14214;4577635;1013063680;20709376;1115045888;0;0;0;0;0;0;0;0;0;0;0;3216;0;0;89;0;80;0;
14215;4765247;1013063680;20709376;1115045888;0;0;0;0;0;0;0;0;0;0;0;2004;0;0;89;0;80;0;
14216;4311405;1008349184;14204928;1108541440;0;0;0;0;0;0;0;0;0;0;0;3306;0;0;89;0;80;0;
14217;4828455;1008349184;14204928;1108541440;0;0;0;0;0;0;0;0;0;0;0;2114;0;0;89;0;80;0;
14218;3603959;1008349184;14204928;1108541440;0;0;0;0;0;0;0;0;0;0;0;2946;0;0;89;0;80;0;
14219;5176989;1008349184;14204928;1108541440;0;0;0;0;0;0;0;0;0;0;0;1763;0;0;89;0;80;0;
14220;2756550;1008349184;14204928;1108541440;0;0;0;0;0;0;0;0;0;0;0;3276;0;0;89;0;80;0;
14221;5495767;1008349184;14204928;1108541440;0;0;0;0;0;0;0;0;0;0;0;1893;0;0;89;0;80;0;
14222;3219859;1008349184;14204928;1108541440;0;0;0;0;0;0;0;0;0;0;0;2715;0;0;89;0;80;0;
14223;5199040;1008349184;14204928;1108541440;0;0;0;0;0;0;0;0;0;0;0;2124;0;0;89;0;80;0;
14224;2762771;1008349184;14204928;1108541440;0;0;0;0;0;0;0;0;0;0;0;2565;0;0;89;0;80;0;
14225;4550664;1008349184;14204928;1108541440;0;0;0;0;0;0;0;0;0;0;0;1884;0;0;89;0;80;0;
14226;2724970;1008349184;14204928;1108541440;0;0;0;0;0;0;0;0;0;0;0;2124;0;0;89;0;80;0;
14227;4565122;1008349184;14204928;1108541440;0;0;0;0;0;0;0;0;0;0;0;1924;0;0;89;0;80;0;
14228;2740670;1008349184;14204928;1108541440;0;0;0;0;0;0;0;0;0;0;0;2014;0;0;89;0;80;0;
14229;4894780;1010708480;20709376;1115045888;0;0;0;0;0;0;0;0;0;0;0;1533;0;0;89;0;80;0;
14230;4222198;1013071872;20709376;1115045888;0;0;0;0;0;0;0;0;0;0;0;2305;0;0;89;0;80;0;
14231;4580841;1013071872;20709376;1115045888;0;0;0;0;0;0;0;0;0;0;0;1552;0;0;89;0;80;0;
14232;3712863;1013071872;20709376;1115045888;0;0;0;0;0;0;0;0;0;0;0;3566;0;0;89;0;80;0;
14233;5296223;1013071872;20709376;1115045888;0;0;0;0;0;0;0;0;0;0;0;1723;0;0;89;0;80;0;
14234;3108730;1013071872;20709376;1115045888;0;0;0;0;0;0;0;0;0;0;0;2786;0;0;89;0;80;0;
14235;5985505;1013071872;20709376;1115045888;0;0;0;0;0;0;0;0;0;0;0;2134;0;0;89;0;80;0;
14236;3613597;1013071872;20709376;1115045888;0;0;0;0;0;0;0;0;0;0;0;2434;0;0;89;0;80;0;
14237;4694374;1013071872;20709376;1115045888;0;0;0;0;0;0;0;0;0;0;0;1854;0;0;89;0;80;0;
14238;4442602;1008361472;14204928;1108541440;0;0;0;0;0;0;0;0;0;0;0;2575;0;0;89;0;80;0;
14239;5099914;1008361472;14204928;1108541440;0;0;0;0;0;0;0;0;0;0;0;2695;0;0;89;0;80;0;
14240;4126909;1008361472;14204928;1108541440;0;0;0;0;0;0;0;0;0;0;0;3366;0;0;89;0;80;0;
14241;4816232;1008361472;14204928;1108541440;0;0;0;0;0;0;0;0;0;0;0;2645;0;0;89;0;80;0;
14242;5661268;1008361472;14204928;1108541440;0;0;0;0;0;0;0;0;0;0;0;3136;0;0;89;0;80;0;
14243;5925923;1008361472;14204928;1108541440;0;0;0;0;0;0;0;0;0;0;0;2775;0;0;89;0;80;0;
14244;4712969;1008361472;14204928;1108541440;0;0;0;0;0;0;0;0;0;0;0;3607;0;0;89;0;80;0;
14245;6654009;1008361472;14204928;1108541440;0;0;0;0;0;0;0;0;0;0;0;2735;0;0;89;0;80;0;
14246;4499188;1008361472;14204928;1108541440;0;0;0;0;0;0;0;0;0;0;0;3347;0;0;89;0;80;0;
14247;6318490;1008361472;14204928;1108541440;0;0;0;0;0;0;0;0;0;0;0;2876;0;0;89;0;80;0;
14248;5798525;1008361472;14204928;1108541440;0;0;0;0;0;0;0;0;0;0;0;3857;0;0;89;0;80;0;
14249;6263366;1008361472;14204928;1108541440;0;0;0;0;0;0;0;0;0;0;0;2735;0;0;89;0;80;0;
14250;4718990;1008361472;14204928;1108541440;0;0;0;0;0;0;0;0;0;0;0;3697;0;0;89;0;80;0;
14251;6475744;1008361472;14204928;1108541440;0;0;0;0;0;0;0;0;0;0;0;2745;0;0;89;0;80;0;
14252;5619479;1008361472;14204928;1108541440;0;0;0;0;0;0;0;0;0;0;0;3216;0;0;89;0;80;0;
14253;7214160;1012817920;20709376;1115045888;0;0;0;0;0;0;0;0;0;0;0;5370;0;0;89;0;80;0;
14254;5649004;1013084160;20709376;1115045888;0;0;0;0;0;0;0;0;0;0;0;2796;0;0;89;0;80;0;
14255;5282166;1013084160;20709376;1115045888;0;0;0;0;0;0;0;0;0;0;0;2705;0;0;89;0;80;0;
14256;4986351;1013084160;20709376;1115045888;0;0;0;0;0;0;0;0;0;0;0;2665;0;0;89;0;80;0;
14257;7451004;1013084160;20709376;1115045888;0;0;0;0;0;0;0;0;0;0;0;1924;0;0;89;0;80;0;
14258;3771613;1013084160;20709376;1115045888;0;0;0;0;0;0;0;0;0;0;0;2134;0;0;89;0;80;0;
14259;6132170;1013084160;20709376;1115045888;0;0;0;0;0;0;0;0;0;0;0;2625;0;0;89;0;80;0;
14260;4979860;1013084160;20709376;1115045888;0;0;0;0;0;0;0;0;0;0;0;3527;0;0;89;0;80;0;
14261;6102455;1013084160;20709376;1115045888;0;0;0;0;0;0;0;0;0;0;0;2915;0;0;89;0;80;0;
14262;13375995;1008373760;14204928;1108541440;0;0;0;0;0;0;0;0;0;0;0;3777;0;0;89;0;80;0;
14263;8217742;1008373760;14204928;1108541440;0;0;0;0;0;0;0;0;0;0;0;2996;0;0;89;0;80;0;
14264;5361836;1008373760;14204928;1108541440;0;0;0;0;0;0;0;0;0;0;0;3807;0;0;89;0;80;0;
14265;5471541;1008373760;14204928;1108541440;0;0;0;0;0;0;0;0;0;0;0;2314;0;0;89;0;80;0;
14266;5976588;1008373760;14204928;1108541440;0;0;0;0;0;0;0;0;0;0;0;3807;0;0;89;0;80;0;
14267;6652717;1008373760;14204928;1108541440;0;0;0;0;0;0;0;0;0;0;0;3116;0;0;89;0;80;0;
14268;4973237;1008373760;14204928;1108541440;0;0;0;0;0;0;0;0;0;0;0;3326;0;0;89;0;80;0;
14269;7820968;1008373760;14204928;1108541440;0;0;0;0;0;0;0;0;0;0;0;2956;0;0;89;0;80;0;
14270;6923294;1008373760;14204928;1108541440;0;0;0;0;0;0;0;0;0;0;0;3216;0;0;89;0;80;0;
14271;6710775;1008373760;14204928;1108541440;0;0;0;0;0;0;0;0;0;0;0;2905;0;0;89;0;80;0;
14272;6416604;1008373760;14204928;1108541440;0;0;0;0;0;0;0;0;0;0;0;3397;0;0;89;0;80;0;
14273;6219564;1008373760;14204928;1108541440;0;0;0;0;0;0;0;0;0;0;0;3297;0;0;89;0;80;0;
14274;6764245;1008373760;14204928;1108541440;0;0;0;0;0;0;0;0;0;0;0;3307;0;0;89;0;80;0;
14275;6808659;1012830208;20709376;1115045888;0;0;0;0;0;0;0;0;0;0;0;3376;0;0;89;0;80;0;
14276;6155544;1013096448;20709376;1115045888;0;0;0;0;0;0;0;0;0;0;0;3727;0;0;89;0;80;0;
14277;6496393;1013096448;20709376;1115045888;0;0;0;0;0;0;0;0;0;0;0;3306;0;0;89;0;80;0;
14278;4998604;1013096448;20709376;1115045888;0;0;0;0;0;0;0;0;0;0;0;3707;0;0;89;0;80;0;
14279;6254329;1013096448;20709376;1115045888;0;0;0;0;0;0;0;0;0;0;0;3236;0;0;89;0;80;0;
14280;5241780;1013096448;20709376;1115045888;0;0;0;0;0;0;0;0;0;0;0;3287;0;0;89;0;80;0;
14281;6086855;1013096448;20709376;1115045888;0;0;0;0;0;0;0;0;0;0;0;2996;0;0;89;0;80;0;
14282;4936608;1013096448;20709376;1115045888;0;0;0;0;0;0;0;0;0;0;0;3606;0;0;89;0;80;0;
14283;6875534;1013096448;20709376;1115045888;0;0;0;0;0;0;0;0;0;0;0;2886;0;0;89;0;80;0;
14284;5255335;1008386048;14204928;1108541440;0;0;0;0;0;0;0;0;0;0;0;3336;0;0;89;0;80;0;
14285;7107580;1008386048;14204928;1108541440;0;0;0;0;0;0;0;0;0;0;0;3106;0;0;89;0;80;0;
14286;3941102;1008386048;14204928;1108541440;0;0;0;0;0;0;0;0;0;0;0;3767;0;0;89;0;80;0;
14287;6682913;1008386048;14204928;1108541440;0;0;0;0;0;0;0;0;0;0;0;3676;0;0;89;0;80;0;
14288;7369300;1008386048;14204928;1108541440;0;0;0;0;0;0;0;0;0;0;0;4368;0;0;89;0;80;0;
14289;7506868;1008386048;14204928;1108541440;0;0;0;0;0;0;0;0;0;0;0;3486;0;0;89;0;80;0;
14290;6806034;1008386048;14204928;1108541440;0;0;0;0;0;0;0;0;0;0;0;7053;0;0;89;0;80;0;
14291;8242207;1008386048;14204928;1108541440;0;0;0;0;0;0;0;0;0;0;0;3767;0;0;89;0;80;0;
14292;4922792;1008386048;14204928;1108541440;0;0;0;0;0;0;0;0;0;0;0;3206;0;0;89;0;80;0;
14293;6158239;1008386048;14204928;1108541440;0;0;0;0;0;0;0;0;0;0;0;3767;0;0;89;0;80;0;
14294;3118348;1008386048;14204928;1108541440;0;0;0;0;0;0;0;0;0;0;0;3486;0;0;89;0;80;0;
14295;6075073;1008386048;14204928;1108541440;0;0;0;0;0;0;0;0;0;0;0;2735;0;0;89;0;80;0;
14296;4917291;1008386048;14204928;1108541440;0;0;0;0;0;0;0;0;0;0;0;3096;0;0;89;0;80;0;
14297;4786196;1008386048;14204928;1108541440;0;0;0;0;0;0;0;0;0;0;0;1814;0;0;89;0;80;0;
14298;4243809;1008386048;14204928;1108541440;0;0;0;0;0;0;0;0;0;0;0;3356;0;0;89;0;80;0;
14299;5520423;1008386048;14204928;1108541440;0;0;0;0;0;0;0;0;0;0;0;2084;0;0;89;0;80;0;
14300;4394191;1008386048;14204928;1108541440;0;0;0;0;0;0;0;0;0;0;0;3386;0;0;89;0;80;0;
14301;5146512;1012842496;20709376;1115045888;0;0;0;0;0;0;0;0;0;0;0;3025;0;0;89;0;80;0;
14302;5109783;1013108736;20709376;1115045888;0;0;0;0;0;0;0;0;0;0;0;3587;0;0;89;0;80;0;
14303;5855662;1013108736;20709376;1115045888;0;0;0;0;0;0;0;0;0;0;0;1994;0;0;89;0;80;0;
14304;4269897;1013108736;20709376;1115045888;0;0;0;0;0;0;0;0;0;0;0;4859;0;0;89;0;80;0;
14305;6013518;1013108736;20709376;1115045888;0;0;0;0;0;0;0;0;0;0;0;2835;0;0;89;0;80;0;
14306;5240477;1013108736;20709376;1115045888;0;0;0;0;0;0;0;0;0;0;0;4458;0;0;89;0;80;0;
14307;5445322;1013108736;20709376;1115045888;0;0;0;0;0;0;0;0;0;0;0;3056;0;0;89;0;80;0;
14308;4997122;1013108736;20709376;1115045888;0;0;0;0;0;0;0;0;0;0;0;3937;0;0;89;0;80;0;
14309;7099955;1013108736;20709376;1115045888;0;0;0;0;0;0;0;0;0;0;0;3657;0;0;89;0;80;0;
14310;6213623;1008398336;14204928;1108541440;0;0;0;0;0;0;0;0;0;0;0;6462;0;0;89;0;80;0;
14311;6214114;1008398336;14204928;1108541440;0;0;0;0;0;0;0;0;0;0;0;3086;0;0;89;0;80;0;
14312;4055466;1008398336;14204928;1108541440;0;0;0;0;0;0;0;0;0;0;0;3737;0;0;89;0;80;0;
14313;5289190;1008398336;14204928;1108541440;0;0;0;0;0;0;0;0;0;0;0;2946;0;0;89;0;80;0;
14314;4421161;1008398336;14204928;1108541440;0;0;0;0;0;0;0;0;0;0;0;3837;0;0;89;0;80;0;
14315;6953490;1008398336;14204928;1108541440;0;0;0;0;0;0;0;0;0;0;0;3416;0;0;89;0;80;0;
14316;3562531;1008398336;14204928;1108541440;0;0;0;0;0;0;0;0;0;0;0;3136;0;0;89;0;80;0;
14317;6498086;1008398336;14204928;1108541440;0;0;0;0;0;0;0;0;0;0;0;2795;0;0;89;0;80;0;
14318;3870528;1008398336;14204928;1108541440;0;0;0;0;0;0;0;0;0;0;0;9027;0;0;89;0;80;0;
14319;5467364;1008398336;14204928;1108541440;0;0;0;0;0;0;0;0;0;0;0;2755;0;0;89;0;80;0;
14320;2773010;1008398336;14204928;1108541440;0;0;0;0;0;0;0;0;0;0;0;3036;0;0;89;0;80;0;
14321;4415130;1008398336;14204928;1108541440;0;0;0;0;0;0;0;0;0;0;0;2154;0;0;89;0;80;0;
14322;4732345;1008398336;14204928;1108541440;0;0;0;0;0;0;0;0;0;0;0;3647;0;0;89;0;80;0;
14323;5749703;1012854784;20709376;1115045888;0;0;0;0;0;0;0;0;0;0;0;2805;0;0;89;0;80;0;
14324;3836535;1013121024;20709376;1115045888;0;0;0;0;0;0;0;0;0;0;0;3086;0;0;89;0;80;0;
14325;5747568;1013121024;20709376;1115045888;0;0;0;0;0;0;0;0;0;0;0;2334;0;0;89;0;80;0;
14326;3474416;1013121024;20709376;1115045888;0;0;0;0;0;0;0;0;0;0;0;3586;0;0;89;0;80;0;
14327;4497575;1013121024;20709376;1115045888;0;0;0;0;0;0;0;0;0;0;0;2044;0;0;89;0;80;0;
14328;3551791;1013121024;20709376;1115045888;0;0;0;0;0;0;0;0;0;0;0;3477;0;0;89;0;80;0;
14329;5767125;1013121024;20709376;1115045888;0;0;0;0;0;0;0;0;0;0;0;2034;0;0;89;0;80;0;
14330;4324880;1013121024;20709376;1115045888;0;0;0;0;0;0;0;0;0;0;0;3918;0;0;89;0;80;0;
14331;5111506;1013121024;20709376;1115045888;0;0;0;0;0;0;0;0;0;0;0;2265;0;0;89;0;80;0;
14332;5189753;1008410624;14204928;1108541440;0;0;0;0;0;0;0;0;0;0;0;3857;0;0;89;0;80;0;
14333;5907539;1008410624;14204928;1108541440;0;0;0;0;0;0;0;0;0;0;0;3416;0;0;89;0;80;0;
14334;4471867;1008410624;14204928;1108541440;0;0;0;0;0;0;0;0;0;0;0;4368;0;0;89;0;80;0;
14335;5591437;1008410624;14204928;1108541440;0;0;0;0;0;0;0;0;0;0;0;3056;0;0;89;0;80;0;
14336;4487786;1008410624;14204928;1108541440;0;0;0;0;0;0;0;0;0;0;0;3166;0;0;89;0;80;0;
14337;4778331;1008410624;14204928;1108541440;0;0;0;0;0;0;0;0;0;0;0;2064;0;0;89;0;80;0;
14338;4587985;1008410624;14204928;1108541440;0;0;0;0;0;0;0;0;0;0;0;4218;0;0;89;0;80;0;
14339;6512804;1008410624;14204928;1108541440;0;0;0;0;0;0;0;0;0;0;0;3136;0;0;89;0;80;0;
14340;5016418;1008410624;14204928;1108541440;0;0;0;0;0;0;0;0;0;0;0;3727;0;0;89;0;80;0;
14341;5512769;1008410624;14204928;1108541440;0;0;0;0;0;0;0;0;0;0;0;2635;0;0;89;0;80;0;
14342;3992137;1008410624;14204928;1108541440;0;0;0;0;0;0;0;0;0;0;0;3356;0;0;89;0;80;0;
14343;5790780;1008410624;14204928;1108541440;0;0;0;0;0;0;0;0;0;0;0;2104;0;0;89;0;80;0;
14344;3173261;1008410624;14204928;1108541440;0;0;0;0;0;0;0;0;0;0;0;3477;0;0;89;0;80;0;
14345;4736543;1008410624;14204928;1108541440;0;0;0;0;0;0;0;0;0;0;0;2124;0;0;89;0;80;0;
14346;4269947;1008410624;14204928;1108541440;0;0;0;0;0;0;0;0;0;0;0;3026;0;0;89;0;80;0;
14347;6170251;1012867072;20709376;1115045888;0;0;0;0;0;0;0;0;0;0;0;2805;0;0;89;0;80;0;
14348;5534058;1013133312;20709376;1115045888;0;0;0;0;0;0;0;0;0;0;0;3287;0;0;89;0;80;0;
14349;6084962;1013133312;20709376;1115045888;0;0;0;0;0;0;0;0;0;0;0;2054;0;0;89;0;80;0;
14350;3673750;1013133312;20709376;1115045888;0;0;0;0;0;0;0;0;0;0;0;3667;0;0;89;0;80;0;
14351;4346401;1013133312;20709376;1115045888;0;0;0;0;0;0;0;0;0;0;0;2274;0;0;89;0;80;0;
14352;4951927;1013133312;20709376;1115045888;0;0;0;0;0;0;0;0;0;0;0;4689;0;0;89;0;80;0;
14353;4795062;1013133312;20709376;1115045888;0;0;0;0;0;0;0;0;0;0;0;1994;0;0;89;0;80;0;
14354;2576322;1013133312;20709376;1115045888;0;0;0;0;0;0;0;0;0;0;0;3136;0;0;89;0;80;0;
14355;5617004;1013133312;20709376;1115045888;0;0;0;0;0;0;0;0;0;0;0;2234;0;0;89;0;80;0;
14356;3800418;1008422912;14204928;1108541440;0;0;0;0;0;0;0;0;0;0;0;3196;0;0;89;0;80;0;
14357;5150850;1008422912;14204928;1108541440;0;0;0;0;0;0;0;0;0;0;0;2424;0;0;89;0;80;0;
14358;4027203;1008422912;14204928;1108541440;0;0;0;0;0;0;0;0;0;0;0;3677;0;0;89;0;80;0;
14359;5049359;1008422912;14204928;1108541440;0;0;0;0;0;0;0;0;0;0;0;2585;0;0;89;0;80;0;
14360;4599015;1008422912;14204928;1108541440;0;0;0;0;0;0;0;0;0;0;0;3296;0;0;89;0;80;0;
14361;4477808;1008422912;14204928;1108541440;0;0;0;0;0;0;0;0;0;0;0;2355;0;0;89;0;80;0;
14362;4513444;1008422912;14204928;1108541440;0;0;0;0;0;0;0;0;0;0;0;4007;0;0;89;0;80;0;
14363;5235879;1008422912;14204928;1108541440;0;0;0;0;0;0;0;0;0;0;0;2535;0;0;89;0;80;0;
14364;4739108;1008422912;14204928;1108541440;0;0;0;0;0;0;0;0;0;0;0;3005;0;0;89;0;80;0;
14365;4838995;1008422912;14204928;1108541440;0;0;0;0;0;0;0;0;0;0;0;2074;0;0;89;0;80;0;
14366;3351165;1008422912;14204928;1108541440;0;0;0;0;0;0;0;0;0;0;0;3436;0;0;89;0;80;0;
14367;5019984;1008422912;14204928;1108541440;0;0;0;0;0;0;0;0;0;0;0;2474;0;0;89;0;80;0;
14368;5536103;1008422912;14204928;1108541440;0;0;0;0;0;0;0;0;0;0;0;3646;0;0;89;0;80;0;
14369;5687997;1012879360;20709376;1115045888;0;0;0;0;0;0;0;0;0;0;0;2766;0;0;89;0;80;0;
14370;4425079;1013145600;20709376;1115045888;0;0;0;0;0;0;0;0;0;0;0;3406;0;0;89;0;80;0;
14371;5930642;1013145600;20709376;1115045888;0;0;0;0;0;0;0;0;0;0;0;2494;0;0;89;0;80;0;
14372;3450812;1013145600;20709376;1115045888;0;0;0;0;0;0;0;0;0;0;0;3316;0;0;89;0;80;0;
14373;6705004;1013145600;20709376;1115045888;0;0;0;0;0;0;0;0;0;0;0;3707;0;0;89;0;80;0;
14374;4213301;1013145600;20709376;1115045888;0;0;0;0;0;0;0;0;0;0;0;4649;0;0;89;0;80;0;
14375;6092346;1013145600;20709376;1115045888;0;0;0;0;0;0;0;0;0;0;0;2725;0;0;89;0;80;0;
14376;6358404;1013145600;20709376;1115045888;0;0;0;0;0;0;0;0;0;0;0;3387;0;0;89;0;80;0;
14377;5648904;1013145600;20709376;1115045888;0;0;0;0;0;0;0;0;0;0;0;2525;0;0;89;0;80;0;
14378;4121399;1008435200;14204928;1108541440;0;0;0;0;0;0;0;0;0;0;0;3477;0;0;89;0;80;0;
14379;6301648;1008435200;14204928;1108541440;0;0;0;0;0;0;0;0;0;0;0;2194;0;0;89;0;80;0;
14380;4295767;1008435200;14204928;1108541440;0;0;0;0;0;0;0;0;0;0;0;3276;0;0;89;0;80;0;
14381;6171774;1008435200;14204928;1108541440;0;0;0;0;0;0;0;0;0;0;0;3617;0;0;89;0;80;0;
14382;4598364;1008435200;14204928;1108541440;0;0;0;0;0;0;0;0;0;0;0;3977;0;0;89;0;80;0;
14383;6174439;1008435200;14204928;1108541440;0;0;0;0;0;0;0;0;0;0;0;3437;0;0;89;0;80;0;
14384;4429637;1008435200;14204928;1108541440;0;0;0;0;0;0;0;0;0;0;0;2645;0;0;89;0;80;0;
14385;5557042;1008435200;14204928;1108541440;0;0;0;0;0;0;0;0;0;0;0;3426;0;0;89;0;80;0;
14386;5942905;1008435200;14204928;1108541440;0;0;0;0;0;0;0;0;0;0;0;3476;0;0;89;0;80;0;
14387;5231150;1008435200;14204928;1108541440;0;0;0;0;0;0;0;0;0;0;0;2685;0;0;89;0;80;0;
14388;3819914;1008435200;14204928;1108541440;0;0;0;0;0;0;0;0;0;0;0;2995;0;0;89;0;80;0;
14389;6491193;1008435200;14213120;1108549632;0;0;0;0;0;0;0;0;0;0;0;3667;0;0;89;0;80;0;
14390;3605882;1008435200;14213120;1108549632;0;0;0;0;0;0;0;0;0;0;0;2555;0;0;89;0;80;0;
14391;4906611;1008435200;14213120;1108549632;0;0;0;0;0;0;0;0;0;0;0;2726;0;0;89;0;80;0;
14392;3854699;1008435200;14213120;1108549632;0;0;0;0;0;0;0;0;0;0;0;3576;0;0;89;0;80;0;
14393;5329905;1008435200;14213120;1108549632;0;0;0;0;0;0;0;0;0;0;0;2785;0;0;89;0;80;0;
14394;4087305;1008435200;14213120;1108549632;0;0;0;0;0;0;0;0;0;0;0;4899;0;0;89;0;80;0;
14395;4930486;1012891648;20717568;1115054080;0;0;0;0;0;0;0;0;0;0;0;2425;0;0;89;0;80;0;
14396;2866917;1013370880;20709376;1115045888;0;0;0;0;0;0;0;0;0;0;0;2595;0;0;89;0;80;0;
14397;5298617;1013370880;20709376;1115045888;0;0;0;0;0;0;0;0;0;0;0;2315;0;0;89;0;80;0;
14398;2428555;1013370880;20709376;1115045888;0;0;0;0;0;0;0;0;0;0;0;2665;0;0;89;0;80;0;
14399;5057885;1013370880;20709376;1115045888;0;0;0;0;0;0;0;0;0;0;0;2705;0;0;89;0;80;0;
14400;2583986;1013370880;20709376;1115045888;0;0;0;0;0;0;0;0;0;0;0;3136;0;0;89;0;80;0;
14401;4512172;1013370880;20709376;1115045888;0;0;0;0;0;0;0;0;0;0;0;2284;0;0;89;0;80;0;
14402;3594521;1013370880;20709376;1115045888;0;0;0;0;0;0;0;0;0;0;0;3457;0;0;89;0;80;0;
14403;5181908;1013370880;20709376;1115045888;0;0;0;0;0;0;0;0;0;0;0;2875;0;0;89;0;80;0;
14404;3776833;1008447488;14204928;1108541440;0;0;0;0;0;0;0;0;0;0;0;3567;0;0;89;0;80;0;
14405;4820820;1008447488;14204928;1108541440;0;0;0;0;0;0;0;0;0;0;0;3417;0;0;89;0;80;0;
14406;3191045;1008447488;14204928;1108541440;0;0;0;0;0;0;0;0;0;0;0;3787;0;0;89;0;80;0;
14407;5276165;1008447488;14204928;1108541440;0;0;0;0;0;0;0;0;0;0;0;2425;0;0;89;0;80;0;
14408;3794817;1008447488;14204928;1108541440;0;0;0;0;0;0;0;0;0;0;0;3206;0;0;89;0;80;0;
14409;4554521;1008447488;14204928;1108541440;0;0;0;0;0;0;0;0;0;0;0;3016;0;0;89;0;80;0;
14410;3286994;1008447488;14204928;1108541440;0;0;0;0;0;0;0;0;0;0;0;3307;0;0;89;0;80;0;
14411;5521004;1008447488;14204928;1108541440;0;0;0;0;0;0;0;0;0;0;0;2344;0;0;89;0;80;0;
14412;3712032;1008447488;14204928;1108541440;0;0;0;0;0;0;0;0;0;0;0;3267;0;0;89;0;80;0;
14413;4861988;1008447488;14204928;1108541440;0;0;0;0;0;0;0;0;0;0;0;2354;0;0;89;0;80;0;
14414;2525376;1008447488;14204928;1108541440;0;0;0;0;0;0;0;0;0;0;0;2986;0;0;89;0;80;0;
14415;4365066;1008447488;14204928;1108541440;0;0;0;0;0;0;0;0;0;0;0;1913;0;0;89;0;80;0;
14416;3439992;1008447488;14204928;1108541440;0;0;0;0;0;0;0;0;0;0;0;2905;0;0;89;0;80;0;
14417;5611002;1012903936;20709376;1115045888;0;0;0;0;0;0;0;0;0;0;0;2144;0;0;89;0;80;0;
14418;3147082;1013170176;20709376;1115045888;0;0;0;0;0;0;0;0;0;0;0;2986;0;0;89;0;80;0;
14419;4935677;1013170176;20709376;1115045888;0;0;0;0;0;0;0;0;0;0;0;1793;0;0;89;0;80;0;
14420;4443894;1013170176;20709376;1115045888;0;0;0;0;0;0;0;0;0;0;0;3737;0;0;89;0;80;0;
14421;5018402;1013170176;20709376;1115045888;0;0;0;0;0;0;0;0;0;0;0;2074;0;0;89;0;80;0;
14422;3072492;1013170176;20709376;1115045888;0;0;0;0;0;0;0;0;0;0;0;3647;0;0;89;0;80;0;
14423;4691308;1013170176;20709376;1115045888;0;0;0;0;0;0;0;0;0;0;0;2485;0;0;89;0;80;0;
14424;4480713;1013170176;20709376;1115045888;0;0;0;0;0;0;0;0;0;0;0;3156;0;0;89;0;80;0;
14425;4816473;1013170176;20709376;1115045888;0;0;0;0;0;0;0;0;0;0;0;1944;0;0;89;0;80;0;
14426;3614078;1008459776;14204928;1108541440;0;0;0;0;0;0;0;0;0;0;0;3186;0;0;89;0;80;0;
14427;5172611;1008459776;14204928;1108541440;0;0;0;0;0;0;0;0;0;0;0;2475;0;0;89;0;80;0;
14428;3099392;1008459776;14204928;1108541440;0;0;0;0;0;0;0;0;0;0;0;3417;0;0;89;0;80;0;
14429;5006058;1008459776;14204928;1108541440;0;0;0;0;0;0;0;0;0;0;0;2034;0;0;89;0;80;0;
14430;3565306;1008459776;14204928;1108541440;0;0;0;0;0;0;0;0;0;0;0;3416;0;0;89;0;80;0;
14431;5302184;1008459776;14204928;1108541440;0;0;0;0;0;0;0;0;0;0;0;2284;0;0;89;0;80;0;
14432;3550288;1008459776;14204928;1108541440;0;0;0;0;0;0;0;0;0;0;0;3497;0;0;89;0;80;0;
14433;4786256;1008459776;14204928;1108541440;0;0;0;0;0;0;0;0;0;0;0;3166;0;0;89;0;80;0;
14434;3028549;1008459776;14204928;1108541440;0;0;0;0;0;0;0;0;0;0;0;3196;0;0;89;0;80;0;
14435;4589587;1008459776;14204928;1108541440;0;0;0;0;0;0;0;0;0;0;0;2425;0;0;89;0;80;0;
14436;2813937;1008459776;14204928;1108541440;0;0;0;0;0;0;0;0;0;0;0;3076;0;0;89;0;80;0;
14437;4444215;1008459776;14204928;1108541440;0;0;0;0;0;0;0;0;0;0;0;1854;0;0;89;0;80;0;
14438;3224707;1008459776;14204928;1108541440;0;0;0;0;0;0;0;0;0;0;0;3537;0;0;89;0;80;0;
14439;4345309;1008459776;14204928;1108541440;0;0;0;0;0;0;0;0;0;0;0;1754;0;0;89;0;80;0;
14440;2882957;1008459776;14204928;1108541440;0;0;0;0;0;0;0;0;0;0;0;2685;0;0;89;0;80;0;
14441;5743521;1012916224;20709376;1115045888;0;0;0;0;0;0;0;0;0;0;0;2755;0;0;89;0;80;0;
14442;3237682;1013182464;20709376;1115045888;0;0;0;0;0;0;0;0;0;0;0;2966;0;0;89;0;80;0;
14443;4529865;1013182464;20709376;1115045888;0;0;0;0;0;0;0;0;0;0;0;2695;0;0;89;0;80;0;
14444;2380655;1013182464;20709376;1115045888;0;0;0;0;0;0;0;0;0;0;0;2876;0;0;89;0;80;0;
14445;5163704;1013182464;20709376;1115045888;0;0;0;0;0;0;0;0;0;0;0;2785;0;0;89;0;80;0;
14446;3027217;1013182464;20709376;1115045888;0;0;0;0;0;0;0;0;0;0;0;2785;0;0;89;0;80;0;
14447;4574148;1013182464;20709376;1115045888;0;0;0;0;0;0;0;0;0;0;0;1904;0;0;89;0;80;0;
14448;3065529;1013182464;20709376;1115045888;0;0;0;0;0;0;0;0;0;0;0;3286;0;0;89;0;80;0;
14449;5130031;1013182464;20709376;1115045888;0;0;0;0;0;0;0;0;0;0;0;2164;0;0;89;0;80;0;
14450;3195272;1008472064;14204928;1108541440;0;0;0;0;0;0;0;0;0;0;0;3586;0;0;89;0;80;0;
14451;4721384;1008472064;14204928;1108541440;0;0;0;0;0;0;0;0;0;0;0;1954;0;0;89;0;80;0;
14452;3068624;1008472064;14204928;1108541440;0;0;0;0;0;0;0;0;0;0;0;3757;0;0;89;0;80;0;
14453;4783691;1008472064;14204928;1108541440;0;0;0;0;0;0;0;0;0;0;0;2094;0;0;89;0;80;0;
14454;3497109;1008472064;14204928;1108541440;0;0;0;0;0;0;0;0;0;0;0;3597;0;0;89;0;80;0;
14455;4661803;1008472064;14204928;1108541440;0;0;0;0;0;0;0;0;0;0;0;2194;0;0;89;0;80;0;
14456;3784978;1008472064;14204928;1108541440;0;0;0;0;0;0;0;0;0;0;0;3477;0;0;89;0;80;0;
14457;4649960;1008472064;14204928;1108541440;0;0;0;0;0;0;0;0;0;0;0;2364;0;0;89;0;80;0;
14458;3880277;1008472064;14204928;1108541440;0;0;0;0;0;0;0;0;0;0;0;4118;0;0;89;0;80;0;
14459;5075007;1008472064;14204928;1108541440;0;0;0;0;0;0;0;0;0;0;0;2405;0;0;89;0;80;0;
14460;3439531;1008472064;14204928;1108541440;0;0;0;0;0;0;0;0;0;0;0;3397;0;0;89;0;80;0;
14461;4846118;1008472064;14204928;1108541440;0;0;0;0;0;0;0;0;0;0;0;2134;0;0;89;0;80;0;
14462;2880993;1008472064;14204928;1108541440;0;0;0;0;0;0;0;0;0;0;0;3066;0;0;89;0;80;0;
14463;5191336;1008472064;14204928;1108541440;0;0;0;0;0;0;0;0;0;0;0;2205;0;0;89;0;80;0;
14464;2871716;1008472064;14204928;1108541440;0;0;0;0;0;0;0;0;0;0;0;3397;0;0;89;0;80;0;
14465;11569026;1012928512;20709376;1115045888;0;0;0;0;0;0;0;0;0;0;0;2835;0;0;89;0;80;0;
14466;3901316;1013194752;20709376;1115045888;0;0;0;0;0;0;0;0;0;0;0;3426;0;0;89;0;80;0;
14467;5300761;1013194752;20709376;1115045888;0;0;0;0;0;0;0;0;0;0;0;1523;0;0;89;0;80;0;
14468;3432728;1013194752;20709376;1115045888;0;0;0;0;0;0;0;0;0;0;0;3176;0;0;89;0;80;0;
14469;4702118;1013194752;20709376;1115045888;0;0;0;0;0;0;0;0;0;0;0;1623;0;0;89;0;80;0;
14470;2403868;1013194752;20709376;1115045888;0;0;0;0;0;0;0;0;0;0;0;1803;0;0;89;0;80;0;
14471;4310925;1013194752;20709376;1115045888;0;0;0;0;0;0;0;0;0;0;0;1503;0;0;89;0;80;0;
14472;3135641;1013194752;20709376;1115045888;0;0;0;0;0;0;0;0;0;0;0;3105;0;0;89;0;80;0;
14473;5595814;1013194752;20709376;1115045888;0;0;0;0;0;0;0;0;0;0;0;2515;0;0;89;0;80;0;
14474;4116119;1008484352;14204928;1108541440;0;0;0;0;0;0;0;0;0;0;0;3387;0;0;89;0;80;0;
14475;4997733;1008484352;14204928;1108541440;0;0;0;0;0;0;0;0;0;0;0;2575;0;0;89;0;80;0;
14476;3152001;1008484352;14204928;1108541440;0;0;0;0;0;0;0;0;0;0;0;2344;0;0;89;0;80;0;
14477;5356575;1008484352;14204928;1108541440;0;0;0;0;0;0;0;0;0;0;0;2434;0;0;89;0;80;0;
14478;4144192;1008484352;14204928;1108541440;0;0;0;0;0;0;0;0;0;0;0;3146;0;0;89;0;80;0;
14479;5760493;1008484352;14204928;1108541440;0;0;0;0;0;0;0;0;0;0;0;2875;0;0;89;0;80;0;
14480;2686538;1008484352;14204928;1108541440;0;0;0;0;0;0;0;0;0;0;0;2054;0;0;89;0;80;0;
14481;4358544;1008484352;14204928;1108541440;0;0;0;0;0;0;0;0;0;0;0;1303;0;0;89;0;80;0;
14482;3187217;1008484352;14204928;1108541440;0;0;0;0;0;0;0;0;0;0;0;2906;0;0;89;0;80;0;
14483;5253603;1008484352;14204928;1108541440;0;0;0;0;0;0;0;0;0;0;0;6011;0;0;89;0;80;0;
14484;3365742;1008484352;14204928;1108541440;0;0;0;0;0;0;0;0;0;0;0;2745;0;0;89;0;80;0;
14485;4656573;1008484352;14204928;1108541440;0;0;0;0;0;0;0;0;0;0;0;2124;0;0;89;0;80;0;
14486;3777895;1008484352;14204928;1108541440;0;0;0;0;0;0;0;0;0;0;0;2896;0;0;89;0;80;0;
14487;6228972;1012940800;20709376;1115045888;0;0;0;0;0;0;0;0;0;0;0;2785;0;0;89;0;80;0;
14488;3321389;1013207040;20709376;1115045888;0;0;0;0;0;0;0;0;0;0;0;3396;0;0;89;0;80;0;
14489;4698782;1013207040;20709376;1115045888;0;0;0;0;0;0;0;0;0;0;0;2475;0;0;89;0;80;0;
14490;3368207;1013207040;20709376;1115045888;0;0;0;0;0;0;0;0;0;0;0;3045;0;0;89;0;80;0;
14491;5110835;1013207040;20709376;1115045888;0;0;0;0;0;0;0;0;0;0;0;2574;0;0;89;0;80;0;
14492;2917160;1013207040;20709376;1115045888;0;0;0;0;0;0;0;0;0;0;0;1633;0;0;89;0;80;0;
14493;4106051;1013207040;20709376;1115045888;0;0;0;0;0;0;0;0;0;0;0;1673;0;0;89;0;80;0;
14494;4183716;1013207040;20709376;1115045888;0;0;0;0;0;0;0;0;0;0;0;3046;0;0;89;0;80;0;
14495;5702364;1013207040;20709376;1115045888;0;0;0;0;0;0;0;0;0;0;0;2344;0;0;89;0;80;0;
14496;4434977;1008496640;14204928;1108541440;0;0;0;0;0;0;0;0;0;0;0;2835;0;0;89;0;80;0;
14497;4322196;1008496640;14204928;1108541440;0;0;0;0;0;0;0;0;0;0;0;2585;0;0;89;0;80;0;
14498;3977530;1008496640;14204928;1108541440;0;0;0;0;0;0;0;0;0;0;0;2985;0;0;89;0;80;0;
14499;4601049;1008496640;14204928;1108541440;0;0;0;0;0;0;0;0;0;0;0;2525;0;0;89;0;80;0;
14500;3208116;1008496640;14204928;1108541440;0;0;0;0;0;0;0;0;0;0;0;2665;0;0;89;0;80;0;
14501;4726504;1008496640;14204928;1108541440;0;0;0;0;0;0;0;0;0;0;0;2565;0;0;89;0;80;0;
14502;3357757;1008496640;14204928;1108541440;0;0;0;0;0;0;0;0;0;0;0;1643;0;0;89;0;80;0;
14503;4573187;1008496640;14204928;1108541440;0;0;0;0;0;0;0;0;0;0;0;1443;0;0;89;0;80;0;
14504;2512993;1008496640;14204928;1108541440;0;0;0;0;0;0;0;0;0;0;0;2355;0;0;89;0;80;0;
14505;5099925;1008496640;14204928;1108541440;0;0;0;0;0;0;0;0;0;0;0;2014;0;0;89;0;80;0;
14506;2727805;1008496640;14204928;1108541440;0;0;0;0;0;0;0;0;0;0;0;2424;0;0;89;0;80;0;
14507;5741487;1008496640;14204928;1108541440;0;0;0;0;0;0;0;0;0;0;0;2224;0;0;89;0;80;0;
14508;2979989;1008496640;14204928;1108541440;0;0;0;0;0;0;0;0;0;0;0;2495;0;0;89;0;80;0;
14509;4913054;1008496640;14204928;1108541440;0;0;0;0;0;0;0;0;0;0;0;2204;0;0;89;0;80;0;
14510;2812314;1008496640;14204928;1108541440;0;0;0;0;0;0;0;0;0;0;0;2524;0;0;89;0;80;0;
14511;4674497;1008496640;14204928;1108541440;0;0;0;0;0;0;0;0;0;0;0;2244;0;0;89;0;80;0;
14512;3269322;1008496640;14204928;1108541440;0;0;0;0;0;0;0;0;0;0;0;2865;0;0;89;0;80;0;
14513;5636050;1012953088;20709376;1115045888;0;0;0;0;0;0;0;0;0;0;0;2785;0;0;89;0;80;0;
14514;4419719;1013219328;20709376;1115045888;0;0;0;0;0;0;0;0;0;0;0;3116;0;0;89;0;80;0;
14515;4595278;1013219328;20709376;1115045888;0;0;0;0;0;0;0;0;0;0;0;2475;0;0;89;0;80;0;
14516;3580956;1013219328;20709376;1115045888;0;0;0;0;0;0;0;0;0;0;0;2876;0;0;89;0;80;0;
14517;5073515;1013219328;20709376;1115045888;0;0;0;0;0;0;0;0;0;0;0;2505;0;0;89;0;80;0;
14518;2230202;1013219328;20709376;1115045888;0;0;0;0;0;0;0;0;0;0;0;2004;0;0;89;0;80;0;
14519;4235383;1013219328;20709376;1115045888;0;0;0;0;0;0;0;0;0;0;0;1413;0;0;89;0;80;0;
14520;4195629;1013219328;20709376;1115045888;0;0;0;0;0;0;0;0;0;0;0;1934;0;0;89;0;80;0;
14521;4856307;1013219328;20709376;1115045888;0;0;0;0;0;0;0;0;0;0;0;1512;0;0;89;0;80;0;
14522;4090270;1008508928;14204928;1108541440;0;0;0;0;0;0;0;0;0;0;0;3336;0;0;89;0;80;0;
14523;4945916;1008508928;14204928;1108541440;0;0;0;0;0;0;0;0;0;0;0;2044;0;0;89;0;80;0;
14524;5025414;1008508928;14204928;1108541440;0;0;0;0;0;0;0;0;0;0;0;3537;0;0;89;0;80;0;
14525;4982674;1008508928;14204928;1108541440;0;0;0;0;0;0;0;0;0;0;0;2414;0;0;89;0;80;0;
14526;4348586;1008508928;14204928;1108541440;0;0;0;0;0;0;0;0;0;0;0;4007;0;0;89;0;80;0;
14527;5539218;1008508928;14204928;1108541440;0;0;0;0;0;0;0;0;0;0;0;2475;0;0;89;0;80;0;
14528;4014108;1008508928;14204928;1108541440;0;0;0;0;0;0;0;0;0;0;0;3667;0;0;89;0;80;0;
14529;5410457;1008508928;14204928;1108541440;0;0;0;0;0;0;0;0;0;0;0;3186;0;0;89;0;80;0;
14530;5788526;1008508928;14204928;1108541440;0;0;0;0;0;0;0;0;0;0;0;4188;0;0;89;0;80;0;
14531;5640799;1008508928;14204928;1108541440;0;0;0;0;0;0;0;0;0;0;0;2875;0;0;89;0;80;0;
14532;3750664;1008508928;14204928;1108541440;0;0;0;0;0;0;0;0;0;0;0;3416;0;0;89;0;80;0;
14533;5574023;1008508928;14204928;1108541440;0;0;0;0;0;0;0;0;0;0;0;2695;0;0;89;0;80;0;
14534;3725677;1008508928;14204928;1108541440;0;0;0;0;0;0;0;0;0;0;0;3827;0;0;89;0;80;0;
14535;5814735;1012965376;20709376;1115045888;0;0;0;0;0;0;0;0;0;0;0;3287;0;0;89;0;80;0;
14536;3939208;1013231616;20709376;1115045888;0;0;0;0;0;0;0;0;0;0;0;3737;0;0;89;0;80;0;
14537;7219920;1013231616;20709376;1115045888;0;0;0;0;0;0;0;0;0;0;0;3577;0;0;89;0;80;0;
14538;3744643;1013231616;20709376;1115045888;0;0;0;0;0;0;0;0;0;0;0;3858;0;0;89;0;80;0;
14539;5858427;1013231616;20709376;1115045888;0;0;0;0;0;0;0;0;0;0;0;2675;0;0;89;0;80;0;
14540;5624087;1013231616;20709376;1115045888;0;0;0;0;0;0;0;0;0;0;0;6332;0;0;89;0;80;0;
14541;4944463;1013231616;20709376;1115045888;0;0;0;0;0;0;0;0;0;0;0;3026;0;0;89;0;80;0;
14542;4084479;1013231616;20709376;1115045888;0;0;0;0;0;0;0;0;0;0;0;3126;0;0;89;0;80;0;
14543;5134980;1013231616;20709376;1115045888;0;0;0;0;0;0;0;0;0;0;0;1593;0;0;89;0;80;0;
14544;3386581;1008521216;14204928;1108541440;0;0;0;0;0;0;0;0;0;0;0;3426;0;0;89;0;80;0;
14545;4590418;1008521216;14204928;1108541440;0;0;0;0;0;0;0;0;0;0;0;1783;0;0;89;0;80;0;
14546;3016677;1008521216;14204928;1108541440;0;0;0;0;0;0;0;0;0;0;0;3206;0;0;89;0;80;0;
14547;5137796;1008521216;14204928;1108541440;0;0;0;0;0;0;0;0;0;0;0;1903;0;0;89;0;80;0;
14548;2463089;1008521216;14204928;1108541440;0;0;0;0;0;0;0;0;0;0;0;2735;0;0;89;0;80;0;
14549;5872654;1008521216;14204928;1108541440;0;0;0;0;0;0;0;0;0;0;0;2034;0;0;89;0;80;0;
14550;2728908;1008521216;14204928;1108541440;0;0;0;0;0;0;0;0;0;0;0;2655;0;0;89;0;80;0;
14551;5279501;1008521216;14204928;1108541440;0;0;0;0;0;0;0;0;0;0;0;2465;0;0;89;0;80;0;
14552;2460144;1008521216;14204928;1108541440;0;0;0;0;0;0;0;0;0;0;0;2855;0;0;89;0;80;0;
14553;5309648;1008521216;14204928;1108541440;0;0;0;0;0;0;0;0;0;0;0;2154;0;0;89;0;80;0;
14554;2627047;1008521216;14204928;1108541440;0;0;0;0;0;0;0;0;0;0;0;2605;0;0;89;0;80;0;
14555;5267569;1008521216;14204928;1108541440;0;0;0;0;0;0;0;0;0;0;0;2424;0;0;89;0;80;0;
14556;4613322;1008521216;14204928;1108541440;0;0;0;0;0;0;0;0;0;0;0;2335;0;0;89;0;80;0;
14557;4697831;1008521216;14204928;1108541440;0;0;0;0;0;0;0;0;0;0;0;1663;0;0;89;0;80;0;
14558;4061376;1008521216;14204928;1108541440;0;0;0;0;0;0;0;0;0;0;0;2695;0;0;89;0;80;0;
14559;5778947;1012977664;20709376;1115045888;0;0;0;0;0;0;0;0;0;0;0;2274;0;0;89;0;80;0;
14560;2932830;1013243904;20709376;1115045888;0;0;0;0;0;0;0;0;0;0;0;3236;0;0;89;0;80;0;
14561;5357979;1013243904;20709376;1115045888;0;0;0;0;0;0;0;0;0;0;0;2364;0;0;89;0;80;0;
14562;3195703;1013243904;20709376;1115045888;0;0;0;0;0;0;0;0;0;0;0;3015;0;0;89;0;80;0;
14563;4631425;1013514240;20709376;1115045888;0;0;0;0;0;0;0;0;0;0;0;2204;0;0;89;0;80;0;
14564;3022389;1013514240;20709376;1115045888;0;0;0;0;0;0;0;0;0;0;0;3487;0;0;89;0;80;0;
14565;5038239;1013514240;20709376;1115045888;0;0;0;0;0;0;0;0;0;0;0;2144;0;0;89;0;80;0;
14566;4564981;1013514240;20709376;1115045888;0;0;0;0;0;0;0;0;0;0;0;2575;0;0;89;0;80;0;
14567;5215080;1013514240;20709376;1115045888;0;0;0;0;0;0;0;0;0;0;0;1432;0;0;89;0;80;0;
14568;4323628;1008533504;14204928;1108541440;0;0;0;0;0;0;0;0;0;0;0;1753;0;0;89;0;80;0;
14569;4258286;1008533504;14204928;1108541440;0;0;0;0;0;0;0;0;0;0;0;1663;0;0;89;0;80;0;
14570;4604465;1008533504;14204928;1108541440;0;0;0;0;0;0;0;0;0;0;0;2425;0;0;89;0;80;0;
14571;4110308;1008533504;14204928;1108541440;0;0;0;0;0;0;0;0;0;0;0;1793;0;0;89;0;80;0;
14572;2941556;1008533504;14204928;1108541440;0;0;0;0;0;0;0;0;0;0;0;2054;0;0;89;0;80;0;
14573;4956886;1008533504;14204928;1108541440;0;0;0;0;0;0;0;0;0;0;0;1703;0;0;89;0;80;0;
14574;3064677;1008533504;14204928;1108541440;0;0;0;0;0;0;0;0;0;0;0;2074;0;0;89;0;80;0;
14575;4134594;1008533504;14204928;1108541440;0;0;0;0;0;0;0;0;0;0;0;1343;0;0;89;0;80;0;
14576;2474391;1008533504;14204928;1108541440;0;0;0;0;0;0;0;0;0;0;0;2275;0;0;89;0;80;0;
14577;5109382;1008533504;14204928;1108541440;0;0;0;0;0;0;0;0;0;0;0;1723;0;0;89;0;80;0;
14578;2244218;1008533504;14204928;1108541440;0;0;0;0;0;0;0;0;0;0;0;2585;0;0;89;0;80;0;
14579;5004024;1008533504;14204928;1108541440;0;0;0;0;0;0;0;0;0;0;0;2204;0;0;89;0;80;0;
14580;3249604;1008533504;14204928;1108541440;0;0;0;0;0;0;0;0;0;0;0;2294;0;0;89;0;80;0;
14581;5043970;1012989952;20709376;1115045888;0;0;0;0;0;0;0;0;0;0;0;2164;0;0;89;0;80;0;
14582;3200753;1013526528;20709376;1115045888;0;0;0;0;0;0;0;0;0;0;0;2495;0;0;89;0;80;0;
14583;4366098;1013526528;20709376;1115045888;0;0;0;0;0;0;0;0;0;0;0;1944;0;0;89;0;80;0;
14584;3747128;1013526528;20709376;1115045888;0;0;0;0;0;0;0;0;0;0;0;2264;0;0;89;0;80;0;
14585;5026437;1013526528;20709376;1115045888;0;0;0;0;0;0;0;0;0;0;0;2225;0;0;89;0;80;0;
14586;2912832;1013526528;20709376;1115045888;0;0;0;0;0;0;0;0;0;0;0;2164;0;0;89;0;80;0;
14587;5054539;1013526528;20709376;1115045888;0;0;0;0;0;0;0;0;0;0;0;1873;0;0;89;0;80;0;
14588;3257950;1013526528;20709376;1115045888;0;0;0;0;0;0;0;0;0;0;0;2505;0;0;89;0;80;0;
14589;4513605;1013526528;20709376;1115045888;0;0;0;0;0;0;0;0;0;0;0;1924;0;0;89;0;80;0;
14590;3112167;1008545792;14204928;1108541440;0;0;0;0;0;0;0;0;0;0;0;2945;0;0;89;0;80;0;
14591;5022780;1008545792;14204928;1108541440;0;0;0;0;0;0;0;0;0;0;0;2325;0;0;89;0;80;0;
14592;2829386;1008545792;14204928;1108541440;0;0;0;0;0;0;0;0;0;0;0;2354;0;0;89;0;80;0;
14593;4594847;1008545792;14204928;1108541440;0;0;0;0;0;0;0;0;0;0;0;2174;0;0;89;0;80;0;
14594;2953229;1008545792;14204928;1108541440;0;0;0;0;0;0;0;0;0;0;0;2836;0;0;89;0;80;0;
14595;5803514;1008545792;14204928;1108541440;0;0;0;0;0;0;0;0;0;0;0;3036;0;0;89;0;80;0;
14596;5171018;1008545792;14204928;1108541440;0;0;0;0;0;0;0;0;0;0;0;3827;0;0;89;0;80;0;
14597;5256327;1008545792;14204928;1108541440;0;0;0;0;0;0;0;0;0;0;0;3066;0;0;89;0;80;0;
14598;6243259;1008545792;14204928;1108541440;0;0;0;0;0;0;0;0;0;0;0;4508;0;0;89;0;80;0;
14599;5907980;1008545792;14204928;1108541440;0;0;0;0;0;0;0;0;0;0;0;3887;0;0;89;0;80;0;
14600;6197122;1008545792;14204928;1108541440;0;0;0;0;0;0;0;0;0;0;0;4629;0;0;89;0;80;0;
14601;5798835;1008545792;14204928;1108541440;0;0;0;0;0;0;0;0;0;0;0;3076;0;0;89;0;80;0;
14602;6372481;1008545792;14204928;1108541440;0;0;0;0;0;0;0;0;0;0;0;4508;0;0;89;0;80;0;
14603;6300396;1008545792;14204928;1108541440;0;0;0;0;0;0;0;0;0;0;0;3005;0;0;89;0;80;0;
14604;7024844;1008545792;14204928;1108541440;0;0;0;0;0;0;0;0;0;0;0;4208;0;0;89;0;80;0;
14605;6693734;1008545792;14204928;1108541440;0;0;0;0;0;0;0;0;0;0;0;4048;0;0;89;0;80;0;
14606;7676737;1008545792;14204928;1108541440;0;0;0;0;0;0;0;0;0;0;0;4488;0;0;89;0;80;0;
14607;8110140;1013002240;20709376;1115045888;0;0;0;0;0;0;0;0;0;0;0;4528;0;0;89;0;80;0;
14608;4007957;1013538816;20709376;1115045888;0;0;0;0;0;0;0;0;0;0;0;3737;0;0;89;0;80;0;
14609;5993440;1013538816;20709376;1115045888;0;0;0;0;0;0;0;0;0;0;0;2474;0;0;89;0;80;0;
14610;4115358;1013538816;20709376;1115045888;0;0;0;0;0;0;0;0;0;0;0;3266;0;0;89;0;80;0;
14611;4835489;1013538816;20709376;1115045888;0;0;0;0;0;0;0;0;0;0;0;2695;0;0;89;0;80;0;
14612;2605587;1013538816;20709376;1115045888;0;0;0;0;0;0;0;0;0;0;0;2134;0;0;89;0;80;0;
14613;4304783;1013538816;20709376;1115045888;0;0;0;0;0;0;0;0;0;0;0;1614;0;0;89;0;80;0;
14614;3371222;1013538816;20709376;1115045888;0;0;0;0;0;0;0;0;0;0;0;2965;0;0;89;0;80;0;
14615;5149758;1013538816;20709376;1115045888;0;0;0;0;0;0;0;0;0;0;0;2665;0;0;89;0;80;0;
14616;4374975;1008558080;14204928;1108541440;0;0;0;0;0;0;0;0;0;0;0;1813;0;0;89;0;80;0;
14617;4534945;1008558080;14204928;1108541440;0;0;0;0;0;0;0;0;0;0;0;1362;0;0;89;0;80;0;
14618;3279971;1008558080;14204928;1108541440;0;0;0;0;0;0;0;0;0;0;0;3086;0;0;89;0;80;0;
14619;6040298;1008558080;14204928;1108541440;0;0;0;0;0;0;0;0;0;0;0;2535;0;0;89;0;80;0;
14620;4404230;1008558080;14204928;1108541440;0;0;0;0;0;0;0;0;0;0;0;2594;0;0;89;0;80;0;
14621;5254734;1008558080;14204928;1108541440;0;0;0;0;0;0;0;0;0;0;0;2364;0;0;89;0;80;0;
14622;3352848;1008558080;14204928;1108541440;0;0;0;0;0;0;0;0;0;0;0;2635;0;0;89;0;80;0;
14623;5549518;1008558080;14204928;1108541440;0;0;0;0;0;0;0;0;0;0;0;2404;0;0;89;0;80;0;
14624;4577214;1008558080;14204928;1108541440;0;0;0;0;0;0;0;0;0;0;0;2855;0;0;89;0;80;0;
14625;5306472;1008558080;14204928;1108541440;0;0;0;0;0;0;0;0;0;0;0;2544;0;0;89;0;80;0;
14626;4443563;1008558080;14204928;1108541440;0;0;0;0;0;0;0;0;0;0;0;2775;0;0;89;0;80;0;
14627;5711411;1008558080;14204928;1108541440;0;0;0;0;0;0;0;0;0;0;0;2805;0;0;89;0;80;0;
14628;4434837;1008558080;14204928;1108541440;0;0;0;0;0;0;0;0;0;0;0;2945;0;0;89;0;80;0;
14629;6325713;1013014528;20709376;1115045888;0;0;0;0;0;0;0;0;0;0;0;1943;0;0;89;0;80;0;
14630;4276390;1013551104;20709376;1115045888;0;0;0;0;0;0;0;0;0;0;0;3256;0;0;89;0;80;0;
14631;5351526;1013551104;20709376;1115045888;0;0;0;0;0;0;0;0;0;0;0;2415;0;0;89;0;80;0;
14632;3756305;1013551104;20709376;1115045888;0;0;0;0;0;0;0;0;0;0;0;2585;0;0;89;0;80;0;
14633;5630379;1013551104;20709376;1115045888;0;0;0;0;0;0;0;0;0;0;0;2906;0;0;89;0;80;0;
14634;4375846;1013551104;20709376;1115045888;0;0;0;0;0;0;0;0;0;0;0;3015;0;0;89;0;80;0;
14635;5508410;1013551104;20709376;1115045888;0;0;0;0;0;0;0;0;0;0;0;2725;0;0;89;0;80;0;
14636;5259283;1013551104;20709376;1115045888;0;0;0;0;0;0;0;0;0;0;0;2965;0;0;89;0;80;0;
14637;5571960;1013551104;20709376;1115045888;0;0;0;0;0;0;0;0;0;0;0;2605;0;0;89;0;80;0;
14638;6630575;1008570368;14204928;1108541440;0;0;0;0;0;0;0;0;0;0;0;4528;0;0;89;0;80;0;
14639;4803488;1008570368;14204928;1108541440;0;0;0;0;0;0;0;0;0;0;0;2384;0;0;89;0;80;0;
14640;4742364;1008570368;14204928;1108541440;0;0;0;0;0;0;0;0;0;0;0;2495;0;0;89;0;80;0;
14641;5041484;1008570368;14204928;1108541440;0;0;0;0;0;0;0;0;0;0;0;1412;0;0;89;0;80;0;
14642;3322381;1008570368;14204928;1108541440;0;0;0;0;0;0;0;0;0;0;0;1513;0;0;89;0;80;0;
14643;4678443;1008570368;14204928;1108541440;0;0;0;0;0;0;0;0;0;0;0;1944;0;0;89;0;80;0;
14644;2839516;1008570368;14204928;1108541440;0;0;0;0;0;0;0;0;0;0;0;1613;0;0;89;0;80;0;
14645;4441369;1008570368;14204928;1108541440;0;0;0;0;0;0;0;0;0;0;0;1583;0;0;89;0;80;0;
14646;1800687;1008570368;14204928;1108541440;0;0;0;0;0;0;0;0;0;0;0;1743;0;0;89;0;80;0;
14647;3970747;1008570368;14204928;1108541440;0;0;0;0;0;0;0;0;0;0;0;1673;0;0;89;0;80;0;
14648;1513288;1008570368;14204928;1108541440;0;0;0;0;0;0;0;0;0;0;0;1573;0;0;89;0;80;0;
14649;4101302;1008570368;14204928;1108541440;0;0;0;0;0;0;0;0;0;0;0;1673;0;0;89;0;80;0;
14650;2262132;1008570368;14204928;1108541440;0;0;0;0;0;0;0;0;0;0;0;1734;0;0;89;0;80;0;
14651;4189907;1008570368;14204928;1108541440;0;0;0;0;0;0;0;0;0;0;0;1684;0;0;89;0;80;0;
14652;1817228;1008570368;14204928;1108541440;0;0;0;0;0;0;0;0;0;0;0;1783;0;0;89;0;80;0;
14653;4577555;1013026816;20709376;1115045888;0;0;0;0;0;0;0;0;0;0;0;1603;0;0;89;0;80;0;
14654;2729098;1013563392;20709376;1115045888;0;0;0;0;0;0;0;0;0;0;0;2314;0;0;89;0;80;0;
14655;4901181;1013563392;20709376;1115045888;0;0;0;0;0;0;0;0;0;0;0;2344;0;0;89;0;80;0;
14656;4284675;1013563392;20709376;1115045888;0;0;0;0;0;0;0;0;0;0;0;2956;0;0;89;0;80;0;
14657;4904218;1013563392;20709376;1115045888;0;0;0;0;0;0;0;0;0;0;0;2495;0;0;89;0;80;0;
14658;2256131;1013563392;20709376;1115045888;0;0;0;0;0;0;0;0;0;0;0;2134;0;0;89;0;80;0;
14659;4242186;1013563392;20709376;1115045888;0;0;0;0;0;0;0;0;0;0;0;1472;0;0;89;0;80;0;
14660;3523548;1013563392;20709376;1115045888;0;0;0;0;0;0;0;0;0;0;0;3396;0;0;89;0;80;0;
14661;5023562;1013563392;20709376;1115045888;0;0;0;0;0;0;0;0;0;0;0;2785;0;0;89;0;80;0;
14662;5489645;1008582656;14204928;1108541440;0;0;0;0;0;0;0;0;0;0;0;3677;0;0;89;0;80;0;
14663;5462455;1008582656;14204928;1108541440;0;0;0;0;0;0;0;0;0;0;0;2886;0;0;89;0;80;0;
14664;4749487;1008582656;14204928;1108541440;0;0;0;0;0;0;0;0;0;0;0;3386;0;0;89;0;80;0;
14665;6835790;1008582656;14204928;1108541440;0;0;0;0;0;0;0;0;0;0;0;3006;0;0;89;0;80;0;
14666;5436566;1008582656;14204928;1108541440;0;0;0;0;0;0;0;0;0;0;0;3677;0;0;89;0;80;0;
14667;5556600;1008582656;14204928;1108541440;0;0;0;0;0;0;0;0;0;0;0;2846;0;0;89;0;80;0;
14668;5177930;1008582656;14204928;1108541440;0;0;0;0;0;0;0;0;0;0;0;2745;0;0;89;0;80;0;
14669;4923764;1008582656;14204928;1108541440;0;0;0;0;0;0;0;0;0;0;0;2415;0;0;89;0;80;0;
14670;3480267;1008582656;14204928;1108541440;0;0;0;0;0;0;0;0;0;0;0;2635;0;0;89;0;80;0;
14671;5014765;1008582656;14204928;1108541440;0;0;0;0;0;0;0;0;0;0;0;2465;0;0;89;0;80;0;
14672;3141982;1008582656;14204928;1108541440;0;0;0;0;0;0;0;0;0;0;0;1583;0;0;89;0;80;0;
14673;4329369;1008582656;14204928;1108541440;0;0;0;0;0;0;0;0;0;0;0;1603;0;0;89;0;80;0;
14674;3967781;1008582656;14204928;1108541440;0;0;0;0;0;0;0;0;0;0;0;1683;0;0;89;0;80;0;
14675;5621924;1013039104;20709376;1115045888;0;0;0;0;0;0;0;0;0;0;0;1893;0;0;89;0;80;0;
14676;2850756;1013575680;20709376;1115045888;0;0;0;0;0;0;0;0;0;0;0;2034;0;0;89;0;80;0;
14677;5028009;1013575680;20709376;1115045888;0;0;0;0;0;0;0;0;0;0;0;1533;0;0;89;0;80;0;
14678;3047616;1013575680;20709376;1115045888;0;0;0;0;0;0;0;0;0;0;0;2945;0;0;89;0;80;0;
14679;4524646;1013575680;20709376;1115045888;0;0;0;0;0;0;0;0;0;0;0;2735;0;0;89;0;80;0;
14680;4691378;1013575680;20709376;1115045888;0;0;0;0;0;0;0;0;0;0;0;3266;0;0;89;0;80;0;
14681;5132766;1013575680;20709376;1115045888;0;0;0;0;0;0;0;0;0;0;0;2825;0;0;89;0;80;0;
14682;3178350;1013575680;20709376;1115045888;0;0;0;0;0;0;0;0;0;0;0;2014;0;0;89;0;80;0;
14683;4505059;1013575680;20709376;1115045888;0;0;0;0;0;0;0;0;0;0;0;1502;0;0;89;0;80;0;
14684;2106570;1008594944;14204928;1108541440;0;0;0;0;0;0;0;0;0;0;0;2244;0;0;89;0;80;0;
14685;4227137;1008594944;14204928;1108541440;0;0;0;0;0;0;0;0;0;0;0;1633;0;0;89;0;80;0;
14686;2703410;1008594944;14204928;1108541440;0;0;0;0;0;0;0;0;0;0;0;2766;0;0;89;0;80;0;
14687;4675328;1008594944;14204928;1108541440;0;0;0;0;0;0;0;0;0;0;0;2424;0;0;89;0;80;0;
14688;4870133;1008594944;14204928;1108541440;0;0;0;0;0;0;0;0;0;0;0;2945;0;0;89;0;80;0;
14689;8039527;1008594944;14204928;1108541440;0;0;0;0;0;0;0;0;0;0;0;2484;0;0;89;0;80;0;
14690;3657519;1008594944;14204928;1108541440;0;0;0;0;0;0;0;0;0;0;0;3206;0;0;89;0;80;0;
14691;5278349;1008594944;14204928;1108541440;0;0;0;0;0;0;0;0;0;0;0;2825;0;0;89;0;80;0;
14692;5626663;1008594944;14204928;1108541440;0;0;0;0;0;0;0;0;0;0;0;3687;0;0;89;0;80;0;
14693;6565653;1008594944;14204928;1108541440;0;0;0;0;0;0;0;0;0;0;0;3727;0;0;89;0;80;0;
14694;4660410;1008594944;14204928;1108541440;0;0;0;0;0;0;0;0;0;0;0;3356;0;0;89;0;80;0;
14695;6034327;1008594944;14204928;1108541440;0;0;0;0;0;0;0;0;0;0;0;2975;0;0;89;0;80;0;
14696;3695881;1008594944;14204928;1108541440;0;0;0;0;0;0;0;0;0;0;0;3156;0;0;89;0;80;0;
14697;6397778;1008594944;14204928;1108541440;0;0;0;0;0;0;0;0;0;0;0;2965;0;0;89;0;80;0;
14698;5860711;1008594944;14204928;1108541440;0;0;0;0;0;0;0;0;0;0;0;3496;0;0;89;0;80;0;
14699;6000954;1008594944;14209024;1108545536;0;0;0;0;0;0;0;0;0;0;0;3186;0;0;89;0;80;0;
14700;4963989;1008594944;14209024;1108545536;0;0;0;0;0;0;0;0;0;0;0;2795;0;0;89;0;80;0;
14701;6923384;1013051392;20713472;1115049984;0;0;0;0;0;0;0;0;0;0;0;3717;0;0;89;0;80;0;
14702;4905520;1013587968;20713472;1115049984;0;0;0;0;0;0;0;0;0;0;0;1834;0;0;89;0;80;0;
14703;5610471;1013587968;20713472;1115049984;0;0;0;0;0;0;0;0;0;0;0;2265;0;0;89;0;80;0;
14704;3056502;1013587968;20713472;1115049984;0;0;0;0;0;0;0;0;0;0;0;1683;0;0;89;0;80;0;
14705;5838740;1013587968;20713472;1115049984;0;0;0;0;0;0;0;0;0;0;0;1934;0;0;89;0;80;0;
14706;4650141;1013587968;20713472;1115049984;0;0;0;0;0;0;0;0;0;0;0;2515;0;0;89;0;80;0;
14707;6410051;1013587968;20713472;1115049984;0;0;0;0;0;0;0;0;0;0;0;2524;0;0;89;0;80;0;
14708;3682325;1013587968;20713472;1115049984;0;0;0;0;0;0;0;0;0;0;0;1643;0;0;89;0;80;0;
14709;5816909;1013587968;20713472;1115049984;0;0;0;0;0;0;0;0;0;0;0;1754;0;0;89;0;80;0;
14710;3739603;1008611328;14209024;1108545536;0;0;0;0;0;0;0;0;0;0;0;2475;0;0;89;0;80;0;
14711;5457535;1008611328;14209024;1108545536;0;0;0;0;0;0;0;0;0;0;0;2605;0;0;89;0;80;0;
14712;3349392;1008611328;14209024;1108545536;0;0;0;0;0;0;0;0;0;0;0;2495;0;0;89;0;80;0;
14713;5876210;1008611328;14209024;1108545536;0;0;0;0;0;0;0;0;0;0;0;2986;0;0;89;0;80;0;
14714;5329094;1008611328;14209024;1108545536;0;0;0;0;0;0;0;0;0;0;0;2475;0;0;89;0;80;0;
14715;6427354;1008611328;14209024;1108545536;0;0;0;0;0;0;0;0;0;0;0;2394;0;0;89;0;80;0;
14716;4213492;1008611328;14209024;1108545536;0;0;0;0;0;0;0;0;0;0;0;1804;0;0;89;0;80;0;
14717;6583156;1008611328;14209024;1108545536;0;0;0;0;0;0;0;0;0;0;0;5330;0;0;89;0;80;0;
14718;5159346;1008611328;14209024;1108545536;0;0;0;0;0;0;0;0;0;0;0;4168;0;0;89;0;80;0;
14719;7069609;1008611328;14209024;1108545536;0;0;0;0;0;0;0;0;0;0;0;4809;0;0;89;0;80;0;
14720;6815882;1008611328;14209024;1108545536;0;0;0;0;0;0;0;0;0;0;0;4529;0;0;89;0;80;0;
14721;6975442;1008611328;14209024;1108545536;0;0;0;0;0;0;0;0;0;0;0;4428;0;0;89;0;80;0;
14722;5469066;1008611328;14209024;1108545536;0;0;0;0;0;0;0;0;0;0;0;4188;0;0;89;0;80;0;
14723;6567407;1013067776;20713472;1115049984;0;0;0;0;0;0;0;0;0;0;0;2895;0;0;89;0;80;0;
14724;2919986;1013604352;20713472;1115049984;0;0;0;0;0;0;0;0;0;0;0;14056;0;0;89;0;80;0;
14725;5717042;1013604352;20713472;1115049984;0;0;0;0;0;0;0;0;0;0;0;4188;0;0;89;0;80;0;
14726;4900431;1013604352;20713472;1115049984;0;0;0;0;0;0;0;0;0;0;0;4318;0;0;89;0;80;0;
14727;6315704;1013604352;20713472;1115049984;0;0;0;0;0;0;0;0;0;0;0;4990;0;0;89;0;80;0;
14728;6713370;1013604352;20713472;1115049984;0;0;0;0;0;0;0;0;0;0;0;4418;0;0;89;0;80;0;
14729;6000112;1013604352;20713472;1115049984;0;0;0;0;0;0;0;0;0;0;0;2535;0;0;89;0;80;0;
14730;2853131;1013604352;20713472;1115049984;0;0;0;0;0;0;0;0;0;0;0;2394;0;0;89;0;80;0;
14731;5709668;1013604352;20713472;1115049984;0;0;0;0;0;0;0;0;0;0;0;3256;0;0;89;0;80;0;
14732;2881003;1013604352;20713472;1115049984;0;0;0;0;0;0;0;0;0;0;0;2314;0;0;89;0;80;0;
14733;5262218;1013604352;20713472;1115049984;0;0;0;0;0;0;0;0;0;0;0;4739;0;0;89;0;80;0;
14734;4799381;1013604352;20713472;1115049984;0;0;0;0;0;0;0;0;0;0;0;6061;0;0;89;0;80;0;
14735;5922407;1013604352;20713472;1115049984;0;0;0;0;0;0;0;0;0;0;0;4108;0;0;89;0;80;0;
14736;3704036;1013604352;20713472;1115049984;0;0;0;0;0;0;0;0;0;0;0;4578;0;0;89;0;80;0;
14737;5245307;1013604352;20713472;1115049984;0;0;0;0;0;0;0;0;0;0;0;3086;0;0;89;0;80;0;
14738;4158699;1013604352;20713472;1115049984;0;0;0;0;0;0;0;0;0;0;0;3066;0;0;89;0;80;0;
14739;4981312;1013604352;20713472;1115049984;0;0;0;0;0;0;0;0;0;0;0;2344;0;0;89;0;80;0;
14740;2767430;1013604352;20713472;1115049984;0;0;0;0;0;0;0;0;0;0;0;3046;0;0;89;0;80;0;
14741;5308466;1013604352;20713472;1115049984;0;0;0;0;0;0;0;0;0;0;0;2946;0;0;89;0;80;0;
14742;3552643;1013604352;20713472;1115049984;0;0;0;0;0;0;0;0;0;0;0;3457;0;0;89;0;80;0;
14743;7377987;1013604352;20713472;1115049984;0;0;0;0;0;0;0;0;0;0;0;2484;0;0;89;0;80;0;
14744;3007721;1013604352;20713472;1115049984;0;0;0;0;0;0;0;0;0;0;0;2124;0;0;89;0;80;0;
14745;5010837;1013604352;20713472;1115049984;0;0;0;0;0;0;0;0;0;0;0;2846;0;0;89;0;80;0;
14746;4012625;1013604352;20713472;1115049984;0;0;0;0;0;0;0;0;0;0;0;3066;0;0;89;0;80;0;
14747;8453133;1013604352;20713472;1115049984;0;0;0;0;0;0;0;0;0;0;0;3436;0;0;89;0;80;0;
14748;3559996;1013604352;20713472;1115049984;0;0;0;0;0;0;0;0;0;0;0;2535;0;0;89;0;80;0;
14749;7319487;1013604352;20713472;1115049984;0;0;0;0;0;0;0;0;0;0;0;4348;0;0;89;0;80;0;
14750;4358123;1013604352;20713472;1115049984;0;0;0;0;0;0;0;0;0;0;0;2705;0;0;89;0;80;0;
14751;5719416;1013604352;20713472;1115049984;0;0;0;0;0;0;0;0;0;0;0;3376;0;0;89;0;80;0;
14752;2709371;1013604352;20713472;1115049984;0;0;0;0;0;0;0;0;0;0;0;2344;0;0;89;0;80;0;
14753;5124401;1013604352;20713472;1115049984;0;0;0;0;0;0;0;0;0;0;0;4108;0;0;89;0;80;0;
14754;4515879;1013604352;20713472;1115049984;0;0;0;0;0;0;0;0;0;0;0;3907;0;0;89;0;80;0;
14755;6906011;1013604352;20713472;1115049984;0;0;0;0;0;0;0;0;0;0;0;5800;0;0;89;0;80;0;
14756;4038494;1013604352;20713472;1115049984;0;0;0;0;0;0;0;0;0;0;0;3336;0;0;89;0;80;0;
14757;6452641;1013604352;20713472;1115049984;0;0;0;0;0;0;0;0;0;0;0;4128;0;0;89;0;80;0;
14758;4842361;1013604352;20713472;1115049984;0;0;0;0;0;0;0;0;0;0;0;5039;0;0;89;0;80;0;
14759;6785816;1013604352;20713472;1115049984;0;0;0;0;0;0;0;0;0;0;0;3436;0;0;89;0;80;0;
14760;4974519;1013604352;20713472;1115049984;0;0;0;0;0;0;0;0;0;0;0;4338;0;0;89;0;80;0;
14761;5449179;1013604352;20713472;1115049984;0;0;0;0;0;0;0;0;0;0;0;3437;0;0;89;0;80;0;
14762;5298076;1013604352;20713472;1115049984;0;0;0;0;0;0;0;0;0;0;0;3707;0;0;89;0;80;0;
14763;5561250;1013604352;20713472;1115049984;0;0;0;0;0;0;0;0;0;0;0;3817;0;0;89;0;80;0;
14764;5845583;1013604352;20713472;1115049984;0;0;0;0;0;0;0;0;0;0;0;4038;0;0;89;0;80;0;
14765;6238730;1013604352;20713472;1115049984;0;0;0;0;0;0;0;0;0;0;0;4769;0;0;89;0;80;0;
14766;4245852;1013604352;20713472;1115049984;0;0;0;0;0;0;0;0;0;0;0;3236;0;0;89;0;80;0;
14767;5711782;1013604352;20713472;1115049984;0;0;0;0;0;0;0;0;0;0;0;3466;0;0;89;0;80;0;
14768;3561719;1013604352;20713472;1115049984;0;0;0;0;0;0;0;0;0;0;0;2445;0;0;89;0;80;0;
14769;5992498;1013604352;20713472;1115049984;0;0;0;0;0;0;0;0;0;0;0;4158;0;0;89;0;80;0;
14770;4376197;1013604352;20713472;1115049984;0;0;0;0;0;0;0;0;0;0;0;3757;0;0;89;0;80;0;
14771;6275359;1013604352;20713472;1115049984;0;0;0;0;0;0;0;0;0;0;0;3948;0;0;89;0;80;0;
14772;3239586;1013604352;20713472;1115049984;0;0;0;0;0;0;0;0;0;0;0;4027;0;0;89;0;80;0;
14773;6321815;1013604352;20713472;1115049984;0;0;0;0;0;0;0;0;0;0;0;3216;0;0;89;0;80;0;
14774;4967526;1013604352;20713472;1115049984;0;0;0;0;0;0;0;0;0;0;0;4479;0;0;89;0;80;0;
14775;6401516;1013604352;20713472;1115049984;0;0;0;0;0;0;0;0;0;0;0;2906;0;0;89;0;80;0;
14776;4030298;1013604352;20713472;1115049984;0;0;0;0;0;0;0;0;0;0;0;3426;0;0;89;0;80;0;
14777;5454809;1013604352;20713472;1115049984;0;0;0;0;0;0;0;0;0;0;0;3136;0;0;89;0;80;0;
14778;3467713;1013604352;20713472;1115049984;0;0;0;0;0;0;0;0;0;0;0;3376;0;0;89;0;80;0;
14779;6224202;1013604352;20713472;1115049984;0;0;0;0;0;0;0;0;0;0;0;3466;0;0;89;0;80;0;
14780;2584207;1013604352;20713472;1115049984;0;0;0;0;0;0;0;0;0;0;0;1994;0;0;89;0;80;0;
14781;5311190;1013604352;20713472;1115049984;0;0;0;0;0;0;0;0;0;0;0;2485;0;0;89;0;80;0;
14782;4800543;1013604352;20713472;1115049984;0;0;0;0;0;0;0;0;0;0;0;3928;0;0;89;0;80;0;
14783;5475619;1013604352;20713472;1115049984;0;0;0;0;0;0;0;0;0;0;0;4268;0;0;89;0;80;0;
14784;7097380;1013604352;20713472;1115049984;0;0;0;0;0;0;0;0;0;0;0;4298;0;0;89;0;80;0;
14785;6855847;1013604352;20713472;1115049984;0;0;0;0;0;0;0;0;0;0;0;4398;0;0;89;0;80;0;
14786;5125342;1013604352;20713472;1115049984;0;0;0;0;0;0;0;0;0;0;0;3908;0;0;89;0;80;0;
14787;6836471;1013604352;20713472;1115049984;0;0;0;0;0;0;0;0;0;0;0;3898;0;0;89;0;80;0;
14788;5339273;1013604352;20713472;1115049984;0;0;0;0;0;0;0;0;0;0;0;4348;0;0;89;0;80;0;
14789;5739754;1013604352;20713472;1115049984;0;0;0;0;0;0;0;0;0;0;0;4709;0;0;89;0;80;0;
14790;4921430;1013604352;20713472;1115049984;0;0;0;0;0;0;0;0;0;0;0;3306;0;0;89;0;80;0;
14791;6894450;1013604352;20713472;1115049984;0;0;0;0;0;0;0;0;0;0;0;4519;0;0;89;0;80;0;
14792;6065265;1013604352;20713472;1115049984;0;0;0;0;0;0;0;0;0;0;0;4608;0;0;89;0;80;0;
14793;6606941;1013604352;20713472;1115049984;0;0;0;0;0;0;0;0;0;0;0;3667;0;0;89;0;80;0;
14794;7265285;1013604352;20713472;1115049984;0;0;0;0;0;0;0;0;0;0;0;4498;0;0;89;0;80;0;
14795;5385871;1013604352;20713472;1115049984;0;0;0;0;0;0;0;0;0;0;0;2645;0;0;89;0;80;0;
14796;3192477;1013604352;20713472;1115049984;0;0;0;0;0;0;0;0;0;0;0;2434;0;0;89;0;80;0;
14797;5490617;1013604352;20713472;1115049984;0;0;0;0;0;0;0;0;0;0;0;2564;0;0;89;0;80;0;
14798;2400983;1013604352;20713472;1115049984;0;0;0;0;0;0;0;0;0;0;0;1834;0;0;89;0;80;0;
14799;5821828;1013604352;20713472;1115049984;0;0;0;0;0;0;0;0;0;0;0;3416;0;0;89;0;80;0;
14800;3803733;1013604352;20713472;1115049984;0;0;0;0;0;0;0;0;0;0;0;3135;0;0;89;0;80;0;
14801;5592428;1013604352;20713472;1115049984;0;0;0;0;0;0;0;0;0;0;0;3427;0;0;89;0;80;0;
14802;4500019;1013604352;20713472;1115049984;0;0;0;0;0;0;0;0;0;0;0;3497;0;0;89;0;80;0;
14803;5755724;1013604352;20713472;1115049984;0;0;0;0;0;0;0;0;0;0;0;3597;0;0;89;0;80;0;
14804;3783535;1013604352;20713472;1115049984;0;0;0;0;0;0;0;0;0;0;0;3105;0;0;89;0;80;0;
14805;5886680;1013604352;20713472;1115049984;0;0;0;0;0;0;0;0;0;0;0;3436;0;0;89;0;80;0;
14806;4113735;1013604352;20713472;1115049984;0;0;0;0;0;0;0;0;0;0;0;3095;0;0;89;0;80;0;
14807;6521831;1013604352;20713472;1115049984;0;0;0;0;0;0;0;0;0;0;0;3116;0;0;89;0;80;0;
14808;4752963;1013604352;20713472;1115049984;0;0;0;0;0;0;0;0;0;0;0;3115;0;0;89;0;80;0;
14809;6451900;1013604352;20713472;1115049984;0;0;0;0;0;0;0;0;0;0;0;3636;0;0;89;0;80;0;
14810;4902223;1013604352;20713472;1115049984;0;0;0;0;0;0;0;0;0;0;0;3707;0;0;89;0;80;0;
14811;5922156;1013604352;20713472;1115049984;0;0;0;0;0;0;0;0;0;0;0;4248;0;0;89;0;80;0;
14812;6180611;1013604352;20713472;1115049984;0;0;0;0;0;0;0;0;0;0;0;4048;0;0;89;0;80;0;
14813;5476891;1013604352;20713472;1115049984;0;0;0;0;0;0;0;0;0;0;0;3657;0;0;89;0;80;0;
14814;6556456;1013604352;20713472;1115049984;0;0;0;0;0;0;0;0;0;0;0;4348;0;0;89;0;80;0;
14815;5279241;1013604352;20713472;1115049984;0;0;0;0;0;0;0;0;0;0;0;3136;0;0;89;0;80;0;
14816;4708169;1013604352;20713472;1115049984;0;0;0;0;0;0;0;0;0;0;0;4258;0;0;89;0;80;0;
14817;5867343;1013604352;20713472;1115049984;0;0;0;0;0;0;0;0;0;0;0;3687;0;0;89;0;80;0;
14818;5014454;1013604352;20713472;1115049984;0;0;0;0;0;0;0;0;0;0;0;3767;0;0;89;0;80;0;
14819;6084861;1013604352;20713472;1115049984;0;0;0;0;0;0;0;0;0;0;0;2675;0;0;89;0;80;0;
14820;4453322;1013604352;20713472;1115049984;0;0;0;0;0;0;0;0;0;0;0;3376;0;0;89;0;80;0;
14821;6720554;1013604352;20713472;1115049984;0;0;0;0;0;0;0;0;0;0;0;3437;0;0;89;0;80;0;
14822;3249364;1013604352;20713472;1115049984;0;0;0;0;0;0;0;0;0;0;0;2885;0;0;89;0;80;0;
14823;4713971;1013604352;20713472;1115049984;0;0;0;0;0;0;0;0;0;0;0;2796;0;0;89;0;80;0;
14824;3626201;1013604352;20713472;1115049984;0;0;0;0;0;0;0;0;0;0;0;3767;0;0;89;0;80;0;
14825;5467914;1013604352;20713472;1115049984;0;0;0;0;0;0;0;0;0;0;0;2785;0;0;89;0;80;0;
14826;2552938;1013604352;20713472;1115049984;0;0;0;0;0;0;0;0;0;0;0;1633;0;0;89;0;80;0;
14827;4721515;1013604352;20713472;1115049984;0;0;0;0;0;0;0;0;0;0;0;1783;0;0;89;0;80;0;
14828;3097148;1013604352;20713472;1115049984;0;0;0;0;0;0;0;0;0;0;0;1653;0;0;89;0;80;0;
14829;4850667;1013604352;20713472;1115049984;0;0;0;0;0;0;0;0;0;0;0;2495;0;0;89;0;80;0;
14830;3710599;1013604352;20713472;1115049984;0;0;0;0;0;0;0;0;0;0;0;2244;0;0;89;0;80;0;
14831;5240317;1013604352;20713472;1115049984;0;0;0;0;0;0;0;0;0;0;0;2084;0;0;89;0;80;0;
14832;3360161;1013604352;20713472;1115049984;0;0;0;0;0;0;0;0;0;0;0;2064;0;0;89;0;80;0;
14833;5092661;1013604352;20713472;1115049984;0;0;0;0;0;0;0;0;0;0;0;2385;0;0;89;0;80;0;
14834;2972935;1013604352;20713472;1115049984;0;0;0;0;0;0;0;0;0;0;0;2214;0;0;89;0;80;0;
14835;4594527;1013604352;20713472;1115049984;0;0;0;0;0;0;0;0;0;0;0;2485;0;0;89;0;80;0;
14836;3843658;1013604352;20713472;1115049984;0;0;0;0;0;0;0;0;0;0;0;1724;0;0;89;0;80;0;
14837;4744047;1013604352;20713472;1115049984;0;0;0;0;0;0;0;0;0;0;0;1934;0;0;89;0;80;0;
14838;3560597;1013604352;20713472;1115049984;0;0;0;0;0;0;0;0;0;0;0;2504;0;0;89;0;80;0;
14839;5400909;1013604352;20713472;1115049984;0;0;0;0;0;0;0;0;0;0;0;2134;0;0;89;0;80;0;
14840;3361444;1013604352;20713472;1115049984;0;0;0;0;0;0;0;0;0;0;0;2184;0;0;89;0;80;0;
14841;4976092;1013604352;20713472;1115049984;0;0;0;0;0;0;0;0;0;0;0;2615;0;0;89;0;80;0;
14842;2891913;1013604352;20713472;1115049984;0;0;0;0;0;0;0;0;0;0;0;2134;0;0;89;0;80;0;
14843;4846710;1013604352;20713472;1115049984;0;0;0;0;0;0;0;0;0;0;0;2645;0;0;89;0;80;0;
14844;3337599;1013604352;20713472;1115049984;0;0;0;0;0;0;0;0;0;0;0;2385;0;0;89;0;80;0;
14845;5962943;1013604352;20713472;1115049984;0;0;0;0;0;0;0;0;0;0;0;4558;0;0;89;0;80;0;
14846;3849850;1013604352;20713472;1115049984;0;0;0;0;0;0;0;0;0;0;0;1994;0;0;89;0;80;0;
14847;5965297;1013604352;20713472;1115049984;0;0;0;0;0;0;0;0;0;0;0;3146;0;0;89;0;80;0;
14848;4157426;1013604352;20713472;1115049984;0;0;0;0;0;0;0;0;0;0;0;2945;0;0;89;0;80;0;
14849;5013973;1013604352;20713472;1115049984;0;0;0;0;0;0;0;0;0;0;0;2986;0;0;89;0;80;0;
14850;2692580;1013604352;20713472;1115049984;0;0;0;0;0;0;0;0;0;0;0;1893;0;0;89;0;80;0;
14851;5235088;1013604352;20713472;1115049984;0;0;0;0;0;0;0;0;0;0;0;3877;0;0;89;0;80;0;
14852;4029527;1013604352;20713472;1115049984;0;0;0;0;0;0;0;0;0;0;0;3557;0;0;89;0;80;0;
14853;5562692;1013604352;20713472;1115049984;0;0;0;0;0;0;0;0;0;0;0;11922;0;0;89;0;80;0;
14854;3624858;1013604352;20713472;1115049984;0;0;0;0;0;0;0;0;0;0;0;3376;0;0;89;0;80;0;
14855;6257425;1013604352;20713472;1115049984;0;0;0;0;0;0;0;0;0;0;0;3928;0;0;89;0;80;0;
14856;4591421;1013604352;20713472;1115049984;0;0;0;0;0;0;0;0;0;0;0;4308;0;0;89;0;80;0;
14857;6222600;1013604352;20713472;1115049984;0;0;0;0;0;0;0;0;0;0;0;3928;0;0;89;0;80;0;
14858;5977560;1013604352;20713472;1115049984;0;0;0;0;0;0;0;0;0;0;0;6171;0;0;89;0;80;0;
14859;6153240;1013604352;20713472;1115049984;0;0;0;0;0;0;0;0;0;0;0;4439;0;0;89;0;80;0;
14860;4452480;1013604352;20713472;1115049984;0;0;0;0;0;0;0;0;0;0;0;3256;0;0;89;0;80;0;
14861;6451639;1013604352;20713472;1115049984;0;0;0;0;0;0;0;0;0;0;0;4298;0;0;89;0;80;0;
14862;5325758;1013604352;20713472;1115049984;0;0;0;0;0;0;0;0;0;0;0;3566;0;0;89;0;80;0;
14863;7413784;1013604352;20713472;1115049984;0;0;0;0;0;0;0;0;0;0;0;4158;0;0;89;0;80;0;
14864;4930938;1013604352;20713472;1115049984;0;0;0;0;0;0;0;0;0;0;0;3447;0;0;89;0;80;0;
14865;5519511;1013604352;20713472;1115049984;0;0;0;0;0;0;0;0;0;0;0;4458;0;0;89;0;80;0;
14866;4669858;1013604352;20713472;1115049984;0;0;0;0;0;0;0;0;0;0;0;3396;0;0;89;0;80;0;
14867;5810768;1013604352;20713472;1115049984;0;0;0;0;0;0;0;0;0;0;0;4438;0;0;89;0;80;0;
14868;4304743;1013604352;20713472;1115049984;0;0;0;0;0;0;0;0;0;0;0;2695;0;0;89;0;80;0;
14869;4695646;1013604352;20713472;1115049984;0;0;0;0;0;0;0;0;0;0;0;2865;0;0;89;0;80;0;
14870;3292314;1013604352;20713472;1115049984;0;0;0;0;0;0;0;0;0;0;0;2425;0;0;89;0;80;0;
14871;4748846;1013604352;20713472;1115049984;0;0;0;0;0;0;0;0;0;0;0;17803;0;0;89;0;80;0;
14872;3874065;1013604352;20713472;1115049984;0;0;0;0;0;0;0;0;0;0;0;2495;0;0;89;0;80;0;
14873;4694655;1013604352;20713472;1115049984;0;0;0;0;0;0;0;0;0;0;0;2524;0;0;89;0;80;0;
14874;2427022;1013604352;20713472;1115049984;0;0;0;0;0;0;0;0;0;0;0;1704;0;0;89;0;80;0;
14875;5297124;1013604352;20713472;1115049984;0;0;0;0;0;0;0;0;0;0;0;2545;0;0;89;0;80;0;
14876;3725317;1013604352;20713472;1115049984;0;0;0;0;0;0;0;0;0;0;0;2645;0;0;89;0;80;0;
14877;4355157;1013604352;20713472;1115049984;0;0;0;0;0;0;0;0;0;0;0;1954;0;0;89;0;80;0;
14878;3773517;1013604352;20713472;1115049984;0;0;0;0;0;0;0;0;0;0;0;2305;0;0;89;0;80;0;
14879;5318104;1013604352;20713472;1115049984;0;0;0;0;0;0;0;0;0;0;0;2886;0;0;89;0;80;0;
14880;4091964;1013604352;20713472;1115049984;0;0;0;0;0;0;0;0;0;0;0;5120;0;0;89;0;80;0;
14881;6849565;1013604352;20713472;1115049984;0;0;0;0;0;0;0;0;0;0;0;5330;0;0;89;0;80;0;
14882;5416959;1013604352;20713472;1115049984;0;0;0;0;0;0;0;0;0;0;0;2836;0;0;89;0;80;0;
14883;7292366;1013604352;20713472;1115049984;0;0;0;0;0;0;0;0;0;0;0;3627;0;0;89;0;80;0;
14884;2534112;1013604352;20713472;1115049984;0;0;0;0;0;0;0;0;0;0;0;1984;0;0;89;0;80;0;
14885;10107195;1013604352;20713472;1115049984;0;0;0;0;0;0;0;0;0;0;0;2845;0;0;89;0;80;0;
14886;3447095;1013604352;20713472;1115049984;0;0;0;0;0;0;0;0;0;0;0;3726;0;0;89;0;80;0;
14887;5375050;1013604352;20713472;1115049984;0;0;0;0;0;0;0;0;0;0;0;2274;0;0;89;0;80;0;
14888;3834982;1013604352;20713472;1115049984;0;0;0;0;0;0;0;0;0;0;0;3216;0;0;89;0;80;0;
14889;5508761;1013604352;20713472;1115049984;0;0;0;0;0;0;0;0;0;0;0;3106;0;0;89;0;80;0;
14890;3691713;1013604352;20713472;1115049984;0;0;0;0;0;0;0;0;0;0;0;3356;0;0;89;0;80;0;
14891;5222323;1013604352;20713472;1115049984;0;0;0;0;0;0;0;0;0;0;0;3296;0;0;89;0;80;0;
14892;3252519;1013604352;20713472;1115049984;0;0;0;0;0;0;0;0;0;0;0;2936;0;0;89;0;80;0;
14893;5793516;1013604352;20713472;1115049984;0;0;0;0;0;0;0;0;0;0;0;3316;0;0;89;0;80;0;
14894;5458126;1013604352;20713472;1115049984;0;0;0;0;0;0;0;0;0;0;0;3486;0;0;89;0;80;0;
14895;5474026;1013604352;20713472;1115049984;0;0;0;0;0;0;0;0;0;0;0;3577;0;0;89;0;80;0;
14896;4188936;1013604352;20713472;1115049984;0;0;0;0;0;0;0;0;0;0;0;2875;0;0;89;0;80;0;
14897;5997297;1013604352;20713472;1115049984;0;0;0;0;0;0;0;0;0;0;0;3277;0;0;89;0;80;0;
14898;3782063;1013604352;20713472;1115049984;0;0;0;0;0;0;0;0;0;0;0;3437;0;0;89;0;80;0;
14899;5227213;1013604352;20713472;1115049984;0;0;0;0;0;0;0;0;0;0;0;3507;0;0;89;0;80;0;
14900;2960963;1013604352;20713472;1115049984;0;0;0;0;0;0;0;0;0;0;0;2685;0;0;89;0;80;0;
14901;4973587;1013604352;20713472;1115049984;0;0;0;0;0;0;0;0;0;0;0;3026;0;0;89;0;80;0;
14902;4675779;1013604352;20713472;1115049984;0;0;0;0;0;0;0;0;0;0;0;2965;0;0;89;0;80;0;
14903;5993740;1013604352;20713472;1115049984;0;0;0;0;0;0;0;0;0;0;0;5360;0;0;89;0;80;0;
14904;5615972;1013604352;20713472;1115049984;0;0;0;0;0;0;0;0;0;0;0;3306;0;0;89;0;80;0;
14905;5349212;1013604352;20713472;1115049984;0;0;0;0;0;0;0;0;0;0;0;3066;0;0;89;0;80;0;
14906;4082907;1013604352;20713472;1115049984;0;0;0;0;0;0;0;0;0;0;0;2554;0;0;89;0;80;0;
14907;5354141;1013604352;20713472;1115049984;0;0;0;0;0;0;0;0;0;0;0;2325;0;0;89;0;80;0;
14908;2916770;1013604352;20713472;1115049984;0;0;0;0;0;0;0;0;0;0;0;3066;0;0;89;0;80;0;
14909;5729726;1013604352;20713472;1115049984;0;0;0;0;0;0;0;0;0;0;0;3226;0;0;89;0;80;0;
14910;2951655;1013604352;20713472;1115049984;0;0;0;0;0;0;0;0;0;0;0;2905;0;0;89;0;80;0;
14911;6024548;1013604352;20713472;1115049984;0;0;0;0;0;0;0;0;0;0;0;3978;0;0;89;0;80;0;
14912;3338370;1013604352;20713472;1115049984;0;0;0;0;0;0;0;0;0;0;0;2605;0;0;89;0;80;0;
14913;5216864;1013604352;20713472;1115049984;0;0;0;0;0;0;0;0;0;0;0;4338;0;0;89;0;80;0;
14914;3241269;1013604352;20713472;1115049984;0;0;0;0;0;0;0;0;0;0;0;3417;0;0;89;0;80;0;
14915;5503351;1013604352;20713472;1115049984;0;0;0;0;0;0;0;0;0;0;0;2945;0;0;89;0;80;0;
14916;3163873;1013604352;20713472;1115049984;0;0;0;0;0;0;0;0;0;0;0;2625;0;0;89;0;80;0;
14917;5923078;1013604352;20713472;1115049984;0;0;0;0;0;0;0;0;0;0;0;3676;0;0;89;0;80;0;
14918;3887149;1013604352;20713472;1115049984;0;0;0;0;0;0;0;0;0;0;0;2915;0;0;89;0;80;0;
14919;5611704;1013604352;20713472;1115049984;0;0;0;0;0;0;0;0;0;0;0;3155;0;0;89;0;80;0;
14920;4567445;1013604352;20713472;1115049984;0;0;0;0;0;0;0;0;0;0;0;3918;0;0;89;0;80;0;
14921;5008332;1013604352;20713472;1115049984;0;0;0;0;0;0;0;0;0;0;0;3467;0;0;89;0;80;0;
14922;3805797;1013604352;20713472;1115049984;0;0;0;0;0;0;0;0;0;0;0;3357;0;0;89;0;80;0;
14923;4894699;1013604352;20713472;1115049984;0;0;0;0;0;0;0;0;0;0;0;3016;0;0;89;0;80;0;
14924;4544523;1013604352;20713472;1115049984;0;0;0;0;0;0;0;0;0;0;0;2855;0;0;89;0;80;0;
14925;4971293;1013604352;20713472;1115049984;0;0;0;0;0;0;0;0;0;0;0;5210;0;0;89;0;80;0;
14926;4400503;1013604352;20713472;1115049984;0;0;0;0;0;0;0;0;0;0;0;3236;0;0;89;0;80;0;
14927;5082662;1013604352;20713472;1115049984;0;0;0;0;0;0;0;0;0;0;0;1883;0;0;89;0;80;0;
14928;4160001;1013604352;20713472;1115049984;0;0;0;0;0;0;0;0;0;0;0;2835;0;0;89;0;80;0;
14929;5161430;1013604352;20713472;1115049984;0;0;0;0;0;0;0;0;0;0;0;2344;0;0;89;0;80;0;
14930;2624832;1013604352;20713472;1115049984;0;0;0;0;0;0;0;0;0;0;0;2755;0;0;89;0;80;0;
14931;5611383;1013604352;20713472;1115049984;0;0;0;0;0;0;0;0;0;0;0;3056;0;0;89;0;80;0;
14932;2797907;1013604352;20713472;1115049984;0;0;0;0;0;0;0;0;0;0;0;1874;0;0;89;0;80;0;
14933;4887025;1013604352;20713472;1115049984;0;0;0;0;0;0;0;0;0;0;0;3717;0;0;89;0;80;0;
14934;2436991;1013604352;20713472;1115049984;0;0;0;0;0;0;0;0;0;0;0;2575;0;0;89;0;80;0;
14935;4665069;1013604352;20713472;1115049984;0;0;0;0;0;0;0;0;0;0;0;3296;0;0;89;0;80;0;
14936;3974543;1013604352;20713472;1115049984;0;0;0;0;0;0;0;0;0;0;0;3257;0;0;89;0;80;0;
14937;5390719;1013604352;20713472;1115049984;0;0;0;0;0;0;0;0;0;0;0;2976;0;0;89;0;80;0;
14938;3649745;1013604352;20713472;1115049984;0;0;0;0;0;0;0;0;0;0;0;3387;0;0;89;0;80;0;
14939;5604170;1013604352;20713472;1115049984;0;0;0;0;0;0;0;0;0;0;0;3297;0;0;89;0;80;0;
14940;3548434;1013604352;20713472;1115049984;0;0;0;0;0;0;0;0;0;0;0;3366;0;0;89;0;80;0;
14941;4632998;1013604352;20713472;1115049984;0;0;0;0;0;0;0;0;0;0;0;2946;0;0;89;0;80;0;
14942;3237611;1013604352;20713472;1115049984;0;0;0;0;0;0;0;0;0;0;0;2775;0;0;89;0;80;0;
14943;5424614;1013604352;20713472;1115049984;0;0;0;0;0;0;0;0;0;0;0;3126;0;0;89;0;80;0;
14944;2772129;1013604352;20713472;1115049984;0;0;0;0;0;0;0;0;0;0;0;2634;0;0;89;0;80;0;
14945;5336327;1013604352;20713472;1115049984;0;0;0;0;0;0;0;0;0;0;0;3186;0;0;89;0;80;0;
14946;2914646;1013604352;20713472;1115049984;0;0;0;0;0;0;0;0;0;0;0;2806;0;0;89;0;80;0;
14947;5899855;1013604352;20713472;1115049984;0;0;0;0;0;0;0;0;0;0;0;2545;0;0;89;0;80;0;
14948;3322310;1013604352;20713472;1115049984;0;0;0;0;0;0;0;0;0;0;0;3607;0;0;89;0;80;0;
14949;5108982;1013604352;20713472;1115049984;0;0;0;0;0;0;0;0;0;0;0;3306;0;0;89;0;80;0;
14950;4037462;1013604352;20713472;1115049984;0;0;0;0;0;0;0;0;0;0;0;5971;0;0;89;0;80;0;
14951;5469217;1013604352;20713472;1115049984;0;0;0;0;0;0;0;0;0;0;0;3456;0;0;89;0;80;0;
14952;4174208;1013604352;20713472;1115049984;0;0;0;0;0;0;0;0;0;0;0;3537;0;0;89;0;80;0;
14953;5554727;1013604352;20713472;1115049984;0;0;0;0;0;0;0;0;0;0;0;2845;0;0;89;0;80;0;
14954;4764455;1013604352;20713472;1115049984;0;0;0;0;0;0;0;0;0;0;0;3727;0;0;89;0;80;0;
14955;4958830;1013604352;20713472;1115049984;0;0;0;0;0;0;0;0;0;0;0;3176;0;0;89;0;80;0;
14956;3904392;1013604352;20713472;1115049984;0;0;0;0;0;0;0;0;0;0;0;3697;0;0;89;0;80;0;
14957;5669022;1013604352;20713472;1115049984;0;0;0;0;0;0;0;0;0;0;0;3797;0;0;89;0;80;0;
14958;3872422;1013604352;20713472;1115049984;0;0;0;0;0;0;0;0;0;0;0;2755;0;0;89;0;80;0;
14959;5375231;1013604352;20713472;1115049984;0;0;0;0;0;0;0;0;0;0;0;4378;0;0;89;0;80;0;
14960;4154331;1013604352;20713472;1115049984;0;0;0;0;0;0;0;0;0;0;0;3987;0;0;89;0;80;0;
14961;6054484;1013604352;20713472;1115049984;0;0;0;0;0;0;0;0;0;0;0;3447;0;0;89;0;80;0;
14962;4582254;1013604352;20713472;1115049984;0;0;0;0;0;0;0;0;0;0;0;3636;0;0;89;0;80;0;
14963;5444130;1013604352;20713472;1115049984;0;0;0;0;0;0;0;0;0;0;0;3757;0;0;89;0;80;0;
14964;4934354;1013604352;20713472;1115049984;0;0;0;0;0;0;0;0;0;0;0;3597;0;0;89;0;80;0;
14965;5790109;1013604352;20713472;1115049984;0;0;0;0;0;0;0;0;0;0;0;2816;0;0;89;0;80;0;
14966;3214278;1013604352;20713472;1115049984;0;0;0;0;0;0;0;0;0;0;0;3447;0;0;89;0;80;0;
14967;4996560;1013604352;20713472;1115049984;0;0;0;0;0;0;0;0;0;0;0;3076;0;0;89;0;80;0;
14968;4438884;1013604352;20713472;1115049984;0;0;0;0;0;0;0;0;0;0;0;59352;0;0;89;0;80;0;
14969;4585590;1013604352;20713472;1115049984;0;0;0;0;0;0;0;0;0;0;0;2535;0;0;89;0;80;0;
14970;3637542;1013604352;20713472;1115049984;0;0;0;0;0;0;0;0;0;0;0;3156;0;0;89;0;80;0;
14971;5427699;1013604352;20713472;1115049984;0;0;0;0;0;0;0;0;0;0;0;2725;0;0;89;0;80;0;
14972;4963889;1013604352;20713472;1115049984;0;0;0;0;0;0;0;0;0;0;0;5120;0;0;89;0;80;0;
14973;4702759;1013604352;20713472;1115049984;0;0;0;0;0;0;0;0;0;0;0;2585;0;0;89;0;80;0;
14974;4140525;1013604352;20713472;1115049984;0;0;0;0;0;0;0;0;0;0;0;3586;0;0;89;0;80;0;
14975;5992538;1013604352;20713472;1115049984;0;0;0;0;0;0;0;0;0;0;0;3797;0;0;89;0;80;0;
14976;4588235;1013604352;20713472;1115049984;0;0;0;0;0;0;0;0;0;0;0;4177;0;0;89;0;80;0;
14977;6043784;1013604352;20713472;1115049984;0;0;0;0;0;0;0;0;0;0;0;3677;0;0;89;0;80;0;
14978;4365758;1013604352;20713472;1115049984;0;0;0;0;0;0;0;0;0;0;0;3326;0;0;89;0;80;0;
14979;5270805;1013604352;20713472;1115049984;0;0;0;0;0;0;0;0;0;0;0;3947;0;0;89;0;80;0;
14980;3506175;1013604352;20713472;1115049984;0;0;0;0;0;0;0;0;0;0;0;3486;0;0;89;0;80;0;
14981;5551791;1013604352;20713472;1115049984;0;0;0;0;0;0;0;0;0;0;0;3356;0;0;89;0;80;0;
14982;2556655;1013604352;20713472;1115049984;0;0;0;0;0;0;0;0;0;0;0;2785;0;0;89;0;80;0;
14983;4578125;1013604352;20713472;1115049984;0;0;0;0;0;0;0;0;0;0;0;2374;0;0;89;0;80;0;
14984;3330787;1013604352;20713472;1115049984;0;0;0;0;0;0;0;0;0;0;0;2204;0;0;89;0;80;0;
14985;4549983;1013604352;20713472;1115049984;0;0;0;0;0;0;0;0;0;0;0;2304;0;0;89;0;80;0;
14986;2799440;1013604352;20713472;1115049984;0;0;0;0;0;0;0;0;0;0;0;2635;0;0;89;0;80;0;
14987;4370457;1013604352;20713472;1115049984;0;0;0;0;0;0;0;0;0;0;0;2124;0;0;89;0;80;0;
14988;2207290;1013604352;20713472;1115049984;0;0;0;0;0;0;0;0;0;0;0;2154;0;0;89;0;80;0;
14989;5287226;1013604352;20713472;1115049984;0;0;0;0;0;0;0;0;0;0;0;2435;0;0;89;0;80;0;
14990;2430679;1013604352;20713472;1115049984;0;0;0;0;0;0;0;0;0;0;0;1793;0;0;89;0;80;0;
14991;4920137;1013604352;20713472;1115049984;0;0;0;0;0;0;0;0;0;0;0;2625;0;0;89;0;80;0;
14992;2882045;1013604352;20713472;1115049984;0;0;0;0;0;0;0;0;0;0;0;2084;0;0;89;0;80;0;
14993;4632578;1013604352;20713472;1115049984;0;0;0;0;0;0;0;0;0;0;0;1964;0;0;89;0;80;0;
14994;2506040;1013604352;20713472;1115049984;0;0;0;0;0;0;0;0;0;0;0;3496;0;0;89;0;80;0;
14995;4741261;1013604352;20713472;1115049984;0;0;0;0;0;0;0;0;0;0;0;2776;0;0;89;0;80;0;
14996;2341752;1013604352;20713472;1115049984;0;0;0;0;0;0;0;0;0;0;0;1884;0;0;89;0;80;0;
14997;5562342;1013604352;20713472;1115049984;0;0;0;0;0;0;0;0;0;0;0;2725;0;0;89;0;80;0;
14998;3145659;1013604352;20713472;1115049984;0;0;0;0;0;0;0;0;0;0;0;2074;0;0;89;0;80;0;
14999;4906170;1013604352;20713472;1115049984;0;0;0;0;0;0;0;0;0;0;0;2144;0;0;89;0;80;0;
15000;2478558;1013604352;20713472;1115049984;0;0;0;0;0;0;0;0;0;0;0;2215;0;0;89;0;80;0;
15001;5075028;1013604352;20713472;1115049984;0;0;0;0;0;0;0;0;0;0;0;2264;0;0;89;0;80;0;
15002;1761483;1013604352;20713472;1115049984;0;0;0;0;0;0;0;0;0;0;0;1844;0;0;89;0;80;0;
15003;4554772;1013604352;20713472;1115049984;0;0;0;0;0;0;0;0;0;0;0;1744;0;0;89;0;80;0;
15004;2210546;1013604352;20713472;1115049984;0;0;0;0;0;0;0;0;0;0;0;1844;0;0;89;0;80;0;
15005;4998023;1013604352;20713472;1115049984;0;0;0;0;0;0;0;0;0;0;0;2274;0;0;89;0;80;0;
15006;2383159;1013604352;20713472;1115049984;0;0;0;0;0;0;0;0;0;0;0;2165;0;0;89;0;80;0;
15007;4836270;1013604352;20713472;1115049984;0;0;0;0;0;0;0;0;0;0;0;2595;0;0;89;0;80;0;
15008;2436239;1013604352;20713472;1115049984;0;0;0;0;0;0;0;0;0;0;0;1733;0;0;89;0;80;0;
15009;5172821;1013604352;20713472;1115049984;0;0;0;0;0;0;0;0;0;0;0;2224;0;0;89;0;80;0;
15010;2215935;1013604352;20713472;1115049984;0;0;0;0;0;0;0;0;0;0;0;1943;0;0;89;0;80;0;
15011;4702750;1013604352;20713472;1115049984;0;0;0;0;0;0;0;0;0;0;0;2475;0;0;89;0;80;0;
15012;2261541;1013604352;20713472;1115049984;0;0;0;0;0;0;0;0;0;0;0;1724;0;0;89;0;80;0;
15013;4752903;1013604352;20713472;1115049984;0;0;0;0;0;0;0;0;0;0;0;1974;0;0;89;0;80;0;
15014;3264562;1013604352;20713472;1115049984;0;0;0;0;0;0;0;0;0;0;0;1974;0;0;89;0;80;0;
15015;4752323;1013604352;20713472;1115049984;0;0;0;0;0;0;0;0;0;0;0;2295;0;0;89;0;80;0;
15016;2584958;1013604352;20713472;1115049984;0;0;0;0;0;0;0;0;0;0;0;1873;0;0;89;0;80;0;
15017;4433063;1013604352;20713472;1115049984;0;0;0;0;0;0;0;0;0;0;0;2114;0;0;89;0;80;0;
15018;3386811;1013604352;20713472;1115049984;0;0;0;0;0;0;0;0;0;0;0;2575;0;0;89;0;80;0;
15019;5225920;1013604352;20713472;1115049984;0;0;0;0;0;0;0;0;0;0;0;2274;0;0;89;0;80;0;
15020;2488917;1013604352;20713472;1115049984;0;0;0;0;0;0;0;0;0;0;0;1964;0;0;89;0;80;0;
15021;5883284;1013604352;20713472;1115049984;0;0;0;0;0;0;0;0;0;0;0;2465;0;0;89;0;80;0;
15022;2654769;1013604352;20713472;1115049984;0;0;0;0;0;0;0;0;0;0;0;1964;0;0;89;0;80;0;
15023;4860205;1013604352;20713472;1115049984;0;0;0;0;0;0;0;0;0;0;0;2935;0;0;89;0;80;0;
15024;2565801;1013604352;20713472;1115049984;0;0;0;0;0;0;0;0;0;0;0;2304;0;0;89;0;80;0;
15025;5303195;1013604352;20713472;1115049984;0;0;0;0;0;0;0;0;0;0;0;2936;0;0;89;0;80;0;
15026;3909502;1013604352;20713472;1115049984;0;0;0;0;0;0;0;0;0;0;0;2575;0;0;89;0;80;0;
15027;4655852;1013604352;20713472;1115049984;0;0;0;0;0;0;0;0;0;0;0;2745;0;0;89;0;80;0;
15028;2443292;1013604352;20713472;1115049984;0;0;0;0;0;0;0;0;0;0;0;1854;0;0;89;0;80;0;
15029;4812886;1013604352;20713472;1115049984;0;0;0;0;0;0;0;0;0;0;0;2364;0;0;89;0;80;0;
15030;2932700;1013604352;20713472;1115049984;0;0;0;0;0;0;0;0;0;0;0;2184;0;0;89;0;80;0;
15031;4852800;1013604352;20713472;1115049984;0;0;0;0;0;0;0;0;0;0;0;2314;0;0;89;0;80;0;
15032;2938661;1013604352;20713472;1115049984;0;0;0;0;0;0;0;0;0;0;0;2364;0;0;89;0;80;0;
15033;5494825;1013604352;20713472;1115049984;0;0;0;0;0;0;0;0;0;0;0;2194;0;0;89;0;80;0;
15034;1957230;1013604352;20713472;1115049984;0;0;0;0;0;0;0;0;0;0;0;1573;0;0;89;0;80;0;
15035;5419613;1013604352;20713472;1115049984;0;0;0;0;0;0;0;0;0;0;0;2484;0;0;89;0;80;0;
15036;3072342;1013604352;20713472;1115049984;0;0;0;0;0;0;0;0;0;0;0;1914;0;0;89;0;80;0;
15037;5575125;1013604352;20713472;1115049984;0;0;0;0;0;0;0;0;0;0;0;2776;0;0;89;0;80;0;
15038;2977514;1013604352;20713472;1115049984;0;0;0;0;0;0;0;0;0;0;0;2695;0;0;89;0;80;0;
15039;4882597;1013604352;20713472;1115049984;0;0;0;0;0;0;0;0;0;0;0;2625;0;0;89;0;80;0;
15040;2959170;1013604352;20713472;1115049984;0;0;0;0;0;0;0;0;0;0;0;2434;0;0;89;0;80;0;
15041;4889319;1013604352;20713472;1115049984;0;0;0;0;0;0;0;0;0;0;0;2465;0;0;89;0;80;0;
15042;3302673;1013604352;20713472;1115049984;0;0;0;0;0;0;0;0;0;0;0;1913;0;0;89;0;80;0;
15043;5283629;1013604352;20713472;1115049984;0;0;0;0;0;0;0;0;0;0;0;1844;0;0;89;0;80;0;
15044;3999049;1013604352;20713472;1115049984;0;0;0;0;0;0;0;0;0;0;0;1973;0;0;89;0;80;0;
15045;5100025;1013604352;20721664;1115058176;0;0;0;0;0;0;0;0;0;0;0;2474;0;0;89;0;80;0;
15046;3406188;1013604352;20721664;1115058176;0;0;0;0;0;0;0;0;0;0;0;1914;0;0;89;0;80;0;
15047;4594667;1013604352;20721664;1115058176;0;0;0;0;0;0;0;0;0;0;0;1693;0;0;89;0;80;0;
15048;1881959;1013604352;20721664;1115058176;0;0;0;0;0;0;0;0;0;0;0;1552;0;0;89;0;80;0;
15049;4689625;1013604352;20721664;1115058176;0;0;0;0;0;0;0;0;0;0;0;1984;0;0;89;0;80;0;
15050;2882957;1013604352;20721664;1115058176;0;0;0;0;0;0;0;0;0;0;0;1923;0;0;89;0;80;0;
15051;5337680;1013604352;20721664;1115058176;0;0;0;0;0;0;0;0;0;0;0;2094;0;0;89;0;80;0;
15052;2132870;1013768192;20713472;1115049984;0;0;0;0;0;0;0;0;0;0;0;1573;0;0;89;0;80;0;
15053;4669917;1013768192;20713472;1115049984;0;0;0;0;0;0;0;0;0;0;0;1974;0;0;89;0;80;0;
15054;2450606;1013768192;20713472;1115049984;0;0;0;0;0;0;0;0;0;0;0;1583;0;0;89;0;80;0;
15055;4452410;1013768192;20713472;1115049984;0;0;0;0;0;0;0;0;0;0;0;1623;0;0;89;0;80;0;
15056;1545118;1013768192;20713472;1115049984;0;0;0;0;0;0;0;0;0;0;0;1503;0;0;89;0;80;0;
15057;4476596;1013768192;20713472;1115049984;0;0;0;0;0;0;0;0;0;0;0;2064;0;0;89;0;80;0;
15058;2492074;1013768192;20713472;1115049984;0;0;0;0;0;0;0;0;0;0;0;1513;0;0;89;0;80;0;
15059;4625745;1013768192;20713472;1115049984;0;0;0;0;0;0;0;0;0;0;0;34355;0;0;89;0;80;0;
15060;2417113;1013768192;20713472;1115049984;0;0;0;0;0;0;0;0;0;0;0;1673;0;0;89;0;80;0;
15061;4947047;1013768192;20713472;1115049984;0;0;0;0;0;0;0;0;0;0;0;1884;0;0;89;0;80;0;
15062;1785298;1013768192;20713472;1115049984;0;0;0;0;0;0;0;0;0;0;0;1513;0;0;89;0;80;0;
15063;4299032;1013768192;20713472;1115049984;0;0;0;0;0;0;0;0;0;0;0;1813;0;0;89;0;80;0;
15064;1918007;1013768192;20713472;1115049984;0;0;0;0;0;0;0;0;0;0;0;1402;0;0;89;0;80;0;
15065;4680478;1013768192;20713472;1115049984;0;0;0;0;0;0;0;0;0;0;0;2174;0;0;89;0;80;0;
15066;2730030;1013768192;20713472;1115049984;0;0;0;0;0;0;0;0;0;0;0;1683;0;0;89;0;80;0;
15067;4391015;1013768192;20713472;1115049984;0;0;0;0;0;0;0;0;0;0;0;2074;0;0;89;0;80;0;
15068;2018736;1013768192;20713472;1115049984;0;0;0;0;0;0;0;0;0;0;0;1883;0;0;89;0;80;0;
15069;4680988;1013768192;20713472;1115049984;0;0;0;0;0;0;0;0;0;0;0;2094;0;0;89;0;80;0;
15070;2914797;1013768192;20713472;1115049984;0;0;0;0;0;0;0;0;0;0;0;1923;0;0;89;0;80;0;
15071;4826601;1013768192;20713472;1115049984;0;0;0;0;0;0;0;0;0;0;0;1753;0;0;89;0;80;0;
15072;1736506;1013768192;20713472;1115049984;0;0;0;0;0;0;0;0;0;0;0;1593;0;0;89;0;80;0;
15073;4142518;1013768192;20713472;1115049984;0;0;0;0;0;0;0;0;0;0;0;1884;0;0;89;0;80;0;
15074;2686107;1013768192;20713472;1115049984;0;0;0;0;0;0;0;0;0;0;0;1452;0;0;89;0;80;0;
15075;4883008;1013768192;20713472;1115049984;0;0;0;0;0;0;0;0;0;0;0;1794;0;0;89;0;80;0;
15076;2977153;1013768192;20713472;1115049984;0;0;0;0;0;0;0;0;0;0;0;1804;0;0;89;0;80;0;
15077;5029522;1013768192;20713472;1115049984;0;0;0;0;0;0;0;0;0;0;0;1923;0;0;89;0;80;0;
15078;2256732;1013768192;20713472;1115049984;0;0;0;0;0;0;0;0;0;0;0;1684;0;0;89;0;80;0;
15079;5983792;1013768192;20713472;1115049984;0;0;0;0;0;0;0;0;0;0;0;2084;0;0;89;0;80;0;
15080;2504817;1013768192;20713472;1115049984;0;0;0;0;0;0;0;0;0;0;0;1392;0;0;89;0;80;0;
15081;5077482;1013768192;20713472;1115049984;0;0;0;0;0;0;0;0;0;0;0;1563;0;0;89;0;80;0;
15082;2903595;1013768192;20713472;1115049984;0;0;0;0;0;0;0;0;0;0;0;1542;0;0;89;0;80;0;
15083;4831030;1013768192;20713472;1115049984;0;0;0;0;0;0;0;0;0;0;0;70622;0;0;89;0;80;0;
15084;2362380;1013768192;20713472;1115049984;0;0;0;0;0;0;0;0;0;0;0;1412;0;0;89;0;80;0;
15085;4663887;1013768192;20713472;1115049984;0;0;0;0;0;0;0;0;0;0;0;1773;0;0;89;0;80;0;
15086;2278813;1013768192;20713472;1115049984;0;0;0;0;0;0;0;0;0;0;0;1964;0;0;89;0;80;0;
15087;5023611;1013768192;20713472;1115049984;0;0;0;0;0;0;0;0;0;0;0;1964;0;0;89;0;80;0;
15088;2904497;1013768192;20713472;1115049984;0;0;0;0;0;0;0;0;0;0;0;2224;0;0;89;0;80;0;
15089;4846539;1013768192;20713472;1115049984;0;0;0;0;0;0;0;0;0;0;0;1823;0;0;89;0;80;0;
15090;1694188;1013768192;20713472;1115049984;0;0;0;0;0;0;0;0;0;0;0;1563;0;0;89;0;80;0;
15091;4734459;1013768192;20713472;1115049984;0;0;0;0;0;0;0;0;0;0;0;1964;0;0;89;0;80;0;
15092;3360472;1013768192;20713472;1115049984;0;0;0;0;0;0;0;0;0;0;0;1533;0;0;89;0;80;0;
15093;4803518;1013768192;20713472;1115049984;0;0;0;0;0;0;0;0;0;0;0;1673;0;0;89;0;80;0;
15094;1591084;1013768192;20713472;1115049984;0;0;0;0;0;0;0;0;0;0;0;1412;0;0;89;0;80;0;
15095;5802001;1013768192;20713472;1115049984;0;0;0;0;0;0;0;0;0;0;0;2334;0;0;89;0;80;0;
15096;2172273;1013768192;20713472;1115049984;0;0;0;0;0;0;0;0;0;0;0;1633;0;0;89;0;80;0;
15097;4506501;1013768192;20713472;1115049984;0;0;0;0;0;0;0;0;0;0;0;1633;0;0;89;0;80;0;
15098;2161473;1013768192;20713472;1115049984;0;0;0;0;0;0;0;0;0;0;0;2104;0;0;89;0;80;0;
15099;4553890;1013768192;20713472;1115049984;0;0;0;0;0;0;0;0;0;0;0;1943;0;0;89;0;80;0;
15100;1877952;1013768192;20713472;1115049984;0;0;0;0;0;0;0;0;0;0;0;1913;0;0;89;0;80;0;
15101;5162752;1013768192;20713472;1115049984;0;0;0;0;0;0;0;0;0;0;0;1924;0;0;89;0;80;0;
15102;2666671;1013768192;20713472;1115049984;0;0;0;0;0;0;0;0;0;0;0;1984;0;0;89;0;80;0;
15103;5069157;1013768192;20713472;1115049984;0;0;0;0;0;0;0;0;0;0;0;1833;0;0;89;0;80;0;
15104;2420389;1013768192;20713472;1115049984;0;0;0;0;0;0;0;0;0;0;0;1703;0;0;89;0;80;0;
15105;5023852;1013768192;20713472;1115049984;0;0;0;0;0;0;0;0;0;0;0;1914;0;0;89;0;80;0;
15106;2705724;1013768192;20713472;1115049984;0;0;0;0;0;0;0;0;0;0;0;1402;0;0;89;0;80;0;
15107;4410010;1013768192;20713472;1115049984;0;0;0;0;0;0;0;0;0;0;0;1633;0;0;89;0;80;0;
15108;2156465;1013768192;20713472;1115049984;0;0;0;0;0;0;0;0;0;0;0;1472;0;0;89;0;80;0;
15109;5003774;1013768192;20713472;1115049984;0;0;0;0;0;0;0;0;0;0;0;2444;0;0;89;0;80;0;
15110;3819302;1013768192;20713472;1115049984;0;0;0;0;0;0;0;0;0;0;0;1893;0;0;89;0;80;0;
15111;4406694;1013768192;20713472;1115049984;0;0;0;0;0;0;0;0;0;0;0;1723;0;0;89;0;80;0;
15112;3109331;1013768192;20713472;1115049984;0;0;0;0;0;0;0;0;0;0;0;1453;0;0;89;0;80;0;
15113;4857931;1013768192;20713472;1115049984;0;0;0;0;0;0;0;0;0;0;0;1794;0;0;89;0;80;0;
15114;2595027;1013768192;20713472;1115049984;0;0;0;0;0;0;0;0;0;0;0;1723;0;0;89;0;80;0;
15115;5374509;1013768192;20713472;1115049984;0;0;0;0;0;0;0;0;0;0;0;2174;0;0;89;0;80;0;
15116;3179423;1013768192;20713472;1115049984;0;0;0;0;0;0;0;0;0;0;0;1553;0;0;89;0;80;0;
15117;4575290;1013768192;20713472;1115049984;0;0;0;0;0;0;0;0;0;0;0;1864;0;0;89;0;80;0;
15118;2388369;1013768192;20713472;1115049984;0;0;0;0;0;0;0;0;0;0;0;1694;0;0;89;0;80;0;
15119;4903746;1013768192;20713472;1115049984;0;0;0;0;0;0;0;0;0;0;0;2204;0;0;89;0;80;0;
15120;2535595;1013768192;20713472;1115049984;0;0;0;0;0;0;0;0;0;0;0;1402;0;0;89;0;80;0;
15121;4856277;1013768192;20713472;1115049984;0;0;0;0;0;0;0;0;0;0;0;1933;0;0;89;0;80;0;
15122;2063529;1013768192;20713472;1115049984;0;0;0;0;0;0;0;0;0;0;0;1593;0;0;89;0;80;0;
15123;4884851;1013768192;20713472;1115049984;0;0;0;0;0;0;0;0;0;0;0;2084;0;0;89;0;80;0;
15124;2829517;1013768192;20713472;1115049984;0;0;0;0;0;0;0;0;0;0;0;1403;0;0;89;0;80;0;
15125;5092580;1013768192;20713472;1115049984;0;0;0;0;0;0;0;0;0;0;0;1903;0;0;89;0;80;0;
15126;1671175;1013768192;20713472;1115049984;0;0;0;0;0;0;0;0;0;0;0;1633;0;0;89;0;80;0;
15127;7948316;1013768192;20713472;1115049984;0;0;0;0;0;0;0;0;0;0;0;1773;0;0;89;0;80;0;
15128;8488669;1013768192;20713472;1115049984;0;0;0;0;0;0;0;0;0;0;0;1603;0;0;89;0;80;0;
15129;5049249;1013768192;20713472;1115049984;0;0;0;0;0;0;0;0;0;0;0;1784;0;0;89;0;80;0;
15130;2587482;1013768192;20713472;1115049984;0;0;0;0;0;0;0;0;0;0;0;1913;0;0;89;0;80;0;
15131;4440147;1013768192;20713472;1115049984;0;0;0;0;0;0;0;0;0;0;0;1744;0;0;89;0;80;0;
15132;2330320;1013768192;20713472;1115049984;0;0;0;0;0;0;0;0;0;0;0;1483;0;0;89;0;80;0;
15133;4866306;1013768192;20713472;1115049984;0;0;0;0;0;0;0;0;0;0;0;1794;0;0;89;0;80;0;
15134;1849869;1013768192;20713472;1115049984;0;0;0;0;0;0;0;0;0;0;0;1683;0;0;89;0;80;0;
15135;5558544;1013768192;20713472;1115049984;0;0;0;0;0;0;0;0;0;0;0;2455;0;0;89;0;80;0;
15136;2994055;1013768192;20713472;1115049984;0;0;0;0;0;0;0;0;0;0;0;1964;0;0;89;0;80;0;
15137;4897274;1013768192;20713472;1115049984;0;0;0;0;0;0;0;0;0;0;0;2004;0;0;89;0;80;0;
15138;2235031;1013768192;20713472;1115049984;0;0;0;0;0;0;0;0;0;0;0;1463;0;0;89;0;80;0;
15139;4867148;1013768192;20713472;1115049984;0;0;0;0;0;0;0;0;0;0;0;1463;0;0;89;0;80;0;
15140;2606358;1013768192;20713472;1115049984;0;0;0;0;0;0;0;0;0;0;0;1773;0;0;89;0;80;0;
15141;4597672;1013768192;20713472;1115049984;0;0;0;0;0;0;0;0;0;0;0;1694;0;0;89;0;80;0;
15142;1874045;1013768192;20713472;1115049984;0;0;0;0;0;0;0;0;0;0;0;1993;0;0;89;0;80;0;
15143;4820250;1013768192;20713472;1115049984;0;0;0;0;0;0;0;0;0;0;0;1773;0;0;89;0;80;0;
15144;2634801;1013792768;20709376;1115045888;0;0;0;0;0;0;0;0;0;0;0;2003;0;0;89;0;80;0;
15145;4001465;1013792768;20709376;1115045888;0;0;0;0;0;0;0;0;0;0;0;1433;0;0;89;0;80;0;
15146;2018195;1013792768;20709376;1115045888;0;0;0;0;0;0;0;0;0;0;0;1753;0;0;89;0;80;0;
15147;4323028;1013792768;20709376;1115045888;0;0;0;0;0;0;0;0;0;0;0;1763;0;0;89;0;80;0;
15148;2131136;1013792768;20709376;1115045888;0;0;0;0;0;0;0;0;0;0;0;2224;0;0;89;0;80;0;
15149;4830178;1013792768;20709376;1115045888;0;0;0;0;0;0;0;0;0;0;0;1613;0;0;89;0;80;0;
15150;2041188;1013792768;20709376;1115045888;0;0;0;0;0;0;0;0;0;0;0;1723;0;0;89;0;80;0;
15151;4446869;1013792768;20709376;1115045888;0;0;0;0;0;0;0;0;0;0;0;1623;0;0;89;0;80;0;
15152;2188495;1013792768;20709376;1115045888;0;0;0;0;0;0;0;0;0;0;0;1683;0;0;89;0;80;0;
15153;5141292;1013792768;20709376;1115045888;0;0;0;0;0;0;0;0;0;0;0;1463;0;0;89;0;80;0;
15154;2691257;1013792768;20709376;1115045888;0;0;0;0;0;0;0;0;0;0;0;3025;0;0;89;0;80;0;
15155;5169114;1013792768;20709376;1115045888;0;0;0;0;0;0;0;0;0;0;0;2866;0;0;89;0;80;0;
15156;4130696;1013792768;20709376;1115045888;0;0;0;0;0;0;0;0;0;0;0;3366;0;0;89;0;80;0;
15157;5748550;1013792768;20709376;1115045888;0;0;0;0;0;0;0;0;0;0;0;2745;0;0;89;0;80;0;
15158;3670975;1013792768;20709376;1115045888;0;0;0;0;0;0;0;0;0;0;0;3196;0;0;89;0;80;0;
15159;4988736;1013792768;20709376;1115045888;0;0;0;0;0;0;0;0;0;0;0;2715;0;0;89;0;80;0;
15160;3357186;1013792768;20709376;1115045888;0;0;0;0;0;0;0;0;0;0;0;3476;0;0;89;0;80;0;
15161;4901041;1013792768;20709376;1115045888;0;0;0;0;0;0;0;0;0;0;0;2896;0;0;89;0;80;0;
15162;4164560;1013792768;20709376;1115045888;0;0;0;0;0;0;0;0;0;0;0;4919;0;0;89;0;80;0;
15163;4936768;1013792768;20709376;1115045888;0;0;0;0;0;0;0;0;0;0;0;1944;0;0;89;0;80;0;
15164;3518238;1013792768;20709376;1115045888;0;0;0;0;0;0;0;0;0;0;0;3627;0;0;89;0;80;0;
15165;5058797;1013792768;20709376;1115045888;0;0;0;0;0;0;0;0;0;0;0;2244;0;0;89;0;80;0;
15166;3862905;1013792768;20709376;1115045888;0;0;0;0;0;0;0;0;0;0;0;3506;0;0;89;0;80;0;
15167;4611529;1013792768;20709376;1115045888;0;0;0;0;0;0;0;0;0;0;0;2294;0;0;89;0;80;0;
15168;3128958;1013792768;20709376;1115045888;0;0;0;0;0;0;0;0;0;0;0;3186;0;0;89;0;80;0;
15169;5667278;1013792768;20709376;1115045888;0;0;0;0;0;0;0;0;0;0;0;3586;0;0;89;0;80;0;
15170;3330185;1013792768;20709376;1115045888;0;0;0;0;0;0;0;0;0;0;0;3487;0;0;89;0;80;0;
15171;5041505;1013792768;20709376;1115045888;0;0;0;0;0;0;0;0;0;0;0;2314;0;0;89;0;80;0;
15172;3386010;1013792768;20709376;1115045888;0;0;0;0;0;0;0;0;0;0;0;3727;0;0;89;0;80;0;
15173;5593030;1013792768;20709376;1115045888;0;0;0;0;0;0;0;0;0;0;0;3737;0;0;89;0;80;0;
15174;3036153;1013792768;20709376;1115045888;0;0;0;0;0;0;0;0;0;0;0;3687;0;0;89;0;80;0;
15175;4534785;1013792768;20709376;1115045888;0;0;0;0;0;0;0;0;0;0;0;3016;0;0;89;0;80;0;
15176;3333531;1013792768;20709376;1115045888;0;0;0;0;0;0;0;0;0;0;0;3467;0;0;89;0;80;0;
15177;4687892;1013792768;20709376;1115045888;0;0;0;0;0;0;0;0;0;0;0;2285;0;0;89;0;80;0;
15178;4359125;1013792768;20709376;1115045888;0;0;0;0;0;0;0;0;0;0;0;4278;0;0;89;0;80;0;
15179;4902615;1013792768;20709376;1115045888;0;0;0;0;0;0;0;0;0;0;0;2395;0;0;89;0;80;0;
15180;4046950;1013792768;20709376;1115045888;0;0;0;0;0;0;0;0;0;0;0;2485;0;0;89;0;80;0;
15181;4686810;1013792768;20709376;1115045888;0;0;0;0;0;0;0;0;0;0;0;2184;0;0;89;0;80;0;
15182;3750143;1013792768;20709376;1115045888;0;0;0;0;0;0;0;0;0;0;0;3256;0;0;89;0;80;0;
15183;4466176;1013792768;20709376;1115045888;0;0;0;0;0;0;0;0;0;0;0;2655;0;0;89;0;80;0;
15184;4636786;1013792768;20709376;1115045888;0;0;0;0;0;0;0;0;0;0;0;3377;0;0;89;0;80;0;
15185;4998754;1013792768;20709376;1115045888;0;0;0;0;0;0;0;0;0;0;0;3006;0;0;89;0;80;0;
15186;4061497;1013792768;20709376;1115045888;0;0;0;0;0;0;0;0;0;0;0;7103;0;0;89;0;80;0;
15187;4654779;1013792768;20709376;1115045888;0;0;0;0;0;0;0;0;0;0;0;2795;0;0;89;0;80;0;
15188;4704974;1013792768;20709376;1115045888;0;0;0;0;0;0;0;0;0;0;0;3867;0;0;89;0;80;0;
15189;4589317;1013792768;20709376;1115045888;0;0;0;0;0;0;0;0;0;0;0;2545;0;0;89;0;80;0;
15190;3855009;1013792768;20709376;1115045888;0;0;0;0;0;0;0;0;0;0;0;3616;0;0;89;0;80;0;
15191;4570853;1013792768;20709376;1115045888;0;0;0;0;0;0;0;0;0;0;0;2855;0;0;89;0;80;0;
15192;4220134;1013792768;20709376;1115045888;0;0;0;0;0;0;0;0;0;0;0;3637;0;0;89;0;80;0;
15193;4950844;1013792768;20709376;1115045888;0;0;0;0;0;0;0;0;0;0;0;2876;0;0;89;0;80;0;
15194;3688497;1013792768;20709376;1115045888;0;0;0;0;0;0;0;0;0;0;0;3647;0;0;89;0;80;0;
15195;4799691;1013792768;20709376;1115045888;0;0;0;0;0;0;0;0;0;0;0;2455;0;0;89;0;80;0;
15196;4125227;1013792768;20709376;1115045888;0;0;0;0;0;0;0;0;0;0;0;3196;0;0;89;0;80;0;
15197;4644069;1013792768;20709376;1115045888;0;0;0;0;0;0;0;0;0;0;0;2315;0;0;89;0;80;0;
15198;3611553;1013792768;20709376;1115045888;0;0;0;0;0;0;0;0;0;0;0;3267;0;0;89;0;80;0;
15199;5066752;1013792768;20709376;1115045888;0;0;0;0;0;0;0;0;0;0;0;2655;0;0;89;0;80;0;
15200;3138496;1013792768;20709376;1115045888;0;0;0;0;0;0;0;0;0;0;0;3447;0;0;89;0;80;0;
15201;5113820;1013792768;20709376;1115045888;0;0;0;0;0;0;0;0;0;0;0;2856;0;0;89;0;80;0;
15202;3487029;1013792768;20709376;1115045888;0;0;0;0;0;0;0;0;0;0;0;3387;0;0;89;0;80;0;
15203;5776193;1013792768;20709376;1115045888;0;0;0;0;0;0;0;0;0;0;0;3016;0;0;89;0;80;0;
15204;3293947;1013792768;20709376;1115045888;0;0;0;0;0;0;0;0;0;0;0;3236;0;0;89;0;80;0;
15205;5253503;1013792768;20709376;1115045888;0;0;0;0;0;0;0;0;0;0;0;3026;0;0;89;0;80;0;
15206;3369519;1013792768;20709376;1115045888;0;0;0;0;0;0;0;0;0;0;0;3226;0;0;89;0;80;0;
15207;5278229;1013792768;20709376;1115045888;0;0;0;0;0;0;0;0;0;0;0;3357;0;0;89;0;80;0;
15208;2984287;1013792768;20709376;1115045888;0;0;0;0;0;0;0;0;0;0;0;3607;0;0;89;0;80;0;
15209;4530597;1013792768;20709376;1115045888;0;0;0;0;0;0;0;0;0;0;0;2625;0;0;89;0;80;0;
15210;3618266;1013792768;20709376;1115045888;0;0;0;0;0;0;0;0;0;0;0;5270;0;0;89;0;80;0;
15211;4922391;1013792768;20709376;1115045888;0;0;0;0;0;0;0;0;0;0;0;2294;0;0;89;0;80;0;
15212;3625269;1013792768;20709376;1115045888;0;0;0;0;0;0;0;0;0;0;0;2345;0;0;89;0;80;0;
15213;4312748;1013792768;20709376;1115045888;0;0;0;0;0;0;0;0;0;0;0;1923;0;0;89;0;80;0;
15214;2821471;1013792768;20709376;1115045888;0;0;0;0;0;0;0;0;0;0;0;2776;0;0;89;0;80;0;
15215;4577063;1013792768;20709376;1115045888;0;0;0;0;0;0;0;0;0;0;0;2044;0;0;89;0;80;0;
15216;4025900;1013792768;20709376;1115045888;0;0;0;0;0;0;0;0;0;0;0;2655;0;0;89;0;80;0;
15217;4342684;1013792768;20709376;1115045888;0;0;0;0;0;0;0;0;0;0;0;1974;0;0;89;0;80;0;
15218;3009083;1013792768;20709376;1115045888;0;0;0;0;0;0;0;0;0;0;0;2395;0;0;89;0;80;0;
15219;5166229;1013792768;20709376;1115045888;0;0;0;0;0;0;0;0;0;0;0;2395;0;0;89;0;80;0;
15220;3077401;1013792768;20709376;1115045888;0;0;0;0;0;0;0;0;0;0;0;3075;0;0;89;0;80;0;
15221;4987063;1013792768;20709376;1115045888;0;0;0;0;0;0;0;0;0;0;0;1954;0;0;89;0;80;0;
15222;3022388;1013792768;20709376;1115045888;0;0;0;0;0;0;0;0;0;0;0;2294;0;0;89;0;80;0;
15223;4471887;1013792768;20709376;1115045888;0;0;0;0;0;0;0;0;0;0;0;1954;0;0;89;0;80;0;
15224;4426702;1013792768;20709376;1115045888;0;0;0;0;0;0;0;0;0;0;0;2796;0;0;89;0;80;0;
15225;4419137;1013792768;20709376;1115045888;0;0;0;0;0;0;0;0;0;0;0;2004;0;0;89;0;80;0;
15226;3141882;1013792768;20709376;1115045888;0;0;0;0;0;0;0;0;0;0;0;2514;0;0;89;0;80;0;
15227;4825419;1013792768;20709376;1115045888;0;0;0;0;0;0;0;0;0;0;0;2094;0;0;89;0;80;0;
15228;2819468;1013792768;20709376;1115045888;0;0;0;0;0;0;0;0;0;0;0;2294;0;0;89;0;80;0;
15229;5291133;1013792768;20709376;1115045888;0;0;0;0;0;0;0;0;0;0;0;2104;0;0;89;0;80;0;
15230;2259348;1013792768;20709376;1115045888;0;0;0;0;0;0;0;0;0;0;0;2595;0;0;89;0;80;0;
15231;4460936;1013792768;20709376;1115045888;0;0;0;0;0;0;0;0;0;0;0;2003;0;0;89;0;80;0;
15232;3589722;1013792768;20709376;1115045888;0;0;0;0;0;0;0;0;0;0;0;2504;0;0;89;0;80;0;
15233;4725202;1013792768;20709376;1115045888;0;0;0;0;0;0;0;0;0;0;0;2004;0;0;89;0;80;0;
15234;3744161;1013792768;20709376;1115045888;0;0;0;0;0;0;0;0;0;0;0;2726;0;0;89;0;80;0;
15235;4577535;1013792768;20709376;1115045888;0;0;0;0;0;0;0;0;0;0;0;2073;0;0;89;0;80;0;
15236;3841976;1013792768;20709376;1115045888;0;0;0;0;0;0;0;0;0;0;0;3747;0;0;89;0;80;0;
15237;5072593;1013792768;20709376;1115045888;0;0;0;0;0;0;0;0;0;0;0;1803;0;0;89;0;80;0;
15238;3348811;1013792768;20709376;1115045888;0;0;0;0;0;0;0;0;0;0;0;2345;0;0;89;0;80;0;
15239;4731403;1013792768;20709376;1115045888;0;0;0;0;0;0;0;0;0;0;0;1983;0;0;89;0;80;0;
15240;3316991;1013792768;20709376;1115045888;0;0;0;0;0;0;0;0;0;0;0;2515;0;0;89;0;80;0;
15241;4601279;1013792768;20709376;1115045888;0;0;0;0;0;0;0;0;0;0;0;1984;0;0;89;0;80;0;
15242;2940575;1013792768;20709376;1115045888;0;0;0;0;0;0;0;0;0;0;0;2454;0;0;89;0;80;0;
15243;4229171;1013792768;20709376;1115045888;0;0;0;0;0;0;0;0;0;0;0;2003;0;0;89;0;80;0;
15244;3168492;1013792768;20709376;1115045888;0;0;0;0;0;0;0;0;0;0;0;2655;0;0;89;0;80;0;
15245;4508455;1013792768;20709376;1115045888;0;0;0;0;0;0;0;0;0;0;0;2024;0;0;89;0;80;0;
15246;3197236;1013792768;20709376;1115045888;0;0;0;0;0;0;0;0;0;0;0;2635;0;0;89;0;80;0;
15247;4389813;1013792768;20709376;1115045888;0;0;0;0;0;0;0;0;0;0;0;1963;0;0;89;0;80;0;
15248;2989827;1013792768;20709376;1115045888;0;0;0;0;0;0;0;0;0;0;0;2204;0;0;89;0;80;0;
15249;4400753;1013792768;20709376;1115045888;0;0;0;0;0;0;0;0;0;0;0;2224;0;0;89;0;80;0;
15250;3485747;1013792768;20709376;1115045888;0;0;0;0;0;0;0;0;0;0;0;2494;0;0;89;0;80;0;
15251;4697029;1013792768;20709376;1115045888;0;0;0;0;0;0;0;0;0;0;0;2324;0;0;89;0;80;0;
15252;4265680;1013792768;20709376;1115045888;0;0;0;0;0;0;0;0;0;0;0;2174;0;0;89;0;80;0;
15253;5247161;1013792768;20709376;1115045888;0;0;0;0;0;0;0;0;0;0;0;2054;0;0;89;0;80;0;
15254;3630709;1013792768;20709376;1115045888;0;0;0;0;0;0;0;0;0;0;0;2645;0;0;89;0;80;0;
15255;4476214;1013792768;20709376;1115045888;0;0;0;0;0;0;0;0;0;0;0;1984;0;0;89;0;80;0;
15256;3977269;1013792768;20709376;1115045888;0;0;0;0;0;0;0;0;0;0;0;2604;0;0;89;0;80;0;
15257;4531338;1013792768;20709376;1115045888;0;0;0;0;0;0;0;0;0;0;0;1864;0;0;89;0;80;0;
15258;3366995;1013792768;20709376;1115045888;0;0;0;0;0;0;0;0;0;0;0;2695;0;0;89;0;80;0;
15259;4434647;1013792768;20709376;1115045888;0;0;0;0;0;0;0;0;0;0;0;2084;0;0;89;0;80;0;
15260;3330366;1013792768;20709376;1115045888;0;0;0;0;0;0;0;0;0;0;0;2314;0;0;89;0;80;0;
15261;4968929;1013792768;20709376;1115045888;0;0;0;0;0;0;0;0;0;0;0;2034;0;0;89;0;80;0;
15262;2885782;1013792768;20709376;1115045888;0;0;0;0;0;0;0;0;0;0;0;3386;0;0;89;0;80;0;
15263;4721855;1013792768;20709376;1115045888;0;0;0;0;0;0;0;0;0;0;0;2204;0;0;89;0;80;0;
15264;4437843;1013792768;20709376;1115045888;0;0;0;0;0;0;0;0;0;0;0;2384;0;0;89;0;80;0;
15265;4536708;1013792768;20709376;1115045888;0;0;0;0;0;0;0;0;0;0;0;1953;0;0;89;0;80;0;
15266;4108345;1013792768;20709376;1115045888;0;0;0;0;0;0;0;0;0;0;0;2514;0;0;89;0;80;0;
15267;4520237;1013792768;20709376;1115045888;0;0;0;0;0;0;0;0;0;0;0;2054;0;0;89;0;80;0;
15268;3724495;1013792768;20709376;1115045888;0;0;0;0;0;0;0;0;0;0;0;2685;0;0;89;0;80;0;
15269;4886735;1013792768;20709376;1115045888;0;0;0;0;0;0;0;0;0;0;0;2044;0;0;89;0;80;0;
15270;2929634;1013792768;20709376;1115045888;0;0;0;0;0;0;0;0;0;0;0;2124;0;0;89;0;80;0;
15271;4851939;1013792768;20709376;1115045888;0;0;0;0;0;0;0;0;0;0;0;2284;0;0;89;0;80;0;
15272;3087100;1013792768;20709376;1115045888;0;0;0;0;0;0;0;0;0;0;0;2345;0;0;89;0;80;0;
15273;6743156;1013792768;20709376;1115045888;0;0;0;0;0;0;0;0;0;0;0;2024;0;0;89;0;80;0;
15274;3169614;1013792768;20709376;1115045888;0;0;0;0;0;0;0;0;0;0;0;2886;0;0;89;0;80;0;
15275;5267829;1013792768;20709376;1115045888;0;0;0;0;0;0;0;0;0;0;0;2054;0;0;89;0;80;0;
15276;4128112;1013792768;20709376;1115045888;0;0;0;0;0;0;0;0;0;0;0;2725;0;0;89;0;80;0;
15277;4913776;1013792768;20709376;1115045888;0;0;0;0;0;0;0;0;0;0;0;1984;0;0;89;0;80;0;
15278;3441133;1013792768;20709376;1115045888;0;0;0;0;0;0;0;0;0;0;0;2575;0;0;89;0;80;0;
15279;5641240;1013792768;20709376;1115045888;0;0;0;0;0;0;0;0;0;0;0;1984;0;0;89;0;80;0;
15280;3992047;1013792768;20709376;1115045888;0;0;0;0;0;0;0;0;0;0;0;2676;0;0;89;0;80;0;
15281;5446534;1013792768;20709376;1115045888;0;0;0;0;0;0;0;0;0;0;0;2054;0;0;89;0;80;0;
15282;2778571;1013792768;20709376;1115045888;0;0;0;0;0;0;0;0;0;0;0;2064;0;0;89;0;80;0;
15283;4364294;1013792768;20709376;1115045888;0;0;0;0;0;0;0;0;0;0;0;1994;0;0;89;0;80;0;
15284;3544358;1013792768;20709376;1115045888;0;0;0;0;0;0;0;0;0;0;0;2033;0;0;89;0;80;0;
15285;5536363;1013792768;20709376;1115045888;0;0;0;0;0;0;0;0;0;0;0;2104;0;0;89;0;80;0;
15286;2732915;1013792768;20709376;1115045888;0;0;0;0;0;0;0;0;0;0;0;2365;0;0;89;0;80;0;
15287;4861267;1013792768;20709376;1115045888;0;0;0;0;0;0;0;0;0;0;0;2124;0;0;89;0;80;0;
15288;3716189;1013792768;20709376;1115045888;0;0;0;0;0;0;0;0;0;0;0;2314;0;0;89;0;80;0;
15289;5624057;1013792768;20709376;1115045888;0;0;0;0;0;0;0;0;0;0;0;2024;0;0;89;0;80;0;
15290;3711340;1013792768;20709376;1115045888;0;0;0;0;0;0;0;0;0;0;0;2514;0;0;89;0;80;0;
15291;4750439;1013792768;20709376;1115045888;0;0;0;0;0;0;0;0;0;0;0;1973;0;0;89;0;80;0;
15292;3877813;1013792768;20709376;1115045888;0;0;0;0;0;0;0;0;0;0;0;2344;0;0;89;0;80;0;
15293;5835043;1013792768;20709376;1115045888;0;0;0;0;0;0;0;0;0;0;0;1984;0;0;89;0;80;0;
15294;4415190;1013792768;20709376;1115045888;0;0;0;0;0;0;0;0;0;0;0;4419;0;0;89;0;80;0;
15295;6891474;1013792768;20717568;1115054080;0;0;0;0;0;0;0;0;0;0;0;4168;0;0;89;0;80;0;
15296;3596064;1013792768;20717568;1115054080;0;0;0;0;0;0;0;0;0;0;0;2775;0;0;89;0;80;0;
15297;4729129;1013792768;20717568;1115054080;0;0;0;0;0;0;0;0;0;0;0;2825;0;0;89;0;80;0;
15298;4052179;1013792768;20717568;1115054080;0;0;0;0;0;0;0;0;0;0;0;3016;0;0;89;0;80;0;
15299;4629983;1013792768;20717568;1115054080;0;0;0;0;0;0;0;0;0;0;0;2064;0;0;89;0;80;0;
15300;3479205;1013792768;20717568;1115054080;0;0;0;0;0;0;0;0;0;0;0;3156;0;0;89;0;80;0;
15301;5132515;1013792768;20717568;1115054080;0;0;0;0;0;0;0;0;0;0;0;2354;0;0;89;0;80;0;
15302;4197382;1013850112;20709376;1115045888;0;0;0;0;0;0;0;0;0;0;0;3056;0;0;89;0;80;0;
15303;4817013;1013850112;20709376;1115045888;0;0;0;0;0;0;0;0;0;0;0;2184;0;0;89;0;80;0;
15304;4106491;1013850112;20709376;1115045888;0;0;0;0;0;0;0;0;0;0;0;4117;0;0;89;0;80;0;
15305;5067344;1013850112;20709376;1115045888;0;0;0;0;0;0;0;0;0;0;0;2244;0;0;89;0;80;0;
15306;3886349;1013850112;20709376;1115045888;0;0;0;0;0;0;0;0;0;0;0;4538;0;0;89;0;80;0;
15307;6716136;1013850112;20709376;1115045888;0;0;0;0;0;0;0;0;0;0;0;2254;0;0;89;0;80;0;
15308;4203383;1013850112;20709376;1115045888;0;0;0;0;0;0;0;0;0;0;0;3857;0;0;89;0;80;0;
15309;5685572;1013850112;20709376;1115045888;0;0;0;0;0;0;0;0;0;0;0;3256;0;0;89;0;80;0;
15310;3470989;1013850112;20709376;1115045888;0;0;0;0;0;0;0;0;0;0;0;3216;0;0;89;0;80;0;
15311;5410035;1013850112;20709376;1115045888;0;0;0;0;0;0;0;0;0;0;0;3466;0;0;89;0;80;0;
15312;3123698;1013850112;20709376;1115045888;0;0;0;0;0;0;0;0;0;0;0;3296;0;0;89;0;80;0;
15313;5613107;1013850112;20709376;1115045888;0;0;0;0;0;0;0;0;0;0;0;3226;0;0;89;0;80;0;
15314;3203789;1013850112;20709376;1115045888;0;0;0;0;0;0;0;0;0;0;0;2976;0;0;89;0;80;0;
15315;4703360;1013850112;20709376;1115045888;0;0;0;0;0;0;0;0;0;0;0;3076;0;0;89;0;80;0;
15316;3930712;1013850112;20709376;1115045888;0;0;0;0;0;0;0;0;0;0;0;3136;0;0;89;0;80;0;
15317;6181663;1013850112;20709376;1115045888;0;0;0;0;0;0;0;0;0;0;0;4037;0;0;89;0;80;0;
15318;4923894;1013850112;20709376;1115045888;0;0;0;0;0;0;0;0;0;0;0;3196;0;0;89;0;80;0;
15319;6326375;1013850112;20709376;1115045888;0;0;0;0;0;0;0;0;0;0;0;3156;0;0;89;0;80;0;
15320;3712863;1013850112;20709376;1115045888;0;0;0;0;0;0;0;0;0;0;0;3236;0;0;89;0;80;0;
15321;5745465;1013850112;20709376;1115045888;0;0;0;0;0;0;0;0;0;0;0;3026;0;0;89;0;80;0;
15322;3914681;1013850112;20709376;1115045888;0;0;0;0;0;0;0;0;0;0;0;3747;0;0;89;0;80;0;
15323;5691524;1013850112;20709376;1115045888;0;0;0;0;0;0;0;0;0;0;0;3105;0;0;89;0;80;0;
15324;3462894;1013850112;20709376;1115045888;0;0;0;0;0;0;0;0;0;0;0;2896;0;0;89;0;80;0;
15325;5998720;1013850112;20709376;1115045888;0;0;0;0;0;0;0;0;0;0;0;2705;0;0;89;0;80;0;
15326;4033595;1013850112;20709376;1115045888;0;0;0;0;0;0;0;0;0;0;0;6402;0;0;89;0;80;0;
15327;5792934;1013850112;20709376;1115045888;0;0;0;0;0;0;0;0;0;0;0;3657;0;0;89;0;80;0;
15328;4154411;1013850112;20709376;1115045888;0;0;0;0;0;0;0;0;0;0;0;3366;0;0;89;0;80;0;
15329;5296123;1013850112;20709376;1115045888;0;0;0;0;0;0;0;0;0;0;0;3236;0;0;89;0;80;0;
15330;4014299;1013850112;20709376;1115045888;0;0;0;0;0;0;0;0;0;0;0;3837;0;0;89;0;80;0;
15331;5151842;1013850112;20709376;1115045888;0;0;0;0;0;0;0;0;0;0;0;3817;0;0;89;0;80;0;
15332;3237051;1013850112;20709376;1115045888;0;0;0;0;0;0;0;0;0;0;0;3296;0;0;89;0;80;0;
15333;4953900;1013850112;20709376;1115045888;0;0;0;0;0;0;0;0;0;0;0;2355;0;0;89;0;80;0;
15334;4356179;1013850112;20709376;1115045888;0;0;0;0;0;0;0;0;0;0;0;3607;0;0;89;0;80;0;
15335;4593054;1013850112;20709376;1115045888;0;0;0;0;0;0;0;0;0;0;0;2084;0;0;89;0;80;0;
15336;4162446;1013850112;20709376;1115045888;0;0;0;0;0;0;0;0;0;0;0;3366;0;0;89;0;80;0;
15337;4656924;1013850112;20709376;1115045888;0;0;0;0;0;0;0;0;0;0;0;2324;0;0;89;0;80;0;
15338;5553715;1013850112;20709376;1115045888;0;0;0;0;0;0;0;0;0;0;0;3717;0;0;89;0;80;0;
15339;6458382;1013850112;20709376;1115045888;0;0;0;0;0;0;0;0;0;0;0;2114;0;0;89;0;80;0;
15340;5070058;1013850112;20709376;1115045888;0;0;0;0;0;0;0;0;0;0;0;3116;0;0;89;0;80;0;
15341;5859589;1013850112;20709376;1115045888;0;0;0;0;0;0;0;0;0;0;0;2665;0;0;89;0;80;0;
15342;4330271;1013850112;20709376;1115045888;0;0;0;0;0;0;0;0;0;0;0;3898;0;0;89;0;80;0;
15343;5262519;1013850112;20709376;1115045888;0;0;0;0;0;0;0;0;0;0;0;2375;0;0;89;0;80;0;
15344;4324641;1013850112;20709376;1115045888;0;0;0;0;0;0;0;0;0;0;0;3236;0;0;89;0;80;0;
15345;5335055;1013850112;20709376;1115045888;0;0;0;0;0;0;0;0;0;0;0;2275;0;0;89;0;80;0;
15346;3390849;1013850112;20709376;1115045888;0;0;0;0;0;0;0;0;0;0;0;4318;0;0;89;0;80;0;
15347;4954481;1013850112;20709376;1115045888;0;0;0;0;0;0;0;0;0;0;0;2294;0;0;89;0;80;0;
15348;4298802;1013850112;20709376;1115045888;0;0;0;0;0;0;0;0;0;0;0;3226;0;0;89;0;80;0;
15349;4786727;1013850112;20709376;1115045888;0;0;0;0;0;0;0;0;0;0;0;2385;0;0;89;0;80;0;
15350;3471320;1013850112;20709376;1115045888;0;0;0;0;0;0;0;0;0;0;0;3376;0;0;89;0;80;0;
15351;5155789;1013850112;20709376;1115045888;0;0;0;0;0;0;0;0;0;0;0;2344;0;0;89;0;80;0;
15352;4410982;1013850112;20709376;1115045888;0;0;0;0;0;0;0;0;0;0;0;3597;0;0;89;0;80;0;
15353;5291844;1013850112;20709376;1115045888;0;0;0;0;0;0;0;0;0;0;0;2635;0;0;89;0;80;0;
15354;3450391;1013850112;20709376;1115045888;0;0;0;0;0;0;0;0;0;0;0;3456;0;0;89;0;80;0;
15355;5121535;1013850112;20709376;1115045888;0;0;0;0;0;0;0;0;0;0;0;2204;0;0;89;0;80;0;
15356;3446825;1013850112;20709376;1115045888;0;0;0;0;0;0;0;0;0;0;0;3988;0;0;89;0;80;0;
15357;4406765;1013850112;20709376;1115045888;0;0;0;0;0;0;0;0;0;0;0;2254;0;0;89;0;80;0;
15358;3900104;1013850112;20709376;1115045888;0;0;0;0;0;0;0;0;0;0;0;3356;0;0;89;0;80;0;
15359;11093575;1013850112;20709376;1115045888;0;0;0;0;0;0;0;0;0;0;0;2555;0;0;89;0;80;0;
15360;5233284;1013850112;20709376;1115045888;0;0;0;0;0;0;0;0;0;0;0;3967;0;0;89;0;80;0;
15361;5083313;1013850112;20709376;1115045888;0;0;0;0;0;0;0;0;0;0;0;2464;0;0;89;0;80;0;
15362;4258075;1013850112;20709376;1115045888;0;0;0;0;0;0;0;0;0;0;0;3226;0;0;89;0;80;0;
15363;5020055;1013850112;20709376;1115045888;0;0;0;0;0;0;0;0;0;0;0;2304;0;0;89;0;80;0;
15364;4351180;1013850112;20709376;1115045888;0;0;0;0;0;0;0;0;0;0;0;3917;0;0;89;0;80;0;
15365;5396401;1013850112;20709376;1115045888;0;0;0;0;0;0;0;0;0;0;0;3577;0;0;89;0;80;0;
15366;4163768;1013850112;20709376;1115045888;0;0;0;0;0;0;0;0;0;0;0;3326;0;0;89;0;80;0;
15367;5135741;1013850112;20709376;1115045888;0;0;0;0;0;0;0;0;0;0;0;3516;0;0;89;0;80;0;
15368;3773787;1013850112;20709376;1115045888;0;0;0;0;0;0;0;0;0;0;0;2956;0;0;89;0;80;0;
15369;5695541;1013850112;20709376;1115045888;0;0;0;0;0;0;0;0;0;0;0;3646;0;0;89;0;80;0;
15370;4266892;1013850112;20709376;1115045888;0;0;0;0;0;0;0;0;0;0;0;3296;0;0;89;0;80;0;
15371;5520874;1013850112;20709376;1115045888;0;0;0;0;0;0;0;0;0;0;0;2765;0;0;89;0;80;0;
15372;4169981;1013850112;20709376;1115045888;0;0;0;0;0;0;0;0;0;0;0;3767;0;0;89;0;80;0;
15373;5864418;1013850112;20709376;1115045888;0;0;0;0;0;0;0;0;0;0;0;3226;0;0;89;0;80;0;
15374;5092571;1013850112;20709376;1115045888;0;0;0;0;0;0;0;0;0;0;0;4669;0;0;89;0;80;0;
15375;5953435;1013850112;20709376;1115045888;0;0;0;0;0;0;0;0;0;0;0;3516;0;0;89;0;80;0;
15376;3662028;1013850112;20709376;1115045888;0;0;0;0;0;0;0;0;0;0;0;3477;0;0;89;0;80;0;
15377;5535391;1013850112;20709376;1115045888;0;0;0;0;0;0;0;0;0;0;0;3417;0;0;89;0;80;0;
15378;4989818;1013850112;20709376;1115045888;0;0;0;0;0;0;0;0;0;0;0;3967;0;0;89;0;80;0;
15379;6092576;1013850112;20709376;1115045888;0;0;0;0;0;0;0;0;0;0;0;2775;0;0;89;0;80;0;
15380;4204596;1013850112;20709376;1115045888;0;0;0;0;0;0;0;0;0;0;0;3536;0;0;89;0;80;0;
15381;6020601;1013850112;20709376;1115045888;0;0;0;0;0;0;0;0;0;0;0;4137;0;0;89;0;80;0;
15382;4767310;1013850112;20709376;1115045888;0;0;0;0;0;0;0;0;0;0;0;3677;0;0;89;0;80;0;
15383;5239837;1013850112;20709376;1115045888;0;0;0;0;0;0;0;0;0;0;0;2715;0;0;89;0;80;0;
15384;3626070;1013850112;20709376;1115045888;0;0;0;0;0;0;0;0;0;0;0;3166;0;0;89;0;80;0;
15385;5998169;1013850112;20709376;1115045888;0;0;0;0;0;0;0;0;0;0;0;3506;0;0;89;0;80;0;
15386;3997377;1013850112;20709376;1115045888;0;0;0;0;0;0;0;0;0;0;0;4228;0;0;89;0;80;0;
15387;5820596;1013850112;20709376;1115045888;0;0;0;0;0;0;0;0;0;0;0;3086;0;0;89;0;80;0;
15388;4628640;1013850112;20709376;1115045888;0;0;0;0;0;0;0;0;0;0;0;3276;0;0;89;0;80;0;
15389;4930626;1013850112;20709376;1115045888;0;0;0;0;0;0;0;0;0;0;0;3176;0;0;89;0;80;0;
15390;4364585;1013850112;20709376;1115045888;0;0;0;0;0;0;0;0;0;0;0;2935;0;0;89;0;80;0;
15391;5373307;1013850112;20709376;1115045888;0;0;0;0;0;0;0;0;0;0;0;3857;0;0;89;0;80;0;
15392;4090652;1013850112;20709376;1115045888;0;0;0;0;0;0;0;0;0;0;0;3046;0;0;89;0;80;0;
15393;4528963;1013850112;20709376;1115045888;0;0;0;0;0;0;0;0;0;0;0;3126;0;0;89;0;80;0;
15394;4176502;1013850112;20709376;1115045888;0;0;0;0;0;0;0;0;0;0;0;3136;0;0;89;0;80;0;
15395;4660811;1013850112;20709376;1115045888;0;0;0;0;0;0;0;0;0;0;0;2274;0;0;89;0;80;0;
15396;4119796;1013850112;20709376;1115045888;0;0;0;0;0;0;0;0;0;0;0;3406;0;0;89;0;80;0;
15397;5452125;1013850112;20709376;1115045888;0;0;0;0;0;0;0;0;0;0;0;2705;0;0;89;0;80;0;
15398;4383380;1013850112;20709376;1115045888;0;0;0;0;0;0;0;0;0;0;0;3366;0;0;89;0;80;0;
15399;5938346;1013850112;20717568;1115054080;0;0;0;0;0;0;0;0;0;0;0;3957;0;0;89;0;80;0;
15400;3854268;1013850112;20717568;1115054080;0;0;0;0;0;0;0;0;0;0;0;3427;0;0;89;0;80;0;
15401;4457279;1013850112;20717568;1115054080;0;0;0;0;0;0;0;0;0;0;0;2304;0;0;89;0;80;0;
15402;4577505;1013850112;20717568;1115054080;0;0;0;0;0;0;0;0;0;0;0;3557;0;0;89;0;80;0;
15403;4562627;1013850112;20717568;1115054080;0;0;0;0;0;0;0;0;0;0;0;1794;0;0;89;0;80;0;
15404;5884907;1013850112;20717568;1115054080;0;0;0;0;0;0;0;0;0;0;0;4709;0;0;89;0;80;0;
15405;4878208;1013850112;20717568;1115054080;0;0;0;0;0;0;0;0;0;0;0;2375;0;0;89;0;80;0;
15406;5136663;1013882880;20709376;1115045888;0;0;0;0;0;0;0;0;0;0;0;3186;0;0;89;0;80;0;
15407;4916670;1013882880;20709376;1115045888;0;0;0;0;0;0;0;0;0;0;0;2234;0;0;89;0;80;0;
15408;3317402;1013882880;20709376;1115045888;0;0;0;0;0;0;0;0;0;0;0;3156;0;0;89;0;80;0;
15409;5746858;1013882880;20709376;1115045888;0;0;0;0;0;0;0;0;0;0;0;2334;0;0;89;0;80;0;
15410;3376643;1013882880;20709376;1115045888;0;0;0;0;0;0;0;0;0;0;0;3066;0;0;89;0;80;0;
15411;5564515;1013882880;20709376;1115045888;0;0;0;0;0;0;0;0;0;0;0;2665;0;0;89;0;80;0;
15412;3806990;1013882880;20709376;1115045888;0;0;0;0;0;0;0;0;0;0;0;2936;0;0;89;0;80;0;
15413;5596666;1013882880;20709376;1115045888;0;0;0;0;0;0;0;0;0;0;0;2745;0;0;89;0;80;0;
15414;3163383;1013882880;20709376;1115045888;0;0;0;0;0;0;0;0;0;0;0;3567;0;0;89;0;80;0;
15415;5326039;1013882880;20709376;1115045888;0;0;0;0;0;0;0;0;0;0;0;3497;0;0;89;0;80;0;
15416;3469697;1013882880;20709376;1115045888;0;0;0;0;0;0;0;0;0;0;0;3577;0;0;89;0;80;0;
15417;5593841;1013882880;20709376;1115045888;0;0;0;0;0;0;0;0;0;0;0;2805;0;0;89;0;80;0;
15418;3013472;1013882880;20709376;1115045888;0;0;0;0;0;0;0;0;0;0;0;3076;0;0;89;0;80;0;
15419;5181077;1013882880;20709376;1115045888;0;0;0;0;0;0;0;0;0;0;0;3347;0;0;89;0;80;0;
15420;3692314;1013882880;20709376;1115045888;0;0;0;0;0;0;0;0;0;0;0;2886;0;0;89;0;80;0;
15421;5714446;1013882880;20709376;1115045888;0;0;0;0;0;0;0;0;0;0;0;3075;0;0;89;0;80;0;
15422;3199690;1013882880;20709376;1115045888;0;0;0;0;0;0;0;0;0;0;0;3637;0;0;89;0;80;0;
15423;4587493;1013882880;20709376;1115045888;0;0;0;0;0;0;0;0;0;0;0;3306;0;0;89;0;80;0;
15424;4036289;1013882880;20709376;1115045888;0;0;0;0;0;0;0;0;0;0;0;3226;0;0;89;0;80;0;
15425;4440457;1013882880;20709376;1115045888;0;0;0;0;0;0;0;0;0;0;0;2575;0;0;89;0;80;0;
15426;4074492;1013882880;20709376;1115045888;0;0;0;0;0;0;0;0;0;0;0;3357;0;0;89;0;80;0;
15427;5904193;1013882880;20709376;1115045888;0;0;0;0;0;0;0;0;0;0;0;3487;0;0;89;0;80;0;
15428;6145635;1013882880;20709376;1115045888;0;0;0;0;0;0;0;0;0;0;0;2845;0;0;89;0;80;0;
15429;5922888;1013882880;20709376;1115045888;0;0;0;0;0;0;0;0;0;0;0;2595;0;0;89;0;80;0;
15430;3254023;1013882880;20709376;1115045888;0;0;0;0;0;0;0;0;0;0;0;3667;0;0;89;0;80;0;
15431;4735240;1013882880;20709376;1115045888;0;0;0;0;0;0;0;0;0;0;0;2605;0;0;89;0;80;0;
15432;4472918;1013882880;20709376;1115045888;0;0;0;0;0;0;0;0;0;0;0;3607;0;0;89;0;80;0;
15433;4730542;1013882880;20709376;1115045888;0;0;0;0;0;0;0;0;0;0;0;2504;0;0;89;0;80;0;
15434;3308986;1013882880;20709376;1115045888;0;0;0;0;0;0;0;0;0;0;0;3416;0;0;89;0;80;0;
15435;5589933;1013882880;20709376;1115045888;0;0;0;0;0;0;0;0;0;0;0;3096;0;0;89;0;80;0;
15436;3825304;1013882880;20709376;1115045888;0;0;0;0;0;0;0;0;0;0;0;3276;0;0;89;0;80;0;
15437;4800282;1013882880;20709376;1115045888;0;0;0;0;0;0;0;0;0;0;0;2174;0;0;89;0;80;0;
15438;3369630;1013882880;20709376;1115045888;0;0;0;0;0;0;0;0;0;0;0;3106;0;0;89;0;80;0;
15439;5163113;1013882880;20709376;1115045888;0;0;0;0;0;0;0;0;0;0;0;2094;0;0;89;0;80;0;
15440;3951621;1013882880;20709376;1115045888;0;0;0;0;0;0;0;0;0;0;0;3307;0;0;89;0;80;0;
15441;4922732;1013882880;20709376;1115045888;0;0;0;0;0;0;0;0;0;0;0;2415;0;0;89;0;80;0;
15442;4266421;1013882880;20709376;1115045888;0;0;0;0;0;0;0;0;0;0;0;3507;0;0;89;0;80;0;
15443;4829778;1013882880;20709376;1115045888;0;0;0;0;0;0;0;0;0;0;0;2956;0;0;89;0;80;0;
15444;4290075;1013882880;20709376;1115045888;0;0;0;0;0;0;0;0;0;0;0;3386;0;0;89;0;80;0;
15445;5108570;1013882880;20709376;1115045888;0;0;0;0;0;0;0;0;0;0;0;2805;0;0;89;0;80;0;
15446;4783882;1013882880;20709376;1115045888;0;0;0;0;0;0;0;0;0;0;0;3236;0;0;89;0;80;0;
15447;5097018;1013882880;20709376;1115045888;0;0;0;0;0;0;0;0;0;0;0;3075;0;0;89;0;80;0;
15448;4179198;1013882880;20709376;1115045888;0;0;0;0;0;0;0;0;0;0;0;3286;0;0;89;0;80;0;
15449;5503781;1013882880;20709376;1115045888;0;0;0;0;0;0;0;0;0;0;0;3156;0;0;89;0;80;0;
15450;4828565;1013882880;20709376;1115045888;0;0;0;0;0;0;0;0;0;0;0;3136;0;0;89;0;80;0;
15451;4969569;1013882880;20709376;1115045888;0;0;0;0;0;0;0;0;0;0;0;3136;0;0;89;0;80;0;
15452;4212400;1013882880;20709376;1115045888;0;0;0;0;0;0;0;0;0;0;0;3296;0;0;89;0;80;0;
15453;4730271;1013882880;20709376;1115045888;0;0;0;0;0;0;0;0;0;0;0;3266;0;0;89;0;80;0;
15454;3974063;1013882880;20709376;1115045888;0;0;0;0;0;0;0;0;0;0;0;3376;0;0;89;0;80;0;
15455;5270755;1013882880;20709376;1115045888;0;0;0;0;0;0;0;0;0;0;0;3898;0;0;89;0;80;0;
15456;5057685;1013882880;20709376;1115045888;0;0;0;0;0;0;0;0;0;0;0;3316;0;0;89;0;80;0;
15457;6103897;1013882880;20709376;1115045888;0;0;0;0;0;0;0;0;0;0;0;3226;0;0;89;0;80;0;
15458;4471787;1013882880;20709376;1115045888;0;0;0;0;0;0;0;0;0;0;0;3406;0;0;89;0;80;0;
15459;6062018;1013882880;20709376;1115045888;0;0;0;0;0;0;0;0;0;0;0;3186;0;0;89;0;80;0;
15460;4667654;1013882880;20709376;1115045888;0;0;0;0;0;0;0;0;0;0;0;3447;0;0;89;0;80;0;
15461;5346517;1013882880;20709376;1115045888;0;0;0;0;0;0;0;0;0;0;0;3526;0;0;89;0;80;0;
15462;7100687;1013882880;20709376;1115045888;0;0;0;0;0;0;0;0;0;0;0;3667;0;0;89;0;80;0;
15463;5145049;1013882880;20709376;1115045888;0;0;0;0;0;0;0;0;0;0;0;2495;0;0;89;0;80;0;
15464;5432678;1013882880;20709376;1115045888;0;0;0;0;0;0;0;0;0;0;0;3236;0;0;89;0;80;0;
15465;5741878;1013882880;20709376;1115045888;0;0;0;0;0;0;0;0;0;0;0;2464;0;0;89;0;80;0;
15466;4796245;1013882880;20709376;1115045888;0;0;0;0;0;0;0;0;0;0;0;3366;0;0;89;0;80;0;
15467;4755048;1013882880;20709376;1115045888;0;0;0;0;0;0;0;0;0;0;0;2655;0;0;89;0;80;0;
15468;5794237;1013882880;20709376;1115045888;0;0;0;0;0;0;0;0;0;0;0;3527;0;0;89;0;80;0;
15469;4884460;1013882880;20709376;1115045888;0;0;0;0;0;0;0;0;0;0;0;2164;0;0;89;0;80;0;
15470;4660871;1013882880;20709376;1115045888;0;0;0;0;0;0;0;0;0;0;0;3547;0;0;89;0;80;0;
15471;4634311;1013882880;20709376;1115045888;0;0;0;0;0;0;0;0;0;0;0;2294;0;0;89;0;80;0;
15472;6199386;1013882880;20709376;1115045888;0;0;0;0;0;0;0;0;0;0;0;3055;0;0;89;0;80;0;
15473;11495007;1013882880;20709376;1115045888;0;0;0;0;0;0;0;0;0;0;0;3276;0;0;89;0;80;0;
15474;4238178;1013882880;20709376;1115045888;0;0;0;0;0;0;0;0;0;0;0;3086;0;0;89;0;80;0;
15475;5268881;1013882880;20709376;1115045888;0;0;0;0;0;0;0;0;0;0;0;2956;0;0;89;0;80;0;
15476;3418701;1013882880;20709376;1115045888;0;0;0;0;0;0;0;0;0;0;0;2975;0;0;89;0;80;0;
15477;4906612;1013882880;20709376;1115045888;0;0;0;0;0;0;0;0;0;0;0;2194;0;0;89;0;80;0;
15478;3850881;1013882880;20709376;1115045888;0;0;0;0;0;0;0;0;0;0;0;3126;0;0;89;0;80;0;
15479;4975391;1013882880;20709376;1115045888;0;0;0;0;0;0;0;0;0;0;0;2324;0;0;89;0;80;0;
15480;4176503;1013882880;20709376;1115045888;0;0;0;0;0;0;0;0;0;0;0;3226;0;0;89;0;80;0;
15481;5312472;1013882880;20709376;1115045888;0;0;0;0;0;0;0;0;0;0;0;2435;0;0;89;0;80;0;
15482;4076926;1013882880;20709376;1115045888;0;0;0;0;0;0;0;0;0;0;0;3296;0;0;89;0;80;0;
15483;4349447;1013882880;20709376;1115045888;0;0;0;0;0;0;0;0;0;0;0;2063;0;0;89;0;80;0;
15484;4559881;1013882880;20709376;1115045888;0;0;0;0;0;0;0;0;0;0;0;4068;0;0;89;0;80;0;
15485;5065369;1013882880;20709376;1115045888;0;0;0;0;0;0;0;0;0;0;0;3046;0;0;89;0;80;0;
15486;4245572;1013882880;20709376;1115045888;0;0;0;0;0;0;0;0;0;0;0;4529;0;0;89;0;80;0;
15487;7218307;1013882880;20709376;1115045888;0;0;0;0;0;0;0;0;0;0;0;3536;0;0;89;0;80;0;
15488;6804451;1013882880;20709376;1115045888;0;0;0;0;0;0;0;0;0;0;0;4258;0;0;89;0;80;0;
15489;6942079;1013882880;20709376;1115045888;0;0;0;0;0;0;0;0;0;0;0;4088;0;0;89;0;80;0;
15490;4986211;1013882880;20709376;1115045888;0;0;0;0;0;0;0;0;0;0;0;4088;0;0;89;0;80;0;
15491;6580150;1013882880;20709376;1115045888;0;0;0;0;0;0;0;0;0;0;0;3968;0;0;89;0;80;0;
15492;5629137;1013882880;20709376;1115045888;0;0;0;0;0;0;0;0;0;0;0;4358;0;0;89;0;80;0;
15493;5268992;1013882880;20709376;1115045888;0;0;0;0;0;0;0;0;0;0;0;2815;0;0;89;0;80;0;
15494;4359045;1013882880;20709376;1115045888;0;0;0;0;0;0;0;0;0;0;0;3877;0;0;89;0;80;0;
15495;4686789;1013882880;20709376;1115045888;0;0;0;0;0;0;0;0;0;0;0;3016;0;0;89;0;80;0;
15496;5390649;1013882880;20709376;1115045888;0;0;0;0;0;0;0;0;0;0;0;3497;0;0;89;0;80;0;
15497;5978312;1013882880;20709376;1115045888;0;0;0;0;0;0;0;0;0;0;0;2845;0;0;89;0;80;0;
15498;3892450;1013882880;20709376;1115045888;0;0;0;0;0;0;0;0;0;0;0;4157;0;0;89;0;80;0;
15499;5936884;1013882880;20709376;1115045888;0;0;0;0;0;0;0;0;0;0;0;3426;0;0;89;0;80;0;
15500;4231986;1013882880;20709376;1115045888;0;0;0;0;0;0;0;0;0;0;0;3687;0;0;89;0;80;0;
15501;4669587;1013882880;20717568;1115054080;0;0;0;0;0;0;0;0;0;0;0;3006;0;0;89;0;80;0;
15502;3113138;1013882880;20717568;1115054080;0;0;0;0;0;0;0;0;0;0;0;3066;0;0;89;0;80;0;
15503;5200563;1013882880;20717568;1115054080;0;0;0;0;0;0;0;0;0;0;0;1513;0;0;89;0;80;0;
15504;4546276;1013882880;20717568;1115054080;0;0;0;0;0;0;0;0;0;0;0;3426;0;0;89;0;80;0;
15505;5300130;1013882880;20717568;1115054080;0;0;0;0;0;0;0;0;0;0;0;3246;0;0;89;0;80;0;
15506;4320182;1013882880;20717568;1115054080;0;0;0;0;0;0;0;0;0;0;0;3397;0;0;89;0;80;0;
15507;4603213;1013882880;20717568;1115054080;0;0;0;0;0;0;0;0;0;0;0;1903;0;0;89;0;80;0;
15508;4008407;1013923840;20709376;1115045888;0;0;0;0;0;0;0;0;0;0;0;3256;0;0;89;0;80;0;
15509;4759055;1013923840;20709376;1115045888;0;0;0;0;0;0;0;0;0;0;0;2275;0;0;89;0;80;0;
15510;3544517;1013923840;20709376;1115045888;0;0;0;0;0;0;0;0;0;0;0;3046;0;0;89;0;80;0;
15511;4927691;1013923840;20709376;1115045888;0;0;0;0;0;0;0;0;0;0;0;2565;0;0;89;0;80;0;
15512;3090466;1013923840;20709376;1115045888;0;0;0;0;0;0;0;0;0;0;0;2886;0;0;89;0;80;0;
15513;5335046;1013923840;20709376;1115045888;0;0;0;0;0;0;0;0;0;0;0;3036;0;0;89;0;80;0;
15514;3124029;1013923840;20709376;1115045888;0;0;0;0;0;0;0;0;0;0;0;3477;0;0;89;0;80;0;
15515;5121245;1013923840;20709376;1115045888;0;0;0;0;0;0;0;0;0;0;0;2265;0;0;89;0;80;0;
15516;3920522;1013923840;20709376;1115045888;0;0;0;0;0;0;0;0;0;0;0;3507;0;0;89;0;80;0;
15517;5421368;1013923840;20709376;1115045888;0;0;0;0;0;0;0;0;0;0;0;2766;0;0;89;0;80;0;
15518;3826677;1013923840;20709376;1115045888;0;0;0;0;0;0;0;0;0;0;0;3667;0;0;89;0;80;0;
15519;4477747;1013923840;20709376;1115045888;0;0;0;0;0;0;0;0;0;0;0;2053;0;0;89;0;80;0;
15520;3978290;1013923840;20709376;1115045888;0;0;0;0;0;0;0;0;0;0;0;3397;0;0;89;0;80;0;
15521;4567616;1013923840;20709376;1115045888;0;0;0;0;0;0;0;0;0;0;0;2114;0;0;89;0;80;0;
15522;3529449;1013923840;20709376;1115045888;0;0;0;0;0;0;0;0;0;0;0;3246;0;0;89;0;80;0;
15523;4514667;1013923840;20709376;1115045888;0;0;0;0;0;0;0;0;0;0;0;2184;0;0;89;0;80;0;
15524;2912352;1013923840;20709376;1115045888;0;0;0;0;0;0;0;0;0;0;0;2785;0;0;89;0;80;0;
15525;4393099;1013923840;20709376;1115045888;0;0;0;0;0;0;0;0;0;0;0;1703;0;0;89;0;80;0;
15526;3563102;1013923840;20709376;1115045888;0;0;0;0;0;0;0;0;0;0;0;3517;0;0;89;0;80;0;
15527;5301002;1013923840;20709376;1115045888;0;0;0;0;0;0;0;0;0;0;0;2175;0;0;89;0;80;0;
15528;2601459;1013923840;20709376;1115045888;0;0;0;0;0;0;0;0;0;0;0;2525;0;0;89;0;80;0;
15529;4860665;1013923840;20709376;1115045888;0;0;0;0;0;0;0;0;0;0;0;1773;0;0;89;0;80;0;
15530;3047275;1013923840;20709376;1115045888;0;0;0;0;0;0;0;0;0;0;0;3186;0;0;89;0;80;0;
15531;4434035;1013923840;20709376;1115045888;0;0;0;0;0;0;0;0;0;0;0;1754;0;0;89;0;80;0;
15532;2875012;1013923840;20709376;1115045888;0;0;0;0;0;0;0;0;0;0;0;2935;0;0;89;0;80;0;
15533;4694083;1013923840;20709376;1115045888;0;0;0;0;0;0;0;0;0;0;0;1813;0;0;89;0;80;0;
15534;2651202;1013923840;20709376;1115045888;0;0;0;0;0;0;0;0;0;0;0;4138;0;0;89;0;80;0;
15535;4814649;1013923840;20709376;1115045888;0;0;0;0;0;0;0;0;0;0;0;2384;0;0;89;0;80;0;
15536;4347463;1013923840;20709376;1115045888;0;0;0;0;0;0;0;0;0;0;0;3015;0;0;89;0;80;0;
15537;4976483;1013923840;20709376;1115045888;0;0;0;0;0;0;0;0;0;0;0;2585;0;0;89;0;80;0;
15538;3517777;1013923840;20709376;1115045888;0;0;0;0;0;0;0;0;0;0;0;3256;0;0;89;0;80;0;
15539;4926338;1013923840;20709376;1115045888;0;0;0;0;0;0;0;0;0;0;0;2445;0;0;89;0;80;0;
15540;2896331;1013923840;20709376;1115045888;0;0;0;0;0;0;0;0;0;0;0;3186;0;0;89;0;80;0;
15541;5753791;1013923840;20709376;1115045888;0;0;0;0;0;0;0;0;0;0;0;2816;0;0;89;0;80;0;
15542;3742048;1013923840;20709376;1115045888;0;0;0;0;0;0;0;0;0;0;0;2895;0;0;89;0;80;0;
15543;5299378;1013923840;20709376;1115045888;0;0;0;0;0;0;0;0;0;0;0;2545;0;0;89;0;80;0;
15544;3559205;1013923840;20709376;1115045888;0;0;0;0;0;0;0;0;0;0;0;3456;0;0;89;0;80;0;
15545;4776438;1013923840;20709376;1115045888;0;0;0;0;0;0;0;0;0;0;0;2896;0;0;89;0;80;0;
15546;3037667;1013923840;20709376;1115045888;0;0;0;0;0;0;0;0;0;0;0;3116;0;0;89;0;80;0;
15547;5550319;1013923840;20709376;1115045888;0;0;0;0;0;0;0;0;0;0;0;3006;0;0;89;0;80;0;
15548;2513604;1013923840;20709376;1115045888;0;0;0;0;0;0;0;0;0;0;0;3326;0;0;89;0;80;0;
15549;4503516;1013923840;20709376;1115045888;0;0;0;0;0;0;0;0;0;0;0;2395;0;0;89;0;80;0;
15550;3134869;1013923840;20709376;1115045888;0;0;0;0;0;0;0;0;0;0;0;2875;0;0;89;0;80;0;
15551;4752824;1013923840;20709376;1115045888;0;0;0;0;0;0;0;0;0;0;0;2425;0;0;89;0;80;0;
15552;2825579;1013923840;20709376;1115045888;0;0;0;0;0;0;0;0;0;0;0;2705;0;0;89;0;80;0;
15553;4391386;1013923840;20709376;1115045888;0;0;0;0;0;0;0;0;0;0;0;1623;0;0;89;0;80;0;
15554;2601789;1013923840;20709376;1115045888;0;0;0;0;0;0;0;0;0;0;0;2926;0;0;89;0;80;0;
15555;4762622;1013923840;20709376;1115045888;0;0;0;0;0;0;0;0;0;0;0;1783;0;0;89;0;80;0;
15556;3446313;1013923840;20709376;1115045888;0;0;0;0;0;0;0;0;0;0;0;3196;0;0;89;0;80;0;
15557;4663245;1013923840;20709376;1115045888;0;0;0;0;0;0;0;0;0;0;0;2384;0;0;89;0;80;0;
15558;3681133;1013923840;20709376;1115045888;0;0;0;0;0;0;0;0;0;0;0;2655;0;0;89;0;80;0;
15559;5848809;1013923840;20709376;1115045888;0;0;0;0;0;0;0;0;0;0;0;2274;0;0;89;0;80;0;
15560;4780155;1013923840;20709376;1115045888;0;0;0;0;0;0;0;0;0;0;0;4719;0;0;89;0;80;0;
15561;6262435;1013923840;20709376;1115045888;0;0;0;0;0;0;0;0;0;0;0;4158;0;0;89;0;80;0;
15562;3113839;1013923840;20709376;1115045888;0;0;0;0;0;0;0;0;0;0;0;3105;0;0;89;0;80;0;
15563;5697485;1013923840;20709376;1115045888;0;0;0;0;0;0;0;0;0;0;0;2905;0;0;89;0;80;0;
15564;3730095;1013923840;20709376;1115045888;0;0;0;0;0;0;0;0;0;0;0;3416;0;0;89;0;80;0;
15565;5299148;1013923840;20709376;1115045888;0;0;0;0;0;0;0;0;0;0;0;3196;0;0;89;0;80;0;
15566;3137814;1013923840;20709376;1115045888;0;0;0;0;0;0;0;0;0;0;0;2895;0;0;89;0;80;0;
15567;6228100;1013923840;20709376;1115045888;0;0;0;0;0;0;0;0;0;0;0;2735;0;0;89;0;80;0;
15568;2723408;1013923840;20709376;1115045888;0;0;0;0;0;0;0;0;0;0;0;3306;0;0;89;0;80;0;
15569;5302925;1013923840;20709376;1115045888;0;0;0;0;0;0;0;0;0;0;0;3076;0;0;89;0;80;0;
15570;12457393;1013923840;20709376;1115045888;0;0;0;0;0;0;0;0;0;0;0;3717;0;0;89;0;80;0;
15571;4909117;1013923840;20709376;1115045888;0;0;0;0;0;0;0;0;0;0;0;2836;0;0;89;0;80;0;
15572;3804345;1013923840;20709376;1115045888;0;0;0;0;0;0;0;0;0;0;0;2936;0;0;89;0;80;0;
15573;6835519;1013923840;20709376;1115045888;0;0;0;0;0;0;0;0;0;0;0;2976;0;0;89;0;80;0;
15574;5140390;1013923840;20709376;1115045888;0;0;0;0;0;0;0;0;0;0;0;2915;0;0;89;0;80;0;
15575;5116466;1013923840;20709376;1115045888;0;0;0;0;0;0;0;0;0;0;0;2224;0;0;89;0;80;0;
15576;3315638;1013923840;20709376;1115045888;0;0;0;0;0;0;0;0;0;0;0;3006;0;0;89;0;80;0;
15577;4946777;1013923840;20709376;1115045888;0;0;0;0;0;0;0;0;0;0;0;1462;0;0;89;0;80;0;
15578;4167726;1013923840;20709376;1115045888;0;0;0;0;0;0;0;0;0;0;0;3316;0;0;89;0;80;0;
15579;4514908;1013923840;20709376;1115045888;0;0;0;0;0;0;0;0;0;0;0;2194;0;0;89;0;80;0;
15580;3167981;1013923840;20709376;1115045888;0;0;0;0;0;0;0;0;0;0;0;3066;0;0;89;0;80;0;
15581;5301783;1013923840;20713472;1115049984;0;0;0;0;0;0;0;0;0;0;0;3357;0;0;89;0;80;0;
15582;4336883;1013923840;20713472;1115049984;0;0;0;0;0;0;0;0;0;0;0;2845;0;0;89;0;80;0;
15583;5439191;1013923840;20713472;1115049984;0;0;0;0;0;0;0;0;0;0;0;3236;0;0;89;0;80;0;
15584;2770616;1013923840;20713472;1115049984;0;0;0;0;0;0;0;0;0;0;0;2475;0;0;89;0;80;0;
15585;5503972;1013923840;20713472;1115049984;0;0;0;0;0;0;0;0;0;0;0;3286;0;0;89;0;80;0;
15586;3375811;1013923840;20713472;1115049984;0;0;0;0;0;0;0;0;0;0;0;2745;0;0;89;0;80;0;
15587;5558344;1013923840;20713472;1115049984;0;0;0;0;0;0;0;0;0;0;0;2424;0;0;89;0;80;0;
15588;2624732;1013923840;20713472;1115049984;0;0;0;0;0;0;0;0;0;0;0;2425;0;0;89;0;80;0;
15589;5050432;1013923840;20713472;1115049984;0;0;0;0;0;0;0;0;0;0;0;3516;0;0;89;0;80;0;
15590;4586171;1013923840;20713472;1115049984;0;0;0;0;0;0;0;0;0;0;0;2505;0;0;89;0;80;0;
15591;5835904;1013923840;20713472;1115049984;0;0;0;0;0;0;0;0;0;0;0;3266;0;0;89;0;80;0;
15592;5225420;1013923840;20713472;1115049984;0;0;0;0;0;0;0;0;0;0;0;4147;0;0;89;0;80;0;
15593;6640293;1013923840;20713472;1115049984;0;0;0;0;0;0;0;0;0;0;0;3537;0;0;89;0;80;0;
15594;4670879;1013923840;20713472;1115049984;0;0;0;0;0;0;0;0;0;0;0;2785;0;0;89;0;80;0;
15595;5385570;1013923840;20713472;1115049984;0;0;0;0;0;0;0;0;0;0;0;4258;0;0;89;0;80;0;
15596;3513268;1013923840;20713472;1115049984;0;0;0;0;0;0;0;0;0;0;0;2956;0;0;89;0;80;0;
15597;6751822;1013923840;20713472;1115049984;0;0;0;0;0;0;0;0;0;0;0;3346;0;0;89;0;80;0;
15598;4918784;1013923840;20713472;1115049984;0;0;0;0;0;0;0;0;0;0;0;3176;0;0;89;0;80;0;
15599;5835864;1013923840;20713472;1115049984;0;0;0;0;0;0;0;0;0;0;0;3636;0;0;89;0;80;0;
15600;3295370;1013923840;20713472;1115049984;0;0;0;0;0;0;0;0;0;0;0;3036;0;0;89;0;80;0;
15601;4907393;1013923840;20713472;1115049984;0;0;0;0;0;0;0;0;0;0;0;3747;0;0;89;0;80;0;
15602;3024401;1013923840;20713472;1115049984;0;0;0;0;0;0;0;0;0;0;0;3075;0;0;89;0;80;0;
15603;5439982;1013923840;20713472;1115049984;0;0;0;0;0;0;0;0;0;0;0;3487;0;0;89;0;80;0;
15604;2784963;1013923840;20713472;1115049984;0;0;0;0;0;0;0;0;0;0;0;2816;0;0;89;0;80;0;
15605;5118579;1013923840;20713472;1115049984;0;0;0;0;0;0;0;0;0;0;0;4328;0;0;89;0;80;0;
15606;2837431;1013923840;20713472;1115049984;0;0;0;0;0;0;0;0;0;0;0;2825;0;0;89;0;80;0;
15607;5601645;1013923840;20713472;1115049984;0;0;0;0;0;0;0;0;0;0;0;3858;0;0;89;0;80;0;
15608;2698430;1013923840;20713472;1115049984;0;0;0;0;0;0;0;0;0;0;0;2936;0;0;89;0;80;0;
15609;4935967;1013923840;20713472;1115049984;0;0;0;0;0;0;0;0;0;0;0;3276;0;0;89;0;80;0;
15610;2446468;1013923840;20713472;1115049984;0;0;0;0;0;0;0;0;0;0;0;2204;0;0;89;0;80;0;
15611;4556785;1013923840;20713472;1115049984;0;0;0;0;0;0;0;0;0;0;0;3306;0;0;89;0;80;0;
15612;3570747;1013923840;20713472;1115049984;0;0;0;0;0;0;0;0;0;0;0;2825;0;0;89;0;80;0;
15613;5923830;1013923840;20713472;1115049984;0;0;0;0;0;0;0;0;0;0;0;3456;0;0;89;0;80;0;
15614;3035272;1013923840;20713472;1115049984;0;0;0;0;0;0;0;0;0;0;0;2905;0;0;89;0;80;0;
15615;5189041;1013923840;20713472;1115049984;0;0;0;0;0;0;0;0;0;0;0;2826;0;0;89;0;80;0;
15616;4548420;1013923840;20713472;1115049984;0;0;0;0;0;0;0;0;0;0;0;2815;0;0;89;0;80;0;
15617;5190374;1013923840;20713472;1115049984;0;0;0;0;0;0;0;0;0;0;0;3166;0;0;89;0;80;0;
15618;3989622;1013923840;20713472;1115049984;0;0;0;0;0;0;0;0;0;0;0;2886;0;0;89;0;80;0;
15619;5348440;1013923840;20713472;1115049984;0;0;0;0;0;0;0;0;0;0;0;3256;0;0;89;0;80;0;
15620;3873013;1013923840;20713472;1115049984;0;0;0;0;0;0;0;0;0;0;0;2815;0;0;89;0;80;0;
15621;5024833;1013923840;20713472;1115049984;0;0;0;0;0;0;0;0;0;0;0;3587;0;0;89;0;80;0;
15622;3474466;1013923840;20713472;1115049984;0;0;0;0;0;0;0;0;0;0;0;3005;0;0;89;0;80;0;
15623;5440292;1013923840;20713472;1115049984;0;0;0;0;0;0;0;0;0;0;0;2965;0;0;89;0;80;0;
15624;3468835;1013923840;20713472;1115049984;0;0;0;0;0;0;0;0;0;0;0;3006;0;0;89;0;80;0;
15625;5740376;1013923840;20713472;1115049984;0;0;0;0;0;0;0;0;0;0;0;3096;0;0;89;0;80;0;
15626;3925742;1013923840;20713472;1115049984;0;0;0;0;0;0;0;0;0;0;0;3296;0;0;89;0;80;0;
15627;5211483;1013923840;20713472;1115049984;0;0;0;0;0;0;0;0;0;0;0;3567;0;0;89;0;80;0;
15628;2878017;1013923840;20713472;1115049984;0;0;0;0;0;0;0;0;0;0;0;3065;0;0;89;0;80;0;
15629;5097429;1013923840;20713472;1115049984;0;0;0;0;0;0;0;0;0;0;0;2945;0;0;89;0;80;0;
15630;3918288;1013923840;20713472;1115049984;0;0;0;0;0;0;0;0;0;0;0;3507;0;0;89;0;80;0;
15631;5318324;1013923840;20713472;1115049984;0;0;0;0;0;0;0;0;0;0;0;3497;0;0;89;0;80;0;
15632;4128092;1013923840;20713472;1115049984;0;0;0;0;0;0;0;0;0;0;0;3206;0;0;89;0;80;0;
15633;5710559;1013923840;20713472;1115049984;0;0;0;0;0;0;0;0;0;0;0;4068;0;0;89;0;80;0;
15634;3217023;1013923840;20713472;1115049984;0;0;0;0;0;0;0;0;0;0;0;2855;0;0;89;0;80;0;
15635;5519782;1013923840;20713472;1115049984;0;0;0;0;0;0;0;0;0;0;0;3266;0;0;89;0;80;0;
15636;3194290;1013923840;20713472;1115049984;0;0;0;0;0;0;0;0;0;0;0;2976;0;0;89;0;80;0;
15637;5026437;1013923840;20713472;1115049984;0;0;0;0;0;0;0;0;0;0;0;3707;0;0;89;0;80;0;
15638;3185244;1013923840;20713472;1115049984;0;0;0;0;0;0;0;0;0;0;0;2635;0;0;89;0;80;0;
15639;5195844;1013923840;20713472;1115049984;0;0;0;0;0;0;0;0;0;0;0;3607;0;0;89;0;80;0;
15640;3587989;1013923840;20713472;1115049984;0;0;0;0;0;0;0;0;0;0;0;4639;0;0;89;0;80;0;
15641;5403304;1013923840;20713472;1115049984;0;0;0;0;0;0;0;0;0;0;0;4038;0;0;89;0;80;0;
15642;5659814;1013923840;20713472;1115049984;0;0;0;0;0;0;0;0;0;0;0;3436;0;0;89;0;80;0;
15643;6291299;1013923840;20713472;1115049984;0;0;0;0;0;0;0;0;0;0;0;3857;0;0;89;0;80;0;
15644;6259429;1013923840;20713472;1115049984;0;0;0;0;0;0;0;0;0;0;0;3627;0;0;89;0;80;0;
15645;6488668;1013923840;20713472;1115049984;0;0;0;0;0;0;0;0;0;0;0;3497;0;0;89;0;80;0;
15646;5176839;1013923840;20713472;1115049984;0;0;0;0;0;0;0;0;0;0;0;3367;0;0;89;0;80;0;
15647;6570933;1013923840;20713472;1115049984;0;0;0;0;0;0;0;0;0;0;0;3447;0;0;89;0;80;0;
15648;5315628;1013923840;20713472;1115049984;0;0;0;0;0;0;0;0;0;0;0;3357;0;0;89;0;80;0;
15649;5182860;1013923840;20713472;1115049984;0;0;0;0;0;0;0;0;0;0;0;3386;0;0;89;0;80;0;
15650;4947368;1013923840;20713472;1115049984;0;0;0;0;0;0;0;0;0;0;0;2915;0;0;89;0;80;0;
15651;6139595;1013923840;20713472;1115049984;0;0;0;0;0;0;0;0;0;0;0;2956;0;0;89;0;80;0;
15652;4682832;1013923840;20713472;1115049984;0;0;0;0;0;0;0;0;0;0;0;3427;0;0;89;0;80;0;
15653;5516656;1013923840;20713472;1115049984;0;0;0;0;0;0;0;0;0;0;0;3587;0;0;89;0;80;0;
15654;4865014;1013923840;20713472;1115049984;0;0;0;0;0;0;0;0;0;0;0;3366;0;0;89;0;80;0;
15655;6945816;1013923840;20713472;1115049984;0;0;0;0;0;0;0;0;0;0;0;3616;0;0;89;0;80;0;
15656;3944517;1013923840;20713472;1115049984;0;0;0;0;0;0;0;0;0;0;0;3126;0;0;89;0;80;0;
15657;6822295;1013923840;20713472;1115049984;0;0;0;0;0;0;0;0;0;0;0;3396;0;0;89;0;80;0;
15658;4957618;1013923840;20713472;1115049984;0;0;0;0;0;0;0;0;0;0;0;2986;0;0;89;0;80;0;
15659;6283123;1013923840;20713472;1115049984;0;0;0;0;0;0;0;0;0;0;0;3567;0;0;89;0;80;0;
15660;4865584;1013923840;20713472;1115049984;0;0;0;0;0;0;0;0;0;0;0;2905;0;0;89;0;80;0;
15661;5466041;1013923840;20713472;1115049984;0;0;0;0;0;0;0;0;0;0;0;3055;0;0;89;0;80;0;
15662;4623782;1013923840;20713472;1115049984;0;0;0;0;0;0;0;0;0;0;0;2916;0;0;89;0;80;0;
15663;7102390;1013923840;20713472;1115049984;0;0;0;0;0;0;0;0;0;0;0;3156;0;0;89;0;80;0;
15664;6208273;1013923840;20713472;1115049984;0;0;0;0;0;0;0;0;0;0;0;3135;0;0;89;0;80;0;
15665;6541638;1013923840;20713472;1115049984;0;0;0;0;0;0;0;0;0;0;0;3547;0;0;89;0;80;0;
15666;4213552;1013923840;20713472;1115049984;0;0;0;0;0;0;0;0;0;0;0;3206;0;0;89;0;80;0;
15667;6485673;1013923840;20713472;1115049984;0;0;0;0;0;0;0;0;0;0;0;3367;0;0;89;0;80;0;
15668;4739930;1013923840;20713472;1115049984;0;0;0;0;0;0;0;0;0;0;0;3647;0;0;89;0;80;0;
15669;6282462;1013923840;20713472;1115049984;0;0;0;0;0;0;0;0;0;0;0;3567;0;0;89;0;80;0;
15670;5654194;1013923840;20713472;1115049984;0;0;0;0;0;0;0;0;0;0;0;3316;0;0;89;0;80;0;
15671;7386813;1013923840;20713472;1115049984;0;0;0;0;0;0;0;0;0;0;0;4438;0;0;89;0;80;0;
15672;8061779;1013923840;20713472;1115049984;0;0;0;0;0;0;0;0;0;0;0;3807;0;0;89;0;80;0;
15673;6644160;1013923840;20713472;1115049984;0;0;0;0;0;0;0;0;0;0;0;4037;0;0;89;0;80;0;
15674;4978076;1013923840;20713472;1115049984;0;0;0;0;0;0;0;0;0;0;0;3296;0;0;89;0;80;0;
15675;6082788;1013923840;20713472;1115049984;0;0;0;0;0;0;0;0;0;0;0;3306;0;0;89;0;80;0;
15676;7132296;1013923840;20713472;1115049984;0;0;0;0;0;0;0;0;0;0;0;3316;0;0;89;0;80;0;
15677;7251709;1013923840;20713472;1115049984;0;0;0;0;0;0;0;0;0;0;0;7615;0;0;89;0;80;0;
15678;5630700;1013923840;20713472;1115049984;0;0;0;0;0;0;0;0;0;0;0;3286;0;0;89;0;80;0;
15679;6749006;1013923840;20713472;1115049984;0;0;0;0;0;0;0;0;0;0;0;2965;0;0;89;0;80;0;
15680;4560754;1013923840;20713472;1115049984;0;0;0;0;0;0;0;0;0;0;0;3046;0;0;89;0;80;0;
15681;6238460;1013923840;20713472;1115049984;0;0;0;0;0;0;0;0;0;0;0;3657;0;0;89;0;80;0;
15682;5604931;1013923840;20713472;1115049984;0;0;0;0;0;0;0;0;0;0;0;3397;0;0;89;0;80;0;
15683;7090437;1013923840;20713472;1115049984;0;0;0;0;0;0;0;0;0;0;0;3757;0;0;89;0;80;0;
15684;6403088;1013923840;20713472;1115049984;0;0;0;0;0;0;0;0;0;0;0;3968;0;0;89;0;80;0;
15685;7189163;1013923840;20713472;1115049984;0;0;0;0;0;0;0;0;0;0;0;3136;0;0;89;0;80;0;
15686;4677312;1013923840;20713472;1115049984;0;0;0;0;0;0;0;0;0;0;0;3366;0;0;89;0;80;0;
15687;7180056;1013923840;20713472;1115049984;0;0;0;0;0;0;0;0;0;0;0;3487;0;0;89;0;80;0;
15688;6402367;1013923840;20713472;1115049984;0;0;0;0;0;0;0;0;0;0;0;3958;0;0;89;0;80;0;
15689;7630130;1013923840;20713472;1115049984;0;0;0;0;0;0;0;0;0;0;0;3827;0;0;89;0;80;0;
15690;6174790;1013923840;20713472;1115049984;0;0;0;0;0;0;0;0;0;0;0;4148;0;0;89;0;80;0;
15691;6561365;1013923840;20713472;1115049984;0;0;0;0;0;0;0;0;0;0;0;4188;0;0;89;0;80;0;
15692;7166119;1013923840;20713472;1115049984;0;0;0;0;0;0;0;0;0;0;0;3567;0;0;89;0;80;0;
15693;8023497;1013923840;20713472;1115049984;0;0;0;0;0;0;0;0;0;0;0;3717;0;0;89;0;80;0;
15694;5691043;1013923840;20713472;1115049984;0;0;0;0;0;0;0;0;0;0;0;3456;0;0;89;0;80;0;
15695;9026157;1013923840;20713472;1115049984;0;0;0;0;0;0;0;0;0;0;0;4248;0;0;89;0;80;0;
15696;4630494;1013923840;20713472;1115049984;0;0;0;0;0;0;0;0;0;0;0;4559;0;0;89;0;80;0;
15697;7409686;1013923840;20713472;1115049984;0;0;0;0;0;0;0;0;0;0;0;3406;0;0;89;0;80;0;
15698;6709403;1013923840;20713472;1115049984;0;0;0;0;0;0;0;0;0;0;0;3347;0;0;89;0;80;0;
15699;7288138;1013923840;20713472;1115049984;0;0;0;0;0;0;0;0;0;0;0;3506;0;0;89;0;80;0;
15700;4541096;1013923840;20713472;1115049984;0;0;0;0;0;0;0;0;0;0;0;3256;0;0;89;0;80;0;
15701;7122998;1013923840;20713472;1115049984;0;0;0;0;0;0;0;0;0;0;0;3306;0;0;89;0;80;0;
15702;6403670;1013923840;20713472;1115049984;0;0;0;0;0;0;0;0;0;0;0;4238;0;0;89;0;80;0;
15703;6267584;1013923840;20721664;1115058176;0;0;0;0;0;0;0;0;0;0;0;3676;0;0;89;0;80;0;
15704;5576979;1013923840;20721664;1115058176;0;0;0;0;0;0;0;0;0;0;0;3166;0;0;89;0;80;0;
15705;7045172;1013923840;20721664;1115058176;0;0;0;0;0;0;0;0;0;0;0;3356;0;0;89;0;80;0;
15706;5349091;1013923840;20721664;1115058176;0;0;0;0;0;0;0;0;0;0;0;3957;0;0;89;0;80;0;
15707;10224956;1013923840;20721664;1115058176;0;0;0;0;0;0;0;0;0;0;0;4018;0;0;89;0;80;0;
15708;6794713;1013923840;20721664;1115058176;0;0;0;0;0;0;0;0;0;0;0;4348;0;0;89;0;80;0;
15709;8454736;1013923840;20721664;1115058176;0;0;0;0;0;0;0;0;0;0;0;3467;0;0;89;0;80;0;
15710;6906442;1013993472;20713472;1115049984;0;0;0;0;0;0;0;0;0;0;0;3747;0;0;89;0;80;0;
15711;6951747;1013993472;20713472;1115049984;0;0;0;0;0;0;0;0;0;0;0;3747;0;0;89;0;80;0;
15712;6015993;1013993472;20713472;1115049984;0;0;0;0;0;0;0;0;0;0;0;3547;0;0;89;0;80;0;
15713;6164821;1013993472;20713472;1115049984;0;0;0;0;0;0;0;0;0;0;0;3476;0;0;89;0;80;0;
15714;5063225;1013993472;20713472;1115049984;0;0;0;0;0;0;0;0;0;0;0;3246;0;0;89;0;80;0;
15715;6520759;1013993472;20713472;1115049984;0;0;0;0;0;0;0;0;0;0;0;3687;0;0;89;0;80;0;
15716;6452972;1013993472;20713472;1115049984;0;0;0;0;0;0;0;0;0;0;0;4168;0;0;89;0;80;0;
15717;7262630;1013993472;20713472;1115049984;0;0;0;0;0;0;0;0;0;0;0;3948;0;0;89;0;80;0;
15718;7997929;1013993472;20713472;1115049984;0;0;0;0;0;0;0;0;0;0;0;9207;0;0;89;0;80;0;
15719;7266597;1013993472;20713472;1115049984;0;0;0;0;0;0;0;0;0;0;0;5239;0;0;89;0;80;0;
15720;6929305;1013993472;20713472;1115049984;0;0;0;0;0;0;0;0;0;0;0;4137;0;0;89;0;80;0;
15721;9327502;1013993472;20713472;1115049984;0;0;0;0;0;0;0;0;0;0;0;5881;0;0;89;0;80;0;
15722;5658452;1013993472;20713472;1115049984;0;0;0;0;0;0;0;0;0;0;0;3146;0;0;89;0;80;0;
15723;8104590;1013993472;20713472;1115049984;0;0;0;0;0;0;0;0;0;0;0;6663;0;0;89;0;80;0;
15724;6392068;1013993472;20713472;1115049984;0;0;0;0;0;0;0;0;0;0;0;3977;0;0;89;0;80;0;
15725;6118164;1013993472;20713472;1115049984;0;0;0;0;0;0;0;0;0;0;0;4088;0;0;89;0;80;0;
15726;6607171;1013993472;20713472;1115049984;0;0;0;0;0;0;0;0;0;0;0;4048;0;0;89;0;80;0;
15727;6536298;1013993472;20713472;1115049984;0;0;0;0;0;0;0;0;0;0;0;4198;0;0;89;0;80;0;
15728;8696559;1013993472;20713472;1115049984;0;0;0;0;0;0;0;0;0;0;0;4809;0;0;89;0;80;0;
15729;6486915;1013993472;20713472;1115049984;0;0;0;0;0;0;0;0;0;0;0;4398;0;0;89;0;80;0;
15730;6936568;1013993472;20713472;1115049984;0;0;0;0;0;0;0;0;0;0;0;4077;0;0;89;0;80;0;
15731;6702450;1013993472;20713472;1115049984;0;0;0;0;0;0;0;0;0;0;0;3837;0;0;89;0;80;0;
15732;5996726;1013993472;20713472;1115049984;0;0;0;0;0;0;0;0;0;0;0;4018;0;0;89;0;80;0;
15733;7292957;1013993472;20713472;1115049984;0;0;0;0;0;0;0;0;0;0;0;4528;0;0;89;0;80;0;
15734;5551161;1013993472;20713472;1115049984;0;0;0;0;0;0;0;0;0;0;0;3737;0;0;89;0;80;0;
15735;7055642;1013993472;20713472;1115049984;0;0;0;0;0;0;0;0;0;0;0;4999;0;0;89;0;80;0;
15736;5190144;1013993472;20713472;1115049984;0;0;0;0;0;0;0;0;0;0;0;3447;0;0;89;0;80;0;
15737;6161805;1013993472;20713472;1115049984;0;0;0;0;0;0;0;0;0;0;0;4238;0;0;89;0;80;0;
15738;5333603;1013993472;20713472;1115049984;0;0;0;0;0;0;0;0;0;0;0;3807;0;0;89;0;80;0;
15739;8365128;1013993472;20713472;1115049984;0;0;0;0;0;0;0;0;0;0;0;5370;0;0;89;0;80;0;
15740;6856749;1013993472;20713472;1115049984;0;0;0;0;0;0;0;0;0;0;0;3366;0;0;89;0;80;0;
15741;7481130;1013993472;20713472;1115049984;0;0;0;0;0;0;0;0;0;0;0;4679;0;0;89;0;80;0;
15742;6188746;1013993472;20713472;1115049984;0;0;0;0;0;0;0;0;0;0;0;4308;0;0;89;0;80;0;
15743;7236642;1013993472;20713472;1115049984;0;0;0;0;0;0;0;0;0;0;0;4268;0;0;89;0;80;0;
15744;5059298;1013993472;20713472;1115049984;0;0;0;0;0;0;0;0;0;0;0;3467;0;0;89;0;80;0;
15745;9806040;1013993472;20713472;1115049984;0;0;0;0;0;0;0;0;0;0;0;4578;0;0;89;0;80;0;
15746;8875465;1013993472;20713472;1115049984;0;0;0;0;0;0;0;0;0;0;0;48842;0;0;89;0;80;0;
15747;6289455;1013993472;20713472;1115049984;0;0;0;0;0;0;0;0;0;0;0;2645;0;0;89;0;80;0;
15748;6442211;1013993472;20713472;1115049984;0;0;0;0;0;0;0;0;0;0;0;4138;0;0;89;0;80;0;
15749;7840113;1013993472;20713472;1115049984;0;0;0;0;0;0;0;0;0;0;0;4027;0;0;89;0;80;0;
15750;6563448;1013993472;20713472;1115049984;0;0;0;0;0;0;0;0;0;0;0;4058;0;0;89;0;80;0;
15751;9230951;1013993472;20713472;1115049984;0;0;0;0;0;0;0;0;0;0;0;4498;0;0;89;0;80;0;
15752;5580145;1013993472;20713472;1115049984;0;0;0;0;0;0;0;0;0;0;0;3317;0;0;89;0;80;0;
15753;6868281;1013993472;20713472;1115049984;0;0;0;0;0;0;0;0;0;0;0;4459;0;0;89;0;80;0;
15754;6675269;1013993472;20713472;1115049984;0;0;0;0;0;0;0;0;0;0;0;6042;0;0;89;0;80;0;
15755;6774024;1013993472;20713472;1115049984;0;0;0;0;0;0;0;0;0;0;0;4429;0;0;89;0;80;0;
15756;4352292;1013993472;20713472;1115049984;0;0;0;0;0;0;0;0;0;0;0;3667;0;0;89;0;80;0;
15757;6991051;1013993472;20713472;1115049984;0;0;0;0;0;0;0;0;0;0;0;4559;0;0;89;0;80;0;
15758;5097460;1013993472;20713472;1115049984;0;0;0;0;0;0;0;0;0;0;0;3547;0;0;89;0;80;0;
15759;7991177;1013993472;20713472;1115049984;0;0;0;0;0;0;0;0;0;0;0;5239;0;0;89;0;80;0;
15760;6697821;1013993472;20713472;1115049984;0;0;0;0;0;0;0;0;0;0;0;3907;0;0;89;0;80;0;
15761;7362328;1013993472;20713472;1115049984;0;0;0;0;0;0;0;0;0;0;0;4158;0;0;89;0;80;0;
15762;4156455;1013993472;20713472;1115049984;0;0;0;0;0;0;0;0;0;0;0;3126;0;0;89;0;80;0;
15763;5928268;1013993472;20713472;1115049984;0;0;0;0;0;0;0;0;0;0;0;3828;0;0;89;0;80;0;
15764;4975711;1013993472;20713472;1115049984;0;0;0;0;0;0;0;0;0;0;0;3176;0;0;89;0;80;0;
15765;5797262;1013993472;20713472;1115049984;0;0;0;0;0;0;0;0;0;0;0;4028;0;0;89;0;80;0;
15766;5376894;1013993472;20713472;1115049984;0;0;0;0;0;0;0;0;0;0;0;3647;0;0;89;0;80;0;
15767;5600974;1013993472;20713472;1115049984;0;0;0;0;0;0;0;0;0;0;0;3897;0;0;89;0;80;0;
15768;5719897;1013993472;20713472;1115049984;0;0;0;0;0;0;0;0;0;0;0;3828;0;0;89;0;80;0;
15769;7753671;1013993472;20713472;1115049984;0;0;0;0;0;0;0;0;0;0;0;4458;0;0;89;0;80;0;
15770;3901868;1013993472;20713472;1115049984;0;0;0;0;0;0;0;0;0;0;0;3096;0;0;89;0;80;0;
15771;6500040;1013993472;20713472;1115049984;0;0;0;0;0;0;0;0;0;0;0;4208;0;0;89;0;80;0;
15772;5701282;1013993472;20713472;1115049984;0;0;0;0;0;0;0;0;0;0;0;3797;0;0;89;0;80;0;
15773;6182154;1013993472;20713472;1115049984;0;0;0;0;0;0;0;0;0;0;0;5230;0;0;89;0;80;0;
15774;6079772;1013993472;20713472;1115049984;0;0;0;0;0;0;0;0;0;0;0;3787;0;0;89;0;80;0;
15775;6013969;1013993472;20713472;1115049984;0;0;0;0;0;0;0;0;0;0;0;4559;0;0;89;0;80;0;
15776;5667338;1013993472;20713472;1115049984;0;0;0;0;0;0;0;0;0;0;0;4298;0;0;89;0;80;0;
15777;7881911;1013993472;20713472;1115049984;0;0;0;0;0;0;0;0;0;0;0;4829;0;0;89;0;80;0;
15778;6698112;1013993472;20713472;1115049984;0;0;0;0;0;0;0;0;0;0;0;4759;0;0;89;0;80;0;
15779;6091744;1013993472;20721664;1115058176;0;0;0;0;0;0;0;0;0;0;0;4318;0;0;89;0;80;0;
15780;5486580;1013993472;20721664;1115058176;0;0;0;0;0;0;0;0;0;0;0;4157;0;0;89;0;80;0;
15781;7430205;1013993472;20721664;1115058176;0;0;0;0;0;0;0;0;0;0;0;4038;0;0;89;0;80;0;
15782;7827560;1013993472;20721664;1115058176;0;0;0;0;0;0;0;0;0;0;0;4498;0;0;89;0;80;0;
15783;5629858;1013993472;20721664;1115058176;0;0;0;0;0;0;0;0;0;0;0;4058;0;0;89;0;80;0;
15784;7921095;1013993472;20721664;1115058176;0;0;0;0;0;0;0;0;0;0;0;4488;0;0;89;0;80;0;
15785;6975211;1013993472;20721664;1115058176;0;0;0;0;0;0;0;0;0;0;0;5310;0;0;89;0;80;0;
15786;8003771;1014026240;20713472;1115049984;0;0;0;0;0;0;0;0;0;0;0;4728;0;0;89;0;80;0;
15787;7822530;1014026240;20713472;1115049984;0;0;0;0;0;0;0;0;0;0;0;4749;0;0;89;0;80;0;
15788;5916025;1014026240;20713472;1115049984;0;0;0;0;0;0;0;0;0;0;0;4248;0;0;89;0;80;0;
15789;7573283;1014026240;20713472;1115049984;0;0;0;0;0;0;0;0;0;0;0;4699;0;0;89;0;80;0;
15790;5348270;1014026240;20713472;1115049984;0;0;0;0;0;0;0;0;0;0;0;3937;0;0;89;0;80;0;
15791;7533228;1014026240;20713472;1115049984;0;0;0;0;0;0;0;0;0;0;0;3697;0;0;89;0;80;0;
15792;5247360;1014026240;20713472;1115049984;0;0;0;0;0;0;0;0;0;0;0;3557;0;0;89;0;80;0;
15793;7974456;1014026240;20713472;1115049984;0;0;0;0;0;0;0;0;0;0;0;4118;0;0;89;0;80;0;
15794;6459664;1014026240;20713472;1115049984;0;0;0;0;0;0;0;0;0;0;0;3717;0;0;89;0;80;0;
15795;5594341;1014026240;20713472;1115049984;0;0;0;0;0;0;0;0;0;0;0;3768;0;0;89;0;80;0;
15796;4542559;1014026240;20713472;1115049984;0;0;0;0;0;0;0;0;0;0;0;3987;0;0;89;0;80;0;
15797;7627014;1014026240;20713472;1115049984;0;0;0;0;0;0;0;0;0;0;0;5039;0;0;89;0;80;0;
15798;5364100;1014026240;20713472;1115049984;0;0;0;0;0;0;0;0;0;0;0;3306;0;0;89;0;80;0;
15799;7297766;1014026240;20713472;1115049984;0;0;0;0;0;0;0;0;0;0;0;3938;0;0;89;0;80;0;
15800;5519832;1014026240;20713472;1115049984;0;0;0;0;0;0;0;0;0;0;0;3827;0;0;89;0;80;0;
15801;6118354;1014026240;20713472;1115049984;0;0;0;0;0;0;0;0;0;0;0;5881;0;0;89;0;80;0;
15802;8158060;1014026240;20713472;1115049984;0;0;0;0;0;0;0;0;0;0;0;5380;0;0;89;0;80;0;
15803;6246534;1014026240;20713472;1115049984;0;0;0;0;0;0;0;0;0;0;0;3676;0;0;89;0;80;0;
15804;6880293;1014026240;20713472;1115049984;0;0;0;0;0;0;0;0;0;0;0;3747;0;0;89;0;80;0;
15805;7135171;1014026240;20713472;1115049984;0;0;0;0;0;0;0;0;0;0;0;3106;0;0;89;0;80;0;
15806;5011368;1014026240;20713472;1115049984;0;0;0;0;0;0;0;0;0;0;0;3757;0;0;89;0;80;0;
15807;7052516;1014026240;20713472;1115049984;0;0;0;0;0;0;0;0;0;0;0;3176;0;0;89;0;80;0;
15808;3434140;1014026240;20713472;1115049984;0;0;0;0;0;0;0;0;0;0;0;2975;0;0;89;0;80;0;
15809;6067289;1014026240;20713472;1115049984;0;0;0;0;0;0;0;0;0;0;0;3997;0;0;89;0;80;0;
15810;5378346;1014026240;20713472;1115049984;0;0;0;0;0;0;0;0;0;0;0;3596;0;0;89;0;80;0;
15811;6055627;1014026240;20713472;1115049984;0;0;0;0;0;0;0;0;0;0;0;4308;0;0;89;0;80;0;
15812;4092004;1014026240;20713472;1115049984;0;0;0;0;0;0;0;0;0;0;0;3216;0;0;89;0;80;0;
15813;5452285;1014026240;20713472;1115049984;0;0;0;0;0;0;0;0;0;0;0;3817;0;0;89;0;80;0;
15814;4520467;1014026240;20713472;1115049984;0;0;0;0;0;0;0;0;0;0;0;3146;0;0;89;0;80;0;
15815;5421287;1014026240;20713472;1115049984;0;0;0;0;0;0;0;0;0;0;0;3767;0;0;89;0;80;0;
15816;4575391;1014026240;20713472;1115049984;0;0;0;0;0;0;0;0;0;0;0;3317;0;0;89;0;80;0;
15817;6234341;1014026240;20713472;1115049984;0;0;0;0;0;0;0;0;0;0;0;4108;0;0;89;0;80;0;
15818;4782919;1014026240;20713472;1115049984;0;0;0;0;0;0;0;0;0;0;0;3056;0;0;89;0;80;0;
15819;5761935;1014026240;20713472;1115049984;0;0;0;0;0;0;0;0;0;0;0;3828;0;0;89;0;80;0;
15820;6507093;1014026240;20713472;1115049984;0;0;0;0;0;0;0;0;0;0;0;6211;0;0;89;0;80;0;
15821;6670410;1014026240;20713472;1115049984;0;0;0;0;0;0;0;0;0;0;0;5410;0;0;89;0;80;0;
15822;7765013;1014026240;20713472;1115049984;0;0;0;0;0;0;0;0;0;0;0;3817;0;0;89;0;80;0;
15823;6074942;1014026240;20713472;1115049984;0;0;0;0;0;0;0;0;0;0;0;4208;0;0;89;0;80;0;
15824;4616267;1014026240;20713472;1115049984;0;0;0;0;0;0;0;0;0;0;0;3697;0;0;89;0;80;0;
15825;5752588;1014026240;20713472;1115049984;0;0;0;0;0;0;0;0;0;0;0;4358;0;0;89;0;80;0;
15826;4752473;1014026240;20713472;1115049984;0;0;0;0;0;0;0;0;0;0;0;3286;0;0;89;0;80;0;
15827;6072088;1014026240;20713472;1115049984;0;0;0;0;0;0;0;0;0;0;0;4328;0;0;89;0;80;0;
15828;5077322;1014026240;20713472;1115049984;0;0;0;0;0;0;0;0;0;0;0;3557;0;0;89;0;80;0;
15829;6218272;1014026240;20713472;1115049984;0;0;0;0;0;0;0;0;0;0;0;3957;0;0;89;0;80;0;
15830;5445342;1014026240;20713472;1115049984;0;0;0;0;0;0;0;0;0;0;0;3867;0;0;89;0;80;0;
15831;5655196;1014026240;20713472;1115049984;0;0;0;0;0;0;0;0;0;0;0;4699;0;0;89;0;80;0;
15832;5079876;1014026240;20713472;1115049984;0;0;0;0;0;0;0;0;0;0;0;3387;0;0;89;0;80;0;
15833;6004110;1014026240;20713472;1115049984;0;0;0;0;0;0;0;0;0;0;0;3817;0;0;89;0;80;0;
15834;5454219;1014026240;20713472;1115049984;0;0;0;0;0;0;0;0;0;0;0;3467;0;0;89;0;80;0;
15835;4992162;1014026240;20713472;1115049984;0;0;0;0;0;0;0;0;0;0;0;4208;0;0;89;0;80;0;
15836;4944924;1014026240;20713472;1115049984;0;0;0;0;0;0;0;0;0;0;0;3596;0;0;89;0;80;0;
15837;6964982;1014026240;20713472;1115049984;0;0;0;0;0;0;0;0;0;0;0;4088;0;0;89;0;80;0;
15838;5355964;1014026240;20713472;1115049984;0;0;0;0;0;0;0;0;0;0;0;3467;0;0;89;0;80;0;
15839;6240373;1014026240;20713472;1115049984;0;0;0;0;0;0;0;0;0;0;0;5039;0;0;89;0;80;0;
15840;4918845;1014026240;20713472;1115049984;0;0;0;0;0;0;0;0;0;0;0;3767;0;0;89;0;80;0;
15841;6638861;1014026240;20713472;1115049984;0;0;0;0;0;0;0;0;0;0;0;4058;0;0;89;0;80;0;
15842;4585660;1014026240;20713472;1115049984;0;0;0;0;0;0;0;0;0;0;0;2946;0;0;89;0;80;0;
15843;5878425;1014026240;20713472;1115049984;0;0;0;0;0;0;0;0;0;0;0;3817;0;0;89;0;80;0;
15844;4545504;1014026240;20713472;1115049984;0;0;0;0;0;0;0;0;0;0;0;3827;0;0;89;0;80;0;
15845;6510159;1014026240;20713472;1115049984;0;0;0;0;0;0;0;0;0;0;0;4058;0;0;89;0;80;0;
15846;4473159;1014026240;20713472;1115049984;0;0;0;0;0;0;0;0;0;0;0;3557;0;0;89;0;80;0;
15847;6035369;1014026240;20713472;1115049984;0;0;0;0;0;0;0;0;0;0;0;3417;0;0;89;0;80;0;
15848;4982724;1014026240;20713472;1115049984;0;0;0;0;0;0;0;0;0;0;0;3346;0;0;89;0;80;0;
15849;6649550;1014026240;20713472;1115049984;0;0;0;0;0;0;0;0;0;0;0;4168;0;0;89;0;80;0;
15850;3901346;1014026240;20713472;1115049984;0;0;0;0;0;0;0;0;0;0;0;3397;0;0;89;0;80;0;
15851;5088062;1014026240;20713472;1115049984;0;0;0;0;0;0;0;0;0;0;0;3486;0;0;89;0;80;0;
15852;3814053;1014026240;20713472;1115049984;0;0;0;0;0;0;0;0;0;0;0;3106;0;0;89;0;80;0;
15853;6580531;1014026240;20713472;1115049984;0;0;0;0;0;0;0;0;0;0;0;4419;0;0;89;0;80;0;
15854;3476610;1014026240;20713472;1115049984;0;0;0;0;0;0;0;0;0;0;0;3477;0;0;89;0;80;0;
15855;6028706;1014026240;20713472;1115049984;0;0;0;0;0;0;0;0;0;0;0;4168;0;0;89;0;80;0;
15856;5033499;1014026240;20713472;1115049984;0;0;0;0;0;0;0;0;0;0;0;3447;0;0;89;0;80;0;
15857;6368844;1014026240;20713472;1115049984;0;0;0;0;0;0;0;0;0;0;0;4358;0;0;89;0;80;0;
15858;4488578;1014026240;20713472;1115049984;0;0;0;0;0;0;0;0;0;0;0;3577;0;0;89;0;80;0;
15859;6077297;1014026240;20713472;1115049984;0;0;0;0;0;0;0;0;0;0;0;4128;0;0;89;0;80;0;
15860;4413607;1014026240;20713472;1115049984;0;0;0;0;0;0;0;0;0;0;0;5029;0;0;89;0;80;0;
15861;5642652;1014026240;20713472;1115049984;0;0;0;0;0;0;0;0;0;0;0;3287;0;0;89;0;80;0;
15862;4495160;1014026240;20713472;1115049984;0;0;0;0;0;0;0;0;0;0;0;3307;0;0;89;0;80;0;
15863;4722106;1014026240;20713472;1115049984;0;0;0;0;0;0;0;0;0;0;0;3136;0;0;89;0;80;0;
15864;3744773;1014026240;20713472;1115049984;0;0;0;0;0;0;0;0;0;0;0;2935;0;0;89;0;80;0;
15865;5598830;1014026240;20721664;1115058176;0;0;0;0;0;0;0;0;0;0;0;3426;0;0;89;0;80;0;
15866;3813171;1014026240;20721664;1115058176;0;0;0;0;0;0;0;0;0;0;0;4519;0;0;89;0;80;0;
15867;5278830;1014026240;20721664;1115058176;0;0;0;0;0;0;0;0;0;0;0;3487;0;0;89;0;80;0;
15868;5369069;1014026240;20721664;1115058176;0;0;0;0;0;0;0;0;0;0;0;3527;0;0;89;0;80;0;
15869;6103216;1014026240;20721664;1115058176;0;0;0;0;0;0;0;0;0;0;0;3416;0;0;89;0;80;0;
15870;4397768;1014026240;20721664;1115058176;0;0;0;0;0;0;0;0;0;0;0;3697;0;0;89;0;80;0;
15871;6046950;1014026240;20721664;1115058176;0;0;0;0;0;0;0;0;0;0;0;3166;0;0;89;0;80;0;
15872;4978056;1014050816;20713472;1115049984;0;0;0;0;0;0;0;0;0;0;0;3707;0;0;89;0;80;0;
15873;4909277;1014050816;20713472;1115049984;0;0;0;0;0;0;0;0;0;0;0;3556;0;0;89;0;80;0;
15874;4544763;1014050816;20713472;1115049984;0;0;0;0;0;0;0;0;0;0;0;3787;0;0;89;0;80;0;
15875;6439045;1014050816;20713472;1115049984;0;0;0;0;0;0;0;0;0;0;0;3286;0;0;89;0;80;0;
15876;3614930;1014050816;20713472;1115049984;0;0;0;0;0;0;0;0;0;0;0;3346;0;0;89;0;80;0;
15877;5724135;1014050816;20713472;1115049984;0;0;0;0;0;0;0;0;0;0;0;3476;0;0;89;0;80;0;
15878;4577044;1014050816;20713472;1115049984;0;0;0;0;0;0;0;0;0;0;0;3526;0;0;89;0;80;0;
15879;6051288;1014050816;20713472;1115049984;0;0;0;0;0;0;0;0;0;0;0;3447;0;0;89;0;80;0;
15880;5591626;1014050816;20713472;1115049984;0;0;0;0;0;0;0;0;0;0;0;4148;0;0;89;0;80;0;
15881;6196481;1014050816;20713472;1115049984;0;0;0;0;0;0;0;0;0;0;0;4769;0;0;89;0;80;0;
15882;5453006;1014050816;20713472;1115049984;0;0;0;0;0;0;0;0;0;0;0;3727;0;0;89;0;80;0;
15883;5300099;1014050816;20713472;1115049984;0;0;0;0;0;0;0;0;0;0;0;3637;0;0;89;0;80;0;
15884;4556976;1014050816;20713472;1115049984;0;0;0;0;0;0;0;0;0;0;0;3136;0;0;89;0;80;0;
15885;6629773;1014050816;20713472;1115049984;0;0;0;0;0;0;0;0;0;0;0;4057;0;0;89;0;80;0;
15886;4289815;1014050816;20713472;1115049984;0;0;0;0;0;0;0;0;0;0;0;3506;0;0;89;0;80;0;
15887;6636676;1014050816;20713472;1115049984;0;0;0;0;0;0;0;0;0;0;0;3537;0;0;89;0;80;0;
15888;4456508;1014050816;20713472;1115049984;0;0;0;0;0;0;0;0;0;0;0;3617;0;0;89;0;80;0;
15889;5856674;1014050816;20713472;1115049984;0;0;0;0;0;0;0;0;0;0;0;4077;0;0;89;0;80;0;
15890;4680608;1014050816;20713472;1115049984;0;0;0;0;0;0;0;0;0;0;0;3396;0;0;89;0;80;0;
15891;6213081;1014050816;20713472;1115049984;0;0;0;0;0;0;0;0;0;0;0;4348;0;0;89;0;80;0;
15892;4681479;1014050816;20713472;1115049984;0;0;0;0;0;0;0;0;0;0;0;3838;0;0;89;0;80;0;
15893;6444706;1014050816;20713472;1115049984;0;0;0;0;0;0;0;0;0;0;0;4398;0;0;89;0;80;0;
15894;4832082;1014050816;20713472;1115049984;0;0;0;0;0;0;0;0;0;0;0;4208;0;0;89;0;80;0;
15895;6151877;1014050816;20713472;1115049984;0;0;0;0;0;0;0;0;0;0;0;4569;0;0;89;0;80;0;
15896;4843384;1014050816;20713472;1115049984;0;0;0;0;0;0;0;0;0;0;0;3556;0;0;89;0;80;0;
15897;5859729;1014050816;20713472;1115049984;0;0;0;0;0;0;0;0;0;0;0;3607;0;0;89;0;80;0;
15898;4078579;1014050816;20713472;1115049984;0;0;0;0;0;0;0;0;0;0;0;3166;0;0;89;0;80;0;
15899;5441935;1014050816;20713472;1115049984;0;0;0;0;0;0;0;0;0;0;0;4429;0;0;89;0;80;0;
15900;5009554;1014050816;20713472;1115049984;0;0;0;0;0;0;0;0;0;0;0;5300;0;0;89;0;80;0;
15901;6314852;1014050816;20713472;1115049984;0;0;0;0;0;0;0;0;0;0;0;5931;0;0;89;0;80;0;
15902;6253818;1014050816;20713472;1115049984;0;0;0;0;0;0;0;0;0;0;0;5841;0;0;89;0;80;0;
15903;5574525;1014050816;20713472;1115049984;0;0;0;0;0;0;0;0;0;0;0;3717;0;0;89;0;80;0;
15904;4221687;1014050816;20713472;1115049984;0;0;0;0;0;0;0;0;0;0;0;3377;0;0;89;0;80;0;
15905;6293983;1014050816;20713472;1115049984;0;0;0;0;0;0;0;0;0;0;0;3938;0;0;89;0;80;0;
15906;4300445;1014050816;20713472;1115049984;0;0;0;0;0;0;0;0;0;0;0;3306;0;0;89;0;80;0;
15907;5083974;1014050816;20713472;1115049984;0;0;0;0;0;0;0;0;0;0;0;3596;0;0;89;0;80;0;
15908;3858526;1014050816;20713472;1115049984;0;0;0;0;0;0;0;0;0;0;0;3367;0;0;89;0;80;0;
15909;5562181;1014050816;20713472;1115049984;0;0;0;0;0;0;0;0;0;0;0;3757;0;0;89;0;80;0;
15910;3915152;1014050816;20713472;1115049984;0;0;0;0;0;0;0;0;0;0;0;3306;0;0;89;0;80;0;
15911;5249114;1014050816;20713472;1115049984;0;0;0;0;0;0;0;0;0;0;0;3706;0;0;89;0;80;0;
15912;4463280;1014050816;20713472;1115049984;0;0;0;0;0;0;0;0;0;0;0;3075;0;0;89;0;80;0;
15913;5223246;1014050816;20713472;1115049984;0;0;0;0;0;0;0;0;0;0;0;3907;0;0;89;0;80;0;
15914;3591495;1014050816;20713472;1115049984;0;0;0;0;0;0;0;0;0;0;0;3467;0;0;89;0;80;0;
15915;5772346;1014050816;20713472;1115049984;0;0;0;0;0;0;0;0;0;0;0;4718;0;0;89;0;80;0;
15916;4043423;1014050816;20713472;1115049984;0;0;0;0;0;0;0;0;0;0;0;3377;0;0;89;0;80;0;
15917;4849073;1014050816;20713472;1115049984;0;0;0;0;0;0;0;0;0;0;0;3868;0;0;89;0;80;0;
15918;3452655;1014050816;20713472;1115049984;0;0;0;0;0;0;0;0;0;0;0;2244;0;0;89;0;80;0;
15919;8170824;1014050816;20713472;1115049984;0;0;0;0;0;0;0;0;0;0;0;4158;0;0;89;0;80;0;
15920;9737331;1014050816;20713472;1115049984;0;0;0;0;0;0;0;0;0;0;0;3727;0;0;89;0;80;0;
15921;5646029;1014050816;20713472;1115049984;0;0;0;0;0;0;0;0;0;0;0;3016;0;0;89;0;80;0;
15922;4469833;1014050816;20713472;1115049984;0;0;0;0;0;0;0;0;0;0;0;3857;0;0;89;0;80;0;
15923;7031226;1014050816;20713472;1115049984;0;0;0;0;0;0;0;0;0;0;0;8005;0;0;89;0;80;0;
15924;4637758;1014050816;20713472;1115049984;0;0;0;0;0;0;0;0;0;0;0;2955;0;0;89;0;80;0;
15925;5108320;1014050816;20713472;1115049984;0;0;0;0;0;0;0;0;0;0;0;3327;0;0;89;0;80;0;
15926;3880507;1014050816;20713472;1115049984;0;0;0;0;0;0;0;0;0;0;0;2996;0;0;89;0;80;0;
15927;4511310;1014050816;20713472;1115049984;0;0;0;0;0;0;0;0;0;0;0;2605;0;0;89;0;80;0;
15928;3459799;1014050816;20713472;1115049984;0;0;0;0;0;0;0;0;0;0;0;2886;0;0;89;0;80;0;
15929;5332150;1014050816;20713472;1115049984;0;0;0;0;0;0;0;0;0;0;0;2184;0;0;89;0;80;0;
15930;2770165;1014050816;20713472;1115049984;0;0;0;0;0;0;0;0;0;0;0;1763;0;0;89;0;80;0;
15931;4327275;1014050816;20713472;1115049984;0;0;0;0;0;0;0;0;0;0;0;1613;0;0;89;0;80;0;
15932;3476820;1014050816;20713472;1115049984;0;0;0;0;0;0;0;0;0;0;0;2825;0;0;89;0;80;0;
15933;4560953;1014050816;20713472;1115049984;0;0;0;0;0;0;0;0;0;0;0;2154;0;0;89;0;80;0;
15934;4130626;1014050816;20713472;1115049984;0;0;0;0;0;0;0;0;0;0;0;2504;0;0;89;0;80;0;
15935;4495240;1014050816;20713472;1115049984;0;0;0;0;0;0;0;0;0;0;0;2174;0;0;89;0;80;0;
15936;3520623;1014050816;20713472;1115049984;0;0;0;0;0;0;0;0;0;0;0;2164;0;0;89;0;80;0;
15937;5314156;1014050816;20713472;1115049984;0;0;0;0;0;0;0;0;0;0;0;1693;0;0;89;0;80;0;
15938;2782368;1014050816;20713472;1115049984;0;0;0;0;0;0;0;0;0;0;0;2385;0;0;89;0;80;0;
15939;5297214;1014050816;20713472;1115049984;0;0;0;0;0;0;0;0;0;0;0;2044;0;0;89;0;80;0;
15940;3311210;1014050816;20713472;1115049984;0;0;0;0;0;0;0;0;0;0;0;2454;0;0;89;0;80;0;
15941;4454163;1014050816;20713472;1115049984;0;0;0;0;0;0;0;0;0;0;0;2104;0;0;89;0;80;0;
15942;3350583;1014050816;20713472;1115049984;0;0;0;0;0;0;0;0;0;0;0;2515;0;0;89;0;80;0;
15943;4731984;1014050816;20713472;1115049984;0;0;0;0;0;0;0;0;0;0;0;2264;0;0;89;0;80;0;
15944;3323703;1014050816;20713472;1115049984;0;0;0;0;0;0;0;0;0;0;0;2775;0;0;89;0;80;0;
15945;4367691;1014050816;20713472;1115049984;0;0;0;0;0;0;0;0;0;0;0;2094;0;0;89;0;80;0;
15946;2887104;1014050816;20713472;1115049984;0;0;0;0;0;0;0;0;0;0;0;2525;0;0;89;0;80;0;
15947;4313540;1014050816;20713472;1115049984;0;0;0;0;0;0;0;0;0;0;0;2024;0;0;89;0;80;0;
15948;2942047;1014050816;20713472;1115049984;0;0;0;0;0;0;0;0;0;0;0;2605;0;0;89;0;80;0;
15949;4623160;1014050816;20713472;1115049984;0;0;0;0;0;0;0;0;0;0;0;1944;0;0;89;0;80;0;
15950;3955257;1014050816;20713472;1115049984;0;0;0;0;0;0;0;0;0;0;0;2725;0;0;89;0;80;0;
15951;4791035;1014050816;20713472;1115049984;0;0;0;0;0;0;0;0;0;0;0;1963;0;0;89;0;80;0;
15952;3260084;1014050816;20713472;1115049984;0;0;0;0;0;0;0;0;0;0;0;2575;0;0;89;0;80;0;
15953;5005357;1014050816;20713472;1115049984;0;0;0;0;0;0;0;0;0;0;0;1733;0;0;89;0;80;0;
15954;2520648;1014050816;20713472;1115049984;0;0;0;0;0;0;0;0;0;0;0;1863;0;0;89;0;80;0;
15955;4509186;1014050816;20713472;1115049984;0;0;0;0;0;0;0;0;0;0;0;1723;0;0;89;0;80;0;
15956;2818656;1014050816;20713472;1115049984;0;0;0;0;0;0;0;0;0;0;0;2324;0;0;89;0;80;0;
15957;5052245;1014050816;20713472;1115049984;0;0;0;0;0;0;0;0;0;0;0;2134;0;0;89;0;80;0;
15958;3442576;1014050816;20713472;1115049984;0;0;0;0;0;0;0;0;0;0;0;3236;0;0;89;0;80;0;
15959;4330070;1014050816;20713472;1115049984;0;0;0;0;0;0;0;0;0;0;0;2164;0;0;89;0;80;0;
15960;2821371;1014050816;20713472;1115049984;0;0;0;0;0;0;0;0;0;0;0;2525;0;0;89;0;80;0;
15961;4412465;1014050816;20713472;1115049984;0;0;0;0;0;0;0;0;0;0;0;2104;0;0;89;0;80;0;
15962;3901937;1014050816;20713472;1115049984;0;0;0;0;0;0;0;0;0;0;0;2705;0;0;89;0;80;0;
15963;4347563;1014050816;20713472;1115049984;0;0;0;0;0;0;0;0;0;0;0;2154;0;0;89;0;80;0;
15964;2813877;1014050816;20713472;1115049984;0;0;0;0;0;0;0;0;0;0;0;2735;0;0;89;0;80;0;
15965;4234441;1014050816;20713472;1115049984;0;0;0;0;0;0;0;0;0;0;0;2054;0;0;89;0;80;0;
15966;2904266;1014050816;20713472;1115049984;0;0;0;0;0;0;0;0;0;0;0;2294;0;0;89;0;80;0;
15967;4234371;1014050816;20713472;1115049984;0;0;0;0;0;0;0;0;0;0;0;1723;0;0;89;0;80;0;
15968;3090416;1014050816;20713472;1115049984;0;0;0;0;0;0;0;0;0;0;0;2104;0;0;89;0;80;0;
15969;4666933;1014050816;20713472;1115049984;0;0;0;0;0;0;0;0;0;0;0;1893;0;0;89;0;80;0;
15970;2934463;1014050816;20713472;1115049984;0;0;0;0;0;0;0;0;0;0;0;2185;0;0;89;0;80;0;
15971;4616127;1014050816;20721664;1115058176;0;0;0;0;0;0;0;0;0;0;0;2414;0;0;89;0;80;0;
15972;2636865;1014050816;20721664;1115058176;0;0;0;0;0;0;0;0;0;0;0;1953;0;0;89;0;80;0;
15973;4932490;1014050816;20721664;1115058176;0;0;0;0;0;0;0;0;0;0;0;2044;0;0;89;0;80;0;
15974;2635813;1014050816;20721664;1115058176;0;0;0;0;0;0;0;0;0;0;0;2004;0;0;89;0;80;0;
15975;4663997;1014050816;20721664;1115058176;0;0;0;0;0;0;0;0;0;0;0;2254;0;0;89;0;80;0;
15976;2485761;1014050816;20721664;1115058176;0;0;0;0;0;0;0;0;0;0;0;2364;0;0;89;0;80;0;
15977;4554461;1014050816;20721664;1115058176;0;0;0;0;0;0;0;0;0;0;0;1663;0;0;89;0;80;0;
15978;2476415;1014091776;20713472;1115049984;0;0;0;0;0;0;0;0;0;0;0;2535;0;0;89;0;80;0;
15979;4476936;1014091776;20713472;1115049984;0;0;0;0;0;0;0;0;0;0;0;1914;0;0;89;0;80;0;
15980;4406604;1014091776;20713472;1115049984;0;0;0;0;0;0;0;0;0;0;0;3016;0;0;89;0;80;0;
15981;4597321;1014091776;20713472;1115049984;0;0;0;0;0;0;0;0;0;0;0;1983;0;0;89;0;80;0;
15982;3786401;1014091776;20713472;1115049984;0;0;0;0;0;0;0;0;0;0;0;2254;0;0;89;0;80;0;
15983;4352242;1014091776;20713472;1115049984;0;0;0;0;0;0;0;0;0;0;0;1894;0;0;89;0;80;0;
15984;3054348;1014091776;20713472;1115049984;0;0;0;0;0;0;0;0;0;0;0;2254;0;0;89;0;80;0;
15985;4163188;1014091776;20713472;1115049984;0;0;0;0;0;0;0;0;0;0;0;1673;0;0;89;0;80;0;
15986;2696988;1014091776;20713472;1115049984;0;0;0;0;0;0;0;0;0;0;0;2484;0;0;89;0;80;0;
15987;4209315;1014091776;20713472;1115049984;0;0;0;0;0;0;0;0;0;0;0;1994;0;0;89;0;80;0;
15988;3125651;1014091776;20713472;1115049984;0;0;0;0;0;0;0;0;0;0;0;1823;0;0;89;0;80;0;
15989;4178847;1014091776;20713472;1115049984;0;0;0;0;0;0;0;0;0;0;0;1583;0;0;89;0;80;0;
15990;2799079;1014091776;20713472;1115049984;0;0;0;0;0;0;0;0;0;0;0;2394;0;0;89;0;80;0;
15991;4485643;1014091776;20713472;1115049984;0;0;0;0;0;0;0;0;0;0;0;1914;0;0;89;0;80;0;
15992;2742884;1014091776;20713472;1115049984;0;0;0;0;0;0;0;0;0;0;0;2114;0;0;89;0;80;0;
15993;4372410;1014091776;20713472;1115049984;0;0;0;0;0;0;0;0;0;0;0;1974;0;0;89;0;80;0;
15994;2314470;1014091776;20713472;1115049984;0;0;0;0;0;0;0;0;0;0;0;2395;0;0;89;0;80;0;
15995;4464422;1014091776;20713472;1115049984;0;0;0;0;0;0;0;0;0;0;0;1934;0;0;89;0;80;0;
15996;2772980;1014091776;20713472;1115049984;0;0;0;0;0;0;0;0;0;0;0;2845;0;0;89;0;80;0;
15997;4409269;1014091776;20713472;1115049984;0;0;0;0;0;0;0;0;0;0;0;1914;0;0;89;0;80;0;
15998;2598964;1014091776;20713472;1115049984;0;0;0;0;0;0;0;0;0;0;0;2385;0;0;89;0;80;0;
15999;4272502;1014091776;20713472;1115049984;0;0;0;0;0;0;0;0;0;0;0;2004;0;0;89;0;80;0;
16000;2406403;1014091776;20713472;1115049984;0;0;0;0;0;0;0;0;0;0;0;2514;0;0;89;0;80;0;
16001;4336082;1014091776;20713472;1115049984;0;0;0;0;0;0;0;0;0;0;0;2174;0;0;89;0;80;0;
16002;3668529;1014091776;20713472;1115049984;0;0;0;0;0;0;0;0;0;0;0;2314;0;0;89;0;80;0;
16003;4268876;1014091776;20713472;1115049984;0;0;0;0;0;0;0;0;0;0;0;1994;0;0;89;0;80;0;
16004;2856026;1014091776;20713472;1115049984;0;0;0;0;0;0;0;0;0;0;0;2144;0;0;89;0;80;0;
16005;4598925;1014091776;20713472;1115049984;0;0;0;0;0;0;0;0;0;0;0;1914;0;0;89;0;80;0;
16006;3148575;1014091776;20713472;1115049984;0;0;0;0;0;0;0;0;0;0;0;2404;0;0;89;0;80;0;
16007;5002071;1014091776;20713472;1115049984;0;0;0;0;0;0;0;0;0;0;0;1924;0;0;89;0;80;0;
16008;2620143;1014091776;20713472;1115049984;0;0;0;0;0;0;0;0;0;0;0;2615;0;0;89;0;80;0;
16009;4193394;1014091776;20713472;1115049984;0;0;0;0;0;0;0;0;0;0;0;1923;0;0;89;0;80;0;
16010;3467503;1014091776;20713472;1115049984;0;0;0;0;0;0;0;0;0;0;0;2825;0;0;89;0;80;0;
16011;4671511;1014091776;20713472;1115049984;0;0;0;0;0;0;0;0;0;0;0;1453;0;0;89;0;80;0;
16012;2296546;1014091776;20713472;1115049984;0;0;0;0;0;0;0;0;0;0;0;2384;0;0;89;0;80;0;
16013;4055256;1014091776;20713472;1115049984;0;0;0;0;0;0;0;0;0;0;0;1563;0;0;89;0;80;0;
16014;2291768;1014091776;20713472;1115049984;0;0;0;0;0;0;0;0;0;0;0;2394;0;0;89;0;80;0;
16015;4450616;1014091776;20713472;1115049984;0;0;0;0;0;0;0;0;0;0;0;1623;0;0;89;0;80;0;
16016;3118990;1014091776;20713472;1115049984;0;0;0;0;0;0;0;0;0;0;0;2404;0;0;89;0;80;0;
16017;4154371;1014091776;20713472;1115049984;0;0;0;0;0;0;0;0;0;0;0;1623;0;0;89;0;80;0;
16018;2183535;1014091776;20713472;1115049984;0;0;0;0;0;0;0;0;0;0;0;2164;0;0;89;0;80;0;
16019;4068721;1014091776;20713472;1115049984;0;0;0;0;0;0;0;0;0;0;0;1773;0;0;89;0;80;0;
16020;1811327;1014091776;20713472;1115049984;0;0;0;0;0;0;0;0;0;0;0;2114;0;0;89;0;80;0;
16021;5154586;1014091776;20713472;1115049984;0;0;0;0;0;0;0;0;0;0;0;1613;0;0;89;0;80;0;
16022;2113714;1014091776;20713472;1115049984;0;0;0;0;0;0;0;0;0;0;0;2234;0;0;89;0;80;0;
16023;4047210;1014091776;20713472;1115049984;0;0;0;0;0;0;0;0;0;0;0;1463;0;0;89;0;80;0;
16024;2013445;1014091776;20713472;1115049984;0;0;0;0;0;0;0;0;0;0;0;2054;0;0;89;0;80;0;
16025;4865515;1014091776;20713472;1115049984;0;0;0;0;0;0;0;0;0;0;0;1673;0;0;89;0;80;0;
16026;2821341;1014091776;20713472;1115049984;0;0;0;0;0;0;0;0;0;0;0;2765;0;0;89;0;80;0;
16027;4455406;1014091776;20713472;1115049984;0;0;0;0;0;0;0;0;0;0;0;1923;0;0;89;0;80;0;
16028;2436199;1014091776;20713472;1115049984;0;0;0;0;0;0;0;0;0;0;0;2375;0;0;89;0;80;0;
16029;4319831;1014091776;20713472;1115049984;0;0;0;0;0;0;0;0;0;0;0;1844;0;0;89;0;80;0;
16030;2723768;1014091776;20713472;1115049984;0;0;0;0;0;0;0;0;0;0;0;2425;0;0;89;0;80;0;
16031;4129926;1014091776;20713472;1115049984;0;0;0;0;0;0;0;0;0;0;0;1893;0;0;89;0;80;0;
16032;2458791;1014091776;20713472;1115049984;0;0;0;0;0;0;0;0;0;0;0;2635;0;0;89;0;80;0;
16033;4511941;1014091776;20713472;1115049984;0;0;0;0;0;0;0;0;0;0;0;1944;0;0;89;0;80;0;
16034;2922331;1014091776;20713472;1115049984;0;0;0;0;0;0;0;0;0;0;0;2635;0;0;89;0;80;0;
16035;4376127;1014091776;20713472;1115049984;0;0;0;0;0;0;0;0;0;0;0;1924;0;0;89;0;80;0;
16036;2579237;1014091776;20713472;1115049984;0;0;0;0;0;0;0;0;0;0;0;2915;0;0;89;0;80;0;
16037;4470904;1014091776;20713472;1115049984;0;0;0;0;0;0;0;0;0;0;0;2024;0;0;89;0;80;0;
16038;2316875;1014091776;20713472;1115049984;0;0;0;0;0;0;0;0;0;0;0;2064;0;0;89;0;80;0;
16039;4896062;1014091776;20713472;1115049984;0;0;0;0;0;0;0;0;0;0;0;1472;0;0;89;0;80;0;
16040;3078544;1014091776;20713472;1115049984;0;0;0;0;0;0;0;0;0;0;0;2374;0;0;89;0;80;0;
16041;4980610;1014091776;20713472;1115049984;0;0;0;0;0;0;0;0;0;0;0;1773;0;0;89;0;80;0;
16042;2351460;1014091776;20713472;1115049984;0;0;0;0;0;0;0;0;0;0;0;2084;0;0;89;0;80;0;
16043;4982504;1014091776;20713472;1115049984;0;0;0;0;0;0;0;0;0;0;0;1582;0;0;89;0;80;0;
16044;2096872;1014091776;20713472;1115049984;0;0;0;0;0;0;0;0;0;0;0;2214;0;0;89;0;80;0;
16045;4263646;1014091776;20713472;1115049984;0;0;0;0;0;0;0;0;0;0;0;1643;0;0;89;0;80;0;
16046;1790408;1014091776;20713472;1115049984;0;0;0;0;0;0;0;0;0;0;0;2414;0;0;89;0;80;0;
16047;4258567;1014091776;20713472;1115049984;0;0;0;0;0;0;0;0;0;0;0;1874;0;0;89;0;80;0;
16048;1938675;1014091776;20713472;1115049984;0;0;0;0;0;0;0;0;0;0;0;1833;0;0;89;0;80;0;
16049;5040644;1014091776;20713472;1115049984;0;0;0;0;0;0;0;0;0;0;0;1473;0;0;89;0;80;0;
16050;2483267;1014091776;20713472;1115049984;0;0;0;0;0;0;0;0;0;0;0;2164;0;0;89;0;80;0;
16051;4310293;1014091776;20713472;1115049984;0;0;0;0;0;0;0;0;0;0;0;1854;0;0;89;0;80;0;
16052;2609604;1014091776;20713472;1115049984;0;0;0;0;0;0;0;0;0;0;0;2374;0;0;89;0;80;0;
16053;4241975;1014091776;20713472;1115049984;0;0;0;0;0;0;0;0;0;0;0;1984;0;0;89;0;80;0;
16054;2384221;1014091776;20713472;1115049984;0;0;0;0;0;0;0;0;0;0;0;2385;0;0;89;0;80;0;
16055;4549672;1014091776;20713472;1115049984;0;0;0;0;0;0;0;0;0;0;0;2044;0;0;89;0;80;0;
16056;2431179;1014091776;20713472;1115049984;0;0;0;0;0;0;0;0;0;0;0;2175;0;0;89;0;80;0;
16057;4406223;1014091776;20713472;1115049984;0;0;0;0;0;0;0;0;0;0;0;1703;0;0;89;0;80;0;
16058;2636494;1014091776;20713472;1115049984;0;0;0;0;0;0;0;0;0;0;0;2204;0;0;89;0;80;0;
16059;4394402;1014091776;20713472;1115049984;0;0;0;0;0;0;0;0;0;0;0;1633;0;0;89;0;80;0;
16060;2814588;1014091776;20713472;1115049984;0;0;0;0;0;0;0;0;0;0;0;2686;0;0;89;0;80;0;
16061;4227849;1014091776;20713472;1115049984;0;0;0;0;0;0;0;0;0;0;0;1392;0;0;89;0;80;0;
16062;3314296;1014091776;20713472;1115049984;0;0;0;0;0;0;0;0;0;0;0;2755;0;0;89;0;80;0;
16063;5591626;1014091776;20713472;1115049984;0;0;0;0;0;0;0;0;0;0;0;1974;0;0;89;0;80;0;
16064;2744377;1014091776;20713472;1115049984;0;0;0;0;0;0;0;0;0;0;0;2544;0;0;89;0;80;0;
16065;4440628;1014091776;20713472;1115049984;0;0;0;0;0;0;0;0;0;0;0;1843;0;0;89;0;80;0;
16066;3110914;1014091776;20713472;1115049984;0;0;0;0;0;0;0;0;0;0;0;2164;0;0;89;0;80;0;
16067;4349928;1014091776;20713472;1115049984;0;0;0;0;0;0;0;0;0;0;0;1904;0;0;89;0;80;0;
16068;2923112;1014091776;20713472;1115049984;0;0;0;0;0;0;0;0;0;0;0;2655;0;0;89;0;80;0;
16069;4703741;1014091776;20713472;1115049984;0;0;0;0;0;0;0;0;0;0;0;1733;0;0;89;0;80;0;
16070;3434962;1014091776;20713472;1115049984;0;0;0;0;0;0;0;0;0;0;0;2134;0;0;89;0;80;0;
16071;4329519;1014091776;20713472;1115049984;0;0;0;0;0;0;0;0;0;0;0;1763;0;0;89;0;80;0;
16072;2872397;1014091776;20713472;1115049984;0;0;0;0;0;0;0;0;0;0;0;1944;0;0;89;0;80;0;
16073;4260450;1014091776;20713472;1115049984;0;0;0;0;0;0;0;0;0;0;0;2044;0;0;89;0;80;0;
16074;2420038;1014091776;20713472;1115049984;0;0;0;0;0;0;0;0;0;0;0;1793;0;0;89;0;80;0;
16075;3753971;1014091776;20713472;1115049984;0;0;0;0;0;0;0;0;0;0;0;1633;0;0;89;0;80;0;
16076;2088647;1014091776;20713472;1115049984;0;0;0;0;0;0;0;0;0;0;0;1903;0;0;89;0;80;0;
16077;4599436;1014091776;20713472;1115049984;0;0;0;0;0;0;0;0;0;0;0;1493;0;0;89;0;80;0;
16078;2037280;1014091776;20713472;1115049984;0;0;0;0;0;0;0;0;0;0;0;2024;0;0;89;0;80;0;
16079;4929204;1014091776;20713472;1115049984;0;0;0;0;0;0;0;0;0;0;0;1503;0;0;89;0;80;0;
16080;2240763;1014091776;20713472;1115049984;0;0;0;0;0;0;0;0;0;0;0;2224;0;0;89;0;80;0;
16081;4424407;1014091776;20713472;1115049984;0;0;0;0;0;0;0;0;0;0;0;1804;0;0;89;0;80;0;
16082;3399375;1014091776;20713472;1115049984;0;0;0;0;0;0;0;0;0;0;0;2034;0;0;89;0;80;0;
16083;4153459;1014091776;20713472;1115049984;0;0;0;0;0;0;0;0;0;0;0;1693;0;0;89;0;80;0;
16084;1981436;1014091776;20713472;1115049984;0;0;0;0;0;0;0;0;0;0;0;2004;0;0;89;0;80;0;
16085;4372179;1014091776;20713472;1115049984;0;0;0;0;0;0;0;0;0;0;0;1613;0;0;89;0;80;0;
16086;2893317;1014091776;20713472;1115049984;0;0;0;0;0;0;0;0;0;0;0;2355;0;0;89;0;80;0;
16087;5052325;1014091776;20713472;1115049984;0;0;0;0;0;0;0;0;0;0;0;1704;0;0;89;0;80;0;
16088;3012931;1014091776;20713472;1115049984;0;0;0;0;0;0;0;0;0;0;0;56586;0;0;89;0;80;0;
16089;5410397;1014091776;20713472;1115049984;0;0;0;0;0;0;0;0;0;0;0;1864;0;0;89;0;80;0;
16090;3318654;1014091776;20713472;1115049984;0;0;0;0;0;0;0;0;0;0;0;2184;0;0;89;0;80;0;
16091;5042627;1014091776;20713472;1115049984;0;0;0;0;0;0;0;0;0;0;0;1854;0;0;89;0;80;0;
16092;3476510;1014091776;20713472;1115049984;0;0;0;0;0;0;0;0;0;0;0;2255;0;0;89;0;80;0;
16093;4773552;1014091776;20713472;1115049984;0;0;0;0;0;0;0;0;0;0;0;1663;0;0;89;0;80;0;
16094;2127330;1014091776;20713472;1115049984;0;0;0;0;0;0;0;0;0;0;0;2514;0;0;89;0;80;0;
16095;4544913;1014091776;20713472;1115049984;0;0;0;0;0;0;0;0;0;0;0;1593;0;0;89;0;80;0;
16096;2730270;1014091776;20713472;1115049984;0;0;0;0;0;0;0;0;0;0;0;2014;0;0;89;0;80;0;
16097;4674997;1014091776;20713472;1115049984;0;0;0;0;0;0;0;0;0;0;0;1884;0;0;89;0;80;0;
16098;3642521;1014091776;20713472;1115049984;0;0;0;0;0;0;0;0;0;0;0;2876;0;0;89;0;80;0;
16099;4391355;1014091776;20713472;1115049984;0;0;0;0;0;0;0;0;0;0;0;1793;0;0;89;0;80;0;
16100;2658446;1014091776;20713472;1115049984;0;0;0;0;0;0;0;0;0;0;0;2274;0;0;89;0;80;0;
16101;4385113;1014091776;20713472;1115049984;0;0;0;0;0;0;0;0;0;0;0;1763;0;0;89;0;80;0;
16102;2221426;1014091776;20713472;1115049984;0;0;0;0;0;0;0;0;0;0;0;2474;0;0;89;0;80;0;
16103;4751280;1014091776;20713472;1115049984;0;0;0;0;0;0;0;0;0;0;0;1883;0;0;89;0;80;0;
16104;3569063;1014091776;20713472;1115049984;0;0;0;0;0;0;0;0;0;0;0;2865;0;0;89;0;80;0;
16105;4520327;1014091776;20713472;1115049984;0;0;0;0;0;0;0;0;0;0;0;1783;0;0;89;0;80;0;
16106;2052739;1014091776;20713472;1115049984;0;0;0;0;0;0;0;0;0;0;0;2815;0;0;89;0;80;0;
16107;5128769;1014091776;20713472;1115049984;0;0;0;0;0;0;0;0;0;0;0;2073;0;0;89;0;80;0;
16108;2736892;1014091776;20713472;1115049984;0;0;0;0;0;0;0;0;0;0;0;2715;0;0;89;0;80;0;
16109;4915028;1014091776;20721664;1115058176;0;0;0;0;0;0;0;0;0;0;0;2514;0;0;89;0;80;0;
16110;2431841;1014091776;20721664;1115058176;0;0;0;0;0;0;0;0;0;0;0;2054;0;0;89;0;80;0;
16111;4628229;1014091776;20721664;1115058176;0;0;0;0;0;0;0;0;0;0;0;1653;0;0;89;0;80;0;
16112;2601128;1014091776;20721664;1115058176;0;0;0;0;0;0;0;0;0;0;0;2425;0;0;89;0;80;0;
16113;4761139;1014091776;20721664;1115058176;0;0;0;0;0;0;0;0;0;0;0;1824;0;0;89;0;80;0;
16114;2788389;1014091776;20721664;1115058176;0;0;0;0;0;0;0;0;0;0;0;2685;0;0;89;0;80;0;
16115;4248638;1014091776;20721664;1115058176;0;0;0;0;0;0;0;0;0;0;0;2164;0;0;89;0;80;0;
16116;2164629;1014140928;20713472;1115049984;0;0;0;0;0;0;0;0;0;0;0;2755;0;0;89;0;80;0;
16117;5068696;1014140928;20713472;1115049984;0;0;0;0;0;0;0;0;0;0;0;1934;0;0;89;0;80;0;
16118;2412454;1014140928;20713472;1115049984;0;0;0;0;0;0;0;0;0;0;0;2755;0;0;89;0;80;0;
16119;4588405;1014140928;20713472;1115049984;0;0;0;0;0;0;0;0;0;0;0;1673;0;0;89;0;80;0;
16120;2506691;1014140928;20713472;1115049984;0;0;0;0;0;0;0;0;0;0;0;2385;0;0;89;0;80;0;
16121;4563328;1014140928;20713472;1115049984;0;0;0;0;0;0;0;0;0;0;0;1763;0;0;89;0;80;0;
16122;2925727;1014140928;20713472;1115049984;0;0;0;0;0;0;0;0;0;0;0;2475;0;0;89;0;80;0;
16123;4503506;1014140928;20713472;1115049984;0;0;0;0;0;0;0;0;0;0;0;1893;0;0;89;0;80;0;
16124;1637030;1014140928;20713472;1115049984;0;0;0;0;0;0;0;0;0;0;0;1923;0;0;89;0;80;0;
16125;4399009;1014140928;20713472;1115049984;0;0;0;0;0;0;0;0;0;0;0;1522;0;0;89;0;80;0;
16126;2488226;1014140928;20713472;1115049984;0;0;0;0;0;0;0;0;0;0;0;2205;0;0;89;0;80;0;
16127;5036194;1014140928;20713472;1115049984;0;0;0;0;0;0;0;0;0;0;0;1803;0;0;89;0;80;0;
16128;2445536;1014140928;20713472;1115049984;0;0;0;0;0;0;0;0;0;0;0;2094;0;0;89;0;80;0;
16129;4179869;1014140928;20713472;1115049984;0;0;0;0;0;0;0;0;0;0;0;1843;0;0;89;0;80;0;
16130;1950457;1014140928;20713472;1115049984;0;0;0;0;0;0;0;0;0;0;0;2245;0;0;89;0;80;0;
16131;5063857;1014140928;20713472;1115049984;0;0;0;0;0;0;0;0;0;0;0;1703;0;0;89;0;80;0;
16132;2224191;1014140928;20713472;1115049984;0;0;0;0;0;0;0;0;0;0;0;1803;0;0;89;0;80;0;
16133;4555053;1014140928;20713472;1115049984;0;0;0;0;0;0;0;0;0;0;0;1763;0;0;89;0;80;0;
16134;2189486;1014140928;20713472;1115049984;0;0;0;0;0;0;0;0;0;0;0;2154;0;0;89;0;80;0;
16135;4515609;1014140928;20713472;1115049984;0;0;0;0;0;0;0;0;0;0;0;1754;0;0;89;0;80;0;
16136;2986942;1014140928;20713472;1115049984;0;0;0;0;0;0;0;0;0;0;0;2305;0;0;89;0;80;0;
16137;5083293;1014140928;20713472;1115049984;0;0;0;0;0;0;0;0;0;0;0;1763;0;0;89;0;80;0;
16138;2332945;1014140928;20713472;1115049984;0;0;0;0;0;0;0;0;0;0;0;2093;0;0;89;0;80;0;
16139;4608022;1014140928;20713472;1115049984;0;0;0;0;0;0;0;0;0;0;0;1683;0;0;89;0;80;0;
16140;3384668;1014140928;20713472;1115049984;0;0;0;0;0;0;0;0;0;0;0;2465;0;0;89;0;80;0;
16141;5092931;1014140928;20713472;1115049984;0;0;0;0;0;0;0;0;0;0;0;1754;0;0;89;0;80;0;
16142;2374814;1014140928;20713472;1115049984;0;0;0;0;0;0;0;0;0;0;0;2124;0;0;89;0;80;0;
16143;4480212;1014140928;20713472;1115049984;0;0;0;0;0;0;0;0;0;0;0;1834;0;0;89;0;80;0;
16144;2343905;1014140928;20713472;1115049984;0;0;0;0;0;0;0;0;0;0;0;2244;0;0;89;0;80;0;
16145;4690637;1014140928;20713472;1115049984;0;0;0;0;0;0;0;0;0;0;0;1884;0;0;89;0;80;0;
16146;2736192;1014140928;20713472;1115049984;0;0;0;0;0;0;0;0;0;0;0;2825;0;0;89;0;80;0;
16147;5102319;1014140928;20713472;1115049984;0;0;0;0;0;0;0;0;0;0;0;1914;0;0;89;0;80;0;
16148;2543510;1014140928;20713472;1115049984;0;0;0;0;0;0;0;0;0;0;0;2564;0;0;89;0;80;0;
16149;4424598;1014140928;20713472;1115049984;0;0;0;0;0;0;0;0;0;0;0;1793;0;0;89;0;80;0;
16150;3463004;1014140928;20713472;1115049984;0;0;0;0;0;0;0;0;0;0;0;2725;0;0;89;0;80;0;
16151;5600463;1014140928;20713472;1115049984;0;0;0;0;0;0;0;0;0;0;0;2083;0;0;89;0;80;0;
16152;6374204;1014140928;20713472;1115049984;0;0;0;0;0;0;0;0;0;0;0;5150;0;0;89;0;80;0;
16153;6000714;1014140928;20713472;1115049984;0;0;0;0;0;0;0;0;0;0;0;3125;0;0;89;0;80;0;
16154;6513816;1014140928;20713472;1115049984;0;0;0;0;0;0;0;0;0;0;0;2394;0;0;89;0;80;0;
16155;5488393;1014140928;20713472;1115049984;0;0;0;0;0;0;0;0;0;0;0;2544;0;0;89;0;80;0;
16156;7162092;1014140928;20713472;1115049984;0;0;0;0;0;0;0;0;0;0;0;4408;0;0;89;0;80;0;
16157;5291984;1014140928;20713472;1115049984;0;0;0;0;0;0;0;0;0;0;0;3226;0;0;89;0;80;0;
16158;4696107;1014140928;20713472;1115049984;0;0;0;0;0;0;0;0;0;0;0;2655;0;0;89;0;80;0;
16159;4403619;1014140928;20713472;1115049984;0;0;0;0;0;0;0;0;0;0;0;2024;0;0;89;0;80;0;
16160;3740515;1014140928;20713472;1115049984;0;0;0;0;0;0;0;0;0;0;0;3396;0;0;89;0;80;0;
16161;4623892;1014140928;20713472;1115049984;0;0;0;0;0;0;0;0;0;0;0;2515;0;0;89;0;80;0;
16162;6067960;1014140928;20713472;1115049984;0;0;0;0;0;0;0;0;0;0;0;3045;0;0;89;0;80;0;
16163;4783872;1014140928;20713472;1115049984;0;0;0;0;0;0;0;0;0;0;0;1894;0;0;89;0;80;0;
16164;4678855;1014140928;20713472;1115049984;0;0;0;0;0;0;0;0;0;0;0;2905;0;0;89;0;80;0;
16165;4892315;1014140928;20713472;1115049984;0;0;0;0;0;0;0;0;0;0;0;1994;0;0;89;0;80;0;
16166;4195238;1014140928;20713472;1115049984;0;0;0;0;0;0;0;0;0;0;0;2485;0;0;89;0;80;0;
16167;4998144;1014140928;20713472;1115049984;0;0;0;0;0;0;0;0;0;0;0;2244;0;0;89;0;80;0;
16168;4699022;1014140928;20713472;1115049984;0;0;0;0;0;0;0;0;0;0;0;3507;0;0;89;0;80;0;
16169;7461183;1014140928;20713472;1115049984;0;0;0;0;0;0;0;0;0;0;0;2995;0;0;89;0;80;0;
16170;6530467;1014140928;20713472;1115049984;0;0;0;0;0;0;0;0;0;0;0;4147;0;0;89;0;80;0;
16171;7703106;1014140928;20713472;1115049984;0;0;0;0;0;0;0;0;0;0;0;3397;0;0;89;0;80;0;
16172;5646228;1014140928;20713472;1115049984;0;0;0;0;0;0;0;0;0;0;0;4108;0;0;89;0;80;0;
16173;5100425;1014140928;20713472;1115049984;0;0;0;0;0;0;0;0;0;0;0;2274;0;0;89;0;80;0;
16174;11401993;1014140928;20713472;1115049984;0;0;0;0;0;0;0;0;0;0;0;2585;0;0;89;0;80;0;
16175;5097190;1014140928;20713472;1115049984;0;0;0;0;0;0;0;0;0;0;0;2455;0;0;89;0;80;0;
16176;4783912;1014140928;20713472;1115049984;0;0;0;0;0;0;0;0;0;0;0;3266;0;0;89;0;80;0;
16177;5714507;1014140928;20713472;1115049984;0;0;0;0;0;0;0;0;0;0;0;2515;0;0;89;0;80;0;
16178;5468636;1014140928;20713472;1115049984;0;0;0;0;0;0;0;0;0;0;0;3537;0;0;89;0;80;0;
16179;4615455;1014140928;20713472;1115049984;0;0;0;0;0;0;0;0;0;0;0;2695;0;0;89;0;80;0;
16180;7142946;1014140928;20713472;1115049984;0;0;0;0;0;0;0;0;0;0;0;3707;0;0;89;0;80;0;
16181;5921215;1014140928;20713472;1115049984;0;0;0;0;0;0;0;0;0;0;0;2545;0;0;89;0;80;0;
16182;5203499;1014140928;20713472;1115049984;0;0;0;0;0;0;0;0;0;0;0;3937;0;0;89;0;80;0;
16183;5564416;1014140928;20713472;1115049984;0;0;0;0;0;0;0;0;0;0;0;2775;0;0;89;0;80;0;
16184;5531293;1014140928;20713472;1115049984;0;0;0;0;0;0;0;0;0;0;0;3917;0;0;89;0;80;0;
16185;5759551;1014140928;20713472;1115049984;0;0;0;0;0;0;0;0;0;0;0;3596;0;0;89;0;80;0;
16186;4649530;1014140928;20713472;1115049984;0;0;0;0;0;0;0;0;0;0;0;3486;0;0;89;0;80;0;
16187;5013833;1014140928;20713472;1115049984;0;0;0;0;0;0;0;0;0;0;0;2925;0;0;89;0;80;0;
16188;5015506;1014140928;20713472;1115049984;0;0;0;0;0;0;0;0;0;0;0;3646;0;0;89;0;80;0;
16189;6928914;1014140928;20713472;1115049984;0;0;0;0;0;0;0;0;0;0;0;3616;0;0;89;0;80;0;
16190;5246710;1014140928;20713472;1115049984;0;0;0;0;0;0;0;0;0;0;0;3967;0;0;89;0;80;0;
16191;5468646;1014140928;20713472;1115049984;0;0;0;0;0;0;0;0;0;0;0;2725;0;0;89;0;80;0;
16192;5013933;1014140928;20713472;1115049984;0;0;0;0;0;0;0;0;0;0;0;3717;0;0;89;0;80;0;
16193;5386010;1014140928;20713472;1115049984;0;0;0;0;0;0;0;0;0;0;0;2444;0;0;89;0;80;0;
16194;5418682;1014140928;20713472;1115049984;0;0;0;0;0;0;0;0;0;0;0;2374;0;0;89;0;80;0;
16195;5788636;1014140928;20713472;1115049984;0;0;0;0;0;0;0;0;0;0;0;1914;0;0;89;0;80;0;
16196;4115318;1014140928;20713472;1115049984;0;0;0;0;0;0;0;0;0;0;0;2946;0;0;89;0;80;0;
16197;5174754;1014140928;20713472;1115049984;0;0;0;0;0;0;0;0;0;0;0;2325;0;0;89;0;80;0;
16198;4330762;1014140928;20713472;1115049984;0;0;0;0;0;0;0;0;0;0;0;2985;0;0;89;0;80;0;
16199;6247467;1014140928;20713472;1115049984;0;0;0;0;0;0;0;0;0;0;0;2374;0;0;89;0;80;0;
16200;4132219;1014140928;20713472;1115049984;0;0;0;0;0;0;0;0;0;0;0;2835;0;0;89;0;80;0;
16201;5309628;1014140928;20713472;1115049984;0;0;0;0;0;0;0;0;0;0;0;2445;0;0;89;0;80;0;
16202;3902890;1014140928;20713472;1115049984;0;0;0;0;0;0;0;0;0;0;0;2615;0;0;89;0;80;0;
16203;5151321;1014140928;20713472;1115049984;0;0;0;0;0;0;0;0;0;0;0;2034;0;0;89;0;80;0;
16204;3627032;1014140928;20713472;1115049984;0;0;0;0;0;0;0;0;0;0;0;141606;0;0;89;0;80;0;
16205;5156350;1014140928;20713472;1115049984;0;0;0;0;0;0;0;0;0;0;0;2405;0;0;89;0;80;0;
16206;3835302;1014140928;20713472;1115049984;0;0;0;0;0;0;0;0;0;0;0;2565;0;0;89;0;80;0;
16207;4270940;1014140928;20713472;1115049984;0;0;0;0;0;0;0;0;0;0;0;2234;0;0;89;0;80;0;
16208;2722435;1014140928;20713472;1115049984;0;0;0;0;0;0;0;0;0;0;0;2535;0;0;89;0;80;0;
16209;6118375;1014140928;20713472;1115049984;0;0;0;0;0;0;0;0;0;0;0;2284;0;0;89;0;80;0;
16210;3587629;1014140928;20713472;1115049984;0;0;0;0;0;0;0;0;0;0;0;2835;0;0;89;0;80;0;
16211;6092696;1014140928;20713472;1115049984;0;0;0;0;0;0;0;0;0;0;0;2565;0;0;89;0;80;0;
16212;3739944;1014140928;20713472;1115049984;0;0;0;0;0;0;0;0;0;0;0;2865;0;0;89;0;80;0;
16213;5368448;1014140928;20713472;1115049984;0;0;0;0;0;0;0;0;0;0;0;2294;0;0;89;0;80;0;
16214;4934163;1014140928;20713472;1115049984;0;0;0;0;0;0;0;0;0;0;0;3046;0;0;89;0;80;0;
16215;6794342;1014140928;20713472;1115049984;0;0;0;0;0;0;0;0;0;0;0;2735;0;0;89;0;80;0;
16216;4198654;1014140928;20713472;1115049984;0;0;0;0;0;0;0;0;0;0;0;2565;0;0;89;0;80;0;
16217;5444200;1014140928;20713472;1115049984;0;0;0;0;0;0;0;0;0;0;0;2074;0;0;89;0;80;0;
16218;4118204;1014140928;20713472;1115049984;0;0;0;0;0;0;0;0;0;0;0;2505;0;0;89;0;80;0;
16219;6128954;1014140928;20713472;1115049984;0;0;0;0;0;0;0;0;0;0;0;2185;0;0;89;0;80;0;
16220;4158228;1014140928;20713472;1115049984;0;0;0;0;0;0;0;0;0;0;0;2354;0;0;89;0;80;0;
16221;5527616;1014140928;20713472;1115049984;0;0;0;0;0;0;0;0;0;0;0;2415;0;0;89;0;80;0;
16222;3853787;1014140928;20713472;1115049984;0;0;0;0;0;0;0;0;0;0;0;2755;0;0;89;0;80;0;
16223;6962086;1014140928;20713472;1115049984;0;0;0;0;0;0;0;0;0;0;0;2575;0;0;89;0;80;0;
16224;4680818;1014140928;20713472;1115049984;0;0;0;0;0;0;0;0;0;0;0;3176;0;0;89;0;80;0;
16225;6153570;1014140928;20713472;1115049984;0;0;0;0;0;0;0;0;0;0;0;2414;0;0;89;0;80;0;
16226;4182474;1014140928;20713472;1115049984;0;0;0;0;0;0;0;0;0;0;0;2726;0;0;89;0;80;0;
16227;5414504;1014140928;20713472;1115049984;0;0;0;0;0;0;0;0;0;0;0;2615;0;0;89;0;80;0;
16228;4085662;1014140928;20713472;1115049984;0;0;0;0;0;0;0;0;0;0;0;2514;0;0;89;0;80;0;
16229;5901267;1014140928;20713472;1115049984;0;0;0;0;0;0;0;0;0;0;0;2004;0;0;89;0;80;0;
16230;4436730;1014140928;20713472;1115049984;0;0;0;0;0;0;0;0;0;0;0;3026;0;0;89;0;80;0;
16231;6246093;1014140928;20713472;1115049984;0;0;0;0;0;0;0;0;0;0;0;2615;0;0;89;0;80;0;
16232;5397753;1014140928;20713472;1115049984;0;0;0;0;0;0;0;0;0;0;0;3577;0;0;89;0;80;0;
16233;5787835;1014140928;20713472;1115049984;0;0;0;0;0;0;0;0;0;0;0;2705;0;0;89;0;80;0;
16234;5217184;1014140928;20713472;1115049984;0;0;0;0;0;0;0;0;0;0;0;133681;0;0;89;0;80;0;
16235;6402497;1014140928;20713472;1115049984;0;0;0;0;0;0;0;0;0;0;0;2364;0;0;89;0;80;0;
16236;3286424;1014140928;20713472;1115049984;0;0;0;0;0;0;0;0;0;0;0;2625;0;0;89;0;80;0;
16237;5767667;1014140928;20713472;1115049984;0;0;0;0;0;0;0;0;0;0;0;2255;0;0;89;0;80;0;
16238;4240793;1014140928;20713472;1115049984;0;0;0;0;0;0;0;0;0;0;0;2374;0;0;89;0;80;0;
16239;5333522;1014140928;20713472;1115049984;0;0;0;0;0;0;0;0;0;0;0;2475;0;0;89;0;80;0;
16240;3252600;1014140928;20713472;1115049984;0;0;0;0;0;0;0;0;0;0;0;2334;0;0;89;0;80;0;
16241;4368353;1014140928;20713472;1115049984;0;0;0;0;0;0;0;0;0;0;0;1683;0;0;89;0;80;0;
16242;5099804;1014140928;20713472;1115049984;0;0;0;0;0;0;0;0;0;0;0;3257;0;0;89;0;80;0;
16243;5681986;1014140928;20713472;1115049984;0;0;0;0;0;0;0;0;0;0;0;2405;0;0;89;0;80;0;
16244;4050537;1014140928;20713472;1115049984;0;0;0;0;0;0;0;0;0;0;0;3216;0;0;89;0;80;0;
16245;5205021;1014140928;20713472;1115049984;0;0;0;0;0;0;0;0;0;0;0;2264;0;0;89;0;80;0;
16246;3741187;1014140928;20713472;1115049984;0;0;0;0;0;0;0;0;0;0;0;2695;0;0;89;0;80;0;
16247;5230639;1014140928;20713472;1115049984;0;0;0;0;0;0;0;0;0;0;0;2274;0;0;89;0;80;0;
16248;4061767;1014140928;20713472;1115049984;0;0;0;0;0;0;0;0;0;0;0;2615;0;0;89;0;80;0;
16249;6532341;1014140928;20713472;1115049984;0;0;0;0;0;0;0;0;0;0;0;2444;0;0;89;0;80;0;
16250;4906432;1014140928;20713472;1115049984;0;0;0;0;0;0;0;0;0;0;0;2816;0;0;89;0;80;0;
16251;6051208;1014140928;20713472;1115049984;0;0;0;0;0;0;0;0;0;0;0;2695;0;0;89;0;80;0;
16252;3876590;1014140928;20713472;1115049984;0;0;0;0;0;0;0;0;0;0;0;2314;0;0;89;0;80;0;
16253;4788620;1014140928;20713472;1115049984;0;0;0;0;0;0;0;0;0;0;0;1804;0;0;89;0;80;0;
16254;3000046;1014140928;20713472;1115049984;0;0;0;0;0;0;0;0;0;0;0;2905;0;0;89;0;80;0;
16255;5872082;1014140928;20713472;1115049984;0;0;0;0;0;0;0;0;0;0;0;2594;0;0;89;0;80;0;
16256;4694655;1014140928;20713472;1115049984;0;0;0;0;0;0;0;0;0;0;0;3226;0;0;89;0;80;0;
16257;5674011;1014140928;20713472;1115049984;0;0;0;0;0;0;0;0;0;0;0;2404;0;0;89;0;80;0;
16258;3777714;1014140928;20713472;1115049984;0;0;0;0;0;0;0;0;0;0;0;2875;0;0;89;0;80;0;
16259;5170377;1014140928;20713472;1115049984;0;0;0;0;0;0;0;0;0;0;0;2515;0;0;89;0;80;0;
16260;3358449;1014140928;20713472;1115049984;0;0;0;0;0;0;0;0;0;0;0;2675;0;0;89;0;80;0;
16261;4543661;1014140928;20713472;1115049984;0;0;0;0;0;0;0;0;0;0;0;2344;0;0;89;0;80;0;
16262;3563352;1014140928;20713472;1115049984;0;0;0;0;0;0;0;0;0;0;0;2615;0;0;89;0;80;0;
16263;5194091;1014140928;20713472;1115049984;0;0;0;0;0;0;0;0;0;0;0;2334;0;0;89;0;80;0;
16264;4322146;1014140928;20713472;1115049984;0;0;0;0;0;0;0;0;0;0;0;2965;0;0;89;0;80;0;
16265;5619319;1014140928;20713472;1115049984;0;0;0;0;0;0;0;0;0;0;0;2445;0;0;89;0;80;0;
16266;5598951;1014140928;20713472;1115049984;0;0;0;0;0;0;0;0;0;0;0;3347;0;0;89;0;80;0;
16267;5775371;1014140928;20713472;1115049984;0;0;0;0;0;0;0;0;0;0;0;2434;0;0;89;0;80;0;
16268;3741457;1014140928;20713472;1115049984;0;0;0;0;0;0;0;0;0;0;0;2785;0;0;89;0;80;0;
16269;4687932;1014140928;20713472;1115049984;0;0;0;0;0;0;0;0;0;0;0;2545;0;0;89;0;80;0;
16270;4807045;1014140928;20713472;1115049984;0;0;0;0;0;0;0;0;0;0;0;3196;0;0;89;0;80;0;
16271;5084766;1014140928;20713472;1115049984;0;0;0;0;0;0;0;0;0;0;0;1744;0;0;89;0;80;0;
16272;3313875;1014140928;20713472;1115049984;0;0;0;0;0;0;0;0;0;0;0;2445;0;0;89;0;80;0;
16273;4937620;1014140928;20713472;1115049984;0;0;0;0;0;0;0;0;0;0;0;1923;0;0;89;0;80;0;
16274;3119040;1014140928;20713472;1115049984;0;0;0;0;0;0;0;0;0;0;0;2945;0;0;89;0;80;0;
16275;5159556;1014140928;20713472;1115049984;0;0;0;0;0;0;0;0;0;0;0;2555;0;0;89;0;80;0;
16276;4755599;1014140928;20713472;1115049984;0;0;0;0;0;0;0;0;0;0;0;3396;0;0;89;0;80;0;
16277;5668961;1014140928;20713472;1115049984;0;0;0;0;0;0;0;0;0;0;0;2284;0;0;89;0;80;0;
16278;4796515;1014140928;20713472;1115049984;0;0;0;0;0;0;0;0;0;0;0;3115;0;0;89;0;80;0;
16279;5854950;1014140928;20713472;1115049984;0;0;0;0;0;0;0;0;0;0;0;3316;0;0;89;0;80;0;
16280;4791646;1014140928;20713472;1115049984;0;0;0;0;0;0;0;0;0;0;0;3196;0;0;89;0;80;0;
16281;5933828;1014140928;20713472;1115049984;0;0;0;0;0;0;0;0;0;0;0;2475;0;0;89;0;80;0;
16282;3116023;1014140928;20713472;1115049984;0;0;0;0;0;0;0;0;0;0;0;2515;0;0;89;0;80;0;
16283;4983115;1014140928;20713472;1115049984;0;0;0;0;0;0;0;0;0;0;0;2354;0;0;89;0;80;0;
16284;3745394;1014140928;20713472;1115049984;0;0;0;0;0;0;0;0;0;0;0;2655;0;0;89;0;80;0;
16285;5346447;1014140928;20713472;1115049984;0;0;0;0;0;0;0;0;0;0;0;2043;0;0;89;0;80;0;
16286;4090551;1014140928;20713472;1115049984;0;0;0;0;0;0;0;0;0;0;0;2685;0;0;89;0;80;0;
16287;5013833;1014140928;20713472;1115049984;0;0;0;0;0;0;0;0;0;0;0;1924;0;0;89;0;80;0;
16288;4341071;1014140928;20713472;1115049984;0;0;0;0;0;0;0;0;0;0;0;3066;0;0;89;0;80;0;
16289;5694319;1014140928;20713472;1115049984;0;0;0;0;0;0;0;0;0;0;0;2234;0;0;89;0;80;0;
16290;3667508;1014140928;20713472;1115049984;0;0;0;0;0;0;0;0;0;0;0;2765;0;0;89;0;80;0;
16291;4706316;1014140928;20713472;1115049984;0;0;0;0;0;0;0;0;0;0;0;2154;0;0;89;0;80;0;
16292;3139167;1014140928;20713472;1115049984;0;0;0;0;0;0;0;0;0;0;0;2305;0;0;89;0;80;0;
16293;4895911;1014140928;20713472;1115049984;0;0;0;0;0;0;0;0;0;0;0;2084;0;0;89;0;80;0;
16294;4068820;1014140928;20713472;1115049984;0;0;0;0;0;0;0;0;0;0;0;2785;0;0;89;0;80;0;
16295;4939173;1014140928;20713472;1115049984;0;0;0;0;0;0;0;0;0;0;0;2194;0;0;89;0;80;0;
16296;4356961;1014140928;20713472;1115049984;0;0;0;0;0;0;0;0;0;0;0;2525;0;0;89;0;80;0;
16297;4341121;1014140928;20713472;1115049984;0;0;0;0;0;0;0;0;0;0;0;1853;0;0;89;0;80;0;
16298;3896588;1014140928;20713472;1115049984;0;0;0;0;0;0;0;0;0;0;0;3026;0;0;89;0;80;0;
16299;5621231;1014140928;20713472;1115049984;0;0;0;0;0;0;0;0;0;0;0;2564;0;0;89;0;80;0;
16300;4554061;1014140928;20713472;1115049984;0;0;0;0;0;0;0;0;0;0;0;2745;0;0;89;0;80;0;
16301;4828886;1014140928;20713472;1115049984;0;0;0;0;0;0;0;0;0;0;0;2234;0;0;89;0;80;0;
16302;3368808;1014140928;20713472;1115049984;0;0;0;0;0;0;0;0;0;0;0;2355;0;0;89;0;80;0;
16303;5699579;1014140928;20713472;1115049984;0;0;0;0;0;0;0;0;0;0;0;2414;0;0;89;0;80;0;
16304;3524169;1014140928;20713472;1115049984;0;0;0;0;0;0;0;0;0;0;0;2785;0;0;89;0;80;0;
16305;4688142;1014140928;20713472;1115049984;0;0;0;0;0;0;0;0;0;0;0;2325;0;0;89;0;80;0;
16306;4195047;1014140928;20713472;1115049984;0;0;0;0;0;0;0;0;0;0;0;3446;0;0;89;0;80;0;
16307;5861312;1014140928;20713472;1115049984;0;0;0;0;0;0;0;0;0;0;0;2705;0;0;89;0;80;0;
16308;3320818;1014140928;20713472;1115049984;0;0;0;0;0;0;0;0;0;0;0;2655;0;0;89;0;80;0;
16309;5800718;1014140928;20713472;1115049984;0;0;0;0;0;0;0;0;0;0;0;2375;0;0;89;0;80;0;
16310;4041750;1014140928;20713472;1115049984;0;0;0;0;0;0;0;0;0;0;0;3025;0;0;89;0;80;0;
16311;5568503;1014140928;20713472;1115049984;0;0;0;0;0;0;0;0;0;0;0;2585;0;0;89;0;80;0;
16312;5478014;1014140928;20713472;1115049984;0;0;0;0;0;0;0;0;0;0;0;3727;0;0;89;0;80;0;
16313;5344583;1014140928;20713472;1115049984;0;0;0;0;0;0;0;0;0;0;0;2384;0;0;89;0;80;0;
16314;4160322;1014140928;20713472;1115049984;0;0;0;0;0;0;0;0;0;0;0;2746;0;0;89;0;80;0;
16315;5599161;1014140928;20713472;1115049984;0;0;0;0;0;0;0;0;0;0;0;2415;0;0;89;0;80;0;
16316;3232853;1014140928;20713472;1115049984;0;0;0;0;0;0;0;0;0;0;0;3286;0;0;89;0;80;0;
16317;5410196;1014140928;20713472;1115049984;0;0;0;0;0;0;0;0;0;0;0;2124;0;0;89;0;80;0;
16318;3246929;1014140928;20713472;1115049984;0;0;0;0;0;0;0;0;0;0;0;2916;0;0;89;0;80;0;
16319;5032087;1014140928;20713472;1115049984;0;0;0;0;0;0;0;0;0;0;0;2034;0;0;89;0;80;0;
16320;4423276;1014140928;20713472;1115049984;0;0;0;0;0;0;0;0;0;0;0;3677;0;0;89;0;80;0;
16321;7659435;1014140928;20721664;1115058176;0;0;0;0;0;0;0;0;0;0;0;4338;0;0;89;0;80;0;
16322;3865298;1014140928;20721664;1115058176;0;0;0;0;0;0;0;0;0;0;0;2715;0;0;89;0;80;0;
16323;5021527;1014140928;20721664;1115058176;0;0;0;0;0;0;0;0;0;0;0;2425;0;0;89;0;80;0;
16324;5647151;1014140928;20721664;1115058176;0;0;0;0;0;0;0;0;0;0;0;4088;0;0;89;0;80;0;
16325;5223425;1014140928;20721664;1115058176;0;0;0;0;0;0;0;0;0;0;0;2014;0;0;89;0;80;0;
16326;4446369;1014140928;20721664;1115058176;0;0;0;0;0;0;0;0;0;0;0;4258;0;0;89;0;80;0;
16327;6131749;1014140928;20721664;1115058176;0;0;0;0;0;0;0;0;0;0;0;2775;0;0;89;0;80;0;
16328;5501236;1014214656;20713472;1115049984;0;0;0;0;0;0;0;0;0;0;0;3737;0;0;89;0;80;0;
16329;16909401;1014214656;20713472;1115049984;0;0;0;0;0;0;0;0;0;0;0;3296;0;0;89;0;80;0;
16330;5666868;1014214656;20713472;1115049984;0;0;0;0;0;0;0;0;0;0;0;3637;0;0;89;0;80;0;
16331;7027890;1014214656;20713472;1115049984;0;0;0;0;0;0;0;0;0;0;0;3557;0;0;89;0;80;0;
16332;4314671;1014214656;20713472;1115049984;0;0;0;0;0;0;0;0;0;0;0;3477;0;0;89;0;80;0;
16333;6882677;1014214656;20713472;1115049984;0;0;0;0;0;0;0;0;0;0;0;2365;0;0;89;0;80;0;
16334;4966795;1014214656;20713472;1115049984;0;0;0;0;0;0;0;0;0;0;0;3326;0;0;89;0;80;0;
16335;5735135;1014214656;20713472;1115049984;0;0;0;0;0;0;0;0;0;0;0;2384;0;0;89;0;80;0;
16336;4536217;1014214656;20713472;1115049984;0;0;0;0;0;0;0;0;0;0;0;3156;0;0;89;0;80;0;
16337;5126735;1014214656;20713472;1115049984;0;0;0;0;0;0;0;0;0;0;0;2195;0;0;89;0;80;0;
16338;4496953;1014214656;20713472;1115049984;0;0;0;0;0;0;0;0;0;0;0;3487;0;0;89;0;80;0;
16339;5718134;1014214656;20713472;1115049984;0;0;0;0;0;0;0;0;0;0;0;2695;0;0;89;0;80;0;
16340;4936448;1014214656;20713472;1115049984;0;0;0;0;0;0;0;0;0;0;0;3115;0;0;89;0;80;0;
16341;5841916;1014214656;20713472;1115049984;0;0;0;0;0;0;0;0;0;0;0;2295;0;0;89;0;80;0;
16342;3976968;1014214656;20713472;1115049984;0;0;0;0;0;0;0;0;0;0;0;2575;0;0;89;0;80;0;
16343;5451013;1014214656;20713472;1115049984;0;0;0;0;0;0;0;0;0;0;0;2474;0;0;89;0;80;0;
16344;3264443;1014214656;20713472;1115049984;0;0;0;0;0;0;0;0;0;0;0;2624;0;0;89;0;80;0;
16345;6456669;1014214656;20713472;1115049984;0;0;0;0;0;0;0;0;0;0;0;2254;0;0;89;0;80;0;
16346;4759135;1014214656;20713472;1115049984;0;0;0;0;0;0;0;0;0;0;0;3326;0;0;89;0;80;0;
16347;6069793;1014214656;20713472;1115049984;0;0;0;0;0;0;0;0;0;0;0;2575;0;0;89;0;80;0;
16348;3272798;1014214656;20713472;1115049984;0;0;0;0;0;0;0;0;0;0;0;3076;0;0;89;0;80;0;
16349;5176978;1014214656;20713472;1115049984;0;0;0;0;0;0;0;0;0;0;0;2265;0;0;89;0;80;0;
16350;4584448;1014214656;20713472;1115049984;0;0;0;0;0;0;0;0;0;0;0;2915;0;0;89;0;80;0;
16351;5982519;1014214656;20713472;1115049984;0;0;0;0;0;0;0;0;0;0;0;2225;0;0;89;0;80;0;
16352;3818912;1014214656;20713472;1115049984;0;0;0;0;0;0;0;0;0;0;0;3016;0;0;89;0;80;0;
16353;6758264;1014214656;20713472;1115049984;0;0;0;0;0;0;0;0;0;0;0;2525;0;0;89;0;80;0;
16354;3723002;1014214656;20713472;1115049984;0;0;0;0;0;0;0;0;0;0;0;3647;0;0;89;0;80;0;
16355;6762943;1014214656;20713472;1115049984;0;0;0;0;0;0;0;0;0;0;0;2525;0;0;89;0;80;0;
16356;2654378;1014214656;20713472;1115049984;0;0;0;0;0;0;0;0;0;0;0;2675;0;0;89;0;80;0;
16357;4895791;1014214656;20713472;1115049984;0;0;0;0;0;0;0;0;0;0;0;1974;0;0;89;0;80;0;
16358;3032537;1014214656;20713472;1115049984;0;0;0;0;0;0;0;0;0;0;0;1943;0;0;89;0;80;0;
16359;5366134;1014214656;20713472;1115049984;0;0;0;0;0;0;0;0;0;0;0;1633;0;0;89;0;80;0;
16360;2725121;1014214656;20713472;1115049984;0;0;0;0;0;0;0;0;0;0;0;2124;0;0;89;0;80;0;
16361;4567495;1014214656;20713472;1115049984;0;0;0;0;0;0;0;0;0;0;0;1452;0;0;89;0;80;0;
16362;2797196;1014214656;20713472;1115049984;0;0;0;0;0;0;0;0;0;0;0;2485;0;0;89;0;80;0;
16363;5556290;1014214656;20713472;1115049984;0;0;0;0;0;0;0;0;0;0;0;1873;0;0;89;0;80;0;
16364;3351045;1014214656;20713472;1115049984;0;0;0;0;0;0;0;0;0;0;0;2475;0;0;89;0;80;0;
16365;4651303;1014214656;20713472;1115049984;0;0;0;0;0;0;0;0;0;0;0;1503;0;0;89;0;80;0;
16366;2671630;1014214656;20713472;1115049984;0;0;0;0;0;0;0;0;0;0;0;1894;0;0;89;0;80;0;
16367;5069467;1014214656;20713472;1115049984;0;0;0;0;0;0;0;0;0;0;0;1353;0;0;89;0;80;0;
16368;3408823;1014214656;20713472;1115049984;0;0;0;0;0;0;0;0;0;0;0;2255;0;0;89;0;80;0;
16369;6788140;1014214656;20713472;1115049984;0;0;0;0;0;0;0;0;0;0;0;2565;0;0;89;0;80;0;
16370;3281353;1014214656;20713472;1115049984;0;0;0;0;0;0;0;0;0;0;0;2665;0;0;89;0;80;0;
16371;4604896;1014214656;20713472;1115049984;0;0;0;0;0;0;0;0;0;0;0;2214;0;0;89;0;80;0;
16372;3484675;1014214656;20713472;1115049984;0;0;0;0;0;0;0;0;0;0;0;3256;0;0;89;0;80;0;
16373;4900811;1014214656;20713472;1115049984;0;0;0;0;0;0;0;0;0;0;0;2444;0;0;89;0;80;0;
16374;3640337;1014214656;20713472;1115049984;0;0;0;0;0;0;0;0;0;0;0;2265;0;0;89;0;80;0;
16375;4972515;1014214656;20713472;1115049984;0;0;0;0;0;0;0;0;0;0;0;1893;0;0;89;0;80;0;
16376;3356003;1014214656;20713472;1115049984;0;0;0;0;0;0;0;0;0;0;0;2444;0;0;89;0;80;0;
16377;10908648;1014214656;20713472;1115049984;0;0;0;0;0;0;0;0;0;0;0;2054;0;0;89;0;80;0;
16378;4263736;1014214656;20713472;1115049984;0;0;0;0;0;0;0;0;0;0;0;2505;0;0;89;0;80;0;
16379;5416147;1014214656;20713472;1115049984;0;0;0;0;0;0;0;0;0;0;0;2104;0;0;89;0;80;0;
16380;3996094;1014214656;20713472;1115049984;0;0;0;0;0;0;0;0;0;0;0;2785;0;0;89;0;80;0;
16381;4619553;1014214656;20713472;1115049984;0;0;0;0;0;0;0;0;0;0;0;2054;0;0;89;0;80;0;
16382;4103486;1014214656;20713472;1115049984;0;0;0;0;0;0;0;0;0;0;0;2805;0;0;89;0;80;0;
16383;5090066;1014214656;20713472;1115049984;0;0;0;0;0;0;0;0;0;0;0;2755;0;0;89;0;80;0;
16384;2690165;1014214656;20713472;1115049984;0;0;0;0;0;0;0;0;0;0;0;2214;0;0;89;0;80;0;
16385;4316034;1014214656;20713472;1115049984;0;0;0;0;0;0;0;0;0;0;0;1793;0;0;89;0;80;0;
16386;2975550;1014214656;20713472;1115049984;0;0;0;0;0;0;0;0;0;0;0;1713;0;0;89;0;80;0;
16387;4988575;1014214656;20713472;1115049984;0;0;0;0;0;0;0;0;0;0;0;1844;0;0;89;0;80;0;
16388;3329364;1014214656;20713472;1115049984;0;0;0;0;0;0;0;0;0;0;0;1773;0;0;89;0;80;0;
16389;4708931;1014214656;20713472;1115049984;0;0;0;0;0;0;0;0;0;0;0;1703;0;0;89;0;80;0;
16390;3939438;1014214656;20713472;1115049984;0;0;0;0;0;0;0;0;0;0;0;3266;0;0;89;0;80;0;
16391;5135922;1014214656;20713472;1115049984;0;0;0;0;0;0;0;0;0;0;0;2204;0;0;89;0;80;0;
16392;2677571;1014214656;20713472;1115049984;0;0;0;0;0;0;0;0;0;0;0;2284;0;0;89;0;80;0;
16393;5958975;1014214656;20713472;1115049984;0;0;0;0;0;0;0;0;0;0;0;1803;0;0;89;0;80;0;
16394;3589722;1014214656;20713472;1115049984;0;0;0;0;0;0;0;0;0;0;0;2305;0;0;89;0;80;0;
16395;5374549;1014214656;20713472;1115049984;0;0;0;0;0;0;0;0;0;0;0;2204;0;0;89;0;80;0;
16396;3881870;1014214656;20713472;1115049984;0;0;0;0;0;0;0;0;0;0;0;2785;0;0;89;0;80;0;
16397;5342149;1014214656;20713472;1115049984;0;0;0;0;0;0;0;0;0;0;0;2224;0;0;89;0;80;0;
16398;4527681;1014214656;20713472;1115049984;0;0;0;0;0;0;0;0;0;0;0;51968;0;0;89;0;80;0;
16399;4998645;1014214656;20713472;1115049984;0;0;0;0;0;0;0;0;0;0;0;2584;0;0;89;0;80;0;
16400;3683007;1014214656;20713472;1115049984;0;0;0;0;0;0;0;0;0;0;0;2024;0;0;89;0;80;0;
16401;5189262;1014214656;20713472;1115049984;0;0;0;0;0;0;0;0;0;0;0;1633;0;0;89;0;80;0;
16402;5159305;1014214656;20713472;1115049984;0;0;0;0;0;0;0;0;0;0;0;3206;0;0;89;0;80;0;
16403;4768974;1014214656;20713472;1115049984;0;0;0;0;0;0;0;0;0;0;0;2275;0;0;89;0;80;0;
16404;2774964;1014214656;20713472;1115049984;0;0;0;0;0;0;0;0;0;0;0;2204;0;0;89;0;80;0;
16405;5127656;1014214656;20713472;1115049984;0;0;0;0;0;0;0;0;0;0;0;89548;0;0;89;0;80;0;
16406;3664944;1014214656;20713472;1115049984;0;0;0;0;0;0;0;0;0;0;0;2063;0;0;89;0;80;0;
16407;4636274;1014214656;20713472;1115049984;0;0;0;0;0;0;0;0;0;0;0;1704;0;0;89;0;80;0;
16408;2069090;1014214656;20713472;1115049984;0;0;0;0;0;0;0;0;0;0;0;1783;0;0;89;0;80;0;
16409;4476214;1014214656;20713472;1115049984;0;0;0;0;0;0;0;0;0;0;0;1493;0;0;89;0;80;0;
16410;3654964;1014214656;20713472;1115049984;0;0;0;0;0;0;0;0;0;0;0;2284;0;0;89;0;80;0;
16411;5178552;1014214656;20713472;1115049984;0;0;0;0;0;0;0;0;0;0;0;2174;0;0;89;0;80;0;
16412;4166023;1014214656;20713472;1115049984;0;0;0;0;0;0;0;0;0;0;0;2445;0;0;89;0;80;0;
16413;4036420;1014214656;20713472;1115049984;0;0;0;0;0;0;0;0;0;0;0;2275;0;0;89;0;80;0;
16414;3140199;1014214656;20713472;1115049984;0;0;0;0;0;0;0;0;0;0;0;2044;0;0;89;0;80;0;
16415;4295756;1014214656;20713472;1115049984;0;0;0;0;0;0;0;0;0;0;0;1744;0;0;89;0;80;0;
16416;2292569;1014214656;20713472;1115049984;0;0;0;0;0;0;0;0;0;0;0;2134;0;0;89;0;80;0;
16417;5069227;1014214656;20713472;1115049984;0;0;0;0;0;0;0;0;0;0;0;2033;0;0;89;0;80;0;
16418;3217034;1014214656;20713472;1115049984;0;0;0;0;0;0;0;0;0;0;0;1844;0;0;89;0;80;0;
16419;5035984;1014214656;20713472;1115049984;0;0;0;0;0;0;0;0;0;0;0;1502;0;0;89;0;80;0;
16420;2868159;1014214656;20713472;1115049984;0;0;0;0;0;0;0;0;0;0;0;2255;0;0;89;0;80;0;
16421;5124490;1014214656;20713472;1115049984;0;0;0;0;0;0;0;0;0;0;0;2054;0;0;89;0;80;0;
16422;3171138;1014214656;20713472;1115049984;0;0;0;0;0;0;0;0;0;0;0;2234;0;0;89;0;80;0;
16423;5097259;1014214656;20713472;1115049984;0;0;0;0;0;0;0;0;0;0;0;1763;0;0;89;0;80;0;
16424;1832517;1014214656;20713472;1115049984;0;0;0;0;0;0;0;0;0;0;0;2134;0;0;89;0;80;0;
16425;4324300;1014214656;20713472;1115049984;0;0;0;0;0;0;0;0;0;0;0;1553;0;0;89;0;80;0;
16426;3763448;1014214656;20713472;1115049984;0;0;0;0;0;0;0;0;0;0;0;3988;0;0;89;0;80;0;
16427;5516115;1014214656;20713472;1115049984;0;0;0;0;0;0;0;0;0;0;0;2354;0;0;89;0;80;0;
16428;3378306;1014214656;20713472;1115049984;0;0;0;0;0;0;0;0;0;0;0;3447;0;0;89;0;80;0;
16429;5209981;1014214656;20713472;1115049984;0;0;0;0;0;0;0;0;0;0;0;1904;0;0;89;0;80;0;
16430;5335777;1014214656;20713472;1115049984;0;0;0;0;0;0;0;0;0;0;0;4479;0;0;89;0;80;0;
16431;5188490;1014214656;20713472;1115049984;0;0;0;0;0;0;0;0;0;0;0;2705;0;0;89;0;80;0;
16432;4820200;1014214656;20713472;1115049984;0;0;0;0;0;0;0;0;0;0;0;2875;0;0;89;0;80;0;
16433;5647822;1014214656;20713472;1115049984;0;0;0;0;0;0;0;0;0;0;0;2535;0;0;89;0;80;0;
16434;4528513;1014214656;20713472;1115049984;0;0;0;0;0;0;0;0;0;0;0;2915;0;0;89;0;80;0;
16435;4866827;1014214656;20713472;1115049984;0;0;0;0;0;0;0;0;0;0;0;2745;0;0;89;0;80;0;
16436;4108975;1014214656;20713472;1115049984;0;0;0;0;0;0;0;0;0;0;0;2816;0;0;89;0;80;0;
16437;5381893;1014214656;20713472;1115049984;0;0;0;0;0;0;0;0;0;0;0;2495;0;0;89;0;80;0;
16438;3336637;1014214656;20713472;1115049984;0;0;0;0;0;0;0;0;0;0;0;2755;0;0;89;0;80;0;
16439;5037648;1014214656;20713472;1115049984;0;0;0;0;0;0;0;0;0;0;0;1983;0;0;89;0;80;0;
16440;5452115;1014214656;20713472;1115049984;0;0;0;0;0;0;0;0;0;0;0;3226;0;0;89;0;80;0;
16441;5594091;1014214656;20713472;1115049984;0;0;0;0;0;0;0;0;0;0;0;2524;0;0;89;0;80;0;
16442;3625289;1014214656;20713472;1115049984;0;0;0;0;0;0;0;0;0;0;0;2795;0;0;89;0;80;0;
16443;5464929;1014214656;20713472;1115049984;0;0;0;0;0;0;0;0;0;0;0;2074;0;0;89;0;80;0;
16444;3889985;1014214656;20713472;1115049984;0;0;0;0;0;0;0;0;0;0;0;2695;0;0;89;0;80;0;
16445;5058797;1014214656;20713472;1115049984;0;0;0;0;0;0;0;0;0;0;0;1984;0;0;89;0;80;0;
16446;2475903;1014214656;20713472;1115049984;0;0;0;0;0;0;0;0;0;0;0;2595;0;0;89;0;80;0;
16447;4940395;1014214656;20713472;1115049984;0;0;0;0;0;0;0;0;0;0;0;2254;0;0;89;0;80;0;
16448;4388090;1014214656;20713472;1115049984;0;0;0;0;0;0;0;0;0;0;0;3246;0;0;89;0;80;0;
16449;5006139;1014214656;20713472;1115049984;0;0;0;0;0;0;0;0;0;0;0;2545;0;0;89;0;80;0;
16450;4027974;1014214656;20713472;1115049984;0;0;0;0;0;0;0;0;0;0;0;3536;0;0;89;0;80;0;
16451;6315915;1014214656;20713472;1115049984;0;0;0;0;0;0;0;0;0;0;0;3897;0;0;89;0;80;0;
16452;4694043;1014214656;20713472;1115049984;0;0;0;0;0;0;0;0;0;0;0;4017;0;0;89;0;80;0;
16453;6072658;1014214656;20713472;1115049984;0;0;0;0;0;0;0;0;0;0;0;3096;0;0;89;0;80;0;
16454;5643624;1014214656;20713472;1115049984;0;0;0;0;0;0;0;0;0;0;0;2825;0;0;89;0;80;0;
16455;6922593;1014214656;20713472;1115049984;0;0;0;0;0;0;0;0;0;0;0;2665;0;0;89;0;80;0;
16456;5152122;1014214656;20713472;1115049984;0;0;0;0;0;0;0;0;0;0;0;2585;0;0;89;0;80;0;
16457;6132711;1014214656;20713472;1115049984;0;0;0;0;0;0;0;0;0;0;0;2054;0;0;89;0;80;0;
16458;3112468;1014214656;20713472;1115049984;0;0;0;0;0;0;0;0;0;0;0;2415;0;0;89;0;80;0;
16459;4928163;1014214656;20713472;1115049984;0;0;0;0;0;0;0;0;0;0;0;2084;0;0;89;0;80;0;
16460;5327702;1014214656;20713472;1115049984;0;0;0;0;0;0;0;0;0;0;0;3346;0;0;89;0;80;0;
16461;5978221;1014214656;20713472;1115049984;0;0;0;0;0;0;0;0;0;0;0;2605;0;0;89;0;80;0;
16462;5857385;1014214656;20713472;1115049984;0;0;0;0;0;0;0;0;0;0;0;3787;0;0;89;0;80;0;
16463;5342679;1014214656;20713472;1115049984;0;0;0;0;0;0;0;0;0;0;0;2635;0;0;89;0;80;0;
16464;6031140;1014214656;20713472;1115049984;0;0;0;0;0;0;0;0;0;0;0;3666;0;0;89;0;80;0;
16465;6578447;1014214656;20713472;1115049984;0;0;0;0;0;0;0;0;0;0;0;3506;0;0;89;0;80;0;
16466;4745761;1014214656;20713472;1115049984;0;0;0;0;0;0;0;0;0;0;0;2966;0;0;89;0;80;0;
16467;5837878;1014214656;20713472;1115049984;0;0;0;0;0;0;0;0;0;0;0;3356;0;0;89;0;80;0;
16468;4157246;1014214656;20713472;1115049984;0;0;0;0;0;0;0;0;0;0;0;4168;0;0;89;0;80;0;
16469;4470374;1014214656;20713472;1115049984;0;0;0;0;0;0;0;0;0;0;0;2645;0;0;89;0;80;0;
16470;4767441;1014214656;20713472;1115049984;0;0;0;0;0;0;0;0;0;0;0;3156;0;0;89;0;80;0;
16471;5027599;1014214656;20713472;1115049984;0;0;0;0;0;0;0;0;0;0;0;2274;0;0;89;0;80;0;
16472;4794401;1014214656;20713472;1115049984;0;0;0;0;0;0;0;0;0;0;0;3597;0;0;89;0;80;0;
16473;5553655;1014214656;20713472;1115049984;0;0;0;0;0;0;0;0;0;0;0;2164;0;0;89;0;80;0;
16474;5061141;1014214656;20713472;1115049984;0;0;0;0;0;0;0;0;0;0;0;2505;0;0;89;0;80;0;
16475;4568067;1014214656;20713472;1115049984;0;0;0;0;0;0;0;0;0;0;0;1893;0;0;89;0;80;0;
16476;3559475;1014214656;20713472;1115049984;0;0;0;0;0;0;0;0;0;0;0;2875;0;0;89;0;80;0;
16477;5341107;1014214656;20713472;1115049984;0;0;0;0;0;0;0;0;0;0;0;1994;0;0;89;0;80;0;
16478;4084871;1014214656;20713472;1115049984;0;0;0;0;0;0;0;0;0;0;0;2445;0;0;89;0;80;0;
16479;4719511;1014214656;20713472;1115049984;0;0;0;0;0;0;0;0;0;0;0;1974;0;0;89;0;80;0;
16480;4793961;1014214656;20713472;1115049984;0;0;0;0;0;0;0;0;0;0;0;2054;0;0;89;0;80;0;
16481;4495270;1014214656;20713472;1115049984;0;0;0;0;0;0;0;0;0;0;0;1964;0;0;89;0;80;0;
16482;4506452;1014214656;20713472;1115049984;0;0;0;0;0;0;0;0;0;0;0;2194;0;0;89;0;80;0;
16483;5061482;1014214656;20713472;1115049984;0;0;0;0;0;0;0;0;0;0;0;2956;0;0;89;0;80;0;
16484;5644115;1014214656;20713472;1115049984;0;0;0;0;0;0;0;0;0;0;0;3636;0;0;89;0;80;0;
16485;5244245;1014214656;20713472;1115049984;0;0;0;0;0;0;0;0;0;0;0;2985;0;0;89;0;80;0;
16486;4743546;1014214656;20713472;1115049984;0;0;0;0;0;0;0;0;0;0;0;3257;0;0;89;0;80;0;
16487;5535050;1014214656;20713472;1115049984;0;0;0;0;0;0;0;0;0;0;0;3297;0;0;89;0;80;0;
16488;4690056;1014214656;20713472;1115049984;0;0;0;0;0;0;0;0;0;0;0;4058;0;0;89;0;80;0;
16489;5178151;1014214656;20713472;1115049984;0;0;0;0;0;0;0;0;0;0;0;2765;0;0;89;0;80;0;
16490;4397798;1014214656;20713472;1115049984;0;0;0;0;0;0;0;0;0;0;0;2655;0;0;89;0;80;0;
16491;4711356;1014214656;20713472;1115049984;0;0;0;0;0;0;0;0;0;0;0;1824;0;0;89;0;80;0;
16492;2922451;1014214656;20713472;1115049984;0;0;0;0;0;0;0;0;0;0;0;2315;0;0;89;0;80;0;
16493;5039421;1014214656;20713472;1115049984;0;0;0;0;0;0;0;0;0;0;0;1694;0;0;89;0;80;0;
16494;5720619;1014214656;20713472;1115049984;0;0;0;0;0;0;0;0;0;0;0;3206;0;0;89;0;80;0;
16495;5820336;1014214656;20713472;1115049984;0;0;0;0;0;0;0;0;0;0;0;3035;0;0;89;0;80;0;
16496;8011074;1014214656;20713472;1115049984;0;0;0;0;0;0;0;0;0;0;0;4408;0;0;89;0;80;0;
16497;5967381;1014214656;20713472;1115049984;0;0;0;0;0;0;0;0;0;0;0;3105;0;0;89;0;80;0;
16498;5227634;1014214656;20713472;1115049984;0;0;0;0;0;0;0;0;0;0;0;3417;0;0;89;0;80;0;
16499;5747689;1014214656;20713472;1115049984;0;0;0;0;0;0;0;0;0;0;0;2404;0;0;89;0;80;0;
16500;5881400;1014214656;20713472;1115049984;0;0;0;0;0;0;0;0;0;0;0;3256;0;0;89;0;80;0;
16501;6288574;1014214656;20713472;1115049984;0;0;0;0;0;0;0;0;0;0;0;2786;0;0;89;0;80;0;
16502;4808618;1014214656;20713472;1115049984;0;0;0;0;0;0;0;0;0;0;0;3387;0;0;89;0;80;0;
16503;5232042;1014214656;20713472;1115049984;0;0;0;0;0;0;0;0;0;0;0;2915;0;0;89;0;80;0;
16504;5272738;1014214656;20713472;1115049984;0;0;0;0;0;0;0;0;0;0;0;3156;0;0;89;0;80;0;
16505;6026662;1014214656;20713472;1115049984;0;0;0;0;0;0;0;0;0;0;0;2184;0;0;89;0;80;0;
16506;5307905;1014214656;20713472;1115049984;0;0;0;0;0;0;0;0;0;0;0;3326;0;0;89;0;80;0;
16507;7170728;1014214656;20713472;1115049984;0;0;0;0;0;0;0;0;0;0;0;2855;0;0;89;0;80;0;
16508;5853708;1014214656;20713472;1115049984;0;0;0;0;0;0;0;0;0;0;0;3627;0;0;89;0;80;0;
16509;5356856;1014214656;20713472;1115049984;0;0;0;0;0;0;0;0;0;0;0;2775;0;0;89;0;80;0;
16510;5430484;1014214656;20713472;1115049984;0;0;0;0;0;0;0;0;0;0;0;3266;0;0;89;0;80;0;
16511;5201855;1014214656;20713472;1115049984;0;0;0;0;0;0;0;0;0;0;0;2655;0;0;89;0;80;0;
16512;5330807;1014214656;20713472;1115049984;0;0;0;0;0;0;0;0;0;0;0;2845;0;0;89;0;80;0;
16513;5907839;1014214656;20713472;1115049984;0;0;0;0;0;0;0;0;0;0;0;2695;0;0;89;0;80;0;
16514;6626226;1014214656;20713472;1115049984;0;0;0;0;0;0;0;0;0;0;0;4178;0;0;89;0;80;0;
16515;5497520;1014214656;20713472;1115049984;0;0;0;0;0;0;0;0;0;0;0;2745;0;0;89;0;80;0;
16516;5673921;1014214656;20713472;1115049984;0;0;0;0;0;0;0;0;0;0;0;3306;0;0;89;0;80;0;
16517;6743146;1014214656;20713472;1115049984;0;0;0;0;0;0;0;0;0;0;0;2975;0;0;89;0;80;0;
16518;4976533;1014214656;20713472;1115049984;0;0;0;0;0;0;0;0;0;0;0;3136;0;0;89;0;80;0;
16519;7206074;1014214656;20713472;1115049984;0;0;0;0;0;0;0;0;0;0;0;2925;0;0;89;0;80;0;
16520;5207946;1014214656;20713472;1115049984;0;0;0;0;0;0;0;0;0;0;0;3887;0;0;89;0;80;0;
16521;4927260;1014214656;20713472;1115049984;0;0;0;0;0;0;0;0;0;0;0;2695;0;0;89;0;80;0;
16522;4929454;1014214656;20713472;1115049984;0;0;0;0;0;0;0;0;0;0;0;2975;0;0;89;0;80;0;
16523;7882683;1014214656;20713472;1115049984;0;0;0;0;0;0;0;0;0;0;0;3336;0;0;89;0;80;0;
16524;5696693;1014214656;20713472;1115049984;0;0;0;0;0;0;0;0;0;0;0;3116;0;0;89;0;80;0;
16525;6079561;1014214656;20713472;1115049984;0;0;0;0;0;0;0;0;0;0;0;3076;0;0;89;0;80;0;
16526;4825579;1014214656;20713472;1115049984;0;0;0;0;0;0;0;0;0;0;0;2875;0;0;89;0;80;0;
16527;5496569;1014214656;20713472;1115049984;0;0;0;0;0;0;0;0;0;0;0;2063;0;0;89;0;80;0;
16528;5048187;1014214656;20713472;1115049984;0;0;0;0;0;0;0;0;0;0;0;3367;0;0;89;0;80;0;
16529;6446409;1014214656;20713472;1115049984;0;0;0;0;0;0;0;0;0;0;0;3076;0;0;89;0;80;0;
16530;6111552;1014214656;20713472;1115049984;0;0;0;0;0;0;0;0;0;0;0;3056;0;0;89;0;80;0;
16531;5982389;1014214656;20713472;1115049984;0;0;0;0;0;0;0;0;0;0;0;3005;0;0;89;0;80;0;
16532;7154327;1014214656;20713472;1115049984;0;0;0;0;0;0;0;0;0;0;0;3928;0;0;89;0;80;0;
16533;7480249;1014214656;20713472;1115049984;0;0;0;0;0;0;0;0;0;0;0;3136;0;0;89;0;80;0;
16534;6592113;1014214656;20713472;1115049984;0;0;0;0;0;0;0;0;0;0;0;3347;0;0;89;0;80;0;
16535;6533412;1014214656;20713472;1115049984;0;0;0;0;0;0;0;0;0;0;0;3166;0;0;89;0;80;0;
16536;7552003;1014214656;20713472;1115049984;0;0;0;0;0;0;0;0;0;0;0;4048;0;0;89;0;80;0;
16537;8462561;1014214656;20713472;1115049984;0;0;0;0;0;0;0;0;0;0;0;2635;0;0;89;0;80;0;
16538;7488654;1014214656;20713472;1115049984;0;0;0;0;0;0;0;0;0;0;0;2926;0;0;89;0;80;0;
16539;7848458;1014214656;20713472;1115049984;0;0;0;0;0;0;0;0;0;0;0;2555;0;0;89;0;80;0;
16540;6765107;1014214656;20713472;1115049984;0;0;0;0;0;0;0;0;0;0;0;3687;0;0;89;0;80;0;
16541;8362904;1014214656;20713472;1115049984;0;0;0;0;0;0;0;0;0;0;0;3406;0;0;89;0;80;0;
16542;6289235;1014214656;20713472;1115049984;0;0;0;0;0;0;0;0;0;0;0;2455;0;0;89;0;80;0;
16543;5618567;1014214656;20713472;1115049984;0;0;0;0;0;0;0;0;0;0;0;2455;0;0;89;0;80;0;
16544;4017845;1014214656;20713472;1115049984;0;0;0;0;0;0;0;0;0;0;0;3096;0;0;89;0;80;0;
16545;5133807;1014214656;20713472;1115049984;0;0;0;0;0;0;0;0;0;0;0;2114;0;0;89;0;80;0;
16546;6757563;1014214656;20713472;1115049984;0;0;0;0;0;0;0;0;0;0;0;2826;0;0;89;0;80;0;
16547;5852416;1014214656;20713472;1115049984;0;0;0;0;0;0;0;0;0;0;0;2034;0;0;89;0;80;0;
16548;4546526;1014214656;20713472;1115049984;0;0;0;0;0;0;0;0;0;0;0;2675;0;0;89;0;80;0;
16549;7251299;1014214656;20713472;1115049984;0;0;0;0;0;0;0;0;0;0;0;2174;0;0;89;0;80;0;
16550;3711390;1014214656;20713472;1115049984;0;0;0;0;0;0;0;0;0;0;0;2415;0;0;89;0;80;0;
16551;6101302;1014214656;20713472;1115049984;0;0;0;0;0;0;0;0;0;0;0;2114;0;0;89;0;80;0;
16552;4220526;1014214656;20713472;1115049984;0;0;0;0;0;0;0;0;0;0;0;2424;0;0;89;0;80;0;
16553;5287316;1014214656;20713472;1115049984;0;0;0;0;0;0;0;0;0;0;0;1964;0;0;89;0;80;0;
16554;5374430;1014214656;20713472;1115049984;0;0;0;0;0;0;0;0;0;0;0;3657;0;0;89;0;80;0;
16555;5486349;1014214656;20713472;1115049984;0;0;0;0;0;0;0;0;0;0;0;3266;0;0;89;0;80;0;
16556;5283108;1014214656;20713472;1115049984;0;0;0;0;0;0;0;0;0;0;0;2906;0;0;89;0;80;0;
16557;4700816;1014214656;20713472;1115049984;0;0;0;0;0;0;0;0;0;0;0;2575;0;0;89;0;80;0;
16558;3963373;1014214656;20713472;1115049984;0;0;0;0;0;0;0;0;0;0;0;3206;0;0;89;0;80;0;
16559;6018136;1014214656;20713472;1115049984;0;0;0;0;0;0;0;0;0;0;0;2726;0;0;89;0;80;0;
16560;3885688;1014214656;20713472;1115049984;0;0;0;0;0;0;0;0;0;0;0;2925;0;0;89;0;80;0;
16561;4998634;1014214656;20713472;1115049984;0;0;0;0;0;0;0;0;0;0;0;2645;0;0;89;0;80;0;
16562;5836455;1014214656;20713472;1115049984;0;0;0;0;0;0;0;0;0;0;0;4559;0;0;89;0;80;0;
16563;6994467;1014214656;20713472;1115049984;0;0;0;0;0;0;0;0;0;0;0;2786;0;0;89;0;80;0;
16564;4512032;1014214656;20713472;1115049984;0;0;0;0;0;0;0;0;0;0;0;4167;0;0;89;0;80;0;
16565;6514137;1014214656;20713472;1115049984;0;0;0;0;0;0;0;0;0;0;0;2826;0;0;89;0;80;0;
16566;4592864;1014214656;20713472;1115049984;0;0;0;0;0;0;0;0;0;0;0;2514;0;0;89;0;80;0;
16567;4935756;1014214656;20713472;1115049984;0;0;0;0;0;0;0;0;0;0;0;2154;0;0;89;0;80;0;
16568;3595784;1014214656;20713472;1115049984;0;0;0;0;0;0;0;0;0;0;0;3226;0;0;89;0;80;0;
16569;5166329;1014214656;20713472;1115049984;0;0;0;0;0;0;0;0;0;0;0;2074;0;0;89;0;80;0;
16570;3394065;1014214656;20713472;1115049984;0;0;0;0;0;0;0;0;0;0;0;2796;0;0;89;0;80;0;
16571;5044020;1014214656;20713472;1115049984;0;0;0;0;0;0;0;0;0;0;0;2395;0;0;89;0;80;0;
16572;12548293;1014214656;20713472;1115049984;0;0;0;0;0;0;0;0;0;0;0;2965;0;0;89;0;80;0;
16573;4871656;1014214656;20713472;1115049984;0;0;0;0;0;0;0;0;0;0;0;2895;0;0;89;0;80;0;
16574;3578902;1014214656;20713472;1115049984;0;0;0;0;0;0;0;0;0;0;0;3317;0;0;89;0;80;0;
16575;4773712;1014214656;20713472;1115049984;0;0;0;0;0;0;0;0;0;0;0;3437;0;0;89;0;80;0;
16576;3934128;1014214656;20713472;1115049984;0;0;0;0;0;0;0;0;0;0;0;3206;0;0;89;0;80;0;
16577;5492610;1014214656;20713472;1115049984;0;0;0;0;0;0;0;0;0;0;0;2766;0;0;89;0;80;0;
16578;4701227;1014214656;20713472;1115049984;0;0;0;0;0;0;0;0;0;0;0;3436;0;0;89;0;80;0;
16579;4506812;1014214656;20713472;1115049984;0;0;0;0;0;0;0;0;0;0;0;2675;0;0;89;0;80;0;
16580;5898712;1014214656;20713472;1115049984;0;0;0;0;0;0;0;0;0;0;0;4328;0;0;89;0;80;0;
16581;5316681;1014214656;20713472;1115049984;0;0;0;0;0;0;0;0;0;0;0;3196;0;0;89;0;80;0;
16582;6394232;1014214656;20713472;1115049984;0;0;0;0;0;0;0;0;0;0;0;4599;0;0;89;0;80;0;
16583;6582876;1014214656;20713472;1115049984;0;0;0;0;0;0;0;0;0;0;0;4017;0;0;89;0;80;0;
16584;6427955;1014214656;20713472;1115049984;0;0;0;0;0;0;0;0;0;0;0;3827;0;0;89;0;80;0;
16585;6164421;1014214656;20713472;1115049984;0;0;0;0;0;0;0;0;0;0;0;3707;0;0;89;0;80;0;
16586;4920999;1014214656;20713472;1115049984;0;0;0;0;0;0;0;0;0;0;0;3367;0;0;89;0;80;0;
16587;5996365;1014214656;20713472;1115049984;0;0;0;0;0;0;0;0;0;0;0;3867;0;0;89;0;80;0;
16588;2978727;1014214656;20713472;1115049984;0;0;0;0;0;0;0;0;0;0;0;3647;0;0;89;0;80;0;
16589;5259534;1014214656;20713472;1115049984;0;0;0;0;0;0;0;0;0;0;0;2515;0;0;89;0;80;0;
16590;4161625;1014214656;20713472;1115049984;0;0;0;0;0;0;0;0;0;0;0;3106;0;0;89;0;80;0;
16591;5877523;1014214656;20713472;1115049984;0;0;0;0;0;0;0;0;0;0;0;3757;0;0;89;0;80;0;
16592;3686965;1014214656;20713472;1115049984;0;0;0;0;0;0;0;0;0;0;0;3256;0;0;89;0;80;0;
16593;4778291;1014214656;20713472;1115049984;0;0;0;0;0;0;0;0;0;0;0;2284;0;0;89;0;80;0;
16594;4292029;1014214656;20713472;1115049984;0;0;0;0;0;0;0;0;0;0;0;3407;0;0;89;0;80;0;
16595;5832608;1014214656;20713472;1115049984;0;0;0;0;0;0;0;0;0;0;0;2856;0;0;89;0;80;0;
16596;4566995;1014214656;20713472;1115049984;0;0;0;0;0;0;0;0;0;0;0;4429;0;0;89;0;80;0;
16597;5056674;1014214656;20713472;1115049984;0;0;0;0;0;0;0;0;0;0;0;3176;0;0;89;0;80;0;
16598;5713014;1014214656;20713472;1115049984;0;0;0;0;0;0;0;0;0;0;0;4108;0;0;89;0;80;0;
16599;5999060;1014214656;20713472;1115049984;0;0;0;0;0;0;0;0;0;0;0;2956;0;0;89;0;80;0;
16600;4805793;1014214656;20713472;1115049984;0;0;0;0;0;0;0;0;0;0;0;3537;0;0;89;0;80;0;
16601;6480494;1014214656;20713472;1115049984;0;0;0;0;0;0;0;0;0;0;0;3767;0;0;89;0;80;0;
16602;5908230;1014214656;20713472;1115049984;0;0;0;0;0;0;0;0;0;0;0;4037;0;0;89;0;80;0;
16603;6846510;1014214656;20713472;1115049984;0;0;0;0;0;0;0;0;0;0;0;4989;0;0;89;0;80;0;
16604;5061182;1014214656;20713472;1115049984;0;0;0;0;0;0;0;0;0;0;0;3998;0;0;89;0;80;0;
16605;6383432;1014214656;20713472;1115049984;0;0;0;0;0;0;0;0;0;0;0;4077;0;0;89;0;80;0;
16606;5370111;1014214656;20713472;1115049984;0;0;0;0;0;0;0;0;0;0;0;3927;0;0;89;0;80;0;
16607;6090923;1014214656;20713472;1115049984;0;0;0;0;0;0;0;0;0;0;0;4188;0;0;89;0;80;0;
16608;4712368;1014214656;20713472;1115049984;0;0;0;0;0;0;0;0;0;0;0;3687;0;0;89;0;80;0;
16609;6887086;1014214656;20713472;1115049984;0;0;0;0;0;0;0;0;0;0;0;3927;0;0;89;0;80;0;
16610;5514091;1014214656;20713472;1115049984;0;0;0;0;0;0;0;0;0;0;0;4178;0;0;89;0;80;0;
16611;7112459;1014214656;20713472;1115049984;0;0;0;0;0;0;0;0;0;0;0;4077;0;0;89;0;80;0;
16612;5737570;1014214656;20713472;1115049984;0;0;0;0;0;0;0;0;0;0;0;4378;0;0;89;0;80;0;
16613;7018382;1014214656;20721664;1115058176;0;0;0;0;0;0;0;0;0;0;0;3517;0;0;89;0;80;0;
16614;6916692;1014214656;20721664;1115058176;0;0;0;0;0;0;0;0;0;0;0;4759;0;0;89;0;80;0;
16615;6064803;1014214656;20721664;1115058176;0;0;0;0;0;0;0;0;0;0;0;3376;0;0;89;0;80;0;
16616;6164230;1014214656;20721664;1115058176;0;0;0;0;0;0;0;0;0;0;0;3526;0;0;89;0;80;0;
16617;6296188;1014214656;20721664;1115058176;0;0;0;0;0;0;0;0;0;0;0;3246;0;0;89;0;80;0;
16618;6268886;1014214656;20721664;1115058176;0;0;0;0;0;0;0;0;0;0;0;7103;0;0;89;0;80;0;
16619;6995790;1014214656;20721664;1115058176;0;0;0;0;0;0;0;0;0;0;0;4629;0;0;89;0;80;0;
16620;7353972;1014312960;20713472;1115049984;0;0;0;0;0;0;0;0;0;0;0;4528;0;0;89;0;80;0;
16621;6009871;1014312960;20713472;1115049984;0;0;0;0;0;0;0;0;0;0;0;4729;0;0;89;0;80;0;
16622;5870810;1014312960;20713472;1115049984;0;0;0;0;0;0;0;0;0;0;0;4268;0;0;89;0;80;0;
16623;5284451;1014312960;20713472;1115049984;0;0;0;0;0;0;0;0;0;0;0;3427;0;0;89;0;80;0;
16624;5227804;1014312960;20713472;1115049984;0;0;0;0;0;0;0;0;0;0;0;3697;0;0;89;0;80;0;
16625;6769215;1014312960;20713472;1115049984;0;0;0;0;0;0;0;0;0;0;0;3998;0;0;89;0;80;0;
16626;4482607;1014312960;20713472;1115049984;0;0;0;0;0;0;0;0;0;0;0;4879;0;0;89;0;80;0;
16627;5321200;1014312960;20713472;1115049984;0;0;0;0;0;0;0;0;0;0;0;3687;0;0;89;0;80;0;
16628;4503656;1014312960;20713472;1115049984;0;0;0;0;0;0;0;0;0;0;0;4048;0;0;89;0;80;0;
16629;6749628;1014312960;20713472;1115049984;0;0;0;0;0;0;0;0;0;0;0;4418;0;0;89;0;80;0;
16630;5206975;1014312960;20713472;1115049984;0;0;0;0;0;0;0;0;0;0;0;4108;0;0;89;0;80;0;
16631;6617260;1014312960;20713472;1115049984;0;0;0;0;0;0;0;0;0;0;0;4358;0;0;89;0;80;0;
16632;4974188;1014312960;20713472;1115049984;0;0;0;0;0;0;0;0;0;0;0;3767;0;0;89;0;80;0;
16633;7038530;1014312960;20713472;1115049984;0;0;0;0;0;0;0;0;0;0;0;4057;0;0;89;0;80;0;
16634;5028400;1014312960;20713472;1115049984;0;0;0;0;0;0;0;0;0;0;0;3166;0;0;89;0;80;0;
16635;6973368;1014312960;20713472;1115049984;0;0;0;0;0;0;0;0;0;0;0;4038;0;0;89;0;80;0;
16636;6481416;1014312960;20713472;1115049984;0;0;0;0;0;0;0;0;0;0;0;3707;0;0;89;0;80;0;
16637;8188026;1014312960;20713472;1115049984;0;0;0;0;0;0;0;0;0;0;0;4468;0;0;89;0;80;0;
16638;5506908;1014312960;20713472;1115049984;0;0;0;0;0;0;0;0;0;0;0;4338;0;0;89;0;80;0;
16639;6515589;1014312960;20713472;1115049984;0;0;0;0;0;0;0;0;0;0;0;3156;0;0;89;0;80;0;
16640;6163118;1014312960;20713472;1115049984;0;0;0;0;0;0;0;0;0;0;0;3586;0;0;89;0;80;0;
16641;6672844;1014312960;20713472;1115049984;0;0;0;0;0;0;0;0;0;0;0;3316;0;0;89;0;80;0;
16642;5382714;1014312960;20713472;1115049984;0;0;0;0;0;0;0;0;0;0;0;3607;0;0;89;0;80;0;
16643;6362933;1014312960;20713472;1115049984;0;0;0;0;0;0;0;0;0;0;0;4158;0;0;89;0;80;0;
16644;6016904;1014312960;20713472;1115049984;0;0;0;0;0;0;0;0;0;0;0;3276;0;0;89;0;80;0;
16645;5529110;1014312960;20713472;1115049984;0;0;0;0;0;0;0;0;0;0;0;3317;0;0;89;0;80;0;
16646;4626958;1014312960;20713472;1115049984;0;0;0;0;0;0;0;0;0;0;0;3817;0;0;89;0;80;0;
16647;5379579;1014312960;20713472;1115049984;0;0;0;0;0;0;0;0;0;0;0;2905;0;0;89;0;80;0;
16648;4315713;1014312960;20713472;1115049984;0;0;0;0;0;0;0;0;0;0;0;3556;0;0;89;0;80;0;
16649;6036210;1014312960;20713472;1115049984;0;0;0;0;0;0;0;0;0;0;0;3406;0;0;89;0;80;0;
16650;5607697;1014312960;20713472;1115049984;0;0;0;0;0;0;0;0;0;0;0;2985;0;0;89;0;80;0;
16651;6622590;1014312960;20713472;1115049984;0;0;0;0;0;0;0;0;0;0;0;2915;0;0;89;0;80;0;
16652;4412836;1014312960;20713472;1115049984;0;0;0;0;0;0;0;0;0;0;0;3356;0;0;89;0;80;0;
16653;7529551;1014312960;20713472;1115049984;0;0;0;0;0;0;0;0;0;0;0;4158;0;0;89;0;80;0;
16654;4399801;1014312960;20713472;1115049984;0;0;0;0;0;0;0;0;0;0;0;3838;0;0;89;0;80;0;
16655;5841655;1014312960;20713472;1115049984;0;0;0;0;0;0;0;0;0;0;0;3336;0;0;89;0;80;0;
16656;5280373;1014312960;20713472;1115049984;0;0;0;0;0;0;0;0;0;0;0;3747;0;0;89;0;80;0;
16657;5932616;1014312960;20713472;1115049984;0;0;0;0;0;0;0;0;0;0;0;3537;0;0;89;0;80;0;
16658;5673690;1014312960;20713472;1115049984;0;0;0;0;0;0;0;0;0;0;0;3627;0;0;89;0;80;0;
16659;6068611;1014312960;20713472;1115049984;0;0;0;0;0;0;0;0;0;0;0;2725;0;0;89;0;80;0;
16660;5479346;1014312960;20713472;1115049984;0;0;0;0;0;0;0;0;0;0;0;3697;0;0;89;0;80;0;
16661;5739213;1014312960;20713472;1115049984;0;0;0;0;0;0;0;0;0;0;0;3466;0;0;89;0;80;0;
16662;5494024;1014312960;20713472;1115049984;0;0;0;0;0;0;0;0;0;0;0;3637;0;0;89;0;80;0;
16663;6465435;1014312960;20713472;1115049984;0;0;0;0;0;0;0;0;0;0;0;4138;0;0;89;0;80;0;
16664;5641941;1014312960;20713472;1115049984;0;0;0;0;0;0;0;0;0;0;0;4207;0;0;89;0;80;0;
16665;6043945;1014312960;20713472;1115049984;0;0;0;0;0;0;0;0;0;0;0;3767;0;0;89;0;80;0;
16666;4346812;1014312960;20713472;1115049984;0;0;0;0;0;0;0;0;0;0;0;3797;0;0;89;0;80;0;
16667;7094615;1014312960;20713472;1115049984;0;0;0;0;0;0;0;0;0;0;0;10059;0;0;89;0;80;0;
16668;4998013;1014312960;20713472;1115049984;0;0;0;0;0;0;0;0;0;0;0;3416;0;0;89;0;80;0;
16669;6141157;1014312960;20713472;1115049984;0;0;0;0;0;0;0;0;0;0;0;2905;0;0;89;0;80;0;
16670;5061452;1014312960;20713472;1115049984;0;0;0;0;0;0;0;0;0;0;0;2935;0;0;89;0;80;0;
16671;6618432;1014312960;20713472;1115049984;0;0;0;0;0;0;0;0;0;0;0;3777;0;0;89;0;80;0;
16672;7168834;1014312960;20713472;1115049984;0;0;0;0;0;0;0;0;0;0;0;4218;0;0;89;0;80;0;
16673;6434427;1014312960;20713472;1115049984;0;0;0;0;0;0;0;0;0;0;0;3005;0;0;89;0;80;0;
16674;5852325;1014312960;20713472;1115049984;0;0;0;0;0;0;0;0;0;0;0;4028;0;0;89;0;80;0;
16675;5196134;1014312960;20713472;1115049984;0;0;0;0;0;0;0;0;0;0;0;2815;0;0;89;0;80;0;
16676;4339698;1014312960;20713472;1115049984;0;0;0;0;0;0;0;0;0;0;0;3837;0;0;89;0;80;0;
16677;6171314;1014312960;20713472;1115049984;0;0;0;0;0;0;0;0;0;0;0;3467;0;0;89;0;80;0;
16678;3855741;1014312960;20713472;1115049984;0;0;0;0;0;0;0;0;0;0;0;3166;0;0;89;0;80;0;
16679;6572706;1014312960;20713472;1115049984;0;0;0;0;0;0;0;0;0;0;0;3387;0;0;89;0;80;0;
16680;3961870;1014312960;20713472;1115049984;0;0;0;0;0;0;0;0;0;0;0;3416;0;0;89;0;80;0;
16681;5214079;1014312960;20713472;1115049984;0;0;0;0;0;0;0;0;0;0;0;2644;0;0;89;0;80;0;
16682;5627374;1014312960;20713472;1115049984;0;0;0;0;0;0;0;0;0;0;0;3567;0;0;89;0;80;0;
16683;5110825;1014312960;20713472;1115049984;0;0;0;0;0;0;0;0;0;0;0;2455;0;0;89;0;80;0;
16684;3656677;1014312960;20713472;1115049984;0;0;0;0;0;0;0;0;0;0;0;3617;0;0;89;0;80;0;
16685;5933237;1014312960;20713472;1115049984;0;0;0;0;0;0;0;0;0;0;0;2825;0;0;89;0;80;0;
16686;3266375;1014312960;20713472;1115049984;0;0;0;0;0;0;0;0;0;0;0;3135;0;0;89;0;80;0;
16687;4758714;1014312960;20713472;1115049984;0;0;0;0;0;0;0;0;0;0;0;2454;0;0;89;0;80;0;
16688;4537189;1014312960;20713472;1115049984;0;0;0;0;0;0;0;0;0;0;0;3657;0;0;89;0;80;0;
16689;5904754;1014312960;20713472;1115049984;0;0;0;0;0;0;0;0;0;0;0;2294;0;0;89;0;80;0;
16690;4140755;1014312960;20713472;1115049984;0;0;0;0;0;0;0;0;0;0;0;3657;0;0;89;0;80;0;
16691;5470770;1014312960;20713472;1115049984;0;0;0;0;0;0;0;0;0;0;0;3176;0;0;89;0;80;0;
16692;5904212;1014312960;20713472;1115049984;0;0;0;0;0;0;0;0;0;0;0;3907;0;0;89;0;80;0;
16693;6161005;1014312960;20713472;1115049984;0;0;0;0;0;0;0;0;0;0;0;2995;0;0;89;0;80;0;
16694;4335481;1014312960;20713472;1115049984;0;0;0;0;0;0;0;0;0;0;0;3977;0;0;89;0;80;0;
16695;6827083;1014312960;20713472;1115049984;0;0;0;0;0;0;0;0;0;0;0;2925;0;0;89;0;80;0;
16696;4787899;1014312960;20713472;1115049984;0;0;0;0;0;0;0;0;0;0;0;4108;0;0;89;0;80;0;
16697;7103481;1014312960;20713472;1115049984;0;0;0;0;0;0;0;0;0;0;0;3386;0;0;89;0;80;0;
16698;4659248;1014312960;20713472;1115049984;0;0;0;0;0;0;0;0;0;0;0;3867;0;0;89;0;80;0;
16699;5183231;1014312960;20713472;1115049984;0;0;0;0;0;0;0;0;0;0;0;3546;0;0;89;0;80;0;
16700;4534914;1014312960;20713472;1115049984;0;0;0;0;0;0;0;0;0;0;0;4448;0;0;89;0;80;0;
16701;7389248;1014312960;20721664;1115058176;0;0;0;0;0;0;0;0;0;0;0;3647;0;0;89;0;80;0;
16702;5386121;1014312960;20721664;1115058176;0;0;0;0;0;0;0;0;0;0;0;4359;0;0;89;0;80;0;
16703;5703476;1014312960;20721664;1115058176;0;0;0;0;0;0;0;0;0;0;0;3527;0;0;89;0;80;0;
16704;5340055;1014312960;20721664;1115058176;0;0;0;0;0;0;0;0;0;0;0;3997;0;0;89;0;80;0;
16705;5857105;1014312960;20721664;1115058176;0;0;0;0;0;0;0;0;0;0;0;2575;0;0;89;0;80;0;
16706;4670590;1014312960;20721664;1115058176;0;0;0;0;0;0;0;0;0;0;0;3486;0;0;89;0;80;0;
16707;5617766;1014312960;20721664;1115058176;0;0;0;0;0;0;0;0;0;0;0;3276;0;0;89;0;80;0;
16708;6248669;1014345728;20713472;1115049984;0;0;0;0;0;0;0;0;0;0;0;4067;0;0;89;0;80;0;
16709;5699949;1014345728;20713472;1115049984;0;0;0;0;0;0;0;0;0;0;0;3466;0;0;89;0;80;0;
16710;5729815;1014345728;20713472;1115049984;0;0;0;0;0;0;0;0;0;0;0;5991;0;0;89;0;80;0;
16711;5363719;1014345728;20713472;1115049984;0;0;0;0;0;0;0;0;0;0;0;1994;0;0;89;0;80;0;
16712;2900479;1014345728;20713472;1115049984;0;0;0;0;0;0;0;0;0;0;0;3857;0;0;89;0;80;0;
16713;5072924;1014345728;20713472;1115049984;0;0;0;0;0;0;0;0;0;0;0;2345;0;0;89;0;80;0;
16714;3800647;1014345728;20713472;1115049984;0;0;0;0;0;0;0;0;0;0;0;3507;0;0;89;0;80;0;
16715;5900065;1014345728;20713472;1115049984;0;0;0;0;0;0;0;0;0;0;0;2785;0;0;89;0;80;0;
16716;3779598;1014345728;20713472;1115049984;0;0;0;0;0;0;0;0;0;0;0;3026;0;0;89;0;80;0;
16717;5449660;1014345728;20713472;1115049984;0;0;0;0;0;0;0;0;0;0;0;5019;0;0;89;0;80;0;
16718;6240583;1014345728;20713472;1115049984;0;0;0;0;0;0;0;0;0;0;0;4338;0;0;89;0;80;0;
16719;6088408;1014345728;20713472;1115049984;0;0;0;0;0;0;0;0;0;0;0;3296;0;0;89;0;80;0;
16720;4748304;1014345728;20713472;1115049984;0;0;0;0;0;0;0;0;0;0;0;3847;0;0;89;0;80;0;
16721;5469357;1014345728;20713472;1115049984;0;0;0;0;0;0;0;0;0;0;0;2254;0;0;89;0;80;0;
16722;3717030;1014345728;20713472;1115049984;0;0;0;0;0;0;0;0;0;0;0;3126;0;0;89;0;80;0;
16723;5785670;1014345728;20713472;1115049984;0;0;0;0;0;0;0;0;0;0;0;3477;0;0;89;0;80;0;
16724;3862093;1014345728;20713472;1115049984;0;0;0;0;0;0;0;0;0;0;0;3236;0;0;89;0;80;0;
16725;5608749;1014345728;20713472;1115049984;0;0;0;0;0;0;0;0;0;0;0;2254;0;0;89;0;80;0;
16726;5123900;1014345728;20713472;1115049984;0;0;0;0;0;0;0;0;0;0;0;3406;0;0;89;0;80;0;
16727;4944633;1014345728;20713472;1115049984;0;0;0;0;0;0;0;0;0;0;0;2314;0;0;89;0;80;0;
16728;6353475;1014345728;20713472;1115049984;0;0;0;0;0;0;0;0;0;0;0;4409;0;0;89;0;80;0;
16729;5898993;1014345728;20713472;1115049984;0;0;0;0;0;0;0;0;0;0;0;3066;0;0;89;0;80;0;
16730;7049079;1014345728;20713472;1115049984;0;0;0;0;0;0;0;0;0;0;0;3938;0;0;89;0;80;0;
16731;4871896;1014345728;20713472;1115049984;0;0;0;0;0;0;0;0;0;0;0;2976;0;0;89;0;80;0;
16732;5972841;1014345728;20713472;1115049984;0;0;0;0;0;0;0;0;0;0;0;3687;0;0;89;0;80;0;
16733;5073575;1014345728;20713472;1115049984;0;0;0;0;0;0;0;0;0;0;0;2495;0;0;89;0;80;0;
16734;3553945;1014345728;20713472;1115049984;0;0;0;0;0;0;0;0;0;0;0;3577;0;0;89;0;80;0;
16735;5525532;1014345728;20713472;1115049984;0;0;0;0;0;0;0;0;0;0;0;2615;0;0;89;0;80;0;
16736;5463105;1014345728;20713472;1115049984;0;0;0;0;0;0;0;0;0;0;0;3797;0;0;89;0;80;0;
16737;4853382;1014345728;20713472;1115049984;0;0;0;0;0;0;0;0;0;0;0;2965;0;0;89;0;80;0;
16738;4472077;1014345728;20713472;1115049984;0;0;0;0;0;0;0;0;0;0;0;3095;0;0;89;0;80;0;
16739;4935085;1014345728;20713472;1115049984;0;0;0;0;0;0;0;0;0;0;0;2815;0;0;89;0;80;0;
16740;5347128;1014345728;20713472;1115049984;0;0;0;0;0;0;0;0;0;0;0;3226;0;0;89;0;80;0;
16741;6076956;1014345728;20713472;1115049984;0;0;0;0;0;0;0;0;0;0;0;2865;0;0;89;0;80;0;
16742;5166830;1014345728;20713472;1115049984;0;0;0;0;0;0;0;0;0;0;0;3476;0;0;89;0;80;0;
16743;5207856;1014345728;20713472;1115049984;0;0;0;0;0;0;0;0;0;0;0;2946;0;0;89;0;80;0;
16744;5811940;1014345728;20713472;1115049984;0;0;0;0;0;0;0;0;0;0;0;3576;0;0;89;0;80;0;
16745;5426798;1014345728;20713472;1115049984;0;0;0;0;0;0;0;0;0;0;0;2785;0;0;89;0;80;0;
16746;4301237;1014345728;20713472;1115049984;0;0;0;0;0;0;0;0;0;0;0;57057;0;0;89;0;80;0;
16747;5203208;1014345728;20713472;1115049984;0;0;0;0;0;0;0;0;0;0;0;2354;0;0;89;0;80;0;
16748;4154030;1014345728;20713472;1115049984;0;0;0;0;0;0;0;0;0;0;0;3616;0;0;89;0;80;0;
16749;6512062;1014345728;20713472;1115049984;0;0;0;0;0;0;0;0;0;0;0;2355;0;0;89;0;80;0;
16750;4371288;1014345728;20713472;1115049984;0;0;0;0;0;0;0;0;0;0;0;3266;0;0;89;0;80;0;
16751;8109899;1014345728;20713472;1115049984;0;0;0;0;0;0;0;0;0;0;0;2906;0;0;89;0;80;0;
16752;11175398;1014345728;20713472;1115049984;0;0;0;0;0;0;0;0;0;0;0;3397;0;0;89;0;80;0;
16753;6041329;1014345728;20713472;1115049984;0;0;0;0;0;0;0;0;0;0;0;4448;0;0;89;0;80;0;
16754;5098452;1014345728;20713472;1115049984;0;0;0;0;0;0;0;0;0;0;0;4779;0;0;89;0;80;0;
16755;6800804;1014345728;20713472;1115049984;0;0;0;0;0;0;0;0;0;0;0;3406;0;0;89;0;80;0;
16756;4260790;1014345728;20713472;1115049984;0;0;0;0;0;0;0;0;0;0;0;3808;0;0;89;0;80;0;
16757;5724125;1014345728;20713472;1115049984;0;0;0;0;0;0;0;0;0;0;0;2705;0;0;89;0;80;0;
16758;4175331;1014345728;20713472;1115049984;0;0;0;0;0;0;0;0;0;0;0;3496;0;0;89;0;80;0;
16759;5930512;1014345728;20713472;1115049984;0;0;0;0;0;0;0;0;0;0;0;3586;0;0;89;0;80;0;
16760;3618156;1014345728;20713472;1115049984;0;0;0;0;0;0;0;0;0;0;0;2885;0;0;89;0;80;0;
16761;4636476;1014345728;20713472;1115049984;0;0;0;0;0;0;0;0;0;0;0;3677;0;0;89;0;80;0;
16762;3100965;1014345728;20713472;1115049984;0;0;0;0;0;0;0;0;0;0;0;3537;0;0;89;0;80;0;
16763;5349432;1014345728;20713472;1115049984;0;0;0;0;0;0;0;0;0;0;0;3447;0;0;89;0;80;0;
16764;3975015;1014345728;20713472;1115049984;0;0;0;0;0;0;0;0;0;0;0;3737;0;0;89;0;80;0;
16765;5435584;1014345728;20713472;1115049984;0;0;0;0;0;0;0;0;0;0;0;3888;0;0;89;0;80;0;
16766;3206864;1014345728;20713472;1115049984;0;0;0;0;0;0;0;0;0;0;0;3747;0;0;89;0;80;0;
16767;5815145;1014345728;20713472;1115049984;0;0;0;0;0;0;0;0;0;0;0;3396;0;0;89;0;80;0;
16768;3910163;1014345728;20713472;1115049984;0;0;0;0;0;0;0;0;0;0;0;3396;0;0;89;0;80;0;
16769;5765894;1014345728;20713472;1115049984;0;0;0;0;0;0;0;0;0;0;0;4268;0;0;89;0;80;0;
16770;3944768;1014345728;20713472;1115049984;0;0;0;0;0;0;0;0;0;0;0;3828;0;0;89;0;80;0;
16771;5589753;1014345728;20713472;1115049984;0;0;0;0;0;0;0;0;0;0;0;3386;0;0;89;0;80;0;
16772;2805651;1014345728;20713472;1115049984;0;0;0;0;0;0;0;0;0;0;0;3857;0;0;89;0;80;0;
16773;4827113;1014345728;20713472;1115049984;0;0;0;0;0;0;0;0;0;0;0;2555;0;0;89;0;80;0;
16774;3193349;1014345728;20713472;1115049984;0;0;0;0;0;0;0;0;0;0;0;3486;0;0;89;0;80;0;
16775;5942775;1014345728;20713472;1115049984;0;0;0;0;0;0;0;0;0;0;0;2965;0;0;89;0;80;0;
16776;3084094;1014345728;20713472;1115049984;0;0;0;0;0;0;0;0;0;0;0;3497;0;0;89;0;80;0;
16777;5214960;1014345728;20713472;1115049984;0;0;0;0;0;0;0;0;0;0;0;2896;0;0;89;0;80;0;
16778;3122736;1014345728;20713472;1115049984;0;0;0;0;0;0;0;0;0;0;0;2645;0;0;89;0;80;0;
16779;5481270;1014345728;20713472;1115049984;0;0;0;0;0;0;0;0;0;0;0;2675;0;0;89;0;80;0;
16780;3148775;1014345728;20713472;1115049984;0;0;0;0;0;0;0;0;0;0;0;3036;0;0;89;0;80;0;
16781;5968703;1014345728;20713472;1115049984;0;0;0;0;0;0;0;0;0;0;0;3506;0;0;89;0;80;0;
16782;3504062;1014345728;20713472;1115049984;0;0;0;0;0;0;0;0;0;0;0;3196;0;0;89;0;80;0;
16783;5253802;1014345728;20713472;1115049984;0;0;0;0;0;0;0;0;0;0;0;3246;0;0;89;0;80;0;
16784;3345895;1014345728;20713472;1115049984;0;0;0;0;0;0;0;0;0;0;0;3076;0;0;89;0;80;0;
16785;5447967;1014345728;20713472;1115049984;0;0;0;0;0;0;0;0;0;0;0;3527;0;0;89;0;80;0;
16786;3081680;1014345728;20713472;1115049984;0;0;0;0;0;0;0;0;0;0;0;4018;0;0;89;0;80;0;
16787;5064548;1014345728;20713472;1115049984;0;0;0;0;0;0;0;0;0;0;0;2344;0;0;89;0;80;0;
16788;3512838;1014345728;20713472;1115049984;0;0;0;0;0;0;0;0;0;0;0;3126;0;0;89;0;80;0;
16789;5196566;1014345728;20713472;1115049984;0;0;0;0;0;0;0;0;0;0;0;2365;0;0;89;0;80;0;
16790;4170502;1014345728;20713472;1115049984;0;0;0;0;0;0;0;0;0;0;0;3517;0;0;89;0;80;0;
16791;5057935;1014345728;20713472;1115049984;0;0;0;0;0;0;0;0;0;0;0;2284;0;0;89;0;80;0;
16792;3767936;1014345728;20713472;1115049984;0;0;0;0;0;0;0;0;0;0;0;3596;0;0;89;0;80;0;
16793;5696744;1014345728;20713472;1115049984;0;0;0;0;0;0;0;0;0;0;0;2384;0;0;89;0;80;0;
16794;4402136;1014345728;20713472;1115049984;0;0;0;0;0;0;0;0;0;0;0;3236;0;0;89;0;80;0;
16795;4677131;1014345728;20713472;1115049984;0;0;0;0;0;0;0;0;0;0;0;2295;0;0;89;0;80;0;
16796;4256933;1014345728;20713472;1115049984;0;0;0;0;0;0;0;0;0;0;0;3466;0;0;89;0;80;0;
16797;5149958;1014345728;20713472;1115049984;0;0;0;0;0;0;0;0;0;0;0;2204;0;0;89;0;80;0;
16798;4533723;1014345728;20713472;1115049984;0;0;0;0;0;0;0;0;0;0;0;3777;0;0;89;0;80;0;
16799;4523473;1014345728;20713472;1115049984;0;0;0;0;0;0;0;0;0;0;0;3256;0;0;89;0;80;0;
16800;4424368;1014345728;20713472;1115049984;0;0;0;0;0;0;0;0;0;0;0;4128;0;0;89;0;80;0;
16801;4944353;1014345728;20713472;1115049984;0;0;0;0;0;0;0;0;0;0;0;2755;0;0;89;0;80;0;
16802;3663881;1014345728;20713472;1115049984;0;0;0;0;0;0;0;0;0;0;0;3928;0;0;89;0;80;0;
16803;4940184;1014345728;20713472;1115049984;0;0;0;0;0;0;0;0;0;0;0;2575;0;0;89;0;80;0;
16804;4554111;1014345728;20713472;1115049984;0;0;0;0;0;0;0;0;0;0;0;3537;0;0;89;0;80;0;
16805;5253332;1014345728;20713472;1115049984;0;0;0;0;0;0;0;0;0;0;0;2936;0;0;89;0;80;0;
16806;3571688;1014345728;20713472;1115049984;0;0;0;0;0;0;0;0;0;0;0;3617;0;0;89;0;80;0;
16807;5141021;1014345728;20713472;1115049984;0;0;0;0;0;0;0;0;0;0;0;3417;0;0;89;0;80;0;
16808;3934479;1014345728;20713472;1115049984;0;0;0;0;0;0;0;0;0;0;0;3798;0;0;89;0;80;0;
16809;5480287;1014345728;20713472;1115049984;0;0;0;0;0;0;0;0;0;0;0;3867;0;0;89;0;80;0;
16810;3195402;1014345728;20713472;1115049984;0;0;0;0;0;0;0;0;0;0;0;3987;0;0;89;0;80;0;
16811;5717673;1014345728;20713472;1115049984;0;0;0;0;0;0;0;0;0;0;0;3978;0;0;89;0;80;0;
16812;2973867;1014345728;20713472;1115049984;0;0;0;0;0;0;0;0;0;0;0;3236;0;0;89;0;80;0;
16813;5462875;1014345728;20713472;1115049984;0;0;0;0;0;0;0;0;0;0;0;1944;0;0;89;0;80;0;
16814;2332655;1014345728;20713472;1115049984;0;0;0;0;0;0;0;0;0;0;0;3637;0;0;89;0;80;0;
16815;5177169;1014345728;20713472;1115049984;0;0;0;0;0;0;0;0;0;0;0;2325;0;0;89;0;80;0;
16816;4083549;1014345728;20713472;1115049984;0;0;0;0;0;0;0;0;0;0;0;3336;0;0;89;0;80;0;
16817;5948876;1014345728;20713472;1115049984;0;0;0;0;0;0;0;0;0;0;0;3106;0;0;89;0;80;0;
16818;2954250;1014345728;20713472;1115049984;0;0;0;0;0;0;0;0;0;0;0;3326;0;0;89;0;80;0;
16819;4234381;1014345728;20713472;1115049984;0;0;0;0;0;0;0;0;0;0;0;2254;0;0;89;0;80;0;
16820;3060019;1014345728;20713472;1115049984;0;0;0;0;0;0;0;0;0;0;0;2956;0;0;89;0;80;0;
16821;4440187;1014345728;20713472;1115049984;0;0;0;0;0;0;0;0;0;0;0;1563;0;0;89;0;80;0;
16822;3291704;1014345728;20713472;1115049984;0;0;0;0;0;0;0;0;0;0;0;3546;0;0;89;0;80;0;
16823;6257194;1014345728;20713472;1115049984;0;0;0;0;0;0;0;0;0;0;0;3246;0;0;89;0;80;0;
16824;4105870;1014345728;20713472;1115049984;0;0;0;0;0;0;0;0;0;0;0;3828;0;0;89;0;80;0;
16825;6282472;1014345728;20713472;1115049984;0;0;0;0;0;0;0;0;0;0;0;3847;0;0;89;0;80;0;
16826;3836976;1014345728;20713472;1115049984;0;0;0;0;0;0;0;0;0;0;0;3767;0;0;89;0;80;0;
16827;6228570;1014345728;20713472;1115049984;0;0;0;0;0;0;0;0;0;0;0;3206;0;0;89;0;80;0;
16828;4466366;1014345728;20713472;1115049984;0;0;0;0;0;0;0;0;0;0;0;3667;0;0;89;0;80;0;
16829;5523028;1014345728;20713472;1115049984;0;0;0;0;0;0;0;0;0;0;0;2535;0;0;89;0;80;0;
16830;3868204;1014345728;20713472;1115049984;0;0;0;0;0;0;0;0;0;0;0;3025;0;0;89;0;80;0;
16831;5442316;1014345728;20713472;1115049984;0;0;0;0;0;0;0;0;0;0;0;3266;0;0;89;0;80;0;
16832;3372495;1014345728;20713472;1115049984;0;0;0;0;0;0;0;0;0;0;0;3126;0;0;89;0;80;0;
16833;5650327;1014345728;20713472;1115049984;0;0;0;0;0;0;0;0;0;0;0;3306;0;0;89;0;80;0;
16834;3855270;1014345728;20713472;1115049984;0;0;0;0;0;0;0;0;0;0;0;3276;0;0;89;0;80;0;
16835;5442948;1014345728;20713472;1115049984;0;0;0;0;0;0;0;0;0;0;0;3546;0;0;89;0;80;0;
16836;1950668;1014345728;20713472;1115049984;0;0;0;0;0;0;0;0;0;0;0;2645;0;0;89;0;80;0;
16837;4910659;1014345728;20713472;1115049984;0;0;0;0;0;0;0;0;0;0;0;2756;0;0;89;0;80;0;
16838;2673474;1014345728;20713472;1115049984;0;0;0;0;0;0;0;0;0;0;0;2665;0;0;89;0;80;0;
16839;3971408;1014345728;20713472;1115049984;0;0;0;0;0;0;0;0;0;0;0;1974;0;0;89;0;80;0;
16840;2436690;1014345728;20713472;1115049984;0;0;0;0;0;0;0;0;0;0;0;3657;0;0;89;0;80;0;
16841;5137014;1014345728;20713472;1115049984;0;0;0;0;0;0;0;0;0;0;0;2424;0;0;89;0;80;0;
16842;4735761;1014345728;20713472;1115049984;0;0;0;0;0;0;0;0;0;0;0;4478;0;0;89;0;80;0;
16843;4835439;1014345728;20713472;1115049984;0;0;0;0;0;0;0;0;0;0;0;2775;0;0;89;0;80;0;
16844;3765432;1014345728;20713472;1115049984;0;0;0;0;0;0;0;0;0;0;0;3016;0;0;89;0;80;0;
16845;4959531;1014345728;20713472;1115049984;0;0;0;0;0;0;0;0;0;0;0;1984;0;0;89;0;80;0;
16846;3245997;1014345728;20713472;1115049984;0;0;0;0;0;0;0;0;0;0;0;3406;0;0;89;0;80;0;
16847;4465174;1014345728;20713472;1115049984;0;0;0;0;0;0;0;0;0;0;0;3146;0;0;89;0;80;0;
16848;2237647;1014345728;20713472;1115049984;0;0;0;0;0;0;0;0;0;0;0;2955;0;0;89;0;80;0;
16849;4283133;1014345728;20713472;1115049984;0;0;0;0;0;0;0;0;0;0;0;1773;0;0;89;0;80;0;
16850;4467499;1014345728;20713472;1115049984;0;0;0;0;0;0;0;0;0;0;0;2715;0;0;89;0;80;0;
16851;4003338;1014345728;20713472;1115049984;0;0;0;0;0;0;0;0;0;0;0;2214;0;0;89;0;80;0;
16852;2646794;1014345728;20713472;1115049984;0;0;0;0;0;0;0;0;0;0;0;2695;0;0;89;0;80;0;
16853;5622455;1014345728;20713472;1115049984;0;0;0;0;0;0;0;0;0;0;0;2766;0;0;89;0;80;0;
16854;5267819;1014345728;20713472;1115049984;0;0;0;0;0;0;0;0;0;0;0;3376;0;0;89;0;80;0;
16855;6096393;1014345728;20713472;1115049984;0;0;0;0;0;0;0;0;0;0;0;3697;0;0;89;0;80;0;
16856;4630654;1014345728;20713472;1115049984;0;0;0;0;0;0;0;0;0;0;0;3768;0;0;89;0;80;0;
16857;5328733;1014345728;20713472;1115049984;0;0;0;0;0;0;0;0;0;0;0;2655;0;0;89;0;80;0;
16858;3503551;1014345728;20713472;1115049984;0;0;0;0;0;0;0;0;0;0;0;3887;0;0;89;0;80;0;
16859;5549858;1014345728;20713472;1115049984;0;0;0;0;0;0;0;0;0;0;0;2625;0;0;89;0;80;0;
16860;3921985;1014345728;20713472;1115049984;0;0;0;0;0;0;0;0;0;0;0;3306;0;0;89;0;80;0;
16861;5649435;1014345728;20713472;1115049984;0;0;0;0;0;0;0;0;0;0;0;3005;0;0;89;0;80;0;
16862;3384166;1014345728;20713472;1115049984;0;0;0;0;0;0;0;0;0;0;0;2915;0;0;89;0;80;0;
16863;4720403;1014345728;20713472;1115049984;0;0;0;0;0;0;0;0;0;0;0;1913;0;0;89;0;80;0;
16864;3240757;1014345728;20713472;1115049984;0;0;0;0;0;0;0;0;0;0;0;2946;0;0;89;0;80;0;
16865;4848683;1014345728;20713472;1115049984;0;0;0;0;0;0;0;0;0;0;0;2134;0;0;89;0;80;0;
16866;4254579;1014345728;20713472;1115049984;0;0;0;0;0;0;0;0;0;0;0;3787;0;0;89;0;80;0;
16867;5321159;1014345728;20713472;1115049984;0;0;0;0;0;0;0;0;0;0;0;2424;0;0;89;0;80;0;
16868;4308671;1014345728;20713472;1115049984;0;0;0;0;0;0;0;0;0;0;0;3216;0;0;89;0;80;0;
16869;6234533;1014345728;20713472;1115049984;0;0;0;0;0;0;0;0;0;0;0;2815;0;0;89;0;80;0;
16870;3866862;1014345728;20713472;1115049984;0;0;0;0;0;0;0;0;0;0;0;3647;0;0;89;0;80;0;
16871;4971854;1014345728;20713472;1115049984;0;0;0;0;0;0;0;0;0;0;0;2765;0;0;89;0;80;0;
16872;4445196;1014345728;20713472;1115049984;0;0;0;0;0;0;0;0;0;0;0;3948;0;0;89;0;80;0;
16873;5686073;1014345728;20713472;1115049984;0;0;0;0;0;0;0;0;0;0;0;3046;0;0;89;0;80;0;
16874;4223551;1014345728;20713472;1115049984;0;0;0;0;0;0;0;0;0;0;0;3647;0;0;89;0;80;0;
16875;6392619;1014345728;20713472;1115049984;0;0;0;0;0;0;0;0;0;0;0;3366;0;0;89;0;80;0;
16876;4230204;1014345728;20713472;1115049984;0;0;0;0;0;0;0;0;0;0;0;3808;0;0;89;0;80;0;
16877;5077883;1014345728;20713472;1115049984;0;0;0;0;0;0;0;0;0;0;0;3336;0;0;89;0;80;0;
16878;2557767;1014345728;20713472;1115049984;0;0;0;0;0;0;0;0;0;0;0;3076;0;0;89;0;80;0;
16879;5596426;1014345728;20713472;1115049984;0;0;0;0;0;0;0;0;0;0;0;2735;0;0;89;0;80;0;
16880;4861588;1014345728;20713472;1115049984;0;0;0;0;0;0;0;0;0;0;0;3346;0;0;89;0;80;0;
16881;4596150;1014345728;20713472;1115049984;0;0;0;0;0;0;0;0;0;0;0;2565;0;0;89;0;80;0;
16882;3755182;1014345728;20713472;1115049984;0;0;0;0;0;0;0;0;0;0;0;3587;0;0;89;0;80;0;
16883;4401935;1014345728;20713472;1115049984;0;0;0;0;0;0;0;0;0;0;0;1864;0;0;89;0;80;0;
16884;2592121;1014345728;20713472;1115049984;0;0;0;0;0;0;0;0;0;0;0;2855;0;0;89;0;80;0;
16885;5017430;1014345728;20713472;1115049984;0;0;0;0;0;0;0;0;0;0;0;3627;0;0;89;0;80;0;
16886;4772239;1014345728;20713472;1115049984;0;0;0;0;0;0;0;0;0;0;0;2996;0;0;89;0;80;0;
16887;5093052;1014345728;20713472;1115049984;0;0;0;0;0;0;0;0;0;0;0;3467;0;0;89;0;80;0;
16888;2751871;1014345728;20713472;1115049984;0;0;0;0;0;0;0;0;0;0;0;2835;0;0;89;0;80;0;
16889;4457820;1014345728;20713472;1115049984;0;0;0;0;0;0;0;0;0;0;0;2705;0;0;89;0;80;0;
16890;4504708;1014345728;20713472;1115049984;0;0;0;0;0;0;0;0;0;0;0;4148;0;0;89;0;80;0;
16891;5029753;1014345728;20713472;1115049984;0;0;0;0;0;0;0;0;0;0;0;2735;0;0;89;0;80;0;
16892;4400102;1014345728;20713472;1115049984;0;0;0;0;0;0;0;0;0;0;0;3296;0;0;89;0;80;0;
16893;5340175;1014345728;20713472;1115049984;0;0;0;0;0;0;0;0;0;0;0;2685;0;0;89;0;80;0;
16894;4150765;1014345728;20713472;1115049984;0;0;0;0;0;0;0;0;0;0;0;2866;0;0;89;0;80;0;
16895;6063091;1014345728;20713472;1115049984;0;0;0;0;0;0;0;0;0;0;0;2295;0;0;89;0;80;0;
16896;3555337;1014345728;20713472;1115049984;0;0;0;0;0;0;0;0;0;0;0;2876;0;0;89;0;80;0;
16897;4644901;1014345728;20713472;1115049984;0;0;0;0;0;0;0;0;0;0;0;2003;0;0;89;0;80;0;
16898;5254144;1014345728;20713472;1115049984;0;0;0;0;0;0;0;0;0;0;0;3657;0;0;89;0;80;0;
16899;5126505;1014345728;20713472;1115049984;0;0;0;0;0;0;0;0;0;0;0;2214;0;0;89;0;80;0;
16900;4373072;1014345728;20713472;1115049984;0;0;0;0;0;0;0;0;0;0;0;53000;0;0;89;0;80;0;
16901;4695105;1014345728;20713472;1115049984;0;0;0;0;0;0;0;0;0;0;0;2124;0;0;89;0;80;0;
16902;4399490;1014345728;20713472;1115049984;0;0;0;0;0;0;0;0;0;0;0;2916;0;0;89;0;80;0;
16903;5467524;1014345728;20713472;1115049984;0;0;0;0;0;0;0;0;0;0;0;2555;0;0;89;0;80;0;
16904;3962411;1014345728;20713472;1115049984;0;0;0;0;0;0;0;0;0;0;0;3125;0;0;89;0;80;0;
16905;5495656;1014345728;20713472;1115049984;0;0;0;0;0;0;0;0;0;0;0;2284;0;0;89;0;80;0;
16906;4197492;1014345728;20713472;1115049984;0;0;0;0;0;0;0;0;0;0;0;2735;0;0;89;0;80;0;
16907;5271476;1014345728;20713472;1115049984;0;0;0;0;0;0;0;0;0;0;0;2986;0;0;89;0;80;0;
16908;5578021;1014345728;20713472;1115049984;0;0;0;0;0;0;0;0;0;0;0;3667;0;0;89;0;80;0;
16909;5348681;1014345728;20713472;1115049984;0;0;0;0;0;0;0;0;0;0;0;2815;0;0;89;0;80;0;
16910;5571780;1014345728;20713472;1115049984;0;0;0;0;0;0;0;0;0;0;0;3807;0;0;89;0;80;0;
16911;7063126;1014345728;20721664;1115058176;0;0;0;0;0;0;0;0;0;0;0;4147;0;0;89;0;80;0;
16912;6203715;1014345728;20721664;1115058176;0;0;0;0;0;0;0;0;0;0;0;3516;0;0;89;0;80;0;
16913;6543732;1014345728;20721664;1115058176;0;0;0;0;0;0;0;0;0;0;0;2365;0;0;89;0;80;0;
16914;5052185;1014345728;20721664;1115058176;0;0;0;0;0;0;0;0;0;0;0;4378;0;0;89;0;80;0;
16915;5684851;1014345728;20721664;1115058176;0;0;0;0;0;0;0;0;0;0;0;2265;0;0;89;0;80;0;
16916;5990755;1014345728;20721664;1115058176;0;0;0;0;0;0;0;0;0;0;0;3908;0;0;89;0;80;0;
16917;5570086;1014345728;20721664;1115058176;0;0;0;0;0;0;0;0;0;0;0;3447;0;0;89;0;80;0;
16918;6996611;1014419456;20713472;1115049984;0;0;0;0;0;0;0;0;0;0;0;3987;0;0;89;0;80;0;
16919;5794817;1014419456;20713472;1115049984;0;0;0;0;0;0;0;0;0;0;0;3236;0;0;89;0;80;0;
16920;4044856;1014419456;20713472;1115049984;0;0;0;0;0;0;0;0;0;0;0;4418;0;0;89;0;80;0;
16921;5273129;1014419456;20713472;1115049984;0;0;0;0;0;0;0;0;0;0;0;3176;0;0;89;0;80;0;
16922;5020315;1014419456;20713472;1115049984;0;0;0;0;0;0;0;0;0;0;0;3537;0;0;89;0;80;0;
16923;5935992;1014419456;20713472;1115049984;0;0;0;0;0;0;0;0;0;0;0;4258;0;0;89;0;80;0;
16924;4783110;1014419456;20713472;1115049984;0;0;0;0;0;0;0;0;0;0;0;3858;0;0;89;0;80;0;
16925;5130993;1014419456;20713472;1115049984;0;0;0;0;0;0;0;0;0;0;0;3065;0;0;89;0;80;0;
16926;6677513;1014419456;20713472;1115049984;0;0;0;0;0;0;0;0;0;0;0;4679;0;0;89;0;80;0;
16927;5822419;1014419456;20713472;1115049984;0;0;0;0;0;0;0;0;0;0;0;3176;0;0;89;0;80;0;
16928;5895987;1014419456;20713472;1115049984;0;0;0;0;0;0;0;0;0;0;0;4138;0;0;89;0;80;0;
16929;5078584;1014419456;20713472;1115049984;0;0;0;0;0;0;0;0;0;0;0;3116;0;0;89;0;80;0;
16930;3594140;1014419456;20713472;1115049984;0;0;0;0;0;0;0;0;0;0;0;3246;0;0;89;0;80;0;
16931;5744783;1014419456;20713472;1115049984;0;0;0;0;0;0;0;0;0;0;0;2705;0;0;89;0;80;0;
16932;4324880;1014419456;20713472;1115049984;0;0;0;0;0;0;0;0;0;0;0;3937;0;0;89;0;80;0;
16933;4917422;1014419456;20713472;1115049984;0;0;0;0;0;0;0;0;0;0;0;2885;0;0;89;0;80;0;
16934;5130301;1014419456;20713472;1115049984;0;0;0;0;0;0;0;0;0;0;0;4088;0;0;89;0;80;0;
16935;5521465;1014419456;20713472;1115049984;0;0;0;0;0;0;0;0;0;0;0;3426;0;0;89;0;80;0;
16936;6281440;1014419456;20713472;1115049984;0;0;0;0;0;0;0;0;0;0;0;4308;0;0;89;0;80;0;
16937;5818922;1014419456;20713472;1115049984;0;0;0;0;0;0;0;0;0;0;0;2915;0;0;89;0;80;0;
16938;5127977;1014419456;20713472;1115049984;0;0;0;0;0;0;0;0;0;0;0;3656;0;0;89;0;80;0;
16939;5071111;1014419456;20713472;1115049984;0;0;0;0;0;0;0;0;0;0;0;3166;0;0;89;0;80;0;
16940;4994247;1014419456;20713472;1115049984;0;0;0;0;0;0;0;0;0;0;0;4178;0;0;89;0;80;0;
16941;5370131;1014419456;20713472;1115049984;0;0;0;0;0;0;0;0;0;0;0;3236;0;0;89;0;80;0;
16942;4460455;1014419456;20713472;1115049984;0;0;0;0;0;0;0;0;0;0;0;4278;0;0;89;0;80;0;
16943;5039230;1014419456;20713472;1115049984;0;0;0;0;0;0;0;0;0;0;0;3046;0;0;89;0;80;0;
16944;4983706;1014419456;20713472;1115049984;0;0;0;0;0;0;0;0;0;0;0;3727;0;0;89;0;80;0;
16945;5147383;1014419456;20713472;1115049984;0;0;0;0;0;0;0;0;0;0;0;2444;0;0;89;0;80;0;
16946;5563383;1014419456;20713472;1115049984;0;0;0;0;0;0;0;0;0;0;0;4809;0;0;89;0;80;0;
16947;5872734;1014419456;20713472;1115049984;0;0;0;0;0;0;0;0;0;0;0;3076;0;0;89;0;80;0;
16948;6645783;1014419456;20713472;1115049984;0;0;0;0;0;0;0;0;0;0;0;4389;0;0;89;0;80;0;
16949;5761785;1014419456;20713472;1115049984;0;0;0;0;0;0;0;0;0;0;0;3296;0;0;89;0;80;0;
16950;6958019;1014419456;20713472;1115049984;0;0;0;0;0;0;0;0;0;0;0;3998;0;0;89;0;80;0;
16951;5679692;1014419456;20713472;1115049984;0;0;0;0;0;0;0;0;0;0;0;3146;0;0;89;0;80;0;
16952;4190609;1014419456;20713472;1115049984;0;0;0;0;0;0;0;0;0;0;0;3707;0;0;89;0;80;0;
16953;6859594;1014419456;20713472;1115049984;0;0;0;0;0;0;0;0;0;0;0;3256;0;0;89;0;80;0;
16954;2939954;1014419456;20713472;1115049984;0;0;0;0;0;0;0;0;0;0;0;3687;0;0;89;0;80;0;
16955;6043945;1014419456;20713472;1115049984;0;0;0;0;0;0;0;0;0;0;0;3076;0;0;89;0;80;0;
16956;3473955;1014419456;20713472;1115049984;0;0;0;0;0;0;0;0;0;0;0;3727;0;0;89;0;80;0;
16957;5377645;1014419456;20713472;1115049984;0;0;0;0;0;0;0;0;0;0;0;2194;0;0;89;0;80;0;
16958;4419287;1014419456;20713472;1115049984;0;0;0;0;0;0;0;0;0;0;0;3537;0;0;89;0;80;0;
16959;7606585;1014419456;20713472;1115049984;0;0;0;0;0;0;0;0;0;0;0;2204;0;0;89;0;80;0;
16960;12963392;1014419456;20713472;1115049984;0;0;0;0;0;0;0;0;0;0;0;4188;0;0;89;0;80;0;
16961;6710374;1014419456;20713472;1115049984;0;0;0;0;0;0;0;0;0;0;0;3487;0;0;89;0;80;0;
16962;5660245;1014419456;20713472;1115049984;0;0;0;0;0;0;0;0;0;0;0;4298;0;0;89;0;80;0;
16963;5488372;1014419456;20713472;1115049984;0;0;0;0;0;0;0;0;0;0;0;3216;0;0;89;0;80;0;
16964;5483033;1014419456;20713472;1115049984;0;0;0;0;0;0;0;0;0;0;0;3607;0;0;89;0;80;0;
16965;5493091;1014419456;20713472;1115049984;0;0;0;0;0;0;0;0;0;0;0;3056;0;0;89;0;80;0;
16966;4098637;1014419456;20713472;1115049984;0;0;0;0;0;0;0;0;0;0;0;3546;0;0;89;0;80;0;
16967;5115493;1014419456;20713472;1115049984;0;0;0;0;0;0;0;0;0;0;0;2504;0;0;89;0;80;0;
16968;4061096;1014419456;20713472;1115049984;0;0;0;0;0;0;0;0;0;0;0;3847;0;0;89;0;80;0;
16969;5062584;1014419456;20713472;1115049984;0;0;0;0;0;0;0;0;0;0;0;2665;0;0;89;0;80;0;
16970;4999667;1014419456;20713472;1115049984;0;0;0;0;0;0;0;0;0;0;0;4008;0;0;89;0;80;0;
16971;6171464;1014419456;20713472;1115049984;0;0;0;0;0;0;0;0;0;0;0;3697;0;0;89;0;80;0;
16972;4196079;1014419456;20713472;1115049984;0;0;0;0;0;0;0;0;0;0;0;4589;0;0;89;0;80;0;
16973;5687766;1014419456;20713472;1115049984;0;0;0;0;0;0;0;0;0;0;0;3055;0;0;89;0;80;0;
16974;4392738;1014419456;20713472;1115049984;0;0;0;0;0;0;0;0;0;0;0;3837;0;0;89;0;80;0;
16975;5713315;1014419456;20713472;1115049984;0;0;0;0;0;0;0;0;0;0;0;4348;0;0;89;0;80;0;
16976;4194997;1014419456;20713472;1115049984;0;0;0;0;0;0;0;0;0;0;0;3797;0;0;89;0;80;0;
16977;5944348;1014419456;20713472;1115049984;0;0;0;0;0;0;0;0;0;0;0;3557;0;0;89;0;80;0;
16978;3300139;1014419456;20713472;1115049984;0;0;0;0;0;0;0;0;0;0;0;3787;0;0;89;0;80;0;
16979;5714697;1014419456;20713472;1115049984;0;0;0;0;0;0;0;0;0;0;0;2605;0;0;89;0;80;0;
16980;7246029;1014419456;20713472;1115049984;0;0;0;0;0;0;0;0;0;0;0;4318;0;0;89;0;80;0;
16981;5624599;1014419456;20713472;1115049984;0;0;0;0;0;0;0;0;0;0;0;3397;0;0;89;0;80;0;
16982;3124119;1014419456;20713472;1115049984;0;0;0;0;0;0;0;0;0;0;0;3186;0;0;89;0;80;0;
16983;4920758;1014419456;20713472;1115049984;0;0;0;0;0;0;0;0;0;0;0;2274;0;0;89;0;80;0;
16984;4733116;1014419456;20713472;1115049984;0;0;0;0;0;0;0;0;0;0;0;2415;0;0;89;0;80;0;
16985;4640834;1014419456;20713472;1115049984;0;0;0;0;0;0;0;0;0;0;0;1763;0;0;89;0;80;0;
16986;3627133;1014419456;20713472;1115049984;0;0;0;0;0;0;0;0;0;0;0;2575;0;0;89;0;80;0;
16987;5034321;1014419456;20713472;1115049984;0;0;0;0;0;0;0;0;0;0;0;2154;0;0;89;0;80;0;
16988;4949783;1014419456;20713472;1115049984;0;0;0;0;0;0;0;0;0;0;0;3276;0;0;89;0;80;0;
16989;5103701;1014419456;20713472;1115049984;0;0;0;0;0;0;0;0;0;0;0;1753;0;0;89;0;80;0;
16990;2764574;1014419456;20713472;1115049984;0;0;0;0;0;0;0;0;0;0;0;2304;0;0;89;0;80;0;
16991;4696578;1014419456;20713472;1115049984;0;0;0;0;0;0;0;0;0;0;0;1874;0;0;89;0;80;0;
16992;2639860;1014419456;20713472;1115049984;0;0;0;0;0;0;0;0;0;0;0;2575;0;0;89;0;80;0;
16993;4673675;1014419456;20713472;1115049984;0;0;0;0;0;0;0;0;0;0;0;1863;0;0;89;0;80;0;
16994;3620981;1014419456;20713472;1115049984;0;0;0;0;0;0;0;0;0;0;0;2384;0;0;89;0;80;0;
16995;4652635;1014419456;20713472;1115049984;0;0;0;0;0;0;0;0;0;0;0;2214;0;0;89;0;80;0;
16996;3949938;1014419456;20713472;1115049984;0;0;0;0;0;0;0;0;0;0;0;2394;0;0;89;0;80;0;
16997;4724140;1014419456;20713472;1115049984;0;0;0;0;0;0;0;0;0;0;0;1934;0;0;89;0;80;0;
16998;3295400;1014419456;20713472;1115049984;0;0;0;0;0;0;0;0;0;0;0;2555;0;0;89;0;80;0;
16999;4885512;1014419456;20713472;1115049984;0;0;0;0;0;0;0;0;0;0;0;2124;0;0;89;0;80;0;
17000;4394151;1014419456;20713472;1115049984;0;0;0;0;0;0;0;0;0;0;0;2535;0;0;89;0;80;0;
17001;5876901;1014419456;20713472;1115049984;0;0;0;0;0;0;0;0;0;0;0;2104;0;0;89;0;80;0;
17002;4444916;1014419456;20713472;1115049984;0;0;0;0;0;0;0;0;0;0;0;2695;0;0;89;0;80;0;
17003;5280323;1014419456;20713472;1115049984;0;0;0;0;0;0;0;0;0;0;0;1824;0;0;89;0;80;0;
17004;3620549;1014419456;20713472;1115049984;0;0;0;0;0;0;0;0;0;0;0;2524;0;0;89;0;80;0;
17005;4559321;1014419456;20713472;1115049984;0;0;0;0;0;0;0;0;0;0;0;1904;0;0;89;0;80;0;
17006;3889134;1014419456;20713472;1115049984;0;0;0;0;0;0;0;0;0;0;0;3237;0;0;89;0;80;0;
17007;7083054;1014419456;20721664;1115058176;0;0;0;0;0;0;0;0;0;0;0;3146;0;0;89;0;80;0;
17008;3457945;1014419456;20721664;1115058176;0;0;0;0;0;0;0;0;0;0;0;2605;0;0;89;0;80;0;
17009;6078029;1014419456;20721664;1115058176;0;0;0;0;0;0;0;0;0;0;0;2755;0;0;89;0;80;0;
17010;4933813;1014419456;20721664;1115058176;0;0;0;0;0;0;0;0;0;0;0;3587;0;0;89;0;80;0;
17011;6043373;1014419456;20721664;1115058176;0;0;0;0;0;0;0;0;0;0;0;3407;0;0;89;0;80;0;
17012;5121845;1014419456;20721664;1115058176;0;0;0;0;0;0;0;0;0;0;0;3457;0;0;89;0;80;0;
17013;6160373;1014419456;20721664;1115058176;0;0;0;0;0;0;0;0;0;0;0;2655;0;0;89;0;80;0;
17014;4728999;1014452224;20713472;1115049984;0;0;0;0;0;0;0;0;0;0;0;2845;0;0;89;0;80;0;
17015;5612626;1014452224;20713472;1115049984;0;0;0;0;0;0;0;0;0;0;0;2585;0;0;89;0;80;0;
17016;4775606;1014452224;20713472;1115049984;0;0;0;0;0;0;0;0;0;0;0;2906;0;0;89;0;80;0;
17017;6104509;1014452224;20713472;1115049984;0;0;0;0;0;0;0;0;0;0;0;3035;0;0;89;0;80;0;
17018;4426873;1014452224;20713472;1115049984;0;0;0;0;0;0;0;0;0;0;0;3316;0;0;89;0;80;0;
17019;5897991;1014452224;20713472;1115049984;0;0;0;0;0;0;0;0;0;0;0;2835;0;0;89;0;80;0;
17020;5461152;1014452224;20713472;1115049984;0;0;0;0;0;0;0;0;0;0;0;3877;0;0;89;0;80;0;
17021;6263938;1014452224;20713472;1115049984;0;0;0;0;0;0;0;0;0;0;0;2625;0;0;89;0;80;0;
17022;3923839;1014452224;20713472;1115049984;0;0;0;0;0;0;0;0;0;0;0;2975;0;0;89;0;80;0;
17023;5222865;1014452224;20713472;1115049984;0;0;0;0;0;0;0;0;0;0;0;1983;0;0;89;0;80;0;
17024;2428755;1014452224;20713472;1115049984;0;0;0;0;0;0;0;0;0;0;0;2334;0;0;89;0;80;0;
17025;5327602;1014452224;20713472;1115049984;0;0;0;0;0;0;0;0;0;0;0;1773;0;0;89;0;80;0;
17026;3849900;1014452224;20713472;1115049984;0;0;0;0;0;0;0;0;0;0;0;3446;0;0;89;0;80;0;
17027;5602537;1014452224;20713472;1115049984;0;0;0;0;0;0;0;0;0;0;0;1934;0;0;89;0;80;0;
17028;3471871;1014452224;20713472;1115049984;0;0;0;0;0;0;0;0;0;0;0;3847;0;0;89;0;80;0;
17029;5268571;1014452224;20713472;1115049984;0;0;0;0;0;0;0;0;0;0;0;2374;0;0;89;0;80;0;
17030;2819388;1014452224;20713472;1115049984;0;0;0;0;0;0;0;0;0;0;0;3146;0;0;89;0;80;0;
17031;5346066;1014452224;20713472;1115049984;0;0;0;0;0;0;0;0;0;0;0;2054;0;0;89;0;80;0;
17032;2626075;1014452224;20713472;1115049984;0;0;0;0;0;0;0;0;0;0;0;2445;0;0;89;0;80;0;
17033;5105495;1014452224;20713472;1115049984;0;0;0;0;0;0;0;0;0;0;0;1994;0;0;89;0;80;0;
17034;3379268;1014452224;20713472;1115049984;0;0;0;0;0;0;0;0;0;0;0;2444;0;0;89;0;80;0;
17035;4834737;1014452224;20713472;1115049984;0;0;0;0;0;0;0;0;0;0;0;2114;0;0;89;0;80;0;
17036;4468910;1014452224;20713472;1115049984;0;0;0;0;0;0;0;0;0;0;0;3607;0;0;89;0;80;0;
17037;5528568;1014452224;20713472;1115049984;0;0;0;0;0;0;0;0;0;0;0;2615;0;0;89;0;80;0;
17038;4375967;1014452224;20713472;1115049984;0;0;0;0;0;0;0;0;0;0;0;3958;0;0;89;0;80;0;
17039;6967938;1014452224;20713472;1115049984;0;0;0;0;0;0;0;0;0;0;0;2895;0;0;89;0;80;0;
17040;4859643;1014452224;20713472;1115049984;0;0;0;0;0;0;0;0;0;0;0;3506;0;0;89;0;80;0;
17041;6497295;1014452224;20713472;1115049984;0;0;0;0;0;0;0;0;0;0;0;2856;0;0;89;0;80;0;
17042;4333527;1014452224;20713472;1115049984;0;0;0;0;0;0;0;0;0;0;0;2685;0;0;89;0;80;0;
17043;5178511;1014452224;20713472;1115049984;0;0;0;0;0;0;0;0;0;0;0;2225;0;0;89;0;80;0;
17044;3442626;1014452224;20713472;1115049984;0;0;0;0;0;0;0;0;0;0;0;2805;0;0;89;0;80;0;
17045;5087521;1014452224;20713472;1115049984;0;0;0;0;0;0;0;0;0;0;0;1834;0;0;89;0;80;0;
17046;2815450;1014452224;20713472;1115049984;0;0;0;0;0;0;0;0;0;0;0;2324;0;0;89;0;80;0;
17047;5658121;1014452224;20713472;1115049984;0;0;0;0;0;0;0;0;0;0;0;2033;0;0;89;0;80;0;
17048;6237748;1014452224;20713472;1115049984;0;0;0;0;0;0;0;0;0;0;0;3867;0;0;89;0;80;0;
17049;5821427;1014452224;20713472;1115049984;0;0;0;0;0;0;0;0;0;0;0;4158;0;0;89;0;80;0;
17050;4891153;1014452224;20713472;1115049984;0;0;0;0;0;0;0;0;0;0;0;4108;0;0;89;0;80;0;
17051;6473700;1014452224;20713472;1115049984;0;0;0;0;0;0;0;0;0;0;0;4329;0;0;89;0;80;0;
17052;4012075;1014452224;20713472;1115049984;0;0;0;0;0;0;0;0;0;0;0;3867;0;0;89;0;80;0;
17053;5741908;1014452224;20713472;1115049984;0;0;0;0;0;0;0;0;0;0;0;4228;0;0;89;0;80;0;
17054;4294474;1014452224;20713472;1115049984;0;0;0;0;0;0;0;0;0;0;0;3767;0;0;89;0;80;0;
17055;5406951;1014452224;20713472;1115049984;0;0;0;0;0;0;0;0;0;0;0;3797;0;0;89;0;80;0;
17056;5212406;1014452224;20713472;1115049984;0;0;0;0;0;0;0;0;0;0;0;3968;0;0;89;0;80;0;
17057;6661002;1014452224;20713472;1115049984;0;0;0;0;0;0;0;0;0;0;0;3437;0;0;89;0;80;0;
17058;3631511;1014452224;20713472;1115049984;0;0;0;0;0;0;0;0;0;0;0;3176;0;0;89;0;80;0;
17059;5558364;1014452224;20713472;1115049984;0;0;0;0;0;0;0;0;0;0;0;3336;0;0;89;0;80;0;
17060;3450561;1014452224;20713472;1115049984;0;0;0;0;0;0;0;0;0;0;0;3938;0;0;89;0;80;0;
17061;6028626;1014452224;20713472;1115049984;0;0;0;0;0;0;0;0;0;0;0;2014;0;0;89;0;80;0;
17062;6013348;1014452224;20713472;1115049984;0;0;0;0;0;0;0;0;0;0;0;4779;0;0;89;0;80;0;
17063;5733733;1014452224;20713472;1115049984;0;0;0;0;0;0;0;0;0;0;0;3647;0;0;89;0;80;0;
17064;4293562;1014452224;20713472;1115049984;0;0;0;0;0;0;0;0;0;0;0;3476;0;0;89;0;80;0;
17065;5432167;1014452224;20713472;1115049984;0;0;0;0;0;0;0;0;0;0;0;2044;0;0;89;0;80;0;
17066;4867298;1014452224;20713472;1115049984;0;0;0;0;0;0;0;0;0;0;0;3616;0;0;89;0;80;0;
17067;4990018;1014452224;20713472;1115049984;0;0;0;0;0;0;0;0;0;0;0;2384;0;0;89;0;80;0;
17068;4794973;1014452224;20713472;1115049984;0;0;0;0;0;0;0;0;0;0;0;4348;0;0;89;0;80;0;
17069;6532701;1014452224;20713472;1115049984;0;0;0;0;0;0;0;0;0;0;0;3607;0;0;89;0;80;0;
17070;5266056;1014452224;20713472;1115049984;0;0;0;0;0;0;0;0;0;0;0;3647;0;0;89;0;80;0;
17071;5320237;1014452224;20713472;1115049984;0;0;0;0;0;0;0;0;0;0;0;2585;0;0;89;0;80;0;
17072;6111161;1014452224;20713472;1115049984;0;0;0;0;0;0;0;0;0;0;0;4278;0;0;89;0;80;0;
17073;5870941;1014452224;20713472;1115049984;0;0;0;0;0;0;0;0;0;0;0;3276;0;0;89;0;80;0;
17074;6135055;1014452224;20713472;1115049984;0;0;0;0;0;0;0;0;0;0;0;3456;0;0;89;0;80;0;
17075;5348130;1014452224;20713472;1115049984;0;0;0;0;0;0;0;0;0;0;0;3006;0;0;89;0;80;0;
17076;5986988;1014452224;20713472;1115049984;0;0;0;0;0;0;0;0;0;0;0;4068;0;0;89;0;80;0;
17077;6215326;1014452224;20713472;1115049984;0;0;0;0;0;0;0;0;0;0;0;3677;0;0;89;0;80;0;
17078;4734219;1014452224;20713472;1115049984;0;0;0;0;0;0;0;0;0;0;0;4018;0;0;89;0;80;0;
17079;6243820;1014452224;20713472;1115049984;0;0;0;0;0;0;0;0;0;0;0;3106;0;0;89;0;80;0;
17080;5886710;1014452224;20713472;1115049984;0;0;0;0;0;0;0;0;0;0;0;4538;0;0;89;0;80;0;
17081;5644946;1014452224;20713472;1115049984;0;0;0;0;0;0;0;0;0;0;0;3156;0;0;89;0;80;0;
17082;5058957;1014452224;20713472;1115049984;0;0;0;0;0;0;0;0;0;0;0;3827;0;0;89;0;80;0;
17083;5440964;1014452224;20713472;1115049984;0;0;0;0;0;0;0;0;0;0;0;3096;0;0;89;0;80;0;
17084;4599966;1014452224;20713472;1115049984;0;0;0;0;0;0;0;0;0;0;0;4147;0;0;89;0;80;0;
17085;5561821;1014452224;20713472;1115049984;0;0;0;0;0;0;0;0;0;0;0;3206;0;0;89;0;80;0;
17086;5729535;1014452224;20713472;1115049984;0;0;0;0;0;0;0;0;0;0;0;4468;0;0;89;0;80;0;
17087;5206584;1014452224;20713472;1115049984;0;0;0;0;0;0;0;0;0;0;0;3536;0;0;89;0;80;0;
17088;5981457;1014452224;20713472;1115049984;0;0;0;0;0;0;0;0;0;0;0;3997;0;0;89;0;80;0;
17089;5845563;1014452224;20713472;1115049984;0;0;0;0;0;0;0;0;0;0;0;4499;0;0;89;0;80;0;
17090;4538502;1014452224;20713472;1115049984;0;0;0;0;0;0;0;0;0;0;0;4037;0;0;89;0;80;0;
17091;6132030;1014452224;20713472;1115049984;0;0;0;0;0;0;0;0;0;0;0;3536;0;0;89;0;80;0;
17092;6052541;1014452224;20713472;1115049984;0;0;0;0;0;0;0;0;0;0;0;4008;0;0;89;0;80;0;
17093;6866688;1014452224;20713472;1115049984;0;0;0;0;0;0;0;0;0;0;0;3216;0;0;89;0;80;0;
17094;5411789;1014452224;20713472;1115049984;0;0;0;0;0;0;0;0;0;0;0;4278;0;0;89;0;80;0;
17095;7532406;1014452224;20713472;1115049984;0;0;0;0;0;0;0;0;0;0;0;4588;0;0;89;0;80;0;
17096;4898557;1014452224;20713472;1115049984;0;0;0;0;0;0;0;0;0;0;0;3867;0;0;89;0;80;0;
17097;7690002;1014452224;20713472;1115049984;0;0;0;0;0;0;0;0;0;0;0;3817;0;0;89;0;80;0;
17098;5005978;1014452224;20713472;1115049984;0;0;0;0;0;0;0;0;0;0;0;4638;0;0;89;0;80;0;
17099;5955418;1014452224;20713472;1115049984;0;0;0;0;0;0;0;0;0;0;0;2765;0;0;89;0;80;0;
17100;3608608;1014452224;20713472;1115049984;0;0;0;0;0;0;0;0;0;0;0;3687;0;0;89;0;80;0;
17101;5937254;1014452224;20713472;1115049984;0;0;0;0;0;0;0;0;0;0;0;2826;0;0;89;0;80;0;
17102;3390899;1014452224;20713472;1115049984;0;0;0;0;0;0;0;0;0;0;0;3126;0;0;89;0;80;0;
17103;4625124;1014452224;20713472;1115049984;0;0;0;0;0;0;0;0;0;0;0;2114;0;0;89;0;80;0;
17104;3538106;1014452224;20713472;1115049984;0;0;0;0;0;0;0;0;0;0;0;2705;0;0;89;0;80;0;
17105;5232012;1014452224;20713472;1115049984;0;0;0;0;0;0;0;0;0;0;0;1884;0;0;89;0;80;0;
17106;3292865;1014452224;20713472;1115049984;0;0;0;0;0;0;0;0;0;0;0;3276;0;0;89;0;80;0;
17107;5310039;1014452224;20713472;1115049984;0;0;0;0;0;0;0;0;0;0;0;1953;0;0;89;0;80;0;
17108;4181502;1014452224;20713472;1115049984;0;0;0;0;0;0;0;0;0;0;0;2565;0;0;89;0;80;0;
17109;5233515;1014452224;20713472;1115049984;0;0;0;0;0;0;0;0;0;0;0;2706;0;0;89;0;80;0;
17110;6116100;1014452224;20713472;1115049984;0;0;0;0;0;0;0;0;0;0;0;4098;0;0;89;0;80;0;
17111;5506758;1014452224;20713472;1115049984;0;0;0;0;0;0;0;0;0;0;0;2946;0;0;89;0;80;0;
17112;5684130;1014452224;20713472;1115049984;0;0;0;0;0;0;0;0;0;0;0;3617;0;0;89;0;80;0;
17113;6332736;1014452224;20713472;1115049984;0;0;0;0;0;0;0;0;0;0;0;3877;0;0;89;0;80;0;
17114;5269121;1014452224;20713472;1115049984;0;0;0;0;0;0;0;0;0;0;0;3757;0;0;89;0;80;0;
17115;6640253;1014452224;20713472;1115049984;0;0;0;0;0;0;0;0;0;0;0;3788;0;0;89;0;80;0;
17116;2598563;1014452224;20713472;1115049984;0;0;0;0;0;0;0;0;0;0;0;2875;0;0;89;0;80;0;
17117;4473670;1014452224;20713472;1115049984;0;0;0;0;0;0;0;0;0;0;0;1944;0;0;89;0;80;0;
17118;3166078;1014452224;20713472;1115049984;0;0;0;0;0;0;0;0;0;0;0;3657;0;0;89;0;80;0;
17119;5350434;1014452224;20713472;1115049984;0;0;0;0;0;0;0;0;0;0;0;2204;0;0;89;0;80;0;
17120;3095375;1014452224;20713472;1115049984;0;0;0;0;0;0;0;0;0;0;0;2845;0;0;89;0;80;0;
17121;4663927;1014452224;20713472;1115049984;0;0;0;0;0;0;0;0;0;0;0;3186;0;0;89;0;80;0;
17122;3484485;1014452224;20713472;1115049984;0;0;0;0;0;0;0;0;0;0;0;3737;0;0;89;0;80;0;
17123;5247601;1014452224;20713472;1115049984;0;0;0;0;0;0;0;0;0;0;0;2925;0;0;89;0;80;0;
17124;4792097;1014452224;20713472;1115049984;0;0;0;0;0;0;0;0;0;0;0;4178;0;0;89;0;80;0;
17125;5282937;1014452224;20713472;1115049984;0;0;0;0;0;0;0;0;0;0;0;3036;0;0;89;0;80;0;
17126;4863290;1014452224;20713472;1115049984;0;0;0;0;0;0;0;0;0;0;0;3797;0;0;89;0;80;0;
17127;6511332;1014452224;20713472;1115049984;0;0;0;0;0;0;0;0;0;0;0;3336;0;0;89;0;80;0;
17128;5343952;1014452224;20713472;1115049984;0;0;0;0;0;0;0;0;0;0;0;4328;0;0;89;0;80;0;
17129;5916886;1014452224;20713472;1115049984;0;0;0;0;0;0;0;0;0;0;0;2736;0;0;89;0;80;0;
17130;3673369;1014452224;20713472;1115049984;0;0;0;0;0;0;0;0;0;0;0;3898;0;0;89;0;80;0;
17131;5018542;1014452224;20713472;1115049984;0;0;0;0;0;0;0;0;0;0;0;3246;0;0;89;0;80;0;
17132;5247601;1014452224;20713472;1115049984;0;0;0;0;0;0;0;0;0;0;0;2845;0;0;89;0;80;0;
17133;6896714;1014452224;20713472;1115049984;0;0;0;0;0;0;0;0;0;0;0;3868;0;0;89;0;80;0;
17134;3735195;1014452224;20713472;1115049984;0;0;0;0;0;0;0;0;0;0;0;3356;0;0;89;0;80;0;
17135;5256438;1014452224;20713472;1115049984;0;0;0;0;0;0;0;0;0;0;0;2735;0;0;89;0;80;0;
17136;5101507;1014452224;20713472;1115049984;0;0;0;0;0;0;0;0;0;0;0;3216;0;0;89;0;80;0;
17137;5005888;1014452224;20713472;1115049984;0;0;0;0;0;0;0;0;0;0;0;2705;0;0;89;0;80;0;
17138;4033775;1014452224;20713472;1115049984;0;0;0;0;0;0;0;0;0;0;0;3326;0;0;89;0;80;0;
17139;4726234;1014452224;20713472;1115049984;0;0;0;0;0;0;0;0;0;0;0;1824;0;0;89;0;80;0;
17140;4731052;1014452224;20713472;1115049984;0;0;0;0;0;0;0;0;0;0;0;4409;0;0;89;0;80;0;
17141;4931919;1014452224;20713472;1115049984;0;0;0;0;0;0;0;0;0;0;0;2655;0;0;89;0;80;0;
17142;4885272;1014452224;20713472;1115049984;0;0;0;0;0;0;0;0;0;0;0;4097;0;0;89;0;80;0;
17143;5681215;1014452224;20713472;1115049984;0;0;0;0;0;0;0;0;0;0;0;3066;0;0;89;0;80;0;
17144;5284731;1014452224;20713472;1115049984;0;0;0;0;0;0;0;0;0;0;0;4078;0;0;89;0;80;0;
17145;5914391;1014452224;20713472;1115049984;0;0;0;0;0;0;0;0;0;0;0;2716;0;0;89;0;80;0;
17146;4132510;1014452224;20713472;1115049984;0;0;0;0;0;0;0;0;0;0;0;3366;0;0;89;0;80;0;
17147;5598800;1014452224;20713472;1115049984;0;0;0;0;0;0;0;0;0;0;0;2635;0;0;89;0;80;0;
17148;4428645;1014452224;20713472;1115049984;0;0;0;0;0;0;0;0;0;0;0;3927;0;0;89;0;80;0;
17149;5640048;1014452224;20713472;1115049984;0;0;0;0;0;0;0;0;0;0;0;3186;0;0;89;0;80;0;
17150;4328898;1014452224;20713472;1115049984;0;0;0;0;0;0;0;0;0;0;0;3958;0;0;89;0;80;0;
17151;5456243;1014452224;20713472;1115049984;0;0;0;0;0;0;0;0;0;0;0;3046;0;0;89;0;80;0;
17152;4412345;1014452224;20713472;1115049984;0;0;0;0;0;0;0;0;0;0;0;3788;0;0;89;0;80;0;
17153;5278058;1014452224;20713472;1115049984;0;0;0;0;0;0;0;0;0;0;0;4048;0;0;89;0;80;0;
17154;4277552;1014452224;20713472;1115049984;0;0;0;0;0;0;0;0;0;0;0;3777;0;0;89;0;80;0;
17155;8740702;1014452224;20713472;1115049984;0;0;0;0;0;0;0;0;0;0;0;2875;0;0;89;0;80;0;
17156;10614076;1014452224;20713472;1115049984;0;0;0;0;0;0;0;0;0;0;0;4238;0;0;89;0;80;0;
17157;6754708;1014452224;20713472;1115049984;0;0;0;0;0;0;0;0;0;0;0;7364;0;0;89;0;80;0;
17158;4583115;1014452224;20713472;1115049984;0;0;0;0;0;0;0;0;0;0;0;3176;0;0;89;0;80;0;
17159;5195273;1014452224;20713472;1115049984;0;0;0;0;0;0;0;0;0;0;0;3657;0;0;89;0;80;0;
17160;3273530;1014452224;20713472;1115049984;0;0;0;0;0;0;0;0;0;0;0;2926;0;0;89;0;80;0;
17161;4979969;1014452224;20713472;1115049984;0;0;0;0;0;0;0;0;0;0;0;1943;0;0;89;0;80;0;
17162;4148680;1014452224;20713472;1115049984;0;0;0;0;0;0;0;0;0;0;0;4308;0;0;89;0;80;0;
17163;6217831;1014452224;20713472;1115049984;0;0;0;0;0;0;0;0;0;0;0;3146;0;0;89;0;80;0;
17164;4285187;1014452224;20713472;1115049984;0;0;0;0;0;0;0;0;0;0;0;3657;0;0;89;0;80;0;
17165;4968978;1014452224;20713472;1115049984;0;0;0;0;0;0;0;0;0;0;0;2815;0;0;89;0;80;0;
17166;4550944;1014452224;20713472;1115049984;0;0;0;0;0;0;0;0;0;0;0;3797;0;0;89;0;80;0;
17167;5214149;1014452224;20713472;1115049984;0;0;0;0;0;0;0;0;0;0;0;2946;0;0;89;0;80;0;
17168;5546953;1014452224;20713472;1115049984;0;0;0;0;0;0;0;0;0;0;0;3586;0;0;89;0;80;0;
17169;5291653;1014452224;20713472;1115049984;0;0;0;0;0;0;0;0;0;0;0;2936;0;0;89;0;80;0;
17170;4298000;1014452224;20713472;1115049984;0;0;0;0;0;0;0;0;0;0;0;3687;0;0;89;0;80;0;
17171;5433400;1014452224;20713472;1115049984;0;0;0;0;0;0;0;0;0;0;0;2975;0;0;89;0;80;0;
17172;4428185;1014452224;20713472;1115049984;0;0;0;0;0;0;0;0;0;0;0;3437;0;0;89;0;80;0;
17173;6017645;1014452224;20713472;1115049984;0;0;0;0;0;0;0;0;0;0;0;4168;0;0;89;0;80;0;
17174;3925522;1014452224;20713472;1115049984;0;0;0;0;0;0;0;0;0;0;0;2765;0;0;89;0;80;0;
17175;4945835;1014452224;20713472;1115049984;0;0;0;0;0;0;0;0;0;0;0;2174;0;0;89;0;80;0;
17176;3602816;1014452224;20713472;1115049984;0;0;0;0;0;0;0;0;0;0;0;3156;0;0;89;0;80;0;
17177;5294089;1014452224;20713472;1115049984;0;0;0;0;0;0;0;0;0;0;0;1643;0;0;89;0;80;0;
17178;5947975;1014452224;20713472;1115049984;0;0;0;0;0;0;0;0;0;0;0;3707;0;0;89;0;80;0;
17179;5552503;1014452224;20713472;1115049984;0;0;0;0;0;0;0;0;0;0;0;2665;0;0;89;0;80;0;
17180;4793660;1014452224;20713472;1115049984;0;0;0;0;0;0;0;0;0;0;0;3447;0;0;89;0;80;0;
17181;5090527;1014452224;20713472;1115049984;0;0;0;0;0;0;0;0;0;0;0;2034;0;0;89;0;80;0;
17182;2102453;1014452224;20713472;1115049984;0;0;0;0;0;0;0;0;0;0;0;2986;0;0;89;0;80;0;
17183;4429196;1014452224;20713472;1115049984;0;0;0;0;0;0;0;0;0;0;0;2615;0;0;89;0;80;0;
17184;3516825;1014452224;20713472;1115049984;0;0;0;0;0;0;0;0;0;0;0;4469;0;0;89;0;80;0;
17185;6841941;1014452224;20713472;1115049984;0;0;0;0;0;0;0;0;0;0;0;3506;0;0;89;0;80;0;
17186;4074621;1014452224;20713472;1115049984;0;0;0;0;0;0;0;0;0;0;0;5109;0;0;89;0;80;0;
17187;4934885;1014452224;20713472;1115049984;0;0;0;0;0;0;0;0;0;0;0;3557;0;0;89;0;80;0;
17188;4526409;1014452224;20713472;1115049984;0;0;0;0;0;0;0;0;0;0;0;3817;0;0;89;0;80;0;
17189;6437402;1014452224;20713472;1115049984;0;0;0;0;0;0;0;0;0;0;0;4147;0;0;89;0;80;0;
17190;4311837;1014452224;20713472;1115049984;0;0;0;0;0;0;0;0;0;0;0;4569;0;0;89;0;80;0;
17191;5936323;1014452224;20713472;1115049984;0;0;0;0;0;0;0;0;0;0;0;3467;0;0;89;0;80;0;
17192;3787443;1014452224;20713472;1115049984;0;0;0;0;0;0;0;0;0;0;0;3547;0;0;89;0;80;0;
17193;5405066;1014452224;20713472;1115049984;0;0;0;0;0;0;0;0;0;0;0;4107;0;0;89;0;80;0;
17194;3900825;1014452224;20713472;1115049984;0;0;0;0;0;0;0;0;0;0;0;3206;0;0;89;0;80;0;
17195;4655861;1014452224;20713472;1115049984;0;0;0;0;0;0;0;0;0;0;0;3106;0;0;89;0;80;0;
17196;3363789;1014452224;20713472;1115049984;0;0;0;0;0;0;0;0;0;0;0;2995;0;0;89;0;80;0;
17197;4650071;1014452224;20713472;1115049984;0;0;0;0;0;0;0;0;0;0;0;2013;0;0;89;0;80;0;
17198;5152734;1014452224;20713472;1115049984;0;0;0;0;0;0;0;0;0;0;0;3617;0;0;89;0;80;0;
17199;4856408;1014452224;20713472;1115049984;0;0;0;0;0;0;0;0;0;0;0;2625;0;0;89;0;80;0;
17200;4001254;1014452224;20713472;1115049984;0;0;0;0;0;0;0;0;0;0;0;3226;0;0;89;0;80;0;
17201;4778692;1014452224;20713472;1115049984;0;0;0;0;0;0;0;0;0;0;0;1894;0;0;89;0;80;0;
17202;3129459;1014452224;20713472;1115049984;0;0;0;0;0;0;0;0;0;0;0;2925;0;0;89;0;80;0;
17203;4601881;1014452224;20713472;1115049984;0;0;0;0;0;0;0;0;0;0;0;1683;0;0;89;0;80;0;
17204;2736983;1014452224;20713472;1115049984;0;0;0;0;0;0;0;0;0;0;0;3076;0;0;89;0;80;0;
17205;5296052;1014452224;20713472;1115049984;0;0;0;0;0;0;0;0;0;0;0;1924;0;0;89;0;80;0;
17206;4147889;1014452224;20713472;1115049984;0;0;0;0;0;0;0;0;0;0;0;3527;0;0;89;0;80;0;
17207;6473841;1014452224;20713472;1115049984;0;0;0;0;0;0;0;0;0;0;0;3757;0;0;89;0;80;0;
17208;4124044;1014452224;20713472;1115049984;0;0;0;0;0;0;0;0;0;0;0;4057;0;0;89;0;80;0;
17209;6199086;1014452224;20713472;1115049984;0;0;0;0;0;0;0;0;0;0;0;4688;0;0;89;0;80;0;
17210;5282066;1014452224;20713472;1115049984;0;0;0;0;0;0;0;0;0;0;0;3757;0;0;89;0;80;0;
17211;5929831;1014452224;20713472;1115049984;0;0;0;0;0;0;0;0;0;0;0;4168;0;0;89;0;80;0;
17212;6141257;1014452224;20713472;1115049984;0;0;0;0;0;0;0;0;0;0;0;3997;0;0;89;0;80;0;
17213;5504654;1014452224;20713472;1115049984;0;0;0;0;0;0;0;0;0;0;0;2825;0;0;89;0;80;0;
17214;3930091;1014452224;20713472;1115049984;0;0;0;0;0;0;0;0;0;0;0;2755;0;0;89;0;80;0;
17215;5867564;1014452224;20713472;1115049984;0;0;0;0;0;0;0;0;0;0;0;2435;0;0;89;0;80;0;
17216;3510504;1014452224;20713472;1115049984;0;0;0;0;0;0;0;0;0;0;0;3536;0;0;89;0;80;0;
17217;5651289;1014452224;20713472;1115049984;0;0;0;0;0;0;0;0;0;0;0;1934;0;0;89;0;80;0;
17218;2888918;1014452224;20713472;1115049984;0;0;0;0;0;0;0;0;0;0;0;3036;0;0;89;0;80;0;
17219;5868235;1014452224;20713472;1115049984;0;0;0;0;0;0;0;0;0;0;0;3016;0;0;89;0;80;0;
17220;3283337;1014452224;20713472;1115049984;0;0;0;0;0;0;0;0;0;0;0;3156;0;0;89;0;80;0;
17221;4436861;1014452224;20713472;1115049984;0;0;0;0;0;0;0;0;0;0;0;2124;0;0;89;0;80;0;
17222;3543947;1014452224;20713472;1115049984;0;0;0;0;0;0;0;0;0;0;0;3116;0;0;89;0;80;0;
17223;4508436;1014452224;20713472;1115049984;0;0;0;0;0;0;0;0;0;0;0;2024;0;0;89;0;80;0;
17224;2968197;1014452224;20713472;1115049984;0;0;0;0;0;0;0;0;0;0;0;2695;0;0;89;0;80;0;
17225;5335476;1014452224;20713472;1115049984;0;0;0;0;0;0;0;0;0;0;0;1773;0;0;89;0;80;0;
17226;2465253;1014452224;20713472;1115049984;0;0;0;0;0;0;0;0;0;0;0;3347;0;0;89;0;80;0;
17227;4821693;1014452224;20713472;1115049984;0;0;0;0;0;0;0;0;0;0;0;2104;0;0;89;0;80;0;
17228;5703095;1014452224;20713472;1115049984;0;0;0;0;0;0;0;0;0;0;0;3798;0;0;89;0;80;0;
17229;6230715;1014452224;20713472;1115049984;0;0;0;0;0;0;0;0;0;0;0;4008;0;0;89;0;80;0;
17230;5713535;1014452224;20713472;1115049984;0;0;0;0;0;0;0;0;0;0;0;4077;0;0;89;0;80;0;
17231;5877302;1014452224;20713472;1115049984;0;0;0;0;0;0;0;0;0;0;0;4258;0;0;89;0;80;0;
17232;5044139;1014452224;20713472;1115049984;0;0;0;0;0;0;0;0;0;0;0;4208;0;0;89;0;80;0;
17233;6271532;1014452224;20713472;1115049984;0;0;0;0;0;0;0;0;0;0;0;4208;0;0;89;0;80;0;
17234;5980275;1014452224;20713472;1115049984;0;0;0;0;0;0;0;0;0;0;0;4578;0;0;89;0;80;0;
17235;5730046;1014452224;20713472;1115049984;0;0;0;0;0;0;0;0;0;0;0;4579;0;0;89;0;80;0;
17236;6061287;1014452224;20713472;1115049984;0;0;0;0;0;0;0;0;0;0;0;4148;0;0;89;0;80;0;
17237;6146738;1014452224;20713472;1115049984;0;0;0;0;0;0;0;0;0;0;0;3386;0;0;89;0;80;0;
17238;5067784;1014452224;20713472;1115049984;0;0;0;0;0;0;0;0;0;0;0;3918;0;0;89;0;80;0;
17239;5793645;1014452224;20713472;1115049984;0;0;0;0;0;0;0;0;0;0;0;2885;0;0;89;0;80;0;
17240;4027604;1014452224;20713472;1115049984;0;0;0;0;0;0;0;0;0;0;0;3928;0;0;89;0;80;0;
17241;4695566;1014452224;20713472;1115049984;0;0;0;0;0;0;0;0;0;0;0;3196;0;0;89;0;80;0;
17242;4884390;1014452224;20713472;1115049984;0;0;0;0;0;0;0;0;0;0;0;4108;0;0;89;0;80;0;
17243;5450321;1014452224;20713472;1115049984;0;0;0;0;0;0;0;0;0;0;0;2775;0;0;89;0;80;0;
17244;4460515;1014452224;20713472;1115049984;0;0;0;0;0;0;0;0;0;0;0;4018;0;0;89;0;80;0;
17245;4797498;1014452224;20713472;1115049984;0;0;0;0;0;0;0;0;0;0;0;3066;0;0;89;0;80;0;
17246;4090331;1014452224;20713472;1115049984;0;0;0;0;0;0;0;0;0;0;0;4127;0;0;89;0;80;0;
17247;5528388;1014452224;20713472;1115049984;0;0;0;0;0;0;0;0;0;0;0;3156;0;0;89;0;80;0;
17248;3963373;1014452224;20713472;1115049984;0;0;0;0;0;0;0;0;0;0;0;4869;0;0;89;0;80;0;
17249;5199741;1014452224;20713472;1115049984;0;0;0;0;0;0;0;0;0;0;0;2635;0;0;89;0;80;0;
17250;4311095;1014452224;20713472;1115049984;0;0;0;0;0;0;0;0;0;0;0;3847;0;0;89;0;80;0;
17251;5327921;1014452224;20713472;1115049984;0;0;0;0;0;0;0;0;0;0;0;3808;0;0;89;0;80;0;
17252;4072628;1014452224;20713472;1115049984;0;0;0;0;0;0;0;0;0;0;0;3757;0;0;89;0;80;0;
17253;5364050;1014452224;20713472;1115049984;0;0;0;0;0;0;0;0;0;0;0;2995;0;0;89;0;80;0;
17254;4369374;1014452224;20713472;1115049984;0;0;0;0;0;0;0;0;0;0;0;3687;0;0;89;0;80;0;
17255;6843013;1014452224;20713472;1115049984;0;0;0;0;0;0;0;0;0;0;0;3617;0;0;89;0;80;0;
17256;4580841;1014452224;20713472;1115049984;0;0;0;0;0;0;0;0;0;0;0;3807;0;0;89;0;80;0;
17257;6621168;1014452224;20713472;1115049984;0;0;0;0;0;0;0;0;0;0;0;4578;0;0;89;0;80;0;
17258;4154762;1014452224;20713472;1115049984;0;0;0;0;0;0;0;0;0;0;0;3777;0;0;89;0;80;0;
17259;5790890;1014452224;20713472;1115049984;0;0;0;0;0;0;0;0;0;0;0;3877;0;0;89;0;80;0;
17260;4740290;1014452224;20713472;1115049984;0;0;0;0;0;0;0;0;0;0;0;4027;0;0;89;0;80;0;
17261;6361771;1014452224;20713472;1115049984;0;0;0;0;0;0;0;0;0;0;0;3296;0;0;89;0;80;0;
17262;4358845;1014452224;20713472;1115049984;0;0;0;0;0;0;0;0;0;0;0;4098;0;0;89;0;80;0;
17263;5603018;1014452224;20713472;1115049984;0;0;0;0;0;0;0;0;0;0;0;2896;0;0;89;0;80;0;
17264;3927756;1014452224;20713472;1115049984;0;0;0;0;0;0;0;0;0;0;0;3687;0;0;89;0;80;0;
17265;6507224;1014452224;20713472;1115049984;0;0;0;0;0;0;0;0;0;0;0;3877;0;0;89;0;80;0;
17266;4575300;1014452224;20713472;1115049984;0;0;0;0;0;0;0;0;0;0;0;5049;0;0;89;0;80;0;
17267;6306287;1014452224;20713472;1115049984;0;0;0;0;0;0;0;0;0;0;0;3998;0;0;89;0;80;0;
17268;4493247;1014452224;20713472;1115049984;0;0;0;0;0;0;0;0;0;0;0;8226;0;0;89;0;80;0;
17269;6259088;1014452224;20713472;1115049984;0;0;0;0;0;0;0;0;0;0;0;2735;0;0;89;0;80;0;
17270;5525693;1014452224;20713472;1115049984;0;0;0;0;0;0;0;0;0;0;0;5000;0;0;89;0;80;0;
17271;6002628;1014452224;20713472;1115049984;0;0;0;0;0;0;0;0;0;0;0;3988;0;0;89;0;80;0;
17272;6046800;1014452224;20713472;1115049984;0;0;0;0;0;0;0;0;0;0;0;3877;0;0;89;0;80;0;
17273;6518485;1014452224;20713472;1115049984;0;0;0;0;0;0;0;0;0;0;0;3136;0;0;89;0;80;0;
17274;4822224;1014452224;20713472;1115049984;0;0;0;0;0;0;0;0;0;0;0;3997;0;0;89;0;80;0;
17275;5567551;1014452224;20713472;1115049984;0;0;0;0;0;0;0;0;0;0;0;4008;0;0;89;0;80;0;
17276;4709833;1014452224;20713472;1115049984;0;0;0;0;0;0;0;0;0;0;0;4398;0;0;89;0;80;0;
17277;6714382;1014452224;20713472;1115049984;0;0;0;0;0;0;0;0;0;0;0;3828;0;0;89;0;80;0;
17278;5936743;1014452224;20713472;1115049984;0;0;0;0;0;0;0;0;0;0;0;4078;0;0;89;0;80;0;
17279;5936143;1014452224;20713472;1115049984;0;0;0;0;0;0;0;0;0;0;0;3336;0;0;89;0;80;0;
17280;6075745;1014452224;20713472;1115049984;0;0;0;0;0;0;0;0;0;0;0;3947;0;0;89;0;80;0;
17281;6247687;1014452224;20713472;1115049984;0;0;0;0;0;0;0;0;0;0;0;2885;0;0;89;0;80;0;
17282;3548305;1014452224;20713472;1115049984;0;0;0;0;0;0;0;0;0;0;0;3807;0;0;89;0;80;0;
17283;5284660;1014452224;20713472;1115049984;0;0;0;0;0;0;0;0;0;0;0;2916;0;0;89;0;80;0;
17284;5414865;1014452224;20713472;1115049984;0;0;0;0;0;0;0;0;0;0;0;4058;0;0;89;0;80;0;
17285;5950670;1014452224;20713472;1115049984;0;0;0;0;0;0;0;0;0;0;0;3486;0;0;89;0;80;0;
17286;4722196;1014452224;20713472;1115049984;0;0;0;0;0;0;0;0;0;0;0;4098;0;0;89;0;80;0;
17287;6539464;1014452224;20713472;1115049984;0;0;0;0;0;0;0;0;0;0;0;6893;0;0;89;0;80;0;
17288;3850561;1014452224;20713472;1115049984;0;0;0;0;0;0;0;0;0;0;0;3897;0;0;89;0;80;0;
17289;5883374;1014452224;20713472;1115049984;0;0;0;0;0;0;0;0;0;0;0;3767;0;0;89;0;80;0;
17290;4493417;1014452224;20713472;1115049984;0;0;0;0;0;0;0;0;0;0;0;4268;0;0;89;0;80;0;
17291;7260547;1014452224;20713472;1115049984;0;0;0;0;0;0;0;0;0;0;0;3857;0;0;89;0;80;0;
17292;5300230;1014452224;20713472;1115049984;0;0;0;0;0;0;0;0;0;0;0;3817;0;0;89;0;80;0;
17293;6176643;1014452224;20713472;1115049984;0;0;0;0;0;0;0;0;0;0;0;3617;0;0;89;0;80;0;
17294;4444475;1014452224;20713472;1115049984;0;0;0;0;0;0;0;0;0;0;0;4208;0;0;89;0;80;0;
17295;5689269;1014452224;20713472;1115049984;0;0;0;0;0;0;0;0;0;0;0;3086;0;0;89;0;80;0;
17296;5322171;1014452224;20713472;1115049984;0;0;0;0;0;0;0;0;0;0;0;3677;0;0;89;0;80;0;
17297;6163649;1014452224;20713472;1115049984;0;0;0;0;0;0;0;0;0;0;0;3026;0;0;89;0;80;0;
17298;4608523;1014452224;20713472;1115049984;0;0;0;0;0;0;0;0;0;0;0;3667;0;0;89;0;80;0;
17299;6444285;1014452224;20713472;1115049984;0;0;0;0;0;0;0;0;0;0;0;3146;0;0;89;0;80;0;
17300;4283564;1014452224;20713472;1115049984;0;0;0;0;0;0;0;0;0;0;0;4298;0;0;89;0;80;0;
17301;5129330;1014452224;20713472;1115049984;0;0;0;0;0;0;0;0;0;0;0;3837;0;0;89;0;80;0;
17302;3559385;1014452224;20713472;1115049984;0;0;0;0;0;0;0;0;0;0;0;3156;0;0;89;0;80;0;
17303;5922598;1014452224;20713472;1115049984;0;0;0;0;0;0;0;0;0;0;0;2284;0;0;89;0;80;0;
17304;3439620;1014452224;20713472;1115049984;0;0;0;0;0;0;0;0;0;0;0;3327;0;0;89;0;80;0;
17305;5375672;1014452224;20713472;1115049984;0;0;0;0;0;0;0;0;0;0;0;1994;0;0;89;0;80;0;
17306;3604149;1014452224;20713472;1115049984;0;0;0;0;0;0;0;0;0;0;0;2845;0;0;89;0;80;0;
17307;4866437;1014452224;20713472;1115049984;0;0;0;0;0;0;0;0;0;0;0;2144;0;0;89;0;80;0;
17308;4121238;1014452224;20713472;1115049984;0;0;0;0;0;0;0;0;0;0;0;3055;0;0;89;0;80;0;
17309;4358284;1014452224;20713472;1115049984;0;0;0;0;0;0;0;0;0;0;0;2134;0;0;89;0;80;0;
17310;3694899;1014452224;20713472;1115049984;0;0;0;0;0;0;0;0;0;0;0;2615;0;0;89;0;80;0;
17311;4959090;1014452224;20713472;1115049984;0;0;0;0;0;0;0;0;0;0;0;2244;0;0;89;0;80;0;
17312;3863325;1014452224;20713472;1115049984;0;0;0;0;0;0;0;0;0;0;0;2745;0;0;89;0;80;0;
17313;5336197;1014452224;20713472;1115049984;0;0;0;0;0;0;0;0;0;0;0;2064;0;0;89;0;80;0;
17314;3516384;1014452224;20713472;1115049984;0;0;0;0;0;0;0;0;0;0;0;2444;0;0;89;0;80;0;
17315;4663246;1014452224;20713472;1115049984;0;0;0;0;0;0;0;0;0;0;0;2134;0;0;89;0;80;0;
17316;3131613;1014452224;20713472;1115049984;0;0;0;0;0;0;0;0;0;0;0;2725;0;0;89;0;80;0;
17317;5354642;1014452224;20713472;1115049984;0;0;0;0;0;0;0;0;0;0;0;2575;0;0;89;0;80;0;
17318;4574559;1014452224;20713472;1115049984;0;0;0;0;0;0;0;0;0;0;0;3266;0;0;89;0;80;0;
17319;4835478;1014452224;20713472;1115049984;0;0;0;0;0;0;0;0;0;0;0;2585;0;0;89;0;80;0;
17320;4778892;1014452224;20713472;1115049984;0;0;0;0;0;0;0;0;0;0;0;4278;0;0;89;0;80;0;
17321;5649836;1014452224;20713472;1115049984;0;0;0;0;0;0;0;0;0;0;0;2976;0;0;89;0;80;0;
17322;3416147;1014452224;20713472;1115049984;0;0;0;0;0;0;0;0;0;0;0;3196;0;0;89;0;80;0;
17323;5391862;1014452224;20713472;1115049984;0;0;0;0;0;0;0;0;0;0;0;2505;0;0;89;0;80;0;
17324;4619354;1014452224;20713472;1115049984;0;0;0;0;0;0;0;0;0;0;0;4198;0;0;89;0;80;0;
17325;5692445;1014452224;20713472;1115049984;0;0;0;0;0;0;0;0;0;0;0;3336;0;0;89;0;80;0;
17326;4781627;1014452224;20713472;1115049984;0;0;0;0;0;0;0;0;0;0;0;4128;0;0;89;0;80;0;
17327;5486389;1014452224;20713472;1115049984;0;0;0;0;0;0;0;0;0;0;0;2895;0;0;89;0;80;0;
17328;5041475;1014452224;20713472;1115049984;0;0;0;0;0;0;0;0;0;0;0;4157;0;0;89;0;80;0;
17329;5796841;1014452224;20713472;1115049984;0;0;0;0;0;0;0;0;0;0;0;3146;0;0;89;0;80;0;
17330;4826261;1014452224;20713472;1115049984;0;0;0;0;0;0;0;0;0;0;0;3917;0;0;89;0;80;0;
17331;5551531;1014452224;20713472;1115049984;0;0;0;0;0;0;0;0;0;0;0;2835;0;0;89;0;80;0;
17332;3435152;1014452224;20713472;1115049984;0;0;0;0;0;0;0;0;0;0;0;3486;0;0;89;0;80;0;
17333;4940516;1014452224;20713472;1115049984;0;0;0;0;0;0;0;0;0;0;0;2404;0;0;89;0;80;0;
17334;4822053;1014452224;20713472;1115049984;0;0;0;0;0;0;0;0;0;0;0;3778;0;0;89;0;80;0;
17335;4591471;1014452224;20713472;1115049984;0;0;0;0;0;0;0;0;0;0;0;2604;0;0;89;0;80;0;
17336;4773402;1014452224;20713472;1115049984;0;0;0;0;0;0;0;0;0;0;0;3326;0;0;89;0;80;0;
17337;5360363;1014452224;20713472;1115049984;0;0;0;0;0;0;0;0;0;0;0;2885;0;0;89;0;80;0;
17338;5176438;1014452224;20713472;1115049984;0;0;0;0;0;0;0;0;0;0;0;3136;0;0;89;0;80;0;
17339;4795474;1014452224;20713472;1115049984;0;0;0;0;0;0;0;0;0;0;0;2544;0;0;89;0;80;0;
17340;4633580;1014452224;20713472;1115049984;0;0;0;0;0;0;0;0;0;0;0;3436;0;0;89;0;80;0;
17341;5146141;1014452224;20713472;1115049984;0;0;0;0;0;0;0;0;0;0;0;2444;0;0;89;0;80;0;
17342;4251533;1014452224;20713472;1115049984;0;0;0;0;0;0;0;0;0;0;0;3627;0;0;89;0;80;0;
17343;5462955;1014452224;20713472;1115049984;0;0;0;0;0;0;0;0;0;0;0;2575;0;0;89;0;80;0;
17344;5222525;1014452224;20713472;1115049984;0;0;0;0;0;0;0;0;0;0;0;3567;0;0;89;0;80;0;
17345;5067653;1014452224;20713472;1115049984;0;0;0;0;0;0;0;0;0;0;0;3206;0;0;89;0;80;0;
17346;3355834;1014452224;20713472;1115049984;0;0;0;0;0;0;0;0;0;0;0;4098;0;0;89;0;80;0;
17347;4936498;1014452224;20713472;1115049984;0;0;0;0;0;0;0;0;0;0;0;72817;0;0;89;0;80;0;
17348;3765462;1014452224;20713472;1115049984;0;0;0;0;0;0;0;0;0;0;0;3747;0;0;89;0;80;0;
17349;5857065;1014452224;20713472;1115049984;0;0;0;0;0;0;0;0;0;0;0;3577;0;0;89;0;80;0;
17350;3317030;1014452224;20713472;1115049984;0;0;0;0;0;0;0;0;0;0;0;3506;0;0;89;0;80;0;
17351;5575937;1014452224;20713472;1115049984;0;0;0;0;0;0;0;0;0;0;0;3186;0;0;89;0;80;0;
17352;4835568;1014452224;20713472;1115049984;0;0;0;0;0;0;0;0;0;0;0;4549;0;0;89;0;80;0;
17353;5356175;1014452224;20713472;1115049984;0;0;0;0;0;0;0;0;0;0;0;2265;0;0;89;0;80;0;
17354;3668861;1014452224;20713472;1115049984;0;0;0;0;0;0;0;0;0;0;0;2995;0;0;89;0;80;0;
17355;11029926;1014452224;20713472;1115049984;0;0;0;0;0;0;0;0;0;0;0;2524;0;0;89;0;80;0;
17356;5079716;1014452224;20713472;1115049984;0;0;0;0;0;0;0;0;0;0;0;3146;0;0;89;0;80;0;
17357;5071191;1014452224;20713472;1115049984;0;0;0;0;0;0;0;0;0;0;0;2655;0;0;89;0;80;0;
17358;5019944;1014452224;20713472;1115049984;0;0;0;0;0;0;0;0;0;0;0;3497;0;0;89;0;80;0;
17359;5799587;1014452224;20713472;1115049984;0;0;0;0;0;0;0;0;0;0;0;2935;0;0;89;0;80;0;
17360;5620351;1014452224;20713472;1115049984;0;0;0;0;0;0;0;0;0;0;0;3497;0;0;89;0;80;0;
17361;5101247;1014452224;20713472;1115049984;0;0;0;0;0;0;0;0;0;0;0;2184;0;0;89;0;80;0;
17362;3693347;1014452224;20713472;1115049984;0;0;0;0;0;0;0;0;0;0;0;4088;0;0;89;0;80;0;
17363;5228255;1014452224;20713472;1115049984;0;0;0;0;0;0;0;0;0;0;0;2234;0;0;89;0;80;0;
17364;5811809;1014452224;20713472;1115049984;0;0;0;0;0;0;0;0;0;0;0;3857;0;0;89;0;80;0;
17365;5170677;1014452224;20713472;1115049984;0;0;0;0;0;0;0;0;0;0;0;4117;0;0;89;0;80;0;
17366;4252495;1014452224;20713472;1115049984;0;0;0;0;0;0;0;0;0;0;0;3036;0;0;89;0;80;0;
17367;5325588;1014452224;20713472;1115049984;0;0;0;0;0;0;0;0;0;0;0;2475;0;0;89;0;80;0;
17368;3461652;1014452224;20713472;1115049984;0;0;0;0;0;0;0;0;0;0;0;3125;0;0;89;0;80;0;
17369;5594232;1014452224;20713472;1115049984;0;0;0;0;0;0;0;0;0;0;0;3597;0;0;89;0;80;0;
17370;3695009;1014452224;20713472;1115049984;0;0;0;0;0;0;0;0;0;0;0;2975;0;0;89;0;80;0;
17371;5257460;1014452224;20713472;1115049984;0;0;0;0;0;0;0;0;0;0;0;2494;0;0;89;0;80;0;
17372;4577414;1014452224;20713472;1115049984;0;0;0;0;0;0;0;0;0;0;0;4128;0;0;89;0;80;0;
17373;6196581;1014452224;20713472;1115049984;0;0;0;0;0;0;0;0;0;0;0;2645;0;0;89;0;80;0;
17374;3724244;1014452224;20713472;1115049984;0;0;0;0;0;0;0;0;0;0;0;3627;0;0;89;0;80;0;
17375;4622379;1014452224;20713472;1115049984;0;0;0;0;0;0;0;0;0;0;0;2866;0;0;89;0;80;0;
17376;3531182;1014452224;20713472;1115049984;0;0;0;0;0;0;0;0;0;0;0;3216;0;0;89;0;80;0;
17377;5370642;1014452224;20713472;1115049984;0;0;0;0;0;0;0;0;0;0;0;3176;0;0;89;0;80;0;
17378;3225529;1014452224;20713472;1115049984;0;0;0;0;0;0;0;0;0;0;0;3818;0;0;89;0;80;0;
17379;5190764;1014452224;20713472;1115049984;0;0;0;0;0;0;0;0;0;0;0;2846;0;0;89;0;80;0;
17380;3693657;1014452224;20713472;1115049984;0;0;0;0;0;0;0;0;0;0;0;2976;0;0;89;0;80;0;
17381;6862751;1014452224;20713472;1115049984;0;0;0;0;0;0;0;0;0;0;0;3196;0;0;89;0;80;0;
17382;3832206;1014452224;20713472;1115049984;0;0;0;0;0;0;0;0;0;0;0;3346;0;0;89;0;80;0;
17383;5331659;1014452224;20713472;1115049984;0;0;0;0;0;0;0;0;0;0;0;2786;0;0;89;0;80;0;
17384;4889129;1014452224;20713472;1115049984;0;0;0;0;0;0;0;0;0;0;0;3326;0;0;89;0;80;0;
17385;5151651;1014452224;20713472;1115049984;0;0;0;0;0;0;0;0;0;0;0;1994;0;0;89;0;80;0;
17386;4062549;1014452224;20713472;1115049984;0;0;0;0;0;0;0;0;0;0;0;3867;0;0;89;0;80;0;
17387;4896442;1014452224;20713472;1115049984;0;0;0;0;0;0;0;0;0;0;0;2906;0;0;89;0;80;0;
17388;5258602;1014452224;20713472;1115049984;0;0;0;0;0;0;0;0;0;0;0;3868;0;0;89;0;80;0;
17389;5165687;1014452224;20713472;1115049984;0;0;0;0;0;0;0;0;0;0;0;3016;0;0;89;0;80;0;
17390;5921816;1014452224;20713472;1115049984;0;0;0;0;0;0;0;0;0;0;0;4298;0;0;89;0;80;0;
17391;4854985;1014452224;20713472;1115049984;0;0;0;0;0;0;0;0;0;0;0;2756;0;0;89;0;80;0;
17392;5296913;1014452224;20713472;1115049984;0;0;0;0;0;0;0;0;0;0;0;3828;0;0;89;0;80;0;
17393;5233715;1014452224;20713472;1115049984;0;0;0;0;0;0;0;0;0;0;0;2885;0;0;89;0;80;0;
17394;5762788;1014452224;20713472;1115049984;0;0;0;0;0;0;0;0;0;0;0;3777;0;0;89;0;80;0;
17395;5742039;1014452224;20713472;1115049984;0;0;0;0;0;0;0;0;0;0;0;2475;0;0;89;0;80;0;
17396;4822805;1014452224;20713472;1115049984;0;0;0;0;0;0;0;0;0;0;0;3847;0;0;89;0;80;0;
17397;4901773;1014452224;20713472;1115049984;0;0;0;0;0;0;0;0;0;0;0;3116;0;0;89;0;80;0;
17398;4135996;1014452224;20713472;1115049984;0;0;0;0;0;0;0;0;0;0;0;3186;0;0;89;0;80;0;
17399;5031536;1014452224;20713472;1115049984;0;0;0;0;0;0;0;0;0;0;0;2575;0;0;89;0;80;0;
17400;4842872;1014452224;20713472;1115049984;0;0;0;0;0;0;0;0;0;0;0;2755;0;0;89;0;80;0;
17401;5866642;1014452224;20713472;1115049984;0;0;0;0;0;0;0;0;0;0;0;2084;0;0;89;0;80;0;
17402;3629316;1014452224;20713472;1115049984;0;0;0;0;0;0;0;0;0;0;0;3687;0;0;89;0;80;0;
17403;5448548;1014452224;20721664;1115058176;0;0;0;0;0;0;0;0;0;0;0;3877;0;0;89;0;80;0;
17404;4605848;1014452224;20721664;1115058176;0;0;0;0;0;0;0;0;0;0;0;4428;0;0;89;0;80;0;
17405;5051303;1014452224;20721664;1115058176;0;0;0;0;0;0;0;0;0;0;0;2836;0;0;89;0;80;0;
17406;3883844;1014452224;20721664;1115058176;0;0;0;0;0;0;0;0;0;0;0;3457;0;0;89;0;80;0;
17407;4975261;1014452224;20721664;1115058176;0;0;0;0;0;0;0;0;0;0;0;2535;0;0;89;0;80;0;
17408;4424227;1014452224;20721664;1115058176;0;0;0;0;0;0;0;0;0;0;0;3106;0;0;89;0;80;0;
17409;4969991;1014452224;20721664;1115058176;0;0;0;0;0;0;0;0;0;0;0;2965;0;0;89;0;80;0;
17410;3248652;1014591488;20713472;1115049984;0;0;0;0;0;0;0;0;0;0;0;3236;0;0;89;0;80;0;
17411;5365853;1014591488;20713472;1115049984;0;0;0;0;0;0;0;0;0;0;0;2675;0;0;89;0;80;0;
17412;4228399;1014591488;20713472;1115049984;0;0;0;0;0;0;0;0;0;0;0;3336;0;0;89;0;80;0;
17413;6194467;1014591488;20713472;1115049984;0;0;0;0;0;0;0;0;0;0;0;3466;0;0;89;0;80;0;
17414;4157827;1014591488;20713472;1115049984;0;0;0;0;0;0;0;0;0;0;0;5951;0;0;89;0;80;0;
17415;4966554;1014591488;20713472;1115049984;0;0;0;0;0;0;0;0;0;0;0;2846;0;0;89;0;80;0;
17416;4773152;1014591488;20713472;1115049984;0;0;0;0;0;0;0;0;0;0;0;3727;0;0;89;0;80;0;
17417;5237393;1014591488;20713472;1115049984;0;0;0;0;0;0;0;0;0;0;0;2284;0;0;89;0;80;0;
17418;4261883;1014591488;20713472;1115049984;0;0;0;0;0;0;0;0;0;0;0;3156;0;0;89;0;80;0;
17419;4694885;1014591488;20713472;1115049984;0;0;0;0;0;0;0;0;0;0;0;2184;0;0;89;0;80;0;
17420;3768397;1014591488;20713472;1115049984;0;0;0;0;0;0;0;0;0;0;0;3677;0;0;89;0;80;0;
17421;4582684;1014591488;20713472;1115049984;0;0;0;0;0;0;0;0;0;0;0;2474;0;0;89;0;80;0;
17422;5059328;1014591488;20713472;1115049984;0;0;0;0;0;0;0;0;0;0;0;3828;0;0;89;0;80;0;
17423;5307083;1014591488;20713472;1115049984;0;0;0;0;0;0;0;0;0;0;0;2965;0;0;89;0;80;0;
17424;4633098;1014591488;20713472;1115049984;0;0;0;0;0;0;0;0;0;0;0;3977;0;0;89;0;80;0;
17425;5531203;1014591488;20713472;1115049984;0;0;0;0;0;0;0;0;0;0;0;2825;0;0;89;0;80;0;
17426;5259413;1014591488;20713472;1115049984;0;0;0;0;0;0;0;0;0;0;0;3026;0;0;89;0;80;0;
17427;5066722;1014591488;20713472;1115049984;0;0;0;0;0;0;0;0;0;0;0;3757;0;0;89;0;80;0;
17428;3743871;1014591488;20713472;1115049984;0;0;0;0;0;0;0;0;0;0;0;3586;0;0;89;0;80;0;
17429;4543030;1014591488;20713472;1115049984;0;0;0;0;0;0;0;0;0;0;0;2064;0;0;89;0;80;0;
17430;2854013;1014591488;20713472;1115049984;0;0;0;0;0;0;0;0;0;0;0;2695;0;0;89;0;80;0;
17431;4815080;1014591488;20713472;1115049984;0;0;0;0;0;0;0;0;0;0;0;2114;0;0;89;0;80;0;
17432;2985719;1014591488;20713472;1115049984;0;0;0;0;0;0;0;0;0;0;0;2524;0;0;89;0;80;0;
17433;5384278;1014591488;20713472;1115049984;0;0;0;0;0;0;0;0;0;0;0;2013;0;0;89;0;80;0;
17434;3048938;1014591488;20713472;1115049984;0;0;0;0;0;0;0;0;0;0;0;2424;0;0;89;0;80;0;
17435;4859684;1014591488;20713472;1115049984;0;0;0;0;0;0;0;0;0;0;0;2385;0;0;89;0;80;0;
17436;3923749;1014591488;20713472;1115049984;0;0;0;0;0;0;0;0;0;0;0;2905;0;0;89;0;80;0;
17437;4958820;1014591488;20713472;1115049984;0;0;0;0;0;0;0;0;0;0;0;2244;0;0;89;0;80;0;
17438;3632393;1014591488;20713472;1115049984;0;0;0;0;0;0;0;0;0;0;0;2675;0;0;89;0;80;0;
17439;4865374;1014591488;20713472;1115049984;0;0;0;0;0;0;0;0;0;0;0;2033;0;0;89;0;80;0;
17440;4010121;1014591488;20713472;1115049984;0;0;0;0;0;0;0;0;0;0;0;2555;0;0;89;0;80;0;
17441;5447767;1014591488;20713472;1115049984;0;0;0;0;0;0;0;0;0;0;0;2404;0;0;89;0;80;0;
17442;3460781;1014591488;20713472;1115049984;0;0;0;0;0;0;0;0;0;0;0;2515;0;0;89;0;80;0;
17443;5470329;1014591488;20713472;1115049984;0;0;0;0;0;0;0;0;0;0;0;2484;0;0;89;0;80;0;
17444;3498501;1014591488;20713472;1115049984;0;0;0;0;0;0;0;0;0;0;0;2635;0;0;89;0;80;0;
17445;4828145;1014591488;20713472;1115049984;0;0;0;0;0;0;0;0;0;0;0;2445;0;0;89;0;80;0;
17446;2453501;1014591488;20713472;1115049984;0;0;0;0;0;0;0;0;0;0;0;2565;0;0;89;0;80;0;
17447;5165187;1014591488;20713472;1115049984;0;0;0;0;0;0;0;0;0;0;0;2144;0;0;89;0;80;0;
17448;4106371;1014591488;20713472;1115049984;0;0;0;0;0;0;0;0;0;0;0;2976;0;0;89;0;80;0;
17449;4797838;1014591488;20713472;1115049984;0;0;0;0;0;0;0;0;0;0;0;2033;0;0;89;0;80;0;
17450;2782228;1014591488;20713472;1115049984;0;0;0;0;0;0;0;0;0;0;0;2324;0;0;89;0;80;0;
17451;4249841;1014591488;20713472;1115049984;0;0;0;0;0;0;0;0;0;0;0;2094;0;0;89;0;80;0;
17452;2789250;1014591488;20713472;1115049984;0;0;0;0;0;0;0;0;0;0;0;2634;0;0;89;0;80;0;
17453;4467919;1014591488;20713472;1115049984;0;0;0;0;0;0;0;0;0;0;0;1984;0;0;89;0;80;0;
17454;2473539;1014591488;20713472;1115049984;0;0;0;0;0;0;0;0;0;0;0;2334;0;0;89;0;80;0;
17455;5491940;1014591488;20713472;1115049984;0;0;0;0;0;0;0;0;0;0;0;2295;0;0;89;0;80;0;
17456;3015505;1014591488;20713472;1115049984;0;0;0;0;0;0;0;0;0;0;0;2124;0;0;89;0;80;0;
17457;4306817;1014591488;20713472;1115049984;0;0;0;0;0;0;0;0;0;0;0;2033;0;0;89;0;80;0;
17458;2229652;1014591488;20713472;1115049984;0;0;0;0;0;0;0;0;0;0;0;2414;0;0;89;0;80;0;
17459;4648507;1014591488;20713472;1115049984;0;0;0;0;0;0;0;0;0;0;0;2004;0;0;89;0;80;0;
17460;3220389;1014591488;20713472;1115049984;0;0;0;0;0;0;0;0;0;0;0;2544;0;0;89;0;80;0;
17461;5627293;1014591488;20713472;1115049984;0;0;0;0;0;0;0;0;0;0;0;2114;0;0;89;0;80;0;
17462;4579628;1014591488;20713472;1115049984;0;0;0;0;0;0;0;0;0;0;0;3587;0;0;89;0;80;0;
17463;6088538;1014591488;20713472;1115049984;0;0;0;0;0;0;0;0;0;0;0;2124;0;0;89;0;80;0;
17464;3612204;1014591488;20713472;1115049984;0;0;0;0;0;0;0;0;0;0;0;2605;0;0;89;0;80;0;
17465;5878965;1014591488;20713472;1115049984;0;0;0;0;0;0;0;0;0;0;0;1994;0;0;89;0;80;0;
17466;3330737;1014591488;20713472;1115049984;0;0;0;0;0;0;0;0;0;0;0;2385;0;0;89;0;80;0;
17467;5312814;1014591488;20713472;1115049984;0;0;0;0;0;0;0;0;0;0;0;2294;0;0;89;0;80;0;
17468;3201624;1014591488;20713472;1115049984;0;0;0;0;0;0;0;0;0;0;0;2485;0;0;89;0;80;0;
17469;5602757;1014591488;20713472;1115049984;0;0;0;0;0;0;0;0;0;0;0;2094;0;0;89;0;80;0;
17470;2914195;1014591488;20713472;1115049984;0;0;0;0;0;0;0;0;0;0;0;2435;0;0;89;0;80;0;
17471;4921540;1014591488;20713472;1115049984;0;0;0;0;0;0;0;0;0;0;0;2084;0;0;89;0;80;0;
17472;3641620;1014591488;20713472;1115049984;0;0;0;0;0;0;0;0;0;0;0;2595;0;0;89;0;80;0;
17473;5013843;1014591488;20713472;1115049984;0;0;0;0;0;0;0;0;0;0;0;2174;0;0;89;0;80;0;
17474;2681839;1014591488;20713472;1115049984;0;0;0;0;0;0;0;0;0;0;0;2444;0;0;89;0;80;0;
17475;4696167;1014591488;20713472;1115049984;0;0;0;0;0;0;0;0;0;0;0;2094;0;0;89;0;80;0;
17476;2476685;1014591488;20713472;1115049984;0;0;0;0;0;0;0;0;0;0;0;2645;0;0;89;0;80;0;
17477;5117918;1014591488;20713472;1115049984;0;0;0;0;0;0;0;0;0;0;0;2024;0;0;89;0;80;0;
17478;2457669;1014591488;20713472;1115049984;0;0;0;0;0;0;0;0;0;0;0;2334;0;0;89;0;80;0;
17479;4515549;1014591488;20713472;1115049984;0;0;0;0;0;0;0;0;0;0;0;1964;0;0;89;0;80;0;
17480;3065148;1014591488;20713472;1115049984;0;0;0;0;0;0;0;0;0;0;0;2545;0;0;89;0;80;0;
17481;4950464;1014591488;20713472;1115049984;0;0;0;0;0;0;0;0;0;0;0;2054;0;0;89;0;80;0;
17482;3461531;1014591488;20713472;1115049984;0;0;0;0;0;0;0;0;0;0;0;2324;0;0;89;0;80;0;
17483;4545024;1014591488;20713472;1115049984;0;0;0;0;0;0;0;0;0;0;0;1924;0;0;89;0;80;0;
17484;3799526;1014591488;20713472;1115049984;0;0;0;0;0;0;0;0;0;0;0;2484;0;0;89;0;80;0;
17485;4601279;1014591488;20713472;1115049984;0;0;0;0;0;0;0;0;0;0;0;1823;0;0;89;0;80;0;
17486;2671269;1014591488;20713472;1115049984;0;0;0;0;0;0;0;0;0;0;0;2866;0;0;89;0;80;0;
17487;4261041;1014591488;20713472;1115049984;0;0;0;0;0;0;0;0;0;0;0;1974;0;0;89;0;80;0;
17488;2761248;1014591488;20713472;1115049984;0;0;0;0;0;0;0;0;0;0;0;2254;0;0;89;0;80;0;
17489;4611318;1014591488;20713472;1115049984;0;0;0;0;0;0;0;0;0;0;0;2144;0;0;89;0;80;0;
17490;2889969;1014591488;20713472;1115049984;0;0;0;0;0;0;0;0;0;0;0;2564;0;0;89;0;80;0;
17491;5496548;1014591488;20713472;1115049984;0;0;0;0;0;0;0;0;0;0;0;2044;0;0;89;0;80;0;
17492;2698070;1014591488;20713472;1115049984;0;0;0;0;0;0;0;0;0;0;0;2344;0;0;89;0;80;0;
17493;4630053;1014591488;20713472;1115049984;0;0;0;0;0;0;0;0;0;0;0;2034;0;0;89;0;80;0;
17494;3189913;1014591488;20713472;1115049984;0;0;0;0;0;0;0;0;0;0;0;2485;0;0;89;0;80;0;
17495;5499213;1014591488;20713472;1115049984;0;0;0;0;0;0;0;0;0;0;0;2555;0;0;89;0;80;0;
17496;3123979;1014591488;20713472;1115049984;0;0;0;0;0;0;0;0;0;0;0;2435;0;0;89;0;80;0;
17497;4315413;1014591488;20713472;1115049984;0;0;0;0;0;0;0;0;0;0;0;2034;0;0;89;0;80;0;
17498;2984467;1014591488;20713472;1115049984;0;0;0;0;0;0;0;0;0;0;0;2474;0;0;89;0;80;0;
17499;4601881;1014591488;20713472;1115049984;0;0;0;0;0;0;0;0;0;0;0;2164;0;0;89;0;80;0;
17500;3335315;1014591488;20713472;1115049984;0;0;0;0;0;0;0;0;0;0;0;2575;0;0;89;0;80;0;
17501;5160839;1014591488;20713472;1115049984;0;0;0;0;0;0;0;0;0;0;0;1944;0;0;89;0;80;0;
17502;4145203;1014591488;20713472;1115049984;0;0;0;0;0;0;0;0;0;0;0;2434;0;0;89;0;80;0;
17503;4452800;1014591488;20713472;1115049984;0;0;0;0;0;0;0;0;0;0;0;1984;0;0;89;0;80;0;
17504;3207445;1014591488;20713472;1115049984;0;0;0;0;0;0;0;0;0;0;0;2705;0;0;89;0;80;0;
17505;4388259;1014591488;20713472;1115049984;0;0;0;0;0;0;0;0;0;0;0;2024;0;0;89;0;80;0;
17506;3882091;1014591488;20713472;1115049984;0;0;0;0;0;0;0;0;0;0;0;2645;0;0;89;0;80;0;
17507;4754005;1014591488;20713472;1115049984;0;0;0;0;0;0;0;0;0;0;0;1943;0;0;89;0;80;0;
17508;2638799;1014591488;20713472;1115049984;0;0;0;0;0;0;0;0;0;0;0;2594;0;0;89;0;80;0;
17509;4440257;1014591488;20713472;1115049984;0;0;0;0;0;0;0;0;0;0;0;2094;0;0;89;0;80;0;
17510;3181016;1014591488;20713472;1115049984;0;0;0;0;0;0;0;0;0;0;0;2385;0;0;89;0;80;0;
17511;5911988;1014591488;20713472;1115049984;0;0;0;0;0;0;0;0;0;0;0;2104;0;0;89;0;80;0;
17512;2666320;1014591488;20713472;1115049984;0;0;0;0;0;0;0;0;0;0;0;2655;0;0;89;0;80;0;
17513;4642216;1014591488;20713472;1115049984;0;0;0;0;0;0;0;0;0;0;0;1964;0;0;89;0;80;0;
17514;3067363;1014591488;20713472;1115049984;0;0;0;0;0;0;0;0;0;0;0;2375;0;0;89;0;80;0;
17515;5064147;1014591488;20713472;1115049984;0;0;0;0;0;0;0;0;0;0;0;2194;0;0;89;0;80;0;
17516;2788129;1014591488;20713472;1115049984;0;0;0;0;0;0;0;0;0;0;0;2324;0;0;89;0;80;0;
17517;4951255;1014591488;20713472;1115049984;0;0;0;0;0;0;0;0;0;0;0;1953;0;0;89;0;80;0;
17518;3539077;1014591488;20713472;1115049984;0;0;0;0;0;0;0;0;0;0;0;2805;0;0;89;0;80;0;
17519;5685162;1014591488;20713472;1115049984;0;0;0;0;0;0;0;0;0;0;0;2124;0;0;89;0;80;0;
17520;3825465;1014591488;20713472;1115049984;0;0;0;0;0;0;0;0;0;0;0;2425;0;0;89;0;80;0;
17521;4558098;1014591488;20713472;1115049984;0;0;0;0;0;0;0;0;0;0;0;2344;0;0;89;0;80;0;
17522;4269587;1014591488;20713472;1115049984;0;0;0;0;0;0;0;0;0;0;0;3125;0;0;89;0;80;0;
17523;5079516;1014591488;20713472;1115049984;0;0;0;0;0;0;0;0;0;0;0;2555;0;0;89;0;80;0;
17524;3201995;1014591488;20713472;1115049984;0;0;0;0;0;0;0;0;0;0;0;2444;0;0;89;0;80;0;
17525;5825094;1014591488;20713472;1115049984;0;0;0;0;0;0;0;0;0;0;0;2405;0;0;89;0;80;0;
17526;3108319;1014591488;20713472;1115049984;0;0;0;0;0;0;0;0;0;0;0;2805;0;0;89;0;80;0;
17527;4745410;1014591488;20713472;1115049984;0;0;0;0;0;0;0;0;0;0;0;2184;0;0;89;0;80;0;
17528;3570135;1014591488;20713472;1115049984;0;0;0;0;0;0;0;0;0;0;0;2866;0;0;89;0;80;0;
17529;4387448;1014591488;20713472;1115049984;0;0;0;0;0;0;0;0;0;0;0;2274;0;0;89;0;80;0;
17530;9408154;1014591488;20713472;1115049984;0;0;0;0;0;0;0;0;0;0;0;3547;0;0;89;0;80;0;
17531;4905941;1014591488;20713472;1115049984;0;0;0;0;0;0;0;0;0;0;0;2134;0;0;89;0;80;0;
17532;4373252;1014591488;20713472;1115049984;0;0;0;0;0;0;0;0;0;0;0;3717;0;0;89;0;80;0;
17533;5933057;1014591488;20713472;1115049984;0;0;0;0;0;0;0;0;0;0;0;2966;0;0;89;0;80;0;
17534;3381361;1014591488;20713472;1115049984;0;0;0;0;0;0;0;0;0;0;0;3056;0;0;89;0;80;0;
17535;6868491;1014591488;20713472;1115049984;0;0;0;0;0;0;0;0;0;0;0;3507;0;0;89;0;80;0;
17536;5197347;1014591488;20713472;1115049984;0;0;0;0;0;0;0;0;0;0;0;3477;0;0;89;0;80;0;
17537;5851864;1014591488;20713472;1115049984;0;0;0;0;0;0;0;0;0;0;0;4849;0;0;89;0;80;0;
17538;2963447;1014591488;20713472;1115049984;0;0;0;0;0;0;0;0;0;0;0;3567;0;0;89;0;80;0;
17539;4965101;1014591488;20713472;1115049984;0;0;0;0;0;0;0;0;0;0;0;2896;0;0;89;0;80;0;
17540;4625886;1014591488;20713472;1115049984;0;0;0;0;0;0;0;0;0;0;0;3456;0;0;89;0;80;0;
17541;5407461;1014591488;20713472;1115049984;0;0;0;0;0;0;0;0;0;0;0;2785;0;0;89;0;80;0;
17542;5131864;1014591488;20713472;1115049984;0;0;0;0;0;0;0;0;0;0;0;3516;0;0;89;0;80;0;
17543;5577861;1014591488;20713472;1115049984;0;0;0;0;0;0;0;0;0;0;0;2154;0;0;89;0;80;0;
17544;4202301;1014591488;20713472;1115049984;0;0;0;0;0;0;0;0;0;0;0;3196;0;0;89;0;80;0;
17545;6655882;1014591488;20713472;1115049984;0;0;0;0;0;0;0;0;0;0;0;3737;0;0;89;0;80;0;
17546;3848908;1014591488;20713472;1115049984;0;0;0;0;0;0;0;0;0;0;0;3537;0;0;89;0;80;0;
17547;5290192;1014591488;20713472;1115049984;0;0;0;0;0;0;0;0;0;0;0;2404;0;0;89;0;80;0;
17548;3516846;1014591488;20713472;1115049984;0;0;0;0;0;0;0;0;0;0;0;2835;0;0;89;0;80;0;
17549;7058217;1014591488;20713472;1115049984;0;0;0;0;0;0;0;0;0;0;0;3066;0;0;89;0;80;0;
17550;5348400;1014591488;20713472;1115049984;0;0;0;0;0;0;0;0;0;0;0;3567;0;0;89;0;80;0;
17551;6318289;1014591488;20713472;1115049984;0;0;0;0;0;0;0;0;0;0;0;3266;0;0;89;0;80;0;
17552;4678834;1014591488;20713472;1115049984;0;0;0;0;0;0;0;0;0;0;0;3165;0;0;89;0;80;0;
17553;4913344;1014591488;20713472;1115049984;0;0;0;0;0;0;0;0;0;0;0;3467;0;0;89;0;80;0;
17554;4169780;1014591488;20713472;1115049984;0;0;0;0;0;0;0;0;0;0;0;3677;0;0;89;0;80;0;
17555;4646625;1014591488;20713472;1115049984;0;0;0;0;0;0;0;0;0;0;0;2645;0;0;89;0;80;0;
17556;5598760;1014591488;20713472;1115049984;0;0;0;0;0;0;0;0;0;0;0;3236;0;0;89;0;80;0;
17557;6501373;1014591488;20713472;1115049984;0;0;0;0;0;0;0;0;0;0;0;2885;0;0;89;0;80;0;
17558;3293877;1014591488;20713472;1115049984;0;0;0;0;0;0;0;0;0;0;0;3456;0;0;89;0;80;0;
17559;5170777;1014591488;20713472;1115049984;0;0;0;0;0;0;0;0;0;0;0;2225;0;0;89;0;80;0;
17560;4277552;1014591488;20713472;1115049984;0;0;0;0;0;0;0;0;0;0;0;3527;0;0;89;0;80;0;
17561;5224388;1014591488;20713472;1115049984;0;0;0;0;0;0;0;0;0;0;0;2074;0;0;89;0;80;0;
17562;5454970;1014591488;20713472;1115049984;0;0;0;0;0;0;0;0;0;0;0;2905;0;0;89;0;80;0;
17563;5017079;1014591488;20713472;1115049984;0;0;0;0;0;0;0;0;0;0;0;2195;0;0;89;0;80;0;
17564;4002476;1014591488;20713472;1115049984;0;0;0;0;0;0;0;0;0;0;0;4188;0;0;89;0;80;0;
17565;5623146;1014591488;20713472;1115049984;0;0;0;0;0;0;0;0;0;0;0;2776;0;0;89;0;80;0;
17566;5761825;1014591488;20713472;1115049984;0;0;0;0;0;0;0;0;0;0;0;3196;0;0;89;0;80;0;
17567;6013858;1014591488;20713472;1115049984;0;0;0;0;0;0;0;0;0;0;0;2395;0;0;89;0;80;0;
17568;4644831;1014591488;20713472;1115049984;0;0;0;0;0;0;0;0;0;0;0;3286;0;0;89;0;80;0;
17569;5152893;1014591488;20713472;1115049984;0;0;0;0;0;0;0;0;0;0;0;2354;0;0;89;0;80;0;
17570;5704288;1014591488;20713472;1115049984;0;0;0;0;0;0;0;0;0;0;0;2895;0;0;89;0;80;0;
17571;8397949;1014591488;20713472;1115049984;0;0;0;0;0;0;0;0;0;0;0;2455;0;0;89;0;80;0;
17572;9937226;1014591488;20713472;1115049984;0;0;0;0;0;0;0;0;0;0;0;3496;0;0;89;0;80;0;
17573;4844987;1014591488;20713472;1115049984;0;0;0;0;0;0;0;0;0;0;0;1794;0;0;89;0;80;0;
17574;3824412;1014591488;20713472;1115049984;0;0;0;0;0;0;0;0;0;0;0;3867;0;0;89;0;80;0;
17575;5175897;1014591488;20713472;1115049984;0;0;0;0;0;0;0;0;0;0;0;2685;0;0;89;0;80;0;
17576;4833004;1014591488;20713472;1115049984;0;0;0;0;0;0;0;0;0;0;0;3957;0;0;89;0;80;0;
17577;6171554;1014591488;20713472;1115049984;0;0;0;0;0;0;0;0;0;0;0;3386;0;0;89;0;80;0;
17578;3848858;1014591488;20713472;1115049984;0;0;0;0;0;0;0;0;0;0;0;3898;0;0;89;0;80;0;
17579;5520413;1014591488;20713472;1115049984;0;0;0;0;0;0;0;0;0;0;0;4338;0;0;89;0;80;0;
17580;4266932;1014591488;20713472;1115049984;0;0;0;0;0;0;0;0;0;0;0;3577;0;0;89;0;80;0;
17581;5210431;1014591488;20713472;1115049984;0;0;0;0;0;0;0;0;0;0;0;2435;0;0;89;0;80;0;
17582;3936333;1014591488;20713472;1115049984;0;0;0;0;0;0;0;0;0;0;0;3477;0;0;89;0;80;0;
17583;5460199;1014591488;20713472;1115049984;0;0;0;0;0;0;0;0;0;0;0;2805;0;0;89;0;80;0;
17584;4596260;1014591488;20713472;1115049984;0;0;0;0;0;0;0;0;0;0;0;3476;0;0;89;0;80;0;
17585;5069247;1014591488;20713472;1115049984;0;0;0;0;0;0;0;0;0;0;0;2946;0;0;89;0;80;0;
17586;4728608;1014591488;20713472;1115049984;0;0;0;0;0;0;0;0;0;0;0;3366;0;0;89;0;80;0;
17587;4860676;1014591488;20713472;1115049984;0;0;0;0;0;0;0;0;0;0;0;2755;0;0;89;0;80;0;
17588;3897860;1014591488;20713472;1115049984;0;0;0;0;0;0;0;0;0;0;0;4208;0;0;89;0;80;0;
17589;4953570;1014591488;20713472;1115049984;0;0;0;0;0;0;0;0;0;0;0;2134;0;0;89;0;80;0;
17590;3838268;1014591488;20713472;1115049984;0;0;0;0;0;0;0;0;0;0;0;3687;0;0;89;0;80;0;
17591;5021126;1014591488;20713472;1115049984;0;0;0;0;0;0;0;0;0;0;0;2565;0;0;89;0;80;0;
17592;3823410;1014591488;20713472;1115049984;0;0;0;0;0;0;0;0;0;0;0;3016;0;0;89;0;80;0;
17593;5107719;1014591488;20713472;1115049984;0;0;0;0;0;0;0;0;0;0;0;2504;0;0;89;0;80;0;
17594;4321354;1014591488;20713472;1115049984;0;0;0;0;0;0;0;0;0;0;0;3667;0;0;89;0;80;0;
17595;4592663;1014591488;20713472;1115049984;0;0;0;0;0;0;0;0;0;0;0;2024;0;0;89;0;80;0;
17596;3543515;1014591488;20713472;1115049984;0;0;0;0;0;0;0;0;0;0;0;3366;0;0;89;0;80;0;
17597;4683964;1014591488;20713472;1115049984;0;0;0;0;0;0;0;0;0;0;0;2224;0;0;89;0;80;0;
17598;4085832;1014591488;20713472;1115049984;0;0;0;0;0;0;0;0;0;0;0;3958;0;0;89;0;80;0;
17599;4999096;1014591488;20713472;1115049984;0;0;0;0;0;0;0;0;0;0;0;2504;0;0;89;0;80;0;
17600;3780509;1014591488;20713472;1115049984;0;0;0;0;0;0;0;0;0;0;0;3376;0;0;89;0;80;0;
17601;5309748;1014591488;20713472;1115049984;0;0;0;0;0;0;0;0;0;0;0;2835;0;0;89;0;80;0;
17602;4517412;1014591488;20713472;1115049984;0;0;0;0;0;0;0;0;0;0;0;3486;0;0;89;0;80;0;
17603;4877116;1014591488;20713472;1115049984;0;0;0;0;0;0;0;0;0;0;0;2124;0;0;89;0;80;0;
17604;4348105;1014591488;20713472;1115049984;0;0;0;0;0;0;0;0;0;0;0;3276;0;0;89;0;80;0;
17605;5548024;1014591488;20713472;1115049984;0;0;0;0;0;0;0;0;0;0;0;2304;0;0;89;0;80;0;
17606;4844596;1014591488;20713472;1115049984;0;0;0;0;0;0;0;0;0;0;0;3186;0;0;89;0;80;0;
17607;5121395;1014591488;20713472;1115049984;0;0;0;0;0;0;0;0;0;0;0;2465;0;0;89;0;80;0;
17608;3922526;1014591488;20713472;1115049984;0;0;0;0;0;0;0;0;0;0;0;3687;0;0;89;0;80;0;
17609;4856427;1014591488;20713472;1115049984;0;0;0;0;0;0;0;0;0;0;0;2114;0;0;89;0;80;0;
17610;3958284;1014591488;20713472;1115049984;0;0;0;0;0;0;0;0;0;0;0;3486;0;0;89;0;80;0;
17611;4765276;1014591488;20713472;1115049984;0;0;0;0;0;0;0;0;0;0;0;2715;0;0;89;0;80;0;
17612;3733351;1014591488;20713472;1115049984;0;0;0;0;0;0;0;0;0;0;0;3566;0;0;89;0;80;0;
17613;4987604;1014591488;20713472;1115049984;0;0;0;0;0;0;0;0;0;0;0;2786;0;0;89;0;80;0;
17614;3402261;1014591488;20713472;1115049984;0;0;0;0;0;0;0;0;0;0;0;3166;0;0;89;0;80;0;
17615;4877086;1014591488;20713472;1115049984;0;0;0;0;0;0;0;0;0;0;0;2555;0;0;89;0;80;0;
17616;3490315;1014591488;20713472;1115049984;0;0;0;0;0;0;0;0;0;0;0;3607;0;0;89;0;80;0;
17617;5141072;1014591488;20713472;1115049984;0;0;0;0;0;0;0;0;0;0;0;2715;0;0;89;0;80;0;
17618;3566859;1014591488;20713472;1115049984;0;0;0;0;0;0;0;0;0;0;0;3737;0;0;89;0;80;0;
17619;4765998;1014591488;20713472;1115049984;0;0;0;0;0;0;0;0;0;0;0;2735;0;0;89;0;80;0;
17620;3711811;1014591488;20713472;1115049984;0;0;0;0;0;0;0;0;0;0;0;3146;0;0;89;0;80;0;
17621;5079617;1014591488;20713472;1115049984;0;0;0;0;0;0;0;0;0;0;0;2325;0;0;89;0;80;0;
17622;3807129;1014591488;20713472;1115049984;0;0;0;0;0;0;0;0;0;0;0;3116;0;0;89;0;80;0;
17623;4630684;1014591488;20713472;1115049984;0;0;0;0;0;0;0;0;0;0;0;2174;0;0;89;0;80;0;
17624;3782433;1014591488;20713472;1115049984;0;0;0;0;0;0;0;0;0;0;0;4088;0;0;89;0;80;0;
17625;5665244;1014591488;20721664;1115058176;0;0;0;0;0;0;0;0;0;0;0;3697;0;0;89;0;80;0;
17626;3899814;1014591488;20721664;1115058176;0;0;0;0;0;0;0;0;0;0;0;3386;0;0;89;0;80;0;
17627;4453552;1014591488;20721664;1115058176;0;0;0;0;0;0;0;0;0;0;0;2154;0;0;89;0;80;0;
17628;4576242;1014591488;20721664;1115058176;0;0;0;0;0;0;0;0;0;0;0;3406;0;0;89;0;80;0;
17629;4849806;1014591488;20721664;1115058176;0;0;0;0;0;0;0;0;0;0;0;2264;0;0;89;0;80;0;
17630;4336012;1014591488;20721664;1115058176;0;0;0;0;0;0;0;0;0;0;0;4900;0;0;89;0;80;0;
17631;6797328;1014591488;20721664;1115058176;0;0;0;0;0;0;0;0;0;0;0;3126;0;0;89;0;80;0;
17632;4121940;1014665216;20713472;1115049984;0;0;0;0;0;0;0;0;0;0;0;3146;0;0;89;0;80;0;
17633;5572440;1014665216;20713472;1115049984;0;0;0;0;0;0;0;0;0;0;0;3657;0;0;89;0;80;0;
17634;3554806;1014665216;20713472;1115049984;0;0;0;0;0;0;0;0;0;0;0;3336;0;0;89;0;80;0;
17635;6008869;1014665216;20713472;1115049984;0;0;0;0;0;0;0;0;0;0;0;3697;0;0;89;0;80;0;
17636;3001019;1014665216;20713472;1115049984;0;0;0;0;0;0;0;0;0;0;0;3126;0;0;89;0;80;0;
17637;5778056;1014665216;20713472;1115049984;0;0;0;0;0;0;0;0;0;0;0;3216;0;0;89;0;80;0;
17638;4474682;1014665216;20713472;1115049984;0;0;0;0;0;0;0;0;0;0;0;3768;0;0;89;0;80;0;
17639;5929520;1014665216;20713472;1115049984;0;0;0;0;0;0;0;0;0;0;0;3467;0;0;89;0;80;0;
17640;3270884;1014665216;20713472;1115049984;0;0;0;0;0;0;0;0;0;0;0;2885;0;0;89;0;80;0;
17641;6079391;1014665216;20713472;1115049984;0;0;0;0;0;0;0;0;0;0;0;3526;0;0;89;0;80;0;
17642;3168052;1014665216;20713472;1115049984;0;0;0;0;0;0;0;0;0;0;0;3227;0;0;89;0;80;0;
17643;5135010;1014665216;20713472;1115049984;0;0;0;0;0;0;0;0;0;0;0;2294;0;0;89;0;80;0;
17644;3180194;1014665216;20713472;1115049984;0;0;0;0;0;0;0;0;0;0;0;3156;0;0;89;0;80;0;
17645;4997923;1014665216;20713472;1115049984;0;0;0;0;0;0;0;0;0;0;0;3326;0;0;89;0;80;0;
17646;3365512;1014665216;20713472;1115049984;0;0;0;0;0;0;0;0;0;0;0;3586;0;0;89;0;80;0;
17647;4779723;1014665216;20713472;1115049984;0;0;0;0;0;0;0;0;0;0;0;3587;0;0;89;0;80;0;
17648;3007280;1014665216;20713472;1115049984;0;0;0;0;0;0;0;0;0;0;0;3386;0;0;89;0;80;0;
17649;5813433;1014665216;20713472;1115049984;0;0;0;0;0;0;0;0;0;0;0;2735;0;0;89;0;80;0;
17650;3432527;1014665216;20713472;1115049984;0;0;0;0;0;0;0;0;0;0;0;3717;0;0;89;0;80;0;
17651;5002932;1014665216;20713472;1115049984;0;0;0;0;0;0;0;0;0;0;0;2835;0;0;89;0;80;0;
17652;3519912;1014665216;20713472;1115049984;0;0;0;0;0;0;0;0;0;0;0;3277;0;0;89;0;80;0;
17653;5720839;1014665216;20713472;1115049984;0;0;0;0;0;0;0;0;0;0;0;3416;0;0;89;0;80;0;
17654;5578461;1014665216;20713472;1115049984;0;0;0;0;0;0;0;0;0;0;0;3246;0;0;89;0;80;0;
17655;8985812;1014665216;20713472;1115049984;0;0;0;0;0;0;0;0;0;0;0;3717;0;0;89;0;80;0;
17656;3996966;1014665216;20713472;1115049984;0;0;0;0;0;0;0;0;0;0;0;3587;0;0;89;0;80;0;
17657;5235398;1014665216;20713472;1115049984;0;0;0;0;0;0;0;0;0;0;0;2775;0;0;89;0;80;0;
17658;3036224;1014665216;20713472;1115049984;0;0;0;0;0;0;0;0;0;0;0;2715;0;0;89;0;80;0;
17659;5312914;1014665216;20713472;1115049984;0;0;0;0;0;0;0;0;0;0;0;2925;0;0;89;0;80;0;
17660;3558103;1014665216;20713472;1115049984;0;0;0;0;0;0;0;0;0;0;0;3446;0;0;89;0;80;0;
17661;4938802;1014665216;20713472;1115049984;0;0;0;0;0;0;0;0;0;0;0;2766;0;0;89;0;80;0;
17662;3722791;1014665216;20713472;1115049984;0;0;0;0;0;0;0;0;0;0;0;3497;0;0;89;0;80;0;
17663;5921695;1014665216;20713472;1115049984;0;0;0;0;0;0;0;0;0;0;0;2494;0;0;89;0;80;0;
17664;3823160;1014665216;20713472;1115049984;0;0;0;0;0;0;0;0;0;0;0;3146;0;0;89;0;80;0;
17665;5009635;1014665216;20713472;1115049984;0;0;0;0;0;0;0;0;0;0;0;2705;0;0;89;0;80;0;
17666;3783065;1014665216;20713472;1115049984;0;0;0;0;0;0;0;0;0;0;0;3106;0;0;89;0;80;0;
17667;5017019;1014665216;20713472;1115049984;0;0;0;0;0;0;0;0;0;0;0;2515;0;0;89;0;80;0;
17668;3442175;1014665216;20713472;1115049984;0;0;0;0;0;0;0;0;0;0;0;3587;0;0;89;0;80;0;
17669;5259744;1014665216;20713472;1115049984;0;0;0;0;0;0;0;0;0;0;0;2534;0;0;89;0;80;0;
17670;3548886;1014665216;20713472;1115049984;0;0;0;0;0;0;0;0;0;0;0;3647;0;0;89;0;80;0;
17671;5478644;1014665216;20713472;1115049984;0;0;0;0;0;0;0;0;0;0;0;3256;0;0;89;0;80;0;
17672;3651989;1014665216;20713472;1115049984;0;0;0;0;0;0;0;0;0;0;0;3627;0;0;89;0;80;0;
17673;4861787;1014665216;20713472;1115049984;0;0;0;0;0;0;0;0;0;0;0;4008;0;0;89;0;80;0;
17674;4533091;1014665216;20713472;1115049984;0;0;0;0;0;0;0;0;0;0;0;3606;0;0;89;0;80;0;
17675;4721795;1014665216;20713472;1115049984;0;0;0;0;0;0;0;0;0;0;0;2505;0;0;89;0;80;0;
17676;3244745;1014665216;20713472;1115049984;0;0;0;0;0;0;0;0;0;0;0;3687;0;0;89;0;80;0;
17677;5382685;1014665216;20713472;1115049984;0;0;0;0;0;0;0;0;0;0;0;3907;0;0;89;0;80;0;
17678;3433799;1014665216;20713472;1115049984;0;0;0;0;0;0;0;0;0;0;0;3076;0;0;89;0;80;0;
17679;4592953;1014665216;20713472;1115049984;0;0;0;0;0;0;0;0;0;0;0;2686;0;0;89;0;80;0;
17680;3873995;1014665216;20713472;1115049984;0;0;0;0;0;0;0;0;0;0;0;3116;0;0;89;0;80;0;
17681;4797457;1014665216;20713472;1115049984;0;0;0;0;0;0;0;0;0;0;0;2084;0;0;89;0;80;0;
17682;3990323;1014665216;20713472;1115049984;0;0;0;0;0;0;0;0;0;0;0;3887;0;0;89;0;80;0;
17683;4577906;1014665216;20713472;1115049984;0;0;0;0;0;0;0;0;0;0;0;2545;0;0;89;0;80;0;
17684;5652190;1014665216;20713472;1115049984;0;0;0;0;0;0;0;0;0;0;0;3787;0;0;89;0;80;0;
17685;4991951;1014665216;20713472;1115049984;0;0;0;0;0;0;0;0;0;0;0;2224;0;0;89;0;80;0;
17686;4562497;1014665216;20713472;1115049984;0;0;0;0;0;0;0;0;0;0;0;3096;0;0;89;0;80;0;
17687;4968467;1014665216;20713472;1115049984;0;0;0;0;0;0;0;0;0;0;0;2494;0;0;89;0;80;0;
17688;5542164;1014665216;20713472;1115049984;0;0;0;0;0;0;0;0;0;0;0;3397;0;0;89;0;80;0;
17689;6312358;1014665216;20713472;1115049984;0;0;0;0;0;0;0;0;0;0;0;3637;0;0;89;0;80;0;
17690;5423651;1014665216;20713472;1115049984;0;0;0;0;0;0;0;0;0;0;0;3687;0;0;89;0;80;0;
17691;6997533;1014665216;20713472;1115049984;0;0;0;0;0;0;0;0;0;0;0;4428;0;0;89;0;80;0;
17692;5929951;1014665216;20713472;1115049984;0;0;0;0;0;0;0;0;0;0;0;3116;0;0;89;0;80;0;
17693;5958144;1014665216;20713472;1115049984;0;0;0;0;0;0;0;0;0;0;0;4048;0;0;89;0;80;0;
17694;5520784;1014665216;20713472;1115049984;0;0;0;0;0;0;0;0;0;0;0;4088;0;0;89;0;80;0;
17695;5834331;1014665216;20713472;1115049984;0;0;0;0;0;0;0;0;0;0;0;3006;0;0;89;0;80;0;
17696;5867995;1014665216;20713472;1115049984;0;0;0;0;0;0;0;0;0;0;0;3817;0;0;89;0;80;0;
17697;5880058;1014665216;20713472;1115049984;0;0;0;0;0;0;0;0;0;0;0;3076;0;0;89;0;80;0;
17698;5357918;1014665216;20713472;1115049984;0;0;0;0;0;0;0;0;0;0;0;3306;0;0;89;0;80;0;
17699;5559105;1014665216;20713472;1115049984;0;0;0;0;0;0;0;0;0;0;0;2655;0;0;89;0;80;0;
17700;4761049;1014665216;20713472;1115049984;0;0;0;0;0;0;0;0;0;0;0;3045;0;0;89;0;80;0;
17701;5663452;1014665216;20713472;1115049984;0;0;0;0;0;0;0;0;0;0;0;2485;0;0;89;0;80;0;
17702;4069532;1014665216;20713472;1115049984;0;0;0;0;0;0;0;0;0;0;0;3357;0;0;89;0;80;0;
17703;6003509;1014665216;20713472;1115049984;0;0;0;0;0;0;0;0;0;0;0;3857;0;0;89;0;80;0;
17704;4261962;1014665216;20713472;1115049984;0;0;0;0;0;0;0;0;0;0;0;3717;0;0;89;0;80;0;
17705;6138282;1014665216;20713472;1115049984;0;0;0;0;0;0;0;0;0;0;0;3686;0;0;89;0;80;0;
17706;3674772;1014665216;20713472;1115049984;0;0;0;0;0;0;0;0;0;0;0;3546;0;0;89;0;80;0;
17707;4935486;1014665216;20713472;1115049984;0;0;0;0;0;0;0;0;0;0;0;2154;0;0;89;0;80;0;
17708;3716690;1014665216;20713472;1115049984;0;0;0;0;0;0;0;0;0;0;0;3226;0;0;89;0;80;0;
17709;4935446;1014665216;20713472;1115049984;0;0;0;0;0;0;0;0;0;0;0;3676;0;0;89;0;80;0;
17710;3147012;1014665216;20713472;1115049984;0;0;0;0;0;0;0;0;0;0;0;3527;0;0;89;0;80;0;
17711;5218086;1014665216;20713472;1115049984;0;0;0;0;0;0;0;0;0;0;0;2675;0;0;89;0;80;0;
17712;4249349;1014665216;20713472;1115049984;0;0;0;0;0;0;0;0;0;0;0;3336;0;0;89;0;80;0;
17713;5407330;1014665216;20713472;1115049984;0;0;0;0;0;0;0;0;0;0;0;3797;0;0;89;0;80;0;
17714;3488042;1014665216;20713472;1115049984;0;0;0;0;0;0;0;0;0;0;0;3206;0;0;89;0;80;0;
17715;4540465;1014665216;20713472;1115049984;0;0;0;0;0;0;0;0;0;0;0;2505;0;0;89;0;80;0;
17716;5255767;1014665216;20713472;1115049984;0;0;0;0;0;0;0;0;0;0;0;3246;0;0;89;0;80;0;
17717;5419904;1014665216;20713472;1115049984;0;0;0;0;0;0;0;0;0;0;0;3967;0;0;89;0;80;0;
17718;3986606;1014665216;20713472;1115049984;0;0;0;0;0;0;0;0;0;0;0;3336;0;0;89;0;80;0;
17719;4808708;1014665216;20713472;1115049984;0;0;0;0;0;0;0;0;0;0;0;2505;0;0;89;0;80;0;
17720;3975245;1014665216;20713472;1115049984;0;0;0;0;0;0;0;0;0;0;0;3156;0;0;89;0;80;0;
17721;4879481;1014665216;20713472;1115049984;0;0;0;0;0;0;0;0;0;0;0;2325;0;0;89;0;80;0;
17722;4263135;1014665216;20713472;1115049984;0;0;0;0;0;0;0;0;0;0;0;3206;0;0;89;0;80;0;
17723;5330938;1014665216;20713472;1115049984;0;0;0;0;0;0;0;0;0;0;0;2685;0;0;89;0;80;0;
17724;3342168;1014665216;20713472;1115049984;0;0;0;0;0;0;0;0;0;0;0;3156;0;0;89;0;80;0;
17725;5013062;1014665216;20713472;1115049984;0;0;0;0;0;0;0;0;0;0;0;2625;0;0;89;0;80;0;
17726;4480903;1014665216;20713472;1115049984;0;0;0;0;0;0;0;0;0;0;0;3086;0;0;89;0;80;0;
17727;4950955;1014665216;20713472;1115049984;0;0;0;0;0;0;0;0;0;0;0;3106;0;0;89;0;80;0;
17728;3774007;1014665216;20713472;1115049984;0;0;0;0;0;0;0;0;0;0;0;3777;0;0;89;0;80;0;
17729;5821918;1014665216;20713472;1115049984;0;0;0;0;0;0;0;0;0;0;0;3486;0;0;89;0;80;0;
17730;4471966;1014665216;20713472;1115049984;0;0;0;0;0;0;0;0;0;0;0;3176;0;0;89;0;80;0;
17731;5542966;1014665216;20713472;1115049984;0;0;0;0;0;0;0;0;0;0;0;3196;0;0;89;0;80;0;
17732;4268495;1014665216;20713472;1115049984;0;0;0;0;0;0;0;0;0;0;0;3998;0;0;89;0;80;0;
17733;5382063;1014665216;20713472;1115049984;0;0;0;0;0;0;0;0;0;0;0;3476;0;0;89;0;80;0;
17734;3492500;1014665216;20713472;1115049984;0;0;0;0;0;0;0;0;0;0;0;3446;0;0;89;0;80;0;
17735;5384718;1014665216;20713472;1115049984;0;0;0;0;0;0;0;0;0;0;0;4028;0;0;89;0;80;0;
17736;5075879;1014665216;20713472;1115049984;0;0;0;0;0;0;0;0;0;0;0;3377;0;0;89;0;80;0;
17737;5654514;1014665216;20713472;1115049984;0;0;0;0;0;0;0;0;0;0;0;3106;0;0;89;0;80;0;
17738;3733302;1014665216;20713472;1115049984;0;0;0;0;0;0;0;0;0;0;0;3517;0;0;89;0;80;0;
17739;5420966;1014665216;20713472;1115049984;0;0;0;0;0;0;0;0;0;0;0;3126;0;0;89;0;80;0;
17740;4378381;1014665216;20713472;1115049984;0;0;0;0;0;0;0;0;0;0;0;3496;0;0;89;0;80;0;
17741;4771158;1014665216;20713472;1115049984;0;0;0;0;0;0;0;0;0;0;0;2795;0;0;89;0;80;0;
17742;4463491;1014665216;20713472;1115049984;0;0;0;0;0;0;0;0;0;0;0;3627;0;0;89;0;80;0;
17743;5650788;1014665216;20713472;1115049984;0;0;0;0;0;0;0;0;0;0;0;3006;0;0;89;0;80;0;
17744;4527451;1014665216;20713472;1115049984;0;0;0;0;0;0;0;0;0;0;0;3527;0;0;89;0;80;0;
17745;5148866;1014665216;20713472;1115049984;0;0;0;0;0;0;0;0;0;0;0;2594;0;0;89;0;80;0;
17746;4958459;1014665216;20713472;1115049984;0;0;0;0;0;0;0;0;0;0;0;3206;0;0;89;0;80;0;
17747;5447977;1014665216;20713472;1115049984;0;0;0;0;0;0;0;0;0;0;0;3536;0;0;89;0;80;0;
17748;4482006;1014665216;20713472;1115049984;0;0;0;0;0;0;0;0;0;0;0;4098;0;0;89;0;80;0;
17749;5794857;1014665216;20713472;1115049984;0;0;0;0;0;0;0;0;0;0;0;2124;0;0;89;0;80;0;
17750;5884245;1014665216;20713472;1115049984;0;0;0;0;0;0;0;0;0;0;0;3126;0;0;89;0;80;0;
17751;5436866;1014665216;20713472;1115049984;0;0;0;0;0;0;0;0;0;0;0;3186;0;0;89;0;80;0;
17752;4577825;1014665216;20713472;1115049984;0;0;0;0;0;0;0;0;0;0;0;2995;0;0;89;0;80;0;
17753;5134800;1014665216;20713472;1115049984;0;0;0;0;0;0;0;0;0;0;0;2936;0;0;89;0;80;0;
17754;4447821;1014665216;20713472;1115049984;0;0;0;0;0;0;0;0;0;0;0;3767;0;0;89;0;80;0;
17755;4606879;1014665216;20713472;1115049984;0;0;0;0;0;0;0;0;0;0;0;2544;0;0;89;0;80;0;
17756;6065295;1014665216;20713472;1115049984;0;0;0;0;0;0;0;0;0;0;0;3717;0;0;89;0;80;0;
17757;5222915;1014665216;20713472;1115049984;0;0;0;0;0;0;0;0;0;0;0;1803;0;0;89;0;80;0;
17758;3125712;1014665216;20713472;1115049984;0;0;0;0;0;0;0;0;0;0;0;3336;0;0;89;0;80;0;
17759;5333121;1014665216;20713472;1115049984;0;0;0;0;0;0;0;0;0;0;0;1903;0;0;89;0;80;0;
17760;4679626;1014665216;20713472;1115049984;0;0;0;0;0;0;0;0;0;0;0;2795;0;0;89;0;80;0;
17761;5013873;1014665216;20713472;1115049984;0;0;0;0;0;0;0;0;0;0;0;2675;0;0;89;0;80;0;
17762;4201159;1014665216;20713472;1115049984;0;0;0;0;0;0;0;0;0;0;0;3637;0;0;89;0;80;0;
17763;4844756;1014665216;20713472;1115049984;0;0;0;0;0;0;0;0;0;0;0;2554;0;0;89;0;80;0;
17764;5724786;1014665216;20713472;1115049984;0;0;0;0;0;0;0;0;0;0;0;3587;0;0;89;0;80;0;
17765;5264092;1014665216;20713472;1115049984;0;0;0;0;0;0;0;0;0;0;0;2605;0;0;89;0;80;0;
17766;5493182;1014665216;20713472;1115049984;0;0;0;0;0;0;0;0;0;0;0;3146;0;0;89;0;80;0;
17767;6441510;1014665216;20713472;1115049984;0;0;0;0;0;0;0;0;0;0;0;3186;0;0;89;0;80;0;
17768;4533221;1014665216;20713472;1115049984;0;0;0;0;0;0;0;0;0;0;0;3937;0;0;89;0;80;0;
17769;7288759;1014665216;20713472;1115049984;0;0;0;0;0;0;0;0;0;0;0;3767;0;0;89;0;80;0;
17770;4151005;1014665216;20713472;1115049984;0;0;0;0;0;0;0;0;0;0;0;2745;0;0;89;0;80;0;
17771;7629328;1014665216;20713472;1115049984;0;0;0;0;0;0;0;0;0;0;0;3607;0;0;89;0;80;0;
17772;4376197;1014665216;20713472;1115049984;0;0;0;0;0;0;0;0;0;0;0;3537;0;0;89;0;80;0;
17773;5185675;1014665216;20713472;1115049984;0;0;0;0;0;0;0;0;0;0;0;3015;0;0;89;0;80;0;
17774;4328317;1014665216;20713472;1115049984;0;0;0;0;0;0;0;0;0;0;0;4318;0;0;89;0;80;0;
17775;6067348;1014665216;20713472;1115049984;0;0;0;0;0;0;0;0;0;0;0;3226;0;0;89;0;80;0;
17776;6009420;1014665216;20713472;1115049984;0;0;0;0;0;0;0;0;0;0;0;4399;0;0;89;0;80;0;
17777;8693904;1014665216;20713472;1115049984;0;0;0;0;0;0;0;0;0;0;0;3847;0;0;89;0;80;0;
17778;14788625;1014665216;20713472;1115049984;0;0;0;0;0;0;0;0;0;0;0;4328;0;0;89;0;80;0;
17779;6763244;1014665216;20713472;1115049984;0;0;0;0;0;0;0;0;0;0;0;3166;0;0;89;0;80;0;
17780;4224763;1014665216;20713472;1115049984;0;0;0;0;0;0;0;0;0;0;0;3506;0;0;89;0;80;0;
17781;5704287;1014665216;20713472;1115049984;0;0;0;0;0;0;0;0;0;0;0;2735;0;0;89;0;80;0;
17782;5162762;1014665216;20713472;1115049984;0;0;0;0;0;0;0;0;0;0;0;3576;0;0;89;0;80;0;
17783;5843969;1014665216;20713472;1115049984;0;0;0;0;0;0;0;0;0;0;0;2775;0;0;89;0;80;0;
17784;7101138;1014665216;20713472;1115049984;0;0;0;0;0;0;0;0;0;0;0;3546;0;0;89;0;80;0;
17785;5096668;1014665216;20713472;1115049984;0;0;0;0;0;0;0;0;0;0;0;2514;0;0;89;0;80;0;
17786;5578902;1014665216;20713472;1115049984;0;0;0;0;0;0;0;0;0;0;0;2585;0;0;89;0;80;0;
17787;4965232;1014665216;20713472;1115049984;0;0;0;0;0;0;0;0;0;0;0;2475;0;0;89;0;80;0;
17788;4093066;1014665216;20713472;1115049984;0;0;0;0;0;0;0;0;0;0;0;3337;0;0;89;0;80;0;
17789;5349252;1014665216;20713472;1115049984;0;0;0;0;0;0;0;0;0;0;0;2655;0;0;89;0;80;0;
17790;4616107;1014665216;20713472;1115049984;0;0;0;0;0;0;0;0;0;0;0;3055;0;0;89;0;80;0;
17791;5214920;1014665216;20713472;1115049984;0;0;0;0;0;0;0;0;0;0;0;2635;0;0;89;0;80;0;
17792;5748461;1014665216;20713472;1115049984;0;0;0;0;0;0;0;0;0;0;0;3226;0;0;89;0;80;0;
17793;6034447;1014665216;20713472;1115049984;0;0;0;0;0;0;0;0;0;0;0;2134;0;0;89;0;80;0;
17794;3243763;1014665216;20713472;1115049984;0;0;0;0;0;0;0;0;0;0;0;2865;0;0;89;0;80;0;
17795;5066642;1014665216;20713472;1115049984;0;0;0;0;0;0;0;0;0;0;0;2425;0;0;89;0;80;0;
17796;4721725;1014665216;20713472;1115049984;0;0;0;0;0;0;0;0;0;0;0;3617;0;0;89;0;80;0;
17797;6490352;1014665216;20713472;1115049984;0;0;0;0;0;0;0;0;0;0;0;8105;0;0;89;0;80;0;
17798;3597797;1014665216;20713472;1115049984;0;0;0;0;0;0;0;0;0;0;0;3016;0;0;89;0;80;0;
17799;5536703;1014665216;20713472;1115049984;0;0;0;0;0;0;0;0;0;0;0;2835;0;0;89;0;80;0;
17800;4435308;1014665216;20713472;1115049984;0;0;0;0;0;0;0;0;0;0;0;2865;0;0;89;0;80;0;
17801;6716526;1014665216;20713472;1115049984;0;0;0;0;0;0;0;0;0;0;0;2685;0;0;89;0;80;0;
17802;4402467;1014665216;20713472;1115049984;0;0;0;0;0;0;0;0;0;0;0;3066;0;0;89;0;80;0;
17803;6626337;1014665216;20713472;1115049984;0;0;0;0;0;0;0;0;0;0;0;2725;0;0;89;0;80;0;
17804;6100782;1014665216;20713472;1115049984;0;0;0;0;0;0;0;0;0;0;0;3457;0;0;89;0;80;0;
17805;5847948;1014665216;20713472;1115049984;0;0;0;0;0;0;0;0;0;0;0;1984;0;0;89;0;80;0;
17806;5200323;1014665216;20713472;1115049984;0;0;0;0;0;0;0;0;0;0;0;3026;0;0;89;0;80;0;
17807;7078855;1014665216;20713472;1115049984;0;0;0;0;0;0;0;0;0;0;0;3236;0;0;89;0;80;0;
17808;5178772;1014665216;20713472;1115049984;0;0;0;0;0;0;0;0;0;0;0;4008;0;0;89;0;80;0;
17809;6005863;1014665216;20713472;1115049984;0;0;0;0;0;0;0;0;0;0;0;3697;0;0;89;0;80;0;
17810;4745339;1014665216;20713472;1115049984;0;0;0;0;0;0;0;0;0;0;0;4839;0;0;89;0;80;0;
17811;5752568;1014665216;20713472;1115049984;0;0;0;0;0;0;0;0;0;0;0;2425;0;0;89;0;80;0;
17812;5691874;1014665216;20713472;1115049984;0;0;0;0;0;0;0;0;0;0;0;2906;0;0;89;0;80;0;
17813;6871616;1014665216;20713472;1115049984;0;0;0;0;0;0;0;0;0;0;0;2184;0;0;89;0;80;0;
17814;4427493;1014665216;20713472;1115049984;0;0;0;0;0;0;0;0;0;0;0;2124;0;0;89;0;80;0;
17815;6078780;1014665216;20713472;1115049984;0;0;0;0;0;0;0;0;0;0;0;1803;0;0;89;0;80;0;
17816;3933978;1014665216;20713472;1115049984;0;0;0;0;0;0;0;0;0;0;0;2755;0;0;89;0;80;0;
17817;5290942;1014665216;20713472;1115049984;0;0;0;0;0;0;0;0;0;0;0;2265;0;0;89;0;80;0;
17818;3790719;1014665216;20713472;1115049984;0;0;0;0;0;0;0;0;0;0;0;2074;0;0;89;0;80;0;
17819;4654579;1014665216;20713472;1115049984;0;0;0;0;0;0;0;0;0;0;0;1693;0;0;89;0;80;0;
17820;2240472;1014665216;20713472;1115049984;0;0;0;0;0;0;0;0;0;0;0;2244;0;0;89;0;80;0;
17821;4895772;1014665216;20713472;1115049984;0;0;0;0;0;0;0;0;0;0;0;1844;0;0;89;0;80;0;
17822;2503615;1014665216;20713472;1115049984;0;0;0;0;0;0;0;0;0;0;0;2114;0;0;89;0;80;0;
17823;4440628;1014665216;20713472;1115049984;0;0;0;0;0;0;0;0;0;0;0;1714;0;0;89;0;80;0;
17824;5345305;1014665216;20713472;1115049984;0;0;0;0;0;0;0;0;0;0;0;3477;0;0;89;0;80;0;
17825;5208077;1014665216;20721664;1115058176;0;0;0;0;0;0;0;0;0;0;0;4048;0;0;89;0;80;0;
17826;5325948;1014665216;20721664;1115058176;0;0;0;0;0;0;0;0;0;0;0;2615;0;0;89;0;80;0;
17827;5494665;1014665216;20721664;1115058176;0;0;0;0;0;0;0;0;0;0;0;2344;0;0;89;0;80;0;
17828;4071356;1014665216;20721664;1115058176;0;0;0;0;0;0;0;0;0;0;0;3607;0;0;89;0;80;0;
17829;5721851;1014665216;20721664;1115058176;0;0;0;0;0;0;0;0;0;0;0;2445;0;0;89;0;80;0;
17830;4372189;1014665216;20721664;1115058176;0;0;0;0;0;0;0;0;0;0;0;3206;0;0;89;0;80;0;
17831;7861043;1014665216;20721664;1115058176;0;0;0;0;0;0;0;0;0;0;0;3887;0;0;89;0;80;0;
17832;4803728;1014738944;20713472;1115049984;0;0;0;0;0;0;0;0;0;0;0;3827;0;0;89;0;80;0;
17833;6076847;1014738944;20713472;1115049984;0;0;0;0;0;0;0;0;0;0;0;2655;0;0;89;0;80;0;
17834;5740365;1014738944;20713472;1115049984;0;0;0;0;0;0;0;0;0;0;0;4178;0;0;89;0;80;0;
17835;6313180;1014738944;20713472;1115049984;0;0;0;0;0;0;0;0;0;0;0;3557;0;0;89;0;80;0;
17836;4843864;1014738944;20713472;1115049984;0;0;0;0;0;0;0;0;0;0;0;3016;0;0;89;0;80;0;
17837;5897299;1014738944;20713472;1115049984;0;0;0;0;0;0;0;0;0;0;0;2364;0;0;89;0;80;0;
17838;4078459;1014738944;20713472;1115049984;0;0;0;0;0;0;0;0;0;0;0;2725;0;0;89;0;80;0;
17839;6106001;1014738944;20713472;1115049984;0;0;0;0;0;0;0;0;0;0;0;2144;0;0;89;0;80;0;
17840;3146090;1014738944;20713472;1115049984;0;0;0;0;0;0;0;0;0;0;0;2365;0;0;89;0;80;0;
17841;6851789;1014738944;20713472;1115049984;0;0;0;0;0;0;0;0;0;0;0;2245;0;0;89;0;80;0;
17842;5875720;1014738944;20713472;1115049984;0;0;0;0;0;0;0;0;0;0;0;2955;0;0;89;0;80;0;
17843;5995283;1014738944;20713472;1115049984;0;0;0;0;0;0;0;0;0;0;0;2545;0;0;89;0;80;0;
17844;5240909;1014738944;20713472;1115049984;0;0;0;0;0;0;0;0;0;0;0;2535;0;0;89;0;80;0;
17845;7265977;1014738944;20713472;1115049984;0;0;0;0;0;0;0;0;0;0;0;2836;0;0;89;0;80;0;
17846;5016518;1014738944;20713472;1115049984;0;0;0;0;0;0;0;0;0;0;0;2685;0;0;89;0;80;0;
17847;5859849;1014738944;20713472;1115049984;0;0;0;0;0;0;0;0;0;0;0;2294;0;0;89;0;80;0;
17848;3578461;1014738944;20713472;1115049984;0;0;0;0;0;0;0;0;0;0;0;2465;0;0;89;0;80;0;
17849;4926649;1014738944;20713472;1115049984;0;0;0;0;0;0;0;0;0;0;0;2033;0;0;89;0;80;0;
17850;2839355;1014738944;20713472;1115049984;0;0;0;0;0;0;0;0;0;0;0;2314;0;0;89;0;80;0;
17851;5035243;1014738944;20713472;1115049984;0;0;0;0;0;0;0;0;0;0;0;2074;0;0;89;0;80;0;
17852;3229436;1014738944;20713472;1115049984;0;0;0;0;0;0;0;0;0;0;0;2284;0;0;89;0;80;0;
17853;5310028;1014738944;20713472;1115049984;0;0;0;0;0;0;0;0;0;0;0;1934;0;0;89;0;80;0;
17854;3607586;1014738944;20713472;1115049984;0;0;0;0;0;0;0;0;0;0;0;2985;0;0;89;0;80;0;
17855;6487887;1014738944;20713472;1115049984;0;0;0;0;0;0;0;0;0;0;0;2925;0;0;89;0;80;0;
17856;5314186;1014738944;20713472;1115049984;0;0;0;0;0;0;0;0;0;0;0;3096;0;0;89;0;80;0;
17857;5409896;1014738944;20713472;1115049984;0;0;0;0;0;0;0;0;0;0;0;2976;0;0;89;0;80;0;
17858;6192423;1014738944;20713472;1115049984;0;0;0;0;0;0;0;0;0;0;0;3907;0;0;89;0;80;0;
17859;5409474;1014738944;20713472;1115049984;0;0;0;0;0;0;0;0;0;0;0;3096;0;0;89;0;80;0;
17860;6674738;1014738944;20713472;1115049984;0;0;0;0;0;0;0;0;0;0;0;3878;0;0;89;0;80;0;
17861;5851483;1014738944;20713472;1115049984;0;0;0;0;0;0;0;0;0;0;0;3066;0;0;89;0;80;0;
17862;4117882;1014738944;20713472;1115049984;0;0;0;0;0;0;0;0;0;0;0;2614;0;0;89;0;80;0;
17863;4397096;1014738944;20713472;1115049984;0;0;0;0;0;0;0;0;0;0;0;2044;0;0;89;0;80;0;
17864;4410591;1014738944;20713472;1115049984;0;0;0;0;0;0;0;0;0;0;0;3427;0;0;89;0;80;0;
17865;6502595;1014738944;20713472;1115049984;0;0;0;0;0;0;0;0;0;0;0;3296;0;0;89;0;80;0;
17866;4708701;1014738944;20713472;1115049984;0;0;0;0;0;0;0;0;0;0;0;3587;0;0;89;0;80;0;
17867;6008007;1014738944;20713472;1115049984;0;0;0;0;0;0;0;0;0;0;0;2885;0;0;89;0;80;0;
17868;4747413;1014738944;20713472;1115049984;0;0;0;0;0;0;0;0;0;0;0;3256;0;0;89;0;80;0;
17869;5366895;1014738944;20713472;1115049984;0;0;0;0;0;0;0;0;0;0;0;3025;0;0;89;0;80;0;
17870;4811263;1014738944;20713472;1115049984;0;0;0;0;0;0;0;0;0;0;0;3236;0;0;89;0;80;0;
17871;6421152;1014738944;20713472;1115049984;0;0;0;0;0;0;0;0;0;0;0;2244;0;0;89;0;80;0;
17872;5178461;1014738944;20713472;1115049984;0;0;0;0;0;0;0;0;0;0;0;3306;0;0;89;0;80;0;
17873;5224678;1014738944;20713472;1115049984;0;0;0;0;0;0;0;0;0;0;0;2996;0;0;89;0;80;0;
17874;4552448;1014738944;20713472;1115049984;0;0;0;0;0;0;0;0;0;0;0;2494;0;0;89;0;80;0;
17875;5069207;1014738944;20713472;1115049984;0;0;0;0;0;0;0;0;0;0;0;2034;0;0;89;0;80;0;
17876;3585364;1014738944;20713472;1115049984;0;0;0;0;0;0;0;0;0;0;0;2465;0;0;89;0;80;0;
17877;6692692;1014738944;20713472;1115049984;0;0;0;0;0;0;0;0;0;0;0;2043;0;0;89;0;80;0;
17878;5603679;1014738944;20713472;1115049984;0;0;0;0;0;0;0;0;0;0;0;3586;0;0;89;0;80;0;
17879;6310154;1014738944;20713472;1115049984;0;0;0;0;0;0;0;0;0;0;0;3176;0;0;89;0;80;0;
17880;5498352;1014738944;20713472;1115049984;0;0;0;0;0;0;0;0;0;0;0;3807;0;0;89;0;80;0;
17881;5580505;1014738944;20713472;1115049984;0;0;0;0;0;0;0;0;0;0;0;2935;0;0;89;0;80;0;
17882;3986427;1014738944;20713472;1115049984;0;0;0;0;0;0;0;0;0;0;0;2534;0;0;89;0;80;0;
17883;4890802;1014738944;20713472;1115049984;0;0;0;0;0;0;0;0;0;0;0;2184;0;0;89;0;80;0;
17884;5344614;1014738944;20713472;1115049984;0;0;0;0;0;0;0;0;0;0;0;2484;0;0;89;0;80;0;
17885;7999913;1014738944;20713472;1115049984;0;0;0;0;0;0;0;0;0;0;0;2384;0;0;89;0;80;0;
17886;5579945;1014738944;20713472;1115049984;0;0;0;0;0;0;0;0;0;0;0;3296;0;0;89;0;80;0;
17887;5318524;1014738944;20713472;1115049984;0;0;0;0;0;0;0;0;0;0;0;2083;0;0;89;0;80;0;
17888;5908430;1014738944;20713472;1115049984;0;0;0;0;0;0;0;0;0;0;0;3647;0;0;89;0;80;0;
17889;6198124;1014738944;20713472;1115049984;0;0;0;0;0;0;0;0;0;0;0;3387;0;0;89;0;80;0;
17890;5796630;1014738944;20713472;1115049984;0;0;0;0;0;0;0;0;0;0;0;3416;0;0;89;0;80;0;
17891;5871952;1014738944;20713472;1115049984;0;0;0;0;0;0;0;0;0;0;0;3287;0;0;89;0;80;0;
17892;5458036;1014738944;20713472;1115049984;0;0;0;0;0;0;0;0;0;0;0;2685;0;0;89;0;80;0;
17893;5289269;1014738944;20713472;1115049984;0;0;0;0;0;0;0;0;0;0;0;2104;0;0;89;0;80;0;
17894;5246699;1014738944;20713472;1115049984;0;0;0;0;0;0;0;0;0;0;0;2705;0;0;89;0;80;0;
17895;5451163;1014738944;20713472;1115049984;0;0;0;0;0;0;0;0;0;0;0;2244;0;0;89;0;80;0;
17896;3943716;1014738944;20713472;1115049984;0;0;0;0;0;0;0;0;0;0;0;130695;0;0;89;0;80;0;
17897;5095095;1014738944;20713472;1115049984;0;0;0;0;0;0;0;0;0;0;0;2334;0;0;89;0;80;0;
17898;3103340;1014738944;20713472;1115049984;0;0;0;0;0;0;0;0;0;0;0;2555;0;0;89;0;80;0;
17899;4281239;1014738944;20713472;1115049984;0;0;0;0;0;0;0;0;0;0;0;2144;0;0;89;0;80;0;
17900;3327710;1014738944;20713472;1115049984;0;0;0;0;0;0;0;0;0;0;0;2555;0;0;89;0;80;0;
17901;5718073;1014738944;20713472;1115049984;0;0;0;0;0;0;0;0;0;0;0;1984;0;0;89;0;80;0;
17902;3853777;1014738944;20713472;1115049984;0;0;0;0;0;0;0;0;0;0;0;2515;0;0;89;0;80;0;
17903;6837193;1014738944;20713472;1115049984;0;0;0;0;0;0;0;0;0;0;0;2354;0;0;89;0;80;0;
17904;3208327;1014738944;20713472;1115049984;0;0;0;0;0;0;0;0;0;0;0;60724;0;0;89;0;80;0;
17905;5406169;1014738944;20713472;1115049984;0;0;0;0;0;0;0;0;0;0;0;2244;0;0;89;0;80;0;
17906;4799982;1014738944;20713472;1115049984;0;0;0;0;0;0;0;0;0;0;0;2806;0;0;89;0;80;0;
17907;4951246;1014738944;20713472;1115049984;0;0;0;0;0;0;0;0;0;0;0;2034;0;0;89;0;80;0;
17908;5934800;1014738944;20713472;1115049984;0;0;0;0;0;0;0;0;0;0;0;2455;0;0;89;0;80;0;
17909;6592002;1014738944;20713472;1115049984;0;0;0;0;0;0;0;0;0;0;0;2043;0;0;89;0;80;0;
17910;4242566;1014738944;20713472;1115049984;0;0;0;0;0;0;0;0;0;0;0;2775;0;0;89;0;80;0;
17911;5706331;1014738944;20713472;1115049984;0;0;0;0;0;0;0;0;0;0;0;2124;0;0;89;0;80;0;
17912;4032903;1014738944;20713472;1115049984;0;0;0;0;0;0;0;0;0;0;0;2425;0;0;89;0;80;0;
17913;5256027;1014738944;20713472;1115049984;0;0;0;0;0;0;0;0;0;0;0;1953;0;0;89;0;80;0;
17914;4037181;1014738944;20713472;1115049984;0;0;0;0;0;0;0;0;0;0;0;2445;0;0;89;0;80;0;
17915;5147033;1014738944;20713472;1115049984;0;0;0;0;0;0;0;0;0;0;0;2474;0;0;89;0;80;0;
17916;4042111;1014738944;20713472;1115049984;0;0;0;0;0;0;0;0;0;0;0;2414;0;0;89;0;80;0;
17917;5125602;1014738944;20713472;1115049984;0;0;0;0;0;0;0;0;0;0;0;1874;0;0;89;0;80;0;
17918;2159470;1014738944;20713472;1115049984;0;0;0;0;0;0;0;0;0;0;0;2285;0;0;89;0;80;0;
17919;5612526;1014738944;20713472;1115049984;0;0;0;0;0;0;0;0;0;0;0;2164;0;0;89;0;80;0;
17920;3046453;1014738944;20713472;1115049984;0;0;0;0;0;0;0;0;0;0;0;2405;0;0;89;0;80;0;
17921;5192708;1014738944;20713472;1115049984;0;0;0;0;0;0;0;0;0;0;0;1994;0;0;89;0;80;0;
17922;3214909;1014738944;20713472;1115049984;0;0;0;0;0;0;0;0;0;0;0;2505;0;0;89;0;80;0;
17923;4947358;1014738944;20713472;1115049984;0;0;0;0;0;0;0;0;0;0;0;2084;0;0;89;0;80;0;
17924;4222529;1014738944;20713472;1115049984;0;0;0;0;0;0;0;0;0;0;0;3466;0;0;89;0;80;0;
17925;6558991;1014738944;20713472;1115049984;0;0;0;0;0;0;0;0;0;0;0;3126;0;0;89;0;80;0;
17926;5214349;1014738944;20713472;1115049984;0;0;0;0;0;0;0;0;0;0;0;3417;0;0;89;0;80;0;
17927;6355359;1014738944;20713472;1115049984;0;0;0;0;0;0;0;0;0;0;0;3126;0;0;89;0;80;0;
17928;5257921;1014738944;20713472;1115049984;0;0;0;0;0;0;0;0;0;0;0;4077;0;0;89;0;80;0;
17929;7282498;1014738944;20713472;1115049984;0;0;0;0;0;0;0;0;0;0;0;2775;0;0;89;0;80;0;
17930;6161375;1014738944;20713472;1115049984;0;0;0;0;0;0;0;0;0;0;0;3626;0;0;89;0;80;0;
17931;6946698;1014738944;20713472;1115049984;0;0;0;0;0;0;0;0;0;0;0;2956;0;0;89;0;80;0;
17932;4094899;1014738944;20713472;1115049984;0;0;0;0;0;0;0;0;0;0;0;2325;0;0;89;0;80;0;
17933;6197833;1014738944;20713472;1115049984;0;0;0;0;0;0;0;0;0;0;0;2073;0;0;89;0;80;0;
17934;3212043;1014738944;20713472;1115049984;0;0;0;0;0;0;0;0;0;0;0;2424;0;0;89;0;80;0;
17935;5080348;1014738944;20713472;1115049984;0;0;0;0;0;0;0;0;0;0;0;2164;0;0;89;0;80;0;
17936;4323628;1014738944;20713472;1115049984;0;0;0;0;0;0;0;0;0;0;0;3467;0;0;89;0;80;0;
17937;5077452;1014738944;20713472;1115049984;0;0;0;0;0;0;0;0;0;0;0;3146;0;0;89;0;80;0;
17938;5427498;1014738944;20713472;1115049984;0;0;0;0;0;0;0;0;0;0;0;3917;0;0;89;0;80;0;
17939;6144563;1014738944;20713472;1115049984;0;0;0;0;0;0;0;0;0;0;0;3206;0;0;89;0;80;0;
17940;4671601;1014738944;20713472;1115049984;0;0;0;0;0;0;0;0;0;0;0;3857;0;0;89;0;80;0;
17941;5010407;1014738944;20713472;1115049984;0;0;0;0;0;0;0;0;0;0;0;3076;0;0;89;0;80;0;
17942;5691655;1014738944;20713472;1115049984;0;0;0;0;0;0;0;0;0;0;0;4248;0;0;89;0;80;0;
17943;7037408;1014738944;20713472;1115049984;0;0;0;0;0;0;0;0;0;0;0;3446;0;0;89;0;80;0;
17944;6056348;1014738944;20713472;1115049984;0;0;0;0;0;0;0;0;0;0;0;3647;0;0;89;0;80;0;
17945;7575638;1014738944;20713472;1115049984;0;0;0;0;0;0;0;0;0;0;0;2925;0;0;89;0;80;0;
17946;6146918;1014738944;20713472;1115049984;0;0;0;0;0;0;0;0;0;0;0;3407;0;0;89;0;80;0;
17947;7492461;1014738944;20713472;1115049984;0;0;0;0;0;0;0;0;0;0;0;3476;0;0;89;0;80;0;
17948;6046790;1014738944;20713472;1115049984;0;0;0;0;0;0;0;0;0;0;0;3277;0;0;89;0;80;0;
17949;6653138;1014738944;20713472;1115049984;0;0;0;0;0;0;0;0;0;0;0;2865;0;0;89;0;80;0;
17950;4508345;1014738944;20713472;1115049984;0;0;0;0;0;0;0;0;0;0;0;3457;0;0;89;0;80;0;
17951;6681120;1014738944;20713472;1115049984;0;0;0;0;0;0;0;0;0;0;0;3146;0;0;89;0;80;0;
17952;4945745;1014738944;20713472;1115049984;0;0;0;0;0;0;0;0;0;0;0;3165;0;0;89;0;80;0;
17953;6620536;1014738944;20713472;1115049984;0;0;0;0;0;0;0;0;0;0;0;3006;0;0;89;0;80;0;
17954;4813267;1014738944;20713472;1115049984;0;0;0;0;0;0;0;0;0;0;0;3677;0;0;89;0;80;0;
17955;5557362;1014738944;20713472;1115049984;0;0;0;0;0;0;0;0;0;0;0;3356;0;0;89;0;80;0;
17956;5164606;1014738944;20713472;1115049984;0;0;0;0;0;0;0;0;0;0;0;2815;0;0;89;0;80;0;
17957;5929339;1014738944;20713472;1115049984;0;0;0;0;0;0;0;0;0;0;0;3647;0;0;89;0;80;0;
17958;6342464;1014738944;20713472;1115049984;0;0;0;0;0;0;0;0;0;0;0;3487;0;0;89;0;80;0;
17959;5472323;1014738944;20713472;1115049984;0;0;0;0;0;0;0;0;0;0;0;2475;0;0;89;0;80;0;
17960;3841855;1014738944;20713472;1115049984;0;0;0;0;0;0;0;0;0;0;0;3075;0;0;89;0;80;0;
17961;5129300;1014738944;20713472;1115049984;0;0;0;0;0;0;0;0;0;0;0;2284;0;0;89;0;80;0;
17962;6135336;1014738944;20713472;1115049984;0;0;0;0;0;0;0;0;0;0;0;3957;0;0;89;0;80;0;
17963;5188480;1014738944;20713472;1115049984;0;0;0;0;0;0;0;0;0;0;0;3266;0;0;89;0;80;0;
17964;5648594;1014738944;20713472;1115049984;0;0;0;0;0;0;0;0;0;0;0;4648;0;0;89;0;80;0;
17965;11943659;1014738944;20713472;1115049984;0;0;0;0;0;0;0;0;0;0;0;3317;0;0;89;0;80;0;
17966;8385055;1014738944;20713472;1115049984;0;0;0;0;0;0;0;0;0;0;0;4458;0;0;89;0;80;0;
17967;6515108;1014738944;20713472;1115049984;0;0;0;0;0;0;0;0;0;0;0;4739;0;0;89;0;80;0;
17968;7329736;1014738944;20713472;1115049984;0;0;0;0;0;0;0;0;0;0;0;4669;0;0;89;0;80;0;
17969;7088363;1014738944;20713472;1115049984;0;0;0;0;0;0;0;0;0;0;0;3998;0;0;89;0;80;0;
17970;7275735;1014738944;20713472;1115049984;0;0;0;0;0;0;0;0;0;0;0;4589;0;0;89;0;80;0;
17971;7647081;1014738944;20713472;1115049984;0;0;0;0;0;0;0;0;0;0;0;5019;0;0;89;0;80;0;
17972;5917087;1014738944;20713472;1115049984;0;0;0;0;0;0;0;0;0;0;0;5270;0;0;89;0;80;0;
17973;6175742;1014738944;20713472;1115049984;0;0;0;0;0;0;0;0;0;0;0;4799;0;0;89;0;80;0;
17974;6705946;1014738944;20713472;1115049984;0;0;0;0;0;0;0;0;0;0;0;5260;0;0;89;0;80;0;
17975;6221788;1014738944;20713472;1115049984;0;0;0;0;0;0;0;0;0;0;0;4639;0;0;89;0;80;0;
17976;7215301;1014738944;20713472;1115049984;0;0;0;0;0;0;0;0;0;0;0;5370;0;0;89;0;80;0;
17977;7510565;1014738944;20713472;1115049984;0;0;0;0;0;0;0;0;0;0;0;4839;0;0;89;0;80;0;
17978;7483475;1014738944;20713472;1115049984;0;0;0;0;0;0;0;0;0;0;0;4137;0;0;89;0;80;0;
17979;6707359;1014738944;20713472;1115049984;0;0;0;0;0;0;0;0;0;0;0;5049;0;0;89;0;80;0;
17980;7487452;1014738944;20713472;1115049984;0;0;0;0;0;0;0;0;0;0;0;4208;0;0;89;0;80;0;
17981;8598736;1014738944;20713472;1115049984;0;0;0;0;0;0;0;0;0;0;0;4338;0;0;89;0;80;0;
17982;6242567;1014738944;20713472;1115049984;0;0;0;0;0;0;0;0;0;0;0;4448;0;0;89;0;80;0;
17983;7176549;1014738944;20713472;1115049984;0;0;0;0;0;0;0;0;0;0;0;3697;0;0;89;0;80;0;
17984;4089149;1014738944;20713472;1115049984;0;0;0;0;0;0;0;0;0;0;0;3476;0;0;89;0;80;0;
17985;5212916;1014738944;20713472;1115049984;0;0;0;0;0;0;0;0;0;0;0;2835;0;0;89;0;80;0;
17986;8651816;1014738944;20713472;1115049984;0;0;0;0;0;0;0;0;0;0;0;4599;0;0;89;0;80;0;
17987;7698317;1014738944;20713472;1115049984;0;0;0;0;0;0;0;0;0;0;0;5540;0;0;89;0;80;0;
17988;7011689;1014738944;20713472;1115049984;0;0;0;0;0;0;0;0;0;0;0;5009;0;0;89;0;80;0;
17989;6282262;1014738944;20713472;1115049984;0;0;0;0;0;0;0;0;0;0;0;4338;0;0;89;0;80;0;
17990;6086164;1014738944;20713472;1115049984;0;0;0;0;0;0;0;0;0;0;0;4228;0;0;89;0;80;0;
17991;7103692;1014738944;20713472;1115049984;0;0;0;0;0;0;0;0;0;0;0;4819;0;0;89;0;80;0;
17992;4204865;1014738944;20713472;1115049984;0;0;0;0;0;0;0;0;0;0;0;3887;0;0;89;0;80;0;
17993;5846755;1014738944;20713472;1115049984;0;0;0;0;0;0;0;0;0;0;0;3277;0;0;89;0;80;0;
17994;4462920;1014738944;20713472;1115049984;0;0;0;0;0;0;0;0;0;0;0;3427;0;0;89;0;80;0;
17995;4837332;1014738944;20713472;1115049984;0;0;0;0;0;0;0;0;0;0;0;2665;0;0;89;0;80;0;
17996;6891013;1014738944;20713472;1115049984;0;0;0;0;0;0;0;0;0;0;0;4368;0;0;89;0;80;0;
17997;6384734;1014738944;20713472;1115049984;0;0;0;0;0;0;0;0;0;0;0;5490;0;0;89;0;80;0;
17998;8725223;1014738944;20713472;1115049984;0;0;0;0;0;0;0;0;0;0;0;3296;0;0;89;0;80;0;
17999;5783126;1014738944;20713472;1115049984;0;0;0;0;0;0;0;0;0;0;0;4088;0;0;89;0;80;0;
18000;5662129;1014738944;20713472;1115049984;0;0;0;0;0;0;0;0;0;0;0;4188;0;0;89;0;80;0;
18001;6081776;1014738944;20713472;1115049984;0;0;0;0;0;0;0;0;0;0;0;2855;0;0;89;0;80;0;
18002;4978717;1014738944;20713472;1115049984;0;0;0;0;0;0;0;0;0;0;0;4308;0;0;89;0;80;0;
18003;6482527;1014738944;20713472;1115049984;0;0;0;0;0;0;0;0;0;0;0;3817;0;0;89;0;80;0;
18004;5415165;1014738944;20713472;1115049984;0;0;0;0;0;0;0;0;0;0;0;3968;0;0;89;0;80;0;
18005;5915614;1014738944;20713472;1115049984;0;0;0;0;0;0;0;0;0;0;0;4448;0;0;89;0;80;0;
18006;4101332;1014738944;20713472;1115049984;0;0;0;0;0;0;0;0;0;0;0;3907;0;0;89;0;80;0;
18007;6158089;1014738944;20713472;1115049984;0;0;0;0;0;0;0;0;0;0;0;3146;0;0;89;0;80;0;
18008;5061422;1014738944;20713472;1115049984;0;0;0;0;0;0;0;0;0;0;0;3797;0;0;89;0;80;0;
18009;6663366;1014738944;20713472;1115049984;0;0;0;0;0;0;0;0;0;0;0;3727;0;0;89;0;80;0;
18010;5033140;1014738944;20713472;1115049984;0;0;0;0;0;0;0;0;0;0;0;3587;0;0;89;0;80;0;
18011;6693924;1014738944;20713472;1115049984;0;0;0;0;0;0;0;0;0;0;0;3747;0;0;89;0;80;0;
18012;3985435;1014738944;20713472;1115049984;0;0;0;0;0;0;0;0;0;0;0;3887;0;0;89;0;80;0;
18013;5810266;1014738944;20713472;1115049984;0;0;0;0;0;0;0;0;0;0;0;3296;0;0;89;0;80;0;
18014;5195453;1014738944;20713472;1115049984;0;0;0;0;0;0;0;0;0;0;0;3696;0;0;89;0;80;0;
18015;5482983;1014738944;20713472;1115049984;0;0;0;0;0;0;0;0;0;0;0;2956;0;0;89;0;80;0;
18016;7037058;1014738944;20713472;1115049984;0;0;0;0;0;0;0;0;0;0;0;3427;0;0;89;0;80;0;
18017;5580665;1014738944;20713472;1115049984;0;0;0;0;0;0;0;0;0;0;0;2945;0;0;89;0;80;0;
18018;5612466;1014738944;20713472;1115049984;0;0;0;0;0;0;0;0;0;0;0;3667;0;0;89;0;80;0;
18019;5649395;1014738944;20713472;1115049984;0;0;0;0;0;0;0;0;0;0;0;3306;0;0;89;0;80;0;
18020;4961736;1014738944;20713472;1115049984;0;0;0;0;0;0;0;0;0;0;0;3757;0;0;89;0;80;0;
18021;5955008;1014738944;20713472;1115049984;0;0;0;0;0;0;0;0;0;0;0;3967;0;0;89;0;80;0;
18022;4805773;1014738944;20713472;1115049984;0;0;0;0;0;0;0;0;0;0;0;3627;0;0;89;0;80;0;
18023;5754382;1014738944;20713472;1115049984;0;0;0;0;0;0;0;0;0;0;0;2655;0;0;89;0;80;0;
18024;5425785;1014738944;20713472;1115049984;0;0;0;0;0;0;0;0;0;0;0;4629;0;0;89;0;80;0;
18025;6315043;1014738944;20713472;1115049984;0;0;0;0;0;0;0;0;0;0;0;2715;0;0;89;0;80;0;
18026;5046805;1014738944;20713472;1115049984;0;0;0;0;0;0;0;0;0;0;0;3176;0;0;89;0;80;0;
18027;5202907;1014738944;20713472;1115049984;0;0;0;0;0;0;0;0;0;0;0;2655;0;0;89;0;80;0;
18028;6193044;1014738944;20713472;1115049984;0;0;0;0;0;0;0;0;0;0;0;3677;0;0;89;0;80;0;
18029;5331288;1014738944;20713472;1115049984;0;0;0;0;0;0;0;0;0;0;0;3056;0;0;89;0;80;0;
18030;4923484;1014738944;20713472;1115049984;0;0;0;0;0;0;0;0;0;0;0;3556;0;0;89;0;80;0;
18031;5721349;1014738944;20713472;1115049984;0;0;0;0;0;0;0;0;0;0;0;2534;0;0;89;0;80;0;
18032;6436341;1014738944;20713472;1115049984;0;0;0;0;0;0;0;0;0;0;0;3947;0;0;89;0;80;0;
18033;5277307;1014738944;20713472;1115049984;0;0;0;0;0;0;0;0;0;0;0;2966;0;0;89;0;80;0;
18034;5711802;1014738944;20713472;1115049984;0;0;0;0;0;0;0;0;0;0;0;6161;0;0;89;0;80;0;
18035;5942535;1014738944;20713472;1115049984;0;0;0;0;0;0;0;0;0;0;0;2514;0;0;89;0;80;0;
18036;4355167;1014738944;20713472;1115049984;0;0;0;0;0;0;0;0;0;0;0;4128;0;0;89;0;80;0;
18037;5648113;1014738944;20713472;1115049984;0;0;0;0;0;0;0;0;0;0;0;2465;0;0;89;0;80;0;
18038;6162978;1014738944;20713472;1115049984;0;0;0;0;0;0;0;0;0;0;0;3827;0;0;89;0;80;0;
18039;5371203;1014738944;20713472;1115049984;0;0;0;0;0;0;0;0;0;0;0;3317;0;0;89;0;80;0;
18040;7866693;1014738944;20713472;1115049984;0;0;0;0;0;0;0;0;0;0;0;4047;0;0;89;0;80;0;
18041;5341858;1014738944;20713472;1115049984;0;0;0;0;0;0;0;0;0;0;0;3336;0;0;89;0;80;0;
18042;6101583;1014738944;20713472;1115049984;0;0;0;0;0;0;0;0;0;0;0;4058;0;0;89;0;80;0;
18043;6157308;1014738944;20713472;1115049984;0;0;0;0;0;0;0;0;0;0;0;3126;0;0;89;0;80;0;
18044;5157833;1014738944;20713472;1115049984;0;0;0;0;0;0;0;0;0;0;0;3276;0;0;89;0;80;0;
18045;5846585;1014738944;20713472;1115049984;0;0;0;0;0;0;0;0;0;0;0;2375;0;0;89;0;80;0;
18046;4663215;1014738944;20713472;1115049984;0;0;0;0;0;0;0;0;0;0;0;4147;0;0;89;0;80;0;
18047;5351225;1014738944;20713472;1115049984;0;0;0;0;0;0;0;0;0;0;0;2696;0;0;89;0;80;0;
18048;4227808;1014738944;20713472;1115049984;0;0;0;0;0;0;0;0;0;0;0;4038;0;0;89;0;80;0;
18049;6314382;1014738944;20713472;1115049984;0;0;0;0;0;0;0;0;0;0;0;3317;0;0;89;0;80;0;
18050;4718129;1014738944;20713472;1115049984;0;0;0;0;0;0;0;0;0;0;0;3887;0;0;89;0;80;0;
18051;6488037;1014738944;20713472;1115049984;0;0;0;0;0;0;0;0;0;0;0;3847;0;0;89;0;80;0;
18052;6543291;1014738944;20713472;1115049984;0;0;0;0;0;0;0;0;0;0;0;5441;0;0;89;0;80;0;
18053;6656313;1014738944;20713472;1115049984;0;0;0;0;0;0;0;0;0;0;0;3276;0;0;89;0;80;0;
18054;5077863;1014738944;20713472;1115049984;0;0;0;0;0;0;0;0;0;0;0;3597;0;0;89;0;80;0;
18055;6818327;1014738944;20713472;1115049984;0;0;0;0;0;0;0;0;0;0;0;2765;0;0;89;0;80;0;
18056;3890967;1014738944;20713472;1115049984;0;0;0;0;0;0;0;0;0;0;0;3546;0;0;89;0;80;0;
18057;6309383;1014738944;20713472;1115049984;0;0;0;0;0;0;0;0;0;0;0;3186;0;0;89;0;80;0;
18058;4143521;1014738944;20713472;1115049984;0;0;0;0;0;0;0;0;0;0;0;3637;0;0;89;0;80;0;
18059;5687356;1014738944;20713472;1115049984;0;0;0;0;0;0;0;0;0;0;0;3567;0;0;89;0;80;0;
18060;4765146;1014738944;20713472;1115049984;0;0;0;0;0;0;0;0;0;0;0;3897;0;0;89;0;80;0;
18061;6153310;1014738944;20713472;1115049984;0;0;0;0;0;0;0;0;0;0;0;3286;0;0;89;0;80;0;
18062;3630178;1014738944;20713472;1115049984;0;0;0;0;0;0;0;0;0;0;0;3466;0;0;89;0;80;0;
18063;5114161;1014738944;20713472;1115049984;0;0;0;0;0;0;0;0;0;0;0;3547;0;0;89;0;80;0;
18064;4536328;1014738944;20713472;1115049984;0;0;0;0;0;0;0;0;0;0;0;3407;0;0;89;0;80;0;
18065;6345701;1014738944;20713472;1115049984;0;0;0;0;0;0;0;0;0;0;0;3977;0;0;89;0;80;0;
18066;3521014;1014738944;20713472;1115049984;0;0;0;0;0;0;0;0;0;0;0;3266;0;0;89;0;80;0;
18067;5470129;1014738944;20713472;1115049984;0;0;0;0;0;0;0;0;0;0;0;2254;0;0;89;0;80;0;
18068;3763659;1014738944;20713472;1115049984;0;0;0;0;0;0;0;0;0;0;0;3567;0;0;89;0;80;0;
18069;4659719;1014738944;20713472;1115049984;0;0;0;0;0;0;0;0;0;0;0;2334;0;0;89;0;80;0;
18070;3227634;1014738944;20713472;1115049984;0;0;0;0;0;0;0;0;0;0;0;3116;0;0;89;0;80;0;
18071;4895742;1014738944;20713472;1115049984;0;0;0;0;0;0;0;0;0;0;0;2134;0;0;89;0;80;0;
18072;3886519;1014738944;20713472;1115049984;0;0;0;0;0;0;0;0;0;0;0;3045;0;0;89;0;80;0;
18073;4784533;1014738944;20713472;1115049984;0;0;0;0;0;0;0;0;0;0;0;2134;0;0;89;0;80;0;
18074;3188339;1014738944;20713472;1115049984;0;0;0;0;0;0;0;0;0;0;0;2755;0;0;89;0;80;0;
18075;5533126;1014738944;20713472;1115049984;0;0;0;0;0;0;0;0;0;0;0;3216;0;0;89;0;80;0;
18076;4915408;1014738944;20713472;1115049984;0;0;0;0;0;0;0;0;0;0;0;3327;0;0;89;0;80;0;
18077;4802416;1014738944;20713472;1115049984;0;0;0;0;0;0;0;0;0;0;0;1874;0;0;89;0;80;0;
18078;4038654;1014738944;20713472;1115049984;0;0;0;0;0;0;0;0;0;0;0;3697;0;0;89;0;80;0;
18079;5892841;1014738944;20713472;1115049984;0;0;0;0;0;0;0;0;0;0;0;3176;0;0;89;0;80;0;
18080;2826982;1014738944;20713472;1115049984;0;0;0;0;0;0;0;0;0;0;0;3256;0;0;89;0;80;0;
18081;4945695;1014738944;20713472;1115049984;0;0;0;0;0;0;0;0;0;0;0;3907;0;0;89;0;80;0;
18082;3680803;1014738944;20713472;1115049984;0;0;0;0;0;0;0;0;0;0;0;3186;0;0;89;0;80;0;
18083;5188380;1014738944;20713472;1115049984;0;0;0;0;0;0;0;0;0;0;0;2424;0;0;89;0;80;0;
18084;3184682;1014738944;20713472;1115049984;0;0;0;0;0;0;0;0;0;0;0;4148;0;0;89;0;80;0;
18085;4364134;1014738944;20713472;1115049984;0;0;0;0;0;0;0;0;0;0;0;2074;0;0;89;0;80;0;
18086;3798864;1014738944;20713472;1115049984;0;0;0;0;0;0;0;0;0;0;0;3466;0;0;89;0;80;0;
18087;5062965;1014738944;20713472;1115049984;0;0;0;0;0;0;0;0;0;0;0;1864;0;0;89;0;80;0;
18088;4112593;1014738944;20713472;1115049984;0;0;0;0;0;0;0;0;0;0;0;3366;0;0;89;0;80;0;
18089;4568337;1014738944;20713472;1115049984;0;0;0;0;0;0;0;0;0;0;0;2615;0;0;89;0;80;0;
18090;5998529;1014738944;20713472;1115049984;0;0;0;0;0;0;0;0;0;0;0;2985;0;0;89;0;80;0;
18091;5329124;1014738944;20713472;1115049984;0;0;0;0;0;0;0;0;0;0;0;2335;0;0;89;0;80;0;
18092;3205381;1014738944;20713472;1115049984;0;0;0;0;0;0;0;0;0;0;0;3316;0;0;89;0;80;0;
18093;4726765;1014738944;20713472;1115049984;0;0;0;0;0;0;0;0;0;0;0;2565;0;0;89;0;80;0;
18094;3973803;1014738944;20713472;1115049984;0;0;0;0;0;0;0;0;0;0;0;3206;0;0;89;0;80;0;
18095;4696898;1014738944;20713472;1115049984;0;0;0;0;0;0;0;0;0;0;0;1993;0;0;89;0;80;0;
18096;4226436;1014738944;20713472;1115049984;0;0;0;0;0;0;0;0;0;0;0;3707;0;0;89;0;80;0;
18097;5970677;1014738944;20713472;1115049984;0;0;0;0;0;0;0;0;0;0;0;2925;0;0;89;0;80;0;
18098;5751697;1014738944;20713472;1115049984;0;0;0;0;0;0;0;0;0;0;0;5741;0;0;89;0;80;0;
18099;4862128;1014738944;20713472;1115049984;0;0;0;0;0;0;0;0;0;0;0;2916;0;0;89;0;80;0;
18100;4768382;1014738944;20713472;1115049984;0;0;0;0;0;0;0;0;0;0;0;3246;0;0;89;0;80;0;
18101;5101247;1014738944;20721664;1115058176;0;0;0;0;0;0;0;0;0;0;0;3236;0;0;89;0;80;0;
18102;3475869;1014738944;20721664;1115058176;0;0;0;0;0;0;0;0;0;0;0;3286;0;0;89;0;80;0;
18103;4442281;1014738944;20721664;1115058176;0;0;0;0;0;0;0;0;0;0;0;2144;0;0;89;0;80;0;
18104;3712452;1014738944;20721664;1115058176;0;0;0;0;0;0;0;0;0;0;0;2735;0;0;89;0;80;0;
18105;6041951;1014738944;20721664;1115058176;0;0;0;0;0;0;0;0;0;0;0;3416;0;0;89;0;80;0;
18106;2721344;1014738944;20721664;1115058176;0;0;0;0;0;0;0;0;0;0;0;3166;0;0;89;0;80;0;
18107;5154356;1014738944;20721664;1115058176;0;0;0;0;0;0;0;0;0;0;0;3076;0;0;89;0;80;0;
18108;3684290;1014829056;20713472;1115049984;0;0;0;0;0;0;0;0;0;0;0;2986;0;0;89;0;80;0;
18109;4416272;1014829056;20713472;1115049984;0;0;0;0;0;0;0;0;0;0;0;2204;0;0;89;0;80;0;
18110;3306982;1014829056;20713472;1115049984;0;0;0;0;0;0;0;0;0;0;0;3356;0;0;89;0;80;0;
18111;4369765;1014829056;20713472;1115049984;0;0;0;0;0;0;0;0;0;0;0;1823;0;0;89;0;80;0;
18112;4004810;1014829056;20713472;1115049984;0;0;0;0;0;0;0;0;0;0;0;3286;0;0;89;0;80;0;
18113;4793169;1014829056;20713472;1115049984;0;0;0;0;0;0;0;0;0;0;0;2464;0;0;89;0;80;0;
18114;4273083;1014829056;20713472;1115049984;0;0;0;0;0;0;0;0;0;0;0;3146;0;0;89;0;80;0;
18115;5225920;1014829056;20713472;1115049984;0;0;0;0;0;0;0;0;0;0;0;2575;0;0;89;0;80;0;
18116;4337835;1014829056;20713472;1115049984;0;0;0;0;0;0;0;0;0;0;0;3206;0;0;89;0;80;0;
18117;5330576;1014829056;20713472;1115049984;0;0;0;0;0;0;0;0;0;0;0;3416;0;0;89;0;80;0;
18118;3979362;1014829056;20713472;1115049984;0;0;0;0;0;0;0;0;0;0;0;3346;0;0;89;0;80;0;
18119;5345555;1014829056;20713472;1115049984;0;0;0;0;0;0;0;0;0;0;0;2505;0;0;89;0;80;0;
18120;3620390;1014829056;20713472;1115049984;0;0;0;0;0;0;0;0;0;0;0;3607;0;0;89;0;80;0;
18121;5751136;1014829056;20713472;1115049984;0;0;0;0;0;0;0;0;0;0;0;4158;0;0;89;0;80;0;
18122;4150254;1014829056;20713472;1115049984;0;0;0;0;0;0;0;0;0;0;0;4339;0;0;89;0;80;0;
18123;5021797;1014829056;20713472;1115049984;0;0;0;0;0;0;0;0;0;0;0;2535;0;0;89;0;80;0;
18124;3799927;1014829056;20713472;1115049984;0;0;0;0;0;0;0;0;0;0;0;3497;0;0;89;0;80;0;
18125;4573888;1014829056;20713472;1115049984;0;0;0;0;0;0;0;0;0;0;0;2565;0;0;89;0;80;0;
18126;3464738;1014829056;20713472;1115049984;0;0;0;0;0;0;0;0;0;0;0;2735;0;0;89;0;80;0;
18127;4653417;1014829056;20713472;1115049984;0;0;0;0;0;0;0;0;0;0;0;1984;0;0;89;0;80;0;
18128;3680843;1014829056;20713472;1115049984;0;0;0;0;0;0;0;0;0;0;0;2925;0;0;89;0;80;0;
18129;4479521;1014829056;20713472;1115049984;0;0;0;0;0;0;0;0;0;0;0;1973;0;0;89;0;80;0;
18130;4564711;1014829056;20713472;1115049984;0;0;0;0;0;0;0;0;0;0;0;3326;0;0;89;0;80;0;
18131;4734650;1014829056;20713472;1115049984;0;0;0;0;0;0;0;0;0;0;0;2595;0;0;89;0;80;0;
18132;4632367;1014829056;20713472;1115049984;0;0;0;0;0;0;0;0;0;0;0;3837;0;0;89;0;80;0;
18133;4600658;1014829056;20713472;1115049984;0;0;0;0;0;0;0;0;0;0;0;2835;0;0;89;0;80;0;
18134;4197482;1014829056;20713472;1115049984;0;0;0;0;0;0;0;0;0;0;0;2956;0;0;89;0;80;0;
18135;5009395;1014829056;20713472;1115049984;0;0;0;0;0;0;0;0;0;0;0;2245;0;0;89;0;80;0;
18136;4070994;1014829056;20713472;1115049984;0;0;0;0;0;0;0;0;0;0;0;4258;0;0;89;0;80;0;
18137;5116396;1014829056;20713472;1115049984;0;0;0;0;0;0;0;0;0;0;0;2194;0;0;89;0;80;0;
18138;4432001;1014829056;20713472;1115049984;0;0;0;0;0;0;0;0;0;0;0;2936;0;0;89;0;80;0;
18139;5502880;1014829056;20713472;1115049984;0;0;0;0;0;0;0;0;0;0;0;2455;0;0;89;0;80;0;
18140;3328172;1014829056;20713472;1115049984;0;0;0;0;0;0;0;0;0;0;0;3035;0;0;89;0;80;0;
18141;5381042;1014829056;20713472;1115049984;0;0;0;0;0;0;0;0;0;0;0;3376;0;0;89;0;80;0;
18142;2851618;1014829056;20713472;1115049984;0;0;0;0;0;0;0;0;0;0;0;3155;0;0;89;0;80;0;
18143;4843794;1014829056;20713472;1115049984;0;0;0;0;0;0;0;0;0;0;0;2215;0;0;89;0;80;0;
18144;2638328;1014829056;20713472;1115049984;0;0;0;0;0;0;0;0;0;0;0;3216;0;0;89;0;80;0;
18145;4634812;1014829056;20713472;1115049984;0;0;0;0;0;0;0;0;0;0;0;2124;0;0;89;0;80;0;
18146;4469802;1014829056;20713472;1115049984;0;0;0;0;0;0;0;0;0;0;0;2935;0;0;89;0;80;0;
18147;4613292;1014829056;20713472;1115049984;0;0;0;0;0;0;0;0;0;0;0;2174;0;0;89;0;80;0;
18148;2934753;1014829056;20713472;1115049984;0;0;0;0;0;0;0;0;0;0;0;3367;0;0;89;0;80;0;
18149;5014634;1014829056;20713472;1115049984;0;0;0;0;0;0;0;0;0;0;0;2335;0;0;89;0;80;0;
18150;4028405;1014829056;20713472;1115049984;0;0;0;0;0;0;0;0;0;0;0;3226;0;0;89;0;80;0;
18151;4911421;1014829056;20713472;1115049984;0;0;0;0;0;0;0;0;0;0;0;2535;0;0;89;0;80;0;
18152;3017670;1014829056;20713472;1115049984;0;0;0;0;0;0;0;0;0;0;0;3096;0;0;89;0;80;0;
18153;4579949;1014829056;20713472;1115049984;0;0;0;0;0;0;0;0;0;0;0;2726;0;0;89;0;80;0;
18154;12416075;1014829056;20713472;1115049984;0;0;0;0;0;0;0;0;0;0;0;2946;0;0;89;0;80;0;
18155;4353685;1014829056;20713472;1115049984;0;0;0;0;0;0;0;0;0;0;0;2034;0;0;89;0;80;0;
18156;4268566;1014829056;20713472;1115049984;0;0;0;0;0;0;0;0;0;0;0;3106;0;0;89;0;80;0;
18157;4892275;1014829056;20713472;1115049984;0;0;0;0;0;0;0;0;0;0;0;1943;0;0;89;0;80;0;
18158;3128317;1014829056;20713472;1115049984;0;0;0;0;0;0;0;0;0;0;0;3145;0;0;89;0;80;0;
18159;5111396;1014829056;20713472;1115049984;0;0;0;0;0;0;0;0;0;0;0;2444;0;0;89;0;80;0;
18160;3649143;1014829056;20713472;1115049984;0;0;0;0;0;0;0;0;0;0;0;3236;0;0;89;0;80;0;
18161;4951286;1014829056;20713472;1115049984;0;0;0;0;0;0;0;0;0;0;0;2155;0;0;89;0;80;0;
18162;2995808;1014829056;20713472;1115049984;0;0;0;0;0;0;0;0;0;0;0;3266;0;0;89;0;80;0;
18163;4842913;1014829056;20713472;1115049984;0;0;0;0;0;0;0;0;0;0;0;2514;0;0;89;0;80;0;
18164;4321925;1014829056;20713472;1115049984;0;0;0;0;0;0;0;0;0;0;0;2845;0;0;89;0;80;0;
18165;5051143;1014829056;20713472;1115049984;0;0;0;0;0;0;0;0;0;0;0;2204;0;0;89;0;80;0;
18166;3001298;1014829056;20713472;1115049984;0;0;0;0;0;0;0;0;0;0;0;2965;0;0;89;0;80;0;
18167;5220681;1014829056;20713472;1115049984;0;0;0;0;0;0;0;0;0;0;0;1894;0;0;89;0;80;0;
18168;4049253;1014829056;20713472;1115049984;0;0;0;0;0;0;0;0;0;0;0;3366;0;0;89;0;80;0;
18169;4394311;1014829056;20713472;1115049984;0;0;0;0;0;0;0;0;0;0;0;1994;0;0;89;0;80;0;
18170;2578515;1014829056;20713472;1115049984;0;0;0;0;0;0;0;0;0;0;0;2886;0;0;89;0;80;0;
18171;5654554;1014829056;20713472;1115049984;0;0;0;0;0;0;0;0;0;0;0;2344;0;0;89;0;80;0;
18172;3425625;1014829056;20713472;1115049984;0;0;0;0;0;0;0;0;0;0;0;2555;0;0;89;0;80;0;
18173;4505300;1014829056;20713472;1115049984;0;0;0;0;0;0;0;0;0;0;0;1963;0;0;89;0;80;0;
18174;3493872;1014829056;20713472;1115049984;0;0;0;0;0;0;0;0;0;0;0;3637;0;0;89;0;80;0;
18175;4696458;1014829056;20713472;1115049984;0;0;0;0;0;0;0;0;0;0;0;2204;0;0;89;0;80;0;
18176;4550134;1014829056;20713472;1115049984;0;0;0;0;0;0;0;0;0;0;0;3467;0;0;89;0;80;0;
18177;4851539;1014829056;20713472;1115049984;0;0;0;0;0;0;0;0;0;0;0;2785;0;0;89;0;80;0;
18178;3274662;1014829056;20713472;1115049984;0;0;0;0;0;0;0;0;0;0;0;3176;0;0;89;0;80;0;
18179;4868660;1014829056;20713472;1115049984;0;0;0;0;0;0;0;0;0;0;0;2324;0;0;89;0;80;0;
18180;3804264;1014829056;20713472;1115049984;0;0;0;0;0;0;0;0;0;0;0;3466;0;0;89;0;80;0;
18181;4883729;1014829056;20713472;1115049984;0;0;0;0;0;0;0;0;0;0;0;3046;0;0;89;0;80;0;
18182;3024482;1014829056;20713472;1115049984;0;0;0;0;0;0;0;0;0;0;0;2896;0;0;89;0;80;0;
18183;5325988;1014829056;20713472;1115049984;0;0;0;0;0;0;0;0;0;0;0;3056;0;0;89;0;80;0;
18184;2201058;1014829056;20713472;1115049984;0;0;0;0;0;0;0;0;0;0;0;2745;0;0;89;0;80;0;
18185;4498136;1014829056;20713472;1115049984;0;0;0;0;0;0;0;0;0;0;0;2014;0;0;89;0;80;0;
18186;3014364;1014829056;20713472;1115049984;0;0;0;0;0;0;0;0;0;0;0;2675;0;0;89;0;80;0;
18187;4316906;1014829056;20713472;1115049984;0;0;0;0;0;0;0;0;0;0;0;2044;0;0;89;0;80;0;
18188;3305619;1014829056;20713472;1115049984;0;0;0;0;0;0;0;0;0;0;0;2625;0;0;89;0;80;0;
18189;4361459;1014829056;20713472;1115049984;0;0;0;0;0;0;0;0;0;0;0;1864;0;0;89;0;80;0;
18190;2434435;1014829056;20713472;1115049984;0;0;0;0;0;0;0;0;0;0;0;2355;0;0;89;0;80;0;
18191;4809159;1014829056;20713472;1115049984;0;0;0;0;0;0;0;0;0;0;0;2525;0;0;89;0;80;0;
18192;3900465;1014829056;20713472;1115049984;0;0;0;0;0;0;0;0;0;0;0;3006;0;0;89;0;80;0;
18193;4601980;1014829056;20713472;1115049984;0;0;0;0;0;0;0;0;0;0;0;2054;0;0;89;0;80;0;
18194;3288126;1014829056;20713472;1115049984;0;0;0;0;0;0;0;0;0;0;0;2475;0;0;89;0;80;0;
18195;4493657;1014829056;20713472;1115049984;0;0;0;0;0;0;0;0;0;0;0;2084;0;0;89;0;80;0;
18196;2547136;1014829056;20713472;1115049984;0;0;0;0;0;0;0;0;0;0;0;2634;0;0;89;0;80;0;
18197;4733698;1014829056;20713472;1115049984;0;0;0;0;0;0;0;0;0;0;0;1994;0;0;89;0;80;0;
18198;2067096;1014829056;20713472;1115049984;0;0;0;0;0;0;0;0;0;0;0;2054;0;0;89;0;80;0;
18199;4552849;1014829056;20713472;1115049984;0;0;0;0;0;0;0;0;0;0;0;1793;0;0;89;0;80;0;
18200;2669517;1014829056;20713472;1115049984;0;0;0;0;0;0;0;0;0;0;0;2244;0;0;89;0;80;0;
18201;5376052;1014829056;20713472;1115049984;0;0;0;0;0;0;0;0;0;0;0;2064;0;0;89;0;80;0;
18202;2304432;1014829056;20713472;1115049984;0;0;0;0;0;0;0;0;0;0;0;1844;0;0;89;0;80;0;
18203;4672623;1014829056;20713472;1115049984;0;0;0;0;0;0;0;0;0;0;0;1623;0;0;89;0;80;0;
18204;2527981;1014829056;20713472;1115049984;0;0;0;0;0;0;0;0;0;0;0;2084;0;0;89;0;80;0;
18205;4590238;1014829056;20713472;1115049984;0;0;0;0;0;0;0;0;0;0;0;7494;0;0;89;0;80;0;
18206;2997161;1014829056;20713472;1115049984;0;0;0;0;0;0;0;0;0;0;0;2194;0;0;89;0;80;0;
18207;4795143;1014829056;20713472;1115049984;0;0;0;0;0;0;0;0;0;0;0;1653;0;0;89;0;80;0;
18208;2537429;1014829056;20713472;1115049984;0;0;0;0;0;0;0;0;0;0;0;1924;0;0;89;0;80;0;
18209;4187323;1014829056;20713472;1115049984;0;0;0;0;0;0;0;0;0;0;0;2084;0;0;89;0;80;0;
18210;2068018;1014829056;20713472;1115049984;0;0;0;0;0;0;0;0;0;0;0;2084;0;0;89;0;80;0;
18211;4500359;1014829056;20713472;1115049984;0;0;0;0;0;0;0;0;0;0;0;2014;0;0;89;0;80;0;
18212;2440917;1014829056;20713472;1115049984;0;0;0;0;0;0;0;0;0;0;0;2214;0;0;89;0;80;0;
18213;4391787;1014829056;20713472;1115049984;0;0;0;0;0;0;0;0;0;0;0;1714;0;0;89;0;80;0;
18214;2628870;1014829056;20713472;1115049984;0;0;0;0;0;0;0;0;0;0;0;2234;0;0;89;0;80;0;
18215;4895852;1014829056;20713472;1115049984;0;0;0;0;0;0;0;0;0;0;0;1683;0;0;89;0;80;0;
18216;2471134;1014829056;20713472;1115049984;0;0;0;0;0;0;0;0;0;0;0;1883;0;0;89;0;80;0;
18217;4220495;1014829056;20713472;1115049984;0;0;0;0;0;0;0;0;0;0;0;1743;0;0;89;0;80;0;
18218;2024116;1014829056;20713472;1115049984;0;0;0;0;0;0;0;0;0;0;0;1974;0;0;89;0;80;0;
18219;4151235;1014829056;20713472;1115049984;0;0;0;0;0;0;0;0;0;0;0;1703;0;0;89;0;80;0;
18220;2512873;1014829056;20713472;1115049984;0;0;0;0;0;0;0;0;0;0;0;2364;0;0;89;0;80;0;
18221;5126624;1014829056;20721664;1115058176;0;0;0;0;0;0;0;0;0;0;0;1894;0;0;89;0;80;0;
18222;2970080;1014829056;20721664;1115058176;0;0;0;0;0;0;0;0;0;0;0;2084;0;0;89;0;80;0;
18223;5254544;1014829056;20721664;1115058176;0;0;0;0;0;0;0;0;0;0;0;1864;0;0;89;0;80;0;
18224;2835899;1014829056;20721664;1115058176;0;0;0;0;0;0;0;0;0;0;0;2635;0;0;89;0;80;0;
18225;4843484;1014829056;20721664;1115058176;0;0;0;0;0;0;0;0;0;0;0;1893;0;0;89;0;80;0;
18226;3125381;1014829056;20721664;1115058176;0;0;0;0;0;0;0;0;0;0;0;2295;0;0;89;0;80;0;
18227;4502384;1014829056;20721664;1115058176;0;0;0;0;0;0;0;0;0;0;0;1723;0;0;89;0;80;0;
18228;2677572;1014870016;20713472;1115049984;0;0;0;0;0;0;0;0;0;0;0;1903;0;0;89;0;80;0;
18229;4250712;1014870016;20713472;1115049984;0;0;0;0;0;0;0;0;0;0;0;1823;0;0;89;0;80;0;
18230;2269527;1014870016;20713472;1115049984;0;0;0;0;0;0;0;0;0;0;0;1964;0;0;89;0;80;0;
18231;4808178;1014870016;20713472;1115049984;0;0;0;0;0;0;0;0;0;0;0;1904;0;0;89;0;80;0;
18232;2754946;1014870016;20713472;1115049984;0;0;0;0;0;0;0;0;0;0;0;2134;0;0;89;0;80;0;
18233;4539974;1014870016;20713472;1115049984;0;0;0;0;0;0;0;0;0;0;0;1854;0;0;89;0;80;0;
18234;2935595;1014870016;20713472;1115049984;0;0;0;0;0;0;0;0;0;0;0;2174;0;0;89;0;80;0;
18235;4415752;1014870016;20713472;1115049984;0;0;0;0;0;0;0;0;0;0;0;1803;0;0;89;0;80;0;
18236;2342663;1014870016;20713472;1115049984;0;0;0;0;0;0;0;0;0;0;0;2204;0;0;89;0;80;0;
18237;4664438;1014870016;20713472;1115049984;0;0;0;0;0;0;0;0;0;0;0;1924;0;0;89;0;80;0;
18238;3609910;1014870016;20713472;1115049984;0;0;0;0;0;0;0;0;0;0;0;2785;0;0;89;0;80;0;
18239;5364551;1014870016;20713472;1115049984;0;0;0;0;0;0;0;0;0;0;0;1814;0;0;89;0;80;0;
18240;2871225;1014870016;20713472;1115049984;0;0;0;0;0;0;0;0;0;0;0;2464;0;0;89;0;80;0;
18241;4285227;1014870016;20713472;1115049984;0;0;0;0;0;0;0;0;0;0;0;1683;0;0;89;0;80;0;
18242;4096482;1014870016;20713472;1115049984;0;0;0;0;0;0;0;0;0;0;0;2685;0;0;89;0;80;0;
18243;4649780;1014870016;20713472;1115049984;0;0;0;0;0;0;0;0;0;0;0;1793;0;0;89;0;80;0;
18244;2963658;1014870016;20713472;1115049984;0;0;0;0;0;0;0;0;0;0;0;2405;0;0;89;0;80;0;
18245;4464382;1014870016;20713472;1115049984;0;0;0;0;0;0;0;0;0;0;0;1814;0;0;89;0;80;0;
18246;3491648;1014870016;20713472;1115049984;0;0;0;0;0;0;0;0;0;0;0;2434;0;0;89;0;80;0;
18247;4368883;1014870016;20713472;1115049984;0;0;0;0;0;0;0;0;0;0;0;1803;0;0;89;0;80;0;
18248;3309036;1014870016;20713472;1115049984;0;0;0;0;0;0;0;0;0;0;0;2495;0;0;89;0;80;0;
18249;4913405;1014870016;20713472;1115049984;0;0;0;0;0;0;0;0;0;0;0;1793;0;0;89;0;80;0;
18250;2266320;1014870016;20713472;1115049984;0;0;0;0;0;0;0;0;0;0;0;1803;0;0;89;0;80;0;
18251;11617056;1014870016;20713472;1115049984;0;0;0;0;0;0;0;0;0;0;0;2034;0;0;89;0;80;0;
18252;4789252;1014870016;20713472;1115049984;0;0;0;0;0;0;0;0;0;0;0;4919;0;0;89;0;80;0;
18253;6505159;1014870016;20713472;1115049984;0;0;0;0;0;0;0;0;0;0;0;3707;0;0;89;0;80;0;
18254;5590875;1014870016;20713472;1115049984;0;0;0;0;0;0;0;0;0;0;0;4478;0;0;89;0;80;0;
18255;7210262;1014870016;20713472;1115049984;0;0;0;0;0;0;0;0;0;0;0;5290;0;0;89;0;80;0;
18256;4775166;1014870016;20713472;1115049984;0;0;0;0;0;0;0;0;0;0;0;3787;0;0;89;0;80;0;
18257;5607947;1014870016;20713472;1115049984;0;0;0;0;0;0;0;0;0;0;0;3888;0;0;89;0;80;0;
18258;5782064;1014870016;20713472;1115049984;0;0;0;0;0;0;0;0;0;0;0;3427;0;0;89;0;80;0;
18259;4796134;1014870016;20713472;1115049984;0;0;0;0;0;0;0;0;0;0;0;2675;0;0;89;0;80;0;
18260;4152056;1014870016;20713472;1115049984;0;0;0;0;0;0;0;0;0;0;0;4319;0;0;89;0;80;0;
18261;5759381;1014870016;20713472;1115049984;0;0;0;0;0;0;0;0;0;0;0;3507;0;0;89;0;80;0;
18262;5261818;1014870016;20713472;1115049984;0;0;0;0;0;0;0;0;0;0;0;3877;0;0;89;0;80;0;
18263;5807732;1014870016;20713472;1115049984;0;0;0;0;0;0;0;0;0;0;0;3066;0;0;89;0;80;0;
18264;5017379;1014870016;20713472;1115049984;0;0;0;0;0;0;0;0;0;0;0;4067;0;0;89;0;80;0;
18265;5231341;1014870016;20713472;1115049984;0;0;0;0;0;0;0;0;0;0;0;2775;0;0;89;0;80;0;
18266;6462490;1014870016;20713472;1115049984;0;0;0;0;0;0;0;0;0;0;0;3737;0;0;89;0;80;0;
18267;6503056;1014870016;20713472;1115049984;0;0;0;0;0;0;0;0;0;0;0;3206;0;0;89;0;80;0;
18268;7640719;1014870016;20713472;1115049984;0;0;0;0;0;0;0;0;0;0;0;4949;0;0;89;0;80;0;
18269;6852250;1014870016;20713472;1115049984;0;0;0;0;0;0;0;0;0;0;0;4578;0;0;89;0;80;0;
18270;6209716;1014870016;20713472;1115049984;0;0;0;0;0;0;0;0;0;0;0;3717;0;0;89;0;80;0;
18271;5608157;1014870016;20713472;1115049984;0;0;0;0;0;0;0;0;0;0;0;3327;0;0;89;0;80;0;
18272;8259520;1014870016;20713472;1115049984;0;0;0;0;0;0;0;0;0;0;0;3897;0;0;89;0;80;0;
18273;5285793;1014870016;20713472;1115049984;0;0;0;0;0;0;0;0;0;0;0;3106;0;0;89;0;80;0;
18274;5575015;1014870016;20713472;1115049984;0;0;0;0;0;0;0;0;0;0;0;4749;0;0;89;0;80;0;
18275;6331584;1014870016;20713472;1115049984;0;0;0;0;0;0;0;0;0;0;0;3507;0;0;89;0;80;0;
18276;4349126;1014870016;20713472;1115049984;0;0;0;0;0;0;0;0;0;0;0;4588;0;0;89;0;80;0;
18277;6092426;1014870016;20713472;1115049984;0;0;0;0;0;0;0;0;0;0;0;3256;0;0;89;0;80;0;
18278;4761129;1014870016;20713472;1115049984;0;0;0;0;0;0;0;0;0;0;0;4008;0;0;89;0;80;0;
18279;5009164;1014870016;20713472;1115049984;0;0;0;0;0;0;0;0;0;0;0;2986;0;0;89;0;80;0;
18280;7024634;1014870016;20713472;1115049984;0;0;0;0;0;0;0;0;0;0;0;3878;0;0;89;0;80;0;
18281;6495602;1014870016;20713472;1115049984;0;0;0;0;0;0;0;0;0;0;0;3937;0;0;89;0;80;0;
18282;5377535;1014870016;20713472;1115049984;0;0;0;0;0;0;0;0;0;0;0;3797;0;0;89;0;80;0;
18283;5672047;1014870016;20713472;1115049984;0;0;0;0;0;0;0;0;0;0;0;2836;0;0;89;0;80;0;
18284;8230135;1014870016;20713472;1115049984;0;0;0;0;0;0;0;0;0;0;0;4198;0;0;89;0;80;0;
18285;5447135;1014870016;20713472;1115049984;0;0;0;0;0;0;0;0;0;0;0;3867;0;0;89;0;80;0;
18286;4556065;1014870016;20713472;1115049984;0;0;0;0;0;0;0;0;0;0;0;4228;0;0;89;0;80;0;
18287;7512749;1014870016;20713472;1115049984;0;0;0;0;0;0;0;0;0;0;0;3367;0;0;89;0;80;0;
18288;4256263;1014870016;20713472;1115049984;0;0;0;0;0;0;0;0;0;0;0;4288;0;0;89;0;80;0;
18289;6398069;1014870016;20713472;1115049984;0;0;0;0;0;0;0;0;0;0;0;3287;0;0;89;0;80;0;
18290;6308771;1014870016;20713472;1115049984;0;0;0;0;0;0;0;0;0;0;0;4769;0;0;89;0;80;0;
18291;5244586;1014870016;20713472;1115049984;0;0;0;0;0;0;0;0;0;0;0;3587;0;0;89;0;80;0;
18292;7397093;1014870016;20713472;1115049984;0;0;0;0;0;0;0;0;0;0;0;4078;0;0;89;0;80;0;
18293;7844161;1014870016;20713472;1115049984;0;0;0;0;0;0;0;0;0;0;0;4068;0;0;89;0;80;0;
18294;6380526;1014870016;20713472;1115049984;0;0;0;0;0;0;0;0;0;0;0;4539;0;0;89;0;80;0;
18295;7922358;1014870016;20713472;1115049984;0;0;0;0;0;0;0;0;0;0;0;4047;0;0;89;0;80;0;
18296;5681926;1014870016;20713472;1115049984;0;0;0;0;0;0;0;0;0;0;0;5159;0;0;89;0;80;0;
18297;8961536;1014870016;20713472;1115049984;0;0;0;0;0;0;0;0;0;0;0;4669;0;0;89;0;80;0;
18298;6288222;1014870016;20713472;1115049984;0;0;0;0;0;0;0;0;0;0;0;4278;0;0;89;0;80;0;
18299;7440474;1014870016;20713472;1115049984;0;0;0;0;0;0;0;0;0;0;0;4619;0;0;89;0;80;0;
18300;4402367;1014870016;20713472;1115049984;0;0;0;0;0;0;0;0;0;0;0;3667;0;0;89;0;80;0;
18301;6093819;1014870016;20713472;1115049984;0;0;0;0;0;0;0;0;0;0;0;4117;0;0;89;0;80;0;
18302;5900316;1014870016;20713472;1115049984;0;0;0;0;0;0;0;0;0;0;0;3446;0;0;89;0;80;0;
18303;8159091;1014870016;20713472;1115049984;0;0;0;0;0;0;0;0;0;0;0;4519;0;0;89;0;80;0;
18304;5182479;1014870016;20713472;1115049984;0;0;0;0;0;0;0;0;0;0;0;3857;0;0;89;0;80;0;
18305;7682387;1014870016;20713472;1115049984;0;0;0;0;0;0;0;0;0;0;0;3908;0;0;89;0;80;0;
18306;4444094;1014870016;20713472;1115049984;0;0;0;0;0;0;0;0;0;0;0;4068;0;0;89;0;80;0;
18307;7000539;1014870016;20713472;1115049984;0;0;0;0;0;0;0;0;0;0;0;3607;0;0;89;0;80;0;
18308;5241529;1014870016;20713472;1115049984;0;0;0;0;0;0;0;0;0;0;0;3767;0;0;89;0;80;0;
18309;7455452;1014870016;20713472;1115049984;0;0;0;0;0;0;0;0;0;0;0;4158;0;0;89;0;80;0;
18310;5736518;1014870016;20713472;1115049984;0;0;0;0;0;0;0;0;0;0;0;4429;0;0;89;0;80;0;
18311;7026538;1014870016;20713472;1115049984;0;0;0;0;0;0;0;0;0;0;0;4078;0;0;89;0;80;0;
18312;6657475;1014870016;20713472;1115049984;0;0;0;0;0;0;0;0;0;0;0;4689;0;0;89;0;80;0;
18313;7034372;1014870016;20721664;1115058176;0;0;0;0;0;0;0;0;0;0;0;4138;0;0;89;0;80;0;
18314;6729731;1014870016;20721664;1115058176;0;0;0;0;0;0;0;0;0;0;0;4138;0;0;89;0;80;0;
18315;5660365;1014870016;20721664;1115058176;0;0;0;0;0;0;0;0;0;0;0;3496;0;0;89;0;80;0;
18316;4801715;1014870016;20721664;1115058176;0;0;0;0;0;0;0;0;0;0;0;3987;0;0;89;0;80;0;
18317;6718560;1014870016;20721664;1115058176;0;0;0;0;0;0;0;0;0;0;0;3076;0;0;89;0;80;0;
18318;5810397;1014870016;20721664;1115058176;0;0;0;0;0;0;0;0;0;0;0;45104;0;0;89;0;80;0;
18319;6358194;1014870016;20721664;1115058176;0;0;0;0;0;0;0;0;0;0;0;3456;0;0;89;0;80;0;
18320;6494510;1014902784;20713472;1115049984;0;0;0;0;0;0;0;0;0;0;0;4369;0;0;89;0;80;0;
18321;7816018;1014902784;20713472;1115049984;0;0;0;0;0;0;0;0;0;0;0;4057;0;0;89;0;80;0;
18322;7165768;1014902784;20713472;1115049984;0;0;0;0;0;0;0;0;0;0;0;2936;0;0;89;0;80;0;
18323;5735897;1014902784;20713472;1115049984;0;0;0;0;0;0;0;0;0;0;0;2064;0;0;89;0;80;0;
18324;2662052;1014902784;20713472;1115049984;0;0;0;0;0;0;0;0;0;0;0;2244;0;0;89;0;80;0;
18325;4378020;1014902784;20713472;1115049984;0;0;0;0;0;0;0;0;0;0;0;1764;0;0;89;0;80;0;
18326;3759791;1014902784;20713472;1115049984;0;0;0;0;0;0;0;0;0;0;0;2184;0;0;89;0;80;0;
18327;5488462;1014902784;20713472;1115049984;0;0;0;0;0;0;0;0;0;0;0;1703;0;0;89;0;80;0;
18328;3273980;1014902784;20713472;1115049984;0;0;0;0;0;0;0;0;0;0;0;1824;0;0;89;0;80;0;
18329;5300981;1014902784;20713472;1115049984;0;0;0;0;0;0;0;0;0;0;0;2275;0;0;89;0;80;0;
18330;3455530;1014902784;20713472;1115049984;0;0;0;0;0;0;0;0;0;0;0;3677;0;0;89;0;80;0;
18331;4920377;1014902784;20713472;1115049984;0;0;0;0;0;0;0;0;0;0;0;2434;0;0;89;0;80;0;
18332;4188755;1014902784;20713472;1115049984;0;0;0;0;0;0;0;0;0;0;0;3377;0;0;89;0;80;0;
18333;4584598;1014902784;20713472;1115049984;0;0;0;0;0;0;0;0;0;0;0;2124;0;0;89;0;80;0;
18334;4905630;1014902784;20713472;1115049984;0;0;0;0;0;0;0;0;0;0;0;3336;0;0;89;0;80;0;
18335;6099478;1014902784;20713472;1115049984;0;0;0;0;0;0;0;0;0;0;0;2675;0;0;89;0;80;0;
18336;4309001;1014902784;20713472;1115049984;0;0;0;0;0;0;0;0;0;0;0;3597;0;0;89;0;80;0;
18337;7364562;1014902784;20713472;1115049984;0;0;0;0;0;0;0;0;0;0;0;3447;0;0;89;0;80;0;
18338;3410666;1014902784;20713472;1115049984;0;0;0;0;0;0;0;0;0;0;0;3477;0;0;89;0;80;0;
18339;5504723;1014902784;20713472;1115049984;0;0;0;0;0;0;0;0;0;0;0;2524;0;0;89;0;80;0;
18340;3658922;1014902784;20713472;1115049984;0;0;0;0;0;0;0;0;0;0;0;3246;0;0;89;0;80;0;
18341;5696143;1014902784;20713472;1115049984;0;0;0;0;0;0;0;0;0;0;0;3006;0;0;89;0;80;0;
18342;3342008;1014902784;20713472;1115049984;0;0;0;0;0;0;0;0;0;0;0;3026;0;0;89;0;80;0;
18343;5095547;1014902784;20713472;1115049984;0;0;0;0;0;0;0;0;0;0;0;4488;0;0;89;0;80;0;
18344;3504623;1014902784;20713472;1115049984;0;0;0;0;0;0;0;0;0;0;0;3016;0;0;89;0;80;0;
18345;7536804;1014902784;20713472;1115049984;0;0;0;0;0;0;0;0;0;0;0;3086;0;0;89;0;80;0;
18346;3914281;1014902784;20713472;1115049984;0;0;0;0;0;0;0;0;0;0;0;2795;0;0;89;0;80;0;
18347;5209349;1014902784;20713472;1115049984;0;0;0;0;0;0;0;0;0;0;0;2345;0;0;89;0;80;0;
18348;3808392;1014902784;20713472;1115049984;0;0;0;0;0;0;0;0;0;0;0;2776;0;0;89;0;80;0;
18349;4639551;1014902784;20713472;1115049984;0;0;0;0;0;0;0;0;0;0;0;1663;0;0;89;0;80;0;
18350;4090191;1014902784;20713472;1115049984;0;0;0;0;0;0;0;0;0;0;0;2544;0;0;89;0;80;0;
18351;4861107;1014902784;20713472;1115049984;0;0;0;0;0;0;0;0;0;0;0;1784;0;0;89;0;80;0;
18352;4234802;1014902784;20713472;1115049984;0;0;0;0;0;0;0;0;0;0;0;3296;0;0;89;0;80;0;
18353;5078484;1014902784;20713472;1115049984;0;0;0;0;0;0;0;0;0;0;0;3016;0;0;89;0;80;0;
18354;3586496;1014902784;20713472;1115049984;0;0;0;0;0;0;0;0;0;0;0;3576;0;0;89;0;80;0;
18355;5650918;1014902784;20713472;1115049984;0;0;0;0;0;0;0;0;0;0;0;2775;0;0;89;0;80;0;
18356;4119385;1014902784;20713472;1115049984;0;0;0;0;0;0;0;0;0;0;0;2765;0;0;89;0;80;0;
18357;5020185;1014902784;20713472;1115049984;0;0;0;0;0;0;0;0;0;0;0;1743;0;0;89;0;80;0;
18358;2270609;1014902784;20713472;1115049984;0;0;0;0;0;0;0;0;0;0;0;2294;0;0;89;0;80;0;
18359;9184715;1014902784;20713472;1115049984;0;0;0;0;0;0;0;0;0;0;0;1713;0;0;89;0;80;0;
18360;6532341;1014902784;20713472;1115049984;0;0;0;0;0;0;0;0;0;0;0;1984;0;0;89;0;80;0;
18361;5794827;1014902784;20713472;1115049984;0;0;0;0;0;0;0;0;0;0;0;1623;0;0;89;0;80;0;
18362;5181367;1014902784;20713472;1115049984;0;0;0;0;0;0;0;0;0;0;0;3597;0;0;89;0;80;0;
18363;5254505;1014902784;20713472;1115049984;0;0;0;0;0;0;0;0;0;0;0;3316;0;0;89;0;80;0;
18364;5398505;1014902784;20713472;1115049984;0;0;0;0;0;0;0;0;0;0;0;3927;0;0;89;0;80;0;
18365;5531945;1014902784;20713472;1115049984;0;0;0;0;0;0;0;0;0;0;0;2585;0;0;89;0;80;0;
18366;4543451;1014902784;20713472;1115049984;0;0;0;0;0;0;0;0;0;0;0;2495;0;0;89;0;80;0;
18367;5842186;1014902784;20713472;1115049984;0;0;0;0;0;0;0;0;0;0;0;2695;0;0;89;0;80;0;
18368;3666255;1014902784;20713472;1115049984;0;0;0;0;0;0;0;0;0;0;0;2805;0;0;89;0;80;0;
18369;4726745;1014902784;20713472;1115049984;0;0;0;0;0;0;0;0;0;0;0;1974;0;0;89;0;80;0;
18370;3085657;1014902784;20713472;1115049984;0;0;0;0;0;0;0;0;0;0;0;2555;0;0;89;0;80;0;
18371;5256497;1014902784;20713472;1115049984;0;0;0;0;0;0;0;0;0;0;0;2134;0;0;89;0;80;0;
18372;5191577;1014902784;20713472;1115049984;0;0;0;0;0;0;0;0;0;0;0;3055;0;0;89;0;80;0;
18373;5177790;1014902784;20713472;1115049984;0;0;0;0;0;0;0;0;0;0;0;2104;0;0;89;0;80;0;
18374;3501627;1014902784;20713472;1115049984;0;0;0;0;0;0;0;0;0;0;0;3266;0;0;89;0;80;0;
18375;5092720;1014902784;20713472;1115049984;0;0;0;0;0;0;0;0;0;0;0;2144;0;0;89;0;80;0;
18376;3540169;1014902784;20713472;1115049984;0;0;0;0;0;0;0;0;0;0;0;2775;0;0;89;0;80;0;
18377;4486093;1014902784;20713472;1115049984;0;0;0;0;0;0;0;0;0;0;0;2204;0;0;89;0;80;0;
18378;4512362;1014902784;20713472;1115049984;0;0;0;0;0;0;0;0;0;0;0;2966;0;0;89;0;80;0;
18379;6124356;1014902784;20713472;1115049984;0;0;0;0;0;0;0;0;0;0;0;2154;0;0;89;0;80;0;
18380;3730726;1014902784;20713472;1115049984;0;0;0;0;0;0;0;0;0;0;0;2816;0;0;89;0;80;0;
18381;6012967;1014902784;20713472;1115049984;0;0;0;0;0;0;0;0;0;0;0;2054;0;0;89;0;80;0;
18382;3525201;1014902784;20713472;1115049984;0;0;0;0;0;0;0;0;0;0;0;2104;0;0;89;0;80;0;
18383;5437998;1014902784;20713472;1115049984;0;0;0;0;0;0;0;0;0;0;0;1994;0;0;89;0;80;0;
18384;3398614;1014902784;20713472;1115049984;0;0;0;0;0;0;0;0;0;0;0;2304;0;0;89;0;80;0;
18385;5957031;1014902784;20713472;1115049984;0;0;0;0;0;0;0;0;0;0;0;2215;0;0;89;0;80;0;
18386;4352473;1014902784;20713472;1115049984;0;0;0;0;0;0;0;0;0;0;0;2405;0;0;89;0;80;0;
18387;5496298;1014902784;20713472;1115049984;0;0;0;0;0;0;0;0;0;0;0;2244;0;0;89;0;80;0;
18388;4010942;1014902784;20713472;1115049984;0;0;0;0;0;0;0;0;0;0;0;2685;0;0;89;0;80;0;
18389;6037392;1014902784;20713472;1115049984;0;0;0;0;0;0;0;0;0;0;0;2334;0;0;89;0;80;0;
18390;3108008;1014902784;20713472;1115049984;0;0;0;0;0;0;0;0;0;0;0;2595;0;0;89;0;80;0;
18391;5692846;1014902784;20713472;1115049984;0;0;0;0;0;0;0;0;0;0;0;2705;0;0;89;0;80;0;
18392;3103170;1014902784;20713472;1115049984;0;0;0;0;0;0;0;0;0;0;0;2434;0;0;89;0;80;0;
18393;4526940;1014902784;20713472;1115049984;0;0;0;0;0;0;0;0;0;0;0;1884;0;0;89;0;80;0;
18394;3064747;1014902784;20713472;1115049984;0;0;0;0;0;0;0;0;0;0;0;2455;0;0;89;0;80;0;
18395;5148034;1014902784;20713472;1115049984;0;0;0;0;0;0;0;0;0;0;0;2114;0;0;89;0;80;0;
18396;3033719;1014902784;20713472;1115049984;0;0;0;0;0;0;0;0;0;0;0;2295;0;0;89;0;80;0;
18397;4875623;1014902784;20713472;1115049984;0;0;0;0;0;0;0;0;0;0;0;2134;0;0;89;0;80;0;
18398;3188950;1014902784;20713472;1115049984;0;0;0;0;0;0;0;0;0;0;0;2465;0;0;89;0;80;0;
18399;5349863;1014902784;20713472;1115049984;0;0;0;0;0;0;0;0;0;0;0;1993;0;0;89;0;80;0;
18400;4661051;1014902784;20713472;1115049984;0;0;0;0;0;0;0;0;0;0;0;2384;0;0;89;0;80;0;
18401;5133237;1014902784;20713472;1115049984;0;0;0;0;0;0;0;0;0;0;0;2475;0;0;89;0;80;0;
18402;3545559;1014902784;20713472;1115049984;0;0;0;0;0;0;0;0;0;0;0;2495;0;0;89;0;80;0;
18403;6428225;1014902784;20713472;1115049984;0;0;0;0;0;0;0;0;0;0;0;2374;0;0;89;0;80;0;
18404;4346140;1014902784;20713472;1115049984;0;0;0;0;0;0;0;0;0;0;0;2554;0;0;89;0;80;0;
18405;6410983;1014902784;20713472;1115049984;0;0;0;0;0;0;0;0;0;0;0;2445;0;0;89;0;80;0;
18406;3745064;1014902784;20713472;1115049984;0;0;0;0;0;0;0;0;0;0;0;2575;0;0;89;0;80;0;
18407;5969064;1014902784;20713472;1115049984;0;0;0;0;0;0;0;0;0;0;0;2044;0;0;89;0;80;0;
18408;3204680;1014902784;20713472;1115049984;0;0;0;0;0;0;0;0;0;0;0;2545;0;0;89;0;80;0;
18409;4574338;1014902784;20713472;1115049984;0;0;0;0;0;0;0;0;0;0;0;1924;0;0;89;0;80;0;
18410;3215129;1014902784;20713472;1115049984;0;0;0;0;0;0;0;0;0;0;0;2214;0;0;89;0;80;0;
18411;6408197;1014902784;20713472;1115049984;0;0;0;0;0;0;0;0;0;0;0;2184;0;0;89;0;80;0;
18412;4510229;1014902784;20713472;1115049984;0;0;0;0;0;0;0;0;0;0;0;2976;0;0;89;0;80;0;
18413;5502660;1014902784;20713472;1115049984;0;0;0;0;0;0;0;0;0;0;0;2455;0;0;89;0;80;0;
18414;4686269;1014902784;20713472;1115049984;0;0;0;0;0;0;0;0;0;0;0;2575;0;0;89;0;80;0;
18415;5790830;1014902784;20721664;1115058176;0;0;0;0;0;0;0;0;0;0;0;3036;0;0;89;0;80;0;
18416;3666696;1014902784;20721664;1115058176;0;0;0;0;0;0;0;0;0;0;0;2554;0;0;89;0;80;0;
18417;6018547;1014902784;20721664;1115058176;0;0;0;0;0;0;0;0;0;0;0;2545;0;0;89;0;80;0;
18418;4221327;1014902784;20721664;1115058176;0;0;0;0;0;0;0;0;0;0;0;2986;0;0;89;0;80;0;
18419;5182309;1014902784;20721664;1115058176;0;0;0;0;0;0;0;0;0;0;0;2565;0;0;89;0;80;0;
18420;3975886;1014902784;20721664;1115058176;0;0;0;0;0;0;0;0;0;0;0;3587;0;0;89;0;80;0;
18421;7017030;1014902784;20721664;1115058176;0;0;0;0;0;0;0;0;0;0;0;2265;0;0;89;0;80;0;
18422;3592457;1014943744;20713472;1115049984;0;0;0;0;0;0;0;0;0;0;0;3115;0;0;89;0;80;0;
18423;5944298;1014943744;20713472;1115049984;0;0;0;0;0;0;0;0;0;0;0;2645;0;0;89;0;80;0;
18424;4138472;1014943744;20713472;1115049984;0;0;0;0;0;0;0;0;0;0;0;4147;0;0;89;0;80;0;
18425;5942104;1014943744;20713472;1115049984;0;0;0;0;0;0;0;0;0;0;0;3156;0;0;89;0;80;0;
18426;4306416;1014943744;20713472;1115049984;0;0;0;0;0;0;0;0;0;0;0;4148;0;0;89;0;80;0;
18427;6322657;1014943744;20713472;1115049984;0;0;0;0;0;0;0;0;0;0;0;2375;0;0;89;0;80;0;
18428;3498101;1014943744;20713472;1115049984;0;0;0;0;0;0;0;0;0;0;0;3476;0;0;89;0;80;0;
18429;5422379;1014943744;20713472;1115049984;0;0;0;0;0;0;0;0;0;0;0;3026;0;0;89;0;80;0;
18430;4766288;1014943744;20713472;1115049984;0;0;0;0;0;0;0;0;0;0;0;2966;0;0;89;0;80;0;
18431;5829923;1014943744;20713472;1115049984;0;0;0;0;0;0;0;0;0;0;0;2395;0;0;89;0;80;0;
18432;4129665;1014943744;20713472;1115049984;0;0;0;0;0;0;0;0;0;0;0;3547;0;0;89;0;80;0;
18433;5962673;1014943744;20713472;1115049984;0;0;0;0;0;0;0;0;0;0;0;2715;0;0;89;0;80;0;
18434;4520899;1014943744;20713472;1115049984;0;0;0;0;0;0;0;0;0;0;0;3346;0;0;89;0;80;0;
18435;6454294;1014943744;20713472;1115049984;0;0;0;0;0;0;0;0;0;0;0;2635;0;0;89;0;80;0;
18436;4610276;1014943744;20713472;1115049984;0;0;0;0;0;0;0;0;0;0;0;3447;0;0;89;0;80;0;
18437;6074081;1014943744;20713472;1115049984;0;0;0;0;0;0;0;0;0;0;0;2966;0;0;89;0;80;0;
18438;3889364;1014943744;20713472;1115049984;0;0;0;0;0;0;0;0;0;0;0;2816;0;0;89;0;80;0;
18439;6105911;1014943744;20713472;1115049984;0;0;0;0;0;0;0;0;0;0;0;2545;0;0;89;0;80;0;
18440;5083383;1014943744;20713472;1115049984;0;0;0;0;0;0;0;0;0;0;0;3436;0;0;89;0;80;0;
18441;4990288;1014943744;20713472;1115049984;0;0;0;0;0;0;0;0;0;0;0;3046;0;0;89;0;80;0;
18442;4863380;1014943744;20713472;1115049984;0;0;0;0;0;0;0;0;0;0;0;3677;0;0;89;0;80;0;
18443;4834487;1014943744;20713472;1115049984;0;0;0;0;0;0;0;0;0;0;0;2474;0;0;89;0;80;0;
18444;5157282;1014943744;20713472;1115049984;0;0;0;0;0;0;0;0;0;0;0;3106;0;0;89;0;80;0;
18445;5756847;1014943744;20713472;1115049984;0;0;0;0;0;0;0;0;0;0;0;112731;0;0;89;0;80;0;
18446;5100696;1014943744;20713472;1115049984;0;0;0;0;0;0;0;0;0;0;0;2875;0;0;89;0;80;0;
18447;5208718;1014943744;20713472;1115049984;0;0;0;0;0;0;0;0;0;0;0;2545;0;0;89;0;80;0;
18448;3045472;1014943744;20713472;1115049984;0;0;0;0;0;0;0;0;0;0;0;3136;0;0;89;0;80;0;
18449;5110874;1014943744;20713472;1115049984;0;0;0;0;0;0;0;0;0;0;0;2455;0;0;89;0;80;0;
18450;4576863;1014943744;20713472;1115049984;0;0;0;0;0;0;0;0;0;0;0;2875;0;0;89;0;80;0;
18451;5030424;1014943744;20713472;1115049984;0;0;0;0;0;0;0;0;0;0;0;2696;0;0;89;0;80;0;
18452;3896267;1014943744;20713472;1115049984;0;0;0;0;0;0;0;0;0;0;0;2514;0;0;89;0;80;0;
18453;5368147;1014943744;20713472;1115049984;0;0;0;0;0;0;0;0;0;0;0;2404;0;0;89;0;80;0;
18454;3660375;1014943744;20713472;1115049984;0;0;0;0;0;0;0;0;0;0;0;3216;0;0;89;0;80;0;
18455;4904718;1014943744;20713472;1115049984;0;0;0;0;0;0;0;0;0;0;0;2084;0;0;89;0;80;0;
18456;4566624;1014943744;20713472;1115049984;0;0;0;0;0;0;0;0;0;0;0;3186;0;0;89;0;80;0;
18457;5570456;1014943744;20713472;1115049984;0;0;0;0;0;0;0;0;0;0;0;2164;0;0;89;0;80;0;
18458;5255717;1014943744;20713472;1115049984;0;0;0;0;0;0;0;0;0;0;0;2665;0;0;89;0;80;0;
18459;5435504;1014943744;20713472;1115049984;0;0;0;0;0;0;0;0;0;0;0;2294;0;0;89;0;80;0;
18460;4787298;1014943744;20713472;1115049984;0;0;0;0;0;0;0;0;0;0;0;2775;0;0;89;0;80;0;
18461;6139013;1014943744;20713472;1115049984;0;0;0;0;0;0;0;0;0;0;0;2425;0;0;89;0;80;0;
18462;3355683;1014943744;20713472;1115049984;0;0;0;0;0;0;0;0;0;0;0;2735;0;0;89;0;80;0;
18463;5820225;1014943744;20713472;1115049984;0;0;0;0;0;0;0;0;0;0;0;2294;0;0;89;0;80;0;
18464;3617945;1014943744;20713472;1115049984;0;0;0;0;0;0;0;0;0;0;0;3216;0;0;89;0;80;0;
18465;5063376;1014943744;20713472;1115049984;0;0;0;0;0;0;0;0;0;0;0;2485;0;0;89;0;80;0;
18466;3399556;1014943744;20713472;1115049984;0;0;0;0;0;0;0;0;0;0;0;2916;0;0;89;0;80;0;
18467;6116230;1014943744;20713472;1115049984;0;0;0;0;0;0;0;0;0;0;0;2555;0;0;89;0;80;0;
18468;3556740;1014943744;20713472;1115049984;0;0;0;0;0;0;0;0;0;0;0;3426;0;0;89;0;80;0;
18469;4768303;1014943744;20713472;1115049984;0;0;0;0;0;0;0;0;0;0;0;2294;0;0;89;0;80;0;
18470;3462403;1014943744;20713472;1115049984;0;0;0;0;0;0;0;0;0;0;0;2505;0;0;89;0;80;0;
18471;4410161;1014943744;20713472;1115049984;0;0;0;0;0;0;0;0;0;0;0;2264;0;0;89;0;80;0;
18472;5888824;1014943744;20713472;1115049984;0;0;0;0;0;0;0;0;0;0;0;3046;0;0;89;0;80;0;
18473;5403694;1014943744;20713472;1115049984;0;0;0;0;0;0;0;0;0;0;0;2926;0;0;89;0;80;0;
18474;3692635;1014943744;20713472;1115049984;0;0;0;0;0;0;0;0;0;0;0;3426;0;0;89;0;80;0;
18475;4575431;1014943744;20713472;1115049984;0;0;0;0;0;0;0;0;0;0;0;2064;0;0;89;0;80;0;
18476;3916154;1014943744;20713472;1115049984;0;0;0;0;0;0;0;0;0;0;0;2665;0;0;89;0;80;0;
18477;5130822;1014943744;20713472;1115049984;0;0;0;0;0;0;0;0;0;0;0;2795;0;0;89;0;80;0;
18478;3785680;1014943744;20713472;1115049984;0;0;0;0;0;0;0;0;0;0;0;2715;0;0;89;0;80;0;
18479;4760327;1014943744;20713472;1115049984;0;0;0;0;0;0;0;0;0;0;0;1933;0;0;89;0;80;0;
18480;3200452;1014943744;20713472;1115049984;0;0;0;0;0;0;0;0;0;0;0;2956;0;0;89;0;80;0;
18481;4807656;1014943744;20713472;1115049984;0;0;0;0;0;0;0;0;0;0;0;2204;0;0;89;0;80;0;
18482;4394962;1014943744;20713472;1115049984;0;0;0;0;0;0;0;0;0;0;0;2946;0;0;89;0;80;0;
18483;5471010;1014943744;20713472;1115049984;0;0;0;0;0;0;0;0;0;0;0;2595;0;0;89;0;80;0;
18484;4880012;1014943744;20713472;1115049984;0;0;0;0;0;0;0;0;0;0;0;3677;0;0;89;0;80;0;
18485;5265755;1014943744;20713472;1115049984;0;0;0;0;0;0;0;0;0;0;0;2435;0;0;89;0;80;0;
18486;4317747;1014943744;20713472;1115049984;0;0;0;0;0;0;0;0;0;0;0;2655;0;0;89;0;80;0;
18487;5053447;1014943744;20713472;1115049984;0;0;0;0;0;0;0;0;0;0;0;2204;0;0;89;0;80;0;
18488;3342649;1014943744;20713472;1115049984;0;0;0;0;0;0;0;0;0;0;0;2524;0;0;89;0;80;0;
18489;4653127;1014943744;20713472;1115049984;0;0;0;0;0;0;0;0;0;0;0;2305;0;0;89;0;80;0;
18490;3092520;1014943744;20713472;1115049984;0;0;0;0;0;0;0;0;0;0;0;2825;0;0;89;0;80;0;
18491;4829287;1014943744;20713472;1115049984;0;0;0;0;0;0;0;0;0;0;0;2304;0;0;89;0;80;0;
18492;2902543;1014943744;20713472;1115049984;0;0;0;0;0;0;0;0;0;0;0;2434;0;0;89;0;80;0;
18493;4788771;1014943744;20713472;1115049984;0;0;0;0;0;0;0;0;0;0;0;2104;0;0;89;0;80;0;
18494;2664186;1014943744;20713472;1115049984;0;0;0;0;0;0;0;0;0;0;0;3106;0;0;89;0;80;0;
18495;4749276;1014943744;20713472;1115049984;0;0;0;0;0;0;0;0;0;0;0;2455;0;0;89;0;80;0;
18496;3892590;1014943744;20713472;1115049984;0;0;0;0;0;0;0;0;0;0;0;3036;0;0;89;0;80;0;
18497;5197146;1014943744;20713472;1115049984;0;0;0;0;0;0;0;0;0;0;0;2735;0;0;89;0;80;0;
18498;3215741;1014943744;20713472;1115049984;0;0;0;0;0;0;0;0;0;0;0;2786;0;0;89;0;80;0;
18499;5336098;1014943744;20713472;1115049984;0;0;0;0;0;0;0;0;0;0;0;2735;0;0;89;0;80;0;
18500;4152848;1014943744;20713472;1115049984;0;0;0;0;0;0;0;0;0;0;0;3737;0;0;89;0;80;0;
18501;4762622;1014943744;20713472;1115049984;0;0;0;0;0;0;0;0;0;0;0;2485;0;0;89;0;80;0;
18502;4067738;1014943744;20713472;1115049984;0;0;0;0;0;0;0;0;0;0;0;3497;0;0;89;0;80;0;
18503;5056302;1014943744;20713472;1115049984;0;0;0;0;0;0;0;0;0;0;0;2635;0;0;89;0;80;0;
18504;4211217;1014943744;20713472;1115049984;0;0;0;0;0;0;0;0;0;0;0;3497;0;0;89;0;80;0;
18505;4970691;1014943744;20713472;1115049984;0;0;0;0;0;0;0;0;0;0;0;2745;0;0;89;0;80;0;
18506;4172005;1014943744;20713472;1115049984;0;0;0;0;0;0;0;0;0;0;0;4097;0;0;89;0;80;0;
18507;4718189;1014943744;20713472;1115049984;0;0;0;0;0;0;0;0;0;0;0;2675;0;0;89;0;80;0;
18508;2837812;1014943744;20713472;1115049984;0;0;0;0;0;0;0;0;0;0;0;3577;0;0;89;0;80;0;
18509;5087230;1014943744;20713472;1115049984;0;0;0;0;0;0;0;0;0;0;0;2655;0;0;89;0;80;0;
18510;4699794;1014943744;20713472;1115049984;0;0;0;0;0;0;0;0;0;0;0;3346;0;0;89;0;80;0;
18511;4783370;1014943744;20713472;1115049984;0;0;0;0;0;0;0;0;0;0;0;2925;0;0;89;0;80;0;
18512;3691854;1014943744;20713472;1115049984;0;0;0;0;0;0;0;0;0;0;0;3416;0;0;89;0;80;0;
18513;4924725;1014943744;20713472;1115049984;0;0;0;0;0;0;0;0;0;0;0;2505;0;0;89;0;80;0;
18514;3481299;1014943744;20713472;1115049984;0;0;0;0;0;0;0;0;0;0;0;3406;0;0;89;0;80;0;
18515;4742424;1014943744;20713472;1115049984;0;0;0;0;0;0;0;0;0;0;0;1903;0;0;89;0;80;0;
18516;2877857;1014943744;20713472;1115049984;0;0;0;0;0;0;0;0;0;0;0;3065;0;0;89;0;80;0;
18517;5889124;1014943744;20713472;1115049984;0;0;0;0;0;0;0;0;0;0;0;2124;0;0;89;0;80;0;
18518;2785654;1014943744;20713472;1115049984;0;0;0;0;0;0;0;0;0;0;0;2986;0;0;89;0;80;0;
18519;5231982;1014943744;20713472;1115049984;0;0;0;0;0;0;0;0;0;0;0;1873;0;0;89;0;80;0;
18520;3778096;1014943744;20713472;1115049984;0;0;0;0;0;0;0;0;0;0;0;3477;0;0;89;0;80;0;
18521;5028090;1014943744;20713472;1115049984;0;0;0;0;0;0;0;0;0;0;0;2785;0;0;89;0;80;0;
18522;3966339;1014943744;20713472;1115049984;0;0;0;0;0;0;0;0;0;0;0;2655;0;0;89;0;80;0;
18523;4664728;1014943744;20713472;1115049984;0;0;0;0;0;0;0;0;0;0;0;2254;0;0;89;0;80;0;
18524;2253216;1014943744;20713472;1115049984;0;0;0;0;0;0;0;0;0;0;0;2535;0;0;89;0;80;0;
18525;4764546;1014943744;20713472;1115049984;0;0;0;0;0;0;0;0;0;0;0;1774;0;0;89;0;80;0;
18526;3126995;1014943744;20713472;1115049984;0;0;0;0;0;0;0;0;0;0;0;2535;0;0;89;0;80;0;
18527;4861136;1014943744;20713472;1115049984;0;0;0;0;0;0;0;0;0;0;0;1814;0;0;89;0;80;0;
18528;2885952;1014943744;20713472;1115049984;0;0;0;0;0;0;0;0;0;0;0;2565;0;0;89;0;80;0;
18529;4916060;1014943744;20713472;1115049984;0;0;0;0;0;0;0;0;0;0;0;1843;0;0;89;0;80;0;
18530;2797156;1014943744;20713472;1115049984;0;0;0;0;0;0;0;0;0;0;0;3216;0;0;89;0;80;0;
18531;4789432;1014943744;20713472;1115049984;0;0;0;0;0;0;0;0;0;0;0;2725;0;0;89;0;80;0;
18532;3633865;1014943744;20713472;1115049984;0;0;0;0;0;0;0;0;0;0;0;2745;0;0;89;0;80;0;
18533;4916831;1014943744;20713472;1115049984;0;0;0;0;0;0;0;0;0;0;0;1764;0;0;89;0;80;0;
18534;3092459;1014943744;20713472;1115049984;0;0;0;0;0;0;0;0;0;0;0;60003;0;0;89;0;80;0;
18535;4708921;1014943744;20713472;1115049984;0;0;0;0;0;0;0;0;0;0;0;1823;0;0;89;0;80;0;
18536;3738181;1014943744;20713472;1115049984;0;0;0;0;0;0;0;0;0;0;0;3306;0;0;89;0;80;0;
18537;4868080;1014943744;20713472;1115049984;0;0;0;0;0;0;0;0;0;0;0;2545;0;0;89;0;80;0;
18538;3982398;1014943744;20713472;1115049984;0;0;0;0;0;0;0;0;0;0;0;3787;0;0;89;0;80;0;
18539;4818937;1014943744;20713472;1115049984;0;0;0;0;0;0;0;0;0;0;0;2445;0;0;89;0;80;0;
18540;3200181;1014943744;20713472;1115049984;0;0;0;0;0;0;0;0;0;0;0;2795;0;0;89;0;80;0;
18541;4563128;1014943744;20713472;1115049984;0;0;0;0;0;0;0;0;0;0;0;2565;0;0;89;0;80;0;
18542;3118899;1014943744;20713472;1115049984;0;0;0;0;0;0;0;0;0;0;0;2575;0;0;89;0;80;0;
18543;4855967;1014943744;20713472;1115049984;0;0;0;0;0;0;0;0;0;0;0;2305;0;0;89;0;80;0;
18544;3149296;1014943744;20713472;1115049984;0;0;0;0;0;0;0;0;0;0;0;2735;0;0;89;0;80;0;
18545;4379924;1014943744;20713472;1115049984;0;0;0;0;0;0;0;0;0;0;0;1784;0;0;89;0;80;0;
18546;3134899;1014943744;20713472;1115049984;0;0;0;0;0;0;0;0;0;0;0;2114;0;0;89;0;80;0;
18547;5195914;1014943744;20713472;1115049984;0;0;0;0;0;0;0;0;0;0;0;1473;0;0;89;0;80;0;
18548;1943885;1014943744;20713472;1115049984;0;0;0;0;0;0;0;0;0;0;0;1834;0;0;89;0;80;0;
18549;4850637;1014943744;20713472;1115049984;0;0;0;0;0;0;0;0;0;0;0;1643;0;0;89;0;80;0;
18550;1579913;1014943744;20713472;1115049984;0;0;0;0;0;0;0;0;0;0;0;2064;0;0;89;0;80;0;
18551;4742805;1014943744;20713472;1115049984;0;0;0;0;0;0;0;0;0;0;0;1593;0;0;89;0;80;0;
18552;2579929;1014943744;20713472;1115049984;0;0;0;0;0;0;0;0;0;0;0;2044;0;0;89;0;80;0;
18553;4292180;1014943744;20713472;1115049984;0;0;0;0;0;0;0;0;0;0;0;1593;0;0;89;0;80;0;
18554;2543681;1014943744;20713472;1115049984;0;0;0;0;0;0;0;0;0;0;0;2495;0;0;89;0;80;0;
18555;4999065;1014943744;20713472;1115049984;0;0;0;0;0;0;0;0;0;0;0;2174;0;0;89;0;80;0;
18556;2449774;1014943744;20713472;1115049984;0;0;0;0;0;0;0;0;0;0;0;2404;0;0;89;0;80;0;
18557;4756660;1014943744;20713472;1115049984;0;0;0;0;0;0;0;0;0;0;0;2344;0;0;89;0;80;0;
18558;2204685;1014943744;20713472;1115049984;0;0;0;0;0;0;0;0;0;0;0;1753;0;0;89;0;80;0;
18559;4704763;1014943744;20713472;1115049984;0;0;0;0;0;0;0;0;0;0;0;1623;0;0;89;0;80;0;
18560;3563062;1014943744;20713472;1115049984;0;0;0;0;0;0;0;0;0;0;0;2475;0;0;89;0;80;0;
18561;4820661;1014943744;20713472;1115049984;0;0;0;0;0;0;0;0;0;0;0;1492;0;0;89;0;80;0;
18562;2594315;1014943744;20713472;1115049984;0;0;0;0;0;0;0;0;0;0;0;2835;0;0;89;0;80;0;
18563;4947288;1014943744;20713472;1115049984;0;0;0;0;0;0;0;0;0;0;0;2625;0;0;89;0;80;0;
18564;3271195;1014943744;20713472;1115049984;0;0;0;0;0;0;0;0;0;0;0;2715;0;0;89;0;80;0;
18565;4718319;1014943744;20713472;1115049984;0;0;0;0;0;0;0;0;0;0;0;2124;0;0;89;0;80;0;
18566;3537174;1014943744;20713472;1115049984;0;0;0;0;0;0;0;0;0;0;0;2374;0;0;89;0;80;0;
18567;4500550;1014943744;20713472;1115049984;0;0;0;0;0;0;0;0;0;0;0;2024;0;0;89;0;80;0;
18568;4224323;1014943744;20713472;1115049984;0;0;0;0;0;0;0;0;0;0;0;2574;0;0;89;0;80;0;
18569;4647285;1014943744;20713472;1115049984;0;0;0;0;0;0;0;0;0;0;0;2144;0;0;89;0;80;0;
18570;3051583;1014943744;20713472;1115049984;0;0;0;0;0;0;0;0;0;0;0;2945;0;0;89;0;80;0;
18571;5329204;1014943744;20713472;1115049984;0;0;0;0;0;0;0;0;0;0;0;2645;0;0;89;0;80;0;
18572;4392087;1014943744;20713472;1115049984;0;0;0;0;0;0;0;0;0;0;0;2665;0;0;89;0;80;0;
18573;5800528;1014943744;20713472;1115049984;0;0;0;0;0;0;0;0;0;0;0;2295;0;0;89;0;80;0;
18574;2861377;1014943744;20713472;1115049984;0;0;0;0;0;0;0;0;0;0;0;2244;0;0;89;0;80;0;
18575;4861647;1014943744;20713472;1115049984;0;0;0;0;0;0;0;0;0;0;0;2354;0;0;89;0;80;0;
18576;3004414;1014943744;20713472;1115049984;0;0;0;0;0;0;0;0;0;0;0;2825;0;0;89;0;80;0;
18577;5037948;1014943744;20713472;1115049984;0;0;0;0;0;0;0;0;0;0;0;2124;0;0;89;0;80;0;
18578;3763929;1014943744;20713472;1115049984;0;0;0;0;0;0;0;0;0;0;0;2705;0;0;89;0;80;0;
18579;8122042;1014943744;20713472;1115049984;0;0;0;0;0;0;0;0;0;0;0;1834;0;0;89;0;80;0;
18580;10836973;1014943744;20713472;1115049984;0;0;0;0;0;0;0;0;0;0;0;2705;0;0;89;0;80;0;
18581;5610392;1014943744;20713472;1115049984;0;0;0;0;0;0;0;0;0;0;0;2565;0;0;89;0;80;0;
18582;3408803;1014943744;20713472;1115049984;0;0;0;0;0;0;0;0;0;0;0;2144;0;0;89;0;80;0;
18583;6147038;1014943744;20713472;1115049984;0;0;0;0;0;0;0;0;0;0;0;1683;0;0;89;0;80;0;
18584;5012851;1014943744;20713472;1115049984;0;0;0;0;0;0;0;0;0;0;0;3045;0;0;89;0;80;0;
18585;5268711;1014943744;20713472;1115049984;0;0;0;0;0;0;0;0;0;0;0;2365;0;0;89;0;80;0;
18586;2385754;1014943744;20713472;1115049984;0;0;0;0;0;0;0;0;0;0;0;1913;0;0;89;0;80;0;
18587;4650592;1014943744;20713472;1115049984;0;0;0;0;0;0;0;0;0;0;0;1753;0;0;89;0;80;0;
18588;2368782;1014943744;20713472;1115049984;0;0;0;0;0;0;0;0;0;0;0;2054;0;0;89;0;80;0;
18589;5275934;1014943744;20713472;1115049984;0;0;0;0;0;0;0;0;0;0;0;2014;0;0;89;0;80;0;
18590;2594505;1014943744;20713472;1115049984;0;0;0;0;0;0;0;0;0;0;0;2575;0;0;89;0;80;0;
18591;5166649;1014943744;20713472;1115049984;0;0;0;0;0;0;0;0;0;0;0;2355;0;0;89;0;80;0;
18592;2634831;1014943744;20713472;1115049984;0;0;0;0;0;0;0;0;0;0;0;1844;0;0;89;0;80;0;
18593;4707729;1014943744;20713472;1115049984;0;0;0;0;0;0;0;0;0;0;0;1453;0;0;89;0;80;0;
18594;3825273;1014943744;20713472;1115049984;0;0;0;0;0;0;0;0;0;0;0;3166;0;0;89;0;80;0;
18595;5465670;1014943744;20713472;1115049984;0;0;0;0;0;0;0;0;0;0;0;2284;0;0;89;0;80;0;
18596;2517000;1014943744;20713472;1115049984;0;0;0;0;0;0;0;0;0;0;0;2655;0;0;89;0;80;0;
18597;5175817;1014943744;20713472;1115049984;0;0;0;0;0;0;0;0;0;0;0;1714;0;0;89;0;80;0;
18598;2985249;1014943744;20713472;1115049984;0;0;0;0;0;0;0;0;0;0;0;2474;0;0;89;0;80;0;
18599;4808358;1014943744;20713472;1115049984;0;0;0;0;0;0;0;0;0;0;0;1823;0;0;89;0;80;0;
18600;4488708;1014943744;20713472;1115049984;0;0;0;0;0;0;0;0;0;0;0;3306;0;0;89;0;80;0;
18601;5146632;1014943744;20713472;1115049984;0;0;0;0;0;0;0;0;0;0;0;2415;0;0;89;0;80;0;
18602;4416142;1014943744;20713472;1115049984;0;0;0;0;0;0;0;0;0;0;0;2745;0;0;89;0;80;0;
18603;4213782;1014943744;20713472;1115049984;0;0;0;0;0;0;0;0;0;0;0;2154;0;0;89;0;80;0;
18604;3310388;1014943744;20713472;1115049984;0;0;0;0;0;0;0;0;0;0;0;2355;0;0;89;0;80;0;
18605;4886314;1014943744;20713472;1115049984;0;0;0;0;0;0;0;0;0;0;0;1824;0;0;89;0;80;0;
18606;2174728;1014943744;20713472;1115049984;0;0;0;0;0;0;0;0;0;0;0;2434;0;0;89;0;80;0;
18607;4971233;1014943744;20713472;1115049984;0;0;0;0;0;0;0;0;0;0;0;1773;0;0;89;0;80;0;
18608;3226321;1014943744;20713472;1115049984;0;0;0;0;0;0;0;0;0;0;0;3387;0;0;89;0;80;0;
18609;5978973;1014943744;20713472;1115049984;0;0;0;0;0;0;0;0;0;0;0;3287;0;0;89;0;80;0;
18610;3239596;1014943744;20713472;1115049984;0;0;0;0;0;0;0;0;0;0;0;2775;0;0;89;0;80;0;
18611;4908245;1014943744;20713472;1115049984;0;0;0;0;0;0;0;0;0;0;0;3657;0;0;89;0;80;0;
18612;4741152;1014943744;20713472;1115049984;0;0;0;0;0;0;0;0;0;0;0;5370;0;0;89;0;80;0;
18613;5146892;1014943744;20713472;1115049984;0;0;0;0;0;0;0;0;0;0;0;3907;0;0;89;0;80;0;
18614;3556179;1014943744;20713472;1115049984;0;0;0;0;0;0;0;0;0;0;0;3457;0;0;89;0;80;0;
18615;6028756;1014943744;20713472;1115049984;0;0;0;0;0;0;0;0;0;0;0;3517;0;0;89;0;80;0;
18616;3792352;1014943744;20713472;1115049984;0;0;0;0;0;0;0;0;0;0;0;3707;0;0;89;0;80;0;
18617;5955619;1014943744;20713472;1115049984;0;0;0;0;0;0;0;0;0;0;0;3276;0;0;89;0;80;0;
18618;4252134;1014943744;20713472;1115049984;0;0;0;0;0;0;0;0;0;0;0;3697;0;0;89;0;80;0;
18619;5621773;1014943744;20713472;1115049984;0;0;0;0;0;0;0;0;0;0;0;3466;0;0;89;0;80;0;
18620;4873410;1014943744;20713472;1115049984;0;0;0;0;0;0;0;0;0;0;0;3908;0;0;89;0;80;0;
18621;5437558;1014943744;20713472;1115049984;0;0;0;0;0;0;0;0;0;0;0;3267;0;0;89;0;80;0;
18622;4617539;1014943744;20713472;1115049984;0;0;0;0;0;0;0;0;0;0;0;3397;0;0;89;0;80;0;
18623;7483054;1014943744;20713472;1115049984;0;0;0;0;0;0;0;0;0;0;0;2886;0;0;89;0;80;0;
18624;4238288;1014943744;20713472;1115049984;0;0;0;0;0;0;0;0;0;0;0;3516;0;0;89;0;80;0;
18625;5005828;1014943744;20713472;1115049984;0;0;0;0;0;0;0;0;0;0;0;2585;0;0;89;0;80;0;
18626;4560793;1014943744;20713472;1115049984;0;0;0;0;0;0;0;0;0;0;0;3427;0;0;89;0;80;0;
18627;5320768;1014943744;20713472;1115049984;0;0;0;0;0;0;0;0;0;0;0;11491;0;0;89;0;80;0;
18628;3941922;1014943744;20713472;1115049984;0;0;0;0;0;0;0;0;0;0;0;3336;0;0;89;0;80;0;
18629;7031056;1014943744;20713472;1115049984;0;0;0;0;0;0;0;0;0;0;0;3837;0;0;89;0;80;0;
18630;4491594;1014943744;20713472;1115049984;0;0;0;0;0;0;0;0;0;0;0;3617;0;0;89;0;80;0;
18631;5642903;1014943744;20713472;1115049984;0;0;0;0;0;0;0;0;0;0;0;3186;0;0;89;0;80;0;
18632;3987297;1014943744;20713472;1115049984;0;0;0;0;0;0;0;0;0;0;0;2985;0;0;89;0;80;0;
18633;5448117;1014943744;20713472;1115049984;0;0;0;0;0;0;0;0;0;0;0;3467;0;0;89;0;80;0;
18634;3705379;1014943744;20713472;1115049984;0;0;0;0;0;0;0;0;0;0;0;2655;0;0;89;0;80;0;
18635;4914727;1014943744;20713472;1115049984;0;0;0;0;0;0;0;0;0;0;0;2364;0;0;89;0;80;0;
18636;2279555;1014943744;20713472;1115049984;0;0;0;0;0;0;0;0;0;0;0;2765;0;0;89;0;80;0;
18637;5320899;1014943744;20713472;1115049984;0;0;0;0;0;0;0;0;0;0;0;2815;0;0;89;0;80;0;
18638;2994516;1014943744;20713472;1115049984;0;0;0;0;0;0;0;0;0;0;0;3306;0;0;89;0;80;0;
18639;4764765;1014943744;20713472;1115049984;0;0;0;0;0;0;0;0;0;0;0;2575;0;0;89;0;80;0;
18640;3203648;1014943744;20713472;1115049984;0;0;0;0;0;0;0;0;0;0;0;2665;0;0;89;0;80;0;
18641;5347929;1014943744;20713472;1115049984;0;0;0;0;0;0;0;0;0;0;0;1963;0;0;89;0;80;0;
18642;4227308;1014943744;20713472;1115049984;0;0;0;0;0;0;0;0;0;0;0;3386;0;0;89;0;80;0;
18643;5749423;1014943744;20713472;1115049984;0;0;0;0;0;0;0;0;0;0;0;2855;0;0;89;0;80;0;
18644;3310889;1014943744;20713472;1115049984;0;0;0;0;0;0;0;0;0;0;0;3366;0;0;89;0;80;0;
18645;4695806;1014943744;20713472;1115049984;0;0;0;0;0;0;0;0;0;0;0;2194;0;0;89;0;80;0;
18646;2891673;1014943744;20713472;1115049984;0;0;0;0;0;0;0;0;0;0;0;3296;0;0;89;0;80;0;
18647;4644580;1014943744;20713472;1115049984;0;0;0;0;0;0;0;0;0;0;0;2014;0;0;89;0;80;0;
18648;3977880;1014943744;20713472;1115049984;0;0;0;0;0;0;0;0;0;0;0;2966;0;0;89;0;80;0;
18649;5076641;1014943744;20713472;1115049984;0;0;0;0;0;0;0;0;0;0;0;1733;0;0;89;0;80;0;
18650;3318664;1014943744;20713472;1115049984;0;0;0;0;0;0;0;0;0;0;0;2935;0;0;89;0;80;0;
18651;4538352;1014943744;20713472;1115049984;0;0;0;0;0;0;0;0;0;0;0;2004;0;0;89;0;80;0;
18652;3405577;1014943744;20713472;1115049984;0;0;0;0;0;0;0;0;0;0;0;3206;0;0;89;0;80;0;
18653;5026406;1014943744;20713472;1115049984;0;0;0;0;0;0;0;0;0;0;0;2465;0;0;89;0;80;0;
18654;2517411;1014943744;20713472;1115049984;0;0;0;0;0;0;0;0;0;0;0;3476;0;0;89;0;80;0;
18655;5914321;1014943744;20713472;1115049984;0;0;0;0;0;0;0;0;0;0;0;2094;0;0;89;0;80;0;
18656;4883288;1014943744;20713472;1115049984;0;0;0;0;0;0;0;0;0;0;0;3838;0;0;89;0;80;0;
18657;5711582;1014943744;20713472;1115049984;0;0;0;0;0;0;0;0;0;0;0;3487;0;0;89;0;80;0;
18658;3298506;1014943744;20713472;1115049984;0;0;0;0;0;0;0;0;0;0;0;3747;0;0;89;0;80;0;
18659;6589128;1014943744;20713472;1115049984;0;0;0;0;0;0;0;0;0;0;0;2986;0;0;89;0;80;0;
18660;3496377;1014943744;20713472;1115049984;0;0;0;0;0;0;0;0;0;0;0;3647;0;0;89;0;80;0;
18661;5038739;1014943744;20713472;1115049984;0;0;0;0;0;0;0;0;0;0;0;1944;0;0;89;0;80;0;
18662;2926238;1014943744;20713472;1115049984;0;0;0;0;0;0;0;0;0;0;0;2956;0;0;89;0;80;0;
18663;5925573;1014943744;20713472;1115049984;0;0;0;0;0;0;0;0;0;0;0;3196;0;0;89;0;80;0;
18664;3272277;1014943744;20713472;1115049984;0;0;0;0;0;0;0;0;0;0;0;3076;0;0;89;0;80;0;
18665;5606233;1014943744;20713472;1115049984;0;0;0;0;0;0;0;0;0;0;0;3176;0;0;89;0;80;0;
18666;4440348;1014943744;20713472;1115049984;0;0;0;0;0;0;0;0;0;0;0;3346;0;0;89;0;80;0;
18667;6001235;1014943744;20713472;1115049984;0;0;0;0;0;0;0;0;0;0;0;6893;0;0;89;0;80;0;
18668;4087015;1014943744;20713472;1115049984;0;0;0;0;0;0;0;0;0;0;0;3076;0;0;89;0;80;0;
18669;5398915;1014943744;20713472;1115049984;0;0;0;0;0;0;0;0;0;0;0;2895;0;0;89;0;80;0;
18670;4410020;1014943744;20713472;1115049984;0;0;0;0;0;0;0;0;0;0;0;2886;0;0;89;0;80;0;
18671;4833705;1014943744;20713472;1115049984;0;0;0;0;0;0;0;0;0;0;0;1843;0;0;89;0;80;0;
18672;3361003;1014943744;20713472;1115049984;0;0;0;0;0;0;0;0;0;0;0;3056;0;0;89;0;80;0;
18673;5051965;1014943744;20713472;1115049984;0;0;0;0;0;0;0;0;0;0;0;1973;0;0;89;0;80;0;
18674;3672858;1014943744;20713472;1115049984;0;0;0;0;0;0;0;0;0;0;0;2735;0;0;89;0;80;0;
18675;4531749;1014943744;20713472;1115049984;0;0;0;0;0;0;0;0;0;0;0;1724;0;0;89;0;80;0;
18676;3781251;1014943744;20713472;1115049984;0;0;0;0;0;0;0;0;0;0;0;3767;0;0;89;0;80;0;
18677;4791646;1014943744;20713472;1115049984;0;0;0;0;0;0;0;0;0;0;0;2605;0;0;89;0;80;0;
18678;3795758;1014943744;20713472;1115049984;0;0;0;0;0;0;0;0;0;0;0;2966;0;0;89;0;80;0;
18679;4816884;1014943744;20713472;1115049984;0;0;0;0;0;0;0;0;0;0;0;2554;0;0;89;0;80;0;
18680;3591295;1014943744;20713472;1115049984;0;0;0;0;0;0;0;0;0;0;0;3266;0;0;89;0;80;0;
18681;5436325;1014943744;20713472;1115049984;0;0;0;0;0;0;0;0;0;0;0;2785;0;0;89;0;80;0;
18682;4254769;1014943744;20713472;1115049984;0;0;0;0;0;0;0;0;0;0;0;3647;0;0;89;0;80;0;
18683;5772065;1014943744;20713472;1115049984;0;0;0;0;0;0;0;0;0;0;0;2896;0;0;89;0;80;0;
18684;3035012;1014943744;20713472;1115049984;0;0;0;0;0;0;0;0;0;0;0;2404;0;0;89;0;80;0;
18685;5127106;1014943744;20713472;1115049984;0;0;0;0;0;0;0;0;0;0;0;2915;0;0;89;0;80;0;
18686;3021346;1014943744;20713472;1115049984;0;0;0;0;0;0;0;0;0;0;0;2926;0;0;89;0;80;0;
18687;5243203;1014943744;20713472;1115049984;0;0;0;0;0;0;0;0;0;0;0;2284;0;0;89;0;80;0;
18688;3003924;1014943744;20713472;1115049984;0;0;0;0;0;0;0;0;0;0;0;3477;0;0;89;0;80;0;
18689;4694554;1014943744;20713472;1115049984;0;0;0;0;0;0;0;0;0;0;0;2826;0;0;89;0;80;0;
18690;2783631;1014943744;20713472;1115049984;0;0;0;0;0;0;0;0;0;0;0;2996;0;0;89;0;80;0;
18691;4387037;1014943744;20713472;1115049984;0;0;0;0;0;0;0;0;0;0;0;1824;0;0;89;0;80;0;
18692;2998664;1014943744;20713472;1115049984;0;0;0;0;0;0;0;0;0;0;0;3356;0;0;89;0;80;0;
18693;5256047;1014943744;20713472;1115049984;0;0;0;0;0;0;0;0;0;0;0;2665;0;0;89;0;80;0;
18694;4251513;1014943744;20713472;1115049984;0;0;0;0;0;0;0;0;0;0;0;3186;0;0;89;0;80;0;
18695;5467043;1014943744;20713472;1115049984;0;0;0;0;0;0;0;0;0;0;0;2275;0;0;89;0;80;0;
18696;2919465;1014943744;20713472;1115049984;0;0;0;0;0;0;0;0;0;0;0;3276;0;0;89;0;80;0;
18697;5219718;1014943744;20713472;1115049984;0;0;0;0;0;0;0;0;0;0;0;3457;0;0;89;0;80;0;
18698;3163453;1014943744;20713472;1115049984;0;0;0;0;0;0;0;0;0;0;0;3317;0;0;89;0;80;0;
18699;5060540;1014943744;20713472;1115049984;0;0;0;0;0;0;0;0;0;0;0;3997;0;0;89;0;80;0;
18700;2563247;1014943744;20713472;1115049984;0;0;0;0;0;0;0;0;0;0;0;2936;0;0;89;0;80;0;
18701;4602301;1014943744;20713472;1115049984;0;0;0;0;0;0;0;0;0;0;0;1653;0;0;89;0;80;0;
18702;3858777;1014943744;20713472;1115049984;0;0;0;0;0;0;0;0;0;0;0;3246;0;0;89;0;80;0;
18703;4626497;1014943744;20713472;1115049984;0;0;0;0;0;0;0;0;0;0;0;2825;0;0;89;0;80;0;
18704;3172470;1014943744;20713472;1115049984;0;0;0;0;0;0;0;0;0;0;0;3436;0;0;89;0;80;0;
18705;5038980;1014943744;20713472;1115049984;0;0;0;0;0;0;0;0;0;0;0;2455;0;0;89;0;80;0;
18706;3866261;1014943744;20713472;1115049984;0;0;0;0;0;0;0;0;0;0;0;3417;0;0;89;0;80;0;
18707;4827593;1014943744;20713472;1115049984;0;0;0;0;0;0;0;0;0;0;0;2535;0;0;89;0;80;0;
18708;3209600;1014943744;20713472;1115049984;0;0;0;0;0;0;0;0;0;0;0;3687;0;0;89;0;80;0;
18709;5619389;1014943744;20713472;1115049984;0;0;0;0;0;0;0;0;0;0;0;2395;0;0;89;0;80;0;
18710;3654664;1014943744;20713472;1115049984;0;0;0;0;0;0;0;0;0;0;0;2865;0;0;89;0;80;0;
18711;5055231;1014943744;20713472;1115049984;0;0;0;0;0;0;0;0;0;0;0;2214;0;0;89;0;80;0;
18712;4522812;1014943744;20713472;1115049984;0;0;0;0;0;0;0;0;0;0;0;3256;0;0;89;0;80;0;
18713;6594257;1014943744;20713472;1115049984;0;0;0;0;0;0;0;0;0;0;0;2715;0;0;89;0;80;0;
18714;3879085;1014943744;20713472;1115049984;0;0;0;0;0;0;0;0;0;0;0;3657;0;0;89;0;80;0;
18715;5377946;1014943744;20713472;1115049984;0;0;0;0;0;0;0;0;0;0;0;2314;0;0;89;0;80;0;
18716;4269406;1014943744;20713472;1115049984;0;0;0;0;0;0;0;0;0;0;0;3546;0;0;89;0;80;0;
18717;6079782;1014943744;20713472;1115049984;0;0;0;0;0;0;0;0;0;0;0;3446;0;0;89;0;80;0;
18718;4193475;1014943744;20713472;1115049984;0;0;0;0;0;0;0;0;0;0;0;3707;0;0;89;0;80;0;
18719;5610762;1014943744;20713472;1115049984;0;0;0;0;0;0;0;0;0;0;0;2815;0;0;89;0;80;0;
18720;3739714;1014943744;20713472;1115049984;0;0;0;0;0;0;0;0;0;0;0;3596;0;0;89;0;80;0;
18721;4738196;1014943744;20713472;1115049984;0;0;0;0;0;0;0;0;0;0;0;3246;0;0;89;0;80;0;
18722;3900324;1014943744;20713472;1115049984;0;0;0;0;0;0;0;0;0;0;0;3447;0;0;89;0;80;0;
18723;6254350;1014943744;20713472;1115049984;0;0;0;0;0;0;0;0;0;0;0;3406;0;0;89;0;80;0;
18724;4803478;1014943744;20713472;1115049984;0;0;0;0;0;0;0;0;0;0;0;3898;0;0;89;0;80;0;
18725;5001941;1014943744;20713472;1115049984;0;0;0;0;0;0;0;0;0;0;0;2624;0;0;89;0;80;0;
18726;6424368;1014943744;20713472;1115049984;0;0;0;0;0;0;0;0;0;0;0;3035;0;0;89;0;80;0;
18727;5292615;1014943744;20713472;1115049984;0;0;0;0;0;0;0;0;0;0;0;2625;0;0;89;0;80;0;
18728;4876866;1014943744;20713472;1115049984;0;0;0;0;0;0;0;0;0;0;0;3667;0;0;89;0;80;0;
18729;5034912;1014943744;20713472;1115049984;0;0;0;0;0;0;0;0;0;0;0;2555;0;0;89;0;80;0;
18730;4810562;1014943744;20713472;1115049984;0;0;0;0;0;0;0;0;0;0;0;3496;0;0;89;0;80;0;
18731;5102389;1014943744;20713472;1115049984;0;0;0;0;0;0;0;0;0;0;0;2364;0;0;89;0;80;0;
18732;4121459;1014943744;20713472;1115049984;0;0;0;0;0;0;0;0;0;0;0;3267;0;0;89;0;80;0;
18733;4800513;1014943744;20713472;1115049984;0;0;0;0;0;0;0;0;0;0;0;2946;0;0;89;0;80;0;
18734;2952527;1014943744;20713472;1115049984;0;0;0;0;0;0;0;0;0;0;0;2695;0;0;89;0;80;0;
18735;4658036;1014943744;20713472;1115049984;0;0;0;0;0;0;0;0;0;0;0;1914;0;0;89;0;80;0;
18736;3276084;1014943744;20713472;1115049984;0;0;0;0;0;0;0;0;0;0;0;3066;0;0;89;0;80;0;
18737;5587038;1014943744;20713472;1115049984;0;0;0;0;0;0;0;0;0;0;0;2815;0;0;89;0;80;0;
18738;3561439;1014943744;20713472;1115049984;0;0;0;0;0;0;0;0;0;0;0;2915;0;0;89;0;80;0;
18739;5020385;1014943744;20713472;1115049984;0;0;0;0;0;0;0;0;0;0;0;2634;0;0;89;0;80;0;
18740;3244294;1014943744;20713472;1115049984;0;0;0;0;0;0;0;0;0;0;0;3907;0;0;89;0;80;0;
18741;5774169;1014943744;20713472;1115049984;0;0;0;0;0;0;0;0;0;0;0;2645;0;0;89;0;80;0;
18742;3226761;1014943744;20713472;1115049984;0;0;0;0;0;0;0;0;0;0;0;3186;0;0;89;0;80;0;
18743;5206905;1014943744;20713472;1115049984;0;0;0;0;0;0;0;0;0;0;0;3156;0;0;89;0;80;0;
18744;3469236;1014943744;20713472;1115049984;0;0;0;0;0;0;0;0;0;0;0;3667;0;0;89;0;80;0;
18745;6098638;1014943744;20713472;1115049984;0;0;0;0;0;0;0;0;0;0;0;3035;0;0;89;0;80;0;
18746;3631882;1014943744;20713472;1115049984;0;0;0;0;0;0;0;0;0;0;0;3136;0;0;89;0;80;0;
18747;5925272;1014943744;20713472;1115049984;0;0;0;0;0;0;0;0;0;0;0;3176;0;0;89;0;80;0;
18748;4873550;1014943744;20713472;1115049984;0;0;0;0;0;0;0;0;0;0;0;3166;0;0;89;0;80;0;
18749;5231251;1014943744;20713472;1115049984;0;0;0;0;0;0;0;0;0;0;0;3176;0;0;89;0;80;0;
18750;3473033;1014943744;20713472;1115049984;0;0;0;0;0;0;0;0;0;0;0;3787;0;0;89;0;80;0;
18751;5335737;1014943744;20713472;1115049984;0;0;0;0;0;0;0;0;0;0;0;3036;0;0;89;0;80;0;
18752;4264207;1014943744;20713472;1115049984;0;0;0;0;0;0;0;0;0;0;0;3627;0;0;89;0;80;0;
18753;6463011;1014943744;20713472;1115049984;0;0;0;0;0;0;0;0;0;0;0;3687;0;0;89;0;80;0;
18754;4309722;1014943744;20713472;1115049984;0;0;0;0;0;0;0;0;0;0;0;3626;0;0;89;0;80;0;
18755;5410998;1014943744;20713472;1115049984;0;0;0;0;0;0;0;0;0;0;0;3015;0;0;89;0;80;0;
18756;5601575;1014943744;20713472;1115049984;0;0;0;0;0;0;0;0;0;0;0;3616;0;0;89;0;80;0;
18757;4879170;1014943744;20713472;1115049984;0;0;0;0;0;0;0;0;0;0;0;2755;0;0;89;0;80;0;
18758;5037437;1014943744;20713472;1115049984;0;0;0;0;0;0;0;0;0;0;0;3406;0;0;89;0;80;0;
18759;5680343;1014943744;20713472;1115049984;0;0;0;0;0;0;0;0;0;0;0;2375;0;0;89;0;80;0;
18760;3785189;1014943744;20713472;1115049984;0;0;0;0;0;0;0;0;0;0;0;2705;0;0;89;0;80;0;
18761;4789212;1014943744;20713472;1115049984;0;0;0;0;0;0;0;0;0;0;0;2034;0;0;89;0;80;0;
18762;4664538;1014943744;20713472;1115049984;0;0;0;0;0;0;0;0;0;0;0;4558;0;0;89;0;80;0;
18763;5006209;1014943744;20713472;1115049984;0;0;0;0;0;0;0;0;0;0;0;2896;0;0;89;0;80;0;
18764;3118959;1014943744;20713472;1115049984;0;0;0;0;0;0;0;0;0;0;0;4368;0;0;89;0;80;0;
18765;5852295;1014943744;20713472;1115049984;0;0;0;0;0;0;0;0;0;0;0;3446;0;0;89;0;80;0;
18766;3905905;1014943744;20713472;1115049984;0;0;0;0;0;0;0;0;0;0;0;3496;0;0;89;0;80;0;
18767;5065691;1014943744;20713472;1115049984;0;0;0;0;0;0;0;0;0;0;0;2976;0;0;89;0;80;0;
18768;6158610;1014943744;20713472;1115049984;0;0;0;0;0;0;0;0;0;0;0;4268;0;0;89;0;80;0;
18769;5819865;1014943744;20713472;1115049984;0;0;0;0;0;0;0;0;0;0;0;3016;0;0;89;0;80;0;
18770;3984242;1014943744;20713472;1115049984;0;0;0;0;0;0;0;0;0;0;0;3406;0;0;89;0;80;0;
18771;4946887;1014943744;20713472;1115049984;0;0;0;0;0;0;0;0;0;0;0;2865;0;0;89;0;80;0;
18772;4452621;1014943744;20713472;1115049984;0;0;0;0;0;0;0;0;0;0;0;3146;0;0;89;0;80;0;
18773;5326208;1014943744;20713472;1115049984;0;0;0;0;0;0;0;0;0;0;0;3006;0;0;89;0;80;0;
18774;5367176;1014943744;20713472;1115049984;0;0;0;0;0;0;0;0;0;0;0;3667;0;0;89;0;80;0;
18775;5509242;1014943744;20713472;1115049984;0;0;0;0;0;0;0;0;0;0;0;2956;0;0;89;0;80;0;
18776;3838869;1014943744;20713472;1115049984;0;0;0;0;0;0;0;0;0;0;0;2695;0;0;89;0;80;0;
18777;4533482;1014943744;20713472;1115049984;0;0;0;0;0;0;0;0;0;0;0;2154;0;0;89;0;80;0;
18778;3321779;1014943744;20713472;1115049984;0;0;0;0;0;0;0;0;0;0;0;3336;0;0;89;0;80;0;
18779;5111425;1014943744;20713472;1115049984;0;0;0;0;0;0;0;0;0;0;0;2255;0;0;89;0;80;0;
18780;2780194;1014943744;20713472;1115049984;0;0;0;0;0;0;0;0;0;0;0;2795;0;0;89;0;80;0;
18781;4719611;1014943744;20713472;1115049984;0;0;0;0;0;0;0;0;0;0;0;2134;0;0;89;0;80;0;
18782;3426796;1014943744;20713472;1115049984;0;0;0;0;0;0;0;0;0;0;0;3116;0;0;89;0;80;0;
18783;4915258;1014943744;20713472;1115049984;0;0;0;0;0;0;0;0;0;0;0;2033;0;0;89;0;80;0;
18784;3590814;1014943744;20713472;1115049984;0;0;0;0;0;0;0;0;0;0;0;3656;0;0;89;0;80;0;
18785;4907874;1014943744;20713472;1115049984;0;0;0;0;0;0;0;0;0;0;0;2435;0;0;89;0;80;0;
18786;3505624;1014943744;20713472;1115049984;0;0;0;0;0;0;0;0;0;0;0;3416;0;0;89;0;80;0;
18787;5458347;1014943744;20713472;1115049984;0;0;0;0;0;0;0;0;0;0;0;2826;0;0;89;0;80;0;
18788;3647771;1014943744;20713472;1115049984;0;0;0;0;0;0;0;0;0;0;0;3687;0;0;89;0;80;0;
18789;4394672;1014943744;20713472;1115049984;0;0;0;0;0;0;0;0;0;0;0;2735;0;0;89;0;80;0;
18790;3802190;1014943744;20713472;1115049984;0;0;0;0;0;0;0;0;0;0;0;3306;0;0;89;0;80;0;
18791;4382498;1014943744;20713472;1115049984;0;0;0;0;0;0;0;0;0;0;0;2264;0;0;89;0;80;0;
18792;4927170;1014943744;20713472;1115049984;0;0;0;0;0;0;0;0;0;0;0;3476;0;0;89;0;80;0;
18793;4816292;1014943744;20713472;1115049984;0;0;0;0;0;0;0;0;0;0;0;2545;0;0;89;0;80;0;
18794;3929349;1014943744;20713472;1115049984;0;0;0;0;0;0;0;0;0;0;0;4218;0;0;89;0;80;0;
18795;4827073;1014943744;20713472;1115049984;0;0;0;0;0;0;0;0;0;0;0;2615;0;0;89;0;80;0;
18796;2872296;1014943744;20713472;1115049984;0;0;0;0;0;0;0;0;0;0;0;3506;0;0;89;0;80;0;
18797;5173863;1014943744;20713472;1115049984;0;0;0;0;0;0;0;0;0;0;0;3286;0;0;89;0;80;0;
18798;11533059;1014943744;20713472;1115049984;0;0;0;0;0;0;0;0;0;0;0;2425;0;0;89;0;80;0;
18799;4307879;1014943744;20713472;1115049984;0;0;0;0;0;0;0;0;0;0;0;1563;0;0;89;0;80;0;
18800;3801559;1014943744;20713472;1115049984;0;0;0;0;0;0;0;0;0;0;0;2545;0;0;89;0;80;0;
18801;4484170;1014943744;20713472;1115049984;0;0;0;0;0;0;0;0;0;0;0;1973;0;0;89;0;80;0;
18802;3147112;1014943744;20713472;1115049984;0;0;0;0;0;0;0;0;0;0;0;2736;0;0;89;0;80;0;
18803;5361575;1014943744;20713472;1115049984;0;0;0;0;0;0;0;0;0;0;0;2975;0;0;89;0;80;0;
18804;3613918;1014943744;20713472;1115049984;0;0;0;0;0;0;0;0;0;0;0;3296;0;0;89;0;80;0;
18805;5385399;1014943744;20713472;1115049984;0;0;0;0;0;0;0;0;0;0;0;2945;0;0;89;0;80;0;
18806;2895039;1014943744;20713472;1115049984;0;0;0;0;0;0;0;0;0;0;0;3226;0;0;89;0;80;0;
18807;5170918;1014943744;20713472;1115049984;0;0;0;0;0;0;0;0;0;0;0;1924;0;0;89;0;80;0;
18808;2527641;1014943744;20713472;1115049984;0;0;0;0;0;0;0;0;0;0;0;3066;0;0;89;0;80;0;
18809;5380690;1014943744;20713472;1115049984;0;0;0;0;0;0;0;0;0;0;0;2986;0;0;89;0;80;0;
18810;3419984;1014943744;20713472;1115049984;0;0;0;0;0;0;0;0;0;0;0;3817;0;0;89;0;80;0;
18811;4521399;1014943744;20713472;1115049984;0;0;0;0;0;0;0;0;0;0;0;2514;0;0;89;0;80;0;
18812;3306271;1014943744;20713472;1115049984;0;0;0;0;0;0;0;0;0;0;0;2926;0;0;89;0;80;0;
18813;4334689;1014943744;20713472;1115049984;0;0;0;0;0;0;0;0;0;0;0;1553;0;0;89;0;80;0;
18814;3410175;1014943744;20713472;1115049984;0;0;0;0;0;0;0;0;0;0;0;3497;0;0;89;0;80;0;
18815;4584388;1014943744;20713472;1115049984;0;0;0;0;0;0;0;0;0;0;0;2565;0;0;89;0;80;0;
18816;4620335;1014943744;20713472;1115049984;0;0;0;0;0;0;0;0;0;0;0;4358;0;0;89;0;80;0;
18817;5555228;1014943744;20713472;1115049984;0;0;0;0;0;0;0;0;0;0;0;2454;0;0;89;0;80;0;
18818;5001440;1014943744;20713472;1115049984;0;0;0;0;0;0;0;0;0;0;0;2715;0;0;89;0;80;0;
18819;4678854;1014943744;20713472;1115049984;0;0;0;0;0;0;0;0;0;0;0;1613;0;0;89;0;80;0;
18820;3947092;1014943744;20713472;1115049984;0;0;0;0;0;0;0;0;0;0;0;3056;0;0;89;0;80;0;
18821;4586181;1014943744;20713472;1115049984;0;0;0;0;0;0;0;0;0;0;0;2044;0;0;89;0;80;0;
18822;2941266;1014943744;20713472;1115049984;0;0;0;0;0;0;0;0;0;0;0;3025;0;0;89;0;80;0;
18823;4388019;1014943744;20713472;1115049984;0;0;0;0;0;0;0;0;0;0;0;2214;0;0;89;0;80;0;
18824;2351290;1014943744;20713472;1115049984;0;0;0;0;0;0;0;0;0;0;0;2725;0;0;89;0;80;0;
18825;5181287;1014943744;20713472;1115049984;0;0;0;0;0;0;0;0;0;0;0;3266;0;0;89;0;80;0;
18826;2073078;1014943744;20713472;1115049984;0;0;0;0;0;0;0;0;0;0;0;2535;0;0;89;0;80;0;
18827;4383981;1014943744;20713472;1115049984;0;0;0;0;0;0;0;0;0;0;0;3076;0;0;89;0;80;0;
18828;2881594;1014943744;20713472;1115049984;0;0;0;0;0;0;0;0;0;0;0;2706;0;0;89;0;80;0;
18829;4643698;1014943744;20713472;1115049984;0;0;0;0;0;0;0;0;0;0;0;2144;0;0;89;0;80;0;
18830;2929284;1014943744;20713472;1115049984;0;0;0;0;0;0;0;0;0;0;0;2865;0;0;89;0;80;0;
18831;4452650;1014943744;20713472;1115049984;0;0;0;0;0;0;0;0;0;0;0;1803;0;0;89;0;80;0;
18832;3029130;1014943744;20713472;1115049984;0;0;0;0;0;0;0;0;0;0;0;2856;0;0;89;0;80;0;
18833;5023742;1014943744;20713472;1115049984;0;0;0;0;0;0;0;0;0;0;0;1763;0;0;89;0;80;0;
18834;4533302;1014943744;20713472;1115049984;0;0;0;0;0;0;0;0;0;0;0;3316;0;0;89;0;80;0;
18835;4459573;1014943744;20713472;1115049984;0;0;0;0;0;0;0;0;0;0;0;2835;0;0;89;0;80;0;
18836;2675227;1014943744;20713472;1115049984;0;0;0;0;0;0;0;0;0;0;0;2475;0;0;89;0;80;0;
18837;4613342;1014943744;20713472;1115049984;0;0;0;0;0;0;0;0;0;0;0;2925;0;0;89;0;80;0;
18838;2414649;1014943744;20713472;1115049984;0;0;0;0;0;0;0;0;0;0;0;3136;0;0;89;0;80;0;
18839;5001139;1014943744;20713472;1115049984;0;0;0;0;0;0;0;0;0;0;0;2535;0;0;89;0;80;0;
18840;3171918;1014943744;20713472;1115049984;0;0;0;0;0;0;0;0;0;0;0;2946;0;0;89;0;80;0;
18841;5394767;1014943744;20713472;1115049984;0;0;0;0;0;0;0;0;0;0;0;1884;0;0;89;0;80;0;
18842;3103500;1014943744;20713472;1115049984;0;0;0;0;0;0;0;0;0;0;0;2625;0;0;89;0;80;0;
18843;4646103;1014943744;20713472;1115049984;0;0;0;0;0;0;0;0;0;0;0;1873;0;0;89;0;80;0;
18844;3768046;1014943744;20713472;1115049984;0;0;0;0;0;0;0;0;0;0;0;3176;0;0;89;0;80;0;
18845;4983396;1014943744;20713472;1115049984;0;0;0;0;0;0;0;0;0;0;0;2114;0;0;89;0;80;0;
18846;3580916;1014943744;20713472;1115049984;0;0;0;0;0;0;0;0;0;0;0;3046;0;0;89;0;80;0;
18847;4366980;1014943744;20713472;1115049984;0;0;0;0;0;0;0;0;0;0;0;1944;0;0;89;0;80;0;
18848;3239756;1014943744;20713472;1115049984;0;0;0;0;0;0;0;0;0;0;0;2886;0;0;89;0;80;0;
18849;4736112;1014943744;20713472;1115049984;0;0;0;0;0;0;0;0;0;0;0;2344;0;0;89;0;80;0;
18850;3475338;1014943744;20713472;1115049984;0;0;0;0;0;0;0;0;0;0;0;3486;0;0;89;0;80;0;
18851;5797493;1014943744;20713472;1115049984;0;0;0;0;0;0;0;0;0;0;0;3036;0;0;89;0;80;0;
18852;3482772;1014943744;20713472;1115049984;0;0;0;0;0;0;0;0;0;0;0;3427;0;0;89;0;80;0;
18853;5687075;1014943744;20713472;1115049984;0;0;0;0;0;0;0;0;0;0;0;3497;0;0;89;0;80;0;
18854;3805998;1014943744;20713472;1115049984;0;0;0;0;0;0;0;0;0;0;0;3065;0;0;89;0;80;0;
18855;4818787;1014943744;20713472;1115049984;0;0;0;0;0;0;0;0;0;0;0;3586;0;0;89;0;80;0;
18856;3623135;1014943744;20713472;1115049984;0;0;0;0;0;0;0;0;0;0;0;3156;0;0;89;0;80;0;
18857;5136202;1014943744;20713472;1115049984;0;0;0;0;0;0;0;0;0;0;0;3236;0;0;89;0;80;0;
18858;3612826;1014943744;20713472;1115049984;0;0;0;0;0;0;0;0;0;0;0;3857;0;0;89;0;80;0;
18859;4915168;1014943744;20713472;1115049984;0;0;0;0;0;0;0;0;0;0;0;3025;0;0;89;0;80;0;
18860;4578336;1014943744;20713472;1115049984;0;0;0;0;0;0;0;0;0;0;0;4268;0;0;89;0;80;0;
18861;6735382;1014943744;20713472;1115049984;0;0;0;0;0;0;0;0;0;0;0;3928;0;0;89;0;80;0;
18862;3369148;1014943744;20713472;1115049984;0;0;0;0;0;0;0;0;0;0;0;3547;0;0;89;0;80;0;
18863;5360904;1014943744;20721664;1115058176;0;0;0;0;0;0;0;0;0;0;0;3567;0;0;89;0;80;0;
18864;3261166;1014943744;20721664;1115058176;0;0;0;0;0;0;0;0;0;0;0;3396;0;0;89;0;80;0;
18865;6223912;1014943744;20721664;1115058176;0;0;0;0;0;0;0;0;0;0;0;3647;0;0;89;0;80;0;
18866;3370190;1014943744;20721664;1115058176;0;0;0;0;0;0;0;0;0;0;0;3527;0;0;89;0;80;0;
18867;5349111;1014943744;20721664;1115058176;0;0;0;0;0;0;0;0;0;0;0;3437;0;0;89;0;80;0;
18868;3922346;1014943744;20721664;1115058176;0;0;0;0;0;0;0;0;0;0;0;3196;0;0;89;0;80;0;
18869;5047957;1014943744;20721664;1115058176;0;0;0;0;0;0;0;0;0;0;0;3767;0;0;89;0;80;0;
18870;3587187;1015099392;20713472;1115049984;0;0;0;0;0;0;0;0;0;0;0;2926;0;0;89;0;80;0;
18871;5481600;1015099392;20713472;1115049984;0;0;0;0;0;0;0;0;0;0;0;3266;0;0;89;0;80;0;
18872;3274611;1015099392;20713472;1115049984;0;0;0;0;0;0;0;0;0;0;0;3106;0;0;89;0;80;0;
18873;5914212;1015099392;20713472;1115049984;0;0;0;0;0;0;0;0;0;0;0;2856;0;0;89;0;80;0;
18874;2580961;1015099392;20713472;1115049984;0;0;0;0;0;0;0;0;0;0;0;2685;0;0;89;0;80;0;
18875;5178792;1015099392;20713472;1115049984;0;0;0;0;0;0;0;0;0;0;0;3376;0;0;89;0;80;0;
18876;2373441;1015099392;20713472;1115049984;0;0;0;0;0;0;0;0;0;0;0;2835;0;0;89;0;80;0;
18877;4235613;1015099392;20713472;1115049984;0;0;0;0;0;0;0;0;0;0;0;1954;0;0;89;0;80;0;
18878;4014098;1015099392;20713472;1115049984;0;0;0;0;0;0;0;0;0;0;0;2484;0;0;89;0;80;0;
18879;4374674;1015099392;20713472;1115049984;0;0;0;0;0;0;0;0;0;0;0;2164;0;0;89;0;80;0;
18880;5851925;1015099392;20713472;1115049984;0;0;0;0;0;0;0;0;0;0;0;4128;0;0;89;0;80;0;
18881;5306792;1015099392;20713472;1115049984;0;0;0;0;0;0;0;0;0;0;0;2675;0;0;89;0;80;0;
18882;4160443;1015099392;20713472;1115049984;0;0;0;0;0;0;0;0;0;0;0;3246;0;0;89;0;80;0;
18883;4969089;1015099392;20713472;1115049984;0;0;0;0;0;0;0;0;0;0;0;2485;0;0;89;0;80;0;
18884;4046088;1015099392;20713472;1115049984;0;0;0;0;0;0;0;0;0;0;0;3456;0;0;89;0;80;0;
18885;5993460;1015099392;20713472;1115049984;0;0;0;0;0;0;0;0;0;0;0;3326;0;0;89;0;80;0;
18886;5299309;1015099392;20713472;1115049984;0;0;0;0;0;0;0;0;0;0;0;3817;0;0;89;0;80;0;
18887;5569565;1015099392;20713472;1115049984;0;0;0;0;0;0;0;0;0;0;0;2715;0;0;89;0;80;0;
18888;3519029;1015099392;20713472;1115049984;0;0;0;0;0;0;0;0;0;0;0;4088;0;0;89;0;80;0;
18889;5166920;1015099392;20713472;1115049984;0;0;0;0;0;0;0;0;0;0;0;2624;0;0;89;0;80;0;
18890;5094985;1015099392;20713472;1115049984;0;0;0;0;0;0;0;0;0;0;0;3767;0;0;89;0;80;0;
18891;5565728;1015099392;20713472;1115049984;0;0;0;0;0;0;0;0;0;0;0;3597;0;0;89;0;80;0;
18892;4282611;1015099392;20713472;1115049984;0;0;0;0;0;0;0;0;0;0;0;3436;0;0;89;0;80;0;
18893;6261613;1015099392;20713472;1115049984;0;0;0;0;0;0;0;0;0;0;0;3276;0;0;89;0;80;0;
18894;3669241;1015099392;20713472;1115049984;0;0;0;0;0;0;0;0;0;0;0;2695;0;0;89;0;80;0;
18895;5443308;1015099392;20713472;1115049984;0;0;0;0;0;0;0;0;0;0;0;2875;0;0;89;0;80;0;
18896;3361765;1015099392;20713472;1115049984;0;0;0;0;0;0;0;0;0;0;0;3186;0;0;89;0;80;0;
18897;6769746;1015099392;20713472;1115049984;0;0;0;0;0;0;0;0;0;0;0;2965;0;0;89;0;80;0;
18898;4352824;1015099392;20713472;1115049984;0;0;0;0;0;0;0;0;0;0;0;3747;0;0;89;0;80;0;
18899;5107519;1015099392;20713472;1115049984;0;0;0;0;0;0;0;0;0;0;0;3125;0;0;89;0;80;0;
18900;5104403;1015099392;20713472;1115049984;0;0;0;0;0;0;0;0;0;0;0;3266;0;0;89;0;80;0;
18901;6031732;1015099392;20713472;1115049984;0;0;0;0;0;0;0;0;0;0;0;3547;0;0;89;0;80;0;
18902;4283974;1015099392;20713472;1115049984;0;0;0;0;0;0;0;0;0;0;0;3286;0;0;89;0;80;0;
18903;6371369;1015099392;20713472;1115049984;0;0;0;0;0;0;0;0;0;0;0;3096;0;0;89;0;80;0;
18904;3299739;1015099392;20713472;1115049984;0;0;0;0;0;0;0;0;0;0;0;3958;0;0;89;0;80;0;
18905;5692856;1015099392;20713472;1115049984;0;0;0;0;0;0;0;0;0;0;0;3406;0;0;89;0;80;0;
18906;4240482;1015099392;20713472;1115049984;0;0;0;0;0;0;0;0;0;0;0;71254;0;0;89;0;80;0;
18907;5496829;1015099392;20713472;1115049984;0;0;0;0;0;0;0;0;0;0;0;3787;0;0;89;0;80;0;
18908;3949336;1015099392;20713472;1115049984;0;0;0;0;0;0;0;0;0;0;0;3276;0;0;89;0;80;0;
18909;5035985;1015099392;20713472;1115049984;0;0;0;0;0;0;0;0;0;0;0;2505;0;0;89;0;80;0;
18910;4592713;1015099392;20713472;1115049984;0;0;0;0;0;0;0;0;0;0;0;3737;0;0;89;0;80;0;
18911;4442472;1015099392;20713472;1115049984;0;0;0;0;0;0;0;0;0;0;0;2625;0;0;89;0;80;0;
18912;2040276;1015099392;20713472;1115049984;0;0;0;0;0;0;0;0;0;0;0;3246;0;0;89;0;80;0;
18913;5422029;1015099392;20713472;1115049984;0;0;0;0;0;0;0;0;0;0;0;2114;0;0;89;0;80;0;
18914;2958849;1015099392;20713472;1115049984;0;0;0;0;0;0;0;0;0;0;0;2535;0;0;89;0;80;0;
18915;4362090;1015099392;20713472;1115049984;0;0;0;0;0;0;0;0;0;0;0;2785;0;0;89;0;80;0;
18916;2897403;1015099392;20713472;1115049984;0;0;0;0;0;0;0;0;0;0;0;2385;0;0;89;0;80;0;
18917;4195408;1015099392;20713472;1115049984;0;0;0;0;0;0;0;0;0;0;0;1683;0;0;89;0;80;0;
18918;3314526;1015099392;20713472;1115049984;0;0;0;0;0;0;0;0;0;0;0;2805;0;0;89;0;80;0;
18919;5796561;1015099392;20713472;1115049984;0;0;0;0;0;0;0;0;0;0;0;2535;0;0;89;0;80;0;
18920;2988154;1015099392;20713472;1115049984;0;0;0;0;0;0;0;0;0;0;0;2806;0;0;89;0;80;0;
18921;5561971;1015099392;20713472;1115049984;0;0;0;0;0;0;0;0;0;0;0;2885;0;0;89;0;80;0;
18922;4611008;1015099392;20713472;1115049984;0;0;0;0;0;0;0;0;0;0;0;3407;0;0;89;0;80;0;
18923;6594948;1015099392;20713472;1115049984;0;0;0;0;0;0;0;0;0;0;0;2775;0;0;89;0;80;0;
18924;2930666;1015099392;20713472;1115049984;0;0;0;0;0;0;0;0;0;0;0;3446;0;0;89;0;80;0;
18925;4824298;1015099392;20713472;1115049984;0;0;0;0;0;0;0;0;0;0;0;2414;0;0;89;0;80;0;
18926;4497805;1015099392;20713472;1115049984;0;0;0;0;0;0;0;0;0;0;0;3176;0;0;89;0;80;0;
18927;5403053;1015099392;20713472;1115049984;0;0;0;0;0;0;0;0;0;0;0;3306;0;0;89;0;80;0;
18928;2819608;1015099392;20713472;1115049984;0;0;0;0;0;0;0;0;0;0;0;2875;0;0;89;0;80;0;
18929;4731573;1015099392;20713472;1115049984;0;0;0;0;0;0;0;0;0;0;0;3456;0;0;89;0;80;0;
18930;3176467;1015099392;20713472;1115049984;0;0;0;0;0;0;0;0;0;0;0;2785;0;0;89;0;80;0;
18931;4703140;1015099392;20713472;1115049984;0;0;0;0;0;0;0;0;0;0;0;2114;0;0;89;0;80;0;
18932;4231676;1015099392;20713472;1115049984;0;0;0;0;0;0;0;0;0;0;0;2595;0;0;89;0;80;0;
18933;4870684;1015099392;20713472;1115049984;0;0;0;0;0;0;0;0;0;0;0;2154;0;0;89;0;80;0;
18934;2679305;1015099392;20713472;1115049984;0;0;0;0;0;0;0;0;0;0;0;1823;0;0;89;0;80;0;
18935;4763524;1015099392;20713472;1115049984;0;0;0;0;0;0;0;0;0;0;0;1623;0;0;89;0;80;0;
18936;1946049;1015099392;20713472;1115049984;0;0;0;0;0;0;0;0;0;0;0;2455;0;0;89;0;80;0;
18937;5063005;1015099392;20713472;1115049984;0;0;0;0;0;0;0;0;0;0;0;1603;0;0;89;0;80;0;
18938;2857860;1015099392;20713472;1115049984;0;0;0;0;0;0;0;0;0;0;0;2535;0;0;89;0;80;0;
18939;4477808;1015099392;20713472;1115049984;0;0;0;0;0;0;0;0;0;0;0;1633;0;0;89;0;80;0;
18940;2775405;1015099392;20713472;1115049984;0;0;0;0;0;0;0;0;0;0;0;2064;0;0;89;0;80;0;
18941;4777359;1015099392;20713472;1115049984;0;0;0;0;0;0;0;0;0;0;0;1633;0;0;89;0;80;0;
18942;3823340;1015099392;20713472;1115049984;0;0;0;0;0;0;0;0;0;0;0;2985;0;0;89;0;80;0;
18943;4693362;1015099392;20713472;1115049984;0;0;0;0;0;0;0;0;0;0;0;2315;0;0;89;0;80;0;
18944;3333322;1015099392;20713472;1115049984;0;0;0;0;0;0;0;0;0;0;0;2736;0;0;89;0;80;0;
18945;4768793;1015099392;20713472;1115049984;0;0;0;0;0;0;0;0;0;0;0;2395;0;0;89;0;80;0;
18946;3990855;1015099392;20713472;1115049984;0;0;0;0;0;0;0;0;0;0;0;2835;0;0;89;0;80;0;
18947;4676320;1015099392;20713472;1115049984;0;0;0;0;0;0;0;0;0;0;0;2224;0;0;89;0;80;0;
18948;3642872;1015099392;20713472;1115049984;0;0;0;0;0;0;0;0;0;0;0;3166;0;0;89;0;80;0;
18949;4999265;1015099392;20713472;1115049984;0;0;0;0;0;0;0;0;0;0;0;2214;0;0;89;0;80;0;
18950;3661286;1015099392;20713472;1115049984;0;0;0;0;0;0;0;0;0;0;0;2345;0;0;89;0;80;0;
18951;5618678;1015099392;20713472;1115049984;0;0;0;0;0;0;0;0;0;0;0;2314;0;0;89;0;80;0;
18952;2670277;1015099392;20713472;1115049984;0;0;0;0;0;0;0;0;0;0;0;2675;0;0;89;0;80;0;
18953;4906702;1015099392;20713472;1115049984;0;0;0;0;0;0;0;0;0;0;0;2185;0;0;89;0;80;0;
18954;3621471;1015099392;20713472;1115049984;0;0;0;0;0;0;0;0;0;0;0;2725;0;0;89;0;80;0;
18955;5105876;1015099392;20713472;1115049984;0;0;0;0;0;0;0;0;0;0;0;2194;0;0;89;0;80;0;
18956;3217283;1015099392;20713472;1115049984;0;0;0;0;0;0;0;0;0;0;0;2304;0;0;89;0;80;0;
18957;4388470;1015099392;20713472;1115049984;0;0;0;0;0;0;0;0;0;0;0;1663;0;0;89;0;80;0;
18958;2418676;1015099392;20713472;1115049984;0;0;0;0;0;0;0;0;0;0;0;1994;0;0;89;0;80;0;
18959;5777154;1015099392;20713472;1115049984;0;0;0;0;0;0;0;0;0;0;0;2194;0;0;89;0;80;0;
18960;2167955;1015099392;20713472;1115049984;0;0;0;0;0;0;0;0;0;0;0;2255;0;0;89;0;80;0;
18961;4592893;1015099392;20713472;1115049984;0;0;0;0;0;0;0;0;0;0;0;1583;0;0;89;0;80;0;
18962;2707347;1015099392;20713472;1115049984;0;0;0;0;0;0;0;0;0;0;0;1933;0;0;89;0;80;0;
18963;4980761;1015099392;20713472;1115049984;0;0;0;0;0;0;0;0;0;0;0;1723;0;0;89;0;80;0;
18964;2969078;1015099392;20713472;1115049984;0;0;0;0;0;0;0;0;0;0;0;2484;0;0;89;0;80;0;
18965;4439976;1015099392;20713472;1115049984;0;0;0;0;0;0;0;0;0;0;0;2204;0;0;89;0;80;0;
18966;2642235;1015099392;20713472;1115049984;0;0;0;0;0;0;0;0;0;0;0;2405;0;0;89;0;80;0;
18967;5356706;1015099392;20713472;1115049984;0;0;0;0;0;0;0;0;0;0;0;2024;0;0;89;0;80;0;
18968;2902393;1015099392;20713472;1115049984;0;0;0;0;0;0;0;0;0;0;0;2896;0;0;89;0;80;0;
18969;4832172;1015099392;20713472;1115049984;0;0;0;0;0;0;0;0;0;0;0;2114;0;0;89;0;80;0;
18970;2556054;1015099392;20713472;1115049984;0;0;0;0;0;0;0;0;0;0;0;2435;0;0;89;0;80;0;
18971;4767360;1015099392;20713472;1115049984;0;0;0;0;0;0;0;0;0;0;0;2314;0;0;89;0;80;0;
18972;2816081;1015099392;20713472;1115049984;0;0;0;0;0;0;0;0;0;0;0;3016;0;0;89;0;80;0;
18973;4583185;1015099392;20713472;1115049984;0;0;0;0;0;0;0;0;0;0;0;2254;0;0;89;0;80;0;
18974;3911996;1015099392;20713472;1115049984;0;0;0;0;0;0;0;0;0;0;0;3907;0;0;89;0;80;0;
18975;5697324;1015099392;20713472;1115049984;0;0;0;0;0;0;0;0;0;0;0;2474;0;0;89;0;80;0;
18976;3307022;1015099392;20713472;1115049984;0;0;0;0;0;0;0;0;0;0;0;3626;0;0;89;0;80;0;
18977;4768252;1015099392;20713472;1115049984;0;0;0;0;0;0;0;0;0;0;0;2575;0;0;89;0;80;0;
18978;5613257;1015099392;20713472;1115049984;0;0;0;0;0;0;0;0;0;0;0;3296;0;0;89;0;80;0;
18979;5246940;1015099392;20713472;1115049984;0;0;0;0;0;0;0;0;0;0;0;2374;0;0;89;0;80;0;
18980;4204324;1015099392;20713472;1115049984;0;0;0;0;0;0;0;0;0;0;0;3446;0;0;89;0;80;0;
18981;4310945;1015099392;20713472;1115049984;0;0;0;0;0;0;0;0;0;0;0;1884;0;0;89;0;80;0;
18982;4097795;1015099392;20713472;1115049984;0;0;0;0;0;0;0;0;0;0;0;3456;0;0;89;0;80;0;
18983;6398830;1015099392;20713472;1115049984;0;0;0;0;0;0;0;0;0;0;0;2945;0;0;89;0;80;0;
18984;3542493;1015099392;20713472;1115049984;0;0;0;0;0;0;0;0;0;0;0;3256;0;0;89;0;80;0;
18985;5253312;1015099392;20713472;1115049984;0;0;0;0;0;0;0;0;0;0;0;2254;0;0;89;0;80;0;
18986;3963654;1015099392;20713472;1115049984;0;0;0;0;0;0;0;0;0;0;0;2956;0;0;89;0;80;0;
18987;4541968;1015099392;20713472;1115049984;0;0;0;0;0;0;0;0;0;0;0;2534;0;0;89;0;80;0;
18988;3350794;1015099392;20713472;1115049984;0;0;0;0;0;0;0;0;0;0;0;3106;0;0;89;0;80;0;
18989;4878248;1015099392;20713472;1115049984;0;0;0;0;0;0;0;0;0;0;0;2274;0;0;89;0;80;0;
18990;4280678;1015099392;20713472;1115049984;0;0;0;0;0;0;0;0;0;0;0;2925;0;0;89;0;80;0;
18991;4501592;1015099392;20713472;1115049984;0;0;0;0;0;0;0;0;0;0;0;2184;0;0;89;0;80;0;
18992;3779478;1015099392;20713472;1115049984;0;0;0;0;0;0;0;0;0;0;0;3606;0;0;89;0;80;0;
18993;5524340;1015099392;20713472;1115049984;0;0;0;0;0;0;0;0;0;0;0;2194;0;0;89;0;80;0;
18994;4350318;1015099392;20713472;1115049984;0;0;0;0;0;0;0;0;0;0;0;2755;0;0;89;0;80;0;
18995;5852466;1015099392;20713472;1115049984;0;0;0;0;0;0;0;0;0;0;0;2745;0;0;89;0;80;0;
18996;3096558;1015099392;20713472;1115049984;0;0;0;0;0;0;0;0;0;0;0;3326;0;0;89;0;80;0;
18997;5320648;1015099392;20713472;1115049984;0;0;0;0;0;0;0;0;0;0;0;2846;0;0;89;0;80;0;
18998;4587563;1015099392;20713472;1115049984;0;0;0;0;0;0;0;0;0;0;0;2766;0;0;89;0;80;0;
18999;5765953;1015099392;20713472;1115049984;0;0;0;0;0;0;0;0;0;0;0;2064;0;0;89;0;80;0;
19000;3728272;1015099392;20713472;1115049984;0;0;0;0;0;0;0;0;0;0;0;2505;0;0;89;0;80;0;
19001;4658126;1015099392;20713472;1115049984;0;0;0;0;0;0;0;0;0;0;0;1973;0;0;89;0;80;0;
19002;2966373;1015099392;20713472;1115049984;0;0;0;0;0;0;0;0;0;0;0;2415;0;0;89;0;80;0;
19003;5143025;1015099392;20713472;1115049984;0;0;0;0;0;0;0;0;0;0;0;2225;0;0;89;0;80;0;
19004;2922891;1015099392;20713472;1115049984;0;0;0;0;0;0;0;0;0;0;0;3546;0;0;89;0;80;0;
19005;9113811;1015099392;20713472;1115049984;0;0;0;0;0;0;0;0;0;0;0;2655;0;0;89;0;80;0;
19006;3757587;1015099392;20713472;1115049984;0;0;0;0;0;0;0;0;0;0;0;3286;0;0;89;0;80;0;
19007;5670885;1019826176;31825920;1126162432;0;0;0;0;0;0;0;0;0;0;0;2846;0;0;89;0;80;0;
19008;3711420;1019826176;31825920;1126162432;0;0;0;0;0;0;0;0;0;0;0;2916;0;0;89;0;80;0;
19009;5273860;1019826176;31825920;1126162432;0;0;0;0;0;0;0;0;0;0;0;2164;0;0;89;0;80;0;
19010;4090161;1019826176;31825920;1126162432;0;0;0;0;0;0;0;0;0;0;0;2835;0;0;89;0;80;0;
19011;4305965;1019826176;31825920;1126162432;0;0;0;0;0;0;0;0;0;0;0;1833;0;0;89;0;80;0;
19012;4360798;1019826176;31825920;1126162432;0;0;0;0;0;0;0;0;0;0;0;2985;0;0;89;0;80;0;
19013;5165056;1019826176;31825920;1126162432;0;0;0;0;0;0;0;0;0;0;0;2345;0;0;89;0;80;0;
19014;3740625;1019826176;31825920;1126162432;0;0;0;0;0;0;0;0;0;0;0;2745;0;0;89;0;80;0;
19015;5237012;1019826176;31825920;1126162432;0;0;0;0;0;0;0;0;0;0;0;1674;0;0;89;0;80;0;
19016;2585709;1015132160;20713472;1115049984;0;0;0;0;0;0;0;0;0;0;0;2625;0;0;89;0;80;0;
19017;4383601;1015132160;20713472;1115049984;0;0;0;0;0;0;0;0;0;0;0;1523;0;0;89;0;80;0;
19018;2247966;1015132160;20713472;1115049984;0;0;0;0;0;0;0;0;0;0;0;2756;0;0;89;0;80;0;
19019;5551822;1015132160;20713472;1115049984;0;0;0;0;0;0;0;0;0;0;0;1553;0;0;89;0;80;0;
19020;2704181;1015132160;20713472;1115049984;0;0;0;0;0;0;0;0;0;0;0;2364;0;0;89;0;80;0;
19021;5921926;1015132160;20713472;1115049984;0;0;0;0;0;0;0;0;0;0;0;1904;0;0;89;0;80;0;
19022;2303329;1015132160;20713472;1115049984;0;0;0;0;0;0;0;0;0;0;0;10069;0;0;89;0;80;0;
19023;4456988;1015132160;20713472;1115049984;0;0;0;0;0;0;0;0;0;0;0;1553;0;0;89;0;80;0;
19024;2725762;1015132160;20713472;1115049984;0;0;0;0;0;0;0;0;0;0;0;2354;0;0;89;0;80;0;
19025;5426116;1015132160;20713472;1115049984;0;0;0;0;0;0;0;0;0;0;0;2655;0;0;89;0;80;0;
19026;3230859;1015132160;20713472;1115049984;0;0;0;0;0;0;0;0;0;0;0;2996;0;0;89;0;80;0;
19027;7049119;1015132160;20713472;1115049984;0;0;0;0;0;0;0;0;0;0;0;2455;0;0;89;0;80;0;
19028;10669730;1015132160;20713472;1115049984;0;0;0;0;0;0;0;0;0;0;0;3035;0;0;89;0;80;0;
19029;5596045;1015132160;20713472;1115049984;0;0;0;0;0;0;0;0;0;0;0;2575;0;0;89;0;80;0;
19030;3274491;1015132160;20713472;1115049984;0;0;0;0;0;0;0;0;0;0;0;2775;0;0;89;0;80;0;
19031;4790604;1015132160;20713472;1115049984;0;0;0;0;0;0;0;0;0;0;0;2244;0;0;89;0;80;0;
19032;3224296;1015132160;20713472;1115049984;0;0;0;0;0;0;0;0;0;0;0;2735;0;0;89;0;80;0;
19033;5571840;1015132160;20713472;1115049984;0;0;0;0;0;0;0;0;0;0;0;1763;0;0;89;0;80;0;
19034;4479350;1015132160;20713472;1115049984;0;0;0;0;0;0;0;0;0;0;0;2815;0;0;89;0;80;0;
19035;4830669;1015132160;20713472;1115049984;0;0;0;0;0;0;0;0;0;0;0;1723;0;0;89;0;80;0;
19036;3240857;1015132160;20713472;1115049984;0;0;0;0;0;0;0;0;0;0;0;3066;0;0;89;0;80;0;
19037;5327902;1015132160;20713472;1115049984;0;0;0;0;0;0;0;0;0;0;0;2715;0;0;89;0;80;0;
19038;3804245;1015132160;20713472;1115049984;0;0;0;0;0;0;0;0;0;0;0;3697;0;0;89;0;80;0;
19039;5427819;1015132160;20713472;1115049984;0;0;0;0;0;0;0;0;0;0;0;3246;0;0;89;0;80;0;
19040;3748500;1015132160;20713472;1115049984;0;0;0;0;0;0;0;0;0;0;0;3476;0;0;89;0;80;0;
19041;5232022;1015132160;20713472;1115049984;0;0;0;0;0;0;0;0;0;0;0;2875;0;0;89;0;80;0;
19042;3020024;1015132160;20713472;1115049984;0;0;0;0;0;0;0;0;0;0;0;3106;0;0;89;0;80;0;
19043;4721484;1015132160;20713472;1115049984;0;0;0;0;0;0;0;0;0;0;0;2304;0;0;89;0;80;0;
19044;3195493;1015132160;20713472;1115049984;0;0;0;0;0;0;0;0;0;0;0;3376;0;0;89;0;80;0;
19045;4557607;1015132160;20713472;1115049984;0;0;0;0;0;0;0;0;0;0;0;2354;0;0;89;0;80;0;
19046;4032993;1015132160;20713472;1115049984;0;0;0;0;0;0;0;0;0;0;0;3927;0;0;89;0;80;0;
19047;4679366;1015132160;20713472;1115049984;0;0;0;0;0;0;0;0;0;0;0;2595;0;0;89;0;80;0;
19048;4952969;1015132160;20713472;1115049984;0;0;0;0;0;0;0;0;0;0;0;3366;0;0;89;0;80;0;
19049;5850562;1015132160;20713472;1115049984;0;0;0;0;0;0;0;0;0;0;0;2044;0;0;89;0;80;0;
19050;3517988;1015132160;20713472;1115049984;0;0;0;0;0;0;0;0;0;0;0;3236;0;0;89;0;80;0;
19051;5261748;1015132160;20713472;1115049984;0;0;0;0;0;0;0;0;0;0;0;2585;0;0;89;0;80;0;
19052;3632742;1015132160;20713472;1115049984;0;0;0;0;0;0;0;0;0;0;0;3847;0;0;89;0;80;0;
19053;5535952;1015132160;20713472;1115049984;0;0;0;0;0;0;0;0;0;0;0;2605;0;0;89;0;80;0;
19054;3831866;1015132160;20713472;1115049984;0;0;0;0;0;0;0;0;0;0;0;3707;0;0;89;0;80;0;
19055;5087611;1015132160;20713472;1115049984;0;0;0;0;0;0;0;0;0;0;0;2665;0;0;89;0;80;0;
19056;4243107;1015132160;20713472;1115049984;0;0;0;0;0;0;0;0;0;0;0;3256;0;0;89;0;80;0;
19057;5777395;1015132160;20713472;1115049984;0;0;0;0;0;0;0;0;0;0;0;2535;0;0;89;0;80;0;
19058;2835658;1015132160;20713472;1115049984;0;0;0;0;0;0;0;0;0;0;0;2645;0;0;89;0;80;0;
19059;5805748;1015132160;20713472;1115049984;0;0;0;0;0;0;0;0;0;0;0;2024;0;0;89;0;80;0;
19060;3520703;1015132160;20713472;1115049984;0;0;0;0;0;0;0;0;0;0;0;2565;0;0;89;0;80;0;
19061;4875634;1015132160;20713472;1115049984;0;0;0;0;0;0;0;0;0;0;0;1934;0;0;89;0;80;0;
19062;3769349;1015132160;20713472;1115049984;0;0;0;0;0;0;0;0;0;0;0;2745;0;0;89;0;80;0;
19063;5060631;1015132160;20713472;1115049984;0;0;0;0;0;0;0;0;0;0;0;2074;0;0;89;0;80;0;
19064;3762606;1015132160;20713472;1115049984;0;0;0;0;0;0;0;0;0;0;0;3337;0;0;89;0;80;0;
19065;5147574;1015132160;20713472;1115049984;0;0;0;0;0;0;0;0;0;0;0;2825;0;0;89;0;80;0;
19066;3484385;1015132160;20713472;1115049984;0;0;0;0;0;0;0;0;0;0;0;3046;0;0;89;0;80;0;
19067;5011068;1015132160;20713472;1115049984;0;0;0;0;0;0;0;0;0;0;0;2415;0;0;89;0;80;0;
19068;4004100;1015132160;20713472;1115049984;0;0;0;0;0;0;0;0;0;0;0;3697;0;0;89;0;80;0;
19069;4592613;1015132160;20713472;1115049984;0;0;0;0;0;0;0;0;0;0;0;2544;0;0;89;0;80;0;
19070;4627318;1015132160;20713472;1115049984;0;0;0;0;0;0;0;0;0;0;0;3787;0;0;89;0;80;0;
19071;5723855;1015132160;20713472;1115049984;0;0;0;0;0;0;0;0;0;0;0;2464;0;0;89;0;80;0;
19072;4860325;1015132160;20713472;1115049984;0;0;0;0;0;0;0;0;0;0;0;2604;0;0;89;0;80;0;
19073;4936017;1015132160;20713472;1115049984;0;0;0;0;0;0;0;0;0;0;0;50034;0;0;89;0;80;0;
19074;3094183;1015132160;20713472;1115049984;0;0;0;0;0;0;0;0;0;0;0;3185;0;0;89;0;80;0;
19075;4480673;1015132160;20713472;1115049984;0;0;0;0;0;0;0;0;0;0;0;1783;0;0;89;0;80;0;
19076;4803318;1015132160;20713472;1115049984;0;0;0;0;0;0;0;0;0;0;0;2484;0;0;89;0;80;0;
19077;5003944;1015132160;20713472;1115049984;0;0;0;0;0;0;0;0;0;0;0;1943;0;0;89;0;80;0;
19078;4426742;1015132160;20713472;1115049984;0;0;0;0;0;0;0;0;0;0;0;3336;0;0;89;0;80;0;
19079;4661322;1015132160;20713472;1115049984;0;0;0;0;0;0;0;0;0;0;0;2114;0;0;89;0;80;0;
19080;3998939;1015132160;20713472;1115049984;0;0;0;0;0;0;0;0;0;0;0;3016;0;0;89;0;80;0;
19081;4985690;1015132160;20713472;1115049984;0;0;0;0;0;0;0;0;0;0;0;2264;0;0;89;0;80;0;
19082;5699108;1015132160;20713472;1115049984;0;0;0;0;0;0;0;0;0;0;0;3747;0;0;89;0;80;0;
19083;6387018;1015132160;20713472;1115049984;0;0;0;0;0;0;0;0;0;0;0;3597;0;0;89;0;80;0;
19084;6262405;1015132160;20713472;1115049984;0;0;0;0;0;0;0;0;0;0;0;4018;0;0;89;0;80;0;
19085;6403429;1015132160;20713472;1115049984;0;0;0;0;0;0;0;0;0;0;0;3778;0;0;89;0;80;0;
19086;4937700;1015132160;20713472;1115049984;0;0;0;0;0;0;0;0;0;0;0;3376;0;0;89;0;80;0;
19087;5537626;1015132160;20713472;1115049984;0;0;0;0;0;0;0;0;0;0;0;4227;0;0;89;0;80;0;
19088;4278294;1015132160;20713472;1115049984;0;0;0;0;0;0;0;0;0;0;0;3997;0;0;89;0;80;0;
19089;6265991;1015132160;20713472;1115049984;0;0;0;0;0;0;0;0;0;0;0;4158;0;0;89;0;80;0;
19090;3978451;1015132160;20713472;1115049984;0;0;0;0;0;0;0;0;0;0;0;3657;0;0;89;0;80;0;
19091;6527912;1015132160;20713472;1115049984;0;0;0;0;0;0;0;0;0;0;0;3056;0;0;89;0;80;0;
19092;2658747;1015132160;20713472;1115049984;0;0;0;0;0;0;0;0;0;0;0;3196;0;0;89;0;80;0;
19093;5243404;1015132160;20713472;1115049984;0;0;0;0;0;0;0;0;0;0;0;2896;0;0;89;0;80;0;
19094;3959936;1015132160;20713472;1115049984;0;0;0;0;0;0;0;0;0;0;0;3316;0;0;89;0;80;0;
19095;5083334;1015132160;20713472;1115049984;0;0;0;0;0;0;0;0;0;0;0;4268;0;0;89;0;80;0;
19096;3827989;1015132160;20713472;1115049984;0;0;0;0;0;0;0;0;0;0;0;2955;0;0;89;0;80;0;
19097;4564370;1015132160;20713472;1115049984;0;0;0;0;0;0;0;0;0;0;0;1813;0;0;89;0;80;0;
19098;5611073;1015132160;20713472;1115049984;0;0;0;0;0;0;0;0;0;0;0;4669;0;0;89;0;80;0;
19099;4985991;1015132160;20713472;1115049984;0;0;0;0;0;0;0;0;0;0;0;2565;0;0;89;0;80;0;
19100;3583210;1015132160;20713472;1115049984;0;0;0;0;0;0;0;0;0;0;0;2395;0;0;89;0;80;0;
19101;5778287;1019858944;31825920;1126162432;0;0;0;0;0;0;0;0;0;0;0;2685;0;0;89;0;80;0;
19102;2935845;1019858944;31825920;1126162432;0;0;0;0;0;0;0;0;0;0;0;2445;0;0;89;0;80;0;
19103;5946973;1019858944;31825920;1126162432;0;0;0;0;0;0;0;0;0;0;0;2215;0;0;89;0;80;0;
19104;4665049;1019858944;31825920;1126162432;0;0;0;0;0;0;0;0;0;0;0;3376;0;0;89;0;80;0;
19105;6806194;1019858944;31825920;1126162432;0;0;0;0;0;0;0;0;0;0;0;3407;0;0;89;0;80;0;
19106;4965833;1019858944;31825920;1126162432;0;0;0;0;0;0;0;0;0;0;0;3497;0;0;89;0;80;0;
19107;6251364;1019858944;31825920;1126162432;0;0;0;0;0;0;0;0;0;0;0;3907;0;0;89;0;80;0;
19108;4202101;1019858944;31825920;1126162432;0;0;0;0;0;0;0;0;0;0;0;3747;0;0;89;0;80;0;
19109;5775782;1019858944;31825920;1126162432;0;0;0;0;0;0;0;0;0;0;0;3998;0;0;89;0;80;0;
19110;5132365;1015132160;20713472;1115049984;0;0;0;0;0;0;0;0;0;0;0;3516;0;0;89;0;80;0;
19111;4900470;1015132160;20713472;1115049984;0;0;0;0;0;0;0;0;0;0;0;3016;0;0;89;0;80;0;
19112;2186310;1015132160;20713472;1115049984;0;0;0;0;0;0;0;0;0;0;0;2915;0;0;89;0;80;0;
19113;5256428;1015132160;20713472;1115049984;0;0;0;0;0;0;0;0;0;0;0;1673;0;0;89;0;80;0;
19114;2543940;1015132160;20713472;1115049984;0;0;0;0;0;0;0;0;0;0;0;2615;0;0;89;0;80;0;
19115;4404961;1015132160;20713472;1115049984;0;0;0;0;0;0;0;0;0;0;0;1553;0;0;89;0;80;0;
19116;2832763;1015132160;20713472;1115049984;0;0;0;0;0;0;0;0;0;0;0;3476;0;0;89;0;80;0;
19117;4599075;1015132160;20713472;1115049984;0;0;0;0;0;0;0;0;0;0;0;2234;0;0;89;0;80;0;
19118;3265263;1015132160;20713472;1115049984;0;0;0;0;0;0;0;0;0;0;0;2986;0;0;89;0;80;0;
19119;4665800;1015132160;20713472;1115049984;0;0;0;0;0;0;0;0;0;0;0;2375;0;0;89;0;80;0;
19120;3307864;1015132160;20713472;1115049984;0;0;0;0;0;0;0;0;0;0;0;2745;0;0;89;0;80;0;
19121;5020826;1015132160;20713472;1115049984;0;0;0;0;0;0;0;0;0;0;0;2454;0;0;89;0;80;0;
19122;5670234;1015132160;20713472;1115049984;0;0;0;0;0;0;0;0;0;0;0;3908;0;0;89;0;80;0;
19123;5044621;1015132160;20713472;1115049984;0;0;0;0;0;0;0;0;0;0;0;2224;0;0;89;0;80;0;
19124;4272913;1015132160;20713472;1115049984;0;0;0;0;0;0;0;0;0;0;0;2364;0;0;89;0;80;0;
19125;5197327;1015132160;20713472;1115049984;0;0;0;0;0;0;0;0;0;0;0;2164;0;0;89;0;80;0;
19126;4224703;1015132160;20713472;1115049984;0;0;0;0;0;0;0;0;0;0;0;3196;0;0;89;0;80;0;
19127;4931348;1015132160;20713472;1115049984;0;0;0;0;0;0;0;0;0;0;0;2184;0;0;89;0;80;0;
19128;3387322;1015132160;20713472;1115049984;0;0;0;0;0;0;0;0;0;0;0;1994;0;0;89;0;80;0;
19129;4590068;1015132160;20713472;1115049984;0;0;0;0;0;0;0;0;0;0;0;1803;0;0;89;0;80;0;
19130;4643458;1015132160;20713472;1115049984;0;0;0;0;0;0;0;0;0;0;0;2926;0;0;89;0;80;0;
19131;4862459;1015132160;20713472;1115049984;0;0;0;0;0;0;0;0;0;0;0;2595;0;0;89;0;80;0;
19132;3999791;1015132160;20713472;1115049984;0;0;0;0;0;0;0;0;0;0;0;2635;0;0;89;0;80;0;
19133;4707148;1015132160;20713472;1115049984;0;0;0;0;0;0;0;0;0;0;0;2465;0;0;89;0;80;0;
19134;3807871;1015132160;20713472;1115049984;0;0;0;0;0;0;0;0;0;0;0;2876;0;0;89;0;80;0;
19135;5638154;1015132160;20713472;1115049984;0;0;0;0;0;0;0;0;0;0;0;2204;0;0;89;0;80;0;
19136;3931403;1015132160;20713472;1115049984;0;0;0;0;0;0;0;0;0;0;0;3036;0;0;89;0;80;0;
19137;5400387;1015132160;20713472;1115049984;0;0;0;0;0;0;0;0;0;0;0;2695;0;0;89;0;80;0;
19138;3256046;1015132160;20713472;1115049984;0;0;0;0;0;0;0;0;0;0;0;1923;0;0;89;0;80;0;
19139;5382444;1015132160;20713472;1115049984;0;0;0;0;0;0;0;0;0;0;0;1843;0;0;89;0;80;0;
19140;3151661;1015132160;20713472;1115049984;0;0;0;0;0;0;0;0;0;0;0;2785;0;0;89;0;80;0;
19141;4802496;1015132160;20713472;1115049984;0;0;0;0;0;0;0;0;0;0;0;2364;0;0;89;0;80;0;
19142;3747909;1015132160;20713472;1115049984;0;0;0;0;0;0;0;0;0;0;0;2354;0;0;89;0;80;0;
19143;4484991;1015132160;20713472;1115049984;0;0;0;0;0;0;0;0;0;0;0;2395;0;0;89;0;80;0;
19144;2466376;1015132160;20713472;1115049984;0;0;0;0;0;0;0;0;0;0;0;1703;0;0;89;0;80;0;
19145;5540601;1015132160;20713472;1115049984;0;0;0;0;0;0;0;0;0;0;0;1363;0;0;89;0;80;0;
19146;2164339;1015132160;20713472;1115049984;0;0;0;0;0;0;0;0;0;0;0;2103;0;0;89;0;80;0;
19147;4214814;1015132160;20713472;1115049984;0;0;0;0;0;0;0;0;0;0;0;1593;0;0;89;0;80;0;
19148;2854002;1015132160;20713472;1115049984;0;0;0;0;0;0;0;0;0;0;0;2385;0;0;89;0;80;0;
19149;5626562;1015132160;20713472;1115049984;0;0;0;0;0;0;0;0;0;0;0;2164;0;0;89;0;80;0;
19150;2906862;1015132160;20713472;1115049984;0;0;0;0;0;0;0;0;0;0;0;2084;0;0;89;0;80;0;
19151;4042912;1015132160;20713472;1115049984;0;0;0;0;0;0;0;0;0;0;0;1402;0;0;89;0;80;0;
19152;2118994;1015132160;20713472;1115049984;0;0;0;0;0;0;0;0;0;0;0;3096;0;0;89;0;80;0;
19153;4612891;1015132160;20713472;1115049984;0;0;0;0;0;0;0;0;0;0;0;2686;0;0;89;0;80;0;
19154;1899673;1015132160;20713472;1115049984;0;0;0;0;0;0;0;0;0;0;0;2104;0;0;89;0;80;0;
19155;4715053;1015132160;20713472;1115049984;0;0;0;0;0;0;0;0;0;0;0;1603;0;0;89;0;80;0;
19156;2058541;1015132160;20713472;1115049984;0;0;0;0;0;0;0;0;0;0;0;2214;0;0;89;0;80;0;
19157;4853652;1015132160;20713472;1115049984;0;0;0;0;0;0;0;0;0;0;0;1643;0;0;89;0;80;0;
19158;1527685;1015132160;20713472;1115049984;0;0;0;0;0;0;0;0;0;0;0;1874;0;0;89;0;80;0;
19159;4664147;1015132160;20713472;1115049984;0;0;0;0;0;0;0;0;0;0;0;1592;0;0;89;0;80;0;
19160;2714351;1015132160;20713472;1115049984;0;0;0;0;0;0;0;0;0;0;0;3076;0;0;89;0;80;0;
19161;4976463;1015132160;20713472;1115049984;0;0;0;0;0;0;0;0;0;0;0;2254;0;0;89;0;80;0;
19162;2761409;1015132160;20713472;1115049984;0;0;0;0;0;0;0;0;0;0;0;2835;0;0;89;0;80;0;
19163;4832943;1015132160;20713472;1115049984;0;0;0;0;0;0;0;0;0;0;0;2275;0;0;89;0;80;0;
19164;3690050;1015132160;20713472;1115049984;0;0;0;0;0;0;0;0;0;0;0;2745;0;0;89;0;80;0;
19165;4360437;1015132160;20713472;1115049984;0;0;0;0;0;0;0;0;0;0;0;2194;0;0;89;0;80;0;
19166;2662984;1015132160;20713472;1115049984;0;0;0;0;0;0;0;0;0;0;0;2374;0;0;89;0;80;0;
19167;5888743;1015132160;20713472;1115049984;0;0;0;0;0;0;0;0;0;0;0;2405;0;0;89;0;80;0;
19168;3333952;1015132160;20713472;1115049984;0;0;0;0;0;0;0;0;0;0;0;2706;0;0;89;0;80;0;
19169;4931539;1015132160;20713472;1115049984;0;0;0;0;0;0;0;0;0;0;0;2124;0;0;89;0;80;0;
19170;2617639;1015132160;20713472;1115049984;0;0;0;0;0;0;0;0;0;0;0;2505;0;0;89;0;80;0;
19171;4827063;1015132160;20713472;1115049984;0;0;0;0;0;0;0;0;0;0;0;2204;0;0;89;0;80;0;
19172;3524379;1015132160;20713472;1115049984;0;0;0;0;0;0;0;0;0;0;0;2605;0;0;89;0;80;0;
19173;5587899;1015132160;20713472;1115049984;0;0;0;0;0;0;0;0;0;0;0;2134;0;0;89;0;80;0;
19174;3550719;1015132160;20713472;1115049984;0;0;0;0;0;0;0;0;0;0;0;2956;0;0;89;0;80;0;
19175;6288703;1015132160;20713472;1115049984;0;0;0;0;0;0;0;0;0;0;0;3377;0;0;89;0;80;0;
19176;3414433;1015132160;20713472;1115049984;0;0;0;0;0;0;0;0;0;0;0;2485;0;0;89;0;80;0;
19177;4626917;1015132160;20713472;1115049984;0;0;0;0;0;0;0;0;0;0;0;1874;0;0;89;0;80;0;
19178;2176582;1015132160;20713472;1115049984;0;0;0;0;0;0;0;0;0;0;0;2094;0;0;89;0;80;0;
19179;4466706;1015132160;20713472;1115049984;0;0;0;0;0;0;0;0;0;0;0;1783;0;0;89;0;80;0;
19180;3234546;1015132160;20713472;1115049984;0;0;0;0;0;0;0;0;0;0;0;2134;0;0;89;0;80;0;
19181;4735611;1015132160;20713472;1115049984;0;0;0;0;0;0;0;0;0;0;0;1663;0;0;89;0;80;0;
19182;2550804;1015132160;20713472;1115049984;0;0;0;0;0;0;0;0;0;0;0;2805;0;0;89;0;80;0;
19183;4542689;1015132160;20713472;1115049984;0;0;0;0;0;0;0;0;0;0;0;2355;0;0;89;0;80;0;
19184;3699648;1015132160;20713472;1115049984;0;0;0;0;0;0;0;0;0;0;0;2996;0;0;89;0;80;0;
19185;4531709;1015132160;20713472;1115049984;0;0;0;0;0;0;0;0;0;0;0;2294;0;0;89;0;80;0;
19186;2902153;1015132160;20713472;1115049984;0;0;0;0;0;0;0;0;0;0;0;2555;0;0;89;0;80;0;
19187;6060245;1015132160;20713472;1115049984;0;0;0;0;0;0;0;0;0;0;0;2354;0;0;89;0;80;0;
19188;3433580;1015132160;20713472;1115049984;0;0;0;0;0;0;0;0;0;0;0;2485;0;0;89;0;80;0;
19189;4650391;1015132160;20713472;1115049984;0;0;0;0;0;0;0;0;0;0;0;1573;0;0;89;0;80;0;
19190;2473148;1015132160;20713472;1115049984;0;0;0;0;0;0;0;0;0;0;0;1893;0;0;89;0;80;0;
19191;5300771;1015132160;20713472;1115049984;0;0;0;0;0;0;0;0;0;0;0;1954;0;0;89;0;80;0;
19192;3228805;1015132160;20713472;1115049984;0;0;0;0;0;0;0;0;0;0;0;2465;0;0;89;0;80;0;
19193;4990169;1015132160;20713472;1115049984;0;0;0;0;0;0;0;0;0;0;0;1513;0;0;89;0;80;0;
19194;2307918;1015132160;20713472;1115049984;0;0;0;0;0;0;0;0;0;0;0;2244;0;0;89;0;80;0;
19195;4608753;1015132160;20713472;1115049984;0;0;0;0;0;0;0;0;0;0;0;1633;0;0;89;0;80;0;
19196;2008927;1015132160;20713472;1115049984;0;0;0;0;0;0;0;0;0;0;0;1723;0;0;89;0;80;0;
19197;4742364;1015132160;20713472;1115049984;0;0;0;0;0;0;0;0;0;0;0;1493;0;0;89;0;80;0;
19198;3163032;1015132160;20713472;1115049984;0;0;0;0;0;0;0;0;0;0;0;2184;0;0;89;0;80;0;
19199;5068135;1015132160;20713472;1115049984;0;0;0;0;0;0;0;0;0;0;0;1784;0;0;89;0;80;0;
19200;3034722;1015132160;20713472;1115049984;0;0;0;0;0;0;0;0;0;0;0;2625;0;0;89;0;80;0;
19201;5189252;1015132160;20713472;1115049984;0;0;0;0;0;0;0;0;0;0;0;2534;0;0;89;0;80;0;
19202;3224517;1015132160;20713472;1115049984;0;0;0;0;0;0;0;0;0;0;0;2816;0;0;89;0;80;0;
19203;4808698;1015132160;20713472;1115049984;0;0;0;0;0;0;0;0;0;0;0;2214;0;0;89;0;80;0;
19204;3351315;1015132160;20713472;1115049984;0;0;0;0;0;0;0;0;0;0;0;2715;0;0;89;0;80;0;
19205;5409775;1015132160;20721664;1115058176;0;0;0;0;0;0;0;0;0;0;0;2505;0;0;89;0;80;0;
19206;4092586;1015132160;20721664;1115058176;0;0;0;0;0;0;0;0;0;0;0;2885;0;0;89;0;80;0;
19207;4664247;1015132160;20721664;1115058176;0;0;0;0;0;0;0;0;0;0;0;2484;0;0;89;0;80;0;
19208;3334033;1015132160;20721664;1115058176;0;0;0;0;0;0;0;0;0;0;0;2795;0;0;89;0;80;0;
19209;5191466;1015132160;20721664;1115058176;0;0;0;0;0;0;0;0;0;0;0;2485;0;0;89;0;80;0;
19210;2846078;1015132160;20721664;1115058176;0;0;0;0;0;0;0;0;0;0;0;2434;0;0;89;0;80;0;
19211;4930286;1015132160;20721664;1115058176;0;0;0;0;0;0;0;0;0;0;0;2484;0;0;89;0;80;0;
19212;3066871;1015132160;20713472;1115049984;0;0;0;0;0;0;0;0;0;0;0;2925;0;0;89;0;80;0;
19213;5540501;1015132160;20713472;1115049984;0;0;0;0;0;0;0;0;0;0;0;2134;0;0;89;0;80;0;
19214;3617484;1015132160;20713472;1115049984;0;0;0;0;0;0;0;0;0;0;0;2885;0;0;89;0;80;0;
19215;5045212;1015132160;20713472;1115049984;0;0;0;0;0;0;0;0;0;0;0;2424;0;0;89;0;80;0;
19216;3571147;1015132160;20713472;1115049984;0;0;0;0;0;0;0;0;0;0;0;2815;0;0;89;0;80;0;
19217;5388485;1015132160;20713472;1115049984;0;0;0;0;0;0;0;0;0;0;0;2495;0;0;89;0;80;0;
19218;4566995;1015132160;20713472;1115049984;0;0;0;0;0;0;0;0;0;0;0;3377;0;0;89;0;80;0;
19219;6344268;1019858944;31825920;1126162432;0;0;0;0;0;0;0;0;0;0;0;3196;0;0;89;0;80;0;
19220;4428435;1019858944;31825920;1126162432;0;0;0;0;0;0;0;0;0;0;0;3026;0;0;89;0;80;0;
19221;5010256;1019858944;31825920;1126162432;0;0;0;0;0;0;0;0;0;0;0;2796;0;0;89;0;80;0;
19222;3596656;1019858944;31825920;1126162432;0;0;0;0;0;0;0;0;0;0;0;4068;0;0;89;0;80;0;
19223;5395098;1019858944;31825920;1126162432;0;0;0;0;0;0;0;0;0;0;0;2164;0;0;89;0;80;0;
19224;3553715;1019858944;31825920;1126162432;0;0;0;0;0;0;0;0;0;0;0;2806;0;0;89;0;80;0;
19225;4991631;1019858944;31825920;1126162432;0;0;0;0;0;0;0;0;0;0;0;1834;0;0;89;0;80;0;
19226;2879951;1019858944;31825920;1126162432;0;0;0;0;0;0;0;0;0;0;0;2324;0;0;89;0;80;0;
19227;5590705;1019858944;31825920;1126162432;0;0;0;0;0;0;0;0;0;0;0;2305;0;0;89;0;80;0;
19228;4480333;1015132160;20713472;1115049984;0;0;0;0;0;0;0;0;0;0;0;2675;0;0;89;0;80;0;
19229;4972755;1015132160;20713472;1115049984;0;0;0;0;0;0;0;0;0;0;0;2114;0;0;89;0;80;0;
19230;4163679;1015132160;20713472;1115049984;0;0;0;0;0;0;0;0;0;0;0;2895;0;0;89;0;80;0;
19231;5460330;1015132160;20713472;1115049984;0;0;0;0;0;0;0;0;0;0;0;2164;0;0;89;0;80;0;
19232;4096383;1015132160;20713472;1115049984;0;0;0;0;0;0;0;0;0;0;0;2484;0;0;89;0;80;0;
19233;4950935;1015132160;20713472;1115049984;0;0;0;0;0;0;0;0;0;0;0;1823;0;0;89;0;80;0;
19234;3020755;1015132160;20713472;1115049984;0;0;0;0;0;0;0;0;0;0;0;2605;0;0;89;0;80;0;
19235;5368488;1015132160;20713472;1115049984;0;0;0;0;0;0;0;0;0;0;0;2264;0;0;89;0;80;0;
19236;2806773;1015132160;20713472;1115049984;0;0;0;0;0;0;0;0;0;0;0;1924;0;0;89;0;80;0;
19237;4951756;1015132160;20713472;1115049984;0;0;0;0;0;0;0;0;0;0;0;1663;0;0;89;0;80;0;
19238;3500404;1015132160;20713472;1115049984;0;0;0;0;0;0;0;0;0;0;0;2635;0;0;89;0;80;0;
19239;5461923;1015132160;20713472;1115049984;0;0;0;0;0;0;0;0;0;0;0;2274;0;0;89;0;80;0;
19240;3872973;1015132160;20713472;1115049984;0;0;0;0;0;0;0;0;0;0;0;2695;0;0;89;0;80;0;
19241;4880814;1015132160;20713472;1115049984;0;0;0;0;0;0;0;0;0;0;0;2395;0;0;89;0;80;0;
19242;2390343;1015132160;20713472;1115049984;0;0;0;0;0;0;0;0;0;0;0;2264;0;0;89;0;80;0;
19243;4680658;1015132160;20713472;1115049984;0;0;0;0;0;0;0;0;0;0;0;1543;0;0;89;0;80;0;
19244;2953489;1015132160;20713472;1115049984;0;0;0;0;0;0;0;0;0;0;0;2375;0;0;89;0;80;0;
19245;5060040;1015132160;20713472;1115049984;0;0;0;0;0;0;0;0;0;0;0;1683;0;0;89;0;80;0;
19246;2378871;1015132160;20713472;1115049984;0;0;0;0;0;0;0;0;0;0;0;2505;0;0;89;0;80;0;
19247;4603233;1015132160;20713472;1115049984;0;0;0;0;0;0;0;0;0;0;0;2204;0;0;89;0;80;0;
19248;3737560;1015132160;20713472;1115049984;0;0;0;0;0;0;0;0;0;0;0;3016;0;0;89;0;80;0;
19249;4900160;1015132160;20713472;1115049984;0;0;0;0;0;0;0;0;0;0;0;2384;0;0;89;0;80;0;
19250;3288077;1015132160;20713472;1115049984;0;0;0;0;0;0;0;0;0;0;0;2565;0;0;89;0;80;0;
19251;5010156;1015132160;20713472;1115049984;0;0;0;0;0;0;0;0;0;0;0;2184;0;0;89;0;80;0;
19252;3227092;1015132160;20713472;1115049984;0;0;0;0;0;0;0;0;0;0;0;2885;0;0;89;0;80;0;
19253;5723434;1015132160;20713472;1115049984;0;0;0;0;0;0;0;0;0;0;0;2484;0;0;89;0;80;0;
19254;4288061;1015132160;20713472;1115049984;0;0;0;0;0;0;0;0;0;0;0;3216;0;0;89;0;80;0;
19255;11015839;1015132160;20713472;1115049984;0;0;0;0;0;0;0;0;0;0;0;2414;0;0;89;0;80;0;
19256;3035954;1015132160;20713472;1115049984;0;0;0;0;0;0;0;0;0;0;0;3075;0;0;89;0;80;0;
19257;5333803;1015132160;20713472;1115049984;0;0;0;0;0;0;0;0;0;0;0;2374;0;0;89;0;80;0;
19258;2964780;1015132160;20713472;1115049984;0;0;0;0;0;0;0;0;0;0;0;3447;0;0;89;0;80;0;
19259;4774104;1015132160;20713472;1115049984;0;0;0;0;0;0;0;0;0;0;0;2425;0;0;89;0;80;0;
19260;3305118;1015132160;20713472;1115049984;0;0;0;0;0;0;0;0;0;0;0;2735;0;0;89;0;80;0;
19261;5018572;1015132160;20713472;1115049984;0;0;0;0;0;0;0;0;0;0;0;2655;0;0;89;0;80;0;
19262;3614599;1015132160;20713472;1115049984;0;0;0;0;0;0;0;0;0;0;0;3297;0;0;89;0;80;0;
19263;4726093;1015132160;20713472;1115049984;0;0;0;0;0;0;0;0;0;0;0;2404;0;0;89;0;80;0;
19264;3601545;1015132160;20713472;1115049984;0;0;0;0;0;0;0;0;0;0;0;2324;0;0;89;0;80;0;
19265;5313435;1015132160;20713472;1115049984;0;0;0;0;0;0;0;0;0;0;0;1914;0;0;89;0;80;0;
19266;3495255;1015132160;20713472;1115049984;0;0;0;0;0;0;0;0;0;0;0;2445;0;0;89;0;80;0;
19267;5866101;1015132160;20713472;1115049984;0;0;0;0;0;0;0;0;0;0;0;2033;0;0;89;0;80;0;
19268;3900415;1015132160;20713472;1115049984;0;0;0;0;0;0;0;0;0;0;0;2986;0;0;89;0;80;0;
19269;4737244;1015132160;20713472;1115049984;0;0;0;0;0;0;0;0;0;0;0;2304;0;0;89;0;80;0;
19270;4766709;1015132160;20713472;1115049984;0;0;0;0;0;0;0;0;0;0;0;2955;0;0;89;0;80;0;
19271;4614234;1015132160;20713472;1115049984;0;0;0;0;0;0;0;0;0;0;0;1854;0;0;89;0;80;0;
19272;5215761;1015132160;20713472;1115049984;0;0;0;0;0;0;0;0;0;0;0;3397;0;0;89;0;80;0;
19273;4883759;1015132160;20713472;1115049984;0;0;0;0;0;0;0;0;0;0;0;2395;0;0;89;0;80;0;
19274;6266432;1015132160;20713472;1115049984;0;0;0;0;0;0;0;0;0;0;0;3256;0;0;89;0;80;0;
19275;5075839;1015132160;20713472;1115049984;0;0;0;0;0;0;0;0;0;0;0;2675;0;0;89;0;80;0;
19276;5507058;1015132160;20713472;1115049984;0;0;0;0;0;0;0;0;0;0;0;3146;0;0;89;0;80;0;
19277;5218327;1015132160;20713472;1115049984;0;0;0;0;0;0;0;0;0;0;0;3056;0;0;89;0;80;0;
19278;6968599;1015132160;20713472;1115049984;0;0;0;0;0;0;0;0;0;0;0;4509;0;0;89;0;80;0;
19279;5753770;1015132160;20713472;1115049984;0;0;0;0;0;0;0;0;0;0;0;3056;0;0;89;0;80;0;
19280;5302194;1015132160;20713472;1115049984;0;0;0;0;0;0;0;0;0;0;0;4027;0;0;89;0;80;0;
19281;5219248;1015132160;20713472;1115049984;0;0;0;0;0;0;0;0;0;0;0;3166;0;0;89;0;80;0;
19282;5152864;1015132160;20713472;1115049984;0;0;0;0;0;0;0;0;0;0;0;3446;0;0;89;0;80;0;
19283;4831271;1015132160;20713472;1115049984;0;0;0;0;0;0;0;0;0;0;0;2494;0;0;89;0;80;0;
19284;4961975;1015132160;20713472;1115049984;0;0;0;0;0;0;0;0;0;0;0;4358;0;0;89;0;80;0;
19285;6917442;1015132160;20713472;1115049984;0;0;0;0;0;0;0;0;0;0;0;3256;0;0;89;0;80;0;
19286;5655727;1015132160;20713472;1115049984;0;0;0;0;0;0;0;0;0;0;0;3536;0;0;89;0;80;0;
19287;6315043;1015132160;20713472;1115049984;0;0;0;0;0;0;0;0;0;0;0;3888;0;0;89;0;80;0;
19288;6401635;1015132160;20713472;1115049984;0;0;0;0;0;0;0;0;0;0;0;3597;0;0;89;0;80;0;
19289;5225149;1015132160;20713472;1115049984;0;0;0;0;0;0;0;0;0;0;0;2525;0;0;89;0;80;0;
19290;5717683;1015132160;20713472;1115049984;0;0;0;0;0;0;0;0;0;0;0;3407;0;0;89;0;80;0;
19291;4903256;1015132160;20713472;1115049984;0;0;0;0;0;0;0;0;0;0;0;2785;0;0;89;0;80;0;
19292;6182084;1015132160;20713472;1115049984;0;0;0;0;0;0;0;0;0;0;0;4518;0;0;89;0;80;0;
19293;5533848;1015132160;20713472;1115049984;0;0;0;0;0;0;0;0;0;0;0;3747;0;0;89;0;80;0;
19294;16320397;1015132160;20713472;1115049984;0;0;0;0;0;0;0;0;0;0;0;3977;0;0;89;0;80;0;
19295;7068496;1015132160;20713472;1115049984;0;0;0;0;0;0;0;0;0;0;0;4829;0;0;89;0;80;0;
19296;5471942;1015132160;20713472;1115049984;0;0;0;0;0;0;0;0;0;0;0;4438;0;0;89;0;80;0;
19297;5339424;1015132160;20713472;1115049984;0;0;0;0;0;0;0;0;0;0;0;3417;0;0;89;0;80;0;
19298;5668040;1015132160;20713472;1115049984;0;0;0;0;0;0;0;0;0;0;0;4859;0;0;89;0;80;0;
19299;5872613;1015132160;20713472;1115049984;0;0;0;0;0;0;0;0;0;0;0;3857;0;0;89;0;80;0;
19300;5446895;1015132160;20713472;1115049984;0;0;0;0;0;0;0;0;0;0;0;3747;0;0;89;0;80;0;
19301;5729866;1015132160;20713472;1115049984;0;0;0;0;0;0;0;0;0;0;0;2354;0;0;89;0;80;0;
19302;4629592;1015132160;20713472;1115049984;0;0;0;0;0;0;0;0;0;0;0;3266;0;0;89;0;80;0;
19303;5377545;1015132160;20713472;1115049984;0;0;0;0;0;0;0;0;0;0;0;2394;0;0;89;0;80;0;
19304;5078083;1015132160;20713472;1115049984;0;0;0;0;0;0;0;0;0;0;0;3686;0;0;89;0;80;0;
19305;4900209;1015132160;20713472;1115049984;0;0;0;0;0;0;0;0;0;0;0;2434;0;0;89;0;80;0;
19306;4858091;1015132160;20713472;1115049984;0;0;0;0;0;0;0;0;0;0;0;3637;0;0;89;0;80;0;
19307;5897711;1015132160;20721664;1115058176;0;0;0;0;0;0;0;0;0;0;0;3126;0;0;89;0;80;0;
19308;4024056;1015132160;20721664;1115058176;0;0;0;0;0;0;0;0;0;0;0;3968;0;0;89;0;80;0;
19309;6712989;1015132160;20721664;1115058176;0;0;0;0;0;0;0;0;0;0;0;4539;0;0;89;0;80;0;
19310;6434457;1015132160;20721664;1115058176;0;0;0;0;0;0;0;0;0;0;0;4288;0;0;89;0;80;0;
19311;7164006;1015132160;20721664;1115058176;0;0;0;0;0;0;0;0;0;0;0;4188;0;0;89;0;80;0;
19312;7145190;1015132160;20721664;1115058176;0;0;0;0;0;0;0;0;0;0;0;4047;0;0;89;0;80;0;
19313;6416253;1019858944;31834112;1126170624;0;0;0;0;0;0;0;0;0;0;0;4068;0;0;89;0;80;0;
19314;7433471;1019957248;31825920;1126162432;0;0;0;0;0;0;0;0;0;0;0;5120;0;0;89;0;80;0;
19315;6492396;1019957248;31825920;1126162432;0;0;0;0;0;0;0;0;0;0;0;3717;0;0;89;0;80;0;
19316;6129355;1019957248;31825920;1126162432;0;0;0;0;0;0;0;0;0;0;0;3807;0;0;89;0;80;0;
19317;5596245;1019957248;31825920;1126162432;0;0;0;0;0;0;0;0;0;0;0;2615;0;0;89;0;80;0;
19318;4190819;1019957248;31825920;1126162432;0;0;0;0;0;0;0;0;0;0;0;3517;0;0;89;0;80;0;
19319;5825716;1019957248;31825920;1126162432;0;0;0;0;0;0;0;0;0;0;0;3216;0;0;89;0;80;0;
19320;5808423;1019957248;31825920;1126162432;0;0;0;0;0;0;0;0;0;0;0;4358;0;0;89;0;80;0;
19321;6251604;1019957248;31825920;1126162432;0;0;0;0;0;0;0;0;0;0;0;3126;0;0;89;0;80;0;
19322;5976157;1015132160;20713472;1115049984;0;0;0;0;0;0;0;0;0;0;0;4408;0;0;89;0;80;0;
19323;6420571;1015132160;20713472;1115049984;0;0;0;0;0;0;0;0;0;0;0;3567;0;0;89;0;80;0;
19324;5189562;1015132160;20713472;1115049984;0;0;0;0;0;0;0;0;0;0;0;3777;0;0;89;0;80;0;
19325;5592158;1015132160;20713472;1115049984;0;0;0;0;0;0;0;0;0;0;0;2665;0;0;89;0;80;0;
19326;7046264;1015132160;20713472;1115049984;0;0;0;0;0;0;0;0;0;0;0;4449;0;0;89;0;80;0;
19327;5103511;1015132160;20713472;1115049984;0;0;0;0;0;0;0;0;0;0;0;3176;0;0;89;0;80;0;
19328;6035609;1015132160;20713472;1115049984;0;0;0;0;0;0;0;0;0;0;0;3296;0;0;89;0;80;0;
19329;5905825;1015132160;20713472;1115049984;0;0;0;0;0;0;0;0;0;0;0;3336;0;0;89;0;80;0;
19330;5515213;1015132160;20713472;1115049984;0;0;0;0;0;0;0;0;0;0;0;4439;0;0;89;0;80;0;
19331;5964216;1015132160;20713472;1115049984;0;0;0;0;0;0;0;0;0;0;0;4218;0;0;89;0;80;0;
19332;6318099;1015132160;20713472;1115049984;0;0;0;0;0;0;0;0;0;0;0;4659;0;0;89;0;80;0;
19333;5723343;1015132160;20713472;1115049984;0;0;0;0;0;0;0;0;0;0;0;3777;0;0;89;0;80;0;
19334;5470329;1015132160;20713472;1115049984;0;0;0;0;0;0;0;0;0;0;0;3697;0;0;89;0;80;0;
19335;5277347;1015132160;20713472;1115049984;0;0;0;0;0;0;0;0;0;0;0;2935;0;0;89;0;80;0;
19336;5620570;1015132160;20713472;1115049984;0;0;0;0;0;0;0;0;0;0;0;3928;0;0;89;0;80;0;
19337;5610552;1015132160;20713472;1115049984;0;0;0;0;0;0;0;0;0;0;0;3837;0;0;89;0;80;0;
19338;4728949;1015132160;20713472;1115049984;0;0;0;0;0;0;0;0;0;0;0;133370;0;0;89;0;80;0;
19339;6511922;1015132160;20713472;1115049984;0;0;0;0;0;0;0;0;0;0;0;3487;0;0;89;0;80;0;
19340;4080022;1015132160;20713472;1115049984;0;0;0;0;0;0;0;0;0;0;0;3036;0;0;89;0;80;0;
19341;5039090;1015132160;20713472;1115049984;0;0;0;0;0;0;0;0;0;0;0;2655;0;0;89;0;80;0;
19342;3235538;1015132160;20713472;1115049984;0;0;0;0;0;0;0;0;0;0;0;3336;0;0;89;0;80;0;
19343;4684956;1015132160;20713472;1115049984;0;0;0;0;0;0;0;0;0;0;0;2355;0;0;89;0;80;0;
19344;4473489;1015132160;20713472;1115049984;0;0;0;0;0;0;0;0;0;0;0;4508;0;0;89;0;80;0;
19345;5767046;1015132160;20713472;1115049984;0;0;0;0;0;0;0;0;0;0;0;8005;0;0;89;0;80;0;
19346;3855871;1015132160;20713472;1115049984;0;0;0;0;0;0;0;0;0;0;0;2815;0;0;89;0;80;0;
19347;4702429;1015132160;20713472;1115049984;0;0;0;0;0;0;0;0;0;0;0;2475;0;0;89;0;80;0;
19348;5245788;1015132160;20713472;1115049984;0;0;0;0;0;0;0;0;0;0;0;4779;0;0;89;0;80;0;
19349;6002677;1015132160;20713472;1115049984;0;0;0;0;0;0;0;0;0;0;0;3727;0;0;89;0;80;0;
19350;5515845;1015132160;20713472;1115049984;0;0;0;0;0;0;0;0;0;0;0;3938;0;0;89;0;80;0;
19351;5895606;1015132160;20713472;1115049984;0;0;0;0;0;0;0;0;0;0;0;3367;0;0;89;0;80;0;
19352;4615376;1015132160;20713472;1115049984;0;0;0;0;0;0;0;0;0;0;0;3627;0;0;89;0;80;0;
19353;6011744;1015132160;20713472;1115049984;0;0;0;0;0;0;0;0;0;0;0;3787;0;0;89;0;80;0;
19354;4941547;1015132160;20713472;1115049984;0;0;0;0;0;0;0;0;0;0;0;3477;0;0;89;0;80;0;
19355;6031020;1015132160;20713472;1115049984;0;0;0;0;0;0;0;0;0;0;0;4158;0;0;89;0;80;0;
19356;4848964;1015132160;20713472;1115049984;0;0;0;0;0;0;0;0;0;0;0;3327;0;0;89;0;80;0;
19357;6261142;1015132160;20713472;1115049984;0;0;0;0;0;0;0;0;0;0;0;3848;0;0;89;0;80;0;
19358;4477797;1015132160;20713472;1115049984;0;0;0;0;0;0;0;0;0;0;0;3788;0;0;89;0;80;0;
19359;6762723;1015132160;20713472;1115049984;0;0;0;0;0;0;0;0;0;0;0;3767;0;0;89;0;80;0;
19360;5895426;1015132160;20713472;1115049984;0;0;0;0;0;0;0;0;0;0;0;3727;0;0;89;0;80;0;
19361;5560378;1015132160;20713472;1115049984;0;0;0;0;0;0;0;0;0;0;0;3115;0;0;89;0;80;0;
19362;4883679;1015132160;20713472;1115049984;0;0;0;0;0;0;0;0;0;0;0;4438;0;0;89;0;80;0;
19363;5327091;1015132160;20713472;1115049984;0;0;0;0;0;0;0;0;0;0;0;3717;0;0;89;0;80;0;
19364;4269417;1015132160;20713472;1115049984;0;0;0;0;0;0;0;0;0;0;0;3677;0;0;89;0;80;0;
19365;6495251;1015132160;20713472;1115049984;0;0;0;0;0;0;0;0;0;0;0;3496;0;0;89;0;80;0;
19366;5374119;1015132160;20713472;1115049984;0;0;0;0;0;0;0;0;0;0;0;3927;0;0;89;0;80;0;
19367;6437663;1015132160;20713472;1115049984;0;0;0;0;0;0;0;0;0;0;0;3897;0;0;89;0;80;0;
19368;5611223;1015132160;20713472;1115049984;0;0;0;0;0;0;0;0;0;0;0;4208;0;0;89;0;80;0;
19369;6856930;1015132160;20713472;1115049984;0;0;0;0;0;0;0;0;0;0;0;3947;0;0;89;0;80;0;
19370;5348301;1015132160;20713472;1115049984;0;0;0;0;0;0;0;0;0;0;0;4448;0;0;89;0;80;0;
19371;6903166;1015132160;20713472;1115049984;0;0;0;0;0;0;0;0;0;0;0;4509;0;0;89;0;80;0;
19372;5567361;1015132160;20713472;1115049984;0;0;0;0;0;0;0;0;0;0;0;3878;0;0;89;0;80;0;
19373;6021122;1015132160;20713472;1115049984;0;0;0;0;0;0;0;0;0;0;0;3948;0;0;89;0;80;0;
19374;5044491;1015132160;20713472;1115049984;0;0;0;0;0;0;0;0;0;0;0;3767;0;0;89;0;80;0;
19375;6948492;1015132160;20713472;1115049984;0;0;0;0;0;0;0;0;0;0;0;4047;0;0;89;0;80;0;
19376;4289545;1015132160;20713472;1115049984;0;0;0;0;0;0;0;0;0;0;0;3957;0;0;89;0;80;0;
19377;6849866;1015132160;20713472;1115049984;0;0;0;0;0;0;0;0;0;0;0;3828;0;0;89;0;80;0;
19378;4397327;1015132160;20713472;1115049984;0;0;0;0;0;0;0;0;0;0;0;4238;0;0;89;0;80;0;
19379;6616509;1015132160;20713472;1115049984;0;0;0;0;0;0;0;0;0;0;0;3577;0;0;89;0;80;0;
19380;4832042;1015132160;20713472;1115049984;0;0;0;0;0;0;0;0;0;0;0;3577;0;0;89;0;80;0;
19381;5827900;1015132160;20713472;1115049984;0;0;0;0;0;0;0;0;0;0;0;4829;0;0;89;0;80;0;
19382;4459032;1015132160;20713472;1115049984;0;0;0;0;0;0;0;0;0;0;0;3246;0;0;89;0;80;0;
19383;6798870;1015132160;20713472;1115049984;0;0;0;0;0;0;0;0;0;0;0;3798;0;0;89;0;80;0;
19384;3879536;1015132160;20713472;1115049984;0;0;0;0;0;0;0;0;0;0;0;3306;0;0;89;0;80;0;
19385;5904143;1015132160;20713472;1115049984;0;0;0;0;0;0;0;0;0;0;0;3717;0;0;89;0;80;0;
19386;4048232;1015132160;20713472;1115049984;0;0;0;0;0;0;0;0;0;0;0;3276;0;0;89;0;80;0;
19387;5070760;1015132160;20713472;1115049984;0;0;0;0;0;0;0;0;0;0;0;3106;0;0;89;0;80;0;
19388;4495681;1015132160;20713472;1115049984;0;0;0;0;0;0;0;0;0;0;0;3165;0;0;89;0;80;0;
19389;4819478;1015132160;20713472;1115049984;0;0;0;0;0;0;0;0;0;0;0;2435;0;0;89;0;80;0;
19390;6933553;1015132160;20713472;1115049984;0;0;0;0;0;0;0;0;0;0;0;3717;0;0;89;0;80;0;
19391;5240718;1015132160;20713472;1115049984;0;0;0;0;0;0;0;0;0;0;0;2995;0;0;89;0;80;0;
19392;4483077;1015132160;20713472;1115049984;0;0;0;0;0;0;0;0;0;0;0;3396;0;0;89;0;80;0;
19393;5208087;1015132160;20713472;1115049984;0;0;0;0;0;0;0;0;0;0;0;3226;0;0;89;0;80;0;
19394;4770727;1015132160;20713472;1115049984;0;0;0;0;0;0;0;0;0;0;0;3687;0;0;89;0;80;0;
19395;4829758;1015132160;20713472;1115049984;0;0;0;0;0;0;0;0;0;0;0;3446;0;0;89;0;80;0;
19396;4905781;1015132160;20713472;1115049984;0;0;0;0;0;0;0;0;0;0;0;2936;0;0;89;0;80;0;
19397;5374549;1015132160;20721664;1115058176;0;0;0;0;0;0;0;0;0;0;0;3887;0;0;89;0;80;0;
19398;3604160;1015132160;20721664;1115058176;0;0;0;0;0;0;0;0;0;0;0;3276;0;0;89;0;80;0;
19399;5539128;1015132160;20721664;1115058176;0;0;0;0;0;0;0;0;0;0;0;3135;0;0;89;0;80;0;
19400;4299243;1015132160;20721664;1115058176;0;0;0;0;0;0;0;0;0;0;0;3226;0;0;89;0;80;0;
19401;5130883;1015132160;20721664;1115058176;0;0;0;0;0;0;0;0;0;0;0;3276;0;0;89;0;80;0;
19402;3357597;1015132160;20721664;1115058176;0;0;0;0;0;0;0;0;0;0;0;3857;0;0;89;0;80;0;
19403;5141562;1015132160;20721664;1115058176;0;0;0;0;0;0;0;0;0;0;0;3216;0;0;89;0;80;0;
19404;3940981;1015132160;20713472;1115049984;0;0;0;0;0;0;0;0;0;0;0;3566;0;0;89;0;80;0;
19405;5446885;1015132160;20713472;1115049984;0;0;0;0;0;0;0;0;0;0;0;2846;0;0;89;0;80;0;
19406;3751776;1015132160;20713472;1115049984;0;0;0;0;0;0;0;0;0;0;0;3917;0;0;89;0;80;0;
19407;5816659;1019858944;31825920;1126162432;0;0;0;0;0;0;0;0;0;0;0;3858;0;0;89;0;80;0;
19408;4600598;1019858944;31825920;1126162432;0;0;0;0;0;0;0;0;0;0;0;3126;0;0;89;0;80;0;
19409;4942058;1019858944;31825920;1126162432;0;0;0;0;0;0;0;0;0;0;0;2755;0;0;89;0;80;0;
19410;5423341;1019858944;31825920;1126162432;0;0;0;0;0;0;0;0;0;0;0;3287;0;0;89;0;80;0;
19411;5067243;1019858944;31825920;1126162432;0;0;0;0;0;0;0;0;0;0;0;2765;0;0;89;0;80;0;
19412;3587919;1019858944;31825920;1126162432;0;0;0;0;0;0;0;0;0;0;0;3096;0;0;89;0;80;0;
19413;5179324;1019858944;31825920;1126162432;0;0;0;0;0;0;0;0;0;0;0;3887;0;0;89;0;80;0;
19414;4054884;1019858944;31825920;1126162432;0;0;0;0;0;0;0;0;0;0;0;2986;0;0;89;0;80;0;
19415;5723744;1019858944;31825920;1126162432;0;0;0;0;0;0;0;0;0;0;0;3497;0;0;89;0;80;0;
19416;4628631;1015132160;20713472;1115049984;0;0;0;0;0;0;0;0;0;0;0;3567;0;0;89;0;80;0;
19417;4602301;1015132160;20713472;1115049984;0;0;0;0;0;0;0;0;0;0;0;2324;0;0;89;0;80;0;
19418;4839726;1015132160;20713472;1115049984;0;0;0;0;0;0;0;0;0;0;0;2965;0;0;89;0;80;0;
19419;5321180;1015132160;20713472;1115049984;0;0;0;0;0;0;0;0;0;0;0;2695;0;0;89;0;80;0;
19420;5141282;1015132160;20713472;1115049984;0;0;0;0;0;0;0;0;0;0;0;3907;0;0;89;0;80;0;
19421;5357548;1015132160;20713472;1115049984;0;0;0;0;0;0;0;0;0;0;0;2836;0;0;89;0;80;0;
19422;4911301;1015132160;20713472;1115049984;0;0;0;0;0;0;0;0;0;0;0;3637;0;0;89;0;80;0;
19423;5334194;1015132160;20713472;1115049984;0;0;0;0;0;0;0;0;0;0;0;2946;0;0;89;0;80;0;
19424;6107584;1015132160;20713472;1115049984;0;0;0;0;0;0;0;0;0;0;0;2936;0;0;89;0;80;0;
19425;5120673;1015132160;20713472;1115049984;0;0;0;0;0;0;0;0;0;0;0;1894;0;0;89;0;80;0;
19426;4960853;1015132160;20713472;1115049984;0;0;0;0;0;0;0;0;0;0;0;3486;0;0;89;0;80;0;
19427;5514151;1015132160;20713472;1115049984;0;0;0;0;0;0;0;0;0;0;0;4058;0;0;89;0;80;0;
19428;3394826;1015132160;20713472;1115049984;0;0;0;0;0;0;0;0;0;0;0;3166;0;0;89;0;80;0;
19429;4723448;1015132160;20713472;1115049984;0;0;0;0;0;0;0;0;0;0;0;2124;0;0;89;0;80;0;
19430;3939047;1015132160;20713472;1115049984;0;0;0;0;0;0;0;0;0;0;0;3717;0;0;89;0;80;0;
19431;4974640;1015132160;20713472;1115049984;0;0;0;0;0;0;0;0;0;0;0;2345;0;0;89;0;80;0;
19432;5179504;1015132160;20713472;1115049984;0;0;0;0;0;0;0;0;0;0;0;4168;0;0;89;0;80;0;
19433;5931995;1015132160;20713472;1115049984;0;0;0;0;0;0;0;0;0;0;0;4339;0;0;89;0;80;0;
19434;5417951;1015132160;20713472;1115049984;0;0;0;0;0;0;0;0;0;0;0;4198;0;0;89;0;80;0;
19435;5992688;1015132160;20713472;1115049984;0;0;0;0;0;0;0;0;0;0;0;4618;0;0;89;0;80;0;
19436;2572545;1015132160;20713472;1115049984;0;0;0;0;0;0;0;0;0;0;0;3086;0;0;89;0;80;0;
19437;5324816;1015132160;20713472;1115049984;0;0;0;0;0;0;0;0;0;0;0;2284;0;0;89;0;80;0;
19438;2224482;1015132160;20713472;1115049984;0;0;0;0;0;0;0;0;0;0;0;2835;0;0;89;0;80;0;
19439;4686469;1015132160;20713472;1115049984;0;0;0;0;0;0;0;0;0;0;0;1863;0;0;89;0;80;0;
19440;3789787;1015132160;20713472;1115049984;0;0;0;0;0;0;0;0;0;0;0;2715;0;0;89;0;80;0;
19441;10475917;1015132160;20713472;1115049984;0;0;0;0;0;0;0;0;0;0;0;2004;0;0;89;0;80;0;
19442;6279847;1015132160;20713472;1115049984;0;0;0;0;0;0;0;0;0;0;0;3105;0;0;89;0;80;0;
19443;5017029;1015132160;20713472;1115049984;0;0;0;0;0;0;0;0;0;0;0;2746;0;0;89;0;80;0;
19444;4408758;1015132160;20713472;1115049984;0;0;0;0;0;0;0;0;0;0;0;6913;0;0;89;0;80;0;
19445;5341167;1015132160;20713472;1115049984;0;0;0;0;0;0;0;0;0;0;0;2956;0;0;89;0;80;0;
19446;4096322;1015132160;20713472;1115049984;0;0;0;0;0;0;0;0;0;0;0;3456;0;0;89;0;80;0;
19447;5212846;1015132160;20713472;1115049984;0;0;0;0;0;0;0;0;0;0;0;3106;0;0;89;0;80;0;
19448;3777965;1015132160;20713472;1115049984;0;0;0;0;0;0;0;0;0;0;0;3878;0;0;89;0;80;0;
19449;4945876;1015132160;20713472;1115049984;0;0;0;0;0;0;0;0;0;0;0;3016;0;0;89;0;80;0;
19450;3116144;1015132160;20713472;1115049984;0;0;0;0;0;0;0;0;0;0;0;3356;0;0;89;0;80;0;
19451;5386953;1015132160;20713472;1115049984;0;0;0;0;0;0;0;0;0;0;0;3065;0;0;89;0;80;0;
19452;2682991;1015132160;20713472;1115049984;0;0;0;0;0;0;0;0;0;0;0;2995;0;0;89;0;80;0;
19453;5599331;1015132160;20713472;1115049984;0;0;0;0;0;0;0;0;0;0;0;2394;0;0;89;0;80;0;
19454;3261587;1015132160;20713472;1115049984;0;0;0;0;0;0;0;0;0;0;0;3426;0;0;89;0;80;0;
19455;4829908;1015132160;20713472;1115049984;0;0;0;0;0;0;0;0;0;0;0;2134;0;0;89;0;80;0;
19456;2996038;1015132160;20713472;1115049984;0;0;0;0;0;0;0;0;0;0;0;3397;0;0;89;0;80;0;
19457;4835168;1015132160;20713472;1115049984;0;0;0;0;0;0;0;0;0;0;0;3406;0;0;89;0;80;0;
19458;3248071;1015132160;20713472;1115049984;0;0;0;0;0;0;0;0;0;0;0;2956;0;0;89;0;80;0;
19459;4834517;1015132160;20713472;1115049984;0;0;0;0;0;0;0;0;0;0;0;2775;0;0;89;0;80;0;
19460;2283452;1015132160;20713472;1115049984;0;0;0;0;0;0;0;0;0;0;0;2565;0;0;89;0;80;0;
19461;4660710;1015132160;20713472;1115049984;0;0;0;0;0;0;0;0;0;0;0;2084;0;0;89;0;80;0;
19462;2715944;1015132160;20713472;1115049984;0;0;0;0;0;0;0;0;0;0;0;2605;0;0;89;0;80;0;
19463;5116135;1015132160;20713472;1115049984;0;0;0;0;0;0;0;0;0;0;0;2174;0;0;89;0;80;0;
19464;2730251;1015132160;20713472;1115049984;0;0;0;0;0;0;0;0;0;0;0;2565;0;0;89;0;80;0;
19465;4212090;1015132160;20713472;1115049984;0;0;0;0;0;0;0;0;0;0;0;2043;0;0;89;0;80;0;
19466;2418095;1015132160;20713472;1115049984;0;0;0;0;0;0;0;0;0;0;0;2144;0;0;89;0;80;0;
19467;5431225;1015132160;20713472;1115049984;0;0;0;0;0;0;0;0;0;0;0;1613;0;0;89;0;80;0;
19468;2085842;1015132160;20713472;1115049984;0;0;0;0;0;0;0;0;0;0;0;2535;0;0;89;0;80;0;
19469;4549812;1015132160;20713472;1115049984;0;0;0;0;0;0;0;0;0;0;0;2314;0;0;89;0;80;0;
19470;2430949;1015132160;20713472;1115049984;0;0;0;0;0;0;0;0;0;0;0;2054;0;0;89;0;80;0;
19471;4109777;1015132160;20713472;1115049984;0;0;0;0;0;0;0;0;0;0;0;1733;0;0;89;0;80;0;
19472;4822073;1015132160;20713472;1115049984;0;0;0;0;0;0;0;0;0;0;0;3847;0;0;89;0;80;0;
19473;4921901;1015132160;20713472;1115049984;0;0;0;0;0;0;0;0;0;0;0;2575;0;0;89;0;80;0;
19474;3544036;1015132160;20713472;1115049984;0;0;0;0;0;0;0;0;0;0;0;3557;0;0;89;0;80;0;
19475;4891804;1015132160;20713472;1115049984;0;0;0;0;0;0;0;0;0;0;0;2635;0;0;89;0;80;0;
19476;4611779;1015132160;20713472;1115049984;0;0;0;0;0;0;0;0;0;0;0;53019;0;0;89;0;80;0;
19477;5286885;1015132160;20713472;1115049984;0;0;0;0;0;0;0;0;0;0;0;2204;0;0;89;0;80;0;
19478;3453116;1015132160;20713472;1115049984;0;0;0;0;0;0;0;0;0;0;0;2535;0;0;89;0;80;0;
19479;4904097;1015132160;20713472;1115049984;0;0;0;0;0;0;0;0;0;0;0;2725;0;0;89;0;80;0;
19480;3017349;1015132160;20713472;1115049984;0;0;0;0;0;0;0;0;0;0;0;2945;0;0;89;0;80;0;
19481;5322973;1015132160;20713472;1115049984;0;0;0;0;0;0;0;0;0;0;0;2295;0;0;89;0;80;0;
19482;2280086;1015132160;20713472;1115049984;0;0;0;0;0;0;0;0;0;0;0;3136;0;0;89;0;80;0;
19483;4710995;1015132160;20713472;1115049984;0;0;0;0;0;0;0;0;0;0;0;2004;0;0;89;0;80;0;
19484;4123514;1015132160;20713472;1115049984;0;0;0;0;0;0;0;0;0;0;0;2885;0;0;89;0;80;0;
19485;5751427;1015132160;20713472;1115049984;0;0;0;0;0;0;0;0;0;0;0;2625;0;0;89;0;80;0;
19486;5492641;1015132160;20713472;1115049984;0;0;0;0;0;0;0;0;0;0;0;5049;0;0;89;0;80;0;
19487;5779078;1015132160;20713472;1115049984;0;0;0;0;0;0;0;0;0;0;0;2915;0;0;89;0;80;0;
19488;3735546;1015132160;20713472;1115049984;0;0;0;0;0;0;0;0;0;0;0;2625;0;0;89;0;80;0;
19489;4943121;1015132160;20713472;1115049984;0;0;0;0;0;0;0;0;0;0;0;1884;0;0;89;0;80;0;
19490;3034471;1015132160;20713472;1115049984;0;0;0;0;0;0;0;0;0;0;0;2324;0;0;89;0;80;0;
19491;4932430;1015132160;20713472;1115049984;0;0;0;0;0;0;0;0;0;0;0;1753;0;0;89;0;80;0;
19492;2372419;1015132160;20713472;1115049984;0;0;0;0;0;0;0;0;0;0;0;2164;0;0;89;0;80;0;
19493;5187349;1015132160;20713472;1115049984;0;0;0;0;0;0;0;0;0;0;0;1583;0;0;89;0;80;0;
19494;2637737;1015132160;20713472;1115049984;0;0;0;0;0;0;0;0;0;0;0;2344;0;0;89;0;80;0;
19495;5287225;1015132160;20713472;1115049984;0;0;0;0;0;0;0;0;0;0;0;1723;0;0;89;0;80;0;
19496;3897038;1015132160;20713472;1115049984;0;0;0;0;0;0;0;0;0;0;0;2234;0;0;89;0;80;0;
19497;4927822;1015132160;20713472;1115049984;0;0;0;0;0;0;0;0;0;0;0;1793;0;0;89;0;80;0;
19498;2268565;1015132160;20713472;1115049984;0;0;0;0;0;0;0;0;0;0;0;2625;0;0;89;0;80;0;
19499;5111056;1015132160;20713472;1115049984;0;0;0;0;0;0;0;0;0;0;0;2013;0;0;89;0;80;0;
19500;3621441;1015132160;20713472;1115049984;0;0;0;0;0;0;0;0;0;0;0;39574;0;0;89;0;80;0;
19501;4995418;1015132160;20713472;1115049984;0;0;0;0;0;0;0;0;0;0;0;1663;0;0;89;0;80;0;
19502;2914115;1015132160;20713472;1115049984;0;0;0;0;0;0;0;0;0;0;0;2445;0;0;89;0;80;0;
19503;5195083;1015132160;20713472;1115049984;0;0;0;0;0;0;0;0;0;0;0;2144;0;0;89;0;80;0;
19504;3395178;1015132160;20713472;1115049984;0;0;0;0;0;0;0;0;0;0;0;2354;0;0;89;0;80;0;
19505;4262473;1015132160;20713472;1115049984;0;0;0;0;0;0;0;0;0;0;0;2114;0;0;89;0;80;0;
19506;2055074;1015132160;20713472;1115049984;0;0;0;0;0;0;0;0;0;0;0;2475;0;0;89;0;80;0;
19507;4848754;1015132160;20713472;1115049984;0;0;0;0;0;0;0;0;0;0;0;2034;0;0;89;0;80;0;
19508;3045602;1015132160;20713472;1115049984;0;0;0;0;0;0;0;0;0;0;0;2074;0;0;89;0;80;0;
19509;4880433;1015132160;20721664;1115058176;0;0;0;0;0;0;0;0;0;0;0;2194;0;0;89;0;80;0;
19510;2052629;1015132160;20721664;1115058176;0;0;0;0;0;0;0;0;0;0;0;2244;0;0;89;0;80;0;
19511;4628600;1015132160;20721664;1115058176;0;0;0;0;0;0;0;0;0;0;0;1644;0;0;89;0;80;0;
19512;3024812;1015132160;20721664;1115058176;0;0;0;0;0;0;0;0;0;0;0;1903;0;0;89;0;80;0;
19513;4699373;1015132160;20721664;1115058176;0;0;0;0;0;0;0;0;0;0;0;1543;0;0;89;0;80;0;
19514;2690966;1015132160;20721664;1115058176;0;0;0;0;0;0;0;0;0;0;0;2355;0;0;89;0;80;0;
19515;4424378;1015132160;20721664;1115058176;0;0;0;0;0;0;0;0;0;0;0;2073;0;0;89;0;80;0;
19516;2477156;1015132160;20713472;1115049984;0;0;0;0;0;0;0;0;0;0;0;2294;0;0;89;0;80;0;
19517;5273911;1015132160;20713472;1115049984;0;0;0;0;0;0;0;0;0;0;0;2004;0;0;89;0;80;0;
19518;2426891;1015132160;20713472;1115049984;0;0;0;0;0;0;0;0;0;0;0;2425;0;0;89;0;80;0;
19519;4755118;1015132160;20713472;1115049984;0;0;0;0;0;0;0;0;0;0;0;2063;0;0;89;0;80;0;
19520;2381577;1015132160;20713472;1115049984;0;0;0;0;0;0;0;0;0;0;0;2265;0;0;89;0;80;0;
19521;4195548;1015132160;20713472;1115049984;0;0;0;0;0;0;0;0;0;0;0;1853;0;0;89;0;80;0;
19522;2528672;1015132160;20713472;1115049984;0;0;0;0;0;0;0;0;0;0;0;3366;0;0;89;0;80;0;
19523;4234832;1015132160;20713472;1115049984;0;0;0;0;0;0;0;0;0;0;0;2054;0;0;89;0;80;0;
19524;2321984;1015132160;20713472;1115049984;0;0;0;0;0;0;0;0;0;0;0;2675;0;0;89;0;80;0;
19525;4896833;1019858944;31825920;1126162432;0;0;0;0;0;0;0;0;0;0;0;2394;0;0;89;0;80;0;
19526;3441234;1019858944;31825920;1126162432;0;0;0;0;0;0;0;0;0;0;0;2635;0;0;89;0;80;0;
19527;5038720;1019858944;31825920;1126162432;0;0;0;0;0;0;0;0;0;0;0;2114;0;0;89;0;80;0;
19528;2257534;1019858944;31825920;1126162432;0;0;0;0;0;0;0;0;0;0;0;2344;0;0;89;0;80;0;
19529;5439841;1019858944;31825920;1126162432;0;0;0;0;0;0;0;0;0;0;0;56236;0;0;89;0;80;0;
19530;5564435;1019858944;31825920;1126162432;0;0;0;0;0;0;0;0;0;0;0;3206;0;0;89;0;80;0;
19531;6688383;1019858944;31825920;1126162432;0;0;0;0;0;0;0;0;0;0;0;3427;0;0;89;0;80;0;
19532;3743691;1019858944;31825920;1126162432;0;0;0;0;0;0;0;0;0;0;0;4228;0;0;89;0;80;0;
19533;6309342;1019858944;31825920;1126162432;0;0;0;0;0;0;0;0;0;0;0;3927;0;0;89;0;80;0;
19534;4776949;1015132160;20713472;1115049984;0;0;0;0;0;0;0;0;0;0;0;4639;0;0;89;0;80;0;
19535;6038284;1015132160;20713472;1115049984;0;0;0;0;0;0;0;0;0;0;0;3787;0;0;89;0;80;0;
19536;4463922;1015132160;20713472;1115049984;0;0;0;0;0;0;0;0;0;0;0;3356;0;0;89;0;80;0;
19537;5735556;1015132160;20713472;1115049984;0;0;0;0;0;0;0;0;0;0;0;4027;0;0;89;0;80;0;
19538;4182104;1015132160;20713472;1115049984;0;0;0;0;0;0;0;0;0;0;0;3607;0;0;89;0;80;0;
19539;4713380;1015132160;20713472;1115049984;0;0;0;0;0;0;0;0;0;0;0;5971;0;0;89;0;80;0;
19540;4373813;1015132160;20713472;1115049984;0;0;0;0;0;0;0;0;0;0;0;3406;0;0;89;0;80;0;
19541;5342870;1015132160;20713472;1115049984;0;0;0;0;0;0;0;0;0;0;0;2415;0;0;89;0;80;0;
19542;4419499;1015132160;20713472;1115049984;0;0;0;0;0;0;0;0;0;0;0;3517;0;0;89;0;80;0;
19543;5149016;1015132160;20713472;1115049984;0;0;0;0;0;0;0;0;0;0;0;2625;0;0;89;0;80;0;
19544;5087761;1015132160;20713472;1115049984;0;0;0;0;0;0;0;0;0;0;0;3617;0;0;89;0;80;0;
19545;4979960;1015132160;20713472;1115049984;0;0;0;0;0;0;0;0;0;0;0;2625;0;0;89;0;80;0;
19546;4216929;1015132160;20713472;1115049984;0;0;0;0;0;0;0;0;0;0;0;3837;0;0;89;0;80;0;
19547;6243850;1015132160;20713472;1115049984;0;0;0;0;0;0;0;0;0;0;0;3507;0;0;89;0;80;0;
19548;3645657;1015132160;20713472;1115049984;0;0;0;0;0;0;0;0;0;0;0;3577;0;0;89;0;80;0;
19549;5110895;1015132160;20713472;1115049984;0;0;0;0;0;0;0;0;0;0;0;3486;0;0;89;0;80;0;
19550;4095190;1015132160;20713472;1115049984;0;0;0;0;0;0;0;0;0;0;0;3767;0;0;89;0;80;0;
19551;5391892;1015132160;20713472;1115049984;0;0;0;0;0;0;0;0;0;0;0;4148;0;0;89;0;80;0;
19552;5559095;1015132160;20713472;1115049984;0;0;0;0;0;0;0;0;0;0;0;3918;0;0;89;0;80;0;
19553;5439701;1015132160;20713472;1115049984;0;0;0;0;0;0;0;0;0;0;0;3897;0;0;89;0;80;0;
19554;6377861;1015132160;20713472;1115049984;0;0;0;0;0;0;0;0;0;0;0;4699;0;0;89;0;80;0;
19555;6336052;1015132160;20713472;1115049984;0;0;0;0;0;0;0;0;0;0;0;3717;0;0;89;0;80;0;
19556;4397176;1015132160;20713472;1115049984;0;0;0;0;0;0;0;0;0;0;0;3937;0;0;89;0;80;0;
19557;6458532;1015132160;20713472;1115049984;0;0;0;0;0;0;0;0;0;0;0;3847;0;0;89;0;80;0;
19558;4520257;1015132160;20713472;1115049984;0;0;0;0;0;0;0;0;0;0;0;3947;0;0;89;0;80;0;
19559;5889124;1015132160;20713472;1115049984;0;0;0;0;0;0;0;0;0;0;0;11442;0;0;89;0;80;0;
19560;4131919;1015132160;20713472;1115049984;0;0;0;0;0;0;0;0;0;0;0;4018;0;0;89;0;80;0;
19561;6630013;1015132160;20713472;1115049984;0;0;0;0;0;0;0;0;0;0;0;4488;0;0;89;0;80;0;
19562;4920818;1015132160;20713472;1115049984;0;0;0;0;0;0;0;0;0;0;0;3917;0;0;89;0;80;0;
19563;6638409;1015132160;20713472;1115049984;0;0;0;0;0;0;0;0;0;0;0;3848;0;0;89;0;80;0;
19564;4252696;1015132160;20713472;1115049984;0;0;0;0;0;0;0;0;0;0;0;3596;0;0;89;0;80;0;
19565;6717338;1015132160;20713472;1115049984;0;0;0;0;0;0;0;0;0;0;0;4569;0;0;89;0;80;0;
19566;4014519;1015132160;20713472;1115049984;0;0;0;0;0;0;0;0;0;0;0;4148;0;0;89;0;80;0;
19567;6746683;1015132160;20713472;1115049984;0;0;0;0;0;0;0;0;0;0;0;3637;0;0;89;0;80;0;
19568;6789192;1015132160;20713472;1115049984;0;0;0;0;0;0;0;0;0;0;0;3627;0;0;89;0;80;0;
19569;5267278;1015132160;20713472;1115049984;0;0;0;0;0;0;0;0;0;0;0;3547;0;0;89;0;80;0;
19570;7680945;1015132160;20713472;1115049984;0;0;0;0;0;0;0;0;0;0;0;3617;0;0;89;0;80;0;
19571;5530171;1015132160;20713472;1115049984;0;0;0;0;0;0;0;0;0;0;0;2364;0;0;89;0;80;0;
19572;4509306;1015132160;20713472;1115049984;0;0;0;0;0;0;0;0;0;0;0;3887;0;0;89;0;80;0;
19573;5769490;1015132160;20713472;1115049984;0;0;0;0;0;0;0;0;0;0;0;2615;0;0;89;0;80;0;
19574;4505469;1015132160;20713472;1115049984;0;0;0;0;0;0;0;0;0;0;0;3396;0;0;89;0;80;0;
19575;5639356;1015132160;20713472;1115049984;0;0;0;0;0;0;0;0;0;0;0;2915;0;0;89;0;80;0;
19576;4876916;1015132160;20713472;1115049984;0;0;0;0;0;0;0;0;0;0;0;3376;0;0;89;0;80;0;
19577;5513289;1015132160;20713472;1115049984;0;0;0;0;0;0;0;0;0;0;0;2584;0;0;89;0;80;0;
19578;5101357;1015132160;20713472;1115049984;0;0;0;0;0;0;0;0;0;0;0;3697;0;0;89;0;80;0;
19579;6027444;1015132160;20713472;1115049984;0;0;0;0;0;0;0;0;0;0;0;2755;0;0;89;0;80;0;
19580;4831941;1015132160;20713472;1115049984;0;0;0;0;0;0;0;0;0;0;0;3807;0;0;89;0;80;0;
19581;6077037;1015132160;20713472;1115049984;0;0;0;0;0;0;0;0;0;0;0;3306;0;0;89;0;80;0;
19582;4370457;1015132160;20713472;1115049984;0;0;0;0;0;0;0;0;0;0;0;3436;0;0;89;0;80;0;
19583;5710810;1015132160;20713472;1115049984;0;0;0;0;0;0;0;0;0;0;0;3537;0;0;89;0;80;0;
19584;4525518;1015132160;20713472;1115049984;0;0;0;0;0;0;0;0;0;0;0;4007;0;0;89;0;80;0;
19585;7177791;1015132160;20713472;1115049984;0;0;0;0;0;0;0;0;0;0;0;3266;0;0;89;0;80;0;
19586;4651383;1015132160;20713472;1115049984;0;0;0;0;0;0;0;0;0;0;0;3156;0;0;89;0;80;0;
19587;5568573;1015132160;20713472;1115049984;0;0;0;0;0;0;0;0;0;0;0;3687;0;0;89;0;80;0;
19588;3870048;1015132160;20713472;1115049984;0;0;0;0;0;0;0;0;0;0;0;3096;0;0;89;0;80;0;
19589;5901687;1015132160;20713472;1115049984;0;0;0;0;0;0;0;0;0;0;0;3526;0;0;89;0;80;0;
19590;4600608;1015132160;20713472;1115049984;0;0;0;0;0;0;0;0;0;0;0;3687;0;0;89;0;80;0;
19591;4579438;1015132160;20713472;1115049984;0;0;0;0;0;0;0;0;0;0;0;2504;0;0;89;0;80;0;
19592;5219198;1015132160;20713472;1115049984;0;0;0;0;0;0;0;0;0;0;0;2905;0;0;89;0;80;0;
19593;4924184;1015132160;20713472;1115049984;0;0;0;0;0;0;0;0;0;0;0;2505;0;0;89;0;80;0;
19594;5241780;1015132160;20713472;1115049984;0;0;0;0;0;0;0;0;0;0;0;4228;0;0;89;0;80;0;
19595;5349582;1015132160;20713472;1115049984;0;0;0;0;0;0;0;0;0;0;0;3286;0;0;89;0;80;0;
19596;4556285;1015132160;20713472;1115049984;0;0;0;0;0;0;0;0;0;0;0;3346;0;0;89;0;80;0;
19597;6938272;1015132160;20713472;1115049984;0;0;0;0;0;0;0;0;0;0;0;4078;0;0;89;0;80;0;
19598;5331889;1015132160;20713472;1115049984;0;0;0;0;0;0;0;0;0;0;0;4308;0;0;89;0;80;0;
19599;6413949;1015132160;20713472;1115049984;0;0;0;0;0;0;0;0;0;0;0;3366;0;0;89;0;80;0;
19600;5005427;1015132160;20713472;1115049984;0;0;0;0;0;0;0;0;0;0;0;3056;0;0;89;0;80;0;
19601;5755884;1015132160;20713472;1115049984;0;0;0;0;0;0;0;0;0;0;0;3006;0;0;89;0;80;0;
19602;5100325;1015132160;20713472;1115049984;0;0;0;0;0;0;0;0;0;0;0;3166;0;0;89;0;80;0;
19603;5211604;1015132160;20713472;1115049984;0;0;0;0;0;0;0;0;0;0;0;3727;0;0;89;0;80;0;
19604;3991586;1015132160;20713472;1115049984;0;0;0;0;0;0;0;0;0;0;0;3997;0;0;89;0;80;0;
19605;5689410;1015132160;20713472;1115049984;0;0;0;0;0;0;0;0;0;0;0;3327;0;0;89;0;80;0;
19606;5440683;1015132160;20713472;1115049984;0;0;0;0;0;0;0;0;0;0;0;3567;0;0;89;0;80;0;
19607;5056803;1015132160;20713472;1115049984;0;0;0;0;0;0;0;0;0;0;0;2685;0;0;89;0;80;0;
19608;5098422;1015132160;20713472;1115049984;0;0;0;0;0;0;0;0;0;0;0;3627;0;0;89;0;80;0;
19609;4696839;1015132160;20713472;1115049984;0;0;0;0;0;0;0;0;0;0;0;2695;0;0;89;0;80;0;
19610;4949702;1015132160;20713472;1115049984;0;0;0;0;0;0;0;0;0;0;0;3988;0;0;89;0;80;0;
19611;5905836;1015132160;20713472;1115049984;0;0;0;0;0;0;0;0;0;0;0;3327;0;0;89;0;80;0;
19612;4492736;1015132160;20713472;1115049984;0;0;0;0;0;0;0;0;0;0;0;4318;0;0;89;0;80;0;
19613;5067133;1015132160;20713472;1115049984;0;0;0;0;0;0;0;0;0;0;0;3136;0;0;89;0;80;0;
19614;4315614;1015132160;20713472;1115049984;0;0;0;0;0;0;0;0;0;0;0;4208;0;0;89;0;80;0;
19615;5189172;1015132160;20713472;1115049984;0;0;0;0;0;0;0;0;0;0;0;3266;0;0;89;0;80;0;
19616;5042427;1015132160;20713472;1115049984;0;0;0;0;0;0;0;0;0;0;0;4248;0;0;89;0;80;0;
19617;5851885;1015132160;20713472;1115049984;0;0;0;0;0;0;0;0;0;0;0;4007;0;0;89;0;80;0;
19618;5273741;1015132160;20713472;1115049984;0;0;0;0;0;0;0;0;0;0;0;3797;0;0;89;0;80;0;
19619;6727787;1019858944;31825920;1126162432;0;0;0;0;0;0;0;0;0;0;0;3878;0;0;89;0;80;0;
19620;4417915;1019858944;31825920;1126162432;0;0;0;0;0;0;0;0;0;0;0;3617;0;0;89;0;80;0;
19621;5526955;1019858944;31825920;1126162432;0;0;0;0;0;0;0;0;0;0;0;4338;0;0;89;0;80;0;
19622;3787774;1019858944;31825920;1126162432;0;0;0;0;0;0;0;0;0;0;0;3557;0;0;89;0;80;0;
19623;5370882;1019858944;31825920;1126162432;0;0;0;0;0;0;0;0;0;0;0;3276;0;0;89;0;80;0;
19624;4920087;1019858944;31825920;1126162432;0;0;0;0;0;0;0;0;0;0;0;3797;0;0;89;0;80;0;
19625;6795344;1019858944;31825920;1126162432;0;0;0;0;0;0;0;0;0;0;0;4057;0;0;89;0;80;0;
19626;3256757;1019858944;31825920;1126162432;0;0;0;0;0;0;0;0;0;0;0;3446;0;0;89;0;80;0;
19627;5050201;1019858944;31825920;1126162432;0;0;0;0;0;0;0;0;0;0;0;2845;0;0;89;0;80;0;
19628;4789332;1015132160;20713472;1115049984;0;0;0;0;0;0;0;0;0;0;0;3496;0;0;89;0;80;0;
19629;6185150;1015132160;20713472;1115049984;0;0;0;0;0;0;0;0;0;0;0;4178;0;0;89;0;80;0;
19630;3877362;1015132160;20713472;1115049984;0;0;0;0;0;0;0;0;0;0;0;3356;0;0;89;0;80;0;
19631;6769145;1015132160;20713472;1115049984;0;0;0;0;0;0;0;0;0;0;0;3407;0;0;89;0;80;0;
19632;4317547;1015132160;20713472;1115049984;0;0;0;0;0;0;0;0;0;0;0;3556;0;0;89;0;80;0;
19633;6479211;1015132160;20713472;1115049984;0;0;0;0;0;0;0;0;0;0;0;2785;0;0;89;0;80;0;
19634;5199190;1015132160;20713472;1115049984;0;0;0;0;0;0;0;0;0;0;0;3937;0;0;89;0;80;0;
19635;6426472;1015132160;20713472;1115049984;0;0;0;0;0;0;0;0;0;0;0;3637;0;0;89;0;80;0;
19636;3346756;1015132160;20713472;1115049984;0;0;0;0;0;0;0;0;0;0;0;3677;0;0;89;0;80;0;
19637;6197603;1015132160;20713472;1115049984;0;0;0;0;0;0;0;0;0;0;0;3917;0;0;89;0;80;0;
19638;5670595;1015132160;20713472;1115049984;0;0;0;0;0;0;0;0;0;0;0;3467;0;0;89;0;80;0;
19639;5676375;1015132160;20713472;1115049984;0;0;0;0;0;0;0;0;0;0;0;3236;0;0;89;0;80;0;
19640;5408252;1015132160;20713472;1115049984;0;0;0;0;0;0;0;0;0;0;0;3937;0;0;89;0;80;0;
19641;5947574;1015132160;20713472;1115049984;0;0;0;0;0;0;0;0;0;0;0;3576;0;0;89;0;80;0;
19642;4840047;1015132160;20713472;1115049984;0;0;0;0;0;0;0;0;0;0;0;3286;0;0;89;0;80;0;
19643;5456983;1015132160;20713472;1115049984;0;0;0;0;0;0;0;0;0;0;0;2394;0;0;89;0;80;0;
19644;4941828;1015132160;20713472;1115049984;0;0;0;0;0;0;0;0;0;0;0;3085;0;0;89;0;80;0;
19645;5003814;1015132160;20713472;1115049984;0;0;0;0;0;0;0;0;0;0;0;2785;0;0;89;0;80;0;
19646;4691318;1015132160;20713472;1115049984;0;0;0;0;0;0;0;0;0;0;0;3647;0;0;89;0;80;0;
19647;5577409;1015132160;20713472;1115049984;0;0;0;0;0;0;0;0;0;0;0;2725;0;0;89;0;80;0;
19648;3776322;1015132160;20713472;1115049984;0;0;0;0;0;0;0;0;0;0;0;4068;0;0;89;0;80;0;
19649;7973013;1015132160;20713472;1115049984;0;0;0;0;0;0;0;0;0;0;0;2595;0;0;89;0;80;0;
19650;11466113;1015132160;20713472;1115049984;0;0;0;0;0;0;0;0;0;0;0;6252;0;0;89;0;80;0;
19651;6495441;1015132160;20713472;1115049984;0;0;0;0;0;0;0;0;0;0;0;3697;0;0;89;0;80;0;
19652;3109412;1015132160;20713472;1115049984;0;0;0;0;0;0;0;0;0;0;0;3036;0;0;89;0;80;0;
19653;7509383;1015132160;20713472;1115049984;0;0;0;0;0;0;0;0;0;0;0;6201;0;0;89;0;80;0;
19654;4831712;1015132160;20713472;1115049984;0;0;0;0;0;0;0;0;0;0;0;3436;0;0;89;0;80;0;
19655;5573583;1015132160;20713472;1115049984;0;0;0;0;0;0;0;0;0;0;0;3416;0;0;89;0;80;0;
19656;4549362;1015132160;20713472;1115049984;0;0;0;0;0;0;0;0;0;0;0;3667;0;0;89;0;80;0;
19657;5794587;1015132160;20713472;1115049984;0;0;0;0;0;0;0;0;0;0;0;3868;0;0;89;0;80;0;
19658;6118825;1015132160;20713472;1115049984;0;0;0;0;0;0;0;0;0;0;0;4258;0;0;89;0;80;0;
19659;5060891;1015132160;20713472;1115049984;0;0;0;0;0;0;0;0;0;0;0;3025;0;0;89;0;80;0;
19660;4636014;1015132160;20713472;1115049984;0;0;0;0;0;0;0;0;0;0;0;3336;0;0;89;0;80;0;
19661;5086409;1015132160;20713472;1115049984;0;0;0;0;0;0;0;0;0;0;0;2535;0;0;89;0;80;0;
19662;3869086;1015132160;20713472;1115049984;0;0;0;0;0;0;0;0;0;0;0;3456;0;0;89;0;80;0;
19663;5383787;1015132160;20713472;1115049984;0;0;0;0;0;0;0;0;0;0;0;2795;0;0;89;0;80;0;
19664;3703455;1015132160;20713472;1115049984;0;0;0;0;0;0;0;0;0;0;0;3226;0;0;89;0;80;0;
19665;4788009;1015132160;20713472;1115049984;0;0;0;0;0;0;0;0;0;0;0;2093;0;0;89;0;80;0;
19666;4038754;1015132160;20713472;1115049984;0;0;0;0;0;0;0;0;0;0;0;3296;0;0;89;0;80;0;
19667;4815981;1015132160;20713472;1115049984;0;0;0;0;0;0;0;0;0;0;0;2836;0;0;89;0;80;0;
19668;4198113;1015132160;20713472;1115049984;0;0;0;0;0;0;0;0;0;0;0;3136;0;0;89;0;80;0;
19669;4967526;1015132160;20713472;1115049984;0;0;0;0;0;0;0;0;0;0;0;3126;0;0;89;0;80;0;
19670;4509858;1015132160;20713472;1115049984;0;0;0;0;0;0;0;0;0;0;0;3807;0;0;89;0;80;0;
19671;5331639;1015132160;20713472;1115049984;0;0;0;0;0;0;0;0;0;0;0;2685;0;0;89;0;80;0;
19672;5025093;1015132160;20713472;1115049984;0;0;0;0;0;0;0;0;0;0;0;4078;0;0;89;0;80;0;
19673;5204941;1015132160;20713472;1115049984;0;0;0;0;0;0;0;0;0;0;0;2925;0;0;89;0;80;0;
19674;4196730;1015132160;20713472;1115049984;0;0;0;0;0;0;0;0;0;0;0;3045;0;0;89;0;80;0;
19675;4863731;1015132160;20713472;1115049984;0;0;0;0;0;0;0;0;0;0;0;2184;0;0;89;0;80;0;
19676;4344397;1015132160;20713472;1115049984;0;0;0;0;0;0;0;0;0;0;0;3196;0;0;89;0;80;0;
19677;4545665;1015132160;20713472;1115049984;0;0;0;0;0;0;0;0;0;0;0;2304;0;0;89;0;80;0;
19678;3547954;1015132160;20713472;1115049984;0;0;0;0;0;0;0;0;0;0;0;3276;0;0;89;0;80;0;
19679;5366604;1015132160;20713472;1115049984;0;0;0;0;0;0;0;0;0;0;0;2354;0;0;89;0;80;0;
19680;4166484;1015132160;20713472;1115049984;0;0;0;0;0;0;0;0;0;0;0;3606;0;0;89;0;80;0;
19681;5306071;1015132160;20713472;1115049984;0;0;0;0;0;0;0;0;0;0;0;3076;0;0;89;0;80;0;
19682;4917352;1015132160;20713472;1115049984;0;0;0;0;0;0;0;0;0;0;0;3156;0;0;89;0;80;0;
19683;5400308;1015132160;20713472;1115049984;0;0;0;0;0;0;0;0;0;0;0;2254;0;0;89;0;80;0;
19684;3859668;1015132160;20713472;1115049984;0;0;0;0;0;0;0;0;0;0;0;3617;0;0;89;0;80;0;
19685;4965882;1015132160;20713472;1115049984;0;0;0;0;0;0;0;0;0;0;0;2454;0;0;89;0;80;0;
19686;4868440;1015132160;20713472;1115049984;0;0;0;0;0;0;0;0;0;0;0;3466;0;0;89;0;80;0;
19687;5078484;1015132160;20713472;1115049984;0;0;0;0;0;0;0;0;0;0;0;2465;0;0;89;0;80;0;
19688;3513429;1015132160;20713472;1115049984;0;0;0;0;0;0;0;0;0;0;0;3297;0;0;89;0;80;0;
19689;5896738;1015132160;20713472;1115049984;0;0;0;0;0;0;0;0;0;0;0;2875;0;0;89;0;80;0;
19690;4111340;1015132160;20713472;1115049984;0;0;0;0;0;0;0;0;0;0;0;3597;0;0;89;0;80;0;
19691;5121735;1015132160;20713472;1115049984;0;0;0;0;0;0;0;0;0;0;0;2826;0;0;89;0;80;0;
19692;4317598;1015132160;20713472;1115049984;0;0;0;0;0;0;0;0;0;0;0;3526;0;0;89;0;80;0;
19693;4957046;1015132160;20713472;1115049984;0;0;0;0;0;0;0;0;0;0;0;2475;0;0;89;0;80;0;
19694;3932706;1015132160;20713472;1115049984;0;0;0;0;0;0;0;0;0;0;0;3577;0;0;89;0;80;0;
19695;5799065;1015132160;20713472;1115049984;0;0;0;0;0;0;0;0;0;0;0;3627;0;0;89;0;80;0;
19696;3623396;1015132160;20713472;1115049984;0;0;0;0;0;0;0;0;0;0;0;3156;0;0;89;0;80;0;
19697;5741297;1015132160;20713472;1115049984;0;0;0;0;0;0;0;0;0;0;0;3837;0;0;89;0;80;0;
19698;3414994;1015132160;20713472;1115049984;0;0;0;0;0;0;0;0;0;0;0;3908;0;0;89;0;80;0;
19699;5323403;1015132160;20713472;1115049984;0;0;0;0;0;0;0;0;0;0;0;3867;0;0;89;0;80;0;
19700;4322717;1015132160;20713472;1115049984;0;0;0;0;0;0;0;0;0;0;0;3005;0;0;89;0;80;0;
19701;4765697;1015132160;20713472;1115049984;0;0;0;0;0;0;0;0;0;0;0;3036;0;0;89;0;80;0;
19702;3910914;1015132160;20713472;1115049984;0;0;0;0;0;0;0;0;0;0;0;3306;0;0;89;0;80;0;
19703;5756686;1015132160;20713472;1115049984;0;0;0;0;0;0;0;0;0;0;0;3005;0;0;89;0;80;0;
19704;3852946;1015132160;20713472;1115049984;0;0;0;0;0;0;0;0;0;0;0;3406;0;0;89;0;80;0;
19705;5474947;1015132160;20713472;1115049984;0;0;0;0;0;0;0;0;0;0;0;3155;0;0;89;0;80;0;
19706;3715979;1015132160;20713472;1115049984;0;0;0;0;0;0;0;0;0;0;0;3497;0;0;89;0;80;0;
19707;5543857;1015132160;20713472;1115049984;0;0;0;0;0;0;0;0;0;0;0;3777;0;0;89;0;80;0;
19708;3159705;1015132160;20713472;1115049984;0;0;0;0;0;0;0;0;0;0;0;3476;0;0;89;0;80;0;
19709;6269758;1015132160;20721664;1115058176;0;0;0;0;0;0;0;0;0;0;0;4118;0;0;89;0;80;0;
19710;3238834;1015132160;20721664;1115058176;0;0;0;0;0;0;0;0;0;0;0;2905;0;0;89;0;80;0;
19711;5226021;1015132160;20721664;1115058176;0;0;0;0;0;0;0;0;0;0;0;3477;0;0;89;0;80;0;
19712;3914902;1015132160;20721664;1115058176;0;0;0;0;0;0;0;0;0;0;0;3186;0;0;89;0;80;0;
19713;6158209;1019858944;31834112;1126170624;0;0;0;0;0;0;0;0;0;0;0;4098;0;0;89;0;80;0;
19714;3667478;1019858944;31834112;1126170624;0;0;0;0;0;0;0;0;0;0;0;2725;0;0;89;0;80;0;
19715;6136017;1019858944;31834112;1126170624;0;0;0;0;0;0;0;0;0;0;0;3446;0;0;89;0;80;0;
19716;3507678;1019957248;31825920;1126162432;0;0;0;0;0;0;0;0;0;0;0;3767;0;0;89;0;80;0;
19717;6713050;1019957248;31825920;1126162432;0;0;0;0;0;0;0;0;0;0;0;3146;0;0;89;0;80;0;
19718;3481870;1019957248;31825920;1126162432;0;0;0;0;0;0;0;0;0;0;0;4228;0;0;89;0;80;0;
19719;5849280;1019957248;31825920;1126162432;0;0;0;0;0;0;0;0;0;0;0;2906;0;0;89;0;80;0;
19720;3902018;1019957248;31825920;1126162432;0;0;0;0;0;0;0;0;0;0;0;4148;0;0;89;0;80;0;
19721;6436291;1019957248;31825920;1126162432;0;0;0;0;0;0;0;0;0;0;0;3767;0;0;89;0;80;0;
19722;4336643;1015132160;20713472;1115049984;0;0;0;0;0;0;0;0;0;0;0;4388;0;0;89;0;80;0;
19723;5471140;1015132160;20713472;1115049984;0;0;0;0;0;0;0;0;0;0;0;3466;0;0;89;0;80;0;
19724;6854635;1015132160;20713472;1115049984;0;0;0;0;0;0;0;0;0;0;0;3828;0;0;89;0;80;0;
19725;5531624;1015132160;20713472;1115049984;0;0;0;0;0;0;0;0;0;0;0;4148;0;0;89;0;80;0;
19726;4157907;1015132160;20713472;1115049984;0;0;0;0;0;0;0;0;0;0;0;4138;0;0;89;0;80;0;
19727;5960518;1015132160;20713472;1115049984;0;0;0;0;0;0;0;0;0;0;0;2846;0;0;89;0;80;0;
19728;3167250;1015132160;20713472;1115049984;0;0;0;0;0;0;0;0;0;0;0;3567;0;0;89;0;80;0;
19729;6872248;1015132160;20713472;1115049984;0;0;0;0;0;0;0;0;0;0;0;3467;0;0;89;0;80;0;
19730;3677687;1015132160;20713472;1115049984;0;0;0;0;0;0;0;0;0;0;0;3868;0;0;89;0;80;0;
19731;5504313;1015132160;20713472;1115049984;0;0;0;0;0;0;0;0;0;0;0;2955;0;0;89;0;80;0;
19732;4672733;1015132160;20713472;1115049984;0;0;0;0;0;0;0;0;0;0;0;3847;0;0;89;0;80;0;
19733;6276460;1015132160;20713472;1115049984;0;0;0;0;0;0;0;0;0;0;0;3878;0;0;89;0;80;0;
19734;4500690;1015132160;20713472;1115049984;0;0;0;0;0;0;0;0;0;0;0;2916;0;0;89;0;80;0;
19735;5112088;1015132160;20713472;1115049984;0;0;0;0;0;0;0;0;0;0;0;3587;0;0;89;0;80;0;
19736;3871000;1015132160;20713472;1115049984;0;0;0;0;0;0;0;0;0;0;0;3046;0;0;89;0;80;0;
19737;7009075;1015132160;20713472;1115049984;0;0;0;0;0;0;0;0;0;0;0;3105;0;0;89;0;80;0;
19738;3308134;1015132160;20713472;1115049984;0;0;0;0;0;0;0;0;0;0;0;3547;0;0;89;0;80;0;
19739;6168358;1015132160;20713472;1115049984;0;0;0;0;0;0;0;0;0;0;0;2485;0;0;89;0;80;0;
19740;3907799;1015132160;20713472;1115049984;0;0;0;0;0;0;0;0;0;0;0;3346;0;0;89;0;80;0;
19741;6208393;1015132160;20713472;1115049984;0;0;0;0;0;0;0;0;0;0;0;132368;0;0;89;0;80;0;
19742;4429687;1015132160;20713472;1115049984;0;0;0;0;0;0;0;0;0;0;0;3697;0;0;89;0;80;0;
19743;6939203;1015132160;20713472;1115049984;0;0;0;0;0;0;0;0;0;0;0;4047;0;0;89;0;80;0;
19744;4281780;1015132160;20713472;1115049984;0;0;0;0;0;0;0;0;0;0;0;3406;0;0;89;0;80;0;
19745;5427619;1015132160;20713472;1115049984;0;0;0;0;0;0;0;0;0;0;0;3868;0;0;89;0;80;0;
19746;4987704;1015132160;20713472;1115049984;0;0;0;0;0;0;0;0;0;0;0;3577;0;0;89;0;80;0;
19747;6390043;1015132160;20713472;1115049984;0;0;0;0;0;0;0;0;0;0;0;3867;0;0;89;0;80;0;
19748;3538837;1015132160;20713472;1115049984;0;0;0;0;0;0;0;0;0;0;0;3497;0;0;89;0;80;0;
19749;5594381;1015132160;20713472;1115049984;0;0;0;0;0;0;0;0;0;0;0;3917;0;0;89;0;80;0;
19750;4422975;1015132160;20713472;1115049984;0;0;0;0;0;0;0;0;0;0;0;4198;0;0;89;0;80;0;
19751;5711071;1015132160;20713472;1115049984;0;0;0;0;0;0;0;0;0;0;0;3116;0;0;89;0;80;0;
19752;4897304;1015132160;20713472;1115049984;0;0;0;0;0;0;0;0;0;0;0;4008;0;0;89;0;80;0;
19753;6327156;1015132160;20713472;1115049984;0;0;0;0;0;0;0;0;0;0;0;3497;0;0;89;0;80;0;
19754;5036786;1015132160;20713472;1115049984;0;0;0;0;0;0;0;0;0;0;0;3657;0;0;89;0;80;0;
19755;5540320;1015132160;20713472;1115049984;0;0;0;0;0;0;0;0;0;0;0;3025;0;0;89;0;80;0;
19756;4099118;1015132160;20713472;1115049984;0;0;0;0;0;0;0;0;0;0;0;3065;0;0;89;0;80;0;
19757;5362717;1015132160;20713472;1115049984;0;0;0;0;0;0;0;0;0;0;0;2485;0;0;89;0;80;0;
19758;3095425;1015132160;20713472;1115049984;0;0;0;0;0;0;0;0;0;0;0;2846;0;0;89;0;80;0;
19759;5099684;1015132160;20713472;1115049984;0;0;0;0;0;0;0;0;0;0;0;2545;0;0;89;0;80;0;
19760;4495330;1015132160;20713472;1115049984;0;0;0;0;0;0;0;0;0;0;0;3787;0;0;89;0;80;0;
19761;5157533;1015132160;20713472;1115049984;0;0;0;0;0;0;0;0;0;0;0;4188;0;0;89;0;80;0;
19762;4140795;1015132160;20713472;1115049984;0;0;0;0;0;0;0;0;0;0;0;3357;0;0;89;0;80;0;
19763;6650181;1015132160;20713472;1115049984;0;0;0;0;0;0;0;0;0;0;0;2695;0;0;89;0;80;0;
19764;2978636;1015132160;20713472;1115049984;0;0;0;0;0;0;0;0;0;0;0;3116;0;0;89;0;80;0;
19765;4691628;1015132160;20713472;1115049984;0;0;0;0;0;0;0;0;0;0;0;2024;0;0;89;0;80;0;
19766;3545669;1015132160;20713472;1115049984;0;0;0;0;0;0;0;0;0;0;0;3146;0;0;89;0;80;0;
19767;4937319;1015132160;20713472;1115049984;0;0;0;0;0;0;0;0;0;0;0;2094;0;0;89;0;80;0;
19768;3618536;1015132160;20713472;1115049984;0;0;0;0;0;0;0;0;0;0;0;3477;0;0;89;0;80;0;
19769;5306682;1015132160;20713472;1115049984;0;0;0;0;0;0;0;0;0;0;0;2906;0;0;89;0;80;0;
19770;4567206;1015132160;20713472;1115049984;0;0;0;0;0;0;0;0;0;0;0;3186;0;0;89;0;80;0;
19771;4574319;1015132160;20713472;1115049984;0;0;0;0;0;0;0;0;0;0;0;2355;0;0;89;0;80;0;
19772;3252339;1015132160;20713472;1115049984;0;0;0;0;0;0;0;0;0;0;0;3616;0;0;89;0;80;0;
19773;4881495;1015132160;20713472;1115049984;0;0;0;0;0;0;0;0;0;0;0;1734;0;0;89;0;80;0;
19774;3559826;1015132160;20713472;1115049984;0;0;0;0;0;0;0;0;0;0;0;3517;0;0;89;0;80;0;
19775;4867007;1015132160;20713472;1115049984;0;0;0;0;0;0;0;0;0;0;0;3046;0;0;89;0;80;0;
19776;3818351;1015132160;20713472;1115049984;0;0;0;0;0;0;0;0;0;0;0;3145;0;0;89;0;80;0;
19777;4936478;1015132160;20713472;1115049984;0;0;0;0;0;0;0;0;0;0;0;2565;0;0;89;0;80;0;
19778;3346967;1015132160;20713472;1115049984;0;0;0;0;0;0;0;0;0;0;0;3326;0;0;89;0;80;0;
19779;6713611;1015132160;20713472;1115049984;0;0;0;0;0;0;0;0;0;0;0;3697;0;0;89;0;80;0;
19780;4583626;1015132160;20713472;1115049984;0;0;0;0;0;0;0;0;0;0;0;3697;0;0;89;0;80;0;
19781;5821498;1015132160;20713472;1115049984;0;0;0;0;0;0;0;0;0;0;0;3276;0;0;89;0;80;0;
19782;3382984;1015132160;20713472;1115049984;0;0;0;0;0;0;0;0;0;0;0;3096;0;0;89;0;80;0;
19783;5498382;1015132160;20713472;1115049984;0;0;0;0;0;0;0;0;0;0;0;1844;0;0;89;0;80;0;
19784;2304562;1015132160;20713472;1115049984;0;0;0;0;0;0;0;0;0;0;0;2966;0;0;89;0;80;0;
19785;4533612;1015132160;20713472;1115049984;0;0;0;0;0;0;0;0;0;0;0;2114;0;0;89;0;80;0;
19786;5473094;1015132160;20713472;1115049984;0;0;0;0;0;0;0;0;0;0;0;2945;0;0;89;0;80;0;
19787;5609240;1015132160;20713472;1115049984;0;0;0;0;0;0;0;0;0;0;0;3527;0;0;89;0;80;0;
19788;3743020;1015132160;20713472;1115049984;0;0;0;0;0;0;0;0;0;0;0;3306;0;0;89;0;80;0;
19789;5476982;1015132160;20713472;1115049984;0;0;0;0;0;0;0;0;0;0;0;3196;0;0;89;0;80;0;
19790;4152458;1015132160;20713472;1115049984;0;0;0;0;0;0;0;0;0;0;0;3256;0;0;89;0;80;0;
19791;5926765;1015132160;20713472;1115049984;0;0;0;0;0;0;0;0;0;0;0;3957;0;0;89;0;80;0;
19792;4122531;1015132160;20713472;1115049984;0;0;0;0;0;0;0;0;0;0;0;3857;0;0;89;0;80;0;
19793;6451840;1015132160;20713472;1115049984;0;0;0;0;0;0;0;0;0;0;0;4679;0;0;89;0;80;0;
19794;3004254;1015132160;20713472;1115049984;0;0;0;0;0;0;0;0;0;0;0;2885;0;0;89;0;80;0;
19795;5868686;1015132160;20713472;1115049984;0;0;0;0;0;0;0;0;0;0;0;3206;0;0;89;0;80;0;
19796;3597787;1015132160;20713472;1115049984;0;0;0;0;0;0;0;0;0;0;0;3066;0;0;89;0;80;0;
19797;4677252;1015132160;20713472;1115049984;0;0;0;0;0;0;0;0;0;0;0;2113;0;0;89;0;80;0;
19798;2984257;1015132160;20713472;1115049984;0;0;0;0;0;0;0;0;0;0;0;2675;0;0;89;0;80;0;
19799;4402917;1015132160;20713472;1115049984;0;0;0;0;0;0;0;0;0;0;0;1874;0;0;89;0;80;0;
19800;4140645;1015132160;20713472;1115049984;0;0;0;0;0;0;0;0;0;0;0;2905;0;0;89;0;80;0;
19801;4659168;1015132160;20713472;1115049984;0;0;0;0;0;0;0;0;0;0;0;2214;0;0;89;0;80;0;
19802;4966003;1015132160;20713472;1115049984;0;0;0;0;0;0;0;0;0;0;0;3687;0;0;89;0;80;0;
19803;6258326;1015132160;20713472;1115049984;0;0;0;0;0;0;0;0;0;0;0;2615;0;0;89;0;80;0;
19804;2997301;1015132160;20713472;1115049984;0;0;0;0;0;0;0;0;0;0;0;3226;0;0;89;0;80;0;
19805;6272293;1015132160;20713472;1115049984;0;0;0;0;0;0;0;0;0;0;0;3045;0;0;89;0;80;0;
19806;2651703;1015132160;20713472;1115049984;0;0;0;0;0;0;0;0;0;0;0;3046;0;0;89;0;80;0;
19807;6826833;1019858944;31825920;1126162432;0;0;0;0;0;0;0;0;0;0;0;4949;0;0;89;0;80;0;
19808;3440212;1019858944;31825920;1126162432;0;0;0;0;0;0;0;0;0;0;0;3176;0;0;89;0;80;0;
19809;5546422;1019858944;31825920;1126162432;0;0;0;0;0;0;0;0;0;0;0;3046;0;0;89;0;80;0;
19810;3239846;1019858944;31825920;1126162432;0;0;0;0;0;0;0;0;0;0;0;2725;0;0;89;0;80;0;
19811;4509787;1019858944;31825920;1126162432;0;0;0;0;0;0;0;0;0;0;0;2063;0;0;89;0;80;0;
19812;3632603;1019858944;31825920;1126162432;0;0;0;0;0;0;0;0;0;0;0;3336;0;0;89;0;80;0;
19813;4985730;1019858944;31834112;1126170624;0;0;0;0;0;0;0;0;0;0;0;3848;0;0;89;0;80;0;
19814;3525001;1019858944;31834112;1126170624;0;0;0;0;0;0;0;0;0;0;0;2845;0;0;89;0;80;0;
19815;4856047;1019858944;31834112;1126170624;0;0;0;0;0;0;0;0;0;0;0;2665;0;0;89;0;80;0;
19816;3132865;1015140352;20721664;1115058176;0;0;0;0;0;0;0;0;0;0;0;3287;0;0;89;0;80;0;
19817;4970161;1015140352;20721664;1115058176;0;0;0;0;0;0;0;0;0;0;0;2575;0;0;89;0;80;0;
19818;3049559;1015140352;20721664;1115058176;0;0;0;0;0;0;0;0;0;0;0;3126;0;0;89;0;80;0;
19819;5899013;1015140352;20721664;1115058176;0;0;0;0;0;0;0;0;0;0;0;2965;0;0;89;0;80;0;
19820;1872211;1015132160;20713472;1115049984;0;0;0;0;0;0;0;0;0;0;0;2615;0;0;89;0;80;0;
19821;4345539;1015132160;20713472;1115049984;0;0;0;0;0;0;0;0;0;0;0;2044;0;0;89;0;80;0;
19822;3565196;1015132160;20713472;1115049984;0;0;0;0;0;0;0;0;0;0;0;3386;0;0;89;0;80;0;
19823;5099604;1015132160;20713472;1115049984;0;0;0;0;0;0;0;0;0;0;0;3206;0;0;89;0;80;0;
19824;3575526;1015132160;20713472;1115049984;0;0;0;0;0;0;0;0;0;0;0;3046;0;0;89;0;80;0;
19825;4377950;1015132160;20713472;1115049984;0;0;0;0;0;0;0;0;0;0;0;2004;0;0;89;0;80;0;
19826;3490125;1015132160;20713472;1115049984;0;0;0;0;0;0;0;0;0;0;0;2675;0;0;89;0;80;0;
19827;5541963;1015132160;20713472;1115049984;0;0;0;0;0;0;0;0;0;0;0;2124;0;0;89;0;80;0;
19828;5121234;1015132160;20713472;1115049984;0;0;0;0;0;0;0;0;0;0;0;4418;0;0;89;0;80;0;
19829;6557969;1015132160;20713472;1115049984;0;0;0;0;0;0;0;0;0;0;0;3947;0;0;89;0;80;0;
19830;6229913;1015132160;20713472;1115049984;0;0;0;0;0;0;0;0;0;0;0;4949;0;0;89;0;80;0;
19831;5381683;1015132160;20713472;1115049984;0;0;0;0;0;0;0;0;0;0;0;3016;0;0;89;0;80;0;
19832;5111686;1015132160;20713472;1115049984;0;0;0;0;0;0;0;0;0;0;0;4438;0;0;89;0;80;0;
19833;5527195;1015132160;20713472;1115049984;0;0;0;0;0;0;0;0;0;0;0;2845;0;0;89;0;80;0;
19834;4544684;1015132160;20713472;1115049984;0;0;0;0;0;0;0;0;0;0;0;4128;0;0;89;0;80;0;
19835;5380931;1015132160;20713472;1115049984;0;0;0;0;0;0;0;0;0;0;0;3818;0;0;89;0;80;0;
19836;6265671;1015132160;20713472;1115049984;0;0;0;0;0;0;0;0;0;0;0;20238;0;0;89;0;80;0;
19837;5681305;1015132160;20713472;1115049984;0;0;0;0;0;0;0;0;0;0;0;3246;0;0;89;0;80;0;
19838;4550514;1015132160;20713472;1115049984;0;0;0;0;0;0;0;0;0;0;0;3527;0;0;89;0;80;0;
19839;5561009;1015132160;20713472;1115049984;0;0;0;0;0;0;0;0;0;0;0;3797;0;0;89;0;80;0;
19840;3323833;1015132160;20713472;1115049984;0;0;0;0;0;0;0;0;0;0;0;3868;0;0;89;0;80;0;
19841;5658953;1015132160;20713472;1115049984;0;0;0;0;0;0;0;0;0;0;0;3687;0;0;89;0;80;0;
19842;3471490;1015132160;20713472;1115049984;0;0;0;0;0;0;0;0;0;0;0;4939;0;0;89;0;80;0;
19843;5865180;1015132160;20713472;1115049984;0;0;0;0;0;0;0;0;0;0;0;2986;0;0;89;0;80;0;
19844;3400016;1015132160;20713472;1115049984;0;0;0;0;0;0;0;0;0;0;0;3467;0;0;89;0;80;0;
19845;5954647;1015132160;20713472;1115049984;0;0;0;0;0;0;0;0;0;0;0;3637;0;0;89;0;80;0;
19846;3864046;1015132160;20713472;1115049984;0;0;0;0;0;0;0;0;0;0;0;3687;0;0;89;0;80;0;
19847;5316050;1015132160;20713472;1115049984;0;0;0;0;0;0;0;0;0;0;0;3386;0;0;89;0;80;0;
19848;3412730;1015132160;20713472;1115049984;0;0;0;0;0;0;0;0;0;0;0;4017;0;0;89;0;80;0;
19849;6263467;1015132160;20713472;1115049984;0;0;0;0;0;0;0;0;0;0;0;4127;0;0;89;0;80;0;
19850;4364154;1015132160;20713472;1115049984;0;0;0;0;0;0;0;0;0;0;0;3396;0;0;89;0;80;0;
19851;5627434;1015132160;20713472;1115049984;0;0;0;0;0;0;0;0;0;0;0;2816;0;0;89;0;80;0;
19852;4324631;1015132160;20713472;1115049984;0;0;0;0;0;0;0;0;0;0;0;3326;0;0;89;0;80;0;
19853;6449896;1015132160;20713472;1115049984;0;0;0;0;0;0;0;0;0;0;0;2605;0;0;89;0;80;0;
19854;3490065;1015132160;20713472;1115049984;0;0;0;0;0;0;0;0;0;0;0;3196;0;0;89;0;80;0;
19855;5110404;1015132160;20713472;1115049984;0;0;0;0;0;0;0;0;0;0;0;2244;0;0;89;0;80;0;
19856;9581539;1015132160;20713472;1115049984;0;0;0;0;0;0;0;0;0;0;0;2986;0;0;89;0;80;0;
19857;7867925;1015132160;20713472;1115049984;0;0;0;0;0;0;0;0;0;0;0;2164;0;0;89;0;80;0;
19858;3402892;1015132160;20713472;1115049984;0;0;0;0;0;0;0;0;0;0;0;2695;0;0;89;0;80;0;
19859;5090948;1015132160;20713472;1115049984;0;0;0;0;0;0;0;0;0;0;0;2284;0;0;89;0;80;0;
19860;3361594;1015132160;20713472;1115049984;0;0;0;0;0;0;0;0;0;0;0;3767;0;0;89;0;80;0;
19861;5118429;1015132160;20713472;1115049984;0;0;0;0;0;0;0;0;0;0;0;2284;0;0;89;0;80;0;
19862;4724401;1015132160;20713472;1115049984;0;0;0;0;0;0;0;0;0;0;0;3066;0;0;89;0;80;0;
19863;4718148;1015132160;20713472;1115049984;0;0;0;0;0;0;0;0;0;0;0;2755;0;0;89;0;80;0;
19864;4357953;1015132160;20713472;1115049984;0;0;0;0;0;0;0;0;0;0;0;4027;0;0;89;0;80;0;
19865;4796746;1015132160;20713472;1115049984;0;0;0;0;0;0;0;0;0;0;0;2755;0;0;89;0;80;0;
19866;4641995;1015132160;20713472;1115049984;0;0;0;0;0;0;0;0;0;0;0;3126;0;0;89;0;80;0;
19867;5403113;1015132160;20713472;1115049984;0;0;0;0;0;0;0;0;0;0;0;2695;0;0;89;0;80;0;
19868;3126844;1015132160;20713472;1115049984;0;0;0;0;0;0;0;0;0;0;0;2826;0;0;89;0;80;0;
19869;5039992;1015132160;20713472;1115049984;0;0;0;0;0;0;0;0;0;0;0;2554;0;0;89;0;80;0;
19870;2695625;1015132160;20713472;1115049984;0;0;0;0;0;0;0;0;0;0;0;2645;0;0;89;0;80;0;
19871;4716605;1015132160;20713472;1115049984;0;0;0;0;0;0;0;0;0;0;0;2244;0;0;89;0;80;0;
19872;2769724;1015132160;20713472;1115049984;0;0;0;0;0;0;0;0;0;0;0;3296;0;0;89;0;80;0;
19873;5446213;1015132160;20713472;1115049984;0;0;0;0;0;0;0;0;0;0;0;2094;0;0;89;0;80;0;
19874;4392468;1015132160;20713472;1115049984;0;0;0;0;0;0;0;0;0;0;0;2976;0;0;89;0;80;0;
19875;4345199;1015132160;20713472;1115049984;0;0;0;0;0;0;0;0;0;0;0;1904;0;0;89;0;80;0;
19876;3937313;1015132160;20713472;1115049984;0;0;0;0;0;0;0;0;0;0;0;3056;0;0;89;0;80;0;
19877;4374544;1015132160;20713472;1115049984;0;0;0;0;0;0;0;0;0;0;0;2084;0;0;89;0;80;0;
19878;4394491;1015132160;20713472;1115049984;0;0;0;0;0;0;0;0;0;0;0;2365;0;0;89;0;80;0;
19879;5119782;1015132160;20713472;1115049984;0;0;0;0;0;0;0;0;0;0;0;1974;0;0;89;0;80;0;
19880;2796234;1015132160;20713472;1115049984;0;0;0;0;0;0;0;0;0;0;0;3947;0;0;89;0;80;0;
19881;6639902;1015132160;20713472;1115049984;0;0;0;0;0;0;0;0;0;0;0;2995;0;0;89;0;80;0;
19882;4858842;1015132160;20713472;1115049984;0;0;0;0;0;0;0;0;0;0;0;3276;0;0;89;0;80;0;
19883;5273200;1015132160;20713472;1115049984;0;0;0;0;0;0;0;0;0;0;0;2515;0;0;89;0;80;0;
19884;3676185;1015132160;20713472;1115049984;0;0;0;0;0;0;0;0;0;0;0;2845;0;0;89;0;80;0;
19885;4855266;1015132160;20713472;1115049984;0;0;0;0;0;0;0;0;0;0;0;2285;0;0;89;0;80;0;
19886;5120423;1015132160;20713472;1115049984;0;0;0;0;0;0;0;0;0;0;0;3517;0;0;89;0;80;0;
19887;5246740;1015132160;20713472;1115049984;0;0;0;0;0;0;0;0;0;0;0;3026;0;0;89;0;80;0;
19888;5397112;1015132160;20713472;1115049984;0;0;0;0;0;0;0;0;0;0;0;2836;0;0;89;0;80;0;
19889;4839546;1015132160;20713472;1115049984;0;0;0;0;0;0;0;0;0;0;0;2114;0;0;89;0;80;0;
19890;4673395;1015132160;20713472;1115049984;0;0;0;0;0;0;0;0;0;0;0;2945;0;0;89;0;80;0;
19891;6641576;1015132160;20713472;1115049984;0;0;0;0;0;0;0;0;0;0;0;2866;0;0;89;0;80;0;
19892;3712011;1015132160;20713472;1115049984;0;0;0;0;0;0;0;0;0;0;0;3817;0;0;89;0;80;0;
19893;5815817;1015132160;20713472;1115049984;0;0;0;0;0;0;0;0;0;0;0;2565;0;0;89;0;80;0;
19894;5040693;1015132160;20713472;1115049984;0;0;0;0;0;0;0;0;0;0;0;3306;0;0;89;0;80;0;
19895;5831576;1015132160;20713472;1115049984;0;0;0;0;0;0;0;0;0;0;0;2374;0;0;89;0;80;0;
19896;5084335;1015132160;20713472;1115049984;0;0;0;0;0;0;0;0;0;0;0;4218;0;0;89;0;80;0;
19897;5636681;1015132160;20713472;1115049984;0;0;0;0;0;0;0;0;0;0;0;3256;0;0;89;0;80;0;
19898;4926269;1015132160;20713472;1115049984;0;0;0;0;0;0;0;0;0;0;0;3497;0;0;89;0;80;0;
19899;6547459;1015132160;20713472;1115049984;0;0;0;0;0;0;0;0;0;0;0;3246;0;0;89;0;80;0;
19900;5078203;1015132160;20713472;1115049984;0;0;0;0;0;0;0;0;0;0;0;3326;0;0;89;0;80;0;
19901;5330297;1015132160;20713472;1115049984;0;0;0;0;0;0;0;0;0;0;0;3076;0;0;89;0;80;0;
19902;4797326;1015132160;20713472;1115049984;0;0;0;0;0;0;0;0;0;0;0;3547;0;0;89;0;80;0;
19903;5877192;1015132160;20713472;1115049984;0;0;0;0;0;0;0;0;0;0;0;3747;0;0;89;0;80;0;
19904;5593049;1015132160;20713472;1115049984;0;0;0;0;0;0;0;0;0;0;0;2866;0;0;89;0;80;0;
19905;5886720;1015132160;20713472;1115049984;0;0;0;0;0;0;0;0;0;0;0;2054;0;0;89;0;80;0;
19906;4444275;1015132160;20713472;1115049984;0;0;0;0;0;0;0;0;0;0;0;2645;0;0;89;0;80;0;
19907;6001605;1015132160;20713472;1115049984;0;0;0;0;0;0;0;0;0;0;0;2073;0;0;89;0;80;0;
19908;5836415;1015132160;20713472;1115049984;0;0;0;0;0;0;0;0;0;0;0;2885;0;0;89;0;80;0;
19909;5500746;1015132160;20713472;1115049984;0;0;0;0;0;0;0;0;0;0;0;2084;0;0;89;0;80;0;
19910;4371438;1015132160;20713472;1115049984;0;0;0;0;0;0;0;0;0;0;0;2926;0;0;89;0;80;0;
19911;5072202;1015132160;20713472;1115049984;0;0;0;0;0;0;0;0;0;0;0;2174;0;0;89;0;80;0;
19912;4822194;1015132160;20713472;1115049984;0;0;0;0;0;0;0;0;0;0;0;3076;0;0;89;0;80;0;
19913;6317317;1015132160;20713472;1115049984;0;0;0;0;0;0;0;0;0;0;0;2574;0;0;89;0;80;0;
19914;4716966;1015132160;20713472;1115049984;0;0;0;0;0;0;0;0;0;0;0;3136;0;0;89;0;80;0;
19915;6713771;1015132160;20721664;1115058176;0;0;0;0;0;0;0;0;0;0;0;3667;0;0;89;0;80;0;
19916;7405308;1015132160;20721664;1115058176;0;0;0;0;0;0;0;0;0;0;0;5099;0;0;89;0;80;0;
19917;5332049;1015132160;20721664;1115058176;0;0;0;0;0;0;0;0;0;0;0;2996;0;0;89;0;80;0;
19918;7545531;1015132160;20721664;1115058176;0;0;0;0;0;0;0;0;0;0;0;4038;0;0;89;0;80;0;
19919;6855757;1015132160;20721664;1115058176;0;0;0;0;0;0;0;0;0;0;0;115226;0;0;89;0;80;0;
19920;5084546;1015132160;20721664;1115058176;0;0;0;0;0;0;0;0;0;0;0;4288;0;0;89;0;80;0;
19921;6038324;1015132160;20721664;1115058176;0;0;0;0;0;0;0;0;0;0;0;2926;0;0;89;0;80;0;
19922;5075588;1015132160;20713472;1115049984;0;0;0;0;0;0;0;0;0;0;0;3326;0;0;89;0;80;0;
19923;5140400;1015132160;20713472;1115049984;0;0;0;0;0;0;0;0;0;0;0;2905;0;0;89;0;80;0;
19924;4286229;1015132160;20713472;1115049984;0;0;0;0;0;0;0;0;0;0;0;3516;0;0;89;0;80;0;
19925;6974499;1019858944;31825920;1126162432;0;0;0;0;0;0;0;0;0;0;0;3286;0;0;89;0;80;0;
19926;3632703;1019858944;31825920;1126162432;0;0;0;0;0;0;0;0;0;0;0;3727;0;0;89;0;80;0;
19927;5026767;1019858944;31825920;1126162432;0;0;0;0;0;0;0;0;0;0;0;2545;0;0;89;0;80;0;
19928;4435048;1019858944;31825920;1126162432;0;0;0;0;0;0;0;0;0;0;0;3327;0;0;89;0;80;0;
19929;5548245;1019858944;31825920;1126162432;0;0;0;0;0;0;0;0;0;0;0;2484;0;0;89;0;80;0;
19930;4640372;1019858944;31825920;1126162432;0;0;0;0;0;0;0;0;0;0;0;3286;0;0;89;0;80;0;
19931;5518429;1019858944;31825920;1126162432;0;0;0;0;0;0;0;0;0;0;0;2294;0;0;89;0;80;0;
19932;2921970;1019858944;31825920;1126162432;0;0;0;0;0;0;0;0;0;0;0;2595;0;0;89;0;80;0;
19933;5840283;1019858944;31825920;1126162432;0;0;0;0;0;0;0;0;0;0;0;2234;0;0;89;0;80;0;
19934;3785029;1015132160;20713472;1115049984;0;0;0;0;0;0;0;0;0;0;0;2605;0;0;89;0;80;0;
19935;5747880;1015132160;20713472;1115049984;0;0;0;0;0;0;0;0;0;0;0;2284;0;0;89;0;80;0;
19936;3808533;1015132160;20713472;1115049984;0;0;0;0;0;0;0;0;0;0;0;2855;0;0;89;0;80;0;
19937;4720352;1015132160;20713472;1115049984;0;0;0;0;0;0;0;0;0;0;0;2504;0;0;89;0;80;0;
19938;6036932;1015132160;20713472;1115049984;0;0;0;0;0;0;0;0;0;0;0;3887;0;0;89;0;80;0;
19939;5488723;1015132160;20713472;1115049984;0;0;0;0;0;0;0;0;0;0;0;2715;0;0;89;0;80;0;
19940;4364976;1015132160;20713472;1115049984;0;0;0;0;0;0;0;0;0;0;0;3547;0;0;89;0;80;0;
19941;6914437;1015132160;20713472;1115049984;0;0;0;0;0;0;0;0;0;0;0;3737;0;0;89;0;80;0;
19942;5281164;1015132160;20713472;1115049984;0;0;0;0;0;0;0;0;0;0;0;3677;0;0;89;0;80;0;
19943;6114186;1015132160;20713472;1115049984;0;0;0;0;0;0;0;0;0;0;0;3246;0;0;89;0;80;0;
19944;4801665;1015132160;20713472;1115049984;0;0;0;0;0;0;0;0;0;0;0;2845;0;0;89;0;80;0;
19945;5122727;1015132160;20713472;1115049984;0;0;0;0;0;0;0;0;0;0;0;2194;0;0;89;0;80;0;
19946;2899207;1015132160;20713472;1115049984;0;0;0;0;0;0;0;0;0;0;0;3367;0;0;89;0;80;0;
19947;5835664;1015132160;20713472;1115049984;0;0;0;0;0;0;0;0;0;0;0;3486;0;0;89;0;80;0;
19948;4574368;1015132160;20713472;1115049984;0;0;0;0;0;0;0;0;0;0;0;2835;0;0;89;0;80;0;
19949;5528237;1015132160;20713472;1115049984;0;0;0;0;0;0;0;0;0;0;0;2946;0;0;89;0;80;0;
19950;3777454;1015132160;20713472;1115049984;0;0;0;0;0;0;0;0;0;0;0;2645;0;0;89;0;80;0;
19951;5314076;1015132160;20713472;1115049984;0;0;0;0;0;0;0;0;0;0;0;2325;0;0;89;0;80;0;
19952;4084150;1015132160;20713472;1115049984;0;0;0;0;0;0;0;0;0;0;0;2074;0;0;89;0;80;0;
19953;5872002;1015132160;20713472;1115049984;0;0;0;0;0;0;0;0;0;0;0;2424;0;0;89;0;80;0;
19954;5667559;1015132160;20713472;1115049984;0;0;0;0;0;0;0;0;0;0;0;4268;0;0;89;0;80;0;
19955;7321430;1015132160;20713472;1115049984;0;0;0;0;0;0;0;0;0;0;0;4048;0;0;89;0;80;0;
19956;7482162;1015132160;20713472;1115049984;0;0;0;0;0;0;0;0;0;0;0;4469;0;0;89;0;80;0;
19957;8126570;1015132160;20713472;1115049984;0;0;0;0;0;0;0;0;0;0;0;4619;0;0;89;0;80;0;
19958;6662475;1015132160;20713472;1115049984;0;0;0;0;0;0;0;0;0;0;0;4738;0;0;89;0;80;0;
19959;8813890;1015132160;20713472;1115049984;0;0;0;0;0;0;0;0;0;0;0;4067;0;0;89;0;80;0;
19960;7335267;1015132160;20713472;1115049984;0;0;0;0;0;0;0;0;0;0;0;4789;0;0;89;0;80;0;
19961;7251439;1015132160;20713472;1115049984;0;0;0;0;0;0;0;0;0;0;0;3506;0;0;89;0;80;0;
19962;6570853;1015132160;20713472;1115049984;0;0;0;0;0;0;0;0;0;0;0;4308;0;0;89;0;80;0;
19963;8218754;1015132160;20713472;1115049984;0;0;0;0;0;0;0;0;0;0;0;5050;0;0;89;0;80;0;
19964;7301152;1015132160;20713472;1115049984;0;0;0;0;0;0;0;0;0;0;0;5591;0;0;89;0;80;0;
19965;9151593;1015132160;20713472;1115049984;0;0;0;0;0;0;0;0;0;0;0;3797;0;0;89;0;80;0;
19966;8670330;1015132160;20713472;1115049984;0;0;0;0;0;0;0;0;0;0;0;3477;0;0;89;0;80;0;
19967;5953796;1015132160;20713472;1115049984;0;0;0;0;0;0;0;0;0;0;0;3347;0;0;89;0;80;0;
19968;5918249;1015132160;20713472;1115049984;0;0;0;0;0;0;0;0;0;0;0;2605;0;0;89;0;80;0;
19969;5662850;1015132160;20713472;1115049984;0;0;0;0;0;0;0;0;0;0;0;2776;0;0;89;0;80;0;
19970;5693317;1015132160;20713472;1115049984;0;0;0;0;0;0;0;0;0;0;0;3837;0;0;89;0;80;0;
19971;6500241;1015132160;20713472;1115049984;0;0;0;0;0;0;0;0;0;0;0;3105;0;0;89;0;80;0;
19972;4652435;1015132160;20713472;1115049984;0;0;0;0;0;0;0;0;0;0;0;2595;0;0;89;0;80;0;
19973;7618488;1015132160;20713472;1115049984;0;0;0;0;0;0;0;0;0;0;0;2405;0;0;89;0;80;0;
19974;4772210;1015132160;20713472;1115049984;0;0;0;0;0;0;0;0;0;0;0;2966;0;0;89;0;80;0;
19975;5029693;1015132160;20713472;1115049984;0;0;0;0;0;0;0;0;0;0;0;2314;0;0;89;0;80;0;
19976;3574414;1015132160;20713472;1115049984;0;0;0;0;0;0;0;0;0;0;0;2926;0;0;89;0;80;0;
19977;5743982;1015132160;20713472;1115049984;0;0;0;0;0;0;0;0;0;0;0;2264;0;0;89;0;80;0;
19978;5889475;1015132160;20713472;1115049984;0;0;0;0;0;0;0;0;0;0;0;3737;0;0;89;0;80;0;
19979;6676140;1015132160;20713472;1115049984;0;0;0;0;0;0;0;0;0;0;0;2886;0;0;89;0;80;0;
19980;5079095;1015132160;20713472;1115049984;0;0;0;0;0;0;0;0;0;0;0;3808;0;0;89;0;80;0;
19981;6020832;1015132160;20713472;1115049984;0;0;0;0;0;0;0;0;0;0;0;3446;0;0;89;0;80;0;
19982;5074567;1015132160;20713472;1115049984;0;0;0;0;0;0;0;0;0;0;0;3747;0;0;89;0;80;0;
19983;5874648;1015132160;20713472;1115049984;0;0;0;0;0;0;0;0;0;0;0;3206;0;0;89;0;80;0;
19984;5265795;1015132160;20713472;1115049984;0;0;0;0;0;0;0;0;0;0;0;4027;0;0;89;0;80;0;
19985;6042342;1015132160;20713472;1115049984;0;0;0;0;0;0;0;0;0;0;0;2775;0;0;89;0;80;0;
19986;5782194;1015132160;20713472;1115049984;0;0;0;0;0;0;0;0;0;0;0;4348;0;0;89;0;80;0;
19987;6151767;1015132160;20713472;1115049984;0;0;0;0;0;0;0;0;0;0;0;3286;0;0;89;0;80;0;
19988;6340371;1015132160;20713472;1115049984;0;0;0;0;0;0;0;0;0;0;0;57398;0;0;89;0;80;0;
19989;6799281;1015132160;20713472;1115049984;0;0;0;0;0;0;0;0;0;0;0;3877;0;0;89;0;80;0;
19990;5871822;1015132160;20713472;1115049984;0;0;0;0;0;0;0;0;0;0;0;4238;0;0;89;0;80;0;
19991;5713686;1015132160;20713472;1115049984;0;0;0;0;0;0;0;0;0;0;0;3386;0;0;89;0;80;0;
19992;5992007;1015132160;20713472;1115049984;0;0;0;0;0;0;0;0;0;0;0;3817;0;0;89;0;80;0;
19993;7011930;1015132160;20713472;1115049984;0;0;0;0;0;0;0;0;0;0;0;3346;0;0;89;0;80;0;
19994;4825109;1015132160;20713472;1115049984;0;0;0;0;0;0;0;0;0;0;0;3587;0;0;89;0;80;0;
19995;5600263;1015132160;20713472;1115049984;0;0;0;0;0;0;0;0;0;0;0;2465;0;0;89;0;80;0;
19996;5103932;1015132160;20713472;1115049984;0;0;0;0;0;0;0;0;0;0;0;3447;0;0;89;0;80;0;
19997;5749973;1015132160;20713472;1115049984;0;0;0;0;0;0;0;0;0;0;0;2425;0;0;89;0;80;0;
19998;4558910;1015132160;20713472;1115049984;0;0;0;0;0;0;0;0;0;0;0;3327;0;0;89;0;80;0;
19999;5529641;1015132160;20713472;1115049984;0;0;0;0;0;0;0;0;0;0;0;2715;0;0;89;0;80;0;
20000;4032933;1015132160;20713472;1115049984;0;0;0;0;0;0;0;0;0;0;0;3346;0;0;89;0;80;0;
20001;5340887;1015132160;20713472;1115049984;0;0;0;0;0;0;0;0;0;0;0;2725;0;0;89;0;80;0;
20002;4384773;1015132160;20713472;1115049984;0;0;0;0;0;0;0;0;0;0;0;3337;0;0;89;0;80;0;
20003;6479571;1015132160;20713472;1115049984;0;0;0;0;0;0;0;0;0;0;0;3106;0;0;89;0;80;0;
20004;5156951;1015132160;20713472;1115049984;0;0;0;0;0;0;0;0;0;0;0;3016;0;0;89;0;80;0;
20005;5823321;1015132160;20713472;1115049984;0;0;0;0;0;0;0;0;0;0;0;2385;0;0;89;0;80;0;
20006;3528818;1015132160;20713472;1115049984;0;0;0;0;0;0;0;0;0;0;0;2615;0;0;89;0;80;0;
20007;4835278;1015132160;20713472;1115049984;0;0;0;0;0;0;0;0;0;0;0;2605;0;0;89;0;80;0;
20008;4786967;1015132160;20713472;1115049984;0;0;0;0;0;0;0;0;0;0;0;3767;0;0;89;0;80;0;
20009;5221042;1015132160;20713472;1115049984;0;0;0;0;0;0;0;0;0;0;0;3276;0;0;89;0;80;0;
20010;6228080;1015132160;20713472;1115049984;0;0;0;0;0;0;0;0;0;0;0;3767;0;0;89;0;80;0;
20011;6334079;1015132160;20713472;1115049984;0;0;0;0;0;0;0;0;0;0;0;3447;0;0;89;0;80;0;
20012;6100060;1015132160;20713472;1115049984;0;0;0;0;0;0;0;0;0;0;0;4499;0;0;89;0;80;0;
20013;5249905;1015132160;20713472;1115049984;0;0;0;0;0;0;0;0;0;0;0;3277;0;0;89;0;80;0;
20014;4117031;1015132160;20713472;1115049984;0;0;0;0;0;0;0;0;0;0;0;2745;0;0;89;0;80;0;
20015;5947594;1015132160;20713472;1115049984;0;0;0;0;0;0;0;0;0;0;0;2474;0;0;89;0;80;0;
20016;4387639;1015132160;20713472;1115049984;0;0;0;0;0;0;0;0;0;0;0;4558;0;0;89;0;80;0;
20017;5903912;1015132160;20713472;1115049984;0;0;0;0;0;0;0;0;0;0;0;2785;0;0;89;0;80;0;
20018;5652591;1015132160;20713472;1115049984;0;0;0;0;0;0;0;0;0;0;0;3236;0;0;89;0;80;0;
20019;5893323;1019858944;31825920;1126162432;0;0;0;0;0;0;0;0;0;0;0;2966;0;0;89;0;80;0;
20020;4560192;1019858944;31825920;1126162432;0;0;0;0;0;0;0;0;0;0;0;3878;0;0;89;0;80;0;
20021;6355599;1019858944;31825920;1126162432;0;0;0;0;0;0;0;0;0;0;0;3476;0;0;89;0;80;0;
20022;5782845;1019858944;31825920;1126162432;0;0;0;0;0;0;0;0;0;0;0;4208;0;0;89;0;80;0;
20023;6458642;1019858944;31825920;1126162432;0;0;0;0;0;0;0;0;0;0;0;3727;0;0;89;0;80;0;
20024;6089831;1019858944;31825920;1126162432;0;0;0;0;0;0;0;0;0;0;0;3246;0;0;89;0;80;0;
20025;6045708;1019858944;31825920;1126162432;0;0;0;0;0;0;0;0;0;0;0;2395;0;0;89;0;80;0;
20026;3380059;1019858944;31825920;1126162432;0;0;0;0;0;0;0;0;0;0;0;2585;0;0;89;0;80;0;
20027;6556927;1019858944;31825920;1126162432;0;0;0;0;0;0;0;0;0;0;0;2424;0;0;89;0;80;0;
20028;3786571;1015132160;20713472;1115049984;0;0;0;0;0;0;0;0;0;0;0;2846;0;0;89;0;80;0;
20029;4878319;1015132160;20713472;1115049984;0;0;0;0;0;0;0;0;0;0;0;2214;0;0;89;0;80;0;
20030;3899764;1015132160;20713472;1115049984;0;0;0;0;0;0;0;0;0;0;0;2524;0;0;89;0;80;0;
20031;4850407;1015132160;20713472;1115049984;0;0;0;0;0;0;0;0;0;0;0;2334;0;0;89;0;80;0;
20032;4689495;1015132160;20713472;1115049984;0;0;0;0;0;0;0;0;0;0;0;2505;0;0;89;0;80;0;
20033;5067544;1015132160;20713472;1115049984;0;0;0;0;0;0;0;0;0;0;0;2244;0;0;89;0;80;0;
20034;7538598;1015132160;20713472;1115049984;0;0;0;0;0;0;0;0;0;0;0;3808;0;0;89;0;80;0;
20035;5515583;1015132160;20713472;1115049984;0;0;0;0;0;0;0;0;0;0;0;2826;0;0;89;0;80;0;
20036;4656012;1015132160;20713472;1115049984;0;0;0;0;0;0;0;0;0;0;0;2514;0;0;89;0;80;0;
20037;6501523;1015132160;20713472;1115049984;0;0;0;0;0;0;0;0;0;0;0;2054;0;0;89;0;80;0;
20038;5810497;1015132160;20713472;1115049984;0;0;0;0;0;0;0;0;0;0;0;2915;0;0;89;0;80;0;
20039;6904499;1015132160;20713472;1115049984;0;0;0;0;0;0;0;0;0;0;0;2405;0;0;89;0;80;0;
20040;12026324;1015132160;20713472;1115049984;0;0;0;0;0;0;0;0;0;0;0;4328;0;0;89;0;80;0;
20041;6052591;1015132160;20713472;1115049984;0;0;0;0;0;0;0;0;0;0;0;2455;0;0;89;0;80;0;
20042;5499393;1015132160;20713472;1115049984;0;0;0;0;0;0;0;0;0;0;0;4378;0;0;89;0;80;0;
20043;6217851;1015132160;20713472;1115049984;0;0;0;0;0;0;0;0;0;0;0;3326;0;0;89;0;80;0;
20044;6343517;1015132160;20713472;1115049984;0;0;0;0;0;0;0;0;0;0;0;3146;0;0;89;0;80;0;
20045;5453046;1015132160;20713472;1115049984;0;0;0;0;0;0;0;0;0;0;0;2465;0;0;89;0;80;0;
20046;3456662;1015132160;20713472;1115049984;0;0;0;0;0;0;0;0;0;0;0;2776;0;0;89;0;80;0;
20047;5092821;1015132160;20713472;1115049984;0;0;0;0;0;0;0;0;0;0;0;2234;0;0;89;0;80;0;
20048;3942644;1015132160;20713472;1115049984;0;0;0;0;0;0;0;0;0;0;0;2575;0;0;89;0;80;0;
20049;4389302;1015132160;20713472;1115049984;0;0;0;0;0;0;0;0;0;0;0;2605;0;0;89;0;80;0;
20050;5041565;1015132160;20713472;1115049984;0;0;0;0;0;0;0;0;0;0;0;3136;0;0;89;0;80;0;
20051;5442096;1015132160;20713472;1115049984;0;0;0;0;0;0;0;0;0;0;0;2484;0;0;89;0;80;0;
20052;5005327;1015132160;20713472;1115049984;0;0;0;0;0;0;0;0;0;0;0;4058;0;0;89;0;80;0;
20053;5987068;1015132160;20713472;1115049984;0;0;0;0;0;0;0;0;0;0;0;3977;0;0;89;0;80;0;
20054;5403294;1015132160;20713472;1115049984;0;0;0;0;0;0;0;0;0;0;0;4008;0;0;89;0;80;0;
20055;6261623;1015132160;20713472;1115049984;0;0;0;0;0;0;0;0;0;0;0;3216;0;0;89;0;80;0;
20056;4469321;1015132160;20713472;1115049984;0;0;0;0;0;0;0;0;0;0;0;3827;0;0;89;0;80;0;
20057;10565334;1015132160;20713472;1115049984;0;0;0;0;0;0;0;0;0;0;0;5080;0;0;89;0;80;0;
20058;4785184;1015132160;20713472;1115049984;0;0;0;0;0;0;0;0;0;0;0;4479;0;0;89;0;80;0;
20059;6817305;1015132160;20713472;1115049984;0;0;0;0;0;0;0;0;0;0;0;4278;0;0;89;0;80;0;
20060;6987234;1015132160;20713472;1115049984;0;0;0;0;0;0;0;0;0;0;0;4068;0;0;89;0;80;0;
20061;6535286;1015132160;20713472;1115049984;0;0;0;0;0;0;0;0;0;0;0;4418;0;0;89;0;80;0;
20062;5876571;1015132160;20713472;1115049984;0;0;0;0;0;0;0;0;0;0;0;4018;0;0;89;0;80;0;
20063;5483264;1015132160;20713472;1115049984;0;0;0;0;0;0;0;0;0;0;0;3997;0;0;89;0;80;0;
20064;6012926;1015132160;20713472;1115049984;0;0;0;0;0;0;0;0;0;0;0;4228;0;0;89;0;80;0;
20065;6082868;1015132160;20713472;1115049984;0;0;0;0;0;0;0;0;0;0;0;4348;0;0;89;0;80;0;
20066;5504063;1015132160;20713472;1115049984;0;0;0;0;0;0;0;0;0;0;0;4638;0;0;89;0;80;0;
20067;7124832;1015132160;20713472;1115049984;0;0;0;0;0;0;0;0;0;0;0;4268;0;0;89;0;80;0;
20068;5809575;1015132160;20713472;1115049984;0;0;0;0;0;0;0;0;0;0;0;4859;0;0;89;0;80;0;
20069;6996461;1015132160;20713472;1115049984;0;0;0;0;0;0;0;0;0;0;0;4298;0;0;89;0;80;0;
20070;5785009;1015132160;20713472;1115049984;0;0;0;0;0;0;0;0;0;0;0;4388;0;0;89;0;80;0;
20071;6802517;1015132160;20713472;1115049984;0;0;0;0;0;0;0;0;0;0;0;4198;0;0;89;0;80;0;
20072;7342270;1015132160;20713472;1115049984;0;0;0;0;0;0;0;0;0;0;0;4378;0;0;89;0;80;0;
20073;6036160;1015132160;20713472;1115049984;0;0;0;0;0;0;0;0;0;0;0;3897;0;0;89;0;80;0;
20074;7378137;1015132160;20713472;1115049984;0;0;0;0;0;0;0;0;0;0;0;3937;0;0;89;0;80;0;
20075;6530748;1015132160;20713472;1115049984;0;0;0;0;0;0;0;0;0;0;0;4769;0;0;89;0;80;0;
20076;5956040;1015132160;20713472;1115049984;0;0;0;0;0;0;0;0;0;0;0;4789;0;0;89;0;80;0;
20077;6699354;1015132160;20713472;1115049984;0;0;0;0;0;0;0;0;0;0;0;11231;0;0;89;0;80;0;
20078;5129420;1015132160;20713472;1115049984;0;0;0;0;0;0;0;0;0;0;0;3287;0;0;89;0;80;0;
20079;5455220;1015132160;20713472;1115049984;0;0;0;0;0;0;0;0;0;0;0;2905;0;0;89;0;80;0;
20080;7631843;1015132160;20713472;1115049984;0;0;0;0;0;0;0;0;0;0;0;4308;0;0;89;0;80;0;
20081;6281631;1015132160;20713472;1115049984;0;0;0;0;0;0;0;0;0;0;0;3226;0;0;89;0;80;0;
20082;5659353;1015132160;20713472;1115049984;0;0;0;0;0;0;0;0;0;0;0;4248;0;0;89;0;80;0;
20083;6939474;1015132160;20713472;1115049984;0;0;0;0;0;0;0;0;0;0;0;3437;0;0;89;0;80;0;
20084;5955358;1015132160;20713472;1115049984;0;0;0;0;0;0;0;0;0;0;0;4939;0;0;89;0;80;0;
20085;6560594;1015132160;20713472;1115049984;0;0;0;0;0;0;0;0;0;0;0;3286;0;0;89;0;80;0;
20086;6379033;1015132160;20713472;1115049984;0;0;0;0;0;0;0;0;0;0;0;4258;0;0;89;0;80;0;
20087;6421803;1015132160;20713472;1115049984;0;0;0;0;0;0;0;0;0;0;0;3537;0;0;89;0;80;0;
20088;7773829;1015132160;20713472;1115049984;0;0;0;0;0;0;0;0;0;0;0;4157;0;0;89;0;80;0;
20089;5851093;1015132160;20713472;1115049984;0;0;0;0;0;0;0;0;0;0;0;2996;0;0;89;0;80;0;
20090;6500281;1015132160;20713472;1115049984;0;0;0;0;0;0;0;0;0;0;0;4117;0;0;89;0;80;0;
20091;6433987;1015132160;20713472;1115049984;0;0;0;0;0;0;0;0;0;0;0;3807;0;0;89;0;80;0;
20092;4838374;1015132160;20713472;1115049984;0;0;0;0;0;0;0;0;0;0;0;3497;0;0;89;0;80;0;
20093;5731359;1015132160;20713472;1115049984;0;0;0;0;0;0;0;0;0;0;0;2585;0;0;89;0;80;0;
20094;3264743;1015132160;20713472;1115049984;0;0;0;0;0;0;0;0;0;0;0;3797;0;0;89;0;80;0;
20095;6137691;1015132160;20713472;1115049984;0;0;0;0;0;0;0;0;0;0;0;2725;0;0;89;0;80;0;
20096;3980104;1015132160;20713472;1115049984;0;0;0;0;0;0;0;0;0;0;0;3386;0;0;89;0;80;0;
20097;4875854;1015132160;20713472;1115049984;0;0;0;0;0;0;0;0;0;0;0;2314;0;0;89;0;80;0;
20098;4655571;1015132160;20713472;1115049984;0;0;0;0;0;0;0;0;0;0;0;3266;0;0;89;0;80;0;
20099;4949813;1015132160;20713472;1115049984;0;0;0;0;0;0;0;0;0;0;0;2265;0;0;89;0;80;0;
20100;5703136;1015132160;20713472;1115049984;0;0;0;0;0;0;0;0;0;0;0;3848;0;0;89;0;80;0;
20101;4971614;1015132160;20713472;1115049984;0;0;0;0;0;0;0;0;0;0;0;3136;0;0;89;0;80;0;
20102;5071922;1015132160;20713472;1115049984;0;0;0;0;0;0;0;0;0;0;0;4308;0;0;89;0;80;0;
20103;6310725;1015132160;20713472;1115049984;0;0;0;0;0;0;0;0;0;0;0;4218;0;0;89;0;80;0;
20104;5953645;1015132160;20713472;1115049984;0;0;0;0;0;0;0;0;0;0;0;3958;0;0;89;0;80;0;
20105;4779523;1015132160;20713472;1115049984;0;0;0;0;0;0;0;0;0;0;0;2464;0;0;89;0;80;0;
20106;4054935;1015132160;20713472;1115049984;0;0;0;0;0;0;0;0;0;0;0;3587;0;0;89;0;80;0;
20107;5100826;1015132160;20713472;1115049984;0;0;0;0;0;0;0;0;0;0;0;3647;0;0;89;0;80;0;
20108;4985791;1015132160;20713472;1115049984;0;0;0;0;0;0;0;0;0;0;0;3356;0;0;89;0;80;0;
20109;6394582;1015132160;20713472;1115049984;0;0;0;0;0;0;0;0;0;0;0;2695;0;0;89;0;80;0;
20110;5637673;1015132160;20713472;1115049984;0;0;0;0;0;0;0;0;0;0;0;3777;0;0;89;0;80;0;
20111;5056463;1015132160;20713472;1115049984;0;0;0;0;0;0;0;0;0;0;0;2965;0;0;89;0;80;0;
20112;5433169;1015132160;20713472;1115049984;0;0;0;0;0;0;0;0;0;0;0;3757;0;0;89;0;80;0;
20113;5669402;1019858944;31825920;1126162432;0;0;0;0;0;0;0;0;0;0;0;3005;0;0;89;0;80;0;
20114;4069732;1019858944;31825920;1126162432;0;0;0;0;0;0;0;0;0;0;0;3547;0;0;89;0;80;0;
20115;5196064;1019858944;31825920;1126162432;0;0;0;0;0;0;0;0;0;0;0;2484;0;0;89;0;80;0;
20116;4356550;1019858944;31825920;1126162432;0;0;0;0;0;0;0;0;0;0;0;3457;0;0;89;0;80;0;
20117;6532170;1019858944;31825920;1126162432;0;0;0;0;0;0;0;0;0;0;0;3397;0;0;89;0;80;0;
20118;3865530;1019858944;31825920;1126162432;0;0;0;0;0;0;0;0;0;0;0;2976;0;0;89;0;80;0;
20119;5976748;1019858944;31825920;1126162432;0;0;0;0;0;0;0;0;0;0;0;3807;0;0;89;0;80;0;
20120;3939298;1019858944;31825920;1126162432;0;0;0;0;0;0;0;0;0;0;0;3286;0;0;89;0;80;0;
20121;5163494;1019858944;31825920;1126162432;0;0;0;0;0;0;0;0;0;0;0;2495;0;0;89;0;80;0;
20122;6325683;1015132160;20713472;1115049984;0;0;0;0;0;0;0;0;0;0;0;4188;0;0;89;0;80;0;
20123;5422259;1015132160;20713472;1115049984;0;0;0;0;0;0;0;0;0;0;0;3516;0;0;89;0;80;0;
20124;5935201;1015132160;20713472;1115049984;0;0;0;0;0;0;0;0;0;0;0;4508;0;0;89;0;80;0;
20125;6107404;1015132160;20713472;1115049984;0;0;0;0;0;0;0;0;0;0;0;3136;0;0;89;0;80;0;
20126;5088042;1015132160;20713472;1115049984;0;0;0;0;0;0;0;0;0;0;0;3376;0;0;89;0;80;0;
20127;5321469;1015132160;20713472;1115049984;0;0;0;0;0;0;0;0;0;0;0;3006;0;0;89;0;80;0;
20128;5331268;1015132160;20713472;1115049984;0;0;0;0;0;0;0;0;0;0;0;3526;0;0;89;0;80;0;
20129;4937440;1015132160;20713472;1115049984;0;0;0;0;0;0;0;0;0;0;0;2836;0;0;89;0;80;0;
20130;4356240;1015132160;20713472;1115049984;0;0;0;0;0;0;0;0;0;0;0;3898;0;0;89;0;80;0;
20131;6990860;1015132160;20713472;1115049984;0;0;0;0;0;0;0;0;0;0;0;2745;0;0;89;0;80;0;
20132;4771418;1015132160;20713472;1115049984;0;0;0;0;0;0;0;0;0;0;0;3817;0;0;89;0;80;0;
20133;6364305;1015132160;20713472;1115049984;0;0;0;0;0;0;0;0;0;0;0;9308;0;0;89;0;80;0;
20134;5586667;1015132160;20713472;1115049984;0;0;0;0;0;0;0;0;0;0;0;3106;0;0;89;0;80;0;
20135;5406789;1015132160;20713472;1115049984;0;0;0;0;0;0;0;0;0;0;0;3607;0;0;89;0;80;0;
20136;4497094;1015132160;20713472;1115049984;0;0;0;0;0;0;0;0;0;0;0;3477;0;0;89;0;80;0;
20137;5366004;1015132160;20713472;1115049984;0;0;0;0;0;0;0;0;0;0;0;3146;0;0;89;0;80;0;
20138;4170091;1015132160;20713472;1115049984;0;0;0;0;0;0;0;0;0;0;0;3386;0;0;89;0;80;0;
20139;4921871;1015132160;20713472;1115049984;0;0;0;0;0;0;0;0;0;0;0;2454;0;0;89;0;80;0;
20140;3692675;1015132160;20713472;1115049984;0;0;0;0;0;0;0;0;0;0;0;3156;0;0;89;0;80;0;
20141;5428160;1015132160;20713472;1115049984;0;0;0;0;0;0;0;0;0;0;0;2555;0;0;89;0;80;0;
20142;4438484;1015132160;20713472;1115049984;0;0;0;0;0;0;0;0;0;0;0;3998;0;0;89;0;80;0;
20143;5230880;1015132160;20713472;1115049984;0;0;0;0;0;0;0;0;0;0;0;3006;0;0;89;0;80;0;
20144;6259970;1015132160;20713472;1115049984;0;0;0;0;0;0;0;0;0;0;0;3947;0;0;89;0;80;0;
20145;6883439;1015132160;20713472;1115049984;0;0;0;0;0;0;0;0;0;0;0;3206;0;0;89;0;80;0;
20146;5180886;1015132160;20713472;1115049984;0;0;0;0;0;0;0;0;0;0;0;4689;0;0;89;0;80;0;
20147;5897009;1015132160;20713472;1115049984;0;0;0;0;0;0;0;0;0;0;0;3176;0;0;89;0;80;0;
20148;4744458;1015132160;20713472;1115049984;0;0;0;0;0;0;0;0;0;0;0;4409;0;0;89;0;80;0;
20149;5108731;1015132160;20713472;1115049984;0;0;0;0;0;0;0;0;0;0;0;2866;0;0;89;0;80;0;
20150;4021401;1015132160;20713472;1115049984;0;0;0;0;0;0;0;0;0;0;0;5090;0;0;89;0;80;0;
20151;6522873;1015132160;20713472;1115049984;0;0;0;0;0;0;0;0;0;0;0;2504;0;0;89;0;80;0;
20152;4335520;1015132160;20713472;1115049984;0;0;0;0;0;0;0;0;0;0;0;3898;0;0;89;0;80;0;
20153;4797948;1015132160;20713472;1115049984;0;0;0;0;0;0;0;0;0;0;0;2164;0;0;89;0;80;0;
20154;3636870;1015132160;20713472;1115049984;0;0;0;0;0;0;0;0;0;0;0;2554;0;0;89;0;80;0;
20155;4473720;1015132160;20713472;1115049984;0;0;0;0;0;0;0;0;0;0;0;1793;0;0;89;0;80;0;
20156;3287376;1015132160;20713472;1115049984;0;0;0;0;0;0;0;0;0;0;0;2896;0;0;89;0;80;0;
20157;5963734;1015132160;20713472;1115049984;0;0;0;0;0;0;0;0;0;0;0;2945;0;0;89;0;80;0;
20158;4690967;1015132160;20713472;1115049984;0;0;0;0;0;0;0;0;0;0;0;2946;0;0;89;0;80;0;
20159;5983512;1015132160;20713472;1115049984;0;0;0;0;0;0;0;0;0;0;0;2886;0;0;89;0;80;0;
20160;3494464;1015132160;20713472;1115049984;0;0;0;0;0;0;0;0;0;0;0;2234;0;0;89;0;80;0;
20161;5933027;1015132160;20713472;1115049984;0;0;0;0;0;0;0;0;0;0;0;1784;0;0;89;0;80;0;
20162;3040162;1015132160;20713472;1115049984;0;0;0;0;0;0;0;0;0;0;0;2765;0;0;89;0;80;0;
20163;4904889;1015132160;20713472;1115049984;0;0;0;0;0;0;0;0;0;0;0;2685;0;0;89;0;80;0;
20164;3497109;1015132160;20713472;1115049984;0;0;0;0;0;0;0;0;0;0;0;2975;0;0;89;0;80;0;
20165;5500636;1015132160;20713472;1115049984;0;0;0;0;0;0;0;0;0;0;0;2455;0;0;89;0;80;0;
20166;3173742;1015132160;20713472;1115049984;0;0;0;0;0;0;0;0;0;0;0;46578;0;0;89;0;80;0;
20167;5151491;1015132160;20713472;1115049984;0;0;0;0;0;0;0;0;0;0;0;2545;0;0;89;0;80;0;
20168;4231346;1015132160;20713472;1115049984;0;0;0;0;0;0;0;0;0;0;0;3587;0;0;89;0;80;0;
20169;6147729;1015132160;20713472;1115049984;0;0;0;0;0;0;0;0;0;0;0;2865;0;0;89;0;80;0;
20170;4909628;1015132160;20713472;1115049984;0;0;0;0;0;0;0;0;0;0;0;2965;0;0;89;0;80;0;
20171;5468425;1015132160;20713472;1115049984;0;0;0;0;0;0;0;0;0;0;0;2675;0;0;89;0;80;0;
20172;4996280;1015132160;20713472;1115049984;0;0;0;0;0;0;0;0;0;0;0;3476;0;0;89;0;80;0;
20173;5246899;1015132160;20713472;1115049984;0;0;0;0;0;0;0;0;0;0;0;2495;0;0;89;0;80;0;
20174;3418771;1015132160;20713472;1115049984;0;0;0;0;0;0;0;0;0;0;0;2414;0;0;89;0;80;0;
20175;6333077;1015132160;20713472;1115049984;0;0;0;0;0;0;0;0;0;0;0;2565;0;0;89;0;80;0;
20176;3368767;1015132160;20713472;1115049984;0;0;0;0;0;0;0;0;0;0;0;3306;0;0;89;0;80;0;
20177;5394156;1015132160;20713472;1115049984;0;0;0;0;0;0;0;0;0;0;0;2114;0;0;89;0;80;0;
20178;3514491;1015132160;20713472;1115049984;0;0;0;0;0;0;0;0;0;0;0;2525;0;0;89;0;80;0;
20179;5110755;1015132160;20713472;1115049984;0;0;0;0;0;0;0;0;0;0;0;2264;0;0;89;0;80;0;
20180;3466361;1015132160;20713472;1115049984;0;0;0;0;0;0;0;0;0;0;0;2535;0;0;89;0;80;0;
20181;5166690;1015132160;20713472;1115049984;0;0;0;0;0;0;0;0;0;0;0;2434;0;0;89;0;80;0;
20182;3333802;1015132160;20713472;1115049984;0;0;0;0;0;0;0;0;0;0;0;2925;0;0;89;0;80;0;
20183;6229522;1015132160;20713472;1115049984;0;0;0;0;0;0;0;0;0;0;0;2555;0;0;89;0;80;0;
20184;3411047;1015132160;20713472;1115049984;0;0;0;0;0;0;0;0;0;0;0;2605;0;0;89;0;80;0;
20185;6157558;1015132160;20713472;1115049984;0;0;0;0;0;0;0;0;0;0;0;2294;0;0;89;0;80;0;
20186;4535485;1015132160;20713472;1115049984;0;0;0;0;0;0;0;0;0;0;0;2695;0;0;89;0;80;0;
20187;5629738;1015132160;20721664;1115058176;0;0;0;0;0;0;0;0;0;0;0;2555;0;0;89;0;80;0;
20188;3055861;1015132160;20721664;1115058176;0;0;0;0;0;0;0;0;0;0;0;1863;0;0;89;0;80;0;
20189;5293548;1015132160;20721664;1115058176;0;0;0;0;0;0;0;0;0;0;0;1733;0;0;89;0;80;0;
20190;3434912;1015132160;20721664;1115058176;0;0;0;0;0;0;0;0;0;0;0;2404;0;0;89;0;80;0;
20191;5433580;1015132160;20721664;1115058176;0;0;0;0;0;0;0;0;0;0;0;1893;0;0;89;0;80;0;
20192;3074586;1015132160;20721664;1115058176;0;0;0;0;0;0;0;0;0;0;0;2255;0;0;89;0;80;0;
20193;6061368;1015132160;20721664;1115058176;0;0;0;0;0;0;0;0;0;0;0;2334;0;0;89;0;80;0;
20194;2311475;1015132160;20713472;1115049984;0;0;0;0;0;0;0;0;0;0;0;2805;0;0;89;0;80;0;
20195;5434222;1015132160;20713472;1115049984;0;0;0;0;0;0;0;0;0;0;0;2114;0;0;89;0;80;0;
20196;4293682;1015132160;20713472;1115049984;0;0;0;0;0;0;0;0;0;0;0;2144;0;0;89;0;80;0;
20197;5758239;1015132160;20713472;1115049984;0;0;0;0;0;0;0;0;0;0;0;1783;0;0;89;0;80;0;
20198;2621977;1015132160;20713472;1115049984;0;0;0;0;0;0;0;0;0;0;0;2194;0;0;89;0;80;0;
20199;3816257;1015132160;20713472;1115049984;0;0;0;0;0;0;0;0;0;0;0;2074;0;0;89;0;80;0;
20200;3022007;1015132160;20713472;1115049984;0;0;0;0;0;0;0;0;0;0;0;2395;0;0;89;0;80;0;
20201;4859463;1015132160;20713472;1115049984;0;0;0;0;0;0;0;0;0;0;0;1924;0;0;89;0;80;0;
20202;1871931;1015132160;20713472;1115049984;0;0;0;0;0;0;0;0;0;0;0;2134;0;0;89;0;80;0;
20203;5040613;1015132160;20713472;1115049984;0;0;0;0;0;0;0;0;0;0;0;2265;0;0;89;0;80;0;
20204;1705749;1015132160;20713472;1115049984;0;0;0;0;0;0;0;0;0;0;0;2465;0;0;89;0;80;0;
20205;4871225;1015132160;20713472;1115049984;0;0;0;0;0;0;0;0;0;0;0;1813;0;0;89;0;80;0;
20206;3176978;1015132160;20713472;1115049984;0;0;0;0;0;0;0;0;0;0;0;2375;0;0;89;0;80;0;
20207;4903627;1015132160;20713472;1115049984;0;0;0;0;0;0;0;0;0;0;0;1713;0;0;89;0;80;0;
20208;2527059;1015132160;20713472;1115049984;0;0;0;0;0;0;0;0;0;0;0;2164;0;0;89;0;80;0;
20209;4531418;1015132160;20713472;1115049984;0;0;0;0;0;0;0;0;0;0;0;1904;0;0;89;0;80;0;
20210;3751345;1015132160;20713472;1115049984;0;0;0;0;0;0;0;0;0;0;0;3376;0;0;89;0;80;0;
20211;5325177;1015132160;20713472;1115049984;0;0;0;0;0;0;0;0;0;0;0;1823;0;0;89;0;80;0;
20212;2035077;1015132160;20713472;1115049984;0;0;0;0;0;0;0;0;0;0;0;2364;0;0;89;0;80;0;
20213;5420105;1015132160;20713472;1115049984;0;0;0;0;0;0;0;0;0;0;0;1823;0;0;89;0;80;0;
20214;3155087;1015132160;20713472;1115049984;0;0;0;0;0;0;0;0;0;0;0;2064;0;0;89;0;80;0;
20215;6079071;1015132160;20713472;1115049984;0;0;0;0;0;0;0;0;0;0;0;2034;0;0;89;0;80;0;
20216;3130891;1015132160;20713472;1115049984;0;0;0;0;0;0;0;0;0;0;0;3277;0;0;89;0;80;0;
20217;5148125;1015132160;20713472;1115049984;0;0;0;0;0;0;0;0;0;0;0;2385;0;0;89;0;80;0;
20218;3498601;1015132160;20713472;1115049984;0;0;0;0;0;0;0;0;0;0;0;3397;0;0;89;0;80;0;
20219;6245403;1015132160;20713472;1115049984;0;0;0;0;0;0;0;0;0;0;0;3316;0;0;89;0;80;0;
20220;5004215;1015132160;20713472;1115049984;0;0;0;0;0;0;0;0;0;0;0;3226;0;0;89;0;80;0;
20221;6715584;1015132160;20713472;1115049984;0;0;0;0;0;0;0;0;0;0;0;2995;0;0;89;0;80;0;
20222;4270108;1015132160;20713472;1115049984;0;0;0;0;0;0;0;0;0;0;0;2134;0;0;89;0;80;0;
20223;5159716;1015132160;20713472;1115049984;0;0;0;0;0;0;0;0;0;0;0;1923;0;0;89;0;80;0;
20224;2758793;1015132160;20713472;1115049984;0;0;0;0;0;0;0;0;0;0;0;2735;0;0;89;0;80;0;
20225;5274271;1015132160;20713472;1115049984;0;0;0;0;0;0;0;0;0;0;0;1863;0;0;89;0;80;0;
20226;2704171;1015132160;20713472;1115049984;0;0;0;0;0;0;0;0;0;0;0;2054;0;0;89;0;80;0;
20227;5493543;1015132160;20713472;1115049984;0;0;0;0;0;0;0;0;0;0;0;1844;0;0;89;0;80;0;
20228;3596846;1015132160;20713472;1115049984;0;0;0;0;0;0;0;0;0;0;0;2956;0;0;89;0;80;0;
20229;5040473;1015132160;20713472;1115049984;0;0;0;0;0;0;0;0;0;0;0;2114;0;0;89;0;80;0;
20230;2561023;1015132160;20713472;1115049984;0;0;0;0;0;0;0;0;0;0;0;2355;0;0;89;0;80;0;
20231;5450863;1019858944;31825920;1126162432;0;0;0;0;0;0;0;0;0;0;0;2335;0;0;89;0;80;0;
20232;2585318;1019858944;31825920;1126162432;0;0;0;0;0;0;0;0;0;0;0;2515;0;0;89;0;80;0;
20233;7698638;1019858944;31825920;1126162432;0;0;0;0;0;0;0;0;0;0;0;2014;0;0;89;0;80;0;
20234;8751252;1019858944;31825920;1126162432;0;0;0;0;0;0;0;0;0;0;0;1883;0;0;89;0;80;0;
20235;5468455;1019858944;31825920;1126162432;0;0;0;0;0;0;0;0;0;0;0;1813;0;0;89;0;80;0;
20236;4031972;1019858944;31825920;1126162432;0;0;0;0;0;0;0;0;0;0;0;3186;0;0;89;0;80;0;
20237;5779950;1019858944;31825920;1126162432;0;0;0;0;0;0;0;0;0;0;0;2385;0;0;89;0;80;0;
20238;4320252;1019858944;31825920;1126162432;0;0;0;0;0;0;0;0;0;0;0;4198;0;0;89;0;80;0;
20239;5423592;1019858944;31825920;1126162432;0;0;0;0;0;0;0;0;0;0;0;2816;0;0;89;0;80;0;
20240;5799486;1015132160;20713472;1115049984;0;0;0;0;0;0;0;0;0;0;0;6302;0;0;89;0;80;0;
20241;5511446;1015132160;20713472;1115049984;0;0;0;0;0;0;0;0;0;0;0;3616;0;0;89;0;80;0;
20242;4687250;1015132160;20713472;1115049984;0;0;0;0;0;0;0;0;0;0;0;4138;0;0;89;0;80;0;
20243;6692281;1015132160;20713472;1115049984;0;0;0;0;0;0;0;0;0;0;0;4188;0;0;89;0;80;0;
20244;5961791;1015132160;20713472;1115049984;0;0;0;0;0;0;0;0;0;0;0;4328;0;0;89;0;80;0;
20245;5864649;1015132160;20713472;1115049984;0;0;0;0;0;0;0;0;0;0;0;4418;0;0;89;0;80;0;
20246;5186958;1015132160;20713472;1115049984;0;0;0;0;0;0;0;0;0;0;0;4248;0;0;89;0;80;0;
20247;6785425;1015132160;20713472;1115049984;0;0;0;0;0;0;0;0;0;0;0;4158;0;0;89;0;80;0;
20248;4818687;1015132160;20713472;1115049984;0;0;0;0;0;0;0;0;0;0;0;4399;0;0;89;0;80;0;
20249;6462159;1015132160;20713472;1115049984;0;0;0;0;0;0;0;0;0;0;0;3758;0;0;89;0;80;0;
20250;4965812;1015132160;20713472;1115049984;0;0;0;0;0;0;0;0;0;0;0;4409;0;0;89;0;80;0;
20251;5712513;1015132160;20713472;1115049984;0;0;0;0;0;0;0;0;0;0;0;3176;0;0;89;0;80;0;
20252;5860781;1015132160;20713472;1115049984;0;0;0;0;0;0;0;0;0;0;0;3577;0;0;89;0;80;0;
20253;5403704;1015132160;20713472;1115049984;0;0;0;0;0;0;0;0;0;0;0;3176;0;0;89;0;80;0;
20254;5345925;1015132160;20713472;1115049984;0;0;0;0;0;0;0;0;0;0;0;3486;0;0;89;0;80;0;
20255;6174841;1015132160;20713472;1115049984;0;0;0;0;0;0;0;0;0;0;0;4258;0;0;89;0;80;0;
20256;5981017;1015132160;20713472;1115049984;0;0;0;0;0;0;0;0;0;0;0;4098;0;0;89;0;80;0;
20257;5829452;1015132160;20713472;1115049984;0;0;0;0;0;0;0;0;0;0;0;3476;0;0;89;0;80;0;
20258;5657840;1015132160;20713472;1115049984;0;0;0;0;0;0;0;0;0;0;0;4589;0;0;89;0;80;0;
20259;6973849;1015132160;20713472;1115049984;0;0;0;0;0;0;0;0;0;0;0;2916;0;0;89;0;80;0;
20260;5255076;1015132160;20713472;1115049984;0;0;0;0;0;0;0;0;0;0;0;3656;0;0;89;0;80;0;
20261;5615101;1015132160;20713472;1115049984;0;0;0;0;0;0;0;0;0;0;0;2965;0;0;89;0;80;0;
20262;5279672;1015132160;20713472;1115049984;0;0;0;0;0;0;0;0;0;0;0;3617;0;0;89;0;80;0;
20263;5311491;1015132160;20713472;1115049984;0;0;0;0;0;0;0;0;0;0;0;2405;0;0;89;0;80;0;
20264;4214103;1015132160;20713472;1115049984;0;0;0;0;0;0;0;0;0;0;0;3867;0;0;89;0;80;0;
20265;6509598;1015132160;20713472;1115049984;0;0;0;0;0;0;0;0;0;0;0;3616;0;0;89;0;80;0;
20266;5105104;1015132160;20713472;1115049984;0;0;0;0;0;0;0;0;0;0;0;3807;0;0;89;0;80;0;
20267;7106618;1015132160;20713472;1115049984;0;0;0;0;0;0;0;0;0;0;0;3527;0;0;89;0;80;0;
20268;6184829;1015132160;20713472;1115049984;0;0;0;0;0;0;0;0;0;0;0;3917;0;0;89;0;80;0;
20269;6284536;1015132160;20713472;1115049984;0;0;0;0;0;0;0;0;0;0;0;4969;0;0;89;0;80;0;
20270;4638819;1015132160;20713472;1115049984;0;0;0;0;0;0;0;0;0;0;0;3787;0;0;89;0;80;0;
20271;6541457;1015132160;20713472;1115049984;0;0;0;0;0;0;0;0;0;0;0;3777;0;0;89;0;80;0;
20272;3966389;1015132160;20713472;1115049984;0;0;0;0;0;0;0;0;0;0;0;3446;0;0;89;0;80;0;
20273;6031091;1015132160;20713472;1115049984;0;0;0;0;0;0;0;0;0;0;0;3777;0;0;89;0;80;0;
20274;4075183;1015132160;20713472;1115049984;0;0;0;0;0;0;0;0;0;0;0;3527;0;0;89;0;80;0;
20275;5351997;1015132160;20713472;1115049984;0;0;0;0;0;0;0;0;0;0;0;3186;0;0;89;0;80;0;
20276;4060455;1015132160;20713472;1115049984;0;0;0;0;0;0;0;0;0;0;0;4168;0;0;89;0;80;0;
20277;4972676;1015132160;20713472;1115049984;0;0;0;0;0;0;0;0;0;0;0;2755;0;0;89;0;80;0;
20278;4259087;1015132160;20713472;1115049984;0;0;0;0;0;0;0;0;0;0;0;3697;0;0;89;0;80;0;
20279;4731323;1015132160;20713472;1115049984;0;0;0;0;0;0;0;0;0;0;0;2224;0;0;89;0;80;0;
20280;3052865;1015132160;20713472;1115049984;0;0;0;0;0;0;0;0;0;0;0;3457;0;0;89;0;80;0;
20281;5022960;1015132160;20713472;1115049984;0;0;0;0;0;0;0;0;0;0;0;2905;0;0;89;0;80;0;
20282;4677392;1015132160;20713472;1115049984;0;0;0;0;0;0;0;0;0;0;0;4508;0;0;89;0;80;0;
20283;5248142;1015132160;20713472;1115049984;0;0;0;0;0;0;0;0;0;0;0;2565;0;0;89;0;80;0;
20284;4534093;1015132160;20713472;1115049984;0;0;0;0;0;0;0;0;0;0;0;3556;0;0;89;0;80;0;
20285;5695401;1015132160;20713472;1115049984;0;0;0;0;0;0;0;0;0;0;0;3476;0;0;89;0;80;0;
20286;3285501;1015132160;20713472;1115049984;0;0;0;0;0;0;0;0;0;0;0;3146;0;0;89;0;80;0;
20287;5143015;1015132160;20713472;1115049984;0;0;0;0;0;0;0;0;0;0;0;3346;0;0;89;0;80;0;
20288;4053221;1015132160;20713472;1115049984;0;0;0;0;0;0;0;0;0;0;0;3366;0;0;89;0;80;0;
20289;4661062;1015132160;20713472;1115049984;0;0;0;0;0;0;0;0;0;0;0;2735;0;0;89;0;80;0;
20290;4202501;1015132160;20713472;1115049984;0;0;0;0;0;0;0;0;0;0;0;3407;0;0;89;0;80;0;
20291;5072563;1015132160;20713472;1115049984;0;0;0;0;0;0;0;0;0;0;0;2284;0;0;89;0;80;0;
20292;5729255;1015132160;20713472;1115049984;0;0;0;0;0;0;0;0;0;0;0;3616;0;0;89;0;80;0;
20293;5068475;1015132160;20713472;1115049984;0;0;0;0;0;0;0;0;0;0;0;2505;0;0;89;0;80;0;
20294;3905184;1015132160;20713472;1115049984;0;0;0;0;0;0;0;0;0;0;0;3707;0;0;89;0;80;0;
20295;5950038;1015132160;20713472;1115049984;0;0;0;0;0;0;0;0;0;0;0;3386;0;0;89;0;80;0;
20296;3826466;1015132160;20713472;1115049984;0;0;0;0;0;0;0;0;0;0;0;3957;0;0;89;0;80;0;
20297;4855797;1015132160;20713472;1115049984;0;0;0;0;0;0;0;0;0;0;0;4028;0;0;89;0;80;0;
20298;3297955;1015132160;20713472;1115049984;0;0;0;0;0;0;0;0;0;0;0;2925;0;0;89;0;80;0;
20299;5807441;1015132160;20713472;1115049984;0;0;0;0;0;0;0;0;0;0;0;3817;0;0;89;0;80;0;
20300;3482832;1015132160;20713472;1115049984;0;0;0;0;0;0;0;0;0;0;0;3306;0;0;89;0;80;0;
20301;4936859;1015132160;20713472;1115049984;0;0;0;0;0;0;0;0;0;0;0;3606;0;0;89;0;80;0;
20302;4464203;1015132160;20713472;1115049984;0;0;0;0;0;0;0;0;0;0;0;3396;0;0;89;0;80;0;
20303;4915118;1015132160;20713472;1115049984;0;0;0;0;0;0;0;0;0;0;0;3727;0;0;89;0;80;0;
20304;3635608;1015132160;20713472;1115049984;0;0;0;0;0;0;0;0;0;0;0;3687;0;0;89;0;80;0;
20305;4924806;1015132160;20713472;1115049984;0;0;0;0;0;0;0;0;0;0;0;2635;0;0;89;0;80;0;
20306;4122872;1015132160;20713472;1115049984;0;0;0;0;0;0;0;0;0;0;0;3367;0;0;89;0;80;0;
20307;5145199;1015132160;20713472;1115049984;0;0;0;0;0;0;0;0;0;0;0;2755;0;0;89;0;80;0;
20308;3415034;1015132160;20713472;1115049984;0;0;0;0;0;0;0;0;0;0;0;3577;0;0;89;0;80;0;
20309;5353069;1015132160;20713472;1115049984;0;0;0;0;0;0;0;0;0;0;0;2605;0;0;89;0;80;0;
20310;4326604;1015132160;20713472;1115049984;0;0;0;0;0;0;0;0;0;0;0;3657;0;0;89;0;80;0;
20311;5081660;1015132160;20713472;1115049984;0;0;0;0;0;0;0;0;0;0;0;2806;0;0;89;0;80;0;
20312;4501041;1015132160;20713472;1115049984;0;0;0;0;0;0;0;0;0;0;0;3396;0;0;89;0;80;0;
20313;4928513;1015132160;20713472;1115049984;0;0;0;0;0;0;0;0;0;0;0;2715;0;0;89;0;80;0;
20314;5105735;1015132160;20713472;1115049984;0;0;0;0;0;0;0;0;0;0;0;4719;0;0;89;0;80;0;
20315;5452515;1015132160;20713472;1115049984;0;0;0;0;0;0;0;0;0;0;0;3447;0;0;89;0;80;0;
20316;3551721;1015132160;20713472;1115049984;0;0;0;0;0;0;0;0;0;0;0;3797;0;0;89;0;80;0;
20317;5141672;1015132160;20713472;1115049984;0;0;0;0;0;0;0;0;0;0;0;3737;0;0;89;0;80;0;
20318;2678804;1015132160;20713472;1115049984;0;0;0;0;0;0;0;0;0;0;0;2865;0;0;89;0;80;0;
20319;4479571;1015132160;20713472;1115049984;0;0;0;0;0;0;0;0;0;0;0;2044;0;0;89;0;80;0;
20320;2965391;1015132160;20713472;1115049984;0;0;0;0;0;0;0;0;0;0;0;2736;0;0;89;0;80;0;
20321;4461898;1015132160;20713472;1115049984;0;0;0;0;0;0;0;0;0;0;0;2335;0;0;89;0;80;0;
20322;4724901;1015132160;20713472;1115049984;0;0;0;0;0;0;0;0;0;0;0;3326;0;0;89;0;80;0;
20323;5377965;1015132160;20713472;1115049984;0;0;0;0;0;0;0;0;0;0;0;2345;0;0;89;0;80;0;
20324;4409710;1015132160;20713472;1115049984;0;0;0;0;0;0;0;0;0;0;0;3656;0;0;89;0;80;0;
20325;5574635;1019858944;31825920;1126162432;0;0;0;0;0;0;0;0;0;0;0;2986;0;0;89;0;80;0;
20326;3465980;1019858944;31825920;1126162432;0;0;0;0;0;0;0;0;0;0;0;3908;0;0;89;0;80;0;
20327;5611765;1019858944;31825920;1126162432;0;0;0;0;0;0;0;0;0;0;0;2806;0;0;89;0;80;0;
20328;4953129;1019858944;31825920;1126162432;0;0;0;0;0;0;0;0;0;0;0;3687;0;0;89;0;80;0;
20329;4836200;1019858944;31825920;1126162432;0;0;0;0;0;0;0;0;0;0;0;2365;0;0;89;0;80;0;
20330;3168362;1019858944;31825920;1126162432;0;0;0;0;0;0;0;0;0;0;0;3186;0;0;89;0;80;0;
20331;5378366;1019858944;31825920;1126162432;0;0;0;0;0;0;0;0;0;0;0;3447;0;0;89;0;80;0;
20332;4025509;1019858944;31825920;1126162432;0;0;0;0;0;0;0;0;0;0;0;3777;0;0;89;0;80;0;
20333;4691910;1019858944;31825920;1126162432;0;0;0;0;0;0;0;0;0;0;0;3066;0;0;89;0;80;0;
20334;4757212;1015132160;20713472;1115049984;0;0;0;0;0;0;0;0;0;0;0;3286;0;0;89;0;80;0;
20335;5626412;1015132160;20713472;1115049984;0;0;0;0;0;0;0;0;0;0;0;3707;0;0;89;0;80;0;
20336;4234000;1015132160;20713472;1115049984;0;0;0;0;0;0;0;0;0;0;0;3276;0;0;89;0;80;0;
20337;5241490;1015132160;20713472;1115049984;0;0;0;0;0;0;0;0;0;0;0;3086;0;0;89;0;80;0;
20338;4896783;1015132160;20713472;1115049984;0;0;0;0;0;0;0;0;0;0;0;3737;0;0;89;0;80;0;
20339;5309678;1015132160;20713472;1115049984;0;0;0;0;0;0;0;0;0;0;0;2625;0;0;89;0;80;0;
20340;4587012;1015132160;20713472;1115049984;0;0;0;0;0;0;0;0;0;0;0;3356;0;0;89;0;80;0;
20341;4918915;1015132160;20713472;1115049984;0;0;0;0;0;0;0;0;0;0;0;3016;0;0;89;0;80;0;
20342;6792097;1015132160;20713472;1115049984;0;0;0;0;0;0;0;0;0;0;0;3997;0;0;89;0;80;0;
20343;4629142;1015132160;20713472;1115049984;0;0;0;0;0;0;0;0;0;0;0;2364;0;0;89;0;80;0;
20344;4482096;1015132160;20713472;1115049984;0;0;0;0;0;0;0;0;0;0;0;3096;0;0;89;0;80;0;
20345;5710769;1015132160;20713472;1115049984;0;0;0;0;0;0;0;0;0;0;0;2635;0;0;89;0;80;0;
20346;3569744;1015132160;20713472;1115049984;0;0;0;0;0;0;0;0;0;0;0;2525;0;0;89;0;80;0;
20347;4706617;1015132160;20713472;1115049984;0;0;0;0;0;0;0;0;0;0;0;1853;0;0;89;0;80;0;
20348;4742134;1015132160;20713472;1115049984;0;0;0;0;0;0;0;0;0;0;0;3166;0;0;89;0;80;0;
20349;5084385;1015132160;20713472;1115049984;0;0;0;0;0;0;0;0;0;0;0;2384;0;0;89;0;80;0;
20350;4178276;1015132160;20713472;1115049984;0;0;0;0;0;0;0;0;0;0;0;2966;0;0;89;0;80;0;
20351;5241560;1015132160;20713472;1115049984;0;0;0;0;0;0;0;0;0;0;0;2725;0;0;89;0;80;0;
20352;4903947;1015132160;20713472;1115049984;0;0;0;0;0;0;0;0;0;0;0;3437;0;0;89;0;80;0;
20353;5169385;1015132160;20713472;1115049984;0;0;0;0;0;0;0;0;0;0;0;2735;0;0;89;0;80;0;
20354;3501858;1015132160;20713472;1115049984;0;0;0;0;0;0;0;0;0;0;0;3066;0;0;89;0;80;0;
20355;4811574;1015132160;20713472;1115049984;0;0;0;0;0;0;0;0;0;0;0;2305;0;0;89;0;80;0;
20356;3126564;1015132160;20713472;1115049984;0;0;0;0;0;0;0;0;0;0;0;2826;0;0;89;0;80;0;
20357;4710464;1015132160;20713472;1115049984;0;0;0;0;0;0;0;0;0;0;0;2364;0;0;89;0;80;0;
20358;3137033;1015132160;20713472;1115049984;0;0;0;0;0;0;0;0;0;0;0;2595;0;0;89;0;80;0;
20359;4819038;1015132160;20713472;1115049984;0;0;0;0;0;0;0;0;0;0;0;2004;0;0;89;0;80;0;
20360;4169500;1015132160;20713472;1115049984;0;0;0;0;0;0;0;0;0;0;0;2796;0;0;89;0;80;0;
20361;4668426;1015132160;20713472;1115049984;0;0;0;0;0;0;0;0;0;0;0;2605;0;0;89;0;80;0;
20362;3606493;1015132160;20713472;1115049984;0;0;0;0;0;0;0;0;0;0;0;2695;0;0;89;0;80;0;
20363;5595634;1015132160;20713472;1115049984;0;0;0;0;0;0;0;0;0;0;0;2404;0;0;89;0;80;0;
20364;5345605;1015132160;20713472;1115049984;0;0;0;0;0;0;0;0;0;0;0;3066;0;0;89;0;80;0;
20365;5935522;1015132160;20713472;1115049984;0;0;0;0;0;0;0;0;0;0;0;1963;0;0;89;0;80;0;
20366;2720913;1015132160;20713472;1115049984;0;0;0;0;0;0;0;0;0;0;0;2545;0;0;89;0;80;0;
20367;4941497;1015132160;20713472;1115049984;0;0;0;0;0;0;0;0;0;0;0;2204;0;0;89;0;80;0;
20368;3869597;1015132160;20713472;1115049984;0;0;0;0;0;0;0;0;0;0;0;3176;0;0;89;0;80;0;
20369;4791445;1015132160;20713472;1115049984;0;0;0;0;0;0;0;0;0;0;0;2505;0;0;89;0;80;0;
20370;3372435;1015132160;20713472;1115049984;0;0;0;0;0;0;0;0;0;0;0;2955;0;0;89;0;80;0;
20371;4691268;1015132160;20713472;1115049984;0;0;0;0;0;0;0;0;0;0;0;2505;0;0;89;0;80;0;
20372;2846298;1015132160;20713472;1115049984;0;0;0;0;0;0;0;0;0;0;0;2565;0;0;89;0;80;0;
20373;5089635;1015132160;20713472;1115049984;0;0;0;0;0;0;0;0;0;0;0;2033;0;0;89;0;80;0;
20374;2939393;1015132160;20713472;1115049984;0;0;0;0;0;0;0;0;0;0;0;2835;0;0;89;0;80;0;
20375;5768889;1015132160;20713472;1115049984;0;0;0;0;0;0;0;0;0;0;0;2264;0;0;89;0;80;0;
20376;2671009;1015132160;20713472;1115049984;0;0;0;0;0;0;0;0;0;0;0;2295;0;0;89;0;80;0;
20377;4330933;1015132160;20713472;1115049984;0;0;0;0;0;0;0;0;0;0;0;1854;0;0;89;0;80;0;
20378;2767139;1015132160;20713472;1115049984;0;0;0;0;0;0;0;0;0;0;0;2515;0;0;89;0;80;0;
20379;4515779;1015132160;20713472;1115049984;0;0;0;0;0;0;0;0;0;0;0;2204;0;0;89;0;80;0;
20380;3136352;1015132160;20713472;1115049984;0;0;0;0;0;0;0;0;0;0;0;2385;0;0;89;0;80;0;
20381;4945314;1015132160;20713472;1115049984;0;0;0;0;0;0;0;0;0;0;0;2154;0;0;89;0;80;0;
20382;3290210;1015132160;20713472;1115049984;0;0;0;0;0;0;0;0;0;0;0;2866;0;0;89;0;80;0;
20383;4622269;1015132160;20713472;1115049984;0;0;0;0;0;0;0;0;0;0;0;1944;0;0;89;0;80;0;
20384;3711871;1015132160;20713472;1115049984;0;0;0;0;0;0;0;0;0;0;0;2685;0;0;89;0;80;0;
20385;5261698;1015132160;20713472;1115049984;0;0;0;0;0;0;0;0;0;0;0;2985;0;0;89;0;80;0;
20386;4904778;1015132160;20713472;1115049984;0;0;0;0;0;0;0;0;0;0;0;3166;0;0;89;0;80;0;
20387;5309007;1015132160;20713472;1115049984;0;0;0;0;0;0;0;0;0;0;0;2695;0;0;89;0;80;0;
20388;4341131;1015132160;20713472;1115049984;0;0;0;0;0;0;0;0;0;0;0;2935;0;0;89;0;80;0;
20389;4793129;1015132160;20713472;1115049984;0;0;0;0;0;0;0;0;0;0;0;2024;0;0;89;0;80;0;
20390;5255897;1015132160;20713472;1115049984;0;0;0;0;0;0;0;0;0;0;0;3637;0;0;89;0;80;0;
20391;4951375;1015132160;20713472;1115049984;0;0;0;0;0;0;0;0;0;0;0;2736;0;0;89;0;80;0;
20392;4058220;1015132160;20713472;1115049984;0;0;0;0;0;0;0;0;0;0;0;2515;0;0;89;0;80;0;
20393;4450577;1015132160;20713472;1115049984;0;0;0;0;0;0;0;0;0;0;0;1754;0;0;89;0;80;0;
20394;3834622;1015132160;20713472;1115049984;0;0;0;0;0;0;0;0;0;0;0;2715;0;0;89;0;80;0;
20395;5228806;1015132160;20713472;1115049984;0;0;0;0;0;0;0;0;0;0;0;2274;0;0;89;0;80;0;
20396;3172169;1015132160;20713472;1115049984;0;0;0;0;0;0;0;0;0;0;0;2896;0;0;89;0;80;0;
20397;5281716;1015132160;20713472;1115049984;0;0;0;0;0;0;0;0;0;0;0;2074;0;0;89;0;80;0;
20398;3323854;1015132160;20713472;1115049984;0;0;0;0;0;0;0;0;0;0;0;2265;0;0;89;0;80;0;
20399;5015626;1015132160;20713472;1115049984;0;0;0;0;0;0;0;0;0;0;0;2124;0;0;89;0;80;0;
20400;3335826;1015132160;20713472;1115049984;0;0;0;0;0;0;0;0;0;0;0;2685;0;0;89;0;80;0;
20401;5207466;1015132160;20721664;1115058176;0;0;0;0;0;0;0;0;0;0;0;2345;0;0;89;0;80;0;
20402;2916309;1015132160;20721664;1115058176;0;0;0;0;0;0;0;0;0;0;0;2174;0;0;89;0;80;0;
20403;5015015;1015132160;20721664;1115058176;0;0;0;0;0;0;0;0;0;0;0;2033;0;0;89;0;80;0;
20404;2955984;1015132160;20721664;1115058176;0;0;0;0;0;0;0;0;0;0;0;2895;0;0;89;0;80;0;
20405;5925182;1015132160;20721664;1115058176;0;0;0;0;0;0;0;0;0;0;0;2274;0;0;89;0;80;0;
20406;3360282;1015132160;20721664;1115058176;0;0;0;0;0;0;0;0;0;0;0;3105;0;0;89;0;80;0;
20407;5509372;1015132160;20721664;1115058176;0;0;0;0;0;0;0;0;0;0;0;2495;0;0;89;0;80;0;
20408;5149557;1015132160;20713472;1115049984;0;0;0;0;0;0;0;0;0;0;0;3286;0;0;89;0;80;0;
20409;5379008;1015132160;20713472;1115049984;0;0;0;0;0;0;0;0;0;0;0;2023;0;0;89;0;80;0;
20410;3141692;1015132160;20713472;1115049984;0;0;0;0;0;0;0;0;0;0;0;2755;0;0;89;0;80;0;
20411;4721565;1015132160;20713472;1115049984;0;0;0;0;0;0;0;0;0;0;0;2304;0;0;89;0;80;0;
20412;3399505;1015132160;20713472;1115049984;0;0;0;0;0;0;0;0;0;0;0;2925;0;0;89;0;80;0;
20413;5343712;1015132160;20713472;1115049984;0;0;0;0;0;0;0;0;0;0;0;2314;0;0;89;0;80;0;
20414;3443257;1015132160;20713472;1115049984;0;0;0;0;0;0;0;0;0;0;0;3176;0;0;89;0;80;0;
20415;4974749;1015132160;20713472;1115049984;0;0;0;0;0;0;0;0;0;0;0;2054;0;0;89;0;80;0;
20416;4681640;1015132160;20713472;1115049984;0;0;0;0;0;0;0;0;0;0;0;2925;0;0;89;0;80;0;
20417;5752869;1015132160;20713472;1115049984;0;0;0;0;0;0;0;0;0;0;0;5531;0;0;89;0;80;0;
20418;3663490;1015132160;20713472;1115049984;0;0;0;0;0;0;0;0;0;0;0;2835;0;0;89;0;80;0;
20419;6229783;1019858944;31825920;1126162432;0;0;0;0;0;0;0;0;0;0;0;2495;0;0;89;0;80;0;
20420;3837016;1019858944;31825920;1126162432;0;0;0;0;0;0;0;0;0;0;0;3116;0;0;89;0;80;0;
20421;5175015;1019858944;31825920;1126162432;0;0;0;0;0;0;0;0;0;0;0;2735;0;0;89;0;80;0;
20422;3493762;1019858944;31825920;1126162432;0;0;0;0;0;0;0;0;0;0;0;3146;0;0;89;0;80;0;
20423;4482567;1019858944;31825920;1126162432;0;0;0;0;0;0;0;0;0;0;0;2325;0;0;89;0;80;0;
20424;4416392;1019858944;31825920;1126162432;0;0;0;0;0;0;0;0;0;0;0;26490;0;0;89;0;80;0;
20425;5467523;1019858944;31825920;1126162432;0;0;0;0;0;0;0;0;0;0;0;2765;0;0;89;0;80;0;
20426;3249133;1019858944;31825920;1126162432;0;0;0;0;0;0;0;0;0;0;0;3346;0;0;89;0;80;0;
20427;5804185;1019858944;31825920;1126162432;0;0;0;0;0;0;0;0;0;0;0;2705;0;0;89;0;80;0;
20428;6043113;1015132160;20713472;1115049984;0;0;0;0;0;0;0;0;0;0;0;2745;0;0;89;0;80;0;
20429;4924144;1015132160;20713472;1115049984;0;0;0;0;0;0;0;0;0;0;0;2554;0;0;89;0;80;0;
20430;5115393;1015132160;20713472;1115049984;0;0;0;0;0;0;0;0;0;0;0;3356;0;0;89;0;80;0;
20431;5846264;1015132160;20713472;1115049984;0;0;0;0;0;0;0;0;0;0;0;2856;0;0;89;0;80;0;
20432;3834702;1015132160;20713472;1115049984;0;0;0;0;0;0;0;0;0;0;0;3176;0;0;89;0;80;0;
20433;6206951;1015132160;20713472;1115049984;0;0;0;0;0;0;0;0;0;0;0;2685;0;0;89;0;80;0;
20434;5292495;1015132160;20713472;1115049984;0;0;0;0;0;0;0;0;0;0;0;3166;0;0;89;0;80;0;
20435;5780080;1015132160;20713472;1115049984;0;0;0;0;0;0;0;0;0;0;0;2595;0;0;89;0;80;0;
20436;3657379;1015132160;20713472;1115049984;0;0;0;0;0;0;0;0;0;0;0;2965;0;0;89;0;80;0;
20437;6010622;1015132160;20713472;1115049984;0;0;0;0;0;0;0;0;0;0;0;2575;0;0;89;0;80;0;
20438;4489008;1015132160;20713472;1115049984;0;0;0;0;0;0;0;0;0;0;0;3166;0;0;89;0;80;0;
20439;5761956;1015132160;20713472;1115049984;0;0;0;0;0;0;0;0;0;0;0;2735;0;0;89;0;80;0;
20440;4187594;1015132160;20713472;1115049984;0;0;0;0;0;0;0;0;0;0;0;2896;0;0;89;0;80;0;
20441;10866068;1015132160;20713472;1115049984;0;0;0;0;0;0;0;0;0;0;0;2464;0;0;89;0;80;0;
20442;5564635;1015132160;20713472;1115049984;0;0;0;0;0;0;0;0;0;0;0;4238;0;0;89;0;80;0;
20443;5966400;1015132160;20713472;1115049984;0;0;0;0;0;0;0;0;0;0;0;2705;0;0;89;0;80;0;
20444;4107143;1015132160;20713472;1115049984;0;0;0;0;0;0;0;0;0;0;0;3617;0;0;89;0;80;0;
20445;6157518;1015132160;20713472;1115049984;0;0;0;0;0;0;0;0;0;0;0;3286;0;0;89;0;80;0;
20446;4325011;1015132160;20713472;1115049984;0;0;0;0;0;0;0;0;0;0;0;3917;0;0;89;0;80;0;
20447;4895611;1015132160;20713472;1115049984;0;0;0;0;0;0;0;0;0;0;0;2735;0;0;89;0;80;0;
20448;3460159;1015132160;20713472;1115049984;0;0;0;0;0;0;0;0;0;0;0;3727;0;0;89;0;80;0;
20449;5582099;1015132160;20713472;1115049984;0;0;0;0;0;0;0;0;0;0;0;2776;0;0;89;0;80;0;
20450;4759506;1015132160;20713472;1115049984;0;0;0;0;0;0;0;0;0;0;0;3597;0;0;89;0;80;0;
20451;5640018;1015132160;20713472;1115049984;0;0;0;0;0;0;0;0;0;0;0;3026;0;0;89;0;80;0;
20452;3365311;1015132160;20713472;1115049984;0;0;0;0;0;0;0;0;0;0;0;3306;0;0;89;0;80;0;
20453;5787704;1015132160;20713472;1115049984;0;0;0;0;0;0;0;0;0;0;0;2815;0;0;89;0;80;0;
20454;4618923;1015132160;20713472;1115049984;0;0;0;0;0;0;0;0;0;0;0;3606;0;0;89;0;80;0;
20455;5025766;1015132160;20713472;1115049984;0;0;0;0;0;0;0;0;0;0;0;2805;0;0;89;0;80;0;
20456;4711746;1015132160;20713472;1115049984;0;0;0;0;0;0;0;0;0;0;0;3226;0;0;89;0;80;0;
20457;5309657;1015132160;20713472;1115049984;0;0;0;0;0;0;0;0;0;0;0;3066;0;0;89;0;80;0;
20458;4064122;1015132160;20713472;1115049984;0;0;0;0;0;0;0;0;0;0;0;3707;0;0;89;0;80;0;
20459;5211544;1015132160;20713472;1115049984;0;0;0;0;0;0;0;0;0;0;0;2725;0;0;89;0;80;0;
20460;3567370;1015132160;20713472;1115049984;0;0;0;0;0;0;0;0;0;0;0;2875;0;0;89;0;80;0;
20461;5425555;1015132160;20713472;1115049984;0;0;0;0;0;0;0;0;0;0;0;2725;0;0;89;0;80;0;
20462;5070229;1015132160;20713472;1115049984;0;0;0;0;0;0;0;0;0;0;0;3337;0;0;89;0;80;0;
20463;5169464;1015132160;20713472;1115049984;0;0;0;0;0;0;0;0;0;0;0;2625;0;0;89;0;80;0;
20464;4911421;1015132160;20713472;1115049984;0;0;0;0;0;0;0;0;0;0;0;2906;0;0;89;0;80;0;
20465;5181197;1015132160;20713472;1115049984;0;0;0;0;0;0;0;0;0;0;0;2665;0;0;89;0;80;0;
20466;4429677;1015132160;20713472;1115049984;0;0;0;0;0;0;0;0;0;0;0;3838;0;0;89;0;80;0;
20467;6223331;1015132160;20713472;1115049984;0;0;0;0;0;0;0;0;0;0;0;2825;0;0;89;0;80;0;
20468;4635884;1015132160;20713472;1115049984;0;0;0;0;0;0;0;0;0;0;0;3086;0;0;89;0;80;0;
20469;6493659;1015132160;20713472;1115049984;0;0;0;0;0;0;0;0;0;0;0;3426;0;0;89;0;80;0;
20470;4270329;1015132160;20713472;1115049984;0;0;0;0;0;0;0;0;0;0;0;3747;0;0;89;0;80;0;
20471;6043925;1015132160;20713472;1115049984;0;0;0;0;0;0;0;0;0;0;0;2686;0;0;89;0;80;0;
20472;3378736;1015132160;20713472;1115049984;0;0;0;0;0;0;0;0;0;0;0;2815;0;0;89;0;80;0;
20473;4894629;1015132160;20713472;1115049984;0;0;0;0;0;0;0;0;0;0;0;2394;0;0;89;0;80;0;
20474;3062453;1015132160;20713472;1115049984;0;0;0;0;0;0;0;0;0;0;0;3046;0;0;89;0;80;0;
20475;4762051;1015132160;20713472;1115049984;0;0;0;0;0;0;0;0;0;0;0;2174;0;0;89;0;80;0;
20476;2482426;1015132160;20713472;1115049984;0;0;0;0;0;0;0;0;0;0;0;2885;0;0;89;0;80;0;
20477;5267349;1015132160;20713472;1115049984;0;0;0;0;0;0;0;0;0;0;0;2385;0;0;89;0;80;0;
20478;4723529;1015132160;20713472;1115049984;0;0;0;0;0;0;0;0;0;0;0;4318;0;0;89;0;80;0;
20479;6033405;1015132160;20713472;1115049984;0;0;0;0;0;0;0;0;0;0;0;2695;0;0;89;0;80;0;
20480;3769319;1015132160;20713472;1115049984;0;0;0;0;0;0;0;0;0;0;0;3737;0;0;89;0;80;0;
20481;6117372;1015132160;20713472;1115049984;0;0;0;0;0;0;0;0;0;0;0;2766;0;0;89;0;80;0;
20482;4701316;1015132160;20713472;1115049984;0;0;0;0;0;0;0;0;0;0;0;3016;0;0;89;0;80;0;
20483;5365131;1015132160;20713472;1115049984;0;0;0;0;0;0;0;0;0;0;0;48882;0;0;89;0;80;0;
20484;4695386;1015132160;20713472;1115049984;0;0;0;0;0;0;0;0;0;0;0;3407;0;0;89;0;80;0;
20485;5078284;1015132160;20713472;1115049984;0;0;0;0;0;0;0;0;0;0;0;2444;0;0;89;0;80;0;
20486;4806544;1015132160;20713472;1115049984;0;0;0;0;0;0;0;0;0;0;0;3827;0;0;89;0;80;0;
20487;5668550;1015132160;20713472;1115049984;0;0;0;0;0;0;0;0;0;0;0;2615;0;0;89;0;80;0;
20488;4352784;1015132160;20713472;1115049984;0;0;0;0;0;0;0;0;0;0;0;2876;0;0;89;0;80;0;
20489;6052000;1015132160;20713472;1115049984;0;0;0;0;0;0;0;0;0;0;0;2725;0;0;89;0;80;0;
20490;3957281;1015132160;20713472;1115049984;0;0;0;0;0;0;0;0;0;0;0;2765;0;0;89;0;80;0;
20491;5191806;1015132160;20713472;1115049984;0;0;0;0;0;0;0;0;0;0;0;2325;0;0;89;0;80;0;
20492;3305599;1015132160;20713472;1115049984;0;0;0;0;0;0;0;0;0;0;0;2595;0;0;89;0;80;0;
20493;5627724;1015132160;20713472;1115049984;0;0;0;0;0;0;0;0;0;0;0;2595;0;0;89;0;80;0;
20494;4405041;1015132160;20713472;1115049984;0;0;0;0;0;0;0;0;0;0;0;3026;0;0;89;0;80;0;
20495;5627403;1015132160;20713472;1115049984;0;0;0;0;0;0;0;0;0;0;0;2745;0;0;89;0;80;0;
20496;4118444;1015132160;20713472;1115049984;0;0;0;0;0;0;0;0;0;0;0;3467;0;0;89;0;80;0;
20497;6606470;1015132160;20713472;1115049984;0;0;0;0;0;0;0;0;0;0;0;3045;0;0;89;0;80;0;
20498;4186572;1015132160;20713472;1115049984;0;0;0;0;0;0;0;0;0;0;0;3968;0;0;89;0;80;0;
20499;5292135;1015132160;20713472;1115049984;0;0;0;0;0;0;0;0;0;0;0;2936;0;0;89;0;80;0;
20500;5483864;1015132160;20713472;1115049984;0;0;0;0;0;0;0;0;0;0;0;3507;0;0;89;0;80;0;
20501;5853517;1015132160;20713472;1115049984;0;0;0;0;0;0;0;0;0;0;0;2895;0;0;89;0;80;0;
20502;4732345;1015132160;20713472;1115049984;0;0;0;0;0;0;0;0;0;0;0;3156;0;0;89;0;80;0;
20503;5652882;1015132160;20721664;1115058176;0;0;0;0;0;0;0;0;0;0;0;3317;0;0;89;0;80;0;
20504;3157852;1015132160;20721664;1115058176;0;0;0;0;0;0;0;0;0;0;0;2655;0;0;89;0;80;0;
20505;5978552;1015132160;20721664;1115058176;0;0;0;0;0;0;0;0;0;0;0;2946;0;0;89;0;80;0;
20506;3040232;1015132160;20721664;1115058176;0;0;0;0;0;0;0;0;0;0;0;2966;0;0;89;0;80;0;
20507;4924856;1015132160;20721664;1115058176;0;0;0;0;0;0;0;0;0;0;0;2174;0;0;89;0;80;0;
20508;5062284;1015132160;20721664;1115058176;0;0;0;0;0;0;0;0;0;0;0;3797;0;0;89;0;80;0;
20509;5195704;1015132160;20721664;1115058176;0;0;0;0;0;0;0;0;0;0;0;2886;0;0;89;0;80;0;
20510;4970221;1015132160;20713472;1115049984;0;0;0;0;0;0;0;0;0;0;0;3577;0;0;89;0;80;0;
20511;5206554;1015132160;20713472;1115049984;0;0;0;0;0;0;0;0;0;0;0;2635;0;0;89;0;80;0;
20512;4789342;1015132160;20713472;1115049984;0;0;0;0;0;0;0;0;0;0;0;3056;0;0;89;0;80;0;
20513;6240603;1015132160;20713472;1115049984;0;0;0;0;0;0;0;0;0;0;0;3096;0;0;89;0;80;0;
20514;3601234;1015132160;20713472;1115049984;0;0;0;0;0;0;0;0;0;0;0;3216;0;0;89;0;80;0;
20515;6584459;1015132160;20713472;1115049984;0;0;0;0;0;0;0;0;0;0;0;3206;0;0;89;0;80;0;
20516;3366424;1015132160;20713472;1115049984;0;0;0;0;0;0;0;0;0;0;0;2856;0;0;89;0;80;0;
20517;5093382;1015132160;20713472;1115049984;0;0;0;0;0;0;0;0;0;0;0;2514;0;0;89;0;80;0;
20518;4349807;1015132160;20713472;1115049984;0;0;0;0;0;0;0;0;0;0;0;3696;0;0;89;0;80;0;
20519;5510334;1015132160;20713472;1115049984;0;0;0;0;0;0;0;0;0;0;0;2835;0;0;89;0;80;0;
20520;2621166;1015132160;20713472;1115049984;0;0;0;0;0;0;0;0;0;0;0;2856;0;0;89;0;80;0;
20521;4844405;1015132160;20713472;1115049984;0;0;0;0;0;0;0;0;0;0;0;2665;0;0;89;0;80;0;
20522;2933912;1015132160;20713472;1115049984;0;0;0;0;0;0;0;0;0;0;0;2966;0;0;89;0;80;0;
20523;6308681;1015132160;20713472;1115049984;0;0;0;0;0;0;0;0;0;0;0;2875;0;0;89;0;80;0;
20524;5197788;1015132160;20713472;1115049984;0;0;0;0;0;0;0;0;0;0;0;4658;0;0;89;0;80;0;
20525;7281265;1015132160;20713472;1115049984;0;0;0;0;0;0;0;0;0;0;0;3998;0;0;89;0;80;0;
20526;3421217;1015132160;20713472;1115049984;0;0;0;0;0;0;0;0;0;0;0;2706;0;0;89;0;80;0;
20527;5808994;1015132160;20713472;1115049984;0;0;0;0;0;0;0;0;0;0;0;1914;0;0;89;0;80;0;
20528;4663386;1015132160;20713472;1115049984;0;0;0;0;0;0;0;0;0;0;0;2726;0;0;89;0;80;0;
20529;4769494;1015132160;20713472;1115049984;0;0;0;0;0;0;0;0;0;0;0;2175;0;0;89;0;80;0;
20530;3216963;1015132160;20713472;1115049984;0;0;0;0;0;0;0;0;0;0;0;2915;0;0;89;0;80;0;
20531;5253162;1015132160;20713472;1115049984;0;0;0;0;0;0;0;0;0;0;0;1963;0;0;89;0;80;0;
20532;3997417;1015132160;20713472;1115049984;0;0;0;0;0;0;0;0;0;0;0;3537;0;0;89;0;80;0;
20533;4889309;1015132160;20713472;1115049984;0;0;0;0;0;0;0;0;0;0;0;2103;0;0;89;0;80;0;
20534;3087811;1015132160;20713472;1115049984;0;0;0;0;0;0;0;0;0;0;0;2665;0;0;89;0;80;0;
20535;4672964;1015132160;20713472;1115049984;0;0;0;0;0;0;0;0;0;0;0;2274;0;0;89;0;80;0;
20536;4221527;1015132160;20713472;1115049984;0;0;0;0;0;0;0;0;0;0;0;2755;0;0;89;0;80;0;
20537;5676286;1019858944;31825920;1126162432;0;0;0;0;0;0;0;0;0;0;0;2494;0;0;89;0;80;0;
20538;2973917;1019858944;31825920;1126162432;0;0;0;0;0;0;0;0;0;0;0;2595;0;0;89;0;80;0;
20539;5421638;1019858944;31825920;1126162432;0;0;0;0;0;0;0;0;0;0;0;2264;0;0;89;0;80;0;
20540;4458311;1019858944;31825920;1126162432;0;0;0;0;0;0;0;0;0;0;0;3676;0;0;89;0;80;0;
20541;4796626;1019858944;31825920;1126162432;0;0;0;0;0;0;0;0;0;0;0;3126;0;0;89;0;80;0;
20542;4793179;1019858944;31825920;1126162432;0;0;0;0;0;0;0;0;0;0;0;4178;0;0;89;0;80;0;
20543;5571388;1019858944;31825920;1126162432;0;0;0;0;0;0;0;0;0;0;0;3166;0;0;89;0;80;0;
20544;4560723;1019858944;31825920;1126162432;0;0;0;0;0;0;0;0;0;0;0;3697;0;0;89;0;80;0;
20545;5007892;1019858944;31825920;1126162432;0;0;0;0;0;0;0;0;0;0;0;3055;0;0;89;0;80;0;
20546;4038283;1015132160;20713472;1115049984;0;0;0;0;0;0;0;0;0;0;0;3306;0;0;89;0;80;0;
20547;6290898;1015132160;20713472;1115049984;0;0;0;0;0;0;0;0;0;0;0;3056;0;0;89;0;80;0;
20548;5028851;1015132160;20713472;1115049984;0;0;0;0;0;0;0;0;0;0;0;3667;0;0;89;0;80;0;
20549;4721965;1015132160;20713472;1115049984;0;0;0;0;0;0;0;0;0;0;0;2946;0;0;89;0;80;0;
20550;5637513;1015132160;20713472;1115049984;0;0;0;0;0;0;0;0;0;0;0;3667;0;0;89;0;80;0;
20551;4830759;1015132160;20713472;1115049984;0;0;0;0;0;0;0;0;0;0;0;2625;0;0;89;0;80;0;
20552;3475889;1015132160;20713472;1115049984;0;0;0;0;0;0;0;0;0;0;0;2605;0;0;89;0;80;0;
20553;5602396;1015132160;20713472;1115049984;0;0;0;0;0;0;0;0;0;0;0;2345;0;0;89;0;80;0;
20554;3562240;1015132160;20713472;1115049984;0;0;0;0;0;0;0;0;0;0;0;3196;0;0;89;0;80;0;
20555;4953810;1015132160;20713472;1115049984;0;0;0;0;0;0;0;0;0;0;0;2485;0;0;89;0;80;0;
20556;3030523;1015132160;20713472;1115049984;0;0;0;0;0;0;0;0;0;0;0;2855;0;0;89;0;80;0;
20557;5639777;1015132160;20713472;1115049984;0;0;0;0;0;0;0;0;0;0;0;2365;0;0;89;0;80;0;
20558;4190679;1015132160;20713472;1115049984;0;0;0;0;0;0;0;0;0;0;0;3106;0;0;89;0;80;0;
20559;5161841;1015132160;20713472;1115049984;0;0;0;0;0;0;0;0;0;0;0;2765;0;0;89;0;80;0;
20560;4772180;1015132160;20713472;1115049984;0;0;0;0;0;0;0;0;0;0;0;3647;0;0;89;0;80;0;
20561;5768899;1015132160;20713472;1115049984;0;0;0;0;0;0;0;0;0;0;0;2966;0;0;89;0;80;0;
20562;4282291;1015132160;20713472;1115049984;0;0;0;0;0;0;0;0;0;0;0;3557;0;0;89;0;80;0;
20563;5709508;1015132160;20713472;1115049984;0;0;0;0;0;0;0;0;0;0;0;2796;0;0;89;0;80;0;
20564;4835959;1015132160;20713472;1115049984;0;0;0;0;0;0;0;0;0;0;0;3427;0;0;89;0;80;0;
20565;4986201;1015132160;20713472;1115049984;0;0;0;0;0;0;0;0;0;0;0;2565;0;0;89;0;80;0;
20566;4327826;1015132160;20713472;1115049984;0;0;0;0;0;0;0;0;0;0;0;3016;0;0;89;0;80;0;
20567;4743315;1015132160;20713472;1115049984;0;0;0;0;0;0;0;0;0;0;0;2715;0;0;89;0;80;0;
20568;3025144;1015132160;20713472;1115049984;0;0;0;0;0;0;0;0;0;0;0;2715;0;0;89;0;80;0;
20569;4704963;1015132160;20713472;1115049984;0;0;0;0;0;0;0;0;0;0;0;1994;0;0;89;0;80;0;
20570;4214574;1015132160;20713472;1115049984;0;0;0;0;0;0;0;0;0;0;0;3266;0;0;89;0;80;0;
20571;6636145;1015132160;20713472;1115049984;0;0;0;0;0;0;0;0;0;0;0;3717;0;0;89;0;80;0;
20572;5223266;1015132160;20713472;1115049984;0;0;0;0;0;0;0;0;0;0;0;3817;0;0;89;0;80;0;
20573;5306772;1015132160;20713472;1115049984;0;0;0;0;0;0;0;0;0;0;0;3096;0;0;89;0;80;0;
20574;4765738;1015132160;20713472;1115049984;0;0;0;0;0;0;0;0;0;0;0;3496;0;0;89;0;80;0;
20575;6218342;1015132160;20713472;1115049984;0;0;0;0;0;0;0;0;0;0;0;3145;0;0;89;0;80;0;
20576;4392978;1015132160;20713472;1115049984;0;0;0;0;0;0;0;0;0;0;0;3537;0;0;89;0;80;0;
20577;5986036;1015132160;20713472;1115049984;0;0;0;0;0;0;0;0;0;0;0;2505;0;0;89;0;80;0;
20578;5482692;1015132160;20713472;1115049984;0;0;0;0;0;0;0;0;0;0;0;3165;0;0;89;0;80;0;
20579;5223396;1015132160;20713472;1115049984;0;0;0;0;0;0;0;0;0;0;0;2845;0;0;89;0;80;0;
20580;3913710;1015132160;20713472;1115049984;0;0;0;0;0;0;0;0;0;0;0;3186;0;0;89;0;80;0;
20581;5244085;1015132160;20713472;1115049984;0;0;0;0;0;0;0;0;0;0;0;2746;0;0;89;0;80;0;
20582;4517772;1015132160;20713472;1115049984;0;0;0;0;0;0;0;0;0;0;0;3045;0;0;89;0;80;0;
20583;5459399;1015132160;20713472;1115049984;0;0;0;0;0;0;0;0;0;0;0;2845;0;0;89;0;80;0;
20584;4303981;1015132160;20713472;1115049984;0;0;0;0;0;0;0;0;0;0;0;3607;0;0;89;0;80;0;
20585;5943637;1015132160;20713472;1115049984;0;0;0;0;0;0;0;0;0;0;0;3276;0;0;89;0;80;0;
20586;3893622;1015132160;20713472;1115049984;0;0;0;0;0;0;0;0;0;0;0;3025;0;0;89;0;80;0;
20587;5640549;1015132160;20713472;1115049984;0;0;0;0;0;0;0;0;0;0;0;2615;0;0;89;0;80;0;
20588;4036139;1015132160;20713472;1115049984;0;0;0;0;0;0;0;0;0;0;0;2976;0;0;89;0;80;0;
20589;5551371;1015132160;20713472;1115049984;0;0;0;0;0;0;0;0;0;0;0;2465;0;0;89;0;80;0;
20590;5318384;1015132160;20713472;1115049984;0;0;0;0;0;0;0;0;0;0;0;2665;0;0;89;0;80;0;
20591;6208302;1015132160;20713472;1115049984;0;0;0;0;0;0;0;0;0;0;0;2695;0;0;89;0;80;0;
20592;3494413;1015132160;20713472;1115049984;0;0;0;0;0;0;0;0;0;0;0;2325;0;0;89;0;80;0;
20593;5749773;1015132160;20713472;1115049984;0;0;0;0;0;0;0;0;0;0;0;2755;0;0;89;0;80;0;
20594;3690330;1015132160;20713472;1115049984;0;0;0;0;0;0;0;0;0;0;0;2485;0;0;89;0;80;0;
20595;4775535;1015132160;20713472;1115049984;0;0;0;0;0;0;0;0;0;0;0;2033;0;0;89;0;80;0;
20596;3625159;1015132160;20713472;1115049984;0;0;0;0;0;0;0;0;0;0;0;43341;0;0;89;0;80;0;
20597;6412265;1015132160;20713472;1115049984;0;0;0;0;0;0;0;0;0;0;0;2625;0;0;89;0;80;0;
20598;4027954;1015132160;20713472;1115049984;0;0;0;0;0;0;0;0;0;0;0;2715;0;0;89;0;80;0;
20599;5794577;1015132160;20713472;1115049984;0;0;0;0;0;0;0;0;0;0;0;2384;0;0;89;0;80;0;
20600;3804064;1015132160;20713472;1115049984;0;0;0;0;0;0;0;0;0;0;0;3226;0;0;89;0;80;0;
20601;5909833;1015132160;20713472;1115049984;0;0;0;0;0;0;0;0;0;0;0;2565;0;0;89;0;80;0;
20602;3752257;1015132160;20713472;1115049984;0;0;0;0;0;0;0;0;0;0;0;2755;0;0;89;0;80;0;
20603;5070599;1015132160;20713472;1115049984;0;0;0;0;0;0;0;0;0;0;0;2355;0;0;89;0;80;0;
20604;3222063;1015132160;20713472;1115049984;0;0;0;0;0;0;0;0;0;0;0;2685;0;0;89;0;80;0;
20605;5822199;1015132160;20713472;1115049984;0;0;0;0;0;0;0;0;0;0;0;2244;0;0;89;0;80;0;
20606;4201810;1015132160;20713472;1115049984;0;0;0;0;0;0;0;0;0;0;0;3046;0;0;89;0;80;0;
20607;6681911;1015132160;20721664;1115058176;0;0;0;0;0;0;0;0;0;0;0;3937;0;0;89;0;80;0;
20608;4805542;1015132160;20721664;1115058176;0;0;0;0;0;0;0;0;0;0;0;3256;0;0;89;0;80;0;
20609;5402963;1015132160;20721664;1115058176;0;0;0;0;0;0;0;0;0;0;0;2805;0;0;89;0;80;0;
20610;3858095;1015132160;20721664;1115058176;0;0;0;0;0;0;0;0;0;0;0;3146;0;0;89;0;80;0;
20611;5533378;1015132160;20721664;1115058176;0;0;0;0;0;0;0;0;0;0;0;3176;0;0;89;0;80;0;
20612;4945855;1015132160;20721664;1115058176;0;0;0;0;0;0;0;0;0;0;0;3236;0;0;89;0;80;0;
20613;5854780;1015132160;20721664;1115058176;0;0;0;0;0;0;0;0;0;0;0;2926;0;0;89;0;80;0;
20614;4285477;1015132160;20713472;1115049984;0;0;0;0;0;0;0;0;0;0;0;3476;0;0;89;0;80;0;
20615;6249019;1015132160;20713472;1115049984;0;0;0;0;0;0;0;0;0;0;0;2515;0;0;89;0;80;0;
20616;2738956;1015132160;20713472;1115049984;0;0;0;0;0;0;0;0;0;0;0;2545;0;0;89;0;80;0;
20617;5641650;1015132160;20713472;1115049984;0;0;0;0;0;0;0;0;0;0;0;1974;0;0;89;0;80;0;
20618;5116436;1015132160;20713472;1115049984;0;0;0;0;0;0;0;0;0;0;0;3807;0;0;89;0;80;0;
20619;6887507;1015132160;20713472;1115049984;0;0;0;0;0;0;0;0;0;0;0;3537;0;0;89;0;80;0;
20620;4416102;1015132160;20713472;1115049984;0;0;0;0;0;0;0;0;0;0;0;3196;0;0;89;0;80;0;
20621;6113555;1015132160;20713472;1115049984;0;0;0;0;0;0;0;0;0;0;0;3146;0;0;89;0;80;0;
20622;4606348;1015132160;20713472;1115049984;0;0;0;0;0;0;0;0;0;0;0;3075;0;0;89;0;80;0;
20623;5145450;1015132160;20713472;1115049984;0;0;0;0;0;0;0;0;0;0;0;2264;0;0;89;0;80;0;
20624;3820345;1015132160;20713472;1115049984;0;0;0;0;0;0;0;0;0;0;0;3106;0;0;89;0;80;0;
20625;5558785;1015132160;20713472;1115049984;0;0;0;0;0;0;0;0;0;0;0;2615;0;0;89;0;80;0;
20626;4226527;1015132160;20713472;1115049984;0;0;0;0;0;0;0;0;0;0;0;3577;0;0;89;0;80;0;
20627;5162201;1015132160;20713472;1115049984;0;0;0;0;0;0;0;0;0;0;0;2465;0;0;89;0;80;0;
20628;3622704;1015132160;20713472;1115049984;0;0;0;0;0;0;0;0;0;0;0;3086;0;0;89;0;80;0;
20629;4890401;1015132160;20713472;1115049984;0;0;0;0;0;0;0;0;0;0;0;2104;0;0;89;0;80;0;
20630;3653632;1015132160;20713472;1115049984;0;0;0;0;0;0;0;0;0;0;0;2856;0;0;89;0;80;0;
20631;5901147;1019858944;31825920;1126162432;0;0;0;0;0;0;0;0;0;0;0;2514;0;0;89;0;80;0;
20632;3275443;1019858944;31825920;1126162432;0;0;0;0;0;0;0;0;0;0;0;3196;0;0;89;0;80;0;
20633;5238554;1024053248;31825920;1126162432;0;0;0;0;0;0;0;0;0;0;0;2675;0;0;89;0;80;0;
20634;2581080;1024053248;31825920;1126162432;0;0;0;0;0;0;0;0;0;0;0;2715;0;0;89;0;80;0;
20635;5833961;1025662976;31825920;1126162432;0;0;0;0;0;0;0;0;0;0;0;2525;0;0;89;0;80;0;
20636;3127435;1025662976;31825920;1126162432;0;0;0;0;0;0;0;0;0;0;0;2745;0;0;89;0;80;0;
20637;4581642;1025662976;31825920;1126162432;0;0;0;0;0;0;0;0;0;0;0;2053;0;0;89;0;80;0;
20638;2905999;1018236928;24260608;1118597120;0;0;0;0;0;0;0;0;0;0;0;2424;0;0;89;0;80;0;
20639;5323313;1018236928;24260608;1118597120;0;0;0;0;0;0;0;0;0;0;0;2114;0;0;89;0;80;0;
20640;2393169;1018236928;24260608;1118597120;0;0;0;0;0;0;0;0;0;0;0;3006;0;0;89;0;80;0;
20641;5684812;1018236928;24260608;1118597120;0;0;0;0;0;0;0;0;0;0;0;2164;0;0;89;0;80;0;
20642;3453848;1018236928;24260608;1118597120;0;0;0;0;0;0;0;0;0;0;0;2575;0;0;89;0;80;0;
20643;4662153;1018236928;24260608;1118597120;0;0;0;0;0;0;0;0;0;0;0;2094;0;0;89;0;80;0;
20644;4212320;1018236928;24260608;1118597120;0;0;0;0;0;0;0;0;0;0;0;3417;0;0;89;0;80;0;
20645;5068546;1018236928;24260608;1118597120;0;0;0;0;0;0;0;0;0;0;0;2575;0;0;89;0;80;0;
20646;4194256;1018236928;24260608;1118597120;0;0;0;0;0;0;0;0;0;0;0;3256;0;0;89;0;80;0;
20647;11263283;1018236928;24260608;1118597120;0;0;0;0;0;0;0;0;0;0;0;2795;0;0;89;0;80;0;
20648;5455732;1018236928;24260608;1118597120;0;0;0;0;0;0;0;0;0;0;0;2695;0;0;89;0;80;0;
20649;5624358;1018236928;24260608;1118597120;0;0;0;0;0;0;0;0;0;0;0;1893;0;0;89;0;80;0;
20650;3702714;1018236928;24260608;1118597120;0;0;0;0;0;0;0;0;0;0;0;3497;0;0;89;0;80;0;
20651;5821357;1018236928;24260608;1118597120;0;0;0;0;0;0;0;0;0;0;0;2825;0;0;89;0;80;0;
20652;4633199;1018236928;24260608;1118597120;0;0;0;0;0;0;0;0;0;0;0;2875;0;0;89;0;80;0;
20653;5796490;1018236928;24260608;1118597120;0;0;0;0;0;0;0;0;0;0;0;2194;0;0;89;0;80;0;
20654;3130641;1018236928;24260608;1118597120;0;0;0;0;0;0;0;0;0;0;0;2344;0;0;89;0;80;0;
20655;5056242;1018236928;24260608;1118597120;0;0;0;0;0;0;0;0;0;0;0;2244;0;0;89;0;80;0;
20656;4717958;1018236928;24260608;1118597120;0;0;0;0;0;0;0;0;0;0;0;3576;0;0;89;0;80;0;
20657;6357012;1018236928;24260608;1118597120;0;0;0;0;0;0;0;0;0;0;0;2755;0;0;89;0;80;0;
20658;5169976;1018236928;24260608;1118597120;0;0;0;0;0;0;0;0;0;0;0;2605;0;0;89;0;80;0;
20659;5896288;1018236928;24260608;1118597120;0;0;0;0;0;0;0;0;0;0;0;2194;0;0;89;0;80;0;
20660;3955928;1018236928;24260608;1118597120;0;0;0;0;0;0;0;0;0;0;0;2916;0;0;89;0;80;0;
20661;5230309;1018236928;24260608;1118597120;0;0;0;0;0;0;0;0;0;0;0;2846;0;0;89;0;80;0;
20662;3692765;1018236928;24260608;1118597120;0;0;0;0;0;0;0;0;0;0;0;2775;0;0;89;0;80;0;
20663;5732130;1018236928;24260608;1118597120;0;0;0;0;0;0;0;0;0;0;0;2294;0;0;89;0;80;0;
20664;2488988;1018236928;24260608;1118597120;0;0;0;0;0;0;0;0;0;0;0;2555;0;0;89;0;80;0;
20665;4795102;1018236928;24260608;1118597120;0;0;0;0;0;0;0;0;0;0;0;2004;0;0;89;0;80;0;
20666;3686503;1018236928;24260608;1118597120;0;0;0;0;0;0;0;0;0;0;0;2384;0;0;89;0;80;0;
20667;5497470;1018236928;24260608;1118597120;0;0;0;0;0;0;0;0;0;0;0;1633;0;0;89;0;80;0;
20668;5129931;1018236928;24260608;1118597120;0;0;0;0;0;0;0;0;0;0;0;2835;0;0;89;0;80;0;
20669;4974750;1018236928;24260608;1118597120;0;0;0;0;0;0;0;0;0;0;0;2325;0;0;89;0;80;0;
20670;5163293;1018236928;24260608;1118597120;0;0;0;0;0;0;0;0;0;0;0;3246;0;0;89;0;80;0;
20671;5515964;1018236928;24260608;1118597120;0;0;0;0;0;0;0;0;0;0;0;2655;0;0;89;0;80;0;
20672;4549392;1018236928;24260608;1118597120;0;0;0;0;0;0;0;0;0;0;0;3627;0;0;89;0;80;0;
20673;5568323;1018236928;24260608;1118597120;0;0;0;0;0;0;0;0;0;0;0;2845;0;0;89;0;80;0;
20674;4864493;1018236928;24260608;1118597120;0;0;0;0;0;0;0;0;0;0;0;3176;0;0;89;0;80;0;
20675;5270243;1018236928;24260608;1118597120;0;0;0;0;0;0;0;0;0;0;0;2896;0;0;89;0;80;0;
20676;4009349;1018236928;24260608;1118597120;0;0;0;0;0;0;0;0;0;0;0;2986;0;0;89;0;80;0;
20677;5404125;1018236928;24260608;1118597120;0;0;0;0;0;0;0;0;0;0;0;2375;0;0;89;0;80;0;
20678;3322521;1018236928;24260608;1118597120;0;0;0;0;0;0;0;0;0;0;0;3116;0;0;89;0;80;0;
20679;4512713;1018236928;24260608;1118597120;0;0;0;0;0;0;0;0;0;0;0;2595;0;0;89;0;80;0;
20680;4343025;1018236928;24260608;1118597120;0;0;0;0;0;0;0;0;0;0;0;3667;0;0;89;0;80;0;
20681;5387313;1018236928;24260608;1118597120;0;0;0;0;0;0;0;0;0;0;0;2094;0;0;89;0;80;0;
20682;3327501;1018236928;24260608;1118597120;0;0;0;0;0;0;0;0;0;0;0;3136;0;0;89;0;80;0;
20683;6422094;1018236928;24260608;1118597120;0;0;0;0;0;0;0;0;0;0;0;2805;0;0;89;0;80;0;
20684;4665068;1018236928;24260608;1118597120;0;0;0;0;0;0;0;0;0;0;0;3827;0;0;89;0;80;0;
20685;6600839;1018236928;24260608;1118597120;0;0;0;0;0;0;0;0;0;0;0;3626;0;0;89;0;80;0;
20686;5048107;1018236928;24260608;1118597120;0;0;0;0;0;0;0;0;0;0;0;3246;0;0;89;0;80;0;
20687;4971643;1018236928;24260608;1118597120;0;0;0;0;0;0;0;0;0;0;0;2564;0;0;89;0;80;0;
20688;4320062;1018236928;24260608;1118597120;0;0;0;0;0;0;0;0;0;0;0;2915;0;0;89;0;80;0;
20689;5228676;1018236928;24260608;1118597120;0;0;0;0;0;0;0;0;0;0;0;2495;0;0;89;0;80;0;
20690;3799305;1018236928;24260608;1118597120;0;0;0;0;0;0;0;0;0;0;0;2605;0;0;89;0;80;0;
20691;5105114;1018236928;24260608;1118597120;0;0;0;0;0;0;0;0;0;0;0;1974;0;0;89;0;80;0;
20692;3399245;1018236928;24260608;1118597120;0;0;0;0;0;0;0;0;0;0;0;2715;0;0;89;0;80;0;
20693;5512548;1018236928;24260608;1118597120;0;0;0;0;0;0;0;0;0;0;0;2324;0;0;89;0;80;0;
20694;3533787;1018236928;24260608;1118597120;0;0;0;0;0;0;0;0;0;0;0;3126;0;0;89;0;80;0;
20695;5096228;1018236928;24260608;1118597120;0;0;0;0;0;0;0;0;0;0;0;2595;0;0;89;0;80;0;
20696;4425029;1018236928;24260608;1118597120;0;0;0;0;0;0;0;0;0;0;0;3556;0;0;89;0;80;0;
20697;6761441;1018236928;24260608;1118597120;0;0;0;0;0;0;0;0;0;0;0;4499;0;0;89;0;80;0;
20698;4418367;1018236928;24260608;1118597120;0;0;0;0;0;0;0;0;0;0;0;4438;0;0;89;0;80;0;
20699;5984514;1018236928;24260608;1118597120;0;0;0;0;0;0;0;0;0;0;0;3828;0;0;89;0;80;0;
20700;4215736;1018236928;24260608;1118597120;0;0;0;0;0;0;0;0;0;0;0;3056;0;0;89;0;80;0;
20701;5527477;1018236928;24260608;1118597120;0;0;0;0;0;0;0;0;0;0;0;3636;0;0;89;0;80;0;
20702;4405793;1018236928;24260608;1118597120;0;0;0;0;0;0;0;0;0;0;0;4578;0;0;89;0;80;0;
20703;7116656;1018236928;24260608;1118597120;0;0;0;0;0;0;0;0;0;0;0;3407;0;0;89;0;80;0;
20704;5301753;1018236928;24260608;1118597120;0;0;0;0;0;0;0;0;0;0;0;4339;0;0;89;0;80;0;
20705;7058327;1018236928;24260608;1118597120;0;0;0;0;0;0;0;0;0;0;0;3827;0;0;89;0;80;0;
20706;5312703;1018236928;24260608;1118597120;0;0;0;0;0;0;0;0;0;0;0;4017;0;0;89;0;80;0;
20707;7799357;1018236928;24260608;1118597120;0;0;0;0;0;0;0;0;0;0;0;3938;0;0;89;0;80;0;
20708;5659373;1018236928;24260608;1118597120;0;0;0;0;0;0;0;0;0;0;0;3466;0;0;89;0;80;0;
20709;5679521;1018236928;24260608;1118597120;0;0;0;0;0;0;0;0;0;0;0;2906;0;0;89;0;80;0;
20710;5640197;1018236928;24260608;1118597120;0;0;0;0;0;0;0;0;0;0;0;3988;0;0;89;0;80;0;
20711;6602462;1018236928;24260608;1118597120;0;0;0;0;0;0;0;0;0;0;0;3266;0;0;89;0;80;0;
20712;6334660;1018236928;24260608;1118597120;0;0;0;0;0;0;0;0;0;0;0;4358;0;0;89;0;80;0;
20713;6139253;1018236928;24260608;1118597120;0;0;0;0;0;0;0;0;0;0;0;3336;0;0;89;0;80;0;
20714;5759311;1018236928;24260608;1118597120;0;0;0;0;0;0;0;0;0;0;0;3897;0;0;89;0;80;0;
20715;6532881;1018236928;24260608;1118597120;0;0;0;0;0;0;0;0;0;0;0;3637;0;0;89;0;80;0;
20716;4551476;1018236928;24260608;1118597120;0;0;0;0;0;0;0;0;0;0;0;3666;0;0;89;0;80;0;
20717;4772210;1018236928;24260608;1118597120;0;0;0;0;0;0;0;0;0;0;0;2294;0;0;89;0;80;0;
20718;4245251;1018236928;24260608;1118597120;0;0;0;0;0;0;0;0;0;0;0;3156;0;0;89;0;80;0;
20719;6251915;1018236928;24260608;1118597120;0;0;0;0;0;0;0;0;0;0;0;2275;0;0;89;0;80;0;
20720;3516855;1018236928;24260608;1118597120;0;0;0;0;0;0;0;0;0;0;0;2835;0;0;89;0;80;0;
20721;4878058;1018236928;24260608;1118597120;0;0;0;0;0;0;0;0;0;0;0;2224;0;0;89;0;80;0;
20722;3438649;1018236928;24260608;1118597120;0;0;0;0;0;0;0;0;0;0;0;3216;0;0;89;0;80;0;
20723;5929801;1018236928;24260608;1118597120;0;0;0;0;0;0;0;0;0;0;0;2575;0;0;89;0;80;0;
20724;3619257;1018236928;24260608;1118597120;0;0;0;0;0;0;0;0;0;0;0;3276;0;0;89;0;80;0;
20725;5679561;1018236928;24260608;1118597120;0;0;0;0;0;0;0;0;0;0;0;2505;0;0;89;0;80;0;
20726;4272522;1018236928;24260608;1118597120;0;0;0;0;0;0;0;0;0;0;0;2916;0;0;89;0;80;0;
20727;5677417;1018236928;24260608;1118597120;0;0;0;0;0;0;0;0;0;0;0;2655;0;0;89;0;80;0;
20728;3775019;1018236928;24260608;1118597120;0;0;0;0;0;0;0;0;0;0;0;3517;0;0;89;0;80;0;
20729;6210828;1018236928;24260608;1118597120;0;0;0;0;0;0;0;0;0;0;0;3536;0;0;89;0;80;0;
20730;5047556;1018236928;24260608;1118597120;0;0;0;0;0;0;0;0;0;0;0;4218;0;0;89;0;80;0;
20731;6894911;1018236928;24260608;1118597120;0;0;0;0;0;0;0;0;0;0;0;3346;0;0;89;0;80;0;
20732;10314383;1018236928;24260608;1118597120;0;0;0;0;0;0;0;0;0;0;0;3456;0;0;89;0;80;0;
20733;6205648;1018236928;24260608;1118597120;0;0;0;0;0;0;0;0;0;0;0;3687;0;0;89;0;80;0;
20734;5121324;1018236928;24260608;1118597120;0;0;0;0;0;0;0;0;0;0;0;4008;0;0;89;0;80;0;
20735;6293563;1018236928;24260608;1118597120;0;0;0;0;0;0;0;0;0;0;0;3136;0;0;89;0;80;0;
20736;7111286;1018236928;24260608;1118597120;0;0;0;0;0;0;0;0;0;0;0;3897;0;0;89;0;80;0;
20737;6167055;1018236928;24260608;1118597120;0;0;0;0;0;0;0;0;0;0;0;3577;0;0;89;0;80;0;
20738;5768789;1018236928;24260608;1118597120;0;0;0;0;0;0;0;0;0;0;0;4198;0;0;89;0;80;0;
20739;7341257;1018236928;24260608;1118597120;0;0;0;0;0;0;0;0;0;0;0;3757;0;0;89;0;80;0;
20740;5289620;1018236928;24260608;1118597120;0;0;0;0;0;0;0;0;0;0;0;3928;0;0;89;0;80;0;
20741;7542835;1018236928;24260608;1118597120;0;0;0;0;0;0;0;0;0;0;0;3387;0;0;89;0;80;0;
20742;5427639;1018236928;24260608;1118597120;0;0;0;0;0;0;0;0;0;0;0;3656;0;0;89;0;80;0;
20743;6840208;1018236928;24260608;1118597120;0;0;0;0;0;0;0;0;0;0;0;3125;0;0;89;0;80;0;
20744;7143667;1018236928;24260608;1118597120;0;0;0;0;0;0;0;0;0;0;0;3637;0;0;89;0;80;0;
20745;7854239;1018236928;24260608;1118597120;0;0;0;0;0;0;0;0;0;0;0;4639;0;0;89;0;80;0;
20746;5573392;1018236928;24260608;1118597120;0;0;0;0;0;0;0;0;0;0;0;2965;0;0;89;0;80;0;
20747;5857405;1018236928;24260608;1118597120;0;0;0;0;0;0;0;0;0;0;0;2375;0;0;89;0;80;0;
20748;4538532;1018236928;24260608;1118597120;0;0;0;0;0;0;0;0;0;0;0;3827;0;0;89;0;80;0;
20749;4839376;1018236928;24260608;1118597120;0;0;0;0;0;0;0;0;0;0;0;2034;0;0;89;0;80;0;
20750;4024838;1018236928;24260608;1118597120;0;0;0;0;0;0;0;0;0;0;0;3446;0;0;89;0;80;0;
20751;7044451;1018236928;24260608;1118597120;0;0;0;0;0;0;0;0;0;0;0;2505;0;0;89;0;80;0;
20752;4271461;1018236928;24260608;1118597120;0;0;0;0;0;0;0;0;0;0;0;3617;0;0;89;0;80;0;
20753;5406248;1018236928;24260608;1118597120;0;0;0;0;0;0;0;0;0;0;0;3256;0;0;89;0;80;0;
20754;4626577;1018236928;24260608;1118597120;0;0;0;0;0;0;0;0;0;0;0;3747;0;0;89;0;80;0;
20755;7770152;1018236928;24260608;1118597120;0;0;0;0;0;0;0;0;0;0;0;3807;0;0;89;0;80;0;
20756;5171047;1018236928;24260608;1118597120;0;0;0;0;0;0;0;0;0;0;0;3887;0;0;89;0;80;0;
20757;5161439;1018236928;24260608;1118597120;0;0;0;0;0;0;0;0;0;0;0;4008;0;0;89;0;80;0;
20758;5517948;1018236928;24260608;1118597120;0;0;0;0;0;0;0;0;0;0;0;3807;0;0;89;0;80;0;
20759;5721820;1018236928;24260608;1118597120;0;0;0;0;0;0;0;0;0;0;0;3767;0;0;89;0;80;0;
20760;5809946;1018236928;24260608;1118597120;0;0;0;0;0;0;0;0;0;0;0;3848;0;0;89;0;80;0;
20761;5440924;1018236928;24260608;1118597120;0;0;0;0;0;0;0;0;0;0;0;2866;0;0;89;0;80;0;
20762;6049646;1018236928;24260608;1118597120;0;0;0;0;0;0;0;0;0;0;0;4047;0;0;89;0;80;0;
20763;4735211;1018236928;24260608;1118597120;0;0;0;0;0;0;0;0;0;0;0;2906;0;0;89;0;80;0;
20764;7067825;1018236928;24260608;1118597120;0;0;0;0;0;0;0;0;0;0;0;3987;0;0;89;0;80;0;
20765;5132505;1018236928;24260608;1118597120;0;0;0;0;0;0;0;0;0;0;0;2915;0;0;89;0;80;0;
20766;4460094;1018236928;24260608;1118597120;0;0;0;0;0;0;0;0;0;0;0;4879;0;0;89;0;80;0;
20767;5833600;1018236928;24260608;1118597120;0;0;0;0;0;0;0;0;0;0;0;2955;0;0;89;0;80;0;
20768;5322882;1018236928;24260608;1118597120;0;0;0;0;0;0;0;0;0;0;0;4138;0;0;89;0;80;0;
20769;5498151;1018236928;24260608;1118597120;0;0;0;0;0;0;0;0;0;0;0;3176;0;0;89;0;80;0;
20770;5497811;1018236928;24260608;1118597120;0;0;0;0;0;0;0;0;0;0;0;4428;0;0;89;0;80;0;
20771;5793264;1018236928;24260608;1118597120;0;0;0;0;0;0;0;0;0;0;0;3526;0;0;89;0;80;0;
20772;4985620;1018236928;24260608;1118597120;0;0;0;0;0;0;0;0;0;0;0;4549;0;0;89;0;80;0;
20773;6449756;1018236928;24260608;1118597120;0;0;0;0;0;0;0;0;0;0;0;3397;0;0;89;0;80;0;
20774;4494079;1018236928;24260608;1118597120;0;0;0;0;0;0;0;0;0;0;0;4167;0;0;89;0;80;0;
20775;6821784;1018236928;24260608;1118597120;0;0;0;0;0;0;0;0;0;0;0;4218;0;0;89;0;80;0;
20776;5892250;1018236928;24260608;1118597120;0;0;0;0;0;0;0;0;0;0;0;4108;0;0;89;0;80;0;
20777;6717869;1018236928;24260608;1118597120;0;0;0;0;0;0;0;0;0;0;0;3666;0;0;89;0;80;0;
20778;3169384;1018236928;24260608;1118597120;0;0;0;0;0;0;0;0;0;0;0;3917;0;0;89;0;80;0;
20779;6230535;1018236928;24260608;1118597120;0;0;0;0;0;0;0;0;0;0;0;3006;0;0;89;0;80;0;
20780;3413712;1018236928;24260608;1118597120;0;0;0;0;0;0;0;0;0;0;0;2976;0;0;89;0;80;0;
20781;4813637;1018236928;24260608;1118597120;0;0;0;0;0;0;0;0;0;0;0;2474;0;0;89;0;80;0;
20782;4134784;1018236928;24260608;1118597120;0;0;0;0;0;0;0;0;0;0;0;4268;0;0;89;0;80;0;
20783;5274572;1018236928;24260608;1118597120;0;0;0;0;0;0;0;0;0;0;0;3416;0;0;89;0;80;0;
20784;3823831;1018236928;24260608;1118597120;0;0;0;0;0;0;0;0;0;0;0;4548;0;0;89;0;80;0;
20785;5976629;1018236928;24260608;1118597120;0;0;0;0;0;0;0;0;0;0;0;3437;0;0;89;0;80;0;
20786;4507474;1018236928;24260608;1118597120;0;0;0;0;0;0;0;0;0;0;0;3456;0;0;89;0;80;0;
20787;5296674;1018236928;24260608;1118597120;0;0;0;0;0;0;0;0;0;0;0;2534;0;0;89;0;80;0;
20788;3895305;1018236928;24260608;1118597120;0;0;0;0;0;0;0;0;0;0;0;3547;0;0;89;0;80;0;
20789;5316841;1018236928;24260608;1118597120;0;0;0;0;0;0;0;0;0;0;0;2354;0;0;89;0;80;0;
20790;6967326;1018236928;24260608;1118597120;0;0;0;0;0;0;0;0;0;0;0;3657;0;0;89;0;80;0;
20791;5821267;1018236928;24260608;1118597120;0;0;0;0;0;0;0;0;0;0;0;3657;0;0;89;0;80;0;
20792;4212941;1018236928;24260608;1118597120;0;0;0;0;0;0;0;0;0;0;0;4418;0;0;89;0;80;0;
20793;7270515;1018236928;24260608;1118597120;0;0;0;0;0;0;0;0;0;0;0;2875;0;0;89;0;80;0;
20794;4248588;1018236928;24260608;1118597120;0;0;0;0;0;0;0;0;0;0;0;3407;0;0;89;0;80;0;
20795;5552022;1018236928;24260608;1118597120;0;0;0;0;0;0;0;0;0;0;0;3807;0;0;89;0;80;0;
20796;4017074;1018236928;24260608;1118597120;0;0;0;0;0;0;0;0;0;0;0;4228;0;0;89;0;80;0;
20797;5215651;1018236928;24260608;1118597120;0;0;0;0;0;0;0;0;0;0;0;2855;0;0;89;0;80;0;
20798;4907163;1018236928;24260608;1118597120;0;0;0;0;0;0;0;0;0;0;0;3998;0;0;89;0;80;0;
20799;7145150;1018236928;24268800;1118605312;0;0;0;0;0;0;0;0;0;0;0;3897;0;0;89;0;80;0;
20800;3432087;1018236928;24268800;1118605312;0;0;0;0;0;0;0;0;0;0;0;3336;0;0;89;0;80;0;
20801;5715669;1018236928;24268800;1118605312;0;0;0;0;0;0;0;0;0;0;0;4148;0;0;89;0;80;0;
20802;4690166;1018236928;24268800;1118605312;0;0;0;0;0;0;0;0;0;0;0;3387;0;0;89;0;80;0;
20803;5996485;1018236928;24268800;1118605312;0;0;0;0;0;0;0;0;0;0;0;4208;0;0;89;0;80;0;
20804;3832919;1018236928;24268800;1118605312;0;0;0;0;0;0;0;0;0;0;0;4067;0;0;89;0;80;0;
20805;5306712;1018236928;24268800;1118605312;0;0;0;0;0;0;0;0;0;0;0;3988;0;0;89;0;80;0;
20806;4749958;1018322944;24260608;1118597120;0;0;0;0;0;0;0;0;0;0;0;3988;0;0;89;0;80;0;
20807;5503011;1018322944;24260608;1118597120;0;0;0;0;0;0;0;0;0;0;0;4118;0;0;89;0;80;0;
20808;4625745;1018322944;24260608;1118597120;0;0;0;0;0;0;0;0;0;0;0;4248;0;0;89;0;80;0;
20809;5613497;1018322944;24260608;1118597120;0;0;0;0;0;0;0;0;0;0;0;4197;0;0;89;0;80;0;
20810;3978632;1018322944;24260608;1118597120;0;0;0;0;0;0;0;0;0;0;0;3536;0;0;89;0;80;0;
20811;5262809;1018322944;24260608;1118597120;0;0;0;0;0;0;0;0;0;0;0;2885;0;0;89;0;80;0;
20812;5300139;1018322944;24260608;1118597120;0;0;0;0;0;0;0;0;0;0;0;4098;0;0;89;0;80;0;
20813;6807647;1018322944;24260608;1118597120;0;0;0;0;0;0;0;0;0;0;0;4008;0;0;89;0;80;0;
20814;5395549;1018322944;24260608;1118597120;0;0;0;0;0;0;0;0;0;0;0;3657;0;0;89;0;80;0;
20815;5710991;1018322944;24260608;1118597120;0;0;0;0;0;0;0;0;0;0;0;4339;0;0;89;0;80;0;
20816;3750373;1018322944;24260608;1118597120;0;0;0;0;0;0;0;0;0;0;0;3457;0;0;89;0;80;0;
20817;5060119;1018322944;24260608;1118597120;0;0;0;0;0;0;0;0;0;0;0;3005;0;0;89;0;80;0;
20818;4567386;1018322944;24260608;1118597120;0;0;0;0;0;0;0;0;0;0;0;3847;0;0;89;0;80;0;
20819;4877567;1018322944;24260608;1118597120;0;0;0;0;0;0;0;0;0;0;0;2815;0;0;89;0;80;0;
20820;3135540;1018322944;24260608;1118597120;0;0;0;0;0;0;0;0;0;0;0;3186;0;0;89;0;80;0;
20821;5081038;1018322944;24260608;1118597120;0;0;0;0;0;0;0;0;0;0;0;2875;0;0;89;0;80;0;
20822;3055641;1018322944;24260608;1118597120;0;0;0;0;0;0;0;0;0;0;0;2935;0;0;89;0;80;0;
20823;4757973;1018322944;24260608;1118597120;0;0;0;0;0;0;0;0;0;0;0;2986;0;0;89;0;80;0;
20824;3574643;1018322944;24260608;1118597120;0;0;0;0;0;0;0;0;0;0;0;4358;0;0;89;0;80;0;
20825;4708651;1018322944;24260608;1118597120;0;0;0;0;0;0;0;0;0;0;0;2525;0;0;89;0;80;0;
20826;4709983;1018322944;24260608;1118597120;0;0;0;0;0;0;0;0;0;0;0;4128;0;0;89;0;80;0;
20827;4958719;1018322944;24260608;1118597120;0;0;0;0;0;0;0;0;0;0;0;2905;0;0;89;0;80;0;
20828;4480583;1018322944;24260608;1118597120;0;0;0;0;0;0;0;0;0;0;0;4548;0;0;89;0;80;0;
20829;5441024;1018322944;24260608;1118597120;0;0;0;0;0;0;0;0;0;0;0;4037;0;0;89;0;80;0;
20830;4229633;1018322944;24260608;1118597120;0;0;0;0;0;0;0;0;0;0;0;4228;0;0;89;0;80;0;
20831;6535186;1018322944;24260608;1118597120;0;0;0;0;0;0;0;0;0;0;0;3146;0;0;89;0;80;0;
20832;4523764;1018322944;24260608;1118597120;0;0;0;0;0;0;0;0;0;0;0;4208;0;0;89;0;80;0;
20833;6764587;1018322944;24260608;1118597120;0;0;0;0;0;0;0;0;0;0;0;3547;0;0;89;0;80;0;
20834;3649865;1018322944;24260608;1118597120;0;0;0;0;0;0;0;0;0;0;0;3677;0;0;89;0;80;0;
20835;9414316;1018322944;24260608;1118597120;0;0;0;0;0;0;0;0;0;0;0;4298;0;0;89;0;80;0;
20836;11095147;1018322944;24260608;1118597120;0;0;0;0;0;0;0;0;0;0;0;6162;0;0;89;0;80;0;
20837;5511225;1018322944;24260608;1118597120;0;0;0;0;0;0;0;0;0;0;0;3116;0;0;89;0;80;0;
20838;4635844;1018322944;24260608;1118597120;0;0;0;0;0;0;0;0;0;0;0;4138;0;0;89;0;80;0;
20839;5799005;1018322944;24260608;1118597120;0;0;0;0;0;0;0;0;0;0;0;4979;0;0;89;0;80;0;
20840;3890235;1018322944;24260608;1118597120;0;0;0;0;0;0;0;0;0;0;0;3607;0;0;89;0;80;0;
20841;5486659;1018322944;24260608;1118597120;0;0;0;0;0;0;0;0;0;0;0;3486;0;0;89;0;80;0;
20842;4129765;1018322944;24260608;1118597120;0;0;0;0;0;0;0;0;0;0;0;3747;0;0;89;0;80;0;
20843;5257410;1018322944;24260608;1118597120;0;0;0;0;0;0;0;0;0;0;0;3246;0;0;89;0;80;0;
20844;5193429;1018322944;24260608;1118597120;0;0;0;0;0;0;0;0;0;0;0;3587;0;0;89;0;80;0;
20845;4738316;1018322944;24260608;1118597120;0;0;0;0;0;0;0;0;0;0;0;2424;0;0;89;0;80;0;
20846;4641103;1018322944;24260608;1118597120;0;0;0;0;0;0;0;0;0;0;0;3346;0;0;89;0;80;0;
20847;5622294;1018322944;24260608;1118597120;0;0;0;0;0;0;0;0;0;0;0;3487;0;0;89;0;80;0;
20848;4611849;1018322944;24260608;1118597120;0;0;0;0;0;0;0;0;0;0;0;3566;0;0;89;0;80;0;
20849;5081299;1018322944;24260608;1118597120;0;0;0;0;0;0;0;0;0;0;0;2836;0;0;89;0;80;0;
20850;5354582;1018322944;24260608;1118597120;0;0;0;0;0;0;0;0;0;0;0;3567;0;0;89;0;80;0;
20851;5146101;1018322944;24260608;1118597120;0;0;0;0;0;0;0;0;0;0;0;3176;0;0;89;0;80;0;
20852;4602120;1018322944;24260608;1118597120;0;0;0;0;0;0;0;0;0;0;0;3847;0;0;89;0;80;0;
20853;4655832;1018322944;24260608;1118597120;0;0;0;0;0;0;0;0;0;0;0;2595;0;0;89;0;80;0;
20854;4083147;1018322944;24260608;1118597120;0;0;0;0;0;0;0;0;0;0;0;3095;0;0;89;0;80;0;
20855;5362337;1018322944;24260608;1118597120;0;0;0;0;0;0;0;0;0;0;0;3787;0;0;89;0;80;0;
20856;2522601;1018322944;24260608;1118597120;0;0;0;0;0;0;0;0;0;0;0;3556;0;0;89;0;80;0;
20857;5475188;1018322944;24260608;1118597120;0;0;0;0;0;0;0;0;0;0;0;3026;0;0;89;0;80;0;
20858;3369399;1018322944;24260608;1118597120;0;0;0;0;0;0;0;0;0;0;0;3606;0;0;89;0;80;0;
20859;4639741;1018322944;24260608;1118597120;0;0;0;0;0;0;0;0;0;0;0;2124;0;0;89;0;80;0;
20860;3493812;1018322944;24260608;1118597120;0;0;0;0;0;0;0;0;0;0;0;3997;0;0;89;0;80;0;
20861;4919836;1018322944;24260608;1118597120;0;0;0;0;0;0;0;0;0;0;0;2394;0;0;89;0;80;0;
20862;4135095;1018322944;24260608;1118597120;0;0;0;0;0;0;0;0;0;0;0;3046;0;0;89;0;80;0;
20863;4414198;1018322944;24260608;1118597120;0;0;0;0;0;0;0;0;0;0;0;1893;0;0;89;0;80;0;
20864;3409254;1018322944;24260608;1118597120;0;0;0;0;0;0;0;0;0;0;0;3697;0;0;89;0;80;0;
20865;5613227;1018322944;24260608;1118597120;0;0;0;0;0;0;0;0;0;0;0;3556;0;0;89;0;80;0;
20866;2715062;1018322944;24260608;1118597120;0;0;0;0;0;0;0;0;0;0;0;3798;0;0;89;0;80;0;
20867;5856483;1018322944;24260608;1118597120;0;0;0;0;0;0;0;0;0;0;0;2845;0;0;89;0;80;0;
20868;3031906;1018322944;24260608;1118597120;0;0;0;0;0;0;0;0;0;0;0;3797;0;0;89;0;80;0;
20869;5162672;1018322944;24260608;1118597120;0;0;0;0;0;0;0;0;0;0;0;2755;0;0;89;0;80;0;
20870;3524860;1018322944;24260608;1118597120;0;0;0;0;0;0;0;0;0;0;0;2906;0;0;89;0;80;0;
20871;4778251;1018322944;24260608;1118597120;0;0;0;0;0;0;0;0;0;0;0;2745;0;0;89;0;80;0;
20872;2484188;1018322944;24260608;1118597120;0;0;0;0;0;0;0;0;0;0;0;2545;0;0;89;0;80;0;
20873;4577835;1018322944;24260608;1118597120;0;0;0;0;0;0;0;0;0;0;0;1853;0;0;89;0;80;0;
20874;2627247;1018322944;24260608;1118597120;0;0;0;0;0;0;0;0;0;0;0;2464;0;0;89;0;80;0;
20875;4353003;1018322944;24260608;1118597120;0;0;0;0;0;0;0;0;0;0;0;1904;0;0;89;0;80;0;
20876;2693902;1018322944;24260608;1118597120;0;0;0;0;0;0;0;0;0;0;0;2485;0;0;89;0;80;0;
20877;4291317;1018322944;24260608;1118597120;0;0;0;0;0;0;0;0;0;0;0;1994;0;0;89;0;80;0;
20878;3099883;1018322944;24260608;1118597120;0;0;0;0;0;0;0;0;0;0;0;3307;0;0;89;0;80;0;
20879;4901743;1018322944;24260608;1118597120;0;0;0;0;0;0;0;0;0;0;0;2375;0;0;89;0;80;0;
20880;2483117;1018322944;24260608;1118597120;0;0;0;0;0;0;0;0;0;0;0;2444;0;0;89;0;80;0;
20881;5002341;1018322944;24260608;1118597120;0;0;0;0;0;0;0;0;0;0;0;2134;0;0;89;0;80;0;
20882;3083533;1018322944;24260608;1118597120;0;0;0;0;0;0;0;0;0;0;0;3065;0;0;89;0;80;0;
20883;4614624;1018322944;24260608;1118597120;0;0;0;0;0;0;0;0;0;0;0;2154;0;0;89;0;80;0;
20884;2762351;1018322944;24260608;1118597120;0;0;0;0;0;0;0;0;0;0;0;2745;0;0;89;0;80;0;
20885;4500490;1018322944;24260608;1118597120;0;0;0;0;0;0;0;0;0;0;0;2365;0;0;89;0;80;0;
20886;2501021;1018322944;24260608;1118597120;0;0;0;0;0;0;0;0;0;0;0;2695;0;0;89;0;80;0;
20887;4620355;1018322944;24260608;1118597120;0;0;0;0;0;0;0;0;0;0;0;1833;0;0;89;0;80;0;
20888;2617820;1018322944;24260608;1118597120;0;0;0;0;0;0;0;0;0;0;0;2385;0;0;89;0;80;0;
20889;4510619;1018322944;24260608;1118597120;0;0;0;0;0;0;0;0;0;0;0;2154;0;0;89;0;80;0;
20890;2727896;1018322944;24260608;1118597120;0;0;0;0;0;0;0;0;0;0;0;2925;0;0;89;0;80;0;
20891;4978927;1018322944;24260608;1118597120;0;0;0;0;0;0;0;0;0;0;0;2144;0;0;89;0;80;0;
20892;4089609;1018322944;24260608;1118597120;0;0;0;0;0;0;0;0;0;0;0;3226;0;0;89;0;80;0;
20893;4889209;1018322944;24260608;1118597120;0;0;0;0;0;0;0;0;0;0;0;2244;0;0;89;0;80;0;
20894;3397431;1018322944;24260608;1118597120;0;0;0;0;0;0;0;0;0;0;0;2625;0;0;89;0;80;0;
20895;4317487;1018322944;24260608;1118597120;0;0;0;0;0;0;0;0;0;0;0;2174;0;0;89;0;80;0;
20896;4537940;1018322944;24260608;1118597120;0;0;0;0;0;0;0;0;0;0;0;2855;0;0;89;0;80;0;
20897;5216713;1018322944;24260608;1118597120;0;0;0;0;0;0;0;0;0;0;0;2264;0;0;89;0;80;0;
20898;3230749;1018322944;24260608;1118597120;0;0;0;0;0;0;0;0;0;0;0;3066;0;0;89;0;80;0;
20899;5286845;1018322944;24260608;1118597120;0;0;0;0;0;0;0;0;0;0;0;2625;0;0;89;0;80;0;
20900;3187017;1018322944;24260608;1118597120;0;0;0;0;0;0;0;0;0;0;0;3276;0;0;89;0;80;0;
20901;4739048;1018322944;24260608;1118597120;0;0;0;0;0;0;0;0;0;0;0;2435;0;0;89;0;80;0;
20902;3062273;1018322944;24260608;1118597120;0;0;0;0;0;0;0;0;0;0;0;2946;0;0;89;0;80;0;
20903;4957657;1018322944;24260608;1118597120;0;0;0;0;0;0;0;0;0;0;0;2675;0;0;89;0;80;0;
20904;4244059;1018322944;24260608;1118597120;0;0;0;0;0;0;0;0;0;0;0;3226;0;0;89;0;80;0;
20905;5621032;1018322944;24260608;1118597120;0;0;0;0;0;0;0;0;0;0;0;1954;0;0;89;0;80;0;
20906;2983235;1018322944;24260608;1118597120;0;0;0;0;0;0;0;0;0;0;0;2635;0;0;89;0;80;0;
20907;4770727;1018322944;24260608;1118597120;0;0;0;0;0;0;0;0;0;0;0;2084;0;0;89;0;80;0;
20908;3347127;1018322944;24260608;1118597120;0;0;0;0;0;0;0;0;0;0;0;2494;0;0;89;0;80;0;
20909;4550825;1018322944;24260608;1118597120;0;0;0;0;0;0;0;0;0;0;0;2034;0;0;89;0;80;0;
20910;2577103;1018322944;24260608;1118597120;0;0;0;0;0;0;0;0;0;0;0;2224;0;0;89;0;80;0;
20911;5636320;1018322944;24260608;1118597120;0;0;0;0;0;0;0;0;0;0;0;1754;0;0;89;0;80;0;
20912;3956560;1018322944;24260608;1118597120;0;0;0;0;0;0;0;0;0;0;0;3076;0;0;89;0;80;0;
20913;5136954;1018322944;24260608;1118597120;0;0;0;0;0;0;0;0;0;0;0;2815;0;0;89;0;80;0;
20914;3618365;1018322944;24260608;1118597120;0;0;0;0;0;0;0;0;0;0;0;2915;0;0;89;0;80;0;
20915;5960318;1018322944;24260608;1118597120;0;0;0;0;0;0;0;0;0;0;0;2896;0;0;89;0;80;0;
20916;4100560;1018322944;24260608;1118597120;0;0;0;0;0;0;0;0;0;0;0;4007;0;0;89;0;80;0;
20917;5095856;1018322944;24260608;1118597120;0;0;0;0;0;0;0;0;0;0;0;2375;0;0;89;0;80;0;
20918;3587367;1018322944;24260608;1118597120;0;0;0;0;0;0;0;0;0;0;0;2905;0;0;89;0;80;0;
20919;5261958;1018322944;24260608;1118597120;0;0;0;0;0;0;0;0;0;0;0;2745;0;0;89;0;80;0;
20920;2916700;1018322944;24260608;1118597120;0;0;0;0;0;0;0;0;0;0;0;2515;0;0;89;0;80;0;
20921;4808888;1018322944;24260608;1118597120;0;0;0;0;0;0;0;0;0;0;0;1914;0;0;89;0;80;0;
20922;2434105;1018322944;24260608;1118597120;0;0;0;0;0;0;0;0;0;0;0;2665;0;0;89;0;80;0;
20923;5691634;1018322944;24260608;1118597120;0;0;0;0;0;0;0;0;0;0;0;1643;0;0;89;0;80;0;
20924;2661972;1018322944;24260608;1118597120;0;0;0;0;0;0;0;0;0;0;0;2374;0;0;89;0;80;0;
20925;4973477;1018322944;24260608;1118597120;0;0;0;0;0;0;0;0;0;0;0;1873;0;0;89;0;80;0;
20926;2100188;1018322944;24260608;1118597120;0;0;0;0;0;0;0;0;0;0;0;2214;0;0;89;0;80;0;
20927;5186968;1018322944;24260608;1118597120;0;0;0;0;0;0;0;0;0;0;0;1963;0;0;89;0;80;0;
20928;2417143;1018322944;24260608;1118597120;0;0;0;0;0;0;0;0;0;0;0;2545;0;0;89;0;80;0;
20929;5036555;1018322944;24260608;1118597120;0;0;0;0;0;0;0;0;0;0;0;1733;0;0;89;0;80;0;
20930;2552487;1018322944;24260608;1118597120;0;0;0;0;0;0;0;0;0;0;0;2294;0;0;89;0;80;0;
20931;5491960;1018322944;24260608;1118597120;0;0;0;0;0;0;0;0;0;0;0;1953;0;0;89;0;80;0;
20932;3817249;1018322944;24260608;1118597120;0;0;0;0;0;0;0;0;0;0;0;2204;0;0;89;0;80;0;
20933;4862218;1018322944;24260608;1118597120;0;0;0;0;0;0;0;0;0;0;0;1653;0;0;89;0;80;0;
20934;2166383;1018322944;24260608;1118597120;0;0;0;0;0;0;0;0;0;0;0;2254;0;0;89;0;80;0;
20935;5382153;1018322944;24260608;1118597120;0;0;0;0;0;0;0;0;0;0;0;2334;0;0;89;0;80;0;
20936;3928287;1018322944;24260608;1118597120;0;0;0;0;0;0;0;0;0;0;0;2365;0;0;89;0;80;0;
20937;4651253;1018322944;24260608;1118597120;0;0;0;0;0;0;0;0;0;0;0;2064;0;0;89;0;80;0;
20938;2154931;1018322944;24260608;1118597120;0;0;0;0;0;0;0;0;0;0;0;2505;0;0;89;0;80;0;
20939;4667374;1018322944;24260608;1118597120;0;0;0;0;0;0;0;0;0;0;0;1783;0;0;89;0;80;0;
20940;3979603;1018322944;24260608;1118597120;0;0;0;0;0;0;0;0;0;0;0;2896;0;0;89;0;80;0;
20941;4991771;1018322944;24260608;1118597120;0;0;0;0;0;0;0;0;0;0;0;1954;0;0;89;0;80;0;
20942;3364510;1018322944;24260608;1118597120;0;0;0;0;0;0;0;0;0;0;0;36929;0;0;89;0;80;0;
20943;5323964;1018322944;24260608;1118597120;0;0;0;0;0;0;0;0;0;0;0;2355;0;0;89;0;80;0;
20944;3684420;1018322944;24260608;1118597120;0;0;0;0;0;0;0;0;0;0;0;2605;0;0;89;0;80;0;
20945;4511741;1018322944;24260608;1118597120;0;0;0;0;0;0;0;0;0;0;0;2434;0;0;89;0;80;0;
20946;4180780;1018322944;24260608;1118597120;0;0;0;0;0;0;0;0;0;0;0;3176;0;0;89;0;80;0;
20947;5549908;1018322944;24260608;1118597120;0;0;0;0;0;0;0;0;0;0;0;2775;0;0;89;0;80;0;
20948;4799912;1018322944;24260608;1118597120;0;0;0;0;0;0;0;0;0;0;0;3347;0;0;89;0;80;0;
20949;5485236;1018322944;24260608;1118597120;0;0;0;0;0;0;0;0;0;0;0;3176;0;0;89;0;80;0;
20950;4608423;1018322944;24260608;1118597120;0;0;0;0;0;0;0;0;0;0;0;3908;0;0;89;0;80;0;
20951;5781263;1018322944;24260608;1118597120;0;0;0;0;0;0;0;0;0;0;0;2895;0;0;89;0;80;0;
20952;4284615;1018322944;24260608;1118597120;0;0;0;0;0;0;0;0;0;0;0;3416;0;0;89;0;80;0;
20953;5380420;1018322944;24260608;1118597120;0;0;0;0;0;0;0;0;0;0;0;1984;0;0;89;0;80;0;
20954;3679321;1018322944;24260608;1118597120;0;0;0;0;0;0;0;0;0;0;0;2945;0;0;89;0;80;0;
20955;4611989;1018322944;24260608;1118597120;0;0;0;0;0;0;0;0;0;0;0;2044;0;0;89;0;80;0;
20956;3411077;1018322944;24260608;1118597120;0;0;0;0;0;0;0;0;0;0;0;3667;0;0;89;0;80;0;
20957;5235348;1018322944;24260608;1118597120;0;0;0;0;0;0;0;0;0;0;0;2816;0;0;89;0;80;0;
20958;4426642;1018322944;24260608;1118597120;0;0;0;0;0;0;0;0;0;0;0;2495;0;0;89;0;80;0;
20959;5489475;1018322944;24260608;1118597120;0;0;0;0;0;0;0;0;0;0;0;1643;0;0;89;0;80;0;
20960;3701152;1018322944;24260608;1118597120;0;0;0;0;0;0;0;0;0;0;0;3467;0;0;89;0;80;0;
20961;4801385;1018322944;24260608;1118597120;0;0;0;0;0;0;0;0;0;0;0;2805;0;0;89;0;80;0;
20962;4306446;1018322944;24260608;1118597120;0;0;0;0;0;0;0;0;0;0;0;3035;0;0;89;0;80;0;
20963;4663385;1018322944;24260608;1118597120;0;0;0;0;0;0;0;0;0;0;0;2255;0;0;89;0;80;0;
20964;3501967;1018322944;24260608;1118597120;0;0;0;0;0;0;0;0;0;0;0;3155;0;0;89;0;80;0;
20965;6048804;1018322944;24260608;1118597120;0;0;0;0;0;0;0;0;0;0;0;3186;0;0;89;0;80;0;
20966;4766309;1018322944;24260608;1118597120;0;0;0;0;0;0;0;0;0;0;0;3416;0;0;89;0;80;0;
20967;4852711;1018322944;24260608;1118597120;0;0;0;0;0;0;0;0;0;0;0;1813;0;0;89;0;80;0;
20968;4821953;1018322944;24260608;1118597120;0;0;0;0;0;0;0;0;0;0;0;3086;0;0;89;0;80;0;
20969;6052712;1018322944;24260608;1118597120;0;0;0;0;0;0;0;0;0;0;0;2795;0;0;89;0;80;0;
20970;4604104;1018322944;24260608;1118597120;0;0;0;0;0;0;0;0;0;0;0;2906;0;0;89;0;80;0;
20971;5785540;1018322944;24260608;1118597120;0;0;0;0;0;0;0;0;0;0;0;2454;0;0;89;0;80;0;
20972;4528803;1018322944;24260608;1118597120;0;0;0;0;0;0;0;0;0;0;0;2685;0;0;89;0;80;0;
20973;5792443;1018322944;24260608;1118597120;0;0;0;0;0;0;0;0;0;0;0;2946;0;0;89;0;80;0;
20974;5094444;1018322944;24260608;1118597120;0;0;0;0;0;0;0;0;0;0;0;3026;0;0;89;0;80;0;
20975;5106807;1018322944;24260608;1118597120;0;0;0;0;0;0;0;0;0;0;0;2024;0;0;89;0;80;0;
20976;3068635;1018322944;24260608;1118597120;0;0;0;0;0;0;0;0;0;0;0;3115;0;0;89;0;80;0;
20977;4598875;1018322944;24260608;1118597120;0;0;0;0;0;0;0;0;0;0;0;2044;0;0;89;0;80;0;
20978;3793815;1018322944;24260608;1118597120;0;0;0;0;0;0;0;0;0;0;0;2855;0;0;89;0;80;0;
20979;5121555;1018322944;24260608;1118597120;0;0;0;0;0;0;0;0;0;0;0;2625;0;0;89;0;80;0;
20980;4408007;1018322944;24260608;1118597120;0;0;0;0;0;0;0;0;0;0;0;4258;0;0;89;0;80;0;
20981;6076997;1018322944;24260608;1118597120;0;0;0;0;0;0;0;0;0;0;0;2444;0;0;89;0;80;0;
20982;2666030;1018322944;24260608;1118597120;0;0;0;0;0;0;0;0;0;0;0;2846;0;0;89;0;80;0;
20983;6227860;1018322944;24260608;1118597120;0;0;0;0;0;0;0;0;0;0;0;2294;0;0;89;0;80;0;
20984;3185744;1018322944;24260608;1118597120;0;0;0;0;0;0;0;0;0;0;0;2756;0;0;89;0;80;0;
20985;4521861;1018322944;24260608;1118597120;0;0;0;0;0;0;0;0;0;0;0;1974;0;0;89;0;80;0;
20986;3427979;1018322944;24260608;1118597120;0;0;0;0;0;0;0;0;0;0;0;2976;0;0;89;0;80;0;
20987;4819728;1018322944;24260608;1118597120;0;0;0;0;0;0;0;0;0;0;0;2254;0;0;89;0;80;0;
20988;4223371;1018322944;24260608;1118597120;0;0;0;0;0;0;0;0;0;0;0;3186;0;0;89;0;80;0;
20989;4777500;1018322944;24260608;1118597120;0;0;0;0;0;0;0;0;0;0;0;2825;0;0;89;0;80;0;
20990;5354452;1018322944;24260608;1118597120;0;0;0;0;0;0;0;0;0;0;0;3787;0;0;89;0;80;0;
20991;5051444;1018322944;24260608;1118597120;0;0;0;0;0;0;0;0;0;0;0;2405;0;0;89;0;80;0;
20992;5012330;1018322944;24260608;1118597120;0;0;0;0;0;0;0;0;0;0;0;3687;0;0;89;0;80;0;
20993;4864072;1018322944;24260608;1118597120;0;0;0;0;0;0;0;0;0;0;0;2324;0;0;89;0;80;0;
20994;4174168;1018322944;24260608;1118597120;0;0;0;0;0;0;0;0;0;0;0;3186;0;0;89;0;80;0;
20995;4948731;1018322944;24260608;1118597120;0;0;0;0;0;0;0;0;0;0;0;2826;0;0;89;0;80;0;
20996;4415481;1018322944;24260608;1118597120;0;0;0;0;0;0;0;0;0;0;0;3777;0;0;89;0;80;0;
20997;5762457;1018322944;24260608;1118597120;0;0;0;0;0;0;0;0;0;0;0;2585;0;0;89;0;80;0;
20998;4150624;1018322944;24260608;1118597120;0;0;0;0;0;0;0;0;0;0;0;3466;0;0;89;0;80;0;
20999;5499223;1018322944;24260608;1118597120;0;0;0;0;0;0;0;0;0;0;0;2535;0;0;89;0;80;0;
21000;5008734;1018322944;24260608;1118597120;0;0;0;0;0;0;0;0;0;0;0;3727;0;0;89;0;80;0;
21001;5410697;1018322944;24260608;1118597120;0;0;0;0;0;0;0;0;0;0;0;2795;0;0;89;0;80;0;
21002;4320813;1018322944;24260608;1118597120;0;0;0;0;0;0;0;0;0;0;0;3036;0;0;89;0;80;0;
21003;4785935;1018322944;24260608;1118597120;0;0;0;0;0;0;0;0;0;0;0;2705;0;0;89;0;80;0;
21004;4910870;1018322944;24260608;1118597120;0;0;0;0;0;0;0;0;0;0;0;11372;0;0;89;0;80;0;
21005;4728408;1018322944;24260608;1118597120;0;0;0;0;0;0;0;0;0;0;0;2564;0;0;89;0;80;0;
21006;4501472;1018322944;24260608;1118597120;0;0;0;0;0;0;0;0;0;0;0;3446;0;0;89;0;80;0;
21007;5371974;1018322944;24260608;1118597120;0;0;0;0;0;0;0;0;0;0;0;2515;0;0;89;0;80;0;
21008;4232317;1018322944;24260608;1118597120;0;0;0;0;0;0;0;0;0;0;0;2685;0;0;89;0;80;0;
21009;4951075;1018322944;24260608;1118597120;0;0;0;0;0;0;0;0;0;0;0;2254;0;0;89;0;80;0;
21010;4599536;1018322944;24260608;1118597120;0;0;0;0;0;0;0;0;0;0;0;3246;0;0;89;0;80;0;
21011;5114191;1018322944;24260608;1118597120;0;0;0;0;0;0;0;0;0;0;0;2585;0;0;89;0;80;0;
21012;4601269;1018322944;24260608;1118597120;0;0;0;0;0;0;0;0;0;0;0;3577;0;0;89;0;80;0;
21013;4979408;1018322944;24260608;1118597120;0;0;0;0;0;0;0;0;0;0;0;2815;0;0;89;0;80;0;
21014;4754677;1018322944;24260608;1118597120;0;0;0;0;0;0;0;0;0;0;0;3536;0;0;89;0;80;0;
21015;5104192;1018322944;24260608;1118597120;0;0;0;0;0;0;0;0;0;0;0;2985;0;0;89;0;80;0;
21016;5507178;1018322944;24260608;1118597120;0;0;0;0;0;0;0;0;0;0;0;3667;0;0;89;0;80;0;
21017;4662654;1018322944;24260608;1118597120;0;0;0;0;0;0;0;0;0;0;0;2504;0;0;89;0;80;0;
21018;3822348;1018322944;24260608;1118597120;0;0;0;0;0;0;0;0;0;0;0;3296;0;0;89;0;80;0;
21019;4907594;1018322944;24260608;1118597120;0;0;0;0;0;0;0;0;0;0;0;2665;0;0;89;0;80;0;
21020;3475648;1018322944;24260608;1118597120;0;0;0;0;0;0;0;0;0;0;0;2775;0;0;89;0;80;0;
21021;5463146;1018322944;24260608;1118597120;0;0;0;0;0;0;0;0;0;0;0;3006;0;0;89;0;80;0;
21022;3602216;1018322944;24260608;1118597120;0;0;0;0;0;0;0;0;0;0;0;2785;0;0;89;0;80;0;
21023;5735216;1018322944;24260608;1118597120;0;0;0;0;0;0;0;0;0;0;0;2385;0;0;89;0;80;0;
21024;4176192;1018322944;24260608;1118597120;0;0;0;0;0;0;0;0;0;0;0;2685;0;0;89;0;80;0;
21025;6698963;1018322944;24260608;1118597120;0;0;0;0;0;0;0;0;0;0;0;2374;0;0;89;0;80;0;
21026;3613126;1018322944;24260608;1118597120;0;0;0;0;0;0;0;0;0;0;0;3577;0;0;89;0;80;0;
21027;6777851;1018322944;24260608;1118597120;0;0;0;0;0;0;0;0;0;0;0;2765;0;0;89;0;80;0;
21028;4244280;1018322944;24260608;1118597120;0;0;0;0;0;0;0;0;0;0;0;3096;0;0;89;0;80;0;
21029;5246298;1018322944;24260608;1118597120;0;0;0;0;0;0;0;0;0;0;0;2845;0;0;89;0;80;0;
21030;3595322;1018322944;24260608;1118597120;0;0;0;0;0;0;0;0;0;0;0;2605;0;0;89;0;80;0;
21031;4613231;1018322944;24260608;1118597120;0;0;0;0;0;0;0;0;0;0;0;2014;0;0;89;0;80;0;
21032;3569123;1018322944;24260608;1118597120;0;0;0;0;0;0;0;0;0;0;0;3015;0;0;89;0;80;0;
21033;5608087;1018322944;24260608;1118597120;0;0;0;0;0;0;0;0;0;0;0;2926;0;0;89;0;80;0;
21034;4022183;1018322944;24260608;1118597120;0;0;0;0;0;0;0;0;0;0;0;3156;0;0;89;0;80;0;
21035;5433801;1018322944;24260608;1118597120;0;0;0;0;0;0;0;0;0;0;0;2134;0;0;89;0;80;0;
21036;3460189;1018322944;24260608;1118597120;0;0;0;0;0;0;0;0;0;0;0;3276;0;0;89;0;80;0;
21037;5636570;1018322944;24260608;1118597120;0;0;0;0;0;0;0;0;0;0;0;18585;0;0;89;0;80;0;
21038;3890386;1018322944;24260608;1118597120;0;0;0;0;0;0;0;0;0;0;0;2935;0;0;89;0;80;0;
21039;5010387;1018322944;24260608;1118597120;0;0;0;0;0;0;0;0;0;0;0;2234;0;0;89;0;80;0;
21040;4420660;1018322944;24260608;1118597120;0;0;0;0;0;0;0;0;0;0;0;2976;0;0;89;0;80;0;
21041;4408548;1018322944;24260608;1118597120;0;0;0;0;0;0;0;0;0;0;0;1974;0;0;89;0;80;0;
21042;3533327;1018322944;24260608;1118597120;0;0;0;0;0;0;0;0;0;0;0;3196;0;0;89;0;80;0;
21043;5356415;1018322944;24260608;1118597120;0;0;0;0;0;0;0;0;0;0;0;2655;0;0;89;0;80;0;
21044;3058426;1018322944;24260608;1118597120;0;0;0;0;0;0;0;0;0;0;0;2324;0;0;89;0;80;0;
21045;5646470;1018322944;24260608;1118597120;0;0;0;0;0;0;0;0;0;0;0;2244;0;0;89;0;80;0;
21046;4828395;1018322944;24260608;1118597120;0;0;0;0;0;0;0;0;0;0;0;2595;0;0;89;0;80;0;
21047;5206554;1018322944;24260608;1118597120;0;0;0;0;0;0;0;0;0;0;0;2494;0;0;89;0;80;0;
21048;3277767;1018322944;24260608;1118597120;0;0;0;0;0;0;0;0;0;0;0;2855;0;0;89;0;80;0;
21049;4898727;1018322944;24260608;1118597120;0;0;0;0;0;0;0;0;0;0;0;2184;0;0;89;0;80;0;
21050;3762867;1018322944;24260608;1118597120;0;0;0;0;0;0;0;0;0;0;0;2915;0;0;89;0;80;0;
21051;4744217;1018322944;24260608;1118597120;0;0;0;0;0;0;0;0;0;0;0;2445;0;0;89;0;80;0;
21052;3161169;1018322944;24260608;1118597120;0;0;0;0;0;0;0;0;0;0;0;10700;0;0;89;0;80;0;
21053;6470054;1018322944;24260608;1118597120;0;0;0;0;0;0;0;0;0;0;0;1854;0;0;89;0;80;0;
21054;3940199;1018322944;24260608;1118597120;0;0;0;0;0;0;0;0;0;0;0;2685;0;0;89;0;80;0;
21055;5363278;1018322944;24260608;1118597120;0;0;0;0;0;0;0;0;0;0;0;2114;0;0;89;0;80;0;
21056;3573040;1018322944;24260608;1118597120;0;0;0;0;0;0;0;0;0;0;0;2795;0;0;89;0;80;0;
21057;11322925;1018322944;24260608;1118597120;0;0;0;0;0;0;0;0;0;0;0;2585;0;0;89;0;80;0;
21058;4201108;1018322944;24260608;1118597120;0;0;0;0;0;0;0;0;0;0;0;3727;0;0;89;0;80;0;
21059;6586943;1018322944;24260608;1118597120;0;0;0;0;0;0;0;0;0;0;0;3176;0;0;89;0;80;0;
21060;5040403;1018322944;24260608;1118597120;0;0;0;0;0;0;0;0;0;0;0;3646;0;0;89;0;80;0;
21061;5458607;1018322944;24260608;1118597120;0;0;0;0;0;0;0;0;0;0;0;3006;0;0;89;0;80;0;
21062;5463306;1018322944;24260608;1118597120;0;0;0;0;0;0;0;0;0;0;0;3416;0;0;89;0;80;0;
21063;5829602;1018322944;24260608;1118597120;0;0;0;0;0;0;0;0;0;0;0;2605;0;0;89;0;80;0;
21064;3971277;1018322944;24260608;1118597120;0;0;0;0;0;0;0;0;0;0;0;3447;0;0;89;0;80;0;
21065;5162281;1018322944;24260608;1118597120;0;0;0;0;0;0;0;0;0;0;0;3076;0;0;89;0;80;0;
21066;5566089;1018322944;24260608;1118597120;0;0;0;0;0;0;0;0;0;0;0;3867;0;0;89;0;80;0;
21067;5035263;1018322944;24260608;1118597120;0;0;0;0;0;0;0;0;0;0;0;3026;0;0;89;0;80;0;
21068;4171223;1018322944;24260608;1118597120;0;0;0;0;0;0;0;0;0;0;0;2755;0;0;89;0;80;0;
21069;6006134;1018322944;24260608;1118597120;0;0;0;0;0;0;0;0;0;0;0;3086;0;0;89;0;80;0;
21070;4981672;1018322944;24260608;1118597120;0;0;0;0;0;0;0;0;0;0;0;3426;0;0;89;0;80;0;
21071;5458797;1018322944;24260608;1118597120;0;0;0;0;0;0;0;0;0;0;0;2615;0;0;89;0;80;0;
21072;5475629;1018322944;24260608;1118597120;0;0;0;0;0;0;0;0;0;0;0;3436;0;0;89;0;80;0;
21073;5631130;1018322944;24260608;1118597120;0;0;0;0;0;0;0;0;0;0;0;2545;0;0;89;0;80;0;
21074;4843073;1018322944;24260608;1118597120;0;0;0;0;0;0;0;0;0;0;0;3075;0;0;89;0;80;0;
21075;4865745;1018322944;24260608;1118597120;0;0;0;0;0;0;0;0;0;0;0;2474;0;0;89;0;80;0;
21076;4793771;1018322944;24260608;1118597120;0;0;0;0;0;0;0;0;0;0;0;4769;0;0;89;0;80;0;
21077;6576203;1018322944;24260608;1118597120;0;0;0;0;0;0;0;0;0;0;0;3967;0;0;89;0;80;0;
21078;5765783;1018322944;24260608;1118597120;0;0;0;0;0;0;0;0;0;0;0;3807;0;0;89;0;80;0;
21079;5618457;1018322944;24260608;1118597120;0;0;0;0;0;0;0;0;0;0;0;3266;0;0;89;0;80;0;
21080;4944634;1018322944;24260608;1118597120;0;0;0;0;0;0;0;0;0;0;0;3216;0;0;89;0;80;0;
21081;6025149;1018322944;24260608;1118597120;0;0;0;0;0;0;0;0;0;0;0;3136;0;0;89;0;80;0;
21082;4531108;1018322944;24260608;1118597120;0;0;0;0;0;0;0;0;0;0;0;4238;0;0;89;0;80;0;
21083;6602913;1018322944;24260608;1118597120;0;0;0;0;0;0;0;0;0;0;0;3357;0;0;89;0;80;0;
21084;7726851;1018322944;24260608;1118597120;0;0;0;0;0;0;0;0;0;0;0;4568;0;0;89;0;80;0;
21085;6287302;1018322944;24260608;1118597120;0;0;0;0;0;0;0;0;0;0;0;3386;0;0;89;0;80;0;
21086;5445352;1018322944;24260608;1118597120;0;0;0;0;0;0;0;0;0;0;0;4128;0;0;89;0;80;0;
21087;5952764;1018322944;24260608;1118597120;0;0;0;0;0;0;0;0;0;0;0;3036;0;0;89;0;80;0;
21088;4599947;1018322944;24260608;1118597120;0;0;0;0;0;0;0;0;0;0;0;4058;0;0;89;0;80;0;
21089;7045202;1018322944;24260608;1118597120;0;0;0;0;0;0;0;0;0;0;0;3937;0;0;89;0;80;0;
21090;7479387;1018322944;24260608;1118597120;0;0;0;0;0;0;0;0;0;0;0;4599;0;0;89;0;80;0;
21091;6070144;1018322944;24260608;1118597120;0;0;0;0;0;0;0;0;0;0;0;3456;0;0;89;0;80;0;
21092;6234122;1018322944;24260608;1118597120;0;0;0;0;0;0;0;0;0;0;0;3096;0;0;89;0;80;0;
21093;5920833;1018322944;24260608;1118597120;0;0;0;0;0;0;0;0;0;0;0;2765;0;0;89;0;80;0;
21094;4674847;1018322944;24260608;1118597120;0;0;0;0;0;0;0;0;0;0;0;2946;0;0;89;0;80;0;
21095;7315129;1018322944;24260608;1118597120;0;0;0;0;0;0;0;0;0;0;0;6502;0;0;89;0;80;0;
21096;5171319;1018322944;24260608;1118597120;0;0;0;0;0;0;0;0;0;0;0;4238;0;0;89;0;80;0;
21097;6301228;1018322944;24260608;1118597120;0;0;0;0;0;0;0;0;0;0;0;3246;0;0;89;0;80;0;
21098;5516505;1018322944;24260608;1118597120;0;0;0;0;0;0;0;0;0;0;0;3026;0;0;89;0;80;0;
21099;6427354;1018322944;24260608;1118597120;0;0;0;0;0;0;0;0;0;0;0;3056;0;0;89;0;80;0;
21100;7194022;1018322944;24260608;1118597120;0;0;0;0;0;0;0;0;0;0;0;3657;0;0;89;0;80;0;
21101;5203569;1018322944;24260608;1118597120;0;0;0;0;0;0;0;0;0;0;0;2655;0;0;89;0;80;0;
21102;4676179;1018322944;24260608;1118597120;0;0;0;0;0;0;0;0;0;0;0;3116;0;0;89;0;80;0;
21103;6625886;1018322944;24260608;1118597120;0;0;0;0;0;0;0;0;0;0;0;2926;0;0;89;0;80;0;
21104;5645187;1018322944;24260608;1118597120;0;0;0;0;0;0;0;0;0;0;0;3336;0;0;89;0;80;0;
21105;5219689;1018322944;24260608;1118597120;0;0;0;0;0;0;0;0;0;0;0;3056;0;0;89;0;80;0;
21106;6627359;1018322944;24260608;1118597120;0;0;0;0;0;0;0;0;0;0;0;3807;0;0;89;0;80;0;
21107;6966474;1018322944;24260608;1118597120;0;0;0;0;0;0;0;0;0;0;0;3376;0;0;89;0;80;0;
21108;6714372;1018322944;24260608;1118597120;0;0;0;0;0;0;0;0;0;0;0;4518;0;0;89;0;80;0;
21109;7255127;1018322944;24260608;1118597120;0;0;0;0;0;0;0;0;0;0;0;3046;0;0;89;0;80;0;
21110;6545445;1018322944;24260608;1118597120;0;0;0;0;0;0;0;0;0;0;0;4278;0;0;89;0;80;0;
21111;7072484;1018322944;24260608;1118597120;0;0;0;0;0;0;0;0;0;0;0;3156;0;0;89;0;80;0;
21112;5505014;1018322944;24260608;1118597120;0;0;0;0;0;0;0;0;0;0;0;3657;0;0;89;0;80;0;
21113;7611995;1018322944;24260608;1118597120;0;0;0;0;0;0;0;0;0;0;0;3436;0;0;89;0;80;0;
21114;7421167;1018322944;24260608;1118597120;0;0;0;0;0;0;0;0;0;0;0;4468;0;0;89;0;80;0;
21115;8058673;1018322944;24260608;1118597120;0;0;0;0;0;0;0;0;0;0;0;3707;0;0;89;0;80;0;
21116;7247562;1018322944;24260608;1118597120;0;0;0;0;0;0;0;0;0;0;0;4058;0;0;89;0;80;0;
21117;7396281;1018322944;24260608;1118597120;0;0;0;0;0;0;0;0;0;0;0;3467;0;0;89;0;80;0;
21118;6067358;1018322944;24260608;1118597120;0;0;0;0;0;0;0;0;0;0;0;3026;0;0;89;0;80;0;
21119;6312237;1018322944;24260608;1118597120;0;0;0;0;0;0;0;0;0;0;0;3456;0;0;89;0;80;0;
21120;6508596;1018322944;24260608;1118597120;0;0;0;0;0;0;0;0;0;0;0;4308;0;0;89;0;80;0;
21121;7398145;1018322944;24260608;1118597120;0;0;0;0;0;0;0;0;0;0;0;3126;0;0;89;0;80;0;
21122;6711256;1018322944;24260608;1118597120;0;0;0;0;0;0;0;0;0;0;0;4128;0;0;89;0;80;0;
21123;6431351;1018322944;24260608;1118597120;0;0;0;0;0;0;0;0;0;0;0;3557;0;0;89;0;80;0;
21124;7699910;1018322944;24260608;1118597120;0;0;0;0;0;0;0;0;0;0;0;4358;0;0;89;0;80;0;
21125;7673581;1018322944;24260608;1118597120;0;0;0;0;0;0;0;0;0;0;0;4118;0;0;89;0;80;0;
21126;7869859;1018322944;24260608;1118597120;0;0;0;0;0;0;0;0;0;0;0;3727;0;0;89;0;80;0;
21127;6088509;1018322944;24260608;1118597120;0;0;0;0;0;0;0;0;0;0;0;3657;0;0;89;0;80;0;
21128;5749973;1018322944;24260608;1118597120;0;0;0;0;0;0;0;0;0;0;0;4268;0;0;89;0;80;0;
21129;6143872;1018322944;24260608;1118597120;0;0;0;0;0;0;0;0;0;0;0;3567;0;0;89;0;80;0;
21130;6688964;1018322944;24260608;1118597120;0;0;0;0;0;0;0;0;0;0;0;3927;0;0;89;0;80;0;
21131;5675413;1018322944;24260608;1118597120;0;0;0;0;0;0;0;0;0;0;0;3767;0;0;89;0;80;0;
21132;5340205;1018322944;24260608;1118597120;0;0;0;0;0;0;0;0;0;0;0;3827;0;0;89;0;80;0;
21133;6282001;1018322944;24260608;1118597120;0;0;0;0;0;0;0;0;0;0;0;3266;0;0;89;0;80;0;
21134;5969274;1018322944;24260608;1118597120;0;0;0;0;0;0;0;0;0;0;0;3947;0;0;89;0;80;0;
21135;8184960;1018322944;24260608;1118597120;0;0;0;0;0;0;0;0;0;0;0;3577;0;0;89;0;80;0;
21136;5376153;1018322944;24260608;1118597120;0;0;0;0;0;0;0;0;0;0;0;4047;0;0;89;0;80;0;
21137;6957689;1018322944;24260608;1118597120;0;0;0;0;0;0;0;0;0;0;0;3677;0;0;89;0;80;0;
21138;5643254;1018322944;24260608;1118597120;0;0;0;0;0;0;0;0;0;0;0;4469;0;0;89;0;80;0;
21139;9143287;1018322944;24260608;1118597120;0;0;0;0;0;0;0;0;0;0;0;3426;0;0;89;0;80;0;
21140;7224078;1018322944;24260608;1118597120;0;0;0;0;0;0;0;0;0;0;0;4178;0;0;89;0;80;0;
21141;7638074;1018322944;24260608;1118597120;0;0;0;0;0;0;0;0;0;0;0;4138;0;0;89;0;80;0;
21142;9022551;1018322944;24260608;1118597120;0;0;0;0;0;0;0;0;0;0;0;5190;0;0;89;0;80;0;
21143;7106728;1018322944;24260608;1118597120;0;0;0;0;0;0;0;0;0;0;0;3797;0;0;89;0;80;0;
21144;6755830;1018322944;24260608;1118597120;0;0;0;0;0;0;0;0;0;0;0;3907;0;0;89;0;80;0;
21145;8353186;1018322944;24260608;1118597120;0;0;0;0;0;0;0;0;0;0;0;4468;0;0;89;0;80;0;
21146;6375898;1018322944;24260608;1118597120;0;0;0;0;0;0;0;0;0;0;0;4499;0;0;89;0;80;0;
21147;8111092;1018322944;24260608;1118597120;0;0;0;0;0;0;0;0;0;0;0;3927;0;0;89;0;80;0;
21148;7976739;1018322944;24260608;1118597120;0;0;0;0;0;0;0;0;0;0;0;4508;0;0;89;0;80;0;
21149;8047592;1018322944;24260608;1118597120;0;0;0;0;0;0;0;0;0;0;0;4098;0;0;89;0;80;0;
21150;6646796;1018322944;24260608;1118597120;0;0;0;0;0;0;0;0;0;0;0;4007;0;0;89;0;80;0;
21151;6531289;1018322944;24260608;1118597120;0;0;0;0;0;0;0;0;0;0;0;3527;0;0;89;0;80;0;
21152;7470881;1018322944;24260608;1118597120;0;0;0;0;0;0;0;0;0;0;0;4639;0;0;89;0;80;0;
21153;5924400;1018322944;24260608;1118597120;0;0;0;0;0;0;0;0;0;0;0;3176;0;0;89;0;80;0;
21154;7580296;1018322944;24260608;1118597120;0;0;0;0;0;0;0;0;0;0;0;4819;0;0;89;0;80;0;
21155;5940079;1018322944;24260608;1118597120;0;0;0;0;0;0;0;0;0;0;0;3567;0;0;89;0;80;0;
21156;7871602;1018322944;24260608;1118597120;0;0;0;0;0;0;0;0;0;0;0;3857;0;0;89;0;80;0;
21157;6803890;1018322944;24260608;1118597120;0;0;0;0;0;0;0;0;0;0;0;2796;0;0;89;0;80;0;
21158;7695312;1018322944;24260608;1118597120;0;0;0;0;0;0;0;0;0;0;0;3506;0;0;89;0;80;0;
21159;5743822;1018322944;24260608;1118597120;0;0;0;0;0;0;0;0;0;0;0;9037;0;0;89;0;80;0;
21160;5526604;1018322944;24260608;1118597120;0;0;0;0;0;0;0;0;0;0;0;3947;0;0;89;0;80;0;
21161;5696283;1018322944;24260608;1118597120;0;0;0;0;0;0;0;0;0;0;0;3186;0;0;89;0;80;0;
21162;8154884;1018322944;24260608;1118597120;0;0;0;0;0;0;0;0;0;0;0;4549;0;0;89;0;80;0;
21163;6084340;1018322944;24260608;1118597120;0;0;0;0;0;0;0;0;0;0;0;3246;0;0;89;0;80;0;
21164;7120443;1018322944;24260608;1118597120;0;0;0;0;0;0;0;0;0;0;0;3626;0;0;89;0;80;0;
21165;5862234;1018322944;24260608;1118597120;0;0;0;0;0;0;0;0;0;0;0;3346;0;0;89;0;80;0;
21166;7357108;1018322944;24260608;1118597120;0;0;0;0;0;0;0;0;0;0;0;4539;0;0;89;0;80;0;
21167;7538818;1018322944;24260608;1118597120;0;0;0;0;0;0;0;0;0;0;0;3848;0;0;89;0;80;0;
21168;5759521;1018322944;24260608;1118597120;0;0;0;0;0;0;0;0;0;0;0;3948;0;0;89;0;80;0;
21169;7337080;1018322944;24260608;1118597120;0;0;0;0;0;0;0;0;0;0;0;3847;0;0;89;0;80;0;
21170;5317642;1018322944;24260608;1118597120;0;0;0;0;0;0;0;0;0;0;0;4168;0;0;89;0;80;0;
21171;7329225;1018322944;24260608;1118597120;0;0;0;0;0;0;0;0;0;0;0;3647;0;0;89;0;80;0;
21172;5766153;1018322944;24260608;1118597120;0;0;0;0;0;0;0;0;0;0;0;3416;0;0;89;0;80;0;
21173;7488002;1018322944;24260608;1118597120;0;0;0;0;0;0;0;0;0;0;0;4128;0;0;89;0;80;0;
21174;4941517;1018322944;24260608;1118597120;0;0;0;0;0;0;0;0;0;0;0;3747;0;0;89;0;80;0;
21175;5874948;1018322944;24260608;1118597120;0;0;0;0;0;0;0;0;0;0;0;3256;0;0;89;0;80;0;
21176;6775297;1018322944;24260608;1118597120;0;0;0;0;0;0;0;0;0;0;0;4338;0;0;89;0;80;0;
21177;8735152;1018322944;24260608;1118597120;0;0;0;0;0;0;0;0;0;0;0;3898;0;0;89;0;80;0;
21178;7361946;1018322944;24260608;1118597120;0;0;0;0;0;0;0;0;0;0;0;3997;0;0;89;0;80;0;
21179;8482307;1018322944;24260608;1118597120;0;0;0;0;0;0;0;0;0;0;0;3917;0;0;89;0;80;0;
21180;5886098;1018322944;24260608;1118597120;0;0;0;0;0;0;0;0;0;0;0;4839;0;0;89;0;80;0;
21181;7294109;1018322944;24260608;1118597120;0;0;0;0;0;0;0;0;0;0;0;4328;0;0;89;0;80;0;
21182;4948491;1018322944;24260608;1118597120;0;0;0;0;0;0;0;0;0;0;0;4007;0;0;89;0;80;0;
21183;6556896;1018322944;24260608;1118597120;0;0;0;0;0;0;0;0;0;0;0;4048;0;0;89;0;80;0;
21184;4952578;1018322944;24260608;1118597120;0;0;0;0;0;0;0;0;0;0;0;4399;0;0;89;0;80;0;
21185;5268391;1018322944;24260608;1118597120;0;0;0;0;0;0;0;0;0;0;0;3276;0;0;89;0;80;0;
21186;5248112;1018322944;24260608;1118597120;0;0;0;0;0;0;0;0;0;0;0;4639;0;0;89;0;80;0;
21187;7098202;1018322944;24260608;1118597120;0;0;0;0;0;0;0;0;0;0;0;3717;0;0;89;0;80;0;
21188;6563529;1018322944;24260608;1118597120;0;0;0;0;0;0;0;0;0;0;0;4008;0;0;89;0;80;0;
21189;6382840;1018322944;24260608;1118597120;0;0;0;0;0;0;0;0;0;0;0;3326;0;0;89;0;80;0;
21190;6004280;1018322944;24260608;1118597120;0;0;0;0;0;0;0;0;0;0;0;4669;0;0;89;0;80;0;
21191;5430384;1018322944;24260608;1118597120;0;0;0;0;0;0;0;0;0;0;0;3156;0;0;89;0;80;0;
21192;5833911;1018322944;24260608;1118597120;0;0;0;0;0;0;0;0;0;0;0;4308;0;0;89;0;80;0;
21193;6650943;1018322944;24260608;1118597120;0;0;0;0;0;0;0;0;0;0;0;5120;0;0;89;0;80;0;
21194;3625719;1018322944;24260608;1118597120;0;0;0;0;0;0;0;0;0;0;0;3817;0;0;89;0;80;0;
21195;5193530;1018322944;24260608;1118597120;0;0;0;0;0;0;0;0;0;0;0;3456;0;0;89;0;80;0;
21196;4445397;1018322944;24260608;1118597120;0;0;0;0;0;0;0;0;0;0;0;4057;0;0;89;0;80;0;
21197;5293437;1018322944;24260608;1118597120;0;0;0;0;0;0;0;0;0;0;0;2875;0;0;89;0;80;0;
21198;4885362;1018322944;24260608;1118597120;0;0;0;0;0;0;0;0;0;0;0;3437;0;0;89;0;80;0;
21199;6832944;1018322944;24260608;1118597120;0;0;0;0;0;0;0;0;0;0;0;3336;0;0;89;0;80;0;
21200;4065825;1018322944;24260608;1118597120;0;0;0;0;0;0;0;0;0;0;0;3706;0;0;89;0;80;0;
21201;5838269;1018322944;24260608;1118597120;0;0;0;0;0;0;0;0;0;0;0;3627;0;0;89;0;80;0;
21202;4795463;1018322944;24260608;1118597120;0;0;0;0;0;0;0;0;0;0;0;3256;0;0;89;0;80;0;
21203;5545230;1018322944;24260608;1118597120;0;0;0;0;0;0;0;0;0;0;0;2776;0;0;89;0;80;0;
21204;4044495;1018322944;24260608;1118597120;0;0;0;0;0;0;0;0;0;0;0;4098;0;0;89;0;80;0;
21205;5429703;1018322944;24260608;1118597120;0;0;0;0;0;0;0;0;0;0;0;3116;0;0;89;0;80;0;
21206;4812305;1018322944;24260608;1118597120;0;0;0;0;0;0;0;0;0;0;0;4769;0;0;89;0;80;0;
21207;5093512;1018322944;24260608;1118597120;0;0;0;0;0;0;0;0;0;0;0;3206;0;0;89;0;80;0;
21208;5577910;1018322944;24260608;1118597120;0;0;0;0;0;0;0;0;0;0;0;3567;0;0;89;0;80;0;
21209;5319145;1018322944;24260608;1118597120;0;0;0;0;0;0;0;0;0;0;0;3286;0;0;89;0;80;0;
21210;4049625;1018322944;24260608;1118597120;0;0;0;0;0;0;0;0;0;0;0;3657;0;0;89;0;80;0;
21211;5151010;1018322944;24260608;1118597120;0;0;0;0;0;0;0;0;0;0;0;3106;0;0;89;0;80;0;
21212;4887426;1018322944;24260608;1118597120;0;0;0;0;0;0;0;0;0;0;0;3397;0;0;89;0;80;0;
21213;4727646;1018322944;24260608;1118597120;0;0;0;0;0;0;0;0;0;0;0;1884;0;0;89;0;80;0;
21214;4666872;1018322944;24260608;1118597120;0;0;0;0;0;0;0;0;0;0;0;3737;0;0;89;0;80;0;
21215;4865765;1018322944;24260608;1118597120;0;0;0;0;0;0;0;0;0;0;0;2454;0;0;89;0;80;0;
21216;3564866;1018322944;24260608;1118597120;0;0;0;0;0;0;0;0;0;0;0;3677;0;0;89;0;80;0;
21217;5049830;1018322944;24260608;1118597120;0;0;0;0;0;0;0;0;0;0;0;2855;0;0;89;0;80;0;
21218;2614854;1018322944;24260608;1118597120;0;0;0;0;0;0;0;0;0;0;0;3126;0;0;89;0;80;0;
21219;11229019;1018322944;24260608;1118597120;0;0;0;0;0;0;0;0;0;0;0;1974;0;0;89;0;80;0;
21220;3279881;1018322944;24260608;1118597120;0;0;0;0;0;0;0;0;0;0;0;3286;0;0;89;0;80;0;
21221;4923473;1018322944;24260608;1118597120;0;0;0;0;0;0;0;0;0;0;0;2755;0;0;89;0;80;0;
21222;3138626;1018322944;24260608;1118597120;0;0;0;0;0;0;0;0;0;0;0;3075;0;0;89;0;80;0;
21223;4826662;1018322944;24260608;1118597120;0;0;0;0;0;0;0;0;0;0;0;2074;0;0;89;0;80;0;
21224;3544116;1018322944;24260608;1118597120;0;0;0;0;0;0;0;0;0;0;0;3587;0;0;89;0;80;0;
21225;4869532;1018322944;24260608;1118597120;0;0;0;0;0;0;0;0;0;0;0;2514;0;0;89;0;80;0;
21226;4075313;1018322944;24260608;1118597120;0;0;0;0;0;0;0;0;0;0;0;3507;0;0;89;0;80;0;
21227;4928362;1018322944;24260608;1118597120;0;0;0;0;0;0;0;0;0;0;0;2665;0;0;89;0;80;0;
21228;3032778;1018322944;24260608;1118597120;0;0;0;0;0;0;0;0;0;0;0;3307;0;0;89;0;80;0;
21229;5375912;1018322944;24260608;1118597120;0;0;0;0;0;0;0;0;0;0;0;2194;0;0;89;0;80;0;
21230;3931553;1018322944;24260608;1118597120;0;0;0;0;0;0;0;0;0;0;0;3336;0;0;89;0;80;0;
21231;4510669;1018322944;24260608;1118597120;0;0;0;0;0;0;0;0;0;0;0;2415;0;0;89;0;80;0;
21232;3412310;1018322944;24260608;1118597120;0;0;0;0;0;0;0;0;0;0;0;3397;0;0;89;0;80;0;
21233;4868551;1018322944;24260608;1118597120;0;0;0;0;0;0;0;0;0;0;0;3286;0;0;89;0;80;0;
21234;4599856;1018322944;24260608;1118597120;0;0;0;0;0;0;0;0;0;0;0;4999;0;0;89;0;80;0;
21235;5057074;1018322944;24260608;1118597120;0;0;0;0;0;0;0;0;0;0;0;2435;0;0;89;0;80;0;
21236;3271365;1018322944;24260608;1118597120;0;0;0;0;0;0;0;0;0;0;0;2956;0;0;89;0;80;0;
21237;4768774;1018322944;24260608;1118597120;0;0;0;0;0;0;0;0;0;0;0;2805;0;0;89;0;80;0;
21238;3924239;1018322944;24260608;1118597120;0;0;0;0;0;0;0;0;0;0;0;2985;0;0;89;0;80;0;
21239;4985059;1018322944;24260608;1118597120;0;0;0;0;0;0;0;0;0;0;0;2585;0;0;89;0;80;0;
21240;3399436;1018322944;24260608;1118597120;0;0;0;0;0;0;0;0;0;0;0;3186;0;0;89;0;80;0;
21241;5362567;1018322944;24260608;1118597120;0;0;0;0;0;0;0;0;0;0;0;2925;0;0;89;0;80;0;
21242;3968433;1018322944;24260608;1118597120;0;0;0;0;0;0;0;0;0;0;0;3316;0;0;89;0;80;0;
21243;4979879;1018322944;24260608;1118597120;0;0;0;0;0;0;0;0;0;0;0;2435;0;0;89;0;80;0;
21244;2724129;1018322944;24260608;1118597120;0;0;0;0;0;0;0;0;0;0;0;4288;0;0;89;0;80;0;
21245;4798519;1018322944;24260608;1118597120;0;0;0;0;0;0;0;0;0;0;0;2705;0;0;89;0;80;0;
21246;3206874;1018322944;24260608;1118597120;0;0;0;0;0;0;0;0;0;0;0;3286;0;0;89;0;80;0;
21247;4557116;1018322944;24260608;1118597120;0;0;0;0;0;0;0;0;0;0;0;2374;0;0;89;0;80;0;
21248;3576157;1018322944;24260608;1118597120;0;0;0;0;0;0;0;0;0;0;0;3216;0;0;89;0;80;0;
21249;4467748;1018322944;24260608;1118597120;0;0;0;0;0;0;0;0;0;0;0;2675;0;0;89;0;80;0;
21250;4877557;1018322944;24260608;1118597120;0;0;0;0;0;0;0;0;0;0;0;3778;0;0;89;0;80;0;
21251;4915869;1018322944;24260608;1118597120;0;0;0;0;0;0;0;0;0;0;0;2946;0;0;89;0;80;0;
21252;4026441;1018322944;24260608;1118597120;0;0;0;0;0;0;0;0;0;0;0;3386;0;0;89;0;80;0;
21253;5203980;1018322944;24260608;1118597120;0;0;0;0;0;0;0;0;0;0;0;2845;0;0;89;0;80;0;
21254;4182664;1018322944;24260608;1118597120;0;0;0;0;0;0;0;0;0;0;0;3206;0;0;89;0;80;0;
21255;5198519;1018322944;24260608;1118597120;0;0;0;0;0;0;0;0;0;0;0;3016;0;0;89;0;80;0;
21256;4272532;1018322944;24260608;1118597120;0;0;0;0;0;0;0;0;0;0;0;3326;0;0;89;0;80;0;
21257;5559136;1018322944;24260608;1118597120;0;0;0;0;0;0;0;0;0;0;0;2365;0;0;89;0;80;0;
21258;3538446;1018322944;24260608;1118597120;0;0;0;0;0;0;0;0;0;0;0;3587;0;0;89;0;80;0;
21259;5208638;1018322944;24260608;1118597120;0;0;0;0;0;0;0;0;0;0;0;2234;0;0;89;0;80;0;
21260;3892189;1018322944;24260608;1118597120;0;0;0;0;0;0;0;0;0;0;0;3386;0;0;89;0;80;0;
21261;5703636;1018322944;24260608;1118597120;0;0;0;0;0;0;0;0;0;0;0;2875;0;0;89;0;80;0;
21262;3010496;1018322944;24260608;1118597120;0;0;0;0;0;0;0;0;0;0;0;3035;0;0;89;0;80;0;
21263;4774464;1018322944;24260608;1118597120;0;0;0;0;0;0;0;0;0;0;0;2454;0;0;89;0;80;0;
21264;4031521;1018322944;24260608;1118597120;0;0;0;0;0;0;0;0;0;0;0;3587;0;0;89;0;80;0;
21265;5205602;1018322944;24260608;1118597120;0;0;0;0;0;0;0;0;0;0;0;2114;0;0;89;0;80;0;
21266;3006268;1018322944;24260608;1118597120;0;0;0;0;0;0;0;0;0;0;0;2595;0;0;89;0;80;0;
21267;5209750;1018322944;24260608;1118597120;0;0;0;0;0;0;0;0;0;0;0;2404;0;0;89;0;80;0;
21268;3406639;1018322944;24260608;1118597120;0;0;0;0;0;0;0;0;0;0;0;2545;0;0;89;0;80;0;
21269;5599522;1018322944;24260608;1118597120;0;0;0;0;0;0;0;0;0;0;0;2585;0;0;89;0;80;0;
21270;3181606;1018322944;24260608;1118597120;0;0;0;0;0;0;0;0;0;0;0;2785;0;0;89;0;80;0;
21271;5282426;1018322944;24260608;1118597120;0;0;0;0;0;0;0;0;0;0;0;2445;0;0;89;0;80;0;
21272;3603418;1018322944;24260608;1118597120;0;0;0;0;0;0;0;0;0;0;0;2785;0;0;89;0;80;0;
21273;4743156;1018322944;24260608;1118597120;0;0;0;0;0;0;0;0;0;0;0;2034;0;0;89;0;80;0;
21274;4638269;1018322944;24260608;1118597120;0;0;0;0;0;0;0;0;0;0;0;3537;0;0;89;0;80;0;
21275;4698401;1018322944;24260608;1118597120;0;0;0;0;0;0;0;0;0;0;0;2665;0;0;89;0;80;0;
21276;3663531;1018322944;24260608;1118597120;0;0;0;0;0;0;0;0;0;0;0;3116;0;0;89;0;80;0;
21277;4678484;1018322944;24260608;1118597120;0;0;0;0;0;0;0;0;0;0;0;2575;0;0;89;0;80;0;
21278;2868179;1018322944;24260608;1118597120;0;0;0;0;0;0;0;0;0;0;0;3266;0;0;89;0;80;0;
21279;5118229;1018322944;24260608;1118597120;0;0;0;0;0;0;0;0;0;0;0;2354;0;0;89;0;80;0;
21280;3146951;1018322944;24260608;1118597120;0;0;0;0;0;0;0;0;0;0;0;2695;0;0;89;0;80;0;
21281;4567736;1018322944;24260608;1118597120;0;0;0;0;0;0;0;0;0;0;0;2404;0;0;89;0;80;0;
21282;4634642;1018322944;24260608;1118597120;0;0;0;0;0;0;0;0;0;0;0;3256;0;0;89;0;80;0;
21283;5179523;1018322944;24260608;1118597120;0;0;0;0;0;0;0;0;0;0;0;2374;0;0;89;0;80;0;
21284;3144698;1018322944;24260608;1118597120;0;0;0;0;0;0;0;0;0;0;0;3376;0;0;89;0;80;0;
21285;5005287;1018322944;24260608;1118597120;0;0;0;0;0;0;0;0;0;0;0;2605;0;0;89;0;80;0;
21286;3876550;1018322944;24260608;1118597120;0;0;0;0;0;0;0;0;0;0;0;3246;0;0;89;0;80;0;
21287;4948661;1018322944;24260608;1118597120;0;0;0;0;0;0;0;0;0;0;0;3176;0;0;89;0;80;0;
21288;3268319;1018322944;24260608;1118597120;0;0;0;0;0;0;0;0;0;0;0;3877;0;0;89;0;80;0;
21289;4895962;1018322944;24260608;1118597120;0;0;0;0;0;0;0;0;0;0;0;2815;0;0;89;0;80;0;
21290;3565346;1018322944;24260608;1118597120;0;0;0;0;0;0;0;0;0;0;0;2865;0;0;89;0;80;0;
21291;5327281;1018322944;24260608;1118597120;0;0;0;0;0;0;0;0;0;0;0;2234;0;0;89;0;80;0;
21292;3293797;1018322944;24260608;1118597120;0;0;0;0;0;0;0;0;0;0;0;3267;0;0;89;0;80;0;
21293;5143136;1018322944;24260608;1118597120;0;0;0;0;0;0;0;0;0;0;0;1883;0;0;89;0;80;0;
21294;4800593;1018322944;24260608;1118597120;0;0;0;0;0;0;0;0;0;0;0;3606;0;0;89;0;80;0;
21295;5989623;1018322944;24260608;1118597120;0;0;0;0;0;0;0;0;0;0;0;2905;0;0;89;0;80;0;
21296;3641639;1018322944;24260608;1118597120;0;0;0;0;0;0;0;0;0;0;0;3727;0;0;89;0;80;0;
21297;6026452;1018322944;24260608;1118597120;0;0;0;0;0;0;0;0;0;0;0;3587;0;0;89;0;80;0;
21298;3213146;1018322944;24260608;1118597120;0;0;0;0;0;0;0;0;0;0;0;3377;0;0;89;0;80;0;
21299;5315118;1018322944;24260608;1118597120;0;0;0;0;0;0;0;0;0;0;0;3577;0;0;89;0;80;0;
21300;3365472;1018322944;24260608;1118597120;0;0;0;0;0;0;0;0;0;0;0;3276;0;0;89;0;80;0;
21301;4891804;1018322944;24260608;1118597120;0;0;0;0;0;0;0;0;0;0;0;2274;0;0;89;0;80;0;
21302;2815590;1018322944;24260608;1118597120;0;0;0;0;0;0;0;0;0;0;0;2144;0;0;89;0;80;0;
21303;4143711;1018322944;24260608;1118597120;0;0;0;0;0;0;0;0;0;0;0;1803;0;0;89;0;80;0;
21304;2799781;1018322944;24260608;1118597120;0;0;0;0;0;0;0;0;0;0;0;2094;0;0;89;0;80;0;
21305;4554411;1018322944;24260608;1118597120;0;0;0;0;0;0;0;0;0;0;0;1903;0;0;89;0;80;0;
21306;2818135;1018322944;24260608;1118597120;0;0;0;0;0;0;0;0;0;0;0;2775;0;0;89;0;80;0;
21307;4587142;1018322944;24260608;1118597120;0;0;0;0;0;0;0;0;0;0;0;2304;0;0;89;0;80;0;
21308;3055641;1018322944;24260608;1118597120;0;0;0;0;0;0;0;0;0;0;0;2945;0;0;89;0;80;0;
21309;5919902;1018322944;24260608;1118597120;0;0;0;0;0;0;0;0;0;0;0;2435;0;0;89;0;80;0;
21310;3068645;1018322944;24260608;1118597120;0;0;0;0;0;0;0;0;0;0;0;2514;0;0;89;0;80;0;
21311;5844691;1018322944;24260608;1118597120;0;0;0;0;0;0;0;0;0;0;0;2575;0;0;89;0;80;0;
21312;2900850;1018322944;24260608;1118597120;0;0;0;0;0;0;0;0;0;0;0;3096;0;0;89;0;80;0;
21313;4969199;1018322944;24260608;1118597120;0;0;0;0;0;0;0;0;0;0;0;2184;0;0;89;0;80;0;
21314;3650176;1018322944;24260608;1118597120;0;0;0;0;0;0;0;0;0;0;0;2806;0;0;89;0;80;0;
21315;4654509;1018322944;24260608;1118597120;0;0;0;0;0;0;0;0;0;0;0;2485;0;0;89;0;80;0;
21316;3172430;1018322944;24260608;1118597120;0;0;0;0;0;0;0;0;0;0;0;2094;0;0;89;0;80;0;
21317;4374784;1018322944;24260608;1118597120;0;0;0;0;0;0;0;0;0;0;0;1673;0;0;89;0;80;0;
21318;2530035;1018322944;24260608;1118597120;0;0;0;0;0;0;0;0;0;0;0;2114;0;0;89;0;80;0;
21319;4296167;1018589184;24260608;1118597120;0;0;0;0;0;0;0;0;0;0;0;1613;0;0;89;0;80;0;
21320;2076273;1018589184;24260608;1118597120;0;0;0;0;0;0;0;0;0;0;0;1974;0;0;89;0;80;0;
21321;4075914;1018589184;24260608;1118597120;0;0;0;0;0;0;0;0;0;0;0;1523;0;0;89;0;80;0;
21322;1617924;1018589184;24260608;1118597120;0;0;0;0;0;0;0;0;0;0;0;2014;0;0;89;0;80;0;
21323;4367310;1018589184;24260608;1118597120;0;0;0;0;0;0;0;0;0;0;0;1793;0;0;89;0;80;0;
21324;2114987;1018589184;24260608;1118597120;0;0;0;0;0;0;0;0;0;0;0;1913;0;0;89;0;80;0;
21325;7145611;1018589184;24260608;1118597120;0;0;0;0;0;0;0;0;0;0;0;2555;0;0;89;0;80;0;
21326;3338511;1018589184;24260608;1118597120;0;0;0;0;0;0;0;0;0;0;0;2314;0;0;89;0;80;0;
21327;5137826;1018589184;24260608;1118597120;0;0;0;0;0;0;0;0;0;0;0;1824;0;0;89;0;80;0;
21328;3020896;1018589184;24260608;1118597120;0;0;0;0;0;0;0;0;0;0;0;2305;0;0;89;0;80;0;
21329;5056633;1018589184;24260608;1118597120;0;0;0;0;0;0;0;0;0;0;0;1643;0;0;89;0;80;0;
21330;3960227;1018589184;24260608;1118597120;0;0;0;0;0;0;0;0;0;0;0;2124;0;0;89;0;80;0;
21331;4343817;1018589184;24260608;1118597120;0;0;0;0;0;0;0;0;0;0;0;1764;0;0;89;0;80;0;
21332;3999260;1018589184;24260608;1118597120;0;0;0;0;0;0;0;0;0;0;0;2074;0;0;89;0;80;0;
21333;4632718;1018589184;24260608;1118597120;0;0;0;0;0;0;0;0;0;0;0;1933;0;0;89;0;80;0;
21334;4358524;1018589184;24260608;1118597120;0;0;0;0;0;0;0;0;0;0;0;3306;0;0;89;0;80;0;
21335;4893357;1018589184;24260608;1118597120;0;0;0;0;0;0;0;0;0;0;0;3005;0;0;89;0;80;0;
21336;4157768;1018589184;24260608;1118597120;0;0;0;0;0;0;0;0;0;0;0;3497;0;0;89;0;80;0;
21337;4797367;1018589184;24260608;1118597120;0;0;0;0;0;0;0;0;0;0;0;2595;0;0;89;0;80;0;
21338;4128642;1018589184;24260608;1118597120;0;0;0;0;0;0;0;0;0;0;0;3166;0;0;89;0;80;0;
21339;5250126;1018589184;24260608;1118597120;0;0;0;0;0;0;0;0;0;0;0;2194;0;0;89;0;80;0;
21340;3924711;1018589184;24260608;1118597120;0;0;0;0;0;0;0;0;0;0;0;2816;0;0;89;0;80;0;
21341;5334083;1018589184;24260608;1118597120;0;0;0;0;0;0;0;0;0;0;0;2425;0;0;89;0;80;0;
21342;3880468;1018589184;24260608;1118597120;0;0;0;0;0;0;0;0;0;0;0;2745;0;0;89;0;80;0;
21343;5196305;1018589184;24260608;1118597120;0;0;0;0;0;0;0;0;0;0;0;1844;0;0;89;0;80;0;
21344;2831840;1018589184;24260608;1118597120;0;0;0;0;0;0;0;0;0;0;0;1874;0;0;89;0;80;0;
21345;4516370;1018589184;24260608;1118597120;0;0;0;0;0;0;0;0;0;0;0;1944;0;0;89;0;80;0;
21346;2358433;1018589184;24260608;1118597120;0;0;0;0;0;0;0;0;0;0;0;2214;0;0;89;0;80;0;
21347;4874451;1018589184;24260608;1118597120;0;0;0;0;0;0;0;0;0;0;0;2024;0;0;89;0;80;0;
21348;3487720;1018589184;24260608;1118597120;0;0;0;0;0;0;0;0;0;0;0;3106;0;0;89;0;80;0;
21349;5383887;1018589184;24260608;1118597120;0;0;0;0;0;0;0;0;0;0;0;2134;0;0;89;0;80;0;
21350;3773256;1018589184;24260608;1118597120;0;0;0;0;0;0;0;0;0;0;0;3065;0;0;89;0;80;0;
21351;5179473;1018589184;24260608;1118597120;0;0;0;0;0;0;0;0;0;0;0;2344;0;0;89;0;80;0;
21352;3045061;1018589184;24260608;1118597120;0;0;0;0;0;0;0;0;0;0;0;1854;0;0;89;0;80;0;
21353;4719100;1018589184;24260608;1118597120;0;0;0;0;0;0;0;0;0;0;0;1603;0;0;89;0;80;0;
21354;3006007;1018589184;24260608;1118597120;0;0;0;0;0;0;0;0;0;0;0;2475;0;0;89;0;80;0;
21355;5236701;1018589184;24260608;1118597120;0;0;0;0;0;0;0;0;0;0;0;2254;0;0;89;0;80;0;
21356;4175651;1018589184;24260608;1118597120;0;0;0;0;0;0;0;0;0;0;0;3016;0;0;89;0;80;0;
21357;5255637;1018589184;24260608;1118597120;0;0;0;0;0;0;0;0;0;0;0;2985;0;0;89;0;80;0;
21358;4654078;1018589184;24260608;1118597120;0;0;0;0;0;0;0;0;0;0;0;2535;0;0;89;0;80;0;
21359;4350548;1018589184;24260608;1118597120;0;0;0;0;0;0;0;0;0;0;0;2104;0;0;89;0;80;0;
21360;2908184;1018589184;24260608;1118597120;0;0;0;0;0;0;0;0;0;0;0;2164;0;0;89;0;80;0;
21361;5311180;1018589184;24260608;1118597120;0;0;0;0;0;0;0;0;0;0;0;2044;0;0;89;0;80;0;
21362;3280171;1018589184;24260608;1118597120;0;0;0;0;0;0;0;0;0;0;0;2475;0;0;89;0;80;0;
21363;4977645;1018589184;24260608;1118597120;0;0;0;0;0;0;0;0;0;0;0;1784;0;0;89;0;80;0;
21364;2278092;1018589184;24260608;1118597120;0;0;0;0;0;0;0;0;0;0;0;2454;0;0;89;0;80;0;
21365;4714381;1018589184;24260608;1118597120;0;0;0;0;0;0;0;0;0;0;0;2044;0;0;89;0;80;0;
21366;3266827;1018589184;24260608;1118597120;0;0;0;0;0;0;0;0;0;0;0;2485;0;0;89;0;80;0;
21367;4240663;1018589184;24260608;1118597120;0;0;0;0;0;0;0;0;0;0;0;1814;0;0;89;0;80;0;
21368;3904402;1018589184;24260608;1118597120;0;0;0;0;0;0;0;0;0;0;0;3036;0;0;89;0;80;0;
21369;5523288;1018589184;24260608;1118597120;0;0;0;0;0;0;0;0;0;0;0;2955;0;0;89;0;80;0;
21370;3572580;1018589184;24260608;1118597120;0;0;0;0;0;0;0;0;0;0;0;3105;0;0;89;0;80;0;
21371;5300881;1018589184;24260608;1118597120;0;0;0;0;0;0;0;0;0;0;0;2405;0;0;89;0;80;0;
21372;2920106;1018589184;24260608;1118597120;0;0;0;0;0;0;0;0;0;0;0;2204;0;0;89;0;80;0;
21373;4787679;1018589184;24260608;1118597120;0;0;0;0;0;0;0;0;0;0;0;2074;0;0;89;0;80;0;
21374;2756980;1018589184;24260608;1118597120;0;0;0;0;0;0;0;0;0;0;0;2355;0;0;89;0;80;0;
21375;4613562;1018589184;24260608;1118597120;0;0;0;0;0;0;0;0;0;0;0;1874;0;0;89;0;80;0;
21376;1792212;1018589184;24260608;1118597120;0;0;0;0;0;0;0;0;0;0;0;2575;0;0;89;0;80;0;
21377;5565438;1018589184;24260608;1118597120;0;0;0;0;0;0;0;0;0;0;0;1593;0;0;89;0;80;0;
21378;2210856;1018589184;24260608;1118597120;0;0;0;0;0;0;0;0;0;0;0;2194;0;0;89;0;80;0;
21379;4782148;1018589184;24260608;1118597120;0;0;0;0;0;0;0;0;0;0;0;1513;0;0;89;0;80;0;
21380;2091893;1018589184;24260608;1118597120;0;0;0;0;0;0;0;0;0;0;0;2365;0;0;89;0;80;0;
21381;4471376;1018589184;24260608;1118597120;0;0;0;0;0;0;0;0;0;0;0;1714;0;0;89;0;80;0;
21382;3924540;1018589184;24260608;1118597120;0;0;0;0;0;0;0;0;0;0;0;3386;0;0;89;0;80;0;
21383;4726644;1018589184;24260608;1118597120;0;0;0;0;0;0;0;0;0;0;0;2204;0;0;89;0;80;0;
21384;3615842;1018589184;24260608;1118597120;0;0;0;0;0;0;0;0;0;0;0;2985;0;0;89;0;80;0;
21385;5312382;1018589184;24260608;1118597120;0;0;0;0;0;0;0;0;0;0;0;2274;0;0;89;0;80;0;
21386;3581576;1018589184;24260608;1118597120;0;0;0;0;0;0;0;0;0;0;0;3056;0;0;89;0;80;0;
21387;5676696;1018589184;24260608;1118597120;0;0;0;0;0;0;0;0;0;0;0;2195;0;0;89;0;80;0;
21388;2638929;1018589184;24260608;1118597120;0;0;0;0;0;0;0;0;0;0;0;2815;0;0;89;0;80;0;
21389;4990669;1018589184;24260608;1118597120;0;0;0;0;0;0;0;0;0;0;0;2184;0;0;89;0;80;0;
21390;3430564;1018589184;24260608;1118597120;0;0;0;0;0;0;0;0;0;0;0;2425;0;0;89;0;80;0;
21391;4921580;1018589184;24260608;1118597120;0;0;0;0;0;0;0;0;0;0;0;1623;0;0;89;0;80;0;
21392;3164565;1018589184;24260608;1118597120;0;0;0;0;0;0;0;0;0;0;0;2124;0;0;89;0;80;0;
21393;5064818;1018589184;24260608;1118597120;0;0;0;0;0;0;0;0;0;0;0;1754;0;0;89;0;80;0;
21394;2173947;1018589184;24260608;1118597120;0;0;0;0;0;0;0;0;0;0;0;2365;0;0;89;0;80;0;
21395;5180626;1018589184;24260608;1118597120;0;0;0;0;0;0;0;0;0;0;0;2164;0;0;89;0;80;0;
21396;2802336;1018589184;24260608;1118597120;0;0;0;0;0;0;0;0;0;0;0;2515;0;0;89;0;80;0;
21397;4204334;1018589184;24260608;1118597120;0;0;0;0;0;0;0;0;0;0;0;1653;0;0;89;0;80;0;
21398;3533808;1018589184;24260608;1118597120;0;0;0;0;0;0;0;0;0;0;0;2074;0;0;89;0;80;0;
21399;5190684;1018589184;24260608;1118597120;0;0;0;0;0;0;0;0;0;0;0;1733;0;0;89;0;80;0;
21400;3836715;1018589184;24260608;1118597120;0;0;0;0;0;0;0;0;0;0;0;3557;0;0;89;0;80;0;
21401;5744293;1018589184;24260608;1118597120;0;0;0;0;0;0;0;0;0;0;0;2725;0;0;89;0;80;0;
21402;3546611;1018589184;24260608;1118597120;0;0;0;0;0;0;0;0;0;0;0;2995;0;0;89;0;80;0;
21403;5433871;1018589184;24260608;1118597120;0;0;0;0;0;0;0;0;0;0;0;2414;0;0;89;0;80;0;
21404;3441725;1018589184;24260608;1118597120;0;0;0;0;0;0;0;0;0;0;0;2214;0;0;89;0;80;0;
21405;4725723;1018589184;24260608;1118597120;0;0;0;0;0;0;0;0;0;0;0;1703;0;0;89;0;80;0;
21406;3286424;1018589184;24260608;1118597120;0;0;0;0;0;0;0;0;0;0;0;2825;0;0;89;0;80;0;
21407;5139930;1018589184;24260608;1118597120;0;0;0;0;0;0;0;0;0;0;0;1944;0;0;89;0;80;0;
21408;2738476;1018589184;24260608;1118597120;0;0;0;0;0;0;0;0;0;0;0;2685;0;0;89;0;80;0;
21409;4486744;1018589184;24260608;1118597120;0;0;0;0;0;0;0;0;0;0;0;1533;0;0;89;0;80;0;
21410;2537840;1018589184;24260608;1118597120;0;0;0;0;0;0;0;0;0;0;0;2104;0;0;89;0;80;0;
21411;4563498;1018589184;24260608;1118597120;0;0;0;0;0;0;0;0;0;0;0;1463;0;0;89;0;80;0;
21412;3423821;1018589184;24260608;1118597120;0;0;0;0;0;0;0;0;0;0;0;2335;0;0;89;0;80;0;
21413;4539854;1018589184;24260608;1118597120;0;0;0;0;0;0;0;0;0;0;0;1994;0;0;89;0;80;0;
21414;3207425;1018589184;24260608;1118597120;0;0;0;0;0;0;0;0;0;0;0;2846;0;0;89;0;80;0;
21415;4387588;1018589184;24260608;1118597120;0;0;0;0;0;0;0;0;0;0;0;2605;0;0;89;0;80;0;
21416;4611138;1018589184;24260608;1118597120;0;0;0;0;0;0;0;0;0;0;0;2895;0;0;89;0;80;0;
21417;5648643;1018589184;24260608;1118597120;0;0;0;0;0;0;0;0;0;0;0;2936;0;0;89;0;80;0;
21418;4181652;1018589184;24260608;1118597120;0;0;0;0;0;0;0;0;0;0;0;3256;0;0;89;0;80;0;
21419;5026647;1018589184;24260608;1118597120;0;0;0;0;0;0;0;0;0;0;0;2826;0;0;89;0;80;0;
21420;4332755;1018589184;24260608;1118597120;0;0;0;0;0;0;0;0;0;0;0;2865;0;0;89;0;80;0;
21421;5087581;1018589184;24260608;1118597120;0;0;0;0;0;0;0;0;0;0;0;2455;0;0;89;0;80;0;
21422;4213612;1018589184;24260608;1118597120;0;0;0;0;0;0;0;0;0;0;0;2735;0;0;89;0;80;0;
21423;5450071;1018589184;24260608;1118597120;0;0;0;0;0;0;0;0;0;0;0;2304;0;0;89;0;80;0;
21424;2967255;1018589184;24260608;1118597120;0;0;0;0;0;0;0;0;0;0;0;2525;0;0;89;0;80;0;
21425;4087776;1018589184;24260608;1118597120;0;0;0;0;0;0;0;0;0;0;0;1683;0;0;89;0;80;0;
21426;2338857;1018589184;24260608;1118597120;0;0;0;0;0;0;0;0;0;0;0;3026;0;0;89;0;80;0;
21427;4530156;1018589184;24260608;1118597120;0;0;0;0;0;0;0;0;0;0;0;1814;0;0;89;0;80;0;
21428;3145048;1018589184;24260608;1118597120;0;0;0;0;0;0;0;0;0;0;0;2675;0;0;89;0;80;0;
21429;5230019;1018589184;24260608;1118597120;0;0;0;0;0;0;0;0;0;0;0;2796;0;0;89;0;80;0;
21430;3655606;1018589184;24260608;1118597120;0;0;0;0;0;0;0;0;0;0;0;3547;0;0;89;0;80;0;
21431;4831541;1018589184;24260608;1118597120;0;0;0;0;0;0;0;0;0;0;0;2785;0;0;89;0;80;0;
21432;4006945;1018589184;24260608;1118597120;0;0;0;0;0;0;0;0;0;0;0;2214;0;0;89;0;80;0;
21433;4022423;1018589184;24260608;1118597120;0;0;0;0;0;0;0;0;0;0;0;1894;0;0;89;0;80;0;
21434;2231004;1018589184;24260608;1118597120;0;0;0;0;0;0;0;0;0;0;0;2395;0;0;89;0;80;0;
21435;5602106;1018589184;24260608;1118597120;0;0;0;0;0;0;0;0;0;0;0;2094;0;0;89;0;80;0;
21436;3056432;1018589184;24260608;1118597120;0;0;0;0;0;0;0;0;0;0;0;2665;0;0;89;0;80;0;
21437;4955232;1018589184;24260608;1118597120;0;0;0;0;0;0;0;0;0;0;0;2304;0;0;89;0;80;0;
21438;2653316;1018589184;24260608;1118597120;0;0;0;0;0;0;0;0;0;0;0;2054;0;0;89;0;80;0;
21439;5097419;1018589184;24260608;1118597120;0;0;0;0;0;0;0;0;0;0;0;1983;0;0;89;0;80;0;
21440;2935866;1018589184;24260608;1118597120;0;0;0;0;0;0;0;0;0;0;0;2013;0;0;89;0;80;0;
21441;4724190;1018589184;24260608;1118597120;0;0;0;0;0;0;0;0;0;0;0;1643;0;0;89;0;80;0;
21442;2435257;1018589184;24260608;1118597120;0;0;0;0;0;0;0;0;0;0;0;1984;0;0;89;0;80;0;
21443;5097640;1018589184;24260608;1118597120;0;0;0;0;0;0;0;0;0;0;0;1783;0;0;89;0;80;0;
21444;2703330;1018589184;24260608;1118597120;0;0;0;0;0;0;0;0;0;0;0;2414;0;0;89;0;80;0;
21445;4703431;1018589184;24260608;1118597120;0;0;0;0;0;0;0;0;0;0;0;2525;0;0;89;0;80;0;
21446;2954511;1018589184;24260608;1118597120;0;0;0;0;0;0;0;0;0;0;0;2956;0;0;89;0;80;0;
21447;4797938;1018589184;24260608;1118597120;0;0;0;0;0;0;0;0;0;0;0;2384;0;0;89;0;80;0;
21448;4045467;1018589184;24260608;1118597120;0;0;0;0;0;0;0;0;0;0;0;3046;0;0;89;0;80;0;
21449;4821442;1018589184;24260608;1118597120;0;0;0;0;0;0;0;0;0;0;0;2705;0;0;89;0;80;0;
21450;2878389;1018589184;24260608;1118597120;0;0;0;0;0;0;0;0;0;0;0;3206;0;0;89;0;80;0;
21451;4606238;1018589184;24260608;1118597120;0;0;0;0;0;0;0;0;0;0;0;2735;0;0;89;0;80;0;
21452;3613196;1018589184;24260608;1118597120;0;0;0;0;0;0;0;0;0;0;0;2975;0;0;89;0;80;0;
21453;4861046;1018589184;24260608;1118597120;0;0;0;0;0;0;0;0;0;0;0;2304;0;0;89;0;80;0;
21454;2687690;1018589184;24260608;1118597120;0;0;0;0;0;0;0;0;0;0;0;2675;0;0;89;0;80;0;
21455;4757372;1018589184;24260608;1118597120;0;0;0;0;0;0;0;0;0;0;0;2304;0;0;89;0;80;0;
21456;3737299;1018589184;24260608;1118597120;0;0;0;0;0;0;0;0;0;0;0;2745;0;0;89;0;80;0;
21457;8554463;1018589184;24260608;1118597120;0;0;0;0;0;0;0;0;0;0;0;2234;0;0;89;0;80;0;
21458;3447045;1018589184;24260608;1118597120;0;0;0;0;0;0;0;0;0;0;0;2594;0;0;89;0;80;0;
21459;4930086;1018589184;24260608;1118597120;0;0;0;0;0;0;0;0;0;0;0;2444;0;0;89;0;80;0;
21460;4144462;1018589184;24260608;1118597120;0;0;0;0;0;0;0;0;0;0;0;2324;0;0;89;0;80;0;
21461;4668766;1018589184;24260608;1118597120;0;0;0;0;0;0;0;0;0;0;0;1844;0;0;89;0;80;0;
21462;3887029;1018589184;24260608;1118597120;0;0;0;0;0;0;0;0;0;0;0;3416;0;0;89;0;80;0;
21463;5611153;1018589184;24260608;1118597120;0;0;0;0;0;0;0;0;0;0;0;3156;0;0;89;0;80;0;
21464;3714896;1018589184;24260608;1118597120;0;0;0;0;0;0;0;0;0;0;0;2254;0;0;89;0;80;0;
21465;4519957;1018589184;24260608;1118597120;0;0;0;0;0;0;0;0;0;0;0;1703;0;0;89;0;80;0;
21466;5748220;1018589184;24260608;1118597120;0;0;0;0;0;0;0;0;0;0;0;3306;0;0;89;0;80;0;
21467;6184628;1018589184;24260608;1118597120;0;0;0;0;0;0;0;0;0;0;0;2405;0;0;89;0;80;0;
21468;3287455;1018589184;24260608;1118597120;0;0;0;0;0;0;0;0;0;0;0;3236;0;0;89;0;80;0;
21469;4916711;1018589184;24260608;1118597120;0;0;0;0;0;0;0;0;0;0;0;2474;0;0;89;0;80;0;
21470;3658171;1018589184;24260608;1118597120;0;0;0;0;0;0;0;0;0;0;0;2265;0;0;89;0;80;0;
21471;4297630;1018589184;24260608;1118597120;0;0;0;0;0;0;0;0;0;0;0;1643;0;0;89;0;80;0;
21472;2422042;1018589184;24260608;1118597120;0;0;0;0;0;0;0;0;0;0;0;2084;0;0;89;0;80;0;
21473;5019524;1018589184;24260608;1118597120;0;0;0;0;0;0;0;0;0;0;0;1974;0;0;89;0;80;0;
21474;3377845;1018589184;24260608;1118597120;0;0;0;0;0;0;0;0;0;0;0;3526;0;0;89;0;80;0;
21475;5135652;1018589184;24260608;1118597120;0;0;0;0;0;0;0;0;0;0;0;2675;0;0;89;0;80;0;
21476;3116104;1018589184;24260608;1118597120;0;0;0;0;0;0;0;0;0;0;0;2634;0;0;89;0;80;0;
21477;4434516;1018589184;24260608;1118597120;0;0;0;0;0;0;0;0;0;0;0;1914;0;0;89;0;80;0;
21478;5049079;1018589184;24260608;1118597120;0;0;0;0;0;0;0;0;0;0;0;3536;0;0;89;0;80;0;
21479;4709362;1018589184;24260608;1118597120;0;0;0;0;0;0;0;0;0;0;0;2494;0;0;89;0;80;0;
21480;4717998;1018589184;24260608;1118597120;0;0;0;0;0;0;0;0;0;0;0;4579;0;0;89;0;80;0;
21481;5970768;1018589184;24260608;1118597120;0;0;0;0;0;0;0;0;0;0;0;3166;0;0;89;0;80;0;
21482;4499248;1018589184;24260608;1118597120;0;0;0;0;0;0;0;0;0;0;0;3877;0;0;89;0;80;0;
21483;6756261;1018589184;24260608;1118597120;0;0;0;0;0;0;0;0;0;0;0;3596;0;0;89;0;80;0;
21484;4953861;1018589184;24260608;1118597120;0;0;0;0;0;0;0;0;0;0;0;4118;0;0;89;0;80;0;
21485;6239291;1018589184;24260608;1118597120;0;0;0;0;0;0;0;0;0;0;0;3166;0;0;89;0;80;0;
21486;2138230;1018589184;24260608;1118597120;0;0;0;0;0;0;0;0;0;0;0;2365;0;0;89;0;80;0;
21487;4466216;1018589184;24260608;1118597120;0;0;0;0;0;0;0;0;0;0;0;1763;0;0;89;0;80;0;
21488;3703315;1018589184;24260608;1118597120;0;0;0;0;0;0;0;0;0;0;0;1963;0;0;89;0;80;0;
21489;4835348;1018589184;24260608;1118597120;0;0;0;0;0;0;0;0;0;0;0;1733;0;0;89;0;80;0;
21490;2489759;1018589184;24260608;1118597120;0;0;0;0;0;0;0;0;0;0;0;2254;0;0;89;0;80;0;
21491;4385024;1018589184;24260608;1118597120;0;0;0;0;0;0;0;0;0;0;0;1703;0;0;89;0;80;0;
21492;3028018;1018589184;24260608;1118597120;0;0;0;0;0;0;0;0;0;0;0;2094;0;0;89;0;80;0;
21493;5553955;1018589184;24260608;1118597120;0;0;0;0;0;0;0;0;0;0;0;1553;0;0;89;0;80;0;
21494;1910814;1018589184;24260608;1118597120;0;0;0;0;0;0;0;0;0;0;0;1873;0;0;89;0;80;0;
21495;4962987;1018589184;24260608;1118597120;0;0;0;0;0;0;0;0;0;0;0;1613;0;0;89;0;80;0;
21496;1983019;1018589184;24260608;1118597120;0;0;0;0;0;0;0;0;0;0;0;2244;0;0;89;0;80;0;
21497;4998724;1018589184;24260608;1118597120;0;0;0;0;0;0;0;0;0;0;0;1753;0;0;89;0;80;0;
21498;2797827;1018589184;24260608;1118597120;0;0;0;0;0;0;0;0;0;0;0;2485;0;0;89;0;80;0;
21499;4655250;1018589184;24260608;1118597120;0;0;0;0;0;0;0;0;0;0;0;1833;0;0;89;0;80;0;
21500;2612941;1018589184;24260608;1118597120;0;0;0;0;0;0;0;0;0;0;0;2885;0;0;89;0;80;0;
21501;4948991;1018589184;24260608;1118597120;0;0;0;0;0;0;0;0;0;0;0;2375;0;0;89;0;80;0;
21502;4476155;1018589184;24260608;1118597120;0;0;0;0;0;0;0;0;0;0;0;4158;0;0;89;0;80;0;
21503;5210202;1018589184;24260608;1118597120;0;0;0;0;0;0;0;0;0;0;0;3236;0;0;89;0;80;0;
21504;2758874;1018589184;24260608;1118597120;0;0;0;0;0;0;0;0;0;0;0;2886;0;0;89;0;80;0;
21505;4601620;1018589184;24260608;1118597120;0;0;0;0;0;0;0;0;0;0;0;1994;0;0;89;0;80;0;
21506;4578547;1018589184;24260608;1118597120;0;0;0;0;0;0;0;0;0;0;0;3687;0;0;89;0;80;0;
21507;5111325;1018589184;24260608;1118597120;0;0;0;0;0;0;0;0;0;0;0;2906;0;0;89;0;80;0;
21508;4865204;1018589184;24260608;1118597120;0;0;0;0;0;0;0;0;0;0;0;2525;0;0;89;0;80;0;
21509;4857669;1018589184;24260608;1118597120;0;0;0;0;0;0;0;0;0;0;0;2094;0;0;89;0;80;0;
21510;3088292;1018589184;24260608;1118597120;0;0;0;0;0;0;0;0;0;0;0;2645;0;0;89;0;80;0;
21511;5220240;1018589184;24260608;1118597120;0;0;0;0;0;0;0;0;0;0;0;1743;0;0;89;0;80;0;
21512;2552146;1018589184;24260608;1118597120;0;0;0;0;0;0;0;0;0;0;0;2645;0;0;89;0;80;0;
21513;5081120;1018589184;24260608;1118597120;0;0;0;0;0;0;0;0;0;0;0;1913;0;0;89;0;80;0;
21514;1923427;1018589184;24260608;1118597120;0;0;0;0;0;0;0;0;0;0;0;1774;0;0;89;0;80;0;
21515;4522141;1018589184;24260608;1118597120;0;0;0;0;0;0;0;0;0;0;0;1673;0;0;89;0;80;0;
21516;3299558;1018589184;24260608;1118597120;0;0;0;0;0;0;0;0;0;0;0;3536;0;0;89;0;80;0;
21517;7073145;1018589184;24260608;1118597120;0;0;0;0;0;0;0;0;0;0;0;3246;0;0;89;0;80;0;
21518;3208537;1018589184;24260608;1118597120;0;0;0;0;0;0;0;0;0;0;0;2274;0;0;89;0;80;0;
21519;4917883;1018589184;24260608;1118597120;0;0;0;0;0;0;0;0;0;0;0;1883;0;0;89;0;80;0;
21520;2549962;1018589184;24260608;1118597120;0;0;0;0;0;0;0;0;0;0;0;2885;0;0;89;0;80;0;
21521;5332430;1018589184;24260608;1118597120;0;0;0;0;0;0;0;0;0;0;0;2384;0;0;89;0;80;0;
21522;4481825;1018589184;24260608;1118597120;0;0;0;0;0;0;0;0;0;0;0;4328;0;0;89;0;80;0;
21523;6417345;1018589184;24260608;1118597120;0;0;0;0;0;0;0;0;0;0;0;3417;0;0;89;0;80;0;
21524;5152042;1018589184;24260608;1118597120;0;0;0;0;0;0;0;0;0;0;0;3567;0;0;89;0;80;0;
21525;5104513;1018589184;24260608;1118597120;0;0;0;0;0;0;0;0;0;0;0;3206;0;0;89;0;80;0;
21526;3894373;1018589184;24260608;1118597120;0;0;0;0;0;0;0;0;0;0;0;3126;0;0;89;0;80;0;
21527;4806204;1018589184;24260608;1118597120;0;0;0;0;0;0;0;0;0;0;0;2355;0;0;89;0;80;0;
21528;4239260;1018589184;24260608;1118597120;0;0;0;0;0;0;0;0;0;0;0;2695;0;0;89;0;80;0;
21529;4929204;1018589184;24260608;1118597120;0;0;0;0;0;0;0;0;0;0;0;2996;0;0;89;0;80;0;
21530;2704192;1018589184;24260608;1118597120;0;0;0;0;0;0;0;0;0;0;0;2885;0;0;89;0;80;0;
21531;5434502;1018589184;24260608;1118597120;0;0;0;0;0;0;0;0;0;0;0;2204;0;0;89;0;80;0;
21532;3942414;1018589184;24260608;1118597120;0;0;0;0;0;0;0;0;0;0;0;3326;0;0;89;0;80;0;
21533;5149637;1018589184;24268800;1118605312;0;0;0;0;0;0;0;0;0;0;0;3577;0;0;89;0;80;0;
21534;3538736;1018589184;24268800;1118605312;0;0;0;0;0;0;0;0;0;0;0;2355;0;0;89;0;80;0;
21535;4579318;1018589184;24268800;1118605312;0;0;0;0;0;0;0;0;0;0;0;2103;0;0;89;0;80;0;
21536;3957132;1018589184;24268800;1118605312;0;0;0;0;0;0;0;0;0;0;0;3296;0;0;89;0;80;0;
21537;4806945;1018589184;24268800;1118605312;0;0;0;0;0;0;0;0;0;0;0;1793;0;0;89;0;80;0;
21538;2834686;1018589184;24268800;1118605312;0;0;0;0;0;0;0;0;0;0;0;2895;0;0;89;0;80;0;
21539;4934174;1018589184;24268800;1118605312;0;0;0;0;0;0;0;0;0;0;0;2404;0;0;89;0;80;0;
21540;3274130;1018691584;24260608;1118597120;0;0;0;0;0;0;0;0;0;0;0;2825;0;0;89;0;80;0;
21541;4899509;1018691584;24260608;1118597120;0;0;0;0;0;0;0;0;0;0;0;2314;0;0;89;0;80;0;
21542;3911265;1018691584;24260608;1118597120;0;0;0;0;0;0;0;0;0;0;0;3226;0;0;89;0;80;0;
21543;5425435;1018691584;24260608;1118597120;0;0;0;0;0;0;0;0;0;0;0;2585;0;0;89;0;80;0;
21544;4067449;1018691584;24260608;1118597120;0;0;0;0;0;0;0;0;0;0;0;3326;0;0;89;0;80;0;
21545;5234867;1018691584;24260608;1118597120;0;0;0;0;0;0;0;0;0;0;0;2885;0;0;89;0;80;0;
21546;2692971;1018691584;24260608;1118597120;0;0;0;0;0;0;0;0;0;0;0;2084;0;0;89;0;80;0;
21547;5728733;1018691584;24260608;1118597120;0;0;0;0;0;0;0;0;0;0;0;2074;0;0;89;0;80;0;
21548;4094769;1018691584;24260608;1118597120;0;0;0;0;0;0;0;0;0;0;0;3537;0;0;89;0;80;0;
21549;6710895;1022402560;31825920;1126162432;0;0;0;0;0;0;0;0;0;0;0;3477;0;0;89;0;80;0;
21550;5776633;1022402560;31825920;1126162432;0;0;0;0;0;0;0;0;0;0;0;3817;0;0;89;0;80;0;
21551;6606741;1025851392;31825920;1126162432;0;0;0;0;0;0;0;0;0;0;0;3376;0;0;89;0;80;0;
21552;5569855;1025851392;31825920;1126162432;0;0;0;0;0;0;0;0;0;0;0;4349;0;0;89;0;80;0;
21553;6591592;1025851392;31825920;1126162432;0;0;0;0;0;0;0;0;0;0;0;3557;0;0;89;0;80;0;
21554;5401440;1025851392;31825920;1126162432;0;0;0;0;0;0;0;0;0;0;0;2975;0;0;89;0;80;0;
21555;5615932;1025851392;31825920;1126162432;0;0;0;0;0;0;0;0;0;0;0;2485;0;0;89;0;80;0;
21556;4798800;1015005184;20713472;1115049984;0;0;0;0;0;0;0;0;0;0;0;3346;0;0;89;0;80;0;
21557;6012065;1015005184;20713472;1115049984;0;0;0;0;0;0;0;0;0;0;0;2765;0;0;89;0;80;0;
21558;4813156;1015005184;20713472;1115049984;0;0;0;0;0;0;0;0;0;0;0;3577;0;0;89;0;80;0;
21559;6448393;1015005184;20713472;1115049984;0;0;0;0;0;0;0;0;0;0;0;3336;0;0;89;0;80;0;
21560;4469442;1015005184;20713472;1115049984;0;0;0;0;0;0;0;0;0;0;0;2796;0;0;89;0;80;0;
21561;5761745;1015005184;20713472;1115049984;0;0;0;0;0;0;0;0;0;0;0;2425;0;0;89;0;80;0;
21562;3830774;1015005184;20713472;1115049984;0;0;0;0;0;0;0;0;0;0;0;2355;0;0;89;0;80;0;
21563;5191666;1015005184;20713472;1115049984;0;0;0;0;0;0;0;0;0;0;0;1884;0;0;89;0;80;0;
21564;3274771;1015005184;20713472;1115049984;0;0;0;0;0;0;0;0;0;0;0;2415;0;0;89;0;80;0;
21565;5027799;1015005184;20713472;1115049984;0;0;0;0;0;0;0;0;0;0;0;1874;0;0;89;0;80;0;
21566;2953349;1015005184;20713472;1115049984;0;0;0;0;0;0;0;0;0;0;0;2535;0;0;89;0;80;0;
21567;4410963;1015005184;20713472;1115049984;0;0;0;0;0;0;0;0;0;0;0;1483;0;0;89;0;80;0;
21568;2869452;1015005184;20713472;1115049984;0;0;0;0;0;0;0;0;0;0;0;2805;0;0;89;0;80;0;
21569;4858762;1015005184;20713472;1115049984;0;0;0;0;0;0;0;0;0;0;0;2254;0;0;89;0;80;0;
21570;4899147;1015005184;20713472;1115049984;0;0;0;0;0;0;0;0;0;0;0;2996;0;0;89;0;80;0;
21571;5018702;1015005184;20713472;1115049984;0;0;0;0;0;0;0;0;0;0;0;2545;0;0;89;0;80;0;
21572;3595453;1015005184;20713472;1115049984;0;0;0;0;0;0;0;0;0;0;0;2695;0;0;89;0;80;0;
21573;5899965;1019731968;31825920;1126162432;0;0;0;0;0;0;0;0;0;0;0;2926;0;0;89;0;80;0;
21574;4514636;1019731968;31825920;1126162432;0;0;0;0;0;0;0;0;0;0;0;3116;0;0;89;0;80;0;
21575;5856363;1023926272;31825920;1126162432;0;0;0;0;0;0;0;0;0;0;0;3286;0;0;89;0;80;0;
21576;3460029;1023926272;31825920;1126162432;0;0;0;0;0;0;0;0;0;0;0;3065;0;0;89;0;80;0;
21577;5436566;1023926272;31825920;1126162432;0;0;0;0;0;0;0;0;0;0;0;1984;0;0;89;0;80;0;
21578;4436690;1023926272;31825920;1126162432;0;0;0;0;0;0;0;0;0;0;0;2424;0;0;89;0;80;0;
21579;5029933;1023926272;31825920;1126162432;0;0;0;0;0;0;0;0;0;0;0;1913;0;0;89;0;80;0;
21580;2186410;1016602624;24260608;1118597120;0;0;0;0;0;0;0;0;0;0;0;2064;0;0;89;0;80;0;
21581;5609380;1016602624;24260608;1118597120;0;0;0;0;0;0;0;0;0;0;0;1754;0;0;89;0;80;0;
21582;3793044;1016602624;24260608;1118597120;0;0;0;0;0;0;0;0;0;0;0;3617;0;0;89;0;80;0;
21583;6127882;1016602624;24260608;1118597120;0;0;0;0;0;0;0;0;0;0;0;3236;0;0;89;0;80;0;
21584;4911881;1016602624;24260608;1118597120;0;0;0;0;0;0;0;0;0;0;0;4088;0;0;89;0;80;0;
21585;5954918;1016602624;24260608;1118597120;0;0;0;0;0;0;0;0;0;0;0;3076;0;0;89;0;80;0;
21586;2754426;1016602624;24260608;1118597120;0;0;0;0;0;0;0;0;0;0;0;2265;0;0;89;0;80;0;
21587;5568483;1016602624;24260608;1118597120;0;0;0;0;0;0;0;0;0;0;0;1703;0;0;89;0;80;0;
21588;3946301;1016602624;24260608;1118597120;0;0;0;0;0;0;0;0;0;0;0;3787;0;0;89;0;80;0;
21589;5535481;1016602624;24260608;1118597120;0;0;0;0;0;0;0;0;0;0;0;3276;0;0;89;0;80;0;
21590;5130982;1016602624;24260608;1118597120;0;0;0;0;0;0;0;0;0;0;0;3637;0;0;89;0;80;0;
21591;5947123;1016602624;24260608;1118597120;0;0;0;0;0;0;0;0;0;0;0;1984;0;0;89;0;80;0;
21592;3409454;1016602624;24260608;1118597120;0;0;0;0;0;0;0;0;0;0;0;3607;0;0;89;0;80;0;
21593;4893827;1016602624;24260608;1118597120;0;0;0;0;0;0;0;0;0;0;0;3156;0;0;89;0;80;0;
21594;4325291;1016602624;24260608;1118597120;0;0;0;0;0;0;0;0;0;0;0;2896;0;0;89;0;80;0;
21595;5154056;1016602624;24260608;1118597120;0;0;0;0;0;0;0;0;0;0;0;2385;0;0;89;0;80;0;
21596;3227082;1016602624;24260608;1118597120;0;0;0;0;0;0;0;0;0;0;0;2595;0;0;89;0;80;0;
21597;5610872;1020313600;31825920;1126162432;0;0;0;0;0;0;0;0;0;0;0;2775;0;0;89;0;80;0;
21598;3249153;1020313600;31825920;1126162432;0;0;0;0;0;0;0;0;0;0;0;2875;0;0;89;0;80;0;
21599;6131819;1024032768;31825920;1126162432;0;0;0;0;0;0;0;0;0;0;0;3066;0;0;89;0;80;0;
21600;3332850;1024032768;31825920;1126162432;0;0;0;0;0;0;0;0;0;0;0;3296;0;0;89;0;80;0;
21601;4597432;1024032768;31825920;1126162432;0;0;0;0;0;0;0;0;0;0;0;2384;0;0;89;0;80;0;
21602;4091062;1024032768;31825920;1126162432;0;0;0;0;0;0;0;0;0;0;0;2775;0;0;89;0;80;0;
21603;5651839;1024032768;31825920;1126162432;0;0;0;0;0;0;0;0;0;0;0;3136;0;0;89;0;80;0;
21604;3594551;1015021568;20713472;1115049984;0;0;0;0;0;0;0;0;0;0;0;2795;0;0;89;0;80;0;
21605;5901377;1015021568;20713472;1115049984;0;0;0;0;0;0;0;0;0;0;0;2595;0;0;89;0;80;0;
21606;5962713;1015021568;20713472;1115049984;0;0;0;0;0;0;0;0;0;0;0;3968;0;0;89;0;80;0;
21607;6836821;1015021568;20713472;1115049984;0;0;0;0;0;0;0;0;0;0;0;4057;0;0;89;0;80;0;
21608;5365512;1015021568;20713472;1115049984;0;0;0;0;0;0;0;0;0;0;0;4338;0;0;89;0;80;0;
21609;6010863;1015021568;20713472;1115049984;0;0;0;0;0;0;0;0;0;0;0;4338;0;0;89;0;80;0;
21610;5505655;1015021568;20713472;1115049984;0;0;0;0;0;0;0;0;0;0;0;4308;0;0;89;0;80;0;
21611;6482176;1015021568;20713472;1115049984;0;0;0;0;0;0;0;0;0;0;0;3567;0;0;89;0;80;0;
21612;5702905;1015021568;20713472;1115049984;0;0;0;0;0;0;0;0;0;0;0;3136;0;0;89;0;80;0;
21613;4911380;1015021568;20713472;1115049984;0;0;0;0;0;0;0;0;0;0;0;2054;0;0;89;0;80;0;
21614;4206910;1015021568;20713472;1115049984;0;0;0;0;0;0;0;0;0;0;0;3777;0;0;89;0;80;0;
21615;4720443;1015021568;20713472;1115049984;0;0;0;0;0;0;0;0;0;0;0;2535;0;0;89;0;80;0;
21616;4016512;1015021568;20713472;1115049984;0;0;0;0;0;0;0;0;0;0;0;3346;0;0;89;0;80;0;
21617;5399636;1015021568;20713472;1115049984;0;0;0;0;0;0;0;0;0;0;0;3346;0;0;89;0;80;0;
21618;4501652;1015021568;20713472;1115049984;0;0;0;0;0;0;0;0;0;0;0;2996;0;0;89;0;80;0;
21619;6529586;1015021568;20713472;1115049984;0;0;0;0;0;0;0;0;0;0;0;2916;0;0;89;0;80;0;
21620;4432352;1015021568;20713472;1115049984;0;0;0;0;0;0;0;0;0;0;0;3917;0;0;89;0;80;0;
21621;7030204;1019748352;31825920;1126162432;0;0;0;0;0;0;0;0;0;0;0;3436;0;0;89;0;80;0;
21622;4150805;1019748352;31825920;1126162432;0;0;0;0;0;0;0;0;0;0;0;3587;0;0;89;0;80;0;
21623;7463527;1023942656;31825920;1126162432;0;0;0;0;0;0;0;0;0;0;0;4629;0;0;89;0;80;0;
21624;4121841;1023942656;31825920;1126162432;0;0;0;0;0;0;0;0;0;0;0;3797;0;0;89;0;80;0;
21625;6584749;1023942656;31825920;1126162432;0;0;0;0;0;0;0;0;0;0;0;3757;0;0;89;0;80;0;
21626;3708224;1023942656;31825920;1126162432;0;0;0;0;0;0;0;0;0;0;0;4268;0;0;89;0;80;0;
21627;6784293;1023942656;31825920;1126162432;0;0;0;0;0;0;0;0;0;0;0;3086;0;0;89;0;80;0;
21628;4047180;1016602624;24260608;1118597120;0;0;0;0;0;0;0;0;0;0;0;4569;0;0;89;0;80;0;
21629;5441064;1016602624;24260608;1118597120;0;0;0;0;0;0;0;0;0;0;0;3586;0;0;89;0;80;0;
21630;4507634;1016602624;24260608;1118597120;0;0;0;0;0;0;0;0;0;0;0;3667;0;0;89;0;80;0;
21631;5539399;1016602624;24260608;1118597120;0;0;0;0;0;0;0;0;0;0;0;3797;0;0;89;0;80;0;
21632;4155162;1016602624;24260608;1118597120;0;0;0;0;0;0;0;0;0;0;0;3707;0;0;89;0;80;0;
21633;5215902;1016602624;24260608;1118597120;0;0;0;0;0;0;0;0;0;0;0;4208;0;0;89;0;80;0;
21634;3988830;1016602624;24260608;1118597120;0;0;0;0;0;0;0;0;0;0;0;3426;0;0;89;0;80;0;
21635;5636030;1016602624;24260608;1118597120;0;0;0;0;0;0;0;0;0;0;0;3406;0;0;89;0;80;0;
21636;6314221;1016602624;24260608;1118597120;0;0;0;0;0;0;0;0;0;0;0;3737;0;0;89;0;80;0;
21637;6079752;1016602624;24260608;1118597120;0;0;0;0;0;0;0;0;0;0;0;3677;0;0;89;0;80;0;
21638;3858316;1016602624;24260608;1118597120;0;0;0;0;0;0;0;0;0;0;0;3917;0;0;89;0;80;0;
21639;6721285;1016602624;24260608;1118597120;0;0;0;0;0;0;0;0;0;0;0;4128;0;0;89;0;80;0;
21640;4484841;1016602624;24260608;1118597120;0;0;0;0;0;0;0;0;0;0;0;3006;0;0;89;0;80;0;
21641;5311271;1016602624;24260608;1118597120;0;0;0;0;0;0;0;0;0;0;0;3928;0;0;89;0;80;0;
21642;3461552;1016602624;24260608;1118597120;0;0;0;0;0;0;0;0;0;0;0;3687;0;0;89;0;80;0;
21643;5252721;1016602624;24260608;1118597120;0;0;0;0;0;0;0;0;0;0;0;3747;0;0;89;0;80;0;
21644;4156866;1016602624;24260608;1118597120;0;0;0;0;0;0;0;0;0;0;0;4308;0;0;89;0;80;0;
21645;4587232;1016602624;24260608;1118597120;0;0;0;0;0;0;0;0;0;0;0;3126;0;0;89;0;80;0;
21646;4267614;1016602624;24260608;1118597120;0;0;0;0;0;0;0;0;0;0;0;2976;0;0;89;0;80;0;
21647;5020826;1016602624;24260608;1118597120;0;0;0;0;0;0;0;0;0;0;0;2304;0;0;89;0;80;0;
21648;3319886;1016602624;24260608;1118597120;0;0;0;0;0;0;0;0;0;0;0;3536;0;0;89;0;80;0;
21649;4416011;1016602624;24260608;1118597120;0;0;0;0;0;0;0;0;0;0;0;2554;0;0;89;0;80;0;
21650;3029020;1016602624;24260608;1118597120;0;0;0;0;0;0;0;0;0;0;0;3166;0;0;89;0;80;0;
21651;5125092;1016602624;24260608;1118597120;0;0;0;0;0;0;0;0;0;0;0;2785;0;0;89;0;80;0;
21652;3826026;1016602624;24260608;1118597120;0;0;0;0;0;0;0;0;0;0;0;2875;0;0;89;0;80;0;
21653;5416959;1016602624;24260608;1118597120;0;0;0;0;0;0;0;0;0;0;0;2615;0;0;89;0;80;0;
21654;3184693;1016602624;24260608;1118597120;0;0;0;0;0;0;0;0;0;0;0;3136;0;0;89;0;80;0;
21655;4769305;1016602624;24260608;1118597120;0;0;0;0;0;0;0;0;0;0;0;2164;0;0;89;0;80;0;
21656;4885192;1016602624;24260608;1118597120;0;0;0;0;0;0;0;0;0;0;0;3276;0;0;89;0;80;0;
21657;4819399;1016602624;24260608;1118597120;0;0;0;0;0;0;0;0;0;0;0;2374;0;0;89;0;80;0;
21658;4394892;1016602624;24260608;1118597120;0;0;0;0;0;0;0;0;0;0;0;2885;0;0;89;0;80;0;
21659;4811994;1016602624;24260608;1118597120;0;0;0;0;0;0;0;0;0;0;0;2505;0;0;89;0;80;0;
21660;3715979;1016602624;24260608;1118597120;0;0;0;0;0;0;0;0;0;0;0;3156;0;0;89;0;80;0;
21661;4636485;1016602624;24260608;1118597120;0;0;0;0;0;0;0;0;0;0;0;1934;0;0;89;0;80;0;
21662;3070699;1016602624;24260608;1118597120;0;0;0;0;0;0;0;0;0;0;0;2514;0;0;89;0;80;0;
21663;4898827;1016602624;24260608;1118597120;0;0;0;0;0;0;0;0;0;0;0;1933;0;0;89;0;80;0;
21664;3124860;1016602624;24260608;1118597120;0;0;0;0;0;0;0;0;0;0;0;3296;0;0;89;0;80;0;
21665;4439916;1016602624;24260608;1118597120;0;0;0;0;0;0;0;0;0;0;0;2305;0;0;89;0;80;0;
21666;3610441;1016602624;24260608;1118597120;0;0;0;0;0;0;0;0;0;0;0;2945;0;0;89;0;80;0;
21667;4824177;1016602624;24260608;1118597120;0;0;0;0;0;0;0;0;0;0;0;2314;0;0;89;0;80;0;
21668;3216432;1016602624;24260608;1118597120;0;0;0;0;0;0;0;0;0;0;0;2915;0;0;89;0;80;0;
21669;4681169;1016602624;24260608;1118597120;0;0;0;0;0;0;0;0;0;0;0;1884;0;0;89;0;80;0;
21670;3461090;1016602624;24260608;1118597120;0;0;0;0;0;0;0;0;0;0;0;3226;0;0;89;0;80;0;
21671;10774587;1016602624;24260608;1118597120;0;0;0;0;0;0;0;0;0;0;0;2554;0;0;89;0;80;0;
21672;2926258;1016602624;24260608;1118597120;0;0;0;0;0;0;0;0;0;0;0;3086;0;0;89;0;80;0;
21673;4561604;1016602624;24260608;1118597120;0;0;0;0;0;0;0;0;0;0;0;3436;0;0;89;0;80;0;
21674;3476990;1016602624;24260608;1118597120;0;0;0;0;0;0;0;0;0;0;0;3386;0;0;89;0;80;0;
21675;5156861;1016602624;24260608;1118597120;0;0;0;0;0;0;0;0;0;0;0;3587;0;0;89;0;80;0;
21676;3194771;1016602624;24260608;1118597120;0;0;0;0;0;0;0;0;0;0;0;3747;0;0;89;0;80;0;
21677;4835638;1016602624;24260608;1118597120;0;0;0;0;0;0;0;0;0;0;0;3386;0;0;89;0;80;0;
21678;3744232;1016602624;24260608;1118597120;0;0;0;0;0;0;0;0;0;0;0;3657;0;0;89;0;80;0;
21679;4767912;1016602624;24260608;1118597120;0;0;0;0;0;0;0;0;0;0;0;3587;0;0;89;0;80;0;
21680;2909256;1016602624;24260608;1118597120;0;0;0;0;0;0;0;0;0;0;0;3186;0;0;89;0;80;0;
21681;5041134;1016602624;24260608;1118597120;0;0;0;0;0;0;0;0;0;0;0;3075;0;0;89;0;80;0;
21682;3279310;1016602624;24260608;1118597120;0;0;0;0;0;0;0;0;0;0;0;3206;0;0;89;0;80;0;
21683;5115814;1016602624;24260608;1118597120;0;0;0;0;0;0;0;0;0;0;0;2906;0;0;89;0;80;0;
21684;2136056;1016602624;24260608;1118597120;0;0;0;0;0;0;0;0;0;0;0;3146;0;0;89;0;80;0;
21685;4345249;1016602624;24260608;1118597120;0;0;0;0;0;0;0;0;0;0;0;1974;0;0;89;0;80;0;
21686;3070428;1016602624;24260608;1118597120;0;0;0;0;0;0;0;0;0;0;0;3657;0;0;89;0;80;0;
21687;5133637;1016602624;24260608;1118597120;0;0;0;0;0;0;0;0;0;0;0;2515;0;0;89;0;80;0;
21688;2509396;1016602624;24260608;1118597120;0;0;0;0;0;0;0;0;0;0;0;3276;0;0;89;0;80;0;
21689;5276866;1016602624;24260608;1118597120;0;0;0;0;0;0;0;0;0;0;0;3146;0;0;89;0;80;0;
21690;3214017;1016602624;24260608;1118597120;0;0;0;0;0;0;0;0;0;0;0;3086;0;0;89;0;80;0;
21691;5184644;1016602624;24260608;1118597120;0;0;0;0;0;0;0;0;0;0;0;3466;0;0;89;0;80;0;
21692;2656252;1016602624;24260608;1118597120;0;0;0;0;0;0;0;0;0;0;0;3076;0;0;89;0;80;0;
21693;4670319;1016602624;24260608;1118597120;0;0;0;0;0;0;0;0;0;0;0;1984;0;0;89;0;80;0;
21694;3335686;1016602624;24260608;1118597120;0;0;0;0;0;0;0;0;0;0;0;3146;0;0;89;0;80;0;
21695;4991641;1016602624;24260608;1118597120;0;0;0;0;0;0;0;0;0;0;0;3006;0;0;89;0;80;0;
21696;4613121;1016602624;24260608;1118597120;0;0;0;0;0;0;0;0;0;0;0;4127;0;0;89;0;80;0;
21697;5860471;1016602624;24260608;1118597120;0;0;0;0;0;0;0;0;0;0;0;2775;0;0;89;0;80;0;
21698;3135821;1016602624;24260608;1118597120;0;0;0;0;0;0;0;0;0;0;0;2805;0;0;89;0;80;0;
21699;4862028;1016602624;24260608;1118597120;0;0;0;0;0;0;0;0;0;0;0;2385;0;0;89;0;80;0;
21700;3450271;1016602624;24260608;1118597120;0;0;0;0;0;0;0;0;0;0;0;2966;0;0;89;0;80;0;
21701;5045453;1016602624;24260608;1118597120;0;0;0;0;0;0;0;0;0;0;0;2074;0;0;89;0;80;0;
21702;5530492;1016602624;24260608;1118597120;0;0;0;0;0;0;0;0;0;0;0;4429;0;0;89;0;80;0;
21703;5240538;1016602624;24260608;1118597120;0;0;0;0;0;0;0;0;0;0;0;3857;0;0;89;0;80;0;
21704;6350119;1016602624;24260608;1118597120;0;0;0;0;0;0;0;0;0;0;0;4499;0;0;89;0;80;0;
21705;5229638;1016602624;24260608;1118597120;0;0;0;0;0;0;0;0;0;0;0;2655;0;0;89;0;80;0;
21706;4778742;1016602624;24260608;1118597120;0;0;0;0;0;0;0;0;0;0;0;4388;0;0;89;0;80;0;
21707;5691183;1016602624;24260608;1118597120;0;0;0;0;0;0;0;0;0;0;0;3857;0;0;89;0;80;0;
21708;4316385;1016602624;24260608;1118597120;0;0;0;0;0;0;0;0;0;0;0;4208;0;0;89;0;80;0;
21709;5522406;1016602624;24260608;1118597120;0;0;0;0;0;0;0;0;0;0;0;10089;0;0;89;0;80;0;
21710;3474767;1016602624;24260608;1118597120;0;0;0;0;0;0;0;0;0;0;0;3226;0;0;89;0;80;0;
21711;5843799;1016602624;24260608;1118597120;0;0;0;0;0;0;0;0;0;0;0;2915;0;0;89;0;80;0;
21712;3471972;1016602624;24260608;1118597120;0;0;0;0;0;0;0;0;0;0;0;3186;0;0;89;0;80;0;
21713;4757152;1016602624;24260608;1118597120;0;0;0;0;0;0;0;0;0;0;0;2845;0;0;89;0;80;0;
21714;4274587;1016602624;24260608;1118597120;0;0;0;0;0;0;0;0;0;0;0;3035;0;0;89;0;80;0;
21715;5045452;1016602624;24260608;1118597120;0;0;0;0;0;0;0;0;0;0;0;2495;0;0;89;0;80;0;
21716;3893562;1016602624;24260608;1118597120;0;0;0;0;0;0;0;0;0;0;0;3316;0;0;89;0;80;0;
21717;4941617;1016602624;24260608;1118597120;0;0;0;0;0;0;0;0;0;0;0;3006;0;0;89;0;80;0;
21718;4306766;1016602624;24260608;1118597120;0;0;0;0;0;0;0;0;0;0;0;2334;0;0;89;0;80;0;
21719;5149627;1016602624;24260608;1118597120;0;0;0;0;0;0;0;0;0;0;0;2374;0;0;89;0;80;0;
21720;3761875;1016602624;24260608;1118597120;0;0;0;0;0;0;0;0;0;0;0;3206;0;0;89;0;80;0;
21721;5407721;1016602624;24260608;1118597120;0;0;0;0;0;0;0;0;0;0;0;2535;0;0;89;0;80;0;
21722;4180030;1016602624;24260608;1118597120;0;0;0;0;0;0;0;0;0;0;0;3406;0;0;89;0;80;0;
21723;5394456;1016602624;24260608;1118597120;0;0;0;0;0;0;0;0;0;0;0;3206;0;0;89;0;80;0;
21724;3598018;1016602624;24260608;1118597120;0;0;0;0;0;0;0;0;0;0;0;3256;0;0;89;0;80;0;
21725;5864388;1016602624;24260608;1118597120;0;0;0;0;0;0;0;0;0;0;0;3126;0;0;89;0;80;0;
21726;4612460;1016602624;24260608;1118597120;0;0;0;0;0;0;0;0;0;0;0;2735;0;0;89;0;80;0;
21727;5269723;1016602624;24260608;1118597120;0;0;0;0;0;0;0;0;0;0;0;2054;0;0;89;0;80;0;
21728;2987203;1016602624;24260608;1118597120;0;0;0;0;0;0;0;0;0;0;0;2916;0;0;89;0;80;0;
21729;4845487;1016602624;24260608;1118597120;0;0;0;0;0;0;0;0;0;0;0;1753;0;0;89;0;80;0;
21730;2542999;1016602624;24260608;1118597120;0;0;0;0;0;0;0;0;0;0;0;2895;0;0;89;0;80;0;
21731;4971563;1016602624;24260608;1118597120;0;0;0;0;0;0;0;0;0;0;0;2024;0;0;89;0;80;0;
21732;2996519;1016602624;24260608;1118597120;0;0;0;0;0;0;0;0;0;0;0;3216;0;0;89;0;80;0;
21733;5001850;1016602624;24260608;1118597120;0;0;0;0;0;0;0;0;0;0;0;2816;0;0;89;0;80;0;
21734;3116655;1016602624;24260608;1118597120;0;0;0;0;0;0;0;0;0;0;0;2956;0;0;89;0;80;0;
21735;4292410;1016602624;24260608;1118597120;0;0;0;0;0;0;0;0;0;0;0;1944;0;0;89;0;80;0;
21736;3127295;1016602624;24260608;1118597120;0;0;0;0;0;0;0;0;0;0;0;2284;0;0;89;0;80;0;
21737;4565592;1016602624;24260608;1118597120;0;0;0;0;0;0;0;0;0;0;0;2124;0;0;89;0;80;0;
21738;3928227;1016602624;24260608;1118597120;0;0;0;0;0;0;0;0;0;0;0;2796;0;0;89;0;80;0;
21739;4977815;1016602624;24260608;1118597120;0;0;0;0;0;0;0;0;0;0;0;2645;0;0;89;0;80;0;
21740;3816297;1016602624;24260608;1118597120;0;0;0;0;0;0;0;0;0;0;0;3416;0;0;89;0;80;0;
21741;5226321;1016602624;24260608;1118597120;0;0;0;0;0;0;0;0;0;0;0;2624;0;0;89;0;80;0;
21742;4452800;1016602624;24260608;1118597120;0;0;0;0;0;0;0;0;0;0;0;2996;0;0;89;0;80;0;
21743;4772079;1016602624;24260608;1118597120;0;0;0;0;0;0;0;0;0;0;0;3377;0;0;89;0;80;0;
21744;3552973;1016602624;24260608;1118597120;0;0;0;0;0;0;0;0;0;0;0;2845;0;0;89;0;80;0;
21745;5698507;1016602624;24260608;1118597120;0;0;0;0;0;0;0;0;0;0;0;2665;0;0;89;0;80;0;
21746;3404424;1016602624;24260608;1118597120;0;0;0;0;0;0;0;0;0;0;0;3517;0;0;89;0;80;0;
21747;5023902;1016602624;24260608;1118597120;0;0;0;0;0;0;0;0;0;0;0;2906;0;0;89;0;80;0;
21748;3481829;1016602624;24260608;1118597120;0;0;0;0;0;0;0;0;0;0;0;3026;0;0;89;0;80;0;
21749;6211289;1016602624;24268800;1118605312;0;0;0;0;0;0;0;0;0;0;0;4078;0;0;89;0;80;0;
21750;2938200;1016602624;24268800;1118605312;0;0;0;0;0;0;0;0;0;0;0;2815;0;0;89;0;80;0;
21751;5102910;1016602624;24268800;1118605312;0;0;0;0;0;0;0;0;0;0;0;2815;0;0;89;0;80;0;
21752;2928622;1016602624;24268800;1118605312;0;0;0;0;0;0;0;0;0;0;0;2575;0;0;89;0;80;0;
21753;5409405;1016602624;24268800;1118605312;0;0;0;0;0;0;0;0;0;0;0;2094;0;0;89;0;80;0;
21754;3325587;1016602624;24268800;1118605312;0;0;0;0;0;0;0;0;0;0;0;3046;0;0;89;0;80;0;
21755;4476014;1016602624;24268800;1118605312;0;0;0;0;0;0;0;0;0;0;0;2094;0;0;89;0;80;0;
21756;3244705;1016602624;24260608;1118597120;0;0;0;0;0;0;0;0;0;0;0;3095;0;0;89;0;80;0;
21757;5163213;1016602624;24260608;1118597120;0;0;0;0;0;0;0;0;0;0;0;2314;0;0;89;0;80;0;
21758;2718548;1016602624;24260608;1118597120;0;0;0;0;0;0;0;0;0;0;0;2935;0;0;89;0;80;0;
21759;4841760;1016602624;24260608;1118597120;0;0;0;0;0;0;0;0;0;0;0;2625;0;0;89;0;80;0;
21760;3746065;1016602624;24260608;1118597120;0;0;0;0;0;0;0;0;0;0;0;3046;0;0;89;0;80;0;
21761;5429031;1020313600;31825920;1126162432;0;0;0;0;0;0;0;0;0;0;0;2705;0;0;89;0;80;0;
21762;3703405;1020313600;31825920;1126162432;0;0;0;0;0;0;0;0;0;0;0;3868;0;0;89;0;80;0;
21763;6040268;1024032768;31825920;1126162432;0;0;0;0;0;0;0;0;0;0;0;2264;0;0;89;0;80;0;
21764;3883392;1024032768;31825920;1126162432;0;0;0;0;0;0;0;0;0;0;0;2816;0;0;89;0;80;0;
21765;4567245;1024032768;31825920;1126162432;0;0;0;0;0;0;0;0;0;0;0;2164;0;0;89;0;80;0;
21766;4503686;1024032768;31825920;1126162432;0;0;0;0;0;0;0;0;0;0;0;3006;0;0;89;0;80;0;
21767;4792558;1024032768;31825920;1126162432;0;0;0;0;0;0;0;0;0;0;0;2475;0;0;89;0;80;0;
21768;3113909;1015078912;20713472;1115049984;0;0;0;0;0;0;0;0;0;0;0;3096;0;0;89;0;80;0;
21769;4787969;1015078912;20713472;1115049984;0;0;0;0;0;0;0;0;0;0;0;2234;0;0;89;0;80;0;
21770;2259216;1015078912;20713472;1115049984;0;0;0;0;0;0;0;0;0;0;0;2254;0;0;89;0;80;0;
21771;4596691;1015078912;20713472;1115049984;0;0;0;0;0;0;0;0;0;0;0;1873;0;0;89;0;80;0;
21772;2899347;1015078912;20713472;1115049984;0;0;0;0;0;0;0;0;0;0;0;2364;0;0;89;0;80;0;
21773;4879951;1015078912;20713472;1115049984;0;0;0;0;0;0;0;0;0;0;0;2004;0;0;89;0;80;0;
21774;2890020;1015078912;20713472;1115049984;0;0;0;0;0;0;0;0;0;0;0;2495;0;0;89;0;80;0;
21775;5583842;1015078912;20713472;1115049984;0;0;0;0;0;0;0;0;0;0;0;1904;0;0;89;0;80;0;
21776;3261677;1015078912;20713472;1115049984;0;0;0;0;0;0;0;0;0;0;0;2435;0;0;89;0;80;0;
21777;5357387;1015078912;20713472;1115049984;0;0;0;0;0;0;0;0;0;0;0;2244;0;0;89;0;80;0;
21778;3185474;1015078912;20713472;1115049984;0;0;0;0;0;0;0;0;0;0;0;2395;0;0;89;0;80;0;
21779;4907173;1015078912;20713472;1115049984;0;0;0;0;0;0;0;0;0;0;0;2285;0;0;89;0;80;0;
21780;3257560;1015078912;20713472;1115049984;0;0;0;0;0;0;0;0;0;0;0;3487;0;0;89;0;80;0;
21781;5519541;1015078912;20713472;1115049984;0;0;0;0;0;0;0;0;0;0;0;2805;0;0;89;0;80;0;
21782;2889509;1015078912;20713472;1115049984;0;0;0;0;0;0;0;0;0;0;0;2796;0;0;89;0;80;0;
21783;4510048;1015078912;20713472;1115049984;0;0;0;0;0;0;0;0;0;0;0;1783;0;0;89;0;80;0;
21784;3438389;1015078912;20713472;1115049984;0;0;0;0;0;0;0;0;0;0;0;2574;0;0;89;0;80;0;
21785;6211238;1019805696;31825920;1126162432;0;0;0;0;0;0;0;0;0;0;0;2765;0;0;89;0;80;0;
21786;4752312;1019805696;31825920;1126162432;0;0;0;0;0;0;0;0;0;0;0;4499;0;0;89;0;80;0;
21787;5964015;1024000000;31825920;1126162432;0;0;0;0;0;0;0;0;0;0;0;3397;0;0;89;0;80;0;
21788;3978050;1024000000;31825920;1126162432;0;0;0;0;0;0;0;0;0;0;0;3246;0;0;89;0;80;0;
21789;4908856;1024000000;31825920;1126162432;0;0;0;0;0;0;0;0;0;0;0;2615;0;0;89;0;80;0;
21790;3566188;1024000000;31825920;1126162432;0;0;0;0;0;0;0;0;0;0;0;2956;0;0;89;0;80;0;
21791;4639321;1024000000;31825920;1126162432;0;0;0;0;0;0;0;0;0;0;0;2735;0;0;89;0;80;0;
21792;4336623;1016602624;24260608;1118597120;0;0;0;0;0;0;0;0;0;0;0;3116;0;0;89;0;80;0;
21793;5240388;1016602624;24260608;1118597120;0;0;0;0;0;0;0;0;0;0;0;2254;0;0;89;0;80;0;
21794;3063465;1016602624;24260608;1118597120;0;0;0;0;0;0;0;0;0;0;0;10811;0;0;89;0;80;0;
21795;5321180;1016602624;24260608;1118597120;0;0;0;0;0;0;0;0;0;0;0;3076;0;0;89;0;80;0;
21796;4041820;1016602624;24260608;1118597120;0;0;0;0;0;0;0;0;0;0;0;3456;0;0;89;0;80;0;
21797;5189201;1016602624;24260608;1118597120;0;0;0;0;0;0;0;0;0;0;0;2485;0;0;89;0;80;0;
21798;3283277;1016602624;24260608;1118597120;0;0;0;0;0;0;0;0;0;0;0;2385;0;0;89;0;80;0;
21799;5436114;1016602624;24260608;1118597120;0;0;0;0;0;0;0;0;0;0;0;2314;0;0;89;0;80;0;
21800;3934168;1016602624;24260608;1118597120;0;0;0;0;0;0;0;0;0;0;0;2745;0;0;89;0;80;0;
21801;4835719;1016602624;24260608;1118597120;0;0;0;0;0;0;0;0;0;0;0;2434;0;0;89;0;80;0;
21802;4002637;1016602624;24260608;1118597120;0;0;0;0;0;0;0;0;0;0;0;2876;0;0;89;0;80;0;
21803;4893467;1016602624;24260608;1118597120;0;0;0;0;0;0;0;0;0;0;0;2635;0;0;89;0;80;0;
21804;4682111;1016602624;24260608;1118597120;0;0;0;0;0;0;0;0;0;0;0;3025;0;0;89;0;80;0;
21805;4995679;1016602624;24260608;1118597120;0;0;0;0;0;0;0;0;0;0;0;2324;0;0;89;0;80;0;
21806;4298461;1016602624;24260608;1118597120;0;0;0;0;0;0;0;0;0;0;0;2835;0;0;89;0;80;0;
21807;5960749;1016602624;24260608;1118597120;0;0;0;0;0;0;0;0;0;0;0;2705;0;0;89;0;80;0;
21808;3207776;1016602624;24260608;1118597120;0;0;0;0;0;0;0;0;0;0;0;3005;0;0;89;0;80;0;
21809;6125959;1020313600;31825920;1126162432;0;0;0;0;0;0;0;0;0;0;0;3497;0;0;89;0;80;0;
21810;3416828;1020313600;31825920;1126162432;0;0;0;0;0;0;0;0;0;0;0;2735;0;0;89;0;80;0;
21811;5020696;1024032768;31825920;1126162432;0;0;0;0;0;0;0;0;0;0;0;2255;0;0;89;0;80;0;
21812;3552161;1024032768;31825920;1126162432;0;0;0;0;0;0;0;0;0;0;0;2885;0;0;89;0;80;0;
21813;4358354;1024032768;31825920;1126162432;0;0;0;0;0;0;0;0;0;0;0;1753;0;0;89;0;80;0;
21814;3454107;1024032768;31825920;1126162432;0;0;0;0;0;0;0;0;0;0;0;3125;0;0;89;0;80;0;
21815;4915809;1024032768;31825920;1126162432;0;0;0;0;0;0;0;0;0;0;0;2214;0;0;89;0;80;0;
21816;3196836;1015095296;20713472;1115049984;0;0;0;0;0;0;0;0;0;0;0;2875;0;0;89;0;80;0;
21817;4948751;1015095296;20713472;1115049984;0;0;0;0;0;0;0;0;0;0;0;2254;0;0;89;0;80;0;
21818;3496417;1015095296;20713472;1115049984;0;0;0;0;0;0;0;0;0;0;0;2685;0;0;89;0;80;0;
21819;4543982;1015095296;20713472;1115049984;0;0;0;0;0;0;0;0;0;0;0;2023;0;0;89;0;80;0;
21820;3152862;1015095296;20713472;1115049984;0;0;0;0;0;0;0;0;0;0;0;2595;0;0;89;0;80;0;
21821;4661963;1015095296;20713472;1115049984;0;0;0;0;0;0;0;0;0;0;0;2315;0;0;89;0;80;0;
21822;3694548;1015095296;20713472;1115049984;0;0;0;0;0;0;0;0;0;0;0;3025;0;0;89;0;80;0;
21823;4722797;1015095296;20713472;1115049984;0;0;0;0;0;0;0;0;0;0;0;2024;0;0;89;0;80;0;
21824;3576627;1015095296;20713472;1115049984;0;0;0;0;0;0;0;0;0;0;0;2815;0;0;89;0;80;0;
21825;4442140;1015095296;20713472;1115049984;0;0;0;0;0;0;0;0;0;0;0;2334;0;0;89;0;80;0;
21826;2938591;1015095296;20713472;1115049984;0;0;0;0;0;0;0;0;0;0;0;2745;0;0;89;0;80;0;
21827;4702419;1015095296;20713472;1115049984;0;0;0;0;0;0;0;0;0;0;0;2124;0;0;89;0;80;0;
21828;2777559;1015095296;20713472;1115049984;0;0;0;0;0;0;0;0;0;0;0;2525;0;0;89;0;80;0;
21829;4683193;1015095296;20713472;1115049984;0;0;0;0;0;0;0;0;0;0;0;2053;0;0;89;0;80;0;
21830;3270704;1015095296;20713472;1115049984;0;0;0;0;0;0;0;0;0;0;0;2474;0;0;89;0;80;0;
21831;4992022;1015095296;20713472;1115049984;0;0;0;0;0;0;0;0;0;0;0;1713;0;0;89;0;80;0;
21832;2709862;1015095296;20713472;1115049984;0;0;0;0;0;0;0;0;0;0;0;2655;0;0;89;0;80;0;
21833;5757287;1019822080;31825920;1126162432;0;0;0;0;0;0;0;0;0;0;0;2244;0;0;89;0;80;0;
21834;2707738;1019822080;31825920;1126162432;0;0;0;0;0;0;0;0;0;0;0;3587;0;0;89;0;80;0;
21835;6394843;1024016384;31825920;1126162432;0;0;0;0;0;0;0;0;0;0;0;2415;0;0;89;0;80;0;
21836;3281244;1024016384;31825920;1126162432;0;0;0;0;0;0;0;0;0;0;0;2785;0;0;89;0;80;0;
21837;5050682;1024016384;31825920;1126162432;0;0;0;0;0;0;0;0;0;0;0;2134;0;0;89;0;80;0;
21838;2794741;1024016384;31825920;1126162432;0;0;0;0;0;0;0;0;0;0;0;2895;0;0;89;0;80;0;
21839;5723834;1024016384;31825920;1126162432;0;0;0;0;0;0;0;0;0;0;0;2515;0;0;89;0;80;0;
21840;3245787;1016602624;24260608;1118597120;0;0;0;0;0;0;0;0;0;0;0;2885;0;0;89;0;80;0;
21841;4608703;1016602624;24260608;1118597120;0;0;0;0;0;0;0;0;0;0;0;2364;0;0;89;0;80;0;
21842;2369594;1016602624;24260608;1118597120;0;0;0;0;0;0;0;0;0;0;0;2766;0;0;89;0;80;0;
21843;5404456;1016602624;24260608;1118597120;0;0;0;0;0;0;0;0;0;0;0;2073;0;0;89;0;80;0;
21844;2703460;1016602624;24260608;1118597120;0;0;0;0;0;0;0;0;0;0;0;2775;0;0;89;0;80;0;
21845;5034331;1016602624;24260608;1118597120;0;0;0;0;0;0;0;0;0;0;0;2255;0;0;89;0;80;0;
21846;3154797;1016602624;24260608;1118597120;0;0;0;0;0;0;0;0;0;0;0;2655;0;0;89;0;80;0;
21847;4881685;1016602624;24260608;1118597120;0;0;0;0;0;0;0;0;0;0;0;1824;0;0;89;0;80;0;
21848;3123297;1016602624;24260608;1118597120;0;0;0;0;0;0;0;0;0;0;0;2485;0;0;89;0;80;0;
21849;5208217;1016602624;24260608;1118597120;0;0;0;0;0;0;0;0;0;0;0;2645;0;0;89;0;80;0;
21850;2269907;1016602624;24260608;1118597120;0;0;0;0;0;0;0;0;0;0;0;2635;0;0;89;0;80;0;
21851;5309667;1016602624;24260608;1118597120;0;0;0;0;0;0;0;0;0;0;0;2344;0;0;89;0;80;0;
21852;2937960;1016602624;24260608;1118597120;0;0;0;0;0;0;0;0;0;0;0;2545;0;0;89;0;80;0;
21853;5529721;1016602624;24260608;1118597120;0;0;0;0;0;0;0;0;0;0;0;2184;0;0;89;0;80;0;
21854;2453351;1016602624;24260608;1118597120;0;0;0;0;0;0;0;0;0;0;0;2465;0;0;89;0;80;0;
21855;5003203;1016602624;24260608;1118597120;0;0;0;0;0;0;0;0;0;0;0;2405;0;0;89;0;80;0;
21856;3173261;1016602624;24260608;1118597120;0;0;0;0;0;0;0;0;0;0;0;2806;0;0;89;0;80;0;
21857;5562923;1016602624;24260608;1118597120;0;0;0;0;0;0;0;0;0;0;0;2405;0;0;89;0;80;0;
21858;2269677;1016602624;24260608;1118597120;0;0;0;0;0;0;0;0;0;0;0;3156;0;0;89;0;80;0;
21859;4284976;1016602624;24260608;1118597120;0;0;0;0;0;0;0;0;0;0;0;2615;0;0;89;0;80;0;
21860;3514090;1016602624;24260608;1118597120;0;0;0;0;0;0;0;0;0;0;0;3947;0;0;89;0;80;0;
21861;5809535;1016602624;24260608;1118597120;0;0;0;0;0;0;0;0;0;0;0;2525;0;0;89;0;80;0;
21862;2173306;1016602624;24260608;1118597120;0;0;0;0;0;0;0;0;0;0;0;2995;0;0;89;0;80;0;
21863;4169719;1016602624;24260608;1118597120;0;0;0;0;0;0;0;0;0;0;0;2184;0;0;89;0;80;0;
21864;2290706;1016602624;24260608;1118597120;0;0;0;0;0;0;0;0;0;0;0;2965;0;0;89;0;80;0;
21865;5032158;1016602624;24260608;1118597120;0;0;0;0;0;0;0;0;0;0;0;2525;0;0;89;0;80;0;
21866;2592131;1016602624;24260608;1118597120;0;0;0;0;0;0;0;0;0;0;0;3437;0;0;89;0;80;0;
21867;5021177;1016602624;24260608;1118597120;0;0;0;0;0;0;0;0;0;0;0;2194;0;0;89;0;80;0;
21868;2573597;1016602624;24260608;1118597120;0;0;0;0;0;0;0;0;0;0;0;3296;0;0;89;0;80;0;
21869;4991571;1016602624;24260608;1118597120;0;0;0;0;0;0;0;0;0;0;0;2214;0;0;89;0;80;0;
21870;3949337;1016602624;24260608;1118597120;0;0;0;0;0;0;0;0;0;0;0;2725;0;0;89;0;80;0;
21871;4980100;1016602624;24260608;1118597120;0;0;0;0;0;0;0;0;0;0;0;2675;0;0;89;0;80;0;
21872;2824467;1016602624;24260608;1118597120;0;0;0;0;0;0;0;0;0;0;0;2946;0;0;89;0;80;0;
21873;5475078;1016602624;24260608;1118597120;0;0;0;0;0;0;0;0;0;0;0;2124;0;0;89;0;80;0;
21874;2759144;1016602624;24260608;1118597120;0;0;0;0;0;0;0;0;0;0;0;2695;0;0;89;0;80;0;
21875;5584533;1016602624;24260608;1118597120;0;0;0;0;0;0;0;0;0;0;0;2605;0;0;89;0;80;0;
21876;3014904;1016602624;24260608;1118597120;0;0;0;0;0;0;0;0;0;0;0;3597;0;0;89;0;80;0;
21877;4937910;1016602624;24260608;1118597120;0;0;0;0;0;0;0;0;0;0;0;2855;0;0;89;0;80;0;
21878;4280487;1016602624;24260608;1118597120;0;0;0;0;0;0;0;0;0;0;0;2605;0;0;89;0;80;0;
21879;5632854;1016602624;24260608;1118597120;0;0;0;0;0;0;0;0;0;0;0;2234;0;0;89;0;80;0;
21880;4321144;1016602624;24260608;1118597120;0;0;0;0;0;0;0;0;0;0;0;43672;0;0;89;0;80;0;
21881;6020431;1016602624;24260608;1118597120;0;0;0;0;0;0;0;0;0;0;0;3466;0;0;89;0;80;0;
21882;3201364;1016602624;24260608;1118597120;0;0;0;0;0;0;0;0;0;0;0;2635;0;0;89;0;80;0;
21883;4641816;1016602624;24260608;1118597120;0;0;0;0;0;0;0;0;0;0;0;2024;0;0;89;0;80;0;
21884;3661136;1016602624;24260608;1118597120;0;0;0;0;0;0;0;0;0;0;0;2495;0;0;89;0;80;0;
21885;4658627;1016602624;24260608;1118597120;0;0;0;0;0;0;0;0;0;0;0;1923;0;0;89;0;80;0;
21886;3878764;1016602624;24260608;1118597120;0;0;0;0;0;0;0;0;0;0;0;3086;0;0;89;0;80;0;
21887;5827559;1016602624;24260608;1118597120;0;0;0;0;0;0;0;0;0;0;0;2926;0;0;89;0;80;0;
21888;3571658;1016602624;24260608;1118597120;0;0;0;0;0;0;0;0;0;0;0;3436;0;0;89;0;80;0;
21889;5304808;1016602624;24260608;1118597120;0;0;0;0;0;0;0;0;0;0;0;5921;0;0;89;0;80;0;
21890;2983024;1016602624;24260608;1118597120;0;0;0;0;0;0;0;0;0;0;0;2685;0;0;89;0;80;0;
21891;6556175;1016602624;24260608;1118597120;0;0;0;0;0;0;0;0;0;0;0;2205;0;0;89;0;80;0;
21892;3403904;1016602624;24260608;1118597120;0;0;0;0;0;0;0;0;0;0;0;3146;0;0;89;0;80;0;
21893;5692916;1016602624;24260608;1118597120;0;0;0;0;0;0;0;0;0;0;0;2455;0;0;89;0;80;0;
21894;3429301;1016602624;24260608;1118597120;0;0;0;0;0;0;0;0;0;0;0;3487;0;0;89;0;80;0;
21895;5334815;1016602624;24260608;1118597120;0;0;0;0;0;0;0;0;0;0;0;2374;0;0;89;0;80;0;
21896;3256087;1016602624;24260608;1118597120;0;0;0;0;0;0;0;0;0;0;0;3246;0;0;89;0;80;0;
21897;5535471;1016602624;24260608;1118597120;0;0;0;0;0;0;0;0;0;0;0;2164;0;0;89;0;80;0;
21898;2203021;1016602624;24260608;1118597120;0;0;0;0;0;0;0;0;0;0;0;2384;0;0;89;0;80;0;
21899;4704352;1016602624;24260608;1118597120;0;0;0;0;0;0;0;0;0;0;0;2184;0;0;89;0;80;0;
21900;3475558;1016602624;24260608;1118597120;0;0;0;0;0;0;0;0;0;0;0;3176;0;0;89;0;80;0;
21901;4952468;1016602624;24260608;1118597120;0;0;0;0;0;0;0;0;0;0;0;2595;0;0;89;0;80;0;
21902;3890146;1016602624;24260608;1118597120;0;0;0;0;0;0;0;0;0;0;0;3426;0;0;89;0;80;0;
21903;11181951;1016602624;24260608;1118597120;0;0;0;0;0;0;0;0;0;0;0;3416;0;0;89;0;80;0;
21904;5051113;1016602624;24260608;1118597120;0;0;0;0;0;0;0;0;0;0;0;4429;0;0;89;0;80;0;
21905;4950273;1016602624;24260608;1118597120;0;0;0;0;0;0;0;0;0;0;0;2725;0;0;89;0;80;0;
21906;5510634;1016602624;24260608;1118597120;0;0;0;0;0;0;0;0;0;0;0;3797;0;0;89;0;80;0;
21907;5033480;1016602624;24260608;1118597120;0;0;0;0;0;0;0;0;0;0;0;2765;0;0;89;0;80;0;
21908;4612139;1016602624;24260608;1118597120;0;0;0;0;0;0;0;0;0;0;0;4518;0;0;89;0;80;0;
21909;5397643;1016602624;24260608;1118597120;0;0;0;0;0;0;0;0;0;0;0;3056;0;0;89;0;80;0;
21910;3492229;1016602624;24260608;1118597120;0;0;0;0;0;0;0;0;0;0;0;84238;0;0;89;0;80;0;
21911;5419344;1016602624;24260608;1118597120;0;0;0;0;0;0;0;0;0;0;0;3266;0;0;89;0;80;0;
21912;3395558;1016602624;24260608;1118597120;0;0;0;0;0;0;0;0;0;0;0;3487;0;0;89;0;80;0;
21913;5615471;1016602624;24260608;1118597120;0;0;0;0;0;0;0;0;0;0;0;2345;0;0;89;0;80;0;
21914;3858547;1016602624;24260608;1118597120;0;0;0;0;0;0;0;0;0;0;0;3276;0;0;89;0;80;0;
21915;4919566;1016602624;24260608;1118597120;0;0;0;0;0;0;0;0;0;0;0;2605;0;0;89;0;80;0;
21916;4453102;1016602624;24260608;1118597120;0;0;0;0;0;0;0;0;0;0;0;3607;0;0;89;0;80;0;
21917;5404555;1016602624;24260608;1118597120;0;0;0;0;0;0;0;0;0;0;0;2855;0;0;89;0;80;0;
21918;3847716;1016602624;24260608;1118597120;0;0;0;0;0;0;0;0;0;0;0;2755;0;0;89;0;80;0;
21919;5077472;1016602624;24260608;1118597120;0;0;0;0;0;0;0;0;0;0;0;3106;0;0;89;0;80;0;
21920;4006944;1016602624;24260608;1118597120;0;0;0;0;0;0;0;0;0;0;0;3546;0;0;89;0;80;0;
21921;5358499;1016602624;24260608;1118597120;0;0;0;0;0;0;0;0;0;0;0;2686;0;0;89;0;80;0;
21922;3274220;1016602624;24260608;1118597120;0;0;0;0;0;0;0;0;0;0;0;2654;0;0;89;0;80;0;
21923;5533057;1016602624;24260608;1118597120;0;0;0;0;0;0;0;0;0;0;0;2284;0;0;89;0;80;0;
21924;2777017;1016602624;24260608;1118597120;0;0;0;0;0;0;0;0;0;0;0;2956;0;0;89;0;80;0;
21925;5053247;1016602624;24260608;1118597120;0;0;0;0;0;0;0;0;0;0;0;1964;0;0;89;0;80;0;
21926;3890115;1016602624;24260608;1118597120;0;0;0;0;0;0;0;0;0;0;0;2485;0;0;89;0;80;0;
21927;4811112;1016602624;24260608;1118597120;0;0;0;0;0;0;0;0;0;0;0;1924;0;0;89;0;80;0;
21928;3242511;1016602624;24260608;1118597120;0;0;0;0;0;0;0;0;0;0;0;38753;0;0;89;0;80;0;
21929;5070800;1016602624;24260608;1118597120;0;0;0;0;0;0;0;0;0;0;0;2284;0;0;89;0;80;0;
21930;4234131;1016602624;24260608;1118597120;0;0;0;0;0;0;0;0;0;0;0;2896;0;0;89;0;80;0;
21931;5454709;1016602624;24260608;1118597120;0;0;0;0;0;0;0;0;0;0;0;2965;0;0;89;0;80;0;
21932;3842786;1016602624;24260608;1118597120;0;0;0;0;0;0;0;0;0;0;0;3146;0;0;89;0;80;0;
21933;5347459;1016602624;24260608;1118597120;0;0;0;0;0;0;0;0;0;0;0;3577;0;0;89;0;80;0;
21934;3536683;1016602624;24260608;1118597120;0;0;0;0;0;0;0;0;0;0;0;3406;0;0;89;0;80;0;
21935;5276265;1016602624;24260608;1118597120;0;0;0;0;0;0;0;0;0;0;0;2645;0;0;89;0;80;0;
21936;4238229;1016602624;24260608;1118597120;0;0;0;0;0;0;0;0;0;0;0;4127;0;0;89;0;80;0;
21937;5677968;1016602624;24260608;1118597120;0;0;0;0;0;0;0;0;0;0;0;2665;0;0;89;0;80;0;
21938;3284800;1016602624;24260608;1118597120;0;0;0;0;0;0;0;0;0;0;0;3236;0;0;89;0;80;0;
21939;4752493;1016602624;24260608;1118597120;0;0;0;0;0;0;0;0;0;0;0;2154;0;0;89;0;80;0;
21940;3948646;1016602624;24260608;1118597120;0;0;0;0;0;0;0;0;0;0;0;3707;0;0;89;0;80;0;
21941;4911230;1016602624;24260608;1118597120;0;0;0;0;0;0;0;0;0;0;0;2835;0;0;89;0;80;0;
21942;5135491;1016602624;24260608;1118597120;0;0;0;0;0;0;0;0;0;0;0;3937;0;0;89;0;80;0;
21943;6173929;1016602624;24260608;1118597120;0;0;0;0;0;0;0;0;0;0;0;2765;0;0;89;0;80;0;
21944;4181522;1016602624;24260608;1118597120;0;0;0;0;0;0;0;0;0;0;0;3457;0;0;89;0;80;0;
21945;5233164;1016602624;24260608;1118597120;0;0;0;0;0;0;0;0;0;0;0;3126;0;0;89;0;80;0;
21946;4040648;1016602624;24260608;1118597120;0;0;0;0;0;0;0;0;0;0;0;2776;0;0;89;0;80;0;
21947;6300415;1016602624;24260608;1118597120;0;0;0;0;0;0;0;0;0;0;0;2465;0;0;89;0;80;0;
21948;3914752;1016602624;24260608;1118597120;0;0;0;0;0;0;0;0;0;0;0;3908;0;0;89;0;80;0;
21949;5776092;1020313600;31825920;1126162432;0;0;0;0;0;0;0;0;0;0;0;3176;0;0;89;0;80;0;
21950;4060816;1020313600;31825920;1126162432;0;0;0;0;0;0;0;0;0;0;0;3457;0;0;89;0;80;0;
21951;6398260;1024032768;31825920;1126162432;0;0;0;0;0;0;0;0;0;0;0;2815;0;0;89;0;80;0;
21952;3880598;1024032768;31825920;1126162432;0;0;0;0;0;0;0;0;0;0;0;3086;0;0;89;0;80;0;
21953;5964957;1024032768;31825920;1126162432;0;0;0;0;0;0;0;0;0;0;0;3927;0;0;89;0;80;0;
21954;3453517;1024032768;31825920;1126162432;0;0;0;0;0;0;0;0;0;0;0;2885;0;0;89;0;80;0;
21955;5417069;1024032768;31825920;1126162432;0;0;0;0;0;0;0;0;0;0;0;2635;0;0;89;0;80;0;
21956;4542449;1015144448;20713472;1115049984;0;0;0;0;0;0;0;0;0;0;0;3387;0;0;89;0;80;0;
21957;6058982;1015144448;20713472;1115049984;0;0;0;0;0;0;0;0;0;0;0;11241;0;0;89;0;80;0;
21958;3846594;1015144448;20713472;1115049984;0;0;0;0;0;0;0;0;0;0;0;3336;0;0;89;0;80;0;
21959;5657120;1015144448;20713472;1115049984;0;0;0;0;0;0;0;0;0;0;0;2855;0;0;89;0;80;0;
21960;4766018;1015144448;20713472;1115049984;0;0;0;0;0;0;0;0;0;0;0;3988;0;0;89;0;80;0;
21961;4880122;1015144448;20713472;1115049984;0;0;0;0;0;0;0;0;0;0;0;2725;0;0;89;0;80;0;
21962;4794471;1015144448;20713472;1115049984;0;0;0;0;0;0;0;0;0;0;0;2545;0;0;89;0;80;0;
21963;5308545;1015144448;20713472;1115049984;0;0;0;0;0;0;0;0;0;0;0;2174;0;0;89;0;80;0;
21964;4030419;1015144448;20713472;1115049984;0;0;0;0;0;0;0;0;0;0;0;3928;0;0;89;0;80;0;
21965;5767927;1015144448;20713472;1115049984;0;0;0;0;0;0;0;0;0;0;0;3106;0;0;89;0;80;0;
21966;3765762;1015144448;20713472;1115049984;0;0;0;0;0;0;0;0;0;0;0;2886;0;0;89;0;80;0;
21967;4686298;1015144448;20713472;1115049984;0;0;0;0;0;0;0;0;0;0;0;2234;0;0;89;0;80;0;
21968;2668825;1015144448;20713472;1115049984;0;0;0;0;0;0;0;0;0;0;0;2685;0;0;89;0;80;0;
21969;5418171;1015144448;20713472;1115049984;0;0;0;0;0;0;0;0;0;0;0;2214;0;0;89;0;80;0;
21970;4062098;1015144448;20713472;1115049984;0;0;0;0;0;0;0;0;0;0;0;3467;0;0;89;0;80;0;
21971;6013988;1015144448;20713472;1115049984;0;0;0;0;0;0;0;0;0;0;0;2084;0;0;89;0;80;0;
21972;3608687;1015144448;20713472;1115049984;0;0;0;0;0;0;0;0;0;0;0;2755;0;0;89;0;80;0;
21973;5790459;1019871232;31825920;1126162432;0;0;0;0;0;0;0;0;0;0;0;1783;0;0;89;0;80;0;
21974;4373913;1019871232;31825920;1126162432;0;0;0;0;0;0;0;0;0;0;0;3206;0;0;89;0;80;0;
21975;6167517;1024065536;31825920;1126162432;0;0;0;0;0;0;0;0;0;0;0;2836;0;0;89;0;80;0;
21976;4810922;1024065536;31825920;1126162432;0;0;0;0;0;0;0;0;0;0;0;3246;0;0;89;0;80;0;
21977;6065986;1024065536;31825920;1126162432;0;0;0;0;0;0;0;0;0;0;0;2605;0;0;89;0;80;0;
21978;4008778;1024065536;31825920;1126162432;0;0;0;0;0;0;0;0;0;0;0;2575;0;0;89;0;80;0;
21979;5490938;1024065536;31825920;1126162432;0;0;0;0;0;0;0;0;0;0;0;2545;0;0;89;0;80;0;
21980;3192508;1016602624;24260608;1118597120;0;0;0;0;0;0;0;0;0;0;0;2194;0;0;89;0;80;0;
21981;5432057;1016602624;24260608;1118597120;0;0;0;0;0;0;0;0;0;0;0;1894;0;0;89;0;80;0;
21982;3902369;1016602624;24260608;1118597120;0;0;0;0;0;0;0;0;0;0;0;2835;0;0;89;0;80;0;
21983;5604390;1016602624;24260608;1118597120;0;0;0;0;0;0;0;0;0;0;0;2604;0;0;89;0;80;0;
21984;4822474;1016602624;24260608;1118597120;0;0;0;0;0;0;0;0;0;0;0;3636;0;0;89;0;80;0;
21985;6311858;1016602624;24260608;1118597120;0;0;0;0;0;0;0;0;0;0;0;3005;0;0;89;0;80;0;
21986;4693122;1016602624;24260608;1118597120;0;0;0;0;0;0;0;0;0;0;0;4007;0;0;89;0;80;0;
21987;6599647;1016602624;24260608;1118597120;0;0;0;0;0;0;0;0;0;0;0;3496;0;0;89;0;80;0;
21988;4201309;1016602624;24260608;1118597120;0;0;0;0;0;0;0;0;0;0;0;3777;0;0;89;0;80;0;
21989;6247567;1016602624;24260608;1118597120;0;0;0;0;0;0;0;0;0;0;0;2865;0;0;89;0;80;0;
21990;3167861;1016602624;24260608;1118597120;0;0;0;0;0;0;0;0;0;0;0;3296;0;0;89;0;80;0;
21991;5089424;1016602624;24260608;1118597120;0;0;0;0;0;0;0;0;0;0;0;2835;0;0;89;0;80;0;
21992;4989577;1016602624;24260608;1118597120;0;0;0;0;0;0;0;0;0;0;0;2504;0;0;89;0;80;0;
21993;4858763;1016602624;24260608;1118597120;0;0;0;0;0;0;0;0;0;0;0;1873;0;0;89;0;80;0;
21994;6722537;1016602624;24260608;1118597120;0;0;0;0;0;0;0;0;0;0;0;6031;0;0;89;0;80;0;
21995;6167035;1016602624;24260608;1118597120;0;0;0;0;0;0;0;0;0;0;0;4428;0;0;89;0;80;0;
21996;6272844;1016602624;24260608;1118597120;0;0;0;0;0;0;0;0;0;0;0;4167;0;0;89;0;80;0;
21997;7509293;1020313600;31825920;1126162432;0;0;0;0;0;0;0;0;0;0;0;4488;0;0;89;0;80;0;
21998;5606635;1020313600;31825920;1126162432;0;0;0;0;0;0;0;0;0;0;0;4398;0;0;89;0;80;0;
21999;5634667;1020313600;31825920;1126162432;0;0;0;0;0;0;0;0;0;0;0;2695;0;0;89;0;80;0;
22000;6267013;1020313600;31825920;1126162432;0;0;0;0;0;0;0;0;0;0;0;4278;0;0;89;0;80;0;
22001;6059694;1020313600;31825920;1126162432;0;0;0;0;0;0;0;0;0;0;0;3998;0;0;89;0;80;0;
22002;5461422;1020313600;31825920;1126162432;0;0;0;0;0;0;0;0;0;0;0;4458;0;0;89;0;80;0;
22003;6133082;1020313600;31825920;1126162432;0;0;0;0;0;0;0;0;0;0;0;5190;0;0;89;0;80;0;
22004;5994422;1020313600;31825920;1126162432;0;0;0;0;0;0;0;0;0;0;0;4448;0;0;89;0;80;0;
22005;7624770;1020313600;31825920;1126162432;0;0;0;0;0;0;0;0;0;0;0;4669;0;0;89;0;80;0;
22006;5740295;1016602624;24260608;1118597120;0;0;0;0;0;0;0;0;0;0;0;4478;0;0;89;0;80;0;
22007;6815161;1016602624;24260608;1118597120;0;0;0;0;0;0;0;0;0;0;0;4498;0;0;89;0;80;0;
22008;4155032;1016602624;24260608;1118597120;0;0;0;0;0;0;0;0;0;0;0;3567;0;0;89;0;80;0;
22009;6823106;1016602624;24260608;1118597120;0;0;0;0;0;0;0;0;0;0;0;3326;0;0;89;0;80;0;
22010;5048699;1016602624;24260608;1118597120;0;0;0;0;0;0;0;0;0;0;0;3637;0;0;89;0;80;0;
22011;8185481;1016602624;24260608;1118597120;0;0;0;0;0;0;0;0;0;0;0;132689;0;0;89;0;80;0;
22012;7732862;1016602624;24260608;1118597120;0;0;0;0;0;0;0;0;0;0;0;4619;0;0;89;0;80;0;
22013;5987528;1016602624;24260608;1118597120;0;0;0;0;0;0;0;0;0;0;0;4158;0;0;89;0;80;0;
22014;5287396;1016602624;24260608;1118597120;0;0;0;0;0;0;0;0;0;0;0;3416;0;0;89;0;80;0;
22015;5738522;1016602624;24260608;1118597120;0;0;0;0;0;0;0;0;0;0;0;4488;0;0;89;0;80;0;
22016;5126093;1016602624;24260608;1118597120;0;0;0;0;0;0;0;0;0;0;0;3426;0;0;89;0;80;0;
22017;6158489;1016602624;24260608;1118597120;0;0;0;0;0;0;0;0;0;0;0;2885;0;0;89;0;80;0;
22018;5174885;1016602624;24260608;1118597120;0;0;0;0;0;0;0;0;0;0;0;4348;0;0;89;0;80;0;
22019;6102855;1016602624;24260608;1118597120;0;0;0;0;0;0;0;0;0;0;0;2996;0;0;89;0;80;0;
22020;6696980;1016602624;24260608;1118597120;0;0;0;0;0;0;0;0;0;0;0;4057;0;0;89;0;80;0;
22021;5776242;1016602624;24260608;1118597120;0;0;0;0;0;0;0;0;0;0;0;3276;0;0;89;0;80;0;
22022;4511290;1016602624;24260608;1118597120;0;0;0;0;0;0;0;0;0;0;0;3667;0;0;89;0;80;0;
22023;5464819;1016602624;24260608;1118597120;0;0;0;0;0;0;0;0;0;0;0;2926;0;0;89;0;80;0;
22024;6196090;1016602624;24260608;1118597120;0;0;0;0;0;0;0;0;0;0;0;3526;0;0;89;0;80;0;
22025;15265588;1016602624;24260608;1118597120;0;0;0;0;0;0;0;0;0;0;0;4298;0;0;89;0;80;0;
22026;5600914;1016602624;24260608;1118597120;0;0;0;0;0;0;0;0;0;0;0;4067;0;0;89;0;80;0;
22027;5740185;1016602624;24260608;1118597120;0;0;0;0;0;0;0;0;0;0;0;2665;0;0;89;0;80;0;
22028;4420951;1016602624;24260608;1118597120;0;0;0;0;0;0;0;0;0;0;0;3988;0;0;89;0;80;0;
22029;5185174;1016602624;24260608;1118597120;0;0;0;0;0;0;0;0;0;0;0;2915;0;0;89;0;80;0;
22030;5840283;1016602624;24260608;1118597120;0;0;0;0;0;0;0;0;0;0;0;4689;0;0;89;0;80;0;
22031;5592689;1016602624;24260608;1118597120;0;0;0;0;0;0;0;0;0;0;0;3006;0;0;89;0;80;0;
22032;6448503;1016602624;24260608;1118597120;0;0;0;0;0;0;0;0;0;0;0;4669;0;0;89;0;80;0;
22033;6740811;1016602624;24260608;1118597120;0;0;0;0;0;0;0;0;0;0;0;4418;0;0;89;0;80;0;
22034;4555443;1016602624;24260608;1118597120;0;0;0;0;0;0;0;0;0;0;0;3887;0;0;89;0;80;0;
22035;5446164;1016602624;24260608;1118597120;0;0;0;0;0;0;0;0;0;0;0;3055;0;0;89;0;80;0;
22036;4497625;1016602624;24260608;1118597120;0;0;0;0;0;0;0;0;0;0;0;3266;0;0;89;0;80;0;
22037;5988410;1016602624;24260608;1118597120;0;0;0;0;0;0;0;0;0;0;0;3296;0;0;89;0;80;0;
22038;6840629;1016602624;24260608;1118597120;0;0;0;0;0;0;0;0;0;0;0;4318;0;0;89;0;80;0;
22039;6190038;1016602624;24260608;1118597120;0;0;0;0;0;0;0;0;0;0;0;3847;0;0;89;0;80;0;
22040;5969725;1016602624;24260608;1118597120;0;0;0;0;0;0;0;0;0;0;0;3727;0;0;89;0;80;0;
22041;5735687;1016602624;24260608;1118597120;0;0;0;0;0;0;0;0;0;0;0;3316;0;0;89;0;80;0;
22042;4923985;1016602624;24260608;1118597120;0;0;0;0;0;0;0;0;0;0;0;3477;0;0;89;0;80;0;
22043;5653953;1020313600;31825920;1126162432;0;0;0;0;0;0;0;0;0;0;0;3296;0;0;89;0;80;0;
22044;3727350;1020313600;31825920;1126162432;0;0;0;0;0;0;0;0;0;0;0;3637;0;0;89;0;80;0;
22045;5688087;1020313600;31825920;1126162432;0;0;0;0;0;0;0;0;0;0;0;2304;0;0;89;0;80;0;
22046;4133352;1020313600;31825920;1126162432;0;0;0;0;0;0;0;0;0;0;0;3687;0;0;89;0;80;0;
22047;5877723;1020313600;31825920;1126162432;0;0;0;0;0;0;0;0;0;0;0;2916;0;0;89;0;80;0;
22048;4374685;1020313600;31825920;1126162432;0;0;0;0;0;0;0;0;0;0;0;3306;0;0;89;0;80;0;
22049;5973884;1020313600;31825920;1126162432;0;0;0;0;0;0;0;0;0;0;0;3827;0;0;89;0;80;0;
22050;4034607;1020313600;31825920;1126162432;0;0;0;0;0;0;0;0;0;0;0;3196;0;0;89;0;80;0;
22051;5521865;1020313600;31825920;1126162432;0;0;0;0;0;0;0;0;0;0;0;2825;0;0;89;0;80;0;
22052;4175771;1016602624;24260608;1118597120;0;0;0;0;0;0;0;0;0;0;0;3416;0;0;89;0;80;0;
22053;4939163;1016602624;24260608;1118597120;0;0;0;0;0;0;0;0;0;0;0;2495;0;0;89;0;80;0;
22054;4051729;1016602624;24260608;1118597120;0;0;0;0;0;0;0;0;0;0;0;3507;0;0;89;0;80;0;
22055;6269959;1016602624;24260608;1118597120;0;0;0;0;0;0;0;0;0;0;0;3045;0;0;89;0;80;0;
22056;4571503;1016602624;24260608;1118597120;0;0;0;0;0;0;0;0;0;0;0;3517;0;0;89;0;80;0;
22057;5359601;1016602624;24260608;1118597120;0;0;0;0;0;0;0;0;0;0;0;3116;0;0;89;0;80;0;
22058;5009344;1016602624;24260608;1118597120;0;0;0;0;0;0;0;0;0;0;0;3887;0;0;89;0;80;0;
22059;5977861;1016602624;24260608;1118597120;0;0;0;0;0;0;0;0;0;0;0;3898;0;0;89;0;80;0;
22060;4966093;1016602624;24260608;1118597120;0;0;0;0;0;0;0;0;0;0;0;3787;0;0;89;0;80;0;
22061;6226837;1016602624;24260608;1118597120;0;0;0;0;0;0;0;0;0;0;0;4067;0;0;89;0;80;0;
22062;4107854;1016602624;24260608;1118597120;0;0;0;0;0;0;0;0;0;0;0;9498;0;0;89;0;80;0;
22063;5373197;1016602624;24260608;1118597120;0;0;0;0;0;0;0;0;0;0;0;2945;0;0;89;0;80;0;
22064;4673194;1016602624;24260608;1118597120;0;0;0;0;0;0;0;0;0;0;0;3226;0;0;89;0;80;0;
22065;5913130;1016602624;24268800;1118605312;0;0;0;0;0;0;0;0;0;0;0;3867;0;0;89;0;80;0;
22066;4712728;1016602624;24268800;1118605312;0;0;0;0;0;0;0;0;0;0;0;3807;0;0;89;0;80;0;
22067;6283834;1016602624;24268800;1118605312;0;0;0;0;0;0;0;0;0;0;0;3216;0;0;89;0;80;0;
22068;5626271;1016602624;24268800;1118605312;0;0;0;0;0;0;0;0;0;0;0;4328;0;0;89;0;80;0;
22069;5420886;1016602624;24268800;1118605312;0;0;0;0;0;0;0;0;0;0;0;3346;0;0;89;0;80;0;
22070;5416338;1016602624;24268800;1118605312;0;0;0;0;0;0;0;0;0;0;0;4278;0;0;89;0;80;0;
22071;6530797;1016602624;24268800;1118605312;0;0;0;0;0;0;0;0;0;0;0;3667;0;0;89;0;80;0;
22072;4133903;1016602624;24260608;1118597120;0;0;0;0;0;0;0;0;0;0;0;4068;0;0;89;0;80;0;
22073;5732731;1016602624;24260608;1118597120;0;0;0;0;0;0;0;0;0;0;0;3155;0;0;89;0;80;0;
22074;4386416;1016602624;24260608;1118597120;0;0;0;0;0;0;0;0;0;0;0;4048;0;0;89;0;80;0;
22075;5687616;1016602624;24260608;1118597120;0;0;0;0;0;0;0;0;0;0;0;3667;0;0;89;0;80;0;
22076;4580339;1016602624;24260608;1118597120;0;0;0;0;0;0;0;0;0;0;0;3958;0;0;89;0;80;0;
22077;6298272;1016602624;24260608;1118597120;0;0;0;0;0;0;0;0;0;0;0;3577;0;0;89;0;80;0;
22078;4014749;1016602624;24260608;1118597120;0;0;0;0;0;0;0;0;0;0;0;4008;0;0;89;0;80;0;
22079;7549158;1016602624;24260608;1118597120;0;0;0;0;0;0;0;0;0;0;0;4058;0;0;89;0;80;0;
22080;5351045;1016602624;24260608;1118597120;0;0;0;0;0;0;0;0;0;0;0;4228;0;0;89;0;80;0;
22081;6758865;1016602624;24260608;1118597120;0;0;0;0;0;0;0;0;0;0;0;4538;0;0;89;0;80;0;
22082;4409549;1016602624;24260608;1118597120;0;0;0;0;0;0;0;0;0;0;0;3757;0;0;89;0;80;0;
22083;6442643;1016602624;24260608;1118597120;0;0;0;0;0;0;0;0;0;0;0;3075;0;0;89;0;80;0;
22084;6548942;1016602624;24260608;1118597120;0;0;0;0;0;0;0;0;0;0;0;3797;0;0;89;0;80;0;
22085;5619509;1016602624;24260608;1118597120;0;0;0;0;0;0;0;0;0;0;0;3747;0;0;89;0;80;0;
22086;6011334;1016602624;24260608;1118597120;0;0;0;0;0;0;0;0;0;0;0;3997;0;0;89;0;80;0;
22087;6121180;1016602624;24260608;1118597120;0;0;0;0;0;0;0;0;0;0;0;4017;0;0;89;0;80;0;
22088;5889816;1016602624;24260608;1118597120;0;0;0;0;0;0;0;0;0;0;0;3546;0;0;89;0;80;0;
22089;6547048;1016602624;24260608;1118597120;0;0;0;0;0;0;0;0;0;0;0;3747;0;0;89;0;80;0;
22090;3668981;1016602624;24260608;1118597120;0;0;0;0;0;0;0;0;0;0;0;3517;0;0;89;0;80;0;
22091;12111905;1016602624;24260608;1118597120;0;0;0;0;0;0;0;0;0;0;0;3546;0;0;89;0;80;0;
22092;3979123;1016602624;24260608;1118597120;0;0;0;0;0;0;0;0;0;0;0;3456;0;0;89;0;80;0;
22093;6212692;1016602624;24260608;1118597120;0;0;0;0;0;0;0;0;0;0;0;2565;0;0;89;0;80;0;
22094;4761449;1016602624;24260608;1118597120;0;0;0;0;0;0;0;0;0;0;0;3386;0;0;89;0;80;0;
22095;5740336;1016602624;24260608;1118597120;0;0;0;0;0;0;0;0;0;0;0;3547;0;0;89;0;80;0;
22096;5800568;1016602624;24260608;1118597120;0;0;0;0;0;0;0;0;0;0;0;3446;0;0;89;0;80;0;
22097;6764366;1016602624;24260608;1118597120;0;0;0;0;0;0;0;0;0;0;0;3868;0;0;89;0;80;0;
22098;5193720;1016602624;24260608;1118597120;0;0;0;0;0;0;0;0;0;0;0;3868;0;0;89;0;80;0;
22099;6863812;1016602624;24260608;1118597120;0;0;0;0;0;0;0;0;0;0;0;3987;0;0;89;0;80;0;
22100;5552463;1016602624;24260608;1118597120;0;0;0;0;0;0;0;0;0;0;0;4548;0;0;89;0;80;0;
22101;7442517;1016602624;24260608;1118597120;0;0;0;0;0;0;0;0;0;0;0;4358;0;0;89;0;80;0;
22102;5522978;1016602624;24260608;1118597120;0;0;0;0;0;0;0;0;0;0;0;3857;0;0;89;0;80;0;
22103;6790605;1016602624;24260608;1118597120;0;0;0;0;0;0;0;0;0;0;0;4378;0;0;89;0;80;0;
22104;6828697;1016602624;24260608;1118597120;0;0;0;0;0;0;0;0;0;0;0;4037;0;0;89;0;80;0;
22105;6509718;1016602624;24260608;1118597120;0;0;0;0;0;0;0;0;0;0;0;4669;0;0;89;0;80;0;
22106;6063722;1016602624;24260608;1118597120;0;0;0;0;0;0;0;0;0;0;0;4578;0;0;89;0;80;0;
22107;8022105;1016602624;24260608;1118597120;0;0;0;0;0;0;0;0;0;0;0;4489;0;0;89;0;80;0;
22108;5535631;1016602624;24260608;1118597120;0;0;0;0;0;0;0;0;0;0;0;4258;0;0;89;0;80;0;
22109;7147915;1016602624;24260608;1118597120;0;0;0;0;0;0;0;0;0;0;0;3827;0;0;89;0;80;0;
22110;7450933;1016602624;24260608;1118597120;0;0;0;0;0;0;0;0;0;0;0;4689;0;0;89;0;80;0;
22111;6056649;1016602624;24260608;1118597120;0;0;0;0;0;0;0;0;0;0;0;3436;0;0;89;0;80;0;
22112;6633591;1016602624;24260608;1118597120;0;0;0;0;0;0;0;0;0;0;0;3717;0;0;89;0;80;0;
22113;5436335;1016602624;24260608;1118597120;0;0;0;0;0;0;0;0;0;0;0;3507;0;0;89;0;80;0;
22114;6222710;1016602624;24260608;1118597120;0;0;0;0;0;0;0;0;0;0;0;4027;0;0;89;0;80;0;
22115;6731985;1016602624;24260608;1118597120;0;0;0;0;0;0;0;0;0;0;0;4819;0;0;89;0;80;0;
22116;6280188;1016602624;24260608;1118597120;0;0;0;0;0;0;0;0;0;0;0;4218;0;0;89;0;80;0;
22117;6871768;1016602624;24260608;1118597120;0;0;0;0;0;0;0;0;0;0;0;3707;0;0;89;0;80;0;
22118;3986055;1016602624;24260608;1118597120;0;0;0;0;0;0;0;0;0;0;0;3236;0;0;89;0;80;0;
22119;5748431;1016602624;24260608;1118597120;0;0;0;0;0;0;0;0;0;0;0;2645;0;0;89;0;80;0;
22120;6008949;1016602624;24260608;1118597120;0;0;0;0;0;0;0;0;0;0;0;2915;0;0;89;0;80;0;
22121;5194462;1016602624;24260608;1118597120;0;0;0;0;0;0;0;0;0;0;0;3727;0;0;89;0;80;0;
22122;4358203;1016602624;24260608;1118597120;0;0;0;0;0;0;0;0;0;0;0;3206;0;0;89;0;80;0;
22123;6199246;1016602624;24260608;1118597120;0;0;0;0;0;0;0;0;0;0;0;2495;0;0;89;0;80;0;
22124;5391611;1016602624;24260608;1118597120;0;0;0;0;0;0;0;0;0;0;0;3276;0;0;89;0;80;0;
22125;5174364;1016602624;24260608;1118597120;0;0;0;0;0;0;0;0;0;0;0;2906;0;0;89;0;80;0;
22126;5054379;1016602624;24260608;1118597120;0;0;0;0;0;0;0;0;0;0;0;3657;0;0;89;0;80;0;
22127;5824463;1016602624;24260608;1118597120;0;0;0;0;0;0;0;0;0;0;0;2685;0;0;89;0;80;0;
22128;5105074;1016602624;24260608;1118597120;0;0;0;0;0;0;0;0;0;0;0;4208;0;0;89;0;80;0;
22129;6250472;1016602624;24260608;1118597120;0;0;0;0;0;0;0;0;0;0;0;2805;0;0;89;0;80;0;
22130;4712137;1016602624;24260608;1118597120;0;0;0;0;0;0;0;0;0;0;0;3386;0;0;89;0;80;0;
22131;5471781;1016602624;24260608;1118597120;0;0;0;0;0;0;0;0;0;0;0;2585;0;0;89;0;80;0;
22132;5342389;1016602624;24260608;1118597120;0;0;0;0;0;0;0;0;0;0;0;3486;0;0;89;0;80;0;
22133;5248864;1016602624;24260608;1118597120;0;0;0;0;0;0;0;0;0;0;0;2765;0;0;89;0;80;0;
22134;4740500;1016602624;24260608;1118597120;0;0;0;0;0;0;0;0;0;0;0;3627;0;0;89;0;80;0;
22135;5247591;1016602624;24260608;1118597120;0;0;0;0;0;0;0;0;0;0;0;3066;0;0;89;0;80;0;
22136;5013042;1016602624;24260608;1118597120;0;0;0;0;0;0;0;0;0;0;0;3045;0;0;89;0;80;0;
22137;5262640;1016602624;24260608;1118597120;0;0;0;0;0;0;0;0;0;0;0;2895;0;0;89;0;80;0;
22138;5654925;1016602624;24260608;1118597120;0;0;0;0;0;0;0;0;0;0;0;3447;0;0;89;0;80;0;
22139;4657875;1016602624;24260608;1118597120;0;0;0;0;0;0;0;0;0;0;0;2635;0;0;89;0;80;0;
22140;4427894;1016602624;24260608;1118597120;0;0;0;0;0;0;0;0;0;0;0;3257;0;0;89;0;80;0;
22141;5030264;1016602624;24260608;1118597120;0;0;0;0;0;0;0;0;0;0;0;2635;0;0;89;0;80;0;
22142;4157647;1016602624;24260608;1118597120;0;0;0;0;0;0;0;0;0;0;0;3286;0;0;89;0;80;0;
22143;5443468;1016602624;24260608;1118597120;0;0;0;0;0;0;0;0;0;0;0;2706;0;0;89;0;80;0;
22144;4163418;1016602624;24260608;1118597120;0;0;0;0;0;0;0;0;0;0;0;3106;0;0;89;0;80;0;
22145;5068846;1016602624;24260608;1118597120;0;0;0;0;0;0;0;0;0;0;0;2876;0;0;89;0;80;0;
22146;4099979;1016602624;24260608;1118597120;0;0;0;0;0;0;0;0;0;0;0;3757;0;0;89;0;80;0;
22147;5814575;1016602624;24260608;1118597120;0;0;0;0;0;0;0;0;0;0;0;3387;0;0;89;0;80;0;
22148;3657369;1016602624;24260608;1118597120;0;0;0;0;0;0;0;0;0;0;0;3657;0;0;89;0;80;0;
22149;6063982;1016602624;24260608;1118597120;0;0;0;0;0;0;0;0;0;0;0;3687;0;0;89;0;80;0;
22150;4030348;1016602624;24260608;1118597120;0;0;0;0;0;0;0;0;0;0;0;3877;0;0;89;0;80;0;
22151;6016343;1016602624;24260608;1118597120;0;0;0;0;0;0;0;0;0;0;0;3567;0;0;89;0;80;0;
22152;4325572;1016602624;24260608;1118597120;0;0;0;0;0;0;0;0;0;0;0;3156;0;0;89;0;80;0;
22153;5502259;1016602624;24268800;1118605312;0;0;0;0;0;0;0;0;0;0;0;3677;0;0;89;0;80;0;
22154;3515953;1016602624;24268800;1118605312;0;0;0;0;0;0;0;0;0;0;0;3176;0;0;89;0;80;0;
22155;6235364;1016602624;24268800;1118605312;0;0;0;0;0;0;0;0;0;0;0;3777;0;0;89;0;80;0;
22156;5202236;1016602624;24268800;1118605312;0;0;0;0;0;0;0;0;0;0;0;3036;0;0;89;0;80;0;
22157;4914036;1016602624;24268800;1118605312;0;0;0;0;0;0;0;0;0;0;0;3366;0;0;89;0;80;0;
22158;4724931;1016602624;24268800;1118605312;0;0;0;0;0;0;0;0;0;0;0;3767;0;0;89;0;80;0;
22159;5536223;1016602624;24268800;1118605312;0;0;0;0;0;0;0;0;0;0;0;2815;0;0;89;0;80;0;
22160;3558032;1016602624;24260608;1118597120;0;0;0;0;0;0;0;0;0;0;0;3357;0;0;89;0;80;0;
22161;5747008;1022406656;31825920;1126162432;0;0;0;0;0;0;0;0;0;0;0;3216;0;0;89;0;80;0;
22162;4499057;1022406656;31825920;1126162432;0;0;0;0;0;0;0;0;0;0;0;3015;0;0;89;0;80;0;
22163;4546477;1022406656;31825920;1126162432;0;0;0;0;0;0;0;0;0;0;0;2154;0;0;89;0;80;0;
22164;4321545;1022406656;31825920;1126162432;0;0;0;0;0;0;0;0;0;0;0;3537;0;0;89;0;80;0;
22165;4886594;1022406656;31825920;1126162432;0;0;0;0;0;0;0;0;0;0;0;2776;0;0;89;0;80;0;
22166;4181151;1022406656;31825920;1126162432;0;0;0;0;0;0;0;0;0;0;0;3436;0;0;89;0;80;0;
22167;4603503;1022406656;31825920;1126162432;0;0;0;0;0;0;0;0;0;0;0;2565;0;0;89;0;80;0;
22168;3505825;1022406656;31825920;1126162432;0;0;0;0;0;0;0;0;0;0;0;3877;0;0;89;0;80;0;
22169;4759656;1022406656;31825920;1126162432;0;0;0;0;0;0;0;0;0;0;0;2124;0;0;89;0;80;0;
22170;3977159;1016602624;24260608;1118597120;0;0;0;0;0;0;0;0;0;0;0;3737;0;0;89;0;80;0;
22171;5287035;1016602624;24260608;1118597120;0;0;0;0;0;0;0;0;0;0;0;3196;0;0;89;0;80;0;
22172;2582293;1016602624;24260608;1118597120;0;0;0;0;0;0;0;0;0;0;0;3216;0;0;89;0;80;0;
22173;5174925;1016602624;24260608;1118597120;0;0;0;0;0;0;0;0;0;0;0;2966;0;0;89;0;80;0;
22174;3237140;1016602624;24260608;1118597120;0;0;0;0;0;0;0;0;0;0;0;2915;0;0;89;0;80;0;
22175;5371624;1016602624;24260608;1118597120;0;0;0;0;0;0;0;0;0;0;0;3056;0;0;89;0;80;0;
22176;3088592;1016602624;24260608;1118597120;0;0;0;0;0;0;0;0;0;0;0;3446;0;0;89;0;80;0;
22177;5212485;1016602624;24260608;1118597120;0;0;0;0;0;0;0;0;0;0;0;2705;0;0;89;0;80;0;
22178;4318148;1016602624;24260608;1118597120;0;0;0;0;0;0;0;0;0;0;0;3907;0;0;89;0;80;0;
22179;4941878;1016602624;24260608;1118597120;0;0;0;0;0;0;0;0;0;0;0;2615;0;0;89;0;80;0;
22180;3066040;1016602624;24260608;1118597120;0;0;0;0;0;0;0;0;0;0;0;3277;0;0;89;0;80;0;
22181;4587704;1016602624;24260608;1118597120;0;0;0;0;0;0;0;0;0;0;0;2344;0;0;89;0;80;0;
22182;3506777;1016602624;24260608;1118597120;0;0;0;0;0;0;0;0;0;0;0;3387;0;0;89;0;80;0;
22183;4388159;1016602624;24260608;1118597120;0;0;0;0;0;0;0;0;0;0;0;2275;0;0;89;0;80;0;
22184;3107537;1016602624;24260608;1118597120;0;0;0;0;0;0;0;0;0;0;0;3166;0;0;89;0;80;0;
22185;5791471;1016602624;24260608;1118597120;0;0;0;0;0;0;0;0;0;0;0;3517;0;0;89;0;80;0;
22186;3796780;1016602624;24260608;1118597120;0;0;0;0;0;0;0;0;0;0;0;3747;0;0;89;0;80;0;
22187;5639215;1016602624;24260608;1118597120;0;0;0;0;0;0;0;0;0;0;0;3246;0;0;89;0;80;0;
22188;3253471;1016602624;24260608;1118597120;0;0;0;0;0;0;0;0;0;0;0;3757;0;0;89;0;80;0;
22189;5351937;1016602624;24260608;1118597120;0;0;0;0;0;0;0;0;0;0;0;3897;0;0;89;0;80;0;
22190;3721890;1016602624;24260608;1118597120;0;0;0;0;0;0;0;0;0;0;0;3667;0;0;89;0;80;0;
22191;5488884;1016602624;24260608;1118597120;0;0;0;0;0;0;0;0;0;0;0;3226;0;0;89;0;80;0;
22192;3481008;1016602624;24260608;1118597120;0;0;0;0;0;0;0;0;0;0;0;3567;0;0;89;0;80;0;
22193;5120513;1016602624;24260608;1118597120;0;0;0;0;0;0;0;0;0;0;0;2915;0;0;89;0;80;0;
22194;4446939;1016602624;24260608;1118597120;0;0;0;0;0;0;0;0;0;0;0;3376;0;0;89;0;80;0;
22195;5095255;1016602624;24260608;1118597120;0;0;0;0;0;0;0;0;0;0;0;2896;0;0;89;0;80;0;
22196;4182774;1016602624;24260608;1118597120;0;0;0;0;0;0;0;0;0;0;0;2746;0;0;89;0;80;0;
22197;5482181;1016602624;24260608;1118597120;0;0;0;0;0;0;0;0;0;0;0;2104;0;0;89;0;80;0;
22198;4199766;1016602624;24260608;1118597120;0;0;0;0;0;0;0;0;0;0;0;4078;0;0;89;0;80;0;
22199;5086670;1016602624;24260608;1118597120;0;0;0;0;0;0;0;0;0;0;0;2645;0;0;89;0;80;0;
22200;4286409;1016602624;24260608;1118597120;0;0;0;0;0;0;0;0;0;0;0;3146;0;0;89;0;80;0;
22201;4649660;1016602624;24260608;1118597120;0;0;0;0;0;0;0;0;0;0;0;2254;0;0;89;0;80;0;
22202;3888472;1016602624;24260608;1118597120;0;0;0;0;0;0;0;0;0;0;0;3246;0;0;89;0;80;0;
22203;4795253;1016602624;24260608;1118597120;0;0;0;0;0;0;0;0;0;0;0;2395;0;0;89;0;80;0;
22204;4767491;1016602624;24260608;1118597120;0;0;0;0;0;0;0;0;0;0;0;3156;0;0;89;0;80;0;
22205;5132937;1016602624;24260608;1118597120;0;0;0;0;0;0;0;0;0;0;0;2705;0;0;89;0;80;0;
22206;3557111;1016602624;24260608;1118597120;0;0;0;0;0;0;0;0;0;0;0;3256;0;0;89;0;80;0;
22207;4791967;1016602624;24260608;1118597120;0;0;0;0;0;0;0;0;0;0;0;3096;0;0;89;0;80;0;
22208;3646068;1016602624;24260608;1118597120;0;0;0;0;0;0;0;0;0;0;0;3005;0;0;89;0;80;0;
22209;4851027;1016602624;24260608;1118597120;0;0;0;0;0;0;0;0;0;0;0;2635;0;0;89;0;80;0;
22210;3280583;1016602624;24260608;1118597120;0;0;0;0;0;0;0;0;0;0;0;3136;0;0;89;0;80;0;
22211;5797062;1016602624;24260608;1118597120;0;0;0;0;0;0;0;0;0;0;0;3346;0;0;89;0;80;0;
22212;3903490;1016602624;24260608;1118597120;0;0;0;0;0;0;0;0;0;0;0;2975;0;0;89;0;80;0;
22213;5920102;1016602624;24260608;1118597120;0;0;0;0;0;0;0;0;0;0;0;3307;0;0;89;0;80;0;
22214;4239751;1016602624;24260608;1118597120;0;0;0;0;0;0;0;0;0;0;0;3586;0;0;89;0;80;0;
22215;5612385;1016602624;24260608;1118597120;0;0;0;0;0;0;0;0;0;0;0;3066;0;0;89;0;80;0;
22216;3139739;1016602624;24260608;1118597120;0;0;0;0;0;0;0;0;0;0;0;3156;0;0;89;0;80;0;
22217;5654564;1016602624;24260608;1118597120;0;0;0;0;0;0;0;0;0;0;0;2795;0;0;89;0;80;0;
22218;2757191;1016602624;24260608;1118597120;0;0;0;0;0;0;0;0;0;0;0;2825;0;0;89;0;80;0;
22219;5229567;1016602624;24260608;1118597120;0;0;0;0;0;0;0;0;0;0;0;2244;0;0;89;0;80;0;
22220;2411462;1016602624;24260608;1118597120;0;0;0;0;0;0;0;0;0;0;0;3737;0;0;89;0;80;0;
22221;5022429;1016602624;24260608;1118597120;0;0;0;0;0;0;0;0;0;0;0;61485;0;0;89;0;80;0;
22222;3450922;1016602624;24260608;1118597120;0;0;0;0;0;0;0;0;0;0;0;3286;0;0;89;0;80;0;
22223;5449069;1016602624;24260608;1118597120;0;0;0;0;0;0;0;0;0;0;0;2786;0;0;89;0;80;0;
22224;2909717;1016602624;24260608;1118597120;0;0;0;0;0;0;0;0;0;0;0;2876;0;0;89;0;80;0;
22225;5017530;1016602624;24260608;1118597120;0;0;0;0;0;0;0;0;0;0;0;2986;0;0;89;0;80;0;
22226;2625344;1016602624;24260608;1118597120;0;0;0;0;0;0;0;0;0;0;0;2565;0;0;89;0;80;0;
22227;4541297;1016602624;24260608;1118597120;0;0;0;0;0;0;0;0;0;0;0;2124;0;0;89;0;80;0;
22228;3451242;1016602624;24260608;1118597120;0;0;0;0;0;0;0;0;0;0;0;3546;0;0;89;0;80;0;
22229;5535461;1016602624;24260608;1118597120;0;0;0;0;0;0;0;0;0;0;0;3136;0;0;89;0;80;0;
22230;2675678;1016602624;24260608;1118597120;0;0;0;0;0;0;0;0;0;0;0;2595;0;0;89;0;80;0;
22231;5037197;1016602624;24260608;1118597120;0;0;0;0;0;0;0;0;0;0;0;1964;0;0;89;0;80;0;
22232;3068164;1016602624;24260608;1118597120;0;0;0;0;0;0;0;0;0;0;0;2645;0;0;89;0;80;0;
22233;4399741;1016602624;24260608;1118597120;0;0;0;0;0;0;0;0;0;0;0;1683;0;0;89;0;80;0;
22234;2762751;1016602624;24260608;1118597120;0;0;0;0;0;0;0;0;0;0;0;2976;0;0;89;0;80;0;
22235;5253192;1016602624;24260608;1118597120;0;0;0;0;0;0;0;0;0;0;0;2094;0;0;89;0;80;0;
22236;3393694;1016602624;24260608;1118597120;0;0;0;0;0;0;0;0;0;0;0;3236;0;0;89;0;80;0;
22237;4453182;1016602624;24260608;1118597120;0;0;0;0;0;0;0;0;0;0;0;2174;0;0;89;0;80;0;
22238;2752963;1016602624;24260608;1118597120;0;0;0;0;0;0;0;0;0;0;0;2735;0;0;89;0;80;0;
22239;4915759;1016602624;24260608;1118597120;0;0;0;0;0;0;0;0;0;0;0;2124;0;0;89;0;80;0;
22240;3816678;1016602624;24260608;1118597120;0;0;0;0;0;0;0;0;0;0;0;4228;0;0;89;0;80;0;
22241;4967426;1016602624;24260608;1118597120;0;0;0;0;0;0;0;0;0;0;0;2795;0;0;89;0;80;0;
22242;3636390;1016602624;24260608;1118597120;0;0;0;0;0;0;0;0;0;0;0;2935;0;0;89;0;80;0;
22243;4885963;1016602624;24260608;1118597120;0;0;0;0;0;0;0;0;0;0;0;2495;0;0;89;0;80;0;
22244;3321599;1016602624;24260608;1118597120;0;0;0;0;0;0;0;0;0;0;0;2945;0;0;89;0;80;0;
22245;4389051;1016602624;24260608;1118597120;0;0;0;0;0;0;0;0;0;0;0;2204;0;0;89;0;80;0;
22246;3425344;1016602624;24260608;1118597120;0;0;0;0;0;0;0;0;0;0;0;3456;0;0;89;0;80;0;
22247;5316941;1016602624;24260608;1118597120;0;0;0;0;0;0;0;0;0;0;0;2875;0;0;89;0;80;0;
22248;4002567;1016602624;24260608;1118597120;0;0;0;0;0;0;0;0;0;0;0;3196;0;0;89;0;80;0;
22249;4544623;1016602624;24260608;1118597120;0;0;0;0;0;0;0;0;0;0;0;2004;0;0;89;0;80;0;
22250;3585895;1016602624;24260608;1118597120;0;0;0;0;0;0;0;0;0;0;0;3727;0;0;89;0;80;0;
22251;5543716;1016602624;24260608;1118597120;0;0;0;0;0;0;0;0;0;0;0;2755;0;0;89;0;80;0;
22252;3426335;1016602624;24260608;1118597120;0;0;0;0;0;0;0;0;0;0;0;3577;0;0;89;0;80;0;
22253;4822575;1016602624;24260608;1118597120;0;0;0;0;0;0;0;0;0;0;0;2384;0;0;89;0;80;0;
22254;2909587;1016602624;24260608;1118597120;0;0;0;0;0;0;0;0;0;0;0;3226;0;0;89;0;80;0;
22255;5960087;1022406656;31825920;1126162432;0;0;0;0;0;0;0;0;0;0;0;3556;0;0;89;0;80;0;
22256;3457304;1022406656;31825920;1126162432;0;0;0;0;0;0;0;0;0;0;0;3516;0;0;89;0;80;0;
22257;5165217;1022406656;31825920;1126162432;0;0;0;0;0;0;0;0;0;0;0;3376;0;0;89;0;80;0;
22258;3631831;1022406656;31825920;1126162432;0;0;0;0;0;0;0;0;0;0;0;3196;0;0;89;0;80;0;
22259;5477723;1022406656;31825920;1126162432;0;0;0;0;0;0;0;0;0;0;0;2865;0;0;89;0;80;0;
22260;2220364;1022406656;31825920;1126162432;0;0;0;0;0;0;0;0;0;0;0;3216;0;0;89;0;80;0;
22261;5583601;1022406656;31825920;1126162432;0;0;0;0;0;0;0;0;0;0;0;3056;0;0;89;0;80;0;
22262;2367710;1022406656;31825920;1126162432;0;0;0;0;0;0;0;0;0;0;0;2785;0;0;89;0;80;0;
22263;5646199;1022406656;31825920;1126162432;0;0;0;0;0;0;0;0;0;0;0;2986;0;0;89;0;80;0;
22264;2760797;1016602624;24260608;1118597120;0;0;0;0;0;0;0;0;0;0;0;2394;0;0;89;0;80;0;
22265;4872338;1016602624;24260608;1118597120;0;0;0;0;0;0;0;0;0;0;0;3216;0;0;89;0;80;0;
22266;2394150;1016602624;24260608;1118597120;0;0;0;0;0;0;0;0;0;0;0;2525;0;0;89;0;80;0;
22267;4471837;1016602624;24260608;1118597120;0;0;0;0;0;0;0;0;0;0;0;1983;0;0;89;0;80;0;
22268;3377194;1016602624;24260608;1118597120;0;0;0;0;0;0;0;0;0;0;0;3256;0;0;89;0;80;0;
22269;5066842;1016602624;24268800;1118605312;0;0;0;0;0;0;0;0;0;0;0;2765;0;0;89;0;80;0;
22270;3230538;1016602624;24268800;1118605312;0;0;0;0;0;0;0;0;0;0;0;3626;0;0;89;0;80;0;
22271;5133547;1016602624;24268800;1118605312;0;0;0;0;0;0;0;0;0;0;0;2264;0;0;89;0;80;0;
22272;3415475;1016602624;24268800;1118605312;0;0;0;0;0;0;0;0;0;0;0;3907;0;0;89;0;80;0;
22273;4873089;1016602624;24268800;1118605312;0;0;0;0;0;0;0;0;0;0;0;2404;0;0;89;0;80;0;
22274;2858230;1016602624;24268800;1118605312;0;0;0;0;0;0;0;0;0;0;0;3216;0;0;89;0;80;0;
22275;5119391;1016602624;24268800;1118605312;0;0;0;0;0;0;0;0;0;0;0;3296;0;0;89;0;80;0;
22276;3103000;1016602624;24260608;1118597120;0;0;0;0;0;0;0;0;0;0;0;3106;0;0;89;0;80;0;
22277;5308345;1016602624;24260608;1118597120;0;0;0;0;0;0;0;0;0;0;0;3767;0;0;89;0;80;0;
22278;2864862;1016602624;24260608;1118597120;0;0;0;0;0;0;0;0;0;0;0;3416;0;0;89;0;80;0;
22279;5479536;1016602624;24260608;1118597120;0;0;0;0;0;0;0;0;0;0;0;3085;0;0;89;0;80;0;
22280;3458356;1016602624;24260608;1118597120;0;0;0;0;0;0;0;0;0;0;0;3266;0;0;89;0;80;0;
22281;4764064;1016602624;24260608;1118597120;0;0;0;0;0;0;0;0;0;0;0;3647;0;0;89;0;80;0;
22282;2883818;1016602624;24260608;1118597120;0;0;0;0;0;0;0;0;0;0;0;3557;0;0;89;0;80;0;
22283;5721610;1016602624;24260608;1118597120;0;0;0;0;0;0;0;0;0;0;0;3557;0;0;89;0;80;0;
22284;2888517;1016602624;24260608;1118597120;0;0;0;0;0;0;0;0;0;0;0;3827;0;0;89;0;80;0;
22285;4974950;1016602624;24260608;1118597120;0;0;0;0;0;0;0;0;0;0;0;3166;0;0;89;0;80;0;
22286;3004765;1016602624;24260608;1118597120;0;0;0;0;0;0;0;0;0;0;0;3296;0;0;89;0;80;0;
22287;5365032;1016602624;24260608;1118597120;0;0;0;0;0;0;0;0;0;0;0;5561;0;0;89;0;80;0;
22288;3185233;1016602624;24260608;1118597120;0;0;0;0;0;0;0;0;0;0;0;3908;0;0;89;0;80;0;
22289;4883168;1016602624;24260608;1118597120;0;0;0;0;0;0;0;0;0;0;0;2194;0;0;89;0;80;0;
22290;2678924;1016602624;24260608;1118597120;0;0;0;0;0;0;0;0;0;0;0;2685;0;0;89;0;80;0;
22291;5206213;1016602624;24260608;1118597120;0;0;0;0;0;0;0;0;0;0;0;3136;0;0;89;0;80;0;
22292;2201960;1016602624;24260608;1118597120;0;0;0;0;0;0;0;0;0;0;0;2695;0;0;89;0;80;0;
22293;4722186;1016602624;24260608;1118597120;0;0;0;0;0;0;0;0;0;0;0;1844;0;0;89;0;80;0;
22294;2816022;1016602624;24260608;1118597120;0;0;0;0;0;0;0;0;0;0;0;2916;0;0;89;0;80;0;
22295;4510940;1016602624;24260608;1118597120;0;0;0;0;0;0;0;0;0;0;0;1773;0;0;89;0;80;0;
22296;2818837;1016602624;24260608;1118597120;0;0;0;0;0;0;0;0;0;0;0;2685;0;0;89;0;80;0;
22297;4511530;1016602624;24260608;1118597120;0;0;0;0;0;0;0;0;0;0;0;2044;0;0;89;0;80;0;
22298;3707943;1016602624;24260608;1118597120;0;0;0;0;0;0;0;0;0;0;0;3146;0;0;89;0;80;0;
22299;4378942;1016602624;24260608;1118597120;0;0;0;0;0;0;0;0;0;0;0;1883;0;0;89;0;80;0;
22300;3370821;1016602624;24260608;1118597120;0;0;0;0;0;0;0;0;0;0;0;3216;0;0;89;0;80;0;
22301;4775365;1016602624;24260608;1118597120;0;0;0;0;0;0;0;0;0;0;0;2114;0;0;89;0;80;0;
22302;2730400;1016602624;24260608;1118597120;0;0;0;0;0;0;0;0;0;0;0;3016;0;0;89;0;80;0;
22303;4370196;1016602624;24260608;1118597120;0;0;0;0;0;0;0;0;0;0;0;2314;0;0;89;0;80;0;
22304;3625219;1016602624;24260608;1118597120;0;0;0;0;0;0;0;0;0;0;0;2835;0;0;89;0;80;0;
22305;10360189;1016602624;24260608;1118597120;0;0;0;0;0;0;0;0;0;0;0;2175;0;0;89;0;80;0;
22306;4114346;1016602624;24260608;1118597120;0;0;0;0;0;0;0;0;0;0;0;3145;0;0;89;0;80;0;
22307;5127095;1016602624;24260608;1118597120;0;0;0;0;0;0;0;0;0;0;0;2425;0;0;89;0;80;0;
22308;3398944;1016602624;24260608;1118597120;0;0;0;0;0;0;0;0;0;0;0;2985;0;0;89;0;80;0;
22309;4791215;1016602624;24260608;1118597120;0;0;0;0;0;0;0;0;0;0;0;1954;0;0;89;0;80;0;
22310;2658325;1016602624;24260608;1118597120;0;0;0;0;0;0;0;0;0;0;0;2855;0;0;89;0;80;0;
22311;5286604;1016602624;24260608;1118597120;0;0;0;0;0;0;0;0;0;0;0;2114;0;0;89;0;80;0;
22312;3726488;1016602624;24260608;1118597120;0;0;0;0;0;0;0;0;0;0;0;3156;0;0;89;0;80;0;
22313;4360688;1016602624;24260608;1118597120;0;0;0;0;0;0;0;0;0;0;0;1843;0;0;89;0;80;0;
22314;3046053;1016602624;24260608;1118597120;0;0;0;0;0;0;0;0;0;0;0;2985;0;0;89;0;80;0;
22315;4552417;1016602624;24260608;1118597120;0;0;0;0;0;0;0;0;0;0;0;2585;0;0;89;0;80;0;
22316;3656418;1016602624;24260608;1118597120;0;0;0;0;0;0;0;0;0;0;0;3286;0;0;89;0;80;0;
22317;4550414;1016602624;24260608;1118597120;0;0;0;0;0;0;0;0;0;0;0;2144;0;0;89;0;80;0;
22318;3256848;1016602624;24260608;1118597120;0;0;0;0;0;0;0;0;0;0;0;3486;0;0;89;0;80;0;
22319;4487676;1016602624;24260608;1118597120;0;0;0;0;0;0;0;0;0;0;0;2585;0;0;89;0;80;0;
22320;3320728;1016602624;24260608;1118597120;0;0;0;0;0;0;0;0;0;0;0;3066;0;0;89;0;80;0;
22321;4644650;1016602624;24260608;1118597120;0;0;0;0;0;0;0;0;0;0;0;1973;0;0;89;0;80;0;
22322;3796620;1016602624;24260608;1118597120;0;0;0;0;0;0;0;0;0;0;0;2755;0;0;89;0;80;0;
22323;5280062;1016602624;24260608;1118597120;0;0;0;0;0;0;0;0;0;0;0;2194;0;0;89;0;80;0;
22324;3754240;1016602624;24260608;1118597120;0;0;0;0;0;0;0;0;0;0;0;2775;0;0;89;0;80;0;
22325;4566805;1016602624;24260608;1118597120;0;0;0;0;0;0;0;0;0;0;0;1803;0;0;89;0;80;0;
22326;3271155;1016602624;24260608;1118597120;0;0;0;0;0;0;0;0;0;0;0;3126;0;0;89;0;80;0;
22327;4790534;1016602624;24260608;1118597120;0;0;0;0;0;0;0;0;0;0;0;2745;0;0;89;0;80;0;
22328;3639546;1016602624;24260608;1118597120;0;0;0;0;0;0;0;0;0;0;0;2836;0;0;89;0;80;0;
22329;4478950;1016602624;24260608;1118597120;0;0;0;0;0;0;0;0;0;0;0;2245;0;0;89;0;80;0;
22330;3018370;1016602624;24260608;1118597120;0;0;0;0;0;0;0;0;0;0;0;3136;0;0;89;0;80;0;
22331;4975651;1016602624;24260608;1118597120;0;0;0;0;0;0;0;0;0;0;0;2074;0;0;89;0;80;0;
22332;3044820;1016602624;24260608;1118597120;0;0;0;0;0;0;0;0;0;0;0;2574;0;0;89;0;80;0;
22333;4406023;1016602624;24260608;1118597120;0;0;0;0;0;0;0;0;0;0;0;2445;0;0;89;0;80;0;
22334;2711014;1016602624;24260608;1118597120;0;0;0;0;0;0;0;0;0;0;0;3156;0;0;89;0;80;0;
22335;4523523;1016602624;24260608;1118597120;0;0;0;0;0;0;0;0;0;0;0;1764;0;0;89;0;80;0;
22336;3517086;1016602624;24260608;1118597120;0;0;0;0;0;0;0;0;0;0;0;2675;0;0;89;0;80;0;
22337;5720668;1016602624;24260608;1118597120;0;0;0;0;0;0;0;0;0;0;0;3567;0;0;89;0;80;0;
22338;2341060;1016602624;24260608;1118597120;0;0;0;0;0;0;0;0;0;0;0;3286;0;0;89;0;80;0;
22339;4620795;1016602624;24260608;1118597120;0;0;0;0;0;0;0;0;0;0;0;2935;0;0;89;0;80;0;
22340;2944993;1016602624;24260608;1118597120;0;0;0;0;0;0;0;0;0;0;0;3937;0;0;89;0;80;0;
22341;5155339;1016602624;24260608;1118597120;0;0;0;0;0;0;0;0;0;0;0;2905;0;0;89;0;80;0;
22342;2440678;1016602624;24260608;1118597120;0;0;0;0;0;0;0;0;0;0;0;3085;0;0;89;0;80;0;
22343;5158374;1016602624;24260608;1118597120;0;0;0;0;0;0;0;0;0;0;0;2796;0;0;89;0;80;0;
22344;2641534;1016602624;24260608;1118597120;0;0;0;0;0;0;0;0;0;0;0;2916;0;0;89;0;80;0;
22345;5309377;1016602624;24260608;1118597120;0;0;0;0;0;0;0;0;0;0;0;3727;0;0;89;0;80;0;
22346;2722546;1016602624;24260608;1118597120;0;0;0;0;0;0;0;0;0;0;0;2915;0;0;89;0;80;0;
22347;4923915;1016602624;24260608;1118597120;0;0;0;0;0;0;0;0;0;0;0;3256;0;0;89;0;80;0;
22348;3356615;1016602624;24260608;1118597120;0;0;0;0;0;0;0;0;0;0;0;3356;0;0;89;0;80;0;
22349;5911737;1022406656;31825920;1126162432;0;0;0;0;0;0;0;0;0;0;0;3537;0;0;89;0;80;0;
22350;3774439;1022406656;31825920;1126162432;0;0;0;0;0;0;0;0;0;0;0;3066;0;0;89;0;80;0;
22351;4778692;1022406656;31825920;1126162432;0;0;0;0;0;0;0;0;0;0;0;2465;0;0;89;0;80;0;
22352;3576948;1022406656;31825920;1126162432;0;0;0;0;0;0;0;0;0;0;0;2855;0;0;89;0;80;0;
22353;4858812;1022406656;31825920;1126162432;0;0;0;0;0;0;0;0;0;0;0;2765;0;0;89;0;80;0;
22354;2683903;1022406656;31825920;1126162432;0;0;0;0;0;0;0;0;0;0;0;3056;0;0;89;0;80;0;
22355;4455857;1022406656;31825920;1126162432;0;0;0;0;0;0;0;0;0;0;0;2484;0;0;89;0;80;0;
22356;2665118;1022406656;31825920;1126162432;0;0;0;0;0;0;0;0;0;0;0;2785;0;0;89;0;80;0;
22357;4996270;1022406656;31825920;1126162432;0;0;0;0;0;0;0;0;0;0;0;2394;0;0;89;0;80;0;
22358;2533491;1016602624;24260608;1118597120;0;0;0;0;0;0;0;0;0;0;0;3186;0;0;89;0;80;0;
22359;4665289;1016602624;24260608;1118597120;0;0;0;0;0;0;0;0;0;0;0;2033;0;0;89;0;80;0;
22360;3407941;1016602624;24260608;1118597120;0;0;0;0;0;0;0;0;0;0;0;2805;0;0;89;0;80;0;
22361;4640222;1016602624;24260608;1118597120;0;0;0;0;0;0;0;0;0;0;0;2264;0;0;89;0;80;0;
22362;3307984;1016602624;24260608;1118597120;0;0;0;0;0;0;0;0;0;0;0;4909;0;0;89;0;80;0;
22363;4523804;1016602624;24260608;1118597120;0;0;0;0;0;0;0;0;0;0;0;3035;0;0;89;0;80;0;
22364;2451258;1016602624;24260608;1118597120;0;0;0;0;0;0;0;0;0;0;0;2835;0;0;89;0;80;0;
22365;5204230;1016602624;24260608;1118597120;0;0;0;0;0;0;0;0;0;0;0;2354;0;0;89;0;80;0;
22366;2561954;1016602624;24260608;1118597120;0;0;0;0;0;0;0;0;0;0;0;3005;0;0;89;0;80;0;
22367;4303961;1016602624;24260608;1118597120;0;0;0;0;0;0;0;0;0;0;0;2515;0;0;89;0;80;0;
22368;3079505;1016602624;24260608;1118597120;0;0;0;0;0;0;0;0;0;0;0;2745;0;0;89;0;80;0;
22369;4415330;1016602624;24260608;1118597120;0;0;0;0;0;0;0;0;0;0;0;1834;0;0;89;0;80;0;
22370;3511015;1016602624;24260608;1118597120;0;0;0;0;0;0;0;0;0;0;0;2435;0;0;89;0;80;0;
22371;4524646;1016602624;24260608;1118597120;0;0;0;0;0;0;0;0;0;0;0;1974;0;0;89;0;80;0;
22372;2487746;1016602624;24260608;1118597120;0;0;0;0;0;0;0;0;0;0;0;3186;0;0;89;0;80;0;
22373;4923533;1016602624;24260608;1118597120;0;0;0;0;0;0;0;0;0;0;0;1643;0;0;89;0;80;0;
22374;3310619;1016602624;24260608;1118597120;0;0;0;0;0;0;0;0;0;0;0;3346;0;0;89;0;80;0;
22375;5257820;1016602624;24260608;1118597120;0;0;0;0;0;0;0;0;0;0;0;8717;0;0;89;0;80;0;
22376;2776146;1016602624;24260608;1118597120;0;0;0;0;0;0;0;0;0;0;0;3376;0;0;89;0;80;0;
22377;5771183;1016602624;24260608;1118597120;0;0;0;0;0;0;0;0;0;0;0;3396;0;0;89;0;80;0;
22378;3866962;1016602624;24260608;1118597120;0;0;0;0;0;0;0;0;0;0;0;3386;0;0;89;0;80;0;
22379;5211594;1016602624;24260608;1118597120;0;0;0;0;0;0;0;0;0;0;0;3046;0;0;89;0;80;0;
22380;3247811;1016602624;24260608;1118597120;0;0;0;0;0;0;0;0;0;0;0;3246;0;0;89;0;80;0;
22381;5357217;1016602624;24260608;1118597120;0;0;0;0;0;0;0;0;0;0;0;2985;0;0;89;0;80;0;
22382;4006974;1016602624;24260608;1118597120;0;0;0;0;0;0;0;0;0;0;0;2956;0;0;89;0;80;0;
22383;4918464;1016602624;24260608;1118597120;0;0;0;0;0;0;0;0;0;0;0;2815;0;0;89;0;80;0;
22384;2734298;1016602624;24260608;1118597120;0;0;0;0;0;0;0;0;0;0;0;2604;0;0;89;0;80;0;
22385;5179724;1016602624;24260608;1118597120;0;0;0;0;0;0;0;0;0;0;0;3026;0;0;89;0;80;0;
22386;3374207;1016602624;24260608;1118597120;0;0;0;0;0;0;0;0;0;0;0;2765;0;0;89;0;80;0;
22387;5091980;1016602624;24260608;1118597120;0;0;0;0;0;0;0;0;0;0;0;2895;0;0;89;0;80;0;
22388;3847937;1016602624;24260608;1118597120;0;0;0;0;0;0;0;0;0;0;0;2805;0;0;89;0;80;0;
22389;5565337;1016602624;24260608;1118597120;0;0;0;0;0;0;0;0;0;0;0;2404;0;0;89;0;80;0;
22390;3834722;1016602624;24260608;1118597120;0;0;0;0;0;0;0;0;0;0;0;3346;0;0;89;0;80;0;
22391;4974329;1016602624;24268800;1118605312;0;0;0;0;0;0;0;0;0;0;0;2816;0;0;89;0;80;0;
22392;3372876;1016602624;24268800;1118605312;0;0;0;0;0;0;0;0;0;0;0;2726;0;0;89;0;80;0;
22393;5553605;1016602624;24268800;1118605312;0;0;0;0;0;0;0;0;0;0;0;2975;0;0;89;0;80;0;
22394;3447656;1016602624;24268800;1118605312;0;0;0;0;0;0;0;0;0;0;0;3517;0;0;89;0;80;0;
22395;5813572;1016602624;24268800;1118605312;0;0;0;0;0;0;0;0;0;0;0;3316;0;0;89;0;80;0;
22396;2688302;1016602624;24268800;1118605312;0;0;0;0;0;0;0;0;0;0;0;3116;0;0;89;0;80;0;
22397;5259434;1016602624;24268800;1118605312;0;0;0;0;0;0;0;0;0;0;0;2715;0;0;89;0;80;0;
22398;2790744;1016602624;24260608;1118597120;0;0;0;0;0;0;0;0;0;0;0;3086;0;0;89;0;80;0;
22399;4834356;1016602624;24260608;1118597120;0;0;0;0;0;0;0;0;0;0;0;1983;0;0;89;0;80;0;
22400;2714220;1016602624;24260608;1118597120;0;0;0;0;0;0;0;0;0;0;0;2715;0;0;89;0;80;0;
22401;5646930;1016602624;24260608;1118597120;0;0;0;0;0;0;0;0;0;0;0;2655;0;0;89;0;80;0;
22402;3393114;1016602624;24260608;1118597120;0;0;0;0;0;0;0;0;0;0;0;2815;0;0;89;0;80;0;
22403;5037658;1016602624;24260608;1118597120;0;0;0;0;0;0;0;0;0;0;0;3076;0;0;89;0;80;0;
22404;2645872;1016602624;24260608;1118597120;0;0;0;0;0;0;0;0;0;0;0;2956;0;0;89;0;80;0;
22405;5136723;1016602624;24260608;1118597120;0;0;0;0;0;0;0;0;0;0;0;3016;0;0;89;0;80;0;
22406;3466070;1016602624;24260608;1118597120;0;0;0;0;0;0;0;0;0;0;0;3427;0;0;89;0;80;0;
22407;5165036;1016602624;24260608;1118597120;0;0;0;0;0;0;0;0;0;0;0;3196;0;0;89;0;80;0;
22408;4054504;1016602624;24260608;1118597120;0;0;0;0;0;0;0;0;0;0;0;3357;0;0;89;0;80;0;
22409;4548901;1016602624;24260608;1118597120;0;0;0;0;0;0;0;0;0;0;0;2695;0;0;89;0;80;0;
22410;3989893;1016602624;24260608;1118597120;0;0;0;0;0;0;0;0;0;0;0;2856;0;0;89;0;80;0;
22411;5533277;1016602624;24260608;1118597120;0;0;0;0;0;0;0;0;0;0;0;2735;0;0;89;0;80;0;
22412;4955033;1016602624;24260608;1118597120;0;0;0;0;0;0;0;0;0;0;0;3707;0;0;89;0;80;0;
22413;5718925;1016602624;24260608;1118597120;0;0;0;0;0;0;0;0;0;0;0;2826;0;0;89;0;80;0;
22414;3893952;1016602624;24260608;1118597120;0;0;0;0;0;0;0;0;0;0;0;3226;0;0;89;0;80;0;
22415;6530187;1016602624;24260608;1118597120;0;0;0;0;0;0;0;0;0;0;0;2945;0;0;89;0;80;0;
22416;3936632;1016602624;24260608;1118597120;0;0;0;0;0;0;0;0;0;0;0;3617;0;0;89;0;80;0;
22417;5313955;1016602624;24260608;1118597120;0;0;0;0;0;0;0;0;0;0;0;2856;0;0;89;0;80;0;
22418;3767776;1016602624;24260608;1118597120;0;0;0;0;0;0;0;0;0;0;0;3456;0;0;89;0;80;0;
22419;5413332;1016602624;24260608;1118597120;0;0;0;0;0;0;0;0;0;0;0;3116;0;0;89;0;80;0;
22420;4411022;1016602624;24260608;1118597120;0;0;0;0;0;0;0;0;0;0;0;3286;0;0;89;0;80;0;
22421;4954492;1016602624;24260608;1118597120;0;0;0;0;0;0;0;0;0;0;0;2394;0;0;89;0;80;0;
22422;5042907;1016602624;24260608;1118597120;0;0;0;0;0;0;0;0;0;0;0;3597;0;0;89;0;80;0;
22423;5201204;1016602624;24260608;1118597120;0;0;0;0;0;0;0;0;0;0;0;2816;0;0;89;0;80;0;
22424;4724701;1016602624;24260608;1118597120;0;0;0;0;0;0;0;0;0;0;0;3176;0;0;89;0;80;0;
22425;5281165;1016602624;24260608;1118597120;0;0;0;0;0;0;0;0;0;0;0;2414;0;0;89;0;80;0;
22426;3843838;1016602624;24260608;1118597120;0;0;0;0;0;0;0;0;0;0;0;2725;0;0;89;0;80;0;
22427;4639731;1016602624;24260608;1118597120;0;0;0;0;0;0;0;0;0;0;0;2124;0;0;89;0;80;0;
22428;3940510;1016602624;24260608;1118597120;0;0;0;0;0;0;0;0;0;0;0;3386;0;0;89;0;80;0;
22429;5026747;1016602624;24260608;1118597120;0;0;0;0;0;0;0;0;0;0;0;2365;0;0;89;0;80;0;
22430;4031401;1016602624;24260608;1118597120;0;0;0;0;0;0;0;0;0;0;0;3106;0;0;89;0;80;0;
22431;6047842;1016602624;24260608;1118597120;0;0;0;0;0;0;0;0;0;0;0;2535;0;0;89;0;80;0;
22432;2873589;1016602624;24260608;1118597120;0;0;0;0;0;0;0;0;0;0;0;3116;0;0;89;0;80;0;
22433;4894399;1016602624;24260608;1118597120;0;0;0;0;0;0;0;0;0;0;0;2074;0;0;89;0;80;0;
22434;4540456;1016602624;24260608;1118597120;0;0;0;0;0;0;0;0;0;0;0;3186;0;0;89;0;80;0;
22435;5475889;1016602624;24260608;1118597120;0;0;0;0;0;0;0;0;0;0;0;2244;0;0;89;0;80;0;
22436;3693166;1016602624;24260608;1118597120;0;0;0;0;0;0;0;0;0;0;0;3066;0;0;89;0;80;0;
22437;5203699;1016602624;24260608;1118597120;0;0;0;0;0;0;0;0;0;0;0;2103;0;0;89;0;80;0;
22438;2926649;1016602624;24260608;1118597120;0;0;0;0;0;0;0;0;0;0;0;2495;0;0;89;0;80;0;
22439;4949021;1016602624;24260608;1118597120;0;0;0;0;0;0;0;0;0;0;0;2665;0;0;89;0;80;0;
22440;2929574;1016602624;24260608;1118597120;0;0;0;0;0;0;0;0;0;0;0;2775;0;0;89;0;80;0;
22441;5057855;1016602624;24260608;1118597120;0;0;0;0;0;0;0;0;0;0;0;2495;0;0;89;0;80;0;
22442;4096883;1016602624;24260608;1118597120;0;0;0;0;0;0;0;0;0;0;0;2885;0;0;89;0;80;0;
22443;4883328;1016602624;24260608;1118597120;0;0;0;0;0;0;0;0;0;0;0;2745;0;0;89;0;80;0;
22444;4958479;1016602624;24260608;1118597120;0;0;0;0;0;0;0;0;0;0;0;3356;0;0;89;0;80;0;
22445;5464819;1016602624;24260608;1118597120;0;0;0;0;0;0;0;0;0;0;0;2455;0;0;89;0;80;0;
22446;3580885;1016602624;24260608;1118597120;0;0;0;0;0;0;0;0;0;0;0;2826;0;0;89;0;80;0;
22447;5312984;1016602624;24260608;1118597120;0;0;0;0;0;0;0;0;0;0;0;2524;0;0;89;0;80;0;
22448;4464914;1016602624;24260608;1118597120;0;0;0;0;0;0;0;0;0;0;0;3046;0;0;89;0;80;0;
22449;5743772;1016602624;24260608;1118597120;0;0;0;0;0;0;0;0;0;0;0;2464;0;0;89;0;80;0;
22450;5433249;1016602624;24260608;1118597120;0;0;0;0;0;0;0;0;0;0;0;3316;0;0;89;0;80;0;
22451;6878800;1016602624;24260608;1118597120;0;0;0;0;0;0;0;0;0;0;0;4028;0;0;89;0;80;0;
22452;3971548;1016602624;24260608;1118597120;0;0;0;0;0;0;0;0;0;0;0;3577;0;0;89;0;80;0;
22453;6587995;1016602624;24260608;1118597120;0;0;0;0;0;0;0;0;0;0;0;2685;0;0;89;0;80;0;
22454;4707177;1016602624;24260608;1118597120;0;0;0;0;0;0;0;0;0;0;0;3306;0;0;89;0;80;0;
22455;6197773;1016602624;24260608;1118597120;0;0;0;0;0;0;0;0;0;0;0;2765;0;0;89;0;80;0;
22456;5453858;1016602624;24260608;1118597120;0;0;0;0;0;0;0;0;0;0;0;3797;0;0;89;0;80;0;
22457;5067553;1016602624;24260608;1118597120;0;0;0;0;0;0;0;0;0;0;0;3016;0;0;89;0;80;0;
22458;5684180;1016602624;24260608;1118597120;0;0;0;0;0;0;0;0;0;0;0;3076;0;0;89;0;80;0;
22459;5130221;1016602624;24260608;1118597120;0;0;0;0;0;0;0;0;0;0;0;2915;0;0;89;0;80;0;
22460;4340630;1016602624;24260608;1118597120;0;0;0;0;0;0;0;0;0;0;0;3406;0;0;89;0;80;0;
22461;6735452;1016602624;24260608;1118597120;0;0;0;0;0;0;0;0;0;0;0;2805;0;0;89;0;80;0;
22462;4371658;1016602624;24260608;1118597120;0;0;0;0;0;0;0;0;0;0;0;3807;0;0;89;0;80;0;
22463;8857531;1016602624;24260608;1118597120;0;0;0;0;0;0;0;0;0;0;0;4448;0;0;89;0;80;0;
22464;4778842;1016602624;24260608;1118597120;0;0;0;0;0;0;0;0;0;0;0;4058;0;0;89;0;80;0;
22465;7071842;1016602624;24260608;1118597120;0;0;0;0;0;0;0;0;0;0;0;4268;0;0;89;0;80;0;
22466;7431246;1016602624;24260608;1118597120;0;0;0;0;0;0;0;0;0;0;0;3346;0;0;89;0;80;0;
22467;5928448;1022406656;31825920;1126162432;0;0;0;0;0;0;0;0;0;0;0;3857;0;0;89;0;80;0;
22468;5668651;1022406656;31825920;1126162432;0;0;0;0;0;0;0;0;0;0;0;4819;0;0;89;0;80;0;
22469;6739489;1022406656;31825920;1126162432;0;0;0;0;0;0;0;0;0;0;0;3206;0;0;89;0;80;0;
22470;3661897;1022406656;31825920;1126162432;0;0;0;0;0;0;0;0;0;0;0;3296;0;0;89;0;80;0;
22471;7586157;1022406656;31825920;1126162432;0;0;0;0;0;0;0;0;0;0;0;3797;0;0;89;0;80;0;
22472;5722412;1022406656;31825920;1126162432;0;0;0;0;0;0;0;0;0;0;0;3737;0;0;89;0;80;0;
22473;7466513;1022406656;31825920;1126162432;0;0;0;0;0;0;0;0;0;0;0;4949;0;0;89;0;80;0;
22474;6139264;1022406656;31825920;1126162432;0;0;0;0;0;0;0;0;0;0;0;3917;0;0;89;0;80;0;
22475;6691449;1022406656;31825920;1126162432;0;0;0;0;0;0;0;0;0;0;0;3967;0;0;89;0;80;0;
22476;6889661;1016602624;24260608;1118597120;0;0;0;0;0;0;0;0;0;0;0;3978;0;0;89;0;80;0;
22477;6098767;1016602624;24260608;1118597120;0;0;0;0;0;0;0;0;0;0;0;3336;0;0;89;0;80;0;
22478;4858973;1016602624;24260608;1118597120;0;0;0;0;0;0;0;0;0;0;0;3456;0;0;89;0;80;0;
22479;5879196;1016602624;24260608;1118597120;0;0;0;0;0;0;0;0;0;0;0;2875;0;0;89;0;80;0;
22480;5286805;1016602624;24260608;1118597120;0;0;0;0;0;0;0;0;0;0;0;3306;0;0;89;0;80;0;
22481;6736914;1016602624;24260608;1118597120;0;0;0;0;0;0;0;0;0;0;0;3747;0;0;89;0;80;0;
22482;4177434;1016602624;24260608;1118597120;0;0;0;0;0;0;0;0;0;0;0;3506;0;0;89;0;80;0;
22483;5902700;1016602624;24260608;1118597120;0;0;0;0;0;0;0;0;0;0;0;3557;0;0;89;0;80;0;
22484;5932566;1016602624;24260608;1118597120;0;0;0;0;0;0;0;0;0;0;0;3387;0;0;89;0;80;0;
22485;6313350;1016602624;24260608;1118597120;0;0;0;0;0;0;0;0;0;0;0;2575;0;0;89;0;80;0;
22486;5324545;1016602624;24260608;1118597120;0;0;0;0;0;0;0;0;0;0;0;3216;0;0;89;0;80;0;
22487;5429993;1016602624;24260608;1118597120;0;0;0;0;0;0;0;0;0;0;0;2745;0;0;89;0;80;0;
22488;5901818;1016602624;24260608;1118597120;0;0;0;0;0;0;0;0;0;0;0;3396;0;0;89;0;80;0;
22489;6479211;1016602624;24260608;1118597120;0;0;0;0;0;0;0;0;0;0;0;3096;0;0;89;0;80;0;
22490;5156791;1016602624;24260608;1118597120;0;0;0;0;0;0;0;0;0;0;0;4188;0;0;89;0;80;0;
22491;5795338;1016602624;24260608;1118597120;0;0;0;0;0;0;0;0;0;0;0;3737;0;0;89;0;80;0;
22492;6480343;1016602624;24260608;1118597120;0;0;0;0;0;0;0;0;0;0;0;3787;0;0;89;0;80;0;
22493;5573993;1016602624;24260608;1118597120;0;0;0;0;0;0;0;0;0;0;0;3737;0;0;89;0;80;0;
22494;7251089;1016602624;24260608;1118597120;0;0;0;0;0;0;0;0;0;0;0;3727;0;0;89;0;80;0;
22495;5239877;1016602624;24260608;1118597120;0;0;0;0;0;0;0;0;0;0;0;2755;0;0;89;0;80;0;
22496;5420485;1016602624;24260608;1118597120;0;0;0;0;0;0;0;0;0;0;0;9168;0;0;89;0;80;0;
22497;6091263;1016602624;24260608;1118597120;0;0;0;0;0;0;0;0;0;0;0;3096;0;0;89;0;80;0;
22498;4972486;1016602624;24260608;1118597120;0;0;0;0;0;0;0;0;0;0;0;4278;0;0;89;0;80;0;
22499;5742629;1016602624;24260608;1118597120;0;0;0;0;0;0;0;0;0;0;0;3356;0;0;89;0;80;0;
22500;5778687;1016602624;24260608;1118597120;0;0;0;0;0;0;0;0;0;0;0;3617;0;0;89;0;80;0;
22501;5770311;1016602624;24260608;1118597120;0;0;0;0;0;0;0;0;0;0;0;3276;0;0;89;0;80;0;
22502;4571574;1016602624;24260608;1118597120;0;0;0;0;0;0;0;0;0;0;0;3667;0;0;89;0;80;0;
22503;6246464;1016602624;24260608;1118597120;0;0;0;0;0;0;0;0;0;0;0;2775;0;0;89;0;80;0;
22504;3231981;1016602624;24260608;1118597120;0;0;0;0;0;0;0;0;0;0;0;3476;0;0;89;0;80;0;
22505;5538056;1016602624;24260608;1118597120;0;0;0;0;0;0;0;0;0;0;0;2655;0;0;89;0;80;0;
22506;4150203;1016602624;24260608;1118597120;0;0;0;0;0;0;0;0;0;0;0;3717;0;0;89;0;80;0;
22507;5210321;1016602624;24260608;1118597120;0;0;0;0;0;0;0;0;0;0;0;3868;0;0;89;0;80;0;
22508;6503887;1016602624;24260608;1118597120;0;0;0;0;0;0;0;0;0;0;0;5480;0;0;89;0;80;0;
22509;5256208;1016602624;24260608;1118597120;0;0;0;0;0;0;0;0;0;0;0;2975;0;0;89;0;80;0;
22510;5031326;1016602624;24260608;1118597120;0;0;0;0;0;0;0;0;0;0;0;3757;0;0;89;0;80;0;
22511;5885237;1016602624;24260608;1118597120;0;0;0;0;0;0;0;0;0;0;0;2675;0;0;89;0;80;0;
22512;5496027;1016602624;24260608;1118597120;0;0;0;0;0;0;0;0;0;0;0;4027;0;0;89;0;80;0;
22513;6693403;1016602624;24260608;1118597120;0;0;0;0;0;0;0;0;0;0;0;4077;0;0;89;0;80;0;
22514;4995027;1016602624;24260608;1118597120;0;0;0;0;0;0;0;0;0;0;0;3917;0;0;89;0;80;0;
22515;11569928;1016602624;24260608;1118597120;0;0;0;0;0;0;0;0;0;0;0;3216;0;0;89;0;80;0;
22516;6069833;1016602624;24260608;1118597120;0;0;0;0;0;0;0;0;0;0;0;3186;0;0;89;0;80;0;
22517;6095581;1016602624;24260608;1118597120;0;0;0;0;0;0;0;0;0;0;0;3407;0;0;89;0;80;0;
22518;2939542;1016602624;24260608;1118597120;0;0;0;0;0;0;0;0;0;0;0;3035;0;0;89;0;80;0;
22519;6026091;1016602624;24260608;1118597120;0;0;0;0;0;0;0;0;0;0;0;2335;0;0;89;0;80;0;
22520;3688096;1016602624;24260608;1118597120;0;0;0;0;0;0;0;0;0;0;0;3256;0;0;89;0;80;0;
22521;6043163;1016602624;24260608;1118597120;0;0;0;0;0;0;0;0;0;0;0;2424;0;0;89;0;80;0;
22522;2967235;1016602624;24260608;1118597120;0;0;0;0;0;0;0;0;0;0;0;3006;0;0;89;0;80;0;
22523;4730341;1016602624;24260608;1118597120;0;0;0;0;0;0;0;0;0;0;0;2464;0;0;89;0;80;0;
22524;4033264;1016602624;24260608;1118597120;0;0;0;0;0;0;0;0;0;0;0;3317;0;0;89;0;80;0;
22525;5374860;1016602624;24260608;1118597120;0;0;0;0;0;0;0;0;0;0;0;2725;0;0;89;0;80;0;
22526;4001033;1016602624;24260608;1118597120;0;0;0;0;0;0;0;0;0;0;0;3406;0;0;89;0;80;0;
22527;4923624;1016602624;24260608;1118597120;0;0;0;0;0;0;0;0;0;0;0;2525;0;0;89;0;80;0;
22528;4633029;1016602624;24260608;1118597120;0;0;0;0;0;0;0;0;0;0;0;2925;0;0;89;0;80;0;
22529;5416378;1016602624;24260608;1118597120;0;0;0;0;0;0;0;0;0;0;0;2315;0;0;89;0;80;0;
22530;4139203;1016602624;24260608;1118597120;0;0;0;0;0;0;0;0;0;0;0;3146;0;0;89;0;80;0;
22531;5235157;1016602624;24260608;1118597120;0;0;0;0;0;0;0;0;0;0;0;2665;0;0;89;0;80;0;
22532;3346185;1016602624;24260608;1118597120;0;0;0;0;0;0;0;0;0;0;0;3236;0;0;89;0;80;0;
22533;5044431;1016602624;24260608;1118597120;0;0;0;0;0;0;0;0;0;0;0;2675;0;0;89;0;80;0;
22534;3862724;1016602624;24260608;1118597120;0;0;0;0;0;0;0;0;0;0;0;2995;0;0;89;0;80;0;
22535;5746838;1016602624;24260608;1118597120;0;0;0;0;0;0;0;0;0;0;0;2534;0;0;89;0;80;0;
22536;3980134;1016602624;24260608;1118597120;0;0;0;0;0;0;0;0;0;0;0;3596;0;0;89;0;80;0;
22537;5279481;1016602624;24260608;1118597120;0;0;0;0;0;0;0;0;0;0;0;2625;0;0;89;0;80;0;
22538;4431100;1016602624;24260608;1118597120;0;0;0;0;0;0;0;0;0;0;0;3547;0;0;89;0;80;0;
22539;5549748;1016602624;24260608;1118597120;0;0;0;0;0;0;0;0;0;0;0;2635;0;0;89;0;80;0;
22540;2966884;1016602624;24260608;1118597120;0;0;0;0;0;0;0;0;0;0;0;3437;0;0;89;0;80;0;
22541;4847922;1016602624;24260608;1118597120;0;0;0;0;0;0;0;0;0;0;0;2405;0;0;89;0;80;0;
22542;3874116;1016602624;24260608;1118597120;0;0;0;0;0;0;0;0;0;0;0;3176;0;0;89;0;80;0;
22543;6177916;1016602624;24260608;1118597120;0;0;0;0;0;0;0;0;0;0;0;2955;0;0;89;0;80;0;
22544;3277226;1016602624;24260608;1118597120;0;0;0;0;0;0;0;0;0;0;0;3276;0;0;89;0;80;0;
22545;5521395;1016602624;24260608;1118597120;0;0;0;0;0;0;0;0;0;0;0;3226;0;0;89;0;80;0;
22546;3436214;1016602624;24260608;1118597120;0;0;0;0;0;0;0;0;0;0;0;3066;0;0;89;0;80;0;
22547;5649785;1016602624;24260608;1118597120;0;0;0;0;0;0;0;0;0;0;0;3035;0;0;89;0;80;0;
22548;3420475;1016602624;24260608;1118597120;0;0;0;0;0;0;0;0;0;0;0;3166;0;0;89;0;80;0;
22549;5202617;1016602624;24260608;1118597120;0;0;0;0;0;0;0;0;0;0;0;2505;0;0;89;0;80;0;
22550;3081009;1016602624;24260608;1118597120;0;0;0;0;0;0;0;0;0;0;0;3056;0;0;89;0;80;0;
22551;5729866;1016602624;24260608;1118597120;0;0;0;0;0;0;0;0;0;0;0;2484;0;0;89;0;80;0;
22552;3473754;1016602624;24260608;1118597120;0;0;0;0;0;0;0;0;0;0;0;3146;0;0;89;0;80;0;
22553;5384318;1016602624;24260608;1118597120;0;0;0;0;0;0;0;0;0;0;0;2675;0;0;89;0;80;0;
22554;4358724;1016602624;24260608;1118597120;0;0;0;0;0;0;0;0;0;0;0;3256;0;0;89;0;80;0;
22555;5248543;1016602624;24260608;1118597120;0;0;0;0;0;0;0;0;0;0;0;2395;0;0;89;0;80;0;
22556;4286940;1016602624;24260608;1118597120;0;0;0;0;0;0;0;0;0;0;0;3297;0;0;89;0;80;0;
22557;5990675;1016602624;24260608;1118597120;0;0;0;0;0;0;0;0;0;0;0;2695;0;0;89;0;80;0;
22558;3079866;1016602624;24260608;1118597120;0;0;0;0;0;0;0;0;0;0;0;2565;0;0;89;0;80;0;
22559;5499223;1016602624;24260608;1118597120;0;0;0;0;0;0;0;0;0;0;0;3035;0;0;89;0;80;0;
22560;3299468;1016602624;24260608;1118597120;0;0;0;0;0;0;0;0;0;0;0;2905;0;0;89;0;80;0;
22561;6166415;1022406656;31825920;1126162432;0;0;0;0;0;0;0;0;0;0;0;3317;0;0;89;0;80;0;
22562;4092926;1022406656;31825920;1126162432;0;0;0;0;0;0;0;0;0;0;0;3697;0;0;89;0;80;0;
22563;5493813;1022406656;31825920;1126162432;0;0;0;0;0;0;0;0;0;0;0;2895;0;0;89;0;80;0;
22564;3741066;1022406656;31825920;1126162432;0;0;0;0;0;0;0;0;0;0;0;3607;0;0;89;0;80;0;
22565;5712954;1022406656;31825920;1126162432;0;0;0;0;0;0;0;0;0;0;0;3557;0;0;89;0;80;0;
22566;3141873;1022406656;31825920;1126162432;0;0;0;0;0;0;0;0;0;0;0;3306;0;0;89;0;80;0;
22567;5264754;1022406656;31825920;1126162432;0;0;0;0;0;0;0;0;0;0;0;2895;0;0;89;0;80;0;
22568;3825244;1022406656;31825920;1126162432;0;0;0;0;0;0;0;0;0;0;0;2815;0;0;89;0;80;0;
22569;5338492;1022406656;31825920;1126162432;0;0;0;0;0;0;0;0;0;0;0;2895;0;0;89;0;80;0;
22570;3660365;1016602624;24260608;1118597120;0;0;0;0;0;0;0;0;0;0;0;3236;0;0;89;0;80;0;
22571;5279551;1016602624;24260608;1118597120;0;0;0;0;0;0;0;0;0;0;0;2625;0;0;89;0;80;0;
22572;3537675;1016602624;24260608;1118597120;0;0;0;0;0;0;0;0;0;0;0;3546;0;0;89;0;80;0;
22573;5692826;1016602624;24260608;1118597120;0;0;0;0;0;0;0;0;0;0;0;2965;0;0;89;0;80;0;
22574;4006464;1016602624;24260608;1118597120;0;0;0;0;0;0;0;0;0;0;0;3867;0;0;89;0;80;0;
22575;6021042;1016602624;24260608;1118597120;0;0;0;0;0;0;0;0;0;0;0;5501;0;0;89;0;80;0;
22576;6242948;1016602624;24260608;1118597120;0;0;0;0;0;0;0;0;0;0;0;4949;0;0;89;0;80;0;
22577;8102716;1016602624;24260608;1118597120;0;0;0;0;0;0;0;0;0;0;0;5750;0;0;89;0;80;0;
22578;6737476;1016602624;24260608;1118597120;0;0;0;0;0;0;0;0;0;0;0;3857;0;0;89;0;80;0;
22579;7089345;1016602624;24260608;1118597120;0;0;0;0;0;0;0;0;0;0;0;4388;0;0;89;0;80;0;
22580;7317463;1016602624;24260608;1118597120;0;0;0;0;0;0;0;0;0;0;0;5661;0;0;89;0;80;0;
22581;7085428;1016602624;24260608;1118597120;0;0;0;0;0;0;0;0;0;0;0;4158;0;0;89;0;80;0;
22582;5203780;1016602624;24260608;1118597120;0;0;0;0;0;0;0;0;0;0;0;3276;0;0;89;0;80;0;
22583;6593806;1016602624;24260608;1118597120;0;0;0;0;0;0;0;0;0;0;0;3246;0;0;89;0;80;0;
22584;5906236;1016602624;24260608;1118597120;0;0;0;0;0;0;0;0;0;0;0;4569;0;0;89;0;80;0;
22585;7747059;1016602624;24260608;1118597120;0;0;0;0;0;0;0;0;0;0;0;4408;0;0;89;0;80;0;
22586;6084310;1016602624;24260608;1118597120;0;0;0;0;0;0;0;0;0;0;0;4408;0;0;89;0;80;0;
22587;6277233;1016602624;24268800;1118605312;0;0;0;0;0;0;0;0;0;0;0;3286;0;0;89;0;80;0;
22588;4491533;1016602624;24268800;1118605312;0;0;0;0;0;0;0;0;0;0;0;3627;0;0;89;0;80;0;
22589;7579525;1016602624;24268800;1118605312;0;0;0;0;0;0;0;0;0;0;0;3587;0;0;89;0;80;0;
22590;4987654;1016602624;24268800;1118605312;0;0;0;0;0;0;0;0;0;0;0;3838;0;0;89;0;80;0;
22591;6243590;1016602624;24268800;1118605312;0;0;0;0;0;0;0;0;0;0;0;3416;0;0;89;0;80;0;
22592;4191732;1016602624;24268800;1118605312;0;0;0;0;0;0;0;0;0;0;0;2956;0;0;89;0;80;0;
22593;6137030;1016602624;24268800;1118605312;0;0;0;0;0;0;0;0;0;0;0;2465;0;0;89;0;80;0;
22594;5859539;1016602624;24260608;1118597120;0;0;0;0;0;0;0;0;0;0;0;4018;0;0;89;0;80;0;
22595;5426587;1016602624;24260608;1118597120;0;0;0;0;0;0;0;0;0;0;0;3366;0;0;89;0;80;0;
22596;5677488;1016602624;24260608;1118597120;0;0;0;0;0;0;0;0;0;0;0;3827;0;0;89;0;80;0;
22597;5887431;1016602624;24260608;1118597120;0;0;0;0;0;0;0;0;0;0;0;2935;0;0;89;0;80;0;
22598;2348584;1016602624;24260608;1118597120;0;0;0;0;0;0;0;0;0;0;0;2604;0;0;89;0;80;0;
22599;5368758;1016602624;24260608;1118597120;0;0;0;0;0;0;0;0;0;0;0;2265;0;0;89;0;80;0;
22600;4611799;1016602624;24260608;1118597120;0;0;0;0;0;0;0;0;0;0;0;3897;0;0;89;0;80;0;
22601;5584593;1016602624;24260608;1118597120;0;0;0;0;0;0;0;0;0;0;0;3156;0;0;89;0;80;0;
22602;2766078;1016602624;24260608;1118597120;0;0;0;0;0;0;0;0;0;0;0;2565;0;0;89;0;80;0;
22603;5185936;1016602624;24260608;1118597120;0;0;0;0;0;0;0;0;0;0;0;2324;0;0;89;0;80;0;
22604;4033735;1016602624;24260608;1118597120;0;0;0;0;0;0;0;0;0;0;0;2735;0;0;89;0;80;0;
22605;5173342;1016602624;24260608;1118597120;0;0;0;0;0;0;0;0;0;0;0;2034;0;0;89;0;80;0;
22606;2884590;1016602624;24260608;1118597120;0;0;0;0;0;0;0;0;0;0;0;2284;0;0;89;0;80;0;
22607;5878795;1016602624;24260608;1118597120;0;0;0;0;0;0;0;0;0;0;0;2104;0;0;89;0;80;0;
22608;3553924;1016602624;24260608;1118597120;0;0;0;0;0;0;0;0;0;0;0;2956;0;0;89;0;80;0;
22609;5420536;1016602624;24260608;1118597120;0;0;0;0;0;0;0;0;0;0;0;2074;0;0;89;0;80;0;
22610;3173902;1016602624;24260608;1118597120;0;0;0;0;0;0;0;0;0;0;0;2695;0;0;89;0;80;0;
22611;6324241;1016602624;24260608;1118597120;0;0;0;0;0;0;0;0;0;0;0;2555;0;0;89;0;80;0;
22612;4963349;1016602624;24260608;1118597120;0;0;0;0;0;0;0;0;0;0;0;3286;0;0;89;0;80;0;
22613;5535472;1016602624;24260608;1118597120;0;0;0;0;0;0;0;0;0;0;0;2615;0;0;89;0;80;0;
22614;4040798;1016602624;24260608;1118597120;0;0;0;0;0;0;0;0;0;0;0;2835;0;0;89;0;80;0;
22615;6482708;1016602624;24260608;1118597120;0;0;0;0;0;0;0;0;0;0;0;2866;0;0;89;0;80;0;
22616;3785760;1016602624;24260608;1118597120;0;0;0;0;0;0;0;0;0;0;0;2986;0;0;89;0;80;0;
22617;5901828;1016602624;24260608;1118597120;0;0;0;0;0;0;0;0;0;0;0;2635;0;0;89;0;80;0;
22618;5273600;1016602624;24260608;1118597120;0;0;0;0;0;0;0;0;0;0;0;3396;0;0;89;0;80;0;
22619;6228431;1016602624;24260608;1118597120;0;0;0;0;0;0;0;0;0;0;0;3046;0;0;89;0;80;0;
22620;5373968;1016602624;24260608;1118597120;0;0;0;0;0;0;0;0;0;0;0;3066;0;0;89;0;80;0;
22621;6402157;1016602624;24260608;1118597120;0;0;0;0;0;0;0;0;0;0;0;3026;0;0;89;0;80;0;
22622;4384192;1016602624;24260608;1118597120;0;0;0;0;0;0;0;0;0;0;0;11141;0;0;89;0;80;0;
22623;5497520;1016602624;24260608;1118597120;0;0;0;0;0;0;0;0;0;0;0;2254;0;0;89;0;80;0;
22624;4872197;1016602624;24260608;1118597120;0;0;0;0;0;0;0;0;0;0;0;3397;0;0;89;0;80;0;
22625;5955378;1016602624;24260608;1118597120;0;0;0;0;0;0;0;0;0;0;0;3136;0;0;89;0;80;0;
22626;5290993;1016602624;24260608;1118597120;0;0;0;0;0;0;0;0;0;0;0;3566;0;0;89;0;80;0;
22627;6782099;1016602624;24260608;1118597120;0;0;0;0;0;0;0;0;0;0;0;3327;0;0;89;0;80;0;
22628;3311430;1016602624;24260608;1118597120;0;0;0;0;0;0;0;0;0;0;0;2575;0;0;89;0;80;0;
22629;6843184;1016602624;24260608;1118597120;0;0;0;0;0;0;0;0;0;0;0;3517;0;0;89;0;80;0;
22630;5289129;1016602624;24260608;1118597120;0;0;0;0;0;0;0;0;0;0;0;3758;0;0;89;0;80;0;
22631;5253092;1016602624;24260608;1118597120;0;0;0;0;0;0;0;0;0;0;0;2835;0;0;89;0;80;0;
22632;5004696;1016602624;24260608;1118597120;0;0;0;0;0;0;0;0;0;0;0;3287;0;0;89;0;80;0;
22633;5757167;1016602624;24260608;1118597120;0;0;0;0;0;0;0;0;0;0;0;3026;0;0;89;0;80;0;
22634;4160983;1016602624;24260608;1118597120;0;0;0;0;0;0;0;0;0;0;0;3367;0;0;89;0;80;0;
22635;5495957;1016602624;24260608;1118597120;0;0;0;0;0;0;0;0;0;0;0;2825;0;0;89;0;80;0;
22636;4532550;1016602624;24260608;1118597120;0;0;0;0;0;0;0;0;0;0;0;3386;0;0;89;0;80;0;
22637;5843038;1016602624;24260608;1118597120;0;0;0;0;0;0;0;0;0;0;0;3517;0;0;89;0;80;0;
22638;2952558;1016602624;24260608;1118597120;0;0;0;0;0;0;0;0;0;0;0;2905;0;0;89;0;80;0;
22639;5462785;1016602624;24260608;1118597120;0;0;0;0;0;0;0;0;0;0;0;2845;0;0;89;0;80;0;
22640;4107143;1016602624;24260608;1118597120;0;0;0;0;0;0;0;0;0;0;0;41798;0;0;89;0;80;0;
22641;5591957;1016602624;24260608;1118597120;0;0;0;0;0;0;0;0;0;0;0;3015;0;0;89;0;80;0;
22642;4083859;1016602624;24260608;1118597120;0;0;0;0;0;0;0;0;0;0;0;2986;0;0;89;0;80;0;
22643;5773889;1016602624;24260608;1118597120;0;0;0;0;0;0;0;0;0;0;0;2625;0;0;89;0;80;0;
22644;4401544;1016602624;24260608;1118597120;0;0;0;0;0;0;0;0;0;0;0;2875;0;0;89;0;80;0;
22645;5602777;1016602624;24260608;1118597120;0;0;0;0;0;0;0;0;0;0;0;2685;0;0;89;0;80;0;
22646;5400568;1016602624;24260608;1118597120;0;0;0;0;0;0;0;0;0;0;0;3907;0;0;89;0;80;0;
22647;5554637;1016602624;24260608;1118597120;0;0;0;0;0;0;0;0;0;0;0;2475;0;0;89;0;80;0;
22648;2506551;1016602624;24260608;1118597120;0;0;0;0;0;0;0;0;0;0;0;2835;0;0;89;0;80;0;
22649;6634923;1016602624;24260608;1118597120;0;0;0;0;0;0;0;0;0;0;0;2494;0;0;89;0;80;0;
22650;3381652;1016602624;24260608;1118597120;0;0;0;0;0;0;0;0;0;0;0;2555;0;0;89;0;80;0;
22651;4835609;1016602624;24260608;1118597120;0;0;0;0;0;0;0;0;0;0;0;2164;0;0;89;0;80;0;
22652;3558133;1016602624;24260608;1118597120;0;0;0;0;0;0;0;0;0;0;0;2444;0;0;89;0;80;0;
22653;4826302;1016602624;24260608;1118597120;0;0;0;0;0;0;0;0;0;0;0;2064;0;0;89;0;80;0;
22654;3454299;1016602624;24260608;1118597120;0;0;0;0;0;0;0;0;0;0;0;2265;0;0;89;0;80;0;
22655;5606715;1022406656;31825920;1126162432;0;0;0;0;0;0;0;0;0;0;0;2184;0;0;89;0;80;0;
22656;4718249;1022406656;31825920;1126162432;0;0;0;0;0;0;0;0;0;0;0;3967;0;0;89;0;80;0;
22657;6173197;1022406656;31825920;1126162432;0;0;0;0;0;0;0;0;0;0;0;2184;0;0;89;0;80;0;
22658;4425560;1022406656;31825920;1126162432;0;0;0;0;0;0;0;0;0;0;0;3597;0;0;89;0;80;0;
22659;5329154;1022406656;31825920;1126162432;0;0;0;0;0;0;0;0;0;0;0;2976;0;0;89;0;80;0;
22660;4747674;1022406656;31825920;1126162432;0;0;0;0;0;0;0;0;0;0;0;2735;0;0;89;0;80;0;
22661;5581878;1022406656;31825920;1126162432;0;0;0;0;0;0;0;0;0;0;0;2445;0;0;89;0;80;0;
22662;3932315;1022406656;31825920;1126162432;0;0;0;0;0;0;0;0;0;0;0;3436;0;0;89;0;80;0;
22663;4808718;1022406656;31825920;1126162432;0;0;0;0;0;0;0;0;0;0;0;1814;0;0;89;0;80;0;
22664;3571839;1016602624;24260608;1118597120;0;0;0;0;0;0;0;0;0;0;0;2415;0;0;89;0;80;0;
22665;5578642;1016602624;24260608;1118597120;0;0;0;0;0;0;0;0;0;0;0;2083;0;0;89;0;80;0;
22666;2338696;1016602624;24260608;1118597120;0;0;0;0;0;0;0;0;0;0;0;2204;0;0;89;0;80;0;
22667;5524571;1016602624;24260608;1118597120;0;0;0;0;0;0;0;0;0;0;0;1914;0;0;89;0;80;0;
22668;3434111;1016602624;24260608;1118597120;0;0;0;0;0;0;0;0;0;0;0;2634;0;0;89;0;80;0;
22669;4374514;1016602624;24260608;1118597120;0;0;0;0;0;0;0;0;0;0;0;1843;0;0;89;0;80;0;
22670;3114441;1016602624;24260608;1118597120;0;0;0;0;0;0;0;0;0;0;0;2475;0;0;89;0;80;0;
22671;4507594;1016602624;24260608;1118597120;0;0;0;0;0;0;0;0;0;0;0;1743;0;0;89;0;80;0;
22672;3496127;1016602624;24260608;1118597120;0;0;0;0;0;0;0;0;0;0;0;2295;0;0;89;0;80;0;
22673;5028971;1016602624;24260608;1118597120;0;0;0;0;0;0;0;0;0;0;0;1923;0;0;89;0;80;0;
22674;2616677;1016602624;24260608;1118597120;0;0;0;0;0;0;0;0;0;0;0;2645;0;0;89;0;80;0;
22675;5027208;1016602624;24260608;1118597120;0;0;0;0;0;0;0;0;0;0;0;2004;0;0;89;0;80;0;
22676;3367165;1016602624;24260608;1118597120;0;0;0;0;0;0;0;0;0;0;0;2344;0;0;89;0;80;0;
22677;4584397;1016602624;24260608;1118597120;0;0;0;0;0;0;0;0;0;0;0;1834;0;0;89;0;80;0;
22678;2736913;1016602624;24260608;1118597120;0;0;0;0;0;0;0;0;0;0;0;3276;0;0;89;0;80;0;
22679;5761536;1016602624;24260608;1118597120;0;0;0;0;0;0;0;0;0;0;0;2916;0;0;89;0;80;0;
22680;2822363;1016602624;24260608;1118597120;0;0;0;0;0;0;0;0;0;0;0;2134;0;0;89;0;80;0;
22681;4471276;1016602624;24260608;1118597120;0;0;0;0;0;0;0;0;0;0;0;1553;0;0;89;0;80;0;
22682;2931117;1016602624;24260608;1118597120;0;0;0;0;0;0;0;0;0;0;0;2775;0;0;89;0;80;0;
22683;4684035;1016602624;24260608;1118597120;0;0;0;0;0;0;0;0;0;0;0;2294;0;0;89;0;80;0;
22684;4979188;1016602624;24260608;1118597120;0;0;0;0;0;0;0;0;0;0;0;2785;0;0;89;0;80;0;
22685;4956135;1016602624;24260608;1118597120;0;0;0;0;0;0;0;0;0;0;0;2204;0;0;89;0;80;0;
22686;3449719;1016602624;24260608;1118597120;0;0;0;0;0;0;0;0;0;0;0;3327;0;0;89;0;80;0;
22687;5905055;1016602624;24260608;1118597120;0;0;0;0;0;0;0;0;0;0;0;2965;0;0;89;0;80;0;
22688;3655605;1016602624;24260608;1118597120;0;0;0;0;0;0;0;0;0;0;0;3486;0;0;89;0;80;0;
22689;4950454;1016602624;24260608;1118597120;0;0;0;0;0;0;0;0;0;0;0;2615;0;0;89;0;80;0;
22690;3883644;1016602624;24260608;1118597120;0;0;0;0;0;0;0;0;0;0;0;3105;0;0;89;0;80;0;
22691;5979224;1016602624;24268800;1118605312;0;0;0;0;0;0;0;0;0;0;0;3417;0;0;89;0;80;0;
22692;4505129;1016602624;24268800;1118605312;0;0;0;0;0;0;0;0;0;0;0;3085;0;0;89;0;80;0;
22693;5421477;1016602624;24268800;1118605312;0;0;0;0;0;0;0;0;0;0;0;2604;0;0;89;0;80;0;
22694;2898105;1016602624;24268800;1118605312;0;0;0;0;0;0;0;0;0;0;0;2465;0;0;89;0;80;0;
22695;4977926;1016602624;24268800;1118605312;0;0;0;0;0;0;0;0;0;0;0;1744;0;0;89;0;80;0;
22696;3860450;1016602624;24268800;1118605312;0;0;0;0;0;0;0;0;0;0;0;2695;0;0;89;0;80;0;
22697;4681820;1016602624;24268800;1118605312;0;0;0;0;0;0;0;0;0;0;0;2084;0;0;89;0;80;0;
22698;4975331;1016602624;24260608;1118597120;0;0;0;0;0;0;0;0;0;0;0;3106;0;0;89;0;80;0;
22699;5826507;1016602624;24260608;1118597120;0;0;0;0;0;0;0;0;0;0;0;2485;0;0;89;0;80;0;
22700;3863475;1016602624;24260608;1118597120;0;0;0;0;0;0;0;0;0;0;0;3858;0;0;89;0;80;0;
22701;5252670;1016602624;24260608;1118597120;0;0;0;0;0;0;0;0;0;0;0;2745;0;0;89;0;80;0;
22702;5578321;1016602624;24260608;1118597120;0;0;0;0;0;0;0;0;0;0;0;3777;0;0;89;0;80;0;
22703;6268947;1016602624;24260608;1118597120;0;0;0;0;0;0;0;0;0;0;0;3677;0;0;89;0;80;0;
22704;5028530;1016602624;24260608;1118597120;0;0;0;0;0;0;0;0;0;0;0;4969;0;0;89;0;80;0;
22705;7566730;1016602624;24260608;1118597120;0;0;0;0;0;0;0;0;0;0;0;4338;0;0;89;0;80;0;
22706;5114993;1016602624;24260608;1118597120;0;0;0;0;0;0;0;0;0;0;0;4107;0;0;89;0;80;0;
22707;8049686;1016602624;24260608;1118597120;0;0;0;0;0;0;0;0;0;0;0;3607;0;0;89;0;80;0;
22708;5601896;1016602624;24260608;1118597120;0;0;0;0;0;0;0;0;0;0;0;3897;0;0;89;0;80;0;
22709;5931454;1016602624;24260608;1118597120;0;0;0;0;0;0;0;0;0;0;0;3927;0;0;89;0;80;0;
22710;6047431;1016602624;24260608;1118597120;0;0;0;0;0;0;0;0;0;0;0;4218;0;0;89;0;80;0;
22711;5749873;1016602624;24260608;1118597120;0;0;0;0;0;0;0;0;0;0;0;3827;0;0;89;0;80;0;
22712;5882031;1016602624;24260608;1118597120;0;0;0;0;0;0;0;0;0;0;0;3887;0;0;89;0;80;0;
22713;6906071;1016602624;24260608;1118597120;0;0;0;0;0;0;0;0;0;0;0;3627;0;0;89;0;80;0;
22714;5073896;1016602624;24260608;1118597120;0;0;0;0;0;0;0;0;0;0;0;4999;0;0;89;0;80;0;
22715;11895649;1016602624;24260608;1118597120;0;0;0;0;0;0;0;0;0;0;0;3647;0;0;89;0;80;0;
22716;5326389;1016602624;24260608;1118597120;0;0;0;0;0;0;0;0;0;0;0;4007;0;0;89;0;80;0;
22717;7520774;1016602624;24260608;1118597120;0;0;0;0;0;0;0;0;0;0;0;3667;0;0;89;0;80;0;
22718;6226548;1016602624;24260608;1118597120;0;0;0;0;0;0;0;0;0;0;0;4188;0;0;89;0;80;0;
22719;6441871;1016602624;24260608;1118597120;0;0;0;0;0;0;0;0;0;0;0;4819;0;0;89;0;80;0;
22720;6032262;1016602624;24260608;1118597120;0;0;0;0;0;0;0;0;0;0;0;3747;0;0;89;0;80;0;
22721;5985124;1016602624;24260608;1118597120;0;0;0;0;0;0;0;0;0;0;0;4328;0;0;89;0;80;0;
22722;5088804;1016602624;24260608;1118597120;0;0;0;0;0;0;0;0;0;0;0;4699;0;0;89;0;80;0;
22723;6086354;1016602624;24260608;1118597120;0;0;0;0;0;0;0;0;0;0;0;4058;0;0;89;0;80;0;
22724;4215365;1016602624;24260608;1118597120;0;0;0;0;0;0;0;0;0;0;0;4118;0;0;89;0;80;0;
22725;6015110;1016602624;24260608;1118597120;0;0;0;0;0;0;0;0;0;0;0;3737;0;0;89;0;80;0;
22726;4563167;1016602624;24260608;1118597120;0;0;0;0;0;0;0;0;0;0;0;3937;0;0;89;0;80;0;
22727;6301958;1016602624;24260608;1118597120;0;0;0;0;0;0;0;0;0;0;0;3727;0;0;89;0;80;0;
22728;3679190;1016602624;24260608;1118597120;0;0;0;0;0;0;0;0;0;0;0;3447;0;0;89;0;80;0;
22729;5382023;1016602624;24260608;1118597120;0;0;0;0;0;0;0;0;0;0;0;3887;0;0;89;0;80;0;
22730;4376117;1016602624;24260608;1118597120;0;0;0;0;0;0;0;0;0;0;0;3727;0;0;89;0;80;0;
22731;4918464;1016602624;24260608;1118597120;0;0;0;0;0;0;0;0;0;0;0;3075;0;0;89;0;80;0;
22732;3777304;1016602624;24260608;1118597120;0;0;0;0;0;0;0;0;0;0;0;3086;0;0;89;0;80;0;
22733;4842822;1016602624;24260608;1118597120;0;0;0;0;0;0;0;0;0;0;0;2545;0;0;89;0;80;0;
22734;3707783;1016602624;24260608;1118597120;0;0;0;0;0;0;0;0;0;0;0;3416;0;0;89;0;80;0;
22735;4926449;1016602624;24260608;1118597120;0;0;0;0;0;0;0;0;0;0;0;2534;0;0;89;0;80;0;
22736;3429071;1016602624;24260608;1118597120;0;0;0;0;0;0;0;0;0;0;0;2865;0;0;89;0;80;0;
22737;5632203;1016602624;24260608;1118597120;0;0;0;0;0;0;0;0;0;0;0;3396;0;0;89;0;80;0;
22738;4278604;1016602624;24260608;1118597120;0;0;0;0;0;0;0;0;0;0;0;3627;0;0;89;0;80;0;
22739;5331438;1016602624;24260608;1118597120;0;0;0;0;0;0;0;0;0;0;0;3377;0;0;89;0;80;0;
22740;4649970;1016602624;24260608;1118597120;0;0;0;0;0;0;0;0;0;0;0;3807;0;0;89;0;80;0;
22741;4879371;1016602624;24260608;1118597120;0;0;0;0;0;0;0;0;0;0;0;2955;0;0;89;0;80;0;
22742;3793404;1016602624;24260608;1118597120;0;0;0;0;0;0;0;0;0;0;0;3536;0;0;89;0;80;0;
22743;5025504;1016602624;24260608;1118597120;0;0;0;0;0;0;0;0;0;0;0;2685;0;0;89;0;80;0;
22744;5285963;1016602624;24260608;1118597120;0;0;0;0;0;0;0;0;0;0;0;3677;0;0;89;0;80;0;
22745;6045217;1016602624;24260608;1118597120;0;0;0;0;0;0;0;0;0;0;0;3377;0;0;89;0;80;0;
22746;4358444;1016602624;24260608;1118597120;0;0;0;0;0;0;0;0;0;0;0;4439;0;0;89;0;80;0;
22747;5957893;1016602624;24260608;1118597120;0;0;0;0;0;0;0;0;0;0;0;3496;0;0;89;0;80;0;
22748;4251894;1016602624;24260608;1118597120;0;0;0;0;0;0;0;0;0;0;0;4038;0;0;89;0;80;0;
22749;5591205;1016602624;24260608;1118597120;0;0;0;0;0;0;0;0;0;0;0;4098;0;0;89;0;80;0;
22750;5421868;1016602624;24260608;1118597120;0;0;0;0;0;0;0;0;0;0;0;4308;0;0;89;0;80;0;
22751;5890698;1016602624;24260608;1118597120;0;0;0;0;0;0;0;0;0;0;0;3146;0;0;89;0;80;0;
22752;4182985;1016602624;24260608;1118597120;0;0;0;0;0;0;0;0;0;0;0;3376;0;0;89;0;80;0;
22753;5430063;1016602624;24260608;1118597120;0;0;0;0;0;0;0;0;0;0;0;2996;0;0;89;0;80;0;
22754;4683363;1016602624;24260608;1118597120;0;0;0;0;0;0;0;0;0;0;0;3356;0;0;89;0;80;0;
22755;4996811;1016602624;24260608;1118597120;0;0;0;0;0;0;0;0;0;0;0;3046;0;0;89;0;80;0;
22756;4221767;1016602624;24260608;1118597120;0;0;0;0;0;0;0;0;0;0;0;3306;0;0;89;0;80;0;
22757;5330517;1016602624;24260608;1118597120;0;0;0;0;0;0;0;0;0;0;0;3296;0;0;89;0;80;0;
22758;3229557;1016602624;24260608;1118597120;0;0;0;0;0;0;0;0;0;0;0;3226;0;0;89;0;80;0;
22759;4628170;1016602624;24260608;1118597120;0;0;0;0;0;0;0;0;0;0;0;2455;0;0;89;0;80;0;
22760;3569544;1016602624;24260608;1118597120;0;0;0;0;0;0;0;0;0;0;0;3226;0;0;89;0;80;0;
22761;4974990;1016602624;24260608;1118597120;0;0;0;0;0;0;0;0;0;0;0;2044;0;0;89;0;80;0;
22762;3412920;1016602624;24260608;1118597120;0;0;0;0;0;0;0;0;0;0;0;3347;0;0;89;0;80;0;
22763;4750820;1016602624;24260608;1118597120;0;0;0;0;0;0;0;0;0;0;0;2364;0;0;89;0;80;0;
22764;3741587;1016602624;24260608;1118597120;0;0;0;0;0;0;0;0;0;0;0;3336;0;0;89;0;80;0;
22765;5054178;1016602624;24260608;1118597120;0;0;0;0;0;0;0;0;0;0;0;2274;0;0;89;0;80;0;
22766;3994161;1016602624;24260608;1118597120;0;0;0;0;0;0;0;0;0;0;0;3697;0;0;89;0;80;0;
22767;5110133;1016602624;24260608;1118597120;0;0;0;0;0;0;0;0;0;0;0;4128;0;0;89;0;80;0;
22768;4488698;1016602624;24260608;1118597120;0;0;0;0;0;0;0;0;0;0;0;3136;0;0;89;0;80;0;
22769;4863320;1016602624;24260608;1118597120;0;0;0;0;0;0;0;0;0;0;0;2665;0;0;89;0;80;0;
22770;3370040;1016602624;24260608;1118597120;0;0;0;0;0;0;0;0;0;0;0;2905;0;0;89;0;80;0;
22771;5374239;1016602624;24260608;1118597120;0;0;0;0;0;0;0;0;0;0;0;2665;0;0;89;0;80;0;
22772;3481018;1016602624;24260608;1118597120;0;0;0;0;0;0;0;0;0;0;0;3917;0;0;89;0;80;0;
22773;6499279;1022406656;31825920;1126162432;0;0;0;0;0;0;0;0;0;0;0;3497;0;0;89;0;80;0;
22774;3130842;1022406656;31825920;1126162432;0;0;0;0;0;0;0;0;0;0;0;3276;0;0;89;0;80;0;
22775;4946687;1022406656;31825920;1126162432;0;0;0;0;0;0;0;0;0;0;0;3086;0;0;89;0;80;0;
22776;3805517;1022406656;31825920;1126162432;0;0;0;0;0;0;0;0;0;0;0;3627;0;0;89;0;80;0;
22777;5908200;1022406656;31825920;1126162432;0;0;0;0;0;0;0;0;0;0;0;3246;0;0;89;0;80;0;
22778;3455731;1022406656;31825920;1126162432;0;0;0;0;0;0;0;0;0;0;0;3116;0;0;89;0;80;0;
22779;5635138;1022406656;31825920;1126162432;0;0;0;0;0;0;0;0;0;0;0;3506;0;0;89;0;80;0;
22780;2890571;1022406656;31825920;1126162432;0;0;0;0;0;0;0;0;0;0;0;3396;0;0;89;0;80;0;
22781;4748726;1022406656;31825920;1126162432;0;0;0;0;0;0;0;0;0;0;0;3186;0;0;89;0;80;0;
22782;3411137;1016602624;24260608;1118597120;0;0;0;0;0;0;0;0;0;0;0;2996;0;0;89;0;80;0;
22783;4832543;1016602624;24260608;1118597120;0;0;0;0;0;0;0;0;0;0;0;2394;0;0;89;0;80;0;
22784;3825284;1016602624;24260608;1118597120;0;0;0;0;0;0;0;0;0;0;0;2755;0;0;89;0;80;0;
22785;4673605;1016602624;24260608;1118597120;0;0;0;0;0;0;0;0;0;0;0;2024;0;0;89;0;80;0;
22786;2975720;1016602624;24260608;1118597120;0;0;0;0;0;0;0;0;0;0;0;2645;0;0;89;0;80;0;
22787;4658596;1016602624;24260608;1118597120;0;0;0;0;0;0;0;0;0;0;0;2124;0;0;89;0;80;0;
22788;3465970;1016602624;24260608;1118597120;0;0;0;0;0;0;0;0;0;0;0;3276;0;0;89;0;80;0;
22789;4870224;1016602624;24260608;1118597120;0;0;0;0;0;0;0;0;0;0;0;2945;0;0;89;0;80;0;
22790;3208207;1016602624;24260608;1118597120;0;0;0;0;0;0;0;0;0;0;0;2425;0;0;89;0;80;0;
22791;5236060;1016602624;24268800;1118605312;0;0;0;0;0;0;0;0;0;0;0;3056;0;0;89;0;80;0;
22792;3452184;1016602624;24268800;1118605312;0;0;0;0;0;0;0;0;0;0;0;2174;0;0;89;0;80;0;
22793;4455306;1016602624;24268800;1118605312;0;0;0;0;0;0;0;0;0;0;0;1964;0;0;89;0;80;0;
22794;2432261;1016602624;24268800;1118605312;0;0;0;0;0;0;0;0;0;0;0;2345;0;0;89;0;80;0;
22795;4903917;1016602624;24268800;1118605312;0;0;0;0;0;0;0;0;0;0;0;2294;0;0;89;0;80;0;
22796;3141211;1016602624;24268800;1118605312;0;0;0;0;0;0;0;0;0;0;0;3226;0;0;89;0;80;0;
22797;4921079;1016602624;24268800;1118605312;0;0;0;0;0;0;0;0;0;0;0;2455;0;0;89;0;80;0;
22798;3107648;1016602624;24260608;1118597120;0;0;0;0;0;0;0;0;0;0;0;3527;0;0;89;0;80;0;
22799;5962412;1016602624;24260608;1118597120;0;0;0;0;0;0;0;0;0;0;0;2555;0;0;89;0;80;0;
22800;3813141;1016602624;24260608;1118597120;0;0;0;0;0;0;0;0;0;0;0;3106;0;0;89;0;80;0;
22801;4762452;1016602624;24260608;1118597120;0;0;0;0;0;0;0;0;0;0;0;2805;0;0;89;0;80;0;
22802;4258676;1016602624;24260608;1118597120;0;0;0;0;0;0;0;0;0;0;0;3186;0;0;89;0;80;0;
22803;4560533;1016602624;24260608;1118597120;0;0;0;0;0;0;0;0;0;0;0;2565;0;0;89;0;80;0;
22804;3632372;1016602624;24260608;1118597120;0;0;0;0;0;0;0;0;0;0;0;2685;0;0;89;0;80;0;
22805;4859784;1016602624;24260608;1118597120;0;0;0;0;0;0;0;0;0;0;0;2524;0;0;89;0;80;0;
22806;3581357;1016602624;24260608;1118597120;0;0;0;0;0;0;0;0;0;0;0;2745;0;0;89;0;80;0;
22807;4801404;1016602624;24260608;1118597120;0;0;0;0;0;0;0;0;0;0;0;2405;0;0;89;0;80;0;
22808;3673178;1016602624;24260608;1118597120;0;0;0;0;0;0;0;0;0;0;0;2385;0;0;89;0;80;0;
22809;4900220;1016602624;24260608;1118597120;0;0;0;0;0;0;0;0;0;0;0;2244;0;0;89;0;80;0;
22810;3375119;1016602624;24260608;1118597120;0;0;0;0;0;0;0;0;0;0;0;3547;0;0;89;0;80;0;
22811;6053372;1016602624;24260608;1118597120;0;0;0;0;0;0;0;0;0;0;0;2815;0;0;89;0;80;0;
22812;4239110;1016602624;24260608;1118597120;0;0;0;0;0;0;0;0;0;0;0;3447;0;0;89;0;80;0;
22813;5255035;1016602624;24260608;1118597120;0;0;0;0;0;0;0;0;0;0;0;2645;0;0;89;0;80;0;
22814;4796636;1016602624;24260608;1118597120;0;0;0;0;0;0;0;0;0;0;0;3697;0;0;89;0;80;0;
22815;5014234;1016602624;24260608;1118597120;0;0;0;0;0;0;0;0;0;0;0;2835;0;0;89;0;80;0;
22816;3342979;1016602624;24260608;1118597120;0;0;0;0;0;0;0;0;0;0;0;2806;0;0;89;0;80;0;
22817;4676941;1016602624;24260608;1118597120;0;0;0;0;0;0;0;0;0;0;0;2485;0;0;89;0;80;0;
22818;5762708;1016602624;24260608;1118597120;0;0;0;0;0;0;0;0;0;0;0;2314;0;0;89;0;80;0;
22819;4969750;1016602624;24260608;1118597120;0;0;0;0;0;0;0;0;0;0;0;2335;0;0;89;0;80;0;
22820;3940861;1016602624;24260608;1118597120;0;0;0;0;0;0;0;0;0;0;0;2645;0;0;89;0;80;0;
22821;6244951;1016602624;24260608;1118597120;0;0;0;0;0;0;0;0;0;0;0;2024;0;0;89;0;80;0;
22822;3551630;1016602624;24260608;1118597120;0;0;0;0;0;0;0;0;0;0;0;2515;0;0;89;0;80;0;
22823;4780235;1016602624;24260608;1118597120;0;0;0;0;0;0;0;0;0;0;0;2495;0;0;89;0;80;0;
22824;2620315;1016602624;24260608;1118597120;0;0;0;0;0;0;0;0;0;0;0;2265;0;0;89;0;80;0;
22825;5529380;1016602624;24260608;1118597120;0;0;0;0;0;0;0;0;0;0;0;2014;0;0;89;0;80;0;
22826;3446874;1016602624;24260608;1118597120;0;0;0;0;0;0;0;0;0;0;0;2695;0;0;89;0;80;0;
22827;5292655;1016602624;24260608;1118597120;0;0;0;0;0;0;0;0;0;0;0;2234;0;0;89;0;80;0;
22828;3875108;1016602624;24260608;1118597120;0;0;0;0;0;0;0;0;0;0;0;2555;0;0;89;0;80;0;
22829;5167371;1016602624;24260608;1118597120;0;0;0;0;0;0;0;0;0;0;0;2044;0;0;89;0;80;0;
22830;3236970;1016602624;24260608;1118597120;0;0;0;0;0;0;0;0;0;0;0;61535;0;0;89;0;80;0;
22831;5231661;1016602624;24260608;1118597120;0;0;0;0;0;0;0;0;0;0;0;1923;0;0;89;0;80;0;
22832;4563187;1016602624;24260608;1118597120;0;0;0;0;0;0;0;0;0;0;0;3226;0;0;89;0;80;0;
22833;4984157;1016602624;24260608;1118597120;0;0;0;0;0;0;0;0;0;0;0;2084;0;0;89;0;80;0;
22834;4054794;1016602624;24260608;1118597120;0;0;0;0;0;0;0;0;0;0;0;3015;0;0;89;0;80;0;
22835;5091518;1016602624;24260608;1118597120;0;0;0;0;0;0;0;0;0;0;0;2364;0;0;89;0;80;0;
22836;4215565;1016602624;24260608;1118597120;0;0;0;0;0;0;0;0;0;0;0;2725;0;0;89;0;80;0;
22837;4492024;1016602624;24260608;1118597120;0;0;0;0;0;0;0;0;0;0;0;2344;0;0;89;0;80;0;
22838;3835673;1016602624;24260608;1118597120;0;0;0;0;0;0;0;0;0;0;0;2855;0;0;89;0;80;0;
22839;5159646;1016602624;24260608;1118597120;0;0;0;0;0;0;0;0;0;0;0;2775;0;0;89;0;80;0;
22840;5147934;1016602624;24260608;1118597120;0;0;0;0;0;0;0;0;0;0;0;3015;0;0;89;0;80;0;
22841;5801019;1016602624;24260608;1118597120;0;0;0;0;0;0;0;0;0;0;0;2715;0;0;89;0;80;0;
22842;2862238;1016602624;24260608;1118597120;0;0;0;0;0;0;0;0;0;0;0;2434;0;0;89;0;80;0;
22843;5676956;1016602624;24260608;1118597120;0;0;0;0;0;0;0;0;0;0;0;2384;0;0;89;0;80;0;
22844;4097986;1016602624;24260608;1118597120;0;0;0;0;0;0;0;0;0;0;0;2495;0;0;89;0;80;0;
22845;4560242;1016602624;24260608;1118597120;0;0;0;0;0;0;0;0;0;0;0;1953;0;0;89;0;80;0;
22846;2702818;1016602624;24260608;1118597120;0;0;0;0;0;0;0;0;0;0;0;2755;0;0;89;0;80;0;
22847;6257666;1016602624;24260608;1118597120;0;0;0;0;0;0;0;0;0;0;0;2374;0;0;89;0;80;0;
22848;3655255;1016602624;24260608;1118597120;0;0;0;0;0;0;0;0;0;0;0;2795;0;0;89;0;80;0;
22849;5179754;1016602624;24260608;1118597120;0;0;0;0;0;0;0;0;0;0;0;2445;0;0;89;0;80;0;
22850;3527766;1016602624;24260608;1118597120;0;0;0;0;0;0;0;0;0;0;0;2655;0;0;89;0;80;0;
22851;5097670;1016602624;24260608;1118597120;0;0;0;0;0;0;0;0;0;0;0;2224;0;0;89;0;80;0;
22852;3676685;1016602624;24260608;1118597120;0;0;0;0;0;0;0;0;0;0;0;2385;0;0;89;0;80;0;
22853;4609755;1016602624;24260608;1118597120;0;0;0;0;0;0;0;0;0;0;0;1863;0;0;89;0;80;0;
22854;3087771;1016602624;24260608;1118597120;0;0;0;0;0;0;0;0;0;0;0;2104;0;0;89;0;80;0;
22855;5984914;1016602624;24260608;1118597120;0;0;0;0;0;0;0;0;0;0;0;5310;0;0;89;0;80;0;
22856;4250411;1016602624;24260608;1118597120;0;0;0;0;0;0;0;0;0;0;0;3296;0;0;89;0;80;0;
22857;5595463;1016602624;24260608;1118597120;0;0;0;0;0;0;0;0;0;0;0;2284;0;0;89;0;80;0;
22858;3401669;1016602624;24260608;1118597120;0;0;0;0;0;0;0;0;0;0;0;2675;0;0;89;0;80;0;
22859;6081235;1016602624;24260608;1118597120;0;0;0;0;0;0;0;0;0;0;0;2395;0;0;89;0;80;0;
22860;3129829;1016602624;24260608;1118597120;0;0;0;0;0;0;0;0;0;0;0;2795;0;0;89;0;80;0;
22861;5584764;1016602624;24260608;1118597120;0;0;0;0;0;0;0;0;0;0;0;2435;0;0;89;0;80;0;
22862;3964545;1016602624;24260608;1118597120;0;0;0;0;0;0;0;0;0;0;0;2736;0;0;89;0;80;0;
22863;5946943;1016602624;24260608;1118597120;0;0;0;0;0;0;0;0;0;0;0;2584;0;0;89;0;80;0;
22864;3727861;1016602624;24260608;1118597120;0;0;0;0;0;0;0;0;0;0;0;2284;0;0;89;0;80;0;
22865;5327210;1016602624;24260608;1118597120;0;0;0;0;0;0;0;0;0;0;0;2094;0;0;89;0;80;0;
22866;2417304;1016602624;24260608;1118597120;0;0;0;0;0;0;0;0;0;0;0;2435;0;0;89;0;80;0;
22867;5549698;1022406656;31825920;1126162432;0;0;0;0;0;0;0;0;0;0;0;2625;0;0;89;0;80;0;
22868;2802956;1022406656;31825920;1126162432;0;0;0;0;0;0;0;0;0;0;0;2415;0;0;89;0;80;0;
22869;4817124;1022406656;31825920;1126162432;0;0;0;0;0;0;0;0;0;0;0;2134;0;0;89;0;80;0;
22870;3998299;1022406656;31825920;1126162432;0;0;0;0;0;0;0;0;0;0;0;3146;0;0;89;0;80;0;
22871;5708085;1022406656;31825920;1126162432;0;0;0;0;0;0;0;0;0;0;0;2404;0;0;89;0;80;0;
22872;3759551;1022406656;31825920;1126162432;0;0;0;0;0;0;0;0;0;0;0;2665;0;0;89;0;80;0;
22873;6181373;1022406656;31825920;1126162432;0;0;0;0;0;0;0;0;0;0;0;70202;0;0;89;0;80;0;
22874;3375480;1022406656;31825920;1126162432;0;0;0;0;0;0;0;0;0;0;0;3005;0;0;89;0;80;0;
22875;5270314;1022406656;31825920;1126162432;0;0;0;0;0;0;0;0;0;0;0;2595;0;0;89;0;80;0;
22876;3066491;1016602624;24260608;1118597120;0;0;0;0;0;0;0;0;0;0;0;3226;0;0;89;0;80;0;
22877;5347098;1016602624;24260608;1118597120;0;0;0;0;0;0;0;0;0;0;0;2585;0;0;89;0;80;0;
22878;3672418;1016602624;24260608;1118597120;0;0;0;0;0;0;0;0;0;0;0;2885;0;0;89;0;80;0;
22879;5432047;1016602624;24260608;1118597120;0;0;0;0;0;0;0;0;0;0;0;2585;0;0;89;0;80;0;
22880;3815616;1016602624;24260608;1118597120;0;0;0;0;0;0;0;0;0;0;0;3307;0;0;89;0;80;0;
22881;5747419;1016602624;24260608;1118597120;0;0;0;0;0;0;0;0;0;0;0;2404;0;0;89;0;80;0;
22882;3921254;1016602624;24260608;1118597120;0;0;0;0;0;0;0;0;0;0;0;3496;0;0;89;0;80;0;
22883;5046734;1016602624;24260608;1118597120;0;0;0;0;0;0;0;0;0;0;0;2635;0;0;89;0;80;0;
22884;4659408;1016602624;24260608;1118597120;0;0;0;0;0;0;0;0;0;0;0;2986;0;0;89;0;80;0;
22885;5126264;1016602624;24260608;1118597120;0;0;0;0;0;0;0;0;0;0;0;2485;0;0;89;0;80;0;
22886;2096251;1016602624;24260608;1118597120;0;0;0;0;0;0;0;0;0;0;0;2475;0;0;89;0;80;0;
22887;4410982;1016602624;24260608;1118597120;0;0;0;0;0;0;0;0;0;0;0;1933;0;0;89;0;80;0;
22888;2898486;1016602624;24260608;1118597120;0;0;0;0;0;0;0;0;0;0;0;2835;0;0;89;0;80;0;
22889;4824728;1016602624;24260608;1118597120;0;0;0;0;0;0;0;0;0;0;0;1964;0;0;89;0;80;0;
22890;4178285;1016602624;24260608;1118597120;0;0;0;0;0;0;0;0;0;0;0;2655;0;0;89;0;80;0;
22891;5081821;1016602624;24260608;1118597120;0;0;0;0;0;0;0;0;0;0;0;2304;0;0;89;0;80;0;
22892;3735316;1016602624;24260608;1118597120;0;0;0;0;0;0;0;0;0;0;0;3076;0;0;89;0;80;0;
22893;14886137;1016602624;24260608;1118597120;0;0;0;0;0;0;0;0;0;0;0;2985;0;0;89;0;80;0;
22894;6161425;1016602624;24260608;1118597120;0;0;0;0;0;0;0;0;0;0;0;4419;0;0;89;0;80;0;
22895;5127907;1016602624;24260608;1118597120;0;0;0;0;0;0;0;0;0;0;0;3226;0;0;89;0;80;0;
22896;5185605;1016602624;24260608;1118597120;0;0;0;0;0;0;0;0;0;0;0;3496;0;0;89;0;80;0;
22897;7155059;1016602624;24260608;1118597120;0;0;0;0;0;0;0;0;0;0;0;3436;0;0;89;0;80;0;
22898;4655611;1016602624;24260608;1118597120;0;0;0;0;0;0;0;0;0;0;0;4679;0;0;89;0;80;0;
22899;7957013;1016602624;24260608;1118597120;0;0;0;0;0;0;0;0;0;0;0;3406;0;0;89;0;80;0;
22900;7987129;1016602624;24260608;1118597120;0;0;0;0;0;0;0;0;0;0;0;4298;0;0;89;0;80;0;
22901;6461728;1016602624;24260608;1118597120;0;0;0;0;0;0;0;0;0;0;0;3387;0;0;89;0;80;0;
22902;8043575;1016602624;24260608;1118597120;0;0;0;0;0;0;0;0;0;0;0;4779;0;0;89;0;80;0;
22903;7205773;1016602624;24260608;1118597120;0;0;0;0;0;0;0;0;0;0;0;4098;0;0;89;0;80;0;
22904;6760178;1016602624;24260608;1118597120;0;0;0;0;0;0;0;0;0;0;0;4027;0;0;89;0;80;0;
22905;6745340;1016602624;24260608;1118597120;0;0;0;0;0;0;0;0;0;0;0;3947;0;0;89;0;80;0;
22906;6565192;1016602624;24260608;1118597120;0;0;0;0;0;0;0;0;0;0;0;4519;0;0;89;0;80;0;
22907;8392119;1016602624;24260608;1118597120;0;0;0;0;0;0;0;0;0;0;0;3757;0;0;89;0;80;0;
22908;5762798;1016602624;24260608;1118597120;0;0;0;0;0;0;0;0;0;0;0;4318;0;0;89;0;80;0;
22909;7982972;1016602624;24260608;1118597120;0;0;0;0;0;0;0;0;0;0;0;4328;0;0;89;0;80;0;
22910;6180060;1016602624;24260608;1118597120;0;0;0;0;0;0;0;0;0;0;0;4419;0;0;89;0;80;0;
22911;7615942;1016602624;24260608;1118597120;0;0;0;0;0;0;0;0;0;0;0;3777;0;0;89;0;80;0;
22912;5536763;1016602624;24260608;1118597120;0;0;0;0;0;0;0;0;0;0;0;3948;0;0;89;0;80;0;
22913;5768899;1016602624;24260608;1118597120;0;0;0;0;0;0;0;0;0;0;0;3186;0;0;89;0;80;0;
22914;6373333;1016602624;24260608;1118597120;0;0;0;0;0;0;0;0;0;0;0;3627;0;0;89;0;80;0;
22915;6893448;1016602624;24260608;1118597120;0;0;0;0;0;0;0;0;0;0;0;3406;0;0;89;0;80;0;
22916;6020891;1016602624;24260608;1118597120;0;0;0;0;0;0;0;0;0;0;0;3917;0;0;89;0;80;0;
22917;6381758;1016602624;24260608;1118597120;0;0;0;0;0;0;0;0;0;0;0;3396;0;0;89;0;80;0;
22918;5946532;1016602624;24260608;1118597120;0;0;0;0;0;0;0;0;0;0;0;4528;0;0;89;0;80;0;
22919;9850253;1016602624;24260608;1118597120;0;0;0;0;0;0;0;0;0;0;0;3587;0;0;89;0;80;0;
22920;6078169;1016602624;24260608;1118597120;0;0;0;0;0;0;0;0;0;0;0;3847;0;0;89;0;80;0;
22921;5335716;1016602624;24260608;1118597120;0;0;0;0;0;0;0;0;0;0;0;3376;0;0;89;0;80;0;
22922;4576523;1016602624;24260608;1118597120;0;0;0;0;0;0;0;0;0;0;0;4178;0;0;89;0;80;0;
22923;6015502;1016602624;24260608;1118597120;0;0;0;0;0;0;0;0;0;0;0;3196;0;0;89;0;80;0;
22924;5182469;1016602624;24260608;1118597120;0;0;0;0;0;0;0;0;0;0;0;4468;0;0;89;0;80;0;
22925;6321245;1016602624;24260608;1118597120;0;0;0;0;0;0;0;0;0;0;0;3456;0;0;89;0;80;0;
22926;3554136;1016602624;24260608;1118597120;0;0;0;0;0;0;0;0;0;0;0;3427;0;0;89;0;80;0;
22927;5444280;1016602624;24260608;1118597120;0;0;0;0;0;0;0;0;0;0;0;2935;0;0;89;0;80;0;
22928;5468265;1016602624;24260608;1118597120;0;0;0;0;0;0;0;0;0;0;0;3917;0;0;89;0;80;0;
22929;5671486;1016602624;24260608;1118597120;0;0;0;0;0;0;0;0;0;0;0;3096;0;0;89;0;80;0;
22930;4532601;1016602624;24260608;1118597120;0;0;0;0;0;0;0;0;0;0;0;3597;0;0;89;0;80;0;
22931;7229868;1016602624;24260608;1118597120;0;0;0;0;0;0;0;0;0;0;0;3246;0;0;89;0;80;0;
22932;5439511;1016602624;24260608;1118597120;0;0;0;0;0;0;0;0;0;0;0;3687;0;0;89;0;80;0;
22933;5686815;1016602624;24260608;1118597120;0;0;0;0;0;0;0;0;0;0;0;3326;0;0;89;0;80;0;
22934;6575301;1016602624;24260608;1118597120;0;0;0;0;0;0;0;0;0;0;0;2795;0;0;89;0;80;0;
22935;6977245;1016602624;24260608;1118597120;0;0;0;0;0;0;0;0;0;0;0;2766;0;0;89;0;80;0;
22936;5881911;1016602624;24260608;1118597120;0;0;0;0;0;0;0;0;0;0;0;4017;0;0;89;0;80;0;
22937;6124356;1016602624;24260608;1118597120;0;0;0;0;0;0;0;0;0;0;0;3697;0;0;89;0;80;0;
22938;5098091;1016602624;24260608;1118597120;0;0;0;0;0;0;0;0;0;0;0;3497;0;0;89;0;80;0;
22939;6074763;1016602624;24260608;1118597120;0;0;0;0;0;0;0;0;0;0;0;3096;0;0;89;0;80;0;
22940;4538471;1016602624;24260608;1118597120;0;0;0;0;0;0;0;0;0;0;0;3496;0;0;89;0;80;0;
22941;6212942;1016602624;24260608;1118597120;0;0;0;0;0;0;0;0;0;0;0;3306;0;0;89;0;80;0;
22942;4606078;1016602624;24260608;1118597120;0;0;0;0;0;0;0;0;0;0;0;3827;0;0;89;0;80;0;
22943;5538507;1016602624;24260608;1118597120;0;0;0;0;0;0;0;0;0;0;0;3296;0;0;89;0;80;0;
22944;5064428;1016602624;24260608;1118597120;0;0;0;0;0;0;0;0;0;0;0;4208;0;0;89;0;80;0;
22945;5801881;1016602624;24260608;1118597120;0;0;0;0;0;0;0;0;0;0;0;3326;0;0;89;0;80;0;
22946;5532635;1016602624;24260608;1118597120;0;0;0;0;0;0;0;0;0;0;0;3797;0;0;89;0;80;0;
22947;6142690;1016602624;24260608;1118597120;0;0;0;0;0;0;0;0;0;0;0;3356;0;0;89;0;80;0;
22948;5373217;1016602624;24260608;1118597120;0;0;0;0;0;0;0;0;0;0;0;3687;0;0;89;0;80;0;
22949;7052266;1016602624;24260608;1118597120;0;0;0;0;0;0;0;0;0;0;0;3697;0;0;89;0;80;0;
22950;6481015;1016602624;24260608;1118597120;0;0;0;0;0;0;0;0;0;0;0;4489;0;0;89;0;80;0;
22951;6268576;1016602624;24260608;1118597120;0;0;0;0;0;0;0;0;0;0;0;3356;0;0;89;0;80;0;
22952;6023737;1016602624;24260608;1118597120;0;0;0;0;0;0;0;0;0;0;0;3937;0;0;89;0;80;0;
22953;6951817;1016602624;24260608;1118597120;0;0;0;0;0;0;0;0;0;0;0;3066;0;0;89;0;80;0;
22954;6493638;1016602624;24260608;1118597120;0;0;0;0;0;0;0;0;0;0;0;3577;0;0;89;0;80;0;
22955;6941297;1016602624;24260608;1118597120;0;0;0;0;0;0;0;0;0;0;0;3387;0;0;89;0;80;0;
22956;5815526;1016602624;24260608;1118597120;0;0;0;0;0;0;0;0;0;0;0;3857;0;0;89;0;80;0;
22957;6586211;1016602624;24260608;1118597120;0;0;0;0;0;0;0;0;0;0;0;3026;0;0;89;0;80;0;
22958;5327201;1016602624;24260608;1118597120;0;0;0;0;0;0;0;0;0;0;0;3857;0;0;89;0;80;0;
22959;6744929;1016602624;24260608;1118597120;0;0;0;0;0;0;0;0;0;0;0;3316;0;0;89;0;80;0;
22960;4894389;1016602624;24260608;1118597120;0;0;0;0;0;0;0;0;0;0;0;3436;0;0;89;0;80;0;
22961;8285449;1022406656;31825920;1126162432;0;0;0;0;0;0;0;0;0;0;0;3697;0;0;89;0;80;0;
22962;6477087;1022406656;31825920;1126162432;0;0;0;0;0;0;0;0;0;0;0;4107;0;0;89;0;80;0;
22963;6479912;1022406656;31825920;1126162432;0;0;0;0;0;0;0;0;0;0;0;3607;0;0;89;0;80;0;
22964;6041850;1022406656;31825920;1126162432;0;0;0;0;0;0;0;0;0;0;0;4429;0;0;89;0;80;0;
22965;6089510;1022406656;31825920;1126162432;0;0;0;0;0;0;0;0;0;0;0;3817;0;0;89;0;80;0;
22966;6154582;1022406656;31825920;1126162432;0;0;0;0;0;0;0;0;0;0;0;4097;0;0;89;0;80;0;
22967;8361661;1022406656;31825920;1126162432;0;0;0;0;0;0;0;0;0;0;0;3747;0;0;89;0;80;0;
22968;5619358;1022406656;31825920;1126162432;0;0;0;0;0;0;0;0;0;0;0;3647;0;0;89;0;80;0;
22969;5205151;1022406656;31825920;1126162432;0;0;0;0;0;0;0;0;0;0;0;3357;0;0;89;0;80;0;
22970;5198258;1016602624;24260608;1118597120;0;0;0;0;0;0;0;0;0;0;0;3657;0;0;89;0;80;0;
22971;6232028;1016602624;24260608;1118597120;0;0;0;0;0;0;0;0;0;0;0;3246;0;0;89;0;80;0;
22972;6226517;1016602624;24260608;1118597120;0;0;0;0;0;0;0;0;0;0;0;3907;0;0;89;0;80;0;
22973;6778732;1016602624;24260608;1118597120;0;0;0;0;0;0;0;0;0;0;0;3155;0;0;89;0;80;0;
22974;5208799;1016602624;24260608;1118597120;0;0;0;0;0;0;0;0;0;0;0;4829;0;0;89;0;80;0;
22975;6749007;1016602624;24260608;1118597120;0;0;0;0;0;0;0;0;0;0;0;3317;0;0;89;0;80;0;
22976;4519345;1016602624;24260608;1118597120;0;0;0;0;0;0;0;0;0;0;0;3827;0;0;89;0;80;0;
22977;6909739;1016602624;24260608;1118597120;0;0;0;0;0;0;0;0;0;0;0;3697;0;0;89;0;80;0;
22978;5630078;1016602624;24260608;1118597120;0;0;0;0;0;0;0;0;0;0;0;4208;0;0;89;0;80;0;
22979;5458306;1016602624;24260608;1118597120;0;0;0;0;0;0;0;0;0;0;0;3176;0;0;89;0;80;0;
22980;6587253;1016602624;24260608;1118597120;0;0;0;0;0;0;0;0;0;0;0;4047;0;0;89;0;80;0;
22981;6606680;1016602624;24268800;1118605312;0;0;0;0;0;0;0;0;0;0;0;3717;0;0;89;0;80;0;
22982;5247501;1016602624;24268800;1118605312;0;0;0;0;0;0;0;0;0;0;0;3266;0;0;89;0;80;0;
22983;5384448;1016602624;24268800;1118605312;0;0;0;0;0;0;0;0;0;0;0;3496;0;0;89;0;80;0;
22984;3762596;1016602624;24268800;1118605312;0;0;0;0;0;0;0;0;0;0;0;3046;0;0;89;0;80;0;
22985;4792728;1016602624;24268800;1118605312;0;0;0;0;0;0;0;0;0;0;0;2966;0;0;89;0;80;0;
22986;4399611;1016602624;24268800;1118605312;0;0;0;0;0;0;0;0;0;0;0;4208;0;0;89;0;80;0;
22987;5386242;1016602624;24268800;1118605312;0;0;0;0;0;0;0;0;0;0;0;2484;0;0;89;0;80;0;
22988;4508024;1016602624;24260608;1118597120;0;0;0;0;0;0;0;0;0;0;0;3547;0;0;89;0;80;0;
22989;6464744;1016602624;24260608;1118597120;0;0;0;0;0;0;0;0;0;0;0;4258;0;0;89;0;80;0;
22990;4970501;1016602624;24260608;1118597120;0;0;0;0;0;0;0;0;0;0;0;4208;0;0;89;0;80;0;
22991;6028125;1016602624;24260608;1118597120;0;0;0;0;0;0;0;0;0;0;0;3767;0;0;89;0;80;0;
22992;3517677;1016602624;24260608;1118597120;0;0;0;0;0;0;0;0;0;0;0;3767;0;0;89;0;80;0;
22993;6513175;1016602624;24260608;1118597120;0;0;0;0;0;0;0;0;0;0;0;3677;0;0;89;0;80;0;
22994;3975636;1016602624;24260608;1118597120;0;0;0;0;0;0;0;0;0;0;0;3737;0;0;89;0;80;0;
22995;6233851;1016602624;24260608;1118597120;0;0;0;0;0;0;0;0;0;0;0;3637;0;0;89;0;80;0;
22996;5181167;1016602624;24260608;1118597120;0;0;0;0;0;0;0;0;0;0;0;3797;0;0;89;0;80;0;
22997;6751261;1016602624;24260608;1118597120;0;0;0;0;0;0;0;0;0;0;0;3857;0;0;89;0;80;0;
22998;4235934;1016602624;24260608;1118597120;0;0;0;0;0;0;0;0;0;0;0;3336;0;0;89;0;80;0;
22999;6461878;1016602624;24260608;1118597120;0;0;0;0;0;0;0;0;0;0;0;3928;0;0;89;0;80;0;
23000;4220204;1016602624;24260608;1118597120;0;0;0;0;0;0;0;0;0;0;0;3828;0;0;89;0;80;0;
23001;5957172;1016602624;24260608;1118597120;0;0;0;0;0;0;0;0;0;0;0;4148;0;0;89;0;80;0;
23002;5129620;1016602624;24260608;1118597120;0;0;0;0;0;0;0;0;0;0;0;4088;0;0;89;0;80;0;
23003;5675944;1016602624;24260608;1118597120;0;0;0;0;0;0;0;0;0;0;0;3246;0;0;89;0;80;0;
23004;3994491;1016602624;24260608;1118597120;0;0;0;0;0;0;0;0;0;0;0;3487;0;0;89;0;80;0;
23005;5247300;1016602624;24260608;1118597120;0;0;0;0;0;0;0;0;0;0;0;2545;0;0;89;0;80;0;
23006;5166440;1016602624;24260608;1118597120;0;0;0;0;0;0;0;0;0;0;0;3647;0;0;89;0;80;0;
23007;5901307;1016602624;24260608;1118597120;0;0;0;0;0;0;0;0;0;0;0;3416;0;0;89;0;80;0;
23008;5410727;1016602624;24260608;1118597120;0;0;0;0;0;0;0;0;0;0;0;3456;0;0;89;0;80;0;
23009;6139664;1016602624;24260608;1118597120;0;0;0;0;0;0;0;0;0;0;0;2875;0;0;89;0;80;0;
23010;4513434;1016602624;24260608;1118597120;0;0;0;0;0;0;0;0;0;0;0;3757;0;0;89;0;80;0;
23011;5196605;1016602624;24260608;1118597120;0;0;0;0;0;0;0;0;0;0;0;3206;0;0;89;0;80;0;
23012;4971393;1016602624;24260608;1118597120;0;0;0;0;0;0;0;0;0;0;0;3707;0;0;89;0;80;0;
23013;5190545;1016602624;24260608;1118597120;0;0;0;0;0;0;0;0;0;0;0;2816;0;0;89;0;80;0;
23014;4784182;1016602624;24260608;1118597120;0;0;0;0;0;0;0;0;0;0;0;3326;0;0;89;0;80;0;
23015;6131589;1016602624;24260608;1118597120;0;0;0;0;0;0;0;0;0;0;0;3376;0;0;89;0;80;0;
23016;3276145;1016602624;24260608;1118597120;0;0;0;0;0;0;0;0;0;0;0;3957;0;0;89;0;80;0;
23017;5481089;1016602624;24260608;1118597120;0;0;0;0;0;0;0;0;0;0;0;3857;0;0;89;0;80;0;
23018;4168257;1016602624;24260608;1118597120;0;0;0;0;0;0;0;0;0;0;0;3737;0;0;89;0;80;0;
23019;6223120;1016602624;24260608;1118597120;0;0;0;0;0;0;0;0;0;0;0;4478;0;0;89;0;80;0;
23020;3478093;1016602624;24260608;1118597120;0;0;0;0;0;0;0;0;0;0;0;3737;0;0;89;0;80;0;
23021;5818873;1016602624;24260608;1118597120;0;0;0;0;0;0;0;0;0;0;0;7183;0;0;89;0;80;0;
23022;3983781;1016602624;24260608;1118597120;0;0;0;0;0;0;0;0;0;0;0;3888;0;0;89;0;80;0;
23023;6609856;1016602624;24260608;1118597120;0;0;0;0;0;0;0;0;0;0;0;4608;0;0;89;0;80;0;
23024;4408868;1016602624;24260608;1118597120;0;0;0;0;0;0;0;0;0;0;0;3277;0;0;89;0;80;0;
23025;5077803;1016602624;24260608;1118597120;0;0;0;0;0;0;0;0;0;0;0;3687;0;0;89;0;80;0;
23026;3614900;1016602624;24260608;1118597120;0;0;0;0;0;0;0;0;0;0;0;3847;0;0;89;0;80;0;
23027;5557202;1016602624;24260608;1118597120;0;0;0;0;0;0;0;0;0;0;0;2675;0;0;89;0;80;0;
23028;3512678;1016602624;24260608;1118597120;0;0;0;0;0;0;0;0;0;0;0;3346;0;0;89;0;80;0;
23029;5588150;1016602624;24260608;1118597120;0;0;0;0;0;0;0;0;0;0;0;3557;0;0;89;0;80;0;
23030;3909692;1016602624;24260608;1118597120;0;0;0;0;0;0;0;0;0;0;0;3647;0;0;89;0;80;0;
23031;5958564;1016602624;24260608;1118597120;0;0;0;0;0;0;0;0;0;0;0;3015;0;0;89;0;80;0;
23032;4740089;1016602624;24260608;1118597120;0;0;0;0;0;0;0;0;0;0;0;3376;0;0;89;0;80;0;
23033;6929395;1016602624;24260608;1118597120;0;0;0;0;0;0;0;0;0;0;0;3537;0;0;89;0;80;0;
23034;3410035;1016602624;24260608;1118597120;0;0;0;0;0;0;0;0;0;0;0;3166;0;0;89;0;80;0;
23035;6944082;1016602624;24260608;1118597120;0;0;0;0;0;0;0;0;0;0;0;4498;0;0;89;0;80;0;
23036;3453066;1016602624;24260608;1118597120;0;0;0;0;0;0;0;0;0;0;0;3787;0;0;89;0;80;0;
23037;5031786;1016602624;24260608;1118597120;0;0;0;0;0;0;0;0;0;0;0;2845;0;0;89;0;80;0;
23038;4365577;1016602624;24260608;1118597120;0;0;0;0;0;0;0;0;0;0;0;3456;0;0;89;0;80;0;
23039;5601235;1016602624;24260608;1118597120;0;0;0;0;0;0;0;0;0;0;0;2775;0;0;89;0;80;0;
23040;4126669;1016602624;24260608;1118597120;0;0;0;0;0;0;0;0;0;0;0;4298;0;0;89;0;80;0;
23041;4944283;1016602624;24260608;1118597120;0;0;0;0;0;0;0;0;0;0;0;3367;0;0;89;0;80;0;
23042;4130797;1016602624;24260608;1118597120;0;0;0;0;0;0;0;0;0;0;0;3427;0;0;89;0;80;0;
23043;5529240;1016602624;24260608;1118597120;0;0;0;0;0;0;0;0;0;0;0;2645;0;0;89;0;80;0;
23044;4686108;1016602624;24260608;1118597120;0;0;0;0;0;0;0;0;0;0;0;3286;0;0;89;0;80;0;
23045;6027233;1016602624;24260608;1118597120;0;0;0;0;0;0;0;0;0;0;0;3657;0;0;89;0;80;0;
23046;3638734;1016602624;24260608;1118597120;0;0;0;0;0;0;0;0;0;0;0;3547;0;0;89;0;80;0;
23047;6374956;1016602624;24260608;1118597120;0;0;0;0;0;0;0;0;0;0;0;3947;0;0;89;0;80;0;
23048;4035758;1016602624;24260608;1118597120;0;0;0;0;0;0;0;0;0;0;0;3767;0;0;89;0;80;0;
23049;6283143;1016602624;24260608;1118597120;0;0;0;0;0;0;0;0;0;0;0;5059;0;0;89;0;80;0;
23050;3663159;1016602624;24260608;1118597120;0;0;0;0;0;0;0;0;0;0;0;4388;0;0;89;0;80;0;
23051;5540912;1016602624;24260608;1118597120;0;0;0;0;0;0;0;0;0;0;0;2956;0;0;89;0;80;0;
23052;4521329;1016602624;24260608;1118597120;0;0;0;0;0;0;0;0;0;0;0;3586;0;0;89;0;80;0;
23053;5906457;1016602624;24260608;1118597120;0;0;0;0;0;0;0;0;0;0;0;3025;0;0;89;0;80;0;
23054;4137870;1016602624;24260608;1118597120;0;0;0;0;0;0;0;0;0;0;0;4058;0;0;89;0;80;0;
23055;5895957;1016602624;24260608;1118597120;0;0;0;0;0;0;0;0;0;0;0;3497;0;0;89;0;80;0;
23056;4920988;1016602624;24260608;1118597120;0;0;0;0;0;0;0;0;0;0;0;3928;0;0;89;0;80;0;
23057;6399271;1016602624;24260608;1118597120;0;0;0;0;0;0;0;0;0;0;0;3607;0;0;89;0;80;0;
23058;5192267;1016602624;24260608;1118597120;0;0;0;0;0;0;0;0;0;0;0;3637;0;0;89;0;80;0;
23059;5699478;1016602624;24260608;1118597120;0;0;0;0;0;0;0;0;0;0;0;3616;0;0;89;0;80;0;
23060;4131368;1016602624;24260608;1118597120;0;0;0;0;0;0;0;0;0;0;0;3827;0;0;89;0;80;0;
23061;6050106;1016602624;24260608;1118597120;0;0;0;0;0;0;0;0;0;0;0;2926;0;0;89;0;80;0;
23062;5064728;1016602624;24260608;1118597120;0;0;0;0;0;0;0;0;0;0;0;3296;0;0;89;0;80;0;
23063;5792573;1016602624;24260608;1118597120;0;0;0;0;0;0;0;0;0;0;0;2455;0;0;89;0;80;0;
23064;4133632;1016602624;24260608;1118597120;0;0;0;0;0;0;0;0;0;0;0;3666;0;0;89;0;80;0;
23065;6467929;1016602624;24260608;1118597120;0;0;0;0;0;0;0;0;0;0;0;3747;0;0;89;0;80;0;
23066;4775926;1016602624;24260608;1118597120;0;0;0;0;0;0;0;0;0;0;0;3877;0;0;89;0;80;0;
23067;6808639;1016602624;24260608;1118597120;0;0;0;0;0;0;0;0;0;0;0;4028;0;0;89;0;80;0;
23068;4885843;1016602624;24260608;1118597120;0;0;0;0;0;0;0;0;0;0;0;4028;0;0;89;0;80;0;
23069;5755073;1016602624;24260608;1118597120;0;0;0;0;0;0;0;0;0;0;0;4088;0;0;89;0;80;0;
23070;4269407;1016602624;24260608;1118597120;0;0;0;0;0;0;0;0;0;0;0;4338;0;0;89;0;80;0;
23071;6613032;1016602624;24260608;1118597120;0;0;0;0;0;0;0;0;0;0;0;3497;0;0;89;0;80;0;
23072;4843394;1016602624;24260608;1118597120;0;0;0;0;0;0;0;0;0;0;0;3467;0;0;89;0;80;0;
23073;5990053;1016602624;24260608;1118597120;0;0;0;0;0;0;0;0;0;0;0;3076;0;0;89;0;80;0;
23074;4487435;1016602624;24260608;1118597120;0;0;0;0;0;0;0;0;0;0;0;3937;0;0;89;0;80;0;
23075;6393421;1016602624;24260608;1118597120;0;0;0;0;0;0;0;0;0;0;0;3707;0;0;89;0;80;0;
23076;4052400;1016602624;24260608;1118597120;0;0;0;0;0;0;0;0;0;0;0;3787;0;0;89;0;80;0;
23077;6540907;1016602624;24260608;1118597120;0;0;0;0;0;0;0;0;0;0;0;3397;0;0;89;0;80;0;
23078;4083097;1016602624;24260608;1118597120;0;0;0;0;0;0;0;0;0;0;0;111780;0;0;89;0;80;0;
23079;6688924;1022406656;31825920;1126162432;0;0;0;0;0;0;0;0;0;0;0;3066;0;0;89;0;80;0;
23080;4359475;1022406656;31825920;1126162432;0;0;0;0;0;0;0;0;0;0;0;3487;0;0;89;0;80;0;
23081;5311621;1022406656;31825920;1126162432;0;0;0;0;0;0;0;0;0;0;0;2935;0;0;89;0;80;0;
23082;3747688;1022406656;31825920;1126162432;0;0;0;0;0;0;0;0;0;0;0;3797;0;0;89;0;80;0;
23083;5391461;1022406656;31825920;1126162432;0;0;0;0;0;0;0;0;0;0;0;3095;0;0;89;0;80;0;
23084;4216257;1022406656;31825920;1126162432;0;0;0;0;0;0;0;0;0;0;0;3066;0;0;89;0;80;0;
23085;5809755;1022406656;31825920;1126162432;0;0;0;0;0;0;0;0;0;0;0;2334;0;0;89;0;80;0;
23086;3501146;1022406656;31825920;1126162432;0;0;0;0;0;0;0;0;0;0;0;3337;0;0;89;0;80;0;
23087;6196490;1022406656;31825920;1126162432;0;0;0;0;0;0;0;0;0;0;0;2815;0;0;89;0;80;0;
23088;4117451;1016602624;24260608;1118597120;0;0;0;0;0;0;0;0;0;0;0;3436;0;0;89;0;80;0;
23089;4812576;1016602624;24260608;1118597120;0;0;0;0;0;0;0;0;0;0;0;2705;0;0;89;0;80;0;
23090;3319696;1016602624;24260608;1118597120;0;0;0;0;0;0;0;0;0;0;0;3517;0;0;89;0;80;0;
23091;4966003;1016602624;24260608;1118597120;0;0;0;0;0;0;0;0;0;0;0;2385;0;0;89;0;80;0;
23092;3186145;1016602624;24260608;1118597120;0;0;0;0;0;0;0;0;0;0;0;4187;0;0;89;0;80;0;
23093;4819418;1016602624;24260608;1118597120;0;0;0;0;0;0;0;0;0;0;0;2765;0;0;89;0;80;0;
23094;2657163;1016602624;24260608;1118597120;0;0;0;0;0;0;0;0;0;0;0;3416;0;0;89;0;80;0;
23095;5694088;1016602624;24260608;1118597120;0;0;0;0;0;0;0;0;0;0;0;3056;0;0;89;0;80;0;
23096;3254894;1016602624;24260608;1118597120;0;0;0;0;0;0;0;0;0;0;0;4329;0;0;89;0;80;0;
23097;5703446;1016602624;24260608;1118597120;0;0;0;0;0;0;0;0;0;0;0;3106;0;0;89;0;80;0;
23098;3553033;1016602624;24260608;1118597120;0;0;0;0;0;0;0;0;0;0;0;3036;0;0;89;0;80;0;
23099;4861407;1016602624;24260608;1118597120;0;0;0;0;0;0;0;0;0;0;0;2605;0;0;89;0;80;0;
23100;3768467;1016602624;24260608;1118597120;0;0;0;0;0;0;0;0;0;0;0;2865;0;0;89;0;80;0;
23101;4993024;1016602624;24260608;1118597120;0;0;0;0;0;0;0;0;0;0;0;2515;0;0;89;0;80;0;
23102;3485256;1016602624;24260608;1118597120;0;0;0;0;0;0;0;0;0;0;0;2795;0;0;89;0;80;0;
23103;4550323;1016602624;24260608;1118597120;0;0;0;0;0;0;0;0;0;0;0;2655;0;0;89;0;80;0;
23104;3388595;1016602624;24260608;1118597120;0;0;0;0;0;0;0;0;0;0;0;2955;0;0;89;0;80;0;
23105;7624649;1016602624;24260608;1118597120;0;0;0;0;0;0;0;0;0;0;0;2745;0;0;89;0;80;0;
23106;9772427;1016602624;24260608;1118597120;0;0;0;0;0;0;0;0;0;0;0;4579;0;0;89;0;80;0;
23107;6162998;1016602624;24260608;1118597120;0;0;0;0;0;0;0;0;0;0;0;2865;0;0;89;0;80;0;
23108;3706200;1016602624;24260608;1118597120;0;0;0;0;0;0;0;0;0;0;0;2976;0;0;89;0;80;0;
23109;4853883;1016602624;24260608;1118597120;0;0;0;0;0;0;0;0;0;0;0;2625;0;0;89;0;80;0;
23110;4154652;1016602624;24260608;1118597120;0;0;0;0;0;0;0;0;0;0;0;3838;0;0;89;0;80;0;
23111;5621543;1016602624;24260608;1118597120;0;0;0;0;0;0;0;0;0;0;0;3076;0;0;89;0;80;0;
23112;2854343;1016602624;24260608;1118597120;0;0;0;0;0;0;0;0;0;0;0;3246;0;0;89;0;80;0;
23113;5655817;1016602624;24260608;1118597120;0;0;0;0;0;0;0;0;0;0;0;2314;0;0;89;0;80;0;
23114;3799065;1016602624;24260608;1118597120;0;0;0;0;0;0;0;0;0;0;0;3216;0;0;89;0;80;0;
23115;6536067;1016602624;24260608;1118597120;0;0;0;0;0;0;0;0;0;0;0;3146;0;0;89;0;80;0;
23116;3389998;1016602624;24260608;1118597120;0;0;0;0;0;0;0;0;0;0;0;2775;0;0;89;0;80;0;
23117;6019329;1016602624;24260608;1118597120;0;0;0;0;0;0;0;0;0;0;0;3937;0;0;89;0;80;0;
23118;3358458;1016602624;24260608;1118597120;0;0;0;0;0;0;0;0;0;0;0;3797;0;0;89;0;80;0;
23119;5525552;1016602624;24260608;1118597120;0;0;0;0;0;0;0;0;0;0;0;3507;0;0;89;0;80;0;
23120;3899192;1016602624;24260608;1118597120;0;0;0;0;0;0;0;0;0;0;0;3717;0;0;89;0;80;0;
23121;5019984;1016602624;24260608;1118597120;0;0;0;0;0;0;0;0;0;0;0;2966;0;0;89;0;80;0;
23122;4075563;1016602624;24260608;1118597120;0;0;0;0;0;0;0;0;0;0;0;3457;0;0;89;0;80;0;
23123;5563294;1016602624;24260608;1118597120;0;0;0;0;0;0;0;0;0;0;0;2715;0;0;89;0;80;0;
23124;3239355;1016602624;24260608;1118597120;0;0;0;0;0;0;0;0;0;0;0;3076;0;0;89;0;80;0;
23125;4688262;1016602624;24260608;1118597120;0;0;0;0;0;0;0;0;0;0;0;2304;0;0;89;0;80;0;
23126;3636761;1016602624;24260608;1118597120;0;0;0;0;0;0;0;0;0;0;0;3887;0;0;89;0;80;0;
23127;5510124;1016602624;24260608;1118597120;0;0;0;0;0;0;0;0;0;0;0;2785;0;0;89;0;80;0;
23128;2719951;1016602624;24260608;1118597120;0;0;0;0;0;0;0;0;0;0;0;3838;0;0;89;0;80;0;
23129;5149107;1016602624;24260608;1118597120;0;0;0;0;0;0;0;0;0;0;0;3066;0;0;89;0;80;0;
23130;3437096;1016602624;24260608;1118597120;0;0;0;0;0;0;0;0;0;0;0;3436;0;0;89;0;80;0;
23131;5542244;1016602624;24260608;1118597120;0;0;0;0;0;0;0;0;0;0;0;3777;0;0;89;0;80;0;
23132;2673725;1016602624;24260608;1118597120;0;0;0;0;0;0;0;0;0;0;0;3386;0;0;89;0;80;0;
23133;4577475;1016602624;24260608;1118597120;0;0;0;0;0;0;0;0;0;0;0;2174;0;0;89;0;80;0;
23134;3208337;1016602624;24260608;1118597120;0;0;0;0;0;0;0;0;0;0;0;3186;0;0;89;0;80;0;
23135;4836240;1016602624;24260608;1118597120;0;0;0;0;0;0;0;0;0;0;0;2685;0;0;89;0;80;0;
23136;4589908;1016602624;24260608;1118597120;0;0;0;0;0;0;0;0;0;0;0;3727;0;0;89;0;80;0;
23137;4895862;1016602624;24260608;1118597120;0;0;0;0;0;0;0;0;0;0;0;2996;0;0;89;0;80;0;
23138;5105064;1016602624;24260608;1118597120;0;0;0;0;0;0;0;0;0;0;0;3938;0;0;89;0;80;0;
23139;5395989;1016602624;24260608;1118597120;0;0;0;0;0;0;0;0;0;0;0;2905;0;0;89;0;80;0;
23140;4410151;1016602624;24260608;1118597120;0;0;0;0;0;0;0;0;0;0;0;3667;0;0;89;0;80;0;
23141;4942079;1016602624;24260608;1118597120;0;0;0;0;0;0;0;0;0;0;0;2384;0;0;89;0;80;0;
23142;4491934;1016602624;24260608;1118597120;0;0;0;0;0;0;0;0;0;0;0;2876;0;0;89;0;80;0;
23143;5017560;1016602624;24260608;1118597120;0;0;0;0;0;0;0;0;0;0;0;2495;0;0;89;0;80;0;
23144;4170982;1016602624;24260608;1118597120;0;0;0;0;0;0;0;0;0;0;0;3307;0;0;89;0;80;0;
23145;4643288;1016602624;24260608;1118597120;0;0;0;0;0;0;0;0;0;0;0;2494;0;0;89;0;80;0;
23146;3711471;1016602624;24260608;1118597120;0;0;0;0;0;0;0;0;0;0;0;3016;0;0;89;0;80;0;
23147;4668415;1016602624;24260608;1118597120;0;0;0;0;0;0;0;0;0;0;0;2324;0;0;89;0;80;0;
23148;4247956;1016602624;24260608;1118597120;0;0;0;0;0;0;0;0;0;0;0;3236;0;0;89;0;80;0;
23149;4945444;1016602624;24260608;1118597120;0;0;0;0;0;0;0;0;0;0;0;2144;0;0;89;0;80;0;
23150;3982368;1016602624;24260608;1118597120;0;0;0;0;0;0;0;0;0;0;0;3006;0;0;89;0;80;0;
23151;4947328;1016602624;24260608;1118597120;0;0;0;0;0;0;0;0;0;0;0;2484;0;0;89;0;80;0;
23152;4464442;1016602624;24260608;1118597120;0;0;0;0;0;0;0;0;0;0;0;3186;0;0;89;0;80;0;
23153;5100806;1016602624;24260608;1118597120;0;0;0;0;0;0;0;0;0;0;0;2545;0;0;89;0;80;0;
23154;2944522;1016602624;24260608;1118597120;0;0;0;0;0;0;0;0;0;0;0;3386;0;0;89;0;80;0;
23155;4933412;1016602624;24260608;1118597120;0;0;0;0;0;0;0;0;0;0;0;2515;0;0;89;0;80;0;
23156;3382634;1016602624;24260608;1118597120;0;0;0;0;0;0;0;0;0;0;0;3146;0;0;89;0;80;0;
23157;5826907;1016602624;24260608;1118597120;0;0;0;0;0;0;0;0;0;0;0;2865;0;0;89;0;80;0;
23158;2898055;1016602624;24260608;1118597120;0;0;0;0;0;0;0;0;0;0;0;3547;0;0;89;0;80;0;
23159;5087111;1016602624;24260608;1118597120;0;0;0;0;0;0;0;0;0;0;0;2645;0;0;89;0;80;0;
23160;3695180;1016602624;24260608;1118597120;0;0;0;0;0;0;0;0;0;0;0;3277;0;0;89;0;80;0;
23161;5937926;1016602624;24260608;1118597120;0;0;0;0;0;0;0;0;0;0;0;2745;0;0;89;0;80;0;
23162;2705023;1016602624;24260608;1118597120;0;0;0;0;0;0;0;0;0;0;0;2955;0;0;89;0;80;0;
23163;4804460;1016602624;24260608;1118597120;0;0;0;0;0;0;0;0;0;0;0;2394;0;0;89;0;80;0;
23164;3350162;1016602624;24260608;1118597120;0;0;0;0;0;0;0;0;0;0;0;3797;0;0;89;0;80;0;
23165;5156580;1016602624;24260608;1118597120;0;0;0;0;0;0;0;0;0;0;0;3026;0;0;89;0;80;0;
23166;3840553;1016602624;24260608;1118597120;0;0;0;0;0;0;0;0;0;0;0;3717;0;0;89;0;80;0;
23167;4981022;1016602624;24260608;1118597120;0;0;0;0;0;0;0;0;0;0;0;2555;0;0;89;0;80;0;
23168;3991205;1016602624;24260608;1118597120;0;0;0;0;0;0;0;0;0;0;0;3537;0;0;89;0;80;0;
23169;5762207;1016602624;24260608;1118597120;0;0;0;0;0;0;0;0;0;0;0;2605;0;0;89;0;80;0;
23170;3266266;1016602624;24260608;1118597120;0;0;0;0;0;0;0;0;0;0;0;3607;0;0;89;0;80;0;
23171;5988220;1016602624;24260608;1118597120;0;0;0;0;0;0;0;0;0;0;0;3907;0;0;89;0;80;0;
23172;3709757;1016602624;24260608;1118597120;0;0;0;0;0;0;0;0;0;0;0;3156;0;0;89;0;80;0;
23173;6194517;1022406656;31825920;1126162432;0;0;0;0;0;0;0;0;0;0;0;3586;0;0;89;0;80;0;
23174;3184282;1022406656;31825920;1126162432;0;0;0;0;0;0;0;0;0;0;0;4268;0;0;89;0;80;0;
23175;5236480;1022406656;31825920;1126162432;0;0;0;0;0;0;0;0;0;0;0;3697;0;0;89;0;80;0;
23176;2764154;1022406656;31825920;1126162432;0;0;0;0;0;0;0;0;0;0;0;3046;0;0;89;0;80;0;
23177;5510865;1022406656;31825920;1126162432;0;0;0;0;0;0;0;0;0;0;0;3306;0;0;89;0;80;0;
23178;4234772;1022406656;31825920;1126162432;0;0;0;0;0;0;0;0;0;0;0;3476;0;0;89;0;80;0;
23179;5755163;1022406656;31825920;1126162432;0;0;0;0;0;0;0;0;0;0;0;3256;0;0;89;0;80;0;
23180;3945379;1022406656;31825920;1126162432;0;0;0;0;0;0;0;0;0;0;0;3827;0;0;89;0;80;0;
23181;6082537;1022406656;31825920;1126162432;0;0;0;0;0;0;0;0;0;0;0;4438;0;0;89;0;80;0;
23182;4174278;1016602624;24260608;1118597120;0;0;0;0;0;0;0;0;0;0;0;3687;0;0;89;0;80;0;
23183;6746813;1016602624;24260608;1118597120;0;0;0;0;0;0;0;0;0;0;0;3346;0;0;89;0;80;0;
23184;3286253;1016602624;24260608;1118597120;0;0;0;0;0;0;0;0;0;0;0;3727;0;0;89;0;80;0;
23185;5751626;1016602624;24260608;1118597120;0;0;0;0;0;0;0;0;0;0;0;3387;0;0;89;0;80;0;
23186;3620009;1016602624;24260608;1118597120;0;0;0;0;0;0;0;0;0;0;0;2615;0;0;89;0;80;0;
23187;5485938;1016602624;24268800;1118605312;0;0;0;0;0;0;0;0;0;0;0;3156;0;0;89;0;80;0;
23188;2961894;1016602624;24268800;1118605312;0;0;0;0;0;0;0;0;0;0;0;3166;0;0;89;0;80;0;
23189;6577465;1016602624;24268800;1118605312;0;0;0;0;0;0;0;0;0;0;0;3296;0;0;89;0;80;0;
23190;3853597;1016602624;24268800;1118605312;0;0;0;0;0;0;0;0;0;0;0;3306;0;0;89;0;80;0;
23191;5509402;1016602624;24268800;1118605312;0;0;0;0;0;0;0;0;0;0;0;3176;0;0;89;0;80;0;
23192;3131243;1016602624;24268800;1118605312;0;0;0;0;0;0;0;0;0;0;0;3096;0;0;89;0;80;0;
23193;6064153;1016602624;24268800;1118605312;0;0;0;0;0;0;0;0;0;0;0;3657;0;0;89;0;80;0;
23194;3479715;1016602624;24260608;1118597120;0;0;0;0;0;0;0;0;0;0;0;3336;0;0;89;0;80;0;
23195;6044696;1016602624;24260608;1118597120;0;0;0;0;0;0;0;0;0;0;0;3136;0;0;89;0;80;0;
23196;3303746;1016602624;24260608;1118597120;0;0;0;0;0;0;0;0;0;0;0;3136;0;0;89;0;80;0;
23197;6302009;1016602624;24260608;1118597120;0;0;0;0;0;0;0;0;0;0;0;4348;0;0;89;0;80;0;
23198;3044109;1016602624;24260608;1118597120;0;0;0;0;0;0;0;0;0;0;0;3636;0;0;89;0;80;0;
23199;6698081;1016602624;24260608;1118597120;0;0;0;0;0;0;0;0;0;0;0;3867;0;0;89;0;80;0;
23200;3926755;1016602624;24260608;1118597120;0;0;0;0;0;0;0;0;0;0;0;6412;0;0;89;0;80;0;
23201;5385349;1016602624;24260608;1118597120;0;0;0;0;0;0;0;0;0;0;0;3216;0;0;89;0;80;0;
23202;2824237;1016602624;24260608;1118597120;0;0;0;0;0;0;0;0;0;0;0;3176;0;0;89;0;80;0;
23203;5559245;1016602624;24260608;1118597120;0;0;0;0;0;0;0;0;0;0;0;3477;0;0;89;0;80;0;
23204;2967776;1016602624;24260608;1118597120;0;0;0;0;0;0;0;0;0;0;0;3316;0;0;89;0;80;0;
23205;5539088;1016602624;24260608;1118597120;0;0;0;0;0;0;0;0;0;0;0;3717;0;0;89;0;80;0;
23206;2930536;1016602624;24260608;1118597120;0;0;0;0;0;0;0;0;0;0;0;3417;0;0;89;0;80;0;
23207;6026372;1016602624;24260608;1118597120;0;0;0;0;0;0;0;0;0;0;0;3637;0;0;89;0;80;0;
23208;3597587;1016602624;24260608;1118597120;0;0;0;0;0;0;0;0;0;0;0;3136;0;0;89;0;80;0;
23209;5819283;1016602624;24260608;1118597120;0;0;0;0;0;0;0;0;0;0;0;3136;0;0;89;0;80;0;
23210;3531994;1016602624;24260608;1118597120;0;0;0;0;0;0;0;0;0;0;0;3226;0;0;89;0;80;0;
23211;5922848;1016602624;24260608;1118597120;0;0;0;0;0;0;0;0;0;0;0;3797;0;0;89;0;80;0;
23212;2928062;1016602624;24260608;1118597120;0;0;0;0;0;0;0;0;0;0;0;3627;0;0;89;0;80;0;
23213;5149959;1016602624;24260608;1118597120;0;0;0;0;0;0;0;0;0;0;0;3747;0;0;89;0;80;0;
23214;3958424;1016602624;24260608;1118597120;0;0;0;0;0;0;0;0;0;0;0;3196;0;0;89;0;80;0;
23215;4961174;1016602624;24260608;1118597120;0;0;0;0;0;0;0;0;0;0;0;2144;0;0;89;0;80;0;
23216;4082746;1016602624;24260608;1118597120;0;0;0;0;0;0;0;0;0;0;0;3516;0;0;89;0;80;0;
23217;5517057;1016602624;24260608;1118597120;0;0;0;0;0;0;0;0;0;0;0;2675;0;0;89;0;80;0;
23218;4974799;1016602624;24260608;1118597120;0;0;0;0;0;0;0;0;0;0;0;3847;0;0;89;0;80;0;
23219;5397433;1016602624;24260608;1118597120;0;0;0;0;0;0;0;0;0;0;0;2605;0;0;89;0;80;0;
23220;4124294;1016602624;24260608;1118597120;0;0;0;0;0;0;0;0;0;0;0;3166;0;0;89;0;80;0;
23221;5295030;1016602624;24260608;1118597120;0;0;0;0;0;0;0;0;0;0;0;2615;0;0;89;0;80;0;
23222;4335161;1016602624;24260608;1118597120;0;0;0;0;0;0;0;0;0;0;0;3407;0;0;89;0;80;0;
23223;4963708;1016602624;24260608;1118597120;0;0;0;0;0;0;0;0;0;0;0;2164;0;0;89;0;80;0;
23224;2937499;1016602624;24260608;1118597120;0;0;0;0;0;0;0;0;0;0;0;3046;0;0;89;0;80;0;
23225;5420315;1016602624;24260608;1118597120;0;0;0;0;0;0;0;0;0;0;0;2375;0;0;89;0;80;0;
23226;4327957;1016602624;24260608;1118597120;0;0;0;0;0;0;0;0;0;0;0;4969;0;0;89;0;80;0;
23227;5866682;1016602624;24260608;1118597120;0;0;0;0;0;0;0;0;0;0;0;4438;0;0;89;0;80;0;
23228;4348846;1016602624;24260608;1118597120;0;0;0;0;0;0;0;0;0;0;0;9488;0;0;89;0;80;0;
23229;5520854;1016602624;24260608;1118597120;0;0;0;0;0;0;0;0;0;0;0;3607;0;0;89;0;80;0;
23230;3578621;1016602624;24260608;1118597120;0;0;0;0;0;0;0;0;0;0;0;4048;0;0;89;0;80;0;
23231;6314973;1016602624;24260608;1118597120;0;0;0;0;0;0;0;0;0;0;0;3497;0;0;89;0;80;0;
23232;5175406;1016602624;24260608;1118597120;0;0;0;0;0;0;0;0;0;0;0;3537;0;0;89;0;80;0;
23233;8022836;1016602624;24260608;1118597120;0;0;0;0;0;0;0;0;0;0;0;3556;0;0;89;0;80;0;
23234;4460826;1016602624;24260608;1118597120;0;0;0;0;0;0;0;0;0;0;0;3075;0;0;89;0;80;0;
23235;4888057;1016602624;24260608;1118597120;0;0;0;0;0;0;0;0;0;0;0;2405;0;0;89;0;80;0;
23236;3712272;1016602624;24260608;1118597120;0;0;0;0;0;0;0;0;0;0;0;3347;0;0;89;0;80;0;
23237;5154246;1016602624;24260608;1118597120;0;0;0;0;0;0;0;0;0;0;0;2445;0;0;89;0;80;0;
23238;4022734;1016602624;24260608;1118597120;0;0;0;0;0;0;0;0;0;0;0;2484;0;0;89;0;80;0;
23239;5100175;1016602624;24260608;1118597120;0;0;0;0;0;0;0;0;0;0;0;2124;0;0;89;0;80;0;
23240;3143545;1016602624;24260608;1118597120;0;0;0;0;0;0;0;0;0;0;0;3006;0;0;89;0;80;0;
23241;5022990;1016602624;24260608;1118597120;0;0;0;0;0;0;0;0;0;0;0;1994;0;0;89;0;80;0;
23242;3330486;1016602624;24260608;1118597120;0;0;0;0;0;0;0;0;0;0;0;2826;0;0;89;0;80;0;
23243;4499358;1016602624;24260608;1118597120;0;0;0;0;0;0;0;0;0;0;0;2144;0;0;89;0;80;0;
23244;4626948;1016602624;24260608;1118597120;0;0;0;0;0;0;0;0;0;0;0;3607;0;0;89;0;80;0;
23245;5117527;1016602624;24260608;1118597120;0;0;0;0;0;0;0;0;0;0;0;2875;0;0;89;0;80;0;
23246;5366124;1016602624;24260608;1118597120;0;0;0;0;0;0;0;0;0;0;0;3426;0;0;89;0;80;0;
23247;5251719;1016602624;24260608;1118597120;0;0;0;0;0;0;0;0;0;0;0;2655;0;0;89;0;80;0;
23248;5039932;1016602624;24260608;1118597120;0;0;0;0;0;0;0;0;0;0;0;2905;0;0;89;0;80;0;
23249;5582470;1016602624;24260608;1118597120;0;0;0;0;0;0;0;0;0;0;0;2585;0;0;89;0;80;0;
23250;3763067;1016602624;24260608;1118597120;0;0;0;0;0;0;0;0;0;0;0;3156;0;0;89;0;80;0;
23251;4590619;1016602624;24260608;1118597120;0;0;0;0;0;0;0;0;0;0;0;2334;0;0;89;0;80;0;
23252;3650236;1016602624;24260608;1118597120;0;0;0;0;0;0;0;0;0;0;0;2655;0;0;89;0;80;0;
23253;4811243;1016602624;24260608;1118597120;0;0;0;0;0;0;0;0;0;0;0;2344;0;0;89;0;80;0;
23254;3680512;1016602624;24260608;1118597120;0;0;0;0;0;0;0;0;0;0;0;3106;0;0;89;0;80;0;
23255;4671942;1016602624;24260608;1118597120;0;0;0;0;0;0;0;0;0;0;0;2034;0;0;89;0;80;0;
23256;2197632;1016602624;24260608;1118597120;0;0;0;0;0;0;0;0;0;0;0;3186;0;0;89;0;80;0;
23257;5790900;1016602624;24260608;1118597120;0;0;0;0;0;0;0;0;0;0;0;2275;0;0;89;0;80;0;
23258;2486233;1016602624;24260608;1118597120;0;0;0;0;0;0;0;0;0;0;0;2935;0;0;89;0;80;0;
23259;5159045;1016602624;24260608;1118597120;0;0;0;0;0;0;0;0;0;0;0;2575;0;0;89;0;80;0;
23260;3470207;1016602624;24260608;1118597120;0;0;0;0;0;0;0;0;0;0;0;3156;0;0;89;0;80;0;
23261;5518550;1016602624;24260608;1118597120;0;0;0;0;0;0;0;0;0;0;0;2284;0;0;89;0;80;0;
23262;2646664;1016602624;24260608;1118597120;0;0;0;0;0;0;0;0;0;0;0;2916;0;0;89;0;80;0;
23263;4986782;1016602624;24260608;1118597120;0;0;0;0;0;0;0;0;0;0;0;1953;0;0;89;0;80;0;
23264;3395387;1016602624;24260608;1118597120;0;0;0;0;0;0;0;0;0;0;0;3026;0;0;89;0;80;0;
23265;4466366;1016602624;24260608;1118597120;0;0;0;0;0;0;0;0;0;0;0;1973;0;0;89;0;80;0;
23266;3804575;1016602624;24260608;1118597120;0;0;0;0;0;0;0;0;0;0;0;2926;0;0;89;0;80;0;
23267;5707263;1022406656;31825920;1126162432;0;0;0;0;0;0;0;0;0;0;0;39844;0;0;89;0;80;0;
23268;3968904;1022406656;31825920;1126162432;0;0;0;0;0;0;0;0;0;0;0;2885;0;0;89;0;80;0;
23269;4746491;1022406656;31825920;1126162432;0;0;0;0;0;0;0;0;0;0;0;1863;0;0;89;0;80;0;
23270;3435092;1022406656;31825920;1126162432;0;0;0;0;0;0;0;0;0;0;0;2875;0;0;89;0;80;0;
23271;4802827;1022406656;31825920;1126162432;0;0;0;0;0;0;0;0;0;0;0;2234;0;0;89;0;80;0;
23272;2967685;1022406656;31825920;1126162432;0;0;0;0;0;0;0;0;0;0;0;2785;0;0;89;0;80;0;
23273;4963569;1022406656;31825920;1126162432;0;0;0;0;0;0;0;0;0;0;0;2675;0;0;89;0;80;0;
23274;2844174;1022406656;31825920;1126162432;0;0;0;0;0;0;0;0;0;0;0;2925;0;0;89;0;80;0;
23275;4796736;1022406656;31825920;1126162432;0;0;0;0;0;0;0;0;0;0;0;2144;0;0;89;0;80;0;
23276;3778826;1016602624;24260608;1118597120;0;0;0;0;0;0;0;0;0;0;0;2685;0;0;89;0;80;0;
23277;4844656;1016602624;24260608;1118597120;0;0;0;0;0;0;0;0;0;0;0;2505;0;0;89;0;80;0;
23278;3540029;1016602624;24260608;1118597120;0;0;0;0;0;0;0;0;0;0;0;2926;0;0;89;0;80;0;
23279;4422865;1016602624;24260608;1118597120;0;0;0;0;0;0;0;0;0;0;0;1943;0;0;89;0;80;0;
23280;2804830;1016602624;24260608;1118597120;0;0;0;0;0;0;0;0;0;0;0;3507;0;0;89;0;80;0;
23281;4853462;1016602624;24260608;1118597120;0;0;0;0;0;0;0;0;0;0;0;2374;0;0;89;0;80;0;
23282;3555679;1016602624;24260608;1118597120;0;0;0;0;0;0;0;0;0;0;0;3556;0;0;89;0;80;0;
23283;5429723;1016602624;24260608;1118597120;0;0;0;0;0;0;0;0;0;0;0;2595;0;0;89;0;80;0;
23284;3396079;1016602624;24260608;1118597120;0;0;0;0;0;0;0;0;0;0;0;10760;0;0;89;0;80;0;
23285;4967366;1016602624;24260608;1118597120;0;0;0;0;0;0;0;0;0;0;0;4088;0;0;89;0;80;0;
23286;2750689;1016602624;24260608;1118597120;0;0;0;0;0;0;0;0;0;0;0;3446;0;0;89;0;80;0;
23287;5108751;1016602624;24260608;1118597120;0;0;0;0;0;0;0;0;0;0;0;2705;0;0;89;0;80;0;
23288;3654082;1016602624;24260608;1118597120;0;0;0;0;0;0;0;0;0;0;0;2775;0;0;89;0;80;0;
23289;5299078;1016602624;24260608;1118597120;0;0;0;0;0;0;0;0;0;0;0;3096;0;0;89;0;80;0;
23290;2703009;1016602624;24260608;1118597120;0;0;0;0;0;0;0;0;0;0;0;3196;0;0;89;0;80;0;
23291;4906030;1016602624;24260608;1118597120;0;0;0;0;0;0;0;0;0;0;0;2144;0;0;89;0;80;0;
23292;3028770;1016602624;24260608;1118597120;0;0;0;0;0;0;0;0;0;0;0;2454;0;0;89;0;80;0;
23293;5044680;1016602624;24260608;1118597120;0;0;0;0;0;0;0;0;0;0;0;2575;0;0;89;0;80;0;
23294;3553975;1016602624;24260608;1118597120;0;0;0;0;0;0;0;0;0;0;0;3206;0;0;89;0;80;0;
23295;4724991;1016602624;24260608;1118597120;0;0;0;0;0;0;0;0;0;0;0;2565;0;0;89;0;80;0;
23296;3454348;1016602624;24260608;1118597120;0;0;0;0;0;0;0;0;0;0;0;3476;0;0;89;0;80;0;
23297;4970571;1016602624;24260608;1118597120;0;0;0;0;0;0;0;0;0;0;0;2074;0;0;89;0;80;0;
23298;3253832;1016602624;24260608;1118597120;0;0;0;0;0;0;0;0;0;0;0;2926;0;0;89;0;80;0;
23299;5674021;1016602624;24268800;1118605312;0;0;0;0;0;0;0;0;0;0;0;3416;0;0;89;0;80;0;
23300;3178941;1016602624;24268800;1118605312;0;0;0;0;0;0;0;0;0;0;0;2856;0;0;89;0;80;0;
23301;5090656;1016602624;24268800;1118605312;0;0;0;0;0;0;0;0;0;0;0;2245;0;0;89;0;80;0;
23302;2845617;1016602624;24268800;1118605312;0;0;0;0;0;0;0;0;0;0;0;3296;0;0;89;0;80;0;
23303;4713059;1016602624;24268800;1118605312;0;0;0;0;0;0;0;0;0;0;0;2465;0;0;89;0;80;0;
23304;4434096;1016602624;24268800;1118605312;0;0;0;0;0;0;0;0;0;0;0;3246;0;0;89;0;80;0;
23305;4725102;1016602624;24268800;1118605312;0;0;0;0;0;0;0;0;0;0;0;2715;0;0;89;0;80;0;
23306;4350990;1016602624;24260608;1118597120;0;0;0;0;0;0;0;0;0;0;0;3387;0;0;89;0;80;0;
23307;5559847;1016602624;24260608;1118597120;0;0;0;0;0;0;0;0;0;0;0;3677;0;0;89;0;80;0;
23308;3742689;1016602624;24260608;1118597120;0;0;0;0;0;0;0;0;0;0;0;3125;0;0;89;0;80;0;
23309;5432829;1016602624;24260608;1118597120;0;0;0;0;0;0;0;0;0;0;0;2786;0;0;89;0;80;0;
23310;3030474;1016602624;24260608;1118597120;0;0;0;0;0;0;0;0;0;0;0;2805;0;0;89;0;80;0;
23311;5300420;1016602624;24260608;1118597120;0;0;0;0;0;0;0;0;0;0;0;3046;0;0;89;0;80;0;
23312;3113429;1016602624;24260608;1118597120;0;0;0;0;0;0;0;0;0;0;0;2865;0;0;89;0;80;0;
23313;5014684;1016602624;24260608;1118597120;0;0;0;0;0;0;0;0;0;0;0;3005;0;0;89;0;80;0;
23314;3651908;1016602624;24260608;1118597120;0;0;0;0;0;0;0;0;0;0;0;3767;0;0;89;0;80;0;
23315;5361535;1016602624;24260608;1118597120;0;0;0;0;0;0;0;0;0;0;0;3176;0;0;89;0;80;0;
23316;4530927;1016602624;24260608;1118597120;0;0;0;0;0;0;0;0;0;0;0;3456;0;0;89;0;80;0;
23317;5943607;1016602624;24260608;1118597120;0;0;0;0;0;0;0;0;0;0;0;2745;0;0;89;0;80;0;
23318;4874411;1016602624;24260608;1118597120;0;0;0;0;0;0;0;0;0;0;0;3186;0;0;89;0;80;0;
23319;5373206;1016602624;24260608;1118597120;0;0;0;0;0;0;0;0;0;0;0;2094;0;0;89;0;80;0;
23320;4018817;1016602624;24260608;1118597120;0;0;0;0;0;0;0;0;0;0;0;2916;0;0;89;0;80;0;
23321;4928302;1016602624;24260608;1118597120;0;0;0;0;0;0;0;0;0;0;0;2354;0;0;89;0;80;0;
23322;4222208;1016602624;24260608;1118597120;0;0;0;0;0;0;0;0;0;0;0;2966;0;0;89;0;80;0;
23323;4561895;1016602624;24260608;1118597120;0;0;0;0;0;0;0;0;0;0;0;2324;0;0;89;0;80;0;
23324;2720632;1016602624;24260608;1118597120;0;0;0;0;0;0;0;0;0;0;0;3647;0;0;89;0;80;0;
23325;8056408;1016602624;24260608;1118597120;0;0;0;0;0;0;0;0;0;0;0;3076;0;0;89;0;80;0;
23326;11948488;1016602624;24260608;1118597120;0;0;0;0;0;0;0;0;0;0;0;3727;0;0;89;0;80;0;
23327;6590760;1016602624;24260608;1118597120;0;0;0;0;0;0;0;0;0;0;0;4137;0;0;89;0;80;0;
23328;4062760;1016602624;24260608;1118597120;0;0;0;0;0;0;0;0;0;0;0;3537;0;0;89;0;80;0;
23329;5389768;1016602624;24260608;1118597120;0;0;0;0;0;0;0;0;0;0;0;2345;0;0;89;0;80;0;
23330;4175190;1016602624;24260608;1118597120;0;0;0;0;0;0;0;0;0;0;0;3677;0;0;89;0;80;0;
23331;4937680;1016602624;24260608;1118597120;0;0;0;0;0;0;0;0;0;0;0;2384;0;0;89;0;80;0;
23332;4054574;1016602624;24260608;1118597120;0;0;0;0;0;0;0;0;0;0;0;3156;0;0;89;0;80;0;
23333;5530953;1016602624;24260608;1118597120;0;0;0;0;0;0;0;0;0;0;0;2785;0;0;89;0;80;0;
23334;3326799;1016602624;24260608;1118597120;0;0;0;0;0;0;0;0;0;0;0;3276;0;0;89;0;80;0;
23335;4700956;1016602624;24260608;1118597120;0;0;0;0;0;0;0;0;0;0;0;2474;0;0;89;0;80;0;
23336;3195953;1016602624;24260608;1118597120;0;0;0;0;0;0;0;0;0;0;0;2655;0;0;89;0;80;0;
23337;4695596;1016602624;24260608;1118597120;0;0;0;0;0;0;0;0;0;0;0;2585;0;0;89;0;80;0;
23338;3572259;1016602624;24260608;1118597120;0;0;0;0;0;0;0;0;0;0;0;3287;0;0;89;0;80;0;
23339;4759737;1016602624;24260608;1118597120;0;0;0;0;0;0;0;0;0;0;0;2865;0;0;89;0;80;0;
23340;2873028;1016602624;24260608;1118597120;0;0;0;0;0;0;0;0;0;0;0;3085;0;0;89;0;80;0;
23341;5209971;1016602624;24260608;1118597120;0;0;0;0;0;0;0;0;0;0;0;2284;0;0;89;0;80;0;
23342;3494814;1016602624;24260608;1118597120;0;0;0;0;0;0;0;0;0;0;0;2695;0;0;89;0;80;0;
23343;4988005;1016602624;24260608;1118597120;0;0;0;0;0;0;0;0;0;0;0;2214;0;0;89;0;80;0;
23344;3245877;1016602624;24260608;1118597120;0;0;0;0;0;0;0;0;0;0;0;2725;0;0;89;0;80;0;
23345;4895521;1016602624;24260608;1118597120;0;0;0;0;0;0;0;0;0;0;0;2635;0;0;89;0;80;0;
23346;4429227;1016602624;24260608;1118597120;0;0;0;0;0;0;0;0;0;0;0;2916;0;0;89;0;80;0;
23347;5427609;1016602624;24260608;1118597120;0;0;0;0;0;0;0;0;0;0;0;2424;0;0;89;0;80;0;
23348;3517116;1016602624;24260608;1118597120;0;0;0;0;0;0;0;0;0;0;0;3257;0;0;89;0;80;0;
23349;4938311;1016602624;24260608;1118597120;0;0;0;0;0;0;0;0;0;0;0;2325;0;0;89;0;80;0;
23350;5398174;1016602624;24260608;1118597120;0;0;0;0;0;0;0;0;0;0;0;3446;0;0;89;0;80;0;
23351;5352818;1016602624;24260608;1118597120;0;0;0;0;0;0;0;0;0;0;0;2765;0;0;89;0;80;0;
23352;3460730;1016602624;24260608;1118597120;0;0;0;0;0;0;0;0;0;0;0;3136;0;0;89;0;80;0;
23353;4964811;1016602624;24260608;1118597120;0;0;0;0;0;0;0;0;0;0;0;2835;0;0;89;0;80;0;
23354;3498141;1016602624;24260608;1118597120;0;0;0;0;0;0;0;0;0;0;0;2946;0;0;89;0;80;0;
23355;4802306;1016602624;24260608;1118597120;0;0;0;0;0;0;0;0;0;0;0;2514;0;0;89;0;80;0;
23356;3473384;1016602624;24260608;1118597120;0;0;0;0;0;0;0;0;0;0;0;2775;0;0;89;0;80;0;
23357;4451148;1016602624;24260608;1118597120;0;0;0;0;0;0;0;0;0;0;0;2314;0;0;89;0;80;0;
23358;3764190;1016602624;24260608;1118597120;0;0;0;0;0;0;0;0;0;0;0;3446;0;0;89;0;80;0;
23359;4793279;1016602624;24260608;1118597120;0;0;0;0;0;0;0;0;0;0;0;2565;0;0;89;0;80;0;
23360;2801524;1016602624;24260608;1118597120;0;0;0;0;0;0;0;0;0;0;0;2775;0;0;89;0;80;0;
23361;5200994;1016602624;24260608;1118597120;0;0;0;0;0;0;0;0;0;0;0;2554;0;0;89;0;80;0;
23362;4040247;1016602624;24260608;1118597120;0;0;0;0;0;0;0;0;0;0;0;2986;0;0;89;0;80;0;
23363;6018186;1016602624;24260608;1118597120;0;0;0;0;0;0;0;0;0;0;0;2936;0;0;89;0;80;0;
23364;3510815;1016602624;24260608;1118597120;0;0;0;0;0;0;0;0;0;0;0;2885;0;0;89;0;80;0;
23365;5256157;1016602624;24260608;1118597120;0;0;0;0;0;0;0;0;0;0;0;2835;0;0;89;0;80;0;
23366;3705048;1016602624;24260608;1118597120;0;0;0;0;0;0;0;0;0;0;0;3055;0;0;89;0;80;0;
23367;4917282;1016602624;24260608;1118597120;0;0;0;0;0;0;0;0;0;0;0;2335;0;0;89;0;80;0;
23368;3940881;1016602624;24260608;1118597120;0;0;0;0;0;0;0;0;0;0;0;2845;0;0;89;0;80;0;
23369;4756591;1016602624;24260608;1118597120;0;0;0;0;0;0;0;0;0;0;0;2454;0;0;89;0;80;0;
23370;3838238;1016602624;24260608;1118597120;0;0;0;0;0;0;0;0;0;0;0;3155;0;0;89;0;80;0;
23371;5301633;1016602624;24260608;1118597120;0;0;0;0;0;0;0;0;0;0;0;2174;0;0;89;0;80;0;
23372;4341852;1016602624;24260608;1118597120;0;0;0;0;0;0;0;0;0;0;0;3035;0;0;89;0;80;0;
23373;5509051;1016602624;24260608;1118597120;0;0;0;0;0;0;0;0;0;0;0;5661;0;0;89;0;80;0;
23374;3791500;1016602624;24260608;1118597120;0;0;0;0;0;0;0;0;0;0;0;3577;0;0;89;0;80;0;
23375;5407852;1016602624;24260608;1118597120;0;0;0;0;0;0;0;0;0;0;0;2074;0;0;89;0;80;0;
23376;3407170;1016602624;24260608;1118597120;0;0;0;0;0;0;0;0;0;0;0;3276;0;0;89;0;80;0;
23377;4908716;1016602624;24260608;1118597120;0;0;0;0;0;0;0;0;0;0;0;2535;0;0;89;0;80;0;
23378;3506526;1016602624;24260608;1118597120;0;0;0;0;0;0;0;0;0;0;0;2395;0;0;89;0;80;0;
23379;5763399;1016602624;24260608;1118597120;0;0;0;0;0;0;0;0;0;0;0;2735;0;0;89;0;80;0;
23380;3701001;1016602624;24260608;1118597120;0;0;0;0;0;0;0;0;0;0;0;2685;0;0;89;0;80;0;
23381;4822695;1016602624;24260608;1118597120;0;0;0;0;0;0;0;0;0;0;0;2104;0;0;89;0;80;0;
23382;3291783;1016602624;24260608;1118597120;0;0;0;0;0;0;0;0;0;0;0;2545;0;0;89;0;80;0;
23383;4893808;1016602624;24260608;1118597120;0;0;0;0;0;0;0;0;0;0;0;2365;0;0;89;0;80;0;
23384;4672112;1016602624;24260608;1118597120;0;0;0;0;0;0;0;0;0;0;0;3797;0;0;89;0;80;0;
23385;5755905;1022406656;31825920;1126162432;0;0;0;0;0;0;0;0;0;0;0;3246;0;0;89;0;80;0;
23386;3968512;1022406656;31825920;1126162432;0;0;0;0;0;0;0;0;0;0;0;3166;0;0;89;0;80;0;
23387;4975230;1022406656;31825920;1126162432;0;0;0;0;0;0;0;0;0;0;0;2404;0;0;89;0;80;0;
23388;3642561;1022406656;31825920;1126162432;0;0;0;0;0;0;0;0;0;0;0;2755;0;0;89;0;80;0;
23389;5110704;1022406656;31825920;1126162432;0;0;0;0;0;0;0;0;0;0;0;2445;0;0;89;0;80;0;
23390;3531663;1022406656;31825920;1126162432;0;0;0;0;0;0;0;0;0;0;0;2605;0;0;89;0;80;0;
23391;5057866;1022406656;31825920;1126162432;0;0;0;0;0;0;0;0;0;0;0;2094;0;0;89;0;80;0;
23392;3944227;1022406656;31825920;1126162432;0;0;0;0;0;0;0;0;0;0;0;3026;0;0;89;0;80;0;
23393;4819228;1022406656;31825920;1126162432;0;0;0;0;0;0;0;0;0;0;0;2415;0;0;89;0;80;0;
23394;2824217;1016602624;24260608;1118597120;0;0;0;0;0;0;0;0;0;0;0;2504;0;0;89;0;80;0;
23395;5058647;1016602624;24260608;1118597120;0;0;0;0;0;0;0;0;0;0;0;2655;0;0;89;0;80;0;
23396;2782849;1016602624;24260608;1118597120;0;0;0;0;0;0;0;0;0;0;0;2514;0;0;89;0;80;0;
23397;4895230;1016602624;24260608;1118597120;0;0;0;0;0;0;0;0;0;0;0;2094;0;0;89;0;80;0;
23398;3735595;1016602624;24260608;1118597120;0;0;0;0;0;0;0;0;0;0;0;11111;0;0;89;0;80;0;
23399;5011158;1016602624;24260608;1118597120;0;0;0;0;0;0;0;0;0;0;0;2074;0;0;89;0;80;0;
23400;3346516;1016602624;24260608;1118597120;0;0;0;0;0;0;0;0;0;0;0;2765;0;0;89;0;80;0;
23401;5083955;1016602624;24260608;1118597120;0;0;0;0;0;0;0;0;0;0;0;2605;0;0;89;0;80;0;
23402;3104292;1016602624;24260608;1118597120;0;0;0;0;0;0;0;0;0;0;0;2695;0;0;89;0;80;0;
23403;5295462;1016602624;24260608;1118597120;0;0;0;0;0;0;0;0;0;0;0;2625;0;0;89;0;80;0;
23404;3109612;1016602624;24260608;1118597120;0;0;0;0;0;0;0;0;0;0;0;2584;0;0;89;0;80;0;
23405;5008794;1016602624;24260608;1118597120;0;0;0;0;0;0;0;0;0;0;0;2284;0;0;89;0;80;0;
23406;2479841;1016602624;24260608;1118597120;0;0;0;0;0;0;0;0;0;0;0;2765;0;0;89;0;80;0;
23407;4474472;1016602624;24260608;1118597120;0;0;0;0;0;0;0;0;0;0;0;2234;0;0;89;0;80;0;
23408;3993509;1016602624;24260608;1118597120;0;0;0;0;0;0;0;0;0;0;0;2765;0;0;89;0;80;0;
23409;4668885;1016602624;24260608;1118597120;0;0;0;0;0;0;0;0;0;0;0;2745;0;0;89;0;80;0;
23410;2971292;1016602624;24260608;1118597120;0;0;0;0;0;0;0;0;0;0;0;3306;0;0;89;0;80;0;
23411;5582530;1016602624;24260608;1118597120;0;0;0;0;0;0;0;0;0;0;0;3046;0;0;89;0;80;0;
23412;3235879;1016602624;24260608;1118597120;0;0;0;0;0;0;0;0;0;0;0;2896;0;0;89;0;80;0;
23413;5410607;1016602624;24260608;1118597120;0;0;0;0;0;0;0;0;0;0;0;2344;0;0;89;0;80;0;
23414;2679184;1016602624;24260608;1118597120;0;0;0;0;0;0;0;0;0;0;0;2966;0;0;89;0;80;0;
23415;4914947;1016602624;24260608;1118597120;0;0;0;0;0;0;0;0;0;0;0;2285;0;0;89;0;80;0;
23416;3460991;1016602624;24260608;1118597120;0;0;0;0;0;0;0;0;0;0;0;2715;0;0;89;0;80;0;
23417;4973838;1016602624;24260608;1118597120;0;0;0;0;0;0;0;0;0;0;0;2214;0;0;89;0;80;0;
23418;3485987;1016602624;24260608;1118597120;0;0;0;0;0;0;0;0;0;0;0;2965;0;0;89;0;80;0;
23419;4847732;1016602624;24260608;1118597120;0;0;0;0;0;0;0;0;0;0;0;2455;0;0;89;0;80;0;
23420;3717582;1016602624;24260608;1118597120;0;0;0;0;0;0;0;0;0;0;0;3006;0;0;89;0;80;0;
23421;4945855;1016602624;24260608;1118597120;0;0;0;0;0;0;0;0;0;0;0;2184;0;0;89;0;80;0;
23422;3983621;1016602624;24260608;1118597120;0;0;0;0;0;0;0;0;0;0;0;2965;0;0;89;0;80;0;
23423;5276786;1016602624;24260608;1118597120;0;0;0;0;0;0;0;0;0;0;0;3146;0;0;89;0;80;0;
23424;2710934;1016602624;24260608;1118597120;0;0;0;0;0;0;0;0;0;0;0;3026;0;0;89;0;80;0;
23425;5405167;1016602624;24260608;1118597120;0;0;0;0;0;0;0;0;0;0;0;2314;0;0;89;0;80;0;
23426;3411869;1016602624;24260608;1118597120;0;0;0;0;0;0;0;0;0;0;0;2344;0;0;89;0;80;0;
23427;5438649;1016602624;24260608;1118597120;0;0;0;0;0;0;0;0;0;0;0;2325;0;0;89;0;80;0;
23428;3889224;1016602624;24260608;1118597120;0;0;0;0;0;0;0;0;0;0;0;3186;0;0;89;0;80;0;
23429;4500260;1016602624;24260608;1118597120;0;0;0;0;0;0;0;0;0;0;0;2455;0;0;89;0;80;0;
23430;3176597;1016602624;24260608;1118597120;0;0;0;0;0;0;0;0;0;0;0;3146;0;0;89;0;80;0;
23431;5172480;1016602624;24260608;1118597120;0;0;0;0;0;0;0;0;0;0;0;2926;0;0;89;0;80;0;
23432;3056381;1016602624;24260608;1118597120;0;0;0;0;0;0;0;0;0;0;0;2785;0;0;89;0;80;0;
23433;5059348;1016602624;24260608;1118597120;0;0;0;0;0;0;0;0;0;0;0;2434;0;0;89;0;80;0;
23434;3541772;1016602624;24260608;1118597120;0;0;0;0;0;0;0;0;0;0;0;3055;0;0;89;0;80;0;
23435;5334123;1016602624;24260608;1118597120;0;0;0;0;0;0;0;0;0;0;0;2785;0;0;89;0;80;0;
23436;3157943;1016602624;24260608;1118597120;0;0;0;0;0;0;0;0;0;0;0;2425;0;0;89;0;80;0;
23437;4836450;1016602624;24260608;1118597120;0;0;0;0;0;0;0;0;0;0;0;2374;0;0;89;0;80;0;
23438;3571357;1016602624;24260608;1118597120;0;0;0;0;0;0;0;0;0;0;0;2926;0;0;89;0;80;0;
23439;5062013;1016602624;24260608;1118597120;0;0;0;0;0;0;0;0;0;0;0;2235;0;0;89;0;80;0;
23440;3335445;1016602624;24260608;1118597120;0;0;0;0;0;0;0;0;0;0;0;2895;0;0;89;0;80;0;
23441;5559737;1016602624;24260608;1118597120;0;0;0;0;0;0;0;0;0;0;0;1984;0;0;89;0;80;0;
23442;3769790;1016602624;24260608;1118597120;0;0;0;0;0;0;0;0;0;0;0;3015;0;0;89;0;80;0;
23443;5218466;1016602624;24260608;1118597120;0;0;0;0;0;0;0;0;0;0;0;2525;0;0;89;0;80;0;
23444;3214168;1016602624;24260608;1118597120;0;0;0;0;0;0;0;0;0;0;0;3066;0;0;89;0;80;0;
23445;4952227;1016602624;24260608;1118597120;0;0;0;0;0;0;0;0;0;0;0;2355;0;0;89;0;80;0;
23446;4054804;1016602624;24260608;1118597120;0;0;0;0;0;0;0;0;0;0;0;2805;0;0;89;0;80;0;
23447;4946877;1016602624;24260608;1118597120;0;0;0;0;0;0;0;0;0;0;0;2194;0;0;89;0;80;0;
23448;3785189;1016602624;24260608;1118597120;0;0;0;0;0;0;0;0;0;0;0;2806;0;0;89;0;80;0;
23449;5282307;1016602624;24260608;1118597120;0;0;0;0;0;0;0;0;0;0;0;2194;0;0;89;0;80;0;
23450;3146010;1016602624;24260608;1118597120;0;0;0;0;0;0;0;0;0;0;0;2995;0;0;89;0;80;0;
23451;4897575;1016602624;24260608;1118597120;0;0;0;0;0;0;0;0;0;0;0;2285;0;0;89;0;80;0;
23452;3327561;1016602624;24260608;1118597120;0;0;0;0;0;0;0;0;0;0;0;2896;0;0;89;0;80;0;
23453;5898692;1016602624;24260608;1118597120;0;0;0;0;0;0;0;0;0;0;0;2414;0;0;89;0;80;0;
23454;3033739;1016602624;24260608;1118597120;0;0;0;0;0;0;0;0;0;0;0;5650;0;0;89;0;80;0;
23455;4964590;1016602624;24260608;1118597120;0;0;0;0;0;0;0;0;0;0;0;1954;0;0;89;0;80;0;
23456;3307664;1016602624;24260608;1118597120;0;0;0;0;0;0;0;0;0;0;0;3236;0;0;89;0;80;0;
23457;4960473;1016602624;24260608;1118597120;0;0;0;0;0;0;0;0;0;0;0;2735;0;0;89;0;80;0;
23458;4402437;1016602624;24260608;1118597120;0;0;0;0;0;0;0;0;0;0;0;2956;0;0;89;0;80;0;
23459;5094103;1016602624;24260608;1118597120;0;0;0;0;0;0;0;0;0;0;0;2795;0;0;89;0;80;0;
23460;3243452;1016602624;24260608;1118597120;0;0;0;0;0;0;0;0;0;0;0;2705;0;0;89;0;80;0;
23461;5292375;1016602624;24260608;1118597120;0;0;0;0;0;0;0;0;0;0;0;2174;0;0;89;0;80;0;
23462;4621457;1016602624;24260608;1118597120;0;0;0;0;0;0;0;0;0;0;0;3497;0;0;89;0;80;0;
23463;5169955;1016602624;24260608;1118597120;0;0;0;0;0;0;0;0;0;0;0;3115;0;0;89;0;80;0;
23464;4709141;1016602624;24260608;1118597120;0;0;0;0;0;0;0;0;0;0;0;2835;0;0;89;0;80;0;
23465;4702028;1016602624;24260608;1118597120;0;0;0;0;0;0;0;0;0;0;0;2134;0;0;89;0;80;0;
23466;4449845;1016602624;24260608;1118597120;0;0;0;0;0;0;0;0;0;0;0;3446;0;0;89;0;80;0;
23467;5198038;1016602624;24260608;1118597120;0;0;0;0;0;0;0;0;0;0;0;2795;0;0;89;0;80;0;
23468;4297870;1016602624;24260608;1118597120;0;0;0;0;0;0;0;0;0;0;0;3427;0;0;89;0;80;0;
23469;4971384;1016602624;24260608;1118597120;0;0;0;0;0;0;0;0;0;0;0;2104;0;0;89;0;80;0;
23470;2606929;1016602624;24260608;1118597120;0;0;0;0;0;0;0;0;0;0;0;2706;0;0;89;0;80;0;
23471;6081956;1016602624;24260608;1118597120;0;0;0;0;0;0;0;0;0;0;0;2214;0;0;89;0;80;0;
23472;2680337;1016602624;24260608;1118597120;0;0;0;0;0;0;0;0;0;0;0;2545;0;0;89;0;80;0;
23473;4610436;1016602624;24260608;1118597120;0;0;0;0;0;0;0;0;0;0;0;1863;0;0;89;0;80;0;
23474;3972820;1016602624;24260608;1118597120;0;0;0;0;0;0;0;0;0;0;0;2695;0;0;89;0;80;0;
23475;5689220;1016602624;24260608;1118597120;0;0;0;0;0;0;0;0;0;0;0;2435;0;0;89;0;80;0;
23476;4000192;1016602624;24260608;1118597120;0;0;0;0;0;0;0;0;0;0;0;2966;0;0;89;0;80;0;
23477;5169124;1016602624;24260608;1118597120;0;0;0;0;0;0;0;0;0;0;0;2484;0;0;89;0;80;0;
23478;3345043;1016602624;24260608;1118597120;0;0;0;0;0;0;0;0;0;0;0;2825;0;0;89;0;80;0;
23479;5696704;1022406656;31825920;1126162432;0;0;0;0;0;0;0;0;0;0;0;2675;0;0;89;0;80;0;
23480;4253878;1022406656;31825920;1126162432;0;0;0;0;0;0;0;0;0;0;0;2525;0;0;89;0;80;0;
23481;4821773;1022406656;31825920;1126162432;0;0;0;0;0;0;0;0;0;0;0;2144;0;0;89;0;80;0;
23482;3852325;1022406656;31825920;1126162432;0;0;0;0;0;0;0;0;0;0;0;3155;0;0;89;0;80;0;
23483;4771469;1022406656;31825920;1126162432;0;0;0;0;0;0;0;0;0;0;0;2545;0;0;89;0;80;0;
23484;2909968;1022406656;31825920;1126162432;0;0;0;0;0;0;0;0;0;0;0;2495;0;0;89;0;80;0;
23485;5004936;1022406656;31825920;1126162432;0;0;0;0;0;0;0;0;0;0;0;2294;0;0;89;0;80;0;
23486;3181466;1022406656;31825920;1126162432;0;0;0;0;0;0;0;0;0;0;0;2755;0;0;89;0;80;0;
23487;4787408;1022406656;31825920;1126162432;0;0;0;0;0;0;0;0;0;0;0;2124;0;0;89;0;80;0;
23488;2815410;1016602624;24260608;1118597120;0;0;0;0;0;0;0;0;0;0;0;2615;0;0;89;0;80;0;
23489;5615831;1016602624;24260608;1118597120;0;0;0;0;0;0;0;0;0;0;0;2575;0;0;89;0;80;0;
23490;3220991;1016602624;24260608;1118597120;0;0;0;0;0;0;0;0;0;0;0;3346;0;0;89;0;80;0;
23491;5361866;1016602624;24260608;1118597120;0;0;0;0;0;0;0;0;0;0;0;2325;0;0;89;0;80;0;
23492;3234026;1016602624;24260608;1118597120;0;0;0;0;0;0;0;0;0;0;0;2785;0;0;89;0;80;0;
23493;6026071;1016602624;24260608;1118597120;0;0;0;0;0;0;0;0;0;0;0;2124;0;0;89;0;80;0;
23494;2965983;1016602624;24260608;1118597120;0;0;0;0;0;0;0;0;0;0;0;2424;0;0;89;0;80;0;
23495;5593600;1016602624;24260608;1118597120;0;0;0;0;0;0;0;0;0;0;0;1824;0;0;89;0;80;0;
23496;3238463;1016602624;24260608;1118597120;0;0;0;0;0;0;0;0;0;0;0;2655;0;0;89;0;80;0;
23497;4797918;1016602624;24260608;1118597120;0;0;0;0;0;0;0;0;0;0;0;2434;0;0;89;0;80;0;
23498;3500164;1016602624;24260608;1118597120;0;0;0;0;0;0;0;0;0;0;0;2725;0;0;89;0;80;0;
23499;5092470;1016602624;24260608;1118597120;0;0;0;0;0;0;0;0;0;0;0;1813;0;0;89;0;80;0;
23500;3739022;1016602624;24260608;1118597120;0;0;0;0;0;0;0;0;0;0;0;3136;0;0;89;0;80;0;
23501;5114952;1016602624;24260608;1118597120;0;0;0;0;0;0;0;0;0;0;0;2565;0;0;89;0;80;0;
23502;3730826;1016602624;24260608;1118597120;0;0;0;0;0;0;0;0;0;0;0;3247;0;0;89;0;80;0;
23503;5356836;1016602624;24260608;1118597120;0;0;0;0;0;0;0;0;0;0;0;2605;0;0;89;0;80;0;
23504;3937935;1016602624;24260608;1118597120;0;0;0;0;0;0;0;0;0;0;0;2635;0;0;89;0;80;0;
23505;4851118;1016602624;24260608;1118597120;0;0;0;0;0;0;0;0;0;0;0;2685;0;0;89;0;80;0;
23506;3530010;1016602624;24260608;1118597120;0;0;0;0;0;0;0;0;0;0;0;2665;0;0;89;0;80;0;
23507;5803855;1016602624;24260608;1118597120;0;0;0;0;0;0;0;0;0;0;0;2284;0;0;89;0;80;0;
23508;4006193;1016602624;24260608;1118597120;0;0;0;0;0;0;0;0;0;0;0;3005;0;0;89;0;80;0;
23509;6877458;1016602624;24260608;1118597120;0;0;0;0;0;0;0;0;0;0;0;2154;0;0;89;0;80;0;
23510;4143060;1016602624;24260608;1118597120;0;0;0;0;0;0;0;0;0;0;0;2745;0;0;89;0;80;0;
23511;4928543;1016602624;24260608;1118597120;0;0;0;0;0;0;0;0;0;0;0;2555;0;0;89;0;80;0;
23512;3112677;1016602624;24260608;1118597120;0;0;0;0;0;0;0;0;0;0;0;2504;0;0;89;0;80;0;
23513;5488182;1016602624;24260608;1118597120;0;0;0;0;0;0;0;0;0;0;0;2154;0;0;89;0;80;0;
23514;3444480;1016602624;24260608;1118597120;0;0;0;0;0;0;0;0;0;0;0;2154;0;0;89;0;80;0;
23515;4986351;1016602624;24260608;1118597120;0;0;0;0;0;0;0;0;0;0;0;2315;0;0;89;0;80;0;
23516;3259633;1016602624;24260608;1118597120;0;0;0;0;0;0;0;0;0;0;0;2806;0;0;89;0;80;0;
23517;4793319;1016602624;24260608;1118597120;0;0;0;0;0;0;0;0;0;0;0;2374;0;0;89;0;80;0;
23518;4910780;1016602624;24260608;1118597120;0;0;0;0;0;0;0;0;0;0;0;3076;0;0;89;0;80;0;
23519;5450853;1016602624;24260608;1118597120;0;0;0;0;0;0;0;0;0;0;0;2424;0;0;89;0;80;0;
23520;2678613;1016602624;24260608;1118597120;0;0;0;0;0;0;0;0;0;0;0;3256;0;0;89;0;80;0;
23521;5436826;1016602624;24260608;1118597120;0;0;0;0;0;0;0;0;0;0;0;2404;0;0;89;0;80;0;
23522;3387783;1016602624;24260608;1118597120;0;0;0;0;0;0;0;0;0;0;0;3125;0;0;89;0;80;0;
23523;5175607;1016602624;24260608;1118597120;0;0;0;0;0;0;0;0;0;0;0;2345;0;0;89;0;80;0;
23524;3541802;1016602624;24260608;1118597120;0;0;0;0;0;0;0;0;0;0;0;2565;0;0;89;0;80;0;
23525;4954021;1016602624;24268800;1118605312;0;0;0;0;0;0;0;0;0;0;0;2845;0;0;89;0;80;0;
23526;3730947;1016602624;24268800;1118605312;0;0;0;0;0;0;0;0;0;0;0;2374;0;0;89;0;80;0;
23527;5346897;1016602624;24268800;1118605312;0;0;0;0;0;0;0;0;0;0;0;2024;0;0;89;0;80;0;
23528;2781196;1016602624;24268800;1118605312;0;0;0;0;0;0;0;0;0;0;0;2615;0;0;89;0;80;0;
23529;4963789;1016602624;24268800;1118605312;0;0;0;0;0;0;0;0;0;0;0;2224;0;0;89;0;80;0;
23530;4140294;1016602624;24268800;1118605312;0;0;0;0;0;0;0;0;0;0;0;3336;0;0;89;0;80;0;
23531;5264022;1016602624;24268800;1118605312;0;0;0;0;0;0;0;0;0;0;0;2324;0;0;89;0;80;0;
23532;3483974;1016602624;24260608;1118597120;0;0;0;0;0;0;0;0;0;0;0;3086;0;0;89;0;80;0;
23533;4934725;1016602624;24260608;1118597120;0;0;0;0;0;0;0;0;0;0;0;2425;0;0;89;0;80;0;
23534;3993319;1016602624;24260608;1118597120;0;0;0;0;0;0;0;0;0;0;0;3026;0;0;89;0;80;0;
23535;5332250;1016602624;24260608;1118597120;0;0;0;0;0;0;0;0;0;0;0;2425;0;0;89;0;80;0;
23536;4430358;1016602624;24260608;1118597120;0;0;0;0;0;0;0;0;0;0;0;2685;0;0;89;0;80;0;
23537;5067243;1016602624;24260608;1118597120;0;0;0;0;0;0;0;0;0;0;0;2595;0;0;89;0;80;0;
23538;3062844;1016602624;24260608;1118597120;0;0;0;0;0;0;0;0;0;0;0;3256;0;0;89;0;80;0;
23539;5184763;1016602624;24260608;1118597120;0;0;0;0;0;0;0;0;0;0;0;2214;0;0;89;0;80;0;
23540;4162787;1016602624;24260608;1118597120;0;0;0;0;0;0;0;0;0;0;0;2575;0;0;89;0;80;0;
23541;4621577;1016602624;24260608;1118597120;0;0;0;0;0;0;0;0;0;0;0;1964;0;0;89;0;80;0;
23542;2772450;1016602624;24260608;1118597120;0;0;0;0;0;0;0;0;0;0;0;3426;0;0;89;0;80;0;
23543;5016338;1016602624;24260608;1118597120;0;0;0;0;0;0;0;0;0;0;0;2585;0;0;89;0;80;0;
23544;3637441;1016602624;24260608;1118597120;0;0;0;0;0;0;0;0;0;0;0;3026;0;0;89;0;80;0;
23545;5434412;1016602624;24260608;1118597120;0;0;0;0;0;0;0;0;0;0;0;2484;0;0;89;0;80;0;
23546;3213266;1016602624;24260608;1118597120;0;0;0;0;0;0;0;0;0;0;0;3286;0;0;89;0;80;0;
23547;5293888;1016602624;24260608;1118597120;0;0;0;0;0;0;0;0;0;0;0;2645;0;0;89;0;80;0;
23548;3721910;1016602624;24260608;1118597120;0;0;0;0;0;0;0;0;0;0;0;3356;0;0;89;0;80;0;
23549;4907283;1016602624;24260608;1118597120;0;0;0;0;0;0;0;0;0;0;0;2635;0;0;89;0;80;0;
23550;3169895;1016602624;24260608;1118597120;0;0;0;0;0;0;0;0;0;0;0;3086;0;0;89;0;80;0;
23551;7232294;1016602624;24260608;1118597120;0;0;0;0;0;0;0;0;0;0;0;2515;0;0;89;0;80;0;
23552;8972417;1016602624;24260608;1118597120;0;0;0;0;0;0;0;0;0;0;0;2595;0;0;89;0;80;0;
23553;4765056;1016602624;24260608;1118597120;0;0;0;0;0;0;0;0;0;0;0;2334;0;0;89;0;80;0;
23554;5243384;1016602624;24260608;1118597120;0;0;0;0;0;0;0;0;0;0;0;3126;0;0;89;0;80;0;
23555;4877437;1016602624;24260608;1118597120;0;0;0;0;0;0;0;0;0;0;0;2865;0;0;89;0;80;0;
23556;5365472;1016602624;24260608;1118597120;0;0;0;0;0;0;0;0;0;0;0;4318;0;0;89;0;80;0;
23557;5492510;1016602624;24260608;1118597120;0;0;0;0;0;0;0;0;0;0;0;2775;0;0;89;0;80;0;
23558;4472728;1016602624;24260608;1118597120;0;0;0;0;0;0;0;0;0;0;0;2665;0;0;89;0;80;0;
23559;6127241;1016602624;24260608;1118597120;0;0;0;0;0;0;0;0;0;0;0;2334;0;0;89;0;80;0;
23560;4838353;1016602624;24260608;1118597120;0;0;0;0;0;0;0;0;0;0;0;11903;0;0;89;0;80;0;
23561;5436706;1016602624;24260608;1118597120;0;0;0;0;0;0;0;0;0;0;0;3526;0;0;89;0;80;0;
23562;4365758;1016602624;24260608;1118597120;0;0;0;0;0;0;0;0;0;0;0;3767;0;0;89;0;80;0;
23563;5121615;1016602624;24260608;1118597120;0;0;0;0;0;0;0;0;0;0;0;2805;0;0;89;0;80;0;
23564;4874412;1016602624;24260608;1118597120;0;0;0;0;0;0;0;0;0;0;0;3176;0;0;89;0;80;0;
23565;5172851;1016602624;24260608;1118597120;0;0;0;0;0;0;0;0;0;0;0;2145;0;0;89;0;80;0;
23566;6286931;1016602624;24260608;1118597120;0;0;0;0;0;0;0;0;0;0;0;4919;0;0;89;0;80;0;
23567;6348676;1016602624;24260608;1118597120;0;0;0;0;0;0;0;0;0;0;0;2685;0;0;89;0;80;0;
23568;4076485;1016602624;24260608;1118597120;0;0;0;0;0;0;0;0;0;0;0;3537;0;0;89;0;80;0;
23569;5082942;1016602624;24260608;1118597120;0;0;0;0;0;0;0;0;0;0;0;2755;0;0;89;0;80;0;
23570;4173407;1016602624;24260608;1118597120;0;0;0;0;0;0;0;0;0;0;0;4379;0;0;89;0;80;0;
23571;6870745;1016602624;24260608;1118597120;0;0;0;0;0;0;0;0;0;0;0;3677;0;0;89;0;80;0;
23572;6062991;1016602624;24260608;1118597120;0;0;0;0;0;0;0;0;0;0;0;4549;0;0;89;0;80;0;
23573;7671908;1022406656;31825920;1126162432;0;0;0;0;0;0;0;0;0;0;0;4178;0;0;89;0;80;0;
23574;4747995;1022406656;31825920;1126162432;0;0;0;0;0;0;0;0;0;0;0;3636;0;0;89;0;80;0;
23575;5829082;1022406656;31825920;1126162432;0;0;0;0;0;0;0;0;0;0;0;3657;0;0;89;0;80;0;
23576;5544007;1022406656;31825920;1126162432;0;0;0;0;0;0;0;0;0;0;0;4107;0;0;89;0;80;0;
23577;5282046;1022406656;31825920;1126162432;0;0;0;0;0;0;0;0;0;0;0;3757;0;0;89;0;80;0;
23578;6047792;1022406656;31825920;1126162432;0;0;0;0;0;0;0;0;0;0;0;12152;0;0;89;0;80;0;
23579;6570903;1022406656;31825920;1126162432;0;0;0;0;0;0;0;0;0;0;0;2755;0;0;89;0;80;0;
23580;2805091;1022406656;31825920;1126162432;0;0;0;0;0;0;0;0;0;0;0;109556;0;0;89;0;80;0;
23581;5002662;1022406656;31825920;1126162432;0;0;0;0;0;0;0;0;0;0;0;2164;0;0;89;0;80;0;
23582;5529489;1016602624;24260608;1118597120;0;0;0;0;0;0;0;0;0;0;0;3847;0;0;89;0;80;0;
23583;5209910;1016602624;24260608;1118597120;0;0;0;0;0;0;0;0;0;0;0;3286;0;0;89;0;80;0;
23584;4875734;1016602624;24260608;1118597120;0;0;0;0;0;0;0;0;0;0;0;3737;0;0;89;0;80;0;
23585;6411284;1016602624;24260608;1118597120;0;0;0;0;0;0;0;0;0;0;0;3356;0;0;89;0;80;0;
23586;5563715;1016602624;24260608;1118597120;0;0;0;0;0;0;0;0;0;0;0;4068;0;0;89;0;80;0;
23587;5895216;1016602624;24260608;1118597120;0;0;0;0;0;0;0;0;0;0;0;3296;0;0;89;0;80;0;
23588;6057961;1016602624;24260608;1118597120;0;0;0;0;0;0;0;0;0;0;0;3787;0;0;89;0;80;0;
23589;6340210;1016602624;24260608;1118597120;0;0;0;0;0;0;0;0;0;0;0;3156;0;0;89;0;80;0;
23590;4892786;1016602624;24260608;1118597120;0;0;0;0;0;0;0;0;0;0;0;3918;0;0;89;0;80;0;
23591;6077828;1016602624;24260608;1118597120;0;0;0;0;0;0;0;0;0;0;0;4048;0;0;89;0;80;0;
23592;5162753;1016602624;24260608;1118597120;0;0;0;0;0;0;0;0;0;0;0;4068;0;0;89;0;80;0;
23593;5696443;1016602624;24260608;1118597120;0;0;0;0;0;0;0;0;0;0;0;3497;0;0;89;0;80;0;
23594;6242798;1016602624;24260608;1118597120;0;0;0;0;0;0;0;0;0;0;0;3236;0;0;89;0;80;0;
23595;5090126;1016602624;24260608;1118597120;0;0;0;0;0;0;0;0;0;0;0;2655;0;0;89;0;80;0;
23596;4290376;1016602624;24260608;1118597120;0;0;0;0;0;0;0;0;0;0;0;4158;0;0;89;0;80;0;
23597;6878801;1016602624;24260608;1118597120;0;0;0;0;0;0;0;0;0;0;0;2975;0;0;89;0;80;0;
23598;5173542;1016602624;24260608;1118597120;0;0;0;0;0;0;0;0;0;0;0;3937;0;0;89;0;80;0;
23599;6604346;1016602624;24260608;1118597120;0;0;0;0;0;0;0;0;0;0;0;3627;0;0;89;0;80;0;
23600;6332035;1016602624;24260608;1118597120;0;0;0;0;0;0;0;0;0;0;0;4068;0;0;89;0;80;0;
23601;5929339;1016602624;24260608;1118597120;0;0;0;0;0;0;0;0;0;0;0;3417;0;0;89;0;80;0;
23602;5425305;1016602624;24260608;1118597120;0;0;0;0;0;0;0;0;0;0;0;3747;0;0;89;0;80;0;
23603;6508716;1016602624;24260608;1118597120;0;0;0;0;0;0;0;0;0;0;0;3206;0;0;89;0;80;0;
23604;5059999;1016602624;24260608;1118597120;0;0;0;0;0;0;0;0;0;0;0;3928;0;0;89;0;80;0;
23605;5683729;1016602624;24260608;1118597120;0;0;0;0;0;0;0;0;0;0;0;2876;0;0;89;0;80;0;
23606;4201219;1016602624;24260608;1118597120;0;0;0;0;0;0;0;0;0;0;0;3356;0;0;89;0;80;0;
23607;6198305;1016602624;24260608;1118597120;0;0;0;0;0;0;0;0;0;0;0;2564;0;0;89;0;80;0;
23608;5570537;1016602624;24260608;1118597120;0;0;0;0;0;0;0;0;0;0;0;4768;0;0;89;0;80;0;
23609;7185145;1016602624;24260608;1118597120;0;0;0;0;0;0;0;0;0;0;0;3296;0;0;89;0;80;0;
23610;5912568;1016602624;24260608;1118597120;0;0;0;0;0;0;0;0;0;0;0;4097;0;0;89;0;80;0;
23611;7054399;1016602624;24260608;1118597120;0;0;0;0;0;0;0;0;0;0;0;3767;0;0;89;0;80;0;
23612;5182720;1016602624;24260608;1118597120;0;0;0;0;0;0;0;0;0;0;0;4218;0;0;89;0;80;0;
23613;5649756;1016602624;24260608;1118597120;0;0;0;0;0;0;0;0;0;0;0;3327;0;0;89;0;80;0;
23614;5528297;1016602624;24260608;1118597120;0;0;0;0;0;0;0;0;0;0;0;3938;0;0;89;0;80;0;
23615;6910911;1016602624;24260608;1118597120;0;0;0;0;0;0;0;0;0;0;0;3216;0;0;89;0;80;0;
23616;5355955;1016602624;24260608;1118597120;0;0;0;0;0;0;0;0;0;0;0;3577;0;0;89;0;80;0;
23617;6701858;1016602624;24260608;1118597120;0;0;0;0;0;0;0;0;0;0;0;2404;0;0;89;0;80;0;
23618;5134519;1016602624;24260608;1118597120;0;0;0;0;0;0;0;0;0;0;0;4218;0;0;89;0;80;0;
23619;7654305;1016602624;24260608;1118597120;0;0;0;0;0;0;0;0;0;0;0;3196;0;0;89;0;80;0;
23620;5227924;1016602624;24260608;1118597120;0;0;0;0;0;0;0;0;0;0;0;4077;0;0;89;0;80;0;
23621;6397458;1016602624;24260608;1118597120;0;0;0;0;0;0;0;0;0;0;0;3287;0;0;89;0;80;0;
23622;5255837;1016602624;24260608;1118597120;0;0;0;0;0;0;0;0;0;0;0;3606;0;0;89;0;80;0;
23623;5853257;1016602624;24260608;1118597120;0;0;0;0;0;0;0;0;0;0;0;2895;0;0;89;0;80;0;
23624;5005066;1016602624;24260608;1118597120;0;0;0;0;0;0;0;0;0;0;0;4569;0;0;89;0;80;0;
23625;7492391;1016602624;24260608;1118597120;0;0;0;0;0;0;0;0;0;0;0;4408;0;0;89;0;80;0;
23626;5395969;1016602624;24260608;1118597120;0;0;0;0;0;0;0;0;0;0;0;4508;0;0;89;0;80;0;
23627;6305355;1016602624;24260608;1118597120;0;0;0;0;0;0;0;0;0;0;0;4508;0;0;89;0;80;0;
23628;6942920;1016602624;24260608;1118597120;0;0;0;0;0;0;0;0;0;0;0;3696;0;0;89;0;80;0;
23629;6405774;1016602624;24260608;1118597120;0;0;0;0;0;0;0;0;0;0;0;4489;0;0;89;0;80;0;
23630;6796776;1016602624;24260608;1118597120;0;0;0;0;0;0;0;0;0;0;0;3526;0;0;89;0;80;0;
23631;5653182;1016602624;24260608;1118597120;0;0;0;0;0;0;0;0;0;0;0;3687;0;0;89;0;80;0;
23632;6635304;1016602624;24260608;1118597120;0;0;0;0;0;0;0;0;0;0;0;4629;0;0;89;0;80;0;
23633;6187303;1016602624;24260608;1118597120;0;0;0;0;0;0;0;0;0;0;0;3937;0;0;89;0;80;0;
23634;5999401;1016602624;24260608;1118597120;0;0;0;0;0;0;0;0;0;0;0;5050;0;0;89;0;80;0;
23635;7173012;1016602624;24260608;1118597120;0;0;0;0;0;0;0;0;0;0;0;4178;0;0;89;0;80;0;
23636;6169881;1016602624;24260608;1118597120;0;0;0;0;0;0;0;0;0;0;0;4488;0;0;89;0;80;0;
23637;6415442;1016602624;24260608;1118597120;0;0;0;0;0;0;0;0;0;0;0;4599;0;0;89;0;80;0;
23638;7800569;1016602624;24260608;1118597120;0;0;0;0;0;0;0;0;0;0;0;4368;0;0;89;0;80;0;
23639;6050928;1016602624;24260608;1118597120;0;0;0;0;0;0;0;0;0;0;0;3667;0;0;89;0;80;0;
23640;6345510;1016602624;24260608;1118597120;0;0;0;0;0;0;0;0;0;0;0;4288;0;0;89;0;80;0;
23641;8376580;1016602624;24260608;1118597120;0;0;0;0;0;0;0;0;0;0;0;4338;0;0;89;0;80;0;
23642;6812817;1016602624;24260608;1118597120;0;0;0;0;0;0;0;0;0;0;0;4799;0;0;89;0;80;0;
23643;7721852;1016602624;24260608;1118597120;0;0;0;0;0;0;0;0;0;0;0;4198;0;0;89;0;80;0;
23644;5869748;1016602624;24260608;1118597120;0;0;0;0;0;0;0;0;0;0;0;4749;0;0;89;0;80;0;
23645;7843950;1016602624;24260608;1118597120;0;0;0;0;0;0;0;0;0;0;0;4258;0;0;89;0;80;0;
23646;7207126;1016602624;24260608;1118597120;0;0;0;0;0;0;0;0;0;0;0;4398;0;0;89;0;80;0;
23647;6788010;1016602624;24260608;1118597120;0;0;0;0;0;0;0;0;0;0;0;5140;0;0;89;0;80;0;
23648;5036576;1016602624;24260608;1118597120;0;0;0;0;0;0;0;0;0;0;0;3948;0;0;89;0;80;0;
23649;6975222;1016602624;24260608;1118597120;0;0;0;0;0;0;0;0;0;0;0;4288;0;0;89;0;80;0;
23650;5762197;1016602624;24260608;1118597120;0;0;0;0;0;0;0;0;0;0;0;4188;0;0;89;0;80;0;
23651;5723924;1016602624;24260608;1118597120;0;0;0;0;0;0;0;0;0;0;0;4368;0;0;89;0;80;0;
23652;6198464;1016602624;24260608;1118597120;0;0;0;0;0;0;0;0;0;0;0;4168;0;0;89;0;80;0;
23653;5530231;1016602624;24260608;1118597120;0;0;0;0;0;0;0;0;0;0;0;3456;0;0;89;0;80;0;
23654;3864999;1016602624;24260608;1118597120;0;0;0;0;0;0;0;0;0;0;0;4168;0;0;89;0;80;0;
23655;5016808;1016602624;24260608;1118597120;0;0;0;0;0;0;0;0;0;0;0;3096;0;0;89;0;80;0;
23656;4630464;1016602624;24260608;1118597120;0;0;0;0;0;0;0;0;0;0;0;4107;0;0;89;0;80;0;
23657;5995163;1016602624;24260608;1118597120;0;0;0;0;0;0;0;0;0;0;0;4198;0;0;89;0;80;0;
23658;4601790;1016602624;24260608;1118597120;0;0;0;0;0;0;0;0;0;0;0;3666;0;0;89;0;80;0;
23659;7205193;1016602624;24260608;1118597120;0;0;0;0;0;0;0;0;0;0;0;4298;0;0;89;0;80;0;
23660;6593496;1016602624;24260608;1118597120;0;0;0;0;0;0;0;0;0;0;0;4739;0;0;89;0;80;0;
23661;6534795;1016602624;24260608;1118597120;0;0;0;0;0;0;0;0;0;0;0;3146;0;0;89;0;80;0;
23662;5115694;1016602624;24260608;1118597120;0;0;0;0;0;0;0;0;0;0;0;4078;0;0;89;0;80;0;
23663;5728603;1016602624;24260608;1118597120;0;0;0;0;0;0;0;0;0;0;0;3006;0;0;89;0;80;0;
23664;5000227;1016602624;24260608;1118597120;0;0;0;0;0;0;0;0;0;0;0;3406;0;0;89;0;80;0;
23665;6282062;1016602624;24260608;1118597120;0;0;0;0;0;0;0;0;0;0;0;3306;0;0;89;0;80;0;
23666;3884625;1016602624;24260608;1118597120;0;0;0;0;0;0;0;0;0;0;0;3978;0;0;89;0;80;0;
23667;6393991;1022406656;31825920;1126162432;0;0;0;0;0;0;0;0;0;0;0;3476;0;0;89;0;80;0;
23668;5534038;1022406656;31825920;1126162432;0;0;0;0;0;0;0;0;0;0;0;3797;0;0;89;0;80;0;
23669;5565157;1022406656;31825920;1126162432;0;0;0;0;0;0;0;0;0;0;0;3206;0;0;89;0;80;0;
23670;5910926;1022406656;31825920;1126162432;0;0;0;0;0;0;0;0;0;0;0;5040;0;0;89;0;80;0;
23671;6350841;1022406656;31825920;1126162432;0;0;0;0;0;0;0;0;0;0;0;3797;0;0;89;0;80;0;
23672;5625330;1022406656;31825920;1126162432;0;0;0;0;0;0;0;0;0;0;0;4298;0;0;89;0;80;0;
23673;7113070;1022406656;31825920;1126162432;0;0;0;0;0;0;0;0;0;0;0;5070;0;0;89;0;80;0;
23674;4360057;1022406656;31825920;1126162432;0;0;0;0;0;0;0;0;0;0;0;4178;0;0;89;0;80;0;
23675;6489139;1022406656;31825920;1126162432;0;0;0;0;0;0;0;0;0;0;0;3827;0;0;89;0;80;0;
23676;5098021;1016602624;24260608;1118597120;0;0;0;0;0;0;0;0;0;0;0;3567;0;0;89;0;80;0;
23677;6135537;1016602624;24260608;1118597120;0;0;0;0;0;0;0;0;0;0;0;3496;0;0;89;0;80;0;
23678;5414985;1016602624;24260608;1118597120;0;0;0;0;0;0;0;0;0;0;0;3958;0;0;89;0;80;0;
23679;5960458;1016602624;24260608;1118597120;0;0;0;0;0;0;0;0;0;0;0;3937;0;0;89;0;80;0;
23680;5779899;1016602624;24260608;1118597120;0;0;0;0;0;0;0;0;0;0;0;4559;0;0;89;0;80;0;
23681;5855572;1016602624;24260608;1118597120;0;0;0;0;0;0;0;0;0;0;0;3527;0;0;89;0;80;0;
23682;5333622;1016602624;24260608;1118597120;0;0;0;0;0;0;0;0;0;0;0;3246;0;0;89;0;80;0;
23683;4961866;1016602624;24260608;1118597120;0;0;0;0;0;0;0;0;0;0;0;2514;0;0;89;0;80;0;
23684;5391070;1016602624;24260608;1118597120;0;0;0;0;0;0;0;0;0;0;0;3156;0;0;89;0;80;0;
23685;5113931;1016602624;24260608;1118597120;0;0;0;0;0;0;0;0;0;0;0;2535;0;0;89;0;80;0;
23686;5620811;1016602624;24260608;1118597120;0;0;0;0;0;0;0;0;0;0;0;3737;0;0;89;0;80;0;
23687;5376924;1016602624;24260608;1118597120;0;0;0;0;0;0;0;0;0;0;0;2685;0;0;89;0;80;0;
23688;5102930;1016602624;24260608;1118597120;0;0;0;0;0;0;0;0;0;0;0;3216;0;0;89;0;80;0;
23689;4928062;1016602624;24260608;1118597120;0;0;0;0;0;0;0;0;0;0;0;3026;0;0;89;0;80;0;
23690;4037051;1016602624;24260608;1118597120;0;0;0;0;0;0;0;0;0;0;0;3927;0;0;89;0;80;0;
23691;5120382;1016602624;24260608;1118597120;0;0;0;0;0;0;0;0;0;0;0;2775;0;0;89;0;80;0;
23692;3762066;1016602624;24260608;1118597120;0;0;0;0;0;0;0;0;0;0;0;3707;0;0;89;0;80;0;
23693;5743972;1016602624;24260608;1118597120;0;0;0;0;0;0;0;0;0;0;0;3697;0;0;89;0;80;0;
23694;4624974;1016602624;24260608;1118597120;0;0;0;0;0;0;0;0;0;0;0;4248;0;0;89;0;80;0;
23695;6808588;1016602624;24260608;1118597120;0;0;0;0;0;0;0;0;0;0;0;4057;0;0;89;0;80;0;
23696;5779159;1016602624;24260608;1118597120;0;0;0;0;0;0;0;0;0;0;0;3537;0;0;89;0;80;0;
23697;5659634;1016602624;24260608;1118597120;0;0;0;0;0;0;0;0;0;0;0;3666;0;0;89;0;80;0;
23698;6546637;1016602624;24260608;1118597120;0;0;0;0;0;0;0;0;0;0;0;3356;0;0;89;0;80;0;
23699;7334745;1016602624;24260608;1118597120;0;0;0;0;0;0;0;0;0;0;0;2916;0;0;89;0;80;0;
23700;4989828;1016602624;24260608;1118597120;0;0;0;0;0;0;0;0;0;0;0;3877;0;0;89;0;80;0;
23701;5778186;1016602624;24260608;1118597120;0;0;0;0;0;0;0;0;0;0;0;3687;0;0;89;0;80;0;
23702;4789813;1016602624;24260608;1118597120;0;0;0;0;0;0;0;0;0;0;0;4288;0;0;89;0;80;0;
23703;6053572;1016602624;24260608;1118597120;0;0;0;0;0;0;0;0;0;0;0;3176;0;0;89;0;80;0;
23704;5974604;1016602624;24260608;1118597120;0;0;0;0;0;0;0;0;0;0;0;3596;0;0;89;0;80;0;
23705;6448132;1016602624;24268800;1118605312;0;0;0;0;0;0;0;0;0;0;0;4849;0;0;89;0;80;0;
23706;5313384;1016602624;24268800;1118605312;0;0;0;0;0;0;0;0;0;0;0;5410;0;0;89;0;80;0;
23707;5807852;1016602624;24268800;1118605312;0;0;0;0;0;0;0;0;0;0;0;2876;0;0;89;0;80;0;
23708;5038269;1016602624;24268800;1118605312;0;0;0;0;0;0;0;0;0;0;0;3867;0;0;89;0;80;0;
23709;6115409;1016602624;24268800;1118605312;0;0;0;0;0;0;0;0;0;0;0;3015;0;0;89;0;80;0;
23710;5309889;1016602624;24268800;1118605312;0;0;0;0;0;0;0;0;0;0;0;3717;0;0;89;0;80;0;
23711;5663442;1016602624;24268800;1118605312;0;0;0;0;0;0;0;0;0;0;0;2685;0;0;89;0;80;0;
23712;5196245;1016602624;24260608;1118597120;0;0;0;0;0;0;0;0;0;0;0;3557;0;0;89;0;80;0;
23713;5745014;1016602624;24260608;1118597120;0;0;0;0;0;0;0;0;0;0;0;3256;0;0;89;0;80;0;
23714;3870769;1016602624;24260608;1118597120;0;0;0;0;0;0;0;0;0;0;0;3777;0;0;89;0;80;0;
23715;5061192;1016602624;24260608;1118597120;0;0;0;0;0;0;0;0;0;0;0;2966;0;0;89;0;80;0;
23716;6450407;1016602624;24260608;1118597120;0;0;0;0;0;0;0;0;0;0;0;3136;0;0;89;0;80;0;
23717;5695101;1016602624;24260608;1118597120;0;0;0;0;0;0;0;0;0;0;0;3446;0;0;89;0;80;0;
23718;5014564;1016602624;24260608;1118597120;0;0;0;0;0;0;0;0;0;0;0;3977;0;0;89;0;80;0;
23719;5392343;1016602624;24260608;1118597120;0;0;0;0;0;0;0;0;0;0;0;3166;0;0;89;0;80;0;
23720;5029823;1016602624;24260608;1118597120;0;0;0;0;0;0;0;0;0;0;0;3667;0;0;89;0;80;0;
23721;5932065;1016602624;24260608;1118597120;0;0;0;0;0;0;0;0;0;0;0;2925;0;0;89;0;80;0;
23722;5247962;1016602624;24260608;1118597120;0;0;0;0;0;0;0;0;0;0;0;3647;0;0;89;0;80;0;
23723;5343030;1016602624;24260608;1118597120;0;0;0;0;0;0;0;0;0;0;0;3196;0;0;89;0;80;0;
23724;5249645;1016602624;24260608;1118597120;0;0;0;0;0;0;0;0;0;0;0;3616;0;0;89;0;80;0;
23725;11227816;1016602624;24260608;1118597120;0;0;0;0;0;0;0;0;0;0;0;2885;0;0;89;0;80;0;
23726;6403379;1016602624;24260608;1118597120;0;0;0;0;0;0;0;0;0;0;0;3908;0;0;89;0;80;0;
23727;5879306;1016602624;24260608;1118597120;0;0;0;0;0;0;0;0;0;0;0;3136;0;0;89;0;80;0;
23728;4923774;1016602624;24260608;1118597120;0;0;0;0;0;0;0;0;0;0;0;3386;0;0;89;0;80;0;
23729;5577350;1016602624;24260608;1118597120;0;0;0;0;0;0;0;0;0;0;0;2495;0;0;89;0;80;0;
23730;4725863;1016602624;24260608;1118597120;0;0;0;0;0;0;0;0;0;0;0;3687;0;0;89;0;80;0;
23731;5844390;1016602624;24260608;1118597120;0;0;0;0;0;0;0;0;0;0;0;4398;0;0;89;0;80;0;
23732;5465690;1016602624;24260608;1118597120;0;0;0;0;0;0;0;0;0;0;0;4068;0;0;89;0;80;0;
23733;5879346;1016602624;24260608;1118597120;0;0;0;0;0;0;0;0;0;0;0;3938;0;0;89;0;80;0;
23734;4580790;1016602624;24260608;1118597120;0;0;0;0;0;0;0;0;0;0;0;3586;0;0;89;0;80;0;
23735;6653738;1016602624;24260608;1118597120;0;0;0;0;0;0;0;0;0;0;0;3566;0;0;89;0;80;0;
23736;3903421;1016602624;24260608;1118597120;0;0;0;0;0;0;0;0;0;0;0;3988;0;0;89;0;80;0;
23737;7023221;1016602624;24260608;1118597120;0;0;0;0;0;0;0;0;0;0;0;4468;0;0;89;0;80;0;
23738;4397617;1016602624;24260608;1118597120;0;0;0;0;0;0;0;0;0;0;0;3416;0;0;89;0;80;0;
23739;6489721;1016602624;24260608;1118597120;0;0;0;0;0;0;0;0;0;0;0;3577;0;0;89;0;80;0;
23740;3903531;1016602624;24260608;1118597120;0;0;0;0;0;0;0;0;0;0;0;3096;0;0;89;0;80;0;
23741;5461041;1016602624;24260608;1118597120;0;0;0;0;0;0;0;0;0;0;0;2966;0;0;89;0;80;0;
23742;4218321;1016602624;24260608;1118597120;0;0;0;0;0;0;0;0;0;0;0;3256;0;0;89;0;80;0;
23743;5897430;1016602624;24260608;1118597120;0;0;0;0;0;0;0;0;0;0;0;2625;0;0;89;0;80;0;
23744;4431120;1016602624;24260608;1118597120;0;0;0;0;0;0;0;0;0;0;0;3266;0;0;89;0;80;0;
23745;5255967;1016602624;24260608;1118597120;0;0;0;0;0;0;0;0;0;0;0;2495;0;0;89;0;80;0;
23746;4881855;1016602624;24260608;1118597120;0;0;0;0;0;0;0;0;0;0;0;3477;0;0;89;0;80;0;
23747;5210090;1016602624;24260608;1118597120;0;0;0;0;0;0;0;0;0;0;0;2455;0;0;89;0;80;0;
23748;5120222;1016602624;24260608;1118597120;0;0;0;0;0;0;0;0;0;0;0;3126;0;0;89;0;80;0;
23749;5142324;1016602624;24260608;1118597120;0;0;0;0;0;0;0;0;0;0;0;3086;0;0;89;0;80;0;
23750;5760814;1016602624;24260608;1118597120;0;0;0;0;0;0;0;0;0;0;0;3576;0;0;89;0;80;0;
23751;5660555;1016602624;24260608;1118597120;0;0;0;0;0;0;0;0;0;0;0;3236;0;0;89;0;80;0;
23752;5506547;1016602624;24260608;1118597120;0;0;0;0;0;0;0;0;0;0;0;3717;0;0;89;0;80;0;
23753;5499363;1016602624;24260608;1118597120;0;0;0;0;0;0;0;0;0;0;0;3226;0;0;89;0;80;0;
23754;5705680;1016602624;24260608;1118597120;0;0;0;0;0;0;0;0;0;0;0;3247;0;0;89;0;80;0;
23755;6883560;1016602624;24260608;1118597120;0;0;0;0;0;0;0;0;0;0;0;4418;0;0;89;0;80;0;
23756;4601420;1016602624;24260608;1118597120;0;0;0;0;0;0;0;0;0;0;0;4418;0;0;89;0;80;0;
23757;6349388;1016602624;24260608;1118597120;0;0;0;0;0;0;0;0;0;0;0;4548;0;0;89;0;80;0;
23758;6721836;1016602624;24260608;1118597120;0;0;0;0;0;0;0;0;0;0;0;4659;0;0;89;0;80;0;
23759;6941288;1016602624;24260608;1118597120;0;0;0;0;0;0;0;0;0;0;0;4158;0;0;89;0;80;0;
23760;4551657;1016602624;24260608;1118597120;0;0;0;0;0;0;0;0;0;0;0;3827;0;0;89;0;80;0;
23761;5191015;1016602624;24260608;1118597120;0;0;0;0;0;0;0;0;0;0;0;3466;0;0;89;0;80;0;
23762;6003449;1016602624;24260608;1118597120;0;0;0;0;0;0;0;0;0;0;0;4419;0;0;89;0;80;0;
23763;6888198;1016602624;24260608;1118597120;0;0;0;0;0;0;0;0;0;0;0;4508;0;0;89;0;80;0;
23764;5999681;1016602624;24260608;1118597120;0;0;0;0;0;0;0;0;0;0;0;3957;0;0;89;0;80;0;
23765;6780456;1016602624;24260608;1118597120;0;0;0;0;0;0;0;0;0;0;0;2986;0;0;89;0;80;0;
23766;5221733;1016602624;24260608;1118597120;0;0;0;0;0;0;0;0;0;0;0;3506;0;0;89;0;80;0;
23767;5376242;1016602624;24260608;1118597120;0;0;0;0;0;0;0;0;0;0;0;2785;0;0;89;0;80;0;
23768;4526669;1016602624;24260608;1118597120;0;0;0;0;0;0;0;0;0;0;0;3586;0;0;89;0;80;0;
23769;5259123;1016602624;24260608;1118597120;0;0;0;0;0;0;0;0;0;0;0;3116;0;0;89;0;80;0;
23770;3974945;1016602624;24260608;1118597120;0;0;0;0;0;0;0;0;0;0;0;3387;0;0;89;0;80;0;
23771;5473304;1016602624;24260608;1118597120;0;0;0;0;0;0;0;0;0;0;0;2855;0;0;89;0;80;0;
23772;4381507;1016602624;24260608;1118597120;0;0;0;0;0;0;0;0;0;0;0;4509;0;0;89;0;80;0;
23773;5685593;1016602624;24260608;1118597120;0;0;0;0;0;0;0;0;0;0;0;3497;0;0;89;0;80;0;
23774;5017921;1016602624;24260608;1118597120;0;0;0;0;0;0;0;0;0;0;0;3967;0;0;89;0;80;0;
23775;6102345;1016602624;24260608;1118597120;0;0;0;0;0;0;0;0;0;0;0;3186;0;0;89;0;80;0;
23776;6140095;1016602624;24260608;1118597120;0;0;0;0;0;0;0;0;0;0;0;3426;0;0;89;0;80;0;
23777;6431982;1016602624;24260608;1118597120;0;0;0;0;0;0;0;0;0;0;0;3576;0;0;89;0;80;0;
23778;6072739;1016602624;24260608;1118597120;0;0;0;0;0;0;0;0;0;0;0;3747;0;0;89;0;80;0;
23779;5845773;1016602624;24260608;1118597120;0;0;0;0;0;0;0;0;0;0;0;4538;0;0;89;0;80;0;
23780;4684034;1016602624;24260608;1118597120;0;0;0;0;0;0;0;0;0;0;0;4178;0;0;89;0;80;0;
23781;6558139;1016602624;24260608;1118597120;0;0;0;0;0;0;0;0;0;0;0;3827;0;0;89;0;80;0;
23782;4380345;1016602624;24260608;1118597120;0;0;0;0;0;0;0;0;0;0;0;3396;0;0;89;0;80;0;
23783;6300836;1016602624;24260608;1118597120;0;0;0;0;0;0;0;0;0;0;0;3557;0;0;89;0;80;0;
23784;5116435;1016602624;24260608;1118597120;0;0;0;0;0;0;0;0;0;0;0;3797;0;0;89;0;80;0;
23785;7638175;1022406656;31825920;1126162432;0;0;0;0;0;0;0;0;0;0;0;5040;0;0;89;0;80;0;
23786;5823310;1022406656;31825920;1126162432;0;0;0;0;0;0;0;0;0;0;0;4187;0;0;89;0;80;0;
23787;6214655;1022406656;31825920;1126162432;0;0;0;0;0;0;0;0;0;0;0;3146;0;0;89;0;80;0;
23788;5918239;1022406656;31825920;1126162432;0;0;0;0;0;0;0;0;0;0;0;3767;0;0;89;0;80;0;
23789;6059965;1022406656;31825920;1126162432;0;0;0;0;0;0;0;0;0;0;0;3577;0;0;89;0;80;0;
23790;5231361;1022406656;31825920;1126162432;0;0;0;0;0;0;0;0;0;0;0;3747;0;0;89;0;80;0;
23791;6239201;1022406656;31825920;1126162432;0;0;0;0;0;0;0;0;0;0;0;3367;0;0;89;0;80;0;
23792;6429508;1022406656;31825920;1126162432;0;0;0;0;0;0;0;0;0;0;0;3216;0;0;89;0;80;0;
23793;7565859;1022406656;31825920;1126162432;0;0;0;0;0;0;0;0;0;0;0;3166;0;0;89;0;80;0;
23794;4966684;1016602624;24260608;1118597120;0;0;0;0;0;0;0;0;0;0;0;4258;0;0;89;0;80;0;
23795;6137290;1016602624;24260608;1118597120;0;0;0;0;0;0;0;0;0;0;0;4308;0;0;89;0;80;0;
23796;4223871;1016602624;24260608;1118597120;0;0;0;0;0;0;0;0;0;0;0;3987;0;0;89;0;80;0;
23797;6048082;1016602624;24260608;1118597120;0;0;0;0;0;0;0;0;0;0;0;3266;0;0;89;0;80;0;
23798;3919350;1016602624;24260608;1118597120;0;0;0;0;0;0;0;0;0;0;0;2895;0;0;89;0;80;0;
23799;5864418;1016602624;24260608;1118597120;0;0;0;0;0;0;0;0;0;0;0;3146;0;0;89;0;80;0;
23800;4668606;1016602624;24260608;1118597120;0;0;0;0;0;0;0;0;0;0;0;3557;0;0;89;0;80;0;
23801;6232989;1016602624;24260608;1118597120;0;0;0;0;0;0;0;0;0;0;0;3347;0;0;89;0;80;0;
23802;3650155;1016602624;24260608;1118597120;0;0;0;0;0;0;0;0;0;0;0;3808;0;0;89;0;80;0;
23803;5870990;1016602624;24260608;1118597120;0;0;0;0;0;0;0;0;0;0;0;3477;0;0;89;0;80;0;
23804;4553259;1016602624;24260608;1118597120;0;0;0;0;0;0;0;0;0;0;0;3557;0;0;89;0;80;0;
23805;5506126;1016602624;24260608;1118597120;0;0;0;0;0;0;0;0;0;0;0;3507;0;0;89;0;80;0;
23806;3844369;1016602624;24260608;1118597120;0;0;0;0;0;0;0;0;0;0;0;3416;0;0;89;0;80;0;
23807;6754968;1016602624;24260608;1118597120;0;0;0;0;0;0;0;0;0;0;0;3797;0;0;89;0;80;0;
23808;4652565;1016602624;24260608;1118597120;0;0;0;0;0;0;0;0;0;0;0;3226;0;0;89;0;80;0;
23809;7018582;1016602624;24260608;1118597120;0;0;0;0;0;0;0;0;0;0;0;3937;0;0;89;0;80;0;
23810;3808131;1016602624;24260608;1118597120;0;0;0;0;0;0;0;0;0;0;0;3466;0;0;89;0;80;0;
23811;5644866;1016602624;24260608;1118597120;0;0;0;0;0;0;0;0;0;0;0;2755;0;0;89;0;80;0;
23812;3734253;1016602624;24260608;1118597120;0;0;0;0;0;0;0;0;0;0;0;3387;0;0;89;0;80;0;
23813;6399671;1016602624;24260608;1118597120;0;0;0;0;0;0;0;0;0;0;0;3787;0;0;89;0;80;0;
23814;4262283;1016602624;24260608;1118597120;0;0;0;0;0;0;0;0;0;0;0;3346;0;0;89;0;80;0;
23815;4766790;1016602624;24260608;1118597120;0;0;0;0;0;0;0;0;0;0;0;3977;0;0;89;0;80;0;
23816;4059393;1016602624;24260608;1118597120;0;0;0;0;0;0;0;0;0;0;0;2815;0;0;89;0;80;0;
23817;5496177;1016602624;24260608;1118597120;0;0;0;0;0;0;0;0;0;0;0;2415;0;0;89;0;80;0;
23818;5689550;1016602624;24260608;1118597120;0;0;0;0;0;0;0;0;0;0;0;3266;0;0;89;0;80;0;
23819;5587469;1016602624;24260608;1118597120;0;0;0;0;0;0;0;0;0;0;0;2866;0;0;89;0;80;0;
23820;5806620;1016602624;24260608;1118597120;0;0;0;0;0;0;0;0;0;0;0;3597;0;0;89;0;80;0;
23821;5844240;1016602624;24260608;1118597120;0;0;0;0;0;0;0;0;0;0;0;2745;0;0;89;0;80;0;
23822;3664112;1016602624;24260608;1118597120;0;0;0;0;0;0;0;0;0;0;0;3507;0;0;89;0;80;0;
23823;6035529;1016602624;24260608;1118597120;0;0;0;0;0;0;0;0;0;0;0;2544;0;0;89;0;80;0;
23824;3293266;1016602624;24260608;1118597120;0;0;0;0;0;0;0;0;0;0;0;3256;0;0;89;0;80;0;
23825;5562131;1016602624;24260608;1118597120;0;0;0;0;0;0;0;0;0;0;0;2835;0;0;89;0;80;0;
23826;4822805;1016602624;24260608;1118597120;0;0;0;0;0;0;0;0;0;0;0;3917;0;0;89;0;80;0;
23827;7256408;1016602624;24260608;1118597120;0;0;0;0;0;0;0;0;0;0;0;3777;0;0;89;0;80;0;
23828;4488488;1016602624;24260608;1118597120;0;0;0;0;0;0;0;0;0;0;0;3216;0;0;89;0;80;0;
23829;7806170;1016602624;24260608;1118597120;0;0;0;0;0;0;0;0;0;0;0;3687;0;0;89;0;80;0;
23830;6105711;1016602624;24260608;1118597120;0;0;0;0;0;0;0;0;0;0;0;3948;0;0;89;0;80;0;
23831;6128623;1016602624;24260608;1118597120;0;0;0;0;0;0;0;0;0;0;0;4088;0;0;89;0;80;0;
23832;4604185;1016602624;24260608;1118597120;0;0;0;0;0;0;0;0;0;0;0;3146;0;0;89;0;80;0;
23833;5794998;1016602624;24260608;1118597120;0;0;0;0;0;0;0;0;0;0;0;3656;0;0;89;0;80;0;
23834;5168523;1016602624;24260608;1118597120;0;0;0;0;0;0;0;0;0;0;0;4438;0;0;89;0;80;0;
23835;5903491;1016602624;24260608;1118597120;0;0;0;0;0;0;0;0;0;0;0;3787;0;0;89;0;80;0;
23836;4096242;1016602624;24260608;1118597120;0;0;0;0;0;0;0;0;0;0;0;3256;0;0;89;0;80;0;
23837;5726390;1016602624;24260608;1118597120;0;0;0;0;0;0;0;0;0;0;0;2335;0;0;89;0;80;0;
23838;3079004;1016602624;24260608;1118597120;0;0;0;0;0;0;0;0;0;0;0;3116;0;0;89;0;80;0;
23839;5442567;1016602624;24260608;1118597120;0;0;0;0;0;0;0;0;0;0;0;3787;0;0;89;0;80;0;
23840;4102143;1016602624;24260608;1118597120;0;0;0;0;0;0;0;0;0;0;0;3998;0;0;89;0;80;0;
23841;5807281;1016602624;24260608;1118597120;0;0;0;0;0;0;0;0;0;0;0;3386;0;0;89;0;80;0;
23842;4487746;1016602624;24260608;1118597120;0;0;0;0;0;0;0;0;0;0;0;3286;0;0;89;0;80;0;
23843;6509758;1016602624;24260608;1118597120;0;0;0;0;0;0;0;0;0;0;0;3777;0;0;89;0;80;0;
23844;3869327;1016602624;24260608;1118597120;0;0;0;0;0;0;0;0;0;0;0;3326;0;0;89;0;80;0;
23845;5134088;1016602624;24260608;1118597120;0;0;0;0;0;0;0;0;0;0;0;3036;0;0;89;0;80;0;
23846;4032031;1016602624;24260608;1118597120;0;0;0;0;0;0;0;0;0;0;0;3106;0;0;89;0;80;0;
23847;4966554;1016602624;24260608;1118597120;0;0;0;0;0;0;0;0;0;0;0;2545;0;0;89;0;80;0;
23848;3903831;1016602624;24260608;1118597120;0;0;0;0;0;0;0;0;0;0;0;2976;0;0;89;0;80;0;
23849;5584603;1016602624;24260608;1118597120;0;0;0;0;0;0;0;0;0;0;0;2454;0;0;89;0;80;0;
23850;3231691;1016602624;24260608;1118597120;0;0;0;0;0;0;0;0;0;0;0;3647;0;0;89;0;80;0;
23851;5322031;1016602624;24260608;1118597120;0;0;0;0;0;0;0;0;0;0;0;2765;0;0;89;0;80;0;
23852;2939763;1016602624;24260608;1118597120;0;0;0;0;0;0;0;0;0;0;0;3186;0;0;89;0;80;0;
23853;6540356;1016602624;24260608;1118597120;0;0;0;0;0;0;0;0;0;0;0;4148;0;0;89;0;80;0;
23854;3863565;1016602624;24260608;1118597120;0;0;0;0;0;0;0;0;0;0;0;3597;0;0;89;0;80;0;
23855;6272343;1016602624;24260608;1118597120;0;0;0;0;0;0;0;0;0;0;0;3767;0;0;89;0;80;0;
23856;3925111;1016602624;24260608;1118597120;0;0;0;0;0;0;0;0;0;0;0;3276;0;0;89;0;80;0;
23857;6040979;1016602624;24260608;1118597120;0;0;0;0;0;0;0;0;0;0;0;3656;0;0;89;0;80;0;
23858;3417589;1016602624;24260608;1118597120;0;0;0;0;0;0;0;0;0;0;0;3526;0;0;89;0;80;0;
23859;5458888;1016602624;24260608;1118597120;0;0;0;0;0;0;0;0;0;0;0;2475;0;0;89;0;80;0;
23860;4584168;1016602624;24260608;1118597120;0;0;0;0;0;0;0;0;0;0;0;3045;0;0;89;0;80;0;
23861;5732511;1016602624;24260608;1118597120;0;0;0;0;0;0;0;0;0;0;0;3757;0;0;89;0;80;0;
23862;3318394;1016602624;24260608;1118597120;0;0;0;0;0;0;0;0;0;0;0;3326;0;0;89;0;80;0;
23863;5954376;1016602624;24260608;1118597120;0;0;0;0;0;0;0;0;0;0;0;2595;0;0;89;0;80;0;
23864;2786476;1016602624;24260608;1118597120;0;0;0;0;0;0;0;0;0;0;0;2574;0;0;89;0;80;0;
23865;5000157;1016602624;24260608;1118597120;0;0;0;0;0;0;0;0;0;0;0;2464;0;0;89;0;80;0;
23866;3574624;1016602624;24260608;1118597120;0;0;0;0;0;0;0;0;0;0;0;2104;0;0;89;0;80;0;
23867;4258757;1016602624;24260608;1118597120;0;0;0;0;0;0;0;0;0;0;0;2484;0;0;89;0;80;0;
23868;1506285;1016602624;24260608;1118597120;0;0;0;0;0;0;0;0;0;0;0;2194;0;0;89;0;80;0;
23869;6443163;1016602624;24260608;1118597120;0;0;0;0;0;0;0;0;0;0;0;2024;0;0;89;0;80;0;
23870;2221306;1016602624;24260608;1118597120;0;0;0;0;0;0;0;0;0;0;0;2515;0;0;89;0;80;0;
23871;4763404;1016602624;24260608;1118597120;0;0;0;0;0;0;0;0;0;0;0;2184;0;0;89;0;80;0;
23872;2979548;1016602624;24260608;1118597120;0;0;0;0;0;0;0;0;0;0;0;2454;0;0;89;0;80;0;
23873;4613382;1016602624;24260608;1118597120;0;0;0;0;0;0;0;0;0;0;0;1864;0;0;89;0;80;0;
23874;3941252;1016602624;24260608;1118597120;0;0;0;0;0;0;0;0;0;0;0;2565;0;0;89;0;80;0;
23875;5383677;1016602624;24260608;1118597120;0;0;0;0;0;0;0;0;0;0;0;2595;0;0;89;0;80;0;
23876;2622067;1016602624;24260608;1118597120;0;0;0;0;0;0;0;0;0;0;0;2935;0;0;89;0;80;0;
23877;5377886;1016602624;24260608;1118597120;0;0;0;0;0;0;0;0;0;0;0;2144;0;0;89;0;80;0;
23878;2560592;1016602624;24260608;1118597120;0;0;0;0;0;0;0;0;0;0;0;2355;0;0;89;0;80;0;
23879;5480448;1022406656;31825920;1126162432;0;0;0;0;0;0;0;0;0;0;0;2304;0;0;89;0;80;0;
23880;2961865;1022406656;31825920;1126162432;0;0;0;0;0;0;0;0;0;0;0;2925;0;0;89;0;80;0;
23881;4409610;1022406656;31825920;1126162432;0;0;0;0;0;0;0;0;0;0;0;1894;0;0;89;0;80;0;
23882;2890401;1022406656;31825920;1126162432;0;0;0;0;0;0;0;0;0;0;0;2816;0;0;89;0;80;0;
23883;4882908;1022406656;31825920;1126162432;0;0;0;0;0;0;0;0;0;0;0;2325;0;0;89;0;80;0;
23884;3606713;1022406656;31825920;1126162432;0;0;0;0;0;0;0;0;0;0;0;2394;0;0;89;0;80;0;
23885;5952623;1022406656;31825920;1126162432;0;0;0;0;0;0;0;0;0;0;0;1984;0;0;89;0;80;0;
23886;2728297;1022406656;31825920;1126162432;0;0;0;0;0;0;0;0;0;0;0;2906;0;0;89;0;80;0;
23887;5591867;1022406656;31825920;1126162432;0;0;0;0;0;0;0;0;0;0;0;2424;0;0;89;0;80;0;
23888;3083723;1016602624;24260608;1118597120;0;0;0;0;0;0;0;0;0;0;0;2885;0;0;89;0;80;0;
23889;4865445;1016602624;24260608;1118597120;0;0;0;0;0;0;0;0;0;0;0;2184;0;0;89;0;80;0;
23890;3847936;1016602624;24260608;1118597120;0;0;0;0;0;0;0;0;0;0;0;2685;0;0;89;0;80;0;
23891;4948090;1016602624;24260608;1118597120;0;0;0;0;0;0;0;0;0;0;0;2334;0;0;89;0;80;0;
23892;3546411;1016602624;24260608;1118597120;0;0;0;0;0;0;0;0;0;0;0;2685;0;0;89;0;80;0;
23893;4932851;1016602624;24260608;1118597120;0;0;0;0;0;0;0;0;0;0;0;1933;0;0;89;0;80;0;
23894;2629271;1016602624;24260608;1118597120;0;0;0;0;0;0;0;0;0;0;0;2746;0;0;89;0;80;0;
23895;4723368;1016602624;24260608;1118597120;0;0;0;0;0;0;0;0;0;0;0;1933;0;0;89;0;80;0;
23896;3038599;1016602624;24260608;1118597120;0;0;0;0;0;0;0;0;0;0;0;2695;0;0;89;0;80;0;
23897;4345199;1016602624;24260608;1118597120;0;0;0;0;0;0;0;0;0;0;0;2084;0;0;89;0;80;0;
23898;2072567;1016602624;24260608;1118597120;0;0;0;0;0;0;0;0;0;0;0;2585;0;0;89;0;80;0;
23899;4598545;1016602624;24260608;1118597120;0;0;0;0;0;0;0;0;0;0;0;2134;0;0;89;0;80;0;
23900;3714787;1016602624;24260608;1118597120;0;0;0;0;0;0;0;0;0;0;0;2775;0;0;89;0;80;0;
23901;4798118;1016602624;24260608;1118597120;0;0;0;0;0;0;0;0;0;0;0;1663;0;0;89;0;80;0;
23902;2390794;1016602624;24260608;1118597120;0;0;0;0;0;0;0;0;0;0;0;2074;0;0;89;0;80;0;
23903;4286369;1016602624;24260608;1118597120;0;0;0;0;0;0;0;0;0;0;0;1723;0;0;89;0;80;0;
23904;2003266;1016602624;24260608;1118597120;0;0;0;0;0;0;0;0;0;0;0;2094;0;0;89;0;80;0;
23905;5252650;1016602624;24260608;1118597120;0;0;0;0;0;0;0;0;0;0;0;1583;0;0;89;0;80;0;
23906;3361154;1016602624;24260608;1118597120;0;0;0;0;0;0;0;0;0;0;0;2926;0;0;89;0;80;0;
23907;4906201;1016602624;24260608;1118597120;0;0;0;0;0;0;0;0;0;0;0;2595;0;0;89;0;80;0;
23908;2982474;1016602624;24260608;1118597120;0;0;0;0;0;0;0;0;0;0;0;2404;0;0;89;0;80;0;
23909;5815065;1016602624;24260608;1118597120;0;0;0;0;0;0;0;0;0;0;0;2414;0;0;89;0;80;0;
23910;3619859;1016602624;24260608;1118597120;0;0;0;0;0;0;0;0;0;0;0;2685;0;0;89;0;80;0;
23911;4680918;1016602624;24260608;1118597120;0;0;0;0;0;0;0;0;0;0;0;2174;0;0;89;0;80;0;
23912;2881564;1016602624;24260608;1118597120;0;0;0;0;0;0;0;0;0;0;0;2996;0;0;89;0;80;0;
23913;5494154;1016602624;24260608;1118597120;0;0;0;0;0;0;0;0;0;0;0;2785;0;0;89;0;80;0;
23914;3360362;1016602624;24260608;1118597120;0;0;0;0;0;0;0;0;0;0;0;2856;0;0;89;0;80;0;
23915;4667463;1016602624;24260608;1118597120;0;0;0;0;0;0;0;0;0;0;0;2345;0;0;89;0;80;0;
23916;2946496;1016602624;24260608;1118597120;0;0;0;0;0;0;0;0;0;0;0;2505;0;0;89;0;80;0;
23917;6090613;1016602624;24260608;1118597120;0;0;0;0;0;0;0;0;0;0;0;2345;0;0;89;0;80;0;
23918;3063806;1016602624;24260608;1118597120;0;0;0;0;0;0;0;0;0;0;0;2595;0;0;89;0;80;0;
23919;4975291;1016602624;24260608;1118597120;0;0;0;0;0;0;0;0;0;0;0;2334;0;0;89;0;80;0;
23920;3008302;1016602624;24260608;1118597120;0;0;0;0;0;0;0;0;0;0;0;2565;0;0;89;0;80;0;
23921;4877016;1016602624;24260608;1118597120;0;0;0;0;0;0;0;0;0;0;0;1683;0;0;89;0;80;0;
23922;2674686;1016602624;24260608;1118597120;0;0;0;0;0;0;0;0;0;0;0;2635;0;0;89;0;80;0;
23923;4827703;1016602624;24260608;1118597120;0;0;0;0;0;0;0;0;0;0;0;2434;0;0;89;0;80;0;
23924;2935425;1016602624;24260608;1118597120;0;0;0;0;0;0;0;0;0;0;0;2275;0;0;89;0;80;0;
23925;7764742;1016602624;24260608;1118597120;0;0;0;0;0;0;0;0;0;0;0;2464;0;0;89;0;80;0;
23926;11025617;1016602624;24260608;1118597120;0;0;0;0;0;0;0;0;0;0;0;4669;0;0;89;0;80;0;
23927;7564607;1016602624;24260608;1118597120;0;0;0;0;0;0;0;0;0;0;0;3797;0;0;89;0;80;0;
23928;3306370;1016602624;24260608;1118597120;0;0;0;0;0;0;0;0;0;0;0;3446;0;0;89;0;80;0;
23929;5483133;1016602624;24260608;1118597120;0;0;0;0;0;0;0;0;0;0;0;2815;0;0;89;0;80;0;
23930;4040778;1016602624;24260608;1118597120;0;0;0;0;0;0;0;0;0;0;0;2485;0;0;89;0;80;0;
23931;4545374;1016602624;24260608;1118597120;0;0;0;0;0;0;0;0;0;0;0;2124;0;0;89;0;80;0;
23932;2839905;1016602624;24260608;1118597120;0;0;0;0;0;0;0;0;0;0;0;2685;0;0;89;0;80;0;
23933;5246789;1016602624;24260608;1118597120;0;0;0;0;0;0;0;0;0;0;0;1994;0;0;89;0;80;0;
23934;3325537;1016602624;24260608;1118597120;0;0;0;0;0;0;0;0;0;0;0;2835;0;0;89;0;80;0;
23935;4472538;1016602624;24260608;1118597120;0;0;0;0;0;0;0;0;0;0;0;2274;0;0;89;0;80;0;
23936;3435974;1016602624;24260608;1118597120;0;0;0;0;0;0;0;0;0;0;0;2154;0;0;89;0;80;0;
23937;4671440;1016602624;24260608;1118597120;0;0;0;0;0;0;0;0;0;0;0;2134;0;0;89;0;80;0;
23938;5741698;1016602624;24260608;1118597120;0;0;0;0;0;0;0;0;0;0;0;109716;0;0;89;0;80;0;
23939;6089129;1016602624;24260608;1118597120;0;0;0;0;0;0;0;0;0;0;0;4609;0;0;89;0;80;0;
23940;4463581;1016602624;24260608;1118597120;0;0;0;0;0;0;0;0;0;0;0;4638;0;0;89;0;80;0;
23941;7227574;1016602624;24260608;1118597120;0;0;0;0;0;0;0;0;0;0;0;3457;0;0;89;0;80;0;
23942;3743730;1016602624;24260608;1118597120;0;0;0;0;0;0;0;0;0;0;0;3908;0;0;89;0;80;0;
23943;5558144;1016602624;24260608;1118597120;0;0;0;0;0;0;0;0;0;0;0;3116;0;0;89;0;80;0;
23944;4463430;1016602624;24260608;1118597120;0;0;0;0;0;0;0;0;0;0;0;3536;0;0;89;0;80;0;
23945;6056819;1016602624;24260608;1118597120;0;0;0;0;0;0;0;0;0;0;0;2855;0;0;89;0;80;0;
23946;3986005;1016602624;24260608;1118597120;0;0;0;0;0;0;0;0;0;0;0;3627;0;0;89;0;80;0;
23947;5696323;1016602624;24260608;1118597120;0;0;0;0;0;0;0;0;0;0;0;3717;0;0;89;0;80;0;
23948;5334724;1016602624;24260608;1118597120;0;0;0;0;0;0;0;0;0;0;0;3377;0;0;89;0;80;0;
23949;4932420;1016602624;24260608;1118597120;0;0;0;0;0;0;0;0;0;0;0;2655;0;0;89;0;80;0;
23950;3946792;1016602624;24260608;1118597120;0;0;0;0;0;0;0;0;0;0;0;2925;0;0;89;0;80;0;
23951;6109247;1016602624;24260608;1118597120;0;0;0;0;0;0;0;0;0;0;0;3497;0;0;89;0;80;0;
23952;4204996;1016602624;24260608;1118597120;0;0;0;0;0;0;0;0;0;0;0;3837;0;0;89;0;80;0;
23953;5491679;1016602624;24260608;1118597120;0;0;0;0;0;0;0;0;0;0;0;3527;0;0;89;0;80;0;
23954;3709376;1016602624;24260608;1118597120;0;0;0;0;0;0;0;0;0;0;0;3607;0;0;89;0;80;0;
23955;5409735;1016602624;24260608;1118597120;0;0;0;0;0;0;0;0;0;0;0;2785;0;0;89;0;80;0;
23956;3525552;1016602624;24260608;1118597120;0;0;0;0;0;0;0;0;0;0;0;3306;0;0;89;0;80;0;
23957;5303356;1016602624;24260608;1118597120;0;0;0;0;0;0;0;0;0;0;0;3296;0;0;89;0;80;0;
23958;4050667;1016602624;24260608;1118597120;0;0;0;0;0;0;0;0;0;0;0;3457;0;0;89;0;80;0;
23959;6145575;1016602624;24260608;1118597120;0;0;0;0;0;0;0;0;0;0;0;3897;0;0;89;0;80;0;
23960;5218657;1016602624;24260608;1118597120;0;0;0;0;0;0;0;0;0;0;0;6382;0;0;89;0;80;0;
23961;6490663;1016602624;24260608;1118597120;0;0;0;0;0;0;0;0;0;0;0;3646;0;0;89;0;80;0;
23962;4236916;1016602624;24260608;1118597120;0;0;0;0;0;0;0;0;0;0;0;4579;0;0;89;0;80;0;
23963;5195363;1016602624;24260608;1118597120;0;0;0;0;0;0;0;0;0;0;0;3747;0;0;89;0;80;0;
23964;5320508;1016602624;24260608;1118597120;0;0;0;0;0;0;0;0;0;0;0;3065;0;0;89;0;80;0;
23965;4587393;1016602624;24260608;1118597120;0;0;0;0;0;0;0;0;0;0;0;2414;0;0;89;0;80;0;
23966;1795818;1016602624;24260608;1118597120;0;0;0;0;0;0;0;0;0;0;0;2454;0;0;89;0;80;0;
23967;5091007;1016602624;24260608;1118597120;0;0;0;0;0;0;0;0;0;0;0;2134;0;0;89;0;80;0;
23968;3186657;1016602624;24260608;1118597120;0;0;0;0;0;0;0;0;0;0;0;2696;0;0;89;0;80;0;
23969;4694404;1016602624;24260608;1118597120;0;0;0;0;0;0;0;0;0;0;0;2845;0;0;89;0;80;0;
23970;4398178;1016602624;24260608;1118597120;0;0;0;0;0;0;0;0;0;0;0;4028;0;0;89;0;80;0;
23971;5764441;1016602624;24260608;1118597120;0;0;0;0;0;0;0;0;0;0;0;3677;0;0;89;0;80;0;
23972;2845927;1016602624;24260608;1118597120;0;0;0;0;0;0;0;0;0;0;0;2645;0;0;89;0;80;0;
23973;5509312;1022406656;31825920;1126162432;0;0;0;0;0;0;0;0;0;0;0;2314;0;0;89;0;80;0;
23974;3529169;1022406656;31825920;1126162432;0;0;0;0;0;0;0;0;0;0;0;3486;0;0;89;0;80;0;
23975;5180024;1022406656;31825920;1126162432;0;0;0;0;0;0;0;0;0;0;0;2645;0;0;89;0;80;0;
23976;2991200;1022406656;31825920;1126162432;0;0;0;0;0;0;0;0;0;0;0;2064;0;0;89;0;80;0;
23977;5360824;1022406656;31825920;1126162432;0;0;0;0;0;0;0;0;0;0;0;2415;0;0;89;0;80;0;
23978;3269211;1022406656;31825920;1126162432;0;0;0;0;0;0;0;0;0;0;0;2926;0;0;89;0;80;0;
23979;4570311;1022406656;31825920;1126162432;0;0;0;0;0;0;0;0;0;0;0;2144;0;0;89;0;80;0;
23980;4802266;1022406656;31825920;1126162432;0;0;0;0;0;0;0;0;0;0;0;3878;0;0;89;0;80;0;
23981;4905300;1022406656;31825920;1126162432;0;0;0;0;0;0;0;0;0;0;0;2695;0;0;89;0;80;0;
23982;5083233;1016602624;24260608;1118597120;0;0;0;0;0;0;0;0;0;0;0;12153;0;0;89;0;80;0;
23983;6762883;1016602624;24260608;1118597120;0;0;0;0;0;0;0;0;0;0;0;4178;0;0;89;0;80;0;
23984;3870990;1016602624;24260608;1118597120;0;0;0;0;0;0;0;0;0;0;0;3557;0;0;89;0;80;0;
23985;5594252;1016602624;24260608;1118597120;0;0;0;0;0;0;0;0;0;0;0;3086;0;0;89;0;80;0;
23986;5771334;1016602624;24260608;1118597120;0;0;0;0;0;0;0;0;0;0;0;3397;0;0;89;0;80;0;
23987;6074943;1016602624;24260608;1118597120;0;0;0;0;0;0;0;0;0;0;0;2415;0;0;89;0;80;0;
23988;3213947;1016602624;24260608;1118597120;0;0;0;0;0;0;0;0;0;0;0;3116;0;0;89;0;80;0;
23989;5140981;1016602624;24260608;1118597120;0;0;0;0;0;0;0;0;0;0;0;2926;0;0;89;0;80;0;
23990;3313584;1016602624;24260608;1118597120;0;0;0;0;0;0;0;0;0;0;0;3226;0;0;89;0;80;0;
23991;5556200;1016602624;24260608;1118597120;0;0;0;0;0;0;0;0;0;0;0;2735;0;0;89;0;80;0;
23992;4396706;1016602624;24260608;1118597120;0;0;0;0;0;0;0;0;0;0;0;3878;0;0;89;0;80;0;
23993;6662344;1016602624;24260608;1118597120;0;0;0;0;0;0;0;0;0;0;0;3126;0;0;89;0;80;0;
23994;5673570;1016602624;24260608;1118597120;0;0;0;0;0;0;0;0;0;0;0;3897;0;0;89;0;80;0;
23995;5881340;1016602624;24260608;1118597120;0;0;0;0;0;0;0;0;0;0;0;3567;0;0;89;0;80;0;
23996;5477592;1016602624;24260608;1118597120;0;0;0;0;0;0;0;0;0;0;0;3296;0;0;89;0;80;0;
23997;5624779;1016602624;24260608;1118597120;0;0;0;0;0;0;0;0;0;0;0;2595;0;0;89;0;80;0;
23998;5042887;1016602624;24260608;1118597120;0;0;0;0;0;0;0;0;0;0;0;3747;0;0;89;0;80;0;
23999;5846916;1016602624;24260608;1118597120;0;0;0;0;0;0;0;0;0;0;0;3306;0;0;89;0;80;0;
24000;4182975;1016602624;24260608;1118597120;0;0;0;0;0;0;0;0;0;0;0;4027;0;0;89;0;80;0;
24001;5295571;1016602624;24260608;1118597120;0;0;0;0;0;0;0;0;0;0;0;2745;0;0;89;0;80;0;
24002;4645022;1016602624;24260608;1118597120;0;0;0;0;0;0;0;0;0;0;0;2875;0;0;89;0;80;0;
24003;4601750;1016602624;24260608;1118597120;0;0;0;0;0;0;0;0;0;0;0;2775;0;0;89;0;80;0;
24004;3822869;1016602624;24260608;1118597120;0;0;0;0;0;0;0;0;0;0;0;3076;0;0;89;0;80;0;
24005;4503706;1016602624;24260608;1118597120;0;0;0;0;0;0;0;0;0;0;0;2335;0;0;89;0;80;0;
24006;3135320;1016602624;24260608;1118597120;0;0;0;0;0;0;0;0;0;0;0;2795;0;0;89;0;80;0;
24007;5361425;1016602624;24260608;1118597120;0;0;0;0;0;0;0;0;0;0;0;2444;0;0;89;0;80;0;
24008;4251484;1016602624;24260608;1118597120;0;0;0;0;0;0;0;0;0;0;0;3036;0;0;89;0;80;0;
24009;5274422;1016602624;24260608;1118597120;0;0;0;0;0;0;0;0;0;0;0;2645;0;0;89;0;80;0;
24010;4481604;1016602624;24260608;1118597120;0;0;0;0;0;0;0;0;0;0;0;10530;0;0;89;0;80;0;
24011;5600783;1016602624;24260608;1118597120;0;0;0;0;0;0;0;0;0;0;0;2975;0;0;89;0;80;0;
24012;3822528;1016602624;24260608;1118597120;0;0;0;0;0;0;0;0;0;0;0;3085;0;0;89;0;80;0;
24013;5312172;1016602624;24260608;1118597120;0;0;0;0;0;0;0;0;0;0;0;2535;0;0;89;0;80;0;
24014;3857624;1016602624;24260608;1118597120;0;0;0;0;0;0;0;0;0;0;0;3256;0;0;89;0;80;0;
24015;5288899;1016602624;24260608;1118597120;0;0;0;0;0;0;0;0;0;0;0;3347;0;0;89;0;80;0;
24016;4882476;1016602624;24260608;1118597120;0;0;0;0;0;0;0;0;0;0;0;3577;0;0;89;0;80;0;
24017;5535492;1016602624;24260608;1118597120;0;0;0;0;0;0;0;0;0;0;0;3427;0;0;89;0;80;0;
24018;4506552;1016602624;24260608;1118597120;0;0;0;0;0;0;0;0;0;0;0;3527;0;0;89;0;80;0;
24019;5456734;1016602624;24260608;1118597120;0;0;0;0;0;0;0;0;0;0;0;3286;0;0;89;0;80;0;
24020;3795698;1016602624;24260608;1118597120;0;0;0;0;0;0;0;0;0;0;0;3146;0;0;89;0;80;0;
24021;5698366;1016602624;24260608;1118597120;0;0;0;0;0;0;0;0;0;0;0;3236;0;0;89;0;80;0;
24022;3737720;1016602624;24260608;1118597120;0;0;0;0;0;0;0;0;0;0;0;2936;0;0;89;0;80;0;
24023;6440649;1016602624;24260608;1118597120;0;0;0;0;0;0;0;0;0;0;0;2414;0;0;89;0;80;0;
24024;4094599;1016602624;24260608;1118597120;0;0;0;0;0;0;0;0;0;0;0;3116;0;0;89;0;80;0;
24025;6056318;1016602624;24260608;1118597120;0;0;0;0;0;0;0;0;0;0;0;2565;0;0;89;0;80;0;
24026;3663921;1016602624;24260608;1118597120;0;0;0;0;0;0;0;0;0;0;0;3577;0;0;89;0;80;0;
24027;5329525;1016602624;24260608;1118597120;0;0;0;0;0;0;0;0;0;0;0;2554;0;0;89;0;80;0;
24028;4925066;1016602624;24260608;1118597120;0;0;0;0;0;0;0;0;0;0;0;3557;0;0;89;0;80;0;
24029;5855721;1016602624;24260608;1118597120;0;0;0;0;0;0;0;0;0;0;0;3306;0;0;89;0;80;0;
24030;5108430;1016602624;24260608;1118597120;0;0;0;0;0;0;0;0;0;0;0;3867;0;0;89;0;80;0;
24031;6241565;1016602624;24260608;1118597120;0;0;0;0;0;0;0;0;0;0;0;3517;0;0;89;0;80;0;
24032;4977204;1016602624;24260608;1118597120;0;0;0;0;0;0;0;0;0;0;0;76513;0;0;89;0;80;0;
24033;6340961;1016602624;24260608;1118597120;0;0;0;0;0;0;0;0;0;0;0;3186;0;0;89;0;80;0;
24034;6566074;1016602624;24260608;1118597120;0;0;0;0;0;0;0;0;0;0;0;3838;0;0;89;0;80;0;
24035;6100100;1016602624;24260608;1118597120;0;0;0;0;0;0;0;0;0;0;0;3767;0;0;89;0;80;0;
24036;6698452;1016602624;24260608;1118597120;0;0;0;0;0;0;0;0;0;0;0;4859;0;0;89;0;80;0;
24037;6354768;1016602624;24260608;1118597120;0;0;0;0;0;0;0;0;0;0;0;3617;0;0;89;0;80;0;
24038;3776873;1016602624;24260608;1118597120;0;0;0;0;0;0;0;0;0;0;0;2475;0;0;89;0;80;0;
24039;6150976;1016602624;24260608;1118597120;0;0;0;0;0;0;0;0;0;0;0;72125;0;0;89;0;80;0;
24040;4151526;1016602624;24260608;1118597120;0;0;0;0;0;0;0;0;0;0;0;2966;0;0;89;0;80;0;
24041;4852571;1016602624;24260608;1118597120;0;0;0;0;0;0;0;0;0;0;0;2484;0;0;89;0;80;0;
24042;5054630;1016602624;24260608;1118597120;0;0;0;0;0;0;0;0;0;0;0;3045;0;0;89;0;80;0;
24043;5605883;1016602624;24260608;1118597120;0;0;0;0;0;0;0;0;0;0;0;2625;0;0;89;0;80;0;
24044;3544117;1016602624;24260608;1118597120;0;0;0;0;0;0;0;0;0;0;0;2905;0;0;89;0;80;0;
24045;5298947;1016602624;24260608;1118597120;0;0;0;0;0;0;0;0;0;0;0;3005;0;0;89;0;80;0;
24046;3238894;1016602624;24260608;1118597120;0;0;0;0;0;0;0;0;0;0;0;3246;0;0;89;0;80;0;
24047;5352909;1016602624;24260608;1118597120;0;0;0;0;0;0;0;0;0;0;0;2875;0;0;89;0;80;0;
24048;3854729;1016602624;24260608;1118597120;0;0;0;0;0;0;0;0;0;0;0;4498;0;0;89;0;80;0;
24049;5625039;1016602624;24260608;1118597120;0;0;0;0;0;0;0;0;0;0;0;2514;0;0;89;0;80;0;
24050;3236560;1016602624;24260608;1118597120;0;0;0;0;0;0;0;0;0;0;0;3046;0;0;89;0;80;0;
24051;4768322;1016602624;24260608;1118597120;0;0;0;0;0;0;0;0;0;0;0;2404;0;0;89;0;80;0;
24052;3821798;1016602624;24260608;1118597120;0;0;0;0;0;0;0;0;0;0;0;3136;0;0;89;0;80;0;
24053;5083353;1016602624;24260608;1118597120;0;0;0;0;0;0;0;0;0;0;0;3015;0;0;89;0;80;0;
24054;4052109;1016602624;24260608;1118597120;0;0;0;0;0;0;0;0;0;0;0;2715;0;0;89;0;80;0;
24055;5018532;1016602624;24260608;1118597120;0;0;0;0;0;0;0;0;0;0;0;2555;0;0;89;0;80;0;
24056;3050000;1016602624;24260608;1118597120;0;0;0;0;0;0;0;0;0;0;0;3397;0;0;89;0;80;0;
24057;4696097;1016602624;24260608;1118597120;0;0;0;0;0;0;0;0;0;0;0;2605;0;0;89;0;80;0;
24058;3819713;1016602624;24260608;1118597120;0;0;0;0;0;0;0;0;0;0;0;3176;0;0;89;0;80;0;
24059;4730181;1016602624;24260608;1118597120;0;0;0;0;0;0;0;0;0;0;0;2314;0;0;89;0;80;0;
24060;2748855;1016602624;24260608;1118597120;0;0;0;0;0;0;0;0;0;0;0;2926;0;0;89;0;80;0;
24061;5735527;1016602624;24260608;1118597120;0;0;0;0;0;0;0;0;0;0;0;2264;0;0;89;0;80;0;
24062;3562361;1016602624;24260608;1118597120;0;0;0;0;0;0;0;0;0;0;0;2955;0;0;89;0;80;0;
24063;5880028;1016602624;24260608;1118597120;0;0;0;0;0;0;0;0;0;0;0;2524;0;0;89;0;80;0;
24064;4778892;1016602624;24260608;1118597120;0;0;0;0;0;0;0;0;0;0;0;3677;0;0;89;0;80;0;
24065;5632132;1016602624;24260608;1118597120;0;0;0;0;0;0;0;0;0;0;0;2775;0;0;89;0;80;0;
24066;3258501;1016602624;24260608;1118597120;0;0;0;0;0;0;0;0;0;0;0;3146;0;0;89;0;80;0;
24067;5618627;1016602624;24260608;1118597120;0;0;0;0;0;0;0;0;0;0;0;2916;0;0;89;0;80;0;
24068;3605832;1016602624;24260608;1118597120;0;0;0;0;0;0;0;0;0;0;0;3417;0;0;89;0;80;0;
24069;4961905;1016602624;24260608;1118597120;0;0;0;0;0;0;0;0;0;0;0;2895;0;0;89;0;80;0;
24070;4439907;1016602624;24260608;1118597120;0;0;0;0;0;0;0;0;0;0;0;4338;0;0;89;0;80;0;
24071;5810397;1016602624;24260608;1118597120;0;0;0;0;0;0;0;0;0;0;0;3907;0;0;89;0;80;0;
24072;4361039;1016602624;24260608;1118597120;0;0;0;0;0;0;0;0;0;0;0;3977;0;0;89;0;80;0;
24073;5591517;1016602624;24260608;1118597120;0;0;0;0;0;0;0;0;0;0;0;2715;0;0;89;0;80;0;
24074;4130616;1016602624;24260608;1118597120;0;0;0;0;0;0;0;0;0;0;0;3687;0;0;89;0;80;0;
24075;5844040;1016602624;24260608;1118597120;0;0;0;0;0;0;0;0;0;0;0;3046;0;0;89;0;80;0;
24076;6227659;1016602624;24260608;1118597120;0;0;0;0;0;0;0;0;0;0;0;3877;0;0;89;0;80;0;
24077;5491979;1016602624;24260608;1118597120;0;0;0;0;0;0;0;0;0;0;0;3196;0;0;89;0;80;0;
24078;5523849;1016602624;24260608;1118597120;0;0;0;0;0;0;0;0;0;0;0;3907;0;0;89;0;80;0;
24079;4923304;1016602624;24260608;1118597120;0;0;0;0;0;0;0;0;0;0;0;2875;0;0;89;0;80;0;
24080;4902965;1016602624;24260608;1118597120;0;0;0;0;0;0;0;0;0;0;0;4138;0;0;89;0;80;0;
24081;6273856;1016602624;24260608;1118597120;0;0;0;0;0;0;0;0;0;0;0;2765;0;0;89;0;80;0;
24082;5101578;1016602624;24260608;1118597120;0;0;0;0;0;0;0;0;0;0;0;3948;0;0;89;0;80;0;
24083;5237362;1016602624;24260608;1118597120;0;0;0;0;0;0;0;0;0;0;0;2966;0;0;89;0;80;0;
24084;5372496;1016602624;24260608;1118597120;0;0;0;0;0;0;0;0;0;0;0;4609;0;0;89;0;80;0;
24085;6297831;1016602624;24260608;1118597120;0;0;0;0;0;0;0;0;0;0;0;4208;0;0;89;0;80;0;
24086;3719736;1016602624;24260608;1118597120;0;0;0;0;0;0;0;0;0;0;0;2885;0;0;89;0;80;0;
24087;5171178;1016602624;24260608;1118597120;0;0;0;0;0;0;0;0;0;0;0;2855;0;0;89;0;80;0;
24088;6322196;1016602624;24260608;1118597120;0;0;0;0;0;0;0;0;0;0;0;3075;0;0;89;0;80;0;
24089;5665986;1016602624;24260608;1118597120;0;0;0;0;0;0;0;0;0;0;0;2655;0;0;89;0;80;0;
24090;4204184;1016602624;24260608;1118597120;0;0;0;0;0;0;0;0;0;0;0;3556;0;0;89;0;80;0;
24091;7434613;1022406656;31825920;1126162432;0;0;0;0;0;0;0;0;0;0;0;3106;0;0;89;0;80;0;
24092;2947638;1022406656;31825920;1126162432;0;0;0;0;0;0;0;0;0;0;0;3036;0;0;89;0;80;0;
24093;4875113;1022406656;31825920;1126162432;0;0;0;0;0;0;0;0;0;0;0;2455;0;0;89;0;80;0;
24094;4395233;1022406656;31825920;1126162432;0;0;0;0;0;0;0;0;0;0;0;3156;0;0;89;0;80;0;
24095;4892716;1022406656;31825920;1126162432;0;0;0;0;0;0;0;0;0;0;0;2554;0;0;89;0;80;0;
24096;4860946;1022406656;31825920;1126162432;0;0;0;0;0;0;0;0;0;0;0;4068;0;0;89;0;80;0;
24097;5671457;1022406656;31825920;1126162432;0;0;0;0;0;0;0;0;0;0;0;41498;0;0;89;0;80;0;
24098;4185780;1022406656;31825920;1126162432;0;0;0;0;0;0;0;0;0;0;0;3056;0;0;89;0;80;0;
24099;4928974;1022406656;31825920;1126162432;0;0;0;0;0;0;0;0;0;0;0;2284;0;0;89;0;80;0;
24100;3836915;1016602624;24260608;1118597120;0;0;0;0;0;0;0;0;0;0;0;2935;0;0;89;0;80;0;
24101;5878174;1016602624;24260608;1118597120;0;0;0;0;0;0;0;0;0;0;0;2846;0;0;89;0;80;0;
24102;4466877;1016602624;24260608;1118597120;0;0;0;0;0;0;0;0;0;0;0;3817;0;0;89;0;80;0;
24103;5353179;1016602624;24260608;1118597120;0;0;0;0;0;0;0;0;0;0;0;3286;0;0;89;0;80;0;
24104;4036389;1016602624;24260608;1118597120;0;0;0;0;0;0;0;0;0;0;0;3216;0;0;89;0;80;0;
24105;5817820;1016602624;24260608;1118597120;0;0;0;0;0;0;0;0;0;0;0;2935;0;0;89;0;80;0;
24106;6122923;1016602624;24260608;1118597120;0;0;0;0;0;0;0;0;0;0;0;3357;0;0;89;0;80;0;
24107;6678876;1016602624;24268800;1118605312;0;0;0;0;0;0;0;0;0;0;0;3687;0;0;89;0;80;0;
24108;4463992;1016602624;24268800;1118605312;0;0;0;0;0;0;0;0;0;0;0;3958;0;0;89;0;80;0;
24109;6060836;1016602624;24268800;1118605312;0;0;0;0;0;0;0;0;0;0;0;4879;0;0;89;0;80;0;
24110;5359811;1016602624;24268800;1118605312;0;0;0;0;0;0;0;0;0;0;0;4298;0;0;89;0;80;0;
24111;6344719;1016602624;24268800;1118605312;0;0;0;0;0;0;0;0;0;0;0;4228;0;0;89;0;80;0;
24112;5368718;1016602624;24268800;1118605312;0;0;0;0;0;0;0;0;0;0;0;4208;0;0;89;0;80;0;
24113;7118360;1016602624;24268800;1118605312;0;0;0;0;0;0;0;0;0;0;0;4608;0;0;89;0;80;0;
24114;5853127;1016602624;24260608;1118597120;0;0;0;0;0;0;0;0;0;0;0;4639;0;0;89;0;80;0;
24115;5215831;1016602624;24260608;1118597120;0;0;0;0;0;0;0;0;0;0;0;4158;0;0;89;0;80;0;
24116;6468701;1016602624;24260608;1118597120;0;0;0;0;0;0;0;0;0;0;0;4228;0;0;89;0;80;0;
24117;5831526;1016602624;24260608;1118597120;0;0;0;0;0;0;0;0;0;0;0;2775;0;0;89;0;80;0;
24118;5678519;1016602624;24260608;1118597120;0;0;0;0;0;0;0;0;0;0;0;3446;0;0;89;0;80;0;
24119;6583436;1016602624;24260608;1118597120;0;0;0;0;0;0;0;0;0;0;0;3106;0;0;89;0;80;0;
24120;3854589;1016602624;24260608;1118597120;0;0;0;0;0;0;0;0;0;0;0;3897;0;0;89;0;80;0;
24121;5323042;1016602624;24260608;1118597120;0;0;0;0;0;0;0;0;0;0;0;2836;0;0;89;0;80;0;
24122;4877968;1016602624;24260608;1118597120;0;0;0;0;0;0;0;0;0;0;0;2876;0;0;89;0;80;0;
24123;6062289;1016602624;24260608;1118597120;0;0;0;0;0;0;0;0;0;0;0;2545;0;0;89;0;80;0;
24124;5397793;1016602624;24260608;1118597120;0;0;0;0;0;0;0;0;0;0;0;3777;0;0;89;0;80;0;
24125;10436903;1016602624;24260608;1118597120;0;0;0;0;0;0;0;0;0;0;0;2926;0;0;89;0;80;0;
24126;5328984;1016602624;24260608;1118597120;0;0;0;0;0;0;0;0;0;0;0;3868;0;0;89;0;80;0;
24127;5949988;1016602624;24260608;1118597120;0;0;0;0;0;0;0;0;0;0;0;2836;0;0;89;0;80;0;
24128;4618932;1016602624;24260608;1118597120;0;0;0;0;0;0;0;0;0;0;0;3637;0;0;89;0;80;0;
24129;4793360;1016602624;24260608;1118597120;0;0;0;0;0;0;0;0;0;0;0;2775;0;0;89;0;80;0;
24130;4811804;1016602624;24260608;1118597120;0;0;0;0;0;0;0;0;0;0;0;3587;0;0;89;0;80;0;
24131;5633425;1016602624;24260608;1118597120;0;0;0;0;0;0;0;0;0;0;0;4078;0;0;89;0;80;0;
24132;4851378;1016602624;24260608;1118597120;0;0;0;0;0;0;0;0;0;0;0;3938;0;0;89;0;80;0;
24133;7063317;1016602624;24260608;1118597120;0;0;0;0;0;0;0;0;0;0;0;4008;0;0;89;0;80;0;
24134;4806103;1016602624;24260608;1118597120;0;0;0;0;0;0;0;0;0;0;0;3657;0;0;89;0;80;0;
24135;5868886;1016602624;24260608;1118597120;0;0;0;0;0;0;0;0;0;0;0;3316;0;0;89;0;80;0;
24136;5504332;1016602624;24260608;1118597120;0;0;0;0;0;0;0;0;0;0;0;4679;0;0;89;0;80;0;
24137;6616118;1016602624;24260608;1118597120;0;0;0;0;0;0;0;0;0;0;0;4949;0;0;89;0;80;0;
24138;5963063;1016602624;24260608;1118597120;0;0;0;0;0;0;0;0;0;0;0;3286;0;0;89;0;80;0;
24139;5505665;1016602624;24260608;1118597120;0;0;0;0;0;0;0;0;0;0;0;2645;0;0;89;0;80;0;
24140;4414730;1016602624;24260608;1118597120;0;0;0;0;0;0;0;0;0;0;0;3917;0;0;89;0;80;0;
24141;6312438;1016602624;24260608;1118597120;0;0;0;0;0;0;0;0;0;0;0;2765;0;0;89;0;80;0;
24142;4168728;1016602624;24260608;1118597120;0;0;0;0;0;0;0;0;0;0;0;3497;0;0;89;0;80;0;
24143;5570337;1016602624;24260608;1118597120;0;0;0;0;0;0;0;0;0;0;0;3687;0;0;89;0;80;0;
24144;3795438;1016602624;24260608;1118597120;0;0;0;0;0;0;0;0;0;0;0;3477;0;0;89;0;80;0;
24145;6607262;1016602624;24260608;1118597120;0;0;0;0;0;0;0;0;0;0;0;3727;0;0;89;0;80;0;
24146;3711521;1016602624;24260608;1118597120;0;0;0;0;0;0;0;0;0;0;0;3907;0;0;89;0;80;0;
24147;4658246;1016602624;24260608;1118597120;0;0;0;0;0;0;0;0;0;0;0;2975;0;0;89;0;80;0;
24148;4124665;1016602624;24260608;1118597120;0;0;0;0;0;0;0;0;0;0;0;3176;0;0;89;0;80;0;
24149;5148706;1016602624;24260608;1118597120;0;0;0;0;0;0;0;0;0;0;0;2495;0;0;89;0;80;0;
24150;4279045;1016602624;24260608;1118597120;0;0;0;0;0;0;0;0;0;0;0;3747;0;0;89;0;80;0;
24151;5241590;1016602624;24260608;1118597120;0;0;0;0;0;0;0;0;0;0;0;2995;0;0;89;0;80;0;
24152;3644414;1016602624;24260608;1118597120;0;0;0;0;0;0;0;0;0;0;0;3507;0;0;89;0;80;0;
24153;6684286;1016602624;24260608;1118597120;0;0;0;0;0;0;0;0;0;0;0;3256;0;0;89;0;80;0;
24154;5406419;1016602624;24260608;1118597120;0;0;0;0;0;0;0;0;0;0;0;3567;0;0;89;0;80;0;
24155;5902359;1016602624;24260608;1118597120;0;0;0;0;0;0;0;0;0;0;0;2926;0;0;89;0;80;0;
24156;4582474;1016602624;24260608;1118597120;0;0;0;0;0;0;0;0;0;0;0;3566;0;0;89;0;80;0;
24157;5031385;1016602624;24260608;1118597120;0;0;0;0;0;0;0;0;0;0;0;3006;0;0;89;0;80;0;
24158;3595342;1016602624;24260608;1118597120;0;0;0;0;0;0;0;0;0;0;0;3226;0;0;89;0;80;0;
24159;5132535;1016602624;24260608;1118597120;0;0;0;0;0;0;0;0;0;0;0;2525;0;0;89;0;80;0;
24160;4079470;1016602624;24260608;1118597120;0;0;0;0;0;0;0;0;0;0;0;3347;0;0;89;0;80;0;
24161;5081740;1016602624;24260608;1118597120;0;0;0;0;0;0;0;0;0;0;0;2505;0;0;89;0;80;0;
24162;4343445;1016602624;24260608;1118597120;0;0;0;0;0;0;0;0;0;0;0;3005;0;0;89;0;80;0;
24163;6409510;1016602624;24260608;1118597120;0;0;0;0;0;0;0;0;0;0;0;3606;0;0;89;0;80;0;
24164;3803483;1016602624;24260608;1118597120;0;0;0;0;0;0;0;0;0;0;0;8817;0;0;89;0;80;0;
24165;6131198;1016602624;24260608;1118597120;0;0;0;0;0;0;0;0;0;0;0;4278;0;0;89;0;80;0;
24166;4305454;1016602624;24260608;1118597120;0;0;0;0;0;0;0;0;0;0;0;3476;0;0;89;0;80;0;
24167;5741528;1016602624;24260608;1118597120;0;0;0;0;0;0;0;0;0;0;0;3327;0;0;89;0;80;0;
24168;3711130;1016602624;24260608;1118597120;0;0;0;0;0;0;0;0;0;0;0;3867;0;0;89;0;80;0;
24169;6834568;1016602624;24260608;1118597120;0;0;0;0;0;0;0;0;0;0;0;3777;0;0;89;0;80;0;
24170;5435724;1016602624;24260608;1118597120;0;0;0;0;0;0;0;0;0;0;0;4859;0;0;89;0;80;0;
24171;5958635;1016602624;24260608;1118597120;0;0;0;0;0;0;0;0;0;0;0;3807;0;0;89;0;80;0;
24172;5793485;1016602624;24260608;1118597120;0;0;0;0;0;0;0;0;0;0;0;4539;0;0;89;0;80;0;
24173;6019729;1016602624;24260608;1118597120;0;0;0;0;0;0;0;0;0;0;0;3807;0;0;89;0;80;0;
24174;5267509;1016602624;24260608;1118597120;0;0;0;0;0;0;0;0;0;0;0;3877;0;0;89;0;80;0;
24175;5564025;1016602624;24260608;1118597120;0;0;0;0;0;0;0;0;0;0;0;3247;0;0;89;0;80;0;
24176;5321800;1016602624;24260608;1118597120;0;0;0;0;0;0;0;0;0;0;0;3867;0;0;89;0;80;0;
24177;6486815;1016602624;24260608;1118597120;0;0;0;0;0;0;0;0;0;0;0;3677;0;0;89;0;80;0;
24178;3865650;1016602624;24260608;1118597120;0;0;0;0;0;0;0;0;0;0;0;3637;0;0;89;0;80;0;
24179;5041244;1016602624;24260608;1118597120;0;0;0;0;0;0;0;0;0;0;0;2795;0;0;89;0;80;0;
24180;3702274;1016602624;24260608;1118597120;0;0;0;0;0;0;0;0;0;0;0;3466;0;0;89;0;80;0;
24181;5168714;1016602624;24260608;1118597120;0;0;0;0;0;0;0;0;0;0;0;2735;0;0;89;0;80;0;
24182;4772680;1016602624;24260608;1118597120;0;0;0;0;0;0;0;0;0;0;0;3256;0;0;89;0;80;0;
24183;5241490;1016602624;24260608;1118597120;0;0;0;0;0;0;0;0;0;0;0;3056;0;0;89;0;80;0;
24184;4469221;1016602624;24260608;1118597120;0;0;0;0;0;0;0;0;0;0;0;3707;0;0;89;0;80;0;
24185;6696348;1022406656;31825920;1126162432;0;0;0;0;0;0;0;0;0;0;0;3016;0;0;89;0;80;0;
24186;3654173;1022406656;31825920;1126162432;0;0;0;0;0;0;0;0;0;0;0;3747;0;0;89;0;80;0;
24187;5272779;1022406656;31825920;1126162432;0;0;0;0;0;0;0;0;0;0;0;3467;0;0;89;0;80;0;
24188;6241977;1022406656;31825920;1126162432;0;0;0;0;0;0;0;0;0;0;0;4288;0;0;89;0;80;0;
24189;6884130;1022406656;31825920;1126162432;0;0;0;0;0;0;0;0;0;0;0;4859;0;0;89;0;80;0;
24190;4919937;1022406656;31825920;1126162432;0;0;0;0;0;0;0;0;0;0;0;3988;0;0;89;0;80;0;
24191;7847557;1022406656;31825920;1126162432;0;0;0;0;0;0;0;0;0;0;0;4769;0;0;89;0;80;0;
24192;5420966;1022406656;31825920;1126162432;0;0;0;0;0;0;0;0;0;0;0;3908;0;0;89;0;80;0;
24193;13993083;1022406656;31825920;1126162432;0;0;0;0;0;0;0;0;0;0;0;4368;0;0;89;0;80;0;
24194;8113906;1016602624;24260608;1118597120;0;0;0;0;0;0;0;0;0;0;0;5210;0;0;89;0;80;0;
24195;7153856;1016602624;24260608;1118597120;0;0;0;0;0;0;0;0;0;0;0;4950;0;0;89;0;80;0;
24196;5085607;1016602624;24260608;1118597120;0;0;0;0;0;0;0;0;0;0;0;3096;0;0;89;0;80;0;
24197;7172762;1016602624;24260608;1118597120;0;0;0;0;0;0;0;0;0;0;0;4578;0;0;89;0;80;0;
24198;4314682;1016602624;24260608;1118597120;0;0;0;0;0;0;0;0;0;0;0;3456;0;0;89;0;80;0;
24199;5897761;1016602624;24260608;1118597120;0;0;0;0;0;0;0;0;0;0;0;3366;0;0;89;0;80;0;
24200;4083177;1016602624;24260608;1118597120;0;0;0;0;0;0;0;0;0;0;0;3356;0;0;89;0;80;0;
24201;6101333;1016602624;24260608;1118597120;0;0;0;0;0;0;0;0;0;0;0;3236;0;0;89;0;80;0;
24202;3885908;1016602624;24260608;1118597120;0;0;0;0;0;0;0;0;0;0;0;3747;0;0;89;0;80;0;
24203;6550235;1016602624;24260608;1118597120;0;0;0;0;0;0;0;0;0;0;0;4228;0;0;89;0;80;0;
24204;5496769;1016602624;24260608;1118597120;0;0;0;0;0;0;0;0;0;0;0;3146;0;0;89;0;80;0;
24205;5132906;1016602624;24260608;1118597120;0;0;0;0;0;0;0;0;0;0;0;2815;0;0;89;0;80;0;
24206;5552814;1016602624;24260608;1118597120;0;0;0;0;0;0;0;0;0;0;0;3626;0;0;89;0;80;0;
24207;5199862;1016602624;24260608;1118597120;0;0;0;0;0;0;0;0;0;0;0;3036;0;0;89;0;80;0;
24208;4233119;1016602624;24260608;1118597120;0;0;0;0;0;0;0;0;0;0;0;3356;0;0;89;0;80;0;
24209;5393685;1016602624;24260608;1118597120;0;0;0;0;0;0;0;0;0;0;0;3627;0;0;89;0;80;0;
24210;8174420;1016602624;24260608;1118597120;0;0;0;0;0;0;0;0;0;0;0;4358;0;0;89;0;80;0;
24211;6167717;1016602624;24260608;1118597120;0;0;0;0;0;0;0;0;0;0;0;4198;0;0;89;0;80;0;
24212;7653884;1016602624;24260608;1118597120;0;0;0;0;0;0;0;0;0;0;0;4088;0;0;89;0;80;0;
24213;5952253;1016602624;24260608;1118597120;0;0;0;0;0;0;0;0;0;0;0;4008;0;0;89;0;80;0;
24214;5255295;1016602624;24260608;1118597120;0;0;0;0;0;0;0;0;0;0;0;3987;0;0;89;0;80;0;
24215;6991252;1016602624;24260608;1118597120;0;0;0;0;0;0;0;0;0;0;0;4569;0;0;89;0;80;0;
24216;5865670;1016602624;24260608;1118597120;0;0;0;0;0;0;0;0;0;0;0;5179;0;0;89;0;80;0;
24217;6573919;1016602624;24260608;1118597120;0;0;0;0;0;0;0;0;0;0;0;4688;0;0;89;0;80;0;
24218;6780837;1016602624;24260608;1118597120;0;0;0;0;0;0;0;0;0;0;0;4950;0;0;89;0;80;0;
24219;5799286;1016602624;24260608;1118597120;0;0;0;0;0;0;0;0;0;0;0;4328;0;0;89;0;80;0;
24220;7771485;1016602624;24260608;1118597120;0;0;0;0;0;0;0;0;0;0;0;4368;0;0;89;0;80;0;
24221;7640268;1016602624;24260608;1118597120;0;0;0;0;0;0;0;0;0;0;0;3987;0;0;89;0;80;0;
24222;5453968;1016602624;24260608;1118597120;0;0;0;0;0;0;0;0;0;0;0;3968;0;0;89;0;80;0;
24223;6451329;1016602624;24260608;1118597120;0;0;0;0;0;0;0;0;0;0;0;4609;0;0;89;0;80;0;
24224;5565487;1016602624;24260608;1118597120;0;0;0;0;0;0;0;0;0;0;0;3787;0;0;89;0;80;0;
24225;7659154;1016602624;24260608;1118597120;0;0;0;0;0;0;0;0;0;0;0;4929;0;0;89;0;80;0;
24226;6784193;1016602624;24260608;1118597120;0;0;0;0;0;0;0;0;0;0;0;3797;0;0;89;0;80;0;
24227;7181889;1016602624;24260608;1118597120;0;0;0;0;0;0;0;0;0;0;0;4208;0;0;89;0;80;0;
24228;6278054;1016602624;24260608;1118597120;0;0;0;0;0;0;0;0;0;0;0;6242;0;0;89;0;80;0;
24229;6421212;1016602624;24260608;1118597120;0;0;0;0;0;0;0;0;0;0;0;4057;0;0;89;0;80;0;
24230;4842812;1016602624;24260608;1118597120;0;0;0;0;0;0;0;0;0;0;0;3597;0;0;89;0;80;0;
24231;5473064;1016602624;24260608;1118597120;0;0;0;0;0;0;0;0;0;0;0;4608;0;0;89;0;80;0;
24232;5639105;1016602624;24260608;1118597120;0;0;0;0;0;0;0;0;0;0;0;8977;0;0;89;0;80;0;
24233;6883258;1016602624;24260608;1118597120;0;0;0;0;0;0;0;0;0;0;0;9758;0;0;89;0;80;0;
24234;4795794;1016602624;24260608;1118597120;0;0;0;0;0;0;0;0;0;0;0;3176;0;0;89;0;80;0;
24235;5647331;1016602624;24260608;1118597120;0;0;0;0;0;0;0;0;0;0;0;3407;0;0;89;0;80;0;
24236;6044496;1016602624;24260608;1118597120;0;0;0;0;0;0;0;0;0;0;0;3677;0;0;89;0;80;0;
24237;6525688;1016602624;24260608;1118597120;0;0;0;0;0;0;0;0;0;0;0;3646;0;0;89;0;80;0;
24238;4444124;1016602624;24260608;1118597120;0;0;0;0;0;0;0;0;0;0;0;3467;0;0;89;0;80;0;
24239;6513455;1016602624;24260608;1118597120;0;0;0;0;0;0;0;0;0;0;0;3707;0;0;89;0;80;0;
24240;5068255;1016602624;24260608;1118597120;0;0;0;0;0;0;0;0;0;0;0;3526;0;0;89;0;80;0;
24241;6044676;1016602624;24260608;1118597120;0;0;0;0;0;0;0;0;0;0;0;2945;0;0;89;0;80;0;
24242;5029983;1016602624;24260608;1118597120;0;0;0;0;0;0;0;0;0;0;0;2995;0;0;89;0;80;0;
24243;5534049;1016602624;24260608;1118597120;0;0;0;0;0;0;0;0;0;0;0;3697;0;0;89;0;80;0;
24244;4435318;1016602624;24260608;1118597120;0;0;0;0;0;0;0;0;0;0;0;3216;0;0;89;0;80;0;
24245;5669653;1016602624;24260608;1118597120;0;0;0;0;0;0;0;0;0;0;0;3266;0;0;89;0;80;0;
24246;3767255;1016602624;24260608;1118597120;0;0;0;0;0;0;0;0;0;0;0;3737;0;0;89;0;80;0;
24247;6076877;1016602624;24260608;1118597120;0;0;0;0;0;0;0;0;0;0;0;3146;0;0;89;0;80;0;
24248;4304823;1016602624;24260608;1118597120;0;0;0;0;0;0;0;0;0;0;0;3697;0;0;89;0;80;0;
24249;5673791;1016602624;24260608;1118597120;0;0;0;0;0;0;0;0;0;0;0;3867;0;0;89;0;80;0;
24250;3860059;1016602624;24260608;1118597120;0;0;0;0;0;0;0;0;0;0;0;4058;0;0;89;0;80;0;
24251;5722091;1016602624;24260608;1118597120;0;0;0;0;0;0;0;0;0;0;0;3056;0;0;89;0;80;0;
24252;4562096;1016602624;24260608;1118597120;0;0;0;0;0;0;0;0;0;0;0;3527;0;0;89;0;80;0;
24253;5619068;1016602624;24260608;1118597120;0;0;0;0;0;0;0;0;0;0;0;3446;0;0;89;0;80;0;
24254;5862194;1016602624;24260608;1118597120;0;0;0;0;0;0;0;0;0;0;0;3286;0;0;89;0;80;0;
24255;7000408;1016602624;24260608;1118597120;0;0;0;0;0;0;0;0;0;0;0;4108;0;0;89;0;80;0;
24256;3819053;1016602624;24260608;1118597120;0;0;0;0;0;0;0;0;0;0;0;3556;0;0;89;0;80;0;
24257;6200869;1016602624;24260608;1118597120;0;0;0;0;0;0;0;0;0;0;0;3016;0;0;89;0;80;0;
24258;5264864;1016602624;24260608;1118597120;0;0;0;0;0;0;0;0;0;0;0;4609;0;0;89;0;80;0;
24259;5456553;1016602624;24260608;1118597120;0;0;0;0;0;0;0;0;0;0;0;3687;0;0;89;0;80;0;
24260;5377745;1016602624;24260608;1118597120;0;0;0;0;0;0;0;0;0;0;0;3446;0;0;89;0;80;0;
24261;6481626;1016602624;24260608;1118597120;0;0;0;0;0;0;0;0;0;0;0;4659;0;0;89;0;80;0;
24262;5231220;1016602624;24260608;1118597120;0;0;0;0;0;0;0;0;0;0;0;50415;0;0;89;0;80;0;
24263;6407477;1016602624;24260608;1118597120;0;0;0;0;0;0;0;0;0;0;0;3396;0;0;89;0;80;0;
24264;5824223;1016602624;24260608;1118597120;0;0;0;0;0;0;0;0;0;0;0;3566;0;0;89;0;80;0;
24265;5080698;1016602624;24260608;1118597120;0;0;0;0;0;0;0;0;0;0;0;3136;0;0;89;0;80;0;
24266;6142780;1016602624;24260608;1118597120;0;0;0;0;0;0;0;0;0;0;0;3537;0;0;89;0;80;0;
24267;5116725;1016602624;24260608;1118597120;0;0;0;0;0;0;0;0;0;0;0;2875;0;0;89;0;80;0;
24268;4665770;1016602624;24260608;1118597120;0;0;0;0;0;0;0;0;0;0;0;3828;0;0;89;0;80;0;
24269;5671115;1016602624;24260608;1118597120;0;0;0;0;0;0;0;0;0;0;0;3757;0;0;89;0;80;0;
24270;6124907;1016602624;24260608;1118597120;0;0;0;0;0;0;0;0;0;0;0;4148;0;0;89;0;80;0;
24271;6582444;1016602624;24260608;1118597120;0;0;0;0;0;0;0;0;0;0;0;4488;0;0;89;0;80;0;
24272;4901583;1016602624;24260608;1118597120;0;0;0;0;0;0;0;0;0;0;0;3837;0;0;89;0;80;0;
24273;6231677;1016602624;24260608;1118597120;0;0;0;0;0;0;0;0;0;0;0;3788;0;0;89;0;80;0;
24274;5042596;1016602624;24260608;1118597120;0;0;0;0;0;0;0;0;0;0;0;3156;0;0;89;0;80;0;
24275;6448844;1016602624;24260608;1118597120;0;0;0;0;0;0;0;0;0;0;0;3527;0;0;89;0;80;0;
24276;4607120;1016602624;24260608;1118597120;0;0;0;0;0;0;0;0;0;0;0;3687;0;0;89;0;80;0;
24277;5679952;1016602624;24260608;1118597120;0;0;0;0;0;0;0;0;0;0;0;3376;0;0;89;0;80;0;
24278;4621787;1016602624;24260608;1118597120;0;0;0;0;0;0;0;0;0;0;0;3477;0;0;89;0;80;0;
24279;7283800;1022406656;31825920;1126162432;0;0;0;0;0;0;0;0;0;0;0;3797;0;0;89;0;80;0;
24280;3804024;1022406656;31825920;1126162432;0;0;0;0;0;0;0;0;0;0;0;4708;0;0;89;0;80;0;
24281;5819644;1022406656;31825920;1126162432;0;0;0;0;0;0;0;0;0;0;0;3988;0;0;89;0;80;0;
24282;4023516;1022406656;31825920;1126162432;0;0;0;0;0;0;0;0;0;0;0;2935;0;0;89;0;80;0;
24283;6135306;1022406656;31825920;1126162432;0;0;0;0;0;0;0;0;0;0;0;3567;0;0;89;0;80;0;
24284;3575645;1022406656;31825920;1126162432;0;0;0;0;0;0;0;0;0;0;0;3717;0;0;89;0;80;0;
24285;5401400;1022406656;31825920;1126162432;0;0;0;0;0;0;0;0;0;0;0;4008;0;0;89;0;80;0;
24286;4605306;1022406656;31825920;1126162432;0;0;0;0;0;0;0;0;0;0;0;4178;0;0;89;0;80;0;
24287;5316821;1022406656;31825920;1126162432;0;0;0;0;0;0;0;0;0;0;0;2896;0;0;89;0;80;0;
24288;5602557;1016602624;24260608;1118597120;0;0;0;0;0;0;0;0;0;0;0;3617;0;0;89;0;80;0;
24289;5081059;1016602624;24260608;1118597120;0;0;0;0;0;0;0;0;0;0;0;3036;0;0;89;0;80;0;
24290;4950824;1016602624;24260608;1118597120;0;0;0;0;0;0;0;0;0;0;0;3657;0;0;89;0;80;0;
24291;5157302;1016602624;24260608;1118597120;0;0;0;0;0;0;0;0;0;0;0;2776;0;0;89;0;80;0;
24292;4985440;1016602624;24260608;1118597120;0;0;0;0;0;0;0;0;0;0;0;4498;0;0;89;0;80;0;
24293;5123108;1016602624;24260608;1118597120;0;0;0;0;0;0;0;0;0;0;0;3307;0;0;89;0;80;0;
24294;4762311;1016602624;24260608;1118597120;0;0;0;0;0;0;0;0;0;0;0;3998;0;0;89;0;80;0;
24295;5580967;1016602624;24260608;1118597120;0;0;0;0;0;0;0;0;0;0;0;2725;0;0;89;0;80;0;
24296;4440518;1016602624;24260608;1118597120;0;0;0;0;0;0;0;0;0;0;0;3898;0;0;89;0;80;0;
24297;5048318;1016602624;24260608;1118597120;0;0;0;0;0;0;0;0;0;0;0;2905;0;0;89;0;80;0;
24298;5720658;1016602624;24260608;1118597120;0;0;0;0;0;0;0;0;0;0;0;3266;0;0;89;0;80;0;
24299;6485984;1016602624;24260608;1118597120;0;0;0;0;0;0;0;0;0;0;0;5110;0;0;89;0;80;0;
24300;5001971;1016602624;24260608;1118597120;0;0;0;0;0;0;0;0;0;0;0;3357;0;0;89;0;80;0;
24301;5910174;1016602624;24260608;1118597120;0;0;0;0;0;0;0;0;0;0;0;3928;0;0;89;0;80;0;
24302;4034507;1016602624;24260608;1118597120;0;0;0;0;0;0;0;0;0;0;0;2856;0;0;89;0;80;0;
24303;5181337;1016602624;24260608;1118597120;0;0;0;0;0;0;0;0;0;0;0;2334;0;0;89;0;80;0;
24304;13418555;1016602624;24260608;1118597120;0;0;0;0;0;0;0;0;0;0;0;3577;0;0;89;0;80;0;
24305;6311396;1016602624;24260608;1118597120;0;0;0;0;0;0;0;0;0;0;0;3406;0;0;89;0;80;0;
24306;4069733;1016602624;24260608;1118597120;0;0;0;0;0;0;0;0;0;0;0;3206;0;0;89;0;80;0;
24307;4927130;1016602624;24260608;1118597120;0;0;0;0;0;0;0;0;0;0;0;2605;0;0;89;0;80;0;
24308;3637632;1016602624;24260608;1118597120;0;0;0;0;0;0;0;0;0;0;0;3887;0;0;89;0;80;0;
24309;6491675;1016602624;24260608;1118597120;0;0;0;0;0;0;0;0;0;0;0;4088;0;0;89;0;80;0;
24310;4685066;1016602624;24260608;1118597120;0;0;0;0;0;0;0;0;0;0;0;3556;0;0;89;0;80;0;
24311;5411950;1016602624;24260608;1118597120;0;0;0;0;0;0;0;0;0;0;0;3145;0;0;89;0;80;0;
24312;4815902;1016602624;24260608;1118597120;0;0;0;0;0;0;0;0;0;0;0;3256;0;0;89;0;80;0;
24313;6588847;1016602624;24260608;1118597120;0;0;0;0;0;0;0;0;0;0;0;3716;0;0;89;0;80;0;
24314;4853301;1016602624;24260608;1118597120;0;0;0;0;0;0;0;0;0;0;0;4238;0;0;89;0;80;0;
24315;7223547;1016602624;24260608;1118597120;0;0;0;0;0;0;0;0;0;0;0;3977;0;0;89;0;80;0;
24316;6641806;1016602624;24260608;1118597120;0;0;0;0;0;0;0;0;0;0;0;4127;0;0;89;0;80;0;
24317;6663056;1016602624;24260608;1118597120;0;0;0;0;0;0;0;0;0;0;0;4188;0;0;89;0;80;0;
24318;8319823;1016602624;24260608;1118597120;0;0;0;0;0;0;0;0;0;0;0;3868;0;0;89;0;80;0;
24319;5654795;1016602624;24260608;1118597120;0;0;0;0;0;0;0;0;0;0;0;3577;0;0;89;0;80;0;
24320;6106643;1016602624;24260608;1118597120;0;0;0;0;0;0;0;0;0;0;0;3286;0;0;89;0;80;0;
24321;5458888;1016602624;24260608;1118597120;0;0;0;0;0;0;0;0;0;0;0;3847;0;0;89;0;80;0;
24322;6839767;1016602624;24260608;1118597120;0;0;0;0;0;0;0;0;0;0;0;4529;0;0;89;0;80;0;
24323;6126770;1016602624;24260608;1118597120;0;0;0;0;0;0;0;0;0;0;0;3917;0;0;89;0;80;0;
24324;3632563;1016602624;24260608;1118597120;0;0;0;0;0;0;0;0;0;0;0;3727;0;0;89;0;80;0;
24325;4887927;1016602624;24260608;1118597120;0;0;0;0;0;0;0;0;0;0;0;3136;0;0;89;0;80;0;
24326;4326965;1016602624;24260608;1118597120;0;0;0;0;0;0;0;0;0;0;0;3136;0;0;89;0;80;0;
24327;5446925;1016602624;24260608;1118597120;0;0;0;0;0;0;0;0;0;0;0;2916;0;0;89;0;80;0;
24328;4053341;1016602624;24260608;1118597120;0;0;0;0;0;0;0;0;0;0;0;3286;0;0;89;0;80;0;
24329;5174494;1016602624;24260608;1118597120;0;0;0;0;0;0;0;0;0;0;0;2915;0;0;89;0;80;0;
24330;4777970;1016602624;24260608;1118597120;0;0;0;0;0;0;0;0;0;0;0;3627;0;0;89;0;80;0;
24331;4971985;1016602624;24260608;1118597120;0;0;0;0;0;0;0;0;0;0;0;2675;0;0;89;0;80;0;
24332;3543045;1016602624;24260608;1118597120;0;0;0;0;0;0;0;0;0;0;0;3516;0;0;89;0;80;0;
24333;6222690;1016602624;24260608;1118597120;0;0;0;0;0;0;0;0;0;0;0;3837;0;0;89;0;80;0;
24334;3621963;1016602624;24260608;1118597120;0;0;0;0;0;0;0;0;0;0;0;3897;0;0;89;0;80;0;
24335;5784908;1016602624;24260608;1118597120;0;0;0;0;0;0;0;0;0;0;0;4098;0;0;89;0;80;0;
24336;3260234;1016602624;24260608;1118597120;0;0;0;0;0;0;0;0;0;0;0;3546;0;0;89;0;80;0;
24337;5610632;1016602624;24260608;1118597120;0;0;0;0;0;0;0;0;0;0;0;3086;0;0;89;0;80;0;
24338;3600753;1016602624;24260608;1118597120;0;0;0;0;0;0;0;0;0;0;0;3967;0;0;89;0;80;0;
24339;5344353;1016602624;24260608;1118597120;0;0;0;0;0;0;0;0;0;0;0;2765;0;0;89;0;80;0;
24340;4854694;1016602624;24260608;1118597120;0;0;0;0;0;0;0;0;0;0;0;3397;0;0;89;0;80;0;
24341;5144047;1016602624;24260608;1118597120;0;0;0;0;0;0;0;0;0;0;0;2996;0;0;89;0;80;0;
24342;4083348;1016602624;24260608;1118597120;0;0;0;0;0;0;0;0;0;0;0;3307;0;0;89;0;80;0;
24343;6244390;1016602624;24260608;1118597120;0;0;0;0;0;0;0;0;0;0;0;3246;0;0;89;0;80;0;
24344;3672167;1016602624;24260608;1118597120;0;0;0;0;0;0;0;0;0;0;0;3676;0;0;89;0;80;0;
24345;6125979;1016602624;24260608;1118597120;0;0;0;0;0;0;0;0;0;0;0;2976;0;0;89;0;80;0;
24346;3528017;1016602624;24260608;1118597120;0;0;0;0;0;0;0;0;0;0;0;3296;0;0;89;0;80;0;
24347;5853527;1016602624;24260608;1118597120;0;0;0;0;0;0;0;0;0;0;0;3978;0;0;89;0;80;0;
24348;3338541;1016602624;24260608;1118597120;0;0;0;0;0;0;0;0;0;0;0;3376;0;0;89;0;80;0;
24349;5387253;1016602624;24260608;1118597120;0;0;0;0;0;0;0;0;0;0;0;2364;0;0;89;0;80;0;
24350;4163448;1016602624;24260608;1118597120;0;0;0;0;0;0;0;0;0;0;0;3066;0;0;89;0;80;0;
24351;5422329;1016602624;24260608;1118597120;0;0;0;0;0;0;0;0;0;0;0;2625;0;0;89;0;80;0;
24352;3967771;1016602624;24260608;1118597120;0;0;0;0;0;0;0;0;0;0;0;3316;0;0;89;0;80;0;
24353;6305175;1016602624;24260608;1118597120;0;0;0;0;0;0;0;0;0;0;0;3396;0;0;89;0;80;0;
24354;5267168;1016602624;24260608;1118597120;0;0;0;0;0;0;0;0;0;0;0;3546;0;0;89;0;80;0;
24355;6536990;1016602624;24260608;1118597120;0;0;0;0;0;0;0;0;0;0;0;3907;0;0;89;0;80;0;
24356;4600087;1016602624;24260608;1118597120;0;0;0;0;0;0;0;0;0;0;0;3727;0;0;89;0;80;0;
24357;6983046;1016602624;24260608;1118597120;0;0;0;0;0;0;0;0;0;0;0;3417;0;0;89;0;80;0;
24358;4233309;1016602624;24260608;1118597120;0;0;0;0;0;0;0;0;0;0;0;4137;0;0;89;0;80;0;
24359;5568392;1016602624;24260608;1118597120;0;0;0;0;0;0;0;0;0;0;0;3697;0;0;89;0;80;0;
24360;4439385;1016602624;24260608;1118597120;0;0;0;0;0;0;0;0;0;0;0;3617;0;0;89;0;80;0;
24361;5318865;1016602624;24260608;1118597120;0;0;0;0;0;0;0;0;0;0;0;3006;0;0;89;0;80;0;
24362;3742368;1016602624;24260608;1118597120;0;0;0;0;0;0;0;0;0;0;0;3477;0;0;89;0;80;0;
24363;5619559;1016602624;24260608;1118597120;0;0;0;0;0;0;0;0;0;0;0;3807;0;0;89;0;80;0;
24364;3941783;1016602624;24260608;1118597120;0;0;0;0;0;0;0;0;0;0;0;3647;0;0;89;0;80;0;
24365;5104974;1016602624;24260608;1118597120;0;0;0;0;0;0;0;0;0;0;0;2745;0;0;89;0;80;0;
24366;3988190;1016602624;24260608;1118597120;0;0;0;0;0;0;0;0;0;0;0;3506;0;0;89;0;80;0;
24367;5504393;1016602624;24260608;1118597120;0;0;0;0;0;0;0;0;0;0;0;2605;0;0;89;0;80;0;
24368;4181292;1016602624;24260608;1118597120;0;0;0;0;0;0;0;0;0;0;0;3917;0;0;89;0;80;0;
24369;5606153;1016602624;24260608;1118597120;0;0;0;0;0;0;0;0;0;0;0;2655;0;0;89;0;80;0;
24370;4015080;1016602624;24260608;1118597120;0;0;0;0;0;0;0;0;0;0;0;3577;0;0;89;0;80;0;
24371;6524466;1016602624;24260608;1118597120;0;0;0;0;0;0;0;0;0;0;0;3727;0;0;89;0;80;0;
24372;4723698;1016602624;24260608;1118597120;0;0;0;0;0;0;0;0;0;0;0;3336;0;0;89;0;80;0;
24373;6464103;1016602624;24260608;1118597120;0;0;0;0;0;0;0;0;0;0;0;3687;0;0;89;0;80;0;
24374;4848322;1016602624;24260608;1118597120;0;0;0;0;0;0;0;0;0;0;0;3567;0;0;89;0;80;0;
24375;5890166;1016602624;24260608;1118597120;0;0;0;0;0;0;0;0;0;0;0;4268;0;0;89;0;80;0;
24376;6147880;1016602624;24260608;1118597120;0;0;0;0;0;0;0;0;0;0;0;4438;0;0;89;0;80;0;
24377;5318955;1016602624;24260608;1118597120;0;0;0;0;0;0;0;0;0;0;0;4318;0;0;89;0;80;0;
24378;5330727;1016602624;24260608;1118597120;0;0;0;0;0;0;0;0;0;0;0;4458;0;0;89;0;80;0;
24379;5343020;1016602624;24260608;1118597120;0;0;0;0;0;0;0;0;0;0;0;3246;0;0;89;0;80;0;
24380;6354768;1016602624;24260608;1118597120;0;0;0;0;0;0;0;0;0;0;0;3817;0;0;89;0;80;0;
24381;5928087;1016602624;24268800;1118605312;0;0;0;0;0;0;0;0;0;0;0;4258;0;0;89;0;80;0;
24382;5748881;1016602624;24268800;1118605312;0;0;0;0;0;0;0;0;0;0;0;4468;0;0;89;0;80;0;
24383;5550449;1016602624;24268800;1118605312;0;0;0;0;0;0;0;0;0;0;0;3256;0;0;89;0;80;0;
24384;5118209;1016602624;24268800;1118605312;0;0;0;0;0;0;0;0;0;0;0;4278;0;0;89;0;80;0;
24385;6803510;1016602624;24268800;1118605312;0;0;0;0;0;0;0;0;0;0;0;3166;0;0;89;0;80;0;
24386;5580045;1016602624;24268800;1118605312;0;0;0;0;0;0;0;0;0;0;0;3938;0;0;89;0;80;0;
24387;5914182;1016602624;24268800;1118605312;0;0;0;0;0;0;0;0;0;0;0;3938;0;0;89;0;80;0;
24388;7825897;1016602624;24260608;1118597120;0;0;0;0;0;0;0;0;0;0;0;4218;0;0;89;0;80;0;
24389;6090812;1016602624;24260608;1118597120;0;0;0;0;0;0;0;0;0;0;0;3487;0;0;89;0;80;0;
24390;6750350;1016602624;24260608;1118597120;0;0;0;0;0;0;0;0;0;0;0;3907;0;0;89;0;80;0;
24391;7436827;1016602624;24260608;1118597120;0;0;0;0;0;0;0;0;0;0;0;4008;0;0;89;0;80;0;
24392;6130217;1016602624;24260608;1118597120;0;0;0;0;0;0;0;0;0;0;0;3797;0;0;89;0;80;0;
24393;7314658;1016602624;24260608;1118597120;0;0;0;0;0;0;0;0;0;0;0;4659;0;0;89;0;80;0;
24394;7098112;1016602624;24260608;1118597120;0;0;0;0;0;0;0;0;0;0;0;4128;0;0;89;0;80;0;
24395;9006371;1016602624;24260608;1118597120;0;0;0;0;0;0;0;0;0;0;0;4108;0;0;89;0;80;0;
24396;7024313;1016602624;24260608;1118597120;0;0;0;0;0;0;0;0;0;0;0;3557;0;0;89;0;80;0;
24397;8044036;1022406656;31825920;1126162432;0;0;0;0;0;0;0;0;0;0;0;3777;0;0;89;0;80;0;
24398;6320533;1022406656;31825920;1126162432;0;0;0;0;0;0;0;0;0;0;0;3507;0;0;89;0;80;0;
24399;6687211;1022406656;31825920;1126162432;0;0;0;0;0;0;0;0;0;0;0;3827;0;0;89;0;80;0;
24400;4886985;1022406656;31825920;1126162432;0;0;0;0;0;0;0;0;0;0;0;3757;0;0;89;0;80;0;
24401;6185320;1022406656;31825920;1126162432;0;0;0;0;0;0;0;0;0;0;0;3617;0;0;89;0;80;0;
24402;5008654;1022406656;31825920;1126162432;0;0;0;0;0;0;0;0;0;0;0;4018;0;0;89;0;80;0;
24403;6485904;1022406656;31825920;1126162432;0;0;0;0;0;0;0;0;0;0;0;3557;0;0;89;0;80;0;
24404;7576940;1022406656;31825920;1126162432;0;0;0;0;0;0;0;0;0;0;0;4699;0;0;89;0;80;0;
24405;7805158;1022406656;31825920;1126162432;0;0;0;0;0;0;0;0;0;0;0;4989;0;0;89;0;80;0;
24406;7891640;1016602624;24260608;1118597120;0;0;0;0;0;0;0;0;0;0;0;5630;0;0;89;0;80;0;
24407;7376313;1016602624;24260608;1118597120;0;0;0;0;0;0;0;0;0;0;0;4638;0;0;89;0;80;0;
24408;7117648;1016602624;24260608;1118597120;0;0;0;0;0;0;0;0;0;0;0;3807;0;0;89;0;80;0;
24409;6739840;1016602624;24260608;1118597120;0;0;0;0;0;0;0;0;0;0;0;4479;0;0;89;0;80;0;
24410;8159702;1016602624;24260608;1118597120;0;0;0;0;0;0;0;0;0;0;0;4218;0;0;89;0;80;0;
24411;6582946;1016602624;24260608;1118597120;0;0;0;0;0;0;0;0;0;0;0;4258;0;0;89;0;80;0;
24412;8397218;1016602624;24260608;1118597120;0;0;0;0;0;0;0;0;0;0;0;3537;0;0;89;0;80;0;
24413;5405207;1016602624;24260608;1118597120;0;0;0;0;0;0;0;0;0;0;0;3186;0;0;89;0;80;0;
24414;5507248;1016602624;24260608;1118597120;0;0;0;0;0;0;0;0;0;0;0;3837;0;0;89;0;80;0;
24415;6262875;1016602624;24260608;1118597120;0;0;0;0;0;0;0;0;0;0;0;3817;0;0;89;0;80;0;
24416;6632548;1016602624;24260608;1118597120;0;0;0;0;0;0;0;0;0;0;0;4238;0;0;89;0;80;0;
24417;6450798;1016602624;24260608;1118597120;0;0;0;0;0;0;0;0;0;0;0;3606;0;0;89;0;80;0;
24418;6282652;1016602624;24260608;1118597120;0;0;0;0;0;0;0;0;0;0;0;4649;0;0;89;0;80;0;
24419;8516823;1016602624;24260608;1118597120;0;0;0;0;0;0;0;0;0;0;0;4128;0;0;89;0;80;0;
24420;7493333;1016602624;24260608;1118597120;0;0;0;0;0;0;0;0;0;0;0;3417;0;0;89;0;80;0;
24421;6986743;1016602624;24260608;1118597120;0;0;0;0;0;0;0;0;0;0;0;4569;0;0;89;0;80;0;
24422;7651139;1016602624;24260608;1118597120;0;0;0;0;0;0;0;0;0;0;0;5170;0;0;89;0;80;0;
24423;6291649;1016602624;24260608;1118597120;0;0;0;0;0;0;0;0;0;0;0;3266;0;0;89;0;80;0;
24424;7075088;1016602624;24260608;1118597120;0;0;0;0;0;0;0;0;0;0;0;4449;0;0;89;0;80;0;
24425;6980721;1016602624;24260608;1118597120;0;0;0;0;0;0;0;0;0;0;0;5230;0;0;89;0;80;0;
24426;4932370;1016602624;24260608;1118597120;0;0;0;0;0;0;0;0;0;0;0;4970;0;0;89;0;80;0;
24427;7918180;1016602624;24260608;1118597120;0;0;0;0;0;0;0;0;0;0;0;4308;0;0;89;0;80;0;
24428;7497621;1016602624;24260608;1118597120;0;0;0;0;0;0;0;0;0;0;0;4549;0;0;89;0;80;0;
24429;8541839;1016602624;24260608;1118597120;0;0;0;0;0;0;0;0;0;0;0;3908;0;0;89;0;80;0;
24430;6377561;1016602624;24260608;1118597120;0;0;0;0;0;0;0;0;0;0;0;4748;0;0;89;0;80;0;
24431;7254615;1016602624;24260608;1118597120;0;0;0;0;0;0;0;0;0;0;0;4559;0;0;89;0;80;0;
24432;5982089;1016602624;24260608;1118597120;0;0;0;0;0;0;0;0;0;0;0;3878;0;0;89;0;80;0;
24433;6716406;1016602624;24260608;1118597120;0;0;0;0;0;0;0;0;0;0;0;4598;0;0;89;0;80;0;
24434;5559867;1016602624;24260608;1118597120;0;0;0;0;0;0;0;0;0;0;0;4628;0;0;89;0;80;0;
24435;6761911;1016602624;24260608;1118597120;0;0;0;0;0;0;0;0;0;0;0;4418;0;0;89;0;80;0;
24436;5259544;1016602624;24260608;1118597120;0;0;0;0;0;0;0;0;0;0;0;4218;0;0;89;0;80;0;
24437;7590666;1016602624;24260608;1118597120;0;0;0;0;0;0;0;0;0;0;0;3586;0;0;89;0;80;0;
24438;5787113;1016602624;24260608;1118597120;0;0;0;0;0;0;0;0;0;0;0;4218;0;0;89;0;80;0;
24439;7724035;1016602624;24260608;1118597120;0;0;0;0;0;0;0;0;0;0;0;4840;0;0;89;0;80;0;
24440;4818146;1016602624;24260608;1118597120;0;0;0;0;0;0;0;0;0;0;0;4268;0;0;89;0;80;0;
24441;7678179;1016602624;24260608;1118597120;0;0;0;0;0;0;0;0;0;0;0;4528;0;0;89;0;80;0;
24442;5770823;1016602624;24260608;1118597120;0;0;0;0;0;0;0;0;0;0;0;3978;0;0;89;0;80;0;
24443;7114482;1016602624;24260608;1118597120;0;0;0;0;0;0;0;0;0;0;0;4508;0;0;89;0;80;0;
24444;5885538;1016602624;24260608;1118597120;0;0;0;0;0;0;0;0;0;0;0;4648;0;0;89;0;80;0;
24445;6073831;1016602624;24260608;1118597120;0;0;0;0;0;0;0;0;0;0;0;4078;0;0;89;0;80;0;
24446;5168744;1016602624;24260608;1118597120;0;0;0;0;0;0;0;0;0;0;0;3296;0;0;89;0;80;0;
24447;5192588;1016602624;24260608;1118597120;0;0;0;0;0;0;0;0;0;0;0;3026;0;0;89;0;80;0;
24448;5484065;1016602624;24260608;1118597120;0;0;0;0;0;0;0;0;0;0;0;3466;0;0;89;0;80;0;
24449;6486865;1016602624;24260608;1118597120;0;0;0;0;0;0;0;0;0;0;0;3997;0;0;89;0;80;0;
24450;3715899;1016602624;24260608;1118597120;0;0;0;0;0;0;0;0;0;0;0;3166;0;0;89;0;80;0;
24451;6971515;1016602624;24260608;1118597120;0;0;0;0;0;0;0;0;0;0;0;3567;0;0;89;0;80;0;
24452;4567847;1016602624;24260608;1118597120;0;0;0;0;0;0;0;0;0;0;0;3357;0;0;89;0;80;0;
24453;6766500;1016602624;24260608;1118597120;0;0;0;0;0;0;0;0;0;0;0;3857;0;0;89;0;80;0;
24454;5368288;1016602624;24260608;1118597120;0;0;0;0;0;0;0;0;0;0;0;4117;0;0;89;0;80;0;
24455;6534926;1016602624;24260608;1118597120;0;0;0;0;0;0;0;0;0;0;0;3858;0;0;89;0;80;0;
24456;5563644;1016602624;24260608;1118597120;0;0;0;0;0;0;0;0;0;0;0;3467;0;0;89;0;80;0;
24457;5320378;1016602624;24260608;1118597120;0;0;0;0;0;0;0;0;0;0;0;2816;0;0;89;0;80;0;
24458;5126103;1016602624;24260608;1118597120;0;0;0;0;0;0;0;0;0;0;0;4117;0;0;89;0;80;0;
24459;5960378;1016602624;24260608;1118597120;0;0;0;0;0;0;0;0;0;0;0;3206;0;0;89;0;80;0;
24460;4618612;1016602624;24260608;1118597120;0;0;0;0;0;0;0;0;0;0;0;3056;0;0;89;0;80;0;
24461;6767031;1016602624;24260608;1118597120;0;0;0;0;0;0;0;0;0;0;0;3296;0;0;89;0;80;0;
24462;3374980;1016602624;24260608;1118597120;0;0;0;0;0;0;0;0;0;0;0;3677;0;0;89;0;80;0;
24463;5810267;1016602624;24260608;1118597120;0;0;0;0;0;0;0;0;0;0;0;2575;0;0;89;0;80;0;
24464;4863521;1016602624;24260608;1118597120;0;0;0;0;0;0;0;0;0;0;0;3377;0;0;89;0;80;0;
24465;5827449;1016602624;24260608;1118597120;0;0;0;0;0;0;0;0;0;0;0;3166;0;0;89;0;80;0;
24466;4680638;1016602624;24260608;1118597120;0;0;0;0;0;0;0;0;0;0;0;4038;0;0;89;0;80;0;
24467;4913395;1016602624;24260608;1118597120;0;0;0;0;0;0;0;0;0;0;0;2805;0;0;89;0;80;0;
24468;5034081;1016602624;24260608;1118597120;0;0;0;0;0;0;0;0;0;0;0;3186;0;0;89;0;80;0;
24469;5526655;1016602624;24260608;1118597120;0;0;0;0;0;0;0;0;0;0;0;2344;0;0;89;0;80;0;
24470;3444219;1016602624;24260608;1118597120;0;0;0;0;0;0;0;0;0;0;0;3316;0;0;89;0;80;0;
24471;5191997;1016602624;24260608;1118597120;0;0;0;0;0;0;0;0;0;0;0;3206;0;0;89;0;80;0;
24472;4150233;1016602624;24260608;1118597120;0;0;0;0;0;0;0;0;0;0;0;3617;0;0;89;0;80;0;
24473;5828631;1016602624;24260608;1118597120;0;0;0;0;0;0;0;0;0;0;0;2315;0;0;89;0;80;0;
24474;3218646;1016602624;24260608;1118597120;0;0;0;0;0;0;0;0;0;0;0;3476;0;0;89;0;80;0;
24475;11218749;1016602624;24260608;1118597120;0;0;0;0;0;0;0;0;0;0;0;2464;0;0;89;0;80;0;
24476;5289099;1016602624;24260608;1118597120;0;0;0;0;0;0;0;0;0;0;0;3537;0;0;89;0;80;0;
24477;5103511;1016602624;24260608;1118597120;0;0;0;0;0;0;0;0;0;0;0;2595;0;0;89;0;80;0;
24478;5571488;1016602624;24260608;1118597120;0;0;0;0;0;0;0;0;0;0;0;3226;0;0;89;0;80;0;
24479;5559687;1016602624;24260608;1118597120;0;0;0;0;0;0;0;0;0;0;0;3477;0;0;89;0;80;0;
24480;5178652;1016602624;24260608;1118597120;0;0;0;0;0;0;0;0;0;0;0;3025;0;0;89;0;80;0;
24481;5101017;1016602624;24260608;1118597120;0;0;0;0;0;0;0;0;0;0;0;2635;0;0;89;0;80;0;
24482;4148110;1016602624;24260608;1118597120;0;0;0;0;0;0;0;0;0;0;0;3967;0;0;89;0;80;0;
24483;5861412;1016602624;24260608;1118597120;0;0;0;0;0;0;0;0;0;0;0;4168;0;0;89;0;80;0;
24484;5361224;1016602624;24260608;1118597120;0;0;0;0;0;0;0;0;0;0;0;3957;0;0;89;0;80;0;
24485;6277923;1016602624;24260608;1118597120;0;0;0;0;0;0;0;0;0;0;0;4909;0;0;89;0;80;0;
24486;4547598;1016602624;24260608;1118597120;0;0;0;0;0;0;0;0;0;0;0;3547;0;0;89;0;80;0;
24487;6353846;1016602624;24260608;1118597120;0;0;0;0;0;0;0;0;0;0;0;3247;0;0;89;0;80;0;
24488;3666365;1016602624;24260608;1118597120;0;0;0;0;0;0;0;0;0;0;0;3116;0;0;89;0;80;0;
24489;6164561;1016602624;24260608;1118597120;0;0;0;0;0;0;0;0;0;0;0;4498;0;0;89;0;80;0;
24490;5153224;1016602624;24260608;1118597120;0;0;0;0;0;0;0;0;0;0;0;4098;0;0;89;0;80;0;
24491;7054580;1022406656;31825920;1126162432;0;0;0;0;0;0;0;0;0;0;0;4258;0;0;89;0;80;0;
24492;4290466;1022406656;31825920;1126162432;0;0;0;0;0;0;0;0;0;0;0;4138;0;0;89;0;80;0;
24493;6438976;1022406656;31825920;1126162432;0;0;0;0;0;0;0;0;0;0;0;3056;0;0;89;0;80;0;
24494;5473365;1022406656;31825920;1126162432;0;0;0;0;0;0;0;0;0;0;0;4228;0;0;89;0;80;0;
24495;7785181;1022406656;31825920;1126162432;0;0;0;0;0;0;0;0;0;0;0;3417;0;0;89;0;80;0;
24496;5864157;1022406656;31825920;1126162432;0;0;0;0;0;0;0;0;0;0;0;4228;0;0;89;0;80;0;
24497;6338958;1022406656;31825920;1126162432;0;0;0;0;0;0;0;0;0;0;0;3687;0;0;89;0;80;0;
24498;4946847;1022406656;31825920;1126162432;0;0;0;0;0;0;0;0;0;0;0;3857;0;0;89;0;80;0;
24499;6375366;1022406656;31825920;1126162432;0;0;0;0;0;0;0;0;0;0;0;3567;0;0;89;0;80;0;
24500;5825445;1016602624;24260608;1118597120;0;0;0;0;0;0;0;0;0;0;0;13496;0;0;89;0;80;0;
24501;5942635;1016602624;24260608;1118597120;0;0;0;0;0;0;0;0;0;0;0;6181;0;0;89;0;80;0;
24502;4429828;1016602624;24260608;1118597120;0;0;0;0;0;0;0;0;0;0;0;3106;0;0;89;0;80;0;
24503;5819895;1016602624;24260608;1118597120;0;0;0;0;0;0;0;0;0;0;0;3837;0;0;89;0;80;0;
24504;4850917;1016602624;24260608;1118597120;0;0;0;0;0;0;0;0;0;0;0;3747;0;0;89;0;80;0;
24505;4991181;1016602624;24260608;1118597120;0;0;0;0;0;0;0;0;0;0;0;3737;0;0;89;0;80;0;
24506;5172200;1016602624;24260608;1118597120;0;0;0;0;0;0;0;0;0;0;0;3747;0;0;89;0;80;0;
24507;5957342;1016602624;24260608;1118597120;0;0;0;0;0;0;0;0;0;0;0;3096;0;0;89;0;80;0;
24508;5684420;1016602624;24260608;1118597120;0;0;0;0;0;0;0;0;0;0;0;3566;0;0;89;0;80;0;
24509;5460711;1016602624;24260608;1118597120;0;0;0;0;0;0;0;0;0;0;0;3717;0;0;89;0;80;0;
24510;6509487;1016602624;24260608;1118597120;0;0;0;0;0;0;0;0;0;0;0;3838;0;0;89;0;80;0;
24511;6778261;1016602624;24260608;1118597120;0;0;0;0;0;0;0;0;0;0;0;3837;0;0;89;0;80;0;
24512;6166755;1016602624;24260608;1118597120;0;0;0;0;0;0;0;0;0;0;0;4278;0;0;89;0;80;0;
24513;7577150;1016602624;24260608;1118597120;0;0;0;0;0;0;0;0;0;0;0;3586;0;0;89;0;80;0;
24514;4242897;1016602624;24260608;1118597120;0;0;0;0;0;0;0;0;0;0;0;3857;0;0;89;0;80;0;
24515;5655787;1016602624;24260608;1118597120;0;0;0;0;0;0;0;0;0;0;0;3657;0;0;89;0;80;0;
24516;3912197;1016602624;24260608;1118597120;0;0;0;0;0;0;0;0;0;0;0;3476;0;0;89;0;80;0;
24517;6240052;1016602624;24260608;1118597120;0;0;0;0;0;0;0;0;0;0;0;3436;0;0;89;0;80;0;
24518;4494149;1016602624;24260608;1118597120;0;0;0;0;0;0;0;0;0;0;0;3456;0;0;89;0;80;0;
24519;6720945;1016602624;24260608;1118597120;0;0;0;0;0;0;0;0;0;0;0;2755;0;0;89;0;80;0;
24520;3593479;1016602624;24260608;1118597120;0;0;0;0;0;0;0;0;0;0;0;3466;0;0;89;0;80;0;
24521;6010241;1016602624;24260608;1118597120;0;0;0;0;0;0;0;0;0;0;0;3667;0;0;89;0;80;0;
24522;4264498;1016602624;24260608;1118597120;0;0;0;0;0;0;0;0;0;0;0;3106;0;0;89;0;80;0;
24523;4984878;1016602624;24260608;1118597120;0;0;0;0;0;0;0;0;0;0;0;3557;0;0;89;0;80;0;
24524;4695847;1016602624;24260608;1118597120;0;0;0;0;0;0;0;0;0;0;0;3216;0;0;89;0;80;0;
24525;5428401;1016602624;24260608;1118597120;0;0;0;0;0;0;0;0;0;0;0;3817;0;0;89;0;80;0;
24526;4830239;1016602624;24260608;1118597120;0;0;0;0;0;0;0;0;0;0;0;3206;0;0;89;0;80;0;
24527;5101687;1016602624;24260608;1118597120;0;0;0;0;0;0;0;0;0;0;0;3196;0;0;89;0;80;0;
24528;4028795;1016602624;24260608;1118597120;0;0;0;0;0;0;0;0;0;0;0;3246;0;0;89;0;80;0;
24529;5632794;1016602624;24260608;1118597120;0;0;0;0;0;0;0;0;0;0;0;2595;0;0;89;0;80;0;
24530;4462519;1016602624;24260608;1118597120;0;0;0;0;0;0;0;0;0;0;0;3267;0;0;89;0;80;0;
24531;5572731;1016602624;24260608;1118597120;0;0;0;0;0;0;0;0;0;0;0;2635;0;0;89;0;80;0;
24532;4022223;1016602624;24260608;1118597120;0;0;0;0;0;0;0;0;0;0;0;3397;0;0;89;0;80;0;
24533;5203979;1016602624;24260608;1118597120;0;0;0;0;0;0;0;0;0;0;0;2915;0;0;89;0;80;0;
24534;3976016;1016602624;24260608;1118597120;0;0;0;0;0;0;0;0;0;0;0;2935;0;0;89;0;80;0;
24535;5596555;1016602624;24260608;1118597120;0;0;0;0;0;0;0;0;0;0;0;2635;0;0;89;0;80;0;
24536;4339739;1016602624;24260608;1118597120;0;0;0;0;0;0;0;0;0;0;0;3266;0;0;89;0;80;0;
24537;5082622;1016602624;24260608;1118597120;0;0;0;0;0;0;0;0;0;0;0;2665;0;0;89;0;80;0;
24538;3804906;1016602624;24260608;1118597120;0;0;0;0;0;0;0;0;0;0;0;3176;0;0;89;0;80;0;
24539;5918489;1016602624;24260608;1118597120;0;0;0;0;0;0;0;0;0;0;0;2736;0;0;89;0;80;0;
24540;3757957;1016602624;24260608;1118597120;0;0;0;0;0;0;0;0;0;0;0;3186;0;0;89;0;80;0;
24541;4724320;1016602624;24260608;1118597120;0;0;0;0;0;0;0;0;0;0;0;2775;0;0;89;0;80;0;
24542;3902829;1016602624;24260608;1118597120;0;0;0;0;0;0;0;0;0;0;0;3196;0;0;89;0;80;0;
24543;5337370;1016602624;24260608;1118597120;0;0;0;0;0;0;0;0;0;0;0;2835;0;0;89;0;80;0;
24544;3669572;1016602624;24260608;1118597120;0;0;0;0;0;0;0;0;0;0;0;3006;0;0;89;0;80;0;
24545;5533899;1016602624;24260608;1118597120;0;0;0;0;0;0;0;0;0;0;0;2454;0;0;89;0;80;0;
24546;4427784;1016602624;24260608;1118597120;0;0;0;0;0;0;0;0;0;0;0;3807;0;0;89;0;80;0;
24547;4819048;1016602624;24260608;1118597120;0;0;0;0;0;0;0;0;0;0;0;2725;0;0;89;0;80;0;
24548;4220425;1016602624;24260608;1118597120;0;0;0;0;0;0;0;0;0;0;0;3166;0;0;89;0;80;0;
24549;5918038;1016602624;24260608;1118597120;0;0;0;0;0;0;0;0;0;0;0;2535;0;0;89;0;80;0;
24550;4124134;1016602624;24260608;1118597120;0;0;0;0;0;0;0;0;0;0;0;3346;0;0;89;0;80;0;
24551;5361165;1016602624;24260608;1118597120;0;0;0;0;0;0;0;0;0;0;0;2504;0;0;89;0;80;0;
24552;4097985;1016602624;24260608;1118597120;0;0;0;0;0;0;0;0;0;0;0;3486;0;0;89;0;80;0;
24553;5716872;1016602624;24268800;1118605312;0;0;0;0;0;0;0;0;0;0;0;3947;0;0;89;0;80;0;
24554;3856563;1016602624;24268800;1118605312;0;0;0;0;0;0;0;0;0;0;0;3346;0;0;89;0;80;0;
24555;4665940;1016602624;24268800;1118605312;0;0;0;0;0;0;0;0;0;0;0;2766;0;0;89;0;80;0;
24556;3536783;1016602624;24268800;1118605312;0;0;0;0;0;0;0;0;0;0;0;4107;0;0;89;0;80;0;
24557;5884877;1016602624;24268800;1118605312;0;0;0;0;0;0;0;0;0;0;0;2866;0;0;89;0;80;0;
24558;3940641;1016602624;24268800;1118605312;0;0;0;0;0;0;0;0;0;0;0;3386;0;0;89;0;80;0;
24559;4879101;1016602624;24268800;1118605312;0;0;0;0;0;0;0;0;0;0;0;2515;0;0;89;0;80;0;
24560;3289159;1016602624;24260608;1118597120;0;0;0;0;0;0;0;0;0;0;0;2575;0;0;89;0;80;0;
24561;5448428;1016602624;24260608;1118597120;0;0;0;0;0;0;0;0;0;0;0;2495;0;0;89;0;80;0;
24562;3400177;1016602624;24260608;1118597120;0;0;0;0;0;0;0;0;0;0;0;3126;0;0;89;0;80;0;
24563;4692170;1016602624;24260608;1118597120;0;0;0;0;0;0;0;0;0;0;0;2585;0;0;89;0;80;0;
24564;3232723;1016602624;24260608;1118597120;0;0;0;0;0;0;0;0;0;0;0;2995;0;0;89;0;80;0;
24565;4708160;1016602624;24260608;1118597120;0;0;0;0;0;0;0;0;0;0;0;2485;0;0;89;0;80;0;
24566;3082280;1016602624;24260608;1118597120;0;0;0;0;0;0;0;0;0;0;0;3126;0;0;89;0;80;0;
24567;4644420;1016602624;24260608;1118597120;0;0;0;0;0;0;0;0;0;0;0;2575;0;0;89;0;80;0;
24568;3039931;1016602624;24260608;1118597120;0;0;0;0;0;0;0;0;0;0;0;3106;0;0;89;0;80;0;
24569;5504202;1016602624;24260608;1118597120;0;0;0;0;0;0;0;0;0;0;0;2605;0;0;89;0;80;0;
24570;3504643;1016602624;24260608;1118597120;0;0;0;0;0;0;0;0;0;0;0;311454;0;0;89;0;80;0;
24571;5581818;1016602624;24260608;1118597120;0;0;0;0;0;0;0;0;0;0;0;2464;0;0;89;0;80;0;
24572;3350644;1016602624;24260608;1118597120;0;0;0;0;0;0;0;0;0;0;0;2786;0;0;89;0;80;0;
24573;5861723;1016602624;24260608;1118597120;0;0;0;0;0;0;0;0;0;0;0;2665;0;0;89;0;80;0;
24574;2665139;1016602624;24260608;1118597120;0;0;0;0;0;0;0;0;0;0;0;3226;0;0;89;0;80;0;
24575;4720172;1016602624;24260608;1118597120;0;0;0;0;0;0;0;0;0;0;0;2605;0;0;89;0;80;0;
24576;2463279;1016602624;24260608;1118597120;0;0;0;0;0;0;0;0;0;0;0;2444;0;0;89;0;80;0;
24577;5141483;1016602624;24260608;1118597120;0;0;0;0;0;0;0;0;0;0;0;2455;0;0;89;0;80;0;
24578;3472131;1016602624;24260608;1118597120;0;0;0;0;0;0;0;0;0;0;0;2865;0;0;89;0;80;0;
24579;4881796;1016602624;24260608;1118597120;0;0;0;0;0;0;0;0;0;0;0;2404;0;0;89;0;80;0;
24580;3642121;1016602624;24260608;1118597120;0;0;0;0;0;0;0;0;0;0;0;2705;0;0;89;0;80;0;
24581;5530351;1016602624;24260608;1118597120;0;0;0;0;0;0;0;0;0;0;0;2434;0;0;89;0;80;0;
24582;3705850;1016602624;24260608;1118597120;0;0;0;0;0;0;0;0;0;0;0;3196;0;0;89;0;80;0;
24583;4778893;1016602624;24260608;1118597120;0;0;0;0;0;0;0;0;0;0;0;2575;0;0;89;0;80;0;
24584;3652459;1016602624;24260608;1118597120;0;0;0;0;0;0;0;0;0;0;0;3947;0;0;89;0;80;0;
24585;5729505;1022406656;31825920;1126162432;0;0;0;0;0;0;0;0;0;0;0;3146;0;0;89;0;80;0;
24586;3368106;1022406656;31825920;1126162432;0;0;0;0;0;0;0;0;0;0;0;3206;0;0;89;0;80;0;
24587;5099183;1022406656;31825920;1126162432;0;0;0;0;0;0;0;0;0;0;0;2765;0;0;89;0;80;0;
24588;4222138;1022406656;31825920;1126162432;0;0;0;0;0;0;0;0;0;0;0;3787;0;0;89;0;80;0;
24589;5402752;1022406656;31825920;1126162432;0;0;0;0;0;0;0;0;0;0;0;2735;0;0;89;0;80;0;
24590;5097340;1022406656;31825920;1126162432;0;0;0;0;0;0;0;0;0;0;0;3426;0;0;89;0;80;0;
24591;5578973;1022406656;31825920;1126162432;0;0;0;0;0;0;0;0;0;0;0;3045;0;0;89;0;80;0;
24592;3221281;1022406656;31825920;1126162432;0;0;0;0;0;0;0;0;0;0;0;3126;0;0;89;0;80;0;
24593;5519672;1022406656;31825920;1126162432;0;0;0;0;0;0;0;0;0;0;0;2445;0;0;89;0;80;0;
24594;4591450;1016602624;24260608;1118597120;0;0;0;0;0;0;0;0;0;0;0;3657;0;0;89;0;80;0;
24595;5942695;1016602624;24260608;1118597120;0;0;0;0;0;0;0;0;0;0;0;3437;0;0;89;0;80;0;
24596;3807911;1016602624;24260608;1118597120;0;0;0;0;0;0;0;0;0;0;0;3276;0;0;89;0;80;0;
24597;5140440;1016602624;24260608;1118597120;0;0;0;0;0;0;0;0;0;0;0;3947;0;0;89;0;80;0;
24598;2591751;1016602624;24260608;1118597120;0;0;0;0;0;0;0;0;0;0;0;2856;0;0;89;0;80;0;
24599;5826818;1016602624;24260608;1118597120;0;0;0;0;0;0;0;0;0;0;0;3357;0;0;89;0;80;0;
24600;3321098;1016602624;24260608;1118597120;0;0;0;0;0;0;0;0;0;0;0;2815;0;0;89;0;80;0;
24601;5059258;1016602624;24260608;1118597120;0;0;0;0;0;0;0;0;0;0;0;3266;0;0;89;0;80;0;
24602;3383645;1016602624;24260608;1118597120;0;0;0;0;0;0;0;0;0;0;0;3206;0;0;89;0;80;0;
24603;5109442;1016602624;24260608;1118597120;0;0;0;0;0;0;0;0;0;0;0;2565;0;0;89;0;80;0;
24604;2862468;1016602624;24260608;1118597120;0;0;0;0;0;0;0;0;0;0;0;3116;0;0;89;0;80;0;
24605;5279020;1016602624;24260608;1118597120;0;0;0;0;0;0;0;0;0;0;0;2485;0;0;89;0;80;0;
24606;3244966;1016602624;24260608;1118597120;0;0;0;0;0;0;0;0;0;0;0;3577;0;0;89;0;80;0;
24607;5110364;1016602624;24260608;1118597120;0;0;0;0;0;0;0;0;0;0;0;1963;0;0;89;0;80;0;
24608;3175415;1016602624;24260608;1118597120;0;0;0;0;0;0;0;0;0;0;0;3606;0;0;89;0;80;0;
24609;4492496;1016602624;24260608;1118597120;0;0;0;0;0;0;0;0;0;0;0;1833;0;0;89;0;80;0;
24610;2621106;1016602624;24260608;1118597120;0;0;0;0;0;0;0;0;0;0;0;3397;0;0;89;0;80;0;
24611;5269402;1016602624;24260608;1118597120;0;0;0;0;0;0;0;0;0;0;0;2715;0;0;89;0;80;0;
24612;2624202;1016602624;24260608;1118597120;0;0;0;0;0;0;0;0;0;0;0;2535;0;0;89;0;80;0;
24613;4714721;1016602624;24260608;1118597120;0;0;0;0;0;0;0;0;0;0;0;2374;0;0;89;0;80;0;
24614;2946867;1016602624;24260608;1118597120;0;0;0;0;0;0;0;0;0;0;0;2285;0;0;89;0;80;0;
24615;4876636;1016602624;24260608;1118597120;0;0;0;0;0;0;0;0;0;0;0;1694;0;0;89;0;80;0;
24616;2418616;1016602624;24260608;1118597120;0;0;0;0;0;0;0;0;0;0;0;2054;0;0;89;0;80;0;
24617;5477352;1016602624;24260608;1118597120;0;0;0;0;0;0;0;0;0;0;0;2164;0;0;89;0;80;0;
24618;2867087;1016602624;24260608;1118597120;0;0;0;0;0;0;0;0;0;0;0;2485;0;0;89;0;80;0;
24619;5723494;1016602624;24260608;1118597120;0;0;0;0;0;0;0;0;0;0;0;2515;0;0;89;0;80;0;
24620;2788650;1016602624;24260608;1118597120;0;0;0;0;0;0;0;0;0;0;0;2926;0;0;89;0;80;0;
24621;4553650;1016602624;24260608;1118597120;0;0;0;0;0;0;0;0;0;0;0;2244;0;0;89;0;80;0;
24622;3143525;1016602624;24260608;1118597120;0;0;0;0;0;0;0;0;0;0;0;2424;0;0;89;0;80;0;
24623;4841359;1016602624;24260608;1118597120;0;0;0;0;0;0;0;0;0;0;0;2394;0;0;89;0;80;0;
24624;2517892;1016602624;24260608;1118597120;0;0;0;0;0;0;0;0;0;0;0;2495;0;0;89;0;80;0;
24625;4860405;1016602624;24260608;1118597120;0;0;0;0;0;0;0;0;0;0;0;1984;0;0;89;0;80;0;
24626;2625303;1016602624;24260608;1118597120;0;0;0;0;0;0;0;0;0;0;0;2385;0;0;89;0;80;0;
24627;4506701;1016602624;24260608;1118597120;0;0;0;0;0;0;0;0;0;0;0;2264;0;0;89;0;80;0;
24628;3110363;1016602624;24260608;1118597120;0;0;0;0;0;0;0;0;0;0;0;2796;0;0;89;0;80;0;
24629;4892104;1016602624;24260608;1118597120;0;0;0;0;0;0;0;0;0;0;0;1874;0;0;89;0;80;0;
24630;1654944;1016602624;24260608;1118597120;0;0;0;0;0;0;0;0;0;0;0;2234;0;0;89;0;80;0;
24631;4619193;1016602624;24260608;1118597120;0;0;0;0;0;0;0;0;0;0;0;2124;0;0;89;0;80;0;
24632;3372194;1016602624;24260608;1118597120;0;0;0;0;0;0;0;0;0;0;0;2645;0;0;89;0;80;0;
24633;5262519;1016602624;24260608;1118597120;0;0;0;0;0;0;0;0;0;0;0;2304;0;0;89;0;80;0;
24634;2532188;1016602624;24260608;1118597120;0;0;0;0;0;0;0;0;0;0;0;2434;0;0;89;0;80;0;
24635;4813027;1016602624;24260608;1118597120;0;0;0;0;0;0;0;0;0;0;0;1894;0;0;89;0;80;0;
24636;2581220;1016602624;24260608;1118597120;0;0;0;0;0;0;0;0;0;0;0;2195;0;0;89;0;80;0;
24637;4339218;1016602624;24260608;1118597120;0;0;0;0;0;0;0;0;0;0;0;1793;0;0;89;0;80;0;
24638;3189923;1016602624;24260608;1118597120;0;0;0;0;0;0;0;0;0;0;0;2645;0;0;89;0;80;0;
24639;5091979;1016602624;24260608;1118597120;0;0;0;0;0;0;0;0;0;0;0;2224;0;0;89;0;80;0;
24640;2393498;1016602624;24260608;1118597120;0;0;0;0;0;0;0;0;0;0;0;2464;0;0;89;0;80;0;
24641;5586637;1016602624;24260608;1118597120;0;0;0;0;0;0;0;0;0;0;0;2194;0;0;89;0;80;0;
24642;4656663;1016602624;24260608;1118597120;0;0;0;0;0;0;0;0;0;0;0;4378;0;0;89;0;80;0;
24643;5399376;1016602624;24260608;1118597120;0;0;0;0;0;0;0;0;0;0;0;2675;0;0;89;0;80;0;
24644;3943125;1016602624;24260608;1118597120;0;0;0;0;0;0;0;0;0;0;0;2655;0;0;89;0;80;0;
24645;5465119;1016602624;24260608;1118597120;0;0;0;0;0;0;0;0;0;0;0;2845;0;0;89;0;80;0;
24646;3910804;1016602624;24260608;1118597120;0;0;0;0;0;0;0;0;0;0;0;2775;0;0;89;0;80;0;
24647;5502009;1016602624;24260608;1118597120;0;0;0;0;0;0;0;0;0;0;0;2454;0;0;89;0;80;0;
24648;4232808;1016602624;24260608;1118597120;0;0;0;0;0;0;0;0;0;0;0;3116;0;0;89;0;80;0;
24649;5243925;1016602624;24260608;1118597120;0;0;0;0;0;0;0;0;0;0;0;2224;0;0;89;0;80;0;
24650;3877722;1016602624;24260608;1118597120;0;0;0;0;0;0;0;0;0;0;0;3417;0;0;89;0;80;0;
24651;6226647;1016602624;24260608;1118597120;0;0;0;0;0;0;0;0;0;0;0;2775;0;0;89;0;80;0;
24652;3890406;1016602624;24260608;1118597120;0;0;0;0;0;0;0;0;0;0;0;3286;0;0;89;0;80;0;
24653;5970297;1016602624;24260608;1118597120;0;0;0;0;0;0;0;0;0;0;0;2505;0;0;89;0;80;0;
24654;4633690;1016602624;24260608;1118597120;0;0;0;0;0;0;0;0;0;0;0;3046;0;0;89;0;80;0;
24655;6728499;1016602624;24260608;1118597120;0;0;0;0;0;0;0;0;0;0;0;3165;0;0;89;0;80;0;
24656;3341917;1016602624;24260608;1118597120;0;0;0;0;0;0;0;0;0;0;0;3386;0;0;89;0;80;0;
24657;6333527;1016602624;24260608;1118597120;0;0;0;0;0;0;0;0;0;0;0;2695;0;0;89;0;80;0;
24658;3884235;1016602624;24260608;1118597120;0;0;0;0;0;0;0;0;0;0;0;3376;0;0;89;0;80;0;
24659;4902965;1016602624;24260608;1118597120;0;0;0;0;0;0;0;0;0;0;0;2936;0;0;89;0;80;0;
24660;2958639;1016602624;24260608;1118597120;0;0;0;0;0;0;0;0;0;0;0;3046;0;0;89;0;80;0;
24661;5141983;1016602624;24260608;1118597120;0;0;0;0;0;0;0;0;0;0;0;2615;0;0;89;0;80;0;
24662;3177660;1016602624;24260608;1118597120;0;0;0;0;0;0;0;0;0;0;0;3116;0;0;89;0;80;0;
24663;5907118;1016602624;24260608;1118597120;0;0;0;0;0;0;0;0;0;0;0;2465;0;0;89;0;80;0;
24664;3501747;1016602624;24260608;1118597120;0;0;0;0;0;0;0;0;0;0;0;3066;0;0;89;0;80;0;
24665;5061572;1016602624;24260608;1118597120;0;0;0;0;0;0;0;0;0;0;0;2374;0;0;89;0;80;0;
24666;4061307;1016602624;24260608;1118597120;0;0;0;0;0;0;0;0;0;0;0;2715;0;0;89;0;80;0;
24667;4711946;1016602624;24260608;1118597120;0;0;0;0;0;0;0;0;0;0;0;2325;0;0;89;0;80;0;
24668;2689324;1016602624;24260608;1118597120;0;0;0;0;0;0;0;0;0;0;0;2584;0;0;89;0;80;0;
24669;4807897;1016602624;24260608;1118597120;0;0;0;0;0;0;0;0;0;0;0;2715;0;0;89;0;80;0;
24670;4342985;1016602624;24260608;1118597120;0;0;0;0;0;0;0;0;0;0;0;2805;0;0;89;0;80;0;
24671;5323093;1016602624;24260608;1118597120;0;0;0;0;0;0;0;0;0;0;0;2766;0;0;89;0;80;0;
24672;3549396;1016602624;24260608;1118597120;0;0;0;0;0;0;0;0;0;0;0;2655;0;0;89;0;80;0;
24673;4498185;1016602624;24260608;1118597120;0;0;0;0;0;0;0;0;0;0;0;2565;0;0;89;0;80;0;
24674;4100270;1016602624;24260608;1118597120;0;0;0;0;0;0;0;0;0;0;0;2785;0;0;89;0;80;0;
24675;5241359;1016602624;24260608;1118597120;0;0;0;0;0;0;0;0;0;0;0;2505;0;0;89;0;80;0;
24676;2994546;1016602624;24260608;1118597120;0;0;0;0;0;0;0;0;0;0;0;2805;0;0;89;0;80;0;
24677;5532175;1016602624;24260608;1118597120;0;0;0;0;0;0;0;0;0;0;0;2504;0;0;89;0;80;0;
24678;4082947;1016602624;24260608;1118597120;0;0;0;0;0;0;0;0;0;0;0;3457;0;0;89;0;80;0;
24679;5406869;1016602624;24260608;1118597120;0;0;0;0;0;0;0;0;0;0;0;2905;0;0;89;0;80;0;
24680;3282476;1016602624;24260608;1118597120;0;0;0;0;0;0;0;0;0;0;0;2905;0;0;89;0;80;0;
24681;4572866;1016602624;24260608;1118597120;0;0;0;0;0;0;0;0;0;0;0;2615;0;0;89;0;80;0;
24682;3495054;1016602624;24260608;1118597120;0;0;0;0;0;0;0;0;0;0;0;3036;0;0;89;0;80;0;
24683;4803578;1016602624;24260608;1118597120;0;0;0;0;0;0;0;0;0;0;0;2304;0;0;89;0;80;0;
24684;3168833;1016602624;24260608;1118597120;0;0;0;0;0;0;0;0;0;0;0;3016;0;0;89;0;80;0;
24685;4972045;1016602624;24260608;1118597120;0;0;0;0;0;0;0;0;0;0;0;2284;0;0;89;0;80;0;
24686;4267794;1016602624;24260608;1118597120;0;0;0;0;0;0;0;0;0;0;0;3056;0;0;89;0;80;0;
24687;4759756;1016602624;24260608;1118597120;0;0;0;0;0;0;0;0;0;0;0;2756;0;0;89;0;80;0;
24688;3858446;1016602624;24260608;1118597120;0;0;0;0;0;0;0;0;0;0;0;3026;0;0;89;0;80;0;
24689;10993988;1016602624;24260608;1118597120;0;0;0;0;0;0;0;0;0;0;0;2495;0;0;89;0;80;0;
24690;4236075;1016602624;24260608;1118597120;0;0;0;0;0;0;0;0;0;0;0;3316;0;0;89;0;80;0;
24691;5391461;1016602624;24260608;1118597120;0;0;0;0;0;0;0;0;0;0;0;2495;0;0;89;0;80;0;
24692;2514366;1016602624;24260608;1118597120;0;0;0;0;0;0;0;0;0;0;0;3296;0;0;89;0;80;0;
24693;5692886;1016602624;24260608;1118597120;0;0;0;0;0;0;0;0;0;0;0;2525;0;0;89;0;80;0;
24694;3241009;1016602624;24260608;1118597120;0;0;0;0;0;0;0;0;0;0;0;3196;0;0;89;0;80;0;
24695;5978683;1016602624;24260608;1118597120;0;0;0;0;0;0;0;0;0;0;0;2776;0;0;89;0;80;0;
24696;3685231;1016602624;24260608;1118597120;0;0;0;0;0;0;0;0;0;0;0;2855;0;0;89;0;80;0;
24697;5097360;1016602624;24260608;1118597120;0;0;0;0;0;0;0;0;0;0;0;2574;0;0;89;0;80;0;
24698;4167686;1016602624;24260608;1118597120;0;0;0;0;0;0;0;0;0;0;0;3076;0;0;89;0;80;0;
24699;5752919;1016602624;24260608;1118597120;0;0;0;0;0;0;0;0;0;0;0;2314;0;0;89;0;80;0;
24700;4105209;1016602624;24260608;1118597120;0;0;0;0;0;0;0;0;0;0;0;2906;0;0;89;0;80;0;
24701;5520914;1016602624;24260608;1118597120;0;0;0;0;0;0;0;0;0;0;0;2425;0;0;89;0;80;0;
24702;3916104;1016602624;24260608;1118597120;0;0;0;0;0;0;0;0;0;0;0;3136;0;0;89;0;80;0;
24703;6133132;1022406656;31825920;1126162432;0;0;0;0;0;0;0;0;0;0;0;3346;0;0;89;0;80;0;
24704;3476700;1022406656;31825920;1126162432;0;0;0;0;0;0;0;0;0;0;0;3387;0;0;89;0;80;0;
24705;5998870;1022406656;31825920;1126162432;0;0;0;0;0;0;0;0;0;0;0;3306;0;0;89;0;80;0;
24706;3539087;1022406656;31825920;1126162432;0;0;0;0;0;0;0;0;0;0;0;3586;0;0;89;0;80;0;
24707;4915008;1022406656;31825920;1126162432;0;0;0;0;0;0;0;0;0;0;0;3106;0;0;89;0;80;0;
24708;3725366;1022406656;31825920;1126162432;0;0;0;0;0;0;0;0;0;0;0;3026;0;0;89;0;80;0;
24709;5756025;1022406656;31825920;1126162432;0;0;0;0;0;0;0;0;0;0;0;2855;0;0;89;0;80;0;
24710;3472803;1022406656;31825920;1126162432;0;0;0;0;0;0;0;0;0;0;0;3586;0;0;89;0;80;0;
24711;5298626;1022406656;31825920;1126162432;0;0;0;0;0;0;0;0;0;0;0;2655;0;0;89;0;80;0;
24712;3602516;1016602624;24260608;1118597120;0;0;0;0;0;0;0;0;0;0;0;2725;0;0;89;0;80;0;
24713;5379168;1016602624;24260608;1118597120;0;0;0;0;0;0;0;0;0;0;0;2204;0;0;89;0;80;0;
24714;3054117;1016602624;24260608;1118597120;0;0;0;0;0;0;0;0;0;0;0;2585;0;0;89;0;80;0;
24715;4845618;1016602624;24260608;1118597120;0;0;0;0;0;0;0;0;0;0;0;2414;0;0;89;0;80;0;
24716;3031576;1016602624;24260608;1118597120;0;0;0;0;0;0;0;0;0;0;0;3045;0;0;89;0;80;0;
24717;4941898;1016602624;24260608;1118597120;0;0;0;0;0;0;0;0;0;0;0;2585;0;0;89;0;80;0;
24718;4353315;1016602624;24260608;1118597120;0;0;0;0;0;0;0;0;0;0;0;3697;0;0;89;0;80;0;
24719;4873520;1016602624;24260608;1118597120;0;0;0;0;0;0;0;0;0;0;0;2825;0;0;89;0;80;0;
24720;2629661;1016602624;24260608;1118597120;0;0;0;0;0;0;0;0;0;0;0;3607;0;0;89;0;80;0;
24721;5336868;1016602624;24260608;1118597120;0;0;0;0;0;0;0;0;0;0;0;2385;0;0;89;0;80;0;
24722;3979443;1016602624;24260608;1118597120;0;0;0;0;0;0;0;0;0;0;0;3146;0;0;89;0;80;0;
24723;4846409;1016602624;24260608;1118597120;0;0;0;0;0;0;0;0;0;0;0;2354;0;0;89;0;80;0;
24724;3743630;1016602624;24260608;1118597120;0;0;0;0;0;0;0;0;0;0;0;2725;0;0;89;0;80;0;
24725;5684621;1016602624;24260608;1118597120;0;0;0;0;0;0;0;0;0;0;0;2695;0;0;89;0;80;0;
24726;3492159;1016602624;24260608;1118597120;0;0;0;0;0;0;0;0;0;0;0;3186;0;0;89;0;80;0;
24727;5604280;1016602624;24260608;1118597120;0;0;0;0;0;0;0;0;0;0;0;2695;0;0;89;0;80;0;
24728;3775771;1016602624;24260608;1118597120;0;0;0;0;0;0;0;0;0;0;0;3817;0;0;89;0;80;0;
24729;4998724;1016602624;24260608;1118597120;0;0;0;0;0;0;0;0;0;0;0;2835;0;0;89;0;80;0;
24730;3668499;1016602624;24260608;1118597120;0;0;0;0;0;0;0;0;0;0;0;2795;0;0;89;0;80;0;
24731;4687340;1016602624;24260608;1118597120;0;0;0;0;0;0;0;0;0;0;0;2475;0;0;89;0;80;0;
24732;3133536;1016602624;24260608;1118597120;0;0;0;0;0;0;0;0;0;0;0;3136;0;0;89;0;80;0;
24733;5404606;1016602624;24260608;1118597120;0;0;0;0;0;0;0;0;0;0;0;2886;0;0;89;0;80;0;
24734;2999164;1016602624;24260608;1118597120;0;0;0;0;0;0;0;0;0;0;0;3396;0;0;89;0;80;0;
24735;4531999;1016602624;24260608;1118597120;0;0;0;0;0;0;0;0;0;0;0;2675;0;0;89;0;80;0;
24736;4074391;1016602624;24260608;1118597120;0;0;0;0;0;0;0;0;0;0;0;3056;0;0;89;0;80;0;
24737;4764255;1016602624;24260608;1118597120;0;0;0;0;0;0;0;0;0;0;0;2935;0;0;89;0;80;0;
24738;2910368;1016602624;24260608;1118597120;0;0;0;0;0;0;0;0;0;0;0;2775;0;0;89;0;80;0;
24739;4952458;1016602624;24260608;1118597120;0;0;0;0;0;0;0;0;0;0;0;2375;0;0;89;0;80;0;
24740;4120117;1016602624;24260608;1118597120;0;0;0;0;0;0;0;0;0;0;0;3376;0;0;89;0;80;0;
24741;5601756;1016602624;24260608;1118597120;0;0;0;0;0;0;0;0;0;0;0;2736;0;0;89;0;80;0;
24742;3247240;1016602624;24260608;1118597120;0;0;0;0;0;0;0;0;0;0;0;2835;0;0;89;0;80;0;
24743;5150399;1016602624;24260608;1118597120;0;0;0;0;0;0;0;0;0;0;0;2554;0;0;89;0;80;0;
24744;3729204;1016602624;24260608;1118597120;0;0;0;0;0;0;0;0;0;0;0;3567;0;0;89;0;80;0;
24745;4965582;1016602624;24260608;1118597120;0;0;0;0;0;0;0;0;0;0;0;2746;0;0;89;0;80;0;
24746;2771247;1016602624;24260608;1118597120;0;0;0;0;0;0;0;0;0;0;0;3136;0;0;89;0;80;0;
24747;4572455;1016602624;24260608;1118597120;0;0;0;0;0;0;0;0;0;0;0;2435;0;0;89;0;80;0;
24748;4291688;1016602624;24260608;1118597120;0;0;0;0;0;0;0;0;0;0;0;3105;0;0;89;0;80;0;
24749;4923664;1016602624;24260608;1118597120;0;0;0;0;0;0;0;0;0;0;0;2074;0;0;89;0;80;0;
24750;2701186;1016602624;24260608;1118597120;0;0;0;0;0;0;0;0;0;0;0;3848;0;0;89;0;80;0;
24751;5199321;1016602624;24260608;1118597120;0;0;0;0;0;0;0;0;0;0;0;2585;0;0;89;0;80;0;
24752;3009975;1016602624;24260608;1118597120;0;0;0;0;0;0;0;0;0;0;0;2736;0;0;89;0;80;0;
24753;4553840;1016602624;24260608;1118597120;0;0;0;0;0;0;0;0;0;0;0;3005;0;0;89;0;80;0;
24754;3412891;1016602624;24260608;1118597120;0;0;0;0;0;0;0;0;0;0;0;2594;0;0;89;0;80;0;
24755;4834847;1016602624;24260608;1118597120;0;0;0;0;0;0;0;0;0;0;0;2464;0;0;89;0;80;0;
24756;3538126;1016602624;24260608;1118597120;0;0;0;0;0;0;0;0;0;0;0;3206;0;0;89;0;80;0;
24757;6025350;1016602624;24260608;1118597120;0;0;0;0;0;0;0;0;0;0;0;3046;0;0;89;0;80;0;
24758;3084074;1016602624;24260608;1118597120;0;0;0;0;0;0;0;0;0;0;0;2846;0;0;89;0;80;0;
24759;5186807;1016602624;24260608;1118597120;0;0;0;0;0;0;0;0;0;0;0;2355;0;0;89;0;80;0;
24760;3483854;1016602624;24260608;1118597120;0;0;0;0;0;0;0;0;0;0;0;3036;0;0;89;0;80;0;
24761;5582068;1016602624;24260608;1118597120;0;0;0;0;0;0;0;0;0;0;0;2805;0;0;89;0;80;0;
24762;3275673;1016602624;24260608;1118597120;0;0;0;0;0;0;0;0;0;0;0;3036;0;0;89;0;80;0;
24763;5362096;1016602624;24260608;1118597120;0;0;0;0;0;0;0;0;0;0;0;2545;0;0;89;0;80;0;
24764;4064523;1016602624;24260608;1118597120;0;0;0;0;0;0;0;0;0;0;0;2856;0;0;89;0;80;0;
24765;4748536;1016602624;24260608;1118597120;0;0;0;0;0;0;0;0;0;0;0;2665;0;0;89;0;80;0;
24766;2721985;1016602624;24260608;1118597120;0;0;0;0;0;0;0;0;0;0;0;2986;0;0;89;0;80;0;
24767;5411429;1016602624;24260608;1118597120;0;0;0;0;0;0;0;0;0;0;0;2685;0;0;89;0;80;0;
24768;3777634;1016602624;24260608;1118597120;0;0;0;0;0;0;0;0;0;0;0;3075;0;0;89;0;80;0;
24769;5338332;1016602624;24260608;1118597120;0;0;0;0;0;0;0;0;0;0;0;2795;0;0;89;0;80;0;
24770;2860655;1016602624;24260608;1118597120;0;0;0;0;0;0;0;0;0;0;0;3397;0;0;89;0;80;0;
24771;5147524;1016602624;24260608;1118597120;0;0;0;0;0;0;0;0;0;0;0;2645;0;0;89;0;80;0;
24772;4406654;1016602624;24260608;1118597120;0;0;0;0;0;0;0;0;0;0;0;2645;0;0;89;0;80;0;
24773;5518950;1016602624;24260608;1118597120;0;0;0;0;0;0;0;0;0;0;0;2495;0;0;89;0;80;0;
24774;4424198;1016602624;24260608;1118597120;0;0;0;0;0;0;0;0;0;0;0;3697;0;0;89;0;80;0;
24775;5855602;1016602624;24260608;1118597120;0;0;0;0;0;0;0;0;0;0;0;2495;0;0;89;0;80;0;
24776;14448526;1016602624;24260608;1118597120;0;0;0;0;0;0;0;0;0;0;0;3496;0;0;89;0;80;0;
24777;5981988;1016602624;24260608;1118597120;0;0;0;0;0;0;0;0;0;0;0;2655;0;0;89;0;80;0;
24778;3387633;1016602624;24260608;1118597120;0;0;0;0;0;0;0;0;0;0;0;3086;0;0;89;0;80;0;
24779;5260916;1016602624;24260608;1118597120;0;0;0;0;0;0;0;0;0;0;0;3056;0;0;89;0;80;0;
24780;4597051;1016602624;24260608;1118597120;0;0;0;0;0;0;0;0;0;0;0;3306;0;0;89;0;80;0;
24781;4855246;1016602624;24260608;1118597120;0;0;0;0;0;0;0;0;0;0;0;2464;0;0;89;0;80;0;
24782;3224007;1016602624;24260608;1118597120;0;0;0;0;0;0;0;0;0;0;0;2886;0;0;89;0;80;0;
24783;5272719;1016602624;24260608;1118597120;0;0;0;0;0;0;0;0;0;0;0;2765;0;0;89;0;80;0;
24784;3537034;1016602624;24260608;1118597120;0;0;0;0;0;0;0;0;0;0;0;3056;0;0;89;0;80;0;
24785;4793520;1016602624;24260608;1118597120;0;0;0;0;0;0;0;0;0;0;0;2585;0;0;89;0;80;0;
24786;2907823;1016602624;24260608;1118597120;0;0;0;0;0;0;0;0;0;0;0;3035;0;0;89;0;80;0;
24787;5723294;1016602624;24260608;1118597120;0;0;0;0;0;0;0;0;0;0;0;2685;0;0;89;0;80;0;
24788;3406188;1016602624;24260608;1118597120;0;0;0;0;0;0;0;0;0;0;0;3016;0;0;89;0;80;0;
24789;6362031;1016602624;24260608;1118597120;0;0;0;0;0;0;0;0;0;0;0;2325;0;0;89;0;80;0;
24790;3534518;1016602624;24260608;1118597120;0;0;0;0;0;0;0;0;0;0;0;3166;0;0;89;0;80;0;
24791;4698090;1016602624;24260608;1118597120;0;0;0;0;0;0;0;0;0;0;0;2585;0;0;89;0;80;0;
24792;3587888;1016602624;24260608;1118597120;0;0;0;0;0;0;0;0;0;0;0;3015;0;0;89;0;80;0;
24793;4682381;1016602624;24260608;1118597120;0;0;0;0;0;0;0;0;0;0;0;2886;0;0;89;0;80;0;
24794;4332626;1016602624;24260608;1118597120;0;0;0;0;0;0;0;0;0;0;0;3086;0;0;89;0;80;0;
24795;5254224;1016602624;24260608;1118597120;0;0;0;0;0;0;0;0;0;0;0;2565;0;0;89;0;80;0;
24796;3730777;1016602624;24260608;1118597120;0;0;0;0;0;0;0;0;0;0;0;3827;0;0;89;0;80;0;
24797;6043414;1022406656;31825920;1126162432;0;0;0;0;0;0;0;0;0;0;0;3035;0;0;89;0;80;0;
24798;5357748;1022406656;31825920;1126162432;0;0;0;0;0;0;0;0;0;0;0;3256;0;0;89;0;80;0;
24799;5010887;1022406656;31825920;1126162432;0;0;0;0;0;0;0;0;0;0;0;2885;0;0;89;0;80;0;
24800;2667723;1022406656;31825920;1126162432;0;0;0;0;0;0;0;0;0;0;0;2765;0;0;89;0;80;0;
24801;5128729;1022406656;31825920;1126162432;0;0;0;0;0;0;0;0;0;0;0;2705;0;0;89;0;80;0;
24802;4177595;1022406656;31825920;1126162432;0;0;0;0;0;0;0;0;0;0;0;3095;0;0;89;0;80;0;
24803;4526840;1022406656;31825920;1126162432;0;0;0;0;0;0;0;0;0;0;0;2655;0;0;89;0;80;0;
24804;2260980;1022406656;31825920;1126162432;0;0;0;0;0;0;0;0;0;0;0;3327;0;0;89;0;80;0;
24805;4611829;1022406656;31825920;1126162432;0;0;0;0;0;0;0;0;0;0;0;2275;0;0;89;0;80;0;
24806;4015040;1016602624;24260608;1118597120;0;0;0;0;0;0;0;0;0;0;0;3046;0;0;89;0;80;0;
24807;5298447;1016602624;24260608;1118597120;0;0;0;0;0;0;0;0;0;0;0;2194;0;0;89;0;80;0;
24808;2770746;1016602624;24260608;1118597120;0;0;0;0;0;0;0;0;0;0;0;2916;0;0;89;0;80;0;
24809;5035083;1016602624;24260608;1118597120;0;0;0;0;0;0;0;0;0;0;0;2315;0;0;89;0;80;0;
24810;3844129;1016602624;24260608;1118597120;0;0;0;0;0;0;0;0;0;0;0;3166;0;0;89;0;80;0;
24811;5592659;1016602624;24260608;1118597120;0;0;0;0;0;0;0;0;0;0;0;2655;0;0;89;0;80;0;
24812;3952743;1016602624;24260608;1118597120;0;0;0;0;0;0;0;0;0;0;0;2976;0;0;89;0;80;0;
24813;5673290;1016602624;24260608;1118597120;0;0;0;0;0;0;0;0;0;0;0;2565;0;0;89;0;80;0;
24814;4633269;1016602624;24260608;1118597120;0;0;0;0;0;0;0;0;0;0;0;2965;0;0;89;0;80;0;
24815;5054580;1016602624;24260608;1118597120;0;0;0;0;0;0;0;0;0;0;0;2214;0;0;89;0;80;0;
24816;5596796;1016602624;24260608;1118597120;0;0;0;0;0;0;0;0;0;0;0;2806;0;0;89;0;80;0;
24817;5164065;1016602624;24260608;1118597120;0;0;0;0;0;0;0;0;0;0;0;2555;0;0;89;0;80;0;
24818;4538030;1016602624;24260608;1118597120;0;0;0;0;0;0;0;0;0;0;0;3396;0;0;89;0;80;0;
24819;5171889;1016602624;24260608;1118597120;0;0;0;0;0;0;0;0;0;0;0;2625;0;0;89;0;80;0;
24820;4936168;1016602624;24260608;1118597120;0;0;0;0;0;0;0;0;0;0;0;3907;0;0;89;0;80;0;
24821;5113380;1016602624;24260608;1118597120;0;0;0;0;0;0;0;0;0;0;0;2785;0;0;89;0;80;0;
24822;3474206;1016602624;24260608;1118597120;0;0;0;0;0;0;0;0;0;0;0;3116;0;0;89;0;80;0;
24823;5754141;1016602624;24260608;1118597120;0;0;0;0;0;0;0;0;0;0;0;2485;0;0;89;0;80;0;
24824;4563768;1016602624;24260608;1118597120;0;0;0;0;0;0;0;0;0;0;0;3186;0;0;89;0;80;0;
24825;5119772;1016602624;24260608;1118597120;0;0;0;0;0;0;0;0;0;0;0;2455;0;0;89;0;80;0;
24826;3304487;1016602624;24260608;1118597120;0;0;0;0;0;0;0;0;0;0;0;2465;0;0;89;0;80;0;
24827;5545360;1016602624;24260608;1118597120;0;0;0;0;0;0;0;0;0;0;0;2465;0;0;89;0;80;0;
24828;6638810;1016602624;24260608;1118597120;0;0;0;0;0;0;0;0;0;0;0;3987;0;0;89;0;80;0;
24829;5617024;1016602624;24260608;1118597120;0;0;0;0;0;0;0;0;0;0;0;4097;0;0;89;0;80;0;
24830;5118970;1016602624;24260608;1118597120;0;0;0;0;0;0;0;0;0;0;0;3236;0;0;89;0;80;0;
24831;5000718;1016602624;24260608;1118597120;0;0;0;0;0;0;0;0;0;0;0;3327;0;0;89;0;80;0;
24832;5409555;1016602624;24260608;1118597120;0;0;0;0;0;0;0;0;0;0;0;3417;0;0;89;0;80;0;
24833;4887085;1016602624;24260608;1118597120;0;0;0;0;0;0;0;0;0;0;0;3036;0;0;89;0;80;0;
24834;4216257;1016602624;24260608;1118597120;0;0;0;0;0;0;0;0;0;0;0;4409;0;0;89;0;80;0;
24835;5278258;1016602624;24260608;1118597120;0;0;0;0;0;0;0;0;0;0;0;3006;0;0;89;0;80;0;
24836;6503988;1016602624;24260608;1118597120;0;0;0;0;0;0;0;0;0;0;0;3958;0;0;89;0;80;0;
24837;7893513;1016602624;24260608;1118597120;0;0;0;0;0;0;0;0;0;0;0;5220;0;0;89;0;80;0;
24838;5390559;1016602624;24260608;1118597120;0;0;0;0;0;0;0;0;0;0;0;5050;0;0;89;0;80;0;
24839;6820852;1016602624;24260608;1118597120;0;0;0;0;0;0;0;0;0;0;0;4128;0;0;89;0;80;0;
24840;4915178;1016602624;24260608;1118597120;0;0;0;0;0;0;0;0;0;0;0;5350;0;0;89;0;80;0;
24841;5888032;1016602624;24260608;1118597120;0;0;0;0;0;0;0;0;0;0;0;5090;0;0;89;0;80;0;
24842;6019008;1016602624;24260608;1118597120;0;0;0;0;0;0;0;0;0;0;0;4729;0;0;89;0;80;0;
24843;5728242;1016602624;24260608;1118597120;0;0;0;0;0;0;0;0;0;0;0;3978;0;0;89;0;80;0;
24844;5887631;1016602624;24260608;1118597120;0;0;0;0;0;0;0;0;0;0;0;3818;0;0;89;0;80;0;
24845;5795098;1016602624;24260608;1118597120;0;0;0;0;0;0;0;0;0;0;0;3997;0;0;89;0;80;0;
24846;4856578;1016602624;24260608;1118597120;0;0;0;0;0;0;0;0;0;0;0;4689;0;0;89;0;80;0;
24847;6124937;1016602624;24260608;1118597120;0;0;0;0;0;0;0;0;0;0;0;4147;0;0;89;0;80;0;
24848;4856538;1016602624;24260608;1118597120;0;0;0;0;0;0;0;0;0;0;0;4088;0;0;89;0;80;0;
24849;6274587;1016602624;24260608;1118597120;0;0;0;0;0;0;0;0;0;0;0;2916;0;0;89;0;80;0;
24850;6557558;1016602624;24260608;1118597120;0;0;0;0;0;0;0;0;0;0;0;4559;0;0;89;0;80;0;
24851;7643194;1016602624;24260608;1118597120;0;0;0;0;0;0;0;0;0;0;0;5410;0;0;89;0;80;0;
24852;5129249;1016602624;24260608;1118597120;0;0;0;0;0;0;0;0;0;0;0;3547;0;0;89;0;80;0;
24853;6603554;1016602624;24260608;1118597120;0;0;0;0;0;0;0;0;0;0;0;3757;0;0;89;0;80;0;
24854;4606550;1016602624;24260608;1118597120;0;0;0;0;0;0;0;0;0;0;0;3867;0;0;89;0;80;0;
24855;5850883;1016602624;24260608;1118597120;0;0;0;0;0;0;0;0;0;0;0;3156;0;0;89;0;80;0;
24856;5605563;1016602624;24260608;1118597120;0;0;0;0;0;0;0;0;0;0;0;3777;0;0;89;0;80;0;
24857;5803514;1016602624;24260608;1118597120;0;0;0;0;0;0;0;0;0;0;0;4648;0;0;89;0;80;0;
24858;5628906;1016602624;24260608;1118597120;0;0;0;0;0;0;0;0;0;0;0;3978;0;0;89;0;80;0;
24859;8484351;1016602624;24260608;1118597120;0;0;0;0;0;0;0;0;0;0;0;4158;0;0;89;0;80;0;
24860;5568874;1016602624;24260608;1118597120;0;0;0;0;0;0;0;0;0;0;0;3917;0;0;89;0;80;0;
24861;6248980;1016602624;24260608;1118597120;0;0;0;0;0;0;0;0;0;0;0;3547;0;0;89;0;80;0;
24862;4473159;1016602624;24260608;1118597120;0;0;0;0;0;0;0;0;0;0;0;4619;0;0;89;0;80;0;
24863;5957583;1016602624;24260608;1118597120;0;0;0;0;0;0;0;0;0;0;0;3456;0;0;89;0;80;0;
24864;5766755;1016602624;24260608;1118597120;0;0;0;0;0;0;0;0;0;0;0;4849;0;0;89;0;80;0;
24865;6399862;1016602624;24260608;1118597120;0;0;0;0;0;0;0;0;0;0;0;3407;0;0;89;0;80;0;
24866;5116235;1016602624;24260608;1118597120;0;0;0;0;0;0;0;0;0;0;0;3807;0;0;89;0;80;0;
24867;6680348;1016602624;24260608;1118597120;0;0;0;0;0;0;0;0;0;0;0;3927;0;0;89;0;80;0;
24868;6641956;1016602624;24260608;1118597120;0;0;0;0;0;0;0;0;0;0;0;4148;0;0;89;0;80;0;
24869;5383216;1016602624;24260608;1118597120;0;0;0;0;0;0;0;0;0;0;0;4008;0;0;89;0;80;0;
24870;4632518;1016602624;24260608;1118597120;0;0;0;0;0;0;0;0;0;0;0;4719;0;0;89;0;80;0;
24871;6128634;1016602624;24260608;1118597120;0;0;0;0;0;0;0;0;0;0;0;3888;0;0;89;0;80;0;
24872;6570562;1016602624;24260608;1118597120;0;0;0;0;0;0;0;0;0;0;0;3998;0;0;89;0;80;0;
24873;7268732;1016602624;24260608;1118597120;0;0;0;0;0;0;0;0;0;0;0;12273;0;0;89;0;80;0;
24874;5304658;1016602624;24260608;1118597120;0;0;0;0;0;0;0;0;0;0;0;4228;0;0;89;0;80;0;
24875;7835124;1016602624;24260608;1118597120;0;0;0;0;0;0;0;0;0;0;0;3737;0;0;89;0;80;0;
24876;4716886;1016602624;24260608;1118597120;0;0;0;0;0;0;0;0;0;0;0;3567;0;0;89;0;80;0;
24877;7037548;1016602624;24260608;1118597120;0;0;0;0;0;0;0;0;0;0;0;4037;0;0;89;0;80;0;
24878;4901994;1016602624;24260608;1118597120;0;0;0;0;0;0;0;0;0;0;0;3767;0;0;89;0;80;0;
24879;7309297;1016602624;24260608;1118597120;0;0;0;0;0;0;0;0;0;0;0;4769;0;0;89;0;80;0;
24880;3808653;1016602624;24260608;1118597120;0;0;0;0;0;0;0;0;0;0;0;3877;0;0;89;0;80;0;
24881;7825255;1016602624;24260608;1118597120;0;0;0;0;0;0;0;0;0;0;0;4729;0;0;89;0;80;0;
24882;3729624;1016602624;24260608;1118597120;0;0;0;0;0;0;0;0;0;0;0;3617;0;0;89;0;80;0;
24883;5620170;1016602624;24260608;1118597120;0;0;0;0;0;0;0;0;0;0;0;3696;0;0;89;0;80;0;
24884;6077167;1016602624;24260608;1118597120;0;0;0;0;0;0;0;0;0;0;0;4157;0;0;89;0;80;0;
24885;6314792;1016602624;24260608;1118597120;0;0;0;0;0;0;0;0;0;0;0;4058;0;0;89;0;80;0;
24886;4512062;1016602624;24260608;1118597120;0;0;0;0;0;0;0;0;0;0;0;4017;0;0;89;0;80;0;
24887;6392859;1016602624;24260608;1118597120;0;0;0;0;0;0;0;0;0;0;0;4679;0;0;89;0;80;0;
24888;4128482;1016602624;24260608;1118597120;0;0;0;0;0;0;0;0;0;0;0;5070;0;0;89;0;80;0;
24889;8287863;1016602624;24260608;1118597120;0;0;0;0;0;0;0;0;0;0;0;3206;0;0;89;0;80;0;
24890;12129918;1016602624;24260608;1118597120;0;0;0;0;0;0;0;0;0;0;0;4578;0;0;89;0;80;0;
24891;6302860;1022406656;31825920;1126162432;0;0;0;0;0;0;0;0;0;0;0;3767;0;0;89;0;80;0;
24892;4330381;1022406656;31825920;1126162432;0;0;0;0;0;0;0;0;0;0;0;3246;0;0;89;0;80;0;
24893;5783416;1022406656;31825920;1126162432;0;0;0;0;0;0;0;0;0;0;0;2595;0;0;89;0;80;0;
24894;5232092;1022406656;31825920;1126162432;0;0;0;0;0;0;0;0;0;0;0;3587;0;0;89;0;80;0;
24895;5698296;1022406656;31825920;1126162432;0;0;0;0;0;0;0;0;0;0;0;2434;0;0;89;0;80;0;
24896;3427338;1022406656;31825920;1126162432;0;0;0;0;0;0;0;0;0;0;0;3016;0;0;89;0;80;0;
24897;5022910;1022406656;31825920;1126162432;0;0;0;0;0;0;0;0;0;0;0;2375;0;0;89;0;80;0;
24898;3948024;1022406656;31825920;1126162432;0;0;0;0;0;0;0;0;0;0;0;3707;0;0;89;0;80;0;
24899;5278129;1022406656;31825920;1126162432;0;0;0;0;0;0;0;0;0;0;0;3697;0;0;89;0;80;0;
24900;3605131;1016602624;24260608;1118597120;0;0;0;0;0;0;0;0;0;0;0;3627;0;0;89;0;80;0;
24901;5646649;1016602624;24260608;1118597120;0;0;0;0;0;0;0;0;0;0;0;2705;0;0;89;0;80;0;
24902;4116961;1016602624;24260608;1118597120;0;0;0;0;0;0;0;0;0;0;0;3346;0;0;89;0;80;0;
24903;6038514;1016602624;24260608;1118597120;0;0;0;0;0;0;0;0;0;0;0;3497;0;0;89;0;80;0;
24904;3489505;1016602624;24260608;1118597120;0;0;0;0;0;0;0;0;0;0;0;3727;0;0;89;0;80;0;
24905;6301588;1016602624;24260608;1118597120;0;0;0;0;0;0;0;0;0;0;0;4318;0;0;89;0;80;0;
24906;3795528;1016602624;24260608;1118597120;0;0;0;0;0;0;0;0;0;0;0;3266;0;0;89;0;80;0;
24907;4951546;1016602624;24260608;1118597120;0;0;0;0;0;0;0;0;0;0;0;2604;0;0;89;0;80;0;
24908;3728943;1016602624;24260608;1118597120;0;0;0;0;0;0;0;0;0;0;0;3006;0;0;89;0;80;0;
24909;5082311;1016602624;24260608;1118597120;0;0;0;0;0;0;0;0;0;0;0;2525;0;0;89;0;80;0;
24910;3937885;1016602624;24260608;1118597120;0;0;0;0;0;0;0;0;0;0;0;3927;0;0;89;0;80;0;
24911;5303325;1016602624;24260608;1118597120;0;0;0;0;0;0;0;0;0;0;0;3056;0;0;89;0;80;0;
24912;4053261;1016602624;24260608;1118597120;0;0;0;0;0;0;0;0;0;0;0;3457;0;0;89;0;80;0;
24913;5357517;1016602624;24260608;1118597120;0;0;0;0;0;0;0;0;0;0;0;3146;0;0;89;0;80;0;
24914;4964270;1016602624;24260608;1118597120;0;0;0;0;0;0;0;0;0;0;0;4047;0;0;89;0;80;0;
24915;5032277;1016602624;24260608;1118597120;0;0;0;0;0;0;0;0;0;0;0;2645;0;0;89;0;80;0;
24916;5319546;1016602624;24260608;1118597120;0;0;0;0;0;0;0;0;0;0;0;3357;0;0;89;0;80;0;
24917;5988651;1016602624;24260608;1118597120;0;0;0;0;0;0;0;0;0;0;0;3878;0;0;89;0;80;0;
24918;3672146;1016602624;24260608;1118597120;0;0;0;0;0;0;0;0;0;0;0;3737;0;0;89;0;80;0;
24919;5287767;1016602624;24260608;1118597120;0;0;0;0;0;0;0;0;0;0;0;4889;0;0;89;0;80;0;
24920;4137379;1016602624;24260608;1118597120;0;0;0;0;0;0;0;0;0;0;0;3938;0;0;89;0;80;0;
24921;4875714;1016602624;24260608;1118597120;0;0;0;0;0;0;0;0;0;0;0;4389;0;0;89;0;80;0;
24922;3999511;1016602624;24260608;1118597120;0;0;0;0;0;0;0;0;0;0;0;4118;0;0;89;0;80;0;
24923;5100826;1016602624;24260608;1118597120;0;0;0;0;0;0;0;0;0;0;0;4198;0;0;89;0;80;0;
24924;4043163;1016602624;24260608;1118597120;0;0;0;0;0;0;0;0;0;0;0;3697;0;0;89;0;80;0;
24925;5660496;1016602624;24260608;1118597120;0;0;0;0;0;0;0;0;0;0;0;3627;0;0;89;0;80;0;
24926;3652921;1016602624;24260608;1118597120;0;0;0;0;0;0;0;0;0;0;0;3346;0;0;89;0;80;0;
24927;4739839;1016602624;24260608;1118597120;0;0;0;0;0;0;0;0;0;0;0;2635;0;0;89;0;80;0;
24928;4285497;1016602624;24260608;1118597120;0;0;0;0;0;0;0;0;0;0;0;4117;0;0;89;0;80;0;
24929;6214074;1016602624;24260608;1118597120;0;0;0;0;0;0;0;0;0;0;0;3957;0;0;89;0;80;0;
24930;3981607;1016602624;24260608;1118597120;0;0;0;0;0;0;0;0;0;0;0;3517;0;0;89;0;80;0;
24931;10787521;1016602624;24260608;1118597120;0;0;0;0;0;0;0;0;0;0;0;4328;0;0;89;0;80;0;
24932;5081770;1016602624;24260608;1118597120;0;0;0;0;0;0;0;0;0;0;0;3346;0;0;89;0;80;0;
24933;5032668;1016602624;24260608;1118597120;0;0;0;0;0;0;0;0;0;0;0;2495;0;0;89;0;80;0;
24934;4255531;1016602624;24260608;1118597120;0;0;0;0;0;0;0;0;0;0;0;3837;0;0;89;0;80;0;
24935;5104182;1016602624;24260608;1118597120;0;0;0;0;0;0;0;0;0;0;0;2945;0;0;89;0;80;0;
24936;4114807;1016602624;24260608;1118597120;0;0;0;0;0;0;0;0;0;0;0;4538;0;0;89;0;80;0;
24937;5317954;1016602624;24260608;1118597120;0;0;0;0;0;0;0;0;0;0;0;3095;0;0;89;0;80;0;
24938;3886919;1016602624;24260608;1118597120;0;0;0;0;0;0;0;0;0;0;0;3316;0;0;89;0;80;0;
24939;6091815;1016602624;24260608;1118597120;0;0;0;0;0;0;0;0;0;0;0;3237;0;0;89;0;80;0;
24940;3802140;1016602624;24260608;1118597120;0;0;0;0;0;0;0;0;0;0;0;3908;0;0;89;0;80;0;
24941;5630820;1016602624;24260608;1118597120;0;0;0;0;0;0;0;0;0;0;0;4748;0;0;89;0;80;0;
24942;4333828;1016602624;24260608;1118597120;0;0;0;0;0;0;0;0;0;0;0;3457;0;0;89;0;80;0;
24943;6081575;1016602624;24260608;1118597120;0;0;0;0;0;0;0;0;0;0;0;3337;0;0;89;0;80;0;
24944;3147763;1016602624;24260608;1118597120;0;0;0;0;0;0;0;0;0;0;0;3397;0;0;89;0;80;0;
24945;6087797;1016602624;24260608;1118597120;0;0;0;0;0;0;0;0;0;0;0;3957;0;0;89;0;80;0;
24946;3604029;1016602624;24260608;1118597120;0;0;0;0;0;0;0;0;0;0;0;3456;0;0;89;0;80;0;
24947;6286019;1016602624;24260608;1118597120;0;0;0;0;0;0;0;0;0;0;0;3596;0;0;89;0;80;0;
24948;3548084;1016602624;24260608;1118597120;0;0;0;0;0;0;0;0;0;0;0;3396;0;0;89;0;80;0;
24949;5825455;1016602624;24260608;1118597120;0;0;0;0;0;0;0;0;0;0;0;2816;0;0;89;0;80;0;
24950;3299978;1016602624;24260608;1118597120;0;0;0;0;0;0;0;0;0;0;0;3697;0;0;89;0;80;0;
24951;5883234;1016602624;24260608;1118597120;0;0;0;0;0;0;0;0;0;0;0;4548;0;0;89;0;80;0;
24952;4629522;1016602624;24260608;1118597120;0;0;0;0;0;0;0;0;0;0;0;4048;0;0;89;0;80;0;
24953;5674252;1016602624;24260608;1118597120;0;0;0;0;0;0;0;0;0;0;0;3286;0;0;89;0;80;0;
24954;3710028;1016602624;24260608;1118597120;0;0;0;0;0;0;0;0;0;0;0;9428;0;0;89;0;80;0;
24955;5131373;1016602624;24260608;1118597120;0;0;0;0;0;0;0;0;0;0;0;3787;0;0;89;0;80;0;
24956;4569750;1016602624;24260608;1118597120;0;0;0;0;0;0;0;0;0;0;0;3757;0;0;89;0;80;0;
24957;5438249;1016602624;24260608;1118597120;0;0;0;0;0;0;0;0;0;0;0;3657;0;0;89;0;80;0;
24958;3750234;1016602624;24260608;1118597120;0;0;0;0;0;0;0;0;0;0;0;3617;0;0;89;0;80;0;
24959;5275073;1016602624;24260608;1118597120;0;0;0;0;0;0;0;0;0;0;0;2775;0;0;89;0;80;0;
24960;3755363;1016602624;24260608;1118597120;0;0;0;0;0;0;0;0;0;0;0;3918;0;0;89;0;80;0;
24961;4883388;1016602624;24260608;1118597120;0;0;0;0;0;0;0;0;0;0;0;2605;0;0;89;0;80;0;
24962;3411237;1016602624;24260608;1118597120;0;0;0;0;0;0;0;0;0;0;0;3697;0;0;89;0;80;0;
24963;5028661;1016602624;24260608;1118597120;0;0;0;0;0;0;0;0;0;0;0;2545;0;0;89;0;80;0;
24964;4165532;1016602624;24260608;1118597120;0;0;0;0;0;0;0;0;0;0;0;3075;0;0;89;0;80;0;
24965;5421166;1016602624;24260608;1118597120;0;0;0;0;0;0;0;0;0;0;0;2916;0;0;89;0;80;0;
24966;3939779;1016602624;24260608;1118597120;0;0;0;0;0;0;0;0;0;0;0;3216;0;0;89;0;80;0;
24967;5106637;1016602624;24260608;1118597120;0;0;0;0;0;0;0;0;0;0;0;2915;0;0;89;0;80;0;
24968;3439981;1016602624;24260608;1118597120;0;0;0;0;0;0;0;0;0;0;0;3126;0;0;89;0;80;0;
24969;4871707;1016602624;24260608;1118597120;0;0;0;0;0;0;0;0;0;0;0;2735;0;0;89;0;80;0;
24970;4390925;1016602624;24260608;1118597120;0;0;0;0;0;0;0;0;0;0;0;3587;0;0;89;0;80;0;
24971;5761525;1016602624;24260608;1118597120;0;0;0;0;0;0;0;0;0;0;0;2465;0;0;89;0;80;0;
24972;3578151;1016602624;24260608;1118597120;0;0;0;0;0;0;0;0;0;0;0;3907;0;0;89;0;80;0;
24973;5712523;1016602624;24260608;1118597120;0;0;0;0;0;0;0;0;0;0;0;2505;0;0;89;0;80;0;
24974;3609238;1016602624;24260608;1118597120;0;0;0;0;0;0;0;0;0;0;0;3076;0;0;89;0;80;0;
24975;4620025;1016602624;24260608;1118597120;0;0;0;0;0;0;0;0;0;0;0;2204;0;0;89;0;80;0;
24976;3637091;1016602624;24260608;1118597120;0;0;0;0;0;0;0;0;0;0;0;2705;0;0;89;0;80;0;
24977;4926730;1016602624;24260608;1118597120;0;0;0;0;0;0;0;0;0;0;0;2735;0;0;89;0;80;0;
24978;4043443;1016602624;24260608;1118597120;0;0;0;0;0;0;0;0;0;0;0;3647;0;0;89;0;80;0;
24979;5036455;1016602624;24260608;1118597120;0;0;0;0;0;0;0;0;0;0;0;2565;0;0;89;0;80;0;
24980;4472287;1016602624;24260608;1118597120;0;0;0;0;0;0;0;0;0;0;0;4068;0;0;89;0;80;0;
24981;5180927;1016602624;24260608;1118597120;0;0;0;0;0;0;0;0;0;0;0;2795;0;0;89;0;80;0;
24982;2496552;1016602624;24260608;1118597120;0;0;0;0;0;0;0;0;0;0;0;2735;0;0;89;0;80;0;
24983;5014524;1016602624;24260608;1118597120;0;0;0;0;0;0;0;0;0;0;0;2415;0;0;89;0;80;0;
24984;2727265;1016602624;24260608;1118597120;0;0;0;0;0;0;0;0;0;0;0;2695;0;0;89;0;80;0;
24985;5768869;1022406656;31825920;1126162432;0;0;0;0;0;0;0;0;0;0;0;2965;0;0;89;0;80;0;
24986;3394586;1022406656;31825920;1126162432;0;0;0;0;0;0;0;0;0;0;0;2945;0;0;89;0;80;0;
24987;4808638;1022406656;31825920;1126162432;0;0;0;0;0;0;0;0;0;0;0;2244;0;0;89;0;80;0;
24988;3248262;1022406656;31825920;1126162432;0;0;0;0;0;0;0;0;0;0;0;3536;0;0;89;0;80;0;
24989;4498206;1022406656;31825920;1126162432;0;0;0;0;0;0;0;0;0;0;0;2325;0;0;89;0;80;0;
24990;2752642;1022406656;31825920;1126162432;0;0;0;0;0;0;0;0;0;0;0;2375;0;0;89;0;80;0;
24991;4761209;1022406656;31825920;1126162432;0;0;0;0;0;0;0;0;0;0;0;2224;0;0;89;0;80;0;
24992;2067688;1022406656;31825920;1126162432;0;0;0;0;0;0;0;0;0;0;0;2775;0;0;89;0;80;0;
24993;4453532;1022406656;31825920;1126162432;0;0;0;0;0;0;0;0;0;0;0;2344;0;0;89;0;80;0;
24994;3054068;1016602624;24260608;1118597120;0;0;0;0;0;0;0;0;0;0;0;3526;0;0;89;0;80;0;
24995;4768473;1016602624;24260608;1118597120;0;0;0;0;0;0;0;0;0;0;0;2384;0;0;89;0;80;0;
24996;2920577;1016602624;24260608;1118597120;0;0;0;0;0;0;0;0;0;0;0;3005;0;0;89;0;80;0;
24997;4781537;1016602624;24260608;1118597120;0;0;0;0;0;0;0;0;0;0;0;1854;0;0;89;0;80;0;
24998;2742313;1016602624;24260608;1118597120;0;0;0;0;0;0;0;0;0;0;0;2635;0;0;89;0;80;0;
24999;4318589;1016602624;24260608;1118597120;0;0;0;0;0;0;0;0;0;0;0;1853;0;0;89;0;80;0;
25000;2347442;1016602624;24260608;1118597120;0;0;0;0;0;0;0;0;0;0;0;2104;0;0;89;0;80;0;
25001;4706887;1016602624;24260608;1118597120;0;0;0;0;0;0;0;0;0;0;0;1954;0;0;89;0;80;0;
25002;3000076;1016602624;24260608;1118597120;0;0;0;0;0;0;0;0;0;0;0;2305;0;0;89;0;80;0;
25003;4524816;1016602624;24260608;1118597120;0;0;0;0;0;0;0;0;0;0;0;2355;0;0;89;0;80;0;
25004;3288617;1016602624;24260608;1118597120;0;0;0;0;0;0;0;0;0;0;0;3005;0;0;89;0;80;0;
25005;4964480;1016602624;24260608;1118597120;0;0;0;0;0;0;0;0;0;0;0;2345;0;0;89;0;80;0;
25006;3210481;1016602624;24260608;1118597120;0;0;0;0;0;0;0;0;0;0;0;2585;0;0;89;0;80;0;
25007;4678184;1016602624;24260608;1118597120;0;0;0;0;0;0;0;0;0;0;0;2805;0;0;89;0;80;0;
25008;3717863;1016602624;24260608;1118597120;0;0;0;0;0;0;0;0;0;0;0;2976;0;0;89;0;80;0;
25009;5346246;1016602624;24260608;1118597120;0;0;0;0;0;0;0;0;0;0;0;2054;0;0;89;0;80;0;
25010;3231250;1016602624;24260608;1118597120;0;0;0;0;0;0;0;0;0;0;0;2494;0;0;89;0;80;0;
25011;5414004;1016602624;24260608;1118597120;0;0;0;0;0;0;0;0;0;0;0;2264;0;0;89;0;80;0;
25012;3444660;1016602624;24260608;1118597120;0;0;0;0;0;0;0;0;0;0;0;2104;0;0;89;0;80;0;
25013;5458336;1016602624;24260608;1118597120;0;0;0;0;0;0;0;0;0;0;0;1964;0;0;89;0;80;0;
25014;2901642;1016602624;24260608;1118597120;0;0;0;0;0;0;0;0;0;0;0;2845;0;0;89;0;80;0;
25015;5134579;1016602624;24260608;1118597120;0;0;0;0;0;0;0;0;0;0;0;2234;0;0;89;0;80;0;
25016;3101527;1016602624;24260608;1118597120;0;0;0;0;0;0;0;0;0;0;0;2895;0;0;89;0;80;0;
25017;5202207;1016602624;24260608;1118597120;0;0;0;0;0;0;0;0;0;0;0;2505;0;0;89;0;80;0;
25018;3098010;1016602624;24260608;1118597120;0;0;0;0;0;0;0;0;0;0;0;2895;0;0;89;0;80;0;
25019;5138156;1016602624;24260608;1118597120;0;0;0;0;0;0;0;0;0;0;0;2485;0;0;89;0;80;0;
25020;2671009;1016602624;24260608;1118597120;0;0;0;0;0;0;0;0;0;0;0;3126;0;0;89;0;80;0;
25021;5137425;1016602624;24260608;1118597120;0;0;0;0;0;0;0;0;0;0;0;2565;0;0;89;0;80;0;
25022;2527490;1016602624;24260608;1118597120;0;0;0;0;0;0;0;0;0;0;0;2605;0;0;89;0;80;0;
25023;4724711;1016602624;24260608;1118597120;0;0;0;0;0;0;0;0;0;0;0;1893;0;0;89;0;80;0;
25024;2696938;1016602624;24260608;1118597120;0;0;0;0;0;0;0;0;0;0;0;2425;0;0;89;0;80;0;
25025;4650691;1016602624;24260608;1118597120;0;0;0;0;0;0;0;0;0;0;0;1903;0;0;89;0;80;0;
25026;2723117;1016602624;24260608;1118597120;0;0;0;0;0;0;0;0;0;0;0;2144;0;0;89;0;80;0;
25027;4471936;1016602624;24260608;1118597120;0;0;0;0;0;0;0;0;0;0;0;2164;0;0;89;0;80;0;
25028;2667162;1016602624;24260608;1118597120;0;0;0;0;0;0;0;0;0;0;0;2154;0;0;89;0;80;0;
25029;4579698;1016602624;24260608;1118597120;0;0;0;0;0;0;0;0;0;0;0;1864;0;0;89;0;80;0;
25030;3495135;1016602624;24260608;1118597120;0;0;0;0;0;0;0;0;0;0;0;2955;0;0;89;0;80;0;
25031;4720012;1016602624;24260608;1118597120;0;0;0;0;0;0;0;0;0;0;0;2494;0;0;89;0;80;0;
25032;2936647;1016602624;24260608;1118597120;0;0;0;0;0;0;0;0;0;0;0;2534;0;0;89;0;80;0;
25033;4968928;1016602624;24260608;1118597120;0;0;0;0;0;0;0;0;0;0;0;1863;0;0;89;0;80;0;
25034;2533872;1016602624;24260608;1118597120;0;0;0;0;0;0;0;0;0;0;0;2545;0;0;89;0;80;0;
25035;5231782;1016602624;24260608;1118597120;0;0;0;0;0;0;0;0;0;0;0;2114;0;0;89;0;80;0;
25036;2804159;1016602624;24260608;1118597120;0;0;0;0;0;0;0;0;0;0;0;2705;0;0;89;0;80;0;
25037;5355373;1016602624;24260608;1118597120;0;0;0;0;0;0;0;0;0;0;0;2765;0;0;89;0;80;0;
25038;2766999;1016602624;24260608;1118597120;0;0;0;0;0;0;0;0;0;0;0;3006;0;0;89;0;80;0;
25039;4881675;1016602624;24260608;1118597120;0;0;0;0;0;0;0;0;0;0;0;1814;0;0;89;0;80;0;
25040;2886524;1016602624;24260608;1118597120;0;0;0;0;0;0;0;0;0;0;0;2865;0;0;89;0;80;0;
25041;5296884;1016602624;24260608;1118597120;0;0;0;0;0;0;0;0;0;0;0;2585;0;0;89;0;80;0;
25042;3317111;1016602624;24260608;1118597120;0;0;0;0;0;0;0;0;0;0;0;2715;0;0;89;0;80;0;
25043;4637217;1016602624;24260608;1118597120;0;0;0;0;0;0;0;0;0;0;0;2775;0;0;89;0;80;0;
25044;3494103;1016602624;24260608;1118597120;0;0;0;0;0;0;0;0;0;0;0;3256;0;0;89;0;80;0;
25045;4968948;1016602624;24260608;1118597120;0;0;0;0;0;0;0;0;0;0;0;2325;0;0;89;0;80;0;
25046;2893356;1016602624;24260608;1118597120;0;0;0;0;0;0;0;0;0;0;0;2765;0;0;89;0;80;0;
25047;5239406;1016602624;24260608;1118597120;0;0;0;0;0;0;0;0;0;0;0;2325;0;0;89;0;80;0;
25048;3164134;1016602624;24260608;1118597120;0;0;0;0;0;0;0;0;0;0;0;2294;0;0;89;0;80;0;
25049;5053587;1016602624;24260608;1118597120;0;0;0;0;0;0;0;0;0;0;0;2164;0;0;89;0;80;0;
25050;3163854;1016602624;24260608;1118597120;0;0;0;0;0;0;0;0;0;0;0;2475;0;0;89;0;80;0;
25051;4729911;1016602624;24260608;1118597120;0;0;0;0;0;0;0;0;0;0;0;2434;0;0;89;0;80;0;
25052;2388349;1016602624;24260608;1118597120;0;0;0;0;0;0;0;0;0;0;0;2475;0;0;89;0;80;0;
25053;4770737;1016602624;24260608;1118597120;0;0;0;0;0;0;0;0;0;0;0;2064;0;0;89;0;80;0;
25054;2776307;1016602624;24260608;1118597120;0;0;0;0;0;0;0;0;0;0;0;2355;0;0;89;0;80;0;
25055;5043689;1016602624;24260608;1118597120;0;0;0;0;0;0;0;0;0;0;0;2064;0;0;89;0;80;0;
25056;2850846;1016602624;24260608;1118597120;0;0;0;0;0;0;0;0;0;0;0;2785;0;0;89;0;80;0;
25057;5168704;1016602624;24260608;1118597120;0;0;0;0;0;0;0;0;0;0;0;2375;0;0;89;0;80;0;
25058;3048898;1016602624;24260608;1118597120;0;0;0;0;0;0;0;0;0;0;0;2635;0;0;89;0;80;0;
25059;4959160;1016602624;24260608;1118597120;0;0;0;0;0;0;0;0;0;0;0;2174;0;0;89;0;80;0;
25060;2209984;1016602624;24260608;1118597120;0;0;0;0;0;0;0;0;0;0;0;2315;0;0;89;0;80;0;
25061;5055350;1016602624;24260608;1118597120;0;0;0;0;0;0;0;0;0;0;0;2064;0;0;89;0;80;0;
25062;3394436;1016602624;24260608;1118597120;0;0;0;0;0;0;0;0;0;0;0;2855;0;0;89;0;80;0;
25063;4747123;1016602624;24260608;1118597120;0;0;0;0;0;0;0;0;0;0;0;2404;0;0;89;0;80;0;
25064;3829652;1016602624;24260608;1118597120;0;0;0;0;0;0;0;0;0;0;0;4648;0;0;89;0;80;0;
25065;5163984;1016602624;24260608;1118597120;0;0;0;0;0;0;0;0;0;0;0;2826;0;0;89;0;80;0;
25066;3554897;1016602624;24260608;1118597120;0;0;0;0;0;0;0;0;0;0;0;2816;0;0;89;0;80;0;
25067;5648312;1016602624;24260608;1118597120;0;0;0;0;0;0;0;0;0;0;0;3787;0;0;89;0;80;0;
25068;3722791;1016602624;24260608;1118597120;0;0;0;0;0;0;0;0;0;0;0;3196;0;0;89;0;80;0;
25069;5416208;1016602624;24260608;1118597120;0;0;0;0;0;0;0;0;0;0;0;2895;0;0;89;0;80;0;
25070;4089690;1016602624;24260608;1118597120;0;0;0;0;0;0;0;0;0;0;0;2835;0;0;89;0;80;0;
25071;5287967;1016602624;24260608;1118597120;0;0;0;0;0;0;0;0;0;0;0;2315;0;0;89;0;80;0;
25072;3725196;1016602624;24260608;1118597120;0;0;0;0;0;0;0;0;0;0;0;2295;0;0;89;0;80;0;
25073;5220330;1016602624;24260608;1118597120;0;0;0;0;0;0;0;0;0;0;0;2425;0;0;89;0;80;0;
25074;3791410;1016602624;24260608;1118597120;0;0;0;0;0;0;0;0;0;0;0;3367;0;0;89;0;80;0;
25075;4783721;1016602624;24260608;1118597120;0;0;0;0;0;0;0;0;0;0;0;2886;0;0;89;0;80;0;
25076;3424603;1016602624;24260608;1118597120;0;0;0;0;0;0;0;0;0;0;0;4127;0;0;89;0;80;0;
25077;5477633;1016602624;24260608;1118597120;0;0;0;0;0;0;0;0;0;0;0;2604;0;0;89;0;80;0;
25078;2564970;1016602624;24260608;1118597120;0;0;0;0;0;0;0;0;0;0;0;2785;0;0;89;0;80;0;
25079;5281275;1016602624;24260608;1118597120;0;0;0;0;0;0;0;0;0;0;0;3547;0;0;89;0;80;0;
25080;3719686;1016602624;24260608;1118597120;0;0;0;0;0;0;0;0;0;0;0;3657;0;0;89;0;80;0;
25081;5141612;1016602624;24260608;1118597120;0;0;0;0;0;0;0;0;0;0;0;2955;0;0;89;0;80;0;
25082;4199696;1016602624;24260608;1118597120;0;0;0;0;0;0;0;0;0;0;0;3317;0;0;89;0;80;0;
25083;5067363;1016602624;24260608;1118597120;0;0;0;0;0;0;0;0;0;0;0;2324;0;0;89;0;80;0;
25084;3864036;1016602624;24260608;1118597120;0;0;0;0;0;0;0;0;0;0;0;3908;0;0;89;0;80;0;
25085;5501818;1016602624;24260608;1118597120;0;0;0;0;0;0;0;0;0;0;0;2785;0;0;89;0;80;0;
25086;3443387;1016602624;24260608;1118597120;0;0;0;0;0;0;0;0;0;0;0;3256;0;0;89;0;80;0;
25087;5297034;1016602624;24260608;1118597120;0;0;0;0;0;0;0;0;0;0;0;2675;0;0;89;0;80;0;
25088;5194842;1016602624;24260608;1118597120;0;0;0;0;0;0;0;0;0;0;0;3277;0;0;89;0;80;0;
25089;5814354;1016602624;24260608;1118597120;0;0;0;0;0;0;0;0;0;0;0;3006;0;0;89;0;80;0;
25090;3625088;1016602624;24260608;1118597120;0;0;0;0;0;0;0;0;0;0;0;2945;0;0;89;0;80;0;
25091;4822885;1016602624;24260608;1118597120;0;0;0;0;0;0;0;0;0;0;0;1734;0;0;89;0;80;0;
25092;2710774;1016602624;24260608;1118597120;0;0;0;0;0;0;0;0;0;0;0;3026;0;0;89;0;80;0;
25093;5360984;1016602624;24260608;1118597120;0;0;0;0;0;0;0;0;0;0;0;2645;0;0;89;0;80;0;
25094;2987603;1016602624;24260608;1118597120;0;0;0;0;0;0;0;0;0;0;0;2905;0;0;89;0;80;0;
25095;5250357;1016602624;24260608;1118597120;0;0;0;0;0;0;0;0;0;0;0;2485;0;0;89;0;80;0;
25096;3015445;1016602624;24260608;1118597120;0;0;0;0;0;0;0;0;0;0;0;3115;0;0;89;0;80;0;
25097;5376362;1016602624;24260608;1118597120;0;0;0;0;0;0;0;0;0;0;0;2274;0;0;89;0;80;0;
25098;2872137;1016602624;24260608;1118597120;0;0;0;0;0;0;0;0;0;0;0;2515;0;0;89;0;80;0;
25099;5593019;1016602624;24260608;1118597120;0;0;0;0;0;0;0;0;0;0;0;2345;0;0;89;0;80;0;
25100;3270614;1016602624;24260608;1118597120;0;0;0;0;0;0;0;0;0;0;0;2906;0;0;89;0;80;0;
25101;4977685;1016602624;24260608;1118597120;0;0;0;0;0;0;0;0;0;0;0;2345;0;0;89;0;80;0;
25102;2822042;1016602624;24260608;1118597120;0;0;0;0;0;0;0;0;0;0;0;3046;0;0;89;0;80;0;
25103;6290326;1022406656;31825920;1126162432;0;0;0;0;0;0;0;0;0;0;0;2886;0;0;89;0;80;0;
25104;2849163;1022406656;31825920;1126162432;0;0;0;0;0;0;0;0;0;0;0;3166;0;0;89;0;80;0;
25105;4889730;1022406656;31825920;1126162432;0;0;0;0;0;0;0;0;0;0;0;2195;0;0;89;0;80;0;
25106;2789912;1022406656;31825920;1126162432;0;0;0;0;0;0;0;0;0;0;0;2925;0;0;89;0;80;0;
25107;5379168;1022406656;31825920;1126162432;0;0;0;0;0;0;0;0;0;0;0;2535;0;0;89;0;80;0;
25108;3441935;1022406656;31825920;1126162432;0;0;0;0;0;0;0;0;0;0;0;3066;0;0;89;0;80;0;
25109;4800022;1022406656;31825920;1126162432;0;0;0;0;0;0;0;0;0;0;0;2485;0;0;89;0;80;0;
25110;2909647;1022406656;31825920;1126162432;0;0;0;0;0;0;0;0;0;0;0;2956;0;0;89;0;80;0;
25111;5089264;1022406656;31825920;1126162432;0;0;0;0;0;0;0;0;0;0;0;2825;0;0;89;0;80;0;
25112;4000702;1016602624;24260608;1118597120;0;0;0;0;0;0;0;0;0;0;0;2885;0;0;89;0;80;0;
25113;5139689;1016602624;24260608;1118597120;0;0;0;0;0;0;0;0;0;0;0;2635;0;0;89;0;80;0;
25114;2871625;1016602624;24260608;1118597120;0;0;0;0;0;0;0;0;0;0;0;2855;0;0;89;0;80;0;
25115;10952981;1016602624;24260608;1118597120;0;0;0;0;0;0;0;0;0;0;0;2846;0;0;89;0;80;0;
25116;5601264;1016602624;24260608;1118597120;0;0;0;0;0;0;0;0;0;0;0;3347;0;0;89;0;80;0;
25117;5526294;1016602624;24260608;1118597120;0;0;0;0;0;0;0;0;0;0;0;3707;0;0;89;0;80;0;
25118;4201569;1016602624;24260608;1118597120;0;0;0;0;0;0;0;0;0;0;0;2876;0;0;89;0;80;0;
25119;5602406;1016602624;24260608;1118597120;0;0;0;0;0;0;0;0;0;0;0;2776;0;0;89;0;80;0;
25120;4041278;1016602624;24260608;1118597120;0;0;0;0;0;0;0;0;0;0;0;3386;0;0;89;0;80;0;
25121;5367737;1016602624;24260608;1118597120;0;0;0;0;0;0;0;0;0;0;0;2375;0;0;89;0;80;0;
25122;3745825;1016602624;24260608;1118597120;0;0;0;0;0;0;0;0;0;0;0;3236;0;0;89;0;80;0;
25123;5256037;1016602624;24260608;1118597120;0;0;0;0;0;0;0;0;0;0;0;2355;0;0;89;0;80;0;
25124;4444404;1016602624;24260608;1118597120;0;0;0;0;0;0;0;0;0;0;0;2876;0;0;89;0;80;0;
25125;5785590;1016602624;24260608;1118597120;0;0;0;0;0;0;0;0;0;0;0;2896;0;0;89;0;80;0;
25126;4361129;1016602624;24260608;1118597120;0;0;0;0;0;0;0;0;0;0;0;3076;0;0;89;0;80;0;
25127;5735577;1016602624;24260608;1118597120;0;0;0;0;0;0;0;0;0;0;0;3006;0;0;89;0;80;0;
25128;4046579;1016602624;24260608;1118597120;0;0;0;0;0;0;0;0;0;0;0;3476;0;0;89;0;80;0;
25129;5767667;1016602624;24260608;1118597120;0;0;0;0;0;0;0;0;0;0;0;2785;0;0;89;0;80;0;
25130;3385229;1016602624;24260608;1118597120;0;0;0;0;0;0;0;0;0;0;0;3657;0;0;89;0;80;0;
25131;5261046;1016602624;24260608;1118597120;0;0;0;0;0;0;0;0;0;0;0;2816;0;0;89;0;80;0;
25132;4192853;1016602624;24260608;1118597120;0;0;0;0;0;0;0;0;0;0;0;3096;0;0;89;0;80;0;
25133;5377034;1016602624;24260608;1118597120;0;0;0;0;0;0;0;0;0;0;0;2705;0;0;89;0;80;0;
25134;4994396;1016602624;24260608;1118597120;0;0;0;0;0;0;0;0;0;0;0;3406;0;0;89;0;80;0;
25135;5232072;1016602624;24260608;1118597120;0;0;0;0;0;0;0;0;0;0;0;4589;0;0;89;0;80;0;
25136;4524034;1016602624;24260608;1118597120;0;0;0;0;0;0;0;0;0;0;0;2906;0;0;89;0;80;0;
25137;5852776;1016602624;24260608;1118597120;0;0;0;0;0;0;0;0;0;0;0;2905;0;0;89;0;80;0;
25138;3263480;1016602624;24260608;1118597120;0;0;0;0;0;0;0;0;0;0;0;3186;0;0;89;0;80;0;
25139;5176287;1016602624;24260608;1118597120;0;0;0;0;0;0;0;0;0;0;0;2464;0;0;89;0;80;0;
25140;3382414;1016602624;24260608;1118597120;0;0;0;0;0;0;0;0;0;0;0;3175;0;0;89;0;80;0;
25141;5640659;1016602624;24260608;1118597120;0;0;0;0;0;0;0;0;0;0;0;2665;0;0;89;0;80;0;
25142;5346867;1016602624;24260608;1118597120;0;0;0;0;0;0;0;0;0;0;0;3036;0;0;89;0;80;0;
25143;4895491;1016602624;24260608;1118597120;0;0;0;0;0;0;0;0;0;0;0;2425;0;0;89;0;80;0;
25144;3595413;1016602624;24260608;1118597120;0;0;0;0;0;0;0;0;0;0;0;3596;0;0;89;0;80;0;
25145;5642031;1016602624;24260608;1118597120;0;0;0;0;0;0;0;0;0;0;0;2705;0;0;89;0;80;0;
25146;3366544;1016602624;24260608;1118597120;0;0;0;0;0;0;0;0;0;0;0;3878;0;0;89;0;80;0;
25147;5343952;1016602624;24260608;1118597120;0;0;0;0;0;0;0;0;0;0;0;3306;0;0;89;0;80;0;
25148;5778457;1016602624;24260608;1118597120;0;0;0;0;0;0;0;0;0;0;0;3567;0;0;89;0;80;0;
25149;5840623;1016602624;24260608;1118597120;0;0;0;0;0;0;0;0;0;0;0;3236;0;0;89;0;80;0;
25150;3852274;1016602624;24260608;1118597120;0;0;0;0;0;0;0;0;0;0;0;3016;0;0;89;0;80;0;
25151;5649184;1016602624;24260608;1118597120;0;0;0;0;0;0;0;0;0;0;0;2805;0;0;89;0;80;0;
25152;3657449;1016602624;24260608;1118597120;0;0;0;0;0;0;0;0;0;0;0;2946;0;0;89;0;80;0;
25153;5924902;1016602624;24260608;1118597120;0;0;0;0;0;0;0;0;0;0;0;3036;0;0;89;0;80;0;
25154;2996209;1016602624;24260608;1118597120;0;0;0;0;0;0;0;0;0;0;0;3086;0;0;89;0;80;0;
25155;5734554;1016602624;24260608;1118597120;0;0;0;0;0;0;0;0;0;0;0;3407;0;0;89;0;80;0;
25156;3731889;1016602624;24260608;1118597120;0;0;0;0;0;0;0;0;0;0;0;3396;0;0;89;0;80;0;
25157;5800628;1016602624;24260608;1118597120;0;0;0;0;0;0;0;0;0;0;0;4789;0;0;89;0;80;0;
25158;3112117;1016602624;24260608;1118597120;0;0;0;0;0;0;0;0;0;0;0;3326;0;0;89;0;80;0;
25159;5490026;1016602624;24260608;1118597120;0;0;0;0;0;0;0;0;0;0;0;4058;0;0;89;0;80;0;
25160;3506867;1016602624;24260608;1118597120;0;0;0;0;0;0;0;0;0;0;0;3356;0;0;89;0;80;0;
25161;5843258;1016602624;24260608;1118597120;0;0;0;0;0;0;0;0;0;0;0;4218;0;0;89;0;80;0;
25162;3832507;1016602624;24260608;1118597120;0;0;0;0;0;0;0;0;0;0;0;3768;0;0;89;0;80;0;
25163;5425144;1016602624;24260608;1118597120;0;0;0;0;0;0;0;0;0;0;0;3848;0;0;89;0;80;0;
25164;4581222;1016602624;24260608;1118597120;0;0;0;0;0;0;0;0;0;0;0;3417;0;0;89;0;80;0;
25165;4759085;1016602624;24260608;1118597120;0;0;0;0;0;0;0;0;0;0;0;2765;0;0;89;0;80;0;
25166;4333748;1016602624;24260608;1118597120;0;0;0;0;0;0;0;0;0;0;0;3366;0;0;89;0;80;0;
25167;5176709;1016602624;24260608;1118597120;0;0;0;0;0;0;0;0;0;0;0;2404;0;0;89;0;80;0;
25168;3777654;1016602624;24260608;1118597120;0;0;0;0;0;0;0;0;0;0;0;2915;0;0;89;0;80;0;
25169;5193399;1016602624;24260608;1118597120;0;0;0;0;0;0;0;0;0;0;0;2464;0;0;89;0;80;0;
25170;4592533;1016602624;24260608;1118597120;0;0;0;0;0;0;0;0;0;0;0;3076;0;0;89;0;80;0;
25171;4822233;1016602624;24260608;1118597120;0;0;0;0;0;0;0;0;0;0;0;2865;0;0;89;0;80;0;
25172;3981086;1016602624;24260608;1118597120;0;0;0;0;0;0;0;0;0;0;0;3046;0;0;89;0;80;0;
25173;4805362;1016602624;24260608;1118597120;0;0;0;0;0;0;0;0;0;0;0;2455;0;0;89;0;80;0;
25174;4315213;1016602624;24260608;1118597120;0;0;0;0;0;0;0;0;0;0;0;2886;0;0;89;0;80;0;
25175;5147283;1016602624;24260608;1118597120;0;0;0;0;0;0;0;0;0;0;0;2305;0;0;89;0;80;0;
25176;3644014;1016602624;24260608;1118597120;0;0;0;0;0;0;0;0;0;0;0;3828;0;0;89;0;80;0;
25177;5740816;1016602624;24260608;1118597120;0;0;0;0;0;0;0;0;0;0;0;3276;0;0;89;0;80;0;
25178;3206523;1016602624;24260608;1118597120;0;0;0;0;0;0;0;0;0;0;0;3587;0;0;89;0;80;0;
25179;5653111;1016602624;24260608;1118597120;0;0;0;0;0;0;0;0;0;0;0;3637;0;0;89;0;80;0;
25180;3501557;1016602624;24260608;1118597120;0;0;0;0;0;0;0;0;0;0;0;3777;0;0;89;0;80;0;
25181;4870134;1016602624;24260608;1118597120;0;0;0;0;0;0;0;0;0;0;0;3216;0;0;89;0;80;0;
25182;3062283;1016602624;24260608;1118597120;0;0;0;0;0;0;0;0;0;0;0;2996;0;0;89;0;80;0;
25183;5121746;1016602624;24260608;1118597120;0;0;0;0;0;0;0;0;0;0;0;2284;0;0;89;0;80;0;
25184;2986701;1016602624;24260608;1118597120;0;0;0;0;0;0;0;0;0;0;0;3256;0;0;89;0;80;0;
25185;5056693;1016602624;24260608;1118597120;0;0;0;0;0;0;0;0;0;0;0;2765;0;0;89;0;80;0;
25186;3737780;1016602624;24260608;1118597120;0;0;0;0;0;0;0;0;0;0;0;4017;0;0;89;0;80;0;
25187;5404245;1016602624;24260608;1118597120;0;0;0;0;0;0;0;0;0;0;0;2705;0;0;89;0;80;0;
25188;4237446;1016602624;24260608;1118597120;0;0;0;0;0;0;0;0;0;0;0;3246;0;0;89;0;80;0;
25189;5014494;1016602624;24260608;1118597120;0;0;0;0;0;0;0;0;0;0;0;2404;0;0;89;0;80;0;
25190;3033820;1016602624;24260608;1118597120;0;0;0;0;0;0;0;0;0;0;0;2785;0;0;89;0;80;0;
25191;4761840;1016602624;24260608;1118597120;0;0;0;0;0;0;0;0;0;0;0;2304;0;0;89;0;80;0;
25192;3898552;1016602624;24260608;1118597120;0;0;0;0;0;0;0;0;0;0;0;3566;0;0;89;0;80;0;
25193;4750318;1016602624;24260608;1118597120;0;0;0;0;0;0;0;0;0;0;0;2224;0;0;89;0;80;0;
25194;3237642;1016602624;24260608;1118597120;0;0;0;0;0;0;0;0;0;0;0;3527;0;0;89;0;80;0;
25195;5786512;1016602624;24260608;1118597120;0;0;0;0;0;0;0;0;0;0;0;3757;0;0;89;0;80;0;
25196;4668335;1016602624;24260608;1118597120;0;0;0;0;0;0;0;0;0;0;0;4018;0;0;89;0;80;0;
25197;6923304;1022406656;31825920;1126162432;0;0;0;0;0;0;0;0;0;0;0;3676;0;0;89;0;80;0;
25198;4449905;1022406656;31825920;1126162432;0;0;0;0;0;0;0;0;0;0;0;3847;0;0;89;0;80;0;
25199;5264774;1022406656;31825920;1126162432;0;0;0;0;0;0;0;0;0;0;0;2394;0;0;89;0;80;0;
25200;3707604;1022406656;31825920;1126162432;0;0;0;0;0;0;0;0;0;0;0;3767;0;0;89;0;80;0;
25201;5279742;1022406656;31825920;1126162432;0;0;0;0;0;0;0;0;0;0;0;2385;0;0;89;0;80;0;
25202;3414814;1022406656;31825920;1126162432;0;0;0;0;0;0;0;0;0;0;0;2936;0;0;89;0;80;0;
25203;4923874;1022406656;31825920;1126162432;0;0;0;0;0;0;0;0;0;0;0;2335;0;0;89;0;80;0;
25204;3470919;1022406656;31825920;1126162432;0;0;0;0;0;0;0;0;0;0;0;3306;0;0;89;0;80;0;
25205;5179934;1022406656;31825920;1126162432;0;0;0;0;0;0;0;0;0;0;0;2144;0;0;89;0;80;0;
25206;4430729;1016602624;24260608;1118597120;0;0;0;0;0;0;0;0;0;0;0;3327;0;0;89;0;80;0;
25207;5566719;1016602624;24260608;1118597120;0;0;0;0;0;0;0;0;0;0;0;2295;0;0;89;0;80;0;
25208;3679240;1016602624;24260608;1118597120;0;0;0;0;0;0;0;0;0;0;0;3337;0;0;89;0;80;0;
25209;4859384;1016602624;24260608;1118597120;0;0;0;0;0;0;0;0;0;0;0;2655;0;0;89;0;80;0;
25210;4961225;1016602624;24260608;1118597120;0;0;0;0;0;0;0;0;0;0;0;3656;0;0;89;0;80;0;
25211;4803238;1016602624;24260608;1118597120;0;0;0;0;0;0;0;0;0;0;0;2675;0;0;89;0;80;0;
25212;4191641;1016602624;24260608;1118597120;0;0;0;0;0;0;0;0;0;0;0;3417;0;0;89;0;80;0;
25213;5137244;1016602624;24260608;1118597120;0;0;0;0;0;0;0;0;0;0;0;2445;0;0;89;0;80;0;
25214;3662699;1016602624;24260608;1118597120;0;0;0;0;0;0;0;0;0;0;0;3126;0;0;89;0;80;0;
25215;4783711;1016602624;24260608;1118597120;0;0;0;0;0;0;0;0;0;0;0;2444;0;0;89;0;80;0;
25216;4000002;1016602624;24260608;1118597120;0;0;0;0;0;0;0;0;0;0;0;2886;0;0;89;0;80;0;
25217;5186136;1016602624;24260608;1118597120;0;0;0;0;0;0;0;0;0;0;0;2735;0;0;89;0;80;0;
25218;4018877;1016602624;24260608;1118597120;0;0;0;0;0;0;0;0;0;0;0;2986;0;0;89;0;80;0;
25219;4874913;1016602624;24260608;1118597120;0;0;0;0;0;0;0;0;0;0;0;2235;0;0;89;0;80;0;
25220;2425208;1016602624;24260608;1118597120;0;0;0;0;0;0;0;0;0;0;0;2835;0;0;89;0;80;0;
25221;4734719;1016602624;24260608;1118597120;0;0;0;0;0;0;0;0;0;0;0;1843;0;0;89;0;80;0;
25222;3196174;1016602624;24260608;1118597120;0;0;0;0;0;0;0;0;0;0;0;3186;0;0;89;0;80;0;
25223;5588380;1016602624;24260608;1118597120;0;0;0;0;0;0;0;0;0;0;0;3196;0;0;89;0;80;0;
25224;2981081;1016602624;24260608;1118597120;0;0;0;0;0;0;0;0;0;0;0;3396;0;0;89;0;80;0;
25225;5150168;1016602624;24260608;1118597120;0;0;0;0;0;0;0;0;0;0;0;2245;0;0;89;0;80;0;
25226;3063014;1016602624;24260608;1118597120;0;0;0;0;0;0;0;0;0;0;0;2875;0;0;89;0;80;0;
25227;5713375;1016602624;24260608;1118597120;0;0;0;0;0;0;0;0;0;0;0;2745;0;0;89;0;80;0;
25228;2401583;1016602624;24260608;1118597120;0;0;0;0;0;0;0;0;0;0;0;3286;0;0;89;0;80;0;
25229;5074216;1016602624;24260608;1118597120;0;0;0;0;0;0;0;0;0;0;0;3035;0;0;89;0;80;0;
25230;3019713;1016602624;24260608;1118597120;0;0;0;0;0;0;0;0;0;0;0;2855;0;0;89;0;80;0;
25231;4910349;1016602624;24260608;1118597120;0;0;0;0;0;0;0;0;0;0;0;2655;0;0;89;0;80;0;
25232;2809869;1016602624;24260608;1118597120;0;0;0;0;0;0;0;0;0;0;0;3407;0;0;89;0;80;0;
25233;5155859;1016602624;24260608;1118597120;0;0;0;0;0;0;0;0;0;0;0;2675;0;0;89;0;80;0;
25234;3446274;1016602624;24260608;1118597120;0;0;0;0;0;0;0;0;0;0;0;2986;0;0;89;0;80;0;
25235;4512132;1016602624;24260608;1118597120;0;0;0;0;0;0;0;0;0;0;0;2304;0;0;89;0;80;0;
25236;3389055;1016602624;24260608;1118597120;0;0;0;0;0;0;0;0;0;0;0;3316;0;0;89;0;80;0;
25237;4954572;1016602624;24260608;1118597120;0;0;0;0;0;0;0;0;0;0;0;2515;0;0;89;0;80;0;
25238;3746797;1016602624;24260608;1118597120;0;0;0;0;0;0;0;0;0;0;0;3146;0;0;89;0;80;0;
25239;4760488;1016602624;24260608;1118597120;0;0;0;0;0;0;0;0;0;0;0;2895;0;0;89;0;80;0;
25240;3884525;1016602624;24260608;1118597120;0;0;0;0;0;0;0;0;0;0;0;3357;0;0;89;0;80;0;
25241;5415936;1016602624;24260608;1118597120;0;0;0;0;0;0;0;0;0;0;0;2464;0;0;89;0;80;0;
25242;4883539;1016602624;24260608;1118597120;0;0;0;0;0;0;0;0;0;0;0;3227;0;0;89;0;80;0;
25243;5868055;1016602624;24260608;1118597120;0;0;0;0;0;0;0;0;0;0;0;3867;0;0;89;0;80;0;
25244;3724164;1016602624;24260608;1118597120;0;0;0;0;0;0;0;0;0;0;0;3176;0;0;89;0;80;0;
25245;6874042;1016602624;24260608;1118597120;0;0;0;0;0;0;0;0;0;0;0;3176;0;0;89;0;80;0;
25246;3008201;1016602624;24260608;1118597120;0;0;0;0;0;0;0;0;0;0;0;3457;0;0;89;0;80;0;
25247;5962582;1016602624;24260608;1118597120;0;0;0;0;0;0;0;0;0;0;0;3337;0;0;89;0;80;0;
25248;5516094;1016602624;24260608;1118597120;0;0;0;0;0;0;0;0;0;0;0;3727;0;0;89;0;80;0;
25249;4947569;1016602624;24260608;1118597120;0;0;0;0;0;0;0;0;0;0;0;2504;0;0;89;0;80;0;
25250;4109557;1016602624;24260608;1118597120;0;0;0;0;0;0;0;0;0;0;0;2886;0;0;89;0;80;0;
25251;6074903;1016602624;24260608;1118597120;0;0;0;0;0;0;0;0;0;0;0;4078;0;0;89;0;80;0;
25252;3461021;1016602624;24260608;1118597120;0;0;0;0;0;0;0;0;0;0;0;3276;0;0;89;0;80;0;
25253;5790229;1016602624;24260608;1118597120;0;0;0;0;0;0;0;0;0;0;0;3246;0;0;89;0;80;0;
25254;2994165;1016602624;24260608;1118597120;0;0;0;0;0;0;0;0;0;0;0;3366;0;0;89;0;80;0;
25255;5916115;1016602624;24260608;1118597120;0;0;0;0;0;0;0;0;0;0;0;3387;0;0;89;0;80;0;
25256;3417089;1016602624;24260608;1118597120;0;0;0;0;0;0;0;0;0;0;0;2805;0;0;89;0;80;0;
25257;5486950;1016602624;24260608;1118597120;0;0;0;0;0;0;0;0;0;0;0;3146;0;0;89;0;80;0;
25258;3048687;1016602624;24260608;1118597120;0;0;0;0;0;0;0;0;0;0;0;2985;0;0;89;0;80;0;
25259;5333993;1016602624;24260608;1118597120;0;0;0;0;0;0;0;0;0;0;0;2224;0;0;89;0;80;0;
25260;2850616;1016602624;24260608;1118597120;0;0;0;0;0;0;0;0;0;0;0;3165;0;0;89;0;80;0;
25261;5173362;1016602624;24260608;1118597120;0;0;0;0;0;0;0;0;0;0;0;2565;0;0;89;0;80;0;
25262;3104553;1016602624;24260608;1118597120;0;0;0;0;0;0;0;0;0;0;0;2915;0;0;89;0;80;0;
25263;5098351;1016602624;24260608;1118597120;0;0;0;0;0;0;0;0;0;0;0;4708;0;0;89;0;80;0;
25264;2820279;1016602624;24260608;1118597120;0;0;0;0;0;0;0;0;0;0;0;3015;0;0;89;0;80;0;
25265;5095006;1016602624;24260608;1118597120;0;0;0;0;0;0;0;0;0;0;0;2575;0;0;89;0;80;0;
25266;3187518;1016602624;24260608;1118597120;0;0;0;0;0;0;0;0;0;0;0;3116;0;0;89;0;80;0;
25267;4771338;1016602624;24260608;1118597120;0;0;0;0;0;0;0;0;0;0;0;1913;0;0;89;0;80;0;
25268;3413201;1016602624;24260608;1118597120;0;0;0;0;0;0;0;0;0;0;0;3076;0;0;89;0;80;0;
25269;5277577;1016602624;24260608;1118597120;0;0;0;0;0;0;0;0;0;0;0;2565;0;0;89;0;80;0;
25270;4164600;1016602624;24260608;1118597120;0;0;0;0;0;0;0;0;0;0;0;3016;0;0;89;0;80;0;
25271;4894920;1016602624;24260608;1118597120;0;0;0;0;0;0;0;0;0;0;0;5110;0;0;89;0;80;0;
25272;3189732;1016602624;24260608;1118597120;0;0;0;0;0;0;0;0;0;0;0;2816;0;0;89;0;80;0;
25273;4778231;1016602624;24260608;1118597120;0;0;0;0;0;0;0;0;0;0;0;2134;0;0;89;0;80;0;
25274;3388815;1016602624;24260608;1118597120;0;0;0;0;0;0;0;0;0;0;0;3276;0;0;89;0;80;0;
25275;5049690;1016602624;24260608;1118597120;0;0;0;0;0;0;0;0;0;0;0;2304;0;0;89;0;80;0;
25276;3334153;1016602624;24260608;1118597120;0;0;0;0;0;0;0;0;0;0;0;3267;0;0;89;0;80;0;
25277;4715694;1016602624;24260608;1118597120;0;0;0;0;0;0;0;0;0;0;0;2003;0;0;89;0;80;0;
25278;3659142;1016602624;24260608;1118597120;0;0;0;0;0;0;0;0;0;0;0;3236;0;0;89;0;80;0;
25279;4991391;1016602624;24260608;1118597120;0;0;0;0;0;0;0;0;0;0;0;2465;0;0;89;0;80;0;
25280;3387744;1016602624;24260608;1118597120;0;0;0;0;0;0;0;0;0;0;0;2865;0;0;89;0;80;0;
25281;5235118;1016602624;24260608;1118597120;0;0;0;0;0;0;0;0;0;0;0;2575;0;0;89;0;80;0;
25282;3734814;1016602624;24260608;1118597120;0;0;0;0;0;0;0;0;0;0;0;3627;0;0;89;0;80;0;
25283;5472663;1016602624;24260608;1118597120;0;0;0;0;0;0;0;0;0;0;0;2324;0;0;89;0;80;0;
25284;3126924;1016602624;24260608;1118597120;0;0;0;0;0;0;0;0;0;0;0;3277;0;0;89;0;80;0;
25285;5072112;1016602624;24260608;1118597120;0;0;0;0;0;0;0;0;0;0;0;3056;0;0;89;0;80;0;
25286;3380159;1016602624;24260608;1118597120;0;0;0;0;0;0;0;0;0;0;0;3807;0;0;89;0;80;0;
25287;5881480;1016602624;24260608;1118597120;0;0;0;0;0;0;0;0;0;0;0;2765;0;0;89;0;80;0;
25288;3237080;1016602624;24260608;1118597120;0;0;0;0;0;0;0;0;0;0;0;3256;0;0;89;0;80;0;
25289;4955614;1016602624;24260608;1118597120;0;0;0;0;0;0;0;0;0;0;0;2475;0;0;89;0;80;0;
25290;3364871;1016602624;24260608;1118597120;0;0;0;0;0;0;0;0;0;0;0;3176;0;0;89;0;80;0;
25291;5366805;1016602624;24260608;1118597120;0;0;0;0;0;0;0;0;0;0;0;2805;0;0;89;0;80;0;
25292;3127505;1016602624;24260608;1118597120;0;0;0;0;0;0;0;0;0;0;0;3606;0;0;89;0;80;0;
25293;5136774;1016602624;24260608;1118597120;0;0;0;0;0;0;0;0;0;0;0;2885;0;0;89;0;80;0;
25294;3669391;1016602624;24260608;1118597120;0;0;0;0;0;0;0;0;0;0;0;3707;0;0;89;0;80;0;
25295;4996450;1016602624;24260608;1118597120;0;0;0;0;0;0;0;0;0;0;0;3206;0;0;89;0;80;0;
25296;3749642;1016602624;24260608;1118597120;0;0;0;0;0;0;0;0;0;0;0;3757;0;0;89;0;80;0;
25297;6037082;1016602624;24260608;1118597120;0;0;0;0;0;0;0;0;0;0;0;3918;0;0;89;0;80;0;
25298;4629743;1016602624;24260608;1118597120;0;0;0;0;0;0;0;0;0;0;0;3306;0;0;89;0;80;0;
25299;5941983;1016602624;24260608;1118597120;0;0;0;0;0;0;0;0;0;0;0;2945;0;0;89;0;80;0;
25300;4046168;1016602624;24260608;1118597120;0;0;0;0;0;0;0;0;0;0;0;2955;0;0;89;0;80;0;
25301;4926409;1016602624;24260608;1118597120;0;0;0;0;0;0;0;0;0;0;0;2284;0;0;89;0;80;0;
25302;3537324;1016602624;24260608;1118597120;0;0;0;0;0;0;0;0;0;0;0;3276;0;0;89;0;80;0;
25303;5777525;1016602624;24260608;1118597120;0;0;0;0;0;0;0;0;0;0;0;2976;0;0;89;0;80;0;
25304;4118203;1016602624;24260608;1118597120;0;0;0;0;0;0;0;0;0;0;0;3296;0;0;89;0;80;0;
25305;6431601;1016602624;24260608;1118597120;0;0;0;0;0;0;0;0;0;0;0;3506;0;0;89;0;80;0;
25306;4209615;1016602624;24260608;1118597120;0;0;0;0;0;0;0;0;0;0;0;3286;0;0;89;0;80;0;
25307;6368864;1016602624;24260608;1118597120;0;0;0;0;0;0;0;0;0;0;0;3877;0;0;89;0;80;0;
25308;4781117;1016602624;24260608;1118597120;0;0;0;0;0;0;0;0;0;0;0;2725;0;0;89;0;80;0;
25309;5097310;1016602624;24260608;1118597120;0;0;0;0;0;0;0;0;0;0;0;2154;0;0;89;0;80;0;
25310;4615796;1016602624;24260608;1118597120;0;0;0;0;0;0;0;0;0;0;0;3176;0;0;89;0;80;0;
25311;5527185;1016602624;24260608;1118597120;0;0;0;0;0;0;0;0;0;0;0;2585;0;0;89;0;80;0;
25312;4823697;1016602624;24260608;1118597120;0;0;0;0;0;0;0;0;0;0;0;3516;0;0;89;0;80;0;
25313;5596115;1016602624;24260608;1118597120;0;0;0;0;0;0;0;0;0;0;0;3807;0;0;89;0;80;0;
25314;4535536;1016602624;24260608;1118597120;0;0;0;0;0;0;0;0;0;0;0;3647;0;0;89;0;80;0;
25315;6294755;1022406656;31825920;1126162432;0;0;0;0;0;0;0;0;0;0;0;3517;0;0;89;0;80;0;
25316;4088658;1022406656;31825920;1126162432;0;0;0;0;0;0;0;0;0;0;0;3106;0;0;89;0;80;0;
25317;6352423;1022406656;31834112;1126170624;0;0;0;0;0;0;0;0;0;0;0;3446;0;0;89;0;80;0;
25318;4083798;1022406656;31834112;1126170624;0;0;0;0;0;0;0;0;0;0;0;3847;0;0;89;0;80;0;
25319;5878404;1022406656;31834112;1126170624;0;0;0;0;0;0;0;0;0;0;0;3597;0;0;89;0;80;0;
25320;3783636;1022406656;31834112;1126170624;0;0;0;0;0;0;0;0;0;0;0;3787;0;0;89;0;80;0;
25321;6033735;1022406656;31834112;1126170624;0;0;0;0;0;0;0;0;0;0;0;3086;0;0;89;0;80;0;
25322;3214519;1022406656;31834112;1126170624;0;0;0;0;0;0;0;0;0;0;0;4148;0;0;89;0;80;0;
25323;5214560;1022406656;31834112;1126170624;0;0;0;0;0;0;0;0;0;0;0;3096;0;0;89;0;80;0;
25324;5080128;1016602624;24260608;1118597120;0;0;0;0;0;0;0;0;0;0;0;3447;0;0;89;0;80;0;
25325;5170557;1016602624;24260608;1118597120;0;0;0;0;0;0;0;0;0;0;0;2434;0;0;89;0;80;0;
25326;4463320;1016602624;24260608;1118597120;0;0;0;0;0;0;0;0;0;0;0;3567;0;0;89;0;80;0;
25327;5621322;1016602624;24260608;1118597120;0;0;0;0;0;0;0;0;0;0;0;2805;0;0;89;0;80;0;
25328;4852250;1016602624;24260608;1118597120;0;0;0;0;0;0;0;0;0;0;0;3236;0;0;89;0;80;0;
25329;6421994;1016602624;24260608;1118597120;0;0;0;0;0;0;0;0;0;0;0;3045;0;0;89;0;80;0;
25330;13072676;1016602624;24260608;1118597120;0;0;0;0;0;0;0;0;0;0;0;5080;0;0;89;0;80;0;
25331;7772657;1016602624;24260608;1118597120;0;0;0;0;0;0;0;0;0;0;0;2835;0;0;89;0;80;0;
25332;4564971;1016602624;24260608;1118597120;0;0;0;0;0;0;0;0;0;0;0;3146;0;0;89;0;80;0;
25333;5836746;1016602624;24260608;1118597120;0;0;0;0;0;0;0;0;0;0;0;2986;0;0;89;0;80;0;
25334;4126458;1016602624;24260608;1118597120;0;0;0;0;0;0;0;0;0;0;0;3206;0;0;89;0;80;0;
25335;5897781;1016602624;24260608;1118597120;0;0;0;0;0;0;0;0;0;0;0;2875;0;0;89;0;80;0;
25336;4036540;1016602624;24260608;1118597120;0;0;0;0;0;0;0;0;0;0;0;3036;0;0;89;0;80;0;
25337;5073084;1016602624;24260608;1118597120;0;0;0;0;0;0;0;0;0;0;0;3086;0;0;89;0;80;0;
25338;3402771;1016602624;24260608;1118597120;0;0;0;0;0;0;0;0;0;0;0;2855;0;0;89;0;80;0;
25339;5476200;1016602624;24260608;1118597120;0;0;0;0;0;0;0;0;0;0;0;2384;0;0;89;0;80;0;
25340;4722707;1016602624;24260608;1118597120;0;0;0;0;0;0;0;0;0;0;0;3597;0;0;89;0;80;0;
25341;5428230;1016602624;24260608;1118597120;0;0;0;0;0;0;0;0;0;0;0;2825;0;0;89;0;80;0;
25342;4673305;1016602624;24260608;1118597120;0;0;0;0;0;0;0;0;0;0;0;3787;0;0;89;0;80;0;
25343;5151531;1016602624;24260608;1118597120;0;0;0;0;0;0;0;0;0;0;0;2625;0;0;89;0;80;0;
25344;3598608;1016602624;24260608;1118597120;0;0;0;0;0;0;0;0;0;0;0;3106;0;0;89;0;80;0;
25345;4814790;1016602624;24260608;1118597120;0;0;0;0;0;0;0;0;0;0;0;2935;0;0;89;0;80;0;
25346;4119656;1016602624;24260608;1118597120;0;0;0;0;0;0;0;0;0;0;0;3436;0;0;89;0;80;0;
25347;4945615;1016602624;24260608;1118597120;0;0;0;0;0;0;0;0;0;0;0;2815;0;0;89;0;80;0;
25348;4182714;1016602624;24260608;1118597120;0;0;0;0;0;0;0;0;0;0;0;3166;0;0;89;0;80;0;
25349;4664037;1016602624;24260608;1118597120;0;0;0;0;0;0;0;0;0;0;0;2444;0;0;89;0;80;0;
25350;4954151;1016602624;24260608;1118597120;0;0;0;0;0;0;0;0;0;0;0;3587;0;0;89;0;80;0;
25351;5241169;1016602624;24260608;1118597120;0;0;0;0;0;0;0;0;0;0;0;2575;0;0;89;0;80;0;
25352;4978587;1016602624;24260608;1118597120;0;0;0;0;0;0;0;0;0;0;0;2865;0;0;89;0;80;0;
25353;5473936;1016602624;24260608;1118597120;0;0;0;0;0;0;0;0;0;0;0;2665;0;0;89;0;80;0;
25354;3891999;1016602624;24260608;1118597120;0;0;0;0;0;0;0;0;0;0;0;3286;0;0;89;0;80;0;
25355;5065720;1016602624;24260608;1118597120;0;0;0;0;0;0;0;0;0;0;0;2755;0;0;89;0;80;0;
25356;5022158;1016602624;24260608;1118597120;0;0;0;0;0;0;0;0;0;0;0;3166;0;0;89;0;80;0;
25357;5022339;1016602624;24260608;1118597120;0;0;0;0;0;0;0;0;0;0;0;3025;0;0;89;0;80;0;
25358;3633564;1016602624;24260608;1118597120;0;0;0;0;0;0;0;0;0;0;0;3306;0;0;89;0;80;0;
25359;6298321;1016602624;24260608;1118597120;0;0;0;0;0;0;0;0;0;0;0;3186;0;0;89;0;80;0;
25360;3761244;1016602624;24260608;1118597120;0;0;0;0;0;0;0;0;0;0;0;3396;0;0;89;0;80;0;
25361;5247021;1016602624;24260608;1118597120;0;0;0;0;0;0;0;0;0;0;0;2885;0;0;89;0;80;0;
25362;3997016;1016602624;24260608;1118597120;0;0;0;0;0;0;0;0;0;0;0;3146;0;0;89;0;80;0;
25363;5595984;1016602624;24260608;1118597120;0;0;0;0;0;0;0;0;0;0;0;2745;0;0;89;0;80;0;
25364;3332249;1016602624;24260608;1118597120;0;0;0;0;0;0;0;0;0;0;0;2565;0;0;89;0;80;0;
25365;4832082;1016602624;24260608;1118597120;0;0;0;0;0;0;0;0;0;0;0;2605;0;0;89;0;80;0;
25366;5136222;1016602624;24260608;1118597120;0;0;0;0;0;0;0;0;0;0;0;38643;0;0;89;0;80;0;
25367;5392072;1016602624;24260608;1118597120;0;0;0;0;0;0;0;0;0;0;0;3376;0;0;89;0;80;0;
25368;4608333;1016602624;24260608;1118597120;0;0;0;0;0;0;0;0;0;0;0;4088;0;0;89;0;80;0;
25369;8148672;1016602624;24260608;1118597120;0;0;0;0;0;0;0;0;0;0;0;3647;0;0;89;0;80;0;
25370;6098426;1016602624;24260608;1118597120;0;0;0;0;0;0;0;0;0;0;0;3386;0;0;89;0;80;0;
25371;6741493;1016602624;24260608;1118597120;0;0;0;0;0;0;0;0;0;0;0;3066;0;0;89;0;80;0;
25372;5149147;1016602624;24260608;1118597120;0;0;0;0;0;0;0;0;0;0;0;3306;0;0;89;0;80;0;
25373;5337389;1016602624;24260608;1118597120;0;0;0;0;0;0;0;0;0;0;0;3126;0;0;89;0;80;0;
25374;4370817;1016602624;24260608;1118597120;0;0;0;0;0;0;0;0;0;0;0;3236;0;0;89;0;80;0;
25375;5825185;1016602624;24260608;1118597120;0;0;0;0;0;0;0;0;0;0;0;2895;0;0;89;0;80;0;
25376;4030118;1016602624;24260608;1118597120;0;0;0;0;0;0;0;0;0;0;0;3106;0;0;89;0;80;0;
25377;5016268;1016602624;24260608;1118597120;0;0;0;0;0;0;0;0;0;0;0;2785;0;0;89;0;80;0;
25378;3723002;1016602624;24260608;1118597120;0;0;0;0;0;0;0;0;0;0;0;2996;0;0;89;0;80;0;
25379;5719687;1016602624;24260608;1118597120;0;0;0;0;0;0;0;0;0;0;0;2775;0;0;89;0;80;0;
25380;4118343;1016602624;24260608;1118597120;0;0;0;0;0;0;0;0;0;0;0;3397;0;0;89;0;80;0;
25381;5192628;1016602624;24260608;1118597120;0;0;0;0;0;0;0;0;0;0;0;3105;0;0;89;0;80;0;
25382;4029377;1016602624;24260608;1118597120;0;0;0;0;0;0;0;0;0;0;0;3597;0;0;89;0;80;0;
25383;5297906;1016602624;24260608;1118597120;0;0;0;0;0;0;0;0;0;0;0;2885;0;0;89;0;80;0;
25384;5045623;1016602624;24260608;1118597120;0;0;0;0;0;0;0;0;0;0;0;3827;0;0;89;0;80;0;
25385;5617374;1016602624;24260608;1118597120;0;0;0;0;0;0;0;0;0;0;0;3387;0;0;89;0;80;0;
25386;3460359;1016602624;24260608;1118597120;0;0;0;0;0;0;0;0;0;0;0;3416;0;0;89;0;80;0;
25387;5676616;1016602624;24260608;1118597120;0;0;0;0;0;0;0;0;0;0;0;3427;0;0;89;0;80;0;
25388;6935927;1016602624;24260608;1118597120;0;0;0;0;0;0;0;0;0;0;0;4228;0;0;89;0;80;0;
25389;5534189;1016602624;24260608;1118597120;0;0;0;0;0;0;0;0;0;0;0;3476;0;0;89;0;80;0;
25390;5005127;1016602624;24260608;1118597120;0;0;0;0;0;0;0;0;0;0;0;4548;0;0;89;0;80;0;
25391;5565808;1016602624;24260608;1118597120;0;0;0;0;0;0;0;0;0;0;0;3347;0;0;89;0;80;0;
25392;5337159;1016602624;24260608;1118597120;0;0;0;0;0;0;0;0;0;0;0;4178;0;0;89;0;80;0;
25393;5520634;1016602624;24260608;1118597120;0;0;0;0;0;0;0;0;0;0;0;3837;0;0;89;0;80;0;
25394;4908505;1016602624;24260608;1118597120;0;0;0;0;0;0;0;0;0;0;0;3637;0;0;89;0;80;0;
25395;7828602;1016602624;24260608;1118597120;0;0;0;0;0;0;0;0;0;0;0;4147;0;0;89;0;80;0;
25396;4444525;1016602624;24260608;1118597120;0;0;0;0;0;0;0;0;0;0;0;4198;0;0;89;0;80;0;
25397;5344864;1016602624;24260608;1118597120;0;0;0;0;0;0;0;0;0;0;0;3978;0;0;89;0;80;0;
25398;6842202;1016602624;24260608;1118597120;0;0;0;0;0;0;0;0;0;0;0;4749;0;0;89;0;80;0;
25399;5375611;1016602624;24260608;1118597120;0;0;0;0;0;0;0;0;0;0;0;3737;0;0;89;0;80;0;
25400;6304213;1016602624;24260608;1118597120;0;0;0;0;0;0;0;0;0;0;0;4047;0;0;89;0;80;0;
25401;6231858;1016602624;24260608;1118597120;0;0;0;0;0;0;0;0;0;0;0;3927;0;0;89;0;80;0;
25402;7438510;1016602624;24260608;1118597120;0;0;0;0;0;0;0;0;0;0;0;4358;0;0;89;0;80;0;
25403;7233876;1016602624;24260608;1118597120;0;0;0;0;0;0;0;0;0;0;0;3677;0;0;89;0;80;0;
25404;5153635;1016602624;24260608;1118597120;0;0;0;0;0;0;0;0;0;0;0;4208;0;0;89;0;80;0;
25405;6025019;1016602624;24260608;1118597120;0;0;0;0;0;0;0;0;0;0;0;3647;0;0;89;0;80;0;
25406;7572412;1016602624;24260608;1118597120;0;0;0;0;0;0;0;0;0;0;0;4358;0;0;89;0;80;0;
25407;5859288;1016602624;24260608;1118597120;0;0;0;0;0;0;0;0;0;0;0;4438;0;0;89;0;80;0;
25408;7905035;1016602624;24260608;1118597120;0;0;0;0;0;0;0;0;0;0;0;4619;0;0;89;0;80;0;
25409;6788381;1022406656;31825920;1126162432;0;0;0;0;0;0;0;0;0;0;0;4689;0;0;89;0;80;0;
25410;6500150;1022406656;31825920;1126162432;0;0;0;0;0;0;0;0;0;0;0;4348;0;0;89;0;80;0;
25411;6576804;1022406656;31834112;1126170624;0;0;0;0;0;0;0;0;0;0;0;4098;0;0;89;0;80;0;
25412;6595288;1022406656;31834112;1126170624;0;0;0;0;0;0;0;0;0;0;0;4568;0;0;89;0;80;0;
25413;7278891;1022406656;31834112;1126170624;0;0;0;0;0;0;0;0;0;0;0;3707;0;0;89;0;80;0;
25414;5310258;1022406656;31834112;1126170624;0;0;0;0;0;0;0;0;0;0;0;5099;0;0;89;0;80;0;
25415;6260761;1022406656;31834112;1126170624;0;0;0;0;0;0;0;0;0;0;0;5249;0;0;89;0;80;0;
25416;5488783;1022406656;31834112;1126170624;0;0;0;0;0;0;0;0;0;0;0;5240;0;0;89;0;80;0;
25417;6705044;1022406656;31834112;1126170624;0;0;0;0;0;0;0;0;0;0;0;3827;0;0;89;0;80;0;
25418;5776042;1016602624;24260608;1118597120;0;0;0;0;0;0;0;0;0;0;0;4488;0;0;89;0;80;0;
25419;6753706;1016602624;24260608;1118597120;0;0;0;0;0;0;0;0;0;0;0;4278;0;0;89;0;80;0;
25420;6105450;1016602624;24260608;1118597120;0;0;0;0;0;0;0;0;0;0;0;5000;0;0;89;0;80;0;
25421;7770983;1016602624;24260608;1118597120;0;0;0;0;0;0;0;0;0;0;0;4548;0;0;89;0;80;0;
25422;5105165;1016602624;24260608;1118597120;0;0;0;0;0;0;0;0;0;0;0;4027;0;0;89;0;80;0;
25423;8538162;1016602624;24260608;1118597120;0;0;0;0;0;0;0;0;0;0;0;4057;0;0;89;0;80;0;
25424;6039646;1016602624;24260608;1118597120;0;0;0;0;0;0;0;0;0;0;0;3897;0;0;89;0;80;0;
25425;5862345;1016602624;24260608;1118597120;0;0;0;0;0;0;0;0;0;0;0;4268;0;0;89;0;80;0;
25426;4935787;1016602624;24260608;1118597120;0;0;0;0;0;0;0;0;0;0;0;4278;0;0;89;0;80;0;
25427;8075074;1016602624;24260608;1118597120;0;0;0;0;0;0;0;0;0;0;0;3727;0;0;89;0;80;0;
25428;6421212;1016602624;24260608;1118597120;0;0;0;0;0;0;0;0;0;0;0;3777;0;0;89;0;80;0;
25429;6513766;1016602624;24260608;1118597120;0;0;0;0;0;0;0;0;0;0;0;4849;0;0;89;0;80;0;
25430;4953500;1016602624;24260608;1118597120;0;0;0;0;0;0;0;0;0;0;0;4508;0;0;89;0;80;0;
25431;5379268;1016602624;24260608;1118597120;0;0;0;0;0;0;0;0;0;0;0;3828;0;0;89;0;80;0;
25432;8609897;1016602624;24260608;1118597120;0;0;0;0;0;0;0;0;0;0;0;4779;0;0;89;0;80;0;
25433;6291329;1016602624;24260608;1118597120;0;0;0;0;0;0;0;0;0;0;0;3356;0;0;89;0;80;0;
25434;7901318;1016602624;24260608;1118597120;0;0;0;0;0;0;0;0;0;0;0;4318;0;0;89;0;80;0;
25435;6168088;1016602624;24260608;1118597120;0;0;0;0;0;0;0;0;0;0;0;3877;0;0;89;0;80;0;
25436;6223581;1016602624;24260608;1118597120;0;0;0;0;0;0;0;0;0;0;0;4359;0;0;89;0;80;0;
25437;8749619;1016602624;24260608;1118597120;0;0;0;0;0;0;0;0;0;0;0;6142;0;0;89;0;80;0;
25438;5357838;1016602624;24260608;1118597120;0;0;0;0;0;0;0;0;0;0;0;3867;0;0;89;0;80;0;
25439;5462976;1016602624;24260608;1118597120;0;0;0;0;0;0;0;0;0;0;0;3286;0;0;89;0;80;0;
25440;5097350;1016602624;24260608;1118597120;0;0;0;0;0;0;0;0;0;0;0;3747;0;0;89;0;80;0;
25441;5586697;1016602624;24260608;1118597120;0;0;0;0;0;0;0;0;0;0;0;3257;0;0;89;0;80;0;
25442;7131424;1016602624;24260608;1118597120;0;0;0;0;0;0;0;0;0;0;0;3837;0;0;89;0;80;0;
25443;7450071;1016602624;24260608;1118597120;0;0;0;0;0;0;0;0;0;0;0;4599;0;0;89;0;80;0;
25444;4428695;1016602624;24260608;1118597120;0;0;0;0;0;0;0;0;0;0;0;3246;0;0;89;0;80;0;
25445;7826699;1016602624;24260608;1118597120;0;0;0;0;0;0;0;0;0;0;0;4348;0;0;89;0;80;0;
25446;5934370;1016602624;24260608;1118597120;0;0;0;0;0;0;0;0;0;0;0;4108;0;0;89;0;80;0;
25447;7496359;1016602624;24260608;1118597120;0;0;0;0;0;0;0;0;0;0;0;4048;0;0;89;0;80;0;
25448;5167340;1016602624;24260608;1118597120;0;0;0;0;0;0;0;0;0;0;0;3427;0;0;89;0;80;0;
25449;6565954;1016602624;24260608;1118597120;0;0;0;0;0;0;0;0;0;0;0;3537;0;0;89;0;80;0;
25450;5136854;1016602624;24260608;1118597120;0;0;0;0;0;0;0;0;0;0;0;3377;0;0;89;0;80;0;
25451;5764811;1016602624;24260608;1118597120;0;0;0;0;0;0;0;0;0;0;0;3877;0;0;89;0;80;0;
25452;4881735;1016602624;24260608;1118597120;0;0;0;0;0;0;0;0;0;0;0;3316;0;0;89;0;80;0;
25453;7243535;1016602624;24260608;1118597120;0;0;0;0;0;0;0;0;0;0;0;3627;0;0;89;0;80;0;
25454;4394902;1016602624;24260608;1118597120;0;0;0;0;0;0;0;0;0;0;0;3586;0;0;89;0;80;0;
25455;7884977;1016602624;24260608;1118597120;0;0;0;0;0;0;0;0;0;0;0;4568;0;0;89;0;80;0;
25456;8772361;1016602624;24260608;1118597120;0;0;0;0;0;0;0;0;0;0;0;3847;0;0;89;0;80;0;
25457;5689360;1016602624;24260608;1118597120;0;0;0;0;0;0;0;0;0;0;0;3366;0;0;89;0;80;0;
25458;5936473;1016602624;24260608;1118597120;0;0;0;0;0;0;0;0;0;0;0;3757;0;0;89;0;80;0;
25459;6054545;1016602624;24260608;1118597120;0;0;0;0;0;0;0;0;0;0;0;3416;0;0;89;0;80;0;
25460;6369375;1016602624;24260608;1118597120;0;0;0;0;0;0;0;0;0;0;0;3877;0;0;89;0;80;0;
25461;6031431;1016602624;24260608;1118597120;0;0;0;0;0;0;0;0;0;0;0;3587;0;0;89;0;80;0;
25462;6123444;1016602624;24260608;1118597120;0;0;0;0;0;0;0;0;0;0;0;4568;0;0;89;0;80;0;
25463;5537525;1016602624;24260608;1118597120;0;0;0;0;0;0;0;0;0;0;0;3436;0;0;89;0;80;0;
25464;5485848;1016602624;24260608;1118597120;0;0;0;0;0;0;0;0;0;0;0;3958;0;0;89;0;80;0;
25465;5457405;1016602624;24260608;1118597120;0;0;0;0;0;0;0;0;0;0;0;3757;0;0;89;0;80;0;
25466;5138636;1016602624;24260608;1118597120;0;0;0;0;0;0;0;0;0;0;0;3366;0;0;89;0;80;0;
25467;5635108;1016602624;24260608;1118597120;0;0;0;0;0;0;0;0;0;0;0;2485;0;0;89;0;80;0;
25468;4617770;1016602624;24260608;1118597120;0;0;0;0;0;0;0;0;0;0;0;3396;0;0;89;0;80;0;
25469;5847967;1016602624;24260608;1118597120;0;0;0;0;0;0;0;0;0;0;0;3126;0;0;89;0;80;0;
25470;6268916;1016602624;24260608;1118597120;0;0;0;0;0;0;0;0;0;0;0;3797;0;0;89;0;80;0;
25471;5906267;1016602624;24260608;1118597120;0;0;0;0;0;0;0;0;0;0;0;3146;0;0;89;0;80;0;
25472;6815612;1016602624;24260608;1118597120;0;0;0;0;0;0;0;0;0;0;0;3176;0;0;89;0;80;0;
25473;6289926;1016602624;24260608;1118597120;0;0;0;0;0;0;0;0;0;0;0;2836;0;0;89;0;80;0;
25474;5911075;1016602624;24260608;1118597120;0;0;0;0;0;0;0;0;0;0;0;3106;0;0;89;0;80;0;
25475;5958655;1016602624;24260608;1118597120;0;0;0;0;0;0;0;0;0;0;0;2785;0;0;89;0;80;0;
25476;4999095;1016602624;24260608;1118597120;0;0;0;0;0;0;0;0;0;0;0;3547;0;0;89;0;80;0;
25477;7126555;1016602624;24260608;1118597120;0;0;0;0;0;0;0;0;0;0;0;2585;0;0;89;0;80;0;
25478;6579760;1016602624;24260608;1118597120;0;0;0;0;0;0;0;0;0;0;0;4559;0;0;89;0;80;0;
25479;7090237;1016602624;24260608;1118597120;0;0;0;0;0;0;0;0;0;0;0;3737;0;0;89;0;80;0;
25480;4747383;1016602624;24260608;1118597120;0;0;0;0;0;0;0;0;0;0;0;3326;0;0;89;0;80;0;
25481;5020245;1016602624;24260608;1118597120;0;0;0;0;0;0;0;0;0;0;0;2935;0;0;89;0;80;0;
25482;4052130;1016602624;24260608;1118597120;0;0;0;0;0;0;0;0;0;0;0;3477;0;0;89;0;80;0;
25483;6085192;1016602624;24260608;1118597120;0;0;0;0;0;0;0;0;0;0;0;2405;0;0;89;0;80;0;
25484;4975311;1016602624;24260608;1118597120;0;0;0;0;0;0;0;0;0;0;0;3477;0;0;89;0;80;0;
25485;6408568;1016602624;24260608;1118597120;0;0;0;0;0;0;0;0;0;0;0;2505;0;0;89;0;80;0;
25486;5386803;1016602624;24260608;1118597120;0;0;0;0;0;0;0;0;0;0;0;3717;0;0;89;0;80;0;
25487;5034862;1016602624;24260608;1118597120;0;0;0;0;0;0;0;0;0;0;0;2895;0;0;89;0;80;0;
25488;5139298;1016602624;24260608;1118597120;0;0;0;0;0;0;0;0;0;0;0;3497;0;0;89;0;80;0;
25489;5939929;1016602624;24260608;1118597120;0;0;0;0;0;0;0;0;0;0;0;2796;0;0;89;0;80;0;
25490;4515428;1016602624;24260608;1118597120;0;0;0;0;0;0;0;0;0;0;0;3867;0;0;89;0;80;0;
25491;6116601;1016602624;24260608;1118597120;0;0;0;0;0;0;0;0;0;0;0;2996;0;0;89;0;80;0;
25492;5293337;1016602624;24260608;1118597120;0;0;0;0;0;0;0;0;0;0;0;2805;0;0;89;0;80;0;
25493;5624327;1016602624;24268800;1118605312;0;0;0;0;0;0;0;0;0;0;0;3536;0;0;89;0;80;0;
25494;4194326;1016602624;24268800;1118605312;0;0;0;0;0;0;0;0;0;0;0;4238;0;0;89;0;80;0;
25495;6298582;1016602624;24268800;1118605312;0;0;0;0;0;0;0;0;0;0;0;3997;0;0;89;0;80;0;
25496;5320649;1016602624;24268800;1118605312;0;0;0;0;0;0;0;0;0;0;0;3817;0;0;89;0;80;0;
25497;6803730;1016602624;24268800;1118605312;0;0;0;0;0;0;0;0;0;0;0;3767;0;0;89;0;80;0;
25498;7051455;1016602624;24268800;1118605312;0;0;0;0;0;0;0;0;0;0;0;4168;0;0;89;0;80;0;
25499;6007086;1016602624;24268800;1118605312;0;0;0;0;0;0;0;0;0;0;0;3647;0;0;89;0;80;0;
25500;5669703;1016602624;24260608;1118597120;0;0;0;0;0;0;0;0;0;0;0;4037;0;0;89;0;80;0;
25501;6427053;1016602624;24260608;1118597120;0;0;0;0;0;0;0;0;0;0;0;3287;0;0;89;0;80;0;
25502;5277286;1016602624;24260608;1118597120;0;0;0;0;0;0;0;0;0;0;0;3877;0;0;89;0;80;0;
25503;12034409;1022406656;31825920;1126162432;0;0;0;0;0;0;0;0;0;0;0;3116;0;0;89;0;80;0;
25504;5370742;1022406656;31825920;1126162432;0;0;0;0;0;0;0;0;0;0;0;3797;0;0;89;0;80;0;
25505;6821393;1022406656;31825920;1126162432;0;0;0;0;0;0;0;0;0;0;0;3967;0;0;89;0;80;0;
25506;5879767;1022406656;31825920;1126162432;0;0;0;0;0;0;0;0;0;0;0;3947;0;0;89;0;80;0;
25507;5536923;1022406656;31825920;1126162432;0;0;0;0;0;0;0;0;0;0;0;4198;0;0;89;0;80;0;
25508;6143321;1022406656;31825920;1126162432;0;0;0;0;0;0;0;0;0;0;0;3818;0;0;89;0;80;0;
25509;6212671;1022406656;31825920;1126162432;0;0;0;0;0;0;0;0;0;0;0;3697;0;0;89;0;80;0;
25510;5640869;1022406656;31825920;1126162432;0;0;0;0;0;0;0;0;0;0;0;3566;0;0;89;0;80;0;
25511;6094870;1022406656;31825920;1126162432;0;0;0;0;0;0;0;0;0;0;0;3156;0;0;89;0;80;0;
25512;6532080;1016602624;24260608;1118597120;0;0;0;0;0;0;0;0;0;0;0;4028;0;0;89;0;80;0;
25513;6563068;1016602624;24260608;1118597120;0;0;0;0;0;0;0;0;0;0;0;4989;0;0;89;0;80;0;
25514;5059118;1016602624;24260608;1118597120;0;0;0;0;0;0;0;0;0;0;0;3256;0;0;89;0;80;0;
25515;6123293;1016602624;24260608;1118597120;0;0;0;0;0;0;0;0;0;0;0;4148;0;0;89;0;80;0;
25516;5908671;1016602624;24260608;1118597120;0;0;0;0;0;0;0;0;0;0;0;3236;0;0;89;0;80;0;
25517;6366970;1016602624;24260608;1118597120;0;0;0;0;0;0;0;0;0;0;0;4518;0;0;89;0;80;0;
25518;4290156;1016602624;24260608;1118597120;0;0;0;0;0;0;0;0;0;0;0;3486;0;0;89;0;80;0;
25519;6173147;1016602624;24260608;1118597120;0;0;0;0;0;0;0;0;0;0;0;4188;0;0;89;0;80;0;
25520;4589778;1016602624;24260608;1118597120;0;0;0;0;0;0;0;0;0;0;0;3607;0;0;89;0;80;0;
25521;5473024;1016602624;24260608;1118597120;0;0;0;0;0;0;0;0;0;0;0;3236;0;0;89;0;80;0;
25522;4994196;1016602624;24260608;1118597120;0;0;0;0;0;0;0;0;0;0;0;3336;0;0;89;0;80;0;
25523;6061167;1016602624;24260608;1118597120;0;0;0;0;0;0;0;0;0;0;0;3035;0;0;89;0;80;0;
25524;4396996;1016602624;24260608;1118597120;0;0;0;0;0;0;0;0;0;0;0;3447;0;0;89;0;80;0;
25525;5447646;1016602624;24260608;1118597120;0;0;0;0;0;0;0;0;0;0;0;3056;0;0;89;0;80;0;
25526;4867809;1016602624;24260608;1118597120;0;0;0;0;0;0;0;0;0;0;0;3516;0;0;89;0;80;0;
25527;6520208;1016602624;24260608;1118597120;0;0;0;0;0;0;0;0;0;0;0;3877;0;0;89;0;80;0;
25528;6086595;1016602624;24260608;1118597120;0;0;0;0;0;0;0;0;0;0;0;3858;0;0;89;0;80;0;
25529;6435008;1016602624;24260608;1118597120;0;0;0;0;0;0;0;0;0;0;0;5240;0;0;89;0;80;0;
25530;5358238;1016602624;24260608;1118597120;0;0;0;0;0;0;0;0;0;0;0;4138;0;0;89;0;80;0;
25531;6971935;1016602624;24260608;1118597120;0;0;0;0;0;0;0;0;0;0;0;4218;0;0;89;0;80;0;
25532;4671871;1016602624;24260608;1118597120;0;0;0;0;0;0;0;0;0;0;0;4047;0;0;89;0;80;0;
25533;6012966;1016602624;24260608;1118597120;0;0;0;0;0;0;0;0;0;0;0;3667;0;0;89;0;80;0;
25534;5476962;1016602624;24260608;1118597120;0;0;0;0;0;0;0;0;0;0;0;4268;0;0;89;0;80;0;
25535;5603037;1016602624;24260608;1118597120;0;0;0;0;0;0;0;0;0;0;0;2996;0;0;89;0;80;0;
25536;3952072;1016602624;24260608;1118597120;0;0;0;0;0;0;0;0;0;0;0;3186;0;0;89;0;80;0;
25537;5127756;1016602624;24260608;1118597120;0;0;0;0;0;0;0;0;0;0;0;2555;0;0;89;0;80;0;
25538;4486704;1016602624;24260608;1118597120;0;0;0;0;0;0;0;0;0;0;0;3277;0;0;89;0;80;0;
25539;4913675;1016602624;24260608;1118597120;0;0;0;0;0;0;0;0;0;0;0;2164;0;0;89;0;80;0;
25540;5282587;1016602624;24260608;1118597120;0;0;0;0;0;0;0;0;0;0;0;4489;0;0;89;0;80;0;
25541;6031772;1016602624;24260608;1118597120;0;0;0;0;0;0;0;0;0;0;0;2845;0;0;89;0;80;0;
25542;4982694;1016602624;24260608;1118597120;0;0;0;0;0;0;0;0;0;0;0;3336;0;0;89;0;80;0;
25543;4822364;1016602624;24260608;1118597120;0;0;0;0;0;0;0;0;0;0;0;2655;0;0;89;0;80;0;
25544;5336628;1016602624;24260608;1118597120;0;0;0;0;0;0;0;0;0;0;0;3527;0;0;89;0;80;0;
25545;5225660;1016602624;24260608;1118597120;0;0;0;0;0;0;0;0;0;0;0;2595;0;0;89;0;80;0;
25546;3780489;1016602624;24260608;1118597120;0;0;0;0;0;0;0;0;0;0;0;2926;0;0;89;0;80;0;
25547;4922461;1016602624;24260608;1118597120;0;0;0;0;0;0;0;0;0;0;0;2876;0;0;89;0;80;0;
25548;4603343;1016602624;24260608;1118597120;0;0;0;0;0;0;0;0;0;0;0;3607;0;0;89;0;80;0;
25549;5453207;1016602624;24260608;1118597120;0;0;0;0;0;0;0;0;0;0;0;2875;0;0;89;0;80;0;
25550;4380244;1016602624;24260608;1118597120;0;0;0;0;0;0;0;0;0;0;0;4018;0;0;89;0;80;0;
25551;5247061;1016602624;24260608;1118597120;0;0;0;0;0;0;0;0;0;0;0;2975;0;0;89;0;80;0;
25552;3762125;1016602624;24260608;1118597120;0;0;0;0;0;0;0;0;0;0;0;3546;0;0;89;0;80;0;
25553;4989588;1016602624;24260608;1118597120;0;0;0;0;0;0;0;0;0;0;0;2655;0;0;89;0;80;0;
25554;4064573;1016602624;24260608;1118597120;0;0;0;0;0;0;0;0;0;0;0;3466;0;0;89;0;80;0;
25555;5764741;1016602624;24260608;1118597120;0;0;0;0;0;0;0;0;0;0;0;2976;0;0;89;0;80;0;
25556;3301231;1016602624;24260608;1118597120;0;0;0;0;0;0;0;0;0;0;0;3627;0;0;89;0;80;0;
25557;5263090;1016602624;24260608;1118597120;0;0;0;0;0;0;0;0;0;0;0;2795;0;0;89;0;80;0;
25558;4994937;1016602624;24260608;1118597120;0;0;0;0;0;0;0;0;0;0;0;3587;0;0;89;0;80;0;
25559;6011333;1016602624;24260608;1118597120;0;0;0;0;0;0;0;0;0;0;0;3387;0;0;89;0;80;0;
25560;4099658;1016602624;24260608;1118597120;0;0;0;0;0;0;0;0;0;0;0;3607;0;0;89;0;80;0;
25561;5917127;1016602624;24260608;1118597120;0;0;0;0;0;0;0;0;0;0;0;2725;0;0;89;0;80;0;
25562;3385218;1016602624;24260608;1118597120;0;0;0;0;0;0;0;0;0;0;0;3416;0;0;89;0;80;0;
25563;5649815;1016602624;24260608;1118597120;0;0;0;0;0;0;0;0;0;0;0;3507;0;0;89;0;80;0;
25564;4058240;1016602624;24260608;1118597120;0;0;0;0;0;0;0;0;0;0;0;2946;0;0;89;0;80;0;
25565;6547048;1016602624;24260608;1118597120;0;0;0;0;0;0;0;0;0;0;0;3687;0;0;89;0;80;0;
25566;4843633;1016602624;24260608;1118597120;0;0;0;0;0;0;0;0;0;0;0;3967;0;0;89;0;80;0;
25567;5470319;1016602624;24260608;1118597120;0;0;0;0;0;0;0;0;0;0;0;4078;0;0;89;0;80;0;
25568;5082842;1016602624;24260608;1118597120;0;0;0;0;0;0;0;0;0;0;0;3517;0;0;89;0;80;0;
25569;6137630;1016602624;24260608;1118597120;0;0;0;0;0;0;0;0;0;0;0;2645;0;0;89;0;80;0;
25570;4146336;1016602624;24260608;1118597120;0;0;0;0;0;0;0;0;0;0;0;3387;0;0;89;0;80;0;
25571;6100631;1016602624;24260608;1118597120;0;0;0;0;0;0;0;0;0;0;0;3407;0;0;89;0;80;0;
25572;4643088;1016602624;24260608;1118597120;0;0;0;0;0;0;0;0;0;0;0;3066;0;0;89;0;80;0;
25573;5803695;1016602624;24260608;1118597120;0;0;0;0;0;0;0;0;0;0;0;3416;0;0;89;0;80;0;
25574;4578777;1016602624;24260608;1118597120;0;0;0;0;0;0;0;0;0;0;0;3657;0;0;89;0;80;0;
25575;6192714;1016602624;24260608;1118597120;0;0;0;0;0;0;0;0;0;0;0;3587;0;0;89;0;80;0;
25576;4262213;1016602624;24260608;1118597120;0;0;0;0;0;0;0;0;0;0;0;3416;0;0;89;0;80;0;
25577;5647621;1016602624;24260608;1118597120;0;0;0;0;0;0;0;0;0;0;0;3316;0;0;89;0;80;0;
25578;3123258;1016602624;24260608;1118597120;0;0;0;0;0;0;0;0;0;0;0;2845;0;0;89;0;80;0;
25579;5473875;1016602624;24260608;1118597120;0;0;0;0;0;0;0;0;0;0;0;2835;0;0;89;0;80;0;
25580;2820069;1016602624;24260608;1118597120;0;0;0;0;0;0;0;0;0;0;0;3326;0;0;89;0;80;0;
25581;4945696;1016602624;24260608;1118597120;0;0;0;0;0;0;0;0;0;0;0;2445;0;0;89;0;80;0;
25582;3154957;1016602624;24260608;1118597120;0;0;0;0;0;0;0;0;0;0;0;3026;0;0;89;0;80;0;
25583;4989827;1016602624;24260608;1118597120;0;0;0;0;0;0;0;0;0;0;0;2615;0;0;89;0;80;0;
25584;4124075;1016602624;24260608;1118597120;0;0;0;0;0;0;0;0;0;0;0;2965;0;0;89;0;80;0;
25585;5802872;1016602624;24260608;1118597120;0;0;0;0;0;0;0;0;0;0;0;3697;0;0;89;0;80;0;
25586;4715834;1016602624;24260608;1118597120;0;0;0;0;0;0;0;0;0;0;0;3617;0;0;89;0;80;0;
25587;5822910;1016602624;24268800;1118605312;0;0;0;0;0;0;0;0;0;0;0;3707;0;0;89;0;80;0;
25588;4732125;1016602624;24268800;1118605312;0;0;0;0;0;0;0;0;0;0;0;3988;0;0;89;0;80;0;
25589;5510734;1016602624;24268800;1118605312;0;0;0;0;0;0;0;0;0;0;0;2735;0;0;89;0;80;0;
25590;2998503;1016602624;24268800;1118605312;0;0;0;0;0;0;0;0;0;0;0;3457;0;0;89;0;80;0;
25591;4762982;1016602624;24268800;1118605312;0;0;0;0;0;0;0;0;0;0;0;3566;0;0;89;0;80;0;
25592;3664462;1016602624;24268800;1118605312;0;0;0;0;0;0;0;0;0;0;0;3236;0;0;89;0;80;0;
25593;5171258;1016602624;24268800;1118605312;0;0;0;0;0;0;0;0;0;0;0;3076;0;0;89;0;80;0;
25594;3132544;1016602624;24260608;1118597120;0;0;0;0;0;0;0;0;0;0;0;3527;0;0;89;0;80;0;
25595;4869713;1016602624;24260608;1118597120;0;0;0;0;0;0;0;0;0;0;0;2816;0;0;89;0;80;0;
25596;3937775;1016602624;24260608;1118597120;0;0;0;0;0;0;0;0;0;0;0;3456;0;0;89;0;80;0;
25597;5928258;1022406656;31825920;1126162432;0;0;0;0;0;0;0;0;0;0;0;3838;0;0;89;0;80;0;
25598;3430734;1022406656;31825920;1126162432;0;0;0;0;0;0;0;0;0;0;0;3086;0;0;89;0;80;0;
25599;5140931;1022406656;31825920;1126162432;0;0;0;0;0;0;0;0;0;0;0;3537;0;0;89;0;80;0;
25600;3054137;1022406656;31825920;1126162432;0;0;0;0;0;0;0;0;0;0;0;3467;0;0;89;0;80;0;
25601;4925778;1022406656;31825920;1126162432;0;0;0;0;0;0;0;0;0;0;0;2805;0;0;89;0;80;0;
25602;3233765;1022406656;31825920;1126162432;0;0;0;0;0;0;0;0;0;0;0;3627;0;0;89;0;80;0;
25603;5077472;1022406656;31825920;1126162432;0;0;0;0;0;0;0;0;0;0;0;2755;0;0;89;0;80;0;
25604;4465133;1022406656;31825920;1126162432;0;0;0;0;0;0;0;0;0;0;0;2926;0;0;89;0;80;0;
25605;6001435;1022406656;31825920;1126162432;0;0;0;0;0;0;0;0;0;0;0;3437;0;0;89;0;80;0;
25606;3456462;1016602624;24260608;1118597120;0;0;0;0;0;0;0;0;0;0;0;3236;0;0;89;0;80;0;
25607;6193896;1016602624;24260608;1118597120;0;0;0;0;0;0;0;0;0;0;0;2765;0;0;89;0;80;0;
25608;3293998;1016602624;24260608;1118597120;0;0;0;0;0;0;0;0;0;0;0;3887;0;0;89;0;80;0;
25609;5135301;1016602624;24260608;1118597120;0;0;0;0;0;0;0;0;0;0;0;3526;0;0;89;0;80;0;
25610;3037015;1016602624;24260608;1118597120;0;0;0;0;0;0;0;0;0;0;0;3076;0;0;89;0;80;0;
25611;6272634;1016602624;24260608;1118597120;0;0;0;0;0;0;0;0;0;0;0;3337;0;0;89;0;80;0;
25612;4016242;1016602624;24260608;1118597120;0;0;0;0;0;0;0;0;0;0;0;3046;0;0;89;0;80;0;
25613;5967060;1016602624;24260608;1118597120;0;0;0;0;0;0;0;0;0;0;0;3236;0;0;89;0;80;0;
25614;4619593;1016602624;24260608;1118597120;0;0;0;0;0;0;0;0;0;0;0;3517;0;0;89;0;80;0;
25615;5408232;1016602624;24260608;1118597120;0;0;0;0;0;0;0;0;0;0;0;3126;0;0;89;0;80;0;
25616;3641469;1016602624;24260608;1118597120;0;0;0;0;0;0;0;0;0;0;0;3667;0;0;89;0;80;0;
25617;4981783;1016602624;24260608;1118597120;0;0;0;0;0;0;0;0;0;0;0;3347;0;0;89;0;80;0;
25618;4148119;1016602624;24260608;1118597120;0;0;0;0;0;0;0;0;0;0;0;3025;0;0;89;0;80;0;
25619;5858657;1016602624;24260608;1118597120;0;0;0;0;0;0;0;0;0;0;0;4118;0;0;89;0;80;0;
25620;3169635;1016602624;24260608;1118597120;0;0;0;0;0;0;0;0;0;0;0;2675;0;0;89;0;80;0;
25621;4856498;1016602624;24260608;1118597120;0;0;0;0;0;0;0;0;0;0;0;2384;0;0;89;0;80;0;
25622;3207806;1016602624;24260608;1118597120;0;0;0;0;0;0;0;0;0;0;0;3356;0;0;89;0;80;0;
25623;4819409;1016602624;24260608;1118597120;0;0;0;0;0;0;0;0;0;0;0;2445;0;0;89;0;80;0;
25624;3467613;1016602624;24260608;1118597120;0;0;0;0;0;0;0;0;0;0;0;3276;0;0;89;0;80;0;
25625;5129850;1016602624;24260608;1118597120;0;0;0;0;0;0;0;0;0;0;0;2835;0;0;89;0;80;0;
25626;3583630;1016602624;24260608;1118597120;0;0;0;0;0;0;0;0;0;0;0;3296;0;0;89;0;80;0;
25627;4886054;1016602624;24260608;1118597120;0;0;0;0;0;0;0;0;0;0;0;2935;0;0;89;0;80;0;
25628;4287020;1016602624;24260608;1118597120;0;0;0;0;0;0;0;0;0;0;0;3667;0;0;89;0;80;0;
25629;5323143;1016602624;24260608;1118597120;0;0;0;0;0;0;0;0;0;0;0;2825;0;0;89;0;80;0;
25630;3787584;1016602624;24260608;1118597120;0;0;0;0;0;0;0;0;0;0;0;3026;0;0;89;0;80;0;
25631;5282015;1016602624;24260608;1118597120;0;0;0;0;0;0;0;0;0;0;0;2364;0;0;89;0;80;0;
25632;3874356;1016602624;24260608;1118597120;0;0;0;0;0;0;0;0;0;0;0;3216;0;0;89;0;80;0;
25633;4649179;1016602624;24260608;1118597120;0;0;0;0;0;0;0;0;0;0;0;2204;0;0;89;0;80;0;
25634;2789180;1016602624;24260608;1118597120;0;0;0;0;0;0;0;0;0;0;0;3657;0;0;89;0;80;0;
25635;5753640;1016602624;24260608;1118597120;0;0;0;0;0;0;0;0;0;0;0;3346;0;0;89;0;80;0;
25636;3735425;1016602624;24260608;1118597120;0;0;0;0;0;0;0;0;0;0;0;3437;0;0;89;0;80;0;
25637;5931163;1016602624;24260608;1118597120;0;0;0;0;0;0;0;0;0;0;0;3256;0;0;89;0;80;0;
25638;2883227;1016602624;24260608;1118597120;0;0;0;0;0;0;0;0;0;0;0;3557;0;0;89;0;80;0;
25639;5092590;1016602624;24260608;1118597120;0;0;0;0;0;0;0;0;0;0;0;2284;0;0;89;0;80;0;
25640;2953920;1016602624;24260608;1118597120;0;0;0;0;0;0;0;0;0;0;0;2996;0;0;89;0;80;0;
25641;4793921;1016602624;24260608;1118597120;0;0;0;0;0;0;0;0;0;0;0;2235;0;0;89;0;80;0;
25642;2842170;1016602624;24260608;1118597120;0;0;0;0;0;0;0;0;0;0;0;2675;0;0;89;0;80;0;
25643;4917222;1016602624;24260608;1118597120;0;0;0;0;0;0;0;0;0;0;0;2184;0;0;89;0;80;0;
25644;3178852;1016602624;24260608;1118597120;0;0;0;0;0;0;0;0;0;0;0;2915;0;0;89;0;80;0;
25645;4783881;1016602624;24260608;1118597120;0;0;0;0;0;0;0;0;0;0;0;2134;0;0;89;0;80;0;
25646;2894809;1016602624;24260608;1118597120;0;0;0;0;0;0;0;0;0;0;0;2635;0;0;89;0;80;0;
25647;5324455;1016602624;24260608;1118597120;0;0;0;0;0;0;0;0;0;0;0;2555;0;0;89;0;80;0;
25648;3172359;1016602624;24260608;1118597120;0;0;0;0;0;0;0;0;0;0;0;3005;0;0;89;0;80;0;
25649;5490727;1016602624;24260608;1118597120;0;0;0;0;0;0;0;0;0;0;0;2004;0;0;89;0;80;0;
25650;2873499;1016602624;24260608;1118597120;0;0;0;0;0;0;0;0;0;0;0;2234;0;0;89;0;80;0;
25651;4873159;1016602624;24260608;1118597120;0;0;0;0;0;0;0;0;0;0;0;2354;0;0;89;0;80;0;
25652;3027598;1016602624;24260608;1118597120;0;0;0;0;0;0;0;0;0;0;0;2855;0;0;89;0;80;0;
25653;4416062;1016602624;24260608;1118597120;0;0;0;0;0;0;0;0;0;0;0;1693;0;0;89;0;80;0;
25654;3059007;1016602624;24260608;1118597120;0;0;0;0;0;0;0;0;0;0;0;2414;0;0;89;0;80;0;
25655;5014665;1016602624;24260608;1118597120;0;0;0;0;0;0;0;0;0;0;0;1984;0;0;89;0;80;0;
25656;2363272;1016602624;24260608;1118597120;0;0;0;0;0;0;0;0;0;0;0;2454;0;0;89;0;80;0;
25657;5496859;1016602624;24260608;1118597120;0;0;0;0;0;0;0;0;0;0;0;2134;0;0;89;0;80;0;
25658;3487691;1016602624;24260608;1118597120;0;0;0;0;0;0;0;0;0;0;0;2705;0;0;89;0;80;0;
25659;4594226;1016602624;24260608;1118597120;0;0;0;0;0;0;0;0;0;0;0;2114;0;0;89;0;80;0;
25660;2734408;1016602624;24260608;1118597120;0;0;0;0;0;0;0;0;0;0;0;2525;0;0;89;0;80;0;
25661;4880483;1016602624;24260608;1118597120;0;0;0;0;0;0;0;0;0;0;0;2204;0;0;89;0;80;0;
25662;2448852;1016602624;24260608;1118597120;0;0;0;0;0;0;0;0;0;0;0;2435;0;0;89;0;80;0;
25663;4961614;1016602624;24260608;1118597120;0;0;0;0;0;0;0;0;0;0;0;1953;0;0;89;0;80;0;
25664;2384552;1016602624;24260608;1118597120;0;0;0;0;0;0;0;0;0;0;0;2224;0;0;89;0;80;0;
25665;4583345;1016602624;24260608;1118597120;0;0;0;0;0;0;0;0;0;0;0;2384;0;0;89;0;80;0;
25666;2216406;1016602624;24260608;1118597120;0;0;0;0;0;0;0;0;0;0;0;2414;0;0;89;0;80;0;
25667;4634962;1016602624;24260608;1118597120;0;0;0;0;0;0;0;0;0;0;0;1884;0;0;89;0;80;0;
25668;3283709;1016602624;24260608;1118597120;0;0;0;0;0;0;0;0;0;0;0;3046;0;0;89;0;80;0;
25669;4847210;1016602624;24260608;1118597120;0;0;0;0;0;0;0;0;0;0;0;2395;0;0;89;0;80;0;
25670;3669622;1016602624;24260608;1118597120;0;0;0;0;0;0;0;0;0;0;0;2855;0;0;89;0;80;0;
25671;5317783;1016602624;24260608;1118597120;0;0;0;0;0;0;0;0;0;0;0;2324;0;0;89;0;80;0;
25672;2619132;1016602624;24260608;1118597120;0;0;0;0;0;0;0;0;0;0;0;2655;0;0;89;0;80;0;
25673;4677873;1016602624;24260608;1118597120;0;0;0;0;0;0;0;0;0;0;0;2375;0;0;89;0;80;0;
25674;2361710;1016602624;24260608;1118597120;0;0;0;0;0;0;0;0;0;0;0;2725;0;0;89;0;80;0;
25675;5301232;1016602624;24260608;1118597120;0;0;0;0;0;0;0;0;0;0;0;2214;0;0;89;0;80;0;
25676;2698510;1016602624;24260608;1118597120;0;0;0;0;0;0;0;0;0;0;0;2715;0;0;89;0;80;0;
25677;4860846;1016602624;24260608;1118597120;0;0;0;0;0;0;0;0;0;0;0;2174;0;0;89;0;80;0;
25678;3902810;1016602624;24260608;1118597120;0;0;0;0;0;0;0;0;0;0;0;2525;0;0;89;0;80;0;
25679;4658917;1016602624;24260608;1118597120;0;0;0;0;0;0;0;0;0;0;0;2565;0;0;89;0;80;0;
25680;3130531;1016602624;24260608;1118597120;0;0;0;0;0;0;0;0;0;0;0;2555;0;0;89;0;80;0;
25681;4798429;1016602624;24260608;1118597120;0;0;0;0;0;0;0;0;0;0;0;1863;0;0;89;0;80;0;
25682;1917025;1016602624;24260608;1118597120;0;0;0;0;0;0;0;0;0;0;0;2645;0;0;89;0;80;0;
25683;4986211;1016602624;24260608;1118597120;0;0;0;0;0;0;0;0;0;0;0;2013;0;0;89;0;80;0;
25684;2782869;1016602624;24260608;1118597120;0;0;0;0;0;0;0;0;0;0;0;2134;0;0;89;0;80;0;
25685;4757553;1016602624;24260608;1118597120;0;0;0;0;0;0;0;0;0;0;0;1763;0;0;89;0;80;0;
25686;2556505;1016602624;24260608;1118597120;0;0;0;0;0;0;0;0;0;0;0;2875;0;0;89;0;80;0;
25687;4991250;1016602624;24260608;1118597120;0;0;0;0;0;0;0;0;0;0;0;2205;0;0;89;0;80;0;
25688;2096581;1016602624;24260608;1118597120;0;0;0;0;0;0;0;0;0;0;0;2495;0;0;89;0;80;0;
25689;4356370;1016602624;24260608;1118597120;0;0;0;0;0;0;0;0;0;0;0;1753;0;0;89;0;80;0;
25690;2408216;1016602624;24260608;1118597120;0;0;0;0;0;0;0;0;0;0;0;2655;0;0;89;0;80;0;
25691;4359376;1016602624;24260608;1118597120;0;0;0;0;0;0;0;0;0;0;0;1653;0;0;89;0;80;0;
25692;3189060;1016602624;24260608;1118597120;0;0;0;0;0;0;0;0;0;0;0;4538;0;0;89;0;80;0;
25693;6930237;1016602624;24260608;1118597120;0;0;0;0;0;0;0;0;0;0;0;4789;0;0;89;0;80;0;
25694;6625305;1016602624;24260608;1118597120;0;0;0;0;0;0;0;0;0;0;0;4598;0;0;89;0;80;0;
25695;6541858;1016602624;24260608;1118597120;0;0;0;0;0;0;0;0;0;0;0;4499;0;0;89;0;80;0;
25696;5744323;1016602624;24260608;1118597120;0;0;0;0;0;0;0;0;0;0;0;3577;0;0;89;0;80;0;
25697;6228160;1016602624;24260608;1118597120;0;0;0;0;0;0;0;0;0;0;0;2925;0;0;89;0;80;0;
25698;4441599;1016602624;24260608;1118597120;0;0;0;0;0;0;0;0;0;0;0;3517;0;0;89;0;80;0;
25699;6818838;1016602624;24260608;1118597120;0;0;0;0;0;0;0;0;0;0;0;3336;0;0;89;0;80;0;
25700;5248283;1016602624;24260608;1118597120;0;0;0;0;0;0;0;0;0;0;0;3216;0;0;89;0;80;0;
25701;4982695;1016602624;24260608;1118597120;0;0;0;0;0;0;0;0;0;0;0;3486;0;0;89;0;80;0;
25702;6408588;1016602624;24260608;1118597120;0;0;0;0;0;0;0;0;0;0;0;4088;0;0;89;0;80;0;
25703;6875754;1016602624;24268800;1118605312;0;0;0;0;0;0;0;0;0;0;0;4528;0;0;89;0;80;0;
25704;4990630;1016602624;24268800;1118605312;0;0;0;0;0;0;0;0;0;0;0;4278;0;0;89;0;80;0;
25705;7180225;1016602624;24268800;1118605312;0;0;0;0;0;0;0;0;0;0;0;4188;0;0;89;0;80;0;
25706;5266968;1016602624;24268800;1118605312;0;0;0;0;0;0;0;0;0;0;0;5190;0;0;89;0;80;0;
25707;5604310;1016602624;24268800;1118605312;0;0;0;0;0;0;0;0;0;0;0;9638;0;0;89;0;80;0;
25708;6496003;1016602624;24268800;1118605312;0;0;0;0;0;0;0;0;0;0;0;4078;0;0;89;0;80;0;
25709;5812871;1016602624;24268800;1118605312;0;0;0;0;0;0;0;0;0;0;0;4228;0;0;89;0;80;0;
25710;5308816;1016602624;24260608;1118597120;0;0;0;0;0;0;0;0;0;0;0;4328;0;0;89;0;80;0;
25711;9761596;1016602624;24260608;1118597120;0;0;0;0;0;0;0;0;0;0;0;3927;0;0;89;0;80;0;
25712;9326100;1016602624;24260608;1118597120;0;0;0;0;0;0;0;0;0;0;0;4067;0;0;89;0;80;0;
25713;6219995;1016602624;24260608;1118597120;0;0;0;0;0;0;0;0;0;0;0;4538;0;0;89;0;80;0;
25714;5696703;1016602624;24260608;1118597120;0;0;0;0;0;0;0;0;0;0;0;4368;0;0;89;0;80;0;
25715;7744694;1022406656;31825920;1126162432;0;0;0;0;0;0;0;0;0;0;0;4659;0;0;89;0;80;0;
25716;5640007;1022406656;31825920;1126162432;0;0;0;0;0;0;0;0;0;0;0;3817;0;0;89;0;80;0;
25717;7031857;1022406656;31825920;1126162432;0;0;0;0;0;0;0;0;0;0;0;4839;0;0;89;0;80;0;
25718;4751140;1022406656;31825920;1126162432;0;0;0;0;0;0;0;0;0;0;0;3587;0;0;89;0;80;0;
25719;6508035;1022406656;31825920;1126162432;0;0;0;0;0;0;0;0;0;0;0;3296;0;0;89;0;80;0;
25720;5644025;1022406656;31825920;1126162432;0;0;0;0;0;0;0;0;0;0;0;4227;0;0;89;0;80;0;
25721;7264845;1022406656;31825920;1126162432;0;0;0;0;0;0;0;0;0;0;0;4448;0;0;89;0;80;0;
25722;5773077;1022406656;31825920;1126162432;0;0;0;0;0;0;0;0;0;0;0;4709;0;0;89;0;80;0;
25723;7080128;1022406656;31825920;1126162432;0;0;0;0;0;0;0;0;0;0;0;4329;0;0;89;0;80;0;
25724;6666943;1016602624;24260608;1118597120;0;0;0;0;0;0;0;0;0;0;0;4418;0;0;89;0;80;0;
25725;7366194;1016602624;24260608;1118597120;0;0;0;0;0;0;0;0;0;0;0;4258;0;0;89;0;80;0;
25726;5923238;1016602624;24260608;1118597120;0;0;0;0;0;0;0;0;0;0;0;4709;0;0;89;0;80;0;
25727;6951517;1016602624;24260608;1118597120;0;0;0;0;0;0;0;0;0;0;0;5070;0;0;89;0;80;0;
25728;6900371;1016602624;24260608;1118597120;0;0;0;0;0;0;0;0;0;0;0;4479;0;0;89;0;80;0;
25729;6596461;1016602624;24260608;1118597120;0;0;0;0;0;0;0;0;0;0;0;4709;0;0;89;0;80;0;
25730;4676901;1016602624;24260608;1118597120;0;0;0;0;0;0;0;0;0;0;0;4147;0;0;89;0;80;0;
25731;5639146;1016602624;24260608;1118597120;0;0;0;0;0;0;0;0;0;0;0;2955;0;0;89;0;80;0;
25732;4798038;1016602624;24260608;1118597120;0;0;0;0;0;0;0;0;0;0;0;3406;0;0;89;0;80;0;
25733;5610582;1016602624;24260608;1118597120;0;0;0;0;0;0;0;0;0;0;0;3337;0;0;89;0;80;0;
25734;3649855;1016602624;24260608;1118597120;0;0;0;0;0;0;0;0;0;0;0;3016;0;0;89;0;80;0;
25735;6325052;1016602624;24260608;1118597120;0;0;0;0;0;0;0;0;0;0;0;3547;0;0;89;0;80;0;
25736;4068530;1016602624;24260608;1118597120;0;0;0;0;0;0;0;0;0;0;0;3497;0;0;89;0;80;0;
25737;5432768;1016602624;24260608;1118597120;0;0;0;0;0;0;0;0;0;0;0;2464;0;0;89;0;80;0;
25738;5413903;1016602624;24260608;1118597120;0;0;0;0;0;0;0;0;0;0;0;3967;0;0;89;0;80;0;
25739;5633745;1016602624;24260608;1118597120;0;0;0;0;0;0;0;0;0;0;0;3406;0;0;89;0;80;0;
25740;5498933;1016602624;24260608;1118597120;0;0;0;0;0;0;0;0;0;0;0;3136;0;0;89;0;80;0;
25741;13705684;1016602624;24260608;1118597120;0;0;0;0;0;0;0;0;0;0;0;3747;0;0;89;0;80;0;
25742;3919560;1016602624;24260608;1118597120;0;0;0;0;0;0;0;0;0;0;0;3868;0;0;89;0;80;0;
25743;5282096;1016602624;24260608;1118597120;0;0;0;0;0;0;0;0;0;0;0;4118;0;0;89;0;80;0;
25744;4569129;1016602624;24260608;1118597120;0;0;0;0;0;0;0;0;0;0;0;3707;0;0;89;0;80;0;
25745;5653663;1016602624;24260608;1118597120;0;0;0;0;0;0;0;0;0;0;0;2845;0;0;89;0;80;0;
25746;4135356;1016602624;24260608;1118597120;0;0;0;0;0;0;0;0;0;0;0;3377;0;0;89;0;80;0;
25747;5500816;1016602624;24260608;1118597120;0;0;0;0;0;0;0;0;0;0;0;3647;0;0;89;0;80;0;
25748;4265830;1016602624;24260608;1118597120;0;0;0;0;0;0;0;0;0;0;0;3166;0;0;89;0;80;0;
25749;4813337;1016602624;24260608;1118597120;0;0;0;0;0;0;0;0;0;0;0;2725;0;0;89;0;80;0;
25750;4358444;1016602624;24260608;1118597120;0;0;0;0;0;0;0;0;0;0;0;4147;0;0;89;0;80;0;
25751;5119501;1016602624;24260608;1118597120;0;0;0;0;0;0;0;0;0;0;0;2845;0;0;89;0;80;0;
25752;4613432;1016602624;24260608;1118597120;0;0;0;0;0;0;0;0;0;0;0;3577;0;0;89;0;80;0;
25753;5748170;1016602624;24260608;1118597120;0;0;0;0;0;0;0;0;0;0;0;2956;0;0;89;0;80;0;
25754;4089800;1016602624;24260608;1118597120;0;0;0;0;0;0;0;0;0;0;0;3386;0;0;89;0;80;0;
25755;6121360;1016602624;24260608;1118597120;0;0;0;0;0;0;0;0;0;0;0;2845;0;0;89;0;80;0;
25756;4377760;1016602624;24260608;1118597120;0;0;0;0;0;0;0;0;0;0;0;3326;0;0;89;0;80;0;
25757;7322773;1016602624;24260608;1118597120;0;0;0;0;0;0;0;0;0;0;0;3507;0;0;89;0;80;0;
25758;4378762;1016602624;24260608;1118597120;0;0;0;0;0;0;0;0;0;0;0;3666;0;0;89;0;80;0;
25759;6562357;1016602624;24260608;1118597120;0;0;0;0;0;0;0;0;0;0;0;4278;0;0;89;0;80;0;
25760;4248708;1016602624;24260608;1118597120;0;0;0;0;0;0;0;0;0;0;0;3878;0;0;89;0;80;0;
25761;6600718;1016602624;24260608;1118597120;0;0;0;0;0;0;0;0;0;0;0;2735;0;0;89;0;80;0;
25762;3951039;1016602624;24260608;1118597120;0;0;0;0;0;0;0;0;0;0;0;3366;0;0;89;0;80;0;
25763;5080457;1016602624;24260608;1118597120;0;0;0;0;0;0;0;0;0;0;0;3096;0;0;89;0;80;0;
25764;3542885;1016602624;24260608;1118597120;0;0;0;0;0;0;0;0;0;0;0;3407;0;0;89;0;80;0;
25765;5372646;1016602624;24260608;1118597120;0;0;0;0;0;0;0;0;0;0;0;3977;0;0;89;0;80;0;
25766;3699578;1016602624;24260608;1118597120;0;0;0;0;0;0;0;0;0;0;0;3486;0;0;89;0;80;0;
25767;4919746;1016602624;24260608;1118597120;0;0;0;0;0;0;0;0;0;0;0;2855;0;0;89;0;80;0;
25768;4177654;1016602624;24260608;1118597120;0;0;0;0;0;0;0;0;0;0;0;4008;0;0;89;0;80;0;
25769;5090317;1016602624;24260608;1118597120;0;0;0;0;0;0;0;0;0;0;0;3316;0;0;89;0;80;0;
25770;4359866;1016602624;24260608;1118597120;0;0;0;0;0;0;0;0;0;0;0;3637;0;0;89;0;80;0;
25771;5739434;1016602624;24260608;1118597120;0;0;0;0;0;0;0;0;0;0;0;2826;0;0;89;0;80;0;
25772;3427668;1016602624;24260608;1118597120;0;0;0;0;0;0;0;0;0;0;0;3747;0;0;89;0;80;0;
25773;4790905;1016602624;24260608;1118597120;0;0;0;0;0;0;0;0;0;0;0;3046;0;0;89;0;80;0;
25774;4342854;1016602624;24260608;1118597120;0;0;0;0;0;0;0;0;0;0;0;3677;0;0;89;0;80;0;
25775;5263401;1016602624;24260608;1118597120;0;0;0;0;0;0;0;0;0;0;0;2796;0;0;89;0;80;0;
25776;4471215;1016602624;24260608;1118597120;0;0;0;0;0;0;0;0;0;0;0;4128;0;0;89;0;80;0;
25777;5365933;1016602624;24260608;1118597120;0;0;0;0;0;0;0;0;0;0;0;2765;0;0;89;0;80;0;
25778;4703441;1016602624;24260608;1118597120;0;0;0;0;0;0;0;0;0;0;0;3827;0;0;89;0;80;0;
25779;4835559;1016602624;24260608;1118597120;0;0;0;0;0;0;0;0;0;0;0;2915;0;0;89;0;80;0;
25780;4511130;1016602624;24260608;1118597120;0;0;0;0;0;0;0;0;0;0;0;3817;0;0;89;0;80;0;
25781;5337170;1016602624;24260608;1118597120;0;0;0;0;0;0;0;0;0;0;0;3557;0;0;89;0;80;0;
25782;3947814;1016602624;24260608;1118597120;0;0;0;0;0;0;0;0;0;0;0;2946;0;0;89;0;80;0;
25783;6094389;1016602624;24260608;1118597120;0;0;0;0;0;0;0;0;0;0;0;3918;0;0;89;0;80;0;
25784;3568252;1016602624;24260608;1118597120;0;0;0;0;0;0;0;0;0;0;0;4117;0;0;89;0;80;0;
25785;5545971;1016602624;24260608;1118597120;0;0;0;0;0;0;0;0;0;0;0;3507;0;0;89;0;80;0;
25786;3284589;1016602624;24260608;1118597120;0;0;0;0;0;0;0;0;0;0;0;3386;0;0;89;0;80;0;
25787;6009440;1016602624;24260608;1118597120;0;0;0;0;0;0;0;0;0;0;0;3055;0;0;89;0;80;0;
25788;3924100;1016602624;24260608;1118597120;0;0;0;0;0;0;0;0;0;0;0;3567;0;0;89;0;80;0;
25789;6390655;1016602624;24260608;1118597120;0;0;0;0;0;0;0;0;0;0;0;4078;0;0;89;0;80;0;
25790;3794576;1016602624;24260608;1118597120;0;0;0;0;0;0;0;0;0;0;0;3868;0;0;89;0;80;0;
25791;5842497;1016602624;24260608;1118597120;0;0;0;0;0;0;0;0;0;0;0;4879;0;0;89;0;80;0;
25792;4130015;1016602624;24260608;1118597120;0;0;0;0;0;0;0;0;0;0;0;3306;0;0;89;0;80;0;
25793;5967191;1016602624;24260608;1118597120;0;0;0;0;0;0;0;0;0;0;0;2916;0;0;89;0;80;0;
25794;3600282;1016602624;24260608;1118597120;0;0;0;0;0;0;0;0;0;0;0;3286;0;0;89;0;80;0;
25795;5081400;1016602624;24260608;1118597120;0;0;0;0;0;0;0;0;0;0;0;2915;0;0;89;0;80;0;
25796;4058150;1016602624;24260608;1118597120;0;0;0;0;0;0;0;0;0;0;0;3637;0;0;89;0;80;0;
25797;4958358;1016602624;24260608;1118597120;0;0;0;0;0;0;0;0;0;0;0;2975;0;0;89;0;80;0;
25798;4347814;1016602624;24260608;1118597120;0;0;0;0;0;0;0;0;0;0;0;3166;0;0;89;0;80;0;
25799;5444822;1016602624;24260608;1118597120;0;0;0;0;0;0;0;0;0;0;0;2886;0;0;89;0;80;0;
25800;3881229;1016602624;24260608;1118597120;0;0;0;0;0;0;0;0;0;0;0;3717;0;0;89;0;80;0;
25801;5516355;1016602624;24260608;1118597120;0;0;0;0;0;0;0;0;0;0;0;3055;0;0;89;0;80;0;
25802;4402947;1016602624;24260608;1118597120;0;0;0;0;0;0;0;0;0;0;0;3266;0;0;89;0;80;0;
25803;5325056;1016602624;24260608;1118597120;0;0;0;0;0;0;0;0;0;0;0;2845;0;0;89;0;80;0;
25804;3417790;1016602624;24260608;1118597120;0;0;0;0;0;0;0;0;0;0;0;3176;0;0;89;0;80;0;
25805;4942669;1016602624;24260608;1118597120;0;0;0;0;0;0;0;0;0;0;0;2645;0;0;89;0;80;0;
25806;4553449;1016602624;24260608;1118597120;0;0;0;0;0;0;0;0;0;0;0;3516;0;0;89;0;80;0;
25807;5074797;1016602624;24260608;1118597120;0;0;0;0;0;0;0;0;0;0;0;2625;0;0;89;0;80;0;
25808;3669242;1016602624;24260608;1118597120;0;0;0;0;0;0;0;0;0;0;0;3537;0;0;89;0;80;0;
25809;6303080;1022406656;31825920;1126162432;0;0;0;0;0;0;0;0;0;0;0;12774;0;0;89;0;80;0;
25810;4045788;1022406656;31825920;1126162432;0;0;0;0;0;0;0;0;0;0;0;3356;0;0;89;0;80;0;
25811;5105535;1022406656;31825920;1126162432;0;0;0;0;0;0;0;0;0;0;0;2865;0;0;89;0;80;0;
25812;4899368;1022406656;31825920;1126162432;0;0;0;0;0;0;0;0;0;0;0;3427;0;0;89;0;80;0;
25813;5690502;1022406656;31825920;1126162432;0;0;0;0;0;0;0;0;0;0;0;3196;0;0;89;0;80;0;
25814;4048692;1022406656;31825920;1126162432;0;0;0;0;0;0;0;0;0;0;0;3527;0;0;89;0;80;0;
25815;4846760;1022406656;31825920;1126162432;0;0;0;0;0;0;0;0;0;0;0;3316;0;0;89;0;80;0;
25816;4986882;1022406656;31825920;1126162432;0;0;0;0;0;0;0;0;0;0;0;3798;0;0;89;0;80;0;
25817;5589482;1022406656;31825920;1126162432;0;0;0;0;0;0;0;0;0;0;0;2805;0;0;89;0;80;0;
25818;3877462;1016602624;24260608;1118597120;0;0;0;0;0;0;0;0;0;0;0;3947;0;0;89;0;80;0;
25819;5751988;1016602624;24260608;1118597120;0;0;0;0;0;0;0;0;0;0;0;4168;0;0;89;0;80;0;
25820;4397317;1016602624;24260608;1118597120;0;0;0;0;0;0;0;0;0;0;0;3386;0;0;89;0;80;0;
25821;5597548;1016602624;24260608;1118597120;0;0;0;0;0;0;0;0;0;0;0;3707;0;0;89;0;80;0;
25822;4533973;1016602624;24260608;1118597120;0;0;0;0;0;0;0;0;0;0;0;3426;0;0;89;0;80;0;
25823;5762838;1016602624;24260608;1118597120;0;0;0;0;0;0;0;0;0;0;0;3727;0;0;89;0;80;0;
25824;4657755;1016602624;24260608;1118597120;0;0;0;0;0;0;0;0;0;0;0;3467;0;0;89;0;80;0;
25825;5051934;1016602624;24260608;1118597120;0;0;0;0;0;0;0;0;0;0;0;4719;0;0;89;0;80;0;
25826;4766149;1016602624;24260608;1118597120;0;0;0;0;0;0;0;0;0;0;0;3166;0;0;89;0;80;0;
25827;6555063;1016602624;24260608;1118597120;0;0;0;0;0;0;0;0;0;0;0;3707;0;0;89;0;80;0;
25828;4177925;1016602624;24260608;1118597120;0;0;0;0;0;0;0;0;0;0;0;4338;0;0;89;0;80;0;
25829;4869031;1016602624;24260608;1118597120;0;0;0;0;0;0;0;0;0;0;0;3055;0;0;89;0;80;0;
25830;3379808;1016602624;24260608;1118597120;0;0;0;0;0;0;0;0;0;0;0;3196;0;0;89;0;80;0;
25831;4899258;1016602624;24260608;1118597120;0;0;0;0;0;0;0;0;0;0;0;3116;0;0;89;0;80;0;
25832;4537770;1016602624;24260608;1118597120;0;0;0;0;0;0;0;0;0;0;0;3317;0;0;89;0;80;0;
25833;5675594;1016602624;24260608;1118597120;0;0;0;0;0;0;0;0;0;0;0;2545;0;0;89;0;80;0;
25834;3706390;1016602624;24260608;1118597120;0;0;0;0;0;0;0;0;0;0;0;2996;0;0;89;0;80;0;
25835;4711315;1016602624;24260608;1118597120;0;0;0;0;0;0;0;0;0;0;0;2144;0;0;89;0;80;0;
25836;3082421;1016602624;24260608;1118597120;0;0;0;0;0;0;0;0;0;0;0;3416;0;0;89;0;80;0;
25837;5043349;1016602624;24260608;1118597120;0;0;0;0;0;0;0;0;0;0;0;2445;0;0;89;0;80;0;
25838;3620179;1016602624;24260608;1118597120;0;0;0;0;0;0;0;0;0;0;0;2685;0;0;89;0;80;0;
25839;5421227;1016602624;24260608;1118597120;0;0;0;0;0;0;0;0;0;0;0;2545;0;0;89;0;80;0;
25840;3952222;1016602624;24260608;1118597120;0;0;0;0;0;0;0;0;0;0;0;87173;0;0;89;0;80;0;
25841;5082361;1016602624;24260608;1118597120;0;0;0;0;0;0;0;0;0;0;0;2705;0;0;89;0;80;0;
25842;4630594;1016602624;24260608;1118597120;0;0;0;0;0;0;0;0;0;0;0;2896;0;0;89;0;80;0;
25843;4921359;1016602624;24260608;1118597120;0;0;0;0;0;0;0;0;0;0;0;2435;0;0;89;0;80;0;
25844;4108125;1016602624;24260608;1118597120;0;0;0;0;0;0;0;0;0;0;0;3046;0;0;89;0;80;0;
25845;5771975;1016602624;24260608;1118597120;0;0;0;0;0;0;0;0;0;0;0;3085;0;0;89;0;80;0;
25846;2849785;1016602624;24260608;1118597120;0;0;0;0;0;0;0;0;0;0;0;3326;0;0;89;0;80;0;
25847;5118720;1016602624;24260608;1118597120;0;0;0;0;0;0;0;0;0;0;0;2825;0;0;89;0;80;0;
25848;3145459;1016602624;24260608;1118597120;0;0;0;0;0;0;0;0;0;0;0;3005;0;0;89;0;80;0;
25849;4884871;1016602624;24260608;1118597120;0;0;0;0;0;0;0;0;0;0;0;2234;0;0;89;0;80;0;
25850;3518158;1016602624;24260608;1118597120;0;0;0;0;0;0;0;0;0;0;0;2655;0;0;89;0;80;0;
25851;4816041;1016602624;24260608;1118597120;0;0;0;0;0;0;0;0;0;0;0;2354;0;0;89;0;80;0;
25852;3304347;1016602624;24260608;1118597120;0;0;0;0;0;0;0;0;0;0;0;2625;0;0;89;0;80;0;
25853;5072663;1016602624;24260608;1118597120;0;0;0;0;0;0;0;0;0;0;0;2325;0;0;89;0;80;0;
25854;3504543;1016602624;24260608;1118597120;0;0;0;0;0;0;0;0;0;0;0;2765;0;0;89;0;80;0;
25855;5528407;1016602624;24260608;1118597120;0;0;0;0;0;0;0;0;0;0;0;2174;0;0;89;0;80;0;
25856;4026442;1016602624;24260608;1118597120;0;0;0;0;0;0;0;0;0;0;0;3036;0;0;89;0;80;0;
25857;4867378;1016602624;24260608;1118597120;0;0;0;0;0;0;0;0;0;0;0;2795;0;0;89;0;80;0;
25858;3089644;1016602624;24260608;1118597120;0;0;0;0;0;0;0;0;0;0;0;2906;0;0;89;0;80;0;
25859;5619919;1016602624;24260608;1118597120;0;0;0;0;0;0;0;0;0;0;0;2835;0;0;89;0;80;0;
25860;3289009;1016602624;24260608;1118597120;0;0;0;0;0;0;0;0;0;0;0;2705;0;0;89;0;80;0;
25861;4810832;1016602624;24260608;1118597120;0;0;0;0;0;0;0;0;0;0;0;2515;0;0;89;0;80;0;
25862;2589206;1016602624;24260608;1118597120;0;0;0;0;0;0;0;0;0;0;0;2495;0;0;89;0;80;0;
25863;5463947;1016602624;24260608;1118597120;0;0;0;0;0;0;0;0;0;0;0;2415;0;0;89;0;80;0;
25864;3758829;1016602624;24260608;1118597120;0;0;0;0;0;0;0;0;0;0;0;2615;0;0;89;0;80;0;
25865;4968378;1016602624;24260608;1118597120;0;0;0;0;0;0;0;0;0;0;0;3126;0;0;89;0;80;0;
25866;3916875;1016602624;24260608;1118597120;0;0;0;0;0;0;0;0;0;0;0;2635;0;0;89;0;80;0;
25867;5427428;1016602624;24260608;1118597120;0;0;0;0;0;0;0;0;0;0;0;2745;0;0;89;0;80;0;
25868;2979608;1016602624;24260608;1118597120;0;0;0;0;0;0;0;0;0;0;0;2745;0;0;89;0;80;0;
25869;5093643;1016602624;24260608;1118597120;0;0;0;0;0;0;0;0;0;0;0;2504;0;0;89;0;80;0;
25870;3674672;1016602624;24260608;1118597120;0;0;0;0;0;0;0;0;0;0;0;2635;0;0;89;0;80;0;
25871;5191606;1016602624;24260608;1118597120;0;0;0;0;0;0;0;0;0;0;0;2715;0;0;89;0;80;0;
25872;3283558;1016602624;24260608;1118597120;0;0;0;0;0;0;0;0;0;0;0;3016;0;0;89;0;80;0;
25873;5589672;1016602624;24260608;1118597120;0;0;0;0;0;0;0;0;0;0;0;2595;0;0;89;0;80;0;
25874;4128012;1016602624;24260608;1118597120;0;0;0;0;0;0;0;0;0;0;0;3416;0;0;89;0;80;0;
25875;4785103;1016602624;24260608;1118597120;0;0;0;0;0;0;0;0;0;0;0;2525;0;0;89;0;80;0;
25876;3533176;1016602624;24260608;1118597120;0;0;0;0;0;0;0;0;0;0;0;2795;0;0;89;0;80;0;
25877;5201976;1016602624;24260608;1118597120;0;0;0;0;0;0;0;0;0;0;0;2365;0;0;89;0;80;0;
25878;3953635;1016602624;24260608;1118597120;0;0;0;0;0;0;0;0;0;0;0;2956;0;0;89;0;80;0;
25879;5238374;1016602624;24260608;1118597120;0;0;0;0;0;0;0;0;0;0;0;2885;0;0;89;0;80;0;
25880;2684825;1016602624;24260608;1118597120;0;0;0;0;0;0;0;0;0;0;0;2926;0;0;89;0;80;0;
25881;5529470;1016602624;24260608;1118597120;0;0;0;0;0;0;0;0;0;0;0;2776;0;0;89;0;80;0;
25882;3825845;1016602624;24260608;1118597120;0;0;0;0;0;0;0;0;0;0;0;2885;0;0;89;0;80;0;
25883;4751200;1016602624;24260608;1118597120;0;0;0;0;0;0;0;0;0;0;0;2715;0;0;89;0;80;0;
25884;4187093;1016602624;24260608;1118597120;0;0;0;0;0;0;0;0;0;0;0;3467;0;0;89;0;80;0;
25885;5416308;1016602624;24260608;1118597120;0;0;0;0;0;0;0;0;0;0;0;2444;0;0;89;0;80;0;
25886;4847931;1016602624;24260608;1118597120;0;0;0;0;0;0;0;0;0;0;0;2985;0;0;89;0;80;0;
25887;4921860;1016602624;24260608;1118597120;0;0;0;0;0;0;0;0;0;0;0;2444;0;0;89;0;80;0;
25888;3289529;1016602624;24260608;1118597120;0;0;0;0;0;0;0;0;0;0;0;2965;0;0;89;0;80;0;
25889;5113580;1016602624;24260608;1118597120;0;0;0;0;0;0;0;0;0;0;0;2385;0;0;89;0;80;0;
25890;3059147;1016602624;24260608;1118597120;0;0;0;0;0;0;0;0;0;0;0;2965;0;0;89;0;80;0;
25891;5022479;1016602624;24260608;1118597120;0;0;0;0;0;0;0;0;0;0;0;2405;0;0;89;0;80;0;
25892;3308875;1016602624;24260608;1118597120;0;0;0;0;0;0;0;0;0;0;0;3386;0;0;89;0;80;0;
25893;5718515;1016602624;24260608;1118597120;0;0;0;0;0;0;0;0;0;0;0;2435;0;0;89;0;80;0;
25894;4676801;1016602624;24260608;1118597120;0;0;0;0;0;0;0;0;0;0;0;3196;0;0;89;0;80;0;
25895;5846244;1016602624;24260608;1118597120;0;0;0;0;0;0;0;0;0;0;0;2274;0;0;89;0;80;0;
25896;3261186;1016602624;24260608;1118597120;0;0;0;0;0;0;0;0;0;0;0;2926;0;0;89;0;80;0;
25897;5397422;1016602624;24260608;1118597120;0;0;0;0;0;0;0;0;0;0;0;2334;0;0;89;0;80;0;
25898;3623585;1016602624;24260608;1118597120;0;0;0;0;0;0;0;0;0;0;0;3015;0;0;89;0;80;0;
25899;6414560;1016602624;24260608;1118597120;0;0;0;0;0;0;0;0;0;0;0;2154;0;0;89;0;80;0;
25900;3515413;1016602624;24260608;1118597120;0;0;0;0;0;0;0;0;0;0;0;2926;0;0;89;0;80;0;
25901;5339564;1016602624;24260608;1118597120;0;0;0;0;0;0;0;0;0;0;0;2886;0;0;89;0;80;0;
25902;4368693;1016602624;24260608;1118597120;0;0;0;0;0;0;0;0;0;0;0;3516;0;0;89;0;80;0;
25903;6880814;1022406656;31825920;1126162432;0;0;0;0;0;0;0;0;0;0;0;3387;0;0;89;0;80;0;
25904;4819889;1022406656;31825920;1126162432;0;0;0;0;0;0;0;0;0;0;0;3126;0;0;89;0;80;0;
25905;5390689;1022406656;31825920;1126162432;0;0;0;0;0;0;0;0;0;0;0;2264;0;0;89;0;80;0;
25906;5230139;1022406656;31825920;1126162432;0;0;0;0;0;0;0;0;0;0;0;3556;0;0;89;0;80;0;
25907;5323644;1022406656;31825920;1126162432;0;0;0;0;0;0;0;0;0;0;0;2474;0;0;89;0;80;0;
25908;4618401;1022406656;31825920;1126162432;0;0;0;0;0;0;0;0;0;0;0;3206;0;0;89;0;80;0;
25909;4786897;1022406656;31825920;1126162432;0;0;0;0;0;0;0;0;0;0;0;2435;0;0;89;0;80;0;
25910;5121655;1022406656;31825920;1126162432;0;0;0;0;0;0;0;0;0;0;0;3787;0;0;89;0;80;0;
25911;5404715;1022406656;31825920;1126162432;0;0;0;0;0;0;0;0;0;0;0;3115;0;0;89;0;80;0;
25912;3270043;1016602624;24260608;1118597120;0;0;0;0;0;0;0;0;0;0;0;2705;0;0;89;0;80;0;
25913;11076212;1016602624;24260608;1118597120;0;0;0;0;0;0;0;0;0;0;0;3036;0;0;89;0;80;0;
25914;3743721;1016602624;24260608;1118597120;0;0;0;0;0;0;0;0;0;0;0;3487;0;0;89;0;80;0;
25915;6065285;1016602624;24260608;1118597120;0;0;0;0;0;0;0;0;0;0;0;2665;0;0;89;0;80;0;
25916;4205507;1016602624;24260608;1118597120;0;0;0;0;0;0;0;0;0;0;0;3647;0;0;89;0;80;0;
25917;4854053;1016602624;24260608;1118597120;0;0;0;0;0;0;0;0;0;0;0;2284;0;0;89;0;80;0;
25918;4464452;1016602624;24260608;1118597120;0;0;0;0;0;0;0;0;0;0;0;2835;0;0;89;0;80;0;
25919;4836770;1016602624;24260608;1118597120;0;0;0;0;0;0;0;0;0;0;0;2695;0;0;89;0;80;0;
25920;4133853;1016602624;24260608;1118597120;0;0;0;0;0;0;0;0;0;0;0;3065;0;0;89;0;80;0;
25921;5515073;1016602624;24260608;1118597120;0;0;0;0;0;0;0;0;0;0;0;2996;0;0;89;0;80;0;
25922;4204795;1016602624;24260608;1118597120;0;0;0;0;0;0;0;0;0;0;0;3587;0;0;89;0;80;0;
25923;5330567;1016602624;24260608;1118597120;0;0;0;0;0;0;0;0;0;0;0;2946;0;0;89;0;80;0;
25924;3462574;1016602624;24260608;1118597120;0;0;0;0;0;0;0;0;0;0;0;3166;0;0;89;0;80;0;
25925;5032628;1016602624;24260608;1118597120;0;0;0;0;0;0;0;0;0;0;0;84258;0;0;89;0;80;0;
25926;4164611;1016602624;24260608;1118597120;0;0;0;0;0;0;0;0;0;0;0;3377;0;0;89;0;80;0;
25927;5630720;1016602624;24260608;1118597120;0;0;0;0;0;0;0;0;0;0;0;3116;0;0;89;0;80;0;
25928;4108174;1016602624;24260608;1118597120;0;0;0;0;0;0;0;0;0;0;0;3406;0;0;89;0;80;0;
25929;5587409;1016602624;24260608;1118597120;0;0;0;0;0;0;0;0;0;0;0;2915;0;0;89;0;80;0;
25930;3884204;1016602624;24260608;1118597120;0;0;0;0;0;0;0;0;0;0;0;3186;0;0;89;0;80;0;
25931;5256528;1016602624;24260608;1118597120;0;0;0;0;0;0;0;0;0;0;0;2795;0;0;89;0;80;0;
25932;3503831;1016602624;24260608;1118597120;0;0;0;0;0;0;0;0;0;0;0;2986;0;0;89;0;80;0;
25933;5800307;1016602624;24260608;1118597120;0;0;0;0;0;0;0;0;0;0;0;3005;0;0;89;0;80;0;
25934;4015711;1016602624;24260608;1118597120;0;0;0;0;0;0;0;0;0;0;0;3376;0;0;89;0;80;0;
25935;4992082;1016602624;24260608;1118597120;0;0;0;0;0;0;0;0;0;0;0;2604;0;0;89;0;80;0;
25936;3995423;1016602624;24260608;1118597120;0;0;0;0;0;0;0;0;0;0;0;2435;0;0;89;0;80;0;
25937;5862024;1016602624;24260608;1118597120;0;0;0;0;0;0;0;0;0;0;0;2384;0;0;89;0;80;0;
25938;2668234;1016602624;24260608;1118597120;0;0;0;0;0;0;0;0;0;0;0;2575;0;0;89;0;80;0;
25939;4891404;1016602624;24260608;1118597120;0;0;0;0;0;0;0;0;0;0;0;2325;0;0;89;0;80;0;
25940;3077291;1016602624;24260608;1118597120;0;0;0;0;0;0;0;0;0;0;0;2614;0;0;89;0;80;0;
25941;4893297;1016602624;24260608;1118597120;0;0;0;0;0;0;0;0;0;0;0;2535;0;0;89;0;80;0;
25942;3068735;1016602624;24260608;1118597120;0;0;0;0;0;0;0;0;0;0;0;2815;0;0;89;0;80;0;
25943;4748185;1016602624;24260608;1118597120;0;0;0;0;0;0;0;0;0;0;0;2625;0;0;89;0;80;0;
25944;3249233;1016602624;24260608;1118597120;0;0;0;0;0;0;0;0;0;0;0;3026;0;0;89;0;80;0;
25945;5486700;1016602624;24260608;1118597120;0;0;0;0;0;0;0;0;0;0;0;2815;0;0;89;0;80;0;
25946;3830954;1016602624;24260608;1118597120;0;0;0;0;0;0;0;0;0;0;0;3517;0;0;89;0;80;0;
25947;5235970;1016602624;24260608;1118597120;0;0;0;0;0;0;0;0;0;0;0;2475;0;0;89;0;80;0;
25948;3084164;1016602624;24260608;1118597120;0;0;0;0;0;0;0;0;0;0;0;2725;0;0;89;0;80;0;
25949;5010707;1016602624;24260608;1118597120;0;0;0;0;0;0;0;0;0;0;0;2344;0;0;89;0;80;0;
25950;4324060;1016602624;24260608;1118597120;0;0;0;0;0;0;0;0;0;0;0;2695;0;0;89;0;80;0;
25951;5293928;1016602624;24260608;1118597120;0;0;0;0;0;0;0;0;0;0;0;3276;0;0;89;0;80;0;
25952;3517958;1016602624;24260608;1118597120;0;0;0;0;0;0;0;0;0;0;0;2745;0;0;89;0;80;0;
25953;5631241;1016602624;24260608;1118597120;0;0;0;0;0;0;0;0;0;0;0;2695;0;0;89;0;80;0;
25954;4009439;1016602624;24260608;1118597120;0;0;0;0;0;0;0;0;0;0;0;3456;0;0;89;0;80;0;
25955;5409315;1016602624;24260608;1118597120;0;0;0;0;0;0;0;0;0;0;0;2594;0;0;89;0;80;0;
25956;4680377;1016602624;24260608;1118597120;0;0;0;0;0;0;0;0;0;0;0;2956;0;0;89;0;80;0;
25957;5212205;1016602624;24260608;1118597120;0;0;0;0;0;0;0;0;0;0;0;2855;0;0;89;0;80;0;
25958;3432888;1016602624;24260608;1118597120;0;0;0;0;0;0;0;0;0;0;0;3246;0;0;89;0;80;0;
25959;5047446;1016602624;24260608;1118597120;0;0;0;0;0;0;0;0;0;0;0;3196;0;0;89;0;80;0;
25960;3212795;1016602624;24260608;1118597120;0;0;0;0;0;0;0;0;0;0;0;3366;0;0;89;0;80;0;
25961;5028731;1016602624;24260608;1118597120;0;0;0;0;0;0;0;0;0;0;0;2685;0;0;89;0;80;0;
25962;3697484;1016602624;24260608;1118597120;0;0;0;0;0;0;0;0;0;0;0;3106;0;0;89;0;80;0;
25963;5598790;1016602624;24260608;1118597120;0;0;0;0;0;0;0;0;0;0;0;2425;0;0;89;0;80;0;
25964;2864332;1016602624;24260608;1118597120;0;0;0;0;0;0;0;0;0;0;0;3256;0;0;89;0;80;0;
25965;5371463;1016602624;24260608;1118597120;0;0;0;0;0;0;0;0;0;0;0;2445;0;0;89;0;80;0;
25966;2991480;1016602624;24260608;1118597120;0;0;0;0;0;0;0;0;0;0;0;2945;0;0;89;0;80;0;
25967;5805948;1016602624;24260608;1118597120;0;0;0;0;0;0;0;0;0;0;0;2705;0;0;89;0;80;0;
25968;3552543;1016602624;24260608;1118597120;0;0;0;0;0;0;0;0;0;0;0;2825;0;0;89;0;80;0;
25969;4902354;1016602624;24260608;1118597120;0;0;0;0;0;0;0;0;0;0;0;2174;0;0;89;0;80;0;
25970;3256858;1016602624;24260608;1118597120;0;0;0;0;0;0;0;0;0;0;0;2494;0;0;89;0;80;0;
25971;5242131;1016602624;24260608;1118597120;0;0;0;0;0;0;0;0;0;0;0;2314;0;0;89;0;80;0;
25972;2926358;1016602624;24260608;1118597120;0;0;0;0;0;0;0;0;0;0;0;2625;0;0;89;0;80;0;
25973;4605998;1016602624;24260608;1118597120;0;0;0;0;0;0;0;0;0;0;0;2454;0;0;89;0;80;0;
25974;3233835;1016602624;24260608;1118597120;0;0;0;0;0;0;0;0;0;0;0;2876;0;0;89;0;80;0;
25975;5001780;1016602624;24260608;1118597120;0;0;0;0;0;0;0;0;0;0;0;2645;0;0;89;0;80;0;
25976;3257168;1016602624;24260608;1118597120;0;0;0;0;0;0;0;0;0;0;0;3176;0;0;89;0;80;0;
25977;4877878;1016602624;24260608;1118597120;0;0;0;0;0;0;0;0;0;0;0;2665;0;0;89;0;80;0;
25978;2707718;1016602624;24260608;1118597120;0;0;0;0;0;0;0;0;0;0;0;2976;0;0;89;0;80;0;
25979;4757041;1016602624;24260608;1118597120;0;0;0;0;0;0;0;0;0;0;0;2776;0;0;89;0;80;0;
25980;3642762;1016602624;24260608;1118597120;0;0;0;0;0;0;0;0;0;0;0;3426;0;0;89;0;80;0;
25981;4794110;1016602624;24260608;1118597120;0;0;0;0;0;0;0;0;0;0;0;2585;0;0;89;0;80;0;
25982;3515914;1016602624;24260608;1118597120;0;0;0;0;0;0;0;0;0;0;0;2966;0;0;89;0;80;0;
25983;5152142;1016602624;24260608;1118597120;0;0;0;0;0;0;0;0;0;0;0;2434;0;0;89;0;80;0;
25984;4385865;1016602624;24260608;1118597120;0;0;0;0;0;0;0;0;0;0;0;3357;0;0;89;0;80;0;
25985;4743245;1016602624;24260608;1118597120;0;0;0;0;0;0;0;0;0;0;0;2635;0;0;89;0;80;0;
25986;3719877;1016602624;24260608;1118597120;0;0;0;0;0;0;0;0;0;0;0;2705;0;0;89;0;80;0;
25987;4964741;1016602624;24260608;1118597120;0;0;0;0;0;0;0;0;0;0;0;2444;0;0;89;0;80;0;
25988;3216402;1016602624;24260608;1118597120;0;0;0;0;0;0;0;0;0;0;0;3236;0;0;89;0;80;0;
25989;4846690;1016602624;24260608;1118597120;0;0;0;0;0;0;0;0;0;0;0;2485;0;0;89;0;80;0;
25990;3280191;1016602624;24260608;1118597120;0;0;0;0;0;0;0;0;0;0;0;3297;0;0;89;0;80;0;
25991;5556841;1016602624;24260608;1118597120;0;0;0;0;0;0;0;0;0;0;0;2465;0;0;89;0;80;0;
25992;3197707;1016602624;24260608;1118597120;0;0;0;0;0;0;0;0;0;0;0;2795;0;0;89;0;80;0;
25993;5205052;1016602624;24260608;1118597120;0;0;0;0;0;0;0;0;0;0;0;2295;0;0;89;0;80;0;
25994;4090822;1016602624;24260608;1118597120;0;0;0;0;0;0;0;0;0;0;0;4048;0;0;89;0;80;0;
25995;5884516;1016602624;24260608;1118597120;0;0;0;0;0;0;0;0;0;0;0;3096;0;0;89;0;80;0;
25996;3361283;1016602624;24260608;1118597120;0;0;0;0;0;0;0;0;0;0;0;3045;0;0;89;0;80;0;
25997;5355864;1016602624;24260608;1118597120;0;0;0;0;0;0;0;0;0;0;0;2264;0;0;89;0;80;0;
25998;2909376;1016602624;24260608;1118597120;0;0;0;0;0;0;0;0;0;0;0;3146;0;0;89;0;80;0;
25999;5600724;1016602624;24260608;1118597120;0;0;0;0;0;0;0;0;0;0;0;2585;0;0;89;0;80;0;
26000;3388114;1016602624;24260608;1118597120;0;0;0;0;0;0;0;0;0;0;0;2776;0;0;89;0;80;0;
26001;5088833;1016602624;24260608;1118597120;0;0;0;0;0;0;0;0;0;0;0;2344;0;0;89;0;80;0;
26002;3619959;1016602624;24260608;1118597120;0;0;0;0;0;0;0;0;0;0;0;2805;0;0;89;0;80;0;
26003;5795899;1016602624;24260608;1118597120;0;0;0;0;0;0;0;0;0;0;0;2384;0;0;89;0;80;0;
26004;3437006;1016602624;24260608;1118597120;0;0;0;0;0;0;0;0;0;0;0;2825;0;0;89;0;80;0;
26005;6804000;1016602624;24260608;1118597120;0;0;0;0;0;0;0;0;0;0;0;2494;0;0;89;0;80;0;
26006;4212159;1016602624;24260608;1118597120;0;0;0;0;0;0;0;0;0;0;0;2896;0;0;89;0;80;0;
26007;4746051;1016602624;24260608;1118597120;0;0;0;0;0;0;0;0;0;0;0;2454;0;0;89;0;80;0;
26008;3284419;1016602624;24260608;1118597120;0;0;0;0;0;0;0;0;0;0;0;3026;0;0;89;0;80;0;
26009;4756630;1016602624;24260608;1118597120;0;0;0;0;0;0;0;0;0;0;0;2325;0;0;89;0;80;0;
26010;4404611;1016602624;24260608;1118597120;0;0;0;0;0;0;0;0;0;0;0;3186;0;0;89;0;80;0;
26011;4729710;1016602624;24260608;1118597120;0;0;0;0;0;0;0;0;0;0;0;2685;0;0;89;0;80;0;
26012;2825298;1016602624;24260608;1118597120;0;0;0;0;0;0;0;0;0;0;0;2795;0;0;89;0;80;0;
26013;5495105;1016602624;24260608;1118597120;0;0;0;0;0;0;0;0;0;0;0;2846;0;0;89;0;80;0;
26014;3671355;1016602624;24260608;1118597120;0;0;0;0;0;0;0;0;0;0;0;4018;0;0;89;0;80;0;
26015;5452746;1016602624;24268800;1118605312;0;0;0;0;0;0;0;0;0;0;0;3297;0;0;89;0;80;0;
26016;3510283;1016602624;24268800;1118605312;0;0;0;0;0;0;0;0;0;0;0;3547;0;0;89;0;80;0;
26017;5164947;1016602624;24268800;1118605312;0;0;0;0;0;0;0;0;0;0;0;2655;0;0;89;0;80;0;
26018;3375410;1016602624;24268800;1118605312;0;0;0;0;0;0;0;0;0;0;0;2675;0;0;89;0;80;0;
26019;5023481;1016602624;24268800;1118605312;0;0;0;0;0;0;0;0;0;0;0;2514;0;0;89;0;80;0;
26020;3696012;1016602624;24268800;1118605312;0;0;0;0;0;0;0;0;0;0;0;3226;0;0;89;0;80;0;
26021;5743932;1022406656;31834112;1126170624;0;0;0;0;0;0;0;0;0;0;0;3426;0;0;89;0;80;0;
26022;4337314;1022504960;31825920;1126162432;0;0;0;0;0;0;0;0;0;0;0;3056;0;0;89;0;80;0;
26023;4967125;1022504960;31825920;1126162432;0;0;0;0;0;0;0;0;0;0;0;2455;0;0;89;0;80;0;
26024;4045266;1022504960;31825920;1126162432;0;0;0;0;0;0;0;0;0;0;0;3346;0;0;89;0;80;0;
26025;4884962;1022504960;31825920;1126162432;0;0;0;0;0;0;0;0;0;0;0;2404;0;0;89;0;80;0;
26026;3045392;1022504960;31825920;1126162432;0;0;0;0;0;0;0;0;0;0;0;2695;0;0;89;0;80;0;
26027;5446474;1022504960;31825920;1126162432;0;0;0;0;0;0;0;0;0;0;0;2665;0;0;89;0;80;0;
26028;4088508;1022504960;31825920;1126162432;0;0;0;0;0;0;0;0;0;0;0;3276;0;0;89;0;80;0;
26029;4699063;1022504960;31825920;1126162432;0;0;0;0;0;0;0;0;0;0;0;2735;0;0;89;0;80;0;
26030;4061446;1016602624;24260608;1118597120;0;0;0;0;0;0;0;0;0;0;0;3266;0;0;89;0;80;0;
26031;4994146;1016602624;24260608;1118597120;0;0;0;0;0;0;0;0;0;0;0;2334;0;0;89;0;80;0;
26032;3256187;1016602624;24260608;1118597120;0;0;0;0;0;0;0;0;0;0;0;2705;0;0;89;0;80;0;
26033;4702138;1016602624;24260608;1118597120;0;0;0;0;0;0;0;0;0;0;0;2494;0;0;89;0;80;0;
26034;2899759;1016602624;24260608;1118597120;0;0;0;0;0;0;0;0;0;0;0;3126;0;0;89;0;80;0;
26035;5245156;1016602624;24260608;1118597120;0;0;0;0;0;0;0;0;0;0;0;2725;0;0;89;0;80;0;
26036;4218672;1016602624;24260608;1118597120;0;0;0;0;0;0;0;0;0;0;0;5972;0;0;89;0;80;0;
26037;5337870;1016602624;24260608;1118597120;0;0;0;0;0;0;0;0;0;0;0;2564;0;0;89;0;80;0;
26038;2993464;1016602624;24260608;1118597120;0;0;0;0;0;0;0;0;0;0;0;2856;0;0;89;0;80;0;
26039;4828906;1016602624;24260608;1118597120;0;0;0;0;0;0;0;0;0;0;0;2534;0;0;89;0;80;0;
26040;3247280;1016602624;24260608;1118597120;0;0;0;0;0;0;0;0;0;0;0;2885;0;0;89;0;80;0;
26041;5357488;1016602624;24260608;1118597120;0;0;0;0;0;0;0;0;0;0;0;2996;0;0;89;0;80;0;
26042;2812956;1016602624;24260608;1118597120;0;0;0;0;0;0;0;0;0;0;0;3106;0;0;89;0;80;0;
26043;5259574;1016602624;24260608;1118597120;0;0;0;0;0;0;0;0;0;0;0;2514;0;0;89;0;80;0;
26044;3853167;1016602624;24260608;1118597120;0;0;0;0;0;0;0;0;0;0;0;3085;0;0;89;0;80;0;
26045;5216513;1016602624;24260608;1118597120;0;0;0;0;0;0;0;0;0;0;0;2675;0;0;89;0;80;0;
26046;3749151;1016602624;24260608;1118597120;0;0;0;0;0;0;0;0;0;0;0;3136;0;0;89;0;80;0;
26047;5165918;1016602624;24260608;1118597120;0;0;0;0;0;0;0;0;0;0;0;2434;0;0;89;0;80;0;
26048;4236415;1016602624;24260608;1118597120;0;0;0;0;0;0;0;0;0;0;0;3095;0;0;89;0;80;0;
26049;4927831;1016602624;24260608;1118597120;0;0;0;0;0;0;0;0;0;0;0;2314;0;0;89;0;80;0;
26050;3431726;1016602624;24260608;1118597120;0;0;0;0;0;0;0;0;0;0;0;2885;0;0;89;0;80;0;
26051;5798084;1016602624;24260608;1118597120;0;0;0;0;0;0;0;0;0;0;0;3226;0;0;89;0;80;0;
26052;4206018;1016602624;24260608;1118597120;0;0;0;0;0;0;0;0;0;0;0;3146;0;0;89;0;80;0;
26053;5254734;1016602624;24260608;1118597120;0;0;0;0;0;0;0;0;0;0;0;2715;0;0;89;0;80;0;
26054;3881870;1016602624;24260608;1118597120;0;0;0;0;0;0;0;0;0;0;0;3026;0;0;89;0;80;0;
26055;6060356;1016602624;24260608;1118597120;0;0;0;0;0;0;0;0;0;0;0;2585;0;0;89;0;80;0;
26056;4399280;1016602624;24260608;1118597120;0;0;0;0;0;0;0;0;0;0;0;3026;0;0;89;0;80;0;
26057;5688758;1016602624;24260608;1118597120;0;0;0;0;0;0;0;0;0;0;0;2334;0;0;89;0;80;0;
26058;5001550;1016602624;24260608;1118597120;0;0;0;0;0;0;0;0;0;0;0;3166;0;0;89;0;80;0;
26059;5837297;1016602624;24260608;1118597120;0;0;0;0;0;0;0;0;0;0;0;3236;0;0;89;0;80;0;
26060;3699147;1016602624;24260608;1118597120;0;0;0;0;0;0;0;0;0;0;0;3707;0;0;89;0;80;0;
26061;5765412;1016602624;24260608;1118597120;0;0;0;0;0;0;0;0;0;0;0;2475;0;0;89;0;80;0;
26062;4497735;1016602624;24260608;1118597120;0;0;0;0;0;0;0;0;0;0;0;3146;0;0;89;0;80;0;
26063;5917136;1016602624;24260608;1118597120;0;0;0;0;0;0;0;0;0;0;0;2675;0;0;89;0;80;0;
26064;3867112;1016602624;24260608;1118597120;0;0;0;0;0;0;0;0;0;0;0;3146;0;0;89;0;80;0;
26065;5249265;1016602624;24260608;1118597120;0;0;0;0;0;0;0;0;0;0;0;2795;0;0;89;0;80;0;
26066;2828304;1016602624;24260608;1118597120;0;0;0;0;0;0;0;0;0;0;0;3526;0;0;89;0;80;0;
26067;4930887;1016602624;24260608;1118597120;0;0;0;0;0;0;0;0;0;0;0;2515;0;0;89;0;80;0;
26068;4086855;1016602624;24260608;1118597120;0;0;0;0;0;0;0;0;0;0;0;3085;0;0;89;0;80;0;
26069;4803729;1016602624;24260608;1118597120;0;0;0;0;0;0;0;0;0;0;0;2525;0;0;89;0;80;0;
26070;3627744;1016602624;24260608;1118597120;0;0;0;0;0;0;0;0;0;0;0;2935;0;0;89;0;80;0;
26071;5307934;1016602624;24260608;1118597120;0;0;0;0;0;0;0;0;0;0;0;2484;0;0;89;0;80;0;
26072;3814303;1016602624;24260608;1118597120;0;0;0;0;0;0;0;0;0;0;0;2825;0;0;89;0;80;0;
26073;6128613;1016602624;24260608;1118597120;0;0;0;0;0;0;0;0;0;0;0;2885;0;0;89;0;80;0;
26074;3064287;1016602624;24260608;1118597120;0;0;0;0;0;0;0;0;0;0;0;2685;0;0;89;0;80;0;
26075;5729726;1016602624;24260608;1118597120;0;0;0;0;0;0;0;0;0;0;0;2495;0;0;89;0;80;0;
26076;4624032;1016602624;24260608;1118597120;0;0;0;0;0;0;0;0;0;0;0;2935;0;0;89;0;80;0;
26077;5874417;1016602624;24260608;1118597120;0;0;0;0;0;0;0;0;0;0;0;38503;0;0;89;0;80;0;
26078;4387849;1016602624;24260608;1118597120;0;0;0;0;0;0;0;0;0;0;0;3397;0;0;89;0;80;0;
26079;5884025;1016602624;24260608;1118597120;0;0;0;0;0;0;0;0;0;0;0;3356;0;0;89;0;80;0;
26080;3953093;1016602624;24260608;1118597120;0;0;0;0;0;0;0;0;0;0;0;3547;0;0;89;0;80;0;
26081;5072152;1016602624;24260608;1118597120;0;0;0;0;0;0;0;0;0;0;0;3166;0;0;89;0;80;0;
26082;3607044;1016602624;24260608;1118597120;0;0;0;0;0;0;0;0;0;0;0;3606;0;0;89;0;80;0;
26083;6471878;1016602624;24260608;1118597120;0;0;0;0;0;0;0;0;0;0;0;2965;0;0;89;0;80;0;
26084;4130136;1016602624;24260608;1118597120;0;0;0;0;0;0;0;0;0;0;0;3216;0;0;89;0;80;0;
26085;5837087;1016602624;24260608;1118597120;0;0;0;0;0;0;0;0;0;0;0;2956;0;0;89;0;80;0;
26086;3251368;1016602624;24260608;1118597120;0;0;0;0;0;0;0;0;0;0;0;3577;0;0;89;0;80;0;
26087;5011850;1016602624;24260608;1118597120;0;0;0;0;0;0;0;0;0;0;0;2645;0;0;89;0;80;0;
26088;4284145;1016602624;24260608;1118597120;0;0;0;0;0;0;0;0;0;0;0;2916;0;0;89;0;80;0;
26089;4886364;1016602624;24260608;1118597120;0;0;0;0;0;0;0;0;0;0;0;2786;0;0;89;0;80;0;
26090;4081945;1016602624;24260608;1118597120;0;0;0;0;0;0;0;0;0;0;0;3277;0;0;89;0;80;0;
26091;5435774;1016602624;24260608;1118597120;0;0;0;0;0;0;0;0;0;0;0;2845;0;0;89;0;80;0;
26092;3907458;1016602624;24260608;1118597120;0;0;0;0;0;0;0;0;0;0;0;3186;0;0;89;0;80;0;
26093;4939344;1016602624;24260608;1118597120;0;0;0;0;0;0;0;0;0;0;0;2635;0;0;89;0;80;0;
26094;3344523;1016602624;24260608;1118597120;0;0;0;0;0;0;0;0;0;0;0;3336;0;0;89;0;80;0;
26095;5029853;1016602624;24260608;1118597120;0;0;0;0;0;0;0;0;0;0;0;2184;0;0;89;0;80;0;
26096;3086879;1016602624;24260608;1118597120;0;0;0;0;0;0;0;0;0;0;0;6412;0;0;89;0;80;0;
26097;5317262;1016602624;24260608;1118597120;0;0;0;0;0;0;0;0;0;0;0;2445;0;0;89;0;80;0;
26098;3246228;1016602624;24260608;1118597120;0;0;0;0;0;0;0;0;0;0;0;2976;0;0;89;0;80;0;
26099;4895762;1016602624;24260608;1118597120;0;0;0;0;0;0;0;0;0;0;0;3086;0;0;89;0;80;0;
26100;3892019;1016602624;24260608;1118597120;0;0;0;0;0;0;0;0;0;0;0;3436;0;0;89;0;80;0;
26101;5869086;1016602624;24260608;1118597120;0;0;0;0;0;0;0;0;0;0;0;2916;0;0;89;0;80;0;
26102;2611537;1016602624;24260608;1118597120;0;0;0;0;0;0;0;0;0;0;0;2845;0;0;89;0;80;0;
26103;5052265;1016602624;24260608;1118597120;0;0;0;0;0;0;0;0;0;0;0;3056;0;0;89;0;80;0;
26104;3924710;1016602624;24260608;1118597120;0;0;0;0;0;0;0;0;0;0;0;3687;0;0;89;0;80;0;
26105;5092040;1016602624;24260608;1118597120;0;0;0;0;0;0;0;0;0;0;0;2746;0;0;89;0;80;0;
26106;3841664;1016602624;24260608;1118597120;0;0;0;0;0;0;0;0;0;0;0;3246;0;0;89;0;80;0;
26107;4819318;1016602624;24260608;1118597120;0;0;0;0;0;0;0;0;0;0;0;2635;0;0;89;0;80;0;
26108;4536087;1016602624;24260608;1118597120;0;0;0;0;0;0;0;0;0;0;0;3136;0;0;89;0;80;0;
26109;5406630;1016602624;24260608;1118597120;0;0;0;0;0;0;0;0;0;0;0;2675;0;0;89;0;80;0;
26110;3005546;1016602624;24260608;1118597120;0;0;0;0;0;0;0;0;0;0;0;3226;0;0;89;0;80;0;
26111;5596646;1016602624;24260608;1118597120;0;0;0;0;0;0;0;0;0;0;0;2865;0;0;89;0;80;0;
26112;4076665;1016602624;24260608;1118597120;0;0;0;0;0;0;0;0;0;0;0;3176;0;0;89;0;80;0;
26113;5384628;1016602624;24260608;1118597120;0;0;0;0;0;0;0;0;0;0;0;2856;0;0;89;0;80;0;
26114;2514155;1016602624;24260608;1118597120;0;0;0;0;0;0;0;0;0;0;0;2925;0;0;89;0;80;0;
26115;5795289;1022406656;31825920;1126162432;0;0;0;0;0;0;0;0;0;0;0;2775;0;0;89;0;80;0;
26116;3596514;1022406656;31825920;1126162432;0;0;0;0;0;0;0;0;0;0;0;3407;0;0;89;0;80;0;
26117;4885382;1022406656;31825920;1126162432;0;0;0;0;0;0;0;0;0;0;0;2434;0;0;89;0;80;0;
26118;2969249;1022406656;31825920;1126162432;0;0;0;0;0;0;0;0;0;0;0;2484;0;0;89;0;80;0;
26119;5608097;1022406656;31825920;1126162432;0;0;0;0;0;0;0;0;0;0;0;2124;0;0;89;0;80;0;
26120;4426130;1022406656;31825920;1126162432;0;0;0;0;0;0;0;0;0;0;0;3126;0;0;89;0;80;0;
26121;5023200;1022406656;31825920;1126162432;0;0;0;0;0;0;0;0;0;0;0;2765;0;0;89;0;80;0;
26122;2513323;1022406656;31825920;1126162432;0;0;0;0;0;0;0;0;0;0;0;2585;0;0;89;0;80;0;
26123;4906412;1022406656;31825920;1126162432;0;0;0;0;0;0;0;0;0;0;0;2224;0;0;89;0;80;0;
26124;2926378;1016602624;24260608;1118597120;0;0;0;0;0;0;0;0;0;0;0;2705;0;0;89;0;80;0;
26125;4804160;1016602624;24260608;1118597120;0;0;0;0;0;0;0;0;0;0;0;2354;0;0;89;0;80;0;
26126;3256247;1016602624;24260608;1118597120;0;0;0;0;0;0;0;0;0;0;0;3005;0;0;89;0;80;0;
26127;5157212;1016602624;24260608;1118597120;0;0;0;0;0;0;0;0;0;0;0;2434;0;0;89;0;80;0;
26128;2962025;1016602624;24260608;1118597120;0;0;0;0;0;0;0;0;0;0;0;2835;0;0;89;0;80;0;
26129;5695020;1016602624;24260608;1118597120;0;0;0;0;0;0;0;0;0;0;0;2415;0;0;89;0;80;0;
26130;3509932;1016602624;24260608;1118597120;0;0;0;0;0;0;0;0;0;0;0;2946;0;0;89;0;80;0;
26131;5229047;1016602624;24260608;1118597120;0;0;0;0;0;0;0;0;0;0;0;2344;0;0;89;0;80;0;
26132;3734443;1016602624;24260608;1118597120;0;0;0;0;0;0;0;0;0;0;0;3096;0;0;89;0;80;0;
26133;5520253;1016602624;24260608;1118597120;0;0;0;0;0;0;0;0;0;0;0;2956;0;0;89;0;80;0;
26134;3093962;1016602624;24260608;1118597120;0;0;0;0;0;0;0;0;0;0;0;2915;0;0;89;0;80;0;
26135;8075685;1016602624;24260608;1118597120;0;0;0;0;0;0;0;0;0;0;0;2735;0;0;89;0;80;0;
26136;12109199;1016602624;24260608;1118597120;0;0;0;0;0;0;0;0;0;0;0;2755;0;0;89;0;80;0;
26137;6422916;1016602624;24260608;1118597120;0;0;0;0;0;0;0;0;0;0;0;3887;0;0;89;0;80;0;
26138;4849725;1016602624;24260608;1118597120;0;0;0;0;0;0;0;0;0;0;0;4278;0;0;89;0;80;0;
26139;6773573;1016602624;24260608;1118597120;0;0;0;0;0;0;0;0;0;0;0;3908;0;0;89;0;80;0;
26140;4810131;1016602624;24260608;1118597120;0;0;0;0;0;0;0;0;0;0;0;2966;0;0;89;0;80;0;
26141;4891443;1016602624;24260608;1118597120;0;0;0;0;0;0;0;0;0;0;0;2294;0;0;89;0;80;0;
26142;5323644;1016602624;24260608;1118597120;0;0;0;0;0;0;0;0;0;0;0;3426;0;0;89;0;80;0;
26143;5546993;1016602624;24260608;1118597120;0;0;0;0;0;0;0;0;0;0;0;3817;0;0;89;0;80;0;
26144;5456063;1016602624;24260608;1118597120;0;0;0;0;0;0;0;0;0;0;0;4278;0;0;89;0;80;0;
26145;5944648;1016602624;24260608;1118597120;0;0;0;0;0;0;0;0;0;0;0;10820;0;0;89;0;80;0;
26146;5817299;1016602624;24260608;1118597120;0;0;0;0;0;0;0;0;0;0;0;4328;0;0;89;0;80;0;
26147;6785476;1016602624;24260608;1118597120;0;0;0;0;0;0;0;0;0;0;0;3777;0;0;89;0;80;0;
26148;3807571;1016602624;24260608;1118597120;0;0;0;0;0;0;0;0;0;0;0;3367;0;0;89;0;80;0;
26149;6511822;1016602624;24260608;1118597120;0;0;0;0;0;0;0;0;0;0;0;4097;0;0;89;0;80;0;
26150;3740545;1016602624;24260608;1118597120;0;0;0;0;0;0;0;0;0;0;0;3416;0;0;89;0;80;0;
26151;5501217;1016602624;24260608;1118597120;0;0;0;0;0;0;0;0;0;0;0;3737;0;0;89;0;80;0;
26152;4826943;1016602624;24260608;1118597120;0;0;0;0;0;0;0;0;0;0;0;3056;0;0;89;0;80;0;
26153;5650287;1016602624;24260608;1118597120;0;0;0;0;0;0;0;0;0;0;0;3086;0;0;89;0;80;0;
26154;3724755;1016602624;24260608;1118597120;0;0;0;0;0;0;0;0;0;0;0;3427;0;0;89;0;80;0;
26155;5895716;1016602624;24260608;1118597120;0;0;0;0;0;0;0;0;0;0;0;4098;0;0;89;0;80;0;
26156;6257806;1016602624;24260608;1118597120;0;0;0;0;0;0;0;0;0;0;0;3577;0;0;89;0;80;0;
26157;5827329;1016602624;24260608;1118597120;0;0;0;0;0;0;0;0;0;0;0;3567;0;0;89;0;80;0;
26158;4489289;1016602624;24260608;1118597120;0;0;0;0;0;0;0;0;0;0;0;3877;0;0;89;0;80;0;
26159;6315323;1016602624;24260608;1118597120;0;0;0;0;0;0;0;0;0;0;0;4388;0;0;89;0;80;0;
26160;4472427;1016602624;24260608;1118597120;0;0;0;0;0;0;0;0;0;0;0;3607;0;0;89;0;80;0;
26161;5160949;1016602624;24260608;1118597120;0;0;0;0;0;0;0;0;0;0;0;3827;0;0;89;0;80;0;
26162;3537244;1016602624;24260608;1118597120;0;0;0;0;0;0;0;0;0;0;0;2825;0;0;89;0;80;0;
26163;5700180;1016602624;24260608;1118597120;0;0;0;0;0;0;0;0;0;0;0;2855;0;0;89;0;80;0;
26164;3720137;1016602624;24260608;1118597120;0;0;0;0;0;0;0;0;0;0;0;2625;0;0;89;0;80;0;
26165;5108771;1016602624;24260608;1118597120;0;0;0;0;0;0;0;0;0;0;0;2715;0;0;89;0;80;0;
26166;3628204;1016602624;24260608;1118597120;0;0;0;0;0;0;0;0;0;0;0;3416;0;0;89;0;80;0;
26167;5890988;1016602624;24260608;1118597120;0;0;0;0;0;0;0;0;0;0;0;2916;0;0;89;0;80;0;
26168;2874731;1016602624;24260608;1118597120;0;0;0;0;0;0;0;0;0;0;0;3757;0;0;89;0;80;0;
26169;5344714;1016602624;24260608;1118597120;0;0;0;0;0;0;0;0;0;0;0;2374;0;0;89;0;80;0;
26170;4244971;1016602624;24260608;1118597120;0;0;0;0;0;0;0;0;0;0;0;3156;0;0;89;0;80;0;
26171;5937195;1016602624;24260608;1118597120;0;0;0;0;0;0;0;0;0;0;0;3958;0;0;89;0;80;0;
26172;5159987;1016602624;24260608;1118597120;0;0;0;0;0;0;0;0;0;0;0;4198;0;0;89;0;80;0;
26173;6478189;1016602624;24260608;1118597120;0;0;0;0;0;0;0;0;0;0;0;4188;0;0;89;0;80;0;
26174;4601500;1016602624;24260608;1118597120;0;0;0;0;0;0;0;0;0;0;0;3697;0;0;89;0;80;0;
26175;6566354;1016602624;24260608;1118597120;0;0;0;0;0;0;0;0;0;0;0;4008;0;0;89;0;80;0;
26176;3483223;1016602624;24260608;1118597120;0;0;0;0;0;0;0;0;0;0;0;3287;0;0;89;0;80;0;
26177;5589403;1016602624;24260608;1118597120;0;0;0;0;0;0;0;0;0;0;0;2204;0;0;89;0;80;0;
26178;3411177;1016602624;24260608;1118597120;0;0;0;0;0;0;0;0;0;0;0;3186;0;0;89;0;80;0;
26179;6007696;1016602624;24260608;1118597120;0;0;0;0;0;0;0;0;0;0;0;3857;0;0;89;0;80;0;
26180;3790328;1016602624;24260608;1118597120;0;0;0;0;0;0;0;0;0;0;0;3877;0;0;89;0;80;0;
26181;5492641;1016602624;24260608;1118597120;0;0;0;0;0;0;0;0;0;0;0;3417;0;0;89;0;80;0;
26182;3744653;1016602624;24260608;1118597120;0;0;0;0;0;0;0;0;0;0;0;2845;0;0;89;0;80;0;
26183;5751647;1016602624;24260608;1118597120;0;0;0;0;0;0;0;0;0;0;0;2806;0;0;89;0;80;0;
26184;3380509;1016602624;24260608;1118597120;0;0;0;0;0;0;0;0;0;0;0;5972;0;0;89;0;80;0;
26185;5857806;1016602624;24260608;1118597120;0;0;0;0;0;0;0;0;0;0;0;3797;0;0;89;0;80;0;
26186;5642803;1016602624;24260608;1118597120;0;0;0;0;0;0;0;0;0;0;0;3997;0;0;89;0;80;0;
26187;5385059;1016602624;24260608;1118597120;0;0;0;0;0;0;0;0;0;0;0;4629;0;0;89;0;80;0;
26188;2717476;1016602624;24260608;1118597120;0;0;0;0;0;0;0;0;0;0;0;3676;0;0;89;0;80;0;
26189;5839631;1016602624;24260608;1118597120;0;0;0;0;0;0;0;0;0;0;0;2846;0;0;89;0;80;0;
26190;3194361;1016602624;24260608;1118597120;0;0;0;0;0;0;0;0;0;0;0;3086;0;0;89;0;80;0;
26191;5525523;1016602624;24260608;1118597120;0;0;0;0;0;0;0;0;0;0;0;3016;0;0;89;0;80;0;
26192;4525156;1016602624;24260608;1118597120;0;0;0;0;0;0;0;0;0;0;0;4118;0;0;89;0;80;0;
26193;5595133;1016602624;24260608;1118597120;0;0;0;0;0;0;0;0;0;0;0;3367;0;0;89;0;80;0;
26194;4489440;1016602624;24260608;1118597120;0;0;0;0;0;0;0;0;0;0;0;3516;0;0;89;0;80;0;
26195;6289094;1016602624;24260608;1118597120;0;0;0;0;0;0;0;0;0;0;0;4819;0;0;89;0;80;0;
26196;4489009;1016602624;24260608;1118597120;0;0;0;0;0;0;0;0;0;0;0;4138;0;0;89;0;80;0;
26197;6741042;1016602624;24260608;1118597120;0;0;0;0;0;0;0;0;0;0;0;3677;0;0;89;0;80;0;
26198;4368863;1016602624;24260608;1118597120;0;0;0;0;0;0;0;0;0;0;0;4709;0;0;89;0;80;0;
26199;6076546;1016602624;24260608;1118597120;0;0;0;0;0;0;0;0;0;0;0;3526;0;0;89;0;80;0;
26200;4727566;1016602624;24260608;1118597120;0;0;0;0;0;0;0;0;0;0;0;4608;0;0;89;0;80;0;
26201;5249986;1016602624;24260608;1118597120;0;0;0;0;0;0;0;0;0;0;0;3186;0;0;89;0;80;0;
26202;4464553;1016602624;24260608;1118597120;0;0;0;0;0;0;0;0;0;0;0;3257;0;0;89;0;80;0;
26203;5410927;1016602624;24260608;1118597120;0;0;0;0;0;0;0;0;0;0;0;2785;0;0;89;0;80;0;
26204;3411498;1016602624;24260608;1118597120;0;0;0;0;0;0;0;0;0;0;0;3416;0;0;89;0;80;0;
26205;4818166;1016602624;24260608;1118597120;0;0;0;0;0;0;0;0;0;0;0;2364;0;0;89;0;80;0;
26206;4250091;1016602624;24260608;1118597120;0;0;0;0;0;0;0;0;0;0;0;3797;0;0;89;0;80;0;
26207;4899548;1016602624;24260608;1118597120;0;0;0;0;0;0;0;0;0;0;0;2214;0;0;89;0;80;0;
26208;5455221;1016602624;24260608;1118597120;0;0;0;0;0;0;0;0;0;0;0;4779;0;0;89;0;80;0;
26209;6775748;1022406656;31825920;1126162432;0;0;0;0;0;0;0;0;0;0;0;3807;0;0;89;0;80;0;
26210;5468936;1022406656;31825920;1126162432;0;0;0;0;0;0;0;0;0;0;0;3938;0;0;89;0;80;0;
26211;5635419;1022406656;31825920;1126162432;0;0;0;0;0;0;0;0;0;0;0;3386;0;0;89;0;80;0;
26212;5378937;1022406656;31825920;1126162432;0;0;0;0;0;0;0;0;0;0;0;4148;0;0;89;0;80;0;
26213;5154356;1022406656;31825920;1126162432;0;0;0;0;0;0;0;0;0;0;0;7364;0;0;89;0;80;0;
26214;4849715;1022406656;31825920;1126162432;0;0;0;0;0;0;0;0;0;0;0;4429;0;0;89;0;80;0;
26215;6278094;1022406656;31825920;1126162432;0;0;0;0;0;0;0;0;0;0;0;3617;0;0;89;0;80;0;
26216;6129455;1022406656;31825920;1126162432;0;0;0;0;0;0;0;0;0;0;0;3537;0;0;89;0;80;0;
26217;6477067;1022406656;31825920;1126162432;0;0;0;0;0;0;0;0;0;0;0;3757;0;0;89;0;80;0;
26218;5371664;1016627200;24260608;1118597120;0;0;0;0;0;0;0;0;0;0;0;4409;0;0;89;0;80;0;
26219;6907374;1016627200;24260608;1118597120;0;0;0;0;0;0;0;0;0;0;0;4328;0;0;89;0;80;0;
26220;4124214;1016627200;24260608;1118597120;0;0;0;0;0;0;0;0;0;0;0;3977;0;0;89;0;80;0;
26221;8595249;1016627200;24260608;1118597120;0;0;0;0;0;0;0;0;0;0;0;4839;0;0;89;0;80;0;
26222;3762055;1016627200;24260608;1118597120;0;0;0;0;0;0;0;0;0;0;0;4108;0;0;89;0;80;0;
26223;5162682;1016627200;24260608;1118597120;0;0;0;0;0;0;0;0;0;0;0;2816;0;0;89;0;80;0;
26224;4056447;1016627200;24260608;1118597120;0;0;0;0;0;0;0;0;0;0;0;4118;0;0;89;0;80;0;
26225;5328022;1016627200;24260608;1118597120;0;0;0;0;0;0;0;0;0;0;0;2504;0;0;89;0;80;0;
26226;3860961;1016627200;24260608;1118597120;0;0;0;0;0;0;0;0;0;0;0;3166;0;0;89;0;80;0;
26227;6072078;1016627200;24260608;1118597120;0;0;0;0;0;0;0;0;0;0;0;2625;0;0;89;0;80;0;
26228;4018196;1016627200;24260608;1118597120;0;0;0;0;0;0;0;0;0;0;0;3797;0;0;89;0;80;0;
26229;5758610;1016627200;24260608;1118597120;0;0;0;0;0;0;0;0;0;0;0;2726;0;0;89;0;80;0;
26230;4913795;1016627200;24260608;1118597120;0;0;0;0;0;0;0;0;0;0;0;3617;0;0;89;0;80;0;
26231;6105079;1016627200;24260608;1118597120;0;0;0;0;0;0;0;0;0;0;0;3176;0;0;89;0;80;0;
26232;3279851;1016627200;24260608;1118597120;0;0;0;0;0;0;0;0;0;0;0;3947;0;0;89;0;80;0;
26233;6206840;1016627200;24260608;1118597120;0;0;0;0;0;0;0;0;0;0;0;3076;0;0;89;0;80;0;
26234;3664572;1016627200;24260608;1118597120;0;0;0;0;0;0;0;0;0;0;0;3577;0;0;89;0;80;0;
26235;5605111;1016627200;24260608;1118597120;0;0;0;0;0;0;0;0;0;0;0;3146;0;0;89;0;80;0;
26236;3725977;1016627200;24260608;1118597120;0;0;0;0;0;0;0;0;0;0;0;3546;0;0;89;0;80;0;
26237;5872162;1016627200;24260608;1118597120;0;0;0;0;0;0;0;0;0;0;0;2905;0;0;89;0;80;0;
26238;3454198;1016627200;24260608;1118597120;0;0;0;0;0;0;0;0;0;0;0;3646;0;0;89;0;80;0;
26239;5061472;1016627200;24260608;1118597120;0;0;0;0;0;0;0;0;0;0;0;2765;0;0;89;0;80;0;
26240;3689790;1016627200;24260608;1118597120;0;0;0;0;0;0;0;0;0;0;0;3607;0;0;89;0;80;0;
26241;6215617;1016627200;24260608;1118597120;0;0;0;0;0;0;0;0;0;0;0;2946;0;0;89;0;80;0;
26242;4070503;1016627200;24260608;1118597120;0;0;0;0;0;0;0;0;0;0;0;2805;0;0;89;0;80;0;
26243;5103531;1016627200;24260608;1118597120;0;0;0;0;0;0;0;0;0;0;0;2475;0;0;89;0;80;0;
26244;3731428;1016627200;24260608;1118597120;0;0;0;0;0;0;0;0;0;0;0;3547;0;0;89;0;80;0;
26245;5406429;1016627200;24260608;1118597120;0;0;0;0;0;0;0;0;0;0;0;2495;0;0;89;0;80;0;
26246;4108866;1016627200;24260608;1118597120;0;0;0;0;0;0;0;0;0;0;0;3216;0;0;89;0;80;0;
26247;4848222;1016627200;24260608;1118597120;0;0;0;0;0;0;0;0;0;0;0;2935;0;0;89;0;80;0;
26248;4445878;1016627200;24260608;1118597120;0;0;0;0;0;0;0;0;0;0;0;3667;0;0;89;0;80;0;
26249;5760323;1016627200;24260608;1118597120;0;0;0;0;0;0;0;0;0;0;0;2776;0;0;89;0;80;0;
26250;3457224;1016627200;24260608;1118597120;0;0;0;0;0;0;0;0;0;0;0;3005;0;0;89;0;80;0;
26251;5549788;1016627200;24260608;1118597120;0;0;0;0;0;0;0;0;0;0;0;2555;0;0;89;0;80;0;
26252;3772275;1016627200;24260608;1118597120;0;0;0;0;0;0;0;0;0;0;0;3226;0;0;89;0;80;0;
26253;5096318;1016627200;24260608;1118597120;0;0;0;0;0;0;0;0;0;0;0;2745;0;0;89;0;80;0;
26254;4135215;1016627200;24260608;1118597120;0;0;0;0;0;0;0;0;0;0;0;3657;0;0;89;0;80;0;
26255;5468184;1016627200;24260608;1118597120;0;0;0;0;0;0;0;0;0;0;0;2685;0;0;89;0;80;0;
26256;4481404;1016627200;24260608;1118597120;0;0;0;0;0;0;0;0;0;0;0;3116;0;0;89;0;80;0;
26257;5035845;1016627200;24260608;1118597120;0;0;0;0;0;0;0;0;0;0;0;2344;0;0;89;0;80;0;
26258;4226626;1016627200;24260608;1118597120;0;0;0;0;0;0;0;0;0;0;0;3607;0;0;89;0;80;0;
26259;5448448;1016627200;24260608;1118597120;0;0;0;0;0;0;0;0;0;0;0;2315;0;0;89;0;80;0;
26260;3567590;1016627200;24260608;1118597120;0;0;0;0;0;0;0;0;0;0;0;3186;0;0;89;0;80;0;
26261;4829798;1016627200;24260608;1118597120;0;0;0;0;0;0;0;0;0;0;0;2665;0;0;89;0;80;0;
26262;3481590;1016627200;24260608;1118597120;0;0;0;0;0;0;0;0;0;0;0;3035;0;0;89;0;80;0;
26263;5280673;1016627200;24260608;1118597120;0;0;0;0;0;0;0;0;0;0;0;2945;0;0;89;0;80;0;
26264;4122181;1016627200;24260608;1118597120;0;0;0;0;0;0;0;0;0;0;0;3437;0;0;89;0;80;0;
26265;5275223;1016627200;24260608;1118597120;0;0;0;0;0;0;0;0;0;0;0;2996;0;0;89;0;80;0;
26266;4157867;1016627200;24260608;1118597120;0;0;0;0;0;0;0;0;0;0;0;3166;0;0;89;0;80;0;
26267;5659925;1016627200;24260608;1118597120;0;0;0;0;0;0;0;0;0;0;0;2735;0;0;89;0;80;0;
26268;3815966;1016627200;24260608;1118597120;0;0;0;0;0;0;0;0;0;0;0;3146;0;0;89;0;80;0;
26269;5607516;1016627200;24260608;1118597120;0;0;0;0;0;0;0;0;0;0;0;2796;0;0;89;0;80;0;
26270;3311781;1016627200;24260608;1118597120;0;0;0;0;0;0;0;0;0;0;0;3106;0;0;89;0;80;0;
26271;5491258;1016627200;24260608;1118597120;0;0;0;0;0;0;0;0;0;0;0;2675;0;0;89;0;80;0;
26272;3599250;1016627200;24260608;1118597120;0;0;0;0;0;0;0;0;0;0;0;2926;0;0;89;0;80;0;
26273;5976228;1016627200;24260608;1118597120;0;0;0;0;0;0;0;0;0;0;0;2484;0;0;89;0;80;0;
26274;3783485;1016627200;24260608;1118597120;0;0;0;0;0;0;0;0;0;0;0;2825;0;0;89;0;80;0;
26275;5593280;1016627200;24260608;1118597120;0;0;0;0;0;0;0;0;0;0;0;2725;0;0;89;0;80;0;
26276;3659564;1016627200;24260608;1118597120;0;0;0;0;0;0;0;0;0;0;0;3155;0;0;89;0;80;0;
26277;5123339;1016627200;24260608;1118597120;0;0;0;0;0;0;0;0;0;0;0;2495;0;0;89;0;80;0;
26278;3150158;1016627200;24260608;1118597120;0;0;0;0;0;0;0;0;0;0;0;2995;0;0;89;0;80;0;
26279;5014264;1016627200;24260608;1118597120;0;0;0;0;0;0;0;0;0;0;0;2916;0;0;89;0;80;0;
26280;4511450;1016627200;24260608;1118597120;0;0;0;0;0;0;0;0;0;0;0;3006;0;0;89;0;80;0;
26281;5891268;1016627200;24260608;1118597120;0;0;0;0;0;0;0;0;0;0;0;2816;0;0;89;0;80;0;
26282;4378181;1016627200;24260608;1118597120;0;0;0;0;0;0;0;0;0;0;0;3096;0;0;89;0;80;0;
26283;4953099;1016627200;24260608;1118597120;0;0;0;0;0;0;0;0;0;0;0;2645;0;0;89;0;80;0;
26284;3857354;1016627200;24260608;1118597120;0;0;0;0;0;0;0;0;0;0;0;3076;0;0;89;0;80;0;
26285;5811418;1016627200;24260608;1118597120;0;0;0;0;0;0;0;0;0;0;0;2515;0;0;89;0;80;0;
26286;3298446;1016627200;24260608;1118597120;0;0;0;0;0;0;0;0;0;0;0;3406;0;0;89;0;80;0;
26287;5664663;1016627200;24260608;1118597120;0;0;0;0;0;0;0;0;0;0;0;3076;0;0;89;0;80;0;
26288;4116780;1016627200;24260608;1118597120;0;0;0;0;0;0;0;0;0;0;0;3366;0;0;89;0;80;0;
26289;5030183;1016627200;24260608;1118597120;0;0;0;0;0;0;0;0;0;0;0;3036;0;0;89;0;80;0;
26290;2821712;1016627200;24260608;1118597120;0;0;0;0;0;0;0;0;0;0;0;2735;0;0;89;0;80;0;
26291;5122076;1016627200;24260608;1118597120;0;0;0;0;0;0;0;0;0;0;0;2334;0;0;89;0;80;0;
26292;2665619;1016627200;24260608;1118597120;0;0;0;0;0;0;0;0;0;0;0;2935;0;0;89;0;80;0;
26293;5520383;1016627200;24260608;1118597120;0;0;0;0;0;0;0;0;0;0;0;3126;0;0;89;0;80;0;
26294;3691733;1016627200;24260608;1118597120;0;0;0;0;0;0;0;0;0;0;0;3526;0;0;89;0;80;0;
26295;5813292;1016627200;24260608;1118597120;0;0;0;0;0;0;0;0;0;0;0;2986;0;0;89;0;80;0;
26296;3806068;1016627200;24260608;1118597120;0;0;0;0;0;0;0;0;0;0;0;3026;0;0;89;0;80;0;
26297;6192523;1016627200;24260608;1118597120;0;0;0;0;0;0;0;0;0;0;0;2465;0;0;89;0;80;0;
26298;3916214;1016627200;24260608;1118597120;0;0;0;0;0;0;0;0;0;0;0;3327;0;0;89;0;80;0;
26299;5812982;1016627200;24260608;1118597120;0;0;0;0;0;0;0;0;0;0;0;3016;0;0;89;0;80;0;
26300;3290340;1016627200;24260608;1118597120;0;0;0;0;0;0;0;0;0;0;0;3446;0;0;89;0;80;0;
26301;4686539;1016627200;24260608;1118597120;0;0;0;0;0;0;0;0;0;0;0;2806;0;0;89;0;80;0;
26302;2780525;1016627200;24260608;1118597120;0;0;0;0;0;0;0;0;0;0;0;3016;0;0;89;0;80;0;
26303;5193349;1016627200;24260608;1118597120;0;0;0;0;0;0;0;0;0;0;0;3276;0;0;89;0;80;0;
26304;2302989;1016627200;24260608;1118597120;0;0;0;0;0;0;0;0;0;0;0;3747;0;0;89;0;80;0;
26305;5330426;1016627200;24260608;1118597120;0;0;0;0;0;0;0;0;0;0;0;2645;0;0;89;0;80;0;
26306;3609469;1016627200;24260608;1118597120;0;0;0;0;0;0;0;0;0;0;0;3035;0;0;89;0;80;0;
26307;5735016;1016627200;24260608;1118597120;0;0;0;0;0;0;0;0;0;0;0;2945;0;0;89;0;80;0;
26308;3417479;1016627200;24260608;1118597120;0;0;0;0;0;0;0;0;0;0;0;3286;0;0;89;0;80;0;
26309;5974134;1016627200;24260608;1118597120;0;0;0;0;0;0;0;0;0;0;0;2895;0;0;89;0;80;0;
26310;4439556;1016627200;24260608;1118597120;0;0;0;0;0;0;0;0;0;0;0;3176;0;0;89;0;80;0;
26311;5473285;1016627200;24260608;1118597120;0;0;0;0;0;0;0;0;0;0;0;2465;0;0;89;0;80;0;
26312;3074205;1016627200;24260608;1118597120;0;0;0;0;0;0;0;0;0;0;0;3286;0;0;89;0;80;0;
26313;5405817;1016627200;24260608;1118597120;0;0;0;0;0;0;0;0;0;0;0;2745;0;0;89;0;80;0;
26314;3529079;1016627200;24260608;1118597120;0;0;0;0;0;0;0;0;0;0;0;3136;0;0;89;0;80;0;
26315;6003950;1016627200;24260608;1118597120;0;0;0;0;0;0;0;0;0;0;0;2996;0;0;89;0;80;0;
26316;3716049;1016627200;24260608;1118597120;0;0;0;0;0;0;0;0;0;0;0;3566;0;0;89;0;80;0;
26317;5798915;1016627200;24260608;1118597120;0;0;0;0;0;0;0;0;0;0;0;3176;0;0;89;0;80;0;
26318;3905454;1016627200;24260608;1118597120;0;0;0;0;0;0;0;0;0;0;0;3356;0;0;89;0;80;0;
26319;5207216;1016627200;24260608;1118597120;0;0;0;0;0;0;0;0;0;0;0;3086;0;0;89;0;80;0;
26320;3514692;1016627200;24260608;1118597120;0;0;0;0;0;0;0;0;0;0;0;3957;0;0;89;0;80;0;
26321;5977409;1016627200;24260608;1118597120;0;0;0;0;0;0;0;0;0;0;0;3045;0;0;89;0;80;0;
26322;3372164;1016627200;24260608;1118597120;0;0;0;0;0;0;0;0;0;0;0;3496;0;0;89;0;80;0;
26323;5523128;1016627200;24260608;1118597120;0;0;0;0;0;0;0;0;0;0;0;3096;0;0;89;0;80;0;
26324;3673068;1016627200;24260608;1118597120;0;0;0;0;0;0;0;0;0;0;0;3727;0;0;89;0;80;0;
26325;4944804;1016627200;24260608;1118597120;0;0;0;0;0;0;0;0;0;0;0;2915;0;0;89;0;80;0;
26326;3897218;1016627200;24260608;1118597120;0;0;0;0;0;0;0;0;0;0;0;3256;0;0;89;0;80;0;
26327;6080734;1022431232;31825920;1126162432;0;0;0;0;0;0;0;0;0;0;0;3407;0;0;89;0;80;0;
26328;3339864;1022431232;31825920;1126162432;0;0;0;0;0;0;0;0;0;0;0;3347;0;0;89;0;80;0;
26329;5374759;1022431232;31825920;1126162432;0;0;0;0;0;0;0;0;0;0;0;2786;0;0;89;0;80;0;
26330;3388575;1022431232;31825920;1126162432;0;0;0;0;0;0;0;0;0;0;0;3216;0;0;89;0;80;0;
26331;6593596;1022431232;31834112;1126170624;0;0;0;0;0;0;0;0;0;0;0;3376;0;0;89;0;80;0;
26332;3287375;1022431232;31834112;1126170624;0;0;0;0;0;0;0;0;0;0;0;3056;0;0;89;0;80;0;
26333;6115428;1022431232;31834112;1126170624;0;0;0;0;0;0;0;0;0;0;0;2625;0;0;89;0;80;0;
26334;3476660;1022431232;31834112;1126170624;0;0;0;0;0;0;0;0;0;0;0;2715;0;0;89;0;80;0;
26335;6068090;1022431232;31834112;1126170624;0;0;0;0;0;0;0;0;0;0;0;2455;0;0;89;0;80;0;
26336;4131799;1016676352;24268800;1118605312;0;0;0;0;0;0;0;0;0;0;0;4077;0;0;89;0;80;0;
26337;5433710;1016676352;24268800;1118605312;0;0;0;0;0;0;0;0;0;0;0;2554;0;0;89;0;80;0;
26338;12382953;1016668160;24260608;1118597120;0;0;0;0;0;0;0;0;0;0;0;2925;0;0;89;0;80;0;
26339;4886444;1016668160;24260608;1118597120;0;0;0;0;0;0;0;0;0;0;0;2585;0;0;89;0;80;0;
26340;4650030;1016668160;24260608;1118597120;0;0;0;0;0;0;0;0;0;0;0;3487;0;0;89;0;80;0;
26341;5184954;1016668160;24260608;1118597120;0;0;0;0;0;0;0;0;0;0;0;2465;0;0;89;0;80;0;
26342;4008938;1016668160;24260608;1118597120;0;0;0;0;0;0;0;0;0;0;0;3396;0;0;89;0;80;0;
26343;5547824;1016668160;24260608;1118597120;0;0;0;0;0;0;0;0;0;0;0;2695;0;0;89;0;80;0;
26344;3592337;1016668160;24260608;1118597120;0;0;0;0;0;0;0;0;0;0;0;3446;0;0;89;0;80;0;
26345;4963278;1016668160;24260608;1118597120;0;0;0;0;0;0;0;0;0;0;0;2815;0;0;89;0;80;0;
26346;2877897;1016668160;24260608;1118597120;0;0;0;0;0;0;0;0;0;0;0;2936;0;0;89;0;80;0;
26347;5278249;1016668160;24260608;1118597120;0;0;0;0;0;0;0;0;0;0;0;2615;0;0;89;0;80;0;
26348;3952192;1016668160;24260608;1118597120;0;0;0;0;0;0;0;0;0;0;0;3657;0;0;89;0;80;0;
26349;5321841;1016668160;24260608;1118597120;0;0;0;0;0;0;0;0;0;0;0;2856;0;0;89;0;80;0;
26350;3180405;1016668160;24260608;1118597120;0;0;0;0;0;0;0;0;0;0;0;3086;0;0;89;0;80;0;
26351;5334144;1016668160;24260608;1118597120;0;0;0;0;0;0;0;0;0;0;0;2555;0;0;89;0;80;0;
26352;4092375;1016668160;24260608;1118597120;0;0;0;0;0;0;0;0;0;0;0;4047;0;0;89;0;80;0;
26353;5099494;1016668160;24260608;1118597120;0;0;0;0;0;0;0;0;0;0;0;2505;0;0;89;0;80;0;
26354;4074441;1016668160;24260608;1118597120;0;0;0;0;0;0;0;0;0;0;0;3166;0;0;89;0;80;0;
26355;5243153;1016668160;24260608;1118597120;0;0;0;0;0;0;0;0;0;0;0;2885;0;0;89;0;80;0;
26356;3058306;1016668160;24260608;1118597120;0;0;0;0;0;0;0;0;0;0;0;2885;0;0;89;0;80;0;
26357;4950003;1016668160;24260608;1118597120;0;0;0;0;0;0;0;0;0;0;0;2485;0;0;89;0;80;0;
26358;2699002;1016668160;24260608;1118597120;0;0;0;0;0;0;0;0;0;0;0;3076;0;0;89;0;80;0;
26359;5284982;1016668160;24260608;1118597120;0;0;0;0;0;0;0;0;0;0;0;2725;0;0;89;0;80;0;
26360;3709777;1016668160;24260608;1118597120;0;0;0;0;0;0;0;0;0;0;0;2925;0;0;89;0;80;0;
26361;5101648;1016668160;24260608;1118597120;0;0;0;0;0;0;0;0;0;0;0;2375;0;0;89;0;80;0;
26362;3270143;1016668160;24260608;1118597120;0;0;0;0;0;0;0;0;0;0;0;3206;0;0;89;0;80;0;
26363;6351511;1016668160;24260608;1118597120;0;0;0;0;0;0;0;0;0;0;0;2725;0;0;89;0;80;0;
26364;3974844;1016668160;24260608;1118597120;0;0;0;0;0;0;0;0;0;0;0;3907;0;0;89;0;80;0;
26365;5111275;1016668160;24260608;1118597120;0;0;0;0;0;0;0;0;0;0;0;2836;0;0;89;0;80;0;
26366;4295506;1016668160;24260608;1118597120;0;0;0;0;0;0;0;0;0;0;0;4208;0;0;89;0;80;0;
26367;5381663;1016668160;24260608;1118597120;0;0;0;0;0;0;0;0;0;0;0;2665;0;0;89;0;80;0;
26368;3781251;1016668160;24260608;1118597120;0;0;0;0;0;0;0;0;0;0;0;3667;0;0;89;0;80;0;
26369;6825460;1016668160;24260608;1118597120;0;0;0;0;0;0;0;0;0;0;0;3066;0;0;89;0;80;0;
26370;4274587;1016668160;24260608;1118597120;0;0;0;0;0;0;0;0;0;0;0;4218;0;0;89;0;80;0;
26371;5425875;1016668160;24260608;1118597120;0;0;0;0;0;0;0;0;0;0;0;3286;0;0;89;0;80;0;
26372;4194055;1016668160;24260608;1118597120;0;0;0;0;0;0;0;0;0;0;0;3917;0;0;89;0;80;0;
26373;6575692;1016668160;24260608;1118597120;0;0;0;0;0;0;0;0;0;0;0;3977;0;0;89;0;80;0;
26374;5900927;1016668160;24260608;1118597120;0;0;0;0;0;0;0;0;0;0;0;4308;0;0;89;0;80;0;
26375;6516110;1016668160;24260608;1118597120;0;0;0;0;0;0;0;0;0;0;0;5711;0;0;89;0;80;0;
26376;7351516;1016668160;24260608;1118597120;0;0;0;0;0;0;0;0;0;0;0;4819;0;0;89;0;80;0;
26377;7076571;1016668160;24260608;1118597120;0;0;0;0;0;0;0;0;0;0;0;5531;0;0;89;0;80;0;
26378;7692286;1016668160;24260608;1118597120;0;0;0;0;0;0;0;0;0;0;0;5110;0;0;89;0;80;0;
26379;8227720;1016668160;24260608;1118597120;0;0;0;0;0;0;0;0;0;0;0;6182;0;0;89;0;80;0;
26380;8102275;1016668160;24260608;1118597120;0;0;0;0;0;0;0;0;0;0;0;4578;0;0;89;0;80;0;
26381;6109548;1016668160;24260608;1118597120;0;0;0;0;0;0;0;0;0;0;0;4318;0;0;89;0;80;0;
26382;4345429;1016668160;24260608;1118597120;0;0;0;0;0;0;0;0;0;0;0;3146;0;0;89;0;80;0;
26383;5880387;1016668160;24260608;1118597120;0;0;0;0;0;0;0;0;0;0;0;3156;0;0;89;0;80;0;
26384;4586271;1016668160;24260608;1118597120;0;0;0;0;0;0;0;0;0;0;0;1994;0;0;89;0;80;0;
26385;5120323;1016668160;24260608;1118597120;0;0;0;0;0;0;0;0;0;0;0;2314;0;0;89;0;80;0;
26386;3754581;1016668160;24260608;1118597120;0;0;0;0;0;0;0;0;0;0;0;3286;0;0;89;0;80;0;
26387;7238114;1016668160;24260608;1118597120;0;0;0;0;0;0;0;0;0;0;0;4619;0;0;89;0;80;0;
26388;4128562;1016668160;24260608;1118597120;0;0;0;0;0;0;0;0;0;0;0;4137;0;0;89;0;80;0;
26389;7353240;1016668160;24260608;1118597120;0;0;0;0;0;0;0;0;0;0;0;3587;0;0;89;0;80;0;
26390;6251343;1016668160;24260608;1118597120;0;0;0;0;0;0;0;0;0;0;0;3828;0;0;89;0;80;0;
26391;5494214;1016668160;24260608;1118597120;0;0;0;0;0;0;0;0;0;0;0;3386;0;0;89;0;80;0;
26392;4985891;1016668160;24260608;1118597120;0;0;0;0;0;0;0;0;0;0;0;3947;0;0;89;0;80;0;
26393;5745666;1016668160;24260608;1118597120;0;0;0;0;0;0;0;0;0;0;0;2935;0;0;89;0;80;0;
26394;6076966;1016668160;24260608;1118597120;0;0;0;0;0;0;0;0;0;0;0;4588;0;0;89;0;80;0;
26395;5776904;1016668160;24260608;1118597120;0;0;0;0;0;0;0;0;0;0;0;3096;0;0;89;0;80;0;
26396;6871687;1016668160;24260608;1118597120;0;0;0;0;0;0;0;0;0;0;0;3817;0;0;89;0;80;0;
26397;5593911;1016668160;24260608;1118597120;0;0;0;0;0;0;0;0;0;0;0;3427;0;0;89;0;80;0;
26398;4697950;1016668160;24260608;1118597120;0;0;0;0;0;0;0;0;0;0;0;3726;0;0;89;0;80;0;
26399;6577776;1016668160;24260608;1118597120;0;0;0;0;0;0;0;0;0;0;0;3807;0;0;89;0;80;0;
26400;3732801;1016668160;24260608;1118597120;0;0;0;0;0;0;0;0;0;0;0;3146;0;0;89;0;80;0;
26401;5561400;1016668160;24260608;1118597120;0;0;0;0;0;0;0;0;0;0;0;3206;0;0;89;0;80;0;
26402;3931894;1016668160;24260608;1118597120;0;0;0;0;0;0;0;0;0;0;0;3576;0;0;89;0;80;0;
26403;5234917;1016668160;24260608;1118597120;0;0;0;0;0;0;0;0;0;0;0;2394;0;0;89;0;80;0;
26404;3194150;1016668160;24260608;1118597120;0;0;0;0;0;0;0;0;0;0;0;2905;0;0;89;0;80;0;
26405;6391526;1016668160;24260608;1118597120;0;0;0;0;0;0;0;0;0;0;0;2695;0;0;89;0;80;0;
26406;4384924;1016668160;24260608;1118597120;0;0;0;0;0;0;0;0;0;0;0;3627;0;0;89;0;80;0;
26407;5789909;1016668160;24260608;1118597120;0;0;0;0;0;0;0;0;0;0;0;3456;0;0;89;0;80;0;
26408;4468961;1016668160;24260608;1118597120;0;0;0;0;0;0;0;0;0;0;0;3757;0;0;89;0;80;0;
26409;6330042;1016668160;24260608;1118597120;0;0;0;0;0;0;0;0;0;0;0;3547;0;0;89;0;80;0;
26410;5915383;1016668160;24260608;1118597120;0;0;0;0;0;0;0;0;0;0;0;3687;0;0;89;0;80;0;
26411;5612115;1016668160;24260608;1118597120;0;0;0;0;0;0;0;0;0;0;0;3757;0;0;89;0;80;0;
26412;4851699;1016668160;24260608;1118597120;0;0;0;0;0;0;0;0;0;0;0;5059;0;0;89;0;80;0;
26413;5962683;1016668160;24260608;1118597120;0;0;0;0;0;0;0;0;0;0;0;4028;0;0;89;0;80;0;
26414;6214234;1016668160;24260608;1118597120;0;0;0;0;0;0;0;0;0;0;0;2996;0;0;89;0;80;0;
26415;5165908;1016668160;24260608;1118597120;0;0;0;0;0;0;0;0;0;0;0;3757;0;0;89;0;80;0;
26416;3715688;1016668160;24260608;1118597120;0;0;0;0;0;0;0;0;0;0;0;2795;0;0;89;0;80;0;
26417;4924125;1016668160;24260608;1118597120;0;0;0;0;0;0;0;0;0;0;0;2485;0;0;89;0;80;0;
26418;4095070;1016668160;24260608;1118597120;0;0;0;0;0;0;0;0;0;0;0;3066;0;0;89;0;80;0;
26419;5098201;1016668160;24260608;1118597120;0;0;0;0;0;0;0;0;0;0;0;2225;0;0;89;0;80;0;
26420;6342946;1016668160;24260608;1118597120;0;0;0;0;0;0;0;0;0;0;0;4738;0;0;89;0;80;0;
26421;7344313;1022472192;31825920;1126162432;0;0;0;0;0;0;0;0;0;0;0;4349;0;0;89;0;80;0;
26422;6154091;1022472192;31825920;1126162432;0;0;0;0;0;0;0;0;0;0;0;4368;0;0;89;0;80;0;
26423;5757898;1022472192;31825920;1126162432;0;0;0;0;0;0;0;0;0;0;0;3296;0;0;89;0;80;0;
26424;5977270;1022472192;31825920;1126162432;0;0;0;0;0;0;0;0;0;0;0;3907;0;0;89;0;80;0;
26425;6111561;1022472192;31834112;1126170624;0;0;0;0;0;0;0;0;0;0;0;3868;0;0;89;0;80;0;
26426;5107789;1022472192;31834112;1126170624;0;0;0;0;0;0;0;0;0;0;0;3246;0;0;89;0;80;0;
26427;5132285;1022472192;31834112;1126170624;0;0;0;0;0;0;0;0;0;0;0;3276;0;0;89;0;80;0;
26428;4419087;1022472192;31834112;1126170624;0;0;0;0;0;0;0;0;0;0;0;4309;0;0;89;0;80;0;
26429;5591396;1022472192;31834112;1126170624;0;0;0;0;0;0;0;0;0;0;0;3146;0;0;89;0;80;0;
26430;4014639;1016709120;24268800;1118605312;0;0;0;0;0;0;0;0;0;0;0;3165;0;0;89;0;80;0;
26431;5052395;1016709120;24268800;1118605312;0;0;0;0;0;0;0;0;0;0;0;2385;0;0;89;0;80;0;
26432;2972735;1016700928;24260608;1118597120;0;0;0;0;0;0;0;0;0;0;0;2805;0;0;89;0;80;0;
26433;6424909;1016700928;24260608;1118597120;0;0;0;0;0;0;0;0;0;0;0;3126;0;0;89;0;80;0;
26434;3605511;1016700928;24260608;1118597120;0;0;0;0;0;0;0;0;0;0;0;4188;0;0;89;0;80;0;
26435;6005263;1016700928;24260608;1118597120;0;0;0;0;0;0;0;0;0;0;0;4027;0;0;89;0;80;0;
26436;5703566;1016700928;24260608;1118597120;0;0;0;0;0;0;0;0;0;0;0;3828;0;0;89;0;80;0;
26437;6053382;1016700928;24260608;1118597120;0;0;0;0;0;0;0;0;0;0;0;3577;0;0;89;0;80;0;
26438;4827935;1016700928;24260608;1118597120;0;0;0;0;0;0;0;0;0;0;0;3657;0;0;89;0;80;0;
26439;5811468;1016700928;24260608;1118597120;0;0;0;0;0;0;0;0;0;0;0;10971;0;0;89;0;80;0;
26440;4351801;1016700928;24260608;1118597120;0;0;0;0;0;0;0;0;0;0;0;4068;0;0;89;0;80;0;
26441;5512889;1016700928;24260608;1118597120;0;0;0;0;0;0;0;0;0;0;0;4588;0;0;89;0;80;0;
26442;4684155;1016700928;24260608;1118597120;0;0;0;0;0;0;0;0;0;0;0;3797;0;0;89;0;80;0;
26443;6031121;1016700928;24260608;1118597120;0;0;0;0;0;0;0;0;0;0;0;3677;0;0;89;0;80;0;
26444;4089981;1016700928;24260608;1118597120;0;0;0;0;0;0;0;0;0;0;0;3656;0;0;89;0;80;0;
26445;5502809;1016700928;24260608;1118597120;0;0;0;0;0;0;0;0;0;0;0;3527;0;0;89;0;80;0;
26446;3683979;1016700928;24260608;1118597120;0;0;0;0;0;0;0;0;0;0;0;3326;0;0;89;0;80;0;
26447;5103621;1016700928;24260608;1118597120;0;0;0;0;0;0;0;0;0;0;0;3236;0;0;89;0;80;0;
26448;4379723;1016700928;24260608;1118597120;0;0;0;0;0;0;0;0;0;0;0;4368;0;0;89;0;80;0;
26449;6947499;1016700928;24260608;1118597120;0;0;0;0;0;0;0;0;0;0;0;4428;0;0;89;0;80;0;
26450;4410431;1016700928;24260608;1118597120;0;0;0;0;0;0;0;0;0;0;0;3897;0;0;89;0;80;0;
26451;6149663;1016700928;24260608;1118597120;0;0;0;0;0;0;0;0;0;0;0;3487;0;0;89;0;80;0;
26452;3029111;1016700928;24260608;1118597120;0;0;0;0;0;0;0;0;0;0;0;2896;0;0;89;0;80;0;
26453;5337861;1016700928;24260608;1118597120;0;0;0;0;0;0;0;0;0;0;0;3416;0;0;89;0;80;0;
26454;3485597;1016700928;24260608;1118597120;0;0;0;0;0;0;0;0;0;0;0;3807;0;0;89;0;80;0;
26455;5844180;1016700928;24260608;1118597120;0;0;0;0;0;0;0;0;0;0;0;3797;0;0;89;0;80;0;
26456;4911661;1016700928;24260608;1118597120;0;0;0;0;0;0;0;0;0;0;0;4228;0;0;89;0;80;0;
26457;5848898;1016700928;24260608;1118597120;0;0;0;0;0;0;0;0;0;0;0;3617;0;0;89;0;80;0;
26458;3738822;1016700928;24260608;1118597120;0;0;0;0;0;0;0;0;0;0;0;3807;0;0;89;0;80;0;
26459;5817531;1016700928;24260608;1118597120;0;0;0;0;0;0;0;0;0;0;0;3276;0;0;89;0;80;0;
26460;3633314;1016700928;24260608;1118597120;0;0;0;0;0;0;0;0;0;0;0;2886;0;0;89;0;80;0;
26461;4973417;1016700928;24260608;1118597120;0;0;0;0;0;0;0;0;0;0;0;2665;0;0;89;0;80;0;
26462;4849705;1016700928;24260608;1118597120;0;0;0;0;0;0;0;0;0;0;0;3106;0;0;89;0;80;0;
26463;6144614;1016700928;24260608;1118597120;0;0;0;0;0;0;0;0;0;0;0;3366;0;0;89;0;80;0;
26464;3360803;1016700928;24260608;1118597120;0;0;0;0;0;0;0;0;0;0;0;3156;0;0;89;0;80;0;
26465;4778953;1016700928;24260608;1118597120;0;0;0;0;0;0;0;0;0;0;0;2665;0;0;89;0;80;0;
26466;4294584;1016700928;24260608;1118597120;0;0;0;0;0;0;0;0;0;0;0;4348;0;0;89;0;80;0;
26467;5488372;1016700928;24260608;1118597120;0;0;0;0;0;0;0;0;0;0;0;4098;0;0;89;0;80;0;
26468;4972856;1016700928;24260608;1118597120;0;0;0;0;0;0;0;0;0;0;0;3647;0;0;89;0;80;0;
26469;6605217;1016700928;24260608;1118597120;0;0;0;0;0;0;0;0;0;0;0;3316;0;0;89;0;80;0;
26470;5434752;1016700928;24260608;1118597120;0;0;0;0;0;0;0;0;0;0;0;3757;0;0;89;0;80;0;
26471;5663872;1016700928;24260608;1118597120;0;0;0;0;0;0;0;0;0;0;0;4628;0;0;89;0;80;0;
26472;4561865;1016700928;24260608;1118597120;0;0;0;0;0;0;0;0;0;0;0;3837;0;0;89;0;80;0;
26473;5831226;1016700928;24260608;1118597120;0;0;0;0;0;0;0;0;0;0;0;4168;0;0;89;0;80;0;
26474;4792638;1016700928;24260608;1118597120;0;0;0;0;0;0;0;0;0;0;0;5250;0;0;89;0;80;0;
26475;5792362;1016700928;24260608;1118597120;0;0;0;0;0;0;0;0;0;0;0;3918;0;0;89;0;80;0;
26476;4274867;1016700928;24260608;1118597120;0;0;0;0;0;0;0;0;0;0;0;4268;0;0;89;0;80;0;
26477;5823521;1016700928;24260608;1118597120;0;0;0;0;0;0;0;0;0;0;0;2776;0;0;89;0;80;0;
26478;4175781;1016700928;24260608;1118597120;0;0;0;0;0;0;0;0;0;0;0;3146;0;0;89;0;80;0;
26479;5172490;1016700928;24260608;1118597120;0;0;0;0;0;0;0;0;0;0;0;1753;0;0;89;0;80;0;
26480;2890521;1016700928;24260608;1118597120;0;0;0;0;0;0;0;0;0;0;0;3076;0;0;89;0;80;0;
26481;5329565;1016700928;24260608;1118597120;0;0;0;0;0;0;0;0;0;0;0;2615;0;0;89;0;80;0;
26482;4864132;1016700928;24260608;1118597120;0;0;0;0;0;0;0;0;0;0;0;4339;0;0;89;0;80;0;
26483;6749268;1016700928;24260608;1118597120;0;0;0;0;0;0;0;0;0;0;0;4369;0;0;89;0;80;0;
26484;4284205;1016700928;24260608;1118597120;0;0;0;0;0;0;0;0;0;0;0;4589;0;0;89;0;80;0;
26485;6448183;1016700928;24260608;1118597120;0;0;0;0;0;0;0;0;0;0;0;3917;0;0;89;0;80;0;
26486;5820906;1016700928;24260608;1118597120;0;0;0;0;0;0;0;0;0;0;0;3336;0;0;89;0;80;0;
26487;5866612;1016700928;24260608;1118597120;0;0;0;0;0;0;0;0;0;0;0;3516;0;0;89;0;80;0;
26488;5313805;1016700928;24260608;1118597120;0;0;0;0;0;0;0;0;0;0;0;4368;0;0;89;0;80;0;
26489;5534238;1016700928;24260608;1118597120;0;0;0;0;0;0;0;0;0;0;0;3437;0;0;89;0;80;0;
26490;5583912;1016700928;24260608;1118597120;0;0;0;0;0;0;0;0;0;0;0;3827;0;0;89;0;80;0;
26491;5653954;1016700928;24260608;1118597120;0;0;0;0;0;0;0;0;0;0;0;3506;0;0;89;0;80;0;
26492;3162902;1016700928;24260608;1118597120;0;0;0;0;0;0;0;0;0;0;0;2905;0;0;89;0;80;0;
26493;5353911;1016700928;24260608;1118597120;0;0;0;0;0;0;0;0;0;0;0;2986;0;0;89;0;80;0;
26494;2389762;1016700928;24260608;1118597120;0;0;0;0;0;0;0;0;0;0;0;3236;0;0;89;0;80;0;
26495;5524069;1016700928;24260608;1118597120;0;0;0;0;0;0;0;0;0;0;0;2915;0;0;89;0;80;0;
26496;2838994;1016700928;24260608;1118597120;0;0;0;0;0;0;0;0;0;0;0;3557;0;0;89;0;80;0;
26497;4743637;1016700928;24260608;1118597120;0;0;0;0;0;0;0;0;0;0;0;2124;0;0;89;0;80;0;
26498;3548875;1016700928;24260608;1118597120;0;0;0;0;0;0;0;0;0;0;0;2515;0;0;89;0;80;0;
26499;5187769;1016700928;24260608;1118597120;0;0;0;0;0;0;0;0;0;0;0;2355;0;0;89;0;80;0;
26500;2799340;1016700928;24260608;1118597120;0;0;0;0;0;0;0;0;0;0;0;2905;0;0;89;0;80;0;
26501;5169074;1016700928;24260608;1118597120;0;0;0;0;0;0;0;0;0;0;0;2725;0;0;89;0;80;0;
26502;2855725;1016700928;24260608;1118597120;0;0;0;0;0;0;0;0;0;0;0;3216;0;0;89;0;80;0;
26503;5492912;1016700928;24260608;1118597120;0;0;0;0;0;0;0;0;0;0;0;2455;0;0;89;0;80;0;
26504;3015064;1016700928;24260608;1118597120;0;0;0;0;0;0;0;0;0;0;0;3126;0;0;89;0;80;0;
26505;5155439;1016700928;24260608;1118597120;0;0;0;0;0;0;0;0;0;0;0;2204;0;0;89;0;80;0;
26506;2407395;1016700928;24260608;1118597120;0;0;0;0;0;0;0;0;0;0;0;2274;0;0;89;0;80;0;
26507;5835994;1016700928;24260608;1118597120;0;0;0;0;0;0;0;0;0;0;0;3026;0;0;89;0;80;0;
26508;3930952;1016700928;24260608;1118597120;0;0;0;0;0;0;0;0;0;0;0;2745;0;0;89;0;80;0;
26509;4972846;1016700928;24260608;1118597120;0;0;0;0;0;0;0;0;0;0;0;3186;0;0;89;0;80;0;
26510;3106065;1016700928;24260608;1118597120;0;0;0;0;0;0;0;0;0;0;0;2605;0;0;89;0;80;0;
26511;5392102;1016700928;24260608;1118597120;0;0;0;0;0;0;0;0;0;0;0;2384;0;0;89;0;80;0;
26512;2894128;1016700928;24260608;1118597120;0;0;0;0;0;0;0;0;0;0;0;2846;0;0;89;0;80;0;
26513;4809620;1016700928;24260608;1118597120;0;0;0;0;0;0;0;0;0;0;0;2514;0;0;89;0;80;0;
26514;2767039;1016700928;24260608;1118597120;0;0;0;0;0;0;0;0;0;0;0;3015;0;0;89;0;80;0;
26515;5716901;1022504960;31825920;1126162432;0;0;0;0;0;0;0;0;0;0;0;2685;0;0;89;0;80;0;
26516;3230518;1022504960;31825920;1126162432;0;0;0;0;0;0;0;0;0;0;0;2524;0;0;89;0;80;0;
26517;4895371;1022504960;31825920;1126162432;0;0;0;0;0;0;0;0;0;0;0;2675;0;0;89;0;80;0;
26518;5641259;1022504960;31825920;1126162432;0;0;0;0;0;0;0;0;0;0;0;4288;0;0;89;0;80;0;
26519;5419514;1022504960;31825920;1126162432;0;0;0;0;0;0;0;0;0;0;0;3707;0;0;89;0;80;0;
26520;5728834;1022504960;31825920;1126162432;0;0;0;0;0;0;0;0;0;0;0;3967;0;0;89;0;80;0;
26521;5419503;1022504960;31825920;1126162432;0;0;0;0;0;0;0;0;0;0;0;3046;0;0;89;0;80;0;
26522;5785710;1022504960;31825920;1126162432;0;0;0;0;0;0;0;0;0;0;0;3828;0;0;89;0;80;0;
26523;4909728;1022504960;31825920;1126162432;0;0;0;0;0;0;0;0;0;0;0;3296;0;0;89;0;80;0;
26524;5486059;1016733696;24260608;1118597120;0;0;0;0;0;0;0;0;0;0;0;2906;0;0;89;0;80;0;
26525;5211604;1016733696;24260608;1118597120;0;0;0;0;0;0;0;0;0;0;0;2284;0;0;89;0;80;0;
26526;2985048;1016733696;24260608;1118597120;0;0;0;0;0;0;0;0;0;0;0;3286;0;0;89;0;80;0;
26527;4711035;1016733696;24260608;1118597120;0;0;0;0;0;0;0;0;0;0;0;2435;0;0;89;0;80;0;
26528;5757557;1016733696;24260608;1118597120;0;0;0;0;0;0;0;0;0;0;0;3636;0;0;89;0;80;0;
26529;5388185;1016733696;24260608;1118597120;0;0;0;0;0;0;0;0;0;0;0;3176;0;0;89;0;80;0;
26530;4837232;1016733696;24260608;1118597120;0;0;0;0;0;0;0;0;0;0;0;4138;0;0;89;0;80;0;
26531;5182740;1016733696;24260608;1118597120;0;0;0;0;0;0;0;0;0;0;0;2965;0;0;89;0;80;0;
26532;5712553;1016733696;24260608;1118597120;0;0;0;0;0;0;0;0;0;0;0;3556;0;0;89;0;80;0;
26533;5307163;1016733696;24260608;1118597120;0;0;0;0;0;0;0;0;0;0;0;3447;0;0;89;0;80;0;
26534;11496931;1016733696;24260608;1118597120;0;0;0;0;0;0;0;0;0;0;0;5280;0;0;89;0;80;0;
26535;5989652;1016733696;24260608;1118597120;0;0;0;0;0;0;0;0;0;0;0;4227;0;0;89;0;80;0;
26536;6517082;1016733696;24260608;1118597120;0;0;0;0;0;0;0;0;0;0;0;3527;0;0;89;0;80;0;
26537;6472989;1016733696;24260608;1118597120;0;0;0;0;0;0;0;0;0;0;0;3757;0;0;89;0;80;0;
26538;3786531;1016733696;24260608;1118597120;0;0;0;0;0;0;0;0;0;0;0;3818;0;0;89;0;80;0;
26539;6366220;1016733696;24260608;1118597120;0;0;0;0;0;0;0;0;0;0;0;4849;0;0;89;0;80;0;
26540;3663290;1016733696;24260608;1118597120;0;0;0;0;0;0;0;0;0;0;0;3046;0;0;89;0;80;0;
26541;5354893;1016733696;24260608;1118597120;0;0;0;0;0;0;0;0;0;0;0;2905;0;0;89;0;80;0;
26542;3285081;1016733696;24260608;1118597120;0;0;0;0;0;0;0;0;0;0;0;2534;0;0;89;0;80;0;
26543;5744533;1016733696;24260608;1118597120;0;0;0;0;0;0;0;0;0;0;0;2915;0;0;89;0;80;0;
26544;3767015;1016733696;24260608;1118597120;0;0;0;0;0;0;0;0;0;0;0;3917;0;0;89;0;80;0;
26545;5201344;1016733696;24260608;1118597120;0;0;0;0;0;0;0;0;0;0;0;3817;0;0;89;0;80;0;
26546;4333066;1016733696;24260608;1118597120;0;0;0;0;0;0;0;0;0;0;0;3507;0;0;89;0;80;0;
26547;5773898;1016733696;24260608;1118597120;0;0;0;0;0;0;0;0;0;0;0;3536;0;0;89;0;80;0;
26548;3624668;1016733696;24260608;1118597120;0;0;0;0;0;0;0;0;0;0;0;3597;0;0;89;0;80;0;
26549;5758049;1016733696;24260608;1118597120;0;0;0;0;0;0;0;0;0;0;0;2996;0;0;89;0;80;0;
26550;4899889;1016733696;24260608;1118597120;0;0;0;0;0;0;0;0;0;0;0;3647;0;0;89;0;80;0;
26551;4963068;1016733696;24260608;1118597120;0;0;0;0;0;0;0;0;0;0;0;3537;0;0;89;0;80;0;
26552;4939414;1016733696;24260608;1118597120;0;0;0;0;0;0;0;0;0;0;0;4018;0;0;89;0;80;0;
26553;5954006;1016733696;24260608;1118597120;0;0;0;0;0;0;0;0;0;0;0;2705;0;0;89;0;80;0;
26554;4819278;1016733696;24260608;1118597120;0;0;0;0;0;0;0;0;0;0;0;3857;0;0;89;0;80;0;
26555;5465570;1016733696;24260608;1118597120;0;0;0;0;0;0;0;0;0;0;0;3807;0;0;89;0;80;0;
26556;4886444;1016733696;24260608;1118597120;0;0;0;0;0;0;0;0;0;0;0;2715;0;0;89;0;80;0;
26557;4863691;1016733696;24260608;1118597120;0;0;0;0;0;0;0;0;0;0;0;2304;0;0;89;0;80;0;
26558;2958178;1016733696;24260608;1118597120;0;0;0;0;0;0;0;0;0;0;0;3557;0;0;89;0;80;0;
26559;5249324;1016733696;24260608;1118597120;0;0;0;0;0;0;0;0;0;0;0;2815;0;0;89;0;80;0;
26560;2786927;1016733696;24260608;1118597120;0;0;0;0;0;0;0;0;0;0;0;3317;0;0;89;0;80;0;
26561;5532626;1016733696;24260608;1118597120;0;0;0;0;0;0;0;0;0;0;0;2425;0;0;89;0;80;0;
26562;2603823;1016733696;24260608;1118597120;0;0;0;0;0;0;0;0;0;0;0;2965;0;0;89;0;80;0;
26563;4757251;1016733696;24260608;1118597120;0;0;0;0;0;0;0;0;0;0;0;2335;0;0;89;0;80;0;
26564;4116760;1016733696;24260608;1118597120;0;0;0;0;0;0;0;0;0;0;0;3216;0;0;89;0;80;0;
26565;5640097;1016733696;24260608;1118597120;0;0;0;0;0;0;0;0;0;0;0;3206;0;0;89;0;80;0;
26566;3584782;1016733696;24260608;1118597120;0;0;0;0;0;0;0;0;0;0;0;3677;0;0;89;0;80;0;
26567;5144388;1016733696;24260608;1118597120;0;0;0;0;0;0;0;0;0;0;0;3256;0;0;89;0;80;0;
26568;4637056;1016733696;24260608;1118597120;0;0;0;0;0;0;0;0;0;0;0;3587;0;0;89;0;80;0;
26569;5046013;1016733696;24260608;1118597120;0;0;0;0;0;0;0;0;0;0;0;3256;0;0;89;0;80;0;
26570;3705549;1016733696;24260608;1118597120;0;0;0;0;0;0;0;0;0;0;0;3807;0;0;89;0;80;0;
26571;5975065;1016733696;24260608;1118597120;0;0;0;0;0;0;0;0;0;0;0;3427;0;0;89;0;80;0;
26572;4124335;1016733696;24260608;1118597120;0;0;0;0;0;0;0;0;0;0;0;3347;0;0;89;0;80;0;
26573;5720147;1016733696;24260608;1118597120;0;0;0;0;0;0;0;0;0;0;0;3747;0;0;89;0;80;0;
26574;4257855;1016733696;24260608;1118597120;0;0;0;0;0;0;0;0;0;0;0;4008;0;0;89;0;80;0;
26575;5924251;1016733696;24260608;1118597120;0;0;0;0;0;0;0;0;0;0;0;3868;0;0;89;0;80;0;
26576;3820936;1016733696;24260608;1118597120;0;0;0;0;0;0;0;0;0;0;0;3697;0;0;89;0;80;0;
26577;6043043;1016733696;24260608;1118597120;0;0;0;0;0;0;0;0;0;0;0;4408;0;0;89;0;80;0;
26578;5097941;1016733696;24260608;1118597120;0;0;0;0;0;0;0;0;0;0;0;4639;0;0;89;0;80;0;
26579;6025991;1016733696;24260608;1118597120;0;0;0;0;0;0;0;0;0;0;0;4088;0;0;89;0;80;0;
26580;2805111;1016733696;24260608;1118597120;0;0;0;0;0;0;0;0;0;0;0;3777;0;0;89;0;80;0;
26581;5996295;1016733696;24260608;1118597120;0;0;0;0;0;0;0;0;0;0;0;2855;0;0;89;0;80;0;
26582;2886653;1016733696;24260608;1118597120;0;0;0;0;0;0;0;0;0;0;0;3647;0;0;89;0;80;0;
26583;5478324;1016733696;24260608;1118597120;0;0;0;0;0;0;0;0;0;0;0;2615;0;0;89;0;80;0;
26584;3799526;1016733696;24260608;1118597120;0;0;0;0;0;0;0;0;0;0;0;3256;0;0;89;0;80;0;
26585;5646519;1016733696;24260608;1118597120;0;0;0;0;0;0;0;0;0;0;0;2875;0;0;89;0;80;0;
26586;4158408;1016733696;24260608;1118597120;0;0;0;0;0;0;0;0;0;0;0;3156;0;0;89;0;80;0;
26587;6158980;1016733696;24260608;1118597120;0;0;0;0;0;0;0;0;0;0;0;2856;0;0;89;0;80;0;
26588;4645071;1016733696;24260608;1118597120;0;0;0;0;0;0;0;0;0;0;0;3437;0;0;89;0;80;0;
26589;5903121;1016733696;24260608;1118597120;0;0;0;0;0;0;0;0;0;0;0;2715;0;0;89;0;80;0;
26590;4988926;1016733696;24260608;1118597120;0;0;0;0;0;0;0;0;0;0;0;3707;0;0;89;0;80;0;
26591;5772285;1016733696;24260608;1118597120;0;0;0;0;0;0;0;0;0;0;0;3657;0;0;89;0;80;0;
26592;4365457;1016733696;24260608;1118597120;0;0;0;0;0;0;0;0;0;0;0;3697;0;0;89;0;80;0;
26593;5344343;1016733696;24260608;1118597120;0;0;0;0;0;0;0;0;0;0;0;3417;0;0;89;0;80;0;
26594;3940049;1016733696;24260608;1118597120;0;0;0;0;0;0;0;0;0;0;0;4168;0;0;89;0;80;0;
26595;5692836;1016733696;24260608;1118597120;0;0;0;0;0;0;0;0;0;0;0;3126;0;0;89;0;80;0;
26596;4445577;1016733696;24260608;1118597120;0;0;0;0;0;0;0;0;0;0;0;3587;0;0;89;0;80;0;
26597;5861572;1016733696;24260608;1118597120;0;0;0;0;0;0;0;0;0;0;0;3056;0;0;89;0;80;0;
26598;5146371;1016733696;24260608;1118597120;0;0;0;0;0;0;0;0;0;0;0;3918;0;0;89;0;80;0;
26599;5186166;1016733696;24260608;1118597120;0;0;0;0;0;0;0;0;0;0;0;3717;0;0;89;0;80;0;
26600;4851669;1016733696;24260608;1118597120;0;0;0;0;0;0;0;0;0;0;0;3506;0;0;89;0;80;0;
26601;6247817;1016733696;24260608;1118597120;0;0;0;0;0;0;0;0;0;0;0;3096;0;0;89;0;80;0;
26602;3782904;1016733696;24260608;1118597120;0;0;0;0;0;0;0;0;0;0;0;3006;0;0;89;0;80;0;
26603;5600063;1016733696;24260608;1118597120;0;0;0;0;0;0;0;0;0;0;0;2454;0;0;89;0;80;0;
26604;4072888;1016733696;24260608;1118597120;0;0;0;0;0;0;0;0;0;0;0;3036;0;0;89;0;80;0;
26605;4686489;1016733696;24260608;1118597120;0;0;0;0;0;0;0;0;0;0;0;2635;0;0;89;0;80;0;
26606;2799821;1016733696;24260608;1118597120;0;0;0;0;0;0;0;0;0;0;0;3336;0;0;89;0;80;0;
26607;4998304;1016733696;24260608;1118597120;0;0;0;0;0;0;0;0;0;0;0;2965;0;0;89;0;80;0;
26608;3052255;1016733696;24260608;1118597120;0;0;0;0;0;0;0;0;0;0;0;3016;0;0;89;0;80;0;
26609;6496343;1016733696;24260608;1118597120;0;0;0;0;0;0;0;0;0;0;0;3336;0;0;89;0;80;0;
26610;2641705;1016733696;24260608;1118597120;0;0;0;0;0;0;0;0;0;0;0;2725;0;0;89;0;80;0;
26611;4908294;1016733696;24260608;1118597120;0;0;0;0;0;0;0;0;0;0;0;2535;0;0;89;0;80;0;
26612;3533898;1016733696;24260608;1118597120;0;0;0;0;0;0;0;0;0;0;0;2455;0;0;89;0;80;0;
26613;5874427;1016733696;24260608;1118597120;0;0;0;0;0;0;0;0;0;0;0;2535;0;0;89;0;80;0;
26614;3088632;1016733696;24260608;1118597120;0;0;0;0;0;0;0;0;0;0;0;3196;0;0;89;0;80;0;
26615;5041184;1016733696;24260608;1118597120;0;0;0;0;0;0;0;0;0;0;0;2675;0;0;89;0;80;0;
26616;4792207;1016733696;24260608;1118597120;0;0;0;0;0;0;0;0;0;0;0;3517;0;0;89;0;80;0;
26617;6311216;1016733696;24260608;1118597120;0;0;0;0;0;0;0;0;0;0;0;2594;0;0;89;0;80;0;
26618;4094279;1016733696;24260608;1118597120;0;0;0;0;0;0;0;0;0;0;0;3276;0;0;89;0;80;0;
26619;5614970;1016733696;24260608;1118597120;0;0;0;0;0;0;0;0;0;0;0;2755;0;0;89;0;80;0;
26620;4813077;1016733696;24260608;1118597120;0;0;0;0;0;0;0;0;0;0;0;4298;0;0;89;0;80;0;
26621;5142614;1016733696;24260608;1118597120;0;0;0;0;0;0;0;0;0;0;0;3006;0;0;89;0;80;0;
26622;4151556;1016733696;24260608;1118597120;0;0;0;0;0;0;0;0;0;0;0;3377;0;0;89;0;80;0;
26623;5589573;1016733696;24260608;1118597120;0;0;0;0;0;0;0;0;0;0;0;3035;0;0;89;0;80;0;
26624;4475483;1016733696;24260608;1118597120;0;0;0;0;0;0;0;0;0;0;0;2936;0;0;89;0;80;0;
26625;5870729;1016733696;24260608;1118597120;0;0;0;0;0;0;0;0;0;0;0;2956;0;0;89;0;80;0;
26626;5356045;1016733696;24260608;1118597120;0;0;0;0;0;0;0;0;0;0;0;3857;0;0;89;0;80;0;
26627;5678639;1016733696;24260608;1118597120;0;0;0;0;0;0;0;0;0;0;0;3426;0;0;89;0;80;0;
26628;4746051;1016733696;24260608;1118597120;0;0;0;0;0;0;0;0;0;0;0;3506;0;0;89;0;80;0;
26629;6452581;1016733696;24268800;1118605312;0;0;0;0;0;0;0;0;0;0;0;3396;0;0;89;0;80;0;
26630;3683408;1016733696;24268800;1118605312;0;0;0;0;0;0;0;0;0;0;0;3707;0;0;89;0;80;0;
26631;4897645;1016733696;24268800;1118605312;0;0;0;0;0;0;0;0;0;0;0;2785;0;0;89;0;80;0;
26632;4913545;1016733696;24268800;1118605312;0;0;0;0;0;0;0;0;0;0;0;3527;0;0;89;0;80;0;
26633;6397267;1022537728;31834112;1126170624;0;0;0;0;0;0;0;0;0;0;0;3687;0;0;89;0;80;0;
26634;4773563;1022537728;31834112;1126170624;0;0;0;0;0;0;0;0;0;0;0;3446;0;0;89;0;80;0;
26635;5081440;1022537728;31834112;1126170624;0;0;0;0;0;0;0;0;0;0;0;3287;0;0;89;0;80;0;
26636;5730918;1022668800;31825920;1126162432;0;0;0;0;0;0;0;0;0;0;0;4218;0;0;89;0;80;0;
26637;6151236;1022668800;31825920;1126162432;0;0;0;0;0;0;0;0;0;0;0;2925;0;0;89;0;80;0;
26638;4566875;1022668800;31825920;1126162432;0;0;0;0;0;0;0;0;0;0;0;3276;0;0;89;0;80;0;
26639;6132451;1022668800;31825920;1126162432;0;0;0;0;0;0;0;0;0;0;0;3366;0;0;89;0;80;0;
26640;3321789;1022668800;31825920;1126162432;0;0;0;0;0;0;0;0;0;0;0;2885;0;0;89;0;80;0;
26641;5117608;1022668800;31825920;1126162432;0;0;0;0;0;0;0;0;0;0;0;2885;0;0;89;0;80;0;
26642;4415441;1016774656;24260608;1118597120;0;0;0;0;0;0;0;0;0;0;0;3256;0;0;89;0;80;0;
26643;5455962;1016774656;24260608;1118597120;0;0;0;0;0;0;0;0;0;0;0;2675;0;0;89;0;80;0;
26644;3329935;1016774656;24260608;1118597120;0;0;0;0;0;0;0;0;0;0;0;2945;0;0;89;0;80;0;
26645;5231150;1016774656;24260608;1118597120;0;0;0;0;0;0;0;0;0;0;0;2414;0;0;89;0;80;0;
26646;4209304;1016774656;24260608;1118597120;0;0;0;0;0;0;0;0;0;0;0;2915;0;0;89;0;80;0;
26647;5513359;1016774656;24260608;1118597120;0;0;0;0;0;0;0;0;0;0;0;2685;0;0;89;0;80;0;
26648;4237537;1016774656;24260608;1118597120;0;0;0;0;0;0;0;0;0;0;0;3968;0;0;89;0;80;0;
26649;5405608;1016774656;24260608;1118597120;0;0;0;0;0;0;0;0;0;0;0;2435;0;0;89;0;80;0;
26650;4186711;1016774656;24260608;1118597120;0;0;0;0;0;0;0;0;0;0;0;3095;0;0;89;0;80;0;
26651;4760768;1016774656;24260608;1118597120;0;0;0;0;0;0;0;0;0;0;0;2905;0;0;89;0;80;0;
26652;3794175;1016774656;24260608;1118597120;0;0;0;0;0;0;0;0;0;0;0;3076;0;0;89;0;80;0;
26653;5168583;1016774656;24260608;1118597120;0;0;0;0;0;0;0;0;0;0;0;2635;0;0;89;0;80;0;
26654;3917747;1016774656;24260608;1118597120;0;0;0;0;0;0;0;0;0;0;0;3096;0;0;89;0;80;0;
26655;5252861;1016774656;24260608;1118597120;0;0;0;0;0;0;0;0;0;0;0;3486;0;0;89;0;80;0;
26656;3995212;1016774656;24260608;1118597120;0;0;0;0;0;0;0;0;0;0;0;3337;0;0;89;0;80;0;
26657;5955118;1016774656;24260608;1118597120;0;0;0;0;0;0;0;0;0;0;0;3386;0;0;89;0;80;0;
26658;3923949;1016774656;24260608;1118597120;0;0;0;0;0;0;0;0;0;0;0;3266;0;0;89;0;80;0;
26659;4972415;1016774656;24260608;1118597120;0;0;0;0;0;0;0;0;0;0;0;2946;0;0;89;0;80;0;
26660;3765612;1016774656;24260608;1118597120;0;0;0;0;0;0;0;0;0;0;0;3196;0;0;89;0;80;0;
26661;5968042;1016774656;24260608;1118597120;0;0;0;0;0;0;0;0;0;0;0;2986;0;0;89;0;80;0;
26662;3838899;1016774656;24260608;1118597120;0;0;0;0;0;0;0;0;0;0;0;3056;0;0;89;0;80;0;
26663;6133041;1016774656;24260608;1118597120;0;0;0;0;0;0;0;0;0;0;0;2836;0;0;89;0;80;0;
26664;5536202;1016774656;24260608;1118597120;0;0;0;0;0;0;0;0;0;0;0;3326;0;0;89;0;80;0;
26665;6132431;1016774656;24260608;1118597120;0;0;0;0;0;0;0;0;0;0;0;3126;0;0;89;0;80;0;
26666;4307468;1016774656;24260608;1118597120;0;0;0;0;0;0;0;0;0;0;0;3447;0;0;89;0;80;0;
26667;6278274;1016774656;24260608;1118597120;0;0;0;0;0;0;0;0;0;0;0;3006;0;0;89;0;80;0;
26668;3827919;1016774656;24260608;1118597120;0;0;0;0;0;0;0;0;0;0;0;3476;0;0;89;0;80;0;
26669;7233585;1016774656;24260608;1118597120;0;0;0;0;0;0;0;0;0;0;0;4087;0;0;89;0;80;0;
26670;4148851;1016774656;24260608;1118597120;0;0;0;0;0;0;0;0;0;0;0;2755;0;0;89;0;80;0;
26671;6548892;1016774656;24260608;1118597120;0;0;0;0;0;0;0;0;0;0;0;3036;0;0;89;0;80;0;
26672;4605487;1016774656;24260608;1118597120;0;0;0;0;0;0;0;0;0;0;0;3396;0;0;89;0;80;0;
26673;4768843;1016774656;24260608;1118597120;0;0;0;0;0;0;0;0;0;0;0;3006;0;0;89;0;80;0;
26674;3020274;1016774656;24260608;1118597120;0;0;0;0;0;0;0;0;0;0;0;3086;0;0;89;0;80;0;
26675;5888393;1016774656;24260608;1118597120;0;0;0;0;0;0;0;0;0;0;0;2996;0;0;89;0;80;0;
26676;3695340;1016774656;24260608;1118597120;0;0;0;0;0;0;0;0;0;0;0;3517;0;0;89;0;80;0;
26677;6143562;1016774656;24260608;1118597120;0;0;0;0;0;0;0;0;0;0;0;3005;0;0;89;0;80;0;
26678;3977329;1016774656;24260608;1118597120;0;0;0;0;0;0;0;0;0;0;0;3477;0;0;89;0;80;0;
26679;5985966;1016774656;24260608;1118597120;0;0;0;0;0;0;0;0;0;0;0;3526;0;0;89;0;80;0;
26680;4343055;1016774656;24260608;1118597120;0;0;0;0;0;0;0;0;0;0;0;4018;0;0;89;0;80;0;
26681;5941152;1016774656;24260608;1118597120;0;0;0;0;0;0;0;0;0;0;0;2725;0;0;89;0;80;0;
26682;4934223;1016774656;24260608;1118597120;0;0;0;0;0;0;0;0;0;0;0;3146;0;0;89;0;80;0;
26683;6706347;1016774656;24260608;1118597120;0;0;0;0;0;0;0;0;0;0;0;3477;0;0;89;0;80;0;
26684;3911035;1016774656;24260608;1118597120;0;0;0;0;0;0;0;0;0;0;0;2886;0;0;89;0;80;0;
26685;5556731;1016774656;24260608;1118597120;0;0;0;0;0;0;0;0;0;0;0;2816;0;0;89;0;80;0;
26686;5197277;1016774656;24260608;1118597120;0;0;0;0;0;0;0;0;0;0;0;3527;0;0;89;0;80;0;
26687;6457060;1016774656;24260608;1118597120;0;0;0;0;0;0;0;0;0;0;0;2885;0;0;89;0;80;0;
26688;3639045;1016774656;24260608;1118597120;0;0;0;0;0;0;0;0;0;0;0;2585;0;0;89;0;80;0;
26689;7040283;1016774656;24260608;1118597120;0;0;0;0;0;0;0;0;0;0;0;2454;0;0;89;0;80;0;
26690;3644945;1016774656;24260608;1118597120;0;0;0;0;0;0;0;0;0;0;0;3296;0;0;89;0;80;0;
26691;5525973;1016774656;24260608;1118597120;0;0;0;0;0;0;0;0;0;0;0;2776;0;0;89;0;80;0;
26692;4558859;1016774656;24260608;1118597120;0;0;0;0;0;0;0;0;0;0;0;3947;0;0;89;0;80;0;
26693;7253793;1016774656;24260608;1118597120;0;0;0;0;0;0;0;0;0;0;0;3085;0;0;89;0;80;0;
26694;3567330;1016774656;24260608;1118597120;0;0;0;0;0;0;0;0;0;0;0;3266;0;0;89;0;80;0;
26695;6603203;1016774656;24260608;1118597120;0;0;0;0;0;0;0;0;0;0;0;2455;0;0;89;0;80;0;
26696;3652189;1016774656;24260608;1118597120;0;0;0;0;0;0;0;0;0;0;0;2966;0;0;89;0;80;0;
26697;5201766;1016774656;24260608;1118597120;0;0;0;0;0;0;0;0;0;0;0;2665;0;0;89;0;80;0;
26698;4747202;1016774656;24260608;1118597120;0;0;0;0;0;0;0;0;0;0;0;2845;0;0;89;0;80;0;
26699;6311466;1016774656;24260608;1118597120;0;0;0;0;0;0;0;0;0;0;0;3076;0;0;89;0;80;0;
26700;4267804;1016774656;24260608;1118597120;0;0;0;0;0;0;0;0;0;0;0;4138;0;0;89;0;80;0;
26701;5115774;1016774656;24260608;1118597120;0;0;0;0;0;0;0;0;0;0;0;3036;0;0;89;0;80;0;
26702;4240292;1016774656;24260608;1118597120;0;0;0;0;0;0;0;0;0;0;0;3707;0;0;89;0;80;0;
26703;5196375;1016774656;24260608;1118597120;0;0;0;0;0;0;0;0;0;0;0;2665;0;0;89;0;80;0;
26704;4760588;1016774656;24260608;1118597120;0;0;0;0;0;0;0;0;0;0;0;51316;0;0;89;0;80;0;
26705;6474482;1016774656;24260608;1118597120;0;0;0;0;0;0;0;0;0;0;0;3256;0;0;89;0;80;0;
26706;3897770;1016774656;24260608;1118597120;0;0;0;0;0;0;0;0;0;0;0;3306;0;0;89;0;80;0;
26707;6205337;1016774656;24260608;1118597120;0;0;0;0;0;0;0;0;0;0;0;2955;0;0;89;0;80;0;
26708;4684575;1016774656;24260608;1118597120;0;0;0;0;0;0;0;0;0;0;0;3797;0;0;89;0;80;0;
26709;6488328;1016774656;24260608;1118597120;0;0;0;0;0;0;0;0;0;0;0;2885;0;0;89;0;80;0;
26710;4032433;1016774656;24260608;1118597120;0;0;0;0;0;0;0;0;0;0;0;3666;0;0;89;0;80;0;
26711;5517527;1016774656;24260608;1118597120;0;0;0;0;0;0;0;0;0;0;0;2195;0;0;89;0;80;0;
26712;3684400;1016774656;24260608;1118597120;0;0;0;0;0;0;0;0;0;0;0;3386;0;0;89;0;80;0;
26713;5202977;1016774656;24260608;1118597120;0;0;0;0;0;0;0;0;0;0;0;3095;0;0;89;0;80;0;
26714;3927024;1016774656;24260608;1118597120;0;0;0;0;0;0;0;0;0;0;0;4128;0;0;89;0;80;0;
26715;6064013;1016774656;24260608;1118597120;0;0;0;0;0;0;0;0;0;0;0;3066;0;0;89;0;80;0;
26716;4089900;1016774656;24260608;1118597120;0;0;0;0;0;0;0;0;0;0;0;3848;0;0;89;0;80;0;
26717;6710074;1016774656;24260608;1118597120;0;0;0;0;0;0;0;0;0;0;0;3296;0;0;89;0;80;0;
26718;4536467;1016774656;24260608;1118597120;0;0;0;0;0;0;0;0;0;0;0;3126;0;0;89;0;80;0;
26719;6409280;1016774656;24260608;1118597120;0;0;0;0;0;0;0;0;0;0;0;3046;0;0;89;0;80;0;
26720;4350609;1016774656;24260608;1118597120;0;0;0;0;0;0;0;0;0;0;0;3356;0;0;89;0;80;0;
26721;6750660;1016774656;24260608;1118597120;0;0;0;0;0;0;0;0;0;0;0;3326;0;0;89;0;80;0;
26722;4974990;1016774656;24260608;1118597120;0;0;0;0;0;0;0;0;0;0;0;4037;0;0;89;0;80;0;
26723;6193856;1016774656;24260608;1118597120;0;0;0;0;0;0;0;0;0;0;0;3646;0;0;89;0;80;0;
26724;5633024;1016774656;24260608;1118597120;0;0;0;0;0;0;0;0;0;0;0;3426;0;0;89;0;80;0;
26725;5609651;1016774656;24260608;1118597120;0;0;0;0;0;0;0;0;0;0;0;3256;0;0;89;0;80;0;
26726;4626306;1016774656;24260608;1118597120;0;0;0;0;0;0;0;0;0;0;0;3356;0;0;89;0;80;0;
26727;7146763;1022578688;31825920;1126162432;0;0;0;0;0;0;0;0;0;0;0;2825;0;0;89;0;80;0;
26728;4868821;1022578688;31825920;1126162432;0;0;0;0;0;0;0;0;0;0;0;41137;0;0;89;0;80;0;
26729;5491889;1022578688;31825920;1126162432;0;0;0;0;0;0;0;0;0;0;0;2985;0;0;89;0;80;0;
26730;5650126;1022578688;31825920;1126162432;0;0;0;0;0;0;0;0;0;0;0;3587;0;0;89;0;80;0;
26731;6365939;1022578688;31825920;1126162432;0;0;0;0;0;0;0;0;0;0;0;3336;0;0;89;0;80;0;
26732;5787133;1022578688;31825920;1126162432;0;0;0;0;0;0;0;0;0;0;0;54872;0;0;89;0;80;0;
26733;9245840;1022578688;31825920;1126162432;0;0;0;0;0;0;0;0;0;0;0;3026;0;0;89;0;80;0;
26734;3337269;1022578688;31825920;1126162432;0;0;0;0;0;0;0;0;0;0;0;4028;0;0;89;0;80;0;
26735;5794907;1022578688;31825920;1126162432;0;0;0;0;0;0;0;0;0;0;0;3176;0;0;89;0;80;0;
26736;4962436;1016807424;24260608;1118597120;0;0;0;0;0;0;0;0;0;0;0;2986;0;0;89;0;80;0;
26737;6321054;1016807424;24260608;1118597120;0;0;0;0;0;0;0;0;0;0;0;2875;0;0;89;0;80;0;
26738;5491418;1016807424;24260608;1118597120;0;0;0;0;0;0;0;0;0;0;0;2945;0;0;89;0;80;0;
26739;5265746;1016807424;24260608;1118597120;0;0;0;0;0;0;0;0;0;0;0;2725;0;0;89;0;80;0;
26740;4217499;1016807424;24260608;1118597120;0;0;0;0;0;0;0;0;0;0;0;4027;0;0;89;0;80;0;
26741;5330116;1016807424;24260608;1118597120;0;0;0;0;0;0;0;0;0;0;0;2725;0;0;89;0;80;0;
26742;5073675;1016807424;24260608;1118597120;0;0;0;0;0;0;0;0;0;0;0;3036;0;0;89;0;80;0;
26743;5659344;1016807424;24260608;1118597120;0;0;0;0;0;0;0;0;0;0;0;3086;0;0;89;0;80;0;
26744;3844941;1016807424;24260608;1118597120;0;0;0;0;0;0;0;0;0;0;0;3086;0;0;89;0;80;0;
26745;5709818;1016807424;24260608;1118597120;0;0;0;0;0;0;0;0;0;0;0;2776;0;0;89;0;80;0;
26746;4242065;1016807424;24260608;1118597120;0;0;0;0;0;0;0;0;0;0;0;2926;0;0;89;0;80;0;
26747;5874707;1016807424;24260608;1118597120;0;0;0;0;0;0;0;0;0;0;0;2394;0;0;89;0;80;0;
26748;4061457;1016807424;24260608;1118597120;0;0;0;0;0;0;0;0;0;0;0;3066;0;0;89;0;80;0;
26749;5381703;1016807424;24260608;1118597120;0;0;0;0;0;0;0;0;0;0;0;2665;0;0;89;0;80;0;
26750;4456218;1016807424;24260608;1118597120;0;0;0;0;0;0;0;0;0;0;0;3506;0;0;89;0;80;0;
26751;6108476;1022611456;31825920;1126162432;0;0;0;0;0;0;0;0;0;0;0;3677;0;0;89;0;80;0;
26752;4827263;1022611456;31825920;1126162432;0;0;0;0;0;0;0;0;0;0;0;3707;0;0;89;0;80;0;
26753;5960498;1022611456;31825920;1126162432;0;0;0;0;0;0;0;0;0;0;0;3005;0;0;89;0;80;0;
26754;3012350;1022611456;31825920;1126162432;0;0;0;0;0;0;0;0;0;0;0;2876;0;0;89;0;80;0;
26755;5521044;1022611456;31825920;1126162432;0;0;0;0;0;0;0;0;0;0;0;2615;0;0;89;0;80;0;
26756;4236094;1022611456;31825920;1126162432;0;0;0;0;0;0;0;0;0;0;0;3637;0;0;89;0;80;0;
26757;5251599;1022611456;31825920;1126162432;0;0;0;0;0;0;0;0;0;0;0;3256;0;0;89;0;80;0;
26758;4128913;1022611456;31825920;1126162432;0;0;0;0;0;0;0;0;0;0;0;3126;0;0;89;0;80;0;
26759;5801951;1022611456;31825920;1126162432;0;0;0;0;0;0;0;0;0;0;0;3447;0;0;89;0;80;0;
26760;3564414;1016815616;24260608;1118597120;0;0;0;0;0;0;0;0;0;0;0;3437;0;0;89;0;80;0;
26761;5199941;1016815616;24260608;1118597120;0;0;0;0;0;0;0;0;0;0;0;2766;0;0;89;0;80;0;
26762;3766804;1016815616;24260608;1118597120;0;0;0;0;0;0;0;0;0;0;0;2625;0;0;89;0;80;0;
26763;5828791;1016815616;24260608;1118597120;0;0;0;0;0;0;0;0;0;0;0;2625;0;0;89;0;80;0;
26764;3567320;1016815616;24260608;1118597120;0;0;0;0;0;0;0;0;0;0;0;4137;0;0;89;0;80;0;
26765;5585425;1016815616;24260608;1118597120;0;0;0;0;0;0;0;0;0;0;0;3487;0;0;89;0;80;0;
26766;3300870;1016815616;24260608;1118597120;0;0;0;0;0;0;0;0;0;0;0;2915;0;0;89;0;80;0;
26767;5114783;1016815616;24260608;1118597120;0;0;0;0;0;0;0;0;0;0;0;2194;0;0;89;0;80;0;
26768;4478218;1016815616;24260608;1118597120;0;0;0;0;0;0;0;0;0;0;0;3406;0;0;89;0;80;0;
26769;6137310;1016815616;24260608;1118597120;0;0;0;0;0;0;0;0;0;0;0;2344;0;0;89;0;80;0;
26770;5059959;1016815616;24260608;1118597120;0;0;0;0;0;0;0;0;0;0;0;3657;0;0;89;0;80;0;
26771;6052390;1016815616;24260608;1118597120;0;0;0;0;0;0;0;0;0;0;0;3607;0;0;89;0;80;0;
26772;4058571;1016815616;24260608;1118597120;0;0;0;0;0;0;0;0;0;0;0;3567;0;0;89;0;80;0;
26773;6932902;1016815616;24260608;1118597120;0;0;0;0;0;0;0;0;0;0;0;3146;0;0;89;0;80;0;
26774;3727831;1016815616;24260608;1118597120;0;0;0;0;0;0;0;0;0;0;0;3767;0;0;89;0;80;0;
26775;7359271;1022619648;31825920;1126162432;0;0;0;0;0;0;0;0;0;0;0;4158;0;0;89;0;80;0;
26776;4320282;1022619648;31825920;1126162432;0;0;0;0;0;0;0;0;0;0;0;3577;0;0;89;0;80;0;
26777;5722743;1022619648;31825920;1126162432;0;0;0;0;0;0;0;0;0;0;0;3457;0;0;89;0;80;0;
26778;4736182;1022619648;31825920;1126162432;0;0;0;0;0;0;0;0;0;0;0;3457;0;0;89;0;80;0;
26779;5184934;1022619648;31825920;1126162432;0;0;0;0;0;0;0;0;0;0;0;3176;0;0;89;0;80;0;
26780;4686639;1022619648;31825920;1126162432;0;0;0;0;0;0;0;0;0;0;0;3186;0;0;89;0;80;0;
26781;5914061;1022619648;31825920;1126162432;0;0;0;0;0;0;0;0;0;0;0;3657;0;0;89;0;80;0;
26782;6262785;1022619648;31825920;1126162432;0;0;0;0;0;0;0;0;0;0;0;3877;0;0;89;0;80;0;
26783;6497555;1022619648;31825920;1126162432;0;0;0;0;0;0;0;0;0;0;0;3426;0;0;89;0;80;0;
26784;5096478;1016823808;24260608;1118597120;0;0;0;0;0;0;0;0;0;0;0;4288;0;0;89;0;80;0;
26785;6182895;1016823808;24260608;1118597120;0;0;0;0;0;0;0;0;0;0;0;3937;0;0;89;0;80;0;
26786;4978988;1016823808;24260608;1118597120;0;0;0;0;0;0;0;0;0;0;0;4638;0;0;89;0;80;0;
26787;7214490;1016823808;24260608;1118597120;0;0;0;0;0;0;0;0;0;0;0;4559;0;0;89;0;80;0;
26788;4527661;1016823808;24260608;1118597120;0;0;0;0;0;0;0;0;0;0;0;3857;0;0;89;0;80;0;
26789;6506923;1016823808;24260608;1118597120;0;0;0;0;0;0;0;0;0;0;0;4839;0;0;89;0;80;0;
26790;6261784;1016823808;24260608;1118597120;0;0;0;0;0;0;0;0;0;0;0;4037;0;0;89;0;80;0;
26791;5798575;1016823808;24260608;1118597120;0;0;0;0;0;0;0;0;0;0;0;3256;0;0;89;0;80;0;
26792;4212120;1016823808;24260608;1118597120;0;0;0;0;0;0;0;0;0;0;0;2735;0;0;89;0;80;0;
26793;5642061;1016823808;24260608;1118597120;0;0;0;0;0;0;0;0;0;0;0;2505;0;0;89;0;80;0;
26794;3949868;1016823808;24260608;1118597120;0;0;0;0;0;0;0;0;0;0;0;3727;0;0;89;0;80;0;
26795;5536412;1016823808;24260608;1118597120;0;0;0;0;0;0;0;0;0;0;0;3337;0;0;89;0;80;0;
26796;5812391;1016823808;24260608;1118597120;0;0;0;0;0;0;0;0;0;0;0;4218;0;0;89;0;80;0;
26797;6137049;1016823808;24260608;1118597120;0;0;0;0;0;0;0;0;0;0;0;3266;0;0;89;0;80;0;
26798;5079656;1016823808;24260608;1118597120;0;0;0;0;0;0;0;0;0;0;0;3957;0;0;89;0;80;0;
26799;7315569;1022627840;31825920;1126162432;0;0;0;0;0;0;0;0;0;0;0;4097;0;0;89;0;80;0;
26800;4770176;1022627840;31825920;1126162432;0;0;0;0;0;0;0;0;0;0;0;2976;0;0;89;0;80;0;
26801;5607036;1022627840;31825920;1126162432;0;0;0;0;0;0;0;0;0;0;0;3126;0;0;89;0;80;0;
26802;5241109;1022627840;31825920;1126162432;0;0;0;0;0;0;0;0;0;0;0;3787;0;0;89;0;80;0;
26803;6066117;1022627840;31825920;1126162432;0;0;0;0;0;0;0;0;0;0;0;3727;0;0;89;0;80;0;
26804;4630273;1022627840;31825920;1126162432;0;0;0;0;0;0;0;0;0;0;0;4379;0;0;89;0;80;0;
26805;6305726;1022627840;31825920;1126162432;0;0;0;0;0;0;0;0;0;0;0;3627;0;0;89;0;80;0;
26806;3288868;1022627840;31825920;1126162432;0;0;0;0;0;0;0;0;0;0;0;3106;0;0;89;0;80;0;
26807;5875108;1022627840;31825920;1126162432;0;0;0;0;0;0;0;0;0;0;0;2625;0;0;89;0;80;0;
26808;3626671;1016832000;24260608;1118597120;0;0;0;0;0;0;0;0;0;0;0;3166;0;0;89;0;80;0;
26809;4901833;1016832000;24260608;1118597120;0;0;0;0;0;0;0;0;0;0;0;2575;0;0;89;0;80;0;
26810;3228335;1016832000;24260608;1118597120;0;0;0;0;0;0;0;0;0;0;0;2755;0;0;89;0;80;0;
26811;4794492;1016832000;24260608;1118597120;0;0;0;0;0;0;0;0;0;0;0;2675;0;0;89;0;80;0;
26812;4166554;1016832000;24260608;1118597120;0;0;0;0;0;0;0;0;0;0;0;3987;0;0;89;0;80;0;
26813;5071360;1016832000;24260608;1118597120;0;0;0;0;0;0;0;0;0;0;0;3196;0;0;89;0;80;0;
26814;4710584;1016832000;24260608;1118597120;0;0;0;0;0;0;0;0;0;0;0;3967;0;0;89;0;80;0;
26815;5271757;1016832000;24260608;1118597120;0;0;0;0;0;0;0;0;0;0;0;2986;0;0;89;0;80;0;
26816;4041148;1016832000;24260608;1118597120;0;0;0;0;0;0;0;0;0;0;0;3356;0;0;89;0;80;0;
26817;5903491;1016832000;24260608;1118597120;0;0;0;0;0;0;0;0;0;0;0;2705;0;0;89;0;80;0;
26818;4229281;1016832000;24260608;1118597120;0;0;0;0;0;0;0;0;0;0;0;3196;0;0;89;0;80;0;
26819;6027153;1016832000;24260608;1118597120;0;0;0;0;0;0;0;0;0;0;0;3666;0;0;89;0;80;0;
26820;3950689;1016832000;24260608;1118597120;0;0;0;0;0;0;0;0;0;0;0;3797;0;0;89;0;80;0;
26821;6343296;1016832000;24260608;1118597120;0;0;0;0;0;0;0;0;0;0;0;4538;0;0;89;0;80;0;
26822;4149522;1016832000;24260608;1118597120;0;0;0;0;0;0;0;0;0;0;0;4338;0;0;89;0;80;0;
26823;6008709;1016832000;24260608;1118597120;0;0;0;0;0;0;0;0;0;0;0;3046;0;0;89;0;80;0;
26824;4045086;1016832000;24260608;1118597120;0;0;0;0;0;0;0;0;0;0;0;3767;0;0;89;0;80;0;
26825;5390028;1016832000;24260608;1118597120;0;0;0;0;0;0;0;0;0;0;0;3336;0;0;89;0;80;0;
26826;4686419;1016832000;24260608;1118597120;0;0;0;0;0;0;0;0;0;0;0;3196;0;0;89;0;80;0;
26827;4959200;1016832000;24260608;1118597120;0;0;0;0;0;0;0;0;0;0;0;2594;0;0;89;0;80;0;
26828;3224707;1016832000;24260608;1118597120;0;0;0;0;0;0;0;0;0;0;0;3066;0;0;89;0;80;0;
26829;4803017;1016832000;24260608;1118597120;0;0;0;0;0;0;0;0;0;0;0;3086;0;0;89;0;80;0;
26830;3372404;1016832000;24260608;1118597120;0;0;0;0;0;0;0;0;0;0;0;3536;0;0;89;0;80;0;
26831;5321841;1016832000;24260608;1118597120;0;0;0;0;0;0;0;0;0;0;0;2825;0;0;89;0;80;0;
26832;3706050;1016832000;24260608;1118597120;0;0;0;0;0;0;0;0;0;0;0;3407;0;0;89;0;80;0;
26833;5689630;1016832000;24260608;1118597120;0;0;0;0;0;0;0;0;0;0;0;3577;0;0;89;0;80;0;
26834;4019899;1016832000;24260608;1118597120;0;0;0;0;0;0;0;0;0;0;0;2905;0;0;89;0;80;0;
26835;5148917;1016832000;24260608;1118597120;0;0;0;0;0;0;0;0;0;0;0;2565;0;0;89;0;80;0;
26836;4774173;1016832000;24260608;1118597120;0;0;0;0;0;0;0;0;0;0;0;4058;0;0;89;0;80;0;
26837;7700361;1016832000;24260608;1118597120;0;0;0;0;0;0;0;0;0;0;0;3837;0;0;89;0;80;0;
26838;3853978;1016832000;24260608;1118597120;0;0;0;0;0;0;0;0;0;0;0;4578;0;0;89;0;80;0;
26839;5940461;1016832000;24260608;1118597120;0;0;0;0;0;0;0;0;0;0;0;3968;0;0;89;0;80;0;
26840;5624869;1016832000;24260608;1118597120;0;0;0;0;0;0;0;0;0;0;0;4829;0;0;89;0;80;0;
26841;5573192;1016832000;24260608;1118597120;0;0;0;0;0;0;0;0;0;0;0;3676;0;0;89;0;80;0;
26842;3920783;1016832000;24260608;1118597120;0;0;0;0;0;0;0;0;0;0;0;3356;0;0;89;0;80;0;
26843;5342159;1016832000;24260608;1118597120;0;0;0;0;0;0;0;0;0;0;0;3276;0;0;89;0;80;0;
26844;5016087;1016832000;24260608;1118597120;0;0;0;0;0;0;0;0;0;0;0;4238;0;0;89;0;80;0;
26845;6351642;1016832000;24260608;1118597120;0;0;0;0;0;0;0;0;0;0;0;3767;0;0;89;0;80;0;
26846;5363208;1016832000;24260608;1118597120;0;0;0;0;0;0;0;0;0;0;0;3196;0;0;89;0;80;0;
26847;5402552;1016832000;24260608;1118597120;0;0;0;0;0;0;0;0;0;0;0;2805;0;0;89;0;80;0;
26848;4523433;1016832000;24260608;1118597120;0;0;0;0;0;0;0;0;0;0;0;3637;0;0;89;0;80;0;
26849;5261588;1016832000;24260608;1118597120;0;0;0;0;0;0;0;0;0;0;0;2846;0;0;89;0;80;0;
26850;5094575;1016832000;24260608;1118597120;0;0;0;0;0;0;0;0;0;0;0;3747;0;0;89;0;80;0;
26851;6027905;1016832000;24260608;1118597120;0;0;0;0;0;0;0;0;0;0;0;3026;0;0;89;0;80;0;
26852;4316966;1016832000;24260608;1118597120;0;0;0;0;0;0;0;0;0;0;0;3257;0;0;89;0;80;0;
26853;5140591;1016832000;24260608;1118597120;0;0;0;0;0;0;0;0;0;0;0;2886;0;0;89;0;80;0;
26854;4573327;1016832000;24260608;1118597120;0;0;0;0;0;0;0;0;0;0;0;3036;0;0;89;0;80;0;
26855;5744664;1016832000;24260608;1118597120;0;0;0;0;0;0;0;0;0;0;0;2705;0;0;89;0;80;0;
26856;4021933;1016832000;24260608;1118597120;0;0;0;0;0;0;0;0;0;0;0;2675;0;0;89;0;80;0;
26857;5900766;1016832000;24260608;1118597120;0;0;0;0;0;0;0;0;0;0;0;2444;0;0;89;0;80;0;
26858;3327550;1016832000;24260608;1118597120;0;0;0;0;0;0;0;0;0;0;0;2605;0;0;89;0;80;0;
26859;6700676;1016832000;24260608;1118597120;0;0;0;0;0;0;0;0;0;0;0;2545;0;0;89;0;80;0;
26860;3906576;1016832000;24260608;1118597120;0;0;0;0;0;0;0;0;0;0;0;2905;0;0;89;0;80;0;
26861;6080002;1016832000;24260608;1118597120;0;0;0;0;0;0;0;0;0;0;0;2424;0;0;89;0;80;0;
26862;3390047;1016832000;24260608;1118597120;0;0;0;0;0;0;0;0;0;0;0;2755;0;0;89;0;80;0;
26863;5683690;1016832000;24260608;1118597120;0;0;0;0;0;0;0;0;0;0;0;2545;0;0;89;0;80;0;
26864;2935575;1016832000;24260608;1118597120;0;0;0;0;0;0;0;0;0;0;0;2875;0;0;89;0;80;0;
26865;4924165;1016832000;24260608;1118597120;0;0;0;0;0;0;0;0;0;0;0;2214;0;0;89;0;80;0;
26866;3634256;1016832000;24260608;1118597120;0;0;0;0;0;0;0;0;0;0;0;3135;0;0;89;0;80;0;
26867;5627544;1016832000;24260608;1118597120;0;0;0;0;0;0;0;0;0;0;0;2855;0;0;89;0;80;0;
26868;3259252;1016832000;24260608;1118597120;0;0;0;0;0;0;0;0;0;0;0;2996;0;0;89;0;80;0;
26869;5482622;1016832000;24260608;1118597120;0;0;0;0;0;0;0;0;0;0;0;2504;0;0;89;0;80;0;
26870;4332375;1016832000;24260608;1118597120;0;0;0;0;0;0;0;0;0;0;0;3407;0;0;89;0;80;0;
26871;4952618;1016832000;24260608;1118597120;0;0;0;0;0;0;0;0;0;0;0;2956;0;0;89;0;80;0;
26872;3771182;1016832000;24260608;1118597120;0;0;0;0;0;0;0;0;0;0;0;3537;0;0;89;0;80;0;
26873;5584834;1016832000;24260608;1118597120;0;0;0;0;0;0;0;0;0;0;0;2675;0;0;89;0;80;0;
26874;5128969;1016832000;24260608;1118597120;0;0;0;0;0;0;0;0;0;0;0;3557;0;0;89;0;80;0;
26875;5084966;1016832000;24260608;1118597120;0;0;0;0;0;0;0;0;0;0;0;3366;0;0;89;0;80;0;
26876;3961239;1016832000;24260608;1118597120;0;0;0;0;0;0;0;0;0;0;0;3616;0;0;89;0;80;0;
26877;5598049;1016832000;24260608;1118597120;0;0;0;0;0;0;0;0;0;0;0;2695;0;0;89;0;80;0;
26878;2681960;1016832000;24260608;1118597120;0;0;0;0;0;0;0;0;0;0;0;3025;0;0;89;0;80;0;
26879;5944859;1016832000;24260608;1118597120;0;0;0;0;0;0;0;0;0;0;0;2816;0;0;89;0;80;0;
26880;3420915;1016832000;24260608;1118597120;0;0;0;0;0;0;0;0;0;0;0;2836;0;0;89;0;80;0;
26881;5312203;1016832000;24260608;1118597120;0;0;0;0;0;0;0;0;0;0;0;3236;0;0;89;0;80;0;
26882;3397061;1016832000;24260608;1118597120;0;0;0;0;0;0;0;0;0;0;0;2856;0;0;89;0;80;0;
26883;5808353;1016832000;24260608;1118597120;0;0;0;0;0;0;0;0;0;0;0;2795;0;0;89;0;80;0;
26884;3463796;1016832000;24260608;1118597120;0;0;0;0;0;0;0;0;0;0;0;3085;0;0;89;0;80;0;
26885;4699834;1016832000;24260608;1118597120;0;0;0;0;0;0;0;0;0;0;0;2575;0;0;89;0;80;0;
26886;3885718;1016832000;24260608;1118597120;0;0;0;0;0;0;0;0;0;0;0;2695;0;0;89;0;80;0;
26887;5391030;1016832000;24260608;1118597120;0;0;0;0;0;0;0;0;0;0;0;2765;0;0;89;0;80;0;
26888;3748139;1016832000;24260608;1118597120;0;0;0;0;0;0;0;0;0;0;0;3396;0;0;89;0;80;0;
26889;5326770;1016832000;24260608;1118597120;0;0;0;0;0;0;0;0;0;0;0;2916;0;0;89;0;80;0;
26890;3639485;1016832000;24260608;1118597120;0;0;0;0;0;0;0;0;0;0;0;3526;0;0;89;0;80;0;
26891;5454860;1016832000;24260608;1118597120;0;0;0;0;0;0;0;0;0;0;0;3546;0;0;89;0;80;0;
26892;3993981;1016832000;24260608;1118597120;0;0;0;0;0;0;0;0;0;0;0;2745;0;0;89;0;80;0;
26893;5325327;1016832000;24260608;1118597120;0;0;0;0;0;0;0;0;0;0;0;2315;0;0;89;0;80;0;
26894;2958699;1016832000;24260608;1118597120;0;0;0;0;0;0;0;0;0;0;0;2776;0;0;89;0;80;0;
26895;5835785;1016832000;24260608;1118597120;0;0;0;0;0;0;0;0;0;0;0;2445;0;0;89;0;80;0;
26896;3826977;1016832000;24260608;1118597120;0;0;0;0;0;0;0;0;0;0;0;3667;0;0;89;0;80;0;
26897;5815496;1016832000;24260608;1118597120;0;0;0;0;0;0;0;0;0;0;0;2555;0;0;89;0;80;0;
26898;3237541;1016832000;24260608;1118597120;0;0;0;0;0;0;0;0;0;0;0;2996;0;0;89;0;80;0;
26899;5553275;1016832000;24260608;1118597120;0;0;0;0;0;0;0;0;0;0;0;2425;0;0;89;0;80;0;
26900;3947864;1016832000;24260608;1118597120;0;0;0;0;0;0;0;0;0;0;0;3366;0;0;89;0;80;0;
26901;5215300;1016832000;24260608;1118597120;0;0;0;0;0;0;0;0;0;0;0;2584;0;0;89;0;80;0;
26902;3758318;1016832000;24260608;1118597120;0;0;0;0;0;0;0;0;0;0;0;4128;0;0;89;0;80;0;
26903;5840052;1016832000;24260608;1118597120;0;0;0;0;0;0;0;0;0;0;0;3456;0;0;89;0;80;0;
26904;4151466;1016832000;24260608;1118597120;0;0;0;0;0;0;0;0;0;0;0;3787;0;0;89;0;80;0;
26905;4894669;1016832000;24260608;1118597120;0;0;0;0;0;0;0;0;0;0;0;2845;0;0;89;0;80;0;
26906;4208001;1016832000;24260608;1118597120;0;0;0;0;0;0;0;0;0;0;0;3536;0;0;89;0;80;0;
26907;6324120;1016832000;24260608;1118597120;0;0;0;0;0;0;0;0;0;0;0;3156;0;0;89;0;80;0;
26908;4552688;1016832000;24260608;1118597120;0;0;0;0;0;0;0;0;0;0;0;3977;0;0;89;0;80;0;
26909;5537364;1016832000;24260608;1118597120;0;0;0;0;0;0;0;0;0;0;0;3597;0;0;89;0;80;0;
26910;4880864;1016832000;24260608;1118597120;0;0;0;0;0;0;0;0;0;0;0;3687;0;0;89;0;80;0;
26911;5255156;1016832000;24260608;1118597120;0;0;0;0;0;0;0;0;0;0;0;2896;0;0;89;0;80;0;
26912;4603243;1016832000;24260608;1118597120;0;0;0;0;0;0;0;0;0;0;0;3506;0;0;89;0;80;0;
26913;5423050;1016832000;24260608;1118597120;0;0;0;0;0;0;0;0;0;0;0;2945;0;0;89;0;80;0;
26914;3636009;1016832000;24260608;1118597120;0;0;0;0;0;0;0;0;0;0;0;3607;0;0;89;0;80;0;
26915;5052846;1016832000;24260608;1118597120;0;0;0;0;0;0;0;0;0;0;0;3116;0;0;89;0;80;0;
26916;4829878;1016832000;24260608;1118597120;0;0;0;0;0;0;0;0;0;0;0;3687;0;0;89;0;80;0;
26917;5737200;1016832000;24260608;1118597120;0;0;0;0;0;0;0;0;0;0;0;3277;0;0;89;0;80;0;
26918;4026791;1016832000;24260608;1118597120;0;0;0;0;0;0;0;0;0;0;0;3216;0;0;89;0;80;0;
26919;5854599;1016832000;24260608;1118597120;0;0;0;0;0;0;0;0;0;0;0;3056;0;0;89;0;80;0;
26920;4291318;1016832000;24260608;1118597120;0;0;0;0;0;0;0;0;0;0;0;3036;0;0;89;0;80;0;
26921;6855337;1016832000;24260608;1118597120;0;0;0;0;0;0;0;0;0;0;0;2725;0;0;89;0;80;0;
26922;4328097;1016832000;24260608;1118597120;0;0;0;0;0;0;0;0;0;0;0;3387;0;0;89;0;80;0;
26923;5838510;1016832000;24260608;1118597120;0;0;0;0;0;0;0;0;0;0;0;3226;0;0;89;0;80;0;
26924;4378191;1016832000;24260608;1118597120;0;0;0;0;0;0;0;0;0;0;0;4147;0;0;89;0;80;0;
26925;5711702;1016832000;24260608;1118597120;0;0;0;0;0;0;0;0;0;0;0;3777;0;0;89;0;80;0;
26926;4699173;1016832000;24260608;1118597120;0;0;0;0;0;0;0;0;0;0;0;3266;0;0;89;0;80;0;
26927;5755223;1016832000;24260608;1118597120;0;0;0;0;0;0;0;0;0;0;0;4148;0;0;89;0;80;0;
26928;3673609;1016832000;24260608;1118597120;0;0;0;0;0;0;0;0;0;0;0;3797;0;0;89;0;80;0;
26929;5445723;1016832000;24260608;1118597120;0;0;0;0;0;0;0;0;0;0;0;3727;0;0;89;0;80;0;
26930;4344598;1016832000;24260608;1118597120;0;0;0;0;0;0;0;0;0;0;0;3837;0;0;89;0;80;0;
26931;5167140;1016832000;24260608;1118597120;0;0;0;0;0;0;0;0;0;0;0;3086;0;0;89;0;80;0;
26932;4654910;1016832000;24260608;1118597120;0;0;0;0;0;0;0;0;0;0;0;3767;0;0;89;0;80;0;
26933;10230576;1016832000;24260608;1118597120;0;0;0;0;0;0;0;0;0;0;0;3266;0;0;89;0;80;0;
26934;6178537;1016832000;24260608;1118597120;0;0;0;0;0;0;0;0;0;0;0;4218;0;0;89;0;80;0;
26935;5798825;1016832000;24260608;1118597120;0;0;0;0;0;0;0;0;0;0;0;2875;0;0;89;0;80;0;
26936;4616397;1016832000;24260608;1118597120;0;0;0;0;0;0;0;0;0;0;0;3827;0;0;89;0;80;0;
26937;6129094;1016832000;24260608;1118597120;0;0;0;0;0;0;0;0;0;0;0;4258;0;0;89;0;80;0;
26938;4219213;1016832000;24260608;1118597120;0;0;0;0;0;0;0;0;0;0;0;4258;0;0;89;0;80;0;
26939;6548251;1022636032;31825920;1126162432;0;0;0;0;0;0;0;0;0;0;0;2996;0;0;89;0;80;0;
26940;3537314;1022636032;31825920;1126162432;0;0;0;0;0;0;0;0;0;0;0;3497;0;0;89;0;80;0;
26941;5950700;1022636032;31825920;1126162432;0;0;0;0;0;0;0;0;0;0;0;4328;0;0;89;0;80;0;
26942;4657915;1022636032;31825920;1126162432;0;0;0;0;0;0;0;0;0;0;0;4218;0;0;89;0;80;0;
26943;6366059;1022636032;31825920;1126162432;0;0;0;0;0;0;0;0;0;0;0;3456;0;0;89;0;80;0;
26944;4609504;1022636032;31825920;1126162432;0;0;0;0;0;0;0;0;0;0;0;3577;0;0;89;0;80;0;
26945;6590580;1022636032;31825920;1126162432;0;0;0;0;0;0;0;0;0;0;0;4488;0;0;89;0;80;0;
26946;4364295;1022636032;31825920;1126162432;0;0;0;0;0;0;0;0;0;0;0;3697;0;0;89;0;80;0;
26947;7136313;1022636032;31825920;1126162432;0;0;0;0;0;0;0;0;0;0;0;3897;0;0;89;0;80;0;
26948;3927706;1016881152;24260608;1118597120;0;0;0;0;0;0;0;0;0;0;0;3857;0;0;89;0;80;0;
26949;5522637;1016881152;24260608;1118597120;0;0;0;0;0;0;0;0;0;0;0;3757;0;0;89;0;80;0;
26950;4764145;1016881152;24260608;1118597120;0;0;0;0;0;0;0;0;0;0;0;4058;0;0;89;0;80;0;
26951;6609876;1016881152;24260608;1118597120;0;0;0;0;0;0;0;0;0;0;0;4158;0;0;89;0;80;0;
26952;3953314;1016881152;24260608;1118597120;0;0;0;0;0;0;0;0;0;0;0;3907;0;0;89;0;80;0;
26953;5479065;1016881152;24260608;1118597120;0;0;0;0;0;0;0;0;0;0;0;4098;0;0;89;0;80;0;
26954;4346501;1016881152;24260608;1118597120;0;0;0;0;0;0;0;0;0;0;0;3656;0;0;89;0;80;0;
26955;5068686;1016881152;24260608;1118597120;0;0;0;0;0;0;0;0;0;0;0;3026;0;0;89;0;80;0;
26956;3872753;1016881152;24260608;1118597120;0;0;0;0;0;0;0;0;0;0;0;4368;0;0;89;0;80;0;
26957;6093528;1016881152;24260608;1118597120;0;0;0;0;0;0;0;0;0;0;0;2945;0;0;89;0;80;0;
26958;4615525;1016881152;24260608;1118597120;0;0;0;0;0;0;0;0;0;0;0;4088;0;0;89;0;80;0;
26959;4969550;1016881152;24260608;1118597120;0;0;0;0;0;0;0;0;0;0;0;3186;0;0;89;0;80;0;
26960;5672719;1016881152;24260608;1118597120;0;0;0;0;0;0;0;0;0;0;0;4088;0;0;89;0;80;0;
26961;5780962;1016881152;24260608;1118597120;0;0;0;0;0;0;0;0;0;0;0;3196;0;0;89;0;80;0;
26962;4248687;1016881152;24260608;1118597120;0;0;0;0;0;0;0;0;0;0;0;4057;0;0;89;0;80;0;
26963;6701148;1022685184;31825920;1126162432;0;0;0;0;0;0;0;0;0;0;0;3316;0;0;89;0;80;0;
26964;4070234;1022685184;31825920;1126162432;0;0;0;0;0;0;0;0;0;0;0;4138;0;0;89;0;80;0;
26965;5473836;1022685184;31825920;1126162432;0;0;0;0;0;0;0;0;0;0;0;2524;0;0;89;0;80;0;
26966;4031380;1022685184;31825920;1126162432;0;0;0;0;0;0;0;0;0;0;0;3667;0;0;89;0;80;0;
26967;5621232;1022685184;31825920;1126162432;0;0;0;0;0;0;0;0;0;0;0;2785;0;0;89;0;80;0;
26968;4060985;1022685184;31825920;1126162432;0;0;0;0;0;0;0;0;0;0;0;3667;0;0;89;0;80;0;
26969;5485056;1022685184;31825920;1126162432;0;0;0;0;0;0;0;0;0;0;0;2735;0;0;89;0;80;0;
26970;3990714;1022685184;31825920;1126162432;0;0;0;0;0;0;0;0;0;0;0;3747;0;0;89;0;80;0;
26971;5043679;1022685184;31825920;1126162432;0;0;0;0;0;0;0;0;0;0;0;3566;0;0;89;0;80;0;
26972;3987859;1016889344;24260608;1118597120;0;0;0;0;0;0;0;0;0;0;0;4128;0;0;89;0;80;0;
26973;4985620;1016889344;24260608;1118597120;0;0;0;0;0;0;0;0;0;0;0;2634;0;0;89;0;80;0;
26974;4128001;1016889344;24260608;1118597120;0;0;0;0;0;0;0;0;0;0;0;3497;0;0;89;0;80;0;
26975;5137004;1016889344;24260608;1118597120;0;0;0;0;0;0;0;0;0;0;0;2715;0;0;89;0;80;0;
26976;4703672;1016889344;24260608;1118597120;0;0;0;0;0;0;0;0;0;0;0;3577;0;0;89;0;80;0;
26977;5609410;1016889344;24260608;1118597120;0;0;0;0;0;0;0;0;0;0;0;3456;0;0;89;0;80;0;
26978;4296788;1016889344;24260608;1118597120;0;0;0;0;0;0;0;0;0;0;0;4218;0;0;89;0;80;0;
26979;5307504;1016889344;24260608;1118597120;0;0;0;0;0;0;0;0;0;0;0;3045;0;0;89;0;80;0;
26980;4514827;1016889344;24260608;1118597120;0;0;0;0;0;0;0;0;0;0;0;4248;0;0;89;0;80;0;
26981;5766625;1016889344;24260608;1118597120;0;0;0;0;0;0;0;0;0;0;0;2765;0;0;89;0;80;0;
26982;4016643;1016889344;24260608;1118597120;0;0;0;0;0;0;0;0;0;0;0;3707;0;0;89;0;80;0;
26983;5227353;1016889344;24260608;1118597120;0;0;0;0;0;0;0;0;0;0;0;2886;0;0;89;0;80;0;
26984;5017580;1016889344;24260608;1118597120;0;0;0;0;0;0;0;0;0;0;0;4188;0;0;89;0;80;0;
26985;5968193;1016889344;24260608;1118597120;0;0;0;0;0;0;0;0;0;0;0;4628;0;0;89;0;80;0;
26986;3534930;1016889344;24260608;1118597120;0;0;0;0;0;0;0;0;0;0;0;3807;0;0;89;0;80;0;
26987;6972125;1022693376;31825920;1126162432;0;0;0;0;0;0;0;0;0;0;0;3537;0;0;89;0;80;0;
26988;3973582;1022693376;31825920;1126162432;0;0;0;0;0;0;0;0;0;0;0;3206;0;0;89;0;80;0;
26989;5470369;1022693376;31825920;1126162432;0;0;0;0;0;0;0;0;0;0;0;3707;0;0;89;0;80;0;
26990;3802952;1022693376;31825920;1126162432;0;0;0;0;0;0;0;0;0;0;0;3397;0;0;89;0;80;0;
26991;6193014;1022693376;31825920;1126162432;0;0;0;0;0;0;0;0;0;0;0;3867;0;0;89;0;80;0;
26992;3181296;1022693376;31825920;1126162432;0;0;0;0;0;0;0;0;0;0;0;4107;0;0;89;0;80;0;
26993;5785339;1022693376;31825920;1126162432;0;0;0;0;0;0;0;0;0;0;0;3807;0;0;89;0;80;0;
26994;3712733;1022693376;31825920;1126162432;0;0;0;0;0;0;0;0;0;0;0;3606;0;0;89;0;80;0;
26995;5802071;1022693376;31825920;1126162432;0;0;0;0;0;0;0;0;0;0;0;3517;0;0;89;0;80;0;
26996;3473304;1016897536;24260608;1118597120;0;0;0;0;0;0;0;0;0;0;0;3106;0;0;89;0;80;0;
26997;5553415;1016897536;24260608;1118597120;0;0;0;0;0;0;0;0;0;0;0;3647;0;0;89;0;80;0;
26998;4023746;1016897536;24260608;1118597120;0;0;0;0;0;0;0;0;0;0;0;3367;0;0;89;0;80;0;
26999;5483964;1016897536;24260608;1118597120;0;0;0;0;0;0;0;0;0;0;0;3647;0;0;89;0;80;0;
27000;3402440;1016897536;24260608;1118597120;0;0;0;0;0;0;0;0;0;0;0;3266;0;0;89;0;80;0;
27001;5205453;1016897536;24260608;1118597120;0;0;0;0;0;0;0;0;0;0;0;3226;0;0;89;0;80;0;
27002;3649614;1016897536;24260608;1118597120;0;0;0;0;0;0;0;0;0;0;0;3597;0;0;89;0;80;0;
27003;5659243;1016897536;24260608;1118597120;0;0;0;0;0;0;0;0;0;0;0;3386;0;0;89;0;80;0;
27004;3394586;1016897536;24260608;1118597120;0;0;0;0;0;0;0;0;0;0;0;3256;0;0;89;0;80;0;
27005;5952474;1016897536;24260608;1118597120;0;0;0;0;0;0;0;0;0;0;0;4077;0;0;89;0;80;0;
27006;3279360;1016897536;24260608;1118597120;0;0;0;0;0;0;0;0;0;0;0;3387;0;0;89;0;80;0;
27007;6327637;1016897536;24260608;1118597120;0;0;0;0;0;0;0;0;0;0;0;3967;0;0;89;0;80;0;
27008;4924836;1016897536;24260608;1118597120;0;0;0;0;0;0;0;0;0;0;0;3867;0;0;89;0;80;0;
27009;5979704;1016897536;24260608;1118597120;0;0;0;0;0;0;0;0;0;0;0;3797;0;0;89;0;80;0;
27010;3711480;1016897536;24260608;1118597120;0;0;0;0;0;0;0;0;0;0;0;4348;0;0;89;0;80;0;
27011;6796696;1022701568;31825920;1126162432;0;0;0;0;0;0;0;0;0;0;0;4168;0;0;89;0;80;0;
27012;3904342;1022701568;31825920;1126162432;0;0;0;0;0;0;0;0;0;0;0;3988;0;0;89;0;80;0;
27013;5945580;1022701568;31825920;1126162432;0;0;0;0;0;0;0;0;0;0;0;3707;0;0;89;0;80;0;
27014;3555257;1022701568;31825920;1126162432;0;0;0;0;0;0;0;0;0;0;0;3286;0;0;89;0;80;0;
27015;5979774;1022701568;31825920;1126162432;0;0;0;0;0;0;0;0;0;0;0;4178;0;0;89;0;80;0;
27016;3912217;1022701568;31825920;1126162432;0;0;0;0;0;0;0;0;0;0;0;3777;0;0;89;0;80;0;
27017;5982349;1022701568;31825920;1126162432;0;0;0;0;0;0;0;0;0;0;0;3847;0;0;89;0;80;0;
27018;4116821;1022701568;31825920;1126162432;0;0;0;0;0;0;0;0;0;0;0;3366;0;0;89;0;80;0;
27019;5625289;1022701568;31825920;1126162432;0;0;0;0;0;0;0;0;0;0;0;3607;0;0;89;0;80;0;
27020;3564575;1016905728;24260608;1118597120;0;0;0;0;0;0;0;0;0;0;0;3627;0;0;89;0;80;0;
27021;6256754;1016905728;24260608;1118597120;0;0;0;0;0;0;0;0;0;0;0;3868;0;0;89;0;80;0;
27022;4150834;1016905728;24260608;1118597120;0;0;0;0;0;0;0;0;0;0;0;3727;0;0;89;0;80;0;
27023;6872879;1016905728;24260608;1118597120;0;0;0;0;0;0;0;0;0;0;0;4248;0;0;89;0;80;0;
27024;3982529;1016905728;24260608;1118597120;0;0;0;0;0;0;0;0;0;0;0;3817;0;0;89;0;80;0;
27025;6284055;1016905728;24260608;1118597120;0;0;0;0;0;0;0;0;0;0;0;4218;0;0;89;0;80;0;
27026;3595663;1016905728;24260608;1118597120;0;0;0;0;0;0;0;0;0;0;0;3937;0;0;89;0;80;0;
27027;4948240;1016905728;24260608;1118597120;0;0;0;0;0;0;0;0;0;0;0;3848;0;0;89;0;80;0;
27028;4222058;1016905728;24260608;1118597120;0;0;0;0;0;0;0;0;0;0;0;3997;0;0;89;0;80;0;
27029;5688298;1016905728;24260608;1118597120;0;0;0;0;0;0;0;0;0;0;0;4609;0;0;89;0;80;0;
27030;4090741;1016905728;24260608;1118597120;0;0;0;0;0;0;0;0;0;0;0;3647;0;0;89;0;80;0;
27031;5597858;1016905728;24260608;1118597120;0;0;0;0;0;0;0;0;0;0;0;4428;0;0;89;0;80;0;
27032;4432302;1016905728;24260608;1118597120;0;0;0;0;0;0;0;0;0;0;0;3376;0;0;89;0;80;0;
27033;7089996;1016905728;24260608;1118597120;0;0;0;0;0;0;0;0;0;0;0;3807;0;0;89;0;80;0;
27034;4684635;1016905728;24260608;1118597120;0;0;0;0;0;0;0;0;0;0;0;4037;0;0;89;0;80;0;
27035;6406965;1016905728;24260608;1118597120;0;0;0;0;0;0;0;0;0;0;0;3557;0;0;89;0;80;0;
27036;3882341;1016905728;24260608;1118597120;0;0;0;0;0;0;0;0;0;0;0;3717;0;0;89;0;80;0;
27037;6037633;1016905728;24260608;1118597120;0;0;0;0;0;0;0;0;0;0;0;3496;0;0;89;0;80;0;
27038;3941381;1016905728;24260608;1118597120;0;0;0;0;0;0;0;0;0;0;0;4358;0;0;89;0;80;0;
27039;5718775;1016905728;24260608;1118597120;0;0;0;0;0;0;0;0;0;0;0;4088;0;0;89;0;80;0;
27040;4252646;1016905728;24260608;1118597120;0;0;0;0;0;0;0;0;0;0;0;3817;0;0;89;0;80;0;
27041;5626352;1016905728;24260608;1118597120;0;0;0;0;0;0;0;0;0;0;0;3076;0;0;89;0;80;0;
27042;5106586;1016905728;24260608;1118597120;0;0;0;0;0;0;0;0;0;0;0;3948;0;0;89;0;80;0;
27043;5753420;1016905728;24260608;1118597120;0;0;0;0;0;0;0;0;0;0;0;4358;0;0;89;0;80;0;
27044;4191972;1016905728;24260608;1118597120;0;0;0;0;0;0;0;0;0;0;0;4008;0;0;89;0;80;0;
27045;5957583;1016905728;24260608;1118597120;0;0;0;0;0;0;0;0;0;0;0;3567;0;0;89;0;80;0;
27046;3775661;1016905728;24260608;1118597120;0;0;0;0;0;0;0;0;0;0;0;3837;0;0;89;0;80;0;
27047;5299098;1016905728;24260608;1118597120;0;0;0;0;0;0;0;0;0;0;0;3687;0;0;89;0;80;0;
27048;4628631;1016905728;24260608;1118597120;0;0;0;0;0;0;0;0;0;0;0;3667;0;0;89;0;80;0;
27049;6461247;1016905728;24260608;1118597120;0;0;0;0;0;0;0;0;0;0;0;4238;0;0;89;0;80;0;
27050;4235543;1016905728;24260608;1118597120;0;0;0;0;0;0;0;0;0;0;0;3496;0;0;89;0;80;0;
27051;5655366;1016905728;24260608;1118597120;0;0;0;0;0;0;0;0;0;0;0;3777;0;0;89;0;80;0;
27052;4527912;1016905728;24260608;1118597120;0;0;0;0;0;0;0;0;0;0;0;3487;0;0;89;0;80;0;
27053;5692846;1016905728;24260608;1118597120;0;0;0;0;0;0;0;0;0;0;0;3927;0;0;89;0;80;0;
27054;3835132;1016905728;24260608;1118597120;0;0;0;0;0;0;0;0;0;0;0;3597;0;0;89;0;80;0;
27055;5084655;1016905728;24260608;1118597120;0;0;0;0;0;0;0;0;0;0;0;3076;0;0;89;0;80;0;
27056;3896287;1016905728;24260608;1118597120;0;0;0;0;0;0;0;0;0;0;0;3928;0;0;89;0;80;0;
27057;5102079;1016905728;24260608;1118597120;0;0;0;0;0;0;0;0;0;0;0;3086;0;0;89;0;80;0;
27058;4267904;1016905728;24260608;1118597120;0;0;0;0;0;0;0;0;0;0;0;2976;0;0;89;0;80;0;
27059;5237763;1016905728;24260608;1118597120;0;0;0;0;0;0;0;0;0;0;0;2926;0;0;89;0;80;0;
27060;3605342;1016905728;24260608;1118597120;0;0;0;0;0;0;0;0;0;0;0;3507;0;0;89;0;80;0;
27061;4952308;1016905728;24260608;1118597120;0;0;0;0;0;0;0;0;0;0;0;3116;0;0;89;0;80;0;
27062;4762651;1016905728;24260608;1118597120;0;0;0;0;0;0;0;0;0;0;0;3476;0;0;89;0;80;0;
27063;5187579;1016905728;24260608;1118597120;0;0;0;0;0;0;0;0;0;0;0;2975;0;0;89;0;80;0;
27064;4594276;1016905728;24260608;1118597120;0;0;0;0;0;0;0;0;0;0;0;3466;0;0;89;0;80;0;
27065;5377755;1016905728;24260608;1118597120;0;0;0;0;0;0;0;0;0;0;0;3156;0;0;89;0;80;0;
27066;5178882;1016905728;24260608;1118597120;0;0;0;0;0;0;0;0;0;0;0;3547;0;0;89;0;80;0;
27067;5501948;1016905728;24260608;1118597120;0;0;0;0;0;0;0;0;0;0;0;3447;0;0;89;0;80;0;
27068;4672243;1016905728;24260608;1118597120;0;0;0;0;0;0;0;0;0;0;0;3617;0;0;89;0;80;0;
27069;6537270;1016905728;24260608;1118597120;0;0;0;0;0;0;0;0;0;0;0;4599;0;0;89;0;80;0;
27070;4527391;1016905728;24260608;1118597120;0;0;0;0;0;0;0;0;0;0;0;4098;0;0;89;0;80;0;
27071;4974870;1016905728;24260608;1118597120;0;0;0;0;0;0;0;0;0;0;0;3276;0;0;89;0;80;0;
27072;4653317;1016905728;24260608;1118597120;0;0;0;0;0;0;0;0;0;0;0;3847;0;0;89;0;80;0;
27073;5215261;1016905728;24260608;1118597120;0;0;0;0;0;0;0;0;0;0;0;3196;0;0;89;0;80;0;
27074;3550338;1016905728;24260608;1118597120;0;0;0;0;0;0;0;0;0;0;0;3256;0;0;89;0;80;0;
27075;5320038;1016905728;24260608;1118597120;0;0;0;0;0;0;0;0;0;0;0;2525;0;0;89;0;80;0;
27076;4255781;1016905728;24260608;1118597120;0;0;0;0;0;0;0;0;0;0;0;3317;0;0;89;0;80;0;
27077;5501006;1016905728;24260608;1118597120;0;0;0;0;0;0;0;0;0;0;0;4669;0;0;89;0;80;0;
27078;3672838;1016905728;24260608;1118597120;0;0;0;0;0;0;0;0;0;0;0;3938;0;0;89;0;80;0;
27079;6461148;1016905728;24260608;1118597120;0;0;0;0;0;0;0;0;0;0;0;3035;0;0;89;0;80;0;
27080;3647239;1016905728;24260608;1118597120;0;0;0;0;0;0;0;0;0;0;0;3337;0;0;89;0;80;0;
27081;5696864;1016905728;24260608;1118597120;0;0;0;0;0;0;0;0;0;0;0;3596;0;0;89;0;80;0;
27082;3815886;1016905728;24260608;1118597120;0;0;0;0;0;0;0;0;0;0;0;3747;0;0;89;0;80;0;
27083;5439461;1016905728;24260608;1118597120;0;0;0;0;0;0;0;0;0;0;0;3637;0;0;89;0;80;0;
27084;3471841;1016905728;24260608;1118597120;0;0;0;0;0;0;0;0;0;0;0;3747;0;0;89;0;80;0;
27085;4942349;1016905728;24260608;1118597120;0;0;0;0;0;0;0;0;0;0;0;3226;0;0;89;0;80;0;
27086;5024623;1016905728;24260608;1118597120;0;0;0;0;0;0;0;0;0;0;0;3276;0;0;89;0;80;0;
27087;5567151;1016905728;24260608;1118597120;0;0;0;0;0;0;0;0;0;0;0;2865;0;0;89;0;80;0;
27088;3689740;1016905728;24260608;1118597120;0;0;0;0;0;0;0;0;0;0;0;3657;0;0;89;0;80;0;
27089;5097209;1016905728;24260608;1118597120;0;0;0;0;0;0;0;0;0;0;0;3447;0;0;89;0;80;0;
27090;4023276;1016905728;24260608;1118597120;0;0;0;0;0;0;0;0;0;0;0;3356;0;0;89;0;80;0;
27091;5226962;1016905728;24260608;1118597120;0;0;0;0;0;0;0;0;0;0;0;2865;0;0;89;0;80;0;
27092;4596611;1016905728;24260608;1118597120;0;0;0;0;0;0;0;0;0;0;0;4088;0;0;89;0;80;0;
27093;5201255;1016905728;24260608;1118597120;0;0;0;0;0;0;0;0;0;0;0;3537;0;0;89;0;80;0;
27094;4578847;1016905728;24260608;1118597120;0;0;0;0;0;0;0;0;0;0;0;3707;0;0;89;0;80;0;
27095;5684180;1016905728;24260608;1118597120;0;0;0;0;0;0;0;0;0;0;0;2715;0;0;89;0;80;0;
27096;5399225;1016905728;24260608;1118597120;0;0;0;0;0;0;0;0;0;0;0;4208;0;0;89;0;80;0;
27097;5215300;1016905728;24260608;1118597120;0;0;0;0;0;0;0;0;0;0;0;3136;0;0;89;0;80;0;
27098;2630554;1016905728;24260608;1118597120;0;0;0;0;0;0;0;0;0;0;0;3626;0;0;89;0;80;0;
27099;5031807;1016905728;24260608;1118597120;0;0;0;0;0;0;0;0;0;0;0;2565;0;0;89;0;80;0;
27100;3542203;1016905728;24260608;1118597120;0;0;0;0;0;0;0;0;0;0;0;3597;0;0;89;0;80;0;
27101;4709903;1016905728;24260608;1118597120;0;0;0;0;0;0;0;0;0;0;0;2565;0;0;89;0;80;0;
27102;3666066;1016905728;24260608;1118597120;0;0;0;0;0;0;0;0;0;0;0;3616;0;0;89;0;80;0;
27103;5403233;1016905728;24260608;1118597120;0;0;0;0;0;0;0;0;0;0;0;3015;0;0;89;0;80;0;
27104;2981662;1016905728;24260608;1118597120;0;0;0;0;0;0;0;0;0;0;0;3647;0;0;89;0;80;0;
27105;5447336;1016905728;24260608;1118597120;0;0;0;0;0;0;0;0;0;0;0;2795;0;0;89;0;80;0;
27106;3842777;1016905728;24260608;1118597120;0;0;0;0;0;0;0;0;0;0;0;3045;0;0;89;0;80;0;
27107;4503526;1016905728;24260608;1118597120;0;0;0;0;0;0;0;0;0;0;0;2384;0;0;89;0;80;0;
27108;4108525;1016905728;24260608;1118597120;0;0;0;0;0;0;0;0;0;0;0;3136;0;0;89;0;80;0;
27109;5117267;1016905728;24260608;1118597120;0;0;0;0;0;0;0;0;0;0;0;2615;0;0;89;0;80;0;
27110;2927470;1016905728;24260608;1118597120;0;0;0;0;0;0;0;0;0;0;0;3457;0;0;89;0;80;0;
27111;5146782;1016905728;24260608;1118597120;0;0;0;0;0;0;0;0;0;0;0;3527;0;0;89;0;80;0;
27112;3224697;1016905728;24260608;1118597120;0;0;0;0;0;0;0;0;0;0;0;3777;0;0;89;0;80;0;
27113;4872749;1016905728;24260608;1118597120;0;0;0;0;0;0;0;0;0;0;0;2775;0;0;89;0;80;0;
27114;3017769;1016905728;24260608;1118597120;0;0;0;0;0;0;0;0;0;0;0;2785;0;0;89;0;80;0;
27115;5110003;1016905728;24260608;1118597120;0;0;0;0;0;0;0;0;0;0;0;2454;0;0;89;0;80;0;
27116;3091958;1016905728;24260608;1118597120;0;0;0;0;0;0;0;0;0;0;0;3416;0;0;89;0;80;0;
27117;4756590;1016905728;24260608;1118597120;0;0;0;0;0;0;0;0;0;0;0;2965;0;0;89;0;80;0;
27118;5821007;1016905728;24260608;1118597120;0;0;0;0;0;0;0;0;0;0;0;4468;0;0;89;0;80;0;
27119;7443239;1016905728;24260608;1118597120;0;0;0;0;0;0;0;0;0;0;0;3867;0;0;89;0;80;0;
27120;4968157;1016905728;24260608;1118597120;0;0;0;0;0;0;0;0;0;0;0;4849;0;0;89;0;80;0;
27121;6705976;1016905728;24260608;1118597120;0;0;0;0;0;0;0;0;0;0;0;5050;0;0;89;0;80;0;
27122;7372306;1016905728;24260608;1118597120;0;0;0;0;0;0;0;0;0;0;0;9198;0;0;89;0;80;0;
27123;6103446;1016905728;24260608;1118597120;0;0;0;0;0;0;0;0;0;0;0;4889;0;0;89;0;80;0;
27124;4564861;1016905728;24260608;1118597120;0;0;0;0;0;0;0;0;0;0;0;3787;0;0;89;0;80;0;
27125;6005894;1016905728;24260608;1118597120;0;0;0;0;0;0;0;0;0;0;0;3927;0;0;89;0;80;0;
27126;5740957;1016905728;24260608;1118597120;0;0;0;0;0;0;0;0;0;0;0;3958;0;0;89;0;80;0;
27127;6769465;1022709760;31825920;1126162432;0;0;0;0;0;0;0;0;0;0;0;4188;0;0;89;0;80;0;
27128;5849770;1022709760;31825920;1126162432;0;0;0;0;0;0;0;0;0;0;0;3567;0;0;89;0;80;0;
27129;5014184;1022709760;31825920;1126162432;0;0;0;0;0;0;0;0;0;0;0;3196;0;0;89;0;80;0;
27130;7063056;1022709760;31825920;1126162432;0;0;0;0;0;0;0;0;0;0;0;4328;0;0;89;0;80;0;
27131;5445312;1022709760;31825920;1126162432;0;0;0;0;0;0;0;0;0;0;0;3597;0;0;89;0;80;0;
27132;6130878;1022709760;31825920;1126162432;0;0;0;0;0;0;0;0;0;0;0;3907;0;0;89;0;80;0;
27133;8883961;1022709760;31825920;1126162432;0;0;0;0;0;0;0;0;0;0;0;4158;0;0;89;0;80;0;
27134;5875820;1022709760;31825920;1126162432;0;0;0;0;0;0;0;0;0;0;0;4178;0;0;89;0;80;0;
27135;6504488;1022709760;31825920;1126162432;0;0;0;0;0;0;0;0;0;0;0;3256;0;0;89;0;80;0;
27136;5223837;1016946688;24260608;1118597120;0;0;0;0;0;0;0;0;0;0;0;3987;0;0;89;0;80;0;
27137;6283514;1016946688;24260608;1118597120;0;0;0;0;0;0;0;0;0;0;0;4268;0;0;89;0;80;0;
27138;5144939;1016946688;24260608;1118597120;0;0;0;0;0;0;0;0;0;0;0;4158;0;0;89;0;80;0;
27139;6611859;1016946688;24260608;1118597120;0;0;0;0;0;0;0;0;0;0;0;3737;0;0;89;0;80;0;
27140;5187068;1016946688;24260608;1118597120;0;0;0;0;0;0;0;0;0;0;0;3978;0;0;89;0;80;0;
27141;6150585;1016946688;24260608;1118597120;0;0;0;0;0;0;0;0;0;0;0;4568;0;0;89;0;80;0;
27142;5140370;1016946688;24260608;1118597120;0;0;0;0;0;0;0;0;0;0;0;4137;0;0;89;0;80;0;
27143;7710049;1016946688;24260608;1118597120;0;0;0;0;0;0;0;0;0;0;0;3917;0;0;89;0;80;0;
27144;6135847;1016946688;24260608;1118597120;0;0;0;0;0;0;0;0;0;0;0;4708;0;0;89;0;80;0;
27145;6307339;1016946688;24260608;1118597120;0;0;0;0;0;0;0;0;0;0;0;4208;0;0;89;0;80;0;
27146;6511552;1016946688;24260608;1118597120;0;0;0;0;0;0;0;0;0;0;0;3888;0;0;89;0;80;0;
27147;7249686;1016946688;24260608;1118597120;0;0;0;0;0;0;0;0;0;0;0;4188;0;0;89;0;80;0;
27148;4965112;1016946688;24260608;1118597120;0;0;0;0;0;0;0;0;0;0;0;4278;0;0;89;0;80;0;
27149;8081436;1016946688;24260608;1118597120;0;0;0;0;0;0;0;0;0;0;0;5110;0;0;89;0;80;0;
27150;4974128;1016946688;24260608;1118597120;0;0;0;0;0;0;0;0;0;0;0;3537;0;0;89;0;80;0;
27151;9514112;1022750720;31825920;1126162432;0;0;0;0;0;0;0;0;0;0;0;4378;0;0;89;0;80;0;
27152;5316350;1022750720;31825920;1126162432;0;0;0;0;0;0;0;0;0;0;0;4799;0;0;89;0;80;0;
27153;8092086;1022750720;31825920;1126162432;0;0;0;0;0;0;0;0;0;0;0;3818;0;0;89;0;80;0;
27154;5441014;1022750720;31825920;1126162432;0;0;0;0;0;0;0;0;0;0;0;4218;0;0;89;0;80;0;
27155;7072053;1022750720;31825920;1126162432;0;0;0;0;0;0;0;0;0;0;0;4439;0;0;89;0;80;0;
27156;5729445;1022750720;31825920;1126162432;0;0;0;0;0;0;0;0;0;0;0;3697;0;0;89;0;80;0;
27157;6002387;1022750720;31825920;1126162432;0;0;0;0;0;0;0;0;0;0;0;2935;0;0;89;0;80;0;
27158;3811157;1022750720;31825920;1126162432;0;0;0;0;0;0;0;0;0;0;0;2986;0;0;89;0;80;0;
27159;6168328;1022750720;31825920;1126162432;0;0;0;0;0;0;0;0;0;0;0;2795;0;0;89;0;80;0;
27160;4328508;1016954880;24260608;1118597120;0;0;0;0;0;0;0;0;0;0;0;3336;0;0;89;0;80;0;
27161;6035449;1016954880;24260608;1118597120;0;0;0;0;0;0;0;0;0;0;0;3026;0;0;89;0;80;0;
27162;6532371;1016954880;24260608;1118597120;0;0;0;0;0;0;0;0;0;0;0;4429;0;0;89;0;80;0;
27163;6075564;1016954880;24260608;1118597120;0;0;0;0;0;0;0;0;0;0;0;3537;0;0;89;0;80;0;
27164;5567521;1016954880;24260608;1118597120;0;0;0;0;0;0;0;0;0;0;0;4819;0;0;89;0;80;0;
27165;6764396;1016954880;24260608;1118597120;0;0;0;0;0;0;0;0;0;0;0;3617;0;0;89;0;80;0;
27166;4992132;1016954880;24260608;1118597120;0;0;0;0;0;0;0;0;0;0;0;3566;0;0;89;0;80;0;
27167;6252586;1016954880;24260608;1118597120;0;0;0;0;0;0;0;0;0;0;0;2976;0;0;89;0;80;0;
27168;5057945;1016954880;24260608;1118597120;0;0;0;0;0;0;0;0;0;0;0;4318;0;0;89;0;80;0;
27169;6292080;1016954880;24260608;1118597120;0;0;0;0;0;0;0;0;0;0;0;2685;0;0;89;0;80;0;
27170;4743847;1016954880;24260608;1118597120;0;0;0;0;0;0;0;0;0;0;0;3837;0;0;89;0;80;0;
27171;7868607;1016954880;24260608;1118597120;0;0;0;0;0;0;0;0;0;0;0;3206;0;0;89;0;80;0;
27172;5529109;1016954880;24260608;1118597120;0;0;0;0;0;0;0;0;0;0;0;3998;0;0;89;0;80;0;
27173;5939309;1016954880;24260608;1118597120;0;0;0;0;0;0;0;0;0;0;0;3557;0;0;89;0;80;0;
27174;5868876;1016954880;24260608;1118597120;0;0;0;0;0;0;0;0;0;0;0;4037;0;0;89;0;80;0;
27175;7078685;1022758912;31825920;1126162432;0;0;0;0;0;0;0;0;0;0;0;3898;0;0;89;0;80;0;
27176;5113911;1022758912;31825920;1126162432;0;0;0;0;0;0;0;0;0;0;0;3657;0;0;89;0;80;0;
27177;6398499;1022758912;31825920;1126162432;0;0;0;0;0;0;0;0;0;0;0;3497;0;0;89;0;80;0;
27178;5666998;1022758912;31825920;1126162432;0;0;0;0;0;0;0;0;0;0;0;3877;0;0;89;0;80;0;
27179;6185070;1022758912;31825920;1126162432;0;0;0;0;0;0;0;0;0;0;0;3586;0;0;89;0;80;0;
27180;5885648;1022758912;31825920;1126162432;0;0;0;0;0;0;0;0;0;0;0;3397;0;0;89;0;80;0;
27181;6169610;1022758912;31825920;1126162432;0;0;0;0;0;0;0;0;0;0;0;3317;0;0;89;0;80;0;
27182;6081906;1022758912;31825920;1126162432;0;0;0;0;0;0;0;0;0;0;0;4449;0;0;89;0;80;0;
27183;10698474;1022758912;31825920;1126162432;0;0;0;0;0;0;0;0;0;0;0;4299;0;0;89;0;80;0;
27184;7600924;1016963072;24260608;1118597120;0;0;0;0;0;0;0;0;0;0;0;5179;0;0;89;0;80;0;
27185;6163209;1016963072;24260608;1118597120;0;0;0;0;0;0;0;0;0;0;0;3346;0;0;89;0;80;0;
27186;5754672;1016963072;24260608;1118597120;0;0;0;0;0;0;0;0;0;0;0;3496;0;0;89;0;80;0;
27187;5528057;1016963072;24260608;1118597120;0;0;0;0;0;0;0;0;0;0;0;2705;0;0;89;0;80;0;
27188;4083408;1016963072;24260608;1118597120;0;0;0;0;0;0;0;0;0;0;0;3336;0;0;89;0;80;0;
27189;5574425;1016963072;24260608;1118597120;0;0;0;0;0;0;0;0;0;0;0;2615;0;0;89;0;80;0;
27190;4754586;1016963072;24260608;1118597120;0;0;0;0;0;0;0;0;0;0;0;4589;0;0;89;0;80;0;
27191;5640287;1016963072;24260608;1118597120;0;0;0;0;0;0;0;0;0;0;0;3657;0;0;89;0;80;0;
27192;4324691;1016963072;24260608;1118597120;0;0;0;0;0;0;0;0;0;0;0;3697;0;0;89;0;80;0;
27193;6159812;1016963072;24260608;1118597120;0;0;0;0;0;0;0;0;0;0;0;3386;0;0;89;0;80;0;
27194;3615440;1016963072;24260608;1118597120;0;0;0;0;0;0;0;0;0;0;0;2925;0;0;89;0;80;0;
27195;7330778;1016963072;24260608;1118597120;0;0;0;0;0;0;0;0;0;0;0;2756;0;0;89;0;80;0;
27196;5482472;1016963072;24260608;1118597120;0;0;0;0;0;0;0;0;0;0;0;3848;0;0;89;0;80;0;
27197;6240734;1016963072;24260608;1118597120;0;0;0;0;0;0;0;0;0;0;0;3166;0;0;89;0;80;0;
27198;5897620;1016963072;24260608;1118597120;0;0;0;0;0;0;0;0;0;0;0;4468;0;0;89;0;80;0;
27199;8058152;1022767104;31825920;1126162432;0;0;0;0;0;0;0;0;0;0;0;3777;0;0;89;0;80;0;
27200;4509887;1022767104;31825920;1126162432;0;0;0;0;0;0;0;0;0;0;0;3286;0;0;89;0;80;0;
27201;6037563;1022767104;31825920;1126162432;0;0;0;0;0;0;0;0;0;0;0;2715;0;0;89;0;80;0;
27202;4595368;1022767104;31825920;1126162432;0;0;0;0;0;0;0;0;0;0;0;3086;0;0;89;0;80;0;
27203;6415973;1022767104;31825920;1126162432;0;0;0;0;0;0;0;0;0;0;0;2905;0;0;89;0;80;0;
27204;4624132;1022767104;31825920;1126162432;0;0;0;0;0;0;0;0;0;0;0;3566;0;0;89;0;80;0;
27205;5925963;1022767104;31825920;1126162432;0;0;0;0;0;0;0;0;0;0;0;2825;0;0;89;0;80;0;
27206;3911436;1022767104;31825920;1126162432;0;0;0;0;0;0;0;0;0;0;0;3316;0;0;89;0;80;0;
27207;5676906;1022767104;31825920;1126162432;0;0;0;0;0;0;0;0;0;0;0;3417;0;0;89;0;80;0;
27208;4412546;1016971264;24260608;1118597120;0;0;0;0;0;0;0;0;0;0;0;3667;0;0;89;0;80;0;
27209;5251449;1016971264;24260608;1118597120;0;0;0;0;0;0;0;0;0;0;0;3036;0;0;89;0;80;0;
27210;3566429;1016971264;24260608;1118597120;0;0;0;0;0;0;0;0;0;0;0;3536;0;0;89;0;80;0;
27211;5301102;1016971264;24260608;1118597120;0;0;0;0;0;0;0;0;0;0;0;3236;0;0;89;0;80;0;
27212;4972014;1016971264;24260608;1118597120;0;0;0;0;0;0;0;0;0;0;0;3126;0;0;89;0;80;0;
27213;5693217;1016971264;24260608;1118597120;0;0;0;0;0;0;0;0;0;0;0;2946;0;0;89;0;80;0;
27214;4727786;1016971264;24260608;1118597120;0;0;0;0;0;0;0;0;0;0;0;3497;0;0;89;0;80;0;
27215;5830304;1016971264;24260608;1118597120;0;0;0;0;0;0;0;0;0;0;0;3146;0;0;89;0;80;0;
27216;4907814;1016971264;24260608;1118597120;0;0;0;0;0;0;0;0;0;0;0;3126;0;0;89;0;80;0;
27217;5567291;1016971264;24260608;1118597120;0;0;0;0;0;0;0;0;0;0;0;2986;0;0;89;0;80;0;
27218;4694434;1016971264;24260608;1118597120;0;0;0;0;0;0;0;0;0;0;0;3887;0;0;89;0;80;0;
27219;5174013;1016971264;24260608;1118597120;0;0;0;0;0;0;0;0;0;0;0;3046;0;0;89;0;80;0;
27220;4362151;1016971264;24260608;1118597120;0;0;0;0;0;0;0;0;0;0;0;3697;0;0;89;0;80;0;
27221;5957473;1016971264;24260608;1118597120;0;0;0;0;0;0;0;0;0;0;0;3286;0;0;89;0;80;0;
27222;3293286;1016971264;24260608;1118597120;0;0;0;0;0;0;0;0;0;0;0;3256;0;0;89;0;80;0;
27223;6340551;1022775296;31825920;1126162432;0;0;0;0;0;0;0;0;0;0;0;3126;0;0;89;0;80;0;
27224;4751060;1022775296;31825920;1126162432;0;0;0;0;0;0;0;0;0;0;0;3226;0;0;89;0;80;0;
27225;5576498;1022775296;31825920;1126162432;0;0;0;0;0;0;0;0;0;0;0;2855;0;0;89;0;80;0;
27226;5453277;1022775296;31825920;1126162432;0;0;0;0;0;0;0;0;0;0;0;3938;0;0;89;0;80;0;
27227;6536539;1022775296;31825920;1126162432;0;0;0;0;0;0;0;0;0;0;0;3527;0;0;89;0;80;0;
27228;5303156;1022775296;31825920;1126162432;0;0;0;0;0;0;0;0;0;0;0;3717;0;0;89;0;80;0;
27229;5927767;1022775296;31825920;1126162432;0;0;0;0;0;0;0;0;0;0;0;3346;0;0;89;0;80;0;
27230;5593119;1022775296;31825920;1126162432;0;0;0;0;0;0;0;0;0;0;0;3907;0;0;89;0;80;0;
27231;5234797;1022775296;31825920;1126162432;0;0;0;0;0;0;0;0;0;0;0;3607;0;0;89;0;80;0;
27232;5468666;1016979456;24260608;1118597120;0;0;0;0;0;0;0;0;0;0;0;3597;0;0;89;0;80;0;
27233;5715209;1016979456;24260608;1118597120;0;0;0;0;0;0;0;0;0;0;0;3306;0;0;89;0;80;0;
27234;5150760;1016979456;24260608;1118597120;0;0;0;0;0;0;0;0;0;0;0;3998;0;0;89;0;80;0;
27235;5561620;1016979456;24260608;1118597120;0;0;0;0;0;0;0;0;0;0;0;3407;0;0;89;0;80;0;
27236;5434381;1016979456;24260608;1118597120;0;0;0;0;0;0;0;0;0;0;0;3487;0;0;89;0;80;0;
27237;5545400;1016979456;24260608;1118597120;0;0;0;0;0;0;0;0;0;0;0;2995;0;0;89;0;80;0;
27238;6292301;1016979456;24260608;1118597120;0;0;0;0;0;0;0;0;0;0;0;4168;0;0;89;0;80;0;
27239;5682196;1016979456;24260608;1118597120;0;0;0;0;0;0;0;0;0;0;0;3176;0;0;89;0;80;0;
27240;6121681;1016979456;24260608;1118597120;0;0;0;0;0;0;0;0;0;0;0;3516;0;0;89;0;80;0;
27241;6711346;1016979456;24260608;1118597120;0;0;0;0;0;0;0;0;0;0;0;3326;0;0;89;0;80;0;
27242;5938076;1016979456;24260608;1118597120;0;0;0;0;0;0;0;0;0;0;0;4048;0;0;89;0;80;0;
27243;7051495;1016979456;24260608;1118597120;0;0;0;0;0;0;0;0;0;0;0;3677;0;0;89;0;80;0;
27244;5923028;1016979456;24260608;1118597120;0;0;0;0;0;0;0;0;0;0;0;3858;0;0;89;0;80;0;
27245;7199582;1016979456;24260608;1118597120;0;0;0;0;0;0;0;0;0;0;0;3286;0;0;89;0;80;0;
27246;5746046;1016979456;24260608;1118597120;0;0;0;0;0;0;0;0;0;0;0;3998;0;0;89;0;80;0;
27247;6487988;1016979456;24260608;1118597120;0;0;0;0;0;0;0;0;0;0;0;3446;0;0;89;0;80;0;
27248;5118459;1016979456;24260608;1118597120;0;0;0;0;0;0;0;0;0;0;0;3957;0;0;89;0;80;0;
27249;6823637;1016979456;24260608;1118597120;0;0;0;0;0;0;0;0;0;0;0;3416;0;0;89;0;80;0;
27250;6342334;1016979456;24260608;1118597120;0;0;0;0;0;0;0;0;0;0;0;4218;0;0;89;0;80;0;
27251;5617004;1016979456;24260608;1118597120;0;0;0;0;0;0;0;0;0;0;0;3487;0;0;89;0;80;0;
27252;5246880;1016979456;24260608;1118597120;0;0;0;0;0;0;0;0;0;0;0;3346;0;0;89;0;80;0;
27253;6188616;1016979456;24260608;1118597120;0;0;0;0;0;0;0;0;0;0;0;3777;0;0;89;0;80;0;
27254;4445727;1016979456;24260608;1118597120;0;0;0;0;0;0;0;0;0;0;0;3286;0;0;89;0;80;0;
27255;5626853;1016979456;24260608;1118597120;0;0;0;0;0;0;0;0;0;0;0;3236;0;0;89;0;80;0;
27256;5112027;1016979456;24260608;1118597120;0;0;0;0;0;0;0;0;0;0;0;4278;0;0;89;0;80;0;
27257;6937580;1016979456;24260608;1118597120;0;0;0;0;0;0;0;0;0;0;0;4218;0;0;89;0;80;0;
27258;4978507;1016979456;24260608;1118597120;0;0;0;0;0;0;0;0;0;0;0;3937;0;0;89;0;80;0;
27259;6267043;1016979456;24260608;1118597120;0;0;0;0;0;0;0;0;0;0;0;4007;0;0;89;0;80;0;
27260;4644269;1016979456;24260608;1118597120;0;0;0;0;0;0;0;0;0;0;0;3527;0;0;89;0;80;0;
27261;6388170;1016979456;24260608;1118597120;0;0;0;0;0;0;0;0;0;0;0;3075;0;0;89;0;80;0;
27262;5193881;1016979456;24260608;1118597120;0;0;0;0;0;0;0;0;0;0;0;3897;0;0;89;0;80;0;
27263;5587048;1016979456;24260608;1118597120;0;0;0;0;0;0;0;0;0;0;0;3617;0;0;89;0;80;0;
27264;5028010;1016979456;24260608;1118597120;0;0;0;0;0;0;0;0;0;0;0;3387;0;0;89;0;80;0;
27265;5485307;1016979456;24260608;1118597120;0;0;0;0;0;0;0;0;0;0;0;2745;0;0;89;0;80;0;
27266;3263761;1016979456;24260608;1118597120;0;0;0;0;0;0;0;0;0;0;0;3436;0;0;89;0;80;0;
27267;5193370;1016979456;24260608;1118597120;0;0;0;0;0;0;0;0;0;0;0;2715;0;0;89;0;80;0;
27268;5039741;1016979456;24260608;1118597120;0;0;0;0;0;0;0;0;0;0;0;3436;0;0;89;0;80;0;
27269;6443784;1016979456;24260608;1118597120;0;0;0;0;0;0;0;0;0;0;0;2975;0;0;89;0;80;0;
27270;4815741;1016979456;24260608;1118597120;0;0;0;0;0;0;0;0;0;0;0;3056;0;0;89;0;80;0;
27271;6709613;1016979456;24260608;1118597120;0;0;0;0;0;0;0;0;0;0;0;3045;0;0;89;0;80;0;
27272;4824839;1016979456;24260608;1118597120;0;0;0;0;0;0;0;0;0;0;0;3627;0;0;89;0;80;0;
27273;6250422;1016979456;24260608;1118597120;0;0;0;0;0;0;0;0;0;0;0;3216;0;0;89;0;80;0;
27274;6012636;1016979456;24260608;1118597120;0;0;0;0;0;0;0;0;0;0;0;3687;0;0;89;0;80;0;
27275;6182895;1016979456;24260608;1118597120;0;0;0;0;0;0;0;0;0;0;0;2865;0;0;89;0;80;0;
27276;5468475;1016979456;24260608;1118597120;0;0;0;0;0;0;0;0;0;0;0;4138;0;0;89;0;80;0;
27277;6312028;1016979456;24260608;1118597120;0;0;0;0;0;0;0;0;0;0;0;3767;0;0;89;0;80;0;
27278;4875313;1016979456;24260608;1118597120;0;0;0;0;0;0;0;0;0;0;0;3757;0;0;89;0;80;0;
27279;6431181;1016979456;24260608;1118597120;0;0;0;0;0;0;0;0;0;0;0;3526;0;0;89;0;80;0;
27280;7271357;1016979456;24260608;1118597120;0;0;0;0;0;0;0;0;0;0;0;4007;0;0;89;0;80;0;
27281;6452070;1016979456;24260608;1118597120;0;0;0;0;0;0;0;0;0;0;0;3266;0;0;89;0;80;0;
27282;3761174;1016979456;24260608;1118597120;0;0;0;0;0;0;0;0;0;0;0;3116;0;0;89;0;80;0;
27283;6949012;1016979456;24260608;1118597120;0;0;0;0;0;0;0;0;0;0;0;2906;0;0;89;0;80;0;
27284;4910168;1016979456;24260608;1118597120;0;0;0;0;0;0;0;0;0;0;0;4128;0;0;89;0;80;0;
27285;7236281;1016979456;24260608;1118597120;0;0;0;0;0;0;0;0;0;0;0;3226;0;0;89;0;80;0;
27286;5518911;1016979456;24260608;1118597120;0;0;0;0;0;0;0;0;0;0;0;3586;0;0;89;0;80;0;
27287;5878084;1016979456;24260608;1118597120;0;0;0;0;0;0;0;0;0;0;0;3567;0;0;89;0;80;0;
27288;5242722;1016979456;24260608;1118597120;0;0;0;0;0;0;0;0;0;0;0;3576;0;0;89;0;80;0;
27289;5385480;1016979456;24260608;1118597120;0;0;0;0;0;0;0;0;0;0;0;3386;0;0;89;0;80;0;
27290;5177881;1016979456;24260608;1118597120;0;0;0;0;0;0;0;0;0;0;0;3536;0;0;89;0;80;0;
27291;5389698;1016979456;24260608;1118597120;0;0;0;0;0;0;0;0;0;0;0;2645;0;0;89;0;80;0;
27292;3162221;1016979456;24260608;1118597120;0;0;0;0;0;0;0;0;0;0;0;3176;0;0;89;0;80;0;
27293;5564295;1016979456;24260608;1118597120;0;0;0;0;0;0;0;0;0;0;0;2935;0;0;89;0;80;0;
27294;5010808;1016979456;24260608;1118597120;0;0;0;0;0;0;0;0;0;0;0;3657;0;0;89;0;80;0;
27295;5810477;1016979456;24260608;1118597120;0;0;0;0;0;0;0;0;0;0;0;3307;0;0;89;0;80;0;
27296;4373552;1016979456;24260608;1118597120;0;0;0;0;0;0;0;0;0;0;0;3967;0;0;89;0;80;0;
27297;6197062;1016979456;24260608;1118597120;0;0;0;0;0;0;0;0;0;0;0;3377;0;0;89;0;80;0;
27298;5056713;1016979456;24260608;1118597120;0;0;0;0;0;0;0;0;0;0;0;3497;0;0;89;0;80;0;
27299;6898768;1016979456;24260608;1118597120;0;0;0;0;0;0;0;0;0;0;0;3356;0;0;89;0;80;0;
27300;4728898;1016979456;24260608;1118597120;0;0;0;0;0;0;0;0;0;0;0;3777;0;0;89;0;80;0;
27301;6638820;1016979456;24260608;1118597120;0;0;0;0;0;0;0;0;0;0;0;3366;0;0;89;0;80;0;
27302;4657826;1016979456;24260608;1118597120;0;0;0;0;0;0;0;0;0;0;0;3997;0;0;89;0;80;0;
27303;5677758;1016979456;24260608;1118597120;0;0;0;0;0;0;0;0;0;0;0;2825;0;0;89;0;80;0;
27304;5281695;1016979456;24260608;1118597120;0;0;0;0;0;0;0;0;0;0;0;3527;0;0;89;0;80;0;
27305;8841321;1016979456;24260608;1118597120;0;0;0;0;0;0;0;0;0;0;0;3015;0;0;89;0;80;0;
27306;12391007;1016979456;24260608;1118597120;0;0;0;0;0;0;0;0;0;0;0;3897;0;0;89;0;80;0;
27307;6180701;1016979456;24260608;1118597120;0;0;0;0;0;0;0;0;0;0;0;2775;0;0;89;0;80;0;
27308;5948986;1016979456;24260608;1118597120;0;0;0;0;0;0;0;0;0;0;0;4168;0;0;89;0;80;0;
27309;6027363;1016979456;24260608;1118597120;0;0;0;0;0;0;0;0;0;0;0;3206;0;0;89;0;80;0;
27310;5506186;1016979456;24260608;1118597120;0;0;0;0;0;0;0;0;0;0;0;3818;0;0;89;0;80;0;
27311;5840192;1016979456;24260608;1118597120;0;0;0;0;0;0;0;0;0;0;0;3426;0;0;89;0;80;0;
27312;5510314;1016979456;24260608;1118597120;0;0;0;0;0;0;0;0;0;0;0;3517;0;0;89;0;80;0;
27313;6076315;1016979456;24260608;1118597120;0;0;0;0;0;0;0;0;0;0;0;2685;0;0;89;0;80;0;
27314;4922341;1016979456;24260608;1118597120;0;0;0;0;0;0;0;0;0;0;0;3907;0;0;89;0;80;0;
27315;5190714;1016979456;24260608;1118597120;0;0;0;0;0;0;0;0;0;0;0;3597;0;0;89;0;80;0;
27316;4829577;1016979456;24260608;1118597120;0;0;0;0;0;0;0;0;0;0;0;4058;0;0;89;0;80;0;
27317;5127106;1016979456;24260608;1118597120;0;0;0;0;0;0;0;0;0;0;0;3487;0;0;89;0;80;0;
27318;4299693;1016979456;24260608;1118597120;0;0;0;0;0;0;0;0;0;0;0;3887;0;0;89;0;80;0;
27319;5688508;1016979456;24260608;1118597120;0;0;0;0;0;0;0;0;0;0;0;2946;0;0;89;0;80;0;
27320;5618416;1016979456;24260608;1118597120;0;0;0;0;0;0;0;0;0;0;0;4058;0;0;89;0;80;0;
27321;6306577;1016979456;24260608;1118597120;0;0;0;0;0;0;0;0;0;0;0;3436;0;0;89;0;80;0;
27322;5899825;1016979456;24260608;1118597120;0;0;0;0;0;0;0;0;0;0;0;3898;0;0;89;0;80;0;
27323;6772431;1016979456;24260608;1118597120;0;0;0;0;0;0;0;0;0;0;0;3076;0;0;89;0;80;0;
27324;4128363;1016979456;24260608;1118597120;0;0;0;0;0;0;0;0;0;0;0;3998;0;0;89;0;80;0;
27325;7398876;1016979456;24260608;1118597120;0;0;0;0;0;0;0;0;0;0;0;3036;0;0;89;0;80;0;
27326;3958794;1016979456;24260608;1118597120;0;0;0;0;0;0;0;0;0;0;0;3677;0;0;89;0;80;0;
27327;6472578;1016979456;24260608;1118597120;0;0;0;0;0;0;0;0;0;0;0;3045;0;0;89;0;80;0;
27328;4694163;1016979456;24260608;1118597120;0;0;0;0;0;0;0;0;0;0;0;2986;0;0;89;0;80;0;
27329;5640518;1016979456;24260608;1118597120;0;0;0;0;0;0;0;0;0;0;0;2925;0;0;89;0;80;0;
27330;4209495;1016979456;24260608;1118597120;0;0;0;0;0;0;0;0;0;0;0;2885;0;0;89;0;80;0;
27331;5849721;1016979456;24260608;1118597120;0;0;0;0;0;0;0;0;0;0;0;2985;0;0;89;0;80;0;
27332;5201825;1016979456;24260608;1118597120;0;0;0;0;0;0;0;0;0;0;0;3547;0;0;89;0;80;0;
27333;5302645;1016979456;24260608;1118597120;0;0;0;0;0;0;0;0;0;0;0;2935;0;0;89;0;80;0;
27334;5579624;1016979456;24260608;1118597120;0;0;0;0;0;0;0;0;0;0;0;9618;0;0;89;0;80;0;
27335;7106066;1016979456;24260608;1118597120;0;0;0;0;0;0;0;0;0;0;0;3196;0;0;89;0;80;0;
27336;4473881;1016979456;24260608;1118597120;0;0;0;0;0;0;0;0;0;0;0;3767;0;0;89;0;80;0;
27337;7048258;1016979456;24260608;1118597120;0;0;0;0;0;0;0;0;0;0;0;4138;0;0;89;0;80;0;
27338;4049485;1016979456;24260608;1118597120;0;0;0;0;0;0;0;0;0;0;0;3627;0;0;89;0;80;0;
27339;6908356;1022783488;31825920;1126162432;0;0;0;0;0;0;0;0;0;0;0;3787;0;0;89;0;80;0;
27340;4732996;1022783488;31825920;1126162432;0;0;0;0;0;0;0;0;0;0;0;3346;0;0;89;0;80;0;
27341;6015511;1022783488;31825920;1126162432;0;0;0;0;0;0;0;0;0;0;0;2765;0;0;89;0;80;0;
27342;3579113;1022783488;31825920;1126162432;0;0;0;0;0;0;0;0;0;0;0;3096;0;0;89;0;80;0;
27343;6874493;1022783488;31825920;1126162432;0;0;0;0;0;0;0;0;0;0;0;2996;0;0;89;0;80;0;
27344;3167200;1022783488;31825920;1126162432;0;0;0;0;0;0;0;0;0;0;0;3497;0;0;89;0;80;0;
27345;5287907;1022783488;31825920;1126162432;0;0;0;0;0;0;0;0;0;0;0;2765;0;0;89;0;80;0;
27346;3523708;1022783488;31825920;1126162432;0;0;0;0;0;0;0;0;0;0;0;2926;0;0;89;0;80;0;
27347;6945616;1022783488;31825920;1126162432;0;0;0;0;0;0;0;0;0;0;0;2605;0;0;89;0;80;0;
27348;3660114;1017020416;24260608;1118597120;0;0;0;0;0;0;0;0;0;0;0;3106;0;0;89;0;80;0;
27349;5216673;1017020416;24260608;1118597120;0;0;0;0;0;0;0;0;0;0;0;3166;0;0;89;0;80;0;
27350;3844109;1017020416;24260608;1118597120;0;0;0;0;0;0;0;0;0;0;0;3056;0;0;89;0;80;0;
27351;6492235;1017020416;24260608;1118597120;0;0;0;0;0;0;0;0;0;0;0;2665;0;0;89;0;80;0;
27352;4400162;1017020416;24260608;1118597120;0;0;0;0;0;0;0;0;0;0;0;3066;0;0;89;0;80;0;
27353;6257245;1017020416;24260608;1118597120;0;0;0;0;0;0;0;0;0;0;0;2775;0;0;89;0;80;0;
27354;4512463;1017020416;24260608;1118597120;0;0;0;0;0;0;0;0;0;0;0;3707;0;0;89;0;80;0;
27355;5670996;1017020416;24260608;1118597120;0;0;0;0;0;0;0;0;0;0;0;3126;0;0;89;0;80;0;
27356;5716130;1017020416;24260608;1118597120;0;0;0;0;0;0;0;0;0;0;0;3677;0;0;89;0;80;0;
27357;6040889;1017020416;24260608;1118597120;0;0;0;0;0;0;0;0;0;0;0;3337;0;0;89;0;80;0;
27358;4492806;1017020416;24260608;1118597120;0;0;0;0;0;0;0;0;0;0;0;3988;0;0;89;0;80;0;
27359;5351926;1017020416;24260608;1118597120;0;0;0;0;0;0;0;0;0;0;0;3337;0;0;89;0;80;0;
27360;5245457;1017020416;24260608;1118597120;0;0;0;0;0;0;0;0;0;0;0;3928;0;0;89;0;80;0;
27361;5150108;1017020416;24260608;1118597120;0;0;0;0;0;0;0;0;0;0;0;3337;0;0;89;0;80;0;
27362;5155879;1017020416;24260608;1118597120;0;0;0;0;0;0;0;0;0;0;0;3747;0;0;89;0;80;0;
27363;7601546;1022824448;31825920;1126162432;0;0;0;0;0;0;0;0;0;0;0;3476;0;0;89;0;80;0;
27364;5378877;1022824448;31825920;1126162432;0;0;0;0;0;0;0;0;0;0;0;3877;0;0;89;0;80;0;
27365;6343887;1022824448;31825920;1126162432;0;0;0;0;0;0;0;0;0;0;0;4188;0;0;89;0;80;0;
27366;4987534;1022824448;31825920;1126162432;0;0;0;0;0;0;0;0;0;0;0;3257;0;0;89;0;80;0;
27367;6077167;1022824448;31825920;1126162432;0;0;0;0;0;0;0;0;0;0;0;2895;0;0;89;0;80;0;
27368;4957297;1022824448;31825920;1126162432;0;0;0;0;0;0;0;0;0;0;0;3096;0;0;89;0;80;0;
27369;7204270;1022824448;31825920;1126162432;0;0;0;0;0;0;0;0;0;0;0;3196;0;0;89;0;80;0;
27370;3449900;1022824448;31825920;1126162432;0;0;0;0;0;0;0;0;0;0;0;3446;0;0;89;0;80;0;
27371;5629858;1022824448;31825920;1126162432;0;0;0;0;0;0;0;0;0;0;0;3065;0;0;89;0;80;0;
27372;5048758;1017028608;24260608;1118597120;0;0;0;0;0;0;0;0;0;0;0;3617;0;0;89;0;80;0;
27373;5411478;1017028608;24260608;1118597120;0;0;0;0;0;0;0;0;0;0;0;2736;0;0;89;0;80;0;
27374;5541893;1017028608;24260608;1118597120;0;0;0;0;0;0;0;0;0;0;0;4498;0;0;89;0;80;0;
27375;7006099;1017028608;24260608;1118597120;0;0;0;0;0;0;0;0;0;0;0;3497;0;0;89;0;80;0;
27376;4704202;1017028608;24260608;1118597120;0;0;0;0;0;0;0;0;0;0;0;3988;0;0;89;0;80;0;
27377;6870024;1017028608;24260608;1118597120;0;0;0;0;0;0;0;0;0;0;0;3687;0;0;89;0;80;0;
27378;4543501;1017028608;24260608;1118597120;0;0;0;0;0;0;0;0;0;0;0;4098;0;0;89;0;80;0;
27379;6417485;1017028608;24260608;1118597120;0;0;0;0;0;0;0;0;0;0;0;3897;0;0;89;0;80;0;
27380;5632654;1017028608;24260608;1118597120;0;0;0;0;0;0;0;0;0;0;0;4228;0;0;89;0;80;0;
27381;6438905;1017028608;24260608;1118597120;0;0;0;0;0;0;0;0;0;0;0;4107;0;0;89;0;80;0;
27382;5282858;1017028608;24260608;1118597120;0;0;0;0;0;0;0;0;0;0;0;4408;0;0;89;0;80;0;
27383;7485328;1017028608;24260608;1118597120;0;0;0;0;0;0;0;0;0;0;0;2826;0;0;89;0;80;0;
27384;5674862;1017028608;24260608;1118597120;0;0;0;0;0;0;0;0;0;0;0;3737;0;0;89;0;80;0;
27385;6332817;1017028608;24260608;1118597120;0;0;0;0;0;0;0;0;0;0;0;3106;0;0;89;0;80;0;
27386;5840884;1017028608;24260608;1118597120;0;0;0;0;0;0;0;0;0;0;0;4128;0;0;89;0;80;0;
27387;8187715;1022832640;31825920;1126162432;0;0;0;0;0;0;0;0;0;0;0;3878;0;0;89;0;80;0;
27388;4027754;1022832640;31825920;1126162432;0;0;0;0;0;0;0;0;0;0;0;3948;0;0;89;0;80;0;
27389;5579033;1022832640;31825920;1126162432;0;0;0;0;0;0;0;0;0;0;0;2464;0;0;89;0;80;0;
27390;3966238;1022832640;31825920;1126162432;0;0;0;0;0;0;0;0;0;0;0;3967;0;0;89;0;80;0;
27391;5541513;1022832640;31825920;1126162432;0;0;0;0;0;0;0;0;0;0;0;3046;0;0;89;0;80;0;
27392;4204665;1022832640;31825920;1126162432;0;0;0;0;0;0;0;0;0;0;0;3627;0;0;89;0;80;0;
27393;6523595;1022832640;31834112;1126170624;0;0;0;0;0;0;0;0;0;0;0;3737;0;0;89;0;80;0;
27394;4082917;1022832640;31834112;1126170624;0;0;0;0;0;0;0;0;0;0;0;3166;0;0;89;0;80;0;
27395;6167516;1022832640;31834112;1126170624;0;0;0;0;0;0;0;0;0;0;0;3136;0;0;89;0;80;0;
27396;4122140;1017044992;24268800;1118605312;0;0;0;0;0;0;0;0;0;0;0;3206;0;0;89;0;80;0;
27397;5448187;1017044992;24268800;1118605312;0;0;0;0;0;0;0;0;0;0;0;3105;0;0;89;0;80;0;
27398;3273419;1017044992;24268800;1118605312;0;0;0;0;0;0;0;0;0;0;0;3377;0;0;89;0;80;0;
27399;5837548;1017044992;24268800;1118605312;0;0;0;0;0;0;0;0;0;0;0;2945;0;0;89;0;80;0;
27400;6095632;1017036800;24260608;1118597120;0;0;0;0;0;0;0;0;0;0;0;3516;0;0;89;0;80;0;
27401;5524100;1017036800;24260608;1118597120;0;0;0;0;0;0;0;0;0;0;0;3105;0;0;89;0;80;0;
27402;5372556;1017036800;24260608;1118597120;0;0;0;0;0;0;0;0;0;0;0;3767;0;0;89;0;80;0;
27403;6144643;1017036800;24260608;1118597120;0;0;0;0;0;0;0;0;0;0;0;3276;0;0;89;0;80;0;
27404;5621202;1017036800;24260608;1118597120;0;0;0;0;0;0;0;0;0;0;0;4208;0;0;89;0;80;0;
27405;6522522;1017036800;24260608;1118597120;0;0;0;0;0;0;0;0;0;0;0;3457;0;0;89;0;80;0;
27406;4885752;1017036800;24260608;1118597120;0;0;0;0;0;0;0;0;0;0;0;3998;0;0;89;0;80;0;
27407;6294945;1017036800;24260608;1118597120;0;0;0;0;0;0;0;0;0;0;0;3948;0;0;89;0;80;0;
27408;6039897;1017036800;24260608;1118597120;0;0;0;0;0;0;0;0;0;0;0;3878;0;0;89;0;80;0;
27409;8089521;1017036800;24260608;1118597120;0;0;0;0;0;0;0;0;0;0;0;3477;0;0;89;0;80;0;
27410;6071076;1017036800;24260608;1118597120;0;0;0;0;0;0;0;0;0;0;0;3997;0;0;89;0;80;0;
27411;8206781;1022840832;31825920;1126162432;0;0;0;0;0;0;0;0;0;0;0;4869;0;0;89;0;80;0;
27412;6436360;1022840832;31825920;1126162432;0;0;0;0;0;0;0;0;0;0;0;3757;0;0;89;0;80;0;
27413;6859545;1022840832;31825920;1126162432;0;0;0;0;0;0;0;0;0;0;0;3206;0;0;89;0;80;0;
27414;3952312;1022840832;31825920;1126162432;0;0;0;0;0;0;0;0;0;0;0;2816;0;0;89;0;80;0;
27415;4935396;1022840832;31825920;1126162432;0;0;0;0;0;0;0;0;0;0;0;2585;0;0;89;0;80;0;
27416;5686505;1022840832;31825920;1126162432;0;0;0;0;0;0;0;0;0;0;0;3086;0;0;89;0;80;0;
27417;5203980;1022840832;31825920;1126162432;0;0;0;0;0;0;0;0;0;0;0;2354;0;0;89;0;80;0;
27418;4585599;1022840832;31825920;1126162432;0;0;0;0;0;0;0;0;0;0;0;3356;0;0;89;0;80;0;
27419;5549788;1022840832;31825920;1126162432;0;0;0;0;0;0;0;0;0;0;0;3337;0;0;89;0;80;0;
27420;4898536;1017044992;24260608;1118597120;0;0;0;0;0;0;0;0;0;0;0;3777;0;0;89;0;80;0;
27421;5224819;1017044992;24260608;1118597120;0;0;0;0;0;0;0;0;0;0;0;2735;0;0;89;0;80;0;
27422;5180025;1017044992;24260608;1118597120;0;0;0;0;0;0;0;0;0;0;0;3146;0;0;89;0;80;0;
27423;5168463;1017044992;24260608;1118597120;0;0;0;0;0;0;0;0;0;0;0;2896;0;0;89;0;80;0;
27424;4448302;1017044992;24260608;1118597120;0;0;0;0;0;0;0;0;0;0;0;3427;0;0;89;0;80;0;
27425;5130441;1017044992;24260608;1118597120;0;0;0;0;0;0;0;0;0;0;0;2505;0;0;89;0;80;0;
27426;4547137;1017044992;24260608;1118597120;0;0;0;0;0;0;0;0;0;0;0;2865;0;0;89;0;80;0;
27427;4930667;1017044992;24260608;1118597120;0;0;0;0;0;0;0;0;0;0;0;3266;0;0;89;0;80;0;
27428;5129069;1017044992;24260608;1118597120;0;0;0;0;0;0;0;0;0;0;0;3487;0;0;89;0;80;0;
27429;5701252;1017044992;24260608;1118597120;0;0;0;0;0;0;0;0;0;0;0;2665;0;0;89;0;80;0;
27430;3654253;1017044992;24260608;1118597120;0;0;0;0;0;0;0;0;0;0;0;3396;0;0;89;0;80;0;
27431;5452615;1017044992;24260608;1118597120;0;0;0;0;0;0;0;0;0;0;0;2876;0;0;89;0;80;0;
27432;5294389;1017044992;24260608;1118597120;0;0;0;0;0;0;0;0;0;0;0;3807;0;0;89;0;80;0;
27433;5595914;1017044992;24260608;1118597120;0;0;0;0;0;0;0;0;0;0;0;3306;0;0;89;0;80;0;
27434;5929130;1017044992;24260608;1118597120;0;0;0;0;0;0;0;0;0;0;0;3556;0;0;89;0;80;0;
27435;6186832;1017044992;24260608;1118597120;0;0;0;0;0;0;0;0;0;0;0;3457;0;0;89;0;80;0;
27436;4036159;1017044992;24260608;1118597120;0;0;0;0;0;0;0;0;0;0;0;3447;0;0;89;0;80;0;
27437;6147058;1017044992;24260608;1118597120;0;0;0;0;0;0;0;0;0;0;0;4238;0;0;89;0;80;0;
27438;4245271;1017044992;24260608;1118597120;0;0;0;0;0;0;0;0;0;0;0;3577;0;0;89;0;80;0;
27439;6853914;1017044992;24260608;1118597120;0;0;0;0;0;0;0;0;0;0;0;3707;0;0;89;0;80;0;
27440;3811919;1017044992;24260608;1118597120;0;0;0;0;0;0;0;0;0;0;0;3466;0;0;89;0;80;0;
27441;6493929;1017044992;24260608;1118597120;0;0;0;0;0;0;0;0;0;0;0;3477;0;0;89;0;80;0;
27442;3564335;1017044992;24260608;1118597120;0;0;0;0;0;0;0;0;0;0;0;4468;0;0;89;0;80;0;
27443;6442562;1017044992;24260608;1118597120;0;0;0;0;0;0;0;0;0;0;0;3326;0;0;89;0;80;0;
27444;3858787;1017044992;24260608;1118597120;0;0;0;0;0;0;0;0;0;0;0;3136;0;0;89;0;80;0;
27445;5738261;1017044992;24260608;1118597120;0;0;0;0;0;0;0;0;0;0;0;3596;0;0;89;0;80;0;
27446;3834291;1017044992;24260608;1118597120;0;0;0;0;0;0;0;0;0;0;0;3226;0;0;89;0;80;0;
27447;6478730;1017044992;24260608;1118597120;0;0;0;0;0;0;0;0;0;0;0;4378;0;0;89;0;80;0;
27448;4191461;1017044992;24260608;1118597120;0;0;0;0;0;0;0;0;0;0;0;3767;0;0;89;0;80;0;
27449;5861933;1017044992;24260608;1118597120;0;0;0;0;0;0;0;0;0;0;0;3226;0;0;89;0;80;0;
27450;4152578;1017044992;24260608;1118597120;0;0;0;0;0;0;0;0;0;0;0;3456;0;0;89;0;80;0;
27451;6352995;1017044992;24260608;1118597120;0;0;0;0;0;0;0;0;0;0;0;3556;0;0;89;0;80;0;
27452;4042041;1017044992;24260608;1118597120;0;0;0;0;0;0;0;0;0;0;0;3507;0;0;89;0;80;0;
27453;6182985;1017044992;24260608;1118597120;0;0;0;0;0;0;0;0;0;0;0;4038;0;0;89;0;80;0;
27454;7998881;1017044992;24260608;1118597120;0;0;0;0;0;0;0;0;0;0;0;3517;0;0;89;0;80;0;
27455;5630098;1017044992;24260608;1118597120;0;0;0;0;0;0;0;0;0;0;0;3116;0;0;89;0;80;0;
27456;4852270;1017044992;24260608;1118597120;0;0;0;0;0;0;0;0;0;0;0;3907;0;0;89;0;80;0;
27457;6035128;1017044992;24260608;1118597120;0;0;0;0;0;0;0;0;0;0;0;3536;0;0;89;0;80;0;
27458;5209690;1017044992;24260608;1118597120;0;0;0;0;0;0;0;0;0;0;0;3556;0;0;89;0;80;0;
27459;6443785;1017044992;24260608;1118597120;0;0;0;0;0;0;0;0;0;0;0;3577;0;0;89;0;80;0;
27460;4773672;1017044992;24260608;1118597120;0;0;0;0;0;0;0;0;0;0;0;3787;0;0;89;0;80;0;
27461;6812616;1017044992;24260608;1118597120;0;0;0;0;0;0;0;0;0;0;0;4288;0;0;89;0;80;0;
27462;4710694;1017044992;24260608;1118597120;0;0;0;0;0;0;0;0;0;0;0;3126;0;0;89;0;80;0;
27463;6218142;1017044992;24260608;1118597120;0;0;0;0;0;0;0;0;0;0;0;3747;0;0;89;0;80;0;
27464;3150949;1017044992;24260608;1118597120;0;0;0;0;0;0;0;0;0;0;0;3266;0;0;89;0;80;0;
27465;6587764;1017044992;24260608;1118597120;0;0;0;0;0;0;0;0;0;0;0;4188;0;0;89;0;80;0;
27466;3904102;1017044992;24260608;1118597120;0;0;0;0;0;0;0;0;0;0;0;3336;0;0;89;0;80;0;
27467;5994081;1017044992;24260608;1118597120;0;0;0;0;0;0;0;0;0;0;0;3166;0;0;89;0;80;0;
27468;4700866;1017044992;24260608;1118597120;0;0;0;0;0;0;0;0;0;0;0;3356;0;0;89;0;80;0;
27469;7005709;1017044992;24260608;1118597120;0;0;0;0;0;0;0;0;0;0;0;4408;0;0;89;0;80;0;
27470;4528232;1017044992;24260608;1118597120;0;0;0;0;0;0;0;0;0;0;0;3847;0;0;89;0;80;0;
27471;5834171;1017044992;24260608;1118597120;0;0;0;0;0;0;0;0;0;0;0;3567;0;0;89;0;80;0;
27472;4989237;1017044992;24260608;1118597120;0;0;0;0;0;0;0;0;0;0;0;3687;0;0;89;0;80;0;
27473;5898852;1017044992;24260608;1118597120;0;0;0;0;0;0;0;0;0;0;0;3436;0;0;89;0;80;0;
27474;3420705;1017044992;24260608;1118597120;0;0;0;0;0;0;0;0;0;0;0;3256;0;0;89;0;80;0;
27475;6450688;1017044992;24260608;1118597120;0;0;0;0;0;0;0;0;0;0;0;3677;0;0;89;0;80;0;
27476;3495295;1017044992;24260608;1118597120;0;0;0;0;0;0;0;0;0;0;0;3537;0;0;89;0;80;0;
27477;5017369;1017044992;24260608;1118597120;0;0;0;0;0;0;0;0;0;0;0;3327;0;0;89;0;80;0;
27478;4010922;1017044992;24260608;1118597120;0;0;0;0;0;0;0;0;0;0;0;3687;0;0;89;0;80;0;
27479;5679922;1017044992;24260608;1118597120;0;0;0;0;0;0;0;0;0;0;0;4128;0;0;89;0;80;0;
27480;4004210;1017044992;24260608;1118597120;0;0;0;0;0;0;0;0;0;0;0;3837;0;0;89;0;80;0;
27481;5804716;1017044992;24260608;1118597120;0;0;0;0;0;0;0;0;0;0;0;3396;0;0;89;0;80;0;
27482;3773196;1017044992;24260608;1118597120;0;0;0;0;0;0;0;0;0;0;0;3607;0;0;89;0;80;0;
27483;6237898;1017044992;24260608;1118597120;0;0;0;0;0;0;0;0;0;0;0;3927;0;0;89;0;80;0;
27484;4141476;1017044992;24260608;1118597120;0;0;0;0;0;0;0;0;0;0;0;3677;0;0;89;0;80;0;
27485;5545500;1017044992;24260608;1118597120;0;0;0;0;0;0;0;0;0;0;0;3467;0;0;89;0;80;0;
27486;3616833;1017044992;24260608;1118597120;0;0;0;0;0;0;0;0;0;0;0;3296;0;0;89;0;80;0;
27487;5586386;1017044992;24268800;1118605312;0;0;0;0;0;0;0;0;0;0;0;3296;0;0;89;0;80;0;
27488;11232194;1017044992;24268800;1118605312;0;0;0;0;0;0;0;0;0;0;0;6021;0;0;89;0;80;0;
27489;4882366;1017044992;24268800;1118605312;0;0;0;0;0;0;0;0;0;0;0;2655;0;0;89;0;80;0;
27490;5742269;1017044992;24268800;1118605312;0;0;0;0;0;0;0;0;0;0;0;3918;0;0;89;0;80;0;
27491;5181347;1017044992;24268800;1118605312;0;0;0;0;0;0;0;0;0;0;0;2986;0;0;89;0;80;0;
27492;4935346;1017044992;24268800;1118605312;0;0;0;0;0;0;0;0;0;0;0;4278;0;0;89;0;80;0;
27493;5313525;1017044992;24268800;1118605312;0;0;0;0;0;0;0;0;0;0;0;3256;0;0;89;0;80;0;
27494;4778171;1017069568;24260608;1118597120;0;0;0;0;0;0;0;0;0;0;0;3667;0;0;89;0;80;0;
27495;5304268;1017069568;24260608;1118597120;0;0;0;0;0;0;0;0;0;0;0;2845;0;0;89;0;80;0;
27496;3924330;1017069568;24260608;1118597120;0;0;0;0;0;0;0;0;0;0;0;3316;0;0;89;0;80;0;
27497;5414654;1017069568;24260608;1118597120;0;0;0;0;0;0;0;0;0;0;0;2715;0;0;89;0;80;0;
27498;5183892;1017069568;24260608;1118597120;0;0;0;0;0;0;0;0;0;0;0;3296;0;0;89;0;80;0;
27499;4875704;1017069568;24260608;1118597120;0;0;0;0;0;0;0;0;0;0;0;3145;0;0;89;0;80;0;
27500;4823936;1017069568;24260608;1118597120;0;0;0;0;0;0;0;0;0;0;0;3166;0;0;89;0;80;0;
27501;4988515;1017069568;24260608;1118597120;0;0;0;0;0;0;0;0;0;0;0;2835;0;0;89;0;80;0;
27502;4582985;1017069568;24260608;1118597120;0;0;0;0;0;0;0;0;0;0;0;3507;0;0;89;0;80;0;
27503;5661648;1017069568;24260608;1118597120;0;0;0;0;0;0;0;0;0;0;0;2695;0;0;89;0;80;0;
27504;4283944;1017069568;24260608;1118597120;0;0;0;0;0;0;0;0;0;0;0;3196;0;0;89;0;80;0;
27505;5337159;1017069568;24260608;1118597120;0;0;0;0;0;0;0;0;0;0;0;2825;0;0;89;0;80;0;
27506;4094389;1017069568;24260608;1118597120;0;0;0;0;0;0;0;0;0;0;0;3166;0;0;89;0;80;0;
27507;5852185;1017069568;24260608;1118597120;0;0;0;0;0;0;0;0;0;0;0;2885;0;0;89;0;80;0;
27508;3940951;1017069568;24260608;1118597120;0;0;0;0;0;0;0;0;0;0;0;4048;0;0;89;0;80;0;
27509;6243048;1017069568;24260608;1118597120;0;0;0;0;0;0;0;0;0;0;0;2935;0;0;89;0;80;0;
27510;4112312;1017069568;24260608;1118597120;0;0;0;0;0;0;0;0;0;0;0;3196;0;0;89;0;80;0;
27511;5508541;1017069568;24260608;1118597120;0;0;0;0;0;0;0;0;0;0;0;3497;0;0;89;0;80;0;
27512;3382624;1017069568;24260608;1118597120;0;0;0;0;0;0;0;0;0;0;0;3927;0;0;89;0;80;0;
27513;5038259;1017069568;24260608;1118597120;0;0;0;0;0;0;0;0;0;0;0;2886;0;0;89;0;80;0;
27514;4047961;1017069568;24260608;1118597120;0;0;0;0;0;0;0;0;0;0;0;3617;0;0;89;0;80;0;
27515;5121514;1017069568;24260608;1118597120;0;0;0;0;0;0;0;0;0;0;0;2975;0;0;89;0;80;0;
27516;3719536;1017069568;24260608;1118597120;0;0;0;0;0;0;0;0;0;0;0;3457;0;0;89;0;80;0;
27517;5408824;1017069568;24260608;1118597120;0;0;0;0;0;0;0;0;0;0;0;2575;0;0;89;0;80;0;
27518;3881490;1017069568;24260608;1118597120;0;0;0;0;0;0;0;0;0;0;0;3216;0;0;89;0;80;0;
27519;5259103;1017069568;24260608;1118597120;0;0;0;0;0;0;0;0;0;0;0;2786;0;0;89;0;80;0;
27520;3671445;1017069568;24260608;1118597120;0;0;0;0;0;0;0;0;0;0;0;3477;0;0;89;0;80;0;
27521;5141662;1017069568;24260608;1118597120;0;0;0;0;0;0;0;0;0;0;0;3116;0;0;89;0;80;0;
27522;4993514;1017069568;24260608;1118597120;0;0;0;0;0;0;0;0;0;0;0;3566;0;0;89;0;80;0;
27523;5058938;1017069568;24260608;1118597120;0;0;0;0;0;0;0;0;0;0;0;3005;0;0;89;0;80;0;
27524;4971724;1017069568;24260608;1118597120;0;0;0;0;0;0;0;0;0;0;0;3206;0;0;89;0;80;0;
27525;5626912;1017069568;24260608;1118597120;0;0;0;0;0;0;0;0;0;0;0;3246;0;0;89;0;80;0;
27526;4760828;1017069568;24260608;1118597120;0;0;0;0;0;0;0;0;0;0;0;3156;0;0;89;0;80;0;
27527;5637432;1017069568;24260608;1118597120;0;0;0;0;0;0;0;0;0;0;0;2986;0;0;89;0;80;0;
27528;4827423;1017069568;24260608;1118597120;0;0;0;0;0;0;0;0;0;0;0;2905;0;0;89;0;80;0;
27529;5463386;1017069568;24260608;1118597120;0;0;0;0;0;0;0;0;0;0;0;2475;0;0;89;0;80;0;
27530;3631650;1017069568;24260608;1118597120;0;0;0;0;0;0;0;0;0;0;0;3276;0;0;89;0;80;0;
27531;5232272;1017069568;24260608;1118597120;0;0;0;0;0;0;0;0;0;0;0;2665;0;0;89;0;80;0;
27532;5016898;1017069568;24260608;1118597120;0;0;0;0;0;0;0;0;0;0;0;3667;0;0;89;0;80;0;
27533;5352588;1017069568;24260608;1118597120;0;0;0;0;0;0;0;0;0;0;0;2985;0;0;89;0;80;0;
27534;4921279;1017069568;24260608;1118597120;0;0;0;0;0;0;0;0;0;0;0;3557;0;0;89;0;80;0;
27535;5368498;1017069568;24260608;1118597120;0;0;0;0;0;0;0;0;0;0;0;2886;0;0;89;0;80;0;
27536;4570832;1017069568;24260608;1118597120;0;0;0;0;0;0;0;0;0;0;0;3947;0;0;89;0;80;0;
27537;4975200;1017069568;24260608;1118597120;0;0;0;0;0;0;0;0;0;0;0;2996;0;0;89;0;80;0;
27538;4679767;1017069568;24260608;1118597120;0;0;0;0;0;0;0;0;0;0;0;3717;0;0;89;0;80;0;
27539;5208678;1017069568;24260608;1118597120;0;0;0;0;0;0;0;0;0;0;0;3105;0;0;89;0;80;0;
27540;3772655;1017069568;24260608;1118597120;0;0;0;0;0;0;0;0;0;0;0;3847;0;0;89;0;80;0;
27541;6079051;1017069568;24260608;1118597120;0;0;0;0;0;0;0;0;0;0;0;3146;0;0;89;0;80;0;
27542;3792472;1017069568;24260608;1118597120;0;0;0;0;0;0;0;0;0;0;0;3456;0;0;89;0;80;0;
27543;5332089;1017069568;24260608;1118597120;0;0;0;0;0;0;0;0;0;0;0;3396;0;0;89;0;80;0;
27544;3873905;1017069568;24260608;1118597120;0;0;0;0;0;0;0;0;0;0;0;3586;0;0;89;0;80;0;
27545;5912468;1017069568;24260608;1118597120;0;0;0;0;0;0;0;0;0;0;0;3216;0;0;89;0;80;0;
27546;3947073;1017069568;24260608;1118597120;0;0;0;0;0;0;0;0;0;0;0;3045;0;0;89;0;80;0;
27547;5576468;1017069568;24260608;1118597120;0;0;0;0;0;0;0;0;0;0;0;3707;0;0;89;0;80;0;
27548;4870734;1017069568;24260608;1118597120;0;0;0;0;0;0;0;0;0;0;0;4088;0;0;89;0;80;0;
27549;5756385;1017069568;24260608;1118597120;0;0;0;0;0;0;0;0;0;0;0;3426;0;0;89;0;80;0;
27550;4392848;1017069568;24260608;1118597120;0;0;0;0;0;0;0;0;0;0;0;3296;0;0;89;0;80;0;
27551;6788551;1022873600;31825920;1126162432;0;0;0;0;0;0;0;0;0;0;0;3897;0;0;89;0;80;0;
27552;4802757;1022873600;31825920;1126162432;0;0;0;0;0;0;0;0;0;0;0;4539;0;0;89;0;80;0;
27553;6128123;1022873600;31825920;1126162432;0;0;0;0;0;0;0;0;0;0;0;4308;0;0;89;0;80;0;
27554;6002577;1022873600;31825920;1126162432;0;0;0;0;0;0;0;0;0;0;0;3537;0;0;89;0;80;0;
27555;5799076;1022873600;31825920;1126162432;0;0;0;0;0;0;0;0;0;0;0;3928;0;0;89;0;80;0;
27556;5842587;1022873600;31825920;1126162432;0;0;0;0;0;0;0;0;0;0;0;11462;0;0;89;0;80;0;
27557;6260711;1022873600;31825920;1126162432;0;0;0;0;0;0;0;0;0;0;0;4188;0;0;89;0;80;0;
27558;4264217;1022873600;31825920;1126162432;0;0;0;0;0;0;0;0;0;0;0;3757;0;0;89;0;80;0;
27559;5856032;1022873600;31825920;1126162432;0;0;0;0;0;0;0;0;0;0;0;3276;0;0;89;0;80;0;
27560;4228470;1017094144;24260608;1118597120;0;0;0;0;0;0;0;0;0;0;0;3958;0;0;89;0;80;0;
27561;5866602;1017094144;24260608;1118597120;0;0;0;0;0;0;0;0;0;0;0;4168;0;0;89;0;80;0;
27562;3558854;1017094144;24260608;1118597120;0;0;0;0;0;0;0;0;0;0;0;3637;0;0;89;0;80;0;
27563;5450552;1017094144;24260608;1118597120;0;0;0;0;0;0;0;0;0;0;0;3337;0;0;89;0;80;0;
27564;4193955;1017094144;24260608;1118597120;0;0;0;0;0;0;0;0;0;0;0;3807;0;0;89;0;80;0;
27565;5525682;1017094144;24260608;1118597120;0;0;0;0;0;0;0;0;0;0;0;3036;0;0;89;0;80;0;
27566;4113886;1017094144;24260608;1118597120;0;0;0;0;0;0;0;0;0;0;0;3907;0;0;89;0;80;0;
27567;6532341;1017094144;24260608;1118597120;0;0;0;0;0;0;0;0;0;0;0;3977;0;0;89;0;80;0;
27568;4964730;1017094144;24260608;1118597120;0;0;0;0;0;0;0;0;0;0;0;3987;0;0;89;0;80;0;
27569;6249390;1017094144;24260608;1118597120;0;0;0;0;0;0;0;0;0;0;0;4058;0;0;89;0;80;0;
27570;4412104;1017094144;24260608;1118597120;0;0;0;0;0;0;0;0;0;0;0;3657;0;0;89;0;80;0;
27571;5578932;1017094144;24260608;1118597120;0;0;0;0;0;0;0;0;0;0;0;3717;0;0;89;0;80;0;
27572;4700115;1017094144;24260608;1118597120;0;0;0;0;0;0;0;0;0;0;0;3717;0;0;89;0;80;0;
27573;6271421;1017094144;24260608;1118597120;0;0;0;0;0;0;0;0;0;0;0;3948;0;0;89;0;80;0;
27574;4700906;1017094144;24260608;1118597120;0;0;0;0;0;0;0;0;0;0;0;3687;0;0;89;0;80;0;
27575;6574219;1022898176;31825920;1126162432;0;0;0;0;0;0;0;0;0;0;0;3797;0;0;89;0;80;0;
27576;6630134;1022898176;31825920;1126162432;0;0;0;0;0;0;0;0;0;0;0;4228;0;0;89;0;80;0;
27577;6362913;1022898176;31825920;1126162432;0;0;0;0;0;0;0;0;0;0;0;4639;0;0;89;0;80;0;
27578;5593530;1022898176;31825920;1126162432;0;0;0;0;0;0;0;0;0;0;0;3958;0;0;89;0;80;0;
27579;6402677;1022898176;31825920;1126162432;0;0;0;0;0;0;0;0;0;0;0;2725;0;0;89;0;80;0;
27580;4822574;1022898176;31825920;1126162432;0;0;0;0;0;0;0;0;0;0;0;4969;0;0;89;0;80;0;
27581;5154386;1022898176;31825920;1126162432;0;0;0;0;0;0;0;0;0;0;0;2886;0;0;89;0;80;0;
27582;4959602;1022898176;31825920;1126162432;0;0;0;0;0;0;0;0;0;0;0;3707;0;0;89;0;80;0;
27583;5205432;1022898176;31825920;1126162432;0;0;0;0;0;0;0;0;0;0;0;2655;0;0;89;0;80;0;
27584;3904212;1017102336;24260608;1118597120;0;0;0;0;0;0;0;0;0;0;0;3366;0;0;89;0;80;0;
27585;5399907;1017102336;24260608;1118597120;0;0;0;0;0;0;0;0;0;0;0;2806;0;0;89;0;80;0;
27586;5867143;1017102336;24260608;1118597120;0;0;0;0;0;0;0;0;0;0;0;4408;0;0;89;0;80;0;
27587;6732817;1017102336;24260608;1118597120;0;0;0;0;0;0;0;0;0;0;0;4599;0;0;89;0;80;0;
27588;5595233;1017102336;24260608;1118597120;0;0;0;0;0;0;0;0;0;0;0;3387;0;0;89;0;80;0;
27589;6343366;1017102336;24260608;1118597120;0;0;0;0;0;0;0;0;0;0;0;2865;0;0;89;0;80;0;
27590;3149716;1017102336;24260608;1118597120;0;0;0;0;0;0;0;0;0;0;0;3115;0;0;89;0;80;0;
27591;6741232;1017102336;24260608;1118597120;0;0;0;0;0;0;0;0;0;0;0;3366;0;0;89;0;80;0;
27592;5041254;1017102336;24260608;1118597120;0;0;0;0;0;0;0;0;0;0;0;4148;0;0;89;0;80;0;
27593;5432127;1017102336;24260608;1118597120;0;0;0;0;0;0;0;0;0;0;0;3366;0;0;89;0;80;0;
27594;5503011;1017102336;24260608;1118597120;0;0;0;0;0;0;0;0;0;0;0;4859;0;0;89;0;80;0;
27595;5948315;1017102336;24260608;1118597120;0;0;0;0;0;0;0;0;0;0;0;4288;0;0;89;0;80;0;
27596;4565171;1017102336;24260608;1118597120;0;0;0;0;0;0;0;0;0;0;0;3537;0;0;89;0;80;0;
27597;6217260;1017102336;24260608;1118597120;0;0;0;0;0;0;0;0;0;0;0;3096;0;0;89;0;80;0;
27598;4443183;1017102336;24260608;1118597120;0;0;0;0;0;0;0;0;0;0;0;3637;0;0;89;0;80;0;
27599;6162537;1022906368;31825920;1126162432;0;0;0;0;0;0;0;0;0;0;0;4308;0;0;89;0;80;0;
27600;4531879;1022906368;31825920;1126162432;0;0;0;0;0;0;0;0;0;0;0;3757;0;0;89;0;80;0;
27601;6295686;1022906368;31825920;1126162432;0;0;0;0;0;0;0;0;0;0;0;3897;0;0;89;0;80;0;
27602;4491242;1022906368;31825920;1126162432;0;0;0;0;0;0;0;0;0;0;0;4408;0;0;89;0;80;0;
27603;7593801;1022906368;31825920;1126162432;0;0;0;0;0;0;0;0;0;0;0;3907;0;0;89;0;80;0;
27604;5801139;1022906368;31825920;1126162432;0;0;0;0;0;0;0;0;0;0;0;5200;0;0;89;0;80;0;
27605;5609760;1022906368;31825920;1126162432;0;0;0;0;0;0;0;0;0;0;0;3026;0;0;89;0;80;0;
27606;5895176;1022906368;31825920;1126162432;0;0;0;0;0;0;0;0;0;0;0;3717;0;0;89;0;80;0;
27607;5861573;1022906368;31825920;1126162432;0;0;0;0;0;0;0;0;0;0;0;4258;0;0;89;0;80;0;
27608;4360738;1017110528;24260608;1118597120;0;0;0;0;0;0;0;0;0;0;0;3958;0;0;89;0;80;0;
27609;7080559;1017110528;24260608;1118597120;0;0;0;0;0;0;0;0;0;0;0;3307;0;0;89;0;80;0;
27610;3543606;1017110528;24260608;1118597120;0;0;0;0;0;0;0;0;0;0;0;3617;0;0;89;0;80;0;
27611;6051199;1017110528;24260608;1118597120;0;0;0;0;0;0;0;0;0;0;0;3727;0;0;89;0;80;0;
27612;4200076;1017110528;24260608;1118597120;0;0;0;0;0;0;0;0;0;0;0;3436;0;0;89;0;80;0;
27613;5837127;1017110528;24260608;1118597120;0;0;0;0;0;0;0;0;0;0;0;3346;0;0;89;0;80;0;
27614;3597877;1017110528;24260608;1118597120;0;0;0;0;0;0;0;0;0;0;0;3347;0;0;89;0;80;0;
27615;6319531;1017110528;24260608;1118597120;0;0;0;0;0;0;0;0;0;0;0;4018;0;0;89;0;80;0;
27616;4392899;1017110528;24260608;1118597120;0;0;0;0;0;0;0;0;0;0;0;3656;0;0;89;0;80;0;
27617;5157572;1017110528;24260608;1118597120;0;0;0;0;0;0;0;0;0;0;0;2655;0;0;89;0;80;0;
27618;3429051;1017110528;24260608;1118597120;0;0;0;0;0;0;0;0;0;0;0;3577;0;0;89;0;80;0;
27619;7077062;1017110528;24260608;1118597120;0;0;0;0;0;0;0;0;0;0;0;4197;0;0;89;0;80;0;
27620;4070785;1017110528;24260608;1118597120;0;0;0;0;0;0;0;0;0;0;0;3597;0;0;89;0;80;0;
27621;6409480;1017110528;24260608;1118597120;0;0;0;0;0;0;0;0;0;0;0;3757;0;0;89;0;80;0;
27622;6529716;1017110528;24260608;1118597120;0;0;0;0;0;0;0;0;0;0;0;3817;0;0;89;0;80;0;
27623;7980627;1022914560;31825920;1126162432;0;0;0;0;0;0;0;0;0;0;0;3747;0;0;89;0;80;0;
27624;6798570;1022914560;31825920;1126162432;0;0;0;0;0;0;0;0;0;0;0;3005;0;0;89;0;80;0;
27625;4929405;1022914560;31825920;1126162432;0;0;0;0;0;0;0;0;0;0;0;2885;0;0;89;0;80;0;
27626;3760091;1022914560;31825920;1126162432;0;0;0;0;0;0;0;0;0;0;0;3407;0;0;89;0;80;0;
27627;6336643;1022914560;31825920;1126162432;0;0;0;0;0;0;0;0;0;0;0;3617;0;0;89;0;80;0;
27628;5256228;1022914560;31825920;1126162432;0;0;0;0;0;0;0;0;0;0;0;3436;0;0;89;0;80;0;
27629;5436035;1022914560;31825920;1126162432;0;0;0;0;0;0;0;0;0;0;0;3066;0;0;89;0;80;0;
27630;5209319;1022914560;31825920;1126162432;0;0;0;0;0;0;0;0;0;0;0;3496;0;0;89;0;80;0;
27631;6544494;1022914560;31825920;1126162432;0;0;0;0;0;0;0;0;0;0;0;3476;0;0;89;0;80;0;
27632;5023150;1017118720;24260608;1118597120;0;0;0;0;0;0;0;0;0;0;0;4058;0;0;89;0;80;0;
27633;6637658;1017118720;24260608;1118597120;0;0;0;0;0;0;0;0;0;0;0;3045;0;0;89;0;80;0;
27634;4779484;1017118720;24260608;1118597120;0;0;0;0;0;0;0;0;0;0;0;3386;0;0;89;0;80;0;
27635;6480473;1017118720;24260608;1118597120;0;0;0;0;0;0;0;0;0;0;0;3476;0;0;89;0;80;0;
27636;4104458;1017118720;24260608;1118597120;0;0;0;0;0;0;0;0;0;0;0;3787;0;0;89;0;80;0;
27637;6023997;1017118720;24260608;1118597120;0;0;0;0;0;0;0;0;0;0;0;4137;0;0;89;0;80;0;
27638;4286870;1017118720;24260608;1118597120;0;0;0;0;0;0;0;0;0;0;0;4067;0;0;89;0;80;0;
27639;5499874;1017118720;24260608;1118597120;0;0;0;0;0;0;0;0;0;0;0;3036;0;0;89;0;80;0;
27640;5835204;1017118720;24260608;1118597120;0;0;0;0;0;0;0;0;0;0;0;3757;0;0;89;0;80;0;
27641;5446524;1017118720;24260608;1118597120;0;0;0;0;0;0;0;0;0;0;0;2946;0;0;89;0;80;0;
27642;5527406;1017118720;24260608;1118597120;0;0;0;0;0;0;0;0;0;0;0;3577;0;0;89;0;80;0;
27643;5523328;1017118720;24260608;1118597120;0;0;0;0;0;0;0;0;0;0;0;3076;0;0;89;0;80;0;
27644;3962060;1017118720;24260608;1118597120;0;0;0;0;0;0;0;0;0;0;0;3506;0;0;89;0;80;0;
27645;5432067;1017118720;24260608;1118597120;0;0;0;0;0;0;0;0;0;0;0;3096;0;0;89;0;80;0;
27646;4706266;1017118720;24260608;1118597120;0;0;0;0;0;0;0;0;0;0;0;2925;0;0;89;0;80;0;
27647;6141537;1017118720;24260608;1118597120;0;0;0;0;0;0;0;0;0;0;0;2765;0;0;89;0;80;0;
27648;4125517;1017118720;24260608;1118597120;0;0;0;0;0;0;0;0;0;0;0;3016;0;0;89;0;80;0;
27649;5767086;1017118720;24260608;1118597120;0;0;0;0;0;0;0;0;0;0;0;2725;0;0;89;0;80;0;
27650;3489224;1017118720;24260608;1118597120;0;0;0;0;0;0;0;0;0;0;0;3456;0;0;89;0;80;0;
27651;5019553;1017118720;24260608;1118597120;0;0;0;0;0;0;0;0;0;0;0;2585;0;0;89;0;80;0;
27652;4319371;1017118720;24260608;1118597120;0;0;0;0;0;0;0;0;0;0;0;3336;0;0;89;0;80;0;
27653;6801115;1017118720;24260608;1118597120;0;0;0;0;0;0;0;0;0;0;0;3226;0;0;89;0;80;0;
27654;3371152;1017118720;24260608;1118597120;0;0;0;0;0;0;0;0;0;0;0;3216;0;0;89;0;80;0;
27655;6059924;1017118720;24260608;1118597120;0;0;0;0;0;0;0;0;0;0;0;3336;0;0;89;0;80;0;
27656;3826827;1017118720;24260608;1118597120;0;0;0;0;0;0;0;0;0;0;0;2885;0;0;89;0;80;0;
27657;6293603;1017118720;24260608;1118597120;0;0;0;0;0;0;0;0;0;0;0;3927;0;0;89;0;80;0;
27658;3708926;1017118720;24260608;1118597120;0;0;0;0;0;0;0;0;0;0;0;3016;0;0;89;0;80;0;
27659;6105460;1017118720;24260608;1118597120;0;0;0;0;0;0;0;0;0;0;0;3286;0;0;89;0;80;0;
27660;3876200;1017118720;24260608;1118597120;0;0;0;0;0;0;0;0;0;0;0;3066;0;0;89;0;80;0;
27661;5554416;1017118720;24260608;1118597120;0;0;0;0;0;0;0;0;0;0;0;3146;0;0;89;0;80;0;
27662;3333231;1017118720;24260608;1118597120;0;0;0;0;0;0;0;0;0;0;0;3155;0;0;89;0;80;0;
27663;6000674;1017118720;24260608;1118597120;0;0;0;0;0;0;0;0;0;0;0;3607;0;0;89;0;80;0;
27664;3780500;1017118720;24260608;1118597120;0;0;0;0;0;0;0;0;0;0;0;3065;0;0;89;0;80;0;
27665;5711291;1017118720;24260608;1118597120;0;0;0;0;0;0;0;0;0;0;0;2885;0;0;89;0;80;0;
27666;4880303;1017118720;24260608;1118597120;0;0;0;0;0;0;0;0;0;0;0;2976;0;0;89;0;80;0;
27667;6074582;1017118720;24260608;1118597120;0;0;0;0;0;0;0;0;0;0;0;2524;0;0;89;0;80;0;
27668;3845652;1017118720;24260608;1118597120;0;0;0;0;0;0;0;0;0;0;0;3136;0;0;89;0;80;0;
27669;5532405;1017118720;24260608;1118597120;0;0;0;0;0;0;0;0;0;0;0;2615;0;0;89;0;80;0;
27670;3229838;1017118720;24260608;1118597120;0;0;0;0;0;0;0;0;0;0;0;3336;0;0;89;0;80;0;
27671;5311301;1017118720;24260608;1118597120;0;0;0;0;0;0;0;0;0;0;0;2505;0;0;89;0;80;0;
27672;4933112;1017118720;24260608;1118597120;0;0;0;0;0;0;0;0;0;0;0;3236;0;0;89;0;80;0;
27673;5862294;1017118720;24260608;1118597120;0;0;0;0;0;0;0;0;0;0;0;2866;0;0;89;0;80;0;
27674;3975316;1017118720;24260608;1118597120;0;0;0;0;0;0;0;0;0;0;0;4158;0;0;89;0;80;0;
27675;5380471;1017118720;24260608;1118597120;0;0;0;0;0;0;0;0;0;0;0;3056;0;0;89;0;80;0;
27676;4978917;1017118720;24260608;1118597120;0;0;0;0;0;0;0;0;0;0;0;3446;0;0;89;0;80;0;
27677;5808313;1017118720;24260608;1118597120;0;0;0;0;0;0;0;0;0;0;0;3116;0;0;89;0;80;0;
27678;4558108;1017118720;24260608;1118597120;0;0;0;0;0;0;0;0;0;0;0;4088;0;0;89;0;80;0;
27679;9048369;1017118720;24268800;1118605312;0;0;0;0;0;0;0;0;0;0;0;4448;0;0;89;0;80;0;
27680;8145927;1017118720;24268800;1118605312;0;0;0;0;0;0;0;0;0;0;0;4428;0;0;89;0;80;0;
27681;6979469;1017118720;24268800;1118605312;0;0;0;0;0;0;0;0;0;0;0;3626;0;0;89;0;80;0;
27682;3639155;1017118720;24268800;1118605312;0;0;0;0;0;0;0;0;0;0;0;4098;0;0;89;0;80;0;
27683;5763038;1017118720;24268800;1118605312;0;0;0;0;0;0;0;0;0;0;0;4258;0;0;89;0;80;0;
27684;4394481;1017118720;24268800;1118605312;0;0;0;0;0;0;0;0;0;0;0;3156;0;0;89;0;80;0;
27685;5681044;1017118720;24268800;1118605312;0;0;0;0;0;0;0;0;0;0;0;3446;0;0;89;0;80;0;
27686;4204465;1017135104;24260608;1118597120;0;0;0;0;0;0;0;0;0;0;0;3447;0;0;89;0;80;0;
27687;5883523;1017135104;24260608;1118597120;0;0;0;0;0;0;0;0;0;0;0;3456;0;0;89;0;80;0;
27688;3129449;1017135104;24260608;1118597120;0;0;0;0;0;0;0;0;0;0;0;2825;0;0;89;0;80;0;
27689;5285092;1017135104;24260608;1118597120;0;0;0;0;0;0;0;0;0;0;0;3376;0;0;89;0;80;0;
27690;4295676;1017135104;24260608;1118597120;0;0;0;0;0;0;0;0;0;0;0;3196;0;0;89;0;80;0;
27691;6025200;1017135104;24260608;1118597120;0;0;0;0;0;0;0;0;0;0;0;3587;0;0;89;0;80;0;
27692;4865284;1017135104;24260608;1118597120;0;0;0;0;0;0;0;0;0;0;0;12794;0;0;89;0;80;0;
27693;6069222;1017135104;24260608;1118597120;0;0;0;0;0;0;0;0;0;0;0;3807;0;0;89;0;80;0;
27694;4045887;1017135104;24260608;1118597120;0;0;0;0;0;0;0;0;0;0;0;3597;0;0;89;0;80;0;
27695;6358615;1017135104;24260608;1118597120;0;0;0;0;0;0;0;0;0;0;0;3737;0;0;89;0;80;0;
27696;3991786;1017135104;24260608;1118597120;0;0;0;0;0;0;0;0;0;0;0;3847;0;0;89;0;80;0;
27697;5674041;1017135104;24260608;1118597120;0;0;0;0;0;0;0;0;0;0;0;3467;0;0;89;0;80;0;
27698;5764420;1017135104;24260608;1118597120;0;0;0;0;0;0;0;0;0;0;0;3386;0;0;89;0;80;0;
27699;5823681;1017135104;24260608;1118597120;0;0;0;0;0;0;0;0;0;0;0;4388;0;0;89;0;80;0;
27700;3802071;1017135104;24260608;1118597120;0;0;0;0;0;0;0;0;0;0;0;4439;0;0;89;0;80;0;
27701;6409630;1017135104;24260608;1118597120;0;0;0;0;0;0;0;0;0;0;0;3918;0;0;89;0;80;0;
27702;4020560;1017135104;24260608;1118597120;0;0;0;0;0;0;0;0;0;0;0;4569;0;0;89;0;80;0;
27703;6037132;1017135104;24260608;1118597120;0;0;0;0;0;0;0;0;0;0;0;3837;0;0;89;0;80;0;
27704;5362857;1017135104;24260608;1118597120;0;0;0;0;0;0;0;0;0;0;0;2746;0;0;89;0;80;0;
27705;5399386;1017135104;24260608;1118597120;0;0;0;0;0;0;0;0;0;0;0;3627;0;0;89;0;80;0;
27706;3317672;1017135104;24260608;1118597120;0;0;0;0;0;0;0;0;0;0;0;3256;0;0;89;0;80;0;
27707;5546131;1017135104;24260608;1118597120;0;0;0;0;0;0;0;0;0;0;0;2695;0;0;89;0;80;0;
27708;3586887;1017135104;24260608;1118597120;0;0;0;0;0;0;0;0;0;0;0;2995;0;0;89;0;80;0;
27709;5787975;1017135104;24260608;1118597120;0;0;0;0;0;0;0;0;0;0;0;3547;0;0;89;0;80;0;
27710;3076880;1017135104;24260608;1118597120;0;0;0;0;0;0;0;0;0;0;0;3687;0;0;89;0;80;0;
27711;5045261;1017135104;24260608;1118597120;0;0;0;0;0;0;0;0;0;0;0;2535;0;0;89;0;80;0;
27712;4207341;1017135104;24260608;1118597120;0;0;0;0;0;0;0;0;0;0;0;2886;0;0;89;0;80;0;
27713;8028046;1017135104;24260608;1118597120;0;0;0;0;0;0;0;0;0;0;0;3486;0;0;89;0;80;0;
27714;3888052;1017135104;24260608;1118597120;0;0;0;0;0;0;0;0;0;0;0;3717;0;0;89;0;80;0;
27715;4881264;1017135104;24260608;1118597120;0;0;0;0;0;0;0;0;0;0;0;2716;0;0;89;0;80;0;
27716;4200036;1017135104;24260608;1118597120;0;0;0;0;0;0;0;0;0;0;0;3426;0;0;89;0;80;0;
27717;4970561;1017135104;24260608;1118597120;0;0;0;0;0;0;0;0;0;0;0;3046;0;0;89;0;80;0;
27718;4201880;1017135104;24260608;1118597120;0;0;0;0;0;0;0;0;0;0;0;3507;0;0;89;0;80;0;
27719;5084425;1017135104;24260608;1118597120;0;0;0;0;0;0;0;0;0;0;0;2775;0;0;89;0;80;0;
27720;3931814;1017135104;24260608;1118597120;0;0;0;0;0;0;0;0;0;0;0;3256;0;0;89;0;80;0;
27721;5540581;1017135104;24260608;1118597120;0;0;0;0;0;0;0;0;0;0;0;2825;0;0;89;0;80;0;
27722;4077887;1017135104;24260608;1118597120;0;0;0;0;0;0;0;0;0;0;0;3867;0;0;89;0;80;0;
27723;5554557;1017135104;24260608;1118597120;0;0;0;0;0;0;0;0;0;0;0;2615;0;0;89;0;80;0;
27724;3647260;1017135104;24260608;1118597120;0;0;0;0;0;0;0;0;0;0;0;3136;0;0;89;0;80;0;
27725;6383611;1017135104;24260608;1118597120;0;0;0;0;0;0;0;0;0;0;0;3116;0;0;89;0;80;0;
27726;3406609;1017135104;24260608;1118597120;0;0;0;0;0;0;0;0;0;0;0;3446;0;0;89;0;80;0;
27727;6431281;1017135104;24260608;1118597120;0;0;0;0;0;0;0;0;0;0;0;3496;0;0;89;0;80;0;
27728;3868895;1017135104;24260608;1118597120;0;0;0;0;0;0;0;0;0;0;0;3486;0;0;89;0;80;0;
27729;5875609;1017135104;24260608;1118597120;0;0;0;0;0;0;0;0;0;0;0;3647;0;0;89;0;80;0;
27730;3225619;1017135104;24260608;1118597120;0;0;0;0;0;0;0;0;0;0;0;3517;0;0;89;0;80;0;
27731;4952197;1017135104;24260608;1118597120;0;0;0;0;0;0;0;0;0;0;0;3517;0;0;89;0;80;0;
27732;3818501;1017135104;24260608;1118597120;0;0;0;0;0;0;0;0;0;0;0;3617;0;0;89;0;80;0;
27733;4822193;1017135104;24260608;1118597120;0;0;0;0;0;0;0;0;0;0;0;2805;0;0;89;0;80;0;
27734;5949297;1017135104;24260608;1118597120;0;0;0;0;0;0;0;0;0;0;0;4759;0;0;89;0;80;0;
27735;6676732;1017135104;24260608;1118597120;0;0;0;0;0;0;0;0;0;0;0;4218;0;0;89;0;80;0;
27736;7673751;1017135104;24260608;1118597120;0;0;0;0;0;0;0;0;0;0;0;3847;0;0;89;0;80;0;
27737;6021392;1017135104;24260608;1118597120;0;0;0;0;0;0;0;0;0;0;0;4268;0;0;89;0;80;0;
27738;5432287;1017135104;24260608;1118597120;0;0;0;0;0;0;0;0;0;0;0;4098;0;0;89;0;80;0;
27739;7318766;1022939136;31825920;1126162432;0;0;0;0;0;0;0;0;0;0;0;4618;0;0;89;0;80;0;
27740;4535135;1022939136;31825920;1126162432;0;0;0;0;0;0;0;0;0;0;0;4158;0;0;89;0;80;0;
27741;7026688;1022939136;31825920;1126162432;0;0;0;0;0;0;0;0;0;0;0;4168;0;0;89;0;80;0;
27742;6314282;1022939136;31825920;1126162432;0;0;0;0;0;0;0;0;0;0;0;4378;0;0;89;0;80;0;
27743;5769931;1022939136;31825920;1126162432;0;0;0;0;0;0;0;0;0;0;0;3897;0;0;89;0;80;0;
27744;4432152;1022939136;31825920;1126162432;0;0;0;0;0;0;0;0;0;0;0;3757;0;0;89;0;80;0;
27745;6657565;1022939136;31825920;1126162432;0;0;0;0;0;0;0;0;0;0;0;3687;0;0;89;0;80;0;
27746;4107152;1022939136;31825920;1126162432;0;0;0;0;0;0;0;0;0;0;0;3687;0;0;89;0;80;0;
27747;8131490;1022939136;31825920;1126162432;0;0;0;0;0;0;0;0;0;0;0;4268;0;0;89;0;80;0;
27748;6044445;1017159680;24260608;1118597120;0;0;0;0;0;0;0;0;0;0;0;4418;0;0;89;0;80;0;
27749;6478059;1017159680;24260608;1118597120;0;0;0;0;0;0;0;0;0;0;0;3987;0;0;89;0;80;0;
27750;4455316;1017159680;24260608;1118597120;0;0;0;0;0;0;0;0;0;0;0;4398;0;0;89;0;80;0;
27751;5636972;1017159680;24260608;1118597120;0;0;0;0;0;0;0;0;0;0;0;3436;0;0;89;0;80;0;
27752;5320447;1017159680;24260608;1118597120;0;0;0;0;0;0;0;0;0;0;0;4177;0;0;89;0;80;0;
27753;5111296;1017159680;24260608;1118597120;0;0;0;0;0;0;0;0;0;0;0;3116;0;0;89;0;80;0;
27754;6474903;1017159680;24260608;1118597120;0;0;0;0;0;0;0;0;0;0;0;5150;0;0;89;0;80;0;
27755;6011274;1017159680;24260608;1118597120;0;0;0;0;0;0;0;0;0;0;0;4128;0;0;89;0;80;0;
27756;8174741;1017159680;24260608;1118597120;0;0;0;0;0;0;0;0;0;0;0;5450;0;0;89;0;80;0;
27757;6075925;1017159680;24260608;1118597120;0;0;0;0;0;0;0;0;0;0;0;4218;0;0;89;0;80;0;
27758;7461653;1017159680;24260608;1118597120;0;0;0;0;0;0;0;0;0;0;0;4889;0;0;89;0;80;0;
27759;6005553;1017159680;24260608;1118597120;0;0;0;0;0;0;0;0;0;0;0;4218;0;0;89;0;80;0;
27760;7812451;1017159680;24260608;1118597120;0;0;0;0;0;0;0;0;0;0;0;4128;0;0;89;0;80;0;
27761;6219194;1017159680;24260608;1118597120;0;0;0;0;0;0;0;0;0;0;0;3898;0;0;89;0;80;0;
27762;5464217;1017159680;24260608;1118597120;0;0;0;0;0;0;0;0;0;0;0;3747;0;0;89;0;80;0;
27763;7657431;1022963712;31825920;1126162432;0;0;0;0;0;0;0;0;0;0;0;3817;0;0;89;0;80;0;
27764;6270810;1022963712;31825920;1126162432;0;0;0;0;0;0;0;0;0;0;0;4358;0;0;89;0;80;0;
27765;6402548;1022963712;31825920;1126162432;0;0;0;0;0;0;0;0;0;0;0;3407;0;0;89;0;80;0;
27766;5634386;1022963712;31825920;1126162432;0;0;0;0;0;0;0;0;0;0;0;4007;0;0;89;0;80;0;
27767;5612486;1022963712;31825920;1126162432;0;0;0;0;0;0;0;0;0;0;0;4007;0;0;89;0;80;0;
27768;5569695;1022963712;31825920;1126162432;0;0;0;0;0;0;0;0;0;0;0;5550;0;0;89;0;80;0;
27769;6935788;1022963712;31825920;1126162432;0;0;0;0;0;0;0;0;0;0;0;3897;0;0;89;0;80;0;
27770;7001180;1022963712;31825920;1126162432;0;0;0;0;0;0;0;0;0;0;0;3958;0;0;89;0;80;0;
27771;6856328;1022963712;31825920;1126162432;0;0;0;0;0;0;0;0;0;0;0;4308;0;0;89;0;80;0;
27772;5778748;1017167872;24260608;1118597120;0;0;0;0;0;0;0;0;0;0;0;4598;0;0;89;0;80;0;
27773;6352894;1017167872;24260608;1118597120;0;0;0;0;0;0;0;0;0;0;0;4328;0;0;89;0;80;0;
27774;5039852;1017167872;24260608;1118597120;0;0;0;0;0;0;0;0;0;0;0;4418;0;0;89;0;80;0;
27775;6439387;1017167872;24260608;1118597120;0;0;0;0;0;0;0;0;0;0;0;4488;0;0;89;0;80;0;
27776;5694570;1017167872;24260608;1118597120;0;0;0;0;0;0;0;0;0;0;0;5260;0;0;89;0;80;0;
27777;7005348;1017167872;24260608;1118597120;0;0;0;0;0;0;0;0;0;0;0;3737;0;0;89;0;80;0;
27778;4747935;1017167872;24260608;1118597120;0;0;0;0;0;0;0;0;0;0;0;3897;0;0;89;0;80;0;
27779;7850583;1017167872;24260608;1118597120;0;0;0;0;0;0;0;0;0;0;0;64100;0;0;89;0;80;0;
27780;5060761;1017167872;24260608;1118597120;0;0;0;0;0;0;0;0;0;0;0;2995;0;0;89;0;80;0;
27781;6279917;1017167872;24260608;1118597120;0;0;0;0;0;0;0;0;0;0;0;3226;0;0;89;0;80;0;
27782;5957412;1017167872;24260608;1118597120;0;0;0;0;0;0;0;0;0;0;0;3186;0;0;89;0;80;0;
27783;5671987;1017167872;24260608;1118597120;0;0;0;0;0;0;0;0;0;0;0;3156;0;0;89;0;80;0;
27784;7341839;1017167872;24260608;1118597120;0;0;0;0;0;0;0;0;0;0;0;4488;0;0;89;0;80;0;
27785;6287351;1017167872;24260608;1118597120;0;0;0;0;0;0;0;0;0;0;0;3476;0;0;89;0;80;0;
27786;5398364;1017167872;24260608;1118597120;0;0;0;0;0;0;0;0;0;0;0;4829;0;0;89;0;80;0;
27787;7200393;1022971904;31825920;1126162432;0;0;0;0;0;0;0;0;0;0;0;4238;0;0;89;0;80;0;
27788;5284901;1022971904;31825920;1126162432;0;0;0;0;0;0;0;0;0;0;0;4128;0;0;89;0;80;0;
27789;7762117;1022971904;31825920;1126162432;0;0;0;0;0;0;0;0;0;0;0;3146;0;0;89;0;80;0;
27790;4025620;1022971904;31825920;1126162432;0;0;0;0;0;0;0;0;0;0;0;3577;0;0;89;0;80;0;
27791;6582094;1022971904;31825920;1126162432;0;0;0;0;0;0;0;0;0;0;0;4328;0;0;89;0;80;0;
27792;5007601;1022971904;31825920;1126162432;0;0;0;0;0;0;0;0;0;0;0;3447;0;0;89;0;80;0;
27793;6725523;1022971904;31825920;1126162432;0;0;0;0;0;0;0;0;0;0;0;4148;0;0;89;0;80;0;
27794;5250387;1022971904;31825920;1126162432;0;0;0;0;0;0;0;0;0;0;0;3937;0;0;89;0;80;0;
27795;5930041;1022971904;31825920;1126162432;0;0;0;0;0;0;0;0;0;0;0;3406;0;0;89;0;80;0;
27796;6734489;1017176064;24260608;1118597120;0;0;0;0;0;0;0;0;0;0;0;3707;0;0;89;0;80;0;
27797;5883544;1017176064;24260608;1118597120;0;0;0;0;0;0;0;0;0;0;0;3567;0;0;89;0;80;0;
27798;6943531;1017176064;24260608;1118597120;0;0;0;0;0;0;0;0;0;0;0;3737;0;0;89;0;80;0;
27799;5656077;1017176064;24260608;1118597120;0;0;0;0;0;0;0;0;0;0;0;3146;0;0;89;0;80;0;
27800;5954597;1017176064;24260608;1118597120;0;0;0;0;0;0;0;0;0;0;0;3506;0;0;89;0;80;0;
27801;5698527;1017176064;24260608;1118597120;0;0;0;0;0;0;0;0;0;0;0;3306;0;0;89;0;80;0;
27802;5224678;1017176064;24260608;1118597120;0;0;0;0;0;0;0;0;0;0;0;3747;0;0;89;0;80;0;
27803;5934459;1017176064;24260608;1118597120;0;0;0;0;0;0;0;0;0;0;0;3536;0;0;89;0;80;0;
27804;4912603;1017176064;24260608;1118597120;0;0;0;0;0;0;0;0;0;0;0;4148;0;0;89;0;80;0;
27805;6395964;1017176064;24260608;1118597120;0;0;0;0;0;0;0;0;0;0;0;4248;0;0;89;0;80;0;
27806;5505175;1017176064;24260608;1118597120;0;0;0;0;0;0;0;0;0;0;0;40676;0;0;89;0;80;0;
27807;5960959;1017176064;24260608;1118597120;0;0;0;0;0;0;0;0;0;0;0;4077;0;0;89;0;80;0;
27808;5118469;1017176064;24260608;1118597120;0;0;0;0;0;0;0;0;0;0;0;4058;0;0;89;0;80;0;
27809;7185526;1017176064;24260608;1118597120;0;0;0;0;0;0;0;0;0;0;0;3857;0;0;89;0;80;0;
27810;5065509;1017176064;24260608;1118597120;0;0;0;0;0;0;0;0;0;0;0;4148;0;0;89;0;80;0;
27811;6656053;1022980096;31825920;1126162432;0;0;0;0;0;0;0;0;0;0;0;4819;0;0;89;0;80;0;
27812;5677056;1022980096;31825920;1126162432;0;0;0;0;0;0;0;0;0;0;0;3546;0;0;89;0;80;0;
27813;6045437;1022980096;31825920;1126162432;0;0;0;0;0;0;0;0;0;0;0;3386;0;0;89;0;80;0;
27814;5426356;1022980096;31825920;1126162432;0;0;0;0;0;0;0;0;0;0;0;3807;0;0;89;0;80;0;
27815;6394752;1022980096;31825920;1126162432;0;0;0;0;0;0;0;0;0;0;0;3607;0;0;89;0;80;0;
27816;5547493;1022980096;31825920;1126162432;0;0;0;0;0;0;0;0;0;0;0;3737;0;0;89;0;80;0;
27817;6183507;1022980096;31825920;1126162432;0;0;0;0;0;0;0;0;0;0;0;3707;0;0;89;0;80;0;
27818;5296082;1022980096;31825920;1126162432;0;0;0;0;0;0;0;0;0;0;0;3216;0;0;89;0;80;0;
27819;5769560;1022980096;31825920;1126162432;0;0;0;0;0;0;0;0;0;0;0;3196;0;0;89;0;80;0;
27820;6535707;1017184256;24260608;1118597120;0;0;0;0;0;0;0;0;0;0;0;4589;0;0;89;0;80;0;
27821;5658873;1017184256;24260608;1118597120;0;0;0;0;0;0;0;0;0;0;0;3477;0;0;89;0;80;0;
27822;5927216;1017184256;24260608;1118597120;0;0;0;0;0;0;0;0;0;0;0;4318;0;0;89;0;80;0;
27823;5724405;1017184256;24260608;1118597120;0;0;0;0;0;0;0;0;0;0;0;3737;0;0;89;0;80;0;
27824;5069136;1017184256;24260608;1118597120;0;0;0;0;0;0;0;0;0;0;0;3837;0;0;89;0;80;0;
27825;5867073;1017184256;24260608;1118597120;0;0;0;0;0;0;0;0;0;0;0;3307;0;0;89;0;80;0;
27826;7275264;1017184256;24260608;1118597120;0;0;0;0;0;0;0;0;0;0;0;3777;0;0;89;0;80;0;
27827;5188861;1017184256;24260608;1118597120;0;0;0;0;0;0;0;0;0;0;0;2936;0;0;89;0;80;0;
27828;4526328;1017184256;24260608;1118597120;0;0;0;0;0;0;0;0;0;0;0;3346;0;0;89;0;80;0;
27829;5681715;1017184256;24260608;1118597120;0;0;0;0;0;0;0;0;0;0;0;2946;0;0;89;0;80;0;
27830;4898206;1017184256;24260608;1118597120;0;0;0;0;0;0;0;0;0;0;0;4839;0;0;89;0;80;0;
27831;6025710;1017184256;24260608;1118597120;0;0;0;0;0;0;0;0;0;0;0;3176;0;0;89;0;80;0;
27832;7075429;1017184256;24260608;1118597120;0;0;0;0;0;0;0;0;0;0;0;3676;0;0;89;0;80;0;
27833;5671476;1017184256;24260608;1118597120;0;0;0;0;0;0;0;0;0;0;0;3527;0;0;89;0;80;0;
27834;5992549;1017184256;24260608;1118597120;0;0;0;0;0;0;0;0;0;0;0;3306;0;0;89;0;80;0;
27835;7228356;1022988288;31825920;1126162432;0;0;0;0;0;0;0;0;0;0;0;3226;0;0;89;0;80;0;
27836;6426332;1022988288;31825920;1126162432;0;0;0;0;0;0;0;0;0;0;0;3687;0;0;89;0;80;0;
27837;6128763;1022988288;31825920;1126162432;0;0;0;0;0;0;0;0;0;0;0;3587;0;0;89;0;80;0;
27838;6875654;1022988288;31825920;1126162432;0;0;0;0;0;0;0;0;0;0;0;4208;0;0;89;0;80;0;
27839;5683499;1022988288;31825920;1126162432;0;0;0;0;0;0;0;0;0;0;0;2996;0;0;89;0;80;0;
27840;6886756;1022988288;31825920;1126162432;0;0;0;0;0;0;0;0;0;0;0;3647;0;0;89;0;80;0;
27841;6297410;1022988288;31825920;1126162432;0;0;0;0;0;0;0;0;0;0;0;3176;0;0;89;0;80;0;
27842;5941983;1022988288;31825920;1126162432;0;0;0;0;0;0;0;0;0;0;0;3677;0;0;89;0;80;0;
27843;6104629;1022988288;31825920;1126162432;0;0;0;0;0;0;0;0;0;0;0;3987;0;0;89;0;80;0;
27844;5268922;1017192448;24260608;1118597120;0;0;0;0;0;0;0;0;0;0;0;3697;0;0;89;0;80;0;
27845;6541779;1017192448;24260608;1118597120;0;0;0;0;0;0;0;0;0;0;0;3386;0;0;89;0;80;0;
27846;4766879;1017192448;24260608;1118597120;0;0;0;0;0;0;0;0;0;0;0;3527;0;0;89;0;80;0;
27847;5406890;1017192448;24260608;1118597120;0;0;0;0;0;0;0;0;0;0;0;2535;0;0;89;0;80;0;
27848;5526204;1017192448;24260608;1118597120;0;0;0;0;0;0;0;0;0;0;0;3497;0;0;89;0;80;0;
27849;5973543;1017192448;24260608;1118597120;0;0;0;0;0;0;0;0;0;0;0;3296;0;0;89;0;80;0;
27850;4801805;1017192448;24260608;1118597120;0;0;0;0;0;0;0;0;0;0;0;3537;0;0;89;0;80;0;
27851;6032643;1017192448;24260608;1118597120;0;0;0;0;0;0;0;0;0;0;0;3346;0;0;89;0;80;0;
27852;5572400;1017192448;24260608;1118597120;0;0;0;0;0;0;0;0;0;0;0;2594;0;0;89;0;80;0;
27853;5361946;1017192448;24260608;1118597120;0;0;0;0;0;0;0;0;0;0;0;2825;0;0;89;0;80;0;
27854;13910568;1017192448;24260608;1118597120;0;0;0;0;0;0;0;0;0;0;0;3477;0;0;89;0;80;0;
27855;5720759;1017192448;24260608;1118597120;0;0;0;0;0;0;0;0;0;0;0;3056;0;0;89;0;80;0;
27856;6728358;1017192448;24260608;1118597120;0;0;0;0;0;0;0;0;0;0;0;3827;0;0;89;0;80;0;
27857;5324105;1017192448;24260608;1118597120;0;0;0;0;0;0;0;0;0;0;0;3116;0;0;89;0;80;0;
27858;4534344;1017192448;24260608;1118597120;0;0;0;0;0;0;0;0;0;0;0;3336;0;0;89;0;80;0;
27859;5732320;1017192448;24260608;1118597120;0;0;0;0;0;0;0;0;0;0;0;2715;0;0;89;0;80;0;
27860;3723443;1017192448;24260608;1118597120;0;0;0;0;0;0;0;0;0;0;0;3096;0;0;89;0;80;0;
27861;5781913;1017192448;24260608;1118597120;0;0;0;0;0;0;0;0;0;0;0;3777;0;0;89;0;80;0;
27862;4648378;1017192448;24260608;1118597120;0;0;0;0;0;0;0;0;0;0;0;3627;0;0;89;0;80;0;
27863;6938622;1017192448;24260608;1118597120;0;0;0;0;0;0;0;0;0;0;0;3136;0;0;89;0;80;0;
27864;3535761;1017192448;24260608;1118597120;0;0;0;0;0;0;0;0;0;0;0;3316;0;0;89;0;80;0;
27865;5742820;1017192448;24260608;1118597120;0;0;0;0;0;0;0;0;0;0;0;3226;0;0;89;0;80;0;
27866;4065464;1017192448;24260608;1118597120;0;0;0;0;0;0;0;0;0;0;0;3196;0;0;89;0;80;0;
27867;5563604;1017192448;24260608;1118597120;0;0;0;0;0;0;0;0;0;0;0;3286;0;0;89;0;80;0;
27868;3771774;1017192448;24260608;1118597120;0;0;0;0;0;0;0;0;0;0;0;3226;0;0;89;0;80;0;
27869;5212366;1017192448;24260608;1118597120;0;0;0;0;0;0;0;0;0;0;0;3175;0;0;89;0;80;0;
27870;3799425;1017192448;24260608;1118597120;0;0;0;0;0;0;0;0;0;0;0;3617;0;0;89;0;80;0;
27871;5267949;1017192448;24260608;1118597120;0;0;0;0;0;0;0;0;0;0;0;2916;0;0;89;0;80;0;
27872;4531287;1017192448;24260608;1118597120;0;0;0;0;0;0;0;0;0;0;0;3857;0;0;89;0;80;0;
27873;6127752;1017192448;24260608;1118597120;0;0;0;0;0;0;0;0;0;0;0;3867;0;0;89;0;80;0;
27874;4046629;1017192448;24260608;1118597120;0;0;0;0;0;0;0;0;0;0;0;3446;0;0;89;0;80;0;
27875;6894810;1017192448;24260608;1118597120;0;0;0;0;0;0;0;0;0;0;0;3978;0;0;89;0;80;0;
27876;4541527;1017192448;24260608;1118597120;0;0;0;0;0;0;0;0;0;0;0;3287;0;0;89;0;80;0;
27877;5757207;1017192448;24260608;1118597120;0;0;0;0;0;0;0;0;0;0;0;3116;0;0;89;0;80;0;
27878;4147959;1017192448;24260608;1118597120;0;0;0;0;0;0;0;0;0;0;0;3426;0;0;89;0;80;0;
27879;5644105;1017192448;24260608;1118597120;0;0;0;0;0;0;0;0;0;0;0;2454;0;0;89;0;80;0;
27880;3235568;1017192448;24260608;1118597120;0;0;0;0;0;0;0;0;0;0;0;3176;0;0;89;0;80;0;
27881;4811975;1017192448;24260608;1118597120;0;0;0;0;0;0;0;0;0;0;0;2795;0;0;89;0;80;0;
27882;4136437;1017192448;24260608;1118597120;0;0;0;0;0;0;0;0;0;0;0;3135;0;0;89;0;80;0;
27883;4746301;1017192448;24260608;1118597120;0;0;0;0;0;0;0;0;0;0;0;2515;0;0;89;0;80;0;
27884;4064012;1017192448;24260608;1118597120;0;0;0;0;0;0;0;0;0;0;0;4438;0;0;89;0;80;0;
27885;5741408;1017192448;24260608;1118597120;0;0;0;0;0;0;0;0;0;0;0;3086;0;0;89;0;80;0;
27886;4681319;1017192448;24260608;1118597120;0;0;0;0;0;0;0;0;0;0;0;3206;0;0;89;0;80;0;
27887;5816348;1017192448;24260608;1118597120;0;0;0;0;0;0;0;0;0;0;0;3427;0;0;89;0;80;0;
27888;3064157;1017192448;24260608;1118597120;0;0;0;0;0;0;0;0;0;0;0;3477;0;0;89;0;80;0;
27889;5577239;1017192448;24260608;1118597120;0;0;0;0;0;0;0;0;0;0;0;3547;0;0;89;0;80;0;
27890;2716174;1017192448;24260608;1118597120;0;0;0;0;0;0;0;0;0;0;0;2916;0;0;89;0;80;0;
27891;4981853;1017192448;24260608;1118597120;0;0;0;0;0;0;0;0;0;0;0;3486;0;0;89;0;80;0;
27892;3080057;1017192448;24260608;1118597120;0;0;0;0;0;0;0;0;0;0;0;3606;0;0;89;0;80;0;
27893;4958769;1017192448;24260608;1118597120;0;0;0;0;0;0;0;0;0;0;0;2375;0;0;89;0;80;0;
27894;4075974;1017192448;24260608;1118597120;0;0;0;0;0;0;0;0;0;0;0;3226;0;0;89;0;80;0;
27895;4792248;1017192448;24260608;1118597120;0;0;0;0;0;0;0;0;0;0;0;3026;0;0;89;0;80;0;
27896;3238854;1017192448;24260608;1118597120;0;0;0;0;0;0;0;0;0;0;0;3807;0;0;89;0;80;0;
27897;5828260;1017192448;24260608;1118597120;0;0;0;0;0;0;0;0;0;0;0;3597;0;0;89;0;80;0;
27898;3245617;1017192448;24260608;1118597120;0;0;0;0;0;0;0;0;0;0;0;3687;0;0;89;0;80;0;
27899;5247501;1017192448;24260608;1118597120;0;0;0;0;0;0;0;0;0;0;0;2665;0;0;89;0;80;0;
27900;2736432;1017192448;24260608;1118597120;0;0;0;0;0;0;0;0;0;0;0;3597;0;0;89;0;80;0;
27901;4900751;1017192448;24260608;1118597120;0;0;0;0;0;0;0;0;0;0;0;2795;0;0;89;0;80;0;
27902;4513374;1017192448;24260608;1118597120;0;0;0;0;0;0;0;0;0;0;0;3006;0;0;89;0;80;0;
27903;5571909;1017192448;24260608;1118597120;0;0;0;0;0;0;0;0;0;0;0;3045;0;0;89;0;80;0;
27904;3732259;1017192448;24260608;1118597120;0;0;0;0;0;0;0;0;0;0;0;3046;0;0;89;0;80;0;
27905;4951917;1017192448;24260608;1118597120;0;0;0;0;0;0;0;0;0;0;0;2765;0;0;89;0;80;0;
27906;3212534;1017192448;24260608;1118597120;0;0;0;0;0;0;0;0;0;0;0;3146;0;0;89;0;80;0;
27907;5571378;1017192448;24260608;1118597120;0;0;0;0;0;0;0;0;0;0;0;3065;0;0;89;0;80;0;
27908;4537079;1017192448;24260608;1118597120;0;0;0;0;0;0;0;0;0;0;0;3657;0;0;89;0;80;0;
27909;6261402;1017192448;24260608;1118597120;0;0;0;0;0;0;0;0;0;0;0;4188;0;0;89;0;80;0;
27910;4213432;1017192448;24260608;1118597120;0;0;0;0;0;0;0;0;0;0;0;4248;0;0;89;0;80;0;
27911;5511856;1017192448;24260608;1118597120;0;0;0;0;0;0;0;0;0;0;0;3166;0;0;89;0;80;0;
27912;3835733;1017192448;24260608;1118597120;0;0;0;0;0;0;0;0;0;0;0;3717;0;0;89;0;80;0;
27913;5735586;1017192448;24260608;1118597120;0;0;0;0;0;0;0;0;0;0;0;3296;0;0;89;0;80;0;
27914;3143876;1017192448;24260608;1118597120;0;0;0;0;0;0;0;0;0;0;0;3657;0;0;89;0;80;0;
27915;6000553;1017192448;24260608;1118597120;0;0;0;0;0;0;0;0;0;0;0;4048;0;0;89;0;80;0;
27916;4249590;1017192448;24260608;1118597120;0;0;0;0;0;0;0;0;0;0;0;3857;0;0;89;0;80;0;
27917;4911892;1017192448;24260608;1118597120;0;0;0;0;0;0;0;0;0;0;0;3006;0;0;89;0;80;0;
27918;4529555;1017192448;24260608;1118597120;0;0;0;0;0;0;0;0;0;0;0;3346;0;0;89;0;80;0;
27919;5119360;1017192448;24260608;1118597120;0;0;0;0;0;0;0;0;0;0;0;2765;0;0;89;0;80;0;
27920;4115668;1017192448;24260608;1118597120;0;0;0;0;0;0;0;0;0;0;0;3086;0;0;89;0;80;0;
27921;5079496;1017192448;24260608;1118597120;0;0;0;0;0;0;0;0;0;0;0;2305;0;0;89;0;80;0;
27922;4387197;1017192448;24260608;1118597120;0;0;0;0;0;0;0;0;0;0;0;4258;0;0;89;0;80;0;
27923;5075479;1017192448;24260608;1118597120;0;0;0;0;0;0;0;0;0;0;0;2916;0;0;89;0;80;0;
27924;3752567;1017192448;24260608;1118597120;0;0;0;0;0;0;0;0;0;0;0;4268;0;0;89;0;80;0;
27925;5147614;1017192448;24260608;1118597120;0;0;0;0;0;0;0;0;0;0;0;3176;0;0;89;0;80;0;
27926;3853107;1017192448;24260608;1118597120;0;0;0;0;0;0;0;0;0;0;0;3707;0;0;89;0;80;0;
27927;5629878;1017192448;24260608;1118597120;0;0;0;0;0;0;0;0;0;0;0;3687;0;0;89;0;80;0;
27928;3845381;1017192448;24260608;1118597120;0;0;0;0;0;0;0;0;0;0;0;3727;0;0;89;0;80;0;
27929;5904333;1017192448;24260608;1118597120;0;0;0;0;0;0;0;0;0;0;0;3697;0;0;89;0;80;0;
27930;3995944;1017192448;24260608;1118597120;0;0;0;0;0;0;0;0;0;0;0;3777;0;0;89;0;80;0;
27931;5328653;1017192448;24260608;1118597120;0;0;0;0;0;0;0;0;0;0;0;3566;0;0;89;0;80;0;
27932;3925071;1017192448;24260608;1118597120;0;0;0;0;0;0;0;0;0;0;0;3607;0;0;89;0;80;0;
27933;5958134;1017192448;24260608;1118597120;0;0;0;0;0;0;0;0;0;0;0;3276;0;0;89;0;80;0;
27934;3818662;1017192448;24260608;1118597120;0;0;0;0;0;0;0;0;0;0;0;3206;0;0;89;0;80;0;
27935;5925443;1017192448;24260608;1118597120;0;0;0;0;0;0;0;0;0;0;0;3346;0;0;89;0;80;0;
27936;4378551;1017192448;24260608;1118597120;0;0;0;0;0;0;0;0;0;0;0;3576;0;0;89;0;80;0;
27937;4806684;1017192448;24260608;1118597120;0;0;0;0;0;0;0;0;0;0;0;2735;0;0;89;0;80;0;
27938;4005832;1017192448;24260608;1118597120;0;0;0;0;0;0;0;0;0;0;0;3307;0;0;89;0;80;0;
27939;5658171;1017192448;24260608;1118597120;0;0;0;0;0;0;0;0;0;0;0;2936;0;0;89;0;80;0;
27940;3848106;1017192448;24260608;1118597120;0;0;0;0;0;0;0;0;0;0;0;3576;0;0;89;0;80;0;
27941;5378567;1017192448;24260608;1118597120;0;0;0;0;0;0;0;0;0;0;0;3046;0;0;89;0;80;0;
27942;4149532;1017192448;24260608;1118597120;0;0;0;0;0;0;0;0;0;0;0;3086;0;0;89;0;80;0;
27943;5503942;1017192448;24260608;1118597120;0;0;0;0;0;0;0;0;0;0;0;2886;0;0;89;0;80;0;
27944;4532140;1017192448;24260608;1118597120;0;0;0;0;0;0;0;0;0;0;0;3737;0;0;89;0;80;0;
27945;4884861;1017192448;24260608;1118597120;0;0;0;0;0;0;0;0;0;0;0;3597;0;0;89;0;80;0;
27946;4324991;1017192448;24260608;1118597120;0;0;0;0;0;0;0;0;0;0;0;3016;0;0;89;0;80;0;
27947;5390660;1017192448;24260608;1118597120;0;0;0;0;0;0;0;0;0;0;0;2685;0;0;89;0;80;0;
27948;4020760;1017192448;24260608;1118597120;0;0;0;0;0;0;0;0;0;0;0;3697;0;0;89;0;80;0;
27949;5069417;1017192448;24260608;1118597120;0;0;0;0;0;0;0;0;0;0;0;2745;0;0;89;0;80;0;
27950;4685107;1017192448;24260608;1118597120;0;0;0;0;0;0;0;0;0;0;0;3557;0;0;89;0;80;0;
27951;6204776;1022996480;31825920;1126162432;0;0;0;0;0;0;0;0;0;0;0;3056;0;0;89;0;80;0;
27952;3874927;1022996480;31825920;1126162432;0;0;0;0;0;0;0;0;0;0;0;3056;0;0;89;0;80;0;
27953;5173663;1022996480;31825920;1126162432;0;0;0;0;0;0;0;0;0;0;0;2745;0;0;89;0;80;0;
27954;4271571;1022996480;31825920;1126162432;0;0;0;0;0;0;0;0;0;0;0;2995;0;0;89;0;80;0;
27955;4794902;1022996480;31825920;1126162432;0;0;0;0;0;0;0;0;0;0;0;2605;0;0;89;0;80;0;
27956;5480898;1022996480;31825920;1126162432;0;0;0;0;0;0;0;0;0;0;0;3557;0;0;89;0;80;0;
27957;5502810;1022996480;31834112;1126170624;0;0;0;0;0;0;0;0;0;0;0;2825;0;0;89;0;80;0;
27958;4229311;1022996480;31834112;1126170624;0;0;0;0;0;0;0;0;0;0;0;3397;0;0;89;0;80;0;
27959;5739563;1022996480;31834112;1126170624;0;0;0;0;0;0;0;0;0;0;0;3647;0;0;89;0;80;0;
27960;5154516;1017241600;24268800;1118605312;0;0;0;0;0;0;0;0;0;0;0;3336;0;0;89;0;80;0;
27961;6463923;1017241600;24268800;1118605312;0;0;0;0;0;0;0;0;0;0;0;3036;0;0;89;0;80;0;
27962;4348685;1017241600;24268800;1118605312;0;0;0;0;0;0;0;0;0;0;0;3577;0;0;89;0;80;0;
27963;6456880;1017241600;24268800;1118605312;0;0;0;0;0;0;0;0;0;0;0;3306;0;0;89;0;80;0;
27964;4217219;1017233408;24260608;1118597120;0;0;0;0;0;0;0;0;0;0;0;3777;0;0;89;0;80;0;
27965;5530201;1017233408;24260608;1118597120;0;0;0;0;0;0;0;0;0;0;0;3326;0;0;89;0;80;0;
27966;5604601;1017233408;24260608;1118597120;0;0;0;0;0;0;0;0;0;0;0;3075;0;0;89;0;80;0;
27967;5237392;1017233408;24260608;1118597120;0;0;0;0;0;0;0;0;0;0;0;4027;0;0;89;0;80;0;
27968;4289445;1017233408;24260608;1118597120;0;0;0;0;0;0;0;0;0;0;0;3266;0;0;89;0;80;0;
27969;5659484;1017233408;24260608;1118597120;0;0;0;0;0;0;0;0;0;0;0;3507;0;0;89;0;80;0;
27970;4896503;1017233408;24260608;1118597120;0;0;0;0;0;0;0;0;0;0;0;3536;0;0;89;0;80;0;
27971;5155318;1017233408;24260608;1118597120;0;0;0;0;0;0;0;0;0;0;0;3015;0;0;89;0;80;0;
27972;4748907;1017233408;24260608;1118597120;0;0;0;0;0;0;0;0;0;0;0;3427;0;0;89;0;80;0;
27973;6194567;1017233408;24260608;1118597120;0;0;0;0;0;0;0;0;0;0;0;3025;0;0;89;0;80;0;
27974;4578416;1017233408;24260608;1118597120;0;0;0;0;0;0;0;0;0;0;0;3176;0;0;89;0;80;0;
27975;5818021;1023037440;31825920;1126162432;0;0;0;0;0;0;0;0;0;0;0;3988;0;0;89;0;80;0;
27976;5413482;1023037440;31825920;1126162432;0;0;0;0;0;0;0;0;0;0;0;2966;0;0;89;0;80;0;
27977;5400919;1023037440;31825920;1126162432;0;0;0;0;0;0;0;0;0;0;0;3506;0;0;89;0;80;0;
27978;4485432;1023037440;31825920;1126162432;0;0;0;0;0;0;0;0;0;0;0;3266;0;0;89;0;80;0;
27979;5289480;1023037440;31825920;1126162432;0;0;0;0;0;0;0;0;0;0;0;2604;0;0;89;0;80;0;
27980;3991816;1023037440;31825920;1126162432;0;0;0;0;0;0;0;0;0;0;0;3737;0;0;89;0;80;0;
27981;5347067;1023037440;31825920;1126162432;0;0;0;0;0;0;0;0;0;0;0;3306;0;0;89;0;80;0;
27982;4924696;1023037440;31825920;1126162432;0;0;0;0;0;0;0;0;0;0;0;3396;0;0;89;0;80;0;
27983;5902820;1023037440;31825920;1126162432;0;0;0;0;0;0;0;0;0;0;0;3617;0;0;89;0;80;0;
27984;3707062;1017241600;24260608;1118597120;0;0;0;0;0;0;0;0;0;0;0;3606;0;0;89;0;80;0;
27985;6087747;1017241600;24260608;1118597120;0;0;0;0;0;0;0;0;0;0;0;2825;0;0;89;0;80;0;
27986;4580541;1017241600;24260608;1118597120;0;0;0;0;0;0;0;0;0;0;0;3577;0;0;89;0;80;0;
27987;5658853;1017241600;24260608;1118597120;0;0;0;0;0;0;0;0;0;0;0;3266;0;0;89;0;80;0;
27988;3892479;1017241600;24260608;1118597120;0;0;0;0;0;0;0;0;0;0;0;2955;0;0;89;0;80;0;
27989;5775702;1017241600;24260608;1118597120;0;0;0;0;0;0;0;0;0;0;0;3646;0;0;89;0;80;0;
27990;3642250;1017241600;24260608;1118597120;0;0;0;0;0;0;0;0;0;0;0;3165;0;0;89;0;80;0;
27991;5482502;1017241600;24260608;1118597120;0;0;0;0;0;0;0;0;0;0;0;3166;0;0;89;0;80;0;
27992;4056197;1017241600;24260608;1118597120;0;0;0;0;0;0;0;0;0;0;0;3236;0;0;89;0;80;0;
27993;5419875;1017241600;24260608;1118597120;0;0;0;0;0;0;0;0;0;0;0;3357;0;0;89;0;80;0;
27994;4913775;1017241600;24260608;1118597120;0;0;0;0;0;0;0;0;0;0;0;3226;0;0;89;0;80;0;
27995;6332636;1017241600;24260608;1118597120;0;0;0;0;0;0;0;0;0;0;0;3176;0;0;89;0;80;0;
27996;2480572;1017241600;24260608;1118597120;0;0;0;0;0;0;0;0;0;0;0;3076;0;0;89;0;80;0;
27997;5248162;1017241600;24260608;1118597120;0;0;0;0;0;0;0;0;0;0;0;2775;0;0;89;0;80;0;
27998;2995578;1017241600;24260608;1118597120;0;0;0;0;0;0;0;0;0;0;0;2915;0;0;89;0;80;0;
27999;5616743;1023045632;31825920;1126162432;0;0;0;0;0;0;0;0;0;0;0;2735;0;0;89;0;80;0;
28000;2871345;1023045632;31825920;1126162432;0;0;0;0;0;0;0;0;0;0;0;2885;0;0;89;0;80;0;
28001;4863561;1023045632;31825920;1126162432;0;0;0;0;0;0;0;0;0;0;0;2575;0;0;89;0;80;0;
28002;3759661;1023045632;31825920;1126162432;0;0;0;0;0;0;0;0;0;0;0;2635;0;0;89;0;80;0;
28003;4806114;1023045632;31825920;1126162432;0;0;0;0;0;0;0;0;0;0;0;2044;0;0;89;0;80;0;
28004;4455736;1023045632;31825920;1126162432;0;0;0;0;0;0;0;0;0;0;0;2455;0;0;89;0;80;0;
28005;5306822;1023045632;31825920;1126162432;0;0;0;0;0;0;0;0;0;0;0;2464;0;0;89;0;80;0;
28006;3480908;1023045632;31825920;1126162432;0;0;0;0;0;0;0;0;0;0;0;2595;0;0;89;0;80;0;
28007;5690803;1023045632;31825920;1126162432;0;0;0;0;0;0;0;0;0;0;0;2334;0;0;89;0;80;0;
28008;4734058;1017249792;24260608;1118597120;0;0;0;0;0;0;0;0;0;0;0;2946;0;0;89;0;80;0;
28009;5599000;1017249792;24260608;1118597120;0;0;0;0;0;0;0;0;0;0;0;2314;0;0;89;0;80;0;
28010;4641274;1017249792;24260608;1118597120;0;0;0;0;0;0;0;0;0;0;0;3076;0;0;89;0;80;0;
28011;5565007;1017249792;24260608;1118597120;0;0;0;0;0;0;0;0;0;0;0;2625;0;0;89;0;80;0;
28012;2845186;1017249792;24260608;1118597120;0;0;0;0;0;0;0;0;0;0;0;2424;0;0;89;0;80;0;
28013;5556260;1017249792;24260608;1118597120;0;0;0;0;0;0;0;0;0;0;0;2354;0;0;89;0;80;0;
28014;2568487;1017249792;24260608;1118597120;0;0;0;0;0;0;0;0;0;0;0;2795;0;0;89;0;80;0;
28015;5729725;1017249792;24260608;1118597120;0;0;0;0;0;0;0;0;0;0;0;2284;0;0;89;0;80;0;
28016;2639741;1017249792;24260608;1118597120;0;0;0;0;0;0;0;0;0;0;0;2725;0;0;89;0;80;0;
28017;5055972;1017249792;24260608;1118597120;0;0;0;0;0;0;0;0;0;0;0;2044;0;0;89;0;80;0;
28018;2836510;1017249792;24260608;1118597120;0;0;0;0;0;0;0;0;0;0;0;2354;0;0;89;0;80;0;
28019;5433921;1017249792;24260608;1118597120;0;0;0;0;0;0;0;0;0;0;0;2305;0;0;89;0;80;0;
28020;2827633;1017249792;24260608;1118597120;0;0;0;0;0;0;0;0;0;0;0;2175;0;0;89;0;80;0;
28021;5566509;1017249792;24260608;1118597120;0;0;0;0;0;0;0;0;0;0;0;2765;0;0;89;0;80;0;
28022;3093752;1017249792;24260608;1118597120;0;0;0;0;0;0;0;0;0;0;0;2786;0;0;89;0;80;0;
28023;6008188;1023053824;31825920;1126162432;0;0;0;0;0;0;0;0;0;0;0;2665;0;0;89;0;80;0;
28024;2380213;1023053824;31825920;1126162432;0;0;0;0;0;0;0;0;0;0;0;2946;0;0;89;0;80;0;
28025;5149898;1023053824;31825920;1126162432;0;0;0;0;0;0;0;0;0;0;0;2515;0;0;89;0;80;0;
28026;2745398;1023053824;31825920;1126162432;0;0;0;0;0;0;0;0;0;0;0;3076;0;0;89;0;80;0;
28027;5317141;1023053824;31825920;1126162432;0;0;0;0;0;0;0;0;0;0;0;2154;0;0;89;0;80;0;
28028;2986491;1023053824;31825920;1126162432;0;0;0;0;0;0;0;0;0;0;0;2695;0;0;89;0;80;0;
28029;5508220;1023053824;31825920;1126162432;0;0;0;0;0;0;0;0;0;0;0;2534;0;0;89;0;80;0;
28030;3222474;1023053824;31825920;1126162432;0;0;0;0;0;0;0;0;0;0;0;3346;0;0;89;0;80;0;
28031;6147939;1023053824;31825920;1126162432;0;0;0;0;0;0;0;0;0;0;0;2083;0;0;89;0;80;0;
28032;2799420;1017257984;24260608;1118597120;0;0;0;0;0;0;0;0;0;0;0;2716;0;0;89;0;80;0;
28033;5599511;1017257984;24260608;1118597120;0;0;0;0;0;0;0;0;0;0;0;2524;0;0;89;0;80;0;
28034;3382443;1017257984;24260608;1118597120;0;0;0;0;0;0;0;0;0;0;0;2916;0;0;89;0;80;0;
28035;5234858;1017257984;24260608;1118597120;0;0;0;0;0;0;0;0;0;0;0;2605;0;0;89;0;80;0;
28036;2320021;1017257984;24260608;1118597120;0;0;0;0;0;0;0;0;0;0;0;2335;0;0;89;0;80;0;
28037;4649049;1017257984;24260608;1118597120;0;0;0;0;0;0;0;0;0;0;0;1724;0;0;89;0;80;0;
28038;3689620;1017257984;24260608;1118597120;0;0;0;0;0;0;0;0;0;0;0;3366;0;0;89;0;80;0;
28039;4817916;1017257984;24260608;1118597120;0;0;0;0;0;0;0;0;0;0;0;2695;0;0;89;0;80;0;
28040;1987367;1017257984;24260608;1118597120;0;0;0;0;0;0;0;0;0;0;0;2975;0;0;89;0;80;0;
28041;4703200;1017257984;24260608;1118597120;0;0;0;0;0;0;0;0;0;0;0;2654;0;0;89;0;80;0;
28042;2387898;1017257984;24260608;1118597120;0;0;0;0;0;0;0;0;0;0;0;2665;0;0;89;0;80;0;
28043;5491569;1017257984;24260608;1118597120;0;0;0;0;0;0;0;0;0;0;0;2685;0;0;89;0;80;0;
28044;2766388;1017257984;24260608;1118597120;0;0;0;0;0;0;0;0;0;0;0;2745;0;0;89;0;80;0;
28045;4791876;1017257984;24260608;1118597120;0;0;0;0;0;0;0;0;0;0;0;2465;0;0;89;0;80;0;
28046;3619818;1017257984;24260608;1118597120;0;0;0;0;0;0;0;0;0;0;0;2846;0;0;89;0;80;0;
28047;5593500;1017257984;24260608;1118597120;0;0;0;0;0;0;0;0;0;0;0;2194;0;0;89;0;80;0;
28048;2458590;1017257984;24260608;1118597120;0;0;0;0;0;0;0;0;0;0;0;3046;0;0;89;0;80;0;
28049;5090867;1017257984;24260608;1118597120;0;0;0;0;0;0;0;0;0;0;0;2295;0;0;89;0;80;0;
28050;3052254;1017257984;24260608;1118597120;0;0;0;0;0;0;0;0;0;0;0;2635;0;0;89;0;80;0;
28051;5337900;1017257984;24260608;1118597120;0;0;0;0;0;0;0;0;0;0;0;2374;0;0;89;0;80;0;
28052;2141366;1017257984;24260608;1118597120;0;0;0;0;0;0;0;0;0;0;0;2455;0;0;89;0;80;0;
28053;4633510;1017257984;24260608;1118597120;0;0;0;0;0;0;0;0;0;0;0;2074;0;0;89;0;80;0;
28054;2874862;1017257984;24260608;1118597120;0;0;0;0;0;0;0;0;0;0;0;3306;0;0;89;0;80;0;
28055;5794797;1017257984;24260608;1118597120;0;0;0;0;0;0;0;0;0;0;0;3125;0;0;89;0;80;0;
28056;3184633;1017257984;24260608;1118597120;0;0;0;0;0;0;0;0;0;0;0;2635;0;0;89;0;80;0;
28057;5368077;1017257984;24260608;1118597120;0;0;0;0;0;0;0;0;0;0;0;2314;0;0;89;0;80;0;
28058;2634521;1017257984;24260608;1118597120;0;0;0;0;0;0;0;0;0;0;0;2966;0;0;89;0;80;0;
28059;5161310;1017257984;24260608;1118597120;0;0;0;0;0;0;0;0;0;0;0;2455;0;0;89;0;80;0;
28060;3274081;1017257984;24260608;1118597120;0;0;0;0;0;0;0;0;0;0;0;3426;0;0;89;0;80;0;
28061;5212586;1017257984;24260608;1118597120;0;0;0;0;0;0;0;0;0;0;0;2625;0;0;89;0;80;0;
28062;3538416;1017257984;24260608;1118597120;0;0;0;0;0;0;0;0;0;0;0;2285;0;0;89;0;80;0;
28063;5133166;1017257984;24260608;1118597120;0;0;0;0;0;0;0;0;0;0;0;2494;0;0;89;0;80;0;
28064;2297869;1017257984;24260608;1118597120;0;0;0;0;0;0;0;0;0;0;0;2114;0;0;89;0;80;0;
28065;5416678;1017257984;24260608;1118597120;0;0;0;0;0;0;0;0;0;0;0;2415;0;0;89;0;80;0;
28066;2651292;1017257984;24260608;1118597120;0;0;0;0;0;0;0;0;0;0;0;2414;0;0;89;0;80;0;
28067;10737246;1017257984;24260608;1118597120;0;0;0;0;0;0;0;0;0;0;0;2234;0;0;89;0;80;0;
28068;2936577;1017257984;24260608;1118597120;0;0;0;0;0;0;0;0;0;0;0;2555;0;0;89;0;80;0;
28069;4844184;1017257984;24260608;1118597120;0;0;0;0;0;0;0;0;0;0;0;2194;0;0;89;0;80;0;
28070;2988494;1017257984;24260608;1118597120;0;0;0;0;0;0;0;0;0;0;0;2284;0;0;89;0;80;0;
28071;4869252;1017257984;24260608;1118597120;0;0;0;0;0;0;0;0;0;0;0;2305;0;0;89;0;80;0;
28072;3535039;1017257984;24260608;1118597120;0;0;0;0;0;0;0;0;0;0;0;2675;0;0;89;0;80;0;
28073;4744828;1017257984;24260608;1118597120;0;0;0;0;0;0;0;0;0;0;0;2064;0;0;89;0;80;0;
28074;2670608;1017257984;24260608;1118597120;0;0;0;0;0;0;0;0;0;0;0;2515;0;0;89;0;80;0;
28075;4854844;1017257984;24260608;1118597120;0;0;0;0;0;0;0;0;0;0;0;2926;0;0;89;0;80;0;
28076;3469887;1017257984;24260608;1118597120;0;0;0;0;0;0;0;0;0;0;0;2905;0;0;89;0;80;0;
28077;4823997;1017257984;24260608;1118597120;0;0;0;0;0;0;0;0;0;0;0;2425;0;0;89;0;80;0;
28078;3474405;1017257984;24260608;1118597120;0;0;0;0;0;0;0;0;0;0;0;3046;0;0;89;0;80;0;
28079;6422685;1017257984;24260608;1118597120;0;0;0;0;0;0;0;0;0;0;0;3106;0;0;89;0;80;0;
28080;2044353;1017257984;24260608;1118597120;0;0;0;0;0;0;0;0;0;0;0;2625;0;0;89;0;80;0;
28081;5125973;1017257984;24260608;1118597120;0;0;0;0;0;0;0;0;0;0;0;2344;0;0;89;0;80;0;
28082;2735570;1017257984;24260608;1118597120;0;0;0;0;0;0;0;0;0;0;0;2614;0;0;89;0;80;0;
28083;4642737;1017257984;24260608;1118597120;0;0;0;0;0;0;0;0;0;0;0;2475;0;0;89;0;80;0;
28084;3730066;1017257984;24260608;1118597120;0;0;0;0;0;0;0;0;0;0;0;2935;0;0;89;0;80;0;
28085;4876836;1017257984;24260608;1118597120;0;0;0;0;0;0;0;0;0;0;0;2444;0;0;89;0;80;0;
28086;2276779;1017257984;24260608;1118597120;0;0;0;0;0;0;0;0;0;0;0;2765;0;0;89;0;80;0;
28087;5168283;1017257984;24260608;1118597120;0;0;0;0;0;0;0;0;0;0;0;2775;0;0;89;0;80;0;
28088;4235563;1017257984;24260608;1118597120;0;0;0;0;0;0;0;0;0;0;0;3787;0;0;89;0;80;0;
28089;5723053;1017257984;24260608;1118597120;0;0;0;0;0;0;0;0;0;0;0;2845;0;0;89;0;80;0;
28090;3379077;1017257984;24260608;1118597120;0;0;0;0;0;0;0;0;0;0;0;3316;0;0;89;0;80;0;
28091;5360554;1017257984;24260608;1118597120;0;0;0;0;0;0;0;0;0;0;0;2876;0;0;89;0;80;0;
28092;3919631;1017257984;24260608;1118597120;0;0;0;0;0;0;0;0;0;0;0;3296;0;0;89;0;80;0;
28093;5130401;1017257984;24260608;1118597120;0;0;0;0;0;0;0;0;0;0;0;2755;0;0;89;0;80;0;
28094;3981366;1017257984;24260608;1118597120;0;0;0;0;0;0;0;0;0;0;0;3306;0;0;89;0;80;0;
28095;4690707;1017257984;24260608;1118597120;0;0;0;0;0;0;0;0;0;0;0;2665;0;0;89;0;80;0;
28096;3446123;1017257984;24260608;1118597120;0;0;0;0;0;0;0;0;0;0;0;3377;0;0;89;0;80;0;
28097;5031316;1017257984;24260608;1118597120;0;0;0;0;0;0;0;0;0;0;0;2715;0;0;89;0;80;0;
28098;3064497;1017257984;24260608;1118597120;0;0;0;0;0;0;0;0;0;0;0;3256;0;0;89;0;80;0;
28099;5076951;1017257984;24260608;1118597120;0;0;0;0;0;0;0;0;0;0;0;2625;0;0;89;0;80;0;
28100;3083593;1017257984;24260608;1118597120;0;0;0;0;0;0;0;0;0;0;0;2525;0;0;89;0;80;0;
28101;4667333;1017257984;24260608;1118597120;0;0;0;0;0;0;0;0;0;0;0;2255;0;0;89;0;80;0;
28102;3952282;1017257984;24260608;1118597120;0;0;0;0;0;0;0;0;0;0;0;3697;0;0;89;0;80;0;
28103;5443408;1017257984;24260608;1118597120;0;0;0;0;0;0;0;0;0;0;0;2876;0;0;89;0;80;0;
28104;2956865;1017257984;24260608;1118597120;0;0;0;0;0;0;0;0;0;0;0;3286;0;0;89;0;80;0;
28105;4806003;1017257984;24260608;1118597120;0;0;0;0;0;0;0;0;0;0;0;2104;0;0;89;0;80;0;
28106;3997477;1017257984;24260608;1118597120;0;0;0;0;0;0;0;0;0;0;0;3296;0;0;89;0;80;0;
28107;5165627;1017257984;24260608;1118597120;0;0;0;0;0;0;0;0;0;0;0;2946;0;0;89;0;80;0;
28108;3125251;1017257984;24260608;1118597120;0;0;0;0;0;0;0;0;0;0;0;2865;0;0;89;0;80;0;
28109;4977004;1017257984;24260608;1118597120;0;0;0;0;0;0;0;0;0;0;0;2745;0;0;89;0;80;0;
28110;3540610;1017257984;24260608;1118597120;0;0;0;0;0;0;0;0;0;0;0;3005;0;0;89;0;80;0;
28111;5511055;1017257984;24260608;1118597120;0;0;0;0;0;0;0;0;0;0;0;2775;0;0;89;0;80;0;
28112;3379879;1017257984;24260608;1118597120;0;0;0;0;0;0;0;0;0;0;0;2975;0;0;89;0;80;0;
28113;5719366;1017257984;24260608;1118597120;0;0;0;0;0;0;0;0;0;0;0;2995;0;0;89;0;80;0;
28114;3473685;1017257984;24260608;1118597120;0;0;0;0;0;0;0;0;0;0;0;3126;0;0;89;0;80;0;
28115;5330256;1017257984;24260608;1118597120;0;0;0;0;0;0;0;0;0;0;0;2195;0;0;89;0;80;0;
28116;3169013;1017257984;24260608;1118597120;0;0;0;0;0;0;0;0;0;0;0;3186;0;0;89;0;80;0;
28117;5001440;1017257984;24260608;1118597120;0;0;0;0;0;0;0;0;0;0;0;2485;0;0;89;0;80;0;
28118;4065083;1017257984;24260608;1118597120;0;0;0;0;0;0;0;0;0;0;0;3016;0;0;89;0;80;0;
28119;5444852;1017257984;24260608;1118597120;0;0;0;0;0;0;0;0;0;0;0;2395;0;0;89;0;80;0;
28120;3209790;1017257984;24260608;1118597120;0;0;0;0;0;0;0;0;0;0;0;2895;0;0;89;0;80;0;
28121;5291133;1017257984;24260608;1118597120;0;0;0;0;0;0;0;0;0;0;0;2796;0;0;89;0;80;0;
28122;2401413;1017257984;24260608;1118597120;0;0;0;0;0;0;0;0;0;0;0;3116;0;0;89;0;80;0;
28123;5484505;1017257984;24260608;1118597120;0;0;0;0;0;0;0;0;0;0;0;2725;0;0;89;0;80;0;
28124;2542649;1017257984;24260608;1118597120;0;0;0;0;0;0;0;0;0;0;0;2895;0;0;89;0;80;0;
28125;5726589;1017257984;24260608;1118597120;0;0;0;0;0;0;0;0;0;0;0;2624;0;0;89;0;80;0;
28126;3469867;1017257984;24260608;1118597120;0;0;0;0;0;0;0;0;0;0;0;3346;0;0;89;0;80;0;
28127;5723714;1017257984;24260608;1118597120;0;0;0;0;0;0;0;0;0;0;0;2285;0;0;89;0;80;0;
28128;3426617;1017257984;24260608;1118597120;0;0;0;0;0;0;0;0;0;0;0;3627;0;0;89;0;80;0;
28129;5565407;1017257984;24260608;1118597120;0;0;0;0;0;0;0;0;0;0;0;2475;0;0;89;0;80;0;
28130;2961454;1017257984;24260608;1118597120;0;0;0;0;0;0;0;0;0;0;0;2775;0;0;89;0;80;0;
28131;4950644;1017257984;24260608;1118597120;0;0;0;0;0;0;0;0;0;0;0;2595;0;0;89;0;80;0;
28132;3577328;1017257984;24260608;1118597120;0;0;0;0;0;0;0;0;0;0;0;3076;0;0;89;0;80;0;
28133;5554487;1017257984;24260608;1118597120;0;0;0;0;0;0;0;0;0;0;0;2525;0;0;89;0;80;0;
28134;3001168;1017257984;24260608;1118597120;0;0;0;0;0;0;0;0;0;0;0;3035;0;0;89;0;80;0;
28135;5489785;1017257984;24260608;1118597120;0;0;0;0;0;0;0;0;0;0;0;2966;0;0;89;0;80;0;
28136;3294258;1017257984;24260608;1118597120;0;0;0;0;0;0;0;0;0;0;0;3517;0;0;89;0;80;0;
28137;5017680;1017257984;24260608;1118597120;0;0;0;0;0;0;0;0;0;0;0;2224;0;0;89;0;80;0;
28138;2109666;1017257984;24260608;1118597120;0;0;0;0;0;0;0;0;0;0;0;2866;0;0;89;0;80;0;
28139;4652645;1017257984;24260608;1118597120;0;0;0;0;0;0;0;0;0;0;0;1974;0;0;89;0;80;0;
28140;2855826;1017257984;24260608;1118597120;0;0;0;0;0;0;0;0;0;0;0;3116;0;0;89;0;80;0;
28141;5230429;1017257984;24260608;1118597120;0;0;0;0;0;0;0;0;0;0;0;2354;0;0;89;0;80;0;
28142;3266035;1017257984;24260608;1118597120;0;0;0;0;0;0;0;0;0;0;0;3166;0;0;89;0;80;0;
28143;5652801;1017257984;24260608;1118597120;0;0;0;0;0;0;0;0;0;0;0;2494;0;0;89;0;80;0;
28144;3601734;1017257984;24260608;1118597120;0;0;0;0;0;0;0;0;0;0;0;2915;0;0;89;0;80;0;
28145;5201355;1017257984;24260608;1118597120;0;0;0;0;0;0;0;0;0;0;0;2394;0;0;89;0;80;0;
28146;2721063;1017257984;24260608;1118597120;0;0;0;0;0;0;0;0;0;0;0;2996;0;0;89;0;80;0;
28147;5647832;1017257984;24260608;1118597120;0;0;0;0;0;0;0;0;0;0;0;2996;0;0;89;0;80;0;
28148;2647685;1017257984;24260608;1118597120;0;0;0;0;0;0;0;0;0;0;0;3156;0;0;89;0;80;0;
28149;5361285;1017257984;24260608;1118597120;0;0;0;0;0;0;0;0;0;0;0;2595;0;0;89;0;80;0;
28150;3038408;1017257984;24260608;1118597120;0;0;0;0;0;0;0;0;0;0;0;2785;0;0;89;0;80;0;
28151;5731739;1017257984;24260608;1118597120;0;0;0;0;0;0;0;0;0;0;0;2655;0;0;89;0;80;0;
28152;3035232;1017257984;24260608;1118597120;0;0;0;0;0;0;0;0;0;0;0;3266;0;0;89;0;80;0;
28153;5836535;1017257984;24260608;1118597120;0;0;0;0;0;0;0;0;0;0;0;2565;0;0;89;0;80;0;
28154;3445452;1017257984;24260608;1118597120;0;0;0;0;0;0;0;0;0;0;0;2875;0;0;89;0;80;0;
28155;5406469;1017257984;24260608;1118597120;0;0;0;0;0;0;0;0;0;0;0;2495;0;0;89;0;80;0;
28156;3150188;1017257984;24260608;1118597120;0;0;0;0;0;0;0;0;0;0;0;2796;0;0;89;0;80;0;
28157;5314607;1017257984;24260608;1118597120;0;0;0;0;0;0;0;0;0;0;0;2755;0;0;89;0;80;0;
28158;2796775;1017257984;24260608;1118597120;0;0;0;0;0;0;0;0;0;0;0;3166;0;0;89;0;80;0;
28159;5641290;1017257984;24260608;1118597120;0;0;0;0;0;0;0;0;0;0;0;2845;0;0;89;0;80;0;
28160;2986010;1017257984;24260608;1118597120;0;0;0;0;0;0;0;0;0;0;0;2494;0;0;89;0;80;0;
28161;5234577;1017257984;24260608;1118597120;0;0;0;0;0;0;0;0;0;0;0;2705;0;0;89;0;80;0;
28162;3374649;1017257984;24260608;1118597120;0;0;0;0;0;0;0;0;0;0;0;3116;0;0;89;0;80;0;
28163;5712232;1023062016;31825920;1126162432;0;0;0;0;0;0;0;0;0;0;0;3046;0;0;89;0;80;0;
28164;5385580;1023062016;31825920;1126162432;0;0;0;0;0;0;0;0;0;0;0;3667;0;0;89;0;80;0;
28165;6051819;1023062016;31825920;1126162432;0;0;0;0;0;0;0;0;0;0;0;3987;0;0;89;0;80;0;
28166;4417785;1023062016;31825920;1126162432;0;0;0;0;0;0;0;0;0;0;0;4058;0;0;89;0;80;0;
28167;6174950;1023062016;31825920;1126162432;0;0;0;0;0;0;0;0;0;0;0;3967;0;0;89;0;80;0;
28168;5478194;1023062016;31825920;1126162432;0;0;0;0;0;0;0;0;0;0;0;3417;0;0;89;0;80;0;
28169;5442366;1023062016;31825920;1126162432;0;0;0;0;0;0;0;0;0;0;0;2945;0;0;89;0;80;0;
28170;3862012;1023062016;31825920;1126162432;0;0;0;0;0;0;0;0;0;0;0;2855;0;0;89;0;80;0;
28171;5646219;1023062016;31825920;1126162432;0;0;0;0;0;0;0;0;0;0;0;2675;0;0;89;0;80;0;
28172;4991060;1017307136;24260608;1118597120;0;0;0;0;0;0;0;0;0;0;0;3456;0;0;89;0;80;0;
28173;6472037;1017307136;24260608;1118597120;0;0;0;0;0;0;0;0;0;0;0;3767;0;0;89;0;80;0;
28174;4053852;1017307136;24260608;1118597120;0;0;0;0;0;0;0;0;0;0;0;3116;0;0;89;0;80;0;
28175;5796040;1017307136;24260608;1118597120;0;0;0;0;0;0;0;0;0;0;0;3667;0;0;89;0;80;0;
28176;4515088;1017307136;24260608;1118597120;0;0;0;0;0;0;0;0;0;0;0;3546;0;0;89;0;80;0;
28177;6774174;1017307136;24260608;1118597120;0;0;0;0;0;0;0;0;0;0;0;3356;0;0;89;0;80;0;
28178;3259984;1017307136;24260608;1118597120;0;0;0;0;0;0;0;0;0;0;0;3597;0;0;89;0;80;0;
28179;5974374;1017307136;24260608;1118597120;0;0;0;0;0;0;0;0;0;0;0;3737;0;0;89;0;80;0;
28180;5548726;1017307136;24260608;1118597120;0;0;0;0;0;0;0;0;0;0;0;3517;0;0;89;0;80;0;
28181;5939199;1017307136;24260608;1118597120;0;0;0;0;0;0;0;0;0;0;0;3496;0;0;89;0;80;0;
28182;4221838;1017307136;24260608;1118597120;0;0;0;0;0;0;0;0;0;0;0;2986;0;0;89;0;80;0;
28183;6110449;1017307136;24260608;1118597120;0;0;0;0;0;0;0;0;0;0;0;3737;0;0;89;0;80;0;
28184;4716705;1017307136;24260608;1118597120;0;0;0;0;0;0;0;0;0;0;0;3516;0;0;89;0;80;0;
28185;6253077;1017307136;24260608;1118597120;0;0;0;0;0;0;0;0;0;0;0;3196;0;0;89;0;80;0;
28186;4308389;1017307136;24260608;1118597120;0;0;0;0;0;0;0;0;0;0;0;3347;0;0;89;0;80;0;
28187;7357889;1023111168;31825920;1126162432;0;0;0;0;0;0;0;0;0;0;0;3897;0;0;89;0;80;0;
28188;4362541;1023111168;31825920;1126162432;0;0;0;0;0;0;0;0;0;0;0;3827;0;0;89;0;80;0;
28189;5827189;1023111168;31825920;1126162432;0;0;0;0;0;0;0;0;0;0;0;2906;0;0;89;0;80;0;
28190;3873584;1023111168;31825920;1126162432;0;0;0;0;0;0;0;0;0;0;0;3446;0;0;89;0;80;0;
28191;4944663;1023111168;31825920;1126162432;0;0;0;0;0;0;0;0;0;0;0;2505;0;0;89;0;80;0;
28192;2544973;1023111168;31825920;1126162432;0;0;0;0;0;0;0;0;0;0;0;3467;0;0;89;0;80;0;
28193;5107138;1023111168;31825920;1126162432;0;0;0;0;0;0;0;0;0;0;0;2976;0;0;89;0;80;0;
28194;2902203;1023111168;31825920;1126162432;0;0;0;0;0;0;0;0;0;0;0;3266;0;0;89;0;80;0;
28195;5542224;1023111168;31825920;1126162432;0;0;0;0;0;0;0;0;0;0;0;2234;0;0;89;0;80;0;
28196;3988690;1017315328;24260608;1118597120;0;0;0;0;0;0;0;0;0;0;0;2595;0;0;89;0;80;0;
28197;5674922;1017315328;24260608;1118597120;0;0;0;0;0;0;0;0;0;0;0;3086;0;0;89;0;80;0;
28198;3316640;1017315328;24260608;1118597120;0;0;0;0;0;0;0;0;0;0;0;3497;0;0;89;0;80;0;
28199;6009320;1017315328;24260608;1118597120;0;0;0;0;0;0;0;0;0;0;0;3066;0;0;89;0;80;0;
28200;3199541;1017315328;24260608;1118597120;0;0;0;0;0;0;0;0;0;0;0;3306;0;0;89;0;80;0;
28201;5141121;1017315328;24260608;1118597120;0;0;0;0;0;0;0;0;0;0;0;2605;0;0;89;0;80;0;
28202;3174814;1017315328;24260608;1118597120;0;0;0;0;0;0;0;0;0;0;0;2735;0;0;89;0;80;0;
28203;4988205;1017315328;24260608;1118597120;0;0;0;0;0;0;0;0;0;0;0;2495;0;0;89;0;80;0;
28204;2601719;1017315328;24260608;1118597120;0;0;0;0;0;0;0;0;0;0;0;2515;0;0;89;0;80;0;
28205;4808036;1017315328;24260608;1118597120;0;0;0;0;0;0;0;0;0;0;0;2585;0;0;89;0;80;0;
28206;3846484;1017315328;24260608;1118597120;0;0;0;0;0;0;0;0;0;0;0;3025;0;0;89;0;80;0;
28207;4680858;1017315328;24260608;1118597120;0;0;0;0;0;0;0;0;0;0;0;2104;0;0;89;0;80;0;
28208;2898005;1017315328;24260608;1118597120;0;0;0;0;0;0;0;0;0;0;0;3316;0;0;89;0;80;0;
28209;4743156;1017315328;24260608;1118597120;0;0;0;0;0;0;0;0;0;0;0;3126;0;0;89;0;80;0;
28210;4062840;1017315328;24260608;1118597120;0;0;0;0;0;0;0;0;0;0;0;3046;0;0;89;0;80;0;
28211;6281972;1023119360;31825920;1126162432;0;0;0;0;0;0;0;0;0;0;0;2835;0;0;89;0;80;0;
28212;4020290;1023119360;31825920;1126162432;0;0;0;0;0;0;0;0;0;0;0;3367;0;0;89;0;80;0;
28213;4840417;1023119360;31825920;1126162432;0;0;0;0;0;0;0;0;0;0;0;2835;0;0;89;0;80;0;
28214;3521354;1023119360;31825920;1126162432;0;0;0;0;0;0;0;0;0;0;0;2856;0;0;89;0;80;0;
28215;5347729;1023119360;31825920;1126162432;0;0;0;0;0;0;0;0;0;0;0;2144;0;0;89;0;80;0;
28216;2845205;1023119360;31825920;1126162432;0;0;0;0;0;0;0;0;0;0;0;2445;0;0;89;0;80;0;
28217;4981583;1023119360;31825920;1126162432;0;0;0;0;0;0;0;0;0;0;0;2174;0;0;89;0;80;0;
28218;2049324;1023119360;31825920;1126162432;0;0;0;0;0;0;0;0;0;0;0;3166;0;0;89;0;80;0;
28219;5153514;1023119360;31825920;1126162432;0;0;0;0;0;0;0;0;0;0;0;2124;0;0;89;0;80;0;
28220;3470979;1017323520;24260608;1118597120;0;0;0;0;0;0;0;0;0;0;0;2745;0;0;89;0;80;0;
28221;5183351;1017323520;24260608;1118597120;0;0;0;0;0;0;0;0;0;0;0;2194;0;0;89;0;80;0;
28222;3010596;1017323520;24260608;1118597120;0;0;0;0;0;0;0;0;0;0;0;2695;0;0;89;0;80;0;
28223;4883378;1017323520;24260608;1118597120;0;0;0;0;0;0;0;0;0;0;0;2996;0;0;89;0;80;0;
28224;2236454;1017323520;24260608;1118597120;0;0;0;0;0;0;0;0;0;0;0;3105;0;0;89;0;80;0;
28225;5321790;1017323520;24260608;1118597120;0;0;0;0;0;0;0;0;0;0;0;2004;0;0;89;0;80;0;
28226;2449694;1017323520;24260608;1118597120;0;0;0;0;0;0;0;0;0;0;0;2625;0;0;89;0;80;0;
28227;4971333;1017323520;24260608;1118597120;0;0;0;0;0;0;0;0;0;0;0;2014;0;0;89;0;80;0;
28228;2840327;1017323520;24260608;1118597120;0;0;0;0;0;0;0;0;0;0;0;2494;0;0;89;0;80;0;
28229;4965833;1017323520;24260608;1118597120;0;0;0;0;0;0;0;0;0;0;0;2635;0;0;89;0;80;0;
28230;2413206;1017323520;24260608;1118597120;0;0;0;0;0;0;0;0;0;0;0;4649;0;0;89;0;80;0;
28231;4835699;1017323520;24260608;1118597120;0;0;0;0;0;0;0;0;0;0;0;2515;0;0;89;0;80;0;
28232;2801885;1017323520;24260608;1118597120;0;0;0;0;0;0;0;0;0;0;0;2585;0;0;89;0;80;0;
28233;4686018;1017323520;24260608;1118597120;0;0;0;0;0;0;0;0;0;0;0;2716;0;0;89;0;80;0;
28234;3722020;1017323520;24260608;1118597120;0;0;0;0;0;0;0;0;0;0;0;3467;0;0;89;0;80;0;
28235;5994412;1023127552;31825920;1126162432;0;0;0;0;0;0;0;0;0;0;0;3677;0;0;89;0;80;0;
28236;3132234;1023127552;31825920;1126162432;0;0;0;0;0;0;0;0;0;0;0;3397;0;0;89;0;80;0;
28237;5021778;1023127552;31825920;1126162432;0;0;0;0;0;0;0;0;0;0;0;3546;0;0;89;0;80;0;
28238;3235428;1023127552;31825920;1126162432;0;0;0;0;0;0;0;0;0;0;0;3156;0;0;89;0;80;0;
28239;5401861;1023127552;31825920;1126162432;0;0;0;0;0;0;0;0;0;0;0;3176;0;0;89;0;80;0;
28240;3428239;1023127552;31825920;1126162432;0;0;0;0;0;0;0;0;0;0;0;3687;0;0;89;0;80;0;
28241;5544037;1023127552;31825920;1126162432;0;0;0;0;0;0;0;0;0;0;0;2785;0;0;89;0;80;0;
28242;3297875;1023127552;31825920;1126162432;0;0;0;0;0;0;0;0;0;0;0;3115;0;0;89;0;80;0;
28243;5259945;1023127552;31825920;1126162432;0;0;0;0;0;0;0;0;0;0;0;2736;0;0;89;0;80;0;
28244;3425444;1017331712;24260608;1118597120;0;0;0;0;0;0;0;0;0;0;0;3166;0;0;89;0;80;0;
28245;5447676;1017331712;24260608;1118597120;0;0;0;0;0;0;0;0;0;0;0;3226;0;0;89;0;80;0;
28246;4397717;1017331712;24260608;1118597120;0;0;0;0;0;0;0;0;0;0;0;3176;0;0;89;0;80;0;
28247;4879742;1017331712;24260608;1118597120;0;0;0;0;0;0;0;0;0;0;0;3216;0;0;89;0;80;0;
28248;2996199;1017331712;24260608;1118597120;0;0;0;0;0;0;0;0;0;0;0;3496;0;0;89;0;80;0;
28249;5770842;1017331712;24260608;1118597120;0;0;0;0;0;0;0;0;0;0;0;3096;0;0;89;0;80;0;
28250;2733566;1017331712;24260608;1118597120;0;0;0;0;0;0;0;0;0;0;0;2685;0;0;89;0;80;0;
28251;5209450;1017331712;24260608;1118597120;0;0;0;0;0;0;0;0;0;0;0;2384;0;0;89;0;80;0;
28252;3075408;1017331712;24260608;1118597120;0;0;0;0;0;0;0;0;0;0;0;3868;0;0;89;0;80;0;
28253;5610030;1017331712;24260608;1118597120;0;0;0;0;0;0;0;0;0;0;0;3988;0;0;89;0;80;0;
28254;3721029;1017331712;24260608;1118597120;0;0;0;0;0;0;0;0;0;0;0;3106;0;0;89;0;80;0;
28255;5188591;1017331712;24260608;1118597120;0;0;0;0;0;0;0;0;0;0;0;3677;0;0;89;0;80;0;
28256;4089840;1017331712;24260608;1118597120;0;0;0;0;0;0;0;0;0;0;0;3687;0;0;89;0;80;0;
28257;5327391;1017331712;24260608;1118597120;0;0;0;0;0;0;0;0;0;0;0;3657;0;0;89;0;80;0;
28258;4685076;1017331712;24260608;1118597120;0;0;0;0;0;0;0;0;0;0;0;3176;0;0;89;0;80;0;
28259;5571579;1017331712;24260608;1118597120;0;0;0;0;0;0;0;0;0;0;0;3517;0;0;89;0;80;0;
28260;4765477;1017331712;24260608;1118597120;0;0;0;0;0;0;0;0;0;0;0;3627;0;0;89;0;80;0;
28261;5203609;1017331712;24260608;1118597120;0;0;0;0;0;0;0;0;0;0;0;2956;0;0;89;0;80;0;
28262;4038032;1017331712;24260608;1118597120;0;0;0;0;0;0;0;0;0;0;0;3917;0;0;89;0;80;0;
28263;5771574;1017331712;24260608;1118597120;0;0;0;0;0;0;0;0;0;0;0;3276;0;0;89;0;80;0;
28264;4855987;1017331712;24260608;1118597120;0;0;0;0;0;0;0;0;0;0;0;3978;0;0;89;0;80;0;
28265;5363168;1017331712;24260608;1118597120;0;0;0;0;0;0;0;0;0;0;0;3216;0;0;89;0;80;0;
28266;4618031;1017331712;24260608;1118597120;0;0;0;0;0;0;0;0;0;0;0;3767;0;0;89;0;80;0;
28267;5041805;1017331712;24260608;1118597120;0;0;0;0;0;0;0;0;0;0;0;3176;0;0;89;0;80;0;
28268;3499643;1017331712;24260608;1118597120;0;0;0;0;0;0;0;0;0;0;0;3426;0;0;89;0;80;0;
28269;4893247;1017331712;24260608;1118597120;0;0;0;0;0;0;0;0;0;0;0;2355;0;0;89;0;80;0;
28270;2591120;1017331712;24260608;1118597120;0;0;0;0;0;0;0;0;0;0;0;2766;0;0;89;0;80;0;
28271;5120844;1017331712;24260608;1118597120;0;0;0;0;0;0;0;0;0;0;0;2264;0;0;89;0;80;0;
28272;4153951;1017331712;24260608;1118597120;0;0;0;0;0;0;0;0;0;0;0;3006;0;0;89;0;80;0;
28273;6489170;1017331712;24260608;1118597120;0;0;0;0;0;0;0;0;0;0;0;4027;0;0;89;0;80;0;
28274;4530817;1017331712;24260608;1118597120;0;0;0;0;0;0;0;0;0;0;0;3467;0;0;89;0;80;0;
28275;5279200;1017331712;24260608;1118597120;0;0;0;0;0;0;0;0;0;0;0;2825;0;0;89;0;80;0;
28276;5373437;1017331712;24260608;1118597120;0;0;0;0;0;0;0;0;0;0;0;3426;0;0;89;0;80;0;
28277;5539609;1017331712;24260608;1118597120;0;0;0;0;0;0;0;0;0;0;0;2976;0;0;89;0;80;0;
28278;4347053;1017331712;24260608;1118597120;0;0;0;0;0;0;0;0;0;0;0;3486;0;0;89;0;80;0;
28279;5338793;1017331712;24260608;1118597120;0;0;0;0;0;0;0;0;0;0;0;3717;0;0;89;0;80;0;
28280;4575040;1017331712;24260608;1118597120;0;0;0;0;0;0;0;0;0;0;0;5150;0;0;89;0;80;0;
28281;7014926;1017331712;24260608;1118597120;0;0;0;0;0;0;0;0;0;0;0;4959;0;0;89;0;80;0;
28282;5684060;1017331712;24260608;1118597120;0;0;0;0;0;0;0;0;0;0;0;4538;0;0;89;0;80;0;
28283;6239000;1017331712;24260608;1118597120;0;0;0;0;0;0;0;0;0;0;0;14266;0;0;89;0;80;0;
28284;5277087;1017331712;24260608;1118597120;0;0;0;0;0;0;0;0;0;0;0;4479;0;0;89;0;80;0;
28285;7755364;1017331712;24260608;1118597120;0;0;0;0;0;0;0;0;0;0;0;4458;0;0;89;0;80;0;
28286;4911391;1017331712;24260608;1118597120;0;0;0;0;0;0;0;0;0;0;0;4208;0;0;89;0;80;0;
28287;9649317;1017331712;24260608;1118597120;0;0;0;0;0;0;0;0;0;0;0;4489;0;0;89;0;80;0;
28288;12498599;1017331712;24260608;1118597120;0;0;0;0;0;0;0;0;0;0;0;5600;0;0;89;0;80;0;
28289;6715033;1017331712;24268800;1118605312;0;0;0;0;0;0;0;0;0;0;0;4409;0;0;89;0;80;0;
28290;5177339;1017331712;24268800;1118605312;0;0;0;0;0;0;0;0;0;0;0;3397;0;0;89;0;80;0;
28291;5138356;1017331712;24268800;1118605312;0;0;0;0;0;0;0;0;0;0;0;3176;0;0;89;0;80;0;
28292;4034726;1017331712;24268800;1118605312;0;0;0;0;0;0;0;0;0;0;0;2995;0;0;89;0;80;0;
28293;5903771;1017331712;24268800;1118605312;0;0;0;0;0;0;0;0;0;0;0;2745;0;0;89;0;80;0;
28294;3888482;1017331712;24268800;1118605312;0;0;0;0;0;0;0;0;0;0;0;3596;0;0;89;0;80;0;
28295;5567221;1017331712;24268800;1118605312;0;0;0;0;0;0;0;0;0;0;0;2816;0;0;89;0;80;0;
28296;4298692;1017348096;24260608;1118597120;0;0;0;0;0;0;0;0;0;0;0;4248;0;0;89;0;80;0;
28297;5855932;1017348096;24260608;1118597120;0;0;0;0;0;0;0;0;0;0;0;3287;0;0;89;0;80;0;
28298;4988545;1017348096;24260608;1118597120;0;0;0;0;0;0;0;0;0;0;0;3326;0;0;89;0;80;0;
28299;4904057;1017348096;24260608;1118597120;0;0;0;0;0;0;0;0;0;0;0;2545;0;0;89;0;80;0;
28300;4322947;1017348096;24260608;1118597120;0;0;0;0;0;0;0;0;0;0;0;4258;0;0;89;0;80;0;
28301;5431606;1017348096;24260608;1118597120;0;0;0;0;0;0;0;0;0;0;0;3947;0;0;89;0;80;0;
28302;4890762;1017348096;24260608;1118597120;0;0;0;0;0;0;0;0;0;0;0;4528;0;0;89;0;80;0;
28303;5520172;1017348096;24260608;1118597120;0;0;0;0;0;0;0;0;0;0;0;4268;0;0;89;0;80;0;
28304;4029116;1017348096;24260608;1118597120;0;0;0;0;0;0;0;0;0;0;0;3446;0;0;89;0;80;0;
28305;6430990;1017348096;24260608;1118597120;0;0;0;0;0;0;0;0;0;0;0;2996;0;0;89;0;80;0;
28306;4081805;1017348096;24260608;1118597120;0;0;0;0;0;0;0;0;0;0;0;3386;0;0;89;0;80;0;
28307;5421898;1017348096;24260608;1118597120;0;0;0;0;0;0;0;0;0;0;0;3176;0;0;89;0;80;0;
28308;5732110;1017348096;24260608;1118597120;0;0;0;0;0;0;0;0;0;0;0;4899;0;0;89;0;80;0;
28309;7644476;1017348096;24260608;1118597120;0;0;0;0;0;0;0;0;0;0;0;4568;0;0;89;0;80;0;
28310;6634131;1017348096;24260608;1118597120;0;0;0;0;0;0;0;0;0;0;0;4429;0;0;89;0;80;0;
28311;6045668;1017348096;24260608;1118597120;0;0;0;0;0;0;0;0;0;0;0;4167;0;0;89;0;80;0;
28312;4872127;1017348096;24260608;1118597120;0;0;0;0;0;0;0;0;0;0;0;3327;0;0;89;0;80;0;
28313;6211659;1017348096;24260608;1118597120;0;0;0;0;0;0;0;0;0;0;0;3196;0;0;89;0;80;0;
28314;3549697;1017348096;24260608;1118597120;0;0;0;0;0;0;0;0;0;0;0;3557;0;0;89;0;80;0;
28315;6020712;1017348096;24260608;1118597120;0;0;0;0;0;0;0;0;0;0;0;3356;0;0;89;0;80;0;
28316;2980389;1017348096;24260608;1118597120;0;0;0;0;0;0;0;0;0;0;0;3387;0;0;89;0;80;0;
28317;5228866;1017348096;24260608;1118597120;0;0;0;0;0;0;0;0;0;0;0;3196;0;0;89;0;80;0;
28318;4391024;1017348096;24260608;1118597120;0;0;0;0;0;0;0;0;0;0;0;4318;0;0;89;0;80;0;
28319;6509017;1017348096;24260608;1118597120;0;0;0;0;0;0;0;0;0;0;0;4298;0;0;89;0;80;0;
28320;4444094;1017348096;24260608;1118597120;0;0;0;0;0;0;0;0;0;0;0;3928;0;0;89;0;80;0;
28321;6031872;1017348096;24260608;1118597120;0;0;0;0;0;0;0;0;0;0;0;3977;0;0;89;0;80;0;
28322;5577840;1017348096;24260608;1118597120;0;0;0;0;0;0;0;0;0;0;0;4258;0;0;89;0;80;0;
28323;5799186;1017348096;24260608;1118597120;0;0;0;0;0;0;0;0;0;0;0;3486;0;0;89;0;80;0;
28324;6489610;1017348096;24260608;1118597120;0;0;0;0;0;0;0;0;0;0;0;4568;0;0;89;0;80;0;
28325;7041386;1017348096;24260608;1118597120;0;0;0;0;0;0;0;0;0;0;0;3958;0;0;89;0;80;0;
28326;4764184;1017348096;24260608;1118597120;0;0;0;0;0;0;0;0;0;0;0;4098;0;0;89;0;80;0;
28327;6400965;1017348096;24260608;1118597120;0;0;0;0;0;0;0;0;0;0;0;3787;0;0;89;0;80;0;
28328;3204309;1017348096;24260608;1118597120;0;0;0;0;0;0;0;0;0;0;0;3817;0;0;89;0;80;0;
28329;5412911;1017348096;24260608;1118597120;0;0;0;0;0;0;0;0;0;0;0;2765;0;0;89;0;80;0;
28330;4111721;1017348096;24260608;1118597120;0;0;0;0;0;0;0;0;0;0;0;2876;0;0;89;0;80;0;
28331;6173257;1017348096;24260608;1118597120;0;0;0;0;0;0;0;0;0;0;0;2935;0;0;89;0;80;0;
28332;3778997;1017348096;24260608;1118597120;0;0;0;0;0;0;0;0;0;0;0;3467;0;0;89;0;80;0;
28333;4917993;1017348096;24260608;1118597120;0;0;0;0;0;0;0;0;0;0;0;2915;0;0;89;0;80;0;
28334;4581812;1017348096;24260608;1118597120;0;0;0;0;0;0;0;0;0;0;0;3727;0;0;89;0;80;0;
28335;5892711;1017348096;24260608;1118597120;0;0;0;0;0;0;0;0;0;0;0;3737;0;0;89;0;80;0;
28336;5328213;1017348096;24260608;1118597120;0;0;0;0;0;0;0;0;0;0;0;4108;0;0;89;0;80;0;
28337;7345856;1017348096;24260608;1118597120;0;0;0;0;0;0;0;0;0;0;0;4118;0;0;89;0;80;0;
28338;4085532;1017348096;24260608;1118597120;0;0;0;0;0;0;0;0;0;0;0;3216;0;0;89;0;80;0;
28339;6084420;1017348096;24260608;1118597120;0;0;0;0;0;0;0;0;0;0;0;3256;0;0;89;0;80;0;
28340;5036074;1017348096;24260608;1118597120;0;0;0;0;0;0;0;0;0;0;0;3466;0;0;89;0;80;0;
28341;5991536;1017348096;24260608;1118597120;0;0;0;0;0;0;0;0;0;0;0;2214;0;0;89;0;80;0;
28342;4854885;1017348096;24260608;1118597120;0;0;0;0;0;0;0;0;0;0;0;3737;0;0;89;0;80;0;
28343;6375176;1017348096;24260608;1118597120;0;0;0;0;0;0;0;0;0;0;0;2956;0;0;89;0;80;0;
28344;4110990;1017348096;24260608;1118597120;0;0;0;0;0;0;0;0;0;0;0;2905;0;0;89;0;80;0;
28345;6551326;1017348096;24260608;1118597120;0;0;0;0;0;0;0;0;0;0;0;3096;0;0;89;0;80;0;
28346;6704022;1017348096;24260608;1118597120;0;0;0;0;0;0;0;0;0;0;0;4628;0;0;89;0;80;0;
28347;6443794;1017348096;24260608;1118597120;0;0;0;0;0;0;0;0;0;0;0;4118;0;0;89;0;80;0;
28348;5735727;1017348096;24260608;1118597120;0;0;0;0;0;0;0;0;0;0;0;2975;0;0;89;0;80;0;
28349;12029179;1017348096;24260608;1118597120;0;0;0;0;0;0;0;0;0;0;0;3286;0;0;89;0;80;0;
28350;5284340;1017348096;24260608;1118597120;0;0;0;0;0;0;0;0;0;0;0;3106;0;0;89;0;80;0;
28351;5931774;1023152128;31825920;1126162432;0;0;0;0;0;0;0;0;0;0;0;3486;0;0;89;0;80;0;
28352;4184167;1023152128;31825920;1126162432;0;0;0;0;0;0;0;0;0;0;0;3366;0;0;89;0;80;0;
28353;5575486;1023152128;31825920;1126162432;0;0;0;0;0;0;0;0;0;0;0;2645;0;0;89;0;80;0;
28354;5507759;1023152128;31825920;1126162432;0;0;0;0;0;0;0;0;0;0;0;3827;0;0;89;0;80;0;
28355;5676175;1023152128;31825920;1126162432;0;0;0;0;0;0;0;0;0;0;0;3577;0;0;89;0;80;0;
28356;4947118;1023152128;31825920;1126162432;0;0;0;0;0;0;0;0;0;0;0;3247;0;0;89;0;80;0;
28357;5255887;1023152128;31825920;1126162432;0;0;0;0;0;0;0;0;0;0;0;2775;0;0;89;0;80;0;
28358;5093963;1023152128;31825920;1126162432;0;0;0;0;0;0;0;0;0;0;0;3186;0;0;89;0;80;0;
28359;5871511;1023152128;31825920;1126162432;0;0;0;0;0;0;0;0;0;0;0;2785;0;0;89;0;80;0;
28360;4276781;1017372672;24260608;1118597120;0;0;0;0;0;0;0;0;0;0;0;3076;0;0;89;0;80;0;
28361;5405838;1017372672;24260608;1118597120;0;0;0;0;0;0;0;0;0;0;0;2624;0;0;89;0;80;0;
28362;5472833;1017372672;24260608;1118597120;0;0;0;0;0;0;0;0;0;0;0;3557;0;0;89;0;80;0;
28363;6331184;1017372672;24260608;1118597120;0;0;0;0;0;0;0;0;0;0;0;2876;0;0;89;0;80;0;
28364;4134774;1017372672;24260608;1118597120;0;0;0;0;0;0;0;0;0;0;0;3166;0;0;89;0;80;0;
28365;7140131;1017372672;24260608;1118597120;0;0;0;0;0;0;0;0;0;0;0;3126;0;0;89;0;80;0;
28366;3358469;1017372672;24260608;1118597120;0;0;0;0;0;0;0;0;0;0;0;3106;0;0;89;0;80;0;
28367;4735491;1017372672;24260608;1118597120;0;0;0;0;0;0;0;0;0;0;0;2274;0;0;89;0;80;0;
28368;3934829;1017372672;24260608;1118597120;0;0;0;0;0;0;0;0;0;0;0;2905;0;0;89;0;80;0;
28369;6312318;1017372672;24260608;1118597120;0;0;0;0;0;0;0;0;0;0;0;2415;0;0;89;0;80;0;
28370;4018636;1017372672;24260608;1118597120;0;0;0;0;0;0;0;0;0;0;0;3036;0;0;89;0;80;0;
28371;5860400;1017372672;24260608;1118597120;0;0;0;0;0;0;0;0;0;0;0;2875;0;0;89;0;80;0;
28372;3753710;1017372672;24260608;1118597120;0;0;0;0;0;0;0;0;0;0;0;2975;0;0;89;0;80;0;
28373;5108660;1017372672;24260608;1118597120;0;0;0;0;0;0;0;0;0;0;0;2544;0;0;89;0;80;0;
28374;3156510;1017372672;24260608;1118597120;0;0;0;0;0;0;0;0;0;0;0;2996;0;0;89;0;80;0;
28375;6283764;1023176704;31825920;1126162432;0;0;0;0;0;0;0;0;0;0;0;3066;0;0;89;0;80;0;
28376;3907047;1023176704;31825920;1126162432;0;0;0;0;0;0;0;0;0;0;0;3076;0;0;89;0;80;0;
28377;5617986;1023176704;31825920;1126162432;0;0;0;0;0;0;0;0;0;0;0;2715;0;0;89;0;80;0;
28378;3658481;1023176704;31825920;1126162432;0;0;0;0;0;0;0;0;0;0;0;2815;0;0;89;0;80;0;
28379;4844436;1023176704;31825920;1126162432;0;0;0;0;0;0;0;0;0;0;0;2625;0;0;89;0;80;0;
28380;4953760;1023176704;31825920;1126162432;0;0;0;0;0;0;0;0;0;0;0;2976;0;0;89;0;80;0;
28381;5120874;1023176704;31825920;1126162432;0;0;0;0;0;0;0;0;0;0;0;3145;0;0;89;0;80;0;
28382;4579628;1023176704;31825920;1126162432;0;0;0;0;0;0;0;0;0;0;0;3607;0;0;89;0;80;0;
28383;6208834;1023176704;31834112;1126170624;0;0;0;0;0;0;0;0;0;0;0;4148;0;0;89;0;80;0;
28384;5514521;1017389056;24268800;1118605312;0;0;0;0;0;0;0;0;0;0;0;3887;0;0;89;0;80;0;
28385;5361655;1017389056;24268800;1118605312;0;0;0;0;0;0;0;0;0;0;0;3556;0;0;89;0;80;0;
28386;5097310;1017389056;24268800;1118605312;0;0;0;0;0;0;0;0;0;0;0;2855;0;0;89;0;80;0;
28387;5131394;1017389056;24268800;1118605312;0;0;0;0;0;0;0;0;0;0;0;2935;0;0;89;0;80;0;
28388;3636029;1017389056;24268800;1118605312;0;0;0;0;0;0;0;0;0;0;0;3066;0;0;89;0;80;0;
28389;5507799;1017389056;24268800;1118605312;0;0;0;0;0;0;0;0;0;0;0;2685;0;0;89;0;80;0;
28390;4396926;1017380864;24260608;1118597120;0;0;0;0;0;0;0;0;0;0;0;4048;0;0;89;0;80;0;
28391;5752027;1017380864;24260608;1118597120;0;0;0;0;0;0;0;0;0;0;0;3817;0;0;89;0;80;0;
28392;3747037;1017380864;24260608;1118597120;0;0;0;0;0;0;0;0;0;0;0;2665;0;0;89;0;80;0;
28393;5280763;1017380864;24260608;1118597120;0;0;0;0;0;0;0;0;0;0;0;2975;0;0;89;0;80;0;
28394;4493416;1017380864;24260608;1118597120;0;0;0;0;0;0;0;0;0;0;0;3366;0;0;89;0;80;0;
28395;5094845;1017380864;24260608;1118597120;0;0;0;0;0;0;0;0;0;0;0;2765;0;0;89;0;80;0;
28396;4574269;1017380864;24260608;1118597120;0;0;0;0;0;0;0;0;0;0;0;3126;0;0;89;0;80;0;
28397;5238093;1017380864;24260608;1118597120;0;0;0;0;0;0;0;0;0;0;0;2174;0;0;89;0;80;0;
28398;3135670;1017380864;24260608;1118597120;0;0;0;0;0;0;0;0;0;0;0;3146;0;0;89;0;80;0;
28399;6315965;1023184896;31825920;1126162432;0;0;0;0;0;0;0;0;0;0;0;3015;0;0;89;0;80;0;
28400;5364090;1023184896;31825920;1126162432;0;0;0;0;0;0;0;0;0;0;0;3186;0;0;89;0;80;0;
28401;5426637;1023184896;31825920;1126162432;0;0;0;0;0;0;0;0;0;0;0;2405;0;0;89;0;80;0;
28402;3933667;1023184896;31825920;1126162432;0;0;0;0;0;0;0;0;0;0;0;2815;0;0;89;0;80;0;
28403;5735506;1023184896;31825920;1126162432;0;0;0;0;0;0;0;0;0;0;0;3076;0;0;89;0;80;0;
28404;3846714;1023184896;31825920;1126162432;0;0;0;0;0;0;0;0;0;0;0;3186;0;0;89;0;80;0;
28405;6143131;1023184896;31825920;1126162432;0;0;0;0;0;0;0;0;0;0;0;2244;0;0;89;0;80;0;
28406;5551932;1023184896;31825920;1126162432;0;0;0;0;0;0;0;0;0;0;0;3787;0;0;89;0;80;0;
28407;5904093;1023184896;31825920;1126162432;0;0;0;0;0;0;0;0;0;0;0;3185;0;0;89;0;80;0;
28408;6069372;1017389056;24260608;1118597120;0;0;0;0;0;0;0;0;0;0;0;3086;0;0;89;0;80;0;
28409;5493372;1017389056;24260608;1118597120;0;0;0;0;0;0;0;0;0;0;0;2535;0;0;89;0;80;0;
28410;4611078;1017389056;24260608;1118597120;0;0;0;0;0;0;0;0;0;0;0;3136;0;0;89;0;80;0;
28411;5109723;1017389056;24260608;1118597120;0;0;0;0;0;0;0;0;0;0;0;2856;0;0;89;0;80;0;
28412;5355112;1017389056;24260608;1118597120;0;0;0;0;0;0;0;0;0;0;0;3056;0;0;89;0;80;0;
28413;5880999;1017389056;24260608;1118597120;0;0;0;0;0;0;0;0;0;0;0;2485;0;0;89;0;80;0;
28414;3817068;1017389056;24260608;1118597120;0;0;0;0;0;0;0;0;0;0;0;3086;0;0;89;0;80;0;
28415;7597729;1017389056;24260608;1118597120;0;0;0;0;0;0;0;0;0;0;0;6041;0;0;89;0;80;0;
28416;5837137;1017389056;24260608;1118597120;0;0;0;0;0;0;0;0;0;0;0;3587;0;0;89;0;80;0;
28417;6414329;1017389056;24260608;1118597120;0;0;0;0;0;0;0;0;0;0;0;3547;0;0;89;0;80;0;
28418;4160613;1017389056;24260608;1118597120;0;0;0;0;0;0;0;0;0;0;0;4438;0;0;89;0;80;0;
28419;4760898;1017389056;24260608;1118597120;0;0;0;0;0;0;0;0;0;0;0;2696;0;0;89;0;80;0;
28420;5467483;1017389056;24260608;1118597120;0;0;0;0;0;0;0;0;0;0;0;3566;0;0;89;0;80;0;
28421;6236096;1017389056;24260608;1118597120;0;0;0;0;0;0;0;0;0;0;0;2685;0;0;89;0;80;0;
28422;5886410;1017389056;24260608;1118597120;0;0;0;0;0;0;0;0;0;0;0;3557;0;0;89;0;80;0;
28423;6657345;1023193088;31825920;1126162432;0;0;0;0;0;0;0;0;0;0;0;3276;0;0;89;0;80;0;
28424;5059409;1023193088;31825920;1126162432;0;0;0;0;0;0;0;0;0;0;0;3988;0;0;89;0;80;0;
28425;5165237;1023193088;31825920;1126162432;0;0;0;0;0;0;0;0;0;0;0;3497;0;0;89;0;80;0;
28426;4333827;1023193088;31825920;1126162432;0;0;0;0;0;0;0;0;0;0;0;3747;0;0;89;0;80;0;
28427;5967581;1023193088;31825920;1126162432;0;0;0;0;0;0;0;0;0;0;0;4047;0;0;89;0;80;0;
28428;4045577;1023193088;31825920;1126162432;0;0;0;0;0;0;0;0;0;0;0;3387;0;0;89;0;80;0;
28429;5405648;1023193088;31825920;1126162432;0;0;0;0;0;0;0;0;0;0;0;2355;0;0;89;0;80;0;
28430;4949242;1023193088;31825920;1126162432;0;0;0;0;0;0;0;0;0;0;0;3196;0;0;89;0;80;0;
28431;4601289;1023193088;31825920;1126162432;0;0;0;0;0;0;0;0;0;0;0;2395;0;0;89;0;80;0;
28432;5351436;1017397248;24260608;1118597120;0;0;0;0;0;0;0;0;0;0;0;3276;0;0;89;0;80;0;
28433;4790995;1017397248;24260608;1118597120;0;0;0;0;0;0;0;0;0;0;0;2525;0;0;89;0;80;0;
28434;4503075;1017397248;24260608;1118597120;0;0;0;0;0;0;0;0;0;0;0;3787;0;0;89;0;80;0;
28435;5398525;1017397248;24260608;1118597120;0;0;0;0;0;0;0;0;0;0;0;2835;0;0;89;0;80;0;
28436;3252199;1017397248;24260608;1118597120;0;0;0;0;0;0;0;0;0;0;0;3276;0;0;89;0;80;0;
28437;5179363;1017397248;24260608;1118597120;0;0;0;0;0;0;0;0;0;0;0;2635;0;0;89;0;80;0;
28438;4373302;1017397248;24260608;1118597120;0;0;0;0;0;0;0;0;0;0;0;3306;0;0;89;0;80;0;
28439;5003023;1017397248;24260608;1118597120;0;0;0;0;0;0;0;0;0;0;0;2935;0;0;89;0;80;0;
28440;4378972;1017397248;24260608;1118597120;0;0;0;0;0;0;0;0;0;0;0;3176;0;0;89;0;80;0;
28441;5364741;1017397248;24260608;1118597120;0;0;0;0;0;0;0;0;0;0;0;2325;0;0;89;0;80;0;
28442;4776547;1017397248;24260608;1118597120;0;0;0;0;0;0;0;0;0;0;0;2936;0;0;89;0;80;0;
28443;5721169;1017397248;24260608;1118597120;0;0;0;0;0;0;0;0;0;0;0;2475;0;0;89;0;80;0;
28444;2638648;1017397248;24260608;1118597120;0;0;0;0;0;0;0;0;0;0;0;2695;0;0;89;0;80;0;
28445;6076075;1017397248;24260608;1118597120;0;0;0;0;0;0;0;0;0;0;0;2625;0;0;89;0;80;0;
28446;4005873;1017397248;24260608;1118597120;0;0;0;0;0;0;0;0;0;0;0;3687;0;0;89;0;80;0;
28447;6694264;1023201280;31825920;1126162432;0;0;0;0;0;0;0;0;0;0;0;3126;0;0;89;0;80;0;
28448;3835754;1023201280;31825920;1126162432;0;0;0;0;0;0;0;0;0;0;0;3166;0;0;89;0;80;0;
28449;5311932;1023201280;31825920;1126162432;0;0;0;0;0;0;0;0;0;0;0;2925;0;0;89;0;80;0;
28450;3768307;1023201280;31825920;1126162432;0;0;0;0;0;0;0;0;0;0;0;2796;0;0;89;0;80;0;
28451;5605573;1023201280;31825920;1126162432;0;0;0;0;0;0;0;0;0;0;0;2735;0;0;89;0;80;0;
28452;4132770;1023201280;31825920;1126162432;0;0;0;0;0;0;0;0;0;0;0;2755;0;0;89;0;80;0;
28453;4980190;1023201280;31825920;1126162432;0;0;0;0;0;0;0;0;0;0;0;2676;0;0;89;0;80;0;
28454;3122867;1023201280;31825920;1126162432;0;0;0;0;0;0;0;0;0;0;0;3276;0;0;89;0;80;0;
28455;4906602;1023201280;31825920;1126162432;0;0;0;0;0;0;0;0;0;0;0;2275;0;0;89;0;80;0;
28456;4028625;1017405440;24260608;1118597120;0;0;0;0;0;0;0;0;0;0;0;3587;0;0;89;0;80;0;
28457;4811494;1017405440;24260608;1118597120;0;0;0;0;0;0;0;0;0;0;0;2826;0;0;89;0;80;0;
28458;3548725;1017405440;24260608;1118597120;0;0;0;0;0;0;0;0;0;0;0;3607;0;0;89;0;80;0;
28459;5499985;1017405440;24260608;1118597120;0;0;0;0;0;0;0;0;0;0;0;2946;0;0;89;0;80;0;
28460;3190995;1017405440;24260608;1118597120;0;0;0;0;0;0;0;0;0;0;0;3317;0;0;89;0;80;0;
28461;5120934;1017405440;24260608;1118597120;0;0;0;0;0;0;0;0;0;0;0;3136;0;0;89;0;80;0;
28462;3537084;1017405440;24260608;1118597120;0;0;0;0;0;0;0;0;0;0;0;3807;0;0;89;0;80;0;
28463;5583261;1017405440;24260608;1118597120;0;0;0;0;0;0;0;0;0;0;0;3306;0;0;89;0;80;0;
28464;4115017;1017405440;24260608;1118597120;0;0;0;0;0;0;0;0;0;0;0;3186;0;0;89;0;80;0;
28465;4948019;1017405440;24260608;1118597120;0;0;0;0;0;0;0;0;0;0;0;2775;0;0;89;0;80;0;
28466;3631520;1017405440;24260608;1118597120;0;0;0;0;0;0;0;0;0;0;0;3747;0;0;89;0;80;0;
28467;5309187;1017405440;24260608;1118597120;0;0;0;0;0;0;0;0;0;0;0;3056;0;0;89;0;80;0;
28468;3392011;1017405440;24260608;1118597120;0;0;0;0;0;0;0;0;0;0;0;3907;0;0;89;0;80;0;
28469;5628325;1017405440;24260608;1118597120;0;0;0;0;0;0;0;0;0;0;0;2756;0;0;89;0;80;0;
28470;3563102;1017405440;24260608;1118597120;0;0;0;0;0;0;0;0;0;0;0;2866;0;0;89;0;80;0;
28471;5116546;1017405440;24260608;1118597120;0;0;0;0;0;0;0;0;0;0;0;2545;0;0;89;0;80;0;
28472;4462770;1017405440;24260608;1118597120;0;0;0;0;0;0;0;0;0;0;0;3186;0;0;89;0;80;0;
28473;5561219;1017405440;24260608;1118597120;0;0;0;0;0;0;0;0;0;0;0;9247;0;0;89;0;80;0;
28474;3931714;1017405440;24260608;1118597120;0;0;0;0;0;0;0;0;0;0;0;2876;0;0;89;0;80;0;
28475;5667859;1017405440;24260608;1118597120;0;0;0;0;0;0;0;0;0;0;0;2444;0;0;89;0;80;0;
28476;4251012;1017405440;24260608;1118597120;0;0;0;0;0;0;0;0;0;0;0;3046;0;0;89;0;80;0;
28477;5806750;1017405440;24260608;1118597120;0;0;0;0;0;0;0;0;0;0;0;2805;0;0;89;0;80;0;
28478;4413386;1017405440;24260608;1118597120;0;0;0;0;0;0;0;0;0;0;0;3677;0;0;89;0;80;0;
28479;5046885;1017405440;24260608;1118597120;0;0;0;0;0;0;0;0;0;0;0;3286;0;0;89;0;80;0;
28480;16118719;1017405440;24260608;1118597120;0;0;0;0;0;0;0;0;0;0;0;7464;0;0;89;0;80;0;
28481;7166660;1017405440;24260608;1118597120;0;0;0;0;0;0;0;0;0;0;0;6091;0;0;89;0;80;0;
28482;7411259;1017405440;24260608;1118597120;0;0;0;0;0;0;0;0;0;0;0;4077;0;0;89;0;80;0;
28483;6791557;1017405440;24260608;1118597120;0;0;0;0;0;0;0;0;0;0;0;4489;0;0;89;0;80;0;
28484;4825570;1017405440;24260608;1118597120;0;0;0;0;0;0;0;0;0;0;0;4168;0;0;89;0;80;0;
28485;6872870;1017405440;24260608;1118597120;0;0;0;0;0;0;0;0;0;0;0;4007;0;0;89;0;80;0;
28486;4285076;1017405440;24260608;1118597120;0;0;0;0;0;0;0;0;0;0;0;3617;0;0;89;0;80;0;
28487;5480869;1017405440;24260608;1118597120;0;0;0;0;0;0;0;0;0;0;0;3116;0;0;89;0;80;0;
28488;4878579;1017405440;24260608;1118597120;0;0;0;0;0;0;0;0;0;0;0;4088;0;0;89;0;80;0;
28489;5664824;1017405440;24260608;1118597120;0;0;0;0;0;0;0;0;0;0;0;3637;0;0;89;0;80;0;
28490;5485027;1017405440;24260608;1118597120;0;0;0;0;0;0;0;0;0;0;0;3516;0;0;89;0;80;0;
28491;5688228;1017405440;24260608;1118597120;0;0;0;0;0;0;0;0;0;0;0;3216;0;0;89;0;80;0;
28492;6406485;1017405440;24260608;1118597120;0;0;0;0;0;0;0;0;0;0;0;4107;0;0;89;0;80;0;
28493;5646560;1017405440;24260608;1118597120;0;0;0;0;0;0;0;0;0;0;0;3357;0;0;89;0;80;0;
28494;4373913;1017405440;24260608;1118597120;0;0;0;0;0;0;0;0;0;0;0;4468;0;0;89;0;80;0;
28495;6283935;1017405440;24260608;1118597120;0;0;0;0;0;0;0;0;0;0;0;3817;0;0;89;0;80;0;
28496;5892831;1017405440;24260608;1118597120;0;0;0;0;0;0;0;0;0;0;0;4459;0;0;89;0;80;0;
28497;6292591;1017405440;24260608;1118597120;0;0;0;0;0;0;0;0;0;0;0;3978;0;0;89;0;80;0;
28498;5422128;1017405440;24260608;1118597120;0;0;0;0;0;0;0;0;0;0;0;4709;0;0;89;0;80;0;
28499;6476596;1017405440;24260608;1118597120;0;0;0;0;0;0;0;0;0;0;0;4658;0;0;89;0;80;0;
28500;6677453;1017405440;24260608;1118597120;0;0;0;0;0;0;0;0;0;0;0;4218;0;0;89;0;80;0;
28501;7057436;1017405440;24260608;1118597120;0;0;0;0;0;0;0;0;0;0;0;4699;0;0;89;0;80;0;
28502;7178633;1017405440;24260608;1118597120;0;0;0;0;0;0;0;0;0;0;0;3827;0;0;89;0;80;0;
28503;5922767;1017405440;24260608;1118597120;0;0;0;0;0;0;0;0;0;0;0;4157;0;0;89;0;80;0;
28504;6288102;1017405440;24260608;1118597120;0;0;0;0;0;0;0;0;0;0;0;4709;0;0;89;0;80;0;
28505;7616333;1017405440;24260608;1118597120;0;0;0;0;0;0;0;0;0;0;0;4749;0;0;89;0;80;0;
28506;5437658;1017405440;24260608;1118597120;0;0;0;0;0;0;0;0;0;0;0;4198;0;0;89;0;80;0;
28507;8891124;1017405440;24260608;1118597120;0;0;0;0;0;0;0;0;0;0;0;3798;0;0;89;0;80;0;
28508;6327556;1017405440;24260608;1118597120;0;0;0;0;0;0;0;0;0;0;0;4198;0;0;89;0;80;0;
28509;7554517;1017405440;24260608;1118597120;0;0;0;0;0;0;0;0;0;0;0;4208;0;0;89;0;80;0;
28510;8196592;1017405440;24260608;1118597120;0;0;0;0;0;0;0;0;0;0;0;4639;0;0;89;0;80;0;
28511;6429348;1017405440;24260608;1118597120;0;0;0;0;0;0;0;0;0;0;0;4919;0;0;89;0;80;0;
28512;6669328;1017405440;24260608;1118597120;0;0;0;0;0;0;0;0;0;0;0;2865;0;0;89;0;80;0;
28513;7109022;1017405440;24260608;1118597120;0;0;0;0;0;0;0;0;0;0;0;4339;0;0;89;0;80;0;
28514;5029101;1017405440;24260608;1118597120;0;0;0;0;0;0;0;0;0;0;0;3787;0;0;89;0;80;0;
28515;7447296;1017405440;24260608;1118597120;0;0;0;0;0;0;0;0;0;0;0;4228;0;0;89;0;80;0;
28516;4926499;1017405440;24260608;1118597120;0;0;0;0;0;0;0;0;0;0;0;3657;0;0;89;0;80;0;
28517;7457315;1017405440;24260608;1118597120;0;0;0;0;0;0;0;0;0;0;0;4078;0;0;89;0;80;0;
28518;4373101;1017405440;24260608;1118597120;0;0;0;0;0;0;0;0;0;0;0;3767;0;0;89;0;80;0;
28519;6247085;1017405440;24260608;1118597120;0;0;0;0;0;0;0;0;0;0;0;3426;0;0;89;0;80;0;
28520;4965011;1017405440;24260608;1118597120;0;0;0;0;0;0;0;0;0;0;0;3546;0;0;89;0;80;0;
28521;5483473;1017405440;24260608;1118597120;0;0;0;0;0;0;0;0;0;0;0;4047;0;0;89;0;80;0;
28522;4589658;1017405440;24260608;1118597120;0;0;0;0;0;0;0;0;0;0;0;5040;0;0;89;0;80;0;
28523;7582160;1017405440;24260608;1118597120;0;0;0;0;0;0;0;0;0;0;0;5661;0;0;89;0;80;0;
28524;5663702;1017405440;24260608;1118597120;0;0;0;0;0;0;0;0;0;0;0;4638;0;0;89;0;80;0;
28525;7848098;1017405440;24260608;1118597120;0;0;0;0;0;0;0;0;0;0;0;4278;0;0;89;0;80;0;
28526;5134208;1017405440;24260608;1118597120;0;0;0;0;0;0;0;0;0;0;0;3817;0;0;89;0;80;0;
28527;5586767;1017405440;24260608;1118597120;0;0;0;0;0;0;0;0;0;0;0;4008;0;0;89;0;80;0;
28528;5370862;1017405440;24260608;1118597120;0;0;0;0;0;0;0;0;0;0;0;4238;0;0;89;0;80;0;
28529;5901467;1017405440;24260608;1118597120;0;0;0;0;0;0;0;0;0;0;0;3496;0;0;89;0;80;0;
28530;6436571;1017405440;24260608;1118597120;0;0;0;0;0;0;0;0;0;0;0;4248;0;0;89;0;80;0;
28531;6734740;1017405440;24260608;1118597120;0;0;0;0;0;0;0;0;0;0;0;3477;0;0;89;0;80;0;
28532;6329700;1017405440;24260608;1118597120;0;0;0;0;0;0;0;0;0;0;0;4489;0;0;89;0;80;0;
28533;7305851;1017405440;24260608;1118597120;0;0;0;0;0;0;0;0;0;0;0;4759;0;0;89;0;80;0;
28534;7187128;1017405440;24260608;1118597120;0;0;0;0;0;0;0;0;0;0;0;5310;0;0;89;0;80;0;
28535;6722738;1017405440;24260608;1118597120;0;0;0;0;0;0;0;0;0;0;0;5090;0;0;89;0;80;0;
28536;6011083;1017405440;24260608;1118597120;0;0;0;0;0;0;0;0;0;0;0;4950;0;0;89;0;80;0;
28537;7587820;1017405440;24260608;1118597120;0;0;0;0;0;0;0;0;0;0;0;4759;0;0;89;0;80;0;
28538;6032373;1017405440;24260608;1118597120;0;0;0;0;0;0;0;0;0;0;0;5119;0;0;89;0;80;0;
28539;7380481;1017405440;24260608;1118597120;0;0;0;0;0;0;0;0;0;0;0;4649;0;0;89;0;80;0;
28540;6946978;1017405440;24260608;1118597120;0;0;0;0;0;0;0;0;0;0;0;4678;0;0;89;0;80;0;
28541;7348472;1017405440;24260608;1118597120;0;0;0;0;0;0;0;0;0;0;0;5942;0;0;89;0;80;0;
28542;6220415;1017405440;24260608;1118597120;0;0;0;0;0;0;0;0;0;0;0;4709;0;0;89;0;80;0;
28543;7801642;1017405440;24260608;1118597120;0;0;0;0;0;0;0;0;0;0;0;4809;0;0;89;0;80;0;
28544;5461061;1017405440;24260608;1118597120;0;0;0;0;0;0;0;0;0;0;0;4749;0;0;89;0;80;0;
28545;7958666;1017405440;24260608;1118597120;0;0;0;0;0;0;0;0;0;0;0;4729;0;0;89;0;80;0;
28546;6009370;1017405440;24260608;1118597120;0;0;0;0;0;0;0;0;0;0;0;4499;0;0;89;0;80;0;
28547;7868096;1017405440;24260608;1118597120;0;0;0;0;0;0;0;0;0;0;0;4218;0;0;89;0;80;0;
28548;6794231;1017405440;24260608;1118597120;0;0;0;0;0;0;0;0;0;0;0;4037;0;0;89;0;80;0;
28549;6606018;1017405440;24260608;1118597120;0;0;0;0;0;0;0;0;0;0;0;4178;0;0;89;0;80;0;
28550;6872929;1017405440;24260608;1118597120;0;0;0;0;0;0;0;0;0;0;0;4168;0;0;89;0;80;0;
28551;6281200;1017405440;24260608;1118597120;0;0;0;0;0;0;0;0;0;0;0;4438;0;0;89;0;80;0;
28552;7604020;1017405440;24260608;1118597120;0;0;0;0;0;0;0;0;0;0;0;3877;0;0;89;0;80;0;
28553;7782064;1017405440;24260608;1118597120;0;0;0;0;0;0;0;0;0;0;0;4028;0;0;89;0;80;0;
28554;6220576;1017405440;24260608;1118597120;0;0;0;0;0;0;0;0;0;0;0;4128;0;0;89;0;80;0;
28555;6638911;1017405440;24260608;1118597120;0;0;0;0;0;0;0;0;0;0;0;4318;0;0;89;0;80;0;
28556;6653618;1017405440;24260608;1118597120;0;0;0;0;0;0;0;0;0;0;0;4238;0;0;89;0;80;0;
28557;6619043;1017405440;24260608;1118597120;0;0;0;0;0;0;0;0;0;0;0;3526;0;0;89;0;80;0;
28558;4952067;1017405440;24260608;1118597120;0;0;0;0;0;0;0;0;0;0;0;3878;0;0;89;0;80;0;
28559;6013778;1017405440;24260608;1118597120;0;0;0;0;0;0;0;0;0;0;0;4188;0;0;89;0;80;0;
28560;4702229;1017405440;24260608;1118597120;0;0;0;0;0;0;0;0;0;0;0;4158;0;0;89;0;80;0;
28561;6406044;1017405440;24268800;1118605312;0;0;0;0;0;0;0;0;0;0;0;3546;0;0;89;0;80;0;
28562;4706897;1017405440;24268800;1118605312;0;0;0;0;0;0;0;0;0;0;0;9908;0;0;89;0;80;0;
28563;6548812;1023209472;31834112;1126170624;0;0;0;0;0;0;0;0;0;0;0;3556;0;0;89;0;80;0;
28564;7297175;1023209472;31834112;1126170624;0;0;0;0;0;0;0;0;0;0;0;4639;0;0;89;0;80;0;
28565;6034798;1023209472;31834112;1126170624;0;0;0;0;0;0;0;0;0;0;0;3817;0;0;89;0;80;0;
28566;6030941;1023209472;31834112;1126170624;0;0;0;0;0;0;0;0;0;0;0;4699;0;0;89;0;80;0;
28567;6878089;1023209472;31834112;1126170624;0;0;0;0;0;0;0;0;0;0;0;3577;0;0;89;0;80;0;
28568;5157412;1023348736;31825920;1126162432;0;0;0;0;0;0;0;0;0;0;0;4448;0;0;89;0;80;0;
28569;5617705;1023348736;31825920;1126162432;0;0;0;0;0;0;0;0;0;0;0;3376;0;0;89;0;80;0;
28570;4814570;1023348736;31825920;1126162432;0;0;0;0;0;0;0;0;0;0;0;3907;0;0;89;0;80;0;
28571;5456372;1023348736;31825920;1126162432;0;0;0;0;0;0;0;0;0;0;0;3407;0;0;89;0;80;0;
28572;7093663;1017446400;24260608;1118597120;0;0;0;0;0;0;0;0;0;0;0;4819;0;0;89;0;80;0;
28573;6638620;1017446400;24260608;1118597120;0;0;0;0;0;0;0;0;0;0;0;4408;0;0;89;0;80;0;
28574;7076832;1017446400;24260608;1118597120;0;0;0;0;0;0;0;0;0;0;0;5029;0;0;89;0;80;0;
28575;6290347;1017446400;24260608;1118597120;0;0;0;0;0;0;0;0;0;0;0;3918;0;0;89;0;80;0;
28576;7939059;1017446400;24260608;1118597120;0;0;0;0;0;0;0;0;0;0;0;5150;0;0;89;0;80;0;
28577;6582204;1017446400;24260608;1118597120;0;0;0;0;0;0;0;0;0;0;0;4088;0;0;89;0;80;0;
28578;8827865;1017446400;24260608;1118597120;0;0;0;0;0;0;0;0;0;0;0;3927;0;0;89;0;80;0;
28579;5786431;1017446400;24260608;1118597120;0;0;0;0;0;0;0;0;0;0;0;3337;0;0;89;0;80;0;
28580;6860085;1017446400;24260608;1118597120;0;0;0;0;0;0;0;0;0;0;0;3636;0;0;89;0;80;0;
28581;6469342;1017446400;24260608;1118597120;0;0;0;0;0;0;0;0;0;0;0;4108;0;0;89;0;80;0;
28582;6181813;1017446400;24260608;1118597120;0;0;0;0;0;0;0;0;0;0;0;4559;0;0;89;0;80;0;
28583;6982375;1017446400;24260608;1118597120;0;0;0;0;0;0;0;0;0;0;0;3647;0;0;89;0;80;0;
28584;5965137;1017446400;24260608;1118597120;0;0;0;0;0;0;0;0;0;0;0;4609;0;0;89;0;80;0;
28585;6285287;1017446400;24260608;1118597120;0;0;0;0;0;0;0;0;0;0;0;3697;0;0;89;0;80;0;
28586;6118645;1017446400;24260608;1118597120;0;0;0;0;0;0;0;0;0;0;0;3587;0;0;89;0;80;0;
28587;7018062;1023250432;31825920;1126162432;0;0;0;0;0;0;0;0;0;0;0;4098;0;0;89;0;80;0;
28588;5508120;1023250432;31825920;1126162432;0;0;0;0;0;0;0;0;0;0;0;4258;0;0;89;0;80;0;
28589;6104207;1023250432;31825920;1126162432;0;0;0;0;0;0;0;0;0;0;0;2896;0;0;89;0;80;0;
28590;5894534;1023250432;31825920;1126162432;0;0;0;0;0;0;0;0;0;0;0;3477;0;0;89;0;80;0;
28591;5740446;1023250432;31825920;1126162432;0;0;0;0;0;0;0;0;0;0;0;3286;0;0;89;0;80;0;
28592;6678074;1023250432;31825920;1126162432;0;0;0;0;0;0;0;0;0;0;0;4188;0;0;89;0;80;0;
28593;6117863;1023250432;31825920;1126162432;0;0;0;0;0;0;0;0;0;0;0;3867;0;0;89;0;80;0;
28594;5795479;1023250432;31825920;1126162432;0;0;0;0;0;0;0;0;0;0;0;3566;0;0;89;0;80;0;
28595;5223737;1023250432;31825920;1126162432;0;0;0;0;0;0;0;0;0;0;0;3257;0;0;89;0;80;0;
28596;4475764;1017454592;24260608;1118597120;0;0;0;0;0;0;0;0;0;0;0;3837;0;0;89;0;80;0;
28597;6742855;1017454592;24260608;1118597120;0;0;0;0;0;0;0;0;0;0;0;3617;0;0;89;0;80;0;
28598;3825454;1017454592;24260608;1118597120;0;0;0;0;0;0;0;0;0;0;0;3567;0;0;89;0;80;0;
28599;6219394;1017454592;24260608;1118597120;0;0;0;0;0;0;0;0;0;0;0;3296;0;0;89;0;80;0;
28600;4277602;1017454592;24260608;1118597120;0;0;0;0;0;0;0;0;0;0;0;4007;0;0;89;0;80;0;
28601;5860330;1017454592;24260608;1118597120;0;0;0;0;0;0;0;0;0;0;0;3046;0;0;89;0;80;0;
28602;5390369;1017454592;24260608;1118597120;0;0;0;0;0;0;0;0;0;0;0;4168;0;0;89;0;80;0;
28603;5756877;1017454592;24260608;1118597120;0;0;0;0;0;0;0;0;0;0;0;4368;0;0;89;0;80;0;
28604;5065921;1017454592;24260608;1118597120;0;0;0;0;0;0;0;0;0;0;0;3977;0;0;89;0;80;0;
28605;5740966;1017454592;24260608;1118597120;0;0;0;0;0;0;0;0;0;0;0;3146;0;0;89;0;80;0;
28606;5981377;1017454592;24260608;1118597120;0;0;0;0;0;0;0;0;0;0;0;4278;0;0;89;0;80;0;
28607;5870780;1017454592;24260608;1118597120;0;0;0;0;0;0;0;0;0;0;0;3467;0;0;89;0;80;0;
28608;5173672;1017454592;24260608;1118597120;0;0;0;0;0;0;0;0;0;0;0;3967;0;0;89;0;80;0;
28609;6036150;1017454592;24260608;1118597120;0;0;0;0;0;0;0;0;0;0;0;4558;0;0;89;0;80;0;
28610;5486870;1017454592;24260608;1118597120;0;0;0;0;0;0;0;0;0;0;0;4077;0;0;89;0;80;0;
28611;7729426;1023258624;31825920;1126162432;0;0;0;0;0;0;0;0;0;0;0;4889;0;0;89;0;80;0;
28612;5662329;1023258624;31825920;1126162432;0;0;0;0;0;0;0;0;0;0;0;4188;0;0;89;0;80;0;
28613;6481635;1023258624;31825920;1126162432;0;0;0;0;0;0;0;0;0;0;0;3978;0;0;89;0;80;0;
28614;5277577;1023258624;31825920;1126162432;0;0;0;0;0;0;0;0;0;0;0;4238;0;0;89;0;80;0;
28615;6855196;1023258624;31825920;1126162432;0;0;0;0;0;0;0;0;0;0;0;4378;0;0;89;0;80;0;
28616;5125582;1023258624;31825920;1126162432;0;0;0;0;0;0;0;0;0;0;0;4088;0;0;89;0;80;0;
28617;6384513;1023258624;31825920;1126162432;0;0;0;0;0;0;0;0;0;0;0;4799;0;0;89;0;80;0;
28618;5211844;1023258624;31825920;1126162432;0;0;0;0;0;0;0;0;0;0;0;4308;0;0;89;0;80;0;
28619;7054671;1023258624;31825920;1126162432;0;0;0;0;0;0;0;0;0;0;0;4528;0;0;89;0;80;0;
28620;8238761;1017462784;24260608;1118597120;0;0;0;0;0;0;0;0;0;0;0;4458;0;0;89;0;80;0;
28621;6780396;1017462784;24260608;1118597120;0;0;0;0;0;0;0;0;0;0;0;4458;0;0;89;0;80;0;
28622;5435404;1017462784;24260608;1118597120;0;0;0;0;0;0;0;0;0;0;0;4118;0;0;89;0;80;0;
28623;6001826;1017462784;24260608;1118597120;0;0;0;0;0;0;0;0;0;0;0;3877;0;0;89;0;80;0;
28624;4509216;1017462784;24260608;1118597120;0;0;0;0;0;0;0;0;0;0;0;3947;0;0;89;0;80;0;
28625;5618197;1017462784;24260608;1118597120;0;0;0;0;0;0;0;0;0;0;0;3256;0;0;89;0;80;0;
28626;4089249;1017462784;24260608;1118597120;0;0;0;0;0;0;0;0;0;0;0;3637;0;0;89;0;80;0;
28627;5329735;1017462784;24260608;1118597120;0;0;0;0;0;0;0;0;0;0;0;4819;0;0;89;0;80;0;
28628;5052455;1017462784;24260608;1118597120;0;0;0;0;0;0;0;0;0;0;0;3827;0;0;89;0;80;0;
28629;6045207;1017462784;24260608;1118597120;0;0;0;0;0;0;0;0;0;0;0;3126;0;0;89;0;80;0;
28630;4979378;1017462784;24260608;1118597120;0;0;0;0;0;0;0;0;0;0;0;3707;0;0;89;0;80;0;
28631;6420872;1017462784;24260608;1118597120;0;0;0;0;0;0;0;0;0;0;0;3346;0;0;89;0;80;0;
28632;6671261;1017462784;24260608;1118597120;0;0;0;0;0;0;0;0;0;0;0;3717;0;0;89;0;80;0;
28633;6138161;1017462784;24260608;1118597120;0;0;0;0;0;0;0;0;0;0;0;3958;0;0;89;0;80;0;
28634;7311332;1017462784;24260608;1118597120;0;0;0;0;0;0;0;0;0;0;0;3947;0;0;89;0;80;0;
28635;6454404;1023266816;31825920;1126162432;0;0;0;0;0;0;0;0;0;0;0;3717;0;0;89;0;80;0;
28636;7152173;1023266816;31825920;1126162432;0;0;0;0;0;0;0;0;0;0;0;4018;0;0;89;0;80;0;
28637;6721325;1023266816;31825920;1126162432;0;0;0;0;0;0;0;0;0;0;0;3416;0;0;89;0;80;0;
28638;6029458;1023266816;31825920;1126162432;0;0;0;0;0;0;0;0;0;0;0;4138;0;0;89;0;80;0;
28639;13005661;1023266816;31825920;1126162432;0;0;0;0;0;0;0;0;0;0;0;3687;0;0;89;0;80;0;
28640;6861989;1023266816;31825920;1126162432;0;0;0;0;0;0;0;0;0;0;0;3977;0;0;89;0;80;0;
28641;6289605;1023266816;31825920;1126162432;0;0;0;0;0;0;0;0;0;0;0;4378;0;0;89;0;80;0;
28642;5520423;1023266816;31825920;1126162432;0;0;0;0;0;0;0;0;0;0;0;3657;0;0;89;0;80;0;
28643;6071256;1023266816;31825920;1126162432;0;0;0;0;0;0;0;0;0;0;0;3036;0;0;89;0;80;0;
28644;4322075;1017470976;24260608;1118597120;0;0;0;0;0;0;0;0;0;0;0;3837;0;0;89;0;80;0;
28645;5870890;1017470976;24260608;1118597120;0;0;0;0;0;0;0;0;0;0;0;2986;0;0;89;0;80;0;
28646;4990689;1017470976;24260608;1118597120;0;0;0;0;0;0;0;0;0;0;0;3377;0;0;89;0;80;0;
28647;7321600;1017470976;24260608;1118597120;0;0;0;0;0;0;0;0;0;0;0;3837;0;0;89;0;80;0;
28648;5716561;1017470976;24260608;1118597120;0;0;0;0;0;0;0;0;0;0;0;3656;0;0;89;0;80;0;
28649;7517227;1017470976;24260608;1118597120;0;0;0;0;0;0;0;0;0;0;0;3777;0;0;89;0;80;0;
28650;5904994;1017470976;24260608;1118597120;0;0;0;0;0;0;0;0;0;0;0;3857;0;0;89;0;80;0;
28651;6285468;1017470976;24260608;1118597120;0;0;0;0;0;0;0;0;0;0;0;3627;0;0;89;0;80;0;
28652;5996576;1017470976;24260608;1118597120;0;0;0;0;0;0;0;0;0;0;0;4197;0;0;89;0;80;0;
28653;6261423;1017470976;24260608;1118597120;0;0;0;0;0;0;0;0;0;0;0;3827;0;0;89;0;80;0;
28654;6457640;1017470976;24260608;1118597120;0;0;0;0;0;0;0;0;0;0;0;4258;0;0;89;0;80;0;
28655;6086655;1017470976;24260608;1118597120;0;0;0;0;0;0;0;0;0;0;0;4048;0;0;89;0;80;0;
28656;5713936;1017470976;24260608;1118597120;0;0;0;0;0;0;0;0;0;0;0;4559;0;0;89;0;80;0;
28657;8368584;1017470976;24260608;1118597120;0;0;0;0;0;0;0;0;0;0;0;3606;0;0;89;0;80;0;
28658;5233835;1017470976;24260608;1118597120;0;0;0;0;0;0;0;0;0;0;0;3948;0;0;89;0;80;0;
28659;6696238;1017470976;24260608;1118597120;0;0;0;0;0;0;0;0;0;0;0;3837;0;0;89;0;80;0;
28660;5421187;1017470976;24260608;1118597120;0;0;0;0;0;0;0;0;0;0;0;4448;0;0;89;0;80;0;
28661;6194538;1017470976;24260608;1118597120;0;0;0;0;0;0;0;0;0;0;0;3837;0;0;89;0;80;0;
28662;4988766;1017470976;24260608;1118597120;0;0;0;0;0;0;0;0;0;0;0;3747;0;0;89;0;80;0;
28663;6437383;1017470976;24260608;1118597120;0;0;0;0;0;0;0;0;0;0;0;3767;0;0;89;0;80;0;
28664;4737384;1017470976;24260608;1118597120;0;0;0;0;0;0;0;0;0;0;0;4379;0;0;89;0;80;0;
28665;6218272;1017470976;24260608;1118597120;0;0;0;0;0;0;0;0;0;0;0;3747;0;0;89;0;80;0;
28666;5602306;1017470976;24260608;1118597120;0;0;0;0;0;0;0;0;0;0;0;3828;0;0;89;0;80;0;
28667;6062179;1017470976;24260608;1118597120;0;0;0;0;0;0;0;0;0;0;0;4548;0;0;89;0;80;0;
28668;4897164;1017470976;24260608;1118597120;0;0;0;0;0;0;0;0;0;0;0;3847;0;0;89;0;80;0;
28669;8019800;1017470976;24260608;1118597120;0;0;0;0;0;0;0;0;0;0;0;4118;0;0;89;0;80;0;
28670;7093393;1017470976;24260608;1118597120;0;0;0;0;0;0;0;0;0;0;0;4158;0;0;89;0;80;0;
28671;5774239;1017470976;24260608;1118597120;0;0;0;0;0;0;0;0;0;0;0;2945;0;0;89;0;80;0;
28672;5512007;1017470976;24260608;1118597120;0;0;0;0;0;0;0;0;0;0;0;4278;0;0;89;0;80;0;
28673;6137470;1017470976;24260608;1118597120;0;0;0;0;0;0;0;0;0;0;0;3367;0;0;89;0;80;0;
28674;4298982;1017470976;24260608;1118597120;0;0;0;0;0;0;0;0;0;0;0;3647;0;0;89;0;80;0;
28675;5777185;1017470976;24260608;1118597120;0;0;0;0;0;0;0;0;0;0;0;3116;0;0;89;0;80;0;
28676;4343736;1017470976;24260608;1118597120;0;0;0;0;0;0;0;0;0;0;0;3497;0;0;89;0;80;0;
28677;5067904;1017470976;24260608;1118597120;0;0;0;0;0;0;0;0;0;0;0;2545;0;0;89;0;80;0;
28678;5226762;1017470976;24260608;1118597120;0;0;0;0;0;0;0;0;0;0;0;4138;0;0;89;0;80;0;
28679;5321580;1017470976;24260608;1118597120;0;0;0;0;0;0;0;0;0;0;0;3437;0;0;89;0;80;0;
28680;5787634;1017470976;24260608;1118597120;0;0;0;0;0;0;0;0;0;0;0;3617;0;0;89;0;80;0;
28681;5430855;1017470976;24260608;1118597120;0;0;0;0;0;0;0;0;0;0;0;3176;0;0;89;0;80;0;
28682;5749452;1017470976;24260608;1118597120;0;0;0;0;0;0;0;0;0;0;0;3907;0;0;89;0;80;0;
28683;5879396;1017470976;24260608;1118597120;0;0;0;0;0;0;0;0;0;0;0;2715;0;0;89;0;80;0;
28684;5655587;1017470976;24260608;1118597120;0;0;0;0;0;0;0;0;0;0;0;3717;0;0;89;0;80;0;
28685;5427629;1017470976;24260608;1118597120;0;0;0;0;0;0;0;0;0;0;0;3447;0;0;89;0;80;0;
28686;6837062;1017470976;24260608;1118597120;0;0;0;0;0;0;0;0;0;0;0;2985;0;0;89;0;80;0;
28687;5659935;1017470976;24260608;1118597120;0;0;0;0;0;0;0;0;0;0;0;3026;0;0;89;0;80;0;
28688;4628801;1017470976;24260608;1118597120;0;0;0;0;0;0;0;0;0;0;0;4399;0;0;89;0;80;0;
28689;5842467;1017470976;24260608;1118597120;0;0;0;0;0;0;0;0;0;0;0;2645;0;0;89;0;80;0;
28690;5403324;1017470976;24260608;1118597120;0;0;0;0;0;0;0;0;0;0;0;3637;0;0;89;0;80;0;
28691;5517868;1017470976;24260608;1118597120;0;0;0;0;0;0;0;0;0;0;0;3467;0;0;89;0;80;0;
28692;5817810;1017470976;24260608;1118597120;0;0;0;0;0;0;0;0;0;0;0;3296;0;0;89;0;80;0;
28693;5517488;1017470976;24260608;1118597120;0;0;0;0;0;0;0;0;0;0;0;3306;0;0;89;0;80;0;
28694;4508375;1017470976;24260608;1118597120;0;0;0;0;0;0;0;0;0;0;0;3737;0;0;89;0;80;0;
28695;5623406;1017470976;24260608;1118597120;0;0;0;0;0;0;0;0;0;0;0;3326;0;0;89;0;80;0;
28696;4707498;1017470976;24260608;1118597120;0;0;0;0;0;0;0;0;0;0;0;3827;0;0;89;0;80;0;
28697;5080699;1017470976;24260608;1118597120;0;0;0;0;0;0;0;0;0;0;0;2645;0;0;89;0;80;0;
28698;3735535;1017470976;24260608;1118597120;0;0;0;0;0;0;0;0;0;0;0;3386;0;0;89;0;80;0;
28699;5748230;1017470976;24260608;1118597120;0;0;0;0;0;0;0;0;0;0;0;3136;0;0;89;0;80;0;
28700;3296852;1017470976;24260608;1118597120;0;0;0;0;0;0;0;0;0;0;0;3076;0;0;89;0;80;0;
28701;6172175;1017470976;24260608;1118597120;0;0;0;0;0;0;0;0;0;0;0;2655;0;0;89;0;80;0;
28702;5047235;1017470976;24260608;1118597120;0;0;0;0;0;0;0;0;0;0;0;3697;0;0;89;0;80;0;
28703;5991076;1017470976;24260608;1118597120;0;0;0;0;0;0;0;0;0;0;0;3186;0;0;89;0;80;0;
28704;4300735;1017470976;24260608;1118597120;0;0;0;0;0;0;0;0;0;0;0;4288;0;0;89;0;80;0;
28705;6513836;1017470976;24260608;1118597120;0;0;0;0;0;0;0;0;0;0;0;3998;0;0;89;0;80;0;
28706;3951991;1017470976;24260608;1118597120;0;0;0;0;0;0;0;0;0;0;0;3837;0;0;89;0;80;0;
28707;6028937;1017470976;24260608;1118597120;0;0;0;0;0;0;0;0;0;0;0;4328;0;0;89;0;80;0;
28708;4285487;1017470976;24260608;1118597120;0;0;0;0;0;0;0;0;0;0;0;3346;0;0;89;0;80;0;
28709;6129796;1017470976;24260608;1118597120;0;0;0;0;0;0;0;0;0;0;0;4288;0;0;89;0;80;0;
28710;3663420;1017470976;24260608;1118597120;0;0;0;0;0;0;0;0;0;0;0;3216;0;0;89;0;80;0;
28711;6238029;1017470976;24260608;1118597120;0;0;0;0;0;0;0;0;0;0;0;3977;0;0;89;0;80;0;
28712;4857249;1017470976;24260608;1118597120;0;0;0;0;0;0;0;0;0;0;0;3767;0;0;89;0;80;0;
28713;6248258;1017470976;24260608;1118597120;0;0;0;0;0;0;0;0;0;0;0;4228;0;0;89;0;80;0;
28714;5136884;1017470976;24260608;1118597120;0;0;0;0;0;0;0;0;0;0;0;3497;0;0;89;0;80;0;
28715;6798199;1017470976;24260608;1118597120;0;0;0;0;0;0;0;0;0;0;0;3887;0;0;89;0;80;0;
28716;4666722;1017470976;24260608;1118597120;0;0;0;0;0;0;0;0;0;0;0;4989;0;0;89;0;80;0;
28717;5926585;1017470976;24260608;1118597120;0;0;0;0;0;0;0;0;0;0;0;3546;0;0;89;0;80;0;
28718;3622042;1017470976;24260608;1118597120;0;0;0;0;0;0;0;0;0;0;0;3216;0;0;89;0;80;0;
28719;5970687;1017470976;24260608;1118597120;0;0;0;0;0;0;0;0;0;0;0;3868;0;0;89;0;80;0;
28720;3404695;1017470976;24260608;1118597120;0;0;0;0;0;0;0;0;0;0;0;2986;0;0;89;0;80;0;
28721;5229297;1017470976;24260608;1118597120;0;0;0;0;0;0;0;0;0;0;0;3347;0;0;89;0;80;0;
28722;3988840;1017470976;24260608;1118597120;0;0;0;0;0;0;0;0;0;0;0;3066;0;0;89;0;80;0;
28723;5173041;1017470976;24260608;1118597120;0;0;0;0;0;0;0;0;0;0;0;2494;0;0;89;0;80;0;
28724;4185750;1017470976;24260608;1118597120;0;0;0;0;0;0;0;0;0;0;0;2896;0;0;89;0;80;0;
28725;5152072;1017470976;24260608;1118597120;0;0;0;0;0;0;0;0;0;0;0;2805;0;0;89;0;80;0;
28726;4653918;1017470976;24260608;1118597120;0;0;0;0;0;0;0;0;0;0;0;3146;0;0;89;0;80;0;
28727;5421026;1017470976;24260608;1118597120;0;0;0;0;0;0;0;0;0;0;0;2595;0;0;89;0;80;0;
28728;4785625;1017470976;24260608;1118597120;0;0;0;0;0;0;0;0;0;0;0;3597;0;0;89;0;80;0;
28729;5223596;1017470976;24260608;1118597120;0;0;0;0;0;0;0;0;0;0;0;3577;0;0;89;0;80;0;
28730;5096057;1017470976;24260608;1118597120;0;0;0;0;0;0;0;0;0;0;0;3005;0;0;89;0;80;0;
28731;5559276;1017470976;24260608;1118597120;0;0;0;0;0;0;0;0;0;0;0;2715;0;0;89;0;80;0;
28732;3204960;1017470976;24260608;1118597120;0;0;0;0;0;0;0;0;0;0;0;3146;0;0;89;0;80;0;
28733;5039371;1017470976;24260608;1118597120;0;0;0;0;0;0;0;0;0;0;0;2465;0;0;89;0;80;0;
28734;5201154;1017470976;24260608;1118597120;0;0;0;0;0;0;0;0;0;0;0;4007;0;0;89;0;80;0;
28735;5195885;1017470976;24260608;1118597120;0;0;0;0;0;0;0;0;0;0;0;3246;0;0;89;0;80;0;
28736;4148720;1017470976;24260608;1118597120;0;0;0;0;0;0;0;0;0;0;0;3927;0;0;89;0;80;0;
28737;5904744;1017470976;24260608;1118597120;0;0;0;0;0;0;0;0;0;0;0;2866;0;0;89;0;80;0;
28738;4322887;1017470976;24260608;1118597120;0;0;0;0;0;0;0;0;0;0;0;3447;0;0;89;0;80;0;
28739;5606194;1017470976;24260608;1118597120;0;0;0;0;0;0;0;0;0;0;0;3126;0;0;89;0;80;0;
28740;3580615;1017470976;24260608;1118597120;0;0;0;0;0;0;0;0;0;0;0;3817;0;0;89;0;80;0;
28741;5377444;1017470976;24260608;1118597120;0;0;0;0;0;0;0;0;0;0;0;2675;0;0;89;0;80;0;
28742;3471029;1017470976;24260608;1118597120;0;0;0;0;0;0;0;0;0;0;0;3887;0;0;89;0;80;0;
28743;5382995;1017470976;24260608;1118597120;0;0;0;0;0;0;0;0;0;0;0;3076;0;0;89;0;80;0;
28744;3515893;1017470976;24260608;1118597120;0;0;0;0;0;0;0;0;0;0;0;3486;0;0;89;0;80;0;
28745;5865189;1017470976;24260608;1118597120;0;0;0;0;0;0;0;0;0;0;0;3747;0;0;89;0;80;0;
28746;3835493;1017470976;24260608;1118597120;0;0;0;0;0;0;0;0;0;0;0;3526;0;0;89;0;80;0;
28747;5157612;1017470976;24260608;1118597120;0;0;0;0;0;0;0;0;0;0;0;3436;0;0;89;0;80;0;
28748;3975946;1017470976;24260608;1118597120;0;0;0;0;0;0;0;0;0;0;0;3066;0;0;89;0;80;0;
28749;5993510;1017470976;24260608;1118597120;0;0;0;0;0;0;0;0;0;0;0;3286;0;0;89;0;80;0;
28750;3770190;1017470976;24260608;1118597120;0;0;0;0;0;0;0;0;0;0;0;3858;0;0;89;0;80;0;
28751;5020385;1017470976;24260608;1118597120;0;0;0;0;0;0;0;0;0;0;0;3998;0;0;89;0;80;0;
28752;4506722;1017470976;24260608;1118597120;0;0;0;0;0;0;0;0;0;0;0;3387;0;0;89;0;80;0;
28753;5511877;1017470976;24260608;1118597120;0;0;0;0;0;0;0;0;0;0;0;3937;0;0;89;0;80;0;
28754;3468806;1017470976;24260608;1118597120;0;0;0;0;0;0;0;0;0;0;0;3506;0;0;89;0;80;0;
28755;5816909;1017470976;24260608;1118597120;0;0;0;0;0;0;0;0;0;0;0;2785;0;0;89;0;80;0;
28756;4331523;1017470976;24260608;1118597120;0;0;0;0;0;0;0;0;0;0;0;2645;0;0;89;0;80;0;
28757;5207777;1017470976;24260608;1118597120;0;0;0;0;0;0;0;0;0;0;0;2314;0;0;89;0;80;0;
28758;4028014;1017470976;24260608;1118597120;0;0;0;0;0;0;0;0;0;0;0;3045;0;0;89;0;80;0;
28759;4790965;1017470976;24260608;1118597120;0;0;0;0;0;0;0;0;0;0;0;2404;0;0;89;0;80;0;
28760;4936147;1017470976;24260608;1118597120;0;0;0;0;0;0;0;0;0;0;0;4639;0;0;89;0;80;0;
28761;5394407;1017470976;24260608;1118597120;0;0;0;0;0;0;0;0;0;0;0;3256;0;0;89;0;80;0;
28762;4088899;1017470976;24260608;1118597120;0;0;0;0;0;0;0;0;0;0;0;3647;0;0;89;0;80;0;
28763;5503832;1017470976;24260608;1118597120;0;0;0;0;0;0;0;0;0;0;0;3246;0;0;89;0;80;0;
28764;3766634;1017470976;24260608;1118597120;0;0;0;0;0;0;0;0;0;0;0;3356;0;0;89;0;80;0;
28765;5161079;1017470976;24260608;1118597120;0;0;0;0;0;0;0;0;0;0;0;2685;0;0;89;0;80;0;
28766;3790108;1017470976;24260608;1118597120;0;0;0;0;0;0;0;0;0;0;0;3095;0;0;89;0;80;0;
28767;4936097;1017470976;24260608;1118597120;0;0;0;0;0;0;0;0;0;0;0;2605;0;0;89;0;80;0;
28768;2955773;1017470976;24260608;1118597120;0;0;0;0;0;0;0;0;0;0;0;2866;0;0;89;0;80;0;
28769;4928733;1017470976;24260608;1118597120;0;0;0;0;0;0;0;0;0;0;0;2595;0;0;89;0;80;0;
28770;3922496;1017470976;24260608;1118597120;0;0;0;0;0;0;0;0;0;0;0;2756;0;0;89;0;80;0;
28771;4700825;1017470976;24260608;1118597120;0;0;0;0;0;0;0;0;0;0;0;2495;0;0;89;0;80;0;
28772;5792634;1017470976;24260608;1118597120;0;0;0;0;0;0;0;0;0;0;0;2745;0;0;89;0;80;0;
28773;4709883;1017470976;24260608;1118597120;0;0;0;0;0;0;0;0;0;0;0;2475;0;0;89;0;80;0;
28774;3374688;1017470976;24260608;1118597120;0;0;0;0;0;0;0;0;0;0;0;3196;0;0;89;0;80;0;
28775;5728543;1023275008;31825920;1126162432;0;0;0;0;0;0;0;0;0;0;0;3787;0;0;89;0;80;0;
28776;3411548;1023275008;31825920;1126162432;0;0;0;0;0;0;0;0;0;0;0;3186;0;0;89;0;80;0;
28777;5363809;1023275008;31825920;1126162432;0;0;0;0;0;0;0;0;0;0;0;3907;0;0;89;0;80;0;
28778;3862123;1023275008;31825920;1126162432;0;0;0;0;0;0;0;0;0;0;0;3516;0;0;89;0;80;0;
28779;5661668;1023275008;31825920;1126162432;0;0;0;0;0;0;0;0;0;0;0;3226;0;0;89;0;80;0;
28780;3603568;1023275008;31825920;1126162432;0;0;0;0;0;0;0;0;0;0;0;3506;0;0;89;0;80;0;
28781;6310735;1023275008;31825920;1126162432;0;0;0;0;0;0;0;0;0;0;0;3126;0;0;89;0;80;0;
28782;5067744;1023275008;31825920;1126162432;0;0;0;0;0;0;0;0;0;0;0;3987;0;0;89;0;80;0;
28783;5944458;1023275008;31825920;1126162432;0;0;0;0;0;0;0;0;0;0;0;4849;0;0;89;0;80;0;
28784;4768062;1017520128;24260608;1118597120;0;0;0;0;0;0;0;0;0;0;0;4318;0;0;89;0;80;0;
28785;5852495;1017520128;24260608;1118597120;0;0;0;0;0;0;0;0;0;0;0;3326;0;0;89;0;80;0;
28786;4835709;1017520128;24260608;1118597120;0;0;0;0;0;0;0;0;0;0;0;4258;0;0;89;0;80;0;
28787;6595970;1017520128;24260608;1118597120;0;0;0;0;0;0;0;0;0;0;0;3707;0;0;89;0;80;0;
28788;5346447;1017520128;24260608;1118597120;0;0;0;0;0;0;0;0;0;0;0;3427;0;0;89;0;80;0;
28789;5259955;1017520128;24260608;1118597120;0;0;0;0;0;0;0;0;0;0;0;3426;0;0;89;0;80;0;
28790;3371433;1017520128;24260608;1118597120;0;0;0;0;0;0;0;0;0;0;0;2915;0;0;89;0;80;0;
28791;4629532;1017520128;24260608;1118597120;0;0;0;0;0;0;0;0;0;0;0;2685;0;0;89;0;80;0;
28792;2540274;1017520128;24260608;1118597120;0;0;0;0;0;0;0;0;0;0;0;2675;0;0;89;0;80;0;
28793;5307373;1017520128;24260608;1118597120;0;0;0;0;0;0;0;0;0;0;0;2615;0;0;89;0;80;0;
28794;3252419;1017520128;24260608;1118597120;0;0;0;0;0;0;0;0;0;0;0;3086;0;0;89;0;80;0;
28795;5715529;1017520128;24260608;1118597120;0;0;0;0;0;0;0;0;0;0;0;2344;0;0;89;0;80;0;
28796;4530547;1017520128;24260608;1118597120;0;0;0;0;0;0;0;0;0;0;0;3316;0;0;89;0;80;0;
28797;5525342;1017520128;24260608;1118597120;0;0;0;0;0;0;0;0;0;0;0;3646;0;0;89;0;80;0;
28798;3363107;1017520128;24260608;1118597120;0;0;0;0;0;0;0;0;0;0;0;3006;0;0;89;0;80;0;
28799;7321641;1023324160;31825920;1126162432;0;0;0;0;0;0;0;0;0;0;0;3286;0;0;89;0;80;0;
28800;3137194;1023324160;31825920;1126162432;0;0;0;0;0;0;0;0;0;0;0;3697;0;0;89;0;80;0;
28801;5298867;1023324160;31825920;1126162432;0;0;0;0;0;0;0;0;0;0;0;3526;0;0;89;0;80;0;
28802;4138030;1023324160;31825920;1126162432;0;0;0;0;0;0;0;0;0;0;0;3657;0;0;89;0;80;0;
28803;5674082;1023324160;31825920;1126162432;0;0;0;0;0;0;0;0;0;0;0;3156;0;0;89;0;80;0;
28804;4134283;1023324160;31825920;1126162432;0;0;0;0;0;0;0;0;0;0;0;3787;0;0;89;0;80;0;
28805;4999235;1023324160;31825920;1126162432;0;0;0;0;0;0;0;0;0;0;0;2464;0;0;89;0;80;0;
28806;3794787;1023324160;31825920;1126162432;0;0;0;0;0;0;0;0;0;0;0;3466;0;0;89;0;80;0;
28807;5168153;1023324160;31825920;1126162432;0;0;0;0;0;0;0;0;0;0;0;3757;0;0;89;0;80;0;
28808;4764054;1017528320;24260608;1118597120;0;0;0;0;0;0;0;0;0;0;0;3406;0;0;89;0;80;0;
28809;6039797;1017528320;24260608;1118597120;0;0;0;0;0;0;0;0;0;0;0;3256;0;0;89;0;80;0;
28810;4241184;1017528320;24260608;1118597120;0;0;0;0;0;0;0;0;0;0;0;3316;0;0;89;0;80;0;
28811;5292405;1017528320;24260608;1118597120;0;0;0;0;0;0;0;0;0;0;0;2595;0;0;89;0;80;0;
28812;5416017;1017528320;24260608;1118597120;0;0;0;0;0;0;0;0;0;0;0;3386;0;0;89;0;80;0;
28813;5588120;1017528320;24260608;1118597120;0;0;0;0;0;0;0;0;0;0;0;3216;0;0;89;0;80;0;
28814;3709867;1017528320;24260608;1118597120;0;0;0;0;0;0;0;0;0;0;0;3686;0;0;89;0;80;0;
28815;5303436;1017528320;24260608;1118597120;0;0;0;0;0;0;0;0;0;0;0;3637;0;0;89;0;80;0;
28816;4240202;1017528320;24260608;1118597120;0;0;0;0;0;0;0;0;0;0;0;3707;0;0;89;0;80;0;
28817;5454379;1017528320;24260608;1118597120;0;0;0;0;0;0;0;0;0;0;0;2916;0;0;89;0;80;0;
28818;4260590;1017528320;24260608;1118597120;0;0;0;0;0;0;0;0;0;0;0;2675;0;0;89;0;80;0;
28819;5825084;1017528320;24260608;1118597120;0;0;0;0;0;0;0;0;0;0;0;2936;0;0;89;0;80;0;
28820;3360001;1017528320;24260608;1118597120;0;0;0;0;0;0;0;0;0;0;0;3216;0;0;89;0;80;0;
28821;5063506;1017528320;24260608;1118597120;0;0;0;0;0;0;0;0;0;0;0;9958;0;0;89;0;80;0;
28822;3454609;1017528320;24260608;1118597120;0;0;0;0;0;0;0;0;0;0;0;2926;0;0;89;0;80;0;
28823;5597137;1023332352;31825920;1126162432;0;0;0;0;0;0;0;0;0;0;0;3707;0;0;89;0;80;0;
28824;2985930;1023332352;31825920;1126162432;0;0;0;0;0;0;0;0;0;0;0;2815;0;0;89;0;80;0;
28825;4981151;1023332352;31825920;1126162432;0;0;0;0;0;0;0;0;0;0;0;2375;0;0;89;0;80;0;
28826;4475464;1023332352;31825920;1126162432;0;0;0;0;0;0;0;0;0;0;0;3847;0;0;89;0;80;0;
28827;5653092;1023332352;31825920;1126162432;0;0;0;0;0;0;0;0;0;0;0;3396;0;0;89;0;80;0;
28828;3983610;1023332352;31825920;1126162432;0;0;0;0;0;0;0;0;0;0;0;3085;0;0;89;0;80;0;
28829;5502149;1023332352;31825920;1126162432;0;0;0;0;0;0;0;0;0;0;0;2204;0;0;89;0;80;0;
28830;4330141;1023332352;31825920;1126162432;0;0;0;0;0;0;0;0;0;0;0;2856;0;0;89;0;80;0;
28831;5865470;1023332352;31825920;1126162432;0;0;0;0;0;0;0;0;0;0;0;3567;0;0;89;0;80;0;
28832;10462220;1017536512;24260608;1118597120;0;0;0;0;0;0;0;0;0;0;0;4218;0;0;89;0;80;0;
28833;5897220;1017536512;24260608;1118597120;0;0;0;0;0;0;0;0;0;0;0;2795;0;0;89;0;80;0;
28834;4095210;1017536512;24260608;1118597120;0;0;0;0;0;0;0;0;0;0;0;3586;0;0;89;0;80;0;
28835;6172185;1017536512;24260608;1118597120;0;0;0;0;0;0;0;0;0;0;0;2786;0;0;89;0;80;0;
28836;3534529;1017536512;24260608;1118597120;0;0;0;0;0;0;0;0;0;0;0;3135;0;0;89;0;80;0;
28837;6058071;1017536512;24260608;1118597120;0;0;0;0;0;0;0;0;0;0;0;3115;0;0;89;0;80;0;
28838;3904262;1017536512;24260608;1118597120;0;0;0;0;0;0;0;0;0;0;0;4428;0;0;89;0;80;0;
28839;5912658;1017536512;24260608;1118597120;0;0;0;0;0;0;0;0;0;0;0;2565;0;0;89;0;80;0;
28840;2927641;1017536512;24260608;1118597120;0;0;0;0;0;0;0;0;0;0;0;3336;0;0;89;0;80;0;
28841;5877652;1017536512;24260608;1118597120;0;0;0;0;0;0;0;0;0;0;0;3136;0;0;89;0;80;0;
28842;3556139;1017536512;24260608;1118597120;0;0;0;0;0;0;0;0;0;0;0;2865;0;0;89;0;80;0;
28843;5321991;1017536512;24260608;1118597120;0;0;0;0;0;0;0;0;0;0;0;4237;0;0;89;0;80;0;
28844;3667969;1017536512;24260608;1118597120;0;0;0;0;0;0;0;0;0;0;0;2655;0;0;89;0;80;0;
28845;4907794;1017536512;24260608;1118597120;0;0;0;0;0;0;0;0;0;0;0;2434;0;0;89;0;80;0;
28846;4988074;1017536512;24260608;1118597120;0;0;0;0;0;0;0;0;0;0;0;4698;0;0;89;0;80;0;
28847;6795815;1023340544;31825920;1126162432;0;0;0;0;0;0;0;0;0;0;0;3947;0;0;89;0;80;0;
28848;4219072;1023340544;31825920;1126162432;0;0;0;0;0;0;0;0;0;0;0;3908;0;0;89;0;80;0;
28849;5840494;1023340544;31825920;1126162432;0;0;0;0;0;0;0;0;0;0;0;3045;0;0;89;0;80;0;
28850;3969975;1023340544;31825920;1126162432;0;0;0;0;0;0;0;0;0;0;0;3286;0;0;89;0;80;0;
28851;5204591;1023340544;31825920;1126162432;0;0;0;0;0;0;0;0;0;0;0;3196;0;0;89;0;80;0;
28852;4049695;1023340544;31825920;1126162432;0;0;0;0;0;0;0;0;0;0;0;3026;0;0;89;0;80;0;
28853;4989517;1023340544;31825920;1126162432;0;0;0;0;0;0;0;0;0;0;0;2405;0;0;89;0;80;0;
28854;3808533;1023340544;31825920;1126162432;0;0;0;0;0;0;0;0;0;0;0;3767;0;0;89;0;80;0;
28855;5651128;1023340544;31825920;1126162432;0;0;0;0;0;0;0;0;0;0;0;3457;0;0;89;0;80;0;
28856;3987569;1017544704;24260608;1118597120;0;0;0;0;0;0;0;0;0;0;0;3587;0;0;89;0;80;0;
28857;5015496;1017544704;24260608;1118597120;0;0;0;0;0;0;0;0;0;0;0;2806;0;0;89;0;80;0;
28858;3746917;1017544704;24260608;1118597120;0;0;0;0;0;0;0;0;0;0;0;3427;0;0;89;0;80;0;
28859;5731769;1017544704;24260608;1118597120;0;0;0;0;0;0;0;0;0;0;0;3456;0;0;89;0;80;0;
28860;4938391;1017544704;24260608;1118597120;0;0;0;0;0;0;0;0;0;0;0;4238;0;0;89;0;80;0;
28861;6170632;1017544704;24260608;1118597120;0;0;0;0;0;0;0;0;0;0;0;5009;0;0;89;0;80;0;
28862;5005918;1017544704;24260608;1118597120;0;0;0;0;0;0;0;0;0;0;0;4349;0;0;89;0;80;0;
28863;6144493;1017544704;24260608;1118597120;0;0;0;0;0;0;0;0;0;0;0;5109;0;0;89;0;80;0;
28864;5393014;1017544704;24260608;1118597120;0;0;0;0;0;0;0;0;0;0;0;3777;0;0;89;0;80;0;
28865;6639511;1017544704;24260608;1118597120;0;0;0;0;0;0;0;0;0;0;0;4228;0;0;89;0;80;0;
28866;4100851;1017544704;24260608;1118597120;0;0;0;0;0;0;0;0;0;0;0;2915;0;0;89;0;80;0;
28867;4808047;1017544704;24260608;1118597120;0;0;0;0;0;0;0;0;0;0;0;2395;0;0;89;0;80;0;
28868;3633965;1017544704;24260608;1118597120;0;0;0;0;0;0;0;0;0;0;0;2956;0;0;89;0;80;0;
28869;5707914;1017544704;24260608;1118597120;0;0;0;0;0;0;0;0;0;0;0;3466;0;0;89;0;80;0;
28870;2966303;1017544704;24260608;1118597120;0;0;0;0;0;0;0;0;0;0;0;3557;0;0;89;0;80;0;
28871;5213787;1017544704;24260608;1118597120;0;0;0;0;0;0;0;0;0;0;0;3948;0;0;89;0;80;0;
28872;3306881;1017544704;24260608;1118597120;0;0;0;0;0;0;0;0;0;0;0;3917;0;0;89;0;80;0;
28873;6174449;1017544704;24260608;1118597120;0;0;0;0;0;0;0;0;0;0;0;4228;0;0;89;0;80;0;
28874;4747783;1017544704;24260608;1118597120;0;0;0;0;0;0;0;0;0;0;0;4569;0;0;89;0;80;0;
28875;6369405;1017544704;24260608;1118597120;0;0;0;0;0;0;0;0;0;0;0;3787;0;0;89;0;80;0;
28876;4766008;1017544704;24260608;1118597120;0;0;0;0;0;0;0;0;0;0;0;3987;0;0;89;0;80;0;
28877;5079225;1017544704;24260608;1118597120;0;0;0;0;0;0;0;0;0;0;0;2905;0;0;89;0;80;0;
28878;4894489;1017544704;24260608;1118597120;0;0;0;0;0;0;0;0;0;0;0;4268;0;0;89;0;80;0;
28879;6981042;1017544704;24260608;1118597120;0;0;0;0;0;0;0;0;0;0;0;4909;0;0;89;0;80;0;
28880;5591937;1017544704;24260608;1118597120;0;0;0;0;0;0;0;0;0;0;0;4349;0;0;89;0;80;0;
28881;6377360;1017544704;24260608;1118597120;0;0;0;0;0;0;0;0;0;0;0;4649;0;0;89;0;80;0;
28882;5071461;1017544704;24260608;1118597120;0;0;0;0;0;0;0;0;0;0;0;4579;0;0;89;0;80;0;
28883;6084350;1017544704;24260608;1118597120;0;0;0;0;0;0;0;0;0;0;0;4769;0;0;89;0;80;0;
28884;5301513;1017544704;24260608;1118597120;0;0;0;0;0;0;0;0;0;0;0;3988;0;0;89;0;80;0;
28885;5712042;1017544704;24260608;1118597120;0;0;0;0;0;0;0;0;0;0;0;4308;0;0;89;0;80;0;
28886;5907278;1017544704;24260608;1118597120;0;0;0;0;0;0;0;0;0;0;0;4167;0;0;89;0;80;0;
28887;6437843;1017544704;24260608;1118597120;0;0;0;0;0;0;0;0;0;0;0;4869;0;0;89;0;80;0;
28888;5759021;1017544704;24260608;1118597120;0;0;0;0;0;0;0;0;0;0;0;4388;0;0;89;0;80;0;
28889;6626377;1017544704;24260608;1118597120;0;0;0;0;0;0;0;0;0;0;0;4428;0;0;89;0;80;0;
28890;5426988;1017544704;24260608;1118597120;0;0;0;0;0;0;0;0;0;0;0;3146;0;0;89;0;80;0;
28891;5005677;1017544704;24260608;1118597120;0;0;0;0;0;0;0;0;0;0;0;2344;0;0;89;0;80;0;
28892;3757707;1017544704;24260608;1118597120;0;0;0;0;0;0;0;0;0;0;0;3016;0;0;89;0;80;0;
28893;5144468;1017544704;24260608;1118597120;0;0;0;0;0;0;0;0;0;0;0;2374;0;0;89;0;80;0;
28894;5367837;1017544704;24260608;1118597120;0;0;0;0;0;0;0;0;0;0;0;4879;0;0;89;0;80;0;
28895;6481465;1017544704;24260608;1118597120;0;0;0;0;0;0;0;0;0;0;0;4468;0;0;89;0;80;0;
28896;5786722;1017544704;24260608;1118597120;0;0;0;0;0;0;0;0;0;0;0;4048;0;0;89;0;80;0;
28897;5596846;1017544704;24260608;1118597120;0;0;0;0;0;0;0;0;0;0;0;3787;0;0;89;0;80;0;
28898;4171643;1017544704;24260608;1118597120;0;0;0;0;0;0;0;0;0;0;0;3236;0;0;89;0;80;0;
28899;5897871;1017544704;24260608;1118597120;0;0;0;0;0;0;0;0;0;0;0;2966;0;0;89;0;80;0;
28900;5142133;1017544704;24260608;1118597120;0;0;0;0;0;0;0;0;0;0;0;3557;0;0;89;0;80;0;
28901;4949221;1017544704;24260608;1118597120;0;0;0;0;0;0;0;0;0;0;0;3276;0;0;89;0;80;0;
28902;5030844;1017544704;24260608;1118597120;0;0;0;0;0;0;0;0;0;0;0;4559;0;0;89;0;80;0;
28903;6596611;1017544704;24260608;1118597120;0;0;0;0;0;0;0;0;0;0;0;4278;0;0;89;0;80;0;
28904;3446784;1017544704;24260608;1118597120;0;0;0;0;0;0;0;0;0;0;0;3326;0;0;89;0;80;0;
28905;6765638;1017544704;24260608;1118597120;0;0;0;0;0;0;0;0;0;0;0;3006;0;0;89;0;80;0;
28906;4117051;1017544704;24260608;1118597120;0;0;0;0;0;0;0;0;0;0;0;3687;0;0;89;0;80;0;
28907;5788496;1017544704;24260608;1118597120;0;0;0;0;0;0;0;0;0;0;0;3246;0;0;89;0;80;0;
28908;3713995;1017544704;24260608;1118597120;0;0;0;0;0;0;0;0;0;0;0;3547;0;0;89;0;80;0;
28909;5412060;1017544704;24260608;1118597120;0;0;0;0;0;0;0;0;0;0;0;2625;0;0;89;0;80;0;
28910;3842747;1017544704;24260608;1118597120;0;0;0;0;0;0;0;0;0;0;0;3466;0;0;89;0;80;0;
28911;4874682;1017544704;24260608;1118597120;0;0;0;0;0;0;0;0;0;0;0;2735;0;0;89;0;80;0;
28912;4845207;1017544704;24260608;1118597120;0;0;0;0;0;0;0;0;0;0;0;3677;0;0;89;0;80;0;
28913;5002993;1017544704;24260608;1118597120;0;0;0;0;0;0;0;0;0;0;0;3216;0;0;89;0;80;0;
28914;3821547;1017544704;24260608;1118597120;0;0;0;0;0;0;0;0;0;0;0;3387;0;0;89;0;80;0;
28915;5223727;1017544704;24260608;1118597120;0;0;0;0;0;0;0;0;0;0;0;3747;0;0;89;0;80;0;
28916;4668956;1017544704;24260608;1118597120;0;0;0;0;0;0;0;0;0;0;0;3206;0;0;89;0;80;0;
28917;4924175;1017544704;24260608;1118597120;0;0;0;0;0;0;0;0;0;0;0;3166;0;0;89;0;80;0;
28918;3866852;1017544704;24260608;1118597120;0;0;0;0;0;0;0;0;0;0;0;3085;0;0;89;0;80;0;
28919;5301022;1017544704;24260608;1118597120;0;0;0;0;0;0;0;0;0;0;0;3126;0;0;89;0;80;0;
28920;4146526;1017544704;24260608;1118597120;0;0;0;0;0;0;0;0;0;0;0;4028;0;0;89;0;80;0;
28921;4858411;1017544704;24260608;1118597120;0;0;0;0;0;0;0;0;0;0;0;2605;0;0;89;0;80;0;
28922;3400968;1017544704;24260608;1118597120;0;0;0;0;0;0;0;0;0;0;0;3286;0;0;89;0;80;0;
28923;5033460;1017544704;24260608;1118597120;0;0;0;0;0;0;0;0;0;0;0;2906;0;0;89;0;80;0;
28924;4652265;1017544704;24260608;1118597120;0;0;0;0;0;0;0;0;0;0;0;3857;0;0;89;0;80;0;
28925;5312252;1017544704;24260608;1118597120;0;0;0;0;0;0;0;0;0;0;0;3537;0;0;89;0;80;0;
28926;4246314;1017544704;24260608;1118597120;0;0;0;0;0;0;0;0;0;0;0;3136;0;0;89;0;80;0;
28927;6492125;1017544704;24260608;1118597120;0;0;0;0;0;0;0;0;0;0;0;2544;0;0;89;0;80;0;
28928;3533767;1017544704;24260608;1118597120;0;0;0;0;0;0;0;0;0;0;0;3967;0;0;89;0;80;0;
28929;6134424;1017544704;24260608;1118597120;0;0;0;0;0;0;0;0;0;0;0;3506;0;0;89;0;80;0;
28930;3864438;1017544704;24260608;1118597120;0;0;0;0;0;0;0;0;0;0;0;3417;0;0;89;0;80;0;
28931;4948260;1017544704;24260608;1118597120;0;0;0;0;0;0;0;0;0;0;0;2925;0;0;89;0;80;0;
28932;3548846;1017544704;24260608;1118597120;0;0;0;0;0;0;0;0;0;0;0;3146;0;0;89;0;80;0;
28933;5322692;1017544704;24260608;1118597120;0;0;0;0;0;0;0;0;0;0;0;2635;0;0;89;0;80;0;
28934;4577795;1017544704;24260608;1118597120;0;0;0;0;0;0;0;0;0;0;0;3867;0;0;89;0;80;0;
28935;7608319;1017544704;24260608;1118597120;0;0;0;0;0;0;0;0;0;0;0;4579;0;0;89;0;80;0;
28936;5757298;1017544704;24260608;1118597120;0;0;0;0;0;0;0;0;0;0;0;4688;0;0;89;0;80;0;
28937;5875969;1017544704;24268800;1118605312;0;0;0;0;0;0;0;0;0;0;0;4428;0;0;89;0;80;0;
28938;5949878;1017544704;24268800;1118605312;0;0;0;0;0;0;0;0;0;0;0;4388;0;0;89;0;80;0;
28939;5910334;1017544704;24268800;1118605312;0;0;0;0;0;0;0;0;0;0;0;4177;0;0;89;0;80;0;
28940;5146742;1017544704;24268800;1118605312;0;0;0;0;0;0;0;0;0;0;0;4880;0;0;89;0;80;0;
28941;5552373;1017544704;24268800;1118605312;0;0;0;0;0;0;0;0;0;0;0;3526;0;0;89;0;80;0;
28942;4866737;1017544704;24268800;1118605312;0;0;0;0;0;0;0;0;0;0;0;4298;0;0;89;0;80;0;
28943;5648754;1017544704;24268800;1118605312;0;0;0;0;0;0;0;0;0;0;0;3747;0;0;89;0;80;0;
28944;5409384;1017577472;24260608;1118597120;0;0;0;0;0;0;0;0;0;0;0;4057;0;0;89;0;80;0;
28945;5174985;1017577472;24260608;1118597120;0;0;0;0;0;0;0;0;0;0;0;2525;0;0;89;0;80;0;
28946;4309592;1017577472;24260608;1118597120;0;0;0;0;0;0;0;0;0;0;0;3006;0;0;89;0;80;0;
28947;5604180;1017577472;24260608;1118597120;0;0;0;0;0;0;0;0;0;0;0;2816;0;0;89;0;80;0;
28948;3985033;1017577472;24260608;1118597120;0;0;0;0;0;0;0;0;0;0;0;3707;0;0;89;0;80;0;
28949;5579354;1017577472;24260608;1118597120;0;0;0;0;0;0;0;0;0;0;0;2495;0;0;89;0;80;0;
28950;4972605;1017577472;24260608;1118597120;0;0;0;0;0;0;0;0;0;0;0;3076;0;0;89;0;80;0;
28951;5974024;1017577472;24260608;1118597120;0;0;0;0;0;0;0;0;0;0;0;3326;0;0;89;0;80;0;
28952;4710203;1017577472;24260608;1118597120;0;0;0;0;0;0;0;0;0;0;0;3606;0;0;89;0;80;0;
28953;7321781;1017577472;24260608;1118597120;0;0;0;0;0;0;0;0;0;0;0;4048;0;0;89;0;80;0;
28954;4836871;1017577472;24260608;1118597120;0;0;0;0;0;0;0;0;0;0;0;39905;0;0;89;0;80;0;
28955;6308291;1017577472;24260608;1118597120;0;0;0;0;0;0;0;0;0;0;0;3226;0;0;89;0;80;0;
28956;3982939;1017577472;24260608;1118597120;0;0;0;0;0;0;0;0;0;0;0;3787;0;0;89;0;80;0;
28957;5926885;1017577472;24260608;1118597120;0;0;0;0;0;0;0;0;0;0;0;3286;0;0;89;0;80;0;
28958;3928788;1017577472;24260608;1118597120;0;0;0;0;0;0;0;0;0;0;0;3316;0;0;89;0;80;0;
28959;6301368;1017577472;24260608;1118597120;0;0;0;0;0;0;0;0;0;0;0;2725;0;0;89;0;80;0;
28960;4847261;1017577472;24260608;1118597120;0;0;0;0;0;0;0;0;0;0;0;4349;0;0;89;0;80;0;
28961;5198009;1017577472;24260608;1118597120;0;0;0;0;0;0;0;0;0;0;0;3166;0;0;89;0;80;0;
28962;5699439;1017577472;24260608;1118597120;0;0;0;0;0;0;0;0;0;0;0;2865;0;0;89;0;80;0;
28963;6483779;1023381504;31825920;1126162432;0;0;0;0;0;0;0;0;0;0;0;3527;0;0;89;0;80;0;
28964;5368689;1023381504;31825920;1126162432;0;0;0;0;0;0;0;0;0;0;0;3767;0;0;89;0;80;0;
28965;6490973;1023381504;31825920;1126162432;0;0;0;0;0;0;0;0;0;0;0;3246;0;0;89;0;80;0;
28966;6150995;1023381504;31825920;1126162432;0;0;0;0;0;0;0;0;0;0;0;4459;0;0;89;0;80;0;
28967;6702640;1023381504;31825920;1126162432;0;0;0;0;0;0;0;0;0;0;0;3707;0;0;89;0;80;0;
28968;5582379;1023381504;31825920;1126162432;0;0;0;0;0;0;0;0;0;0;0;3978;0;0;89;0;80;0;
28969;6125327;1023381504;31825920;1126162432;0;0;0;0;0;0;0;0;0;0;0;3336;0;0;89;0;80;0;
28970;6711376;1023381504;31825920;1126162432;0;0;0;0;0;0;0;0;0;0;0;4178;0;0;89;0;80;0;
28971;6629863;1023381504;31825920;1126162432;0;0;0;0;0;0;0;0;0;0;0;4208;0;0;89;0;80;0;
28972;7238205;1017585664;24260608;1118597120;0;0;0;0;0;0;0;0;0;0;0;3667;0;0;89;0;80;0;
28973;7600424;1017585664;24260608;1118597120;0;0;0;0;0;0;0;0;0;0;0;4639;0;0;89;0;80;0;
28974;4996090;1017585664;24260608;1118597120;0;0;0;0;0;0;0;0;0;0;0;4248;0;0;89;0;80;0;
28975;8445128;1017585664;24260608;1118597120;0;0;0;0;0;0;0;0;0;0;0;5360;0;0;89;0;80;0;
28976;5033720;1017585664;24260608;1118597120;0;0;0;0;0;0;0;0;0;0;0;3947;0;0;89;0;80;0;
28977;7730708;1017585664;24260608;1118597120;0;0;0;0;0;0;0;0;0;0;0;4078;0;0;89;0;80;0;
28978;4523554;1017585664;24260608;1118597120;0;0;0;0;0;0;0;0;0;0;0;4498;0;0;89;0;80;0;
28979;7050362;1017585664;24260608;1118597120;0;0;0;0;0;0;0;0;0;0;0;4959;0;0;89;0;80;0;
28980;6514647;1017585664;24260608;1118597120;0;0;0;0;0;0;0;0;0;0;0;5030;0;0;89;0;80;0;
28981;7385610;1017585664;24260608;1118597120;0;0;0;0;0;0;0;0;0;0;0;4408;0;0;89;0;80;0;
28982;6912133;1017585664;24260608;1118597120;0;0;0;0;0;0;0;0;0;0;0;4579;0;0;89;0;80;0;
28983;7999031;1017585664;24260608;1118597120;0;0;0;0;0;0;0;0;0;0;0;4759;0;0;89;0;80;0;
28984;5523498;1017585664;24260608;1118597120;0;0;0;0;0;0;0;0;0;0;0;4378;0;0;89;0;80;0;
28985;7800759;1017585664;24260608;1118597120;0;0;0;0;0;0;0;0;0;0;0;4258;0;0;89;0;80;0;
28986;4876435;1017585664;24260608;1118597120;0;0;0;0;0;0;0;0;0;0;0;4408;0;0;89;0;80;0;
28987;8683294;1023389696;31825920;1126162432;0;0;0;0;0;0;0;0;0;0;0;4859;0;0;89;0;80;0;
28988;5445382;1023389696;31825920;1126162432;0;0;0;0;0;0;0;0;0;0;0;4488;0;0;89;0;80;0;
28989;6007877;1023389696;31825920;1126162432;0;0;0;0;0;0;0;0;0;0;0;4298;0;0;89;0;80;0;
28990;7502059;1023389696;31825920;1126162432;0;0;0;0;0;0;0;0;0;0;0;4088;0;0;89;0;80;0;
28991;8375637;1023389696;31825920;1126162432;0;0;0;0;0;0;0;0;0;0;0;3697;0;0;89;0;80;0;
28992;6089099;1023389696;31825920;1126162432;0;0;0;0;0;0;0;0;0;0;0;4228;0;0;89;0;80;0;
28993;8654160;1023389696;31825920;1126162432;0;0;0;0;0;0;0;0;0;0;0;4629;0;0;89;0;80;0;
28994;6172726;1023389696;31825920;1126162432;0;0;0;0;0;0;0;0;0;0;0;4168;0;0;89;0;80;0;
28995;6702109;1023389696;31825920;1126162432;0;0;0;0;0;0;0;0;0;0;0;4649;0;0;89;0;80;0;
28996;4356700;1017593856;24260608;1118597120;0;0;0;0;0;0;0;0;0;0;0;4728;0;0;89;0;80;0;
28997;6312799;1017593856;24260608;1118597120;0;0;0;0;0;0;0;0;0;0;0;3597;0;0;89;0;80;0;
28998;5355493;1017593856;24260608;1118597120;0;0;0;0;0;0;0;0;0;0;0;3467;0;0;89;0;80;0;
28999;6960313;1017593856;24260608;1118597120;0;0;0;0;0;0;0;0;0;0;0;3937;0;0;89;0;80;0;
29000;4725472;1017593856;24260608;1118597120;0;0;0;0;0;0;0;0;0;0;0;3536;0;0;89;0;80;0;
29001;5422018;1017593856;24260608;1118597120;0;0;0;0;0;0;0;0;0;0;0;3767;0;0;89;0;80;0;
29002;4435448;1017593856;24260608;1118597120;0;0;0;0;0;0;0;0;0;0;0;3657;0;0;89;0;80;0;
29003;6759417;1017593856;24260608;1118597120;0;0;0;0;0;0;0;0;0;0;0;3607;0;0;89;0;80;0;
29004;4514166;1017593856;24260608;1118597120;0;0;0;0;0;0;0;0;0;0;0;3837;0;0;89;0;80;0;
29005;6580351;1017593856;24260608;1118597120;0;0;0;0;0;0;0;0;0;0;0;4047;0;0;89;0;80;0;
29006;4249329;1017593856;24260608;1118597120;0;0;0;0;0;0;0;0;0;0;0;3727;0;0;89;0;80;0;
29007;5776062;1017593856;24260608;1118597120;0;0;0;0;0;0;0;0;0;0;0;3887;0;0;89;0;80;0;
29008;5459549;1017593856;24260608;1118597120;0;0;0;0;0;0;0;0;0;0;0;3647;0;0;89;0;80;0;
29009;5791421;1017593856;24260608;1118597120;0;0;0;0;0;0;0;0;0;0;0;2986;0;0;89;0;80;0;
29010;6093257;1017593856;24260608;1118597120;0;0;0;0;0;0;0;0;0;0;0;3257;0;0;89;0;80;0;
29011;7660025;1023397888;31825920;1126162432;0;0;0;0;0;0;0;0;0;0;0;4058;0;0;89;0;80;0;
29012;6234983;1023397888;31825920;1126162432;0;0;0;0;0;0;0;0;0;0;0;4699;0;0;89;0;80;0;
29013;5529490;1023397888;31825920;1126162432;0;0;0;0;0;0;0;0;0;0;0;3496;0;0;89;0;80;0;
29014;10644423;1023397888;31825920;1126162432;0;0;0;0;0;0;0;0;0;0;0;6122;0;0;89;0;80;0;
29015;6485473;1023397888;31825920;1126162432;0;0;0;0;0;0;0;0;0;0;0;3477;0;0;89;0;80;0;
29016;4465143;1023397888;31825920;1126162432;0;0;0;0;0;0;0;0;0;0;0;2966;0;0;89;0;80;0;
29017;4925057;1023397888;31825920;1126162432;0;0;0;0;0;0;0;0;0;0;0;2835;0;0;89;0;80;0;
29018;4253777;1023397888;31825920;1126162432;0;0;0;0;0;0;0;0;0;0;0;3567;0;0;89;0;80;0;
29019;5962111;1023397888;31825920;1126162432;0;0;0;0;0;0;0;0;0;0;0;3477;0;0;89;0;80;0;
29020;6215587;1017602048;24260608;1118597120;0;0;0;0;0;0;0;0;0;0;0;4548;0;0;89;0;80;0;
29021;5950339;1017602048;24268800;1118605312;0;0;0;0;0;0;0;0;0;0;0;3777;0;0;89;0;80;0;
29022;4603653;1017602048;24268800;1118605312;0;0;0;0;0;0;0;0;0;0;0;3096;0;0;89;0;80;0;
29023;5106596;1017602048;24268800;1118605312;0;0;0;0;0;0;0;0;0;0;0;2324;0;0;89;0;80;0;
29024;3588691;1017602048;24268800;1118605312;0;0;0;0;0;0;0;0;0;0;0;2856;0;0;89;0;80;0;
29025;4837612;1017602048;24268800;1118605312;0;0;0;0;0;0;0;0;0;0;0;2595;0;0;89;0;80;0;
29026;3858567;1017602048;24268800;1118605312;0;0;0;0;0;0;0;0;0;0;0;3587;0;0;89;0;80;0;
29027;4875614;1017602048;24268800;1118605312;0;0;0;0;0;0;0;0;0;0;0;2986;0;0;89;0;80;0;
29028;3870369;1017602048;24260608;1118597120;0;0;0;0;0;0;0;0;0;0;0;3126;0;0;89;0;80;0;
29029;5463917;1017602048;24260608;1118597120;0;0;0;0;0;0;0;0;0;0;0;2585;0;0;89;0;80;0;
29030;3352067;1017602048;24260608;1118597120;0;0;0;0;0;0;0;0;0;0;0;3076;0;0;89;0;80;0;
29031;5196686;1017602048;24260608;1118597120;0;0;0;0;0;0;0;0;0;0;0;3106;0;0;89;0;80;0;
29032;4231125;1017602048;24260608;1118597120;0;0;0;0;0;0;0;0;0;0;0;3326;0;0;89;0;80;0;
29033;5502569;1017602048;24260608;1118597120;0;0;0;0;0;0;0;0;0;0;0;2655;0;0;89;0;80;0;
29034;4927511;1017602048;24260608;1118597120;0;0;0;0;0;0;0;0;0;0;0;3316;0;0;89;0;80;0;
29035;6154532;1023406080;31825920;1126162432;0;0;0;0;0;0;0;0;0;0;0;3086;0;0;89;0;80;0;
29036;4036941;1023406080;31825920;1126162432;0;0;0;0;0;0;0;0;0;0;0;3276;0;0;89;0;80;0;
29037;6031772;1023406080;31825920;1126162432;0;0;0;0;0;0;0;0;0;0;0;3196;0;0;89;0;80;0;
29038;4116891;1023406080;31825920;1126162432;0;0;0;0;0;0;0;0;0;0;0;4418;0;0;89;0;80;0;
29039;5779358;1023406080;31825920;1126162432;0;0;0;0;0;0;0;0;0;0;0;3847;0;0;89;0;80;0;
29040;4291157;1023406080;31825920;1126162432;0;0;0;0;0;0;0;0;0;0;0;3587;0;0;89;0;80;0;
29041;5073825;1023406080;31825920;1126162432;0;0;0;0;0;0;0;0;0;0;0;2685;0;0;89;0;80;0;
29042;3782023;1023406080;31825920;1126162432;0;0;0;0;0;0;0;0;0;0;0;3818;0;0;89;0;80;0;
29043;5614119;1023406080;31825920;1126162432;0;0;0;0;0;0;0;0;0;0;0;2826;0;0;89;0;80;0;
29044;4639150;1017610240;24260608;1118597120;0;0;0;0;0;0;0;0;0;0;0;2625;0;0;89;0;80;0;
29045;5069687;1017610240;24260608;1118597120;0;0;0;0;0;0;0;0;0;0;0;2364;0;0;89;0;80;0;
29046;4108075;1017610240;24260608;1118597120;0;0;0;0;0;0;0;0;0;0;0;3086;0;0;89;0;80;0;
29047;5310930;1017610240;24260608;1118597120;0;0;0;0;0;0;0;0;0;0;0;3166;0;0;89;0;80;0;
29048;3626501;1017610240;24260608;1118597120;0;0;0;0;0;0;0;0;0;0;0;2846;0;0;89;0;80;0;
29049;4741152;1017610240;24260608;1118597120;0;0;0;0;0;0;0;0;0;0;0;2554;0;0;89;0;80;0;
29050;3121123;1017610240;24260608;1118597120;0;0;0;0;0;0;0;0;0;0;0;2595;0;0;89;0;80;0;
29051;5037387;1017610240;24260608;1118597120;0;0;0;0;0;0;0;0;0;0;0;2805;0;0;89;0;80;0;
29052;2852249;1017610240;24260608;1118597120;0;0;0;0;0;0;0;0;0;0;0;2675;0;0;89;0;80;0;
29053;5312553;1017610240;24260608;1118597120;0;0;0;0;0;0;0;0;0;0;0;2575;0;0;89;0;80;0;
29054;3191165;1017610240;24260608;1118597120;0;0;0;0;0;0;0;0;0;0;0;3085;0;0;89;0;80;0;
29055;5451915;1017610240;24260608;1118597120;0;0;0;0;0;0;0;0;0;0;0;3156;0;0;89;0;80;0;
29056;4277822;1017610240;24260608;1118597120;0;0;0;0;0;0;0;0;0;0;0;4428;0;0;89;0;80;0;
29057;6208704;1017610240;24260608;1118597120;0;0;0;0;0;0;0;0;0;0;0;3467;0;0;89;0;80;0;
29058;4681700;1017610240;24260608;1118597120;0;0;0;0;0;0;0;0;0;0;0;3937;0;0;89;0;80;0;
29059;6673535;1023414272;31825920;1126162432;0;0;0;0;0;0;0;0;0;0;0;4138;0;0;89;0;80;0;
29060;3522076;1023414272;31825920;1126162432;0;0;0;0;0;0;0;0;0;0;0;3186;0;0;89;0;80;0;
29061;5084305;1023414272;31825920;1126162432;0;0;0;0;0;0;0;0;0;0;0;2425;0;0;89;0;80;0;
29062;3752016;1023414272;31825920;1126162432;0;0;0;0;0;0;0;0;0;0;0;3176;0;0;89;0;80;0;
29063;5033630;1023414272;31825920;1126162432;0;0;0;0;0;0;0;0;0;0;0;3025;0;0;89;0;80;0;
29064;4439245;1023414272;31825920;1126162432;0;0;0;0;0;0;0;0;0;0;0;2925;0;0;89;0;80;0;
29065;4795002;1023414272;31825920;1126162432;0;0;0;0;0;0;0;0;0;0;0;2515;0;0;89;0;80;0;
29066;4327195;1023414272;31825920;1126162432;0;0;0;0;0;0;0;0;0;0;0;2815;0;0;89;0;80;0;
29067;5331349;1023414272;31825920;1126162432;0;0;0;0;0;0;0;0;0;0;0;2776;0;0;89;0;80;0;
29068;4976594;1017618432;24260608;1118597120;0;0;0;0;0;0;0;0;0;0;0;3727;0;0;89;0;80;0;
29069;5770652;1017618432;24260608;1118597120;0;0;0;0;0;0;0;0;0;0;0;3246;0;0;89;0;80;0;
29070;3273649;1017618432;24260608;1118597120;0;0;0;0;0;0;0;0;0;0;0;2946;0;0;89;0;80;0;
29071;5057805;1017618432;24260608;1118597120;0;0;0;0;0;0;0;0;0;0;0;3206;0;0;89;0;80;0;
29072;3468434;1017618432;24260608;1118597120;0;0;0;0;0;0;0;0;0;0;0;2705;0;0;89;0;80;0;
29073;4991471;1017618432;24260608;1118597120;0;0;0;0;0;0;0;0;0;0;0;2625;0;0;89;0;80;0;
29074;4359456;1017618432;24260608;1118597120;0;0;0;0;0;0;0;0;0;0;0;3847;0;0;89;0;80;0;
29075;4982694;1017618432;24260608;1118597120;0;0;0;0;0;0;0;0;0;0;0;3787;0;0;89;0;80;0;
29076;4484720;1017618432;24260608;1118597120;0;0;0;0;0;0;0;0;0;0;0;3787;0;0;89;0;80;0;
29077;6324220;1017618432;24260608;1118597120;0;0;0;0;0;0;0;0;0;0;0;2806;0;0;89;0;80;0;
29078;5351637;1017618432;24260608;1118597120;0;0;0;0;0;0;0;0;0;0;0;4188;0;0;89;0;80;0;
29079;6107915;1017618432;24260608;1118597120;0;0;0;0;0;0;0;0;0;0;0;4529;0;0;89;0;80;0;
29080;4516430;1017618432;24260608;1118597120;0;0;0;0;0;0;0;0;0;0;0;4078;0;0;89;0;80;0;
29081;5830164;1017618432;24260608;1118597120;0;0;0;0;0;0;0;0;0;0;0;3587;0;0;89;0;80;0;
29082;3562572;1017618432;24260608;1118597120;0;0;0;0;0;0;0;0;0;0;0;3035;0;0;89;0;80;0;
29083;5678390;1017618432;24260608;1118597120;0;0;0;0;0;0;0;0;0;0;0;3106;0;0;89;0;80;0;
29084;3107939;1017618432;24260608;1118597120;0;0;0;0;0;0;0;0;0;0;0;3116;0;0;89;0;80;0;
29085;6111511;1017618432;24260608;1118597120;0;0;0;0;0;0;0;0;0;0;0;2976;0;0;89;0;80;0;
29086;4295225;1017618432;24260608;1118597120;0;0;0;0;0;0;0;0;0;0;0;2966;0;0;89;0;80;0;
29087;5496388;1017618432;24260608;1118597120;0;0;0;0;0;0;0;0;0;0;0;2465;0;0;89;0;80;0;
29088;4433264;1017618432;24260608;1118597120;0;0;0;0;0;0;0;0;0;0;0;3026;0;0;89;0;80;0;
29089;5552333;1017618432;24260608;1118597120;0;0;0;0;0;0;0;0;0;0;0;2174;0;0;89;0;80;0;
29090;4237077;1017618432;24260608;1118597120;0;0;0;0;0;0;0;0;0;0;0;2936;0;0;89;0;80;0;
29091;5550399;1017618432;24260608;1118597120;0;0;0;0;0;0;0;0;0;0;0;2485;0;0;89;0;80;0;
29092;5505605;1017618432;24260608;1118597120;0;0;0;0;0;0;0;0;0;0;0;3948;0;0;89;0;80;0;
29093;7248464;1017618432;24260608;1118597120;0;0;0;0;0;0;0;0;0;0;0;3587;0;0;89;0;80;0;
29094;4019829;1017618432;24260608;1118597120;0;0;0;0;0;0;0;0;0;0;0;3266;0;0;89;0;80;0;
29095;5519221;1017618432;24260608;1118597120;0;0;0;0;0;0;0;0;0;0;0;3456;0;0;89;0;80;0;
29096;4190018;1017618432;24260608;1118597120;0;0;0;0;0;0;0;0;0;0;0;4999;0;0;89;0;80;0;
29097;5408533;1017618432;24260608;1118597120;0;0;0;0;0;0;0;0;0;0;0;3667;0;0;89;0;80;0;
29098;5247661;1017618432;24260608;1118597120;0;0;0;0;0;0;0;0;0;0;0;4208;0;0;89;0;80;0;
29099;5173903;1017618432;24260608;1118597120;0;0;0;0;0;0;0;0;0;0;0;3055;0;0;89;0;80;0;
29100;4469202;1017618432;24260608;1118597120;0;0;0;0;0;0;0;0;0;0;0;3436;0;0;89;0;80;0;
29101;4949783;1017618432;24260608;1118597120;0;0;0;0;0;0;0;0;0;0;0;2504;0;0;89;0;80;0;
29102;4032873;1017618432;24260608;1118597120;0;0;0;0;0;0;0;0;0;0;0;3136;0;0;89;0;80;0;
29103;5000027;1017618432;24260608;1118597120;0;0;0;0;0;0;0;0;0;0;0;2885;0;0;89;0;80;0;
29104;4240492;1017618432;24260608;1118597120;0;0;0;0;0;0;0;0;0;0;0;4008;0;0;89;0;80;0;
29105;5163784;1017618432;24260608;1118597120;0;0;0;0;0;0;0;0;0;0;0;3556;0;0;89;0;80;0;
29106;5143466;1017618432;24260608;1118597120;0;0;0;0;0;0;0;0;0;0;0;3967;0;0;89;0;80;0;
29107;6882276;1017618432;24260608;1118597120;0;0;0;0;0;0;0;0;0;0;0;3517;0;0;89;0;80;0;
29108;4601289;1017618432;24260608;1118597120;0;0;0;0;0;0;0;0;0;0;0;4388;0;0;89;0;80;0;
29109;7194272;1017618432;24260608;1118597120;0;0;0;0;0;0;0;0;0;0;0;3537;0;0;89;0;80;0;
29110;4549773;1017618432;24260608;1118597120;0;0;0;0;0;0;0;0;0;0;0;3777;0;0;89;0;80;0;
29111;6085853;1017618432;24260608;1118597120;0;0;0;0;0;0;0;0;0;0;0;3937;0;0;89;0;80;0;
29112;5637813;1017618432;24260608;1118597120;0;0;0;0;0;0;0;0;0;0;0;4298;0;0;89;0;80;0;
29113;6151166;1017618432;24260608;1118597120;0;0;0;0;0;0;0;0;0;0;0;3917;0;0;89;0;80;0;
29114;3800648;1017618432;24260608;1118597120;0;0;0;0;0;0;0;0;0;0;0;3477;0;0;89;0;80;0;
29115;4966243;1017618432;24260608;1118597120;0;0;0;0;0;0;0;0;0;0;0;2905;0;0;89;0;80;0;
29116;4719451;1017618432;24260608;1118597120;0;0;0;0;0;0;0;0;0;0;0;2915;0;0;89;0;80;0;
29117;16432577;1017618432;24260608;1118597120;0;0;0;0;0;0;0;0;0;0;0;3146;0;0;89;0;80;0;
29118;6216318;1017618432;24260608;1118597120;0;0;0;0;0;0;0;0;0;0;0;3697;0;0;89;0;80;0;
29119;5649685;1017618432;24260608;1118597120;0;0;0;0;0;0;0;0;0;0;0;2965;0;0;89;0;80;0;
29120;3599330;1017618432;24260608;1118597120;0;0;0;0;0;0;0;0;0;0;0;3537;0;0;89;0;80;0;
29121;5412019;1017618432;24268800;1118605312;0;0;0;0;0;0;0;0;0;0;0;4268;0;0;89;0;80;0;
29122;4847251;1017618432;24268800;1118605312;0;0;0;0;0;0;0;0;0;0;0;4588;0;0;89;0;80;0;
29123;5139388;1017618432;24268800;1118605312;0;0;0;0;0;0;0;0;0;0;0;3697;0;0;89;0;80;0;
29124;4123002;1017618432;24268800;1118605312;0;0;0;0;0;0;0;0;0;0;0;3948;0;0;89;0;80;0;
29125;5343892;1017618432;24268800;1118605312;0;0;0;0;0;0;0;0;0;0;0;4158;0;0;89;0;80;0;
29126;4675799;1017618432;24268800;1118605312;0;0;0;0;0;0;0;0;0;0;0;4559;0;0;89;0;80;0;
29127;5816588;1017618432;24268800;1118605312;0;0;0;0;0;0;0;0;0;0;0;3927;0;0;89;0;80;0;
29128;6976925;1017634816;24260608;1118597120;0;0;0;0;0;0;0;0;0;0;0;4278;0;0;89;0;80;0;
29129;6725563;1017634816;24260608;1118597120;0;0;0;0;0;0;0;0;0;0;0;4318;0;0;89;0;80;0;
29130;5570437;1017634816;24260608;1118597120;0;0;0;0;0;0;0;0;0;0;0;3697;0;0;89;0;80;0;
29131;7824534;1017634816;24260608;1118597120;0;0;0;0;0;0;0;0;0;0;0;3687;0;0;89;0;80;0;
29132;2944873;1017634816;24260608;1118597120;0;0;0;0;0;0;0;0;0;0;0;2975;0;0;89;0;80;0;
29133;6341853;1017634816;24260608;1118597120;0;0;0;0;0;0;0;0;0;0;0;2845;0;0;89;0;80;0;
29134;4851358;1017634816;24260608;1118597120;0;0;0;0;0;0;0;0;0;0;0;3386;0;0;89;0;80;0;
29135;5742469;1017634816;24260608;1118597120;0;0;0;0;0;0;0;0;0;0;0;3897;0;0;89;0;80;0;
29136;3463405;1017634816;24260608;1118597120;0;0;0;0;0;0;0;0;0;0;0;3246;0;0;89;0;80;0;
29137;5445232;1017634816;24260608;1118597120;0;0;0;0;0;0;0;0;0;0;0;2966;0;0;89;0;80;0;
29138;5412300;1017634816;24260608;1118597120;0;0;0;0;0;0;0;0;0;0;0;4839;0;0;89;0;80;0;
29139;5926534;1017634816;24260608;1118597120;0;0;0;0;0;0;0;0;0;0;0;4068;0;0;89;0;80;0;
29140;3867012;1017634816;24260608;1118597120;0;0;0;0;0;0;0;0;0;0;0;3416;0;0;89;0;80;0;
29141;5514201;1017634816;24260608;1118597120;0;0;0;0;0;0;0;0;0;0;0;3095;0;0;89;0;80;0;
29142;3986687;1017634816;24260608;1118597120;0;0;0;0;0;0;0;0;0;0;0;3136;0;0;89;0;80;0;
29143;4983045;1017634816;24260608;1118597120;0;0;0;0;0;0;0;0;0;0;0;3026;0;0;89;0;80;0;
29144;4641264;1017634816;24260608;1118597120;0;0;0;0;0;0;0;0;0;0;0;3837;0;0;89;0;80;0;
29145;4932099;1017634816;24260608;1118597120;0;0;0;0;0;0;0;0;0;0;0;3086;0;0;89;0;80;0;
29146;3461471;1017634816;24260608;1118597120;0;0;0;0;0;0;0;0;0;0;0;2895;0;0;89;0;80;0;
29147;5452937;1017634816;24260608;1118597120;0;0;0;0;0;0;0;0;0;0;0;3126;0;0;89;0;80;0;
29148;5188240;1017634816;24260608;1118597120;0;0;0;0;0;0;0;0;0;0;0;3327;0;0;89;0;80;0;
29149;4824367;1017634816;24260608;1118597120;0;0;0;0;0;0;0;0;0;0;0;2705;0;0;89;0;80;0;
29150;4354837;1017634816;24260608;1118597120;0;0;0;0;0;0;0;0;0;0;0;4047;0;0;89;0;80;0;
29151;4950124;1017634816;24260608;1118597120;0;0;0;0;0;0;0;0;0;0;0;3086;0;0;89;0;80;0;
29152;4111772;1017634816;24260608;1118597120;0;0;0;0;0;0;0;0;0;0;0;3457;0;0;89;0;80;0;
29153;5140781;1017634816;24260608;1118597120;0;0;0;0;0;0;0;0;0;0;0;2524;0;0;89;0;80;0;
29154;4391907;1017634816;24260608;1118597120;0;0;0;0;0;0;0;0;0;0;0;3306;0;0;89;0;80;0;
29155;5633535;1017634816;24260608;1118597120;0;0;0;0;0;0;0;0;0;0;0;3066;0;0;89;0;80;0;
29156;4172715;1017634816;24260608;1118597120;0;0;0;0;0;0;0;0;0;0;0;3527;0;0;89;0;80;0;
29157;6929626;1017634816;24260608;1118597120;0;0;0;0;0;0;0;0;0;0;0;2574;0;0;89;0;80;0;
29158;3264021;1017634816;24260608;1118597120;0;0;0;0;0;0;0;0;0;0;0;3296;0;0;89;0;80;0;
29159;5690833;1017634816;24260608;1118597120;0;0;0;0;0;0;0;0;0;0;0;3116;0;0;89;0;80;0;
29160;3665524;1017634816;24260608;1118597120;0;0;0;0;0;0;0;0;0;0;0;3837;0;0;89;0;80;0;
29161;5462885;1017634816;24260608;1118597120;0;0;0;0;0;0;0;0;0;0;0;2725;0;0;89;0;80;0;
29162;4511952;1017634816;24260608;1118597120;0;0;0;0;0;0;0;0;0;0;0;4288;0;0;89;0;80;0;
29163;5466812;1017634816;24260608;1118597120;0;0;0;0;0;0;0;0;0;0;0;3517;0;0;89;0;80;0;
29164;5059619;1017634816;24260608;1118597120;0;0;0;0;0;0;0;0;0;0;0;3777;0;0;89;0;80;0;
29165;6206770;1017634816;24260608;1118597120;0;0;0;0;0;0;0;0;0;0;0;3357;0;0;89;0;80;0;
29166;4451959;1017634816;24260608;1118597120;0;0;0;0;0;0;0;0;0;0;0;3777;0;0;89;0;80;0;
29167;5512528;1017634816;24260608;1118597120;0;0;0;0;0;0;0;0;0;0;0;2936;0;0;89;0;80;0;
29168;4570391;1017634816;24260608;1118597120;0;0;0;0;0;0;0;0;0;0;0;2986;0;0;89;0;80;0;
29169;4773131;1017634816;24260608;1118597120;0;0;0;0;0;0;0;0;0;0;0;2765;0;0;89;0;80;0;
29170;4318619;1017634816;24260608;1118597120;0;0;0;0;0;0;0;0;0;0;0;3156;0;0;89;0;80;0;
29171;5439661;1017634816;24260608;1118597120;0;0;0;0;0;0;0;0;0;0;0;2906;0;0;89;0;80;0;
29172;4840407;1017634816;24260608;1118597120;0;0;0;0;0;0;0;0;0;0;0;3466;0;0;89;0;80;0;
29173;6656814;1017634816;24260608;1118597120;0;0;0;0;0;0;0;0;0;0;0;2525;0;0;89;0;80;0;
29174;5450913;1017634816;24260608;1118597120;0;0;0;0;0;0;0;0;0;0;0;3416;0;0;89;0;80;0;
29175;5643494;1023438848;31825920;1126162432;0;0;0;0;0;0;0;0;0;0;0;3226;0;0;89;0;80;0;
29176;4013848;1023438848;31825920;1126162432;0;0;0;0;0;0;0;0;0;0;0;4178;0;0;89;0;80;0;
29177;6564120;1023438848;31825920;1126162432;0;0;0;0;0;0;0;0;0;0;0;3447;0;0;89;0;80;0;
29178;4093457;1023438848;31825920;1126162432;0;0;0;0;0;0;0;0;0;0;0;3466;0;0;89;0;80;0;
29179;6508336;1023438848;31825920;1126162432;0;0;0;0;0;0;0;0;0;0;0;3326;0;0;89;0;80;0;
29180;4624653;1023438848;31825920;1126162432;0;0;0;0;0;0;0;0;0;0;0;3376;0;0;89;0;80;0;
29181;5579214;1023438848;31825920;1126162432;0;0;0;0;0;0;0;0;0;0;0;3247;0;0;89;0;80;0;
29182;4317808;1023438848;31825920;1126162432;0;0;0;0;0;0;0;0;0;0;0;3176;0;0;89;0;80;0;
29183;5486970;1023438848;31825920;1126162432;0;0;0;0;0;0;0;0;0;0;0;2855;0;0;89;0;80;0;
29184;4955484;1017659392;24260608;1118597120;0;0;0;0;0;0;0;0;0;0;0;3687;0;0;89;0;80;0;
29185;5713244;1017659392;24260608;1118597120;0;0;0;0;0;0;0;0;0;0;0;3417;0;0;89;0;80;0;
29186;3320677;1017659392;24260608;1118597120;0;0;0;0;0;0;0;0;0;0;0;3407;0;0;89;0;80;0;
29187;5965367;1017659392;24260608;1118597120;0;0;0;0;0;0;0;0;0;0;0;3216;0;0;89;0;80;0;
29188;4431110;1017659392;24260608;1118597120;0;0;0;0;0;0;0;0;0;0;0;3486;0;0;89;0;80;0;
29189;5290021;1017659392;24260608;1118597120;0;0;0;0;0;0;0;0;0;0;0;3076;0;0;89;0;80;0;
29190;3991776;1017659392;24260608;1118597120;0;0;0;0;0;0;0;0;0;0;0;3607;0;0;89;0;80;0;
29191;5187599;1017659392;24260608;1118597120;0;0;0;0;0;0;0;0;0;0;0;3246;0;0;89;0;80;0;
29192;4116209;1017659392;24260608;1118597120;0;0;0;0;0;0;0;0;0;0;0;3557;0;0;89;0;80;0;
29193;6018557;1017659392;24260608;1118597120;0;0;0;0;0;0;0;0;0;0;0;2856;0;0;89;0;80;0;
29194;5396961;1017659392;24260608;1118597120;0;0;0;0;0;0;0;0;0;0;0;3477;0;0;89;0;80;0;
29195;5902941;1017659392;24260608;1118597120;0;0;0;0;0;0;0;0;0;0;0;3065;0;0;89;0;80;0;
29196;5685412;1017659392;24260608;1118597120;0;0;0;0;0;0;0;0;0;0;0;3627;0;0;89;0;80;0;
29197;6376419;1017659392;24260608;1118597120;0;0;0;0;0;0;0;0;0;0;0;3416;0;0;89;0;80;0;
29198;5047155;1017659392;24260608;1118597120;0;0;0;0;0;0;0;0;0;0;0;3496;0;0;89;0;80;0;
29199;6104899;1023463424;31825920;1126162432;0;0;0;0;0;0;0;0;0;0;0;4017;0;0;89;0;80;0;
29200;6206219;1023463424;31825920;1126162432;0;0;0;0;0;0;0;0;0;0;0;3566;0;0;89;0;80;0;
29201;5069097;1023463424;31825920;1126162432;0;0;0;0;0;0;0;0;0;0;0;3005;0;0;89;0;80;0;
29202;5348099;1023463424;31825920;1126162432;0;0;0;0;0;0;0;0;0;0;0;3807;0;0;89;0;80;0;
29203;5413863;1023463424;31825920;1126162432;0;0;0;0;0;0;0;0;0;0;0;3116;0;0;89;0;80;0;
29204;4074381;1023463424;31825920;1126162432;0;0;0;0;0;0;0;0;0;0;0;3757;0;0;89;0;80;0;
29205;6221939;1023463424;31825920;1126162432;0;0;0;0;0;0;0;0;0;0;0;2905;0;0;89;0;80;0;
29206;5377485;1023463424;31825920;1126162432;0;0;0;0;0;0;0;0;0;0;0;3647;0;0;89;0;80;0;
29207;6557087;1023463424;31825920;1126162432;0;0;0;0;0;0;0;0;0;0;0;3046;0;0;89;0;80;0;
29208;5512388;1017667584;24260608;1118597120;0;0;0;0;0;0;0;0;0;0;0;4338;0;0;89;0;80;0;
29209;12570154;1017667584;24260608;1118597120;0;0;0;0;0;0;0;0;0;0;0;3798;0;0;89;0;80;0;
29210;7711642;1017667584;24260608;1118597120;0;0;0;0;0;0;0;0;0;0;0;4218;0;0;89;0;80;0;
29211;6526109;1017667584;24260608;1118597120;0;0;0;0;0;0;0;0;0;0;0;3687;0;0;89;0;80;0;
29212;7228526;1017667584;24260608;1118597120;0;0;0;0;0;0;0;0;0;0;0;5019;0;0;89;0;80;0;
29213;6135056;1017667584;24260608;1118597120;0;0;0;0;0;0;0;0;0;0;0;3857;0;0;89;0;80;0;
29214;5864779;1017667584;24260608;1118597120;0;0;0;0;0;0;0;0;0;0;0;4308;0;0;89;0;80;0;
29215;6527973;1017667584;24268800;1118605312;0;0;0;0;0;0;0;0;0;0;0;5741;0;0;89;0;80;0;
29216;6388791;1017667584;24268800;1118605312;0;0;0;0;0;0;0;0;0;0;0;4168;0;0;89;0;80;0;
29217;6919035;1017667584;24268800;1118605312;0;0;0;0;0;0;0;0;0;0;0;3818;0;0;89;0;80;0;
29218;5418051;1017667584;24268800;1118605312;0;0;0;0;0;0;0;0;0;0;0;4418;0;0;89;0;80;0;
29219;7116897;1017667584;24268800;1118605312;0;0;0;0;0;0;0;0;0;0;0;4759;0;0;89;0;80;0;
29220;6743356;1017667584;24268800;1118605312;0;0;0;0;0;0;0;0;0;0;0;4117;0;0;89;0;80;0;
29221;7722963;1017667584;24268800;1118605312;0;0;0;0;0;0;0;0;0;0;0;4448;0;0;89;0;80;0;
29222;6001044;1017671680;24260608;1118597120;0;0;0;0;0;0;0;0;0;0;0;3817;0;0;89;0;80;0;
29223;8065085;1023475712;31825920;1126162432;0;0;0;0;0;0;0;0;0;0;0;3847;0;0;89;0;80;0;
29224;5677657;1023475712;31825920;1126162432;0;0;0;0;0;0;0;0;0;0;0;4859;0;0;89;0;80;0;
29225;6751932;1023475712;31825920;1126162432;0;0;0;0;0;0;0;0;0;0;0;3947;0;0;89;0;80;0;
29226;7093092;1023475712;31825920;1126162432;0;0;0;0;0;0;0;0;0;0;0;4238;0;0;89;0;80;0;
29227;5501868;1023475712;31825920;1126162432;0;0;0;0;0;0;0;0;0;0;0;3737;0;0;89;0;80;0;
29228;5113740;1023475712;31825920;1126162432;0;0;0;0;0;0;0;0;0;0;0;2996;0;0;89;0;80;0;
29229;6285127;1023475712;31825920;1126162432;0;0;0;0;0;0;0;0;0;0;0;2845;0;0;89;0;80;0;
29230;4665930;1023475712;31825920;1126162432;0;0;0;0;0;0;0;0;0;0;0;3517;0;0;89;0;80;0;
29231;5539759;1023475712;31825920;1126162432;0;0;0;0;0;0;0;0;0;0;0;2966;0;0;89;0;80;0;
29232;6058402;1017675776;24260608;1118597120;0;0;0;0;0;0;0;0;0;0;0;3126;0;0;89;0;80;0;
29233;5578472;1017675776;24260608;1118597120;0;0;0;0;0;0;0;0;0;0;0;2835;0;0;89;0;80;0;
29234;5113029;1017675776;24260608;1118597120;0;0;0;0;0;0;0;0;0;0;0;3287;0;0;89;0;80;0;
29235;5755894;1017675776;24260608;1118597120;0;0;0;0;0;0;0;0;0;0;0;2545;0;0;89;0;80;0;
29236;4940094;1017675776;24260608;1118597120;0;0;0;0;0;0;0;0;0;0;0;3316;0;0;89;0;80;0;
29237;5831877;1017675776;24260608;1118597120;0;0;0;0;0;0;0;0;0;0;0;2595;0;0;89;0;80;0;
29238;5183501;1017675776;24260608;1118597120;0;0;0;0;0;0;0;0;0;0;0;2996;0;0;89;0;80;0;
29239;5593389;1017675776;24260608;1118597120;0;0;0;0;0;0;0;0;0;0;0;2705;0;0;89;0;80;0;
29240;4277442;1017675776;24260608;1118597120;0;0;0;0;0;0;0;0;0;0;0;3326;0;0;89;0;80;0;
29241;5056573;1017675776;24260608;1118597120;0;0;0;0;0;0;0;0;0;0;0;2865;0;0;89;0;80;0;
29242;3784126;1017675776;24260608;1118597120;0;0;0;0;0;0;0;0;0;0;0;4328;0;0;89;0;80;0;
29243;5808694;1017675776;24260608;1118597120;0;0;0;0;0;0;0;0;0;0;0;3907;0;0;89;0;80;0;
29244;6121941;1017675776;24260608;1118597120;0;0;0;0;0;0;0;0;0;0;0;4588;0;0;89;0;80;0;
29245;6408328;1017675776;24260608;1118597120;0;0;0;0;0;0;0;0;0;0;0;4097;0;0;89;0;80;0;
29246;7119101;1017675776;24260608;1118597120;0;0;0;0;0;0;0;0;0;0;0;3868;0;0;89;0;80;0;
29247;6779054;1023479808;31825920;1126162432;0;0;0;0;0;0;0;0;0;0;0;4097;0;0;89;0;80;0;
29248;6326996;1023479808;31825920;1126162432;0;0;0;0;0;0;0;0;0;0;0;4839;0;0;89;0;80;0;
29249;6908456;1023479808;31825920;1126162432;0;0;0;0;0;0;0;0;0;0;0;4428;0;0;89;0;80;0;
29250;4823506;1023479808;31825920;1126162432;0;0;0;0;0;0;0;0;0;0;0;2866;0;0;89;0;80;0;
29251;4786246;1023479808;31825920;1126162432;0;0;0;0;0;0;0;0;0;0;0;2665;0;0;89;0;80;0;
29252;4336522;1023479808;31825920;1126162432;0;0;0;0;0;0;0;0;0;0;0;3196;0;0;89;0;80;0;
29253;5789097;1023479808;31825920;1126162432;0;0;0;0;0;0;0;0;0;0;0;2846;0;0;89;0;80;0;
29254;4478098;1023479808;31825920;1126162432;0;0;0;0;0;0;0;0;0;0;0;3447;0;0;89;0;80;0;
29255;5990625;1023479808;31825920;1126162432;0;0;0;0;0;0;0;0;0;0;0;2645;0;0;89;0;80;0;
29256;6316946;1017683968;24260608;1118597120;0;0;0;0;0;0;0;0;0;0;0;3938;0;0;89;0;80;0;
29257;5866843;1017683968;24260608;1118597120;0;0;0;0;0;0;0;0;0;0;0;2875;0;0;89;0;80;0;
29258;5313515;1017683968;24260608;1118597120;0;0;0;0;0;0;0;0;0;0;0;3227;0;0;89;0;80;0;
29259;5896709;1017683968;24260608;1118597120;0;0;0;0;0;0;0;0;0;0;0;2845;0;0;89;0;80;0;
29260;3684500;1017683968;24260608;1118597120;0;0;0;0;0;0;0;0;0;0;0;3016;0;0;89;0;80;0;
29261;6014981;1017683968;24260608;1118597120;0;0;0;0;0;0;0;0;0;0;0;2655;0;0;89;0;80;0;
29262;4497545;1017683968;24260608;1118597120;0;0;0;0;0;0;0;0;0;0;0;3427;0;0;89;0;80;0;
29263;6228481;1017683968;24260608;1118597120;0;0;0;0;0;0;0;0;0;0;0;3095;0;0;89;0;80;0;
29264;3690051;1017683968;24260608;1118597120;0;0;0;0;0;0;0;0;0;0;0;3096;0;0;89;0;80;0;
29265;4727005;1017683968;24260608;1118597120;0;0;0;0;0;0;0;0;0;0;0;2665;0;0;89;0;80;0;
29266;3649324;1017683968;24260608;1118597120;0;0;0;0;0;0;0;0;0;0;0;3326;0;0;89;0;80;0;
29267;5720377;1017683968;24260608;1118597120;0;0;0;0;0;0;0;0;0;0;0;3677;0;0;89;0;80;0;
29268;4663846;1017683968;24260608;1118597120;0;0;0;0;0;0;0;0;0;0;0;3216;0;0;89;0;80;0;
29269;6002697;1017683968;24260608;1118597120;0;0;0;0;0;0;0;0;0;0;0;2585;0;0;89;0;80;0;
29270;4046969;1017683968;24260608;1118597120;0;0;0;0;0;0;0;0;0;0;0;3456;0;0;89;0;80;0;
29271;6797798;1017683968;24260608;1118597120;0;0;0;0;0;0;0;0;0;0;0;3366;0;0;89;0;80;0;
29272;4468801;1017683968;24260608;1118597120;0;0;0;0;0;0;0;0;0;0;0;3737;0;0;89;0;80;0;
29273;5631521;1017683968;24260608;1118597120;0;0;0;0;0;0;0;0;0;0;0;3497;0;0;89;0;80;0;
29274;4656323;1017683968;24260608;1118597120;0;0;0;0;0;0;0;0;0;0;0;3256;0;0;89;0;80;0;
29275;5748360;1017683968;24260608;1118597120;0;0;0;0;0;0;0;0;0;0;0;2625;0;0;89;0;80;0;
29276;4570031;1017683968;24260608;1118597120;0;0;0;0;0;0;0;0;0;0;0;116138;0;0;89;0;80;0;
29277;5373808;1017683968;24260608;1118597120;0;0;0;0;0;0;0;0;0;0;0;2534;0;0;89;0;80;0;
29278;3204941;1017683968;24260608;1118597120;0;0;0;0;0;0;0;0;0;0;0;3236;0;0;89;0;80;0;
29279;5243644;1017683968;24260608;1118597120;0;0;0;0;0;0;0;0;0;0;0;2464;0;0;89;0;80;0;
29280;3444630;1017683968;24260608;1118597120;0;0;0;0;0;0;0;0;0;0;0;2815;0;0;89;0;80;0;
29281;5451033;1017683968;24260608;1118597120;0;0;0;0;0;0;0;0;0;0;0;2896;0;0;89;0;80;0;
29282;3799145;1017683968;24260608;1118597120;0;0;0;0;0;0;0;0;0;0;0;3537;0;0;89;0;80;0;
29283;5558785;1017683968;24260608;1118597120;0;0;0;0;0;0;0;0;0;0;0;4449;0;0;89;0;80;0;
29284;4628400;1017683968;24260608;1118597120;0;0;0;0;0;0;0;0;0;0;0;3848;0;0;89;0;80;0;
29285;5995935;1017683968;24260608;1118597120;0;0;0;0;0;0;0;0;0;0;0;3567;0;0;89;0;80;0;
29286;4556545;1017683968;24260608;1118597120;0;0;0;0;0;0;0;0;0;0;0;3546;0;0;89;0;80;0;
29287;5674442;1017683968;24260608;1118597120;0;0;0;0;0;0;0;0;0;0;0;2594;0;0;89;0;80;0;
29288;4168518;1017683968;24260608;1118597120;0;0;0;0;0;0;0;0;0;0;0;3426;0;0;89;0;80;0;
29289;5987689;1017683968;24260608;1118597120;0;0;0;0;0;0;0;0;0;0;0;4429;0;0;89;0;80;0;
29290;3940710;1017683968;24260608;1118597120;0;0;0;0;0;0;0;0;0;0;0;3086;0;0;89;0;80;0;
29291;5625099;1017683968;24260608;1118597120;0;0;0;0;0;0;0;0;0;0;0;2846;0;0;89;0;80;0;
29292;3120933;1017683968;24260608;1118597120;0;0;0;0;0;0;0;0;0;0;0;3176;0;0;89;0;80;0;
29293;5111536;1017683968;24260608;1118597120;0;0;0;0;0;0;0;0;0;0;0;3126;0;0;89;0;80;0;
29294;4389261;1017683968;24260608;1118597120;0;0;0;0;0;0;0;0;0;0;0;3437;0;0;89;0;80;0;
29295;6111983;1017683968;24260608;1118597120;0;0;0;0;0;0;0;0;0;0;0;3666;0;0;89;0;80;0;
29296;4695626;1017683968;24260608;1118597120;0;0;0;0;0;0;0;0;0;0;0;3948;0;0;89;0;80;0;
29297;5121405;1017683968;24260608;1118597120;0;0;0;0;0;0;0;0;0;0;0;3066;0;0;89;0;80;0;
29298;3825414;1017683968;24260608;1118597120;0;0;0;0;0;0;0;0;0;0;0;3125;0;0;89;0;80;0;
29299;5773558;1017683968;24260608;1118597120;0;0;0;0;0;0;0;0;0;0;0;2735;0;0;89;0;80;0;
29300;2967255;1017683968;24260608;1118597120;0;0;0;0;0;0;0;0;0;0;0;3176;0;0;89;0;80;0;
29301;4941768;1017683968;24260608;1118597120;0;0;0;0;0;0;0;0;0;0;0;2514;0;0;89;0;80;0;
29302;5043789;1017683968;24260608;1118597120;0;0;0;0;0;0;0;0;0;0;0;2976;0;0;89;0;80;0;
29303;5656999;1017683968;24260608;1118597120;0;0;0;0;0;0;0;0;0;0;0;3136;0;0;89;0;80;0;
29304;3767235;1017683968;24260608;1118597120;0;0;0;0;0;0;0;0;0;0;0;3166;0;0;89;0;80;0;
29305;6264999;1017683968;24260608;1118597120;0;0;0;0;0;0;0;0;0;0;0;3126;0;0;89;0;80;0;
29306;3825755;1017683968;24260608;1118597120;0;0;0;0;0;0;0;0;0;0;0;3296;0;0;89;0;80;0;
29307;6094490;1017683968;24260608;1118597120;0;0;0;0;0;0;0;0;0;0;0;3206;0;0;89;0;80;0;
29308;3298556;1017683968;24260608;1118597120;0;0;0;0;0;0;0;0;0;0;0;3477;0;0;89;0;80;0;
29309;6450637;1017683968;24268800;1118605312;0;0;0;0;0;0;0;0;0;0;0;2885;0;0;89;0;80;0;
29310;2893056;1017683968;24268800;1118605312;0;0;0;0;0;0;0;0;0;0;0;2615;0;0;89;0;80;0;
29311;4821412;1017683968;24268800;1118605312;0;0;0;0;0;0;0;0;0;0;0;2725;0;0;89;0;80;0;
29312;3487821;1017683968;24268800;1118605312;0;0;0;0;0;0;0;0;0;0;0;3426;0;0;89;0;80;0;
29313;5436405;1017683968;24268800;1118605312;0;0;0;0;0;0;0;0;0;0;0;3607;0;0;89;0;80;0;
29314;4409910;1017683968;24268800;1118605312;0;0;0;0;0;0;0;0;0;0;0;3476;0;0;89;0;80;0;
29315;5420235;1017683968;24268800;1118605312;0;0;0;0;0;0;0;0;0;0;0;2956;0;0;89;0;80;0;
29316;4558079;1017700352;24260608;1118597120;0;0;0;0;0;0;0;0;0;0;0;4408;0;0;89;0;80;0;
29317;5684180;1017700352;24260608;1118597120;0;0;0;0;0;0;0;0;0;0;0;3367;0;0;89;0;80;0;
29318;4307769;1017700352;24260608;1118597120;0;0;0;0;0;0;0;0;0;0;0;4028;0;0;89;0;80;0;
29319;5696423;1017700352;24260608;1118597120;0;0;0;0;0;0;0;0;0;0;0;3416;0;0;89;0;80;0;
29320;5496307;1017700352;24260608;1118597120;0;0;0;0;0;0;0;0;0;0;0;3797;0;0;89;0;80;0;
29321;5194401;1017700352;24260608;1118597120;0;0;0;0;0;0;0;0;0;0;0;3196;0;0;89;0;80;0;
29322;5231561;1017700352;24260608;1118597120;0;0;0;0;0;0;0;0;0;0;0;3747;0;0;89;0;80;0;
29323;6539263;1017700352;24260608;1118597120;0;0;0;0;0;0;0;0;0;0;0;2635;0;0;89;0;80;0;
29324;4613582;1017700352;24260608;1118597120;0;0;0;0;0;0;0;0;0;0;0;3387;0;0;89;0;80;0;
29325;5499884;1017700352;24260608;1118597120;0;0;0;0;0;0;0;0;0;0;0;3196;0;0;89;0;80;0;
29326;4530466;1017700352;24260608;1118597120;0;0;0;0;0;0;0;0;0;0;0;2845;0;0;89;0;80;0;
29327;5026256;1017700352;24260608;1118597120;0;0;0;0;0;0;0;0;0;0;0;2605;0;0;89;0;80;0;
29328;4184147;1017700352;24260608;1118597120;0;0;0;0;0;0;0;0;0;0;0;3226;0;0;89;0;80;0;
29329;6126369;1017700352;24260608;1118597120;0;0;0;0;0;0;0;0;0;0;0;2865;0;0;89;0;80;0;
29330;3837577;1017700352;24260608;1118597120;0;0;0;0;0;0;0;0;0;0;0;2826;0;0;89;0;80;0;
29331;5363328;1017700352;24260608;1118597120;0;0;0;0;0;0;0;0;0;0;0;2815;0;0;89;0;80;0;
29332;3907508;1017700352;24260608;1118597120;0;0;0;0;0;0;0;0;0;0;0;3267;0;0;89;0;80;0;
29333;5550460;1017700352;24260608;1118597120;0;0;0;0;0;0;0;0;0;0;0;2785;0;0;89;0;80;0;
29334;3668630;1017700352;24260608;1118597120;0;0;0;0;0;0;0;0;0;0;0;3146;0;0;89;0;80;0;
29335;5082501;1017700352;24260608;1118597120;0;0;0;0;0;0;0;0;0;0;0;3085;0;0;89;0;80;0;
29336;5425686;1017700352;24260608;1118597120;0;0;0;0;0;0;0;0;0;0;0;3586;0;0;89;0;80;0;
29337;5431236;1017700352;24260608;1118597120;0;0;0;0;0;0;0;0;0;0;0;3346;0;0;89;0;80;0;
29338;4540676;1017700352;24260608;1118597120;0;0;0;0;0;0;0;0;0;0;0;4147;0;0;89;0;80;0;
29339;6723329;1017700352;24260608;1118597120;0;0;0;0;0;0;0;0;0;0;0;3446;0;0;89;0;80;0;
29340;3776392;1017700352;24260608;1118597120;0;0;0;0;0;0;0;0;0;0;0;3256;0;0;89;0;80;0;
29341;5861332;1017700352;24260608;1118597120;0;0;0;0;0;0;0;0;0;0;0;3036;0;0;89;0;80;0;
29342;3925020;1017700352;24260608;1118597120;0;0;0;0;0;0;0;0;0;0;0;3567;0;0;89;0;80;0;
29343;6516411;1017700352;24260608;1118597120;0;0;0;0;0;0;0;0;0;0;0;2935;0;0;89;0;80;0;
29344;4294655;1017700352;24260608;1118597120;0;0;0;0;0;0;0;0;0;0;0;3016;0;0;89;0;80;0;
29345;5038339;1017700352;24260608;1118597120;0;0;0;0;0;0;0;0;0;0;0;2545;0;0;89;0;80;0;
29346;3770762;1017700352;24260608;1118597120;0;0;0;0;0;0;0;0;0;0;0;3346;0;0;89;0;80;0;
29347;5803284;1017700352;24260608;1118597120;0;0;0;0;0;0;0;0;0;0;0;3186;0;0;89;0;80;0;
29348;2933351;1017700352;24260608;1118597120;0;0;0;0;0;0;0;0;0;0;0;3928;0;0;89;0;80;0;
29349;5762197;1017700352;24260608;1118597120;0;0;0;0;0;0;0;0;0;0;0;3246;0;0;89;0;80;0;
29350;3696382;1017700352;24260608;1118597120;0;0;0;0;0;0;0;0;0;0;0;3206;0;0;89;0;80;0;
29351;5287416;1017700352;24260608;1118597120;0;0;0;0;0;0;0;0;0;0;0;2966;0;0;89;0;80;0;
29352;4368362;1017700352;24260608;1118597120;0;0;0;0;0;0;0;0;0;0;0;3466;0;0;89;0;80;0;
29353;5730667;1017700352;24260608;1118597120;0;0;0;0;0;0;0;0;0;0;0;3967;0;0;89;0;80;0;
29354;3097038;1017700352;24260608;1118597120;0;0;0;0;0;0;0;0;0;0;0;3586;0;0;89;0;80;0;
29355;4675778;1017700352;24260608;1118597120;0;0;0;0;0;0;0;0;0;0;0;3075;0;0;89;0;80;0;
29356;3834982;1017700352;24260608;1118597120;0;0;0;0;0;0;0;0;0;0;0;3016;0;0;89;0;80;0;
29357;5011028;1017700352;24260608;1118597120;0;0;0;0;0;0;0;0;0;0;0;2995;0;0;89;0;80;0;
29358;3648923;1017700352;24260608;1118597120;0;0;0;0;0;0;0;0;0;0;0;3406;0;0;89;0;80;0;
29359;5141733;1017700352;24260608;1118597120;0;0;0;0;0;0;0;0;0;0;0;2705;0;0;89;0;80;0;
29360;3983460;1017700352;24260608;1118597120;0;0;0;0;0;0;0;0;0;0;0;3206;0;0;89;0;80;0;
29361;5770663;1017700352;24260608;1118597120;0;0;0;0;0;0;0;0;0;0;0;2535;0;0;89;0;80;0;
29362;4745921;1017700352;24260608;1118597120;0;0;0;0;0;0;0;0;0;0;0;4078;0;0;89;0;80;0;
29363;5159195;1017700352;24260608;1118597120;0;0;0;0;0;0;0;0;0;0;0;2655;0;0;89;0;80;0;
29364;4139793;1017700352;24260608;1118597120;0;0;0;0;0;0;0;0;0;0;0;2665;0;0;89;0;80;0;
29365;5115994;1017700352;24260608;1118597120;0;0;0;0;0;0;0;0;0;0;0;2544;0;0;89;0;80;0;
29366;2675427;1017700352;24260608;1118597120;0;0;0;0;0;0;0;0;0;0;0;2815;0;0;89;0;80;0;
29367;5747078;1017700352;24260608;1118597120;0;0;0;0;0;0;0;0;0;0;0;3086;0;0;89;0;80;0;
29368;3127886;1017700352;24260608;1118597120;0;0;0;0;0;0;0;0;0;0;0;2965;0;0;89;0;80;0;
29369;5089956;1017700352;24260608;1118597120;0;0;0;0;0;0;0;0;0;0;0;3006;0;0;89;0;80;0;
29370;3702614;1017700352;24260608;1118597120;0;0;0;0;0;0;0;0;0;0;0;2725;0;0;89;0;80;0;
29371;5100745;1017700352;24260608;1118597120;0;0;0;0;0;0;0;0;0;0;0;2033;0;0;89;0;80;0;
29372;3083252;1017700352;24260608;1118597120;0;0;0;0;0;0;0;0;0;0;0;2926;0;0;89;0;80;0;
29373;5308285;1017700352;24260608;1118597120;0;0;0;0;0;0;0;0;0;0;0;2425;0;0;89;0;80;0;
29374;3466982;1017700352;24260608;1118597120;0;0;0;0;0;0;0;0;0;0;0;3006;0;0;89;0;80;0;
29375;5876621;1017700352;24260608;1118597120;0;0;0;0;0;0;0;0;0;0;0;2765;0;0;89;0;80;0;
29376;3566759;1017700352;24260608;1118597120;0;0;0;0;0;0;0;0;0;0;0;3116;0;0;89;0;80;0;
29377;5418221;1017700352;24260608;1118597120;0;0;0;0;0;0;0;0;0;0;0;2815;0;0;89;0;80;0;
29378;2800071;1017700352;24260608;1118597120;0;0;0;0;0;0;0;0;0;0;0;44894;0;0;89;0;80;0;
29379;5986146;1017700352;24260608;1118597120;0;0;0;0;0;0;0;0;0;0;0;2805;0;0;89;0;80;0;
29380;4352432;1017700352;24260608;1118597120;0;0;0;0;0;0;0;0;0;0;0;2885;0;0;89;0;80;0;
29381;4862839;1017700352;24260608;1118597120;0;0;0;0;0;0;0;0;0;0;0;2405;0;0;89;0;80;0;
29382;3202536;1017700352;24260608;1118597120;0;0;0;0;0;0;0;0;0;0;0;3076;0;0;89;0;80;0;
29383;4942579;1017700352;24260608;1118597120;0;0;0;0;0;0;0;0;0;0;0;2435;0;0;89;0;80;0;
29384;2987182;1017700352;24260608;1118597120;0;0;0;0;0;0;0;0;0;0;0;2845;0;0;89;0;80;0;
29385;5143315;1017700352;24260608;1118597120;0;0;0;0;0;0;0;0;0;0;0;2335;0;0;89;0;80;0;
29386;3111936;1017700352;24260608;1118597120;0;0;0;0;0;0;0;0;0;0;0;3146;0;0;89;0;80;0;
29387;5266617;1023504384;31825920;1126162432;0;0;0;0;0;0;0;0;0;0;0;2355;0;0;89;0;80;0;
29388;4252876;1023504384;31825920;1126162432;0;0;0;0;0;0;0;0;0;0;0;3376;0;0;89;0;80;0;
29389;5113991;1023504384;31825920;1126162432;0;0;0;0;0;0;0;0;0;0;0;2013;0;0;89;0;80;0;
29390;4039616;1023504384;31825920;1126162432;0;0;0;0;0;0;0;0;0;0;0;2916;0;0;89;0;80;0;
29391;5515915;1023504384;31825920;1126162432;0;0;0;0;0;0;0;0;0;0;0;2134;0;0;89;0;80;0;
29392;2827944;1023504384;31825920;1126162432;0;0;0;0;0;0;0;0;0;0;0;40436;0;0;89;0;80;0;
29393;5211985;1023504384;31825920;1126162432;0;0;0;0;0;0;0;0;0;0;0;7303;0;0;89;0;80;0;
29394;3737048;1023504384;31825920;1126162432;0;0;0;0;0;0;0;0;0;0;0;2996;0;0;89;0;80;0;
29395;5264714;1023504384;31825920;1126162432;0;0;0;0;0;0;0;0;0;0;0;2604;0;0;89;0;80;0;
29396;3084655;1017733120;24260608;1118597120;0;0;0;0;0;0;0;0;0;0;0;3587;0;0;89;0;80;0;
29397;5109132;1017733120;24260608;1118597120;0;0;0;0;0;0;0;0;0;0;0;2725;0;0;89;0;80;0;
29398;3623826;1017733120;24260608;1118597120;0;0;0;0;0;0;0;0;0;0;0;3396;0;0;89;0;80;0;
29399;6097225;1017733120;24260608;1118597120;0;0;0;0;0;0;0;0;0;0;0;2575;0;0;89;0;80;0;
29400;3477862;1017733120;24260608;1118597120;0;0;0;0;0;0;0;0;0;0;0;3807;0;0;89;0;80;0;
29401;5241210;1017733120;24260608;1118597120;0;0;0;0;0;0;0;0;0;0;0;2555;0;0;89;0;80;0;
29402;3678248;1017733120;24260608;1118597120;0;0;0;0;0;0;0;0;0;0;0;3065;0;0;89;0;80;0;
29403;5715268;1017733120;24260608;1118597120;0;0;0;0;0;0;0;0;0;0;0;3046;0;0;89;0;80;0;
29404;3328562;1017733120;24260608;1118597120;0;0;0;0;0;0;0;0;0;0;0;3116;0;0;89;0;80;0;
29405;7824314;1017733120;24260608;1118597120;0;0;0;0;0;0;0;0;0;0;0;2816;0;0;89;0;80;0;
29406;10595150;1017733120;24260608;1118597120;0;0;0;0;0;0;0;0;0;0;0;3747;0;0;89;0;80;0;
29407;6167547;1017733120;24260608;1118597120;0;0;0;0;0;0;0;0;0;0;0;3076;0;0;89;0;80;0;
29408;2959530;1017733120;24260608;1118597120;0;0;0;0;0;0;0;0;0;0;0;3306;0;0;89;0;80;0;
29409;5636971;1017733120;24260608;1118597120;0;0;0;0;0;0;0;0;0;0;0;3366;0;0;89;0;80;0;
29410;4171553;1017733120;24260608;1118597120;0;0;0;0;0;0;0;0;0;0;0;3867;0;0;89;0;80;0;
29411;6286409;1023537152;31825920;1126162432;0;0;0;0;0;0;0;0;0;0;0;3247;0;0;89;0;80;0;
29412;3673419;1023537152;31825920;1126162432;0;0;0;0;0;0;0;0;0;0;0;3737;0;0;89;0;80;0;
29413;6185379;1023537152;31825920;1126162432;0;0;0;0;0;0;0;0;0;0;0;2825;0;0;89;0;80;0;
29414;4788981;1023537152;31825920;1126162432;0;0;0;0;0;0;0;0;0;0;0;4138;0;0;89;0;80;0;
29415;6452401;1023537152;31825920;1126162432;0;0;0;0;0;0;0;0;0;0;0;3437;0;0;89;0;80;0;
29416;4579028;1023537152;31825920;1126162432;0;0;0;0;0;0;0;0;0;0;0;3677;0;0;89;0;80;0;
29417;5893483;1023537152;31825920;1126162432;0;0;0;0;0;0;0;0;0;0;0;3446;0;0;89;0;80;0;
29418;4731824;1023537152;31825920;1126162432;0;0;0;0;0;0;0;0;0;0;0;4107;0;0;89;0;80;0;
29419;6143382;1023537152;31825920;1126162432;0;0;0;0;0;0;0;0;0;0;0;3347;0;0;89;0;80;0;
29420;5343421;1017741312;24260608;1118597120;0;0;0;0;0;0;0;0;0;0;0;4048;0;0;89;0;80;0;
29421;6410563;1017741312;24260608;1118597120;0;0;0;0;0;0;0;0;0;0;0;3506;0;0;89;0;80;0;
29422;5321510;1017741312;24260608;1118597120;0;0;0;0;0;0;0;0;0;0;0;3817;0;0;89;0;80;0;
29423;6330533;1017741312;24260608;1118597120;0;0;0;0;0;0;0;0;0;0;0;3577;0;0;89;0;80;0;
29424;5335165;1017741312;24260608;1118597120;0;0;0;0;0;0;0;0;0;0;0;4018;0;0;89;0;80;0;
29425;5814234;1017741312;24260608;1118597120;0;0;0;0;0;0;0;0;0;0;0;3216;0;0;89;0;80;0;
29426;5514021;1017741312;24260608;1118597120;0;0;0;0;0;0;0;0;0;0;0;3828;0;0;89;0;80;0;
29427;6318860;1017741312;24260608;1118597120;0;0;0;0;0;0;0;0;0;0;0;3707;0;0;89;0;80;0;
29428;4173006;1017741312;24260608;1118597120;0;0;0;0;0;0;0;0;0;0;0;2926;0;0;89;0;80;0;
29429;5886880;1017741312;24260608;1118597120;0;0;0;0;0;0;0;0;0;0;0;3096;0;0;89;0;80;0;
29430;3692755;1017741312;24260608;1118597120;0;0;0;0;0;0;0;0;0;0;0;3246;0;0;89;0;80;0;
29431;6227008;1017741312;24260608;1118597120;0;0;0;0;0;0;0;0;0;0;0;2996;0;0;89;0;80;0;
29432;3031636;1017741312;24260608;1118597120;0;0;0;0;0;0;0;0;0;0;0;3036;0;0;89;0;80;0;
29433;5234697;1017741312;24260608;1118597120;0;0;0;0;0;0;0;0;0;0;0;2685;0;0;89;0;80;0;
29434;3773597;1017741312;24260608;1118597120;0;0;0;0;0;0;0;0;0;0;0;3727;0;0;89;0;80;0;
29435;6835950;1023545344;31825920;1126162432;0;0;0;0;0;0;0;0;0;0;0;2935;0;0;89;0;80;0;
29436;5228546;1023545344;31825920;1126162432;0;0;0;0;0;0;0;0;0;0;0;3847;0;0;89;0;80;0;
29437;5689290;1023545344;31825920;1126162432;0;0;0;0;0;0;0;0;0;0;0;3467;0;0;89;0;80;0;
29438;5171839;1023545344;31825920;1126162432;0;0;0;0;0;0;0;0;0;0;0;3687;0;0;89;0;80;0;
29439;6371319;1023545344;31825920;1126162432;0;0;0;0;0;0;0;0;0;0;0;3607;0;0;89;0;80;0;
29440;4405121;1023545344;31825920;1126162432;0;0;0;0;0;0;0;0;0;0;0;3807;0;0;89;0;80;0;
29441;6546948;1023545344;31825920;1126162432;0;0;0;0;0;0;0;0;0;0;0;3627;0;0;89;0;80;0;
29442;3516284;1023545344;31825920;1126162432;0;0;0;0;0;0;0;0;0;0;0;3006;0;0;89;0;80;0;
29443;5250777;1023545344;31825920;1126162432;0;0;0;0;0;0;0;0;0;0;0;2585;0;0;89;0;80;0;
29444;4795674;1017749504;24260608;1118597120;0;0;0;0;0;0;0;0;0;0;0;3066;0;0;89;0;80;0;
29445;4827303;1017749504;24260608;1118597120;0;0;0;0;0;0;0;0;0;0;0;2324;0;0;89;0;80;0;
29446;3979553;1017749504;24260608;1118597120;0;0;0;0;0;0;0;0;0;0;0;2515;0;0;89;0;80;0;
29447;5484355;1017749504;24260608;1118597120;0;0;0;0;0;0;0;0;0;0;0;2415;0;0;89;0;80;0;
29448;4008197;1017749504;24260608;1118597120;0;0;0;0;0;0;0;0;0;0;0;3847;0;0;89;0;80;0;
29449;5446795;1017749504;24260608;1118597120;0;0;0;0;0;0;0;0;0;0;0;3997;0;0;89;0;80;0;
29450;3217875;1017749504;24260608;1118597120;0;0;0;0;0;0;0;0;0;0;0;2976;0;0;89;0;80;0;
29451;5606474;1017749504;24260608;1118597120;0;0;0;0;0;0;0;0;0;0;0;3136;0;0;89;0;80;0;
29452;3582358;1017749504;24260608;1118597120;0;0;0;0;0;0;0;0;0;0;0;2966;0;0;89;0;80;0;
29453;5515073;1017749504;24260608;1118597120;0;0;0;0;0;0;0;0;0;0;0;2765;0;0;89;0;80;0;
29454;3794596;1017749504;24260608;1118597120;0;0;0;0;0;0;0;0;0;0;0;3086;0;0;89;0;80;0;
29455;4761569;1017749504;24260608;1118597120;0;0;0;0;0;0;0;0;0;0;0;2896;0;0;89;0;80;0;
29456;5114512;1017749504;24260608;1118597120;0;0;0;0;0;0;0;0;0;0;0;4008;0;0;89;0;80;0;
29457;6394462;1017749504;24260608;1118597120;0;0;0;0;0;0;0;0;0;0;0;3747;0;0;89;0;80;0;
29458;3745474;1017749504;24260608;1118597120;0;0;0;0;0;0;0;0;0;0;0;3336;0;0;89;0;80;0;
29459;7130462;1023553536;31825920;1126162432;0;0;0;0;0;0;0;0;0;0;0;3447;0;0;89;0;80;0;
29460;4563358;1023553536;31825920;1126162432;0;0;0;0;0;0;0;0;0;0;0;3536;0;0;89;0;80;0;
29461;5242161;1023553536;31825920;1126162432;0;0;0;0;0;0;0;0;0;0;0;3026;0;0;89;0;80;0;
29462;4712237;1023553536;31825920;1126162432;0;0;0;0;0;0;0;0;0;0;0;3797;0;0;89;0;80;0;
29463;4903837;1023553536;31825920;1126162432;0;0;0;0;0;0;0;0;0;0;0;3146;0;0;89;0;80;0;
29464;5971258;1023553536;31825920;1126162432;0;0;0;0;0;0;0;0;0;0;0;4969;0;0;89;0;80;0;
29465;6143631;1023553536;31825920;1126162432;0;0;0;0;0;0;0;0;0;0;0;4218;0;0;89;0;80;0;
29466;8114377;1023553536;31825920;1126162432;0;0;0;0;0;0;0;0;0;0;0;3356;0;0;89;0;80;0;
29467;5876391;1023553536;31825920;1126162432;0;0;0;0;0;0;0;0;0;0;0;3516;0;0;89;0;80;0;
29468;5022570;1017757696;24260608;1118597120;0;0;0;0;0;0;0;0;0;0;0;3657;0;0;89;0;80;0;
29469;5512198;1017757696;24260608;1118597120;0;0;0;0;0;0;0;0;0;0;0;3216;0;0;89;0;80;0;
29470;5075539;1017757696;24260608;1118597120;0;0;0;0;0;0;0;0;0;0;0;4298;0;0;89;0;80;0;
29471;5922877;1017757696;24260608;1118597120;0;0;0;0;0;0;0;0;0;0;0;3486;0;0;89;0;80;0;
29472;5438740;1017757696;24260608;1118597120;0;0;0;0;0;0;0;0;0;0;0;4719;0;0;89;0;80;0;
29473;7556311;1017757696;24260608;1118597120;0;0;0;0;0;0;0;0;0;0;0;5039;0;0;89;0;80;0;
29474;5134950;1017757696;24260608;1118597120;0;0;0;0;0;0;0;0;0;0;0;3798;0;0;89;0;80;0;
29475;6299294;1017757696;24260608;1118597120;0;0;0;0;0;0;0;0;0;0;0;4057;0;0;89;0;80;0;
29476;4221397;1017757696;24260608;1118597120;0;0;0;0;0;0;0;0;0;0;0;3166;0;0;89;0;80;0;
29477;5145861;1017757696;24260608;1118597120;0;0;0;0;0;0;0;0;0;0;0;3257;0;0;89;0;80;0;
29478;3970135;1017757696;24260608;1118597120;0;0;0;0;0;0;0;0;0;0;0;3737;0;0;89;0;80;0;
29479;5109752;1017757696;24260608;1118597120;0;0;0;0;0;0;0;0;0;0;0;2936;0;0;89;0;80;0;
29480;4641144;1017757696;24260608;1118597120;0;0;0;0;0;0;0;0;0;0;0;3226;0;0;89;0;80;0;
29481;4900460;1017757696;24260608;1118597120;0;0;0;0;0;0;0;0;0;0;0;2695;0;0;89;0;80;0;
29482;5116786;1017757696;24260608;1118597120;0;0;0;0;0;0;0;0;0;0;0;2845;0;0;89;0;80;0;
29483;5849490;1017757696;24260608;1118597120;0;0;0;0;0;0;0;0;0;0;0;3016;0;0;89;0;80;0;
29484;6128103;1017757696;24260608;1118597120;0;0;0;0;0;0;0;0;0;0;0;4158;0;0;89;0;80;0;
29485;5802902;1017757696;24260608;1118597120;0;0;0;0;0;0;0;0;0;0;0;4178;0;0;89;0;80;0;
29486;6164752;1017757696;24260608;1118597120;0;0;0;0;0;0;0;0;0;0;0;4017;0;0;89;0;80;0;
29487;5547764;1017757696;24260608;1118597120;0;0;0;0;0;0;0;0;0;0;0;3788;0;0;89;0;80;0;
29488;5378918;1017757696;24260608;1118597120;0;0;0;0;0;0;0;0;0;0;0;4399;0;0;89;0;80;0;
29489;6360769;1017757696;24260608;1118597120;0;0;0;0;0;0;0;0;0;0;0;3867;0;0;89;0;80;0;
29490;5817821;1017757696;24260608;1118597120;0;0;0;0;0;0;0;0;0;0;0;3166;0;0;89;0;80;0;
29491;6285548;1017757696;24260608;1118597120;0;0;0;0;0;0;0;0;0;0;0;2866;0;0;89;0;80;0;
29492;4028585;1017757696;24260608;1118597120;0;0;0;0;0;0;0;0;0;0;0;3707;0;0;89;0;80;0;
29493;6599366;1017757696;24260608;1118597120;0;0;0;0;0;0;0;0;0;0;0;3046;0;0;89;0;80;0;
29494;3412780;1017757696;24260608;1118597120;0;0;0;0;0;0;0;0;0;0;0;3296;0;0;89;0;80;0;
29495;6165302;1017757696;24260608;1118597120;0;0;0;0;0;0;0;0;0;0;0;3266;0;0;89;0;80;0;
29496;3943866;1017757696;24260608;1118597120;0;0;0;0;0;0;0;0;0;0;0;3847;0;0;89;0;80;0;
29497;5910956;1017757696;24260608;1118597120;0;0;0;0;0;0;0;0;0;0;0;3286;0;0;89;0;80;0;
29498;3614278;1017757696;24260608;1118597120;0;0;0;0;0;0;0;0;0;0;0;3707;0;0;89;0;80;0;
29499;6205909;1017757696;24260608;1118597120;0;0;0;0;0;0;0;0;0;0;0;3186;0;0;89;0;80;0;
29500;3414443;1017757696;24260608;1118597120;0;0;0;0;0;0;0;0;0;0;0;3757;0;0;89;0;80;0;
29501;5891228;1017757696;24260608;1118597120;0;0;0;0;0;0;0;0;0;0;0;3136;0;0;89;0;80;0;
29502;3705038;1017757696;24260608;1118597120;0;0;0;0;0;0;0;0;0;0;0;3677;0;0;89;0;80;0;
29503;5640538;1017757696;24260608;1118597120;0;0;0;0;0;0;0;0;0;0;0;2544;0;0;89;0;80;0;
29504;5184704;1017757696;24260608;1118597120;0;0;0;0;0;0;0;0;0;0;0;3356;0;0;89;0;80;0;
29505;7224739;1017757696;24260608;1118597120;0;0;0;0;0;0;0;0;0;0;0;2675;0;0;89;0;80;0;
29506;4574699;1017757696;24260608;1118597120;0;0;0;0;0;0;0;0;0;0;0;3086;0;0;89;0;80;0;
29507;5291133;1017757696;24260608;1118597120;0;0;0;0;0;0;0;0;0;0;0;3497;0;0;89;0;80;0;
29508;5325397;1017757696;24260608;1118597120;0;0;0;0;0;0;0;0;0;0;0;4097;0;0;89;0;80;0;
29509;6860707;1017757696;24268800;1118605312;0;0;0;0;0;0;0;0;0;0;0;4207;0;0;89;0;80;0;
29510;4697390;1017757696;24268800;1118605312;0;0;0;0;0;0;0;0;0;0;0;4007;0;0;89;0;80;0;
29511;6167186;1017757696;24268800;1118605312;0;0;0;0;0;0;0;0;0;0;0;3707;0;0;89;0;80;0;
29512;5853929;1017757696;24268800;1118605312;0;0;0;0;0;0;0;0;0;0;0;4719;0;0;89;0;80;0;
29513;6070624;1017757696;24268800;1118605312;0;0;0;0;0;0;0;0;0;0;0;3687;0;0;89;0;80;0;
29514;6725162;1017757696;24268800;1118605312;0;0;0;0;0;0;0;0;0;0;0;3055;0;0;89;0;80;0;
29515;5572690;1017757696;24268800;1118605312;0;0;0;0;0;0;0;0;0;0;0;2765;0;0;89;0;80;0;
29516;5012621;1017774080;24260608;1118597120;0;0;0;0;0;0;0;0;0;0;0;3125;0;0;89;0;80;0;
29517;5645979;1017774080;24260608;1118597120;0;0;0;0;0;0;0;0;0;0;0;3446;0;0;89;0;80;0;
29518;3929159;1017774080;24260608;1118597120;0;0;0;0;0;0;0;0;0;0;0;3637;0;0;89;0;80;0;
29519;5291133;1017774080;24260608;1118597120;0;0;0;0;0;0;0;0;0;0;0;2896;0;0;89;0;80;0;
29520;4817334;1017774080;24260608;1118597120;0;0;0;0;0;0;0;0;0;0;0;3687;0;0;89;0;80;0;
29521;6394422;1017774080;24260608;1118597120;0;0;0;0;0;0;0;0;0;0;0;3156;0;0;89;0;80;0;
29522;4296748;1017774080;24260608;1118597120;0;0;0;0;0;0;0;0;0;0;0;4379;0;0;89;0;80;0;
29523;5350645;1017774080;24260608;1118597120;0;0;0;0;0;0;0;0;0;0;0;3647;0;0;89;0;80;0;
29524;5626382;1017774080;24260608;1118597120;0;0;0;0;0;0;0;0;0;0;0;3867;0;0;89;0;80;0;
29525;6044386;1017774080;24260608;1118597120;0;0;0;0;0;0;0;0;0;0;0;4258;0;0;89;0;80;0;
29526;4725262;1017774080;24260608;1118597120;0;0;0;0;0;0;0;0;0;0;0;3266;0;0;89;0;80;0;
29527;5223275;1017774080;24260608;1118597120;0;0;0;0;0;0;0;0;0;0;0;2805;0;0;89;0;80;0;
29528;4154622;1017774080;24260608;1118597120;0;0;0;0;0;0;0;0;0;0;0;3126;0;0;89;0;80;0;
29529;5696033;1017774080;24260608;1118597120;0;0;0;0;0;0;0;0;0;0;0;2856;0;0;89;0;80;0;
29530;4193234;1017774080;24260608;1118597120;0;0;0;0;0;0;0;0;0;0;0;3406;0;0;89;0;80;0;
29531;5616604;1017774080;24260608;1118597120;0;0;0;0;0;0;0;0;0;0;0;3396;0;0;89;0;80;0;
29532;3831856;1017774080;24260608;1118597120;0;0;0;0;0;0;0;0;0;0;0;3256;0;0;89;0;80;0;
29533;5405978;1017774080;24260608;1118597120;0;0;0;0;0;0;0;0;0;0;0;2455;0;0;89;0;80;0;
29534;3577850;1017774080;24260608;1118597120;0;0;0;0;0;0;0;0;0;0;0;3587;0;0;89;0;80;0;
29535;5250326;1017774080;24260608;1118597120;0;0;0;0;0;0;0;0;0;0;0;2745;0;0;89;0;80;0;
29536;4092455;1017774080;24260608;1118597120;0;0;0;0;0;0;0;0;0;0;0;3477;0;0;89;0;80;0;
29537;5612626;1017774080;24260608;1118597120;0;0;0;0;0;0;0;0;0;0;0;3487;0;0;89;0;80;0;
29538;3899774;1017774080;24260608;1118597120;0;0;0;0;0;0;0;0;0;0;0;3407;0;0;89;0;80;0;
29539;5189482;1017774080;24260608;1118597120;0;0;0;0;0;0;0;0;0;0;0;2965;0;0;89;0;80;0;
29540;4722487;1017774080;24260608;1118597120;0;0;0;0;0;0;0;0;0;0;0;3757;0;0;89;0;80;0;
29541;5115274;1017774080;24260608;1118597120;0;0;0;0;0;0;0;0;0;0;0;2846;0;0;89;0;80;0;
29542;3983521;1017774080;24260608;1118597120;0;0;0;0;0;0;0;0;0;0;0;4728;0;0;89;0;80;0;
29543;5323072;1017774080;24260608;1118597120;0;0;0;0;0;0;0;0;0;0;0;3086;0;0;89;0;80;0;
29544;3616683;1017774080;24260608;1118597120;0;0;0;0;0;0;0;0;0;0;0;3076;0;0;89;0;80;0;
29545;5518439;1017774080;24260608;1118597120;0;0;0;0;0;0;0;0;0;0;0;2855;0;0;89;0;80;0;
29546;4065194;1017774080;24260608;1118597120;0;0;0;0;0;0;0;0;0;0;0;3086;0;0;89;0;80;0;
29547;5510785;1017774080;24260608;1118597120;0;0;0;0;0;0;0;0;0;0;0;3306;0;0;89;0;80;0;
29548;4160422;1017774080;24260608;1118597120;0;0;0;0;0;0;0;0;0;0;0;3616;0;0;89;0;80;0;
29549;5478494;1017774080;24260608;1118597120;0;0;0;0;0;0;0;0;0;0;0;3026;0;0;89;0;80;0;
29550;4414629;1017774080;24260608;1118597120;0;0;0;0;0;0;0;0;0;0;0;3467;0;0;89;0;80;0;
29551;5891349;1017774080;24260608;1118597120;0;0;0;0;0;0;0;0;0;0;0;3677;0;0;89;0;80;0;
29552;5069648;1017774080;24260608;1118597120;0;0;0;0;0;0;0;0;0;0;0;3246;0;0;89;0;80;0;
29553;6651575;1017774080;24260608;1118597120;0;0;0;0;0;0;0;0;0;0;0;3036;0;0;89;0;80;0;
29554;4183135;1017774080;24260608;1118597120;0;0;0;0;0;0;0;0;0;0;0;3958;0;0;89;0;80;0;
29555;5329305;1017774080;24260608;1118597120;0;0;0;0;0;0;0;0;0;0;0;4178;0;0;89;0;80;0;
29556;4438264;1017774080;24260608;1118597120;0;0;0;0;0;0;0;0;0;0;0;3436;0;0;89;0;80;0;
29557;5120163;1017774080;24260608;1118597120;0;0;0;0;0;0;0;0;0;0;0;2815;0;0;89;0;80;0;
29558;4695706;1017774080;24260608;1118597120;0;0;0;0;0;0;0;0;0;0;0;4339;0;0;89;0;80;0;
29559;6612551;1017774080;24260608;1118597120;0;0;0;0;0;0;0;0;0;0;0;3456;0;0;89;0;80;0;
29560;4326264;1017774080;24260608;1118597120;0;0;0;0;0;0;0;0;0;0;0;3016;0;0;89;0;80;0;
29561;6064393;1017774080;24260608;1118597120;0;0;0;0;0;0;0;0;0;0;0;3076;0;0;89;0;80;0;
29562;3962411;1017774080;24260608;1118597120;0;0;0;0;0;0;0;0;0;0;0;4147;0;0;89;0;80;0;
29563;6132661;1017774080;24260608;1118597120;0;0;0;0;0;0;0;0;0;0;0;3025;0;0;89;0;80;0;
29564;3928127;1017774080;24260608;1118597120;0;0;0;0;0;0;0;0;0;0;0;3697;0;0;89;0;80;0;
29565;5682357;1017774080;24260608;1118597120;0;0;0;0;0;0;0;0;0;0;0;3938;0;0;89;0;80;0;
29566;3983110;1017774080;24260608;1118597120;0;0;0;0;0;0;0;0;0;0;0;3226;0;0;89;0;80;0;
29567;5426938;1017774080;24260608;1118597120;0;0;0;0;0;0;0;0;0;0;0;3286;0;0;89;0;80;0;
29568;3312012;1017774080;24260608;1118597120;0;0;0;0;0;0;0;0;0;0;0;3076;0;0;89;0;80;0;
29569;5189042;1017774080;24260608;1118597120;0;0;0;0;0;0;0;0;0;0;0;2545;0;0;89;0;80;0;
29570;4403789;1017774080;24260608;1118597120;0;0;0;0;0;0;0;0;0;0;0;2956;0;0;89;0;80;0;
29571;5038058;1017774080;24260608;1118597120;0;0;0;0;0;0;0;0;0;0;0;2865;0;0;89;0;80;0;
29572;4713891;1017774080;24260608;1118597120;0;0;0;0;0;0;0;0;0;0;0;3056;0;0;89;0;80;0;
29573;5464298;1017774080;24260608;1118597120;0;0;0;0;0;0;0;0;0;0;0;2644;0;0;89;0;80;0;
29574;4861557;1017774080;24260608;1118597120;0;0;0;0;0;0;0;0;0;0;0;3356;0;0;89;0;80;0;
29575;5822840;1023578112;31825920;1126162432;0;0;0;0;0;0;0;0;0;0;0;2995;0;0;89;0;80;0;
29576;3273469;1023578112;31825920;1126162432;0;0;0;0;0;0;0;0;0;0;0;3366;0;0;89;0;80;0;
29577;5945820;1023578112;31825920;1126162432;0;0;0;0;0;0;0;0;0;0;0;2985;0;0;89;0;80;0;
29578;4486424;1023578112;31825920;1126162432;0;0;0;0;0;0;0;0;0;0;0;3406;0;0;89;0;80;0;
29579;5447216;1023578112;31825920;1126162432;0;0;0;0;0;0;0;0;0;0;0;76313;0;0;89;0;80;0;
29580;4026090;1023578112;31825920;1126162432;0;0;0;0;0;0;0;0;0;0;0;3056;0;0;89;0;80;0;
29581;5999331;1023578112;31825920;1126162432;0;0;0;0;0;0;0;0;0;0;0;2916;0;0;89;0;80;0;
29582;3080457;1023578112;31825920;1126162432;0;0;0;0;0;0;0;0;0;0;0;3447;0;0;89;0;80;0;
29583;5374148;1023578112;31825920;1126162432;0;0;0;0;0;0;0;0;0;0;0;3196;0;0;89;0;80;0;
29584;3403052;1017798656;24260608;1118597120;0;0;0;0;0;0;0;0;0;0;0;3176;0;0;89;0;80;0;
29585;5365743;1017798656;24260608;1118597120;0;0;0;0;0;0;0;0;0;0;0;2605;0;0;89;0;80;0;
29586;3855711;1017798656;24260608;1118597120;0;0;0;0;0;0;0;0;0;0;0;2595;0;0;89;0;80;0;
29587;5901207;1017798656;24260608;1118597120;0;0;0;0;0;0;0;0;0;0;0;2815;0;0;89;0;80;0;
29588;4024888;1017798656;24260608;1118597120;0;0;0;0;0;0;0;0;0;0;0;2875;0;0;89;0;80;0;
29589;4791516;1017798656;24260608;1118597120;0;0;0;0;0;0;0;0;0;0;0;2514;0;0;89;0;80;0;
29590;3447966;1017798656;24260608;1118597120;0;0;0;0;0;0;0;0;0;0;0;3186;0;0;89;0;80;0;
29591;4802046;1017798656;24260608;1118597120;0;0;0;0;0;0;0;0;0;0;0;2865;0;0;89;0;80;0;
29592;2356249;1017798656;24260608;1118597120;0;0;0;0;0;0;0;0;0;0;0;3186;0;0;89;0;80;0;
29593;6113605;1017798656;24260608;1118597120;0;0;0;0;0;0;0;0;0;0;0;2564;0;0;89;0;80;0;
29594;3257870;1017798656;24260608;1118597120;0;0;0;0;0;0;0;0;0;0;0;2786;0;0;89;0;80;0;
29595;5001339;1017798656;24260608;1118597120;0;0;0;0;0;0;0;0;0;0;0;2535;0;0;89;0;80;0;
29596;3255185;1017798656;24260608;1118597120;0;0;0;0;0;0;0;0;0;0;0;3036;0;0;89;0;80;0;
29597;5412130;1017798656;24260608;1118597120;0;0;0;0;0;0;0;0;0;0;0;2765;0;0;89;0;80;0;
29598;3594291;1017798656;24260608;1118597120;0;0;0;0;0;0;0;0;0;0;0;3737;0;0;89;0;80;0;
29599;6187995;1023602688;31825920;1126162432;0;0;0;0;0;0;0;0;0;0;0;2995;0;0;89;0;80;0;
29600;10635435;1023602688;31825920;1126162432;0;0;0;0;0;0;0;0;0;0;0;3957;0;0;89;0;80;0;
29601;5800478;1023602688;31825920;1126162432;0;0;0;0;0;0;0;0;0;0;0;3296;0;0;89;0;80;0;
29602;3820375;1023602688;31825920;1126162432;0;0;0;0;0;0;0;0;0;0;0;3717;0;0;89;0;80;0;
29603;5368308;1023602688;31825920;1126162432;0;0;0;0;0;0;0;0;0;0;0;3466;0;0;89;0;80;0;
29604;3423150;1023602688;31825920;1126162432;0;0;0;0;0;0;0;0;0;0;0;2956;0;0;89;0;80;0;
29605;5049740;1023602688;31825920;1126162432;0;0;0;0;0;0;0;0;0;0;0;3406;0;0;89;0;80;0;
29606;3942353;1023602688;31825920;1126162432;0;0;0;0;0;0;0;0;0;0;0;3146;0;0;89;0;80;0;
29607;4885792;1023602688;31825920;1126162432;0;0;0;0;0;0;0;0;0;0;0;2825;0;0;89;0;80;0;
29608;3529028;1017806848;24260608;1118597120;0;0;0;0;0;0;0;0;0;0;0;3226;0;0;89;0;80;0;
29609;5306011;1017806848;24260608;1118597120;0;0;0;0;0;0;0;0;0;0;0;3186;0;0;89;0;80;0;
29610;3031616;1017806848;24260608;1118597120;0;0;0;0;0;0;0;0;0;0;0;3506;0;0;89;0;80;0;
29611;5609660;1017806848;24260608;1118597120;0;0;0;0;0;0;0;0;0;0;0;2815;0;0;89;0;80;0;
29612;2917352;1017806848;24260608;1118597120;0;0;0;0;0;0;0;0;0;0;0;3016;0;0;89;0;80;0;
29613;5306963;1017806848;24260608;1118597120;0;0;0;0;0;0;0;0;0;0;0;2174;0;0;89;0;80;0;
29614;3778567;1017806848;24260608;1118597120;0;0;0;0;0;0;0;0;0;0;0;3066;0;0;89;0;80;0;
29615;4823957;1017806848;24260608;1118597120;0;0;0;0;0;0;0;0;0;0;0;2475;0;0;89;0;80;0;
29616;3577659;1017806848;24260608;1118597120;0;0;0;0;0;0;0;0;0;0;0;3166;0;0;89;0;80;0;
29617;4762922;1017806848;24260608;1118597120;0;0;0;0;0;0;0;0;0;0;0;2384;0;0;89;0;80;0;
29618;3649615;1017806848;24260608;1118597120;0;0;0;0;0;0;0;0;0;0;0;2926;0;0;89;0;80;0;
29619;5978311;1017806848;24260608;1118597120;0;0;0;0;0;0;0;0;0;0;0;2986;0;0;89;0;80;0;
29620;3213256;1017806848;24260608;1118597120;0;0;0;0;0;0;0;0;0;0;0;3056;0;0;89;0;80;0;
29621;5827028;1017806848;24260608;1118597120;0;0;0;0;0;0;0;0;0;0;0;3046;0;0;89;0;80;0;
29622;3811438;1017806848;24260608;1118597120;0;0;0;0;0;0;0;0;0;0;0;3647;0;0;89;0;80;0;
29623;5734615;1023610880;31825920;1126162432;0;0;0;0;0;0;0;0;0;0;0;3366;0;0;89;0;80;0;
29624;4040868;1023610880;31825920;1126162432;0;0;0;0;0;0;0;0;0;0;0;3176;0;0;89;0;80;0;
29625;5043509;1023610880;31825920;1126162432;0;0;0;0;0;0;0;0;0;0;0;2585;0;0;89;0;80;0;
29626;3261536;1023610880;31825920;1126162432;0;0;0;0;0;0;0;0;0;0;0;3036;0;0;89;0;80;0;
29627;4788420;1023610880;31825920;1126162432;0;0;0;0;0;0;0;0;0;0;0;2915;0;0;89;0;80;0;
29628;3809735;1023610880;31825920;1126162432;0;0;0;0;0;0;0;0;0;0;0;2956;0;0;89;0;80;0;
29629;5829362;1023610880;31825920;1126162432;0;0;0;0;0;0;0;0;0;0;0;2895;0;0;89;0;80;0;
29630;2799250;1023610880;31825920;1126162432;0;0;0;0;0;0;0;0;0;0;0;3045;0;0;89;0;80;0;
29631;5498342;1023610880;31825920;1126162432;0;0;0;0;0;0;0;0;0;0;0;2575;0;0;89;0;80;0;
29632;4227148;1017815040;24260608;1118597120;0;0;0;0;0;0;0;0;0;0;0;3356;0;0;89;0;80;0;
29633;4897144;1017815040;24260608;1118597120;0;0;0;0;0;0;0;0;0;0;0;2895;0;0;89;0;80;0;
29634;4052690;1017815040;24260608;1118597120;0;0;0;0;0;0;0;0;0;0;0;3176;0;0;89;0;80;0;
29635;5120062;1017815040;24260608;1118597120;0;0;0;0;0;0;0;0;0;0;0;3036;0;0;89;0;80;0;
29636;3329193;1017815040;24260608;1118597120;0;0;0;0;0;0;0;0;0;0;0;3256;0;0;89;0;80;0;
29637;5632142;1017815040;24260608;1118597120;0;0;0;0;0;0;0;0;0;0;0;2544;0;0;89;0;80;0;
29638;3261406;1017815040;24260608;1118597120;0;0;0;0;0;0;0;0;0;0;0;2986;0;0;89;0;80;0;
29639;6168539;1017815040;24260608;1118597120;0;0;0;0;0;0;0;0;0;0;0;2865;0;0;89;0;80;0;
29640;2873800;1017815040;24260608;1118597120;0;0;0;0;0;0;0;0;0;0;0;4198;0;0;89;0;80;0;
29641;5160388;1017815040;24260608;1118597120;0;0;0;0;0;0;0;0;0;0;0;2404;0;0;89;0;80;0;
29642;3048908;1017815040;24260608;1118597120;0;0;0;0;0;0;0;0;0;0;0;3266;0;0;89;0;80;0;
29643;5943947;1017815040;24260608;1118597120;0;0;0;0;0;0;0;0;0;0;0;2825;0;0;89;0;80;0;
29644;3737079;1017815040;24260608;1118597120;0;0;0;0;0;0;0;0;0;0;0;3236;0;0;89;0;80;0;
29645;5108461;1017815040;24260608;1118597120;0;0;0;0;0;0;0;0;0;0;0;2906;0;0;89;0;80;0;
29646;4651233;1017815040;24260608;1118597120;0;0;0;0;0;0;0;0;0;0;0;3757;0;0;89;0;80;0;
29647;6169570;1023619072;31825920;1126162432;0;0;0;0;0;0;0;0;0;0;0;3697;0;0;89;0;80;0;
29648;3440653;1023619072;31825920;1126162432;0;0;0;0;0;0;0;0;0;0;0;3216;0;0;89;0;80;0;
29649;5337059;1023619072;31825920;1126162432;0;0;0;0;0;0;0;0;0;0;0;2966;0;0;89;0;80;0;
29650;4884651;1023619072;31825920;1126162432;0;0;0;0;0;0;0;0;0;0;0;3506;0;0;89;0;80;0;
29651;5106036;1023619072;31825920;1126162432;0;0;0;0;0;0;0;0;0;0;0;2795;0;0;89;0;80;0;
29652;3703366;1023619072;31825920;1126162432;0;0;0;0;0;0;0;0;0;0;0;3476;0;0;89;0;80;0;
29653;5949447;1023619072;31825920;1126162432;0;0;0;0;0;0;0;0;0;0;0;3076;0;0;89;0;80;0;
29654;3617895;1023619072;31825920;1126162432;0;0;0;0;0;0;0;0;0;0;0;2976;0;0;89;0;80;0;
29655;4954602;1023619072;31825920;1126162432;0;0;0;0;0;0;0;0;0;0;0;2775;0;0;89;0;80;0;
29656;4140395;1017823232;24260608;1118597120;0;0;0;0;0;0;0;0;0;0;0;3887;0;0;89;0;80;0;
29657;5145249;1017823232;24260608;1118597120;0;0;0;0;0;0;0;0;0;0;0;2796;0;0;89;0;80;0;
29658;3175515;1017823232;24260608;1118597120;0;0;0;0;0;0;0;0;0;0;0;2785;0;0;89;0;80;0;
29659;5081470;1017823232;24260608;1118597120;0;0;0;0;0;0;0;0;0;0;0;2895;0;0;89;0;80;0;
29660;3346957;1017823232;24260608;1118597120;0;0;0;0;0;0;0;0;0;0;0;3106;0;0;89;0;80;0;
29661;5779018;1017823232;24260608;1118597120;0;0;0;0;0;0;0;0;0;0;0;3266;0;0;89;0;80;0;
29662;3480207;1017823232;24260608;1118597120;0;0;0;0;0;0;0;0;0;0;0;3246;0;0;89;0;80;0;
29663;5199100;1017823232;24260608;1118597120;0;0;0;0;0;0;0;0;0;0;0;3046;0;0;89;0;80;0;
29664;3433459;1017823232;24260608;1118597120;0;0;0;0;0;0;0;0;0;0;0;110226;0;0;89;0;80;0;
29665;5242562;1017823232;24260608;1118597120;0;0;0;0;0;0;0;0;0;0;0;2855;0;0;89;0;80;0;
29666;3120722;1017823232;24260608;1118597120;0;0;0;0;0;0;0;0;0;0;0;2975;0;0;89;0;80;0;
29667;5084465;1017823232;24260608;1118597120;0;0;0;0;0;0;0;0;0;0;0;2605;0;0;89;0;80;0;
29668;3617604;1017823232;24260608;1118597120;0;0;0;0;0;0;0;0;0;0;0;3196;0;0;89;0;80;0;
29669;6137961;1017823232;24260608;1118597120;0;0;0;0;0;0;0;0;0;0;0;2885;0;0;89;0;80;0;
29670;4205166;1017823232;24260608;1118597120;0;0;0;0;0;0;0;0;0;0;0;3126;0;0;89;0;80;0;
29671;5304047;1017823232;24260608;1118597120;0;0;0;0;0;0;0;0;0;0;0;2585;0;0;89;0;80;0;
29672;4424498;1017823232;24260608;1118597120;0;0;0;0;0;0;0;0;0;0;0;3537;0;0;89;0;80;0;
29673;5374429;1017823232;24260608;1118597120;0;0;0;0;0;0;0;0;0;0;0;2766;0;0;89;0;80;0;
29674;2799721;1017823232;24260608;1118597120;0;0;0;0;0;0;0;0;0;0;0;2945;0;0;89;0;80;0;
29675;5594602;1017823232;24260608;1118597120;0;0;0;0;0;0;0;0;0;0;0;2605;0;0;89;0;80;0;
29676;3316961;1017823232;24260608;1118597120;0;0;0;0;0;0;0;0;0;0;0;3546;0;0;89;0;80;0;
29677;4834997;1017823232;24260608;1118597120;0;0;0;0;0;0;0;0;0;0;0;2645;0;0;89;0;80;0;
29678;2517311;1017823232;24260608;1118597120;0;0;0;0;0;0;0;0;0;0;0;3046;0;0;89;0;80;0;
29679;5107158;1017823232;24260608;1118597120;0;0;0;0;0;0;0;0;0;0;0;2906;0;0;89;0;80;0;
29680;3814002;1017823232;24260608;1118597120;0;0;0;0;0;0;0;0;0;0;0;2905;0;0;89;0;80;0;
29681;5376473;1017823232;24260608;1118597120;0;0;0;0;0;0;0;0;0;0;0;2956;0;0;89;0;80;0;
29682;3188890;1017823232;24260608;1118597120;0;0;0;0;0;0;0;0;0;0;0;3066;0;0;89;0;80;0;
29683;5572571;1017823232;24260608;1118597120;0;0;0;0;0;0;0;0;0;0;0;2765;0;0;89;0;80;0;
29684;3987799;1017823232;24260608;1118597120;0;0;0;0;0;0;0;0;0;0;0;2996;0;0;89;0;80;0;
29685;5119992;1017823232;24260608;1118597120;0;0;0;0;0;0;0;0;0;0;0;2625;0;0;89;0;80;0;
29686;2763653;1017823232;24260608;1118597120;0;0;0;0;0;0;0;0;0;0;0;2886;0;0;89;0;80;0;
29687;5328693;1017823232;24260608;1118597120;0;0;0;0;0;0;0;0;0;0;0;2836;0;0;89;0;80;0;
29688;4373672;1017823232;24260608;1118597120;0;0;0;0;0;0;0;0;0;0;0;3336;0;0;89;0;80;0;
29689;5655075;1017823232;24260608;1118597120;0;0;0;0;0;0;0;0;0;0;0;2765;0;0;89;0;80;0;
29690;3746846;1017823232;24260608;1118597120;0;0;0;0;0;0;0;0;0;0;0;3487;0;0;89;0;80;0;
29691;5697866;1017823232;24260608;1118597120;0;0;0;0;0;0;0;0;0;0;0;3176;0;0;89;0;80;0;
29692;3094303;1017823232;24260608;1118597120;0;0;0;0;0;0;0;0;0;0;0;3827;0;0;89;0;80;0;
29693;5237392;1017823232;24260608;1118597120;0;0;0;0;0;0;0;0;0;0;0;3005;0;0;89;0;80;0;
29694;3572359;1017823232;24260608;1118597120;0;0;0;0;0;0;0;0;0;0;0;2936;0;0;89;0;80;0;
29695;5628906;1017823232;24260608;1118597120;0;0;0;0;0;0;0;0;0;0;0;3386;0;0;89;0;80;0;
29696;3145960;1017823232;24260608;1118597120;0;0;0;0;0;0;0;0;0;0;0;3527;0;0;89;0;80;0;
29697;5154577;1017823232;24260608;1118597120;0;0;0;0;0;0;0;0;0;0;0;2705;0;0;89;0;80;0;
29698;3692244;1017823232;24260608;1118597120;0;0;0;0;0;0;0;0;0;0;0;3868;0;0;89;0;80;0;
29699;5122186;1017823232;24260608;1118597120;0;0;0;0;0;0;0;0;0;0;0;2574;0;0;89;0;80;0;
29700;2912552;1017823232;24260608;1118597120;0;0;0;0;0;0;0;0;0;0;0;3337;0;0;89;0;80;0;
29701;5435354;1017823232;24260608;1118597120;0;0;0;0;0;0;0;0;0;0;0;2965;0;0;89;0;80;0;
29702;3066611;1017823232;24260608;1118597120;0;0;0;0;0;0;0;0;0;0;0;3046;0;0;89;0;80;0;
29703;5258712;1017823232;24260608;1118597120;0;0;0;0;0;0;0;0;0;0;0;10780;0;0;89;0;80;0;
29704;3448076;1017823232;24260608;1118597120;0;0;0;0;0;0;0;0;0;0;0;3035;0;0;89;0;80;0;
29705;5664413;1017823232;24260608;1118597120;0;0;0;0;0;0;0;0;0;0;0;3166;0;0;89;0;80;0;
29706;4446289;1017823232;24260608;1118597120;0;0;0;0;0;0;0;0;0;0;0;3637;0;0;89;0;80;0;
29707;5636952;1017823232;24260608;1118597120;0;0;0;0;0;0;0;0;0;0;0;3075;0;0;89;0;80;0;
29708;2707307;1017823232;24260608;1118597120;0;0;0;0;0;0;0;0;0;0;0;3647;0;0;89;0;80;0;
29709;5195384;1017823232;24260608;1118597120;0;0;0;0;0;0;0;0;0;0;0;2435;0;0;89;0;80;0;
29710;3069818;1017823232;24260608;1118597120;0;0;0;0;0;0;0;0;0;0;0;3096;0;0;89;0;80;0;
29711;5238455;1017823232;24260608;1118597120;0;0;0;0;0;0;0;0;0;0;0;3066;0;0;89;0;80;0;
29712;4719170;1017823232;24260608;1118597120;0;0;0;0;0;0;0;0;0;0;0;3346;0;0;89;0;80;0;
29713;5627974;1017823232;24260608;1118597120;0;0;0;0;0;0;0;0;0;0;0;3115;0;0;89;0;80;0;
29714;3858576;1017823232;24260608;1118597120;0;0;0;0;0;0;0;0;0;0;0;4107;0;0;89;0;80;0;
29715;4934244;1017823232;24260608;1118597120;0;0;0;0;0;0;0;0;0;0;0;2775;0;0;89;0;80;0;
29716;3647581;1017823232;24260608;1118597120;0;0;0;0;0;0;0;0;0;0;0;3346;0;0;89;0;80;0;
29717;5837778;1017823232;24260608;1118597120;0;0;0;0;0;0;0;0;0;0;0;2895;0;0;89;0;80;0;
29718;4974510;1017823232;24260608;1118597120;0;0;0;0;0;0;0;0;0;0;0;3667;0;0;89;0;80;0;
29719;5766675;1017823232;24260608;1118597120;0;0;0;0;0;0;0;0;0;0;0;3407;0;0;89;0;80;0;
29720;3633815;1017823232;24260608;1118597120;0;0;0;0;0;0;0;0;0;0;0;3927;0;0;89;0;80;0;
29721;5749372;1017823232;24260608;1118597120;0;0;0;0;0;0;0;0;0;0;0;3016;0;0;89;0;80;0;
29722;4088027;1017823232;24260608;1118597120;0;0;0;0;0;0;0;0;0;0;0;3436;0;0;89;0;80;0;
29723;5122507;1017823232;24260608;1118597120;0;0;0;0;0;0;0;0;0;0;0;3256;0;0;89;0;80;0;
29724;3494514;1017823232;24260608;1118597120;0;0;0;0;0;0;0;0;0;0;0;2795;0;0;89;0;80;0;
29725;5318124;1017823232;24260608;1118597120;0;0;0;0;0;0;0;0;0;0;0;2745;0;0;89;0;80;0;
29726;3156600;1017823232;24260608;1118597120;0;0;0;0;0;0;0;0;0;0;0;3006;0;0;89;0;80;0;
29727;5934560;1017823232;24260608;1118597120;0;0;0;0;0;0;0;0;0;0;0;2875;0;0;89;0;80;0;
29728;3618466;1017823232;24260608;1118597120;0;0;0;0;0;0;0;0;0;0;0;3326;0;0;89;0;80;0;
29729;5811850;1017823232;24260608;1118597120;0;0;0;0;0;0;0;0;0;0;0;2696;0;0;89;0;80;0;
29730;3352608;1017823232;24260608;1118597120;0;0;0;0;0;0;0;0;0;0;0;2735;0;0;89;0;80;0;
29731;5659193;1017823232;24260608;1118597120;0;0;0;0;0;0;0;0;0;0;0;2504;0;0;89;0;80;0;
29732;4767231;1017823232;24260608;1118597120;0;0;0;0;0;0;0;0;0;0;0;3497;0;0;89;0;80;0;
29733;5751326;1017823232;24260608;1118597120;0;0;0;0;0;0;0;0;0;0;0;2835;0;0;89;0;80;0;
29734;3828059;1017823232;24260608;1118597120;0;0;0;0;0;0;0;0;0;0;0;3917;0;0;89;0;80;0;
29735;5551120;1017823232;24260608;1118597120;0;0;0;0;0;0;0;0;0;0;0;3597;0;0;89;0;80;0;
29736;3363107;1017823232;24260608;1118597120;0;0;0;0;0;0;0;0;0;0;0;4038;0;0;89;0;80;0;
29737;5910224;1017823232;24260608;1118597120;0;0;0;0;0;0;0;0;0;0;0;2785;0;0;89;0;80;0;
29738;3665033;1017823232;24260608;1118597120;0;0;0;0;0;0;0;0;0;0;0;3327;0;0;89;0;80;0;
29739;4960833;1017823232;24260608;1118597120;0;0;0;0;0;0;0;0;0;0;0;2875;0;0;89;0;80;0;
29740;3235307;1017823232;24260608;1118597120;0;0;0;0;0;0;0;0;0;0;0;3156;0;0;89;0;80;0;
29741;5172630;1017823232;24260608;1118597120;0;0;0;0;0;0;0;0;0;0;0;3005;0;0;89;0;80;0;
29742;3399996;1017823232;24260608;1118597120;0;0;0;0;0;0;0;0;0;0;0;3016;0;0;89;0;80;0;
29743;5627674;1017823232;24260608;1118597120;0;0;0;0;0;0;0;0;0;0;0;2755;0;0;89;0;80;0;
29744;3013251;1017823232;24260608;1118597120;0;0;0;0;0;0;0;0;0;0;0;2916;0;0;89;0;80;0;
29745;5010807;1017823232;24260608;1118597120;0;0;0;0;0;0;0;0;0;0;0;2315;0;0;89;0;80;0;
29746;4092004;1017823232;24260608;1118597120;0;0;0;0;0;0;0;0;0;0;0;3366;0;0;89;0;80;0;
29747;4906792;1017823232;24260608;1118597120;0;0;0;0;0;0;0;0;0;0;0;3286;0;0;89;0;80;0;
29748;3535039;1017823232;24260608;1118597120;0;0;0;0;0;0;0;0;0;0;0;3377;0;0;89;0;80;0;
29749;5139489;1017823232;24260608;1118597120;0;0;0;0;0;0;0;0;0;0;0;2725;0;0;89;0;80;0;
29750;3303004;1017823232;24260608;1118597120;0;0;0;0;0;0;0;0;0;0;0;2274;0;0;89;0;80;0;
29751;4616929;1017823232;24260608;1118597120;0;0;0;0;0;0;0;0;0;0;0;2274;0;0;89;0;80;0;
29752;4712668;1017823232;24260608;1118597120;0;0;0;0;0;0;0;0;0;0;0;2815;0;0;89;0;80;0;
29753;5371474;1017823232;24260608;1118597120;0;0;0;0;0;0;0;0;0;0;0;3005;0;0;89;0;80;0;
29754;3687987;1017823232;24260608;1118597120;0;0;0;0;0;0;0;0;0;0;0;2575;0;0;89;0;80;0;
29755;4870504;1017823232;24260608;1118597120;0;0;0;0;0;0;0;0;0;0;0;2334;0;0;89;0;80;0;
29756;3514631;1017823232;24260608;1118597120;0;0;0;0;0;0;0;0;0;0;0;2865;0;0;89;0;80;0;
29757;6153560;1017823232;24260608;1118597120;0;0;0;0;0;0;0;0;0;0;0;2575;0;0;89;0;80;0;
29758;3567620;1017823232;24260608;1118597120;0;0;0;0;0;0;0;0;0;0;0;2725;0;0;89;0;80;0;
29759;5046274;1017823232;24260608;1118597120;0;0;0;0;0;0;0;0;0;0;0;2365;0;0;89;0;80;0;
29760;2327855;1017823232;24260608;1118597120;0;0;0;0;0;0;0;0;0;0;0;2434;0;0;89;0;80;0;
29761;5184683;1017823232;24260608;1118597120;0;0;0;0;0;0;0;0;0;0;0;2836;0;0;89;0;80;0;
29762;2964920;1017823232;24260608;1118597120;0;0;0;0;0;0;0;0;0;0;0;2805;0;0;89;0;80;0;
29763;4985400;1017823232;24260608;1118597120;0;0;0;0;0;0;0;0;0;0;0;2925;0;0;89;0;80;0;
29764;3710739;1017823232;24260608;1118597120;0;0;0;0;0;0;0;0;0;0;0;3306;0;0;89;0;80;0;
29765;5533477;1017823232;24260608;1118597120;0;0;0;0;0;0;0;0;0;0;0;2736;0;0;89;0;80;0;
29766;3008632;1017823232;24260608;1118597120;0;0;0;0;0;0;0;0;0;0;0;2775;0;0;89;0;80;0;
29767;4775516;1017823232;24260608;1118597120;0;0;0;0;0;0;0;0;0;0;0;2745;0;0;89;0;80;0;
29768;2954420;1017823232;24260608;1118597120;0;0;0;0;0;0;0;0;0;0;0;2775;0;0;89;0;80;0;
29769;5184653;1017823232;24260608;1118597120;0;0;0;0;0;0;0;0;0;0;0;2124;0;0;89;0;80;0;
29770;3474445;1017823232;24260608;1118597120;0;0;0;0;0;0;0;0;0;0;0;2896;0;0;89;0;80;0;
29771;4765968;1017823232;24260608;1118597120;0;0;0;0;0;0;0;0;0;0;0;2515;0;0;89;0;80;0;
29772;3197466;1017823232;24260608;1118597120;0;0;0;0;0;0;0;0;0;0;0;3015;0;0;89;0;80;0;
29773;6144964;1017823232;24260608;1118597120;0;0;0;0;0;0;0;0;0;0;0;3026;0;0;89;0;80;0;
29774;3226932;1017823232;24260608;1118597120;0;0;0;0;0;0;0;0;0;0;0;3136;0;0;89;0;80;0;
29775;5531363;1017823232;24260608;1118597120;0;0;0;0;0;0;0;0;0;0;0;2555;0;0;89;0;80;0;
29776;4337004;1017823232;24260608;1118597120;0;0;0;0;0;0;0;0;0;0;0;3196;0;0;89;0;80;0;
29777;5108230;1017823232;24260608;1118597120;0;0;0;0;0;0;0;0;0;0;0;2595;0;0;89;0;80;0;
29778;3846583;1017823232;24260608;1118597120;0;0;0;0;0;0;0;0;0;0;0;3126;0;0;89;0;80;0;
29779;4946146;1017823232;24260608;1118597120;0;0;0;0;0;0;0;0;0;0;0;3366;0;0;89;0;80;0;
29780;3972820;1017823232;24260608;1118597120;0;0;0;0;0;0;0;0;0;0;0;3437;0;0;89;0;80;0;
29781;4877517;1017823232;24260608;1118597120;0;0;0;0;0;0;0;0;0;0;0;2795;0;0;89;0;80;0;
29782;3192698;1017823232;24260608;1118597120;0;0;0;0;0;0;0;0;0;0;0;3296;0;0;89;0;80;0;
29783;4768312;1017823232;24260608;1118597120;0;0;0;0;0;0;0;0;0;0;0;2825;0;0;89;0;80;0;
29784;4594416;1017823232;24260608;1118597120;0;0;0;0;0;0;0;0;0;0;0;3096;0;0;89;0;80;0;
29785;5450612;1017823232;24260608;1118597120;0;0;0;0;0;0;0;0;0;0;0;2705;0;0;89;0;80;0;
29786;3352347;1017823232;24260608;1118597120;0;0;0;0;0;0;0;0;0;0;0;3126;0;0;89;0;80;0;
29787;6738036;1023627264;31825920;1126162432;0;0;0;0;0;0;0;0;0;0;0;3166;0;0;89;0;80;0;
29788;2905218;1023627264;31825920;1126162432;0;0;0;0;0;0;0;0;0;0;0;3196;0;0;89;0;80;0;
29789;5079225;1023627264;31825920;1126162432;0;0;0;0;0;0;0;0;0;0;0;2865;0;0;89;0;80;0;
29790;4457861;1023627264;31825920;1126162432;0;0;0;0;0;0;0;0;0;0;0;3236;0;0;89;0;80;0;
29791;5003984;1023627264;31825920;1126162432;0;0;0;0;0;0;0;0;0;0;0;2716;0;0;89;0;80;0;
29792;2310653;1023627264;31825920;1126162432;0;0;0;0;0;0;0;0;0;0;0;3096;0;0;89;0;80;0;
29793;4747895;1023627264;31825920;1126162432;0;0;0;0;0;0;0;0;0;0;0;2445;0;0;89;0;80;0;
29794;2560783;1023627264;31825920;1126162432;0;0;0;0;0;0;0;0;0;0;0;2986;0;0;89;0;80;0;
29795;5667589;1023627264;31825920;1126162432;0;0;0;0;0;0;0;0;0;0;0;2575;0;0;89;0;80;0;
29796;3355293;1017872384;24260608;1118597120;0;0;0;0;0;0;0;0;0;0;0;3306;0;0;89;0;80;0;
29797;4911561;1017872384;24260608;1118597120;0;0;0;0;0;0;0;0;0;0;0;2795;0;0;89;0;80;0;
29798;3331438;1017872384;24260608;1118597120;0;0;0;0;0;0;0;0;0;0;0;3467;0;0;89;0;80;0;
29799;5933127;1017872384;24260608;1118597120;0;0;0;0;0;0;0;0;0;0;0;3126;0;0;89;0;80;0;
29800;2901151;1017872384;24260608;1118597120;0;0;0;0;0;0;0;0;0;0;0;2815;0;0;89;0;80;0;
29801;5135501;1017872384;24260608;1118597120;0;0;0;0;0;0;0;0;0;0;0;2916;0;0;89;0;80;0;
29802;2369684;1017872384;24260608;1118597120;0;0;0;0;0;0;0;0;0;0;0;2484;0;0;89;0;80;0;
29803;5066031;1017872384;24260608;1118597120;0;0;0;0;0;0;0;0;0;0;0;2184;0;0;89;0;80;0;
29804;3391080;1017872384;24260608;1118597120;0;0;0;0;0;0;0;0;0;0;0;2946;0;0;89;0;80;0;
29805;5503641;1017872384;24260608;1118597120;0;0;0;0;0;0;0;0;0;0;0;2886;0;0;89;0;80;0;
29806;4021602;1017872384;24260608;1118597120;0;0;0;0;0;0;0;0;0;0;0;2825;0;0;89;0;80;0;
29807;5195934;1017872384;24260608;1118597120;0;0;0;0;0;0;0;0;0;0;0;2534;0;0;89;0;80;0;
29808;3100094;1017872384;24260608;1118597120;0;0;0;0;0;0;0;0;0;0;0;3356;0;0;89;0;80;0;
29809;5888503;1017872384;24260608;1118597120;0;0;0;0;0;0;0;0;0;0;0;2965;0;0;89;0;80;0;
29810;3832707;1017872384;24260608;1118597120;0;0;0;0;0;0;0;0;0;0;0;2936;0;0;89;0;80;0;
29811;5898612;1023676416;31825920;1126162432;0;0;0;0;0;0;0;0;0;0;0;3427;0;0;89;0;80;0;
29812;3087640;1023676416;31825920;1126162432;0;0;0;0;0;0;0;0;0;0;0;3647;0;0;89;0;80;0;
29813;5014985;1023676416;31825920;1126162432;0;0;0;0;0;0;0;0;0;0;0;2805;0;0;89;0;80;0;
29814;3169454;1023676416;31825920;1126162432;0;0;0;0;0;0;0;0;0;0;0;2885;0;0;89;0;80;0;
29815;5480228;1023676416;31825920;1126162432;0;0;0;0;0;0;0;0;0;0;0;3136;0;0;89;0;80;0;
29816;2958338;1023676416;31825920;1126162432;0;0;0;0;0;0;0;0;0;0;0;2986;0;0;89;0;80;0;
29817;5123249;1023676416;31825920;1126162432;0;0;0;0;0;0;0;0;0;0;0;2464;0;0;89;0;80;0;
29818;2731363;1023676416;31825920;1126162432;0;0;0;0;0;0;0;0;0;0;0;3277;0;0;89;0;80;0;
29819;4745179;1023676416;31825920;1126162432;0;0;0;0;0;0;0;0;0;0;0;3346;0;0;89;0;80;0;
29820;2876845;1017880576;24260608;1118597120;0;0;0;0;0;0;0;0;0;0;0;2595;0;0;89;0;80;0;
29821;4865054;1017880576;24260608;1118597120;0;0;0;0;0;0;0;0;0;0;0;2104;0;0;89;0;80;0;
29822;3435673;1017880576;24260608;1118597120;0;0;0;0;0;0;0;0;0;0;0;3276;0;0;89;0;80;0;
29823;10112675;1017880576;24260608;1118597120;0;0;0;0;0;0;0;0;0;0;0;3156;0;0;89;0;80;0;
29824;5232824;1017880576;24260608;1118597120;0;0;0;0;0;0;0;0;0;0;0;3696;0;0;89;0;80;0;
29825;5163113;1017880576;24260608;1118597120;0;0;0;0;0;0;0;0;0;0;0;2876;0;0;89;0;80;0;
29826;3365342;1017880576;24260608;1118597120;0;0;0;0;0;0;0;0;0;0;0;3316;0;0;89;0;80;0;
29827;6378111;1017880576;24260608;1118597120;0;0;0;0;0;0;0;0;0;0;0;3857;0;0;89;0;80;0;
29828;3825645;1017880576;24260608;1118597120;0;0;0;0;0;0;0;0;0;0;0;3256;0;0;89;0;80;0;
29829;5965668;1017880576;24260608;1118597120;0;0;0;0;0;0;0;0;0;0;0;3927;0;0;89;0;80;0;
29830;4328547;1017880576;24260608;1118597120;0;0;0;0;0;0;0;0;0;0;0;3526;0;0;89;0;80;0;
29831;5338972;1017880576;24260608;1118597120;0;0;0;0;0;0;0;0;0;0;0;2635;0;0;89;0;80;0;
29832;4905260;1017880576;24260608;1118597120;0;0;0;0;0;0;0;0;0;0;0;2685;0;0;89;0;80;0;
29833;5208708;1017880576;24260608;1118597120;0;0;0;0;0;0;0;0;0;0;0;2756;0;0;89;0;80;0;
29834;4878569;1017880576;24260608;1118597120;0;0;0;0;0;0;0;0;0;0;0;3076;0;0;89;0;80;0;
29835;6768353;1023684608;31825920;1126162432;0;0;0;0;0;0;0;0;0;0;0;3847;0;0;89;0;80;0;
29836;3495826;1023684608;31825920;1126162432;0;0;0;0;0;0;0;0;0;0;0;3136;0;0;89;0;80;0;
29837;5421998;1023684608;31825920;1126162432;0;0;0;0;0;0;0;0;0;0;0;3617;0;0;89;0;80;0;
29838;3822809;1023684608;31825920;1126162432;0;0;0;0;0;0;0;0;0;0;0;3186;0;0;89;0;80;0;
29839;6375997;1023684608;31825920;1126162432;0;0;0;0;0;0;0;0;0;0;0;3226;0;0;89;0;80;0;
29840;3163323;1023684608;31825920;1126162432;0;0;0;0;0;0;0;0;0;0;0;2956;0;0;89;0;80;0;
29841;6311697;1023684608;31825920;1126162432;0;0;0;0;0;0;0;0;0;0;0;3397;0;0;89;0;80;0;
29842;4536948;1023684608;31825920;1126162432;0;0;0;0;0;0;0;0;0;0;0;3346;0;0;89;0;80;0;
29843;6286590;1023684608;31825920;1126162432;0;0;0;0;0;0;0;0;0;0;0;3847;0;0;89;0;80;0;
29844;4401064;1017888768;24260608;1118597120;0;0;0;0;0;0;0;0;0;0;0;4469;0;0;89;0;80;0;
29845;6112333;1017888768;24260608;1118597120;0;0;0;0;0;0;0;0;0;0;0;2745;0;0;89;0;80;0;
29846;5312433;1017888768;24260608;1118597120;0;0;0;0;0;0;0;0;0;0;0;3697;0;0;89;0;80;0;
29847;6066177;1017888768;24260608;1118597120;0;0;0;0;0;0;0;0;0;0;0;4248;0;0;89;0;80;0;
29848;4608643;1017888768;24260608;1118597120;0;0;0;0;0;0;0;0;0;0;0;3367;0;0;89;0;80;0;
29849;6094990;1017888768;24260608;1118597120;0;0;0;0;0;0;0;0;0;0;0;3347;0;0;89;0;80;0;
29850;4584869;1017888768;24260608;1118597120;0;0;0;0;0;0;0;0;0;0;0;3907;0;0;89;0;80;0;
29851;6392568;1017888768;24260608;1118597120;0;0;0;0;0;0;0;0;0;0;0;3627;0;0;89;0;80;0;
29852;4372059;1017888768;24260608;1118597120;0;0;0;0;0;0;0;0;0;0;0;3086;0;0;89;0;80;0;
29853;5464989;1017888768;24260608;1118597120;0;0;0;0;0;0;0;0;0;0;0;2705;0;0;89;0;80;0;
29854;4458491;1017888768;24260608;1118597120;0;0;0;0;0;0;0;0;0;0;0;3646;0;0;89;0;80;0;
29855;6293603;1017888768;24260608;1118597120;0;0;0;0;0;0;0;0;0;0;0;3647;0;0;89;0;80;0;
29856;3240057;1017888768;24260608;1118597120;0;0;0;0;0;0;0;0;0;0;0;3457;0;0;89;0;80;0;
29857;6154462;1017888768;24260608;1118597120;0;0;0;0;0;0;0;0;0;0;0;3927;0;0;89;0;80;0;
29858;4561545;1017888768;24260608;1118597120;0;0;0;0;0;0;0;0;0;0;0;3757;0;0;89;0;80;0;
29859;7160609;1023692800;31825920;1126162432;0;0;0;0;0;0;0;0;0;0;0;4248;0;0;89;0;80;0;
29860;4169600;1023692800;31825920;1126162432;0;0;0;0;0;0;0;0;0;0;0;3988;0;0;89;0;80;0;
29861;7058567;1023692800;31825920;1126162432;0;0;0;0;0;0;0;0;0;0;0;3727;0;0;89;0;80;0;
29862;4500891;1023692800;31825920;1126162432;0;0;0;0;0;0;0;0;0;0;0;3577;0;0;89;0;80;0;
29863;5051093;1023692800;31825920;1126162432;0;0;0;0;0;0;0;0;0;0;0;3176;0;0;89;0;80;0;
29864;5196406;1023692800;31825920;1126162432;0;0;0;0;0;0;0;0;0;0;0;3858;0;0;89;0;80;0;
29865;5734925;1023692800;31825920;1126162432;0;0;0;0;0;0;0;0;0;0;0;3336;0;0;89;0;80;0;
29866;4617920;1023692800;31825920;1126162432;0;0;0;0;0;0;0;0;0;0;0;3327;0;0;89;0;80;0;
29867;6088889;1023692800;31825920;1126162432;0;0;0;0;0;0;0;0;0;0;0;3145;0;0;89;0;80;0;
29868;3964986;1017896960;24260608;1118597120;0;0;0;0;0;0;0;0;0;0;0;3747;0;0;89;0;80;0;
29869;5601475;1017896960;24260608;1118597120;0;0;0;0;0;0;0;0;0;0;0;2735;0;0;89;0;80;0;
29870;4444986;1017896960;24260608;1118597120;0;0;0;0;0;0;0;0;0;0;0;3427;0;0;89;0;80;0;
29871;5260987;1017896960;24260608;1118597120;0;0;0;0;0;0;0;0;0;0;0;3126;0;0;89;0;80;0;
29872;3400958;1017896960;24260608;1118597120;0;0;0;0;0;0;0;0;0;0;0;4098;0;0;89;0;80;0;
29873;5829683;1017896960;24260608;1118597120;0;0;0;0;0;0;0;0;0;0;0;2945;0;0;89;0;80;0;
29874;3574824;1017896960;24260608;1118597120;0;0;0;0;0;0;0;0;0;0;0;3346;0;0;89;0;80;0;
29875;5758129;1017896960;24260608;1118597120;0;0;0;0;0;0;0;0;0;0;0;3386;0;0;89;0;80;0;
29876;3722842;1017896960;24260608;1118597120;0;0;0;0;0;0;0;0;0;0;0;3897;0;0;89;0;80;0;
29877;6191191;1017896960;24260608;1118597120;0;0;0;0;0;0;0;0;0;0;0;3717;0;0;89;0;80;0;
29878;3065589;1017896960;24260608;1118597120;0;0;0;0;0;0;0;0;0;0;0;2935;0;0;89;0;80;0;
29879;4993485;1017896960;24260608;1118597120;0;0;0;0;0;0;0;0;0;0;0;4258;0;0;89;0;80;0;
29880;3836595;1017896960;24260608;1118597120;0;0;0;0;0;0;0;0;0;0;0;3307;0;0;89;0;80;0;
29881;5165207;1017896960;24260608;1118597120;0;0;0;0;0;0;0;0;0;0;0;2665;0;0;89;0;80;0;
29882;3736437;1017896960;24260608;1118597120;0;0;0;0;0;0;0;0;0;0;0;3257;0;0;89;0;80;0;
29883;4926459;1017896960;24260608;1118597120;0;0;0;0;0;0;0;0;0;0;0;3055;0;0;89;0;80;0;
29884;4184488;1017896960;24260608;1118597120;0;0;0;0;0;0;0;0;0;0;0;3687;0;0;89;0;80;0;
29885;5247090;1017896960;24260608;1118597120;0;0;0;0;0;0;0;0;0;0;0;2765;0;0;89;0;80;0;
29886;3949257;1017896960;24260608;1118597120;0;0;0;0;0;0;0;0;0;0;0;2915;0;0;89;0;80;0;
29887;4975050;1017896960;24260608;1118597120;0;0;0;0;0;0;0;0;0;0;0;3186;0;0;89;0;80;0;
29888;3682897;1017896960;24260608;1118597120;0;0;0;0;0;0;0;0;0;0;0;3156;0;0;89;0;80;0;
29889;4979910;1017896960;24260608;1118597120;0;0;0;0;0;0;0;0;0;0;0;2565;0;0;89;0;80;0;
29890;3547944;1017896960;24260608;1118597120;0;0;0;0;0;0;0;0;0;0;0;4248;0;0;89;0;80;0;
29891;5594902;1017896960;24260608;1118597120;0;0;0;0;0;0;0;0;0;0;0;4478;0;0;89;0;80;0;
29892;4090090;1017896960;24260608;1118597120;0;0;0;0;0;0;0;0;0;0;0;3326;0;0;89;0;80;0;
29893;5238344;1017896960;24260608;1118597120;0;0;0;0;0;0;0;0;0;0;0;3226;0;0;89;0;80;0;
29894;2647375;1017896960;24260608;1118597120;0;0;0;0;0;0;0;0;0;0;0;3556;0;0;89;0;80;0;
29895;5761215;1017896960;24260608;1118597120;0;0;0;0;0;0;0;0;0;0;0;3186;0;0;89;0;80;0;
29896;3760722;1017896960;24260608;1118597120;0;0;0;0;0;0;0;0;0;0;0;2895;0;0;89;0;80;0;
29897;4693181;1017896960;24260608;1118597120;0;0;0;0;0;0;0;0;0;0;0;2244;0;0;89;0;80;0;
29898;3690471;1017896960;24260608;1118597120;0;0;0;0;0;0;0;0;0;0;0;2524;0;0;89;0;80;0;
29899;5376654;1017896960;24260608;1118597120;0;0;0;0;0;0;0;0;0;0;0;2324;0;0;89;0;80;0;
29900;2719440;1017896960;24260608;1118597120;0;0;0;0;0;0;0;0;0;0;0;2955;0;0;89;0;80;0;
29901;5138386;1017896960;24260608;1118597120;0;0;0;0;0;0;0;0;0;0;0;2345;0;0;89;0;80;0;
29902;3236219;1017896960;24260608;1118597120;0;0;0;0;0;0;0;0;0;0;0;2435;0;0;89;0;80;0;
29903;5189472;1017896960;24260608;1118597120;0;0;0;0;0;0;0;0;0;0;0;2585;0;0;89;0;80;0;
29904;3208007;1017896960;24260608;1118597120;0;0;0;0;0;0;0;0;0;0;0;2765;0;0;89;0;80;0;
29905;4990489;1017896960;24260608;1118597120;0;0;0;0;0;0;0;0;0;0;0;2425;0;0;89;0;80;0;
29906;3271616;1017896960;24260608;1118597120;0;0;0;0;0;0;0;0;0;0;0;2986;0;0;89;0;80;0;
29907;5398244;1017896960;24260608;1118597120;0;0;0;0;0;0;0;0;0;0;0;2976;0;0;89;0;80;0;
29908;3611724;1017896960;24260608;1118597120;0;0;0;0;0;0;0;0;0;0;0;3046;0;0;89;0;80;0;
29909;5004816;1017896960;24260608;1118597120;0;0;0;0;0;0;0;0;0;0;0;3136;0;0;89;0;80;0;
29910;3806088;1017896960;24260608;1118597120;0;0;0;0;0;0;0;0;0;0;0;3376;0;0;89;0;80;0;
29911;5373737;1017896960;24260608;1118597120;0;0;0;0;0;0;0;0;0;0;0;2635;0;0;89;0;80;0;
29912;3968312;1017896960;24260608;1118597120;0;0;0;0;0;0;0;0;0;0;0;2906;0;0;89;0;80;0;
29913;4903425;1017896960;24260608;1118597120;0;0;0;0;0;0;0;0;0;0;0;2796;0;0;89;0;80;0;
29914;4009209;1017896960;24260608;1118597120;0;0;0;0;0;0;0;0;0;0;0;2926;0;0;89;0;80;0;
29915;5644385;1017896960;24260608;1118597120;0;0;0;0;0;0;0;0;0;0;0;2745;0;0;89;0;80;0;
29916;3086739;1017896960;24260608;1118597120;0;0;0;0;0;0;0;0;0;0;0;2975;0;0;89;0;80;0;
29917;5118429;1017896960;24260608;1118597120;0;0;0;0;0;0;0;0;0;0;0;2615;0;0;89;0;80;0;
29918;3734954;1017896960;24260608;1118597120;0;0;0;0;0;0;0;0;0;0;0;2885;0;0;89;0;80;0;
29919;5355123;1017896960;24260608;1118597120;0;0;0;0;0;0;0;0;0;0;0;2595;0;0;89;0;80;0;
29920;3737829;1017896960;24260608;1118597120;0;0;0;0;0;0;0;0;0;0;0;3206;0;0;89;0;80;0;
29921;4960964;1017896960;24260608;1118597120;0;0;0;0;0;0;0;0;0;0;0;2705;0;0;89;0;80;0;
29922;3350454;1017896960;24260608;1118597120;0;0;0;0;0;0;0;0;0;0;0;2915;0;0;89;0;80;0;
29923;5515754;1017896960;24260608;1118597120;0;0;0;0;0;0;0;0;0;0;0;2795;0;0;89;0;80;0;
29924;3226521;1017896960;24260608;1118597120;0;0;0;0;0;0;0;0;0;0;0;2655;0;0;89;0;80;0;
29925;4878629;1017896960;24260608;1118597120;0;0;0;0;0;0;0;0;0;0;0;2585;0;0;89;0;80;0;
29926;3256808;1017896960;24260608;1118597120;0;0;0;0;0;0;0;0;0;0;0;2414;0;0;89;0;80;0;
29927;5465510;1017896960;24260608;1118597120;0;0;0;0;0;0;0;0;0;0;0;2395;0;0;89;0;80;0;
29928;2681148;1017896960;24260608;1118597120;0;0;0;0;0;0;0;0;0;0;0;2766;0;0;89;0;80;0;
29929;5233505;1017896960;24260608;1118597120;0;0;0;0;0;0;0;0;0;0;0;2585;0;0;89;0;80;0;
29930;2257574;1017896960;24260608;1118597120;0;0;0;0;0;0;0;0;0;0;0;2414;0;0;89;0;80;0;
29931;5212546;1017896960;24260608;1118597120;0;0;0;0;0;0;0;0;0;0;0;2635;0;0;89;0;80;0;
29932;3109711;1017896960;24260608;1118597120;0;0;0;0;0;0;0;0;0;0;0;3266;0;0;89;0;80;0;
29933;5396040;1017896960;24260608;1118597120;0;0;0;0;0;0;0;0;0;0;0;2765;0;0;89;0;80;0;
29934;3321930;1017896960;24260608;1118597120;0;0;0;0;0;0;0;0;0;0;0;2815;0;0;89;0;80;0;
29935;4867759;1017896960;24260608;1118597120;0;0;0;0;0;0;0;0;0;0;0;2995;0;0;89;0;80;0;
29936;3016057;1017896960;24260608;1118597120;0;0;0;0;0;0;0;0;0;0;0;2775;0;0;89;0;80;0;
29937;5203248;1017896960;24260608;1118597120;0;0;0;0;0;0;0;0;0;0;0;2725;0;0;89;0;80;0;
29938;3743801;1017896960;24260608;1118597120;0;0;0;0;0;0;0;0;0;0;0;3516;0;0;89;0;80;0;
29939;6074983;1017896960;24260608;1118597120;0;0;0;0;0;0;0;0;0;0;0;2515;0;0;89;0;80;0;
29940;3041845;1017896960;24260608;1118597120;0;0;0;0;0;0;0;0;0;0;0;2886;0;0;89;0;80;0;
29941;5526424;1017896960;24260608;1118597120;0;0;0;0;0;0;0;0;0;0;0;2464;0;0;89;0;80;0;
29942;2931708;1017896960;24260608;1118597120;0;0;0;0;0;0;0;0;0;0;0;3016;0;0;89;0;80;0;
29943;5926164;1017896960;24260608;1118597120;0;0;0;0;0;0;0;0;0;0;0;2815;0;0;89;0;80;0;
29944;2715733;1017896960;24260608;1118597120;0;0;0;0;0;0;0;0;0;0;0;3086;0;0;89;0;80;0;
29945;5108500;1017896960;24260608;1118597120;0;0;0;0;0;0;0;0;0;0;0;2705;0;0;89;0;80;0;
29946;2158698;1017896960;24260608;1118597120;0;0;0;0;0;0;0;0;0;0;0;2935;0;0;89;0;80;0;
29947;5162481;1017896960;24260608;1118597120;0;0;0;0;0;0;0;0;0;0;0;2815;0;0;89;0;80;0;
29948;2441238;1017896960;24260608;1118597120;0;0;0;0;0;0;0;0;0;0;0;11171;0;0;89;0;80;0;
29949;4940947;1017896960;24260608;1118597120;0;0;0;0;0;0;0;0;0;0;0;3016;0;0;89;0;80;0;
29950;3292936;1017896960;24260608;1118597120;0;0;0;0;0;0;0;0;0;0;0;3056;0;0;89;0;80;0;
29951;5083984;1017896960;24260608;1118597120;0;0;0;0;0;0;0;0;0;0;0;3186;0;0;89;0;80;0;
29952;2864011;1017896960;24260608;1118597120;0;0;0;0;0;0;0;0;0;0;0;2875;0;0;89;0;80;0;
29953;5325848;1017896960;24260608;1118597120;0;0;0;0;0;0;0;0;0;0;0;2595;0;0;89;0;80;0;
29954;4459473;1017896960;24260608;1118597120;0;0;0;0;0;0;0;0;0;0;0;3216;0;0;89;0;80;0;
29955;5380761;1017896960;24260608;1118597120;0;0;0;0;0;0;0;0;0;0;0;2605;0;0;89;0;80;0;
29956;3655074;1017896960;24260608;1118597120;0;0;0;0;0;0;0;0;0;0;0;4428;0;0;89;0;80;0;
29957;5061162;1017896960;24260608;1118597120;0;0;0;0;0;0;0;0;0;0;0;2364;0;0;89;0;80;0;
29958;3999641;1017896960;24260608;1118597120;0;0;0;0;0;0;0;0;0;0;0;3757;0;0;89;0;80;0;
29959;5491990;1017896960;24260608;1118597120;0;0;0;0;0;0;0;0;0;0;0;4118;0;0;89;0;80;0;
29960;3504412;1017896960;24260608;1118597120;0;0;0;0;0;0;0;0;0;0;0;3857;0;0;89;0;80;0;
29961;6186723;1017896960;24260608;1118597120;0;0;0;0;0;0;0;0;0;0;0;3777;0;0;89;0;80;0;
29962;4904688;1017896960;24260608;1118597120;0;0;0;0;0;0;0;0;0;0;0;3877;0;0;89;0;80;0;
29963;6047932;1017896960;24260608;1118597120;0;0;0;0;0;0;0;0;0;0;0;3436;0;0;89;0;80;0;
29964;4399792;1017896960;24260608;1118597120;0;0;0;0;0;0;0;0;0;0;0;4177;0;0;89;0;80;0;
29965;6639201;1017896960;24260608;1118597120;0;0;0;0;0;0;0;0;0;0;0;3908;0;0;89;0;80;0;
29966;3984843;1017896960;24260608;1118597120;0;0;0;0;0;0;0;0;0;0;0;3026;0;0;89;0;80;0;
29967;5884375;1017896960;24260608;1118597120;0;0;0;0;0;0;0;0;0;0;0;3717;0;0;89;0;80;0;
29968;4611398;1017896960;24260608;1118597120;0;0;0;0;0;0;0;0;0;0;0;3687;0;0;89;0;80;0;
29969;6166745;1017896960;24260608;1118597120;0;0;0;0;0;0;0;0;0;0;0;4178;0;0;89;0;80;0;
29970;3994652;1017896960;24260608;1118597120;0;0;0;0;0;0;0;0;0;0;0;3777;0;0;89;0;80;0;
29971;6197223;1017896960;24260608;1118597120;0;0;0;0;0;0;0;0;0;0;0;4008;0;0;89;0;80;0;
29972;3215149;1017896960;24260608;1118597120;0;0;0;0;0;0;0;0;0;0;0;4458;0;0;89;0;80;0;
29973;5970206;1017896960;24260608;1118597120;0;0;0;0;0;0;0;0;0;0;0;3467;0;0;89;0;80;0;
29974;3541301;1017896960;24260608;1118597120;0;0;0;0;0;0;0;0;0;0;0;3877;0;0;89;0;80;0;
29975;6933473;1023700992;31825920;1126162432;0;0;0;0;0;0;0;0;0;0;0;3917;0;0;89;0;80;0;
29976;3815235;1023700992;31825920;1126162432;0;0;0;0;0;0;0;0;0;0;0;4017;0;0;89;0;80;0;
29977;6614094;1023700992;31825920;1126162432;0;0;0;0;0;0;0;0;0;0;0;3076;0;0;89;0;80;0;
29978;4097143;1023700992;31825920;1126162432;0;0;0;0;0;0;0;0;0;0;0;3406;0;0;89;0;80;0;
29979;5225179;1023700992;31825920;1126162432;0;0;0;0;0;0;0;0;0;0;0;3788;0;0;89;0;80;0;
29980;3970296;1023700992;31825920;1126162432;0;0;0;0;0;0;0;0;0;0;0;3036;0;0;89;0;80;0;
29981;5270624;1023700992;31825920;1126162432;0;0;0;0;0;0;0;0;0;0;0;3096;0;0;89;0;80;0;
29982;4190018;1023700992;31825920;1126162432;0;0;0;0;0;0;0;0;0;0;0;3036;0;0;89;0;80;0;
29983;5515895;1023700992;31825920;1126162432;0;0;0;0;0;0;0;0;0;0;0;3055;0;0;89;0;80;0;
29984;4219944;1017937920;24260608;1118597120;0;0;0;0;0;0;0;0;0;0;0;3647;0;0;89;0;80;0;
29985;6534775;1017937920;24260608;1118597120;0;0;0;0;0;0;0;0;0;0;0;3898;0;0;89;0;80;0;
29986;2935014;1017937920;24260608;1118597120;0;0;0;0;0;0;0;0;0;0;0;3076;0;0;89;0;80;0;
29987;5628366;1017937920;24260608;1118597120;0;0;0;0;0;0;0;0;0;0;0;3376;0;0;89;0;80;0;
29988;3475447;1017937920;24260608;1118597120;0;0;0;0;0;0;0;0;0;0;0;3116;0;0;89;0;80;0;
29989;5534019;1017937920;24260608;1118597120;0;0;0;0;0;0;0;0;0;0;0;3387;0;0;89;0;80;0;
29990;3886388;1017937920;24260608;1118597120;0;0;0;0;0;0;0;0;0;0;0;4148;0;0;89;0;80;0;
29991;6446990;1017937920;24260608;1118597120;0;0;0;0;0;0;0;0;0;0;0;3807;0;0;89;0;80;0;
29992;3985044;1017937920;24260608;1118597120;0;0;0;0;0;0;0;0;0;0;0;3377;0;0;89;0;80;0;
29993;5572260;1017937920;24260608;1118597120;0;0;0;0;0;0;0;0;0;0;0;4478;0;0;89;0;80;0;
29994;4000463;1017937920;24260608;1118597120;0;0;0;0;0;0;0;0;0;0;0;3356;0;0;89;0;80;0;
29995;6520949;1017937920;24260608;1118597120;0;0;0;0;0;0;0;0;0;0;0;3907;0;0;89;0;80;0;
29996;3810547;1017937920;24260608;1118597120;0;0;0;0;0;0;0;0;0;0;0;3316;0;0;89;0;80;0;
29997;4971683;1017937920;24260608;1118597120;0;0;0;0;0;0;0;0;0;0;0;2304;0;0;89;0;80;0;
29998;3461992;1017937920;24260608;1118597120;0;0;0;0;0;0;0;0;0;0;0;3125;0;0;89;0;80;0;
29999;6843494;1023741952;31825920;1126162432;0;0;0;0;0;0;0;0;0;0;0;3446;0;0;89;0;80;0;
30000;2893967;1023741952;31825920;1126162432;0;0;0;0;0;0;0;0;0;0;0;3266;0;0;89;0;80;0;
30001;5767196;1023741952;31825920;1126162432;0;0;0;0;0;0;0;0;0;0;0;2965;0;0;89;0;80;0;
30002;3354441;1023741952;31825920;1126162432;0;0;0;0;0;0;0;0;0;0;0;3467;0;0;89;0;80;0;
30003;5687897;1023741952;31825920;1126162432;0;0;0;0;0;0;0;0;0;0;0;3456;0;0;89;0;80;0;
30004;2586140;1023741952;31825920;1126162432;0;0;0;0;0;0;0;0;0;0;0;2876;0;0;89;0;80;0;
30005;4560663;1023741952;31825920;1126162432;0;0;0;0;0;0;0;0;0;0;0;2244;0;0;89;0;80;0;
30006;4228440;1023741952;31825920;1126162432;0;0;0;0;0;0;0;0;0;0;0;3327;0;0;89;0;80;0;
30007;4964731;1023741952;31825920;1126162432;0;0;0;0;0;0;0;0;0;0;0;3176;0;0;89;0;80;0;
30008;3731909;1017946112;24260608;1118597120;0;0;0;0;0;0;0;0;0;0;0;2986;0;0;89;0;80;0;
30009;5428040;1017946112;24260608;1118597120;0;0;0;0;0;0;0;0;0;0;0;2565;0;0;89;0;80;0;
30010;4027763;1017946112;24260608;1118597120;0;0;0;0;0;0;0;0;0;0;0;2946;0;0;89;0;80;0;
30011;5337620;1017946112;24260608;1118597120;0;0;0;0;0;0;0;0;0;0;0;2755;0;0;89;0;80;0;
30012;3869788;1017946112;24260608;1118597120;0;0;0;0;0;0;0;0;0;0;0;3296;0;0;89;0;80;0;
30013;5211775;1017946112;24260608;1118597120;0;0;0;0;0;0;0;0;0;0;0;2174;0;0;89;0;80;0;
30014;4204455;1017946112;24260608;1118597120;0;0;0;0;0;0;0;0;0;0;0;3597;0;0;89;0;80;0;
30015;5616893;1017946112;24260608;1118597120;0;0;0;0;0;0;0;0;0;0;0;2594;0;0;89;0;80;0;
30016;4105279;1017946112;24260608;1118597120;0;0;0;0;0;0;0;0;0;0;0;2975;0;0;89;0;80;0;
30017;6070414;1017946112;24260608;1118597120;0;0;0;0;0;0;0;0;0;0;0;4258;0;0;89;0;80;0;
30018;3467182;1017946112;24260608;1118597120;0;0;0;0;0;0;0;0;0;0;0;3827;0;0;89;0;80;0;
30019;6660181;1017946112;24260608;1118597120;0;0;0;0;0;0;0;0;0;0;0;3988;0;0;89;0;80;0;
30020;3734173;1017946112;24260608;1118597120;0;0;0;0;0;0;0;0;0;0;0;3687;0;0;89;0;80;0;
30021;5991777;1017946112;24260608;1118597120;0;0;0;0;0;0;0;0;0;0;0;3597;0;0;89;0;80;0;
30022;3644595;1017946112;24260608;1118597120;0;0;0;0;0;0;0;0;0;0;0;3246;0;0;89;0;80;0;
30023;6176123;1023750144;31825920;1126162432;0;0;0;0;0;0;0;0;0;0;0;4128;0;0;89;0;80;0;
30024;4273274;1023750144;31825920;1126162432;0;0;0;0;0;0;0;0;0;0;0;3136;0;0;89;0;80;0;
30025;4786707;1023750144;31825920;1126162432;0;0;0;0;0;0;0;0;0;0;0;2896;0;0;89;0;80;0;
30026;4772821;1023750144;31825920;1126162432;0;0;0;0;0;0;0;0;0;0;0;2995;0;0;89;0;80;0;
30027;5183421;1023750144;31825920;1126162432;0;0;0;0;0;0;0;0;0;0;0;2595;0;0;89;0;80;0;
30028;4093316;1023750144;31825920;1126162432;0;0;0;0;0;0;0;0;0;0;0;3607;0;0;89;0;80;0;
30029;4956715;1023750144;31825920;1126162432;0;0;0;0;0;0;0;0;0;0;0;2935;0;0;89;0;80;0;
30030;3516285;1023750144;31825920;1126162432;0;0;0;0;0;0;0;0;0;0;0;3356;0;0;89;0;80;0;
30031;5749542;1023750144;31825920;1126162432;0;0;0;0;0;0;0;0;0;0;0;3456;0;0;89;0;80;0;
30032;4151336;1017954304;24260608;1118597120;0;0;0;0;0;0;0;0;0;0;0;3406;0;0;89;0;80;0;
30033;8363224;1017954304;24260608;1118597120;0;0;0;0;0;0;0;0;0;0;0;2836;0;0;89;0;80;0;
30034;10355711;1017954304;24260608;1118597120;0;0;0;0;0;0;0;0;0;0;0;6031;0;0;89;0;80;0;
30035;5960879;1017954304;24260608;1118597120;0;0;0;0;0;0;0;0;0;0;0;3216;0;0;89;0;80;0;
30036;3263751;1017954304;24260608;1118597120;0;0;0;0;0;0;0;0;0;0;0;2875;0;0;89;0;80;0;
30037;5169925;1017954304;24260608;1118597120;0;0;0;0;0;0;0;0;0;0;0;3447;0;0;89;0;80;0;
30038;2746561;1017954304;24260608;1118597120;0;0;0;0;0;0;0;0;0;0;0;3597;0;0;89;0;80;0;
30039;5517578;1017954304;24260608;1118597120;0;0;0;0;0;0;0;0;0;0;0;3276;0;0;89;0;80;0;
30040;2805051;1017954304;24260608;1118597120;0;0;0;0;0;0;0;0;0;0;0;2685;0;0;89;0;80;0;
30041;5177119;1017954304;24260608;1118597120;0;0;0;0;0;0;0;0;0;0;0;3146;0;0;89;0;80;0;
30042;3041193;1017954304;24260608;1118597120;0;0;0;0;0;0;0;0;0;0;0;3447;0;0;89;0;80;0;
30043;5319517;1017954304;24260608;1118597120;0;0;0;0;0;0;0;0;0;0;0;3737;0;0;89;0;80;0;
30044;3155618;1017954304;24260608;1118597120;0;0;0;0;0;0;0;0;0;0;0;3377;0;0;89;0;80;0;
30045;5121935;1017954304;24260608;1118597120;0;0;0;0;0;0;0;0;0;0;0;4098;0;0;89;0;80;0;
30046;3920002;1017954304;24260608;1118597120;0;0;0;0;0;0;0;0;0;0;0;2946;0;0;89;0;80;0;
30047;6396415;1023758336;31825920;1126162432;0;0;0;0;0;0;0;0;0;0;0;3176;0;0;89;0;80;0;
30048;2769594;1023758336;31825920;1126162432;0;0;0;0;0;0;0;0;0;0;0;3247;0;0;89;0;80;0;
30049;5380902;1023758336;31825920;1126162432;0;0;0;0;0;0;0;0;0;0;0;3867;0;0;89;0;80;0;
30050;3441654;1023758336;31825920;1126162432;0;0;0;0;0;0;0;0;0;0;0;3196;0;0;89;0;80;0;
30051;5807832;1023758336;31825920;1126162432;0;0;0;0;0;0;0;0;0;0;0;3296;0;0;89;0;80;0;
30052;3293657;1023758336;31825920;1126162432;0;0;0;0;0;0;0;0;0;0;0;3326;0;0;89;0;80;0;
30053;5581447;1023758336;31825920;1126162432;0;0;0;0;0;0;0;0;0;0;0;3517;0;0;89;0;80;0;
30054;3194170;1023758336;31825920;1126162432;0;0;0;0;0;0;0;0;0;0;0;3106;0;0;89;0;80;0;
30055;5774820;1023758336;31825920;1126162432;0;0;0;0;0;0;0;0;0;0;0;2975;0;0;89;0;80;0;
30056;3212455;1017962496;24260608;1118597120;0;0;0;0;0;0;0;0;0;0;0;3307;0;0;89;0;80;0;
30057;6167406;1017962496;24260608;1118597120;0;0;0;0;0;0;0;0;0;0;0;4037;0;0;89;0;80;0;
30058;3122556;1017962496;24260608;1118597120;0;0;0;0;0;0;0;0;0;0;0;3176;0;0;89;0;80;0;
30059;5754431;1017962496;24260608;1118597120;0;0;0;0;0;0;0;0;0;0;0;3276;0;0;89;0;80;0;
30060;3324735;1017962496;24260608;1118597120;0;0;0;0;0;0;0;0;0;0;0;4989;0;0;89;0;80;0;
30061;5725408;1017962496;24260608;1118597120;0;0;0;0;0;0;0;0;0;0;0;3276;0;0;89;0;80;0;
30062;3914171;1017962496;24260608;1118597120;0;0;0;0;0;0;0;0;0;0;0;3657;0;0;89;0;80;0;
30063;5533888;1017962496;24260608;1118597120;0;0;0;0;0;0;0;0;0;0;0;4568;0;0;89;0;80;0;
30064;3514430;1017962496;24260608;1118597120;0;0;0;0;0;0;0;0;0;0;0;3677;0;0;89;0;80;0;
30065;5416508;1017962496;24260608;1118597120;0;0;0;0;0;0;0;0;0;0;0;3677;0;0;89;0;80;0;
30066;3216292;1017962496;24260608;1118597120;0;0;0;0;0;0;0;0;0;0;0;3206;0;0;89;0;80;0;
30067;5997898;1017962496;24260608;1118597120;0;0;0;0;0;0;0;0;0;0;0;3927;0;0;89;0;80;0;
30068;3163462;1017962496;24260608;1118597120;0;0;0;0;0;0;0;0;0;0;0;3697;0;0;89;0;80;0;
30069;5673771;1017962496;24260608;1118597120;0;0;0;0;0;0;0;0;0;0;0;3647;0;0;89;0;80;0;
30070;2844204;1017962496;24260608;1118597120;0;0;0;0;0;0;0;0;0;0;0;3406;0;0;89;0;80;0;
30071;6027995;1023766528;31825920;1126162432;0;0;0;0;0;0;0;0;0;0;0;3036;0;0;89;0;80;0;
30072;3271446;1023766528;31825920;1126162432;0;0;0;0;0;0;0;0;0;0;0;3236;0;0;89;0;80;0;
30073;5402822;1023766528;31825920;1126162432;0;0;0;0;0;0;0;0;0;0;0;3547;0;0;89;0;80;0;
30074;3310870;1023766528;31825920;1126162432;0;0;0;0;0;0;0;0;0;0;0;4047;0;0;89;0;80;0;
30075;5727832;1023766528;31825920;1126162432;0;0;0;0;0;0;0;0;0;0;0;3506;0;0;89;0;80;0;
30076;3932184;1023766528;31825920;1126162432;0;0;0;0;0;0;0;0;0;0;0;3156;0;0;89;0;80;0;
30077;5910595;1023766528;31825920;1126162432;0;0;0;0;0;0;0;0;0;0;0;3657;0;0;89;0;80;0;
30078;4234782;1023766528;31825920;1126162432;0;0;0;0;0;0;0;0;0;0;0;4078;0;0;89;0;80;0;
30079;5623647;1023766528;31825920;1126162432;0;0;0;0;0;0;0;0;0;0;0;4328;0;0;89;0;80;0;
30080;4333948;1017970688;24260608;1118597120;0;0;0;0;0;0;0;0;0;0;0;3777;0;0;89;0;80;0;
30081;6275178;1017970688;24260608;1118597120;0;0;0;0;0;0;0;0;0;0;0;3687;0;0;89;0;80;0;
30082;3130761;1017970688;24260608;1118597120;0;0;0;0;0;0;0;0;0;0;0;3667;0;0;89;0;80;0;
30083;6213102;1017970688;24260608;1118597120;0;0;0;0;0;0;0;0;0;0;0;3447;0;0;89;0;80;0;
30084;4083949;1017970688;24260608;1118597120;0;0;0;0;0;0;0;0;0;0;0;3066;0;0;89;0;80;0;
30085;5287276;1017970688;24260608;1118597120;0;0;0;0;0;0;0;0;0;0;0;3277;0;0;89;0;80;0;
30086;4235533;1017970688;24260608;1118597120;0;0;0;0;0;0;0;0;0;0;0;3717;0;0;89;0;80;0;
30087;5517999;1017970688;24260608;1118597120;0;0;0;0;0;0;0;0;0;0;0;3336;0;0;89;0;80;0;
30088;4263586;1017970688;24260608;1118597120;0;0;0;0;0;0;0;0;0;0;0;3526;0;0;89;0;80;0;
30089;5213207;1017970688;24260608;1118597120;0;0;0;0;0;0;0;0;0;0;0;3357;0;0;89;0;80;0;
30090;4475163;1017970688;24260608;1118597120;0;0;0;0;0;0;0;0;0;0;0;3366;0;0;89;0;80;0;
30091;5204710;1017970688;24260608;1118597120;0;0;0;0;0;0;0;0;0;0;0;2866;0;0;89;0;80;0;
30092;4040677;1017970688;24260608;1118597120;0;0;0;0;0;0;0;0;0;0;0;3647;0;0;89;0;80;0;
30093;5376633;1017970688;24260608;1118597120;0;0;0;0;0;0;0;0;0;0;0;2836;0;0;89;0;80;0;
30094;4447370;1017970688;24260608;1118597120;0;0;0;0;0;0;0;0;0;0;0;4989;0;0;89;0;80;0;
30095;6331474;1017970688;24260608;1118597120;0;0;0;0;0;0;0;0;0;0;0;4088;0;0;89;0;80;0;
30096;6226988;1017970688;24260608;1118597120;0;0;0;0;0;0;0;0;0;0;0;4568;0;0;89;0;80;0;
30097;5892040;1017970688;24260608;1118597120;0;0;0;0;0;0;0;0;0;0;0;3677;0;0;89;0;80;0;
30098;4450937;1017970688;24260608;1118597120;0;0;0;0;0;0;0;0;0;0;0;3105;0;0;89;0;80;0;
30099;6361120;1017970688;24260608;1118597120;0;0;0;0;0;0;0;0;0;0;0;3226;0;0;89;0;80;0;
30100;5626552;1017970688;24260608;1118597120;0;0;0;0;0;0;0;0;0;0;0;4359;0;0;89;0;80;0;
30101;5653342;1017970688;24260608;1118597120;0;0;0;0;0;0;0;0;0;0;0;3727;0;0;89;0;80;0;
30102;5146161;1017970688;24260608;1118597120;0;0;0;0;0;0;0;0;0;0;0;4118;0;0;89;0;80;0;
30103;5930081;1017970688;24260608;1118597120;0;0;0;0;0;0;0;0;0;0;0;3667;0;0;89;0;80;0;
30104;4565583;1017970688;24260608;1118597120;0;0;0;0;0;0;0;0;0;0;0;4188;0;0;89;0;80;0;
30105;6244271;1017970688;24260608;1118597120;0;0;0;0;0;0;0;0;0;0;0;3817;0;0;89;0;80;0;
30106;4809049;1017970688;24260608;1118597120;0;0;0;0;0;0;0;0;0;0;0;4098;0;0;89;0;80;0;
30107;5821377;1017970688;24260608;1118597120;0;0;0;0;0;0;0;0;0;0;0;3597;0;0;89;0;80;0;
30108;5137815;1017970688;24260608;1118597120;0;0;0;0;0;0;0;0;0;0;0;3867;0;0;89;0;80;0;
30109;6262554;1017970688;24260608;1118597120;0;0;0;0;0;0;0;0;0;0;0;3978;0;0;89;0;80;0;
30110;4258967;1017970688;24260608;1118597120;0;0;0;0;0;0;0;0;0;0;0;3968;0;0;89;0;80;0;
30111;5339624;1017970688;24260608;1118597120;0;0;0;0;0;0;0;0;0;0;0;2495;0;0;89;0;80;0;
30112;5659694;1017970688;24260608;1118597120;0;0;0;0;0;0;0;0;0;0;0;4388;0;0;89;0;80;0;
30113;5987680;1017970688;24260608;1118597120;0;0;0;0;0;0;0;0;0;0;0;4038;0;0;89;0;80;0;
30114;4881735;1017970688;24260608;1118597120;0;0;0;0;0;0;0;0;0;0;0;3457;0;0;89;0;80;0;
30115;6422825;1017970688;24260608;1118597120;0;0;0;0;0;0;0;0;0;0;0;3216;0;0;89;0;80;0;
30116;4633399;1017970688;24260608;1118597120;0;0;0;0;0;0;0;0;0;0;0;3777;0;0;89;0;80;0;
30117;5595774;1017970688;24260608;1118597120;0;0;0;0;0;0;0;0;0;0;0;2715;0;0;89;0;80;0;
30118;4364355;1017970688;24260608;1118597120;0;0;0;0;0;0;0;0;0;0;0;144261;0;0;89;0;80;0;
30119;4976092;1017970688;24260608;1118597120;0;0;0;0;0;0;0;0;0;0;0;2675;0;0;89;0;80;0;
30120;3963533;1017970688;24260608;1118597120;0;0;0;0;0;0;0;0;0;0;0;3607;0;0;89;0;80;0;
30121;5742229;1017970688;24260608;1118597120;0;0;0;0;0;0;0;0;0;0;0;2805;0;0;89;0;80;0;
30122;4162035;1017970688;24260608;1118597120;0;0;0;0;0;0;0;0;0;0;0;3677;0;0;89;0;80;0;
30123;5695411;1017970688;24260608;1118597120;0;0;0;0;0;0;0;0;0;0;0;3337;0;0;89;0;80;0;
30124;4247957;1017970688;24260608;1118597120;0;0;0;0;0;0;0;0;0;0;0;3587;0;0;89;0;80;0;
30125;5689550;1017970688;24260608;1118597120;0;0;0;0;0;0;0;0;0;0;0;2926;0;0;89;0;80;0;
30126;4752012;1017970688;24260608;1118597120;0;0;0;0;0;0;0;0;0;0;0;3808;0;0;89;0;80;0;
30127;5386923;1017970688;24260608;1118597120;0;0;0;0;0;0;0;0;0;0;0;2735;0;0;89;0;80;0;
30128;4663606;1017970688;24260608;1118597120;0;0;0;0;0;0;0;0;0;0;0;3266;0;0;89;0;80;0;
30129;5770673;1017970688;24260608;1118597120;0;0;0;0;0;0;0;0;0;0;0;2955;0;0;89;0;80;0;
30130;5212525;1017970688;24260608;1118597120;0;0;0;0;0;0;0;0;0;0;0;4338;0;0;89;0;80;0;
30131;5473265;1017970688;24260608;1118597120;0;0;0;0;0;0;0;0;0;0;0;4328;0;0;89;0;80;0;
30132;5797613;1017970688;24260608;1118597120;0;0;0;0;0;0;0;0;0;0;0;12443;0;0;89;0;80;0;
30133;6184809;1017970688;24260608;1118597120;0;0;0;0;0;0;0;0;0;0;0;3877;0;0;89;0;80;0;
30134;3951490;1017970688;24260608;1118597120;0;0;0;0;0;0;0;0;0;0;0;4368;0;0;89;0;80;0;
30135;4974359;1017970688;24260608;1118597120;0;0;0;0;0;0;0;0;0;0;0;3006;0;0;89;0;80;0;
30136;4141748;1017970688;24260608;1118597120;0;0;0;0;0;0;0;0;0;0;0;3576;0;0;89;0;80;0;
30137;5188640;1017970688;24260608;1118597120;0;0;0;0;0;0;0;0;0;0;0;2895;0;0;89;0;80;0;
30138;5321841;1017970688;24260608;1118597120;0;0;0;0;0;0;0;0;0;0;0;3978;0;0;89;0;80;0;
30139;5106937;1017970688;24260608;1118597120;0;0;0;0;0;0;0;0;0;0;0;3306;0;0;89;0;80;0;
30140;4124715;1017970688;24260608;1118597120;0;0;0;0;0;0;0;0;0;0;0;4608;0;0;89;0;80;0;
30141;5596716;1017970688;24260608;1118597120;0;0;0;0;0;0;0;0;0;0;0;4138;0;0;89;0;80;0;
30142;3953845;1017970688;24260608;1118597120;0;0;0;0;0;0;0;0;0;0;0;4298;0;0;89;0;80;0;
30143;5023351;1017970688;24260608;1118597120;0;0;0;0;0;0;0;0;0;0;0;2795;0;0;89;0;80;0;
30144;4362111;1017970688;24260608;1118597120;0;0;0;0;0;0;0;0;0;0;0;3777;0;0;89;0;80;0;
30145;5283147;1017970688;24260608;1118597120;0;0;0;0;0;0;0;0;0;0;0;3166;0;0;89;0;80;0;
30146;4409329;1017970688;24260608;1118597120;0;0;0;0;0;0;0;0;0;0;0;3818;0;0;89;0;80;0;
30147;5176759;1017970688;24260608;1118597120;0;0;0;0;0;0;0;0;0;0;0;3136;0;0;89;0;80;0;
30148;3588981;1017970688;24260608;1118597120;0;0;0;0;0;0;0;0;0;0;0;3497;0;0;89;0;80;0;
30149;5280933;1017970688;24260608;1118597120;0;0;0;0;0;0;0;0;0;0;0;3126;0;0;89;0;80;0;
30150;4180941;1017970688;24260608;1118597120;0;0;0;0;0;0;0;0;0;0;0;3557;0;0;89;0;80;0;
30151;5867434;1017970688;24260608;1118597120;0;0;0;0;0;0;0;0;0;0;0;4208;0;0;89;0;80;0;
30152;5072683;1017970688;24260608;1118597120;0;0;0;0;0;0;0;0;0;0;0;4198;0;0;89;0;80;0;
30153;6331974;1017970688;24260608;1118597120;0;0;0;0;0;0;0;0;0;0;0;24306;0;0;89;0;80;0;
30154;5902430;1017970688;24260608;1118597120;0;0;0;0;0;0;0;0;0;0;0;4037;0;0;89;0;80;0;
30155;5840764;1017970688;24260608;1118597120;0;0;0;0;0;0;0;0;0;0;0;3337;0;0;89;0;80;0;
30156;4281369;1017970688;24260608;1118597120;0;0;0;0;0;0;0;0;0;0;0;3877;0;0;89;0;80;0;
30157;5778587;1017970688;24260608;1118597120;0;0;0;0;0;0;0;0;0;0;0;3246;0;0;89;0;80;0;
30158;5317222;1017970688;24260608;1118597120;0;0;0;0;0;0;0;0;0;0;0;3837;0;0;89;0;80;0;
30159;6220566;1017970688;24260608;1118597120;0;0;0;0;0;0;0;0;0;0;0;3426;0;0;89;0;80;0;
30160;3917387;1017970688;24260608;1118597120;0;0;0;0;0;0;0;0;0;0;0;3757;0;0;89;0;80;0;
30161;5770111;1017970688;24260608;1118597120;0;0;0;0;0;0;0;0;0;0;0;2885;0;0;89;0;80;0;
30162;4514817;1017970688;24260608;1118597120;0;0;0;0;0;0;0;0;0;0;0;3486;0;0;89;0;80;0;
30163;6539464;1017970688;24260608;1118597120;0;0;0;0;0;0;0;0;0;0;0;3657;0;0;89;0;80;0;
30164;5993110;1017970688;24260608;1118597120;0;0;0;0;0;0;0;0;0;0;0;3677;0;0;89;0;80;0;
30165;5375361;1017970688;24260608;1118597120;0;0;0;0;0;0;0;0;0;0;0;3336;0;0;89;0;80;0;
30166;5183091;1017970688;24260608;1118597120;0;0;0;0;0;0;0;0;0;0;0;3517;0;0;89;0;80;0;
30167;6389042;1017970688;24260608;1118597120;0;0;0;0;0;0;0;0;0;0;0;3036;0;0;89;0;80;0;
30168;4471986;1017970688;24260608;1118597120;0;0;0;0;0;0;0;0;0;0;0;3978;0;0;89;0;80;0;
30169;7954818;1017970688;24260608;1118597120;0;0;0;0;0;0;0;0;0;0;0;4939;0;0;89;0;80;0;
30170;7440424;1017970688;24260608;1118597120;0;0;0;0;0;0;0;0;0;0;0;4589;0;0;89;0;80;0;
30171;6361941;1017970688;24260608;1118597120;0;0;0;0;0;0;0;0;0;0;0;4038;0;0;89;0;80;0;
30172;6524426;1017970688;24260608;1118597120;0;0;0;0;0;0;0;0;0;0;0;3016;0;0;89;0;80;0;
30173;5481820;1017970688;24260608;1118597120;0;0;0;0;0;0;0;0;0;0;0;3677;0;0;89;0;80;0;
30174;5255777;1017970688;24260608;1118597120;0;0;0;0;0;0;0;0;0;0;0;4047;0;0;89;0;80;0;
30175;8769727;1017970688;24260608;1118597120;0;0;0;0;0;0;0;0;0;0;0;4238;0;0;89;0;80;0;
30176;4983977;1017970688;24260608;1118597120;0;0;0;0;0;0;0;0;0;0;0;4719;0;0;89;0;80;0;
30177;7479347;1017970688;24260608;1118597120;0;0;0;0;0;0;0;0;0;0;0;3837;0;0;89;0;80;0;
30178;5715259;1017970688;24260608;1118597120;0;0;0;0;0;0;0;0;0;0;0;3506;0;0;89;0;80;0;
30179;5969485;1017970688;24260608;1118597120;0;0;0;0;0;0;0;0;0;0;0;3166;0;0;89;0;80;0;
30180;4380184;1017970688;24260608;1118597120;0;0;0;0;0;0;0;0;0;0;0;3586;0;0;89;0;80;0;
30181;8578317;1017970688;24260608;1118597120;0;0;0;0;0;0;0;0;0;0;0;3377;0;0;89;0;80;0;
30182;4359045;1017970688;24260608;1118597120;0;0;0;0;0;0;0;0;0;0;0;8767;0;0;89;0;80;0;
30183;6724912;1017970688;24260608;1118597120;0;0;0;0;0;0;0;0;0;0;0;3697;0;0;89;0;80;0;
30184;4501362;1017970688;24260608;1118597120;0;0;0;0;0;0;0;0;0;0;0;3006;0;0;89;0;80;0;
30185;5783316;1017970688;24260608;1118597120;0;0;0;0;0;0;0;0;0;0;0;2554;0;0;89;0;80;0;
30186;5993440;1017970688;24260608;1118597120;0;0;0;0;0;0;0;0;0;0;0;4117;0;0;89;0;80;0;
30187;7796662;1023774720;31825920;1126162432;0;0;0;0;0;0;0;0;0;0;0;5500;0;0;89;0;80;0;
30188;5217485;1023774720;31825920;1126162432;0;0;0;0;0;0;0;0;0;0;0;3547;0;0;89;0;80;0;
30189;6413949;1023774720;31825920;1126162432;0;0;0;0;0;0;0;0;0;0;0;3637;0;0;89;0;80;0;
30190;4711426;1023774720;31825920;1126162432;0;0;0;0;0;0;0;0;0;0;0;4128;0;0;89;0;80;0;
30191;6029558;1023774720;31825920;1126162432;0;0;0;0;0;0;0;0;0;0;0;3286;0;0;89;0;80;0;
30192;4910269;1023774720;31825920;1126162432;0;0;0;0;0;0;0;0;0;0;0;3587;0;0;89;0;80;0;
30193;5202176;1023774720;31825920;1126162432;0;0;0;0;0;0;0;0;0;0;0;3247;0;0;89;0;80;0;
30194;4289775;1023774720;31825920;1126162432;0;0;0;0;0;0;0;0;0;0;0;3106;0;0;89;0;80;0;
30195;5229858;1023774720;31825920;1126162432;0;0;0;0;0;0;0;0;0;0;0;2825;0;0;89;0;80;0;
30196;3476210;1018011648;24260608;1118597120;0;0;0;0;0;0;0;0;0;0;0;3457;0;0;89;0;80;0;
30197;4992563;1018011648;24260608;1118597120;0;0;0;0;0;0;0;0;0;0;0;2445;0;0;89;0;80;0;
30198;5238014;1018011648;24260608;1118597120;0;0;0;0;0;0;0;0;0;0;0;3516;0;0;89;0;80;0;
30199;6087346;1018011648;24260608;1118597120;0;0;0;0;0;0;0;0;0;0;0;3116;0;0;89;0;80;0;
30200;3841074;1018011648;24260608;1118597120;0;0;0;0;0;0;0;0;0;0;0;3587;0;0;89;0;80;0;
30201;5222514;1018011648;24260608;1118597120;0;0;0;0;0;0;0;0;0;0;0;2725;0;0;89;0;80;0;
30202;2142588;1018011648;24260608;1118597120;0;0;0;0;0;0;0;0;0;0;0;2494;0;0;89;0;80;0;
30203;5149167;1018011648;24260608;1118597120;0;0;0;0;0;0;0;0;0;0;0;3898;0;0;89;0;80;0;
30204;4190839;1018011648;24260608;1118597120;0;0;0;0;0;0;0;0;0;0;0;3326;0;0;89;0;80;0;
30205;5950409;1018011648;24260608;1118597120;0;0;0;0;0;0;0;0;0;0;0;3427;0;0;89;0;80;0;
30206;3757577;1018011648;24260608;1118597120;0;0;0;0;0;0;0;0;0;0;0;3086;0;0;89;0;80;0;
30207;5573182;1018011648;24260608;1118597120;0;0;0;0;0;0;0;0;0;0;0;3256;0;0;89;0;80;0;
30208;4888808;1018011648;24260608;1118597120;0;0;0;0;0;0;0;0;0;0;0;3386;0;0;89;0;80;0;
30209;6515159;1018011648;24260608;1118597120;0;0;0;0;0;0;0;0;0;0;0;2815;0;0;89;0;80;0;
30210;4102123;1018011648;24260608;1118597120;0;0;0;0;0;0;0;0;0;0;0;3266;0;0;89;0;80;0;
30211;6914828;1023815680;31825920;1126162432;0;0;0;0;0;0;0;0;0;0;0;3376;0;0;89;0;80;0;
30212;3698496;1023815680;31825920;1126162432;0;0;0;0;0;0;0;0;0;0;0;3517;0;0;89;0;80;0;
30213;4973066;1023815680;31825920;1126162432;0;0;0;0;0;0;0;0;0;0;0;2805;0;0;89;0;80;0;
30214;4481514;1023815680;31825920;1126162432;0;0;0;0;0;0;0;0;0;0;0;2986;0;0;89;0;80;0;
30215;6091575;1023815680;31825920;1126162432;0;0;0;0;0;0;0;0;0;0;0;2786;0;0;89;0;80;0;
30216;4436230;1023815680;31825920;1126162432;0;0;0;0;0;0;0;0;0;0;0;3747;0;0;89;0;80;0;
30217;5183050;1023815680;31825920;1126162432;0;0;0;0;0;0;0;0;0;0;0;3336;0;0;89;0;80;0;
30218;3716630;1023815680;31825920;1126162432;0;0;0;0;0;0;0;0;0;0;0;2756;0;0;89;0;80;0;
30219;5760713;1023815680;31825920;1126162432;0;0;0;0;0;0;0;0;0;0;0;2405;0;0;89;0;80;0;
30220;3310749;1018019840;24260608;1118597120;0;0;0;0;0;0;0;0;0;0;0;2675;0;0;89;0;80;0;
30221;5197326;1018019840;24260608;1118597120;0;0;0;0;0;0;0;0;0;0;0;2244;0;0;89;0;80;0;
30222;2635833;1018019840;24260608;1118597120;0;0;0;0;0;0;0;0;0;0;0;2475;0;0;89;0;80;0;
30223;4538031;1018019840;24260608;1118597120;0;0;0;0;0;0;0;0;0;0;0;2886;0;0;89;0;80;0;
30224;2902924;1018019840;24260608;1118597120;0;0;0;0;0;0;0;0;0;0;0;3066;0;0;89;0;80;0;
30225;4420319;1018019840;24260608;1118597120;0;0;0;0;0;0;0;0;0;0;0;2275;0;0;89;0;80;0;
30226;2159851;1018019840;24260608;1118597120;0;0;0;0;0;0;0;0;0;0;0;2394;0;0;89;0;80;0;
30227;5346888;1018019840;24260608;1118597120;0;0;0;0;0;0;0;0;0;0;0;1843;0;0;89;0;80;0;
30228;3016096;1018019840;24260608;1118597120;0;0;0;0;0;0;0;0;0;0;0;3306;0;0;89;0;80;0;
30229;4927792;1018019840;24260608;1118597120;0;0;0;0;0;0;0;0;0;0;0;2855;0;0;89;0;80;0;
30230;4023946;1018019840;24260608;1118597120;0;0;0;0;0;0;0;0;0;0;0;2004;0;0;89;0;80;0;
30231;8100451;1018019840;24260608;1118597120;0;0;0;0;0;0;0;0;0;0;0;2034;0;0;89;0;80;0;
30232;3117777;1018019840;24260608;1118597120;0;0;0;0;0;0;0;0;0;0;0;4028;0;0;89;0;80;0;
30233;6250272;1018019840;24260608;1118597120;0;0;0;0;0;0;0;0;0;0;0;2645;0;0;89;0;80;0;
30234;3041374;1018019840;24260608;1118597120;0;0;0;0;0;0;0;0;0;0;0;2314;0;0;89;0;80;0;
30235;5808753;1023823872;31825920;1126162432;0;0;0;0;0;0;0;0;0;0;0;2405;0;0;89;0;80;0;
30236;2912832;1023823872;31825920;1126162432;0;0;0;0;0;0;0;0;0;0;0;2405;0;0;89;0;80;0;
30237;4872368;1023823872;31825920;1126162432;0;0;0;0;0;0;0;0;0;0;0;1944;0;0;89;0;80;0;
30238;3260575;1023823872;31825920;1126162432;0;0;0;0;0;0;0;0;0;0;0;2645;0;0;89;0;80;0;
30239;5560829;1023823872;31825920;1126162432;0;0;0;0;0;0;0;0;0;0;0;2235;0;0;89;0;80;0;
30240;3149556;1023823872;31825920;1126162432;0;0;0;0;0;0;0;0;0;0;0;3096;0;0;89;0;80;0;
30241;4868360;1023823872;31825920;1126162432;0;0;0;0;0;0;0;0;0;0;0;1924;0;0;89;0;80;0;
30242;3958093;1023823872;31825920;1126162432;0;0;0;0;0;0;0;0;0;0;0;3477;0;0;89;0;80;0;
30243;5263100;1023823872;31825920;1126162432;0;0;0;0;0;0;0;0;0;0;0;3066;0;0;89;0;80;0;
30244;1998338;1018028032;24260608;1118597120;0;0;0;0;0;0;0;0;0;0;0;2445;0;0;89;0;80;0;
30245;5476571;1018028032;24260608;1118597120;0;0;0;0;0;0;0;0;0;0;0;2324;0;0;89;0;80;0;
30246;3517637;1018028032;24260608;1118597120;0;0;0;0;0;0;0;0;0;0;0;3487;0;0;89;0;80;0;
30247;4901993;1018028032;24260608;1118597120;0;0;0;0;0;0;0;0;0;0;0;3276;0;0;89;0;80;0;
30248;4455014;1018028032;24260608;1118597120;0;0;0;0;0;0;0;0;0;0;0;2555;0;0;89;0;80;0;
30249;5243053;1018028032;24260608;1118597120;0;0;0;0;0;0;0;0;0;0;0;2134;0;0;89;0;80;0;
30250;3600152;1018028032;24260608;1118597120;0;0;0;0;0;0;0;0;0;0;0;2936;0;0;89;0;80;0;
30251;5098522;1018028032;24260608;1118597120;0;0;0;0;0;0;0;0;0;0;0;2124;0;0;89;0;80;0;
30252;3834922;1018028032;24260608;1118597120;0;0;0;0;0;0;0;0;0;0;0;2485;0;0;89;0;80;0;
30253;5649875;1018028032;24260608;1118597120;0;0;0;0;0;0;0;0;0;0;0;2254;0;0;89;0;80;0;
30254;2569929;1018028032;24260608;1118597120;0;0;0;0;0;0;0;0;0;0;0;2405;0;0;89;0;80;0;
30255;4584608;1018028032;24260608;1118597120;0;0;0;0;0;0;0;0;0;0;0;2174;0;0;89;0;80;0;
30256;2403487;1018028032;24260608;1118597120;0;0;0;0;0;0;0;0;0;0;0;2835;0;0;89;0;80;0;
30257;4681440;1018028032;24260608;1118597120;0;0;0;0;0;0;0;0;0;0;0;2265;0;0;89;0;80;0;
30258;2723497;1018028032;24260608;1118597120;0;0;0;0;0;0;0;0;0;0;0;2444;0;0;89;0;80;0;
30259;6257786;1023832064;31825920;1126162432;0;0;0;0;0;0;0;0;0;0;0;2655;0;0;89;0;80;0;
30260;2472547;1023832064;31825920;1126162432;0;0;0;0;0;0;0;0;0;0;0;2845;0;0;89;0;80;0;
30261;5200613;1023832064;31825920;1126162432;0;0;0;0;0;0;0;0;0;0;0;2214;0;0;89;0;80;0;
30262;2856467;1023832064;31825920;1126162432;0;0;0;0;0;0;0;0;0;0;0;3206;0;0;89;0;80;0;
30263;5162241;1023832064;31825920;1126162432;0;0;0;0;0;0;0;0;0;0;0;2705;0;0;89;0;80;0;
30264;3810175;1023832064;31825920;1126162432;0;0;0;0;0;0;0;0;0;0;0;3176;0;0;89;0;80;0;
30265;5269452;1023832064;31825920;1126162432;0;0;0;0;0;0;0;0;0;0;0;3216;0;0;89;0;80;0;
30266;4170250;1023832064;31825920;1126162432;0;0;0;0;0;0;0;0;0;0;0;3587;0;0;89;0;80;0;
30267;6105130;1023832064;31825920;1126162432;0;0;0;0;0;0;0;0;0;0;0;2995;0;0;89;0;80;0;
30268;4230413;1018036224;24260608;1118597120;0;0;0;0;0;0;0;0;0;0;0;2976;0;0;89;0;80;0;
30269;5152472;1018036224;24260608;1118597120;0;0;0;0;0;0;0;0;0;0;0;2946;0;0;89;0;80;0;
30270;3172038;1018036224;24260608;1118597120;0;0;0;0;0;0;0;0;0;0;0;2825;0;0;89;0;80;0;
30271;4743986;1018036224;24260608;1118597120;0;0;0;0;0;0;0;0;0;0;0;2545;0;0;89;0;80;0;
30272;2748615;1018036224;24260608;1118597120;0;0;0;0;0;0;0;0;0;0;0;2936;0;0;89;0;80;0;
30273;5658782;1018036224;24260608;1118597120;0;0;0;0;0;0;0;0;0;0;0;2265;0;0;89;0;80;0;
30274;3883974;1018036224;24260608;1118597120;0;0;0;0;0;0;0;0;0;0;0;3527;0;0;89;0;80;0;
30275;5792623;1018036224;24260608;1118597120;0;0;0;0;0;0;0;0;0;0;0;2986;0;0;89;0;80;0;
30276;5192538;1018036224;24260608;1118597120;0;0;0;0;0;0;0;0;0;0;0;3777;0;0;89;0;80;0;
30277;6118875;1018036224;24260608;1118597120;0;0;0;0;0;0;0;0;0;0;0;3466;0;0;89;0;80;0;
30278;4222008;1018036224;24260608;1118597120;0;0;0;0;0;0;0;0;0;0;0;3607;0;0;89;0;80;0;
30279;5893623;1018036224;24260608;1118597120;0;0;0;0;0;0;0;0;0;0;0;2805;0;0;89;0;80;0;
30280;4146666;1018036224;24260608;1118597120;0;0;0;0;0;0;0;0;0;0;0;3757;0;0;89;0;80;0;
30281;5431757;1018036224;24260608;1118597120;0;0;0;0;0;0;0;0;0;0;0;2735;0;0;89;0;80;0;
30282;3707473;1018036224;24260608;1118597120;0;0;0;0;0;0;0;0;0;0;0;3346;0;0;89;0;80;0;
30283;5225711;1018036224;24260608;1118597120;0;0;0;0;0;0;0;0;0;0;0;2906;0;0;89;0;80;0;
30284;4530476;1018036224;24260608;1118597120;0;0;0;0;0;0;0;0;0;0;0;3336;0;0;89;0;80;0;
30285;5079276;1018036224;24260608;1118597120;0;0;0;0;0;0;0;0;0;0;0;4077;0;0;89;0;80;0;
30286;4906091;1018036224;24260608;1118597120;0;0;0;0;0;0;0;0;0;0;0;3076;0;0;89;0;80;0;
30287;5664453;1018036224;24260608;1118597120;0;0;0;0;0;0;0;0;0;0;0;4168;0;0;89;0;80;0;
30288;4691268;1018036224;24260608;1118597120;0;0;0;0;0;0;0;0;0;0;0;4258;0;0;89;0;80;0;
30289;5878304;1018036224;24260608;1118597120;0;0;0;0;0;0;0;0;0;0;0;3937;0;0;89;0;80;0;
30290;3159295;1018036224;24260608;1118597120;0;0;0;0;0;0;0;0;0;0;0;3827;0;0;89;0;80;0;
30291;5208277;1018036224;24260608;1118597120;0;0;0;0;0;0;0;0;0;0;0;3216;0;0;89;0;80;0;
30292;3970637;1018036224;24260608;1118597120;0;0;0;0;0;0;0;0;0;0;0;2936;0;0;89;0;80;0;
30293;4783751;1018036224;24260608;1118597120;0;0;0;0;0;0;0;0;0;0;0;2324;0;0;89;0;80;0;
30294;4383391;1018036224;24260608;1118597120;0;0;0;0;0;0;0;0;0;0;0;3106;0;0;89;0;80;0;
30295;5031686;1018036224;24260608;1118597120;0;0;0;0;0;0;0;0;0;0;0;2284;0;0;89;0;80;0;
30296;2568276;1018036224;24260608;1118597120;0;0;0;0;0;0;0;0;0;0;0;2976;0;0;89;0;80;0;
30297;5344443;1018036224;24260608;1118597120;0;0;0;0;0;0;0;0;0;0;0;3967;0;0;89;0;80;0;
30298;3169264;1018036224;24260608;1118597120;0;0;0;0;0;0;0;0;0;0;0;3306;0;0;89;0;80;0;
30299;5570096;1018036224;24260608;1118597120;0;0;0;0;0;0;0;0;0;0;0;2855;0;0;89;0;80;0;
30300;2634600;1018036224;24260608;1118597120;0;0;0;0;0;0;0;0;0;0;0;2775;0;0;89;0;80;0;
30301;5419765;1018036224;24260608;1118597120;0;0;0;0;0;0;0;0;0;0;0;2254;0;0;89;0;80;0;
30302;2664658;1018036224;24260608;1118597120;0;0;0;0;0;0;0;0;0;0;0;2665;0;0;89;0;80;0;
30303;4503296;1018036224;24260608;1118597120;0;0;0;0;0;0;0;0;0;0;0;2354;0;0;89;0;80;0;
30304;3083542;1018036224;24260608;1118597120;0;0;0;0;0;0;0;0;0;0;0;3116;0;0;89;0;80;0;
30305;4763543;1018036224;24260608;1118597120;0;0;0;0;0;0;0;0;0;0;0;2264;0;0;89;0;80;0;
30306;2764685;1018036224;24260608;1118597120;0;0;0;0;0;0;0;0;0;0;0;3015;0;0;89;0;80;0;
30307;4818576;1018036224;24260608;1118597120;0;0;0;0;0;0;0;0;0;0;0;2795;0;0;89;0;80;0;
30308;2585469;1018036224;24260608;1118597120;0;0;0;0;0;0;0;0;0;0;0;2795;0;0;89;0;80;0;
30309;4847190;1018036224;24260608;1118597120;0;0;0;0;0;0;0;0;0;0;0;2675;0;0;89;0;80;0;
30310;3228545;1018036224;24260608;1118597120;0;0;0;0;0;0;0;0;0;0;0;2625;0;0;89;0;80;0;
30311;5552073;1018036224;24260608;1118597120;0;0;0;0;0;0;0;0;0;0;0;2365;0;0;89;0;80;0;
30312;2808457;1018036224;24260608;1118597120;0;0;0;0;0;0;0;0;0;0;0;2475;0;0;89;0;80;0;
30313;5469057;1018036224;24260608;1118597120;0;0;0;0;0;0;0;0;0;0;0;2725;0;0;89;0;80;0;
30314;3320567;1018036224;24260608;1118597120;0;0;0;0;0;0;0;0;0;0;0;2925;0;0;89;0;80;0;
30315;5466933;1018036224;24260608;1118597120;0;0;0;0;0;0;0;0;0;0;0;2645;0;0;89;0;80;0;
30316;3850150;1018036224;24260608;1118597120;0;0;0;0;0;0;0;0;0;0;0;3837;0;0;89;0;80;0;
30317;5479677;1018036224;24260608;1118597120;0;0;0;0;0;0;0;0;0;0;0;2545;0;0;89;0;80;0;
30318;3387373;1018036224;24260608;1118597120;0;0;0;0;0;0;0;0;0;0;0;3246;0;0;89;0;80;0;
30319;5721390;1018036224;24260608;1118597120;0;0;0;0;0;0;0;0;0;0;0;3417;0;0;89;0;80;0;
30320;4602421;1018036224;24260608;1118597120;0;0;0;0;0;0;0;0;0;0;0;3436;0;0;89;0;80;0;
30321;5722572;1018036224;24260608;1118597120;0;0;0;0;0;0;0;0;0;0;0;2465;0;0;89;0;80;0;
30322;4182744;1018036224;24260608;1118597120;0;0;0;0;0;0;0;0;0;0;0;3106;0;0;89;0;80;0;
30323;6466527;1018036224;24260608;1118597120;0;0;0;0;0;0;0;0;0;0;0;3937;0;0;89;0;80;0;
30324;4022384;1018036224;24260608;1118597120;0;0;0;0;0;0;0;0;0;0;0;3606;0;0;89;0;80;0;
30325;6013758;1018036224;24260608;1118597120;0;0;0;0;0;0;0;0;0;0;0;4298;0;0;89;0;80;0;
30326;4639230;1018036224;24260608;1118597120;0;0;0;0;0;0;0;0;0;0;0;3627;0;0;89;0;80;0;
30327;7466151;1018036224;24260608;1118597120;0;0;0;0;0;0;0;0;0;0;0;4779;0;0;89;0;80;0;
30328;5276595;1018036224;24260608;1118597120;0;0;0;0;0;0;0;0;0;0;0;3827;0;0;89;0;80;0;
30329;6810633;1018036224;24260608;1118597120;0;0;0;0;0;0;0;0;0;0;0;4208;0;0;89;0;80;0;
30330;5230670;1018036224;24260608;1118597120;0;0;0;0;0;0;0;0;0;0;0;3616;0;0;89;0;80;0;
30331;5713275;1018036224;24260608;1118597120;0;0;0;0;0;0;0;0;0;0;0;3617;0;0;89;0;80;0;
30332;4556365;1018036224;24260608;1118597120;0;0;0;0;0;0;0;0;0;0;0;4328;0;0;89;0;80;0;
30333;5060069;1018036224;24260608;1118597120;0;0;0;0;0;0;0;0;0;0;0;3126;0;0;89;0;80;0;
30334;4168317;1018036224;24260608;1118597120;0;0;0;0;0;0;0;0;0;0;0;3316;0;0;89;0;80;0;
30335;5241189;1018036224;24260608;1118597120;0;0;0;0;0;0;0;0;0;0;0;2775;0;0;89;0;80;0;
30336;4025710;1018036224;24260608;1118597120;0;0;0;0;0;0;0;0;0;0;0;4007;0;0;89;0;80;0;
30337;5436666;1018036224;24260608;1118597120;0;0;0;0;0;0;0;0;0;0;0;2905;0;0;89;0;80;0;
30338;4237767;1018036224;24260608;1118597120;0;0;0;0;0;0;0;0;0;0;0;3146;0;0;89;0;80;0;
30339;5739935;1018036224;24260608;1118597120;0;0;0;0;0;0;0;0;0;0;0;3196;0;0;89;0;80;0;
30340;4069863;1018036224;24260608;1118597120;0;0;0;0;0;0;0;0;0;0;0;3186;0;0;89;0;80;0;
30341;5231601;1018036224;24260608;1118597120;0;0;0;0;0;0;0;0;0;0;0;3115;0;0;89;0;80;0;
30342;2988956;1018036224;24260608;1118597120;0;0;0;0;0;0;0;0;0;0;0;3466;0;0;89;0;80;0;
30343;5204480;1018036224;24260608;1118597120;0;0;0;0;0;0;0;0;0;0;0;3367;0;0;89;0;80;0;
30344;3788935;1018036224;24260608;1118597120;0;0;0;0;0;0;0;0;0;0;0;3496;0;0;89;0;80;0;
30345;6278775;1018036224;24260608;1118597120;0;0;0;0;0;0;0;0;0;0;0;3136;0;0;89;0;80;0;
30346;3969875;1018036224;24260608;1118597120;0;0;0;0;0;0;0;0;0;0;0;3767;0;0;89;0;80;0;
30347;5570176;1018036224;24260608;1118597120;0;0;0;0;0;0;0;0;0;0;0;3657;0;0;89;0;80;0;
30348;3807531;1018036224;24260608;1118597120;0;0;0;0;0;0;0;0;0;0;0;3787;0;0;89;0;80;0;
30349;5322192;1018036224;24260608;1118597120;0;0;0;0;0;0;0;0;0;0;0;3367;0;0;89;0;80;0;
30350;3161258;1018036224;24260608;1118597120;0;0;0;0;0;0;0;0;0;0;0;3216;0;0;89;0;80;0;
30351;5412560;1018036224;24260608;1118597120;0;0;0;0;0;0;0;0;0;0;0;2886;0;0;89;0;80;0;
30352;4407004;1018036224;24260608;1118597120;0;0;0;0;0;0;0;0;0;0;0;4298;0;0;89;0;80;0;
30353;7227404;1018036224;24260608;1118597120;0;0;0;0;0;0;0;0;0;0;0;4719;0;0;89;0;80;0;
30354;4952227;1018036224;24260608;1118597120;0;0;0;0;0;0;0;0;0;0;0;3637;0;0;89;0;80;0;
30355;5996576;1018036224;24260608;1118597120;0;0;0;0;0;0;0;0;0;0;0;3567;0;0;89;0;80;0;
30356;4150123;1018036224;24260608;1118597120;0;0;0;0;0;0;0;0;0;0;0;4057;0;0;89;0;80;0;
30357;7229007;1018036224;24260608;1118597120;0;0;0;0;0;0;0;0;0;0;0;4168;0;0;89;0;80;0;
30358;3892119;1018036224;24260608;1118597120;0;0;0;0;0;0;0;0;0;0;0;3807;0;0;89;0;80;0;
30359;5973061;1018036224;24260608;1118597120;0;0;0;0;0;0;0;0;0;0;0;4809;0;0;89;0;80;0;
30360;4734008;1018036224;24260608;1118597120;0;0;0;0;0;0;0;0;0;0;0;4328;0;0;89;0;80;0;
30361;5381913;1018036224;24260608;1118597120;0;0;0;0;0;0;0;0;0;0;0;3577;0;0;89;0;80;0;
30362;3890325;1018036224;24260608;1118597120;0;0;0;0;0;0;0;0;0;0;0;4048;0;0;89;0;80;0;
30363;5924351;1018036224;24260608;1118597120;0;0;0;0;0;0;0;0;0;0;0;4318;0;0;89;0;80;0;
30364;2768051;1018036224;24260608;1118597120;0;0;0;0;0;0;0;0;0;0;0;3136;0;0;89;0;80;0;
30365;5670043;1018036224;24260608;1118597120;0;0;0;0;0;0;0;0;0;0;0;3797;0;0;89;0;80;0;
30366;4716976;1018036224;24260608;1118597120;0;0;0;0;0;0;0;0;0;0;0;3656;0;0;89;0;80;0;
30367;6022415;1018036224;24260608;1118597120;0;0;0;0;0;0;0;0;0;0;0;5190;0;0;89;0;80;0;
30368;4042862;1018036224;24260608;1118597120;0;0;0;0;0;0;0;0;0;0;0;3617;0;0;89;0;80;0;
30369;5176088;1018036224;24260608;1118597120;0;0;0;0;0;0;0;0;0;0;0;4629;0;0;89;0;80;0;
30370;5283810;1018036224;24260608;1118597120;0;0;0;0;0;0;0;0;0;0;0;4028;0;0;89;0;80;0;
30371;5623977;1018036224;24260608;1118597120;0;0;0;0;0;0;0;0;0;0;0;3847;0;0;89;0;80;0;
30372;3771513;1018036224;24260608;1118597120;0;0;0;0;0;0;0;0;0;0;0;3196;0;0;89;0;80;0;
30373;5064278;1018036224;24260608;1118597120;0;0;0;0;0;0;0;0;0;0;0;2846;0;0;89;0;80;0;
30374;3054929;1018036224;24260608;1118597120;0;0;0;0;0;0;0;0;0;0;0;3957;0;0;89;0;80;0;
30375;5359682;1018036224;24260608;1118597120;0;0;0;0;0;0;0;0;0;0;0;3988;0;0;89;0;80;0;
30376;3493932;1018036224;24260608;1118597120;0;0;0;0;0;0;0;0;0;0;0;3497;0;0;89;0;80;0;
30377;4976332;1018036224;24260608;1118597120;0;0;0;0;0;0;0;0;0;0;0;2876;0;0;89;0;80;0;
30378;3922346;1018036224;24260608;1118597120;0;0;0;0;0;0;0;0;0;0;0;4459;0;0;89;0;80;0;
30379;5065970;1018036224;24260608;1118597120;0;0;0;0;0;0;0;0;0;0;0;4048;0;0;89;0;80;0;
30380;4786526;1018036224;24260608;1118597120;0;0;0;0;0;0;0;0;0;0;0;4408;0;0;89;0;80;0;
30381;6181022;1018036224;24260608;1118597120;0;0;0;0;0;0;0;0;0;0;0;4478;0;0;89;0;80;0;
30382;4096212;1018036224;24260608;1118597120;0;0;0;0;0;0;0;0;0;0;0;3577;0;0;89;0;80;0;
30383;5189753;1018036224;24260608;1118597120;0;0;0;0;0;0;0;0;0;0;0;3076;0;0;89;0;80;0;
30384;4428846;1018036224;24260608;1118597120;0;0;0;0;0;0;0;0;0;0;0;4328;0;0;89;0;80;0;
30385;5375411;1018036224;24260608;1118597120;0;0;0;0;0;0;0;0;0;0;0;2886;0;0;89;0;80;0;
30386;4907824;1018036224;24260608;1118597120;0;0;0;0;0;0;0;0;0;0;0;4829;0;0;89;0;80;0;
30387;6830990;1018036224;24260608;1118597120;0;0;0;0;0;0;0;0;0;0;0;3897;0;0;89;0;80;0;
30388;4838975;1018036224;24260608;1118597120;0;0;0;0;0;0;0;0;0;0;0;3336;0;0;89;0;80;0;
30389;5824222;1018036224;24260608;1118597120;0;0;0;0;0;0;0;0;0;0;0;3386;0;0;89;0;80;0;
30390;5051013;1018036224;24260608;1118597120;0;0;0;0;0;0;0;0;0;0;0;3306;0;0;89;0;80;0;
30391;6703151;1018036224;24260608;1118597120;0;0;0;0;0;0;0;0;0;0;0;3727;0;0;89;0;80;0;
30392;5893763;1018036224;24260608;1118597120;0;0;0;0;0;0;0;0;0;0;0;4479;0;0;89;0;80;0;
30393;7145250;1018036224;24260608;1118597120;0;0;0;0;0;0;0;0;0;0;0;4258;0;0;89;0;80;0;
30394;5184623;1018036224;24260608;1118597120;0;0;0;0;0;0;0;0;0;0;0;5711;0;0;89;0;80;0;
30395;6679316;1018036224;24260608;1118597120;0;0;0;0;0;0;0;0;0;0;0;5370;0;0;89;0;80;0;
30396;6357583;1018036224;24260608;1118597120;0;0;0;0;0;0;0;0;0;0;0;4879;0;0;89;0;80;0;
30397;7086269;1018036224;24260608;1118597120;0;0;0;0;0;0;0;0;0;0;0;3767;0;0;89;0;80;0;
30398;4620114;1018036224;24260608;1118597120;0;0;0;0;0;0;0;0;0;0;0;3717;0;0;89;0;80;0;
30399;6631978;1023840256;31825920;1126162432;0;0;0;0;0;0;0;0;0;0;0;3867;0;0;89;0;80;0;
30400;5256948;1023840256;31825920;1126162432;0;0;0;0;0;0;0;0;0;0;0;3447;0;0;89;0;80;0;
30401;5899414;1023840256;31825920;1126162432;0;0;0;0;0;0;0;0;0;0;0;3116;0;0;89;0;80;0;
30402;4252425;1023840256;31825920;1126162432;0;0;0;0;0;0;0;0;0;0;0;3978;0;0;89;0;80;0;
30403;5659323;1023840256;31825920;1126162432;0;0;0;0;0;0;0;0;0;0;0;3988;0;0;89;0;80;0;
30404;5494535;1023840256;31825920;1126162432;0;0;0;0;0;0;0;0;0;0;0;3967;0;0;89;0;80;0;
30405;5765943;1023840256;31825920;1126162432;0;0;0;0;0;0;0;0;0;0;0;3146;0;0;89;0;80;0;
30406;5233244;1023840256;31825920;1126162432;0;0;0;0;0;0;0;0;0;0;0;3747;0;0;89;0;80;0;
30407;4879792;1023840256;31825920;1126162432;0;0;0;0;0;0;0;0;0;0;0;3457;0;0;89;0;80;0;
30408;5136924;1018085376;24260608;1118597120;0;0;0;0;0;0;0;0;0;0;0;3777;0;0;89;0;80;0;
30409;5530092;1018085376;24260608;1118597120;0;0;0;0;0;0;0;0;0;0;0;2715;0;0;89;0;80;0;
30410;4779192;1018085376;24260608;1118597120;0;0;0;0;0;0;0;0;0;0;0;4779;0;0;89;0;80;0;
30411;7963234;1018085376;24260608;1118597120;0;0;0;0;0;0;0;0;0;0;0;4919;0;0;89;0;80;0;
30412;4380906;1018085376;24260608;1118597120;0;0;0;0;0;0;0;0;0;0;0;3828;0;0;89;0;80;0;
30413;6374715;1018085376;24260608;1118597120;0;0;0;0;0;0;0;0;0;0;0;3196;0;0;89;0;80;0;
30414;4500821;1018085376;24260608;1118597120;0;0;0;0;0;0;0;0;0;0;0;3155;0;0;89;0;80;0;
30415;5806780;1018085376;24260608;1118597120;0;0;0;0;0;0;0;0;0;0;0;3236;0;0;89;0;80;0;
30416;4762081;1018085376;24260608;1118597120;0;0;0;0;0;0;0;0;0;0;0;3727;0;0;89;0;80;0;
30417;5655396;1018085376;24260608;1118597120;0;0;0;0;0;0;0;0;0;0;0;3687;0;0;89;0;80;0;
30418;5102129;1018085376;24260608;1118597120;0;0;0;0;0;0;0;0;0;0;0;4158;0;0;89;0;80;0;
30419;7219920;1018085376;24260608;1118597120;0;0;0;0;0;0;0;0;0;0;0;4137;0;0;89;0;80;0;
30420;5787183;1018085376;24260608;1118597120;0;0;0;0;0;0;0;0;0;0;0;3396;0;0;89;0;80;0;
30421;5077352;1018085376;24260608;1118597120;0;0;0;0;0;0;0;0;0;0;0;3657;0;0;89;0;80;0;
30422;6327757;1018085376;24260608;1118597120;0;0;0;0;0;0;0;0;0;0;0;4539;0;0;89;0;80;0;
30423;8259640;1023889408;31825920;1126162432;0;0;0;0;0;0;0;0;0;0;0;4318;0;0;89;0;80;0;
30424;5246249;1023889408;31825920;1126162432;0;0;0;0;0;0;0;0;0;0;0;4839;0;0;89;0;80;0;
30425;6935196;1023889408;31825920;1126162432;0;0;0;0;0;0;0;0;0;0;0;4398;0;0;89;0;80;0;
30426;4250502;1023889408;31825920;1126162432;0;0;0;0;0;0;0;0;0;0;0;3286;0;0;89;0;80;0;
30427;7773679;1023889408;31825920;1126162432;0;0;0;0;0;0;0;0;0;0;0;4789;0;0;89;0;80;0;
30428;4603223;1023889408;31825920;1126162432;0;0;0;0;0;0;0;0;0;0;0;3367;0;0;89;0;80;0;
30429;6184518;1023889408;31825920;1126162432;0;0;0;0;0;0;0;0;0;0;0;3848;0;0;89;0;80;0;
30430;6816293;1023889408;31825920;1126162432;0;0;0;0;0;0;0;0;0;0;0;3206;0;0;89;0;80;0;
30431;6640594;1023889408;31825920;1126162432;0;0;0;0;0;0;0;0;0;0;0;4027;0;0;89;0;80;0;
30432;4645703;1018093568;24260608;1118597120;0;0;0;0;0;0;0;0;0;0;0;3727;0;0;89;0;80;0;
30433;11534041;1018093568;24260608;1118597120;0;0;0;0;0;0;0;0;0;0;0;3105;0;0;89;0;80;0;
30434;4346051;1018093568;24260608;1118597120;0;0;0;0;0;0;0;0;0;0;0;4097;0;0;89;0;80;0;
30435;5750154;1018093568;24260608;1118597120;0;0;0;0;0;0;0;0;0;0;0;3286;0;0;89;0;80;0;
30436;3859217;1018093568;24260608;1118597120;0;0;0;0;0;0;0;0;0;0;0;3376;0;0;89;0;80;0;
30437;5405538;1018093568;24260608;1118597120;0;0;0;0;0;0;0;0;0;0;0;4258;0;0;89;0;80;0;
30438;3869176;1018093568;24260608;1118597120;0;0;0;0;0;0;0;0;0;0;0;3146;0;0;89;0;80;0;
30439;5354422;1018093568;24260608;1118597120;0;0;0;0;0;0;0;0;0;0;0;3326;0;0;89;0;80;0;
30440;4606770;1018093568;24260608;1118597120;0;0;0;0;0;0;0;0;0;0;0;3597;0;0;89;0;80;0;
30441;5452626;1018093568;24260608;1118597120;0;0;0;0;0;0;0;0;0;0;0;2956;0;0;89;0;80;0;
30442;4097595;1018093568;24260608;1118597120;0;0;0;0;0;0;0;0;0;0;0;9668;0;0;89;0;80;0;
30443;5577700;1018093568;24260608;1118597120;0;0;0;0;0;0;0;0;0;0;0;4017;0;0;89;0;80;0;
30444;4627999;1018093568;24260608;1118597120;0;0;0;0;0;0;0;0;0;0;0;3426;0;0;89;0;80;0;
30445;6463552;1018093568;24260608;1118597120;0;0;0;0;0;0;0;0;0;0;0;4198;0;0;89;0;80;0;
30446;4567696;1018093568;24260608;1118597120;0;0;0;0;0;0;0;0;0;0;0;3647;0;0;89;0;80;0;
30447;6590159;1023897600;31825920;1126162432;0;0;0;0;0;0;0;0;0;0;0;3807;0;0;89;0;80;0;
30448;4683393;1023897600;31825920;1126162432;0;0;0;0;0;0;0;0;0;0;0;4198;0;0;89;0;80;0;
30449;7469228;1023897600;31825920;1126162432;0;0;0;0;0;0;0;0;0;0;0;4629;0;0;89;0;80;0;
30450;4417776;1023897600;31825920;1126162432;0;0;0;0;0;0;0;0;0;0;0;3878;0;0;89;0;80;0;
30451;6543131;1023897600;31825920;1126162432;0;0;0;0;0;0;0;0;0;0;0;3807;0;0;89;0;80;0;
30452;5441234;1023897600;31825920;1126162432;0;0;0;0;0;0;0;0;0;0;0;4759;0;0;89;0;80;0;
30453;10024500;1023897600;31825920;1126162432;0;0;0;0;0;0;0;0;0;0;0;3867;0;0;89;0;80;0;
30454;5153555;1023897600;31825920;1126162432;0;0;0;0;0;0;0;0;0;0;0;3506;0;0;89;0;80;0;
30455;5115103;1023897600;31825920;1126162432;0;0;0;0;0;0;0;0;0;0;0;2985;0;0;89;0;80;0;
30456;4560122;1018101760;24260608;1118597120;0;0;0;0;0;0;0;0;0;0;0;4649;0;0;89;0;80;0;
30457;5545129;1018101760;24260608;1118597120;0;0;0;0;0;0;0;0;0;0;0;4017;0;0;89;0;80;0;
30458;3924830;1018101760;24260608;1118597120;0;0;0;0;0;0;0;0;0;0;0;3928;0;0;89;0;80;0;
30459;5727722;1018101760;24260608;1118597120;0;0;0;0;0;0;0;0;0;0;0;3717;0;0;89;0;80;0;
30460;4205557;1018101760;24260608;1118597120;0;0;0;0;0;0;0;0;0;0;0;3256;0;0;89;0;80;0;
30461;5761906;1018101760;24260608;1118597120;0;0;0;0;0;0;0;0;0;0;0;4108;0;0;89;0;80;0;
30462;4992583;1018101760;24260608;1118597120;0;0;0;0;0;0;0;0;0;0;0;3808;0;0;89;0;80;0;
30463;5847276;1018101760;24260608;1118597120;0;0;0;0;0;0;0;0;0;0;0;3957;0;0;89;0;80;0;
30464;6161254;1018101760;24260608;1118597120;0;0;0;0;0;0;0;0;0;0;0;4468;0;0;89;0;80;0;
30465;6263596;1018101760;24260608;1118597120;0;0;0;0;0;0;0;0;0;0;0;3837;0;0;89;0;80;0;
30466;4461637;1018101760;24260608;1118597120;0;0;0;0;0;0;0;0;0;0;0;4027;0;0;89;0;80;0;
30467;6237057;1018101760;24260608;1118597120;0;0;0;0;0;0;0;0;0;0;0;3847;0;0;89;0;80;0;
30468;4447120;1018101760;24260608;1118597120;0;0;0;0;0;0;0;0;0;0;0;3868;0;0;89;0;80;0;
30469;6255632;1018101760;24260608;1118597120;0;0;0;0;0;0;0;0;0;0;0;4529;0;0;89;0;80;0;
30470;6032564;1018101760;24260608;1118597120;0;0;0;0;0;0;0;0;0;0;0;3907;0;0;89;0;80;0;
30471;7047216;1023905792;31825920;1126162432;0;0;0;0;0;0;0;0;0;0;0;3778;0;0;89;0;80;0;
30472;5402572;1023905792;31825920;1126162432;0;0;0;0;0;0;0;0;0;0;0;4799;0;0;89;0;80;0;
30473;5860420;1023905792;31825920;1126162432;0;0;0;0;0;0;0;0;0;0;0;4078;0;0;89;0;80;0;
30474;5151852;1023905792;31825920;1126162432;0;0;0;0;0;0;0;0;0;0;0;4358;0;0;89;0;80;0;
30475;6231847;1023905792;31825920;1126162432;0;0;0;0;0;0;0;0;0;0;0;4438;0;0;89;0;80;0;
30476;4797177;1023905792;31825920;1126162432;0;0;0;0;0;0;0;0;0;0;0;4879;0;0;89;0;80;0;
30477;7264474;1023905792;31825920;1126162432;0;0;0;0;0;0;0;0;0;0;0;3937;0;0;89;0;80;0;
30478;4131839;1023905792;31825920;1126162432;0;0;0;0;0;0;0;0;0;0;0;3467;0;0;89;0;80;0;
30479;6183666;1023905792;31825920;1126162432;0;0;0;0;0;0;0;0;0;0;0;3957;0;0;89;0;80;0;
30480;4908295;1018109952;24260608;1118597120;0;0;0;0;0;0;0;0;0;0;0;3778;0;0;89;0;80;0;
30481;6487367;1018109952;24260608;1118597120;0;0;0;0;0;0;0;0;0;0;0;3797;0;0;89;0;80;0;
30482;3905755;1018109952;24260608;1118597120;0;0;0;0;0;0;0;0;0;0;0;3777;0;0;89;0;80;0;
30483;5637963;1018109952;24260608;1118597120;0;0;0;0;0;0;0;0;0;0;0;3737;0;0;89;0;80;0;
30484;5492170;1018109952;24260608;1118597120;0;0;0;0;0;0;0;0;0;0;0;3717;0;0;89;0;80;0;
30485;6193214;1018109952;24260608;1118597120;0;0;0;0;0;0;0;0;0;0;0;3868;0;0;89;0;80;0;
30486;4669948;1018109952;24260608;1118597120;0;0;0;0;0;0;0;0;0;0;0;4448;0;0;89;0;80;0;
30487;7484046;1018109952;24260608;1118597120;0;0;0;0;0;0;0;0;0;0;0;3507;0;0;89;0;80;0;
30488;6414089;1018109952;24260608;1118597120;0;0;0;0;0;0;0;0;0;0;0;4428;0;0;89;0;80;0;
30489;6246064;1018109952;24260608;1118597120;0;0;0;0;0;0;0;0;0;0;0;4708;0;0;89;0;80;0;
30490;6527582;1018109952;24260608;1118597120;0;0;0;0;0;0;0;0;0;0;0;4318;0;0;89;0;80;0;
30491;6922813;1018109952;24260608;1118597120;0;0;0;0;0;0;0;0;0;0;0;4498;0;0;89;0;80;0;
30492;4737003;1018109952;24260608;1118597120;0;0;0;0;0;0;0;0;0;0;0;3466;0;0;89;0;80;0;
30493;5719426;1018109952;24260608;1118597120;0;0;0;0;0;0;0;0;0;0;0;3397;0;0;89;0;80;0;
30494;4746071;1018109952;24260608;1118597120;0;0;0;0;0;0;0;0;0;0;0;3888;0;0;89;0;80;0;
30495;5110333;1018109952;24260608;1118597120;0;0;0;0;0;0;0;0;0;0;0;3687;0;0;89;0;80;0;
30496;4628931;1018109952;24260608;1118597120;0;0;0;0;0;0;0;0;0;0;0;3727;0;0;89;0;80;0;
30497;5541613;1018109952;24260608;1118597120;0;0;0;0;0;0;0;0;0;0;0;3006;0;0;89;0;80;0;
30498;4959361;1018109952;24260608;1118597120;0;0;0;0;0;0;0;0;0;0;0;3166;0;0;89;0;80;0;
30499;5863196;1018109952;24260608;1118597120;0;0;0;0;0;0;0;0;0;0;0;3416;0;0;89;0;80;0;
30500;5154878;1018109952;24260608;1118597120;0;0;0;0;0;0;0;0;0;0;0;5791;0;0;89;0;80;0;
30501;6652206;1018109952;24260608;1118597120;0;0;0;0;0;0;0;0;0;0;0;4208;0;0;89;0;80;0;
30502;4536558;1018109952;24260608;1118597120;0;0;0;0;0;0;0;0;0;0;0;3757;0;0;89;0;80;0;
30503;6449065;1018109952;24260608;1118597120;0;0;0;0;0;0;0;0;0;0;0;4008;0;0;89;0;80;0;
30504;4879070;1018109952;24260608;1118597120;0;0;0;0;0;0;0;0;0;0;0;3928;0;0;89;0;80;0;
30505;7222365;1018109952;24260608;1118597120;0;0;0;0;0;0;0;0;0;0;0;3297;0;0;89;0;80;0;
30506;5190995;1018109952;24260608;1118597120;0;0;0;0;0;0;0;0;0;0;0;4168;0;0;89;0;80;0;
30507;7173934;1018109952;24260608;1118597120;0;0;0;0;0;0;0;0;0;0;0;3727;0;0;89;0;80;0;
30508;4082306;1018109952;24260608;1118597120;0;0;0;0;0;0;0;0;0;0;0;4348;0;0;89;0;80;0;
30509;5429052;1018109952;24260608;1118597120;0;0;0;0;0;0;0;0;0;0;0;3606;0;0;89;0;80;0;
30510;5331990;1018109952;24260608;1118597120;0;0;0;0;0;0;0;0;0;0;0;4017;0;0;89;0;80;0;
30511;6888018;1018109952;24260608;1118597120;0;0;0;0;0;0;0;0;0;0;0;3156;0;0;89;0;80;0;
30512;5057384;1018109952;24260608;1118597120;0;0;0;0;0;0;0;0;0;0;0;3697;0;0;89;0;80;0;
30513;5830915;1018109952;24260608;1118597120;0;0;0;0;0;0;0;0;0;0;0;83376;0;0;89;0;80;0;
30514;4803889;1018109952;24260608;1118597120;0;0;0;0;0;0;0;0;0;0;0;3958;0;0;89;0;80;0;
30515;5935110;1018109952;24260608;1118597120;0;0;0;0;0;0;0;0;0;0;0;5891;0;0;89;0;80;0;
30516;5641299;1018109952;24260608;1118597120;0;0;0;0;0;0;0;0;0;0;0;4038;0;0;89;0;80;0;
30517;6522823;1018109952;24260608;1118597120;0;0;0;0;0;0;0;0;0;0;0;4749;0;0;89;0;80;0;
30518;5259594;1018109952;24260608;1118597120;0;0;0;0;0;0;0;0;0;0;0;4048;0;0;89;0;80;0;
30519;6925689;1018109952;24260608;1118597120;0;0;0;0;0;0;0;0;0;0;0;4298;0;0;89;0;80;0;
30520;5496107;1018109952;24260608;1118597120;0;0;0;0;0;0;0;0;0;0;0;4128;0;0;89;0;80;0;
30521;6820711;1018109952;24260608;1118597120;0;0;0;0;0;0;0;0;0;0;0;4428;0;0;89;0;80;0;
30522;5105054;1018109952;24260608;1118597120;0;0;0;0;0;0;0;0;0;0;0;3506;0;0;89;0;80;0;
30523;7107509;1018109952;24260608;1118597120;0;0;0;0;0;0;0;0;0;0;0;3697;0;0;89;0;80;0;
30524;4484871;1018109952;24260608;1118597120;0;0;0;0;0;0;0;0;0;0;0;3777;0;0;89;0;80;0;
30525;6448864;1018109952;24260608;1118597120;0;0;0;0;0;0;0;0;0;0;0;3466;0;0;89;0;80;0;
30526;4654108;1018109952;24260608;1118597120;0;0;0;0;0;0;0;0;0;0;0;3256;0;0;89;0;80;0;
30527;5825976;1018109952;24260608;1118597120;0;0;0;0;0;0;0;0;0;0;0;2716;0;0;89;0;80;0;
30528;5004144;1018109952;24260608;1118597120;0;0;0;0;0;0;0;0;0;0;0;3977;0;0;89;0;80;0;
30529;5739734;1018109952;24260608;1118597120;0;0;0;0;0;0;0;0;0;0;0;3597;0;0;89;0;80;0;
30530;4421462;1018109952;24260608;1118597120;0;0;0;0;0;0;0;0;0;0;0;4248;0;0;89;0;80;0;
30531;6820030;1018109952;24260608;1118597120;0;0;0;0;0;0;0;0;0;0;0;3706;0;0;89;0;80;0;
30532;4522792;1018109952;24260608;1118597120;0;0;0;0;0;0;0;0;0;0;0;4177;0;0;89;0;80;0;
30533;5738442;1018109952;24260608;1118597120;0;0;0;0;0;0;0;0;0;0;0;4068;0;0;89;0;80;0;
30534;6002627;1018109952;24260608;1118597120;0;0;0;0;0;0;0;0;0;0;0;4178;0;0;89;0;80;0;
30535;6605137;1018109952;24260608;1118597120;0;0;0;0;0;0;0;0;0;0;0;3897;0;0;89;0;80;0;
30536;5814354;1018109952;24260608;1118597120;0;0;0;0;0;0;0;0;0;0;0;3908;0;0;89;0;80;0;
30537;7456314;1018109952;24260608;1118597120;0;0;0;0;0;0;0;0;0;0;0;4428;0;0;89;0;80;0;
30538;5653562;1018109952;24260608;1118597120;0;0;0;0;0;0;0;0;0;0;0;3437;0;0;89;0;80;0;
30539;7036296;1018109952;24260608;1118597120;0;0;0;0;0;0;0;0;0;0;0;4038;0;0;89;0;80;0;
30540;6636726;1018109952;24260608;1118597120;0;0;0;0;0;0;0;0;0;0;0;3847;0;0;89;0;80;0;
30541;6486204;1018109952;24260608;1118597120;0;0;0;0;0;0;0;0;0;0;0;2986;0;0;89;0;80;0;
30542;5999481;1018109952;24260608;1118597120;0;0;0;0;0;0;0;0;0;0;0;3086;0;0;89;0;80;0;
30543;5897541;1018109952;24260608;1118597120;0;0;0;0;0;0;0;0;0;0;0;2896;0;0;89;0;80;0;
30544;6318850;1018109952;24260608;1118597120;0;0;0;0;0;0;0;0;0;0;0;3186;0;0;89;0;80;0;
30545;6090662;1018109952;24260608;1118597120;0;0;0;0;0;0;0;0;0;0;0;3346;0;0;89;0;80;0;
30546;5865530;1018109952;24260608;1118597120;0;0;0;0;0;0;0;0;0;0;0;3526;0;0;89;0;80;0;
30547;6338307;1018109952;24260608;1118597120;0;0;0;0;0;0;0;0;0;0;0;3837;0;0;89;0;80;0;
30548;5448107;1018109952;24260608;1118597120;0;0;0;0;0;0;0;0;0;0;0;3447;0;0;89;0;80;0;
30549;6713892;1018109952;24260608;1118597120;0;0;0;0;0;0;0;0;0;0;0;4609;0;0;89;0;80;0;
30550;4601229;1018109952;24260608;1118597120;0;0;0;0;0;0;0;0;0;0;0;3497;0;0;89;0;80;0;
30551;6366549;1018109952;24260608;1118597120;0;0;0;0;0;0;0;0;0;0;0;4909;0;0;89;0;80;0;
30552;4481695;1018109952;24260608;1118597120;0;0;0;0;0;0;0;0;0;0;0;3236;0;0;89;0;80;0;
30553;6696087;1018109952;24260608;1118597120;0;0;0;0;0;0;0;0;0;0;0;3506;0;0;89;0;80;0;
30554;3315317;1018109952;24260608;1118597120;0;0;0;0;0;0;0;0;0;0;0;3226;0;0;89;0;80;0;
30555;4911391;1018109952;24260608;1118597120;0;0;0;0;0;0;0;0;0;0;0;2905;0;0;89;0;80;0;
30556;4517803;1018109952;24260608;1118597120;0;0;0;0;0;0;0;0;0;0;0;11802;0;0;89;0;80;0;
30557;5000828;1018109952;24260608;1118597120;0;0;0;0;0;0;0;0;0;0;0;2855;0;0;89;0;80;0;
30558;6334349;1018109952;24260608;1118597120;0;0;0;0;0;0;0;0;0;0;0;3917;0;0;89;0;80;0;
30559;5361385;1018109952;24260608;1118597120;0;0;0;0;0;0;0;0;0;0;0;3176;0;0;89;0;80;0;
30560;7026167;1018109952;24260608;1118597120;0;0;0;0;0;0;0;0;0;0;0;3547;0;0;89;0;80;0;
30561;5228715;1018109952;24260608;1118597120;0;0;0;0;0;0;0;0;0;0;0;3266;0;0;89;0;80;0;
30562;5597127;1018109952;24260608;1118597120;0;0;0;0;0;0;0;0;0;0;0;3667;0;0;89;0;80;0;
30563;5890737;1018109952;24260608;1118597120;0;0;0;0;0;0;0;0;0;0;0;2936;0;0;89;0;80;0;
30564;6057660;1018109952;24260608;1118597120;0;0;0;0;0;0;0;0;0;0;0;3887;0;0;89;0;80;0;
30565;5361174;1018109952;24260608;1118597120;0;0;0;0;0;0;0;0;0;0;0;3677;0;0;89;0;80;0;
30566;5182900;1018109952;24260608;1118597120;0;0;0;0;0;0;0;0;0;0;0;3517;0;0;89;0;80;0;
30567;6645693;1018109952;24260608;1118597120;0;0;0;0;0;0;0;0;0;0;0;3797;0;0;89;0;80;0;
30568;4775276;1018109952;24260608;1118597120;0;0;0;0;0;0;0;0;0;0;0;3466;0;0;89;0;80;0;
30569;6839316;1018109952;24260608;1118597120;0;0;0;0;0;0;0;0;0;0;0;2996;0;0;89;0;80;0;
30570;4423135;1018109952;24260608;1118597120;0;0;0;0;0;0;0;0;0;0;0;3407;0;0;89;0;80;0;
30571;5804165;1018109952;24260608;1118597120;0;0;0;0;0;0;0;0;0;0;0;3066;0;0;89;0;80;0;
30572;4769625;1018109952;24260608;1118597120;0;0;0;0;0;0;0;0;0;0;0;3837;0;0;89;0;80;0;
30573;6950455;1018109952;24260608;1118597120;0;0;0;0;0;0;0;0;0;0;0;3457;0;0;89;0;80;0;
30574;5371583;1018109952;24260608;1118597120;0;0;0;0;0;0;0;0;0;0;0;3887;0;0;89;0;80;0;
30575;5287366;1018109952;24260608;1118597120;0;0;0;0;0;0;0;0;0;0;0;4117;0;0;89;0;80;0;
30576;5826908;1018109952;24260608;1118597120;0;0;0;0;0;0;0;0;0;0;0;3988;0;0;89;0;80;0;
30577;5774259;1018109952;24260608;1118597120;0;0;0;0;0;0;0;0;0;0;0;3266;0;0;89;0;80;0;
30578;4775566;1018109952;24260608;1118597120;0;0;0;0;0;0;0;0;0;0;0;4569;0;0;89;0;80;0;
30579;6279767;1018109952;24260608;1118597120;0;0;0;0;0;0;0;0;0;0;0;3867;0;0;89;0;80;0;
30580;3978201;1018109952;24260608;1118597120;0;0;0;0;0;0;0;0;0;0;0;3466;0;0;89;0;80;0;
30581;6283744;1018109952;24260608;1118597120;0;0;0;0;0;0;0;0;0;0;0;3537;0;0;89;0;80;0;
30582;3470107;1018109952;24260608;1118597120;0;0;0;0;0;0;0;0;0;0;0;3266;0;0;89;0;80;0;
30583;5863917;1018109952;24260608;1118597120;0;0;0;0;0;0;0;0;0;0;0;2595;0;0;89;0;80;0;
30584;3955789;1018109952;24260608;1118597120;0;0;0;0;0;0;0;0;0;0;0;3136;0;0;89;0;80;0;
30585;5180836;1018109952;24260608;1118597120;0;0;0;0;0;0;0;0;0;0;0;2524;0;0;89;0;80;0;
30586;4224112;1018109952;24260608;1118597120;0;0;0;0;0;0;0;0;0;0;0;3256;0;0;89;0;80;0;
30587;5774349;1023913984;31825920;1126162432;0;0;0;0;0;0;0;0;0;0;0;2845;0;0;89;0;80;0;
30588;6992644;1023913984;31825920;1126162432;0;0;0;0;0;0;0;0;0;0;0;4158;0;0;89;0;80;0;
30589;6099479;1023913984;31825920;1126162432;0;0;0;0;0;0;0;0;0;0;0;3858;0;0;89;0;80;0;
30590;5206885;1023913984;31825920;1126162432;0;0;0;0;0;0;0;0;0;0;0;4479;0;0;89;0;80;0;
30591;6471346;1023913984;31825920;1126162432;0;0;0;0;0;0;0;0;0;0;0;4538;0;0;89;0;80;0;
30592;5048858;1023913984;31825920;1126162432;0;0;0;0;0;0;0;0;0;0;0;4048;0;0;89;0;80;0;
30593;6249550;1023913984;31825920;1126162432;0;0;0;0;0;0;0;0;0;0;0;4769;0;0;89;0;80;0;
30594;3576828;1023913984;31825920;1126162432;0;0;0;0;0;0;0;0;0;0;0;3457;0;0;89;0;80;0;
30595;6402677;1023913984;31825920;1126162432;0;0;0;0;0;0;0;0;0;0;0;3357;0;0;89;0;80;0;
30596;4724130;1018150912;24260608;1118597120;0;0;0;0;0;0;0;0;0;0;0;3376;0;0;89;0;80;0;
30597;5671766;1018150912;24260608;1118597120;0;0;0;0;0;0;0;0;0;0;0;4559;0;0;89;0;80;0;
30598;5114271;1018150912;24260608;1118597120;0;0;0;0;0;0;0;0;0;0;0;3366;0;0;89;0;80;0;
30599;5195363;1018150912;24260608;1118597120;0;0;0;0;0;0;0;0;0;0;0;3827;0;0;89;0;80;0;
30600;4530065;1018150912;24260608;1118597120;0;0;0;0;0;0;0;0;0;0;0;3426;0;0;89;0;80;0;
30601;6048423;1018150912;24260608;1118597120;0;0;0;0;0;0;0;0;0;0;0;3616;0;0;89;0;80;0;
30602;5013252;1018150912;24260608;1118597120;0;0;0;0;0;0;0;0;0;0;0;3827;0;0;89;0;80;0;
30603;5230510;1018150912;24260608;1118597120;0;0;0;0;0;0;0;0;0;0;0;3386;0;0;89;0;80;0;
30604;4110980;1018150912;24260608;1118597120;0;0;0;0;0;0;0;0;0;0;0;3055;0;0;89;0;80;0;
30605;5779780;1018150912;24260608;1118597120;0;0;0;0;0;0;0;0;0;0;0;4147;0;0;89;0;80;0;
30606;3774028;1018150912;24260608;1118597120;0;0;0;0;0;0;0;0;0;0;0;3867;0;0;89;0;80;0;
30607;5601054;1018150912;24260608;1118597120;0;0;0;0;0;0;0;0;0;0;0;3176;0;0;89;0;80;0;
30608;4740480;1018150912;24260608;1118597120;0;0;0;0;0;0;0;0;0;0;0;2775;0;0;89;0;80;0;
30609;5127666;1018150912;24260608;1118597120;0;0;0;0;0;0;0;0;0;0;0;2725;0;0;89;0;80;0;
30610;3782333;1018150912;24260608;1118597120;0;0;0;0;0;0;0;0;0;0;0;3105;0;0;89;0;80;0;
30611;11974216;1023954944;31825920;1126162432;0;0;0;0;0;0;0;0;0;0;0;3086;0;0;89;0;80;0;
30612;3730887;1023954944;31825920;1126162432;0;0;0;0;0;0;0;0;0;0;0;3195;0;0;89;0;80;0;
30613;5678719;1023954944;31825920;1126162432;0;0;0;0;0;0;0;0;0;0;0;3266;0;0;89;0;80;0;
30614;3471671;1023954944;31825920;1126162432;0;0;0;0;0;0;0;0;0;0;0;3437;0;0;89;0;80;0;
30615;7766525;1023954944;31825920;1126162432;0;0;0;0;0;0;0;0;0;0;0;3346;0;0;89;0;80;0;
30616;3618385;1023954944;31825920;1126162432;0;0;0;0;0;0;0;0;0;0;0;4418;0;0;89;0;80;0;
30617;6185721;1023954944;31825920;1126162432;0;0;0;0;0;0;0;0;0;0;0;2705;0;0;89;0;80;0;
30618;2932900;1023954944;31825920;1126162432;0;0;0;0;0;0;0;0;0;0;0;3026;0;0;89;0;80;0;
30619;5242511;1023954944;31825920;1126162432;0;0;0;0;0;0;0;0;0;0;0;4919;0;0;89;0;80;0;
30620;3691894;1018159104;24260608;1118597120;0;0;0;0;0;0;0;0;0;0;0;2906;0;0;89;0;80;0;
30621;5780220;1018159104;24260608;1118597120;0;0;0;0;0;0;0;0;0;0;0;3146;0;0;89;0;80;0;
30622;3219087;1018159104;24260608;1118597120;0;0;0;0;0;0;0;0;0;0;0;3587;0;0;89;0;80;0;
30623;4857881;1018159104;24260608;1118597120;0;0;0;0;0;0;0;0;0;0;0;2975;0;0;89;0;80;0;
30624;5077212;1018159104;24260608;1118597120;0;0;0;0;0;0;0;0;0;0;0;3647;0;0;89;0;80;0;
30625;4967456;1018159104;24260608;1118597120;0;0;0;0;0;0;0;0;0;0;0;2856;0;0;89;0;80;0;
30626;4876996;1018159104;24260608;1118597120;0;0;0;0;0;0;0;0;0;0;0;3437;0;0;89;0;80;0;
30627;5169324;1018159104;24260608;1118597120;0;0;0;0;0;0;0;0;0;0;0;2935;0;0;89;0;80;0;
30628;4763363;1018159104;24260608;1118597120;0;0;0;0;0;0;0;0;0;0;0;3066;0;0;89;0;80;0;
30629;4962186;1018159104;24260608;1118597120;0;0;0;0;0;0;0;0;0;0;0;2886;0;0;89;0;80;0;
30630;5396671;1018159104;24260608;1118597120;0;0;0;0;0;0;0;0;0;0;0;2675;0;0;89;0;80;0;
30631;5978021;1018159104;24260608;1118597120;0;0;0;0;0;0;0;0;0;0;0;2685;0;0;89;0;80;0;
30632;5090316;1018159104;24260608;1118597120;0;0;0;0;0;0;0;0;0;0;0;3847;0;0;89;0;80;0;
30633;6802648;1018159104;24260608;1118597120;0;0;0;0;0;0;0;0;0;0;0;4147;0;0;89;0;80;0;
30634;3703596;1018159104;24260608;1118597120;0;0;0;0;0;0;0;0;0;0;0;2936;0;0;89;0;80;0;
30635;5885247;1023963136;31825920;1126162432;0;0;0;0;0;0;0;0;0;0;0;3326;0;0;89;0;80;0;
30636;4325352;1023963136;31825920;1126162432;0;0;0;0;0;0;0;0;0;0;0;2915;0;0;89;0;80;0;
30637;5343471;1023963136;31825920;1126162432;0;0;0;0;0;0;0;0;0;0;0;4208;0;0;89;0;80;0;
30638;4730712;1023963136;31825920;1126162432;0;0;0;0;0;0;0;0;0;0;0;3626;0;0;89;0;80;0;
30639;6295026;1023963136;31825920;1126162432;0;0;0;0;0;0;0;0;0;0;0;3657;0;0;89;0;80;0;
30640;6323679;1023963136;31825920;1126162432;0;0;0;0;0;0;0;0;0;0;0;4098;0;0;89;0;80;0;
30641;6241065;1023963136;31825920;1126162432;0;0;0;0;0;0;0;0;0;0;0;4288;0;0;89;0;80;0;
30642;3593289;1023963136;31825920;1126162432;0;0;0;0;0;0;0;0;0;0;0;3587;0;0;89;0;80;0;
30643;5398754;1023963136;31825920;1126162432;0;0;0;0;0;0;0;0;0;0;0;2595;0;0;89;0;80;0;
30644;3490576;1018167296;24260608;1118597120;0;0;0;0;0;0;0;0;0;0;0;2574;0;0;89;0;80;0;
30645;5586958;1018167296;24260608;1118597120;0;0;0;0;0;0;0;0;0;0;0;3947;0;0;89;0;80;0;
30646;3284038;1018167296;24260608;1118597120;0;0;0;0;0;0;0;0;0;0;0;3116;0;0;89;0;80;0;
30647;5010006;1018167296;24260608;1118597120;0;0;0;0;0;0;0;0;0;0;0;2675;0;0;89;0;80;0;
30648;3754571;1018167296;24260608;1118597120;0;0;0;0;0;0;0;0;0;0;0;3066;0;0;89;0;80;0;
30649;5416278;1018167296;24260608;1118597120;0;0;0;0;0;0;0;0;0;0;0;2865;0;0;89;0;80;0;
30650;4705084;1018167296;24260608;1118597120;0;0;0;0;0;0;0;0;0;0;0;3456;0;0;89;0;80;0;
30651;5329615;1018167296;24260608;1118597120;0;0;0;0;0;0;0;0;0;0;0;8095;0;0;89;0;80;0;
30652;3328513;1018167296;24260608;1118597120;0;0;0;0;0;0;0;0;0;0;0;3667;0;0;89;0;80;0;
30653;5204841;1018167296;24260608;1118597120;0;0;0;0;0;0;0;0;0;0;0;2665;0;0;89;0;80;0;
30654;3114411;1018167296;24260608;1118597120;0;0;0;0;0;0;0;0;0;0;0;3176;0;0;89;0;80;0;
30655;5873976;1018167296;24260608;1118597120;0;0;0;0;0;0;0;0;0;0;0;2995;0;0;89;0;80;0;
30656;2661511;1018167296;24260608;1118597120;0;0;0;0;0;0;0;0;0;0;0;2745;0;0;89;0;80;0;
30657;5504543;1018167296;24260608;1118597120;0;0;0;0;0;0;0;0;0;0;0;3336;0;0;89;0;80;0;
30658;4503616;1018167296;24260608;1118597120;0;0;0;0;0;0;0;0;0;0;0;3396;0;0;89;0;80;0;
30659;5862374;1023971328;31825920;1126162432;0;0;0;0;0;0;0;0;0;0;0;3567;0;0;89;0;80;0;
30660;5276525;1023971328;31825920;1126162432;0;0;0;0;0;0;0;0;0;0;0;3606;0;0;89;0;80;0;
30661;4924375;1023971328;31825920;1126162432;0;0;0;0;0;0;0;0;0;0;0;7444;0;0;89;0;80;0;
30662;3451002;1023971328;31825920;1126162432;0;0;0;0;0;0;0;0;0;0;0;3146;0;0;89;0;80;0;
30663;5902459;1023971328;31825920;1126162432;0;0;0;0;0;0;0;0;0;0;0;2835;0;0;89;0;80;0;
30664;4664999;1023971328;31825920;1126162432;0;0;0;0;0;0;0;0;0;0;0;2174;0;0;89;0;80;0;
30665;5637493;1023971328;31825920;1126162432;0;0;0;0;0;0;0;0;0;0;0;2554;0;0;89;0;80;0;
30666;4028805;1023971328;31825920;1126162432;0;0;0;0;0;0;0;0;0;0;0;3276;0;0;89;0;80;0;
30667;5689030;1023971328;31825920;1126162432;0;0;0;0;0;0;0;0;0;0;0;3617;0;0;89;0;80;0;
30668;3655475;1018175488;24260608;1118597120;0;0;0;0;0;0;0;0;0;0;0;3596;0;0;89;0;80;0;
30669;6341894;1018175488;24260608;1118597120;0;0;0;0;0;0;0;0;0;0;0;2745;0;0;89;0;80;0;
30670;3670273;1018175488;24260608;1118597120;0;0;0;0;0;0;0;0;0;0;0;3767;0;0;89;0;80;0;
30671;6694826;1018175488;24260608;1118597120;0;0;0;0;0;0;0;0;0;0;0;3887;0;0;89;0;80;0;
30672;4934544;1018175488;24260608;1118597120;0;0;0;0;0;0;0;0;0;0;0;4088;0;0;89;0;80;0;
30673;5984383;1018175488;24260608;1118597120;0;0;0;0;0;0;0;0;0;0;0;3717;0;0;89;0;80;0;
30674;5814715;1018175488;24260608;1118597120;0;0;0;0;0;0;0;0;0;0;0;4338;0;0;89;0;80;0;
30675;6490692;1018175488;24260608;1118597120;0;0;0;0;0;0;0;0;0;0;0;3777;0;0;89;0;80;0;
30676;5875949;1018175488;24260608;1118597120;0;0;0;0;0;0;0;0;0;0;0;3907;0;0;89;0;80;0;
30677;6104138;1018175488;24260608;1118597120;0;0;0;0;0;0;0;0;0;0;0;3476;0;0;89;0;80;0;
30678;5121184;1018175488;24260608;1118597120;0;0;0;0;0;0;0;0;0;0;0;3867;0;0;89;0;80;0;
30679;5955399;1018175488;24260608;1118597120;0;0;0;0;0;0;0;0;0;0;0;4208;0;0;89;0;80;0;
30680;6221417;1018175488;24260608;1118597120;0;0;0;0;0;0;0;0;0;0;0;3747;0;0;89;0;80;0;
30681;5855160;1018175488;24260608;1118597120;0;0;0;0;0;0;0;0;0;0;0;3035;0;0;89;0;80;0;
30682;6242808;1018175488;24260608;1118597120;0;0;0;0;0;0;0;0;0;0;0;3828;0;0;89;0;80;0;
30683;7490277;1023979520;31825920;1126162432;0;0;0;0;0;0;0;0;0;0;0;4157;0;0;89;0;80;0;
30684;5322151;1023979520;31825920;1126162432;0;0;0;0;0;0;0;0;0;0;0;3497;0;0;89;0;80;0;
30685;5509192;1023979520;31825920;1126162432;0;0;0;0;0;0;0;0;0;0;0;2785;0;0;89;0;80;0;
30686;3396670;1023979520;31825920;1126162432;0;0;0;0;0;0;0;0;0;0;0;3216;0;0;89;0;80;0;
30687;5170407;1023979520;31825920;1126162432;0;0;0;0;0;0;0;0;0;0;0;2906;0;0;89;0;80;0;
30688;5350304;1023979520;31825920;1126162432;0;0;0;0;0;0;0;0;0;0;0;3386;0;0;89;0;80;0;
30689;4987193;1023979520;31825920;1126162432;0;0;0;0;0;0;0;0;0;0;0;2926;0;0;89;0;80;0;
30690;4041379;1023979520;31825920;1126162432;0;0;0;0;0;0;0;0;0;0;0;4228;0;0;89;0;80;0;
30691;6077378;1023979520;31825920;1126162432;0;0;0;0;0;0;0;0;0;0;0;3367;0;0;89;0;80;0;
30692;6489300;1018183680;24260608;1118597120;0;0;0;0;0;0;0;0;0;0;0;4148;0;0;89;0;80;0;
30693;7638425;1018183680;24260608;1118597120;0;0;0;0;0;0;0;0;0;0;0;3476;0;0;89;0;80;0;
30694;5057965;1018183680;24260608;1118597120;0;0;0;0;0;0;0;0;0;0;0;3827;0;0;89;0;80;0;
30695;5426086;1018183680;24260608;1118597120;0;0;0;0;0;0;0;0;0;0;0;3016;0;0;89;0;80;0;
30696;3109692;1018183680;24260608;1118597120;0;0;0;0;0;0;0;0;0;0;0;3035;0;0;89;0;80;0;
30697;6374815;1018183680;24260608;1118597120;0;0;0;0;0;0;0;0;0;0;0;2995;0;0;89;0;80;0;
30698;5564055;1018183680;24260608;1118597120;0;0;0;0;0;0;0;0;0;0;0;3296;0;0;89;0;80;0;
30699;5477052;1018183680;24260608;1118597120;0;0;0;0;0;0;0;0;0;0;0;3105;0;0;89;0;80;0;
30700;4578707;1018183680;24260608;1118597120;0;0;0;0;0;0;0;0;0;0;0;3777;0;0;89;0;80;0;
30701;5847877;1018183680;24260608;1118597120;0;0;0;0;0;0;0;0;0;0;0;2644;0;0;89;0;80;0;
30702;3630228;1018183680;24260608;1118597120;0;0;0;0;0;0;0;0;0;0;0;3677;0;0;89;0;80;0;
30703;4954913;1018183680;24260608;1118597120;0;0;0;0;0;0;0;0;0;0;0;3517;0;0;89;0;80;0;
30704;5145830;1018183680;24260608;1118597120;0;0;0;0;0;0;0;0;0;0;0;4208;0;0;89;0;80;0;
30705;6928233;1018183680;24260608;1118597120;0;0;0;0;0;0;0;0;0;0;0;3486;0;0;89;0;80;0;
30706;6470925;1018183680;24260608;1118597120;0;0;0;0;0;0;0;0;0;0;0;3818;0;0;89;0;80;0;
30707;7473075;1018183680;24260608;1118597120;0;0;0;0;0;0;0;0;0;0;0;3767;0;0;89;0;80;0;
30708;5378537;1018183680;24260608;1118597120;0;0;0;0;0;0;0;0;0;0;0;3316;0;0;89;0;80;0;
30709;5757688;1018183680;24260608;1118597120;0;0;0;0;0;0;0;0;0;0;0;3036;0;0;89;0;80;0;
30710;3263229;1018183680;24260608;1118597120;0;0;0;0;0;0;0;0;0;0;0;3056;0;0;89;0;80;0;
30711;5649484;1018183680;24260608;1118597120;0;0;0;0;0;0;0;0;0;0;0;3166;0;0;89;0;80;0;
30712;3254533;1018183680;24260608;1118597120;0;0;0;0;0;0;0;0;0;0;0;2715;0;0;89;0;80;0;
30713;6767822;1018183680;24260608;1118597120;0;0;0;0;0;0;0;0;0;0;0;3076;0;0;89;0;80;0;
30714;5114872;1018183680;24260608;1118597120;0;0;0;0;0;0;0;0;0;0;0;3898;0;0;89;0;80;0;
30715;6334350;1018183680;24260608;1118597120;0;0;0;0;0;0;0;0;0;0;0;3757;0;0;89;0;80;0;
30716;5122527;1018183680;24260608;1118597120;0;0;0;0;0;0;0;0;0;0;0;4439;0;0;89;0;80;0;
30717;5607306;1018183680;24260608;1118597120;0;0;0;0;0;0;0;0;0;0;0;3677;0;0;89;0;80;0;
30718;5855932;1018183680;24260608;1118597120;0;0;0;0;0;0;0;0;0;0;0;4338;0;0;89;0;80;0;
30719;6605878;1018183680;24260608;1118597120;0;0;0;0;0;0;0;0;0;0;0;3747;0;0;89;0;80;0;
30720;6184218;1018183680;24260608;1118597120;0;0;0;0;0;0;0;0;0;0;0;3867;0;0;89;0;80;0;
30721;7242182;1018183680;24260608;1118597120;0;0;0;0;0;0;0;0;0;0;0;3657;0;0;89;0;80;0;
30722;6918425;1018183680;24260608;1118597120;0;0;0;0;0;0;0;0;0;0;0;2995;0;0;89;0;80;0;
30723;6435610;1018183680;24268800;1118605312;0;0;0;0;0;0;0;0;0;0;0;3847;0;0;89;0;80;0;
30724;5926194;1018183680;24268800;1118605312;0;0;0;0;0;0;0;0;0;0;0;4007;0;0;89;0;80;0;
30725;7512840;1018183680;24268800;1118605312;0;0;0;0;0;0;0;0;0;0;0;3717;0;0;89;0;80;0;
30726;5899193;1018183680;24268800;1118605312;0;0;0;0;0;0;0;0;0;0;0;3757;0;0;89;0;80;0;
30727;6081024;1018183680;24268800;1118605312;0;0;0;0;0;0;0;0;0;0;0;3045;0;0;89;0;80;0;
30728;5744243;1018183680;24268800;1118605312;0;0;0;0;0;0;0;0;0;0;0;4519;0;0;89;0;80;0;
30729;6324721;1018183680;24268800;1118605312;0;0;0;0;0;0;0;0;0;0;0;3556;0;0;89;0;80;0;
30730;7466323;1018200064;24260608;1118597120;0;0;0;0;0;0;0;0;0;0;0;3757;0;0;89;0;80;0;
30731;5928307;1018200064;24260608;1118597120;0;0;0;0;0;0;0;0;0;0;0;3727;0;0;89;0;80;0;
30732;6278845;1018200064;24260608;1118597120;0;0;0;0;0;0;0;0;0;0;0;4058;0;0;89;0;80;0;
30733;7276105;1018200064;24260608;1118597120;0;0;0;0;0;0;0;0;0;0;0;3657;0;0;89;0;80;0;
30734;7171710;1018200064;24260608;1118597120;0;0;0;0;0;0;0;0;0;0;0;3817;0;0;89;0;80;0;
30735;5337840;1018200064;24260608;1118597120;0;0;0;0;0;0;0;0;0;0;0;3747;0;0;89;0;80;0;
30736;5392363;1018200064;24260608;1118597120;0;0;0;0;0;0;0;0;0;0;0;4308;0;0;89;0;80;0;
30737;7155970;1018200064;24260608;1118597120;0;0;0;0;0;0;0;0;0;0;0;4048;0;0;89;0;80;0;
30738;5304628;1018200064;24260608;1118597120;0;0;0;0;0;0;0;0;0;0;0;3396;0;0;89;0;80;0;
30739;5302304;1018200064;24260608;1118597120;0;0;0;0;0;0;0;0;0;0;0;3106;0;0;89;0;80;0;
30740;5624889;1018200064;24260608;1118597120;0;0;0;0;0;0;0;0;0;0;0;4408;0;0;89;0;80;0;
30741;5463736;1018200064;24260608;1118597120;0;0;0;0;0;0;0;0;0;0;0;4017;0;0;89;0;80;0;
30742;5234536;1018200064;24260608;1118597120;0;0;0;0;0;0;0;0;0;0;0;4027;0;0;89;0;80;0;
30743;6090202;1018200064;24260608;1118597120;0;0;0;0;0;0;0;0;0;0;0;3366;0;0;89;0;80;0;
30744;6119046;1018200064;24260608;1118597120;0;0;0;0;0;0;0;0;0;0;0;4598;0;0;89;0;80;0;
30745;5632543;1018200064;24260608;1118597120;0;0;0;0;0;0;0;0;0;0;0;3647;0;0;89;0;80;0;
30746;7021157;1018200064;24260608;1118597120;0;0;0;0;0;0;0;0;0;0;0;4428;0;0;89;0;80;0;
30747;5623927;1018200064;24260608;1118597120;0;0;0;0;0;0;0;0;0;0;0;3727;0;0;89;0;80;0;
30748;5002973;1018200064;24260608;1118597120;0;0;0;0;0;0;0;0;0;0;0;3046;0;0;89;0;80;0;
30749;6223902;1018200064;24260608;1118597120;0;0;0;0;0;0;0;0;0;0;0;3357;0;0;89;0;80;0;
30750;6375897;1018200064;24260608;1118597120;0;0;0;0;0;0;0;0;0;0;0;3847;0;0;89;0;80;0;
30751;7500015;1018200064;24260608;1118597120;0;0;0;0;0;0;0;0;0;0;0;51707;0;0;89;0;80;0;
30752;5531764;1018200064;24260608;1118597120;0;0;0;0;0;0;0;0;0;0;0;3447;0;0;89;0;80;0;
30753;5333443;1018200064;24260608;1118597120;0;0;0;0;0;0;0;0;0;0;0;3346;0;0;89;0;80;0;
30754;7037728;1018200064;24260608;1118597120;0;0;0;0;0;0;0;0;0;0;0;4068;0;0;89;0;80;0;
30755;6727767;1018200064;24260608;1118597120;0;0;0;0;0;0;0;0;0;0;0;3968;0;0;89;0;80;0;
30756;7052346;1018200064;24260608;1118597120;0;0;0;0;0;0;0;0;0;0;0;3076;0;0;89;0;80;0;
30757;5789177;1018200064;24260608;1118597120;0;0;0;0;0;0;0;0;0;0;0;2555;0;0;89;0;80;0;
30758;5702264;1018200064;24260608;1118597120;0;0;0;0;0;0;0;0;0;0;0;4028;0;0;89;0;80;0;
30759;6959441;1018200064;24260608;1118597120;0;0;0;0;0;0;0;0;0;0;0;3907;0;0;89;0;80;0;
30760;6121491;1018200064;24260608;1118597120;0;0;0;0;0;0;0;0;0;0;0;4368;0;0;89;0;80;0;
30761;6099759;1018200064;24260608;1118597120;0;0;0;0;0;0;0;0;0;0;0;4208;0;0;89;0;80;0;
30762;6407016;1018200064;24260608;1118597120;0;0;0;0;0;0;0;0;0;0;0;4048;0;0;89;0;80;0;
30763;6043584;1018200064;24260608;1118597120;0;0;0;0;0;0;0;0;0;0;0;4017;0;0;89;0;80;0;
30764;5771814;1018200064;24260608;1118597120;0;0;0;0;0;0;0;0;0;0;0;4048;0;0;89;0;80;0;
30765;6039997;1018200064;24260608;1118597120;0;0;0;0;0;0;0;0;0;0;0;3867;0;0;89;0;80;0;
30766;5475038;1018200064;24260608;1118597120;0;0;0;0;0;0;0;0;0;0;0;3657;0;0;89;0;80;0;
30767;6271952;1018200064;24260608;1118597120;0;0;0;0;0;0;0;0;0;0;0;3627;0;0;89;0;80;0;
30768;5666868;1018200064;24260608;1118597120;0;0;0;0;0;0;0;0;0;0;0;2975;0;0;89;0;80;0;
30769;5926595;1018200064;24260608;1118597120;0;0;0;0;0;0;0;0;0;0;0;2886;0;0;89;0;80;0;
30770;5624668;1018200064;24260608;1118597120;0;0;0;0;0;0;0;0;0;0;0;3576;0;0;89;0;80;0;
30771;6606199;1018200064;24260608;1118597120;0;0;0;0;0;0;0;0;0;0;0;3747;0;0;89;0;80;0;
30772;4964170;1018200064;24260608;1118597120;0;0;0;0;0;0;0;0;0;0;0;3937;0;0;89;0;80;0;
30773;7965980;1018200064;24260608;1118597120;0;0;0;0;0;0;0;0;0;0;0;4027;0;0;89;0;80;0;
30774;5550950;1018200064;24260608;1118597120;0;0;0;0;0;0;0;0;0;0;0;3807;0;0;89;0;80;0;
30775;6703912;1018200064;24260608;1118597120;0;0;0;0;0;0;0;0;0;0;0;3767;0;0;89;0;80;0;
30776;5454820;1018200064;24260608;1118597120;0;0;0;0;0;0;0;0;0;0;0;3957;0;0;89;0;80;0;
30777;6729420;1018200064;24260608;1118597120;0;0;0;0;0;0;0;0;0;0;0;3266;0;0;89;0;80;0;
30778;5741798;1018200064;24260608;1118597120;0;0;0;0;0;0;0;0;0;0;0;3897;0;0;89;0;80;0;
30779;5699518;1018200064;24260608;1118597120;0;0;0;0;0;0;0;0;0;0;0;3647;0;0;89;0;80;0;
30780;3687826;1018200064;24260608;1118597120;0;0;0;0;0;0;0;0;0;0;0;3126;0;0;89;0;80;0;
30781;5254244;1018200064;24260608;1118597120;0;0;0;0;0;0;0;0;0;0;0;3046;0;0;89;0;80;0;
30782;4328618;1018200064;24260608;1118597120;0;0;0;0;0;0;0;0;0;0;0;3988;0;0;89;0;80;0;
30783;6148530;1018200064;24260608;1118597120;0;0;0;0;0;0;0;0;0;0;0;3236;0;0;89;0;80;0;
30784;4088428;1018200064;24260608;1118597120;0;0;0;0;0;0;0;0;0;0;0;2836;0;0;89;0;80;0;
30785;6160574;1018200064;24260608;1118597120;0;0;0;0;0;0;0;0;0;0;0;9378;0;0;89;0;80;0;
30786;4284896;1018200064;24260608;1118597120;0;0;0;0;0;0;0;0;0;0;0;2585;0;0;89;0;80;0;
30787;5073906;1018200064;24260608;1118597120;0;0;0;0;0;0;0;0;0;0;0;2815;0;0;89;0;80;0;
30788;7353671;1018200064;24260608;1118597120;0;0;0;0;0;0;0;0;0;0;0;4468;0;0;89;0;80;0;
30789;6193075;1018200064;24260608;1118597120;0;0;0;0;0;0;0;0;0;0;0;3797;0;0;89;0;80;0;
30790;4326584;1018200064;24260608;1118597120;0;0;0;0;0;0;0;0;0;0;0;3707;0;0;89;0;80;0;
30791;11264556;1018200064;24260608;1118597120;0;0;0;0;0;0;0;0;0;0;0;3797;0;0;89;0;80;0;
30792;4425499;1018200064;24260608;1118597120;0;0;0;0;0;0;0;0;0;0;0;3286;0;0;89;0;80;0;
30793;7335817;1018200064;24260608;1118597120;0;0;0;0;0;0;0;0;0;0;0;2705;0;0;89;0;80;0;
30794;5117297;1018200064;24260608;1118597120;0;0;0;0;0;0;0;0;0;0;0;3346;0;0;89;0;80;0;
30795;5862494;1018200064;24260608;1118597120;0;0;0;0;0;0;0;0;0;0;0;2825;0;0;89;0;80;0;
30796;5492791;1018200064;24260608;1118597120;0;0;0;0;0;0;0;0;0;0;0;3937;0;0;89;0;80;0;
30797;6050236;1018200064;24260608;1118597120;0;0;0;0;0;0;0;0;0;0;0;3917;0;0;89;0;80;0;
30798;6860586;1018200064;24260608;1118597120;0;0;0;0;0;0;0;0;0;0;0;4118;0;0;89;0;80;0;
30799;8504128;1024004096;31825920;1126162432;0;0;0;0;0;0;0;0;0;0;0;4879;0;0;89;0;80;0;
30800;5942555;1024004096;31825920;1126162432;0;0;0;0;0;0;0;0;0;0;0;4198;0;0;89;0;80;0;
30801;6042823;1024004096;31825920;1126162432;0;0;0;0;0;0;0;0;0;0;0;4038;0;0;89;0;80;0;
30802;5816157;1024004096;31825920;1126162432;0;0;0;0;0;0;0;0;0;0;0;3085;0;0;89;0;80;0;
30803;5556220;1024004096;31825920;1126162432;0;0;0;0;0;0;0;0;0;0;0;2696;0;0;89;0;80;0;
30804;4842622;1024004096;31825920;1126162432;0;0;0;0;0;0;0;0;0;0;0;2976;0;0;89;0;80;0;
30805;6599186;1024004096;31825920;1126162432;0;0;0;0;0;0;0;0;0;0;0;2735;0;0;89;0;80;0;
30806;3694308;1024004096;31825920;1126162432;0;0;0;0;0;0;0;0;0;0;0;2955;0;0;89;0;80;0;
30807;5223255;1024004096;31825920;1126162432;0;0;0;0;0;0;0;0;0;0;0;2695;0;0;89;0;80;0;
30808;5725728;1018224640;24260608;1118597120;0;0;0;0;0;0;0;0;0;0;0;4378;0;0;89;0;80;0;
30809;6895231;1018224640;24260608;1118597120;0;0;0;0;0;0;0;0;0;0;0;4018;0;0;89;0;80;0;
30810;6187644;1018224640;24260608;1118597120;0;0;0;0;0;0;0;0;0;0;0;3817;0;0;89;0;80;0;
30811;5943216;1018224640;24260608;1118597120;0;0;0;0;0;0;0;0;0;0;0;4719;0;0;89;0;80;0;
30812;5969285;1018224640;24260608;1118597120;0;0;0;0;0;0;0;0;0;0;0;3807;0;0;89;0;80;0;
30813;8726946;1018224640;24260608;1118597120;0;0;0;0;0;0;0;0;0;0;0;4408;0;0;89;0;80;0;
30814;4951366;1018224640;24260608;1118597120;0;0;0;0;0;0;0;0;0;0;0;3657;0;0;89;0;80;0;
30815;6530918;1018224640;24260608;1118597120;0;0;0;0;0;0;0;0;0;0;0;7735;0;0;89;0;80;0;
30816;3642491;1018224640;24260608;1118597120;0;0;0;0;0;0;0;0;0;0;0;3616;0;0;89;0;80;0;
30817;5311200;1018224640;24260608;1118597120;0;0;0;0;0;0;0;0;0;0;0;2986;0;0;89;0;80;0;
30818;5284129;1018224640;24260608;1118597120;0;0;0;0;0;0;0;0;0;0;0;4228;0;0;89;0;80;0;
30819;7526575;1018224640;24260608;1118597120;0;0;0;0;0;0;0;0;0;0;0;4038;0;0;89;0;80;0;
30820;4889790;1018224640;24260608;1118597120;0;0;0;0;0;0;0;0;0;0;0;4298;0;0;89;0;80;0;
30821;6673095;1018224640;24260608;1118597120;0;0;0;0;0;0;0;0;0;0;0;3848;0;0;89;0;80;0;
30822;5862354;1018224640;24260608;1118597120;0;0;0;0;0;0;0;0;0;0;0;4018;0;0;89;0;80;0;
30823;8037924;1024028672;31825920;1126162432;0;0;0;0;0;0;0;0;0;0;0;3967;0;0;89;0;80;0;
30824;6388702;1024028672;31825920;1126162432;0;0;0;0;0;0;0;0;0;0;0;4338;0;0;89;0;80;0;
30825;5579183;1024028672;31825920;1126162432;0;0;0;0;0;0;0;0;0;0;0;3988;0;0;89;0;80;0;
30826;5984233;1024028672;31825920;1126162432;0;0;0;0;0;0;0;0;0;0;0;3917;0;0;89;0;80;0;
30827;6316436;1024028672;31825920;1126162432;0;0;0;0;0;0;0;0;0;0;0;3787;0;0;89;0;80;0;
30828;5423020;1024028672;31825920;1126162432;0;0;0;0;0;0;0;0;0;0;0;4178;0;0;89;0;80;0;
30829;7779630;1024028672;31825920;1126162432;0;0;0;0;0;0;0;0;0;0;0;3958;0;0;89;0;80;0;
30830;5416428;1024028672;31825920;1126162432;0;0;0;0;0;0;0;0;0;0;0;3997;0;0;89;0;80;0;
30831;6826682;1024028672;31825920;1126162432;0;0;0;0;0;0;0;0;0;0;0;3306;0;0;89;0;80;0;
30832;6778172;1018232832;24260608;1118597120;0;0;0;0;0;0;0;0;0;0;0;49452;0;0;89;0;80;0;
30833;6677002;1018232832;24260608;1118597120;0;0;0;0;0;0;0;0;0;0;0;3627;0;0;89;0;80;0;
30834;4538231;1018232832;24260608;1118597120;0;0;0;0;0;0;0;0;0;0;0;3226;0;0;89;0;80;0;
30835;6583817;1018232832;24260608;1118597120;0;0;0;0;0;0;0;0;0;0;0;2775;0;0;89;0;80;0;
30836;3881499;1018232832;24260608;1118597120;0;0;0;0;0;0;0;0;0;0;0;3306;0;0;89;0;80;0;
30837;5848398;1018232832;24260608;1118597120;0;0;0;0;0;0;0;0;0;0;0;2625;0;0;89;0;80;0;
30838;4852230;1018232832;24260608;1118597120;0;0;0;0;0;0;0;0;0;0;0;3116;0;0;89;0;80;0;
30839;5680132;1018232832;24260608;1118597120;0;0;0;0;0;0;0;0;0;0;0;3226;0;0;89;0;80;0;
30840;5058907;1018232832;24260608;1118597120;0;0;0;0;0;0;0;0;0;0;0;2775;0;0;89;0;80;0;
30841;5390910;1018232832;24260608;1118597120;0;0;0;0;0;0;0;0;0;0;0;2535;0;0;89;0;80;0;
30842;4666812;1018232832;24260608;1118597120;0;0;0;0;0;0;0;0;0;0;0;3156;0;0;89;0;80;0;
30843;5988781;1018232832;24260608;1118597120;0;0;0;0;0;0;0;0;0;0;0;2875;0;0;89;0;80;0;
30844;3947002;1018232832;24260608;1118597120;0;0;0;0;0;0;0;0;0;0;0;3246;0;0;89;0;80;0;
30845;5584814;1018232832;24260608;1118597120;0;0;0;0;0;0;0;0;0;0;0;2625;0;0;89;0;80;0;
30846;3948174;1018232832;24260608;1118597120;0;0;0;0;0;0;0;0;0;0;0;2976;0;0;89;0;80;0;
30847;6839667;1024036864;31825920;1126162432;0;0;0;0;0;0;0;0;0;0;0;3316;0;0;89;0;80;0;
30848;3263170;1024036864;31825920;1126162432;0;0;0;0;0;0;0;0;0;0;0;3176;0;0;89;0;80;0;
30849;5601605;1024036864;31825920;1126162432;0;0;0;0;0;0;0;0;0;0;0;2735;0;0;89;0;80;0;
30850;4261191;1024036864;31825920;1126162432;0;0;0;0;0;0;0;0;0;0;0;3377;0;0;89;0;80;0;
30851;6132922;1024036864;31825920;1126162432;0;0;0;0;0;0;0;0;0;0;0;3146;0;0;89;0;80;0;
30852;3807901;1024036864;31825920;1126162432;0;0;0;0;0;0;0;0;0;0;0;2836;0;0;89;0;80;0;
30853;7184333;1024036864;31825920;1126162432;0;0;0;0;0;0;0;0;0;0;0;3046;0;0;89;0;80;0;
30854;3554596;1024036864;31825920;1126162432;0;0;0;0;0;0;0;0;0;0;0;3176;0;0;89;0;80;0;
30855;4982383;1024036864;31825920;1126162432;0;0;0;0;0;0;0;0;0;0;0;2665;0;0;89;0;80;0;
30856;3394045;1018241024;24260608;1118597120;0;0;0;0;0;0;0;0;0;0;0;2836;0;0;89;0;80;0;
30857;5111186;1018241024;24260608;1118597120;0;0;0;0;0;0;0;0;0;0;0;2564;0;0;89;0;80;0;
30858;4538561;1018241024;24260608;1118597120;0;0;0;0;0;0;0;0;0;0;0;3196;0;0;89;0;80;0;
30859;5772586;1018241024;24260608;1118597120;0;0;0;0;0;0;0;0;0;0;0;2715;0;0;89;0;80;0;
30860;5250597;1018241024;24260608;1118597120;0;0;0;0;0;0;0;0;0;0;0;3797;0;0;89;0;80;0;
30861;6166695;1018241024;24260608;1118597120;0;0;0;0;0;0;0;0;0;0;0;4198;0;0;89;0;80;0;
30862;4680638;1018241024;24260608;1118597120;0;0;0;0;0;0;0;0;0;0;0;3587;0;0;89;0;80;0;
30863;6220817;1018241024;24260608;1118597120;0;0;0;0;0;0;0;0;0;0;0;4118;0;0;89;0;80;0;
30864;4729540;1018241024;24260608;1118597120;0;0;0;0;0;0;0;0;0;0;0;3697;0;0;89;0;80;0;
30865;6825280;1018241024;24260608;1118597120;0;0;0;0;0;0;0;0;0;0;0;3526;0;0;89;0;80;0;
30866;6289996;1018241024;24260608;1118597120;0;0;0;0;0;0;0;0;0;0;0;4498;0;0;89;0;80;0;
30867;6772311;1018241024;24260608;1118597120;0;0;0;0;0;0;0;0;0;0;0;3797;0;0;89;0;80;0;
30868;4881375;1018241024;24260608;1118597120;0;0;0;0;0;0;0;0;0;0;0;3947;0;0;89;0;80;0;
30869;8439678;1018241024;24260608;1118597120;0;0;0;0;0;0;0;0;0;0;0;3667;0;0;89;0;80;0;
30870;6635354;1018241024;24260608;1118597120;0;0;0;0;0;0;0;0;0;0;0;4278;0;0;89;0;80;0;
30871;7230309;1024045056;31825920;1126162432;0;0;0;0;0;0;0;0;0;0;0;3997;0;0;89;0;80;0;
30872;5803894;1024045056;31825920;1126162432;0;0;0;0;0;0;0;0;0;0;0;3887;0;0;89;0;80;0;
30873;5471842;1024045056;31825920;1126162432;0;0;0;0;0;0;0;0;0;0;0;3336;0;0;89;0;80;0;
30874;5723634;1024045056;31825920;1126162432;0;0;0;0;0;0;0;0;0;0;0;4228;0;0;89;0;80;0;
30875;6678144;1024045056;31825920;1126162432;0;0;0;0;0;0;0;0;0;0;0;4098;0;0;89;0;80;0;
30876;4586021;1024045056;31825920;1126162432;0;0;0;0;0;0;0;0;0;0;0;4198;0;0;89;0;80;0;
30877;7156341;1024045056;31825920;1126162432;0;0;0;0;0;0;0;0;0;0;0;4097;0;0;89;0;80;0;
30878;5850141;1024045056;31825920;1126162432;0;0;0;0;0;0;0;0;0;0;0;4528;0;0;89;0;80;0;
30879;6428717;1024045056;31825920;1126162432;0;0;0;0;0;0;0;0;0;0;0;3607;0;0;89;0;80;0;
30880;5373137;1018249216;24260608;1118597120;0;0;0;0;0;0;0;0;0;0;0;3326;0;0;89;0;80;0;
30881;5244084;1018249216;24260608;1118597120;0;0;0;0;0;0;0;0;0;0;0;2796;0;0;89;0;80;0;
30882;5551972;1018249216;24260608;1118597120;0;0;0;0;0;0;0;0;0;0;0;4258;0;0;89;0;80;0;
30883;6024589;1018249216;24260608;1118597120;0;0;0;0;0;0;0;0;0;0;0;3557;0;0;89;0;80;0;
30884;4862739;1018249216;24260608;1118597120;0;0;0;0;0;0;0;0;0;0;0;3266;0;0;89;0;80;0;
30885;5547534;1018249216;24260608;1118597120;0;0;0;0;0;0;0;0;0;0;0;3787;0;0;89;0;80;0;
30886;3586516;1018249216;24260608;1118597120;0;0;0;0;0;0;0;0;0;0;0;3026;0;0;89;0;80;0;
30887;5728773;1018249216;24260608;1118597120;0;0;0;0;0;0;0;0;0;0;0;2795;0;0;89;0;80;0;
30888;3479716;1018249216;24260608;1118597120;0;0;0;0;0;0;0;0;0;0;0;2795;0;0;89;0;80;0;
30889;4938692;1018249216;24260608;1118597120;0;0;0;0;0;0;0;0;0;0;0;2535;0;0;89;0;80;0;
30890;3961168;1018249216;24260608;1118597120;0;0;0;0;0;0;0;0;0;0;0;3236;0;0;89;0;80;0;
30891;6237899;1018249216;24260608;1118597120;0;0;0;0;0;0;0;0;0;0;0;2695;0;0;89;0;80;0;
30892;4024377;1018249216;24260608;1118597120;0;0;0;0;0;0;0;0;0;0;0;4458;0;0;89;0;80;0;
30893;6530337;1018249216;24260608;1118597120;0;0;0;0;0;0;0;0;0;0;0;4729;0;0;89;0;80;0;
30894;3473424;1018249216;24260608;1118597120;0;0;0;0;0;0;0;0;0;0;0;3436;0;0;89;0;80;0;
30895;5937605;1018249216;24260608;1118597120;0;0;0;0;0;0;0;0;0;0;0;3957;0;0;89;0;80;0;
30896;3767555;1018249216;24260608;1118597120;0;0;0;0;0;0;0;0;0;0;0;3897;0;0;89;0;80;0;
30897;5976518;1018249216;24260608;1118597120;0;0;0;0;0;0;0;0;0;0;0;4899;0;0;89;0;80;0;
30898;3378426;1018249216;24260608;1118597120;0;0;0;0;0;0;0;0;0;0;0;3026;0;0;89;0;80;0;
30899;5610211;1018249216;24260608;1118597120;0;0;0;0;0;0;0;0;0;0;0;3427;0;0;89;0;80;0;
30900;3263560;1018249216;24260608;1118597120;0;0;0;0;0;0;0;0;0;0;0;3787;0;0;89;0;80;0;
30901;5627865;1018249216;24260608;1118597120;0;0;0;0;0;0;0;0;0;0;0;4508;0;0;89;0;80;0;
30902;3344552;1018249216;24260608;1118597120;0;0;0;0;0;0;0;0;0;0;0;3557;0;0;89;0;80;0;
30903;5542735;1018249216;24260608;1118597120;0;0;0;0;0;0;0;0;0;0;0;4429;0;0;89;0;80;0;
30904;4439095;1018249216;24260608;1118597120;0;0;0;0;0;0;0;0;0;0;0;3958;0;0;89;0;80;0;
30905;5963915;1018249216;24260608;1118597120;0;0;0;0;0;0;0;0;0;0;0;3647;0;0;89;0;80;0;
30906;3883693;1018249216;24260608;1118597120;0;0;0;0;0;0;0;0;0;0;0;3056;0;0;89;0;80;0;
30907;5226983;1018249216;24260608;1118597120;0;0;0;0;0;0;0;0;0;0;0;4088;0;0;89;0;80;0;
30908;3690371;1018249216;24260608;1118597120;0;0;0;0;0;0;0;0;0;0;0;3066;0;0;89;0;80;0;
30909;5576498;1018249216;24260608;1118597120;0;0;0;0;0;0;0;0;0;0;0;3467;0;0;89;0;80;0;
30910;5371333;1018249216;24260608;1118597120;0;0;0;0;0;0;0;0;0;0;0;2876;0;0;89;0;80;0;
30911;5065580;1018249216;24260608;1118597120;0;0;0;0;0;0;0;0;0;0;0;2956;0;0;89;0;80;0;
30912;3490316;1018249216;24260608;1118597120;0;0;0;0;0;0;0;0;0;0;0;3507;0;0;89;0;80;0;
30913;5963704;1018249216;24260608;1118597120;0;0;0;0;0;0;0;0;0;0;0;3627;0;0;89;0;80;0;
30914;4902975;1018249216;24260608;1118597120;0;0;0;0;0;0;0;0;0;0;0;3196;0;0;89;0;80;0;
30915;5791612;1018249216;24260608;1118597120;0;0;0;0;0;0;0;0;0;0;0;3697;0;0;89;0;80;0;
30916;3192747;1018249216;24260608;1118597120;0;0;0;0;0;0;0;0;0;0;0;3717;0;0;89;0;80;0;
30917;6249120;1018249216;24260608;1118597120;0;0;0;0;0;0;0;0;0;0;0;3436;0;0;89;0;80;0;
30918;3706862;1018249216;24260608;1118597120;0;0;0;0;0;0;0;0;0;0;0;3156;0;0;89;0;80;0;
30919;5132435;1018249216;24260608;1118597120;0;0;0;0;0;0;0;0;0;0;0;3336;0;0;89;0;80;0;
30920;3810426;1018249216;24260608;1118597120;0;0;0;0;0;0;0;0;0;0;0;3647;0;0;89;0;80;0;
30921;5534519;1018249216;24260608;1118597120;0;0;0;0;0;0;0;0;0;0;0;4268;0;0;89;0;80;0;
30922;3813632;1018249216;24260608;1118597120;0;0;0;0;0;0;0;0;0;0;0;4749;0;0;89;0;80;0;
30923;4950885;1018249216;24260608;1118597120;0;0;0;0;0;0;0;0;0;0;0;3626;0;0;89;0;80;0;
30924;2928813;1018249216;24260608;1118597120;0;0;0;0;0;0;0;0;0;0;0;3246;0;0;89;0;80;0;
30925;5708335;1018249216;24260608;1118597120;0;0;0;0;0;0;0;0;0;0;0;3566;0;0;89;0;80;0;
30926;3444610;1018249216;24260608;1118597120;0;0;0;0;0;0;0;0;0;0;0;3677;0;0;89;0;80;0;
30927;5233755;1018249216;24260608;1118597120;0;0;0;0;0;0;0;0;0;0;0;4408;0;0;89;0;80;0;
30928;3509642;1018249216;24260608;1118597120;0;0;0;0;0;0;0;0;0;0;0;3116;0;0;89;0;80;0;
30929;5519391;1018249216;24260608;1118597120;0;0;0;0;0;0;0;0;0;0;0;3517;0;0;89;0;80;0;
30930;3284660;1018249216;24260608;1118597120;0;0;0;0;0;0;0;0;0;0;0;3426;0;0;89;0;80;0;
30931;5223336;1018249216;24260608;1118597120;0;0;0;0;0;0;0;0;0;0;0;3887;0;0;89;0;80;0;
30932;3140259;1018249216;24260608;1118597120;0;0;0;0;0;0;0;0;0;0;0;3276;0;0;89;0;80;0;
30933;4955584;1018249216;24260608;1118597120;0;0;0;0;0;0;0;0;0;0;0;3677;0;0;89;0;80;0;
30934;3312783;1018249216;24260608;1118597120;0;0;0;0;0;0;0;0;0;0;0;3236;0;0;89;0;80;0;
30935;4872608;1018249216;24260608;1118597120;0;0;0;0;0;0;0;0;0;0;0;3236;0;0;89;0;80;0;
30936;4026581;1018249216;24260608;1118597120;0;0;0;0;0;0;0;0;0;0;0;4348;0;0;89;0;80;0;
30937;5714707;1018249216;24260608;1118597120;0;0;0;0;0;0;0;0;0;0;0;2726;0;0;89;0;80;0;
30938;3107357;1018249216;24260608;1118597120;0;0;0;0;0;0;0;0;0;0;0;4078;0;0;89;0;80;0;
30939;5203970;1018249216;24260608;1118597120;0;0;0;0;0;0;0;0;0;0;0;4819;0;0;89;0;80;0;
30940;3487240;1018249216;24260608;1118597120;0;0;0;0;0;0;0;0;0;0;0;3076;0;0;89;0;80;0;
30941;6262014;1018249216;24260608;1118597120;0;0;0;0;0;0;0;0;0;0;0;4027;0;0;89;0;80;0;
30942;3456052;1018249216;24260608;1118597120;0;0;0;0;0;0;0;0;0;0;0;3947;0;0;89;0;80;0;
30943;5609881;1018249216;24260608;1118597120;0;0;0;0;0;0;0;0;0;0;0;3747;0;0;89;0;80;0;
30944;3977129;1018249216;24260608;1118597120;0;0;0;0;0;0;0;0;0;0;0;4308;0;0;89;0;80;0;
30945;6058822;1018249216;24260608;1118597120;0;0;0;0;0;0;0;0;0;0;0;3917;0;0;89;0;80;0;
30946;3829542;1018249216;24260608;1118597120;0;0;0;0;0;0;0;0;0;0;0;4198;0;0;89;0;80;0;
30947;5784668;1018249216;24260608;1118597120;0;0;0;0;0;0;0;0;0;0;0;3196;0;0;89;0;80;0;
30948;3927906;1018249216;24260608;1118597120;0;0;0;0;0;0;0;0;0;0;0;3406;0;0;89;0;80;0;
30949;5966831;1018249216;24260608;1118597120;0;0;0;0;0;0;0;0;0;0;0;2805;0;0;89;0;80;0;
30950;3783967;1018249216;24260608;1118597120;0;0;0;0;0;0;0;0;0;0;0;3206;0;0;89;0;80;0;
30951;4900220;1018249216;24260608;1118597120;0;0;0;0;0;0;0;0;0;0;0;6563;0;0;89;0;80;0;
30952;3845793;1018249216;24260608;1118597120;0;0;0;0;0;0;0;0;0;0;0;3466;0;0;89;0;80;0;
30953;5368407;1018249216;24260608;1118597120;0;0;0;0;0;0;0;0;0;0;0;3517;0;0;89;0;80;0;
30954;3434661;1018249216;24260608;1118597120;0;0;0;0;0;0;0;0;0;0;0;3998;0;0;89;0;80;0;
30955;5232573;1018249216;24260608;1118597120;0;0;0;0;0;0;0;0;0;0;0;3617;0;0;89;0;80;0;
30956;4001645;1018249216;24260608;1118597120;0;0;0;0;0;0;0;0;0;0;0;4048;0;0;89;0;80;0;
30957;5303616;1018249216;24260608;1118597120;0;0;0;0;0;0;0;0;0;0;0;2706;0;0;89;0;80;0;
30958;3909632;1018249216;24260608;1118597120;0;0;0;0;0;0;0;0;0;0;0;2775;0;0;89;0;80;0;
30959;5127957;1018249216;24260608;1118597120;0;0;0;0;0;0;0;0;0;0;0;2775;0;0;89;0;80;0;
30960;4282401;1018249216;24260608;1118597120;0;0;0;0;0;0;0;0;0;0;0;3376;0;0;89;0;80;0;
30961;5961760;1018249216;24260608;1118597120;0;0;0;0;0;0;0;0;0;0;0;2645;0;0;89;0;80;0;
30962;4101532;1018249216;24260608;1118597120;0;0;0;0;0;0;0;0;0;0;0;3667;0;0;89;0;80;0;
30963;5109802;1018249216;24260608;1118597120;0;0;0;0;0;0;0;0;0;0;0;3136;0;0;89;0;80;0;
30964;4216187;1018249216;24260608;1118597120;0;0;0;0;0;0;0;0;0;0;0;3437;0;0;89;0;80;0;
30965;5283087;1018249216;24260608;1118597120;0;0;0;0;0;0;0;0;0;0;0;2916;0;0;89;0;80;0;
30966;4255391;1018249216;24260608;1118597120;0;0;0;0;0;0;0;0;0;0;0;3998;0;0;89;0;80;0;
30967;5488203;1018249216;24260608;1118597120;0;0;0;0;0;0;0;0;0;0;0;3015;0;0;89;0;80;0;
30968;3695471;1018249216;24260608;1118597120;0;0;0;0;0;0;0;0;0;0;0;3357;0;0;89;0;80;0;
30969;4988345;1018249216;24260608;1118597120;0;0;0;0;0;0;0;0;0;0;0;2756;0;0;89;0;80;0;
30970;3748951;1018249216;24260608;1118597120;0;0;0;0;0;0;0;0;0;0;0;2995;0;0;89;0;80;0;
30971;5735957;1018249216;24260608;1118597120;0;0;0;0;0;0;0;0;0;0;0;3276;0;0;89;0;80;0;
30972;3451493;1018249216;24260608;1118597120;0;0;0;0;0;0;0;0;0;0;0;3616;0;0;89;0;80;0;
30973;4848503;1018249216;24260608;1118597120;0;0;0;0;0;0;0;0;0;0;0;2504;0;0;89;0;80;0;
30974;3988691;1018249216;24260608;1118597120;0;0;0;0;0;0;0;0;0;0;0;3507;0;0;89;0;80;0;
30975;4953851;1018249216;24260608;1118597120;0;0;0;0;0;0;0;0;0;0;0;2525;0;0;89;0;80;0;
30976;3805697;1018249216;24260608;1118597120;0;0;0;0;0;0;0;0;0;0;0;3356;0;0;89;0;80;0;
30977;5135762;1018249216;24260608;1118597120;0;0;0;0;0;0;0;0;0;0;0;2756;0;0;89;0;80;0;
30978;3798053;1018249216;24260608;1118597120;0;0;0;0;0;0;0;0;0;0;0;2725;0;0;89;0;80;0;
30979;5880108;1018249216;24260608;1118597120;0;0;0;0;0;0;0;0;0;0;0;2415;0;0;89;0;80;0;
30980;3943796;1018249216;24260608;1118597120;0;0;0;0;0;0;0;0;0;0;0;3577;0;0;89;0;80;0;
30981;5841174;1018249216;24260608;1118597120;0;0;0;0;0;0;0;0;0;0;0;3307;0;0;89;0;80;0;
30982;13898565;1018249216;24260608;1118597120;0;0;0;0;0;0;0;0;0;0;0;7404;0;0;89;0;80;0;
30983;6338287;1018249216;24260608;1118597120;0;0;0;0;0;0;0;0;0;0;0;3436;0;0;89;0;80;0;
30984;3420956;1018249216;24260608;1118597120;0;0;0;0;0;0;0;0;0;0;0;3967;0;0;89;0;80;0;
30985;5504923;1018249216;24260608;1118597120;0;0;0;0;0;0;0;0;0;0;0;2565;0;0;89;0;80;0;
30986;3844179;1018249216;24260608;1118597120;0;0;0;0;0;0;0;0;0;0;0;3416;0;0;89;0;80;0;
30987;5370312;1018249216;24260608;1118597120;0;0;0;0;0;0;0;0;0;0;0;3056;0;0;89;0;80;0;
30988;5948155;1018249216;24260608;1118597120;0;0;0;0;0;0;0;0;0;0;0;3246;0;0;89;0;80;0;
30989;6015812;1018249216;24260608;1118597120;0;0;0;0;0;0;0;0;0;0;0;3005;0;0;89;0;80;0;
30990;4191350;1018249216;24260608;1118597120;0;0;0;0;0;0;0;0;0;0;0;2745;0;0;89;0;80;0;
30991;7245368;1018249216;24260608;1118597120;0;0;0;0;0;0;0;0;0;0;0;3236;0;0;89;0;80;0;
30992;3239335;1018249216;24260608;1118597120;0;0;0;0;0;0;0;0;0;0;0;3526;0;0;89;0;80;0;
30993;6185540;1018249216;24260608;1118597120;0;0;0;0;0;0;0;0;0;0;0;4037;0;0;89;0;80;0;
30994;3837496;1018249216;24260608;1118597120;0;0;0;0;0;0;0;0;0;0;0;3406;0;0;89;0;80;0;
30995;6211189;1018249216;24260608;1118597120;0;0;0;0;0;0;0;0;0;0;0;3126;0;0;89;0;80;0;
30996;4978867;1018249216;24260608;1118597120;0;0;0;0;0;0;0;0;0;0;0;3125;0;0;89;0;80;0;
30997;6149142;1018249216;24260608;1118597120;0;0;0;0;0;0;0;0;0;0;0;3656;0;0;89;0;80;0;
30998;6630625;1018249216;24260608;1118597120;0;0;0;0;0;0;0;0;0;0;0;5520;0;0;89;0;80;0;
30999;5793676;1018249216;24260608;1118597120;0;0;0;0;0;0;0;0;0;0;0;4198;0;0;89;0;80;0;
31000;5472212;1018249216;24260608;1118597120;0;0;0;0;0;0;0;0;0;0;0;3307;0;0;89;0;80;0;
31001;5265886;1018249216;24260608;1118597120;0;0;0;0;0;0;0;0;0;0;0;3036;0;0;89;0;80;0;
31002;5301051;1018249216;24260608;1118597120;0;0;0;0;0;0;0;0;0;0;0;4378;0;0;89;0;80;0;
31003;5836215;1018249216;24260608;1118597120;0;0;0;0;0;0;0;0;0;0;0;3637;0;0;89;0;80;0;
31004;5250457;1018249216;24260608;1118597120;0;0;0;0;0;0;0;0;0;0;0;5079;0;0;89;0;80;0;
31005;6379804;1018249216;24260608;1118597120;0;0;0;0;0;0;0;0;0;0;0;3958;0;0;89;0;80;0;
31006;4354727;1018249216;24260608;1118597120;0;0;0;0;0;0;0;0;0;0;0;3236;0;0;89;0;80;0;
31007;5132515;1018249216;24260608;1118597120;0;0;0;0;0;0;0;0;0;0;0;2815;0;0;89;0;80;0;
31008;4524605;1018249216;24260608;1118597120;0;0;0;0;0;0;0;0;0;0;0;3597;0;0;89;0;80;0;
31009;5852065;1018249216;24260608;1118597120;0;0;0;0;0;0;0;0;0;0;0;2996;0;0;89;0;80;0;
31010;4857680;1018249216;24260608;1118597120;0;0;0;0;0;0;0;0;0;0;0;3527;0;0;89;0;80;0;
31011;20389117;1024053248;31825920;1126162432;0;0;0;0;0;0;0;0;0;0;0;4369;0;0;89;0;80;0;
31012;6102735;1024053248;31825920;1126162432;0;0;0;0;0;0;0;0;0;0;0;3747;0;0;89;0;80;0;
31013;5287596;1024053248;31825920;1126162432;0;0;0;0;0;0;0;0;0;0;0;3096;0;0;89;0;80;0;
31014;4111781;1024053248;31825920;1126162432;0;0;0;0;0;0;0;0;0;0;0;3627;0;0;89;0;80;0;
31015;6197643;1024053248;31825920;1126162432;0;0;0;0;0;0;0;0;0;0;0;3456;0;0;89;0;80;0;
31016;4678434;1024053248;31825920;1126162432;0;0;0;0;0;0;0;0;0;0;0;4919;0;0;89;0;80;0;
31017;5646900;1024053248;31825920;1126162432;0;0;0;0;0;0;0;0;0;0;0;4328;0;0;89;0;80;0;
31018;5187309;1024053248;31825920;1126162432;0;0;0;0;0;0;0;0;0;0;0;4268;0;0;89;0;80;0;
31019;5681525;1024053248;31825920;1126162432;0;0;0;0;0;0;0;0;0;0;0;4128;0;0;89;0;80;0;
31020;6793380;1018298368;24260608;1118597120;0;0;0;0;0;0;0;0;0;0;0;4779;0;0;89;0;80;0;
31021;5953846;1018298368;24260608;1118597120;0;0;0;0;0;0;0;0;0;0;0;3697;0;0;89;0;80;0;
31022;6102254;1018298368;24260608;1118597120;0;0;0;0;0;0;0;0;0;0;0;4328;0;0;89;0;80;0;
31023;6293442;1018298368;24260608;1118597120;0;0;0;0;0;0;0;0;0;0;0;4017;0;0;89;0;80;0;
31024;5851143;1018298368;24260608;1118597120;0;0;0;0;0;0;0;0;0;0;0;4248;0;0;89;0;80;0;
31025;6862650;1018298368;24260608;1118597120;0;0;0;0;0;0;0;0;0;0;0;4459;0;0;89;0;80;0;
31026;5828851;1018298368;24260608;1118597120;0;0;0;0;0;0;0;0;0;0;0;4478;0;0;89;0;80;0;
31027;7126274;1018298368;24260608;1118597120;0;0;0;0;0;0;0;0;0;0;0;3787;0;0;89;0;80;0;
31028;4996010;1018298368;24260608;1118597120;0;0;0;0;0;0;0;0;0;0;0;4889;0;0;89;0;80;0;
31029;8814020;1018298368;24260608;1118597120;0;0;0;0;0;0;0;0;0;0;0;4739;0;0;89;0;80;0;
31030;6736954;1018298368;24260608;1118597120;0;0;0;0;0;0;0;0;0;0;0;4338;0;0;89;0;80;0;
31031;6825460;1018298368;24260608;1118597120;0;0;0;0;0;0;0;0;0;0;0;4679;0;0;89;0;80;0;
31032;6639332;1018298368;24260608;1118597120;0;0;0;0;0;0;0;0;0;0;0;4198;0;0;89;0;80;0;
31033;7471932;1018298368;24260608;1118597120;0;0;0;0;0;0;0;0;0;0;0;3767;0;0;89;0;80;0;
31034;6192323;1018298368;24260608;1118597120;0;0;0;0;0;0;0;0;0;0;0;4599;0;0;89;0;80;0;
31035;7640870;1024102400;31825920;1126162432;0;0;0;0;0;0;0;0;0;0;0;4098;0;0;89;0;80;0;
31036;5401790;1024102400;31825920;1126162432;0;0;0;0;0;0;0;0;0;0;0;4939;0;0;89;0;80;0;
31037;6012255;1024102400;31825920;1126162432;0;0;0;0;0;0;0;0;0;0;0;3877;0;0;89;0;80;0;
31038;5433570;1024102400;31825920;1126162432;0;0;0;0;0;0;0;0;0;0;0;3557;0;0;89;0;80;0;
31039;7488083;1024102400;31825920;1126162432;0;0;0;0;0;0;0;0;0;0;0;4468;0;0;89;0;80;0;
31040;6414430;1024102400;31825920;1126162432;0;0;0;0;0;0;0;0;0;0;0;4659;0;0;89;0;80;0;
31041;7078224;1024102400;31825920;1126162432;0;0;0;0;0;0;0;0;0;0;0;4038;0;0;89;0;80;0;
31042;7368780;1024102400;31825920;1126162432;0;0;0;0;0;0;0;0;0;0;0;4087;0;0;89;0;80;0;
31043;6872329;1024102400;31825920;1126162432;0;0;0;0;0;0;0;0;0;0;0;3887;0;0;89;0;80;0;
31044;6742535;1018306560;24260608;1118597120;0;0;0;0;0;0;0;0;0;0;0;4498;0;0;89;0;80;0;
31045;7934861;1018306560;24260608;1118597120;0;0;0;0;0;0;0;0;0;0;0;3356;0;0;89;0;80;0;
31046;4800262;1018306560;24260608;1118597120;0;0;0;0;0;0;0;0;0;0;0;3176;0;0;89;0;80;0;
31047;5879396;1018306560;24260608;1118597120;0;0;0;0;0;0;0;0;0;0;0;2926;0;0;89;0;80;0;
31048;5438339;1018306560;24260608;1118597120;0;0;0;0;0;0;0;0;0;0;0;4619;0;0;89;0;80;0;
31049;7779079;1018306560;24260608;1118597120;0;0;0;0;0;0;0;0;0;0;0;3727;0;0;89;0;80;0;
31050;5432598;1018306560;24260608;1118597120;0;0;0;0;0;0;0;0;0;0;0;4308;0;0;89;0;80;0;
31051;6495131;1018306560;24260608;1118597120;0;0;0;0;0;0;0;0;0;0;0;3907;0;0;89;0;80;0;
31052;5065630;1018306560;24260608;1118597120;0;0;0;0;0;0;0;0;0;0;0;2895;0;0;89;0;80;0;
31053;5446134;1018306560;24260608;1118597120;0;0;0;0;0;0;0;0;0;0;0;2585;0;0;89;0;80;0;
31054;3809735;1018306560;24260608;1118597120;0;0;0;0;0;0;0;0;0;0;0;3837;0;0;89;0;80;0;
31055;7241451;1018306560;24260608;1118597120;0;0;0;0;0;0;0;0;0;0;0;3036;0;0;89;0;80;0;
31056;4106851;1018306560;24260608;1118597120;0;0;0;0;0;0;0;0;0;0;0;3075;0;0;89;0;80;0;
31057;6521540;1018306560;24260608;1118597120;0;0;0;0;0;0;0;0;0;0;0;3266;0;0;89;0;80;0;
31058;5140761;1018306560;24260608;1118597120;0;0;0;0;0;0;0;0;0;0;0;4158;0;0;89;0;80;0;
31059;6389443;1024110592;31825920;1126162432;0;0;0;0;0;0;0;0;0;0;0;4128;0;0;89;0;80;0;
31060;5357517;1024110592;31825920;1126162432;0;0;0;0;0;0;0;0;0;0;0;4228;0;0;89;0;80;0;
31061;6442042;1024110592;31825920;1126162432;0;0;0;0;0;0;0;0;0;0;0;3186;0;0;89;0;80;0;
31062;5096418;1024110592;31825920;1126162432;0;0;0;0;0;0;0;0;0;0;0;3737;0;0;89;0;80;0;
31063;6052330;1024110592;31825920;1126162432;0;0;0;0;0;0;0;0;0;0;0;3867;0;0;89;0;80;0;
31064;5409435;1024110592;31825920;1126162432;0;0;0;0;0;0;0;0;0;0;0;3927;0;0;89;0;80;0;
31065;5747118;1024110592;31825920;1126162432;0;0;0;0;0;0;0;0;0;0;0;3326;0;0;89;0;80;0;
31066;5200874;1024110592;31825920;1126162432;0;0;0;0;0;0;0;0;0;0;0;3446;0;0;89;0;80;0;
31067;5984453;1024110592;31825920;1126162432;0;0;0;0;0;0;0;0;0;0;0;3457;0;0;89;0;80;0;
31068;4529755;1018314752;24260608;1118597120;0;0;0;0;0;0;0;0;0;0;0;3376;0;0;89;0;80;0;
31069;7666788;1018314752;24260608;1118597120;0;0;0;0;0;0;0;0;0;0;0;3687;0;0;89;0;80;0;
31070;5185706;1018314752;24260608;1118597120;0;0;0;0;0;0;0;0;0;0;0;4378;0;0;89;0;80;0;
31071;6306898;1018314752;24260608;1118597120;0;0;0;0;0;0;0;0;0;0;0;3807;0;0;89;0;80;0;
31072;5116616;1018314752;24260608;1118597120;0;0;0;0;0;0;0;0;0;0;0;3887;0;0;89;0;80;0;
31073;5851213;1018314752;24260608;1118597120;0;0;0;0;0;0;0;0;0;0;0;3577;0;0;89;0;80;0;
31074;5992007;1018314752;24260608;1118597120;0;0;0;0;0;0;0;0;0;0;0;3847;0;0;89;0;80;0;
31075;6649370;1018314752;24260608;1118597120;0;0;0;0;0;0;0;0;0;0;0;3927;0;0;89;0;80;0;
31076;3942744;1018314752;24260608;1118597120;0;0;0;0;0;0;0;0;0;0;0;3317;0;0;89;0;80;0;
31077;5188911;1018314752;24260608;1118597120;0;0;0;0;0;0;0;0;0;0;0;2885;0;0;89;0;80;0;
31078;3984172;1018314752;24260608;1118597120;0;0;0;0;0;0;0;0;0;0;0;3005;0;0;89;0;80;0;
31079;5142154;1018314752;24260608;1118597120;0;0;0;0;0;0;0;0;0;0;0;2915;0;0;89;0;80;0;
31080;4082436;1018314752;24260608;1118597120;0;0;0;0;0;0;0;0;0;0;0;3757;0;0;89;0;80;0;
31081;5396220;1018314752;24260608;1118597120;0;0;0;0;0;0;0;0;0;0;0;3136;0;0;89;0;80;0;
31082;5337189;1018314752;24260608;1118597120;0;0;0;0;0;0;0;0;0;0;0;3667;0;0;89;0;80;0;
31083;7783938;1024118784;31834112;1126170624;0;0;0;0;0;0;0;0;0;0;0;4058;0;0;89;0;80;0;
31084;5120022;1024118784;31834112;1126170624;0;0;0;0;0;0;0;0;0;0;0;4389;0;0;89;0;80;0;
31085;6112493;1024118784;31834112;1126170624;0;0;0;0;0;0;0;0;0;0;0;3446;0;0;89;0;80;0;
31086;5094164;1024118784;31834112;1126170624;0;0;0;0;0;0;0;0;0;0;0;3807;0;0;89;0;80;0;
31087;6886074;1024118784;31834112;1126170624;0;0;0;0;0;0;0;0;0;0;0;3476;0;0;89;0;80;0;
31088;6864835;1024118784;31834112;1126170624;0;0;0;0;0;0;0;0;0;0;0;3707;0;0;89;0;80;0;
31089;5868596;1024118784;31834112;1126170624;0;0;0;0;0;0;0;0;0;0;0;3196;0;0;89;0;80;0;
31090;4678825;1024225280;31825920;1126162432;0;0;0;0;0;0;0;0;0;0;0;3667;0;0;89;0;80;0;
31091;6984268;1024225280;31825920;1126162432;0;0;0;0;0;0;0;0;0;0;0;3446;0;0;89;0;80;0;
31092;5489245;1018322944;24260608;1118597120;0;0;0;0;0;0;0;0;0;0;0;3567;0;0;89;0;80;0;
31093;6877719;1018322944;24260608;1118597120;0;0;0;0;0;0;0;0;0;0;0;3477;0;0;89;0;80;0;
31094;5196085;1018322944;24260608;1118597120;0;0;0;0;0;0;0;0;0;0;0;3226;0;0;89;0;80;0;
31095;6097184;1018322944;24260608;1118597120;0;0;0;0;0;0;0;0;0;0;0;2925;0;0;89;0;80;0;
31096;4129345;1018322944;24260608;1118597120;0;0;0;0;0;0;0;0;0;0;0;3546;0;0;89;0;80;0;
31097;6520999;1018322944;24260608;1118597120;0;0;0;0;0;0;0;0;0;0;0;3096;0;0;89;0;80;0;
31098;5135831;1018322944;24260608;1118597120;0;0;0;0;0;0;0;0;0;0;0;3025;0;0;89;0;80;0;
31099;6742805;1018322944;24260608;1118597120;0;0;0;0;0;0;0;0;0;0;0;2765;0;0;89;0;80;0;
31100;6478390;1018322944;24260608;1118597120;0;0;0;0;0;0;0;0;0;0;0;3477;0;0;89;0;80;0;
31101;7197168;1018322944;24260608;1118597120;0;0;0;0;0;0;0;0;0;0;0;3016;0;0;89;0;80;0;
31102;5715699;1018322944;24260608;1118597120;0;0;0;0;0;0;0;0;0;0;0;3547;0;0;89;0;80;0;
31103;5756105;1018322944;24260608;1118597120;0;0;0;0;0;0;0;0;0;0;0;3026;0;0;89;0;80;0;
31104;5037387;1018322944;24260608;1118597120;0;0;0;0;0;0;0;0;0;0;0;3226;0;0;89;0;80;0;
31105;7160218;1018322944;24260608;1118597120;0;0;0;0;0;0;0;0;0;0;0;3016;0;0;89;0;80;0;
31106;5110614;1018322944;24260608;1118597120;0;0;0;0;0;0;0;0;0;0;0;3677;0;0;89;0;80;0;
31107;7898603;1018322944;24260608;1118597120;0;0;0;0;0;0;0;0;0;0;0;3577;0;0;89;0;80;0;
31108;5621513;1018322944;24260608;1118597120;0;0;0;0;0;0;0;0;0;0;0;4418;0;0;89;0;80;0;
31109;7353300;1018322944;24260608;1118597120;0;0;0;0;0;0;0;0;0;0;0;4108;0;0;89;0;80;0;
31110;5919281;1018322944;24260608;1118597120;0;0;0;0;0;0;0;0;0;0;0;3647;0;0;89;0;80;0;
31111;5948816;1018322944;24260608;1118597120;0;0;0;0;0;0;0;0;0;0;0;3958;0;0;89;0;80;0;
31112;5432518;1018322944;24260608;1118597120;0;0;0;0;0;0;0;0;0;0;0;3507;0;0;89;0;80;0;
31113;5952583;1018322944;24260608;1118597120;0;0;0;0;0;0;0;0;0;0;0;3757;0;0;89;0;80;0;
31114;6563459;1018322944;24260608;1118597120;0;0;0;0;0;0;0;0;0;0;0;4669;0;0;89;0;80;0;
31115;9490589;1018322944;24260608;1118597120;0;0;0;0;0;0;0;0;0;0;0;4689;0;0;89;0;80;0;
31116;7107238;1018322944;24260608;1118597120;0;0;0;0;0;0;0;0;0;0;0;4389;0;0;89;0;80;0;
31117;8762773;1018322944;24260608;1118597120;0;0;0;0;0;0;0;0;0;0;0;3868;0;0;89;0;80;0;
31118;4715934;1018322944;24260608;1118597120;0;0;0;0;0;0;0;0;0;0;0;3937;0;0;89;0;80;0;
31119;8525609;1018322944;24260608;1118597120;0;0;0;0;0;0;0;0;0;0;0;4118;0;0;89;0;80;0;
31120;5223917;1018322944;24260608;1118597120;0;0;0;0;0;0;0;0;0;0;0;4007;0;0;89;0;80;0;
31121;7495948;1018322944;24260608;1118597120;0;0;0;0;0;0;0;0;0;0;0;3978;0;0;89;0;80;0;
31122;8017236;1018322944;24260608;1118597120;0;0;0;0;0;0;0;0;0;0;0;4910;0;0;89;0;80;0;
31123;8023377;1018322944;24260608;1118597120;0;0;0;0;0;0;0;0;0;0;0;3928;0;0;89;0;80;0;
31124;7178943;1018322944;24260608;1118597120;0;0;0;0;0;0;0;0;0;0;0;3957;0;0;89;0;80;0;
31125;6960193;1018322944;24260608;1118597120;0;0;0;0;0;0;0;0;0;0;0;4258;0;0;89;0;80;0;
31126;7015687;1018322944;24260608;1118597120;0;0;0;0;0;0;0;0;0;0;0;3847;0;0;89;0;80;0;
31127;8003029;1018322944;24260608;1118597120;0;0;0;0;0;0;0;0;0;0;0;5010;0;0;89;0;80;0;
31128;8309183;1018322944;24260608;1118597120;0;0;0;0;0;0;0;0;0;0;0;3737;0;0;89;0;80;0;
31129;6459965;1018322944;24260608;1118597120;0;0;0;0;0;0;0;0;0;0;0;3807;0;0;89;0;80;0;
31130;7993991;1018322944;24260608;1118597120;0;0;0;0;0;0;0;0;0;0;0;4077;0;0;89;0;80;0;
31131;8275139;1018322944;24260608;1118597120;0;0;0;0;0;0;0;0;0;0;0;4258;0;0;89;0;80;0;
31132;7091479;1018322944;24260608;1118597120;0;0;0;0;0;0;0;0;0;0;0;3907;0;0;89;0;80;0;
31133;8315925;1018322944;24260608;1118597120;0;0;0;0;0;0;0;0;0;0;0;3847;0;0;89;0;80;0;
31134;5141703;1018322944;24260608;1118597120;0;0;0;0;0;0;0;0;0;0;0;3517;0;0;89;0;80;0;
31135;8116541;1018322944;24260608;1118597120;0;0;0;0;0;0;0;0;0;0;0;4749;0;0;89;0;80;0;
31136;5879015;1018322944;24260608;1118597120;0;0;0;0;0;0;0;0;0;0;0;4598;0;0;89;0;80;0;
31137;7362528;1018322944;24260608;1118597120;0;0;0;0;0;0;0;0;0;0;0;4207;0;0;89;0;80;0;
31138;5474697;1018322944;24260608;1118597120;0;0;0;0;0;0;0;0;0;0;0;4378;0;0;89;0;80;0;
31139;7164797;1018322944;24260608;1118597120;0;0;0;0;0;0;0;0;0;0;0;5580;0;0;89;0;80;0;
31140;4912764;1018322944;24260608;1118597120;0;0;0;0;0;0;0;0;0;0;0;3988;0;0;89;0;80;0;
31141;7087352;1018322944;24260608;1118597120;0;0;0;0;0;0;0;0;0;0;0;4278;0;0;89;0;80;0;
31142;5681475;1018322944;24260608;1118597120;0;0;0;0;0;0;0;0;0;0;0;3958;0;0;89;0;80;0;
31143;9272250;1018322944;24260608;1118597120;0;0;0;0;0;0;0;0;0;0;0;3406;0;0;89;0;80;0;
31144;5254053;1018322944;24260608;1118597120;0;0;0;0;0;0;0;0;0;0;0;4820;0;0;89;0;80;0;
31145;6635635;1018322944;24260608;1118597120;0;0;0;0;0;0;0;0;0;0;0;4609;0;0;89;0;80;0;
31146;5537064;1018322944;24260608;1118597120;0;0;0;0;0;0;0;0;0;0;0;3828;0;0;89;0;80;0;
31147;6394552;1018322944;24260608;1118597120;0;0;0;0;0;0;0;0;0;0;0;4198;0;0;89;0;80;0;
31148;5514822;1018322944;24260608;1118597120;0;0;0;0;0;0;0;0;0;0;0;3687;0;0;89;0;80;0;
31149;7108431;1018322944;24260608;1118597120;0;0;0;0;0;0;0;0;0;0;0;3937;0;0;89;0;80;0;
31150;5578251;1018322944;24260608;1118597120;0;0;0;0;0;0;0;0;0;0;0;3517;0;0;89;0;80;0;
31151;6641275;1018322944;24260608;1118597120;0;0;0;0;0;0;0;0;0;0;0;3887;0;0;89;0;80;0;
31152;4263546;1018322944;24260608;1118597120;0;0;0;0;0;0;0;0;0;0;0;3948;0;0;89;0;80;0;
31153;5825254;1018322944;24260608;1118597120;0;0;0;0;0;0;0;0;0;0;0;3036;0;0;89;0;80;0;
31154;5413111;1018322944;24260608;1118597120;0;0;0;0;0;0;0;0;0;0;0;4568;0;0;89;0;80;0;
31155;5764781;1018322944;24260608;1118597120;0;0;0;0;0;0;0;0;0;0;0;3697;0;0;89;0;80;0;
31156;5065200;1018322944;24260608;1118597120;0;0;0;0;0;0;0;0;0;0;0;3537;0;0;89;0;80;0;
31157;5868676;1018322944;24260608;1118597120;0;0;0;0;0;0;0;0;0;0;0;2966;0;0;89;0;80;0;
31158;5628416;1018322944;24260608;1118597120;0;0;0;0;0;0;0;0;0;0;0;3307;0;0;89;0;80;0;
31159;6286340;1018322944;24260608;1118597120;0;0;0;0;0;0;0;0;0;0;0;3206;0;0;89;0;80;0;
31160;5448167;1018322944;24260608;1118597120;0;0;0;0;0;0;0;0;0;0;0;3537;0;0;89;0;80;0;
31161;5695331;1018322944;24268800;1118605312;0;0;0;0;0;0;0;0;0;0;0;3837;0;0;89;0;80;0;
31162;5981047;1018322944;24268800;1118605312;0;0;0;0;0;0;0;0;0;0;0;3637;0;0;89;0;80;0;
31163;5707033;1018322944;24268800;1118605312;0;0;0;0;0;0;0;0;0;0;0;3176;0;0;89;0;80;0;
31164;3773727;1018322944;24268800;1118605312;0;0;0;0;0;0;0;0;0;0;0;4027;0;0;89;0;80;0;
31165;6671381;1018322944;24268800;1118605312;0;0;0;0;0;0;0;0;0;0;0;2745;0;0;89;0;80;0;
31166;4782589;1018322944;24268800;1118605312;0;0;0;0;0;0;0;0;0;0;0;3607;0;0;89;0;80;0;
31167;7548516;1018322944;24268800;1118605312;0;0;0;0;0;0;0;0;0;0;0;3817;0;0;89;0;80;0;
31168;5264663;1018347520;24260608;1118597120;0;0;0;0;0;0;0;0;0;0;0;3737;0;0;89;0;80;0;
31169;5860872;1018347520;24260608;1118597120;0;0;0;0;0;0;0;0;0;0;0;4228;0;0;89;0;80;0;
31170;4575931;1018347520;24260608;1118597120;0;0;0;0;0;0;0;0;0;0;0;3477;0;0;89;0;80;0;
31171;6279577;1018347520;24260608;1118597120;0;0;0;0;0;0;0;0;0;0;0;3366;0;0;89;0;80;0;
31172;4713479;1018347520;24260608;1118597120;0;0;0;0;0;0;0;0;0;0;0;3867;0;0;89;0;80;0;
31173;5808514;1018347520;24260608;1118597120;0;0;0;0;0;0;0;0;0;0;0;3807;0;0;89;0;80;0;
31174;5054238;1018347520;24260608;1118597120;0;0;0;0;0;0;0;0;0;0;0;3577;0;0;89;0;80;0;
31175;5813793;1018347520;24260608;1118597120;0;0;0;0;0;0;0;0;0;0;0;3176;0;0;89;0;80;0;
31176;5917828;1018347520;24260608;1118597120;0;0;0;0;0;0;0;0;0;0;0;4258;0;0;89;0;80;0;
31177;6190980;1018347520;24260608;1118597120;0;0;0;0;0;0;0;0;0;0;0;3326;0;0;89;0;80;0;
31178;5368087;1018347520;24260608;1118597120;0;0;0;0;0;0;0;0;0;0;0;3767;0;0;89;0;80;0;
31179;6155414;1018347520;24260608;1118597120;0;0;0;0;0;0;0;0;0;0;0;3316;0;0;89;0;80;0;
31180;5495977;1018347520;24260608;1118597120;0;0;0;0;0;0;0;0;0;0;0;3757;0;0;89;0;80;0;
31181;6319381;1018347520;24260608;1118597120;0;0;0;0;0;0;0;0;0;0;0;3797;0;0;89;0;80;0;
31182;5480037;1018347520;24260608;1118597120;0;0;0;0;0;0;0;0;0;0;0;4178;0;0;89;0;80;0;
31183;6553660;1018347520;24260608;1118597120;0;0;0;0;0;0;0;0;0;0;0;4859;0;0;89;0;80;0;
31184;6127261;1018347520;24260608;1118597120;0;0;0;0;0;0;0;0;0;0;0;4649;0;0;89;0;80;0;
31185;7675795;1018347520;24260608;1118597120;0;0;0;0;0;0;0;0;0;0;0;4408;0;0;89;0;80;0;
31186;7648774;1018347520;24260608;1118597120;0;0;0;0;0;0;0;0;0;0;0;5009;0;0;89;0;80;0;
31187;7112368;1018347520;24260608;1118597120;0;0;0;0;0;0;0;0;0;0;0;4148;0;0;89;0;80;0;
31188;5959376;1018347520;24260608;1118597120;0;0;0;0;0;0;0;0;0;0;0;4107;0;0;89;0;80;0;
31189;5912077;1018347520;24260608;1118597120;0;0;0;0;0;0;0;0;0;0;0;4208;0;0;89;0;80;0;
31190;5783486;1018347520;24260608;1118597120;0;0;0;0;0;0;0;0;0;0;0;3957;0;0;89;0;80;0;
31191;5797232;1018347520;24260608;1118597120;0;0;0;0;0;0;0;0;0;0;0;4619;0;0;89;0;80;0;
31192;5474286;1018347520;24260608;1118597120;0;0;0;0;0;0;0;0;0;0;0;3487;0;0;89;0;80;0;
31193;6781508;1018347520;24260608;1118597120;0;0;0;0;0;0;0;0;0;0;0;3166;0;0;89;0;80;0;
31194;5519221;1018347520;24260608;1118597120;0;0;0;0;0;0;0;0;0;0;0;3857;0;0;89;0;80;0;
31195;5830304;1018347520;24260608;1118597120;0;0;0;0;0;0;0;0;0;0;0;3907;0;0;89;0;80;0;
31196;5264433;1018347520;24260608;1118597120;0;0;0;0;0;0;0;0;0;0;0;3606;0;0;89;0;80;0;
31197;6425050;1018347520;24260608;1118597120;0;0;0;0;0;0;0;0;0;0;0;3898;0;0;89;0;80;0;
31198;4871666;1018347520;24260608;1118597120;0;0;0;0;0;0;0;0;0;0;0;4188;0;0;89;0;80;0;
31199;8007527;1024151552;31825920;1126162432;0;0;0;0;0;0;0;0;0;0;0;4328;0;0;89;0;80;0;
31200;3962011;1024151552;31825920;1126162432;0;0;0;0;0;0;0;0;0;0;0;3327;0;0;89;0;80;0;
31201;6028035;1024151552;31825920;1126162432;0;0;0;0;0;0;0;0;0;0;0;3597;0;0;89;0;80;0;
31202;4664598;1024151552;31825920;1126162432;0;0;0;0;0;0;0;0;0;0;0;3527;0;0;89;0;80;0;
31203;6608493;1024151552;31825920;1126162432;0;0;0;0;0;0;0;0;0;0;0;3216;0;0;89;0;80;0;
31204;3793956;1024151552;31825920;1126162432;0;0;0;0;0;0;0;0;0;0;0;3045;0;0;89;0;80;0;
31205;6206570;1024151552;31825920;1126162432;0;0;0;0;0;0;0;0;0;0;0;3938;0;0;89;0;80;0;
31206;4550454;1024151552;31825920;1126162432;0;0;0;0;0;0;0;0;0;0;0;3367;0;0;89;0;80;0;
31207;5541192;1024151552;31825920;1126162432;0;0;0;0;0;0;0;0;0;0;0;3827;0;0;89;0;80;0;
31208;4966985;1018363904;24260608;1118597120;0;0;0;0;0;0;0;0;0;0;0;3457;0;0;89;0;80;0;
31209;5827478;1018363904;24260608;1118597120;0;0;0;0;0;0;0;0;0;0;0;3025;0;0;89;0;80;0;
31210;5049099;1018363904;24260608;1118597120;0;0;0;0;0;0;0;0;0;0;0;3927;0;0;89;0;80;0;
31211;5598769;1018363904;24260608;1118597120;0;0;0;0;0;0;0;0;0;0;0;3988;0;0;89;0;80;0;
31212;5323784;1018363904;24260608;1118597120;0;0;0;0;0;0;0;0;0;0;0;3887;0;0;89;0;80;0;
31213;5593530;1018363904;24260608;1118597120;0;0;0;0;0;0;0;0;0;0;0;3767;0;0;89;0;80;0;
31214;5607686;1018363904;24260608;1118597120;0;0;0;0;0;0;0;0;0;0;0;3637;0;0;89;0;80;0;
31215;6577375;1018363904;24260608;1118597120;0;0;0;0;0;0;0;0;0;0;0;3316;0;0;89;0;80;0;
31216;3891629;1018363904;24260608;1118597120;0;0;0;0;0;0;0;0;0;0;0;3206;0;0;89;0;80;0;
31217;6063211;1018363904;24260608;1118597120;0;0;0;0;0;0;0;0;0;0;0;3376;0;0;89;0;80;0;
31218;3768948;1018363904;24260608;1118597120;0;0;0;0;0;0;0;0;0;0;0;3086;0;0;89;0;80;0;
31219;5531985;1018363904;24260608;1118597120;0;0;0;0;0;0;0;0;0;0;0;2875;0;0;89;0;80;0;
31220;4245732;1018363904;24260608;1118597120;0;0;0;0;0;0;0;0;0;0;0;4448;0;0;89;0;80;0;
31221;6819649;1018363904;24260608;1118597120;0;0;0;0;0;0;0;0;0;0;0;3387;0;0;89;0;80;0;
31222;3816217;1018363904;24260608;1118597120;0;0;0;0;0;0;0;0;0;0;0;3347;0;0;89;0;80;0;
31223;7469558;1024167936;31825920;1126162432;0;0;0;0;0;0;0;0;0;0;0;3076;0;0;89;0;80;0;
31224;4682611;1024167936;31825920;1126162432;0;0;0;0;0;0;0;0;0;0;0;3006;0;0;89;0;80;0;
31225;4966424;1024167936;31825920;1126162432;0;0;0;0;0;0;0;0;0;0;0;2565;0;0;89;0;80;0;
31226;3569294;1024167936;31825920;1126162432;0;0;0;0;0;0;0;0;0;0;0;3046;0;0;89;0;80;0;
31227;6283915;1024167936;31825920;1126162432;0;0;0;0;0;0;0;0;0;0;0;2835;0;0;89;0;80;0;
31228;3746686;1024167936;31825920;1126162432;0;0;0;0;0;0;0;0;0;0;0;3156;0;0;89;0;80;0;
31229;5615521;1024167936;31825920;1126162432;0;0;0;0;0;0;0;0;0;0;0;3006;0;0;89;0;80;0;
31230;3467723;1024167936;31825920;1126162432;0;0;0;0;0;0;0;0;0;0;0;3156;0;0;89;0;80;0;
31231;5388044;1024167936;31825920;1126162432;0;0;0;0;0;0;0;0;0;0;0;2906;0;0;89;0;80;0;
31232;4673053;1018372096;24260608;1118597120;0;0;0;0;0;0;0;0;0;0;0;3306;0;0;89;0;80;0;
31233;6063501;1018372096;24260608;1118597120;0;0;0;0;0;0;0;0;0;0;0;2906;0;0;89;0;80;0;
31234;4027564;1018372096;24260608;1118597120;0;0;0;0;0;0;0;0;0;0;0;3537;0;0;89;0;80;0;
31235;6156075;1018372096;24260608;1118597120;0;0;0;0;0;0;0;0;0;0;0;4318;0;0;89;0;80;0;
31236;4426050;1018372096;24260608;1118597120;0;0;0;0;0;0;0;0;0;0;0;3707;0;0;89;0;80;0;
31237;6780255;1018372096;24260608;1118597120;0;0;0;0;0;0;0;0;0;0;0;3647;0;0;89;0;80;0;
31238;4612500;1018372096;24260608;1118597120;0;0;0;0;0;0;0;0;0;0;0;3627;0;0;89;0;80;0;
31239;5521835;1018372096;24260608;1118597120;0;0;0;0;0;0;0;0;0;0;0;3086;0;0;89;0;80;0;
31240;3407691;1018372096;24260608;1118597120;0;0;0;0;0;0;0;0;0;0;0;3056;0;0;89;0;80;0;
31241;6587113;1018372096;24260608;1118597120;0;0;0;0;0;0;0;0;0;0;0;3396;0;0;89;0;80;0;
31242;2952747;1018372096;24260608;1118597120;0;0;0;0;0;0;0;0;0;0;0;2745;0;0;89;0;80;0;
31243;5499052;1018372096;24260608;1118597120;0;0;0;0;0;0;0;0;0;0;0;2605;0;0;89;0;80;0;
31244;4216958;1018372096;24260608;1118597120;0;0;0;0;0;0;0;0;0;0;0;3456;0;0;89;0;80;0;
31245;5151601;1018372096;24260608;1118597120;0;0;0;0;0;0;0;0;0;0;0;2785;0;0;89;0;80;0;
31246;4528112;1018372096;24260608;1118597120;0;0;0;0;0;0;0;0;0;0;0;3106;0;0;89;0;80;0;
31247;6583106;1024176128;31825920;1126162432;0;0;0;0;0;0;0;0;0;0;0;3617;0;0;89;0;80;0;
31248;4524355;1024176128;31825920;1126162432;0;0;0;0;0;0;0;0;0;0;0;4359;0;0;89;0;80;0;
31249;5187028;1024176128;31825920;1126162432;0;0;0;0;0;0;0;0;0;0;0;3166;0;0;89;0;80;0;
31250;4716636;1024176128;31825920;1126162432;0;0;0;0;0;0;0;0;0;0;0;3366;0;0;89;0;80;0;
31251;6125608;1024176128;31825920;1126162432;0;0;0;0;0;0;0;0;0;0;0;3176;0;0;89;0;80;0;
31252;3532234;1024176128;31825920;1126162432;0;0;0;0;0;0;0;0;0;0;0;3427;0;0;89;0;80;0;
31253;6410663;1024176128;31834112;1126170624;0;0;0;0;0;0;0;0;0;0;0;3166;0;0;89;0;80;0;
31254;4333738;1024176128;31834112;1126170624;0;0;0;0;0;0;0;0;0;0;0;3056;0;0;89;0;80;0;
31255;5151371;1024176128;31834112;1126170624;0;0;0;0;0;0;0;0;0;0;0;3747;0;0;89;0;80;0;
31256;5453036;1018388480;24268800;1118605312;0;0;0;0;0;0;0;0;0;0;0;4368;0;0;89;0;80;0;
31257;6373984;1018388480;24268800;1118605312;0;0;0;0;0;0;0;0;0;0;0;3427;0;0;89;0;80;0;
31258;3489945;1018388480;24268800;1118605312;0;0;0;0;0;0;0;0;0;0;0;3326;0;0;89;0;80;0;
31259;5638464;1018388480;24268800;1118605312;0;0;0;0;0;0;0;0;0;0;0;3106;0;0;89;0;80;0;
31260;4102113;1018380288;24260608;1118597120;0;0;0;0;0;0;0;0;0;0;0;2945;0;0;89;0;80;0;
31261;6589658;1018380288;24260608;1118597120;0;0;0;0;0;0;0;0;0;0;0;2615;0;0;89;0;80;0;
31262;4098867;1018380288;24260608;1118597120;0;0;0;0;0;0;0;0;0;0;0;3387;0;0;89;0;80;0;
31263;5569615;1018380288;24260608;1118597120;0;0;0;0;0;0;0;0;0;0;0;3607;0;0;89;0;80;0;
31264;4315954;1018380288;24260608;1118597120;0;0;0;0;0;0;0;0;0;0;0;4088;0;0;89;0;80;0;
31265;5076440;1018380288;24260608;1118597120;0;0;0;0;0;0;0;0;0;0;0;3116;0;0;89;0;80;0;
31266;4051438;1018380288;24260608;1118597120;0;0;0;0;0;0;0;0;0;0;0;3206;0;0;89;0;80;0;
31267;6280348;1018380288;24260608;1118597120;0;0;0;0;0;0;0;0;0;0;0;2796;0;0;89;0;80;0;
31268;3709577;1018380288;24260608;1118597120;0;0;0;0;0;0;0;0;0;0;0;3166;0;0;89;0;80;0;
31269;5465490;1018380288;24260608;1118597120;0;0;0;0;0;0;0;0;0;0;0;2484;0;0;89;0;80;0;
31270;4289484;1018380288;24260608;1118597120;0;0;0;0;0;0;0;0;0;0;0;3737;0;0;89;0;80;0;
31271;5889234;1024184320;31825920;1126162432;0;0;0;0;0;0;0;0;0;0;0;3717;0;0;89;0;80;0;
31272;4549933;1024184320;31825920;1126162432;0;0;0;0;0;0;0;0;0;0;0;3617;0;0;89;0;80;0;
31273;5969175;1024184320;31825920;1126162432;0;0;0;0;0;0;0;0;0;0;0;3286;0;0;89;0;80;0;
31274;3661567;1024184320;31825920;1126162432;0;0;0;0;0;0;0;0;0;0;0;2815;0;0;89;0;80;0;
31275;5424293;1024184320;31825920;1126162432;0;0;0;0;0;0;0;0;0;0;0;2625;0;0;89;0;80;0;
31276;4614123;1024184320;31825920;1126162432;0;0;0;0;0;0;0;0;0;0;0;2805;0;0;89;0;80;0;
31277;6493167;1024184320;31825920;1126162432;0;0;0;0;0;0;0;0;0;0;0;3256;0;0;89;0;80;0;
31278;4367590;1024184320;31825920;1126162432;0;0;0;0;0;0;0;0;0;0;0;2905;0;0;89;0;80;0;
31279;5000007;1024184320;31825920;1126162432;0;0;0;0;0;0;0;0;0;0;0;2945;0;0;89;0;80;0;
31280;4949803;1018388480;24260608;1118597120;0;0;0;0;0;0;0;0;0;0;0;3446;0;0;89;0;80;0;
31281;5125853;1018388480;24260608;1118597120;0;0;0;0;0;0;0;0;0;0;0;3035;0;0;89;0;80;0;
31282;3683017;1018388480;24260608;1118597120;0;0;0;0;0;0;0;0;0;0;0;3146;0;0;89;0;80;0;
31283;6558640;1018388480;24260608;1118597120;0;0;0;0;0;0;0;0;0;0;0;2825;0;0;89;0;80;0;
31284;4291188;1018388480;24260608;1118597120;0;0;0;0;0;0;0;0;0;0;0;3196;0;0;89;0;80;0;
31285;5247091;1018388480;24260608;1118597120;0;0;0;0;0;0;0;0;0;0;0;3066;0;0;89;0;80;0;
31286;4142459;1018388480;24260608;1118597120;0;0;0;0;0;0;0;0;0;0;0;3386;0;0;89;0;80;0;
31287;5413793;1018388480;24260608;1118597120;0;0;0;0;0;0;0;0;0;0;0;2845;0;0;89;0;80;0;
31288;3704878;1018388480;24260608;1118597120;0;0;0;0;0;0;0;0;0;0;0;3406;0;0;89;0;80;0;
31289;5638815;1018388480;24260608;1118597120;0;0;0;0;0;0;0;0;0;0;0;2795;0;0;89;0;80;0;
31290;4182424;1018388480;24260608;1118597120;0;0;0;0;0;0;0;0;0;0;0;3557;0;0;89;0;80;0;
31291;6348186;1018388480;24260608;1118597120;0;0;0;0;0;0;0;0;0;0;0;3026;0;0;89;0;80;0;
31292;4427503;1018388480;24260608;1118597120;0;0;0;0;0;0;0;0;0;0;0;3246;0;0;89;0;80;0;
31293;5095205;1018388480;24260608;1118597120;0;0;0;0;0;0;0;0;0;0;0;2675;0;0;89;0;80;0;
31294;4643708;1018388480;24260608;1118597120;0;0;0;0;0;0;0;0;0;0;0;2865;0;0;89;0;80;0;
31295;5840212;1024192512;31825920;1126162432;0;0;0;0;0;0;0;0;0;0;0;2826;0;0;89;0;80;0;
31296;4145044;1024192512;31825920;1126162432;0;0;0;0;0;0;0;0;0;0;0;3095;0;0;89;0;80;0;
31297;6077577;1024192512;31825920;1126162432;0;0;0;0;0;0;0;0;0;0;0;3016;0;0;89;0;80;0;
31298;4663025;1024192512;31825920;1126162432;0;0;0;0;0;0;0;0;0;0;0;4359;0;0;89;0;80;0;
31299;5426808;1024192512;31825920;1126162432;0;0;0;0;0;0;0;0;0;0;0;3356;0;0;89;0;80;0;
31300;4993955;1024192512;31825920;1126162432;0;0;0;0;0;0;0;0;0;0;0;3487;0;0;89;0;80;0;
31301;5517297;1024192512;31825920;1126162432;0;0;0;0;0;0;0;0;0;0;0;3306;0;0;89;0;80;0;
31302;4012205;1024192512;31825920;1126162432;0;0;0;0;0;0;0;0;0;0;0;3447;0;0;89;0;80;0;
31303;5732541;1024192512;31825920;1126162432;0;0;0;0;0;0;0;0;0;0;0;3497;0;0;89;0;80;0;
31304;4809369;1018396672;24260608;1118597120;0;0;0;0;0;0;0;0;0;0;0;4077;0;0;89;0;80;0;
31305;5914582;1018396672;24260608;1118597120;0;0;0;0;0;0;0;0;0;0;0;3467;0;0;89;0;80;0;
31306;7035765;1018396672;24260608;1118597120;0;0;0;0;0;0;0;0;0;0;0;3968;0;0;89;0;80;0;
31307;5566139;1018396672;24260608;1118597120;0;0;0;0;0;0;0;0;0;0;0;3797;0;0;89;0;80;0;
31308;4397487;1018396672;24260608;1118597120;0;0;0;0;0;0;0;0;0;0;0;3737;0;0;89;0;80;0;
31309;6825571;1018396672;24260608;1118597120;0;0;0;0;0;0;0;0;0;0;0;3026;0;0;89;0;80;0;
31310;4868881;1018396672;24260608;1118597120;0;0;0;0;0;0;0;0;0;0;0;3607;0;0;89;0;80;0;
31311;5433369;1018396672;24260608;1118597120;0;0;0;0;0;0;0;0;0;0;0;3447;0;0;89;0;80;0;
31312;4573086;1018396672;24260608;1118597120;0;0;0;0;0;0;0;0;0;0;0;3577;0;0;89;0;80;0;
31313;5343091;1018396672;24260608;1118597120;0;0;0;0;0;0;0;0;0;0;0;2966;0;0;89;0;80;0;
31314;4281490;1018396672;24260608;1118597120;0;0;0;0;0;0;0;0;0;0;0;4027;0;0;89;0;80;0;
31315;6187033;1018396672;24260608;1118597120;0;0;0;0;0;0;0;0;0;0;0;3457;0;0;89;0;80;0;
31316;5268912;1018396672;24260608;1118597120;0;0;0;0;0;0;0;0;0;0;0;3507;0;0;89;0;80;0;
31317;5791461;1018396672;24260608;1118597120;0;0;0;0;0;0;0;0;0;0;0;3577;0;0;89;0;80;0;
31318;6199878;1018396672;24260608;1118597120;0;0;0;0;0;0;0;0;0;0;0;3937;0;0;89;0;80;0;
31319;6336112;1018396672;24260608;1118597120;0;0;0;0;0;0;0;0;0;0;0;3727;0;0;89;0;80;0;
31320;4412255;1018396672;24260608;1118597120;0;0;0;0;0;0;0;0;0;0;0;4068;0;0;89;0;80;0;
31321;5598179;1018396672;24260608;1118597120;0;0;0;0;0;0;0;0;0;0;0;3086;0;0;89;0;80;0;
31322;4237377;1018396672;24260608;1118597120;0;0;0;0;0;0;0;0;0;0;0;3677;0;0;89;0;80;0;
31323;6227819;1018396672;24260608;1118597120;0;0;0;0;0;0;0;0;0;0;0;3357;0;0;89;0;80;0;
31324;3796049;1018396672;24260608;1118597120;0;0;0;0;0;0;0;0;0;0;0;3206;0;0;89;0;80;0;
31325;6616789;1018396672;24260608;1118597120;0;0;0;0;0;0;0;0;0;0;0;2665;0;0;89;0;80;0;
31326;3573682;1018396672;24260608;1118597120;0;0;0;0;0;0;0;0;0;0;0;3456;0;0;89;0;80;0;
31327;5470269;1018396672;24260608;1118597120;0;0;0;0;0;0;0;0;0;0;0;3026;0;0;89;0;80;0;
31328;12773274;1018396672;24260608;1118597120;0;0;0;0;0;0;0;0;0;0;0;7544;0;0;89;0;80;0;
31329;5256798;1018396672;24260608;1118597120;0;0;0;0;0;0;0;0;0;0;0;2715;0;0;89;0;80;0;
31330;4463460;1018396672;24260608;1118597120;0;0;0;0;0;0;0;0;0;0;0;3036;0;0;89;0;80;0;
31331;5105885;1018396672;24260608;1118597120;0;0;0;0;0;0;0;0;0;0;0;2585;0;0;89;0;80;0;
31332;4436801;1018396672;24260608;1118597120;0;0;0;0;0;0;0;0;0;0;0;4118;0;0;89;0;80;0;
31333;5922748;1018396672;24264704;1118601216;0;0;0;0;0;0;0;0;0;0;0;3617;0;0;89;0;80;0;
31334;51760240;549212160;24264704;497844224;0;0;0;0;0;0;0;0;0;0;0;4408;0;0;0;0;0;0;
31335;4656032;549212160;24264704;497844224;0;0;0;0;0;0;0;0;0;0;0;2675;0;0;0;0;0;0;
31336;2450776;549212160;24264704;497844224;0;0;0;0;0;0;0;0;0;0;0;2945;0;0;0;0;0;0;
31337;4445336;549212160;24264704;497844224;0;0;0;0;0;0;0;0;0;0;0;2304;0;0;0;0;0;0;
31338;2424967;549212160;24264704;497844224;0;0;0;0;0;0;0;0;0;0;0;2565;0;0;0;0;0;0;
31339;4382599;549212160;24264704;497844224;0;0;0;0;0;0;0;0;0;0;0;2965;0;0;0;0;0;0;
31340;2344957;549212160;24264704;497844224;0;0;0;0;0;0;0;0;0;0;0;3056;0;0;0;0;0;0;
31341;4358685;549212160;24264704;497844224;0;0;0;0;0;0;0;0;0;0;0;2214;0;0;0;0;0;0;
31342;2286909;549212160;24264704;497844224;0;0;0;0;0;0;0;0;0;0;0;2845;0;0;0;0;0;0;
31343;4485803;549212160;24264704;497844224;0;0;0;0;0;0;0;0;0;0;0;2776;0;0;0;0;0;0;
31344;2274515;549212160;24264704;497844224;0;0;0;0;0;0;0;0;0;0;0;2796;0;0;0;0;0;0;
31345;4329720;549212160;24264704;497844224;0;0;0;0;0;0;0;0;0;0;0;2554;0;0;0;0;0;0;
31346;2329719;549212160;24264704;497844224;0;0;0;0;0;0;0;0;0;0;0;2635;0;0;0;0;0;0;
31347;4459293;549212160;24264704;497844224;0;0;0;0;0;0;0;0;0;0;0;2474;0;0;0;0;0;0;
31348;2199274;549212160;24264704;497844224;0;0;0;0;0;0;0;0;0;0;0;2625;0;0;0;0;0;0;
31349;4322737;549212160;24264704;497844224;0;0;0;0;0;0;0;0;0;0;0;2254;0;0;0;0;0;0;
31350;2625744;549212160;24264704;497844224;0;0;0;0;0;0;0;0;0;0;0;2665;0;0;0;0;0;0;
31351;4435148;549212160;24264704;497844224;0;0;0;0;0;0;0;0;0;0;0;2334;0;0;0;0;0;0;
31352;2248336;549212160;24264704;497844224;0;0;0;0;0;0;0;0;0;0;0;2645;0;0;0;0;0;0;
31353;4344788;549212160;24264704;497844224;0;0;0;0;0;0;0;0;0;0;0;2254;0;0;0;0;0;0;
31354;2333366;549212160;24264704;497844224;0;0;0;0;0;0;0;0;0;0;0;3306;0;0;0;0;0;0;
31355;4314071;549212160;24264704;497844224;0;0;0;0;0;0;0;0;0;0;0;2975;0;0;0;0;0;0;
31356;2347272;549212160;24264704;497844224;0;0;0;0;0;0;0;0;0;0;0;2805;0;0;0;0;0;0;
31357;4311756;549212160;24264704;497844224;0;0;0;0;0;0;0;0;0;0;0;2294;0;0;0;0;0;0;
31358;2389071;549212160;24264704;497844224;0;0;0;0;0;0;0;0;0;0;0;3407;0;0;0;0;0;0;
31359;4483649;549212160;24264704;497844224;0;0;0;0;0;0;0;0;0;0;0;2755;0;0;0;0;0;0;
31360;2498065;549212160;24264704;497844224;0;0;0;0;0;0;0;0;0;0;0;2736;0;0;0;0;0;0;
31361;4416543;549212160;24264704;497844224;0;0;0;0;0;0;0;0;0;0;0;1893;0;0;0;0;0;0;
31362;2656321;549212160;24264704;497844224;0;0;0;0;0;0;0;0;0;0;0;2925;0;0;0;0;0;0;
31363;4318458;549212160;24264704;497844224;0;0;0;0;0;0;0;0;0;0;0;2614;0;0;0;0;0;0;
31364;2512411;549212160;24264704;497844224;0;0;0;0;0;0;0;0;0;0;0;2785;0;0;0;0;0;0;
31365;4412885;549212160;24264704;497844224;0;0;0;0;0;0;0;0;0;0;0;8245;0;0;0;0;0;0;
31366;2700364;549212160;24264704;497844224;0;0;0;0;0;0;0;0;0;0;0;2705;0;0;0;0;0;0;
31367;5094644;555016192;31830016;505409536;0;0;0;0;0;0;0;0;0;0;0;2786;0;0;0;0;0;0;
31368;2503545;555016192;31830016;505409536;0;0;0;0;0;0;0;0;0;0;0;3016;0;0;0;0;0;0;
31369;4458451;555016192;31830016;505409536;0;0;0;0;0;0;0;0;0;0;0;2545;0;0;0;0;0;0;
31370;2619943;555016192;31830016;505409536;0;0;0;0;0;0;0;0;0;0;0;2745;0;0;0;0;0;0;
31371;4444675;555016192;31830016;505409536;0;0;0;0;0;0;0;0;0;0;0;2575;0;0;0;0;0;0;
31372;2764584;555016192;31830016;505409536;0;0;0;0;0;0;0;0;0;0;0;3897;0;0;0;0;0;0;
31373;4820560;555016192;31830016;505409536;0;0;0;0;0;0;0;0;0;0;0;3206;0;0;0;0;0;0;
31374;3377865;555016192;31830016;505409536;0;0;0;0;0;0;0;0;0;0;0;3477;0;0;0;0;0;0;
31375;4686579;555016192;31830016;505409536;0;0;0;0;0;0;0;0;0;0;0;3667;0;0;0;0;0;0;
31376;3634837;549228544;24264704;497844224;0;0;0;0;0;0;0;0;0;0;0;3727;0;0;0;0;0;0;
31377;4670369;549228544;24264704;497844224;0;0;0;0;0;0;0;0;0;0;0;3437;0;0;0;0;0;0;
31378;3536742;549228544;24264704;497844224;0;0;0;0;0;0;0;0;0;0;0;3837;0;0;0;0;0;0;
31379;4732214;549228544;24264704;497844224;0;0;0;0;0;0;0;0;0;0;0;3386;0;0;0;0;0;0;
31380;3590524;549228544;24264704;497844224;0;0;0;0;0;0;0;0;0;0;0;3797;0;0;0;0;0;0;
31381;4684685;549228544;24264704;497844224;0;0;0;0;0;0;0;0;0;0;0;3557;0;0;0;0;0;0;
31382;3515423;549228544;24264704;497844224;0;0;0;0;0;0;0;0;0;0;0;3387;0;0;0;0;0;0;
31383;4647396;549228544;24264704;497844224;0;0;0;0;0;0;0;0;0;0;0;3446;0;0;0;0;0;0;
31384;3402220;549228544;24264704;497844224;0;0;0;0;0;0;0;0;0;0;0;3577;0;0;0;0;0;0;
31385;4633369;549228544;24264704;497844224;0;0;0;0;0;0;0;0;0;0;0;3196;0;0;0;0;0;0;
31386;3366894;549228544;24264704;497844224;0;0;0;0;0;0;0;0;0;0;0;3637;0;0;0;0;0;0;
31387;4611067;549228544;24264704;497844224;0;0;0;0;0;0;0;0;0;0;0;3196;0;0;0;0;0;0;
31388;3387182;549228544;24264704;497844224;0;0;0;0;0;0;0;0;0;0;0;3496;0;0;0;0;0;0;
31389;4773713;549228544;24264704;497844224;0;0;0;0;0;0;0;0;0;0;0;3236;0;0;0;0;0;0;
31390;3501226;549228544;24264704;497844224;0;0;0;0;0;0;0;0;0;0;0;2966;0;0;0;0;0;0;
31391;5178161;555032576;31830016;505409536;0;0;0;0;0;0;0;0;0;0;0;2785;0;0;0;0;0;0;
31392;2586440;555032576;31830016;505409536;0;0;0;0;0;0;0;0;0;0;0;3176;0;0;0;0;0;0;
31393;4562016;555032576;31830016;505409536;0;0;0;0;0;0;0;0;0;0;0;2895;0;0;0;0;0;0;
31394;2520767;555032576;31830016;505409536;0;0;0;0;0;0;0;0;0;0;0;2855;0;0;0;0;0;0;
31395;4680608;555032576;31830016;505409536;0;0;0;0;0;0;0;0;0;0;0;2545;0;0;0;0;0;0;
31396;3639346;555032576;31830016;505409536;0;0;0;0;0;0;0;0;0;0;0;3737;0;0;0;0;0;0;
31397;4707198;555032576;31830016;505409536;0;0;0;0;0;0;0;0;0;0;0;3286;0;0;0;0;0;0;
31398;3372495;555032576;31830016;505409536;0;0;0;0;0;0;0;0;0;0;0;3747;0;0;0;0;0;0;
31399;4644471;555032576;31830016;505409536;0;0;0;0;0;0;0;0;0;0;0;3186;0;0;0;0;0;0;
31400;3792232;549236736;24264704;497844224;0;0;0;0;0;0;0;0;0;0;0;3457;0;0;0;0;0;0;
31401;4867378;549236736;24264704;497844224;0;0;0;0;0;0;0;0;0;0;0;3166;0;0;0;0;0;0;
31402;3459758;549236736;24264704;497844224;0;0;0;0;0;0;0;0;0;0;0;3677;0;0;0;0;0;0;
31403;4817224;549236736;24264704;497844224;0;0;0;0;0;0;0;0;0;0;0;3597;0;0;0;0;0;0;
31404;3189993;549236736;24264704;497844224;0;0;0;0;0;0;0;0;0;0;0;2866;0;0;0;0;0;0;
31405;4525537;549236736;24264704;497844224;0;0;0;0;0;0;0;0;0;0;0;2695;0;0;0;0;0;0;
31406;2731372;549236736;24264704;497844224;0;0;0;0;0;0;0;0;0;0;0;3086;0;0;0;0;0;0;
31407;4774574;549236736;24264704;497844224;0;0;0;0;0;0;0;0;0;0;0;3306;0;0;0;0;0;0;
31408;3416297;549236736;24264704;497844224;0;0;0;0;0;0;0;0;0;0;0;3717;0;0;0;0;0;0;
31409;4707268;549236736;24264704;497844224;0;0;0;0;0;0;0;0;0;0;0;3456;0;0;0;0;0;0;
31410;3201093;549236736;24264704;497844224;0;0;0;0;0;0;0;0;0;0;0;2695;0;0;0;0;0;0;
31411;4473439;549236736;24264704;497844224;0;0;0;0;0;0;0;0;0;0;0;2475;0;0;0;0;0;0;
31412;2272452;549236736;24264704;497844224;0;0;0;0;0;0;0;0;0;0;0;2605;0;0;0;0;0;0;
31413;4340771;549236736;24264704;497844224;0;0;0;0;0;0;0;0;0;0;0;2405;0;0;0;0;0;0;
31414;2651302;549236736;24264704;497844224;0;0;0;0;0;0;0;0;0;0;0;2915;0;0;0;0;0;0;
31415;5137204;555040768;31830016;505409536;0;0;0;0;0;0;0;0;0;0;0;3166;0;0;0;0;0;0;
31416;2444365;555040768;31830016;505409536;0;0;0;0;0;0;0;0;0;0;0;3036;0;0;0;0;0;0;
31417;4390785;555040768;31830016;505409536;0;0;0;0;0;0;0;0;0;0;0;2384;0;0;0;0;0;0;
31418;2531347;555040768;31830016;505409536;0;0;0;0;0;0;0;0;0;0;0;2615;0;0;0;0;0;0;
31419;4428997;555040768;31830016;505409536;0;0;0;0;0;0;0;0;0;0;0;2454;0;0;0;0;0;0;
31420;2461035;555040768;31830016;505409536;0;0;0;0;0;0;0;0;0;0;0;2766;0;0;0;0;0;0;
31421;4444916;555040768;31830016;505409536;0;0;0;0;0;0;0;0;0;0;0;2605;0;0;0;0;0;0;
31422;2489970;555040768;31830016;505409536;0;0;0;0;0;0;0;0;0;0;0;2665;0;0;0;0;0;0;
31423;4326755;555040768;31830016;505409536;0;0;0;0;0;0;0;0;0;0;0;2465;0;0;0;0;0;0;
31424;3025424;549244928;24264704;497844224;0;0;0;0;0;0;0;0;0;0;0;3878;0;0;0;0;0;0;
31425;4625605;549244928;24264704;497844224;0;0;0;0;0;0;0;0;0;0;0;3267;0;0;0;0;0;0;
31426;3466210;549244928;24264704;497844224;0;0;0;0;0;0;0;0;0;0;0;3988;0;0;0;0;0;0;
31427;4719471;549244928;24264704;497844224;0;0;0;0;0;0;0;0;0;0;0;3516;0;0;0;0;0;0;
31428;3381812;549244928;24264704;497844224;0;0;0;0;0;0;0;0;0;0;0;4048;0;0;0;0;0;0;
31429;4653727;549244928;24264704;497844224;0;0;0;0;0;0;0;0;0;0;0;2986;0;0;0;0;0;0;
31430;3436315;549244928;24264704;497844224;0;0;0;0;0;0;0;0;0;0;0;3417;0;0;0;0;0;0;
31431;4536848;549244928;24264704;497844224;0;0;0;0;0;0;0;0;0;0;0;3486;0;0;0;0;0;0;
31432;3605842;549244928;24264704;497844224;0;0;0;0;0;0;0;0;0;0;0;3567;0;0;0;0;0;0;
31433;4602983;549244928;24264704;497844224;0;0;0;0;0;0;0;0;0;0;0;3507;0;0;0;0;0;0;
31434;3447366;549244928;24264704;497844224;0;0;0;0;0;0;0;0;0;0;0;3446;0;0;0;0;0;0;
31435;4710033;549244928;24264704;497844224;0;0;0;0;0;0;0;0;0;0;0;3296;0;0;0;0;0;0;
31436;3441284;549244928;24264704;497844224;0;0;0;0;0;0;0;0;0;0;0;3666;0;0;0;0;0;0;
31437;4766760;549244928;24264704;497844224;0;0;0;0;0;0;0;0;0;0;0;3456;0;0;0;0;0;0;
31438;3297394;549244928;24264704;497844224;0;0;0;0;0;0;0;0;0;0;0;3536;0;0;0;0;0;0;
31439;4603162;549244928;24264704;497844224;0;0;0;0;0;0;0;0;0;0;0;3166;0;0;0;0;0;0;
31440;3295180;549244928;24264704;497844224;0;0;0;0;0;0;0;0;0;0;0;3476;0;0;0;0;0;0;
31441;4779804;549244928;24264704;497844224;0;0;0;0;0;0;0;0;0;0;0;3557;0;0;0;0;0;0;
31442;3433079;549244928;24264704;497844224;0;0;0;0;0;0;0;0;0;0;0;3346;0;0;0;0;0;0;
31443;4576403;549244928;24264704;497844224;0;0;0;0;0;0;0;0;0;0;0;2655;0;0;0;0;0;0;
31444;3576588;549244928;24264704;497844224;0;0;0;0;0;0;0;0;0;0;0;3327;0;0;0;0;0;0;
31445;4602892;549244928;24264704;497844224;0;0;0;0;0;0;0;0;0;0;0;2815;0;0;0;0;0;0;
31446;3429542;549244928;24264704;497844224;0;0;0;0;0;0;0;0;0;0;0;3737;0;0;0;0;0;0;
31447;4662133;549244928;24264704;497844224;0;0;0;0;0;0;0;0;0;0;0;3387;0;0;0;0;0;0;
31448;3312652;549244928;24264704;497844224;0;0;0;0;0;0;0;0;0;0;0;3296;0;0;0;0;0;0;
31449;4638379;549244928;24264704;497844224;0;0;0;0;0;0;0;0;0;0;0;3226;0;0;0;0;0;0;
31450;3277106;549244928;24264704;497844224;0;0;0;0;0;0;0;0;0;0;0;3367;0;0;0;0;0;0;
31451;4620576;549244928;24264704;497844224;0;0;0;0;0;0;0;0;0;0;0;2895;0;0;0;0;0;0;
31452;3345615;549244928;24264704;497844224;0;0;0;0;0;0;0;0;0;0;0;3276;0;0;0;0;0;0;
31453;4787088;549244928;24264704;497844224;0;0;0;0;0;0;0;0;0;0;0;3016;0;0;0;0;0;0;
31454;3339703;549244928;24264704;497844224;0;0;0;0;0;0;0;0;0;0;0;3477;0;0;0;0;0;0;
31455;4638239;549244928;24264704;497844224;0;0;0;0;0;0;0;0;0;0;0;3256;0;0;0;0;0;0;
31456;3306822;549244928;24264704;497844224;0;0;0;0;0;0;0;0;0;0;0;3537;0;0;0;0;0;0;
31457;4700655;549244928;24264704;497844224;0;0;0;0;0;0;0;0;0;0;0;3176;0;0;0;0;0;0;
31458;3446373;549244928;24264704;497844224;0;0;0;0;0;0;0;0;0;0;0;3377;0;0;0;0;0;0;
31459;4784744;549244928;24264704;497844224;0;0;0;0;0;0;0;0;0;0;0;2966;0;0;0;0;0;0;
31460;3247671;549244928;24264704;497844224;0;0;0;0;0;0;0;0;0;0;0;3426;0;0;0;0;0;0;
31461;4599766;549244928;24264704;497844224;0;0;0;0;0;0;0;0;0;0;0;2976;0;0;0;0;0;0;
31462;3457143;549244928;24264704;497844224;0;0;0;0;0;0;0;0;0;0;0;3757;0;0;0;0;0;0;
31463;4670750;549244928;24264704;497844224;0;0;0;0;0;0;0;0;0;0;0;3226;0;0;0;0;0;0;
31464;3451202;549244928;24264704;497844224;0;0;0;0;0;0;0;0;0;0;0;3727;0;0;0;0;0;0;
31465;4662043;549244928;24264704;497844224;0;0;0;0;0;0;0;0;0;0;0;3357;0;0;0;0;0;0;
31466;3476279;549244928;24264704;497844224;0;0;0;0;0;0;0;0;0;0;0;4248;0;0;0;0;0;0;
31467;4619243;549244928;24264704;497844224;0;0;0;0;0;0;0;0;0;0;0;4068;0;0;0;0;0;0;
31468;3463355;549244928;24264704;497844224;0;0;0;0;0;0;0;0;0;0;0;3606;0;0;0;0;0;0;
31469;4699063;549244928;24264704;497844224;0;0;0;0;0;0;0;0;0;0;0;3276;0;0;0;0;0;0;
31470;2368873;549244928;24264704;497844224;0;0;0;0;0;0;0;0;0;0;0;3066;0;0;0;0;0;0;
31471;4376247;549244928;24264704;497844224;0;0;0;0;0;0;0;0;0;0;0;2565;0;0;0;0;0;0;
31472;2307137;549244928;24264704;497844224;0;0;0;0;0;0;0;0;0;0;0;3176;0;0;0;0;0;0;
31473;4599906;549244928;24272896;497852416;0;0;0;0;0;0;0;0;0;0;0;2605;0;0;0;0;0;0;
31474;2232586;549244928;24272896;497852416;0;0;0;0;0;0;0;0;0;0;0;2614;0;0;0;0;0;0;
31475;4381767;549244928;24272896;497852416;0;0;0;0;0;0;0;0;0;0;0;2305;0;0;0;0;0;0;
31476;2435648;549244928;24272896;497852416;0;0;0;0;0;0;0;0;0;0;0;2775;0;0;0;0;0;0;
31477;4408928;549244928;24272896;497852416;0;0;0;0;0;0;0;0;0;0;0;2665;0;0;0;0;0;0;
31478;2344647;549244928;24272896;497852416;0;0;0;0;0;0;0;0;0;0;0;2766;0;0;0;0;0;0;
31479;4322436;549244928;24272896;497852416;0;0;0;0;0;0;0;0;0;0;0;2345;0;0;0;0;0;0;
31480;2362891;549261312;24264704;497844224;0;0;0;0;0;0;0;0;0;0;0;2625;0;0;0;0;0;0;
31481;4355237;549261312;24264704;497844224;0;0;0;0;0;0;0;0;0;0;0;2204;0;0;0;0;0;0;
31482;2306807;549261312;24264704;497844224;0;0;0;0;0;0;0;0;0;0;0;2584;0;0;0;0;0;0;
31483;4368222;549261312;24264704;497844224;0;0;0;0;0;0;0;0;0;0;0;2355;0;0;0;0;0;0;
31484;2263876;549261312;24264704;497844224;0;0;0;0;0;0;0;0;0;0;0;2374;0;0;0;0;0;0;
31485;4354226;549261312;24264704;497844224;0;0;0;0;0;0;0;0;0;0;0;2334;0;0;0;0;0;0;
31486;2319610;549261312;24264704;497844224;0;0;0;0;0;0;0;0;0;0;0;2595;0;0;0;0;0;0;
31487;4223330;549261312;24264704;497844224;0;0;0;0;0;0;0;0;0;0;0;2986;0;0;0;0;0;0;
31488;2370987;549261312;24264704;497844224;0;0;0;0;0;0;0;0;0;0;0;2976;0;0;0;0;0;0;
31489;4319911;549261312;24264704;497844224;0;0;0;0;0;0;0;0;0;0;0;2354;0;0;0;0;0;0;
31490;2413366;549261312;24264704;497844224;0;0;0;0;0;0;0;0;0;0;0;2655;0;0;0;0;0;0;
31491;4420981;549261312;24264704;497844224;0;0;0;0;0;0;0;0;0;0;0;2375;0;0;0;0;0;0;
31492;2432332;549261312;24264704;497844224;0;0;0;0;0;0;0;0;0;0;0;2815;0;0;0;0;0;0;
31493;4311837;549261312;24264704;497844224;0;0;0;0;0;0;0;0;0;0;0;2494;0;0;0;0;0;0;
31494;2453732;549261312;24264704;497844224;0;0;0;0;0;0;0;0;0;0;0;2946;0;0;0;0;0;0;
31495;4369865;549261312;24264704;497844224;0;0;0;0;0;0;0;0;0;0;0;2264;0;0;0;0;0;0;
31496;2253426;549261312;24264704;497844224;0;0;0;0;0;0;0;0;0;0;0;2564;0;0;0;0;0;0;
31497;4438705;549261312;24264704;497844224;0;0;0;0;0;0;0;0;0;0;0;2214;0;0;0;0;0;0;
31498;2287479;549261312;24264704;497844224;0;0;0;0;0;0;0;0;0;0;0;2655;0;0;0;0;0;0;
31499;4302850;549261312;24264704;497844224;0;0;0;0;0;0;0;0;0;0;0;2104;0;0;0;0;0;0;
31500;2791675;549261312;24264704;497844224;0;0;0;0;0;0;0;0;0;0;0;4178;0;0;0;0;0;0;
31501;4659468;549261312;24264704;497844224;0;0;0;0;0;0;0;0;0;0;0;3396;0;0;0;0;0;0;
31502;3377845;549261312;24264704;497844224;0;0;0;0;0;0;0;0;0;0;0;4108;0;0;0;0;0;0;
31503;4606920;549261312;24264704;497844224;0;0;0;0;0;0;0;0;0;0;0;3056;0;0;0;0;0;0;
31504;3593359;549261312;24264704;497844224;0;0;0;0;0;0;0;0;0;0;0;3707;0;0;0;0;0;0;
31505;4706596;549261312;24264704;497844224;0;0;0;0;0;0;0;0;0;0;0;3356;0;0;0;0;0;0;
31506;3503140;549261312;24264704;497844224;0;0;0;0;0;0;0;0;0;0;0;3586;0;0;0;0;0;0;
31507;4575221;549261312;24264704;497844224;0;0;0;0;0;0;0;0;0;0;0;3246;0;0;0;0;0;0;
31508;2724700;549261312;24264704;497844224;0;0;0;0;0;0;0;0;0;0;0;2595;0;0;0;0;0;0;
31509;4409790;549261312;24264704;497844224;0;0;0;0;0;0;0;0;0;0;0;2314;0;0;0;0;0;0;
31510;2581722;549261312;24264704;497844224;0;0;0;0;0;0;0;0;0;0;0;2945;0;0;0;0;0;0;
31511;4373672;549261312;24264704;497844224;0;0;0;0;0;0;0;0;0;0;0;2425;0;0;0;0;0;0;
31512;2544812;549261312;24264704;497844224;0;0;0;0;0;0;0;0;0;0;0;2925;0;0;0;0;0;0;
31513;4346431;549261312;24264704;497844224;0;0;0;0;0;0;0;0;0;0;0;2835;0;0;0;0;0;0;
31514;2524985;549261312;24264704;497844224;0;0;0;0;0;0;0;0;0;0;0;2865;0;0;0;0;0;0;
31515;5145520;555065344;31830016;505409536;0;0;0;0;0;0;0;0;0;0;0;3196;0;0;0;0;0;0;
31516;2377228;555065344;31830016;505409536;0;0;0;0;0;0;0;0;0;0;0;3777;0;0;0;0;0;0;
31517;4478299;555065344;31830016;505409536;0;0;0;0;0;0;0;0;0;0;0;2594;0;0;0;0;0;0;
31518;2443482;555065344;31830016;505409536;0;0;0;0;0;0;0;0;0;0;0;2695;0;0;0;0;0;0;
31519;4409088;555065344;31830016;505409536;0;0;0;0;0;0;0;0;0;0;0;2756;0;0;0;0;0;0;
31520;2421632;555065344;31830016;505409536;0;0;0;0;0;0;0;0;0;0;0;2826;0;0;0;0;0;0;
31521;4384372;555065344;31830016;505409536;0;0;0;0;0;0;0;0;0;0;0;2775;0;0;0;0;0;0;
31522;2669326;555065344;31830016;505409536;0;0;0;0;0;0;0;0;0;0;0;2795;0;0;0;0;0;0;
31523;4352383;555065344;31830016;505409536;0;0;0;0;0;0;0;0;0;0;0;2435;0;0;0;0;0;0;
31524;3024472;549277696;24264704;497844224;0;0;0;0;0;0;0;0;0;0;0;3657;0;0;0;0;0;0;
31525;4662864;549277696;24264704;497844224;0;0;0;0;0;0;0;0;0;0;0;3677;0;0;0;0;0;0;
31526;3391982;549277696;24264704;497844224;0;0;0;0;0;0;0;0;0;0;0;3797;0;0;0;0;0;0;
31527;4584919;549277696;24264704;497844224;0;0;0;0;0;0;0;0;0;0;0;3967;0;0;0;0;0;0;
31528;3302403;549277696;24264704;497844224;0;0;0;0;0;0;0;0;0;0;0;3747;0;0;0;0;0;0;
31529;4666913;549277696;24264704;497844224;0;0;0;0;0;0;0;0;0;0;0;3336;0;0;0;0;0;0;
31530;3374970;549277696;24264704;497844224;0;0;0;0;0;0;0;0;0;0;0;4008;0;0;0;0;0;0;
31531;4637346;549277696;24264704;497844224;0;0;0;0;0;0;0;0;0;0;0;3737;0;0;0;0;0;0;
31532;3093952;549277696;24264704;497844224;0;0;0;0;0;0;0;0;0;0;0;3066;0;0;0;0;0;0;
31533;4481966;549277696;24264704;497844224;0;0;0;0;0;0;0;0;0;0;0;2405;0;0;0;0;0;0;
31534;2607851;549277696;24264704;497844224;0;0;0;0;0;0;0;0;0;0;0;2976;0;0;0;0;0;0;
31535;4373432;549277696;24264704;497844224;0;0;0;0;0;0;0;0;0;0;0;2716;0;0;0;0;0;0;
31536;2248577;549277696;24264704;497844224;0;0;0;0;0;0;0;0;0;0;0;2575;0;0;0;0;0;0;
31537;4309361;549277696;24264704;497844224;0;0;0;0;0;0;0;0;0;0;0;2425;0;0;0;0;0;0;
31538;2641304;549277696;24264704;497844224;0;0;0;0;0;0;0;0;0;0;0;2905;0;0;0;0;0;0;
31539;5169585;555081728;31830016;505409536;0;0;0;0;0;0;0;0;0;0;0;3086;0;0;0;0;0;0;
31540;2373261;555081728;31830016;505409536;0;0;0;0;0;0;0;0;0;0;0;2895;0;0;0;0;0;0;
31541;4385795;555081728;31830016;505409536;0;0;0;0;0;0;0;0;0;0;0;2465;0;0;0;0;0;0;
31542;2636765;555081728;31830016;505409536;0;0;0;0;0;0;0;0;0;0;0;3176;0;0;0;0;0;0;
31543;4421362;555081728;31830016;505409536;0;0;0;0;0;0;0;0;0;0;0;2534;0;0;0;0;0;0;
31544;3071460;555081728;31830016;505409536;0;0;0;0;0;0;0;0;0;0;0;3467;0;0;0;0;0;0;
31545;4571112;555081728;31830016;505409536;0;0;0;0;0;0;0;0;0;0;0;3336;0;0;0;0;0;0;
31546;3419643;555081728;31830016;505409536;0;0;0;0;0;0;0;0;0;0;0;3586;0;0;0;0;0;0;
31547;4559360;555081728;31830016;505409536;0;0;0;0;0;0;0;0;0;0;0;3036;0;0;0;0;0;0;
31548;3673298;549285888;24264704;497844224;0;0;0;0;0;0;0;0;0;0;0;3817;0;0;0;0;0;0;
31549;4627298;549285888;24264704;497844224;0;0;0;0;0;0;0;0;0;0;0;3687;0;0;0;0;0;0;
31550;3443628;549285888;24264704;497844224;0;0;0;0;0;0;0;0;0;0;0;3527;0;0;0;0;0;0;
31551;4638228;549285888;24264704;497844224;0;0;0;0;0;0;0;0;0;0;0;3367;0;0;0;0;0;0;
31552;3069837;549285888;24264704;497844224;0;0;0;0;0;0;0;0;0;0;0;3226;0;0;0;0;0;0;
31553;4386466;549285888;24264704;497844224;0;0;0;0;0;0;0;0;0;0;0;2374;0;0;0;0;0;0;
31554;2556083;549285888;24264704;497844224;0;0;0;0;0;0;0;0;0;0;0;3797;0;0;0;0;0;0;
31555;4635633;549285888;24264704;497844224;0;0;0;0;0;0;0;0;0;0;0;3697;0;0;0;0;0;0;
31556;3382584;549285888;24264704;497844224;0;0;0;0;0;0;0;0;0;0;0;3687;0;0;0;0;0;0;
31557;4630504;549285888;24264704;497844224;0;0;0;0;0;0;0;0;0;0;0;3838;0;0;0;0;0;0;
31558;3425605;549285888;24264704;497844224;0;0;0;0;0;0;0;0;0;0;0;3226;0;0;0;0;0;0;
31559;4588716;549285888;24264704;497844224;0;0;0;0;0;0;0;0;0;0;0;3386;0;0;0;0;0;0;
31560;3425855;549285888;24264704;497844224;0;0;0;0;0;0;0;0;0;0;0;3556;0;0;0;0;0;0;
31561;4586832;549285888;24264704;497844224;0;0;0;0;0;0;0;0;0;0;0;3126;0;0;0;0;0;0;
31562;3514862;549285888;24264704;497844224;0;0;0;0;0;0;0;0;0;0;0;3406;0;0;0;0;0;0;
31563;5843989;555089920;31830016;505409536;0;0;0;0;0;0;0;0;0;0;0;4058;0;0;0;0;0;0;
31564;3340064;555089920;31830016;505409536;0;0;0;0;0;0;0;0;0;0;0;3617;0;0;0;0;0;0;
31565;4770546;555089920;31830016;505409536;0;0;0;0;0;0;0;0;0;0;0;3427;0;0;0;0;0;0;
31566;3594080;555089920;31830016;505409536;0;0;0;0;0;0;0;0;0;0;0;3557;0;0;0;0;0;0;
31567;4696417;555089920;31830016;505409536;0;0;0;0;0;0;0;0;0;0;0;3347;0;0;0;0;0;0;
31568;3560687;555089920;31830016;505409536;0;0;0;0;0;0;0;0;0;0;0;3646;0;0;0;0;0;0;
31569;4704062;555089920;31830016;505409536;0;0;0;0;0;0;0;0;0;0;0;3126;0;0;0;0;0;0;
31570;3322310;555089920;31830016;505409536;0;0;0;0;0;0;0;0;0;0;0;3526;0;0;0;0;0;0;
31571;4594297;555089920;31830016;505409536;0;0;0;0;0;0;0;0;0;0;0;3326;0;0;0;0;0;0;
31572;3543656;549294080;24264704;497844224;0;0;0;0;0;0;0;0;0;0;0;3606;0;0;0;0;0;0;
31573;4594216;549294080;24264704;497844224;0;0;0;0;0;0;0;0;0;0;0;3256;0;0;0;0;0;0;
31574;3310278;549294080;24264704;497844224;0;0;0;0;0;0;0;0;0;0;0;4178;0;0;0;0;0;0;
31575;7724356;549294080;24264704;497844224;0;0;0;0;0;0;0;0;0;0;0;3807;0;0;0;0;0;0;
31576;9713787;549294080;24264704;497844224;0;0;0;0;0;0;0;0;0;0;0;5480;0;0;0;0;0;0;
31577;4915979;549294080;24264704;497844224;0;0;0;0;0;0;0;0;0;0;0;3948;0;0;0;0;0;0;
31578;3568112;549294080;24264704;497844224;0;0;0;0;0;0;0;0;0;0;0;3507;0;0;0;0;0;0;
31579;4706356;549294080;24264704;497844224;0;0;0;0;0;0;0;0;0;0;0;3216;0;0;0;0;0;0;
31580;3478543;549294080;24264704;497844224;0;0;0;0;0;0;0;0;0;0;0;4498;0;0;0;0;0;0;
31581;4729370;549294080;24264704;497844224;0;0;0;0;0;0;0;0;0;0;0;2926;0;0;0;0;0;0;
31582;2315743;549294080;24264704;497844224;0;0;0;0;0;0;0;0;0;0;0;2995;0;0;0;0;0;0;
31583;4357091;549294080;24264704;497844224;0;0;0;0;0;0;0;0;0;0;0;2715;0;0;0;0;0;0;
31584;2259097;549294080;24264704;497844224;0;0;0;0;0;0;0;0;0;0;0;2545;0;0;0;0;0;0;
31585;4283554;549294080;24264704;497844224;0;0;0;0;0;0;0;0;0;0;0;2525;0;0;0;0;0;0;
31586;2744727;549294080;24264704;497844224;0;0;0;0;0;0;0;0;0;0;0;3677;0;0;0;0;0;0;
31587;4746792;549294080;24264704;497844224;0;0;0;0;0;0;0;0;0;0;0;3276;0;0;0;0;0;0;
31588;3438469;549294080;24264704;497844224;0;0;0;0;0;0;0;0;0;0;0;3416;0;0;0;0;0;0;
31589;4588174;549294080;24264704;497844224;0;0;0;0;0;0;0;0;0;0;0;3266;0;0;0;0;0;0;
31590;3428870;549294080;24264704;497844224;0;0;0;0;0;0;0;0;0;0;0;3526;0;0;0;0;0;0;
31591;4755508;549294080;24264704;497844224;0;0;0;0;0;0;0;0;0;0;0;3437;0;0;0;0;0;0;
31592;3344432;549294080;24264704;497844224;0;0;0;0;0;0;0;0;0;0;0;3867;0;0;0;0;0;0;
31593;4648408;549294080;24264704;497844224;0;0;0;0;0;0;0;0;0;0;0;3276;0;0;0;0;0;0;
31594;3375200;549294080;24264704;497844224;0;0;0;0;0;0;0;0;0;0;0;3486;0;0;0;0;0;0;
31595;4615556;549294080;24264704;497844224;0;0;0;0;0;0;0;0;0;0;0;3356;0;0;0;0;0;0;
31596;3355352;549294080;24264704;497844224;0;0;0;0;0;0;0;0;0;0;0;3647;0;0;0;0;0;0;
31597;4690536;549294080;24264704;497844224;0;0;0;0;0;0;0;0;0;0;0;3517;0;0;0;0;0;0;
31598;3276785;549294080;24264704;497844224;0;0;0;0;0;0;0;0;0;0;0;3737;0;0;0;0;0;0;
31599;4694664;549294080;24264704;497844224;0;0;0;0;0;0;0;0;0;0;0;3506;0;0;0;0;0;0;
31600;3325206;549294080;24264704;497844224;0;0;0;0;0;0;0;0;0;0;0;3547;0;0;0;0;0;0;
31601;4626827;549294080;24264704;497844224;0;0;0;0;0;0;0;0;0;0;0;3446;0;0;0;0;0;0;
31602;3340354;549294080;24264704;497844224;0;0;0;0;0;0;0;0;0;0;0;3717;0;0;0;0;0;0;
31603;4844725;549294080;24264704;497844224;0;0;0;0;0;0;0;0;0;0;0;3447;0;0;0;0;0;0;
31604;3504141;549294080;24264704;497844224;0;0;0;0;0;0;0;0;0;0;0;4238;0;0;0;0;0;0;
31605;4651003;549294080;24264704;497844224;0;0;0;0;0;0;0;0;0;0;0;3606;0;0;0;0;0;0;
31606;3514320;549294080;24264704;497844224;0;0;0;0;0;0;0;0;0;0;0;3567;0;0;0;0;0;0;
31607;4666201;549294080;24264704;497844224;0;0;0;0;0;0;0;0;0;0;0;3857;0;0;0;0;0;0;
31608;3304758;549294080;24264704;497844224;0;0;0;0;0;0;0;0;0;0;0;3517;0;0;0;0;0;0;
31609;4809750;549294080;24264704;497844224;0;0;0;0;0;0;0;0;0;0;0;3366;0;0;0;0;0;0;
31610;3367125;549294080;24264704;497844224;0;0;0;0;0;0;0;0;0;0;0;3446;0;0;0;0;0;0;
31611;4748816;549294080;24264704;497844224;0;0;0;0;0;0;0;0;0;0;0;3486;0;0;0;0;0;0;
31612;4486504;555098112;31830016;505409536;0;0;0;0;0;0;0;0;0;0;0;3467;0;0;0;0;0;0;
31613;4407406;555098112;31830016;505409536;0;0;0;0;0;0;0;0;0;0;0;2645;0;0;0;0;0;0;
31614;2586561;555098112;31830016;505409536;0;0;0;0;0;0;0;0;0;0;0;3106;0;0;0;0;0;0;
31615;4434817;555098112;31830016;505409536;0;0;0;0;0;0;0;0;0;0;0;2575;0;0;0;0;0;0;
31616;2451327;555098112;31830016;505409536;0;0;0;0;0;0;0;0;0;0;0;2675;0;0;0;0;0;0;
31617;4435138;555098112;31830016;505409536;0;0;0;0;0;0;0;0;0;0;0;2485;0;0;0;0;0;0;
31618;2568247;555098112;31830016;505409536;0;0;0;0;0;0;0;0;0;0;0;2975;0;0;0;0;0;0;
31619;4339388;555098112;31830016;505409536;0;0;0;0;0;0;0;0;0;0;0;2685;0;0;0;0;0;0;
31620;2712568;555098112;31830016;505409536;0;0;0;0;0;0;0;0;0;0;0;2735;0;0;0;0;0;0;
31621;4476535;555098112;31830016;505409536;0;0;0;0;0;0;0;0;0;0;0;2274;0;0;0;0;0;0;
31622;2629682;555098112;31830016;505409536;0;0;0;0;0;0;0;0;0;0;0;2915;0;0;0;0;0;0;
31623;4434216;555098112;31830016;505409536;0;0;0;0;0;0;0;0;0;0;0;2515;0;0;0;0;0;0;
31624;2580689;555098112;31830016;505409536;0;0;0;0;0;0;0;0;0;0;0;2966;0;0;0;0;0;0;
31625;4352122;555098112;31830016;505409536;0;0;0;0;0;0;0;0;0;0;0;2385;0;0;0;0;0;0;
31626;2756790;555098112;31830016;505409536;0;0;0;0;0;0;0;0;0;0;0;2675;0;0;0;0;0;0;
31627;4398970;555098112;31830016;505409536;0;0;0;0;0;0;0;0;0;0;0;2365;0;0;0;0;0;0;
31628;2581962;555098112;31830016;505409536;0;0;0;0;0;0;0;0;0;0;0;2435;0;0;0;0;0;0;
31629;4345299;555098112;31830016;505409536;0;0;0;0;0;0;0;0;0;0;0;2074;0;0;0;0;0;0;
31630;2831550;555098112;31830016;505409536;0;0;0;0;0;0;0;0;0;0;0;2685;0;0;0;0;0;0;
31631;4393950;555098112;31830016;505409536;0;0;0;0;0;0;0;0;0;0;0;2354;0;0;0;0;0;0;
31632;2864652;555098112;31830016;505409536;0;0;0;0;0;0;0;0;0;0;0;2755;0;0;0;0;0;0;
31633;4426121;555098112;31830016;505409536;0;0;0;0;0;0;0;0;0;0;0;2965;0;0;0;0;0;0;
31634;2548880;555098112;31830016;505409536;0;0;0;0;0;0;0;0;0;0;0;3086;0;0;0;0;0;0;
31635;4351070;555098112;31830016;505409536;0;0;0;0;0;0;0;0;0;0;0;2605;0;0;0;0;0;0;
31636;2761819;555098112;31830016;505409536;0;0;0;0;0;0;0;0;0;0;0;2776;0;0;0;0;0;0;
31637;4372159;555098112;31830016;505409536;0;0;0;0;0;0;0;0;0;0;0;2375;0;0;0;0;0;0;
31638;2512882;555098112;31830016;505409536;0;0;0;0;0;0;0;0;0;0;0;2745;0;0;0;0;0;0;
31639;4478158;555098112;31830016;505409536;0;0;0;0;0;0;0;0;0;0;0;2875;0;0;0;0;0;0;
31640;2533291;555098112;31830016;505409536;0;0;0;0;0;0;0;0;0;0;0;2685;0;0;0;0;0;0;
31641;4285758;555098112;31830016;505409536;0;0;0;0;0;0;0;0;0;0;0;2114;0;0;0;0;0;0;
31642;2723898;555098112;31830016;505409536;0;0;0;0;0;0;0;0;0;0;0;2946;0;0;0;0;0;0;
31643;4403107;555098112;31830016;505409536;0;0;0;0;0;0;0;0;0;0;0;2635;0;0;0;0;0;0;
31644;2611478;555098112;31830016;505409536;0;0;0;0;0;0;0;0;0;0;0;2876;0;0;0;0;0;0;
31645;4447351;555098112;31830016;505409536;0;0;0;0;0;0;0;0;0;0;0;2685;0;0;0;0;0;0;
31646;2502593;555098112;31830016;505409536;0;0;0;0;0;0;0;0;0;0;0;2845;0;0;0;0;0;0;
31647;4364145;555098112;31830016;505409536;0;0;0;0;0;0;0;0;0;0;0;2465;0;0;0;0;0;0;
31648;2468590;555098112;31830016;505409536;0;0;0;0;0;0;0;0;0;0;0;2495;0;0;0;0;0;0;
31649;4287130;555098112;31830016;505409536;0;0;0;0;0;0;0;0;0;0;0;2244;0;0;0;0;0;0;
31650;2467157;555098112;31830016;505409536;0;0;0;0;0;0;0;0;0;0;0;2916;0;0;0;0;0;0;
31651;4415481;555098112;31830016;505409536;0;0;0;0;0;0;0;0;0;0;0;2524;0;0;0;0;0;0;
31652;2459162;555098112;31830016;505409536;0;0;0;0;0;0;0;0;0;0;0;2615;0;0;0;0;0;0;
31653;4296617;555098112;31830016;505409536;0;0;0;0;0;0;0;0;0;0;0;2454;0;0;0;0;0;0;
31654;2455165;555098112;31830016;505409536;0;0;0;0;0;0;0;0;0;0;0;2384;0;0;0;0;0;0;
31655;4382950;555098112;31830016;505409536;0;0;0;0;0;0;0;0;0;0;0;2434;0;0;0;0;0;0;
31656;2654939;555098112;31830016;505409536;0;0;0;0;0;0;0;0;0;0;0;3566;0;0;0;0;0;0;
31657;4681119;555098112;31830016;505409536;0;0;0;0;0;0;0;0;0;0;0;3136;0;0;0;0;0;0;
31658;3626952;555098112;31830016;505409536;0;0;0;0;0;0;0;0;0;0;0;3497;0;0;0;0;0;0;
31659;4615025;555098112;31830016;505409536;0;0;0;0;0;0;0;0;0;0;0;3296;0;0;0;0;0;0;
31660;3676936;555098112;31830016;505409536;0;0;0;0;0;0;0;0;0;0;0;4028;0;0;0;0;0;0;
31661;4602341;555098112;31830016;505409536;0;0;0;0;0;0;0;0;0;0;0;3487;0;0;0;0;0;0;
31662;3609970;555098112;31830016;505409536;0;0;0;0;0;0;0;0;0;0;0;3818;0;0;0;0;0;0;
31663;4654539;555098112;31830016;505409536;0;0;0;0;0;0;0;0;0;0;0;3637;0;0;0;0;0;0;
31664;3337249;555098112;31830016;505409536;0;0;0;0;0;0;0;0;0;0;0;3176;0;0;0;0;0;0;
31665;4522291;555098112;31830016;505409536;0;0;0;0;0;0;0;0;0;0;0;2455;0;0;0;0;0;0;
31666;2503134;555098112;31830016;505409536;0;0;0;0;0;0;0;0;0;0;0;2825;0;0;0;0;0;0;
31667;4331072;555098112;31830016;505409536;0;0;0;0;0;0;0;0;0;0;0;2585;0;0;0;0;0;0;
31668;2550994;555098112;31830016;505409536;0;0;0;0;0;0;0;0;0;0;0;3166;0;0;0;0;0;0;
31669;4381788;555098112;31830016;505409536;0;0;0;0;0;0;0;0;0;0;0;2534;0;0;0;0;0;0;
31670;2449894;555098112;31830016;505409536;0;0;0;0;0;0;0;0;0;0;0;2796;0;0;0;0;0;0;
31671;4391266;555098112;31830016;505409536;0;0;0;0;0;0;0;0;0;0;0;2535;0;0;0;0;0;0;
31672;2424998;555098112;31830016;505409536;0;0;0;0;0;0;0;0;0;0;0;2545;0;0;0;0;0;0;
31673;4421011;555098112;31830016;505409536;0;0;0;0;0;0;0;0;0;0;0;2404;0;0;0;0;0;0;
31674;2506590;555098112;31830016;505409536;0;0;0;0;0;0;0;0;0;0;0;2825;0;0;0;0;0;0;
31675;4396555;555098112;31830016;505409536;0;0;0;0;0;0;0;0;0;0;0;2405;0;0;0;0;0;0;
31676;2436930;555098112;31830016;505409536;0;0;0;0;0;0;0;0;0;0;0;3066;0;0;0;0;0;0;
31677;4317908;555098112;31830016;505409536;0;0;0;0;0;0;0;0;0;0;0;2204;0;0;0;0;0;0;
31678;2477366;555098112;31830016;505409536;0;0;0;0;0;0;0;0;0;0;0;2845;0;0;0;0;0;0;
31679;4402156;555098112;31830016;505409536;0;0;0;0;0;0;0;0;0;0;0;2545;0;0;0;0;0;0;
31680;2443573;555098112;31830016;505409536;0;0;0;0;0;0;0;0;0;0;0;2584;0;0;0;0;0;0;
31681;4404780;555098112;31830016;505409536;0;0;0;0;0;0;0;0;0;0;0;2314;0;0;0;0;0;0;
31682;2471575;555098112;31830016;505409536;0;0;0;0;0;0;0;0;0;0;0;3055;0;0;0;0;0;0;
31683;4392517;555098112;31830016;505409536;0;0;0;0;0;0;0;0;0;0;0;2725;0;0;0;0;0;0;
31684;2572866;555098112;31830016;505409536;0;0;0;0;0;0;0;0;0;0;0;2745;0;0;0;0;0;0;
31685;4370276;555098112;31830016;505409536;0;0;0;0;0;0;0;0;0;0;0;2334;0;0;0;0;0;0;
31686;2624402;555098112;31830016;505409536;0;0;0;0;0;0;0;0;0;0;0;2525;0;0;0;0;0;0;
31687;4419849;555098112;31830016;505409536;0;0;0;0;0;0;0;0;0;0;0;2134;0;0;0;0;0;0;
31688;2554440;555098112;31830016;505409536;0;0;0;0;0;0;0;0;0;0;0;2675;0;0;0;0;0;0;
31689;4311215;555098112;31830016;505409536;0;0;0;0;0;0;0;0;0;0;0;2184;0;0;0;0;0;0;
31690;2513574;555098112;31830016;505409536;0;0;0;0;0;0;0;0;0;0;0;2665;0;0;0;0;0;0;
31691;4349537;555098112;31830016;505409536;0;0;0;0;0;0;0;0;0;0;0;2475;0;0;0;0;0;0;
31692;2644519;555098112;31830016;505409536;0;0;0;0;0;0;0;0;0;0;0;2515;0;0;0;0;0;0;
31693;4336653;555098112;31830016;505409536;0;0;0;0;0;0;0;0;0;0;0;2364;0;0;0;0;0;0;
31694;2671570;555098112;31830016;505409536;0;0;0;0;0;0;0;0;0;0;0;2455;0;0;0;0;0;0;
31695;4309572;555098112;31830016;505409536;0;0;0;0;0;0;0;0;0;0;0;2765;0;0;0;0;0;0;
31696;2798498;555098112;31830016;505409536;0;0;0;0;0;0;0;0;0;0;0;2675;0;0;0;0;0;0;
31697;4362631;555098112;31830016;505409536;0;0;0;0;0;0;0;0;0;0;0;2254;0;0;0;0;0;0;
31698;2530676;555098112;31830016;505409536;0;0;0;0;0;0;0;0;0;0;0;2535;0;0;0;0;0;0;
31699;4429096;555098112;31830016;505409536;0;0;0;0;0;0;0;0;0;0;0;2325;0;0;0;0;0;0;
31700;2551786;555098112;31830016;505409536;0;0;0;0;0;0;0;0;0;0;0;2695;0;0;0;0;0;0;
31701;4402376;555098112;31830016;505409536;0;0;0;0;0;0;0;0;0;0;0;2264;0;0;0;0;0;0;
31702;2580039;555098112;31830016;505409536;0;0;0;0;0;0;0;0;0;0;0;2665;0;0;0;0;0;0;
31703;4498346;555098112;31830016;505409536;0;0;0;0;0;0;0;0;0;0;0;2435;0;0;0;0;0;0;
31704;2645662;555098112;31830016;505409536;0;0;0;0;0;0;0;0;0;0;0;2645;0;0;0;0;0;0;
31705;4455375;555098112;31830016;505409536;0;0;0;0;0;0;0;0;0;0;0;3026;0;0;0;0;0;0;
31706;2476184;555098112;31830016;505409536;0;0;0;0;0;0;0;0;0;0;0;2595;0;0;0;0;0;0;
31707;4431601;555098112;31830016;505409536;0;0;0;0;0;0;0;0;0;0;0;1974;0;0;0;0;0;0;
31708;2637556;555098112;31830016;505409536;0;0;0;0;0;0;0;0;0;0;0;2825;0;0;0;0;0;0;
31709;4324410;555098112;31830016;505409536;0;0;0;0;0;0;0;0;0;0;0;2134;0;0;0;0;0;0;
31710;2628760;555098112;31830016;505409536;0;0;0;0;0;0;0;0;0;0;0;2665;0;0;0;0;0;0;
31711;4367000;555098112;31830016;505409536;0;0;0;0;0;0;0;0;0;0;0;1954;0;0;0;0;0;0;
31712;2637437;555098112;31830016;505409536;0;0;0;0;0;0;0;0;0;0;0;2655;0;0;0;0;0;0;
31713;4507473;555098112;31830016;505409536;0;0;0;0;0;0;0;0;0;0;0;2505;0;0;0;0;0;0;
31714;2609264;555098112;31830016;505409536;0;0;0;0;0;0;0;0;0;0;0;2745;0;0;0;0;0;0;
31715;4697049;555098112;31830016;505409536;0;0;0;0;0;0;0;0;0;0;0;2205;0;0;0;0;0;0;
31716;2475152;555098112;31830016;505409536;0;0;0;0;0;0;0;0;0;0;0;2445;0;0;0;0;0;0;
31717;4394842;555098112;31830016;505409536;0;0;0;0;0;0;0;0;0;0;0;1973;0;0;0;0;0;0;
31718;2563538;555098112;31830016;505409536;0;0;0;0;0;0;0;0;0;0;0;2284;0;0;0;0;0;0;
31719;4564110;555098112;31830016;505409536;0;0;0;0;0;0;0;0;0;0;0;1964;0;0;0;0;0;0;
31720;2553839;555098112;31830016;505409536;0;0;0;0;0;0;0;0;0;0;0;2344;0;0;0;0;0;0;
31721;4274406;555098112;31830016;505409536;0;0;0;0;0;0;0;0;0;0;0;1974;0;0;0;0;0;0;
31722;2449664;555098112;31830016;505409536;0;0;0;0;0;0;0;0;0;0;0;2615;0;0;0;0;0;0;
31723;4435328;555098112;31830016;505409536;0;0;0;0;0;0;0;0;0;0;0;2124;0;0;0;0;0;0;
31724;2633940;555098112;31830016;505409536;0;0;0;0;0;0;0;0;0;0;0;2866;0;0;0;0;0;0;
31725;4367210;555098112;31830016;505409536;0;0;0;0;0;0;0;0;0;0;0;2374;0;0;0;0;0;0;
31726;2687330;555098112;31830016;505409536;0;0;0;0;0;0;0;0;0;0;0;3357;0;0;0;0;0;0;
31727;4328879;555098112;31830016;505409536;0;0;0;0;0;0;0;0;0;0;0;2425;0;0;0;0;0;0;
31728;2641003;555098112;31830016;505409536;0;0;0;0;0;0;0;0;0;0;0;2625;0;0;0;0;0;0;
31729;4351330;555098112;31830016;505409536;0;0;0;0;0;0;0;0;0;0;0;2494;0;0;0;0;0;0;
31730;2490881;555098112;31830016;505409536;0;0;0;0;0;0;0;0;0;0;0;2535;0;0;0;0;0;0;
31731;4528202;555098112;31830016;505409536;0;0;0;0;0;0;0;0;0;0;0;2595;0;0;0;0;0;0;
31732;2447810;555098112;31830016;505409536;0;0;0;0;0;0;0;0;0;0;0;2765;0;0;0;0;0;0;
31733;4291839;555098112;31830016;505409536;0;0;0;0;0;0;0;0;0;0;0;2685;0;0;0;0;0;0;
31734;2568627;555098112;31830016;505409536;0;0;0;0;0;0;0;0;0;0;0;2786;0;0;0;0;0;0;
31735;4356921;555098112;31830016;505409536;0;0;0;0;0;0;0;0;0;0;0;2295;0;0;0;0;0;0;
31736;2587542;555098112;31830016;505409536;0;0;0;0;0;0;0;0;0;0;0;2896;0;0;0;0;0;0;
31737;4370346;555098112;31830016;505409536;0;0;0;0;0;0;0;0;0;0;0;2294;0;0;0;0;0;0;
31738;2546165;555098112;31830016;505409536;0;0;0;0;0;0;0;0;0;0;0;2475;0;0;0;0;0;0;
31739;4453842;555098112;31830016;505409536;0;0;0;0;0;0;0;0;0;0;0;2735;0;0;0;0;0;0;
31740;2544051;555098112;31830016;505409536;0;0;0;0;0;0;0;0;0;0;0;2645;0;0;0;0;0;0;
31741;4372249;555098112;31830016;505409536;0;0;0;0;0;0;0;0;0;0;0;2475;0;0;0;0;0;0;
31742;2712357;555098112;31830016;505409536;0;0;0;0;0;0;0;0;0;0;0;2354;0;0;0;0;0;0;
31743;4406504;555098112;31830016;505409536;0;0;0;0;0;0;0;0;0;0;0;2445;0;0;0;0;0;0;
31744;2520036;555098112;31830016;505409536;0;0;0;0;0;0;0;0;0;0;0;2365;0;0;0;0;0;0;
31745;4351460;555098112;31830016;505409536;0;0;0;0;0;0;0;0;0;0;0;2204;0;0;0;0;0;0;
31746;2597501;555098112;31830016;505409536;0;0;0;0;0;0;0;0;0;0;0;2975;0;0;0;0;0;0;
31747;4439235;555098112;31830016;505409536;0;0;0;0;0;0;0;0;0;0;0;2394;0;0;0;0;0;0;
31748;2644800;555098112;31830016;505409536;0;0;0;0;0;0;0;0;0;0;0;3015;0;0;0;0;0;0;
31749;4338907;555098112;31830016;505409536;0;0;0;0;0;0;0;0;0;0;0;2354;0;0;0;0;0;0;
31750;2439926;555098112;31830016;505409536;0;0;0;0;0;0;0;0;0;0;0;2554;0;0;0;0;0;0;
31751;4446869;555098112;31830016;505409536;0;0;0;0;0;0;0;0;0;0;0;2796;0;0;0;0;0;0;
31752;2573807;555098112;31830016;505409536;0;0;0;0;0;0;0;0;0;0;0;2585;0;0;0;0;0;0;
31753;4324369;555098112;31830016;505409536;0;0;0;0;0;0;0;0;0;0;0;1774;0;0;0;0;0;0;
31754;2464221;555098112;31830016;505409536;0;0;0;0;0;0;0;0;0;0;0;2966;0;0;0;0;0;0;
31755;4419348;555098112;31830016;505409536;0;0;0;0;0;0;0;0;0;0;0;2204;0;0;0;0;0;0;
31756;2612810;555098112;31830016;505409536;0;0;0;0;0;0;0;0;0;0;0;2846;0;0;0;0;0;0;
31757;4375866;555098112;31830016;505409536;0;0;0;0;0;0;0;0;0;0;0;2395;0;0;0;0;0;0;
31758;2697819;555098112;31830016;505409536;0;0;0;0;0;0;0;0;0;0;0;2876;0;0;0;0;0;0;
31759;4438414;555098112;31830016;505409536;0;0;0;0;0;0;0;0;0;0;0;2415;0;0;0;0;0;0;
31760;2535365;555098112;31830016;505409536;0;0;0;0;0;0;0;0;0;0;0;2615;0;0;0;0;0;0;
31761;4309001;555098112;31830016;505409536;0;0;0;0;0;0;0;0;0;0;0;1883;0;0;0;0;0;0;
31762;2520527;555098112;31830016;505409536;0;0;0;0;0;0;0;0;0;0;0;2224;0;0;0;0;0;0;
31763;4602752;555098112;31830016;505409536;0;0;0;0;0;0;0;0;0;0;0;2334;0;0;0;0;0;0;
31764;2712728;555098112;31830016;505409536;0;0;0;0;0;0;0;0;0;0;0;2815;0;0;0;0;0;0;
31765;4361770;555098112;31830016;505409536;0;0;0;0;0;0;0;0;0;0;0;2204;0;0;0;0;0;0;
31766;2655209;555098112;31830016;505409536;0;0;0;0;0;0;0;0;0;0;0;2534;0;0;0;0;0;0;
31767;4465564;555098112;31830016;505409536;0;0;0;0;0;0;0;0;0;0;0;2505;0;0;0;0;0;0;
31768;2518222;555098112;31830016;505409536;0;0;0;0;0;0;0;0;0;0;0;3106;0;0;0;0;0;0;
31769;4339127;555098112;31830016;505409536;0;0;0;0;0;0;0;0;0;0;0;2504;0;0;0;0;0;0;
31770;2589236;555098112;31830016;505409536;0;0;0;0;0;0;0;0;0;0;0;2715;0;0;0;0;0;0;
31771;4350869;555098112;31830016;505409536;0;0;0;0;0;0;0;0;0;0;0;2825;0;0;0;0;0;0;
31772;2567745;555098112;31830016;505409536;0;0;0;0;0;0;0;0;0;0;0;2524;0;0;0;0;0;0;
31773;4355568;555098112;31830016;505409536;0;0;0;0;0;0;0;0;0;0;0;2324;0;0;0;0;0;0;
31774;2450025;555098112;31830016;505409536;0;0;0;0;0;0;0;0;0;0;0;3196;0;0;0;0;0;0;
31775;4457530;555098112;31830016;505409536;0;0;0;0;0;0;0;0;0;0;0;2635;0;0;0;0;0;0;
31776;2524715;555098112;31830016;505409536;0;0;0;0;0;0;0;0;0;0;0;2635;0;0;0;0;0;0;
31777;4324209;555098112;31830016;505409536;0;0;0;0;0;0;0;0;0;0;0;2425;0;0;0;0;0;0;
31778;2401493;555098112;31830016;505409536;0;0;0;0;0;0;0;0;0;0;0;2685;0;0;0;0;0;0;
31779;4421942;555098112;31830016;505409536;0;0;0;0;0;0;0;0;0;0;0;2595;0;0;0;0;0;0;
31780;2437972;555098112;31830016;505409536;0;0;0;0;0;0;0;0;0;0;0;2545;0;0;0;0;0;0;
31781;4283884;555098112;31830016;505409536;0;0;0;0;0;0;0;0;0;0;0;2325;0;0;0;0;0;0;
31782;2508124;555098112;31830016;505409536;0;0;0;0;0;0;0;0;0;0;0;2525;0;0;0;0;0;0;
31783;4513554;555098112;31830016;505409536;0;0;0;0;0;0;0;0;0;0;0;2364;0;0;0;0;0;0;
31784;2458721;555098112;31830016;505409536;0;0;0;0;0;0;0;0;0;0;0;2395;0;0;0;0;0;0;
31785;4508405;555098112;31830016;505409536;0;0;0;0;0;0;0;0;0;0;0;2435;0;0;0;0;0;0;
31786;2475983;555098112;31830016;505409536;0;0;0;0;0;0;0;0;0;0;0;2574;0;0;0;0;0;0;
31787;4591992;555098112;31830016;505409536;0;0;0;0;0;0;0;0;0;0;0;2414;0;0;0;0;0;0;
31788;2506831;555098112;31830016;505409536;0;0;0;0;0;0;0;0;0;0;0;2545;0;0;0;0;0;0;
31789;4393469;555098112;31830016;505409536;0;0;0;0;0;0;0;0;0;0;0;2465;0;0;0;0;0;0;
31790;2619102;555098112;31830016;505409536;0;0;0;0;0;0;0;0;0;0;0;2875;0;0;0;0;0;0;
31791;4418807;555098112;31830016;505409536;0;0;0;0;0;0;0;0;0;0;0;2365;0;0;0;0;0;0;
31792;2677341;555098112;31830016;505409536;0;0;0;0;0;0;0;0;0;0;0;2765;0;0;0;0;0;0;
31793;4464402;555098112;31830016;505409536;0;0;0;0;0;0;0;0;0;0;0;2415;0;0;0;0;0;0;
31794;2543370;555098112;31830016;505409536;0;0;0;0;0;0;0;0;0;0;0;2885;0;0;0;0;0;0;
31795;4406002;555098112;31830016;505409536;0;0;0;0;0;0;0;0;0;0;0;2535;0;0;0;0;0;0;
31796;2745008;555098112;31830016;505409536;0;0;0;0;0;0;0;0;0;0;0;3056;0;0;0;0;0;0;
31797;4709753;555098112;31830016;505409536;0;0;0;0;0;0;0;0;0;0;0;2846;0;0;0;0;0;0;
31798;3866832;555098112;31830016;505409536;0;0;0;0;0;0;0;0;0;0;0;4168;0;0;0;0;0;0;
31799;4673304;555098112;31830016;505409536;0;0;0;0;0;0;0;0;0;0;0;3296;0;0;0;0;0;0;
31800;3644785;555098112;31830016;505409536;0;0;0;0;0;0;0;0;0;0;0;2895;0;0;0;0;0;0;
31801;4633089;555098112;31830016;505409536;0;0;0;0;0;0;0;0;0;0;0;3377;0;0;0;0;0;0;
31802;3897530;555098112;31830016;505409536;0;0;0;0;0;0;0;0;0;0;0;3706;0;0;0;0;0;0;
31803;4730141;555098112;31830016;505409536;0;0;0;0;0;0;0;0;0;0;0;3236;0;0;0;0;0;0;
31804;3745855;555098112;31830016;505409536;0;0;0;0;0;0;0;0;0;0;0;3486;0;0;0;0;0;0;
31805;4743646;555098112;31830016;505409536;0;0;0;0;0;0;0;0;0;0;0;2915;0;0;0;0;0;0;
31806;3865770;555098112;31830016;505409536;0;0;0;0;0;0;0;0;0;0;0;3456;0;0;0;0;0;0;
31807;4695746;555098112;31830016;505409536;0;0;0;0;0;0;0;0;0;0;0;3266;0;0;0;0;0;0;
31808;3741967;555098112;31830016;505409536;0;0;0;0;0;0;0;0;0;0;0;3657;0;0;0;0;0;0;
31809;4621257;555098112;31830016;505409536;0;0;0;0;0;0;0;0;0;0;0;3386;0;0;0;0;0;0;
31810;3605471;555098112;31830016;505409536;0;0;0;0;0;0;0;0;0;0;0;3647;0;0;0;0;0;0;
31811;4687971;555098112;31830016;505409536;0;0;0;0;0;0;0;0;0;0;0;3386;0;0;0;0;0;0;
31812;3614428;555098112;31830016;505409536;0;0;0;0;0;0;0;0;0;0;0;4087;0;0;0;0;0;0;
31813;4674497;555098112;31830016;505409536;0;0;0;0;0;0;0;0;0;0;0;3466;0;0;0;0;0;0;
31814;3624998;555098112;31830016;505409536;0;0;0;0;0;0;0;0;0;0;0;3737;0;0;0;0;0;0;
31815;4670249;555098112;31830016;505409536;0;0;0;0;0;0;0;0;0;0;0;3105;0;0;0;0;0;0;
31816;3524960;555098112;31830016;505409536;0;0;0;0;0;0;0;0;0;0;0;3006;0;0;0;0;0;0;
31817;4719661;555098112;31830016;505409536;0;0;0;0;0;0;0;0;0;0;0;3056;0;0;0;0;0;0;
31818;3564545;555098112;31830016;505409536;0;0;0;0;0;0;0;0;0;0;0;3336;0;0;0;0;0;0;
31819;4849454;555098112;31830016;505409536;0;0;0;0;0;0;0;0;0;0;0;3527;0;0;0;0;0;0;
31820;3395237;555098112;31830016;505409536;0;0;0;0;0;0;0;0;0;0;0;2695;0;0;0;0;0;0;
31821;4339889;555098112;31830016;505409536;0;0;0;0;0;0;0;0;0;0;0;2454;0;0;0;0;0;0;
31822;2399960;555098112;31830016;505409536;0;0;0;0;0;0;0;0;0;0;0;2766;0;0;0;0;0;0;
31823;4464242;555098112;31830016;505409536;0;0;0;0;0;0;0;0;0;0;0;2845;0;0;0;0;0;0;
31824;2516389;555098112;31830016;505409536;0;0;0;0;0;0;0;0;0;0;0;2715;0;0;0;0;0;0;
31825;4385906;555098112;31830016;505409536;0;0;0;0;0;0;0;0;0;0;0;2625;0;0;0;0;0;0;
31826;2599075;555098112;31830016;505409536;0;0;0;0;0;0;0;0;0;0;0;3106;0;0;0;0;0;0;
31827;4665209;555098112;31830016;505409536;0;0;0;0;0;0;0;0;0;0;0;2705;0;0;0;0;0;0;
31828;2635312;555098112;31830016;505409536;0;0;0;0;0;0;0;0;0;0;0;2795;0;0;0;0;0;0;
31829;4425490;555098112;31830016;505409536;0;0;0;0;0;0;0;0;0;0;0;2304;0;0;0;0;0;0;
31830;2533031;555098112;31830016;505409536;0;0;0;0;0;0;0;0;0;0;0;2806;0;0;0;0;0;0;
31831;4331644;555098112;31830016;505409536;0;0;0;0;0;0;0;0;0;0;0;2294;0;0;0;0;0;0;
31832;2501572;555098112;31830016;505409536;0;0;0;0;0;0;0;0;0;0;0;2645;0;0;0;0;0;0;
31833;4432523;555098112;31830016;505409536;0;0;0;0;0;0;0;0;0;0;0;2415;0;0;0;0;0;0;
31834;2438363;555098112;31830016;505409536;0;0;0;0;0;0;0;0;0;0;0;2795;0;0;0;0;0;0;
31835;4447131;555098112;31830016;505409536;0;0;0;0;0;0;0;0;0;0;0;2274;0;0;0;0;0;0;
31836;2467477;555098112;31830016;505409536;0;0;0;0;0;0;0;0;0;0;0;2795;0;0;0;0;0;0;
31837;4345119;555098112;31830016;505409536;0;0;0;0;0;0;0;0;0;0;0;2264;0;0;0;0;0;0;
31838;2512902;555098112;31830016;505409536;0;0;0;0;0;0;0;0;0;0;0;2434;0;0;0;0;0;0;
31839;4523844;555098112;31830016;505409536;0;0;0;0;0;0;0;0;0;0;0;2385;0;0;0;0;0;0;
31840;2687440;555098112;31830016;505409536;0;0;0;0;0;0;0;0;0;0;0;3086;0;0;0;0;0;0;
31841;4418587;555098112;31830016;505409536;0;0;0;0;0;0;0;0;0;0;0;2124;0;0;0;0;0;0;
31842;2498796;555098112;31830016;505409536;0;0;0;0;0;0;0;0;0;0;0;2515;0;0;0;0;0;0;
31843;4478198;555098112;31830016;505409536;0;0;0;0;0;0;0;0;0;0;0;1863;0;0;0;0;0;0;
31844;2475402;555098112;31830016;505409536;0;0;0;0;0;0;0;0;0;0;0;2956;0;0;0;0;0;0;
31845;4346391;555098112;31830016;505409536;0;0;0;0;0;0;0;0;0;0;0;1793;0;0;0;0;0;0;
31846;2434185;555098112;31830016;505409536;0;0;0;0;0;0;0;0;0;0;0;2715;0;0;0;0;0;0;
31847;7381844;555098112;31830016;505409536;0;0;0;0;0;0;0;0;0;0;0;2735;0;0;0;0;0;0;
31848;9058207;555098112;31830016;505409536;0;0;0;0;0;0;0;0;0;0;0;2916;0;0;0;0;0;0;
31849;4542890;555098112;31830016;505409536;0;0;0;0;0;0;0;0;0;0;0;2344;0;0;0;0;0;0;
31850;2628228;555098112;31830016;505409536;0;0;0;0;0;0;0;0;0;0;0;2565;0;0;0;0;0;0;
31851;4359767;555098112;31830016;505409536;0;0;0;0;0;0;0;0;0;0;0;2345;0;0;0;0;0;0;
31852;2593573;555098112;31830016;505409536;0;0;0;0;0;0;0;0;0;0;0;9157;0;0;0;0;0;0;
31853;4418677;555098112;31830016;505409536;0;0;0;0;0;0;0;0;0;0;0;2675;0;0;0;0;0;0;
31854;2534503;555098112;31830016;505409536;0;0;0;0;0;0;0;0;0;0;0;2775;0;0;0;0;0;0;
31855;4424397;555098112;31830016;505409536;0;0;0;0;0;0;0;0;0;0;0;2785;0;0;0;0;0;0;
31856;2437651;555098112;31830016;505409536;0;0;0;0;0;0;0;0;0;0;0;2765;0;0;0;0;0;0;
31857;4425960;555098112;31830016;505409536;0;0;0;0;0;0;0;0;0;0;0;2204;0;0;0;0;0;0;
31858;2532469;555098112;31830016;505409536;0;0;0;0;0;0;0;0;0;0;0;2855;0;0;0;0;0;0;
31859;4366238;555098112;31830016;505409536;0;0;0;0;0;0;0;0;0;0;0;2545;0;0;0;0;0;0;
31860;2824186;555098112;31830016;505409536;0;0;0;0;0;0;0;0;0;0;0;2635;0;0;0;0;0;0;
31861;4334609;555098112;31830016;505409536;0;0;0;0;0;0;0;0;0;0;0;2625;0;0;0;0;0;0;
31862;2581451;555098112;31830016;505409536;0;0;0;0;0;0;0;0;0;0;0;2775;0;0;0;0;0;0;
31863;4409119;555098112;31830016;505409536;0;0;0;0;0;0;0;0;0;0;0;2455;0;0;0;0;0;0;
31864;2681639;555098112;31830016;505409536;0;0;0;0;0;0;0;0;0;0;0;2775;0;0;0;0;0;0;
31865;4370887;555098112;31830016;505409536;0;0;0;0;0;0;0;0;0;0;0;2455;0;0;0;0;0;0;
31866;2748464;555098112;31830016;505409536;0;0;0;0;0;0;0;0;0;0;0;2725;0;0;0;0;0;0;
31867;4374153;555098112;31830016;505409536;0;0;0;0;0;0;0;0;0;0;0;2354;0;0;0;0;0;0;
31868;2501711;555098112;31830016;505409536;0;0;0;0;0;0;0;0;0;0;0;2765;0;0;0;0;0;0;
31869;4413998;555098112;31830016;505409536;0;0;0;0;0;0;0;0;0;0;0;2345;0;0;0;0;0;0;
31870;2512052;555098112;31830016;505409536;0;0;0;0;0;0;0;0;0;0;0;2845;0;0;0;0;0;0;
31871;4406303;555098112;31830016;505409536;0;0;0;0;0;0;0;0;0;0;0;2574;0;0;0;0;0;0;
31872;2819558;555098112;31830016;505409536;0;0;0;0;0;0;0;0;0;0;0;2635;0;0;0;0;0;0;
31873;4329590;555098112;31830016;505409536;0;0;0;0;0;0;0;0;0;0;0;2384;0;0;0;0;0;0;
31874;2570862;555098112;31830016;505409536;0;0;0;0;0;0;0;0;0;0;0;2875;0;0;0;0;0;0;
31875;4460886;555098112;31830016;505409536;0;0;0;0;0;0;0;0;0;0;0;2655;0;0;0;0;0;0;
31876;2502874;555098112;31830016;505409536;0;0;0;0;0;0;0;0;0;0;0;2896;0;0;0;0;0;0;
31877;4570041;555098112;31830016;505409536;0;0;0;0;0;0;0;0;0;0;0;2645;0;0;0;0;0;0;
31878;2791495;555098112;31830016;505409536;0;0;0;0;0;0;0;0;0;0;0;2655;0;0;0;0;0;0;
31879;4404169;555098112;31830016;505409536;0;0;0;0;0;0;0;0;0;0;0;2775;0;0;0;0;0;0;
31880;2539202;555098112;31830016;505409536;0;0;0;0;0;0;0;0;0;0;0;2515;0;0;0;0;0;0;
31881;4330552;555098112;31830016;505409536;0;0;0;0;0;0;0;0;0;0;0;2235;0;0;0;0;0;0;
31882;2652114;555098112;31830016;505409536;0;0;0;0;0;0;0;0;0;0;0;2805;0;0;0;0;0;0;
31883;4341211;555098112;31830016;505409536;0;0;0;0;0;0;0;0;0;0;0;2355;0;0;0;0;0;0;
31884;2530937;555098112;31830016;505409536;0;0;0;0;0;0;0;0;0;0;0;2495;0;0;0;0;0;0;
31885;4434246;555098112;31830016;505409536;0;0;0;0;0;0;0;0;0;0;0;2114;0;0;0;0;0;0;
31886;2662594;555098112;31830016;505409536;0;0;0;0;0;0;0;0;0;0;0;2855;0;0;0;0;0;0;
31887;4333177;555098112;31830016;505409536;0;0;0;0;0;0;0;0;0;0;0;2585;0;0;0;0;0;0;
31888;2642786;555098112;31830016;505409536;0;0;0;0;0;0;0;0;0;0;0;2584;0;0;0;0;0;0;
31889;4537059;555098112;31830016;505409536;0;0;0;0;0;0;0;0;0;0;0;2755;0;0;0;0;0;0;
31890;2433553;555098112;31830016;505409536;0;0;0;0;0;0;0;0;0;0;0;3206;0;0;0;0;0;0;
31891;4453232;555098112;31830016;505409536;0;0;0;0;0;0;0;0;0;0;0;3046;0;0;0;0;0;0;
31892;2514746;555098112;31830016;505409536;0;0;0;0;0;0;0;0;0;0;0;2706;0;0;0;0;0;0;
31893;4367210;555098112;31830016;505409536;0;0;0;0;0;0;0;0;0;0;0;2575;0;0;0;0;0;0;
31894;2591860;555098112;31830016;505409536;0;0;0;0;0;0;0;0;0;0;0;2815;0;0;0;0;0;0;
31895;4392899;555098112;31830016;505409536;0;0;0;0;0;0;0;0;0;0;0;2605;0;0;0;0;0;0;
31896;3135580;555098112;31830016;505409536;0;0;0;0;0;0;0;0;0;0;0;3998;0;0;0;0;0;0;
31897;4564640;555098112;31830016;505409536;0;0;0;0;0;0;0;0;0;0;0;3196;0;0;0;0;0;0;
31898;3673449;555098112;31830016;505409536;0;0;0;0;0;0;0;0;0;0;0;3576;0;0;0;0;0;0;
31899;4671320;555098112;31830016;505409536;0;0;0;0;0;0;0;0;0;0;0;3337;0;0;0;0;0;0;
31900;3734614;555098112;31830016;505409536;0;0;0;0;0;0;0;0;0;0;0;3346;0;0;0;0;0;0;
31901;4749067;555098112;31830016;505409536;0;0;0;0;0;0;0;0;0;0;0;3056;0;0;0;0;0;0;
31902;3325146;555098112;31830016;505409536;0;0;0;0;0;0;0;0;0;0;0;2634;0;0;0;0;0;0;
31903;4465935;555098112;31830016;505409536;0;0;0;0;0;0;0;0;0;0;0;2705;0;0;0;0;0;0;
31904;2647516;555098112;31830016;505409536;0;0;0;0;0;0;0;0;0;0;0;2705;0;0;0;0;0;0;
31905;4357322;555098112;31830016;505409536;0;0;0;0;0;0;0;0;0;0;0;2485;0;0;0;0;0;0;
31906;2527380;555098112;31830016;505409536;0;0;0;0;0;0;0;0;0;0;0;2966;0;0;0;0;0;0;
31907;4378211;555098112;31830016;505409536;0;0;0;0;0;0;0;0;0;0;0;2475;0;0;0;0;0;0;
31908;2529184;555098112;31830016;505409536;0;0;0;0;0;0;0;0;0;0;0;2755;0;0;0;0;0;0;
31909;4411313;555098112;31830016;505409536;0;0;0;0;0;0;0;0;0;0;0;2835;0;0;0;0;0;0;
31910;2468129;555098112;31830016;505409536;0;0;0;0;0;0;0;0;0;0;0;2675;0;0;0;0;0;0;
31911;4382790;555098112;31830016;505409536;0;0;0;0;0;0;0;0;0;0;0;2775;0;0;0;0;0;0;
31912;2464271;555098112;31830016;505409536;0;0;0;0;0;0;0;0;0;0;0;2514;0;0;0;0;0;0;
31913;4341442;555098112;31830016;505409536;0;0;0;0;0;0;0;0;0;0;0;2374;0;0;0;0;0;0;
31914;2381496;555098112;31830016;505409536;0;0;0;0;0;0;0;0;0;0;0;3055;0;0;0;0;0;0;
31915;4557156;555098112;31830016;505409536;0;0;0;0;0;0;0;0;0;0;0;2635;0;0;0;0;0;0;
31916;2625764;555098112;31830016;505409536;0;0;0;0;0;0;0;0;0;0;0;2715;0;0;0;0;0;0;
31917;4320132;555098112;31830016;505409536;0;0;0;0;0;0;0;0;0;0;0;2344;0;0;0;0;0;0;
31918;2584466;555098112;31830016;505409536;0;0;0;0;0;0;0;0;0;0;0;2314;0;0;0;0;0;0;
31919;4339187;555098112;31830016;505409536;0;0;0;0;0;0;0;0;0;0;0;2485;0;0;0;0;0;0;
31920;2690366;555098112;31830016;505409536;0;0;0;0;0;0;0;0;0;0;0;2796;0;0;0;0;0;0;
31921;4396726;555098112;31830016;505409536;0;0;0;0;0;0;0;0;0;0;0;2314;0;0;0;0;0;0;
31922;2451367;555098112;31830016;505409536;0;0;0;0;0;0;0;0;0;0;0;2745;0;0;0;0;0;0;
31923;4461176;555098112;31830016;505409536;0;0;0;0;0;0;0;0;0;0;0;2394;0;0;0;0;0;0;
31924;2441179;555098112;31830016;505409536;0;0;0;0;0;0;0;0;0;0;0;2425;0;0;0;0;0;0;
31925;4436711;555098112;31830016;505409536;0;0;0;0;0;0;0;0;0;0;0;2615;0;0;0;0;0;0;
31926;2539623;555098112;31830016;505409536;0;0;0;0;0;0;0;0;0;0;0;2675;0;0;0;0;0;0;
31927;4520497;555098112;31830016;505409536;0;0;0;0;0;0;0;0;0;0;0;2394;0;0;0;0;0;0;
31928;2441960;555098112;31830016;505409536;0;0;0;0;0;0;0;0;0;0;0;2755;0;0;0;0;0;0;
31929;4545544;555098112;31830016;505409536;0;0;0;0;0;0;0;0;0;0;0;2435;0;0;0;0;0;0;
31930;2485712;555098112;31830016;505409536;0;0;0;0;0;0;0;0;0;0;0;2685;0;0;0;0;0;0;
31931;4371018;555098112;31830016;505409536;0;0;0;0;0;0;0;0;0;0;0;2434;0;0;0;0;0;0;
31932;2677221;555098112;31830016;505409536;0;0;0;0;0;0;0;0;0;0;0;2655;0;0;0;0;0;0;
31933;4389913;555098112;31830016;505409536;0;0;0;0;0;0;0;0;0;0;0;2565;0;0;0;0;0;0;
31934;2497343;555098112;31830016;505409536;0;0;0;0;0;0;0;0;0;0;0;2495;0;0;0;0;0;0;
31935;4382790;555098112;31830016;505409536;0;0;0;0;0;0;0;0;0;0;0;2484;0;0;0;0;0;0;
31936;2619382;555098112;31830016;505409536;0;0;0;0;0;0;0;0;0;0;0;2946;0;0;0;0;0;0;
31937;4562947;555098112;31830016;505409536;0;0;0;0;0;0;0;0;0;0;0;2334;0;0;0;0;0;0;
31938;2466906;555098112;31830016;505409536;0;0;0;0;0;0;0;0;0;0;0;2705;0;0;0;0;0;0;
31939;4415330;555098112;31830016;505409536;0;0;0;0;0;0;0;0;0;0;0;2665;0;0;0;0;0;0;
31940;2720822;555098112;31830016;505409536;0;0;0;0;0;0;0;0;0;0;0;2965;0;0;0;0;0;0;
31941;4543571;555098112;31830016;505409536;0;0;0;0;0;0;0;0;0;0;0;2484;0;0;0;0;0;0;
31942;2651523;555098112;31830016;505409536;0;0;0;0;0;0;0;0;0;0;0;2835;0;0;0;0;0;0;
31943;4452170;555098112;31830016;505409536;0;0;0;0;0;0;0;0;0;0;0;2424;0;0;0;0;0;0;
31944;2538961;555098112;31830016;505409536;0;0;0;0;0;0;0;0;0;0;0;2574;0;0;0;0;0;0;
31945;4444295;555098112;31830016;505409536;0;0;0;0;0;0;0;0;0;0;0;2415;0;0;0;0;0;0;
31946;2397356;555098112;31830016;505409536;0;0;0;0;0;0;0;0;0;0;0;2695;0;0;0;0;0;0;
31947;4476054;555098112;31830016;505409536;0;0;0;0;0;0;0;0;0;0;0;2915;0;0;0;0;0;0;
31948;2569589;555098112;31830016;505409536;0;0;0;0;0;0;0;0;0;0;0;2565;0;0;0;0;0;0;
31949;4329980;555098112;31830016;505409536;0;0;0;0;0;0;0;0;0;0;0;2455;0;0;0;0;0;0;
31950;2684223;555098112;31830016;505409536;0;0;0;0;0;0;0;0;0;0;0;2806;0;0;0;0;0;0;
31951;4438003;555098112;31830016;505409536;0;0;0;0;0;0;0;0;0;0;0;2355;0;0;0;0;0;0;
31952;2579858;555098112;31830016;505409536;0;0;0;0;0;0;0;0;0;0;0;2485;0;0;0;0;0;0;
31953;4453422;555098112;31830016;505409536;0;0;0;0;0;0;0;0;0;0;0;2545;0;0;0;0;0;0;
31954;2578366;555098112;31830016;505409536;0;0;0;0;0;0;0;0;0;0;0;2655;0;0;0;0;0;0;
31955;4460054;555098112;31830016;505409536;0;0;0;0;0;0;0;0;0;0;0;2514;0;0;0;0;0;0;
31956;2597721;555098112;31830016;505409536;0;0;0;0;0;0;0;0;0;0;0;2655;0;0;0;0;0;0;
31957;4509937;555098112;31830016;505409536;0;0;0;0;0;0;0;0;0;0;0;2364;0;0;0;0;0;0;
31958;2775936;555098112;31830016;505409536;0;0;0;0;0;0;0;0;0;0;0;2615;0;0;0;0;0;0;
31959;4451578;555098112;31830016;505409536;0;0;0;0;0;0;0;0;0;0;0;2604;0;0;0;0;0;0;
31960;2564329;555098112;31830016;505409536;0;0;0;0;0;0;0;0;0;0;0;2755;0;0;0;0;0;0;
31961;4464252;555098112;31830016;505409536;0;0;0;0;0;0;0;0;0;0;0;2355;0;0;0;0;0;0;
31962;2559099;555098112;31830016;505409536;0;0;0;0;0;0;0;0;0;0;0;3046;0;0;0;0;0;0;
31963;4417104;555098112;31830016;505409536;0;0;0;0;0;0;0;0;0;0;0;2725;0;0;0;0;0;0;
31964;3142173;555098112;31830016;505409536;0;0;0;0;0;0;0;0;0;0;0;3035;0;0;0;0;0;0;
31965;4464382;555098112;31830016;505409536;0;0;0;0;0;0;0;0;0;0;0;2395;0;0;0;0;0;0;
31966;2645041;555098112;31830016;505409536;0;0;0;0;0;0;0;0;0;0;0;2805;0;0;0;0;0;0;
31967;4426742;555098112;31830016;505409536;0;0;0;0;0;0;0;0;0;0;0;2565;0;0;0;0;0;0;
31968;2576431;555098112;31830016;505409536;0;0;0;0;0;0;0;0;0;0;0;2725;0;0;0;0;0;0;
31969;4476415;555098112;31830016;505409536;0;0;0;0;0;0;0;0;0;0;0;2665;0;0;0;0;0;0;
31970;2493656;555098112;31830016;505409536;0;0;0;0;0;0;0;0;0;0;0;2895;0;0;0;0;0;0;
31971;4393750;555098112;31830016;505409536;0;0;0;0;0;0;0;0;0;0;0;2836;0;0;0;0;0;0;
31972;2517401;555098112;31830016;505409536;0;0;0;0;0;0;0;0;0;0;0;2915;0;0;0;0;0;0;
31973;4500350;555098112;31830016;505409536;0;0;0;0;0;0;0;0;0;0;0;2555;0;0;0;0;0;0;
31974;2450055;555098112;31830016;505409536;0;0;0;0;0;0;0;0;0;0;0;2655;0;0;0;0;0;0;
31975;4397216;555098112;31830016;505409536;0;0;0;0;0;0;0;0;0;0;0;2765;0;0;0;0;0;0;
31976;2479340;555098112;31830016;505409536;0;0;0;0;0;0;0;0;0;0;0;3015;0;0;0;0;0;0;
31977;4536478;555098112;31830016;505409536;0;0;0;0;0;0;0;0;0;0;0;2154;0;0;0;0;0;0;
31978;2613572;555098112;31830016;505409536;0;0;0;0;0;0;0;0;0;0;0;2935;0;0;0;0;0;0;
31979;4382238;555098112;31830016;505409536;0;0;0;0;0;0;0;0;0;0;0;2735;0;0;0;0;0;0;
31980;2448101;555098112;31830016;505409536;0;0;0;0;0;0;0;0;0;0;0;2695;0;0;0;0;0;0;
31981;4400112;555098112;31830016;505409536;0;0;0;0;0;0;0;0;0;0;0;2434;0;0;0;0;0;0;
31982;2567856;555098112;31830016;505409536;0;0;0;0;0;0;0;0;0;0;0;2615;0;0;0;0;0;0;
31983;4367190;555098112;31830016;505409536;0;0;0;0;0;0;0;0;0;0;0;2665;0;0;0;0;0;0;
31984;2594406;555098112;31830016;505409536;0;0;0;0;0;0;0;0;0;0;0;2454;0;0;0;0;0;0;
31985;4447691;555098112;31830016;505409536;0;0;0;0;0;0;0;0;0;0;0;2174;0;0;0;0;0;0;
31986;2450386;555098112;31830016;505409536;0;0;0;0;0;0;0;0;0;0;0;3206;0;0;0;0;0;0;
31987;4374734;555098112;31830016;505409536;0;0;0;0;0;0;0;0;0;0;0;2444;0;0;0;0;0;0;
31988;2495219;555098112;31830016;505409536;0;0;0;0;0;0;0;0;0;0;0;2695;0;0;0;0;0;0;
31989;4340690;555098112;31830016;505409536;0;0;0;0;0;0;0;0;0;0;0;2414;0;0;0;0;0;0;
31990;2557697;555098112;31830016;505409536;0;0;0;0;0;0;0;0;0;0;0;2825;0;0;0;0;0;0;
31991;4449114;555098112;31830016;505409536;0;0;0;0;0;0;0;0;0;0;0;2455;0;0;0;0;0;0;
31992;2503154;555098112;31830016;505409536;0;0;0;0;0;0;0;0;0;0;0;2604;0;0;0;0;0;0;
31993;4322066;555098112;31830016;505409536;0;0;0;0;0;0;0;0;0;0;0;2504;0;0;0;0;0;0;
31994;2572765;555098112;31830016;505409536;0;0;0;0;0;0;0;0;0;0;0;2635;0;0;0;0;0;0;
31995;4623701;555098112;31830016;505409536;0;0;0;0;0;0;0;0;0;0;0;3246;0;0;0;0;0;0;
31996;2616577;555098112;31830016;505409536;0;0;0;0;0;0;0;0;0;0;0;2715;0;0;0;0;0;0;
31997;4323378;555098112;31830016;505409536;0;0;0;0;0;0;0;0;0;0;0;2445;0;0;0;0;0;0;
31998;2664527;555098112;31830016;505409536;0;0;0;0;0;0;0;0;0;0;0;2655;0;0;0;0;0;0;
31999;4397457;555098112;31830016;505409536;0;0;0;0;0;0;0;0;0;0;0;2485;0;0;0;0;0;0;
32000;2470773;555098112;31830016;505409536;0;0;0;0;0;0;0;0;0;0;0;2875;0;0;0;0;0;0;
32001;4364756;555098112;31830016;505409536;0;0;0;0;0;0;0;0;0;0;0;2826;0;0;0;0;0;0;
32002;2507262;555098112;31830016;505409536;0;0;0;0;0;0;0;0;0;0;0;2695;0;0;0;0;0;0;
32003;4488678;555098112;31830016;505409536;0;0;0;0;0;0;0;0;0;0;0;2495;0;0;0;0;0;0;
32004;2509786;555098112;31830016;505409536;0;0;0;0;0;0;0;0;0;0;0;2615;0;0;0;0;0;0;
32005;4486825;555098112;31830016;505409536;0;0;0;0;0;0;0;0;0;0;0;2214;0;0;0;0;0;0;
32006;2531688;555098112;31830016;505409536;0;0;0;0;0;0;0;0;0;0;0;2956;0;0;0;0;0;0;
32007;4456617;555098112;31830016;505409536;0;0;0;0;0;0;0;0;0;0;0;2425;0;0;0;0;0;0;
32008;2498436;555098112;31830016;505409536;0;0;0;0;0;0;0;0;0;0;0;2765;0;0;0;0;0;0;
32009;4372160;555098112;31830016;505409536;0;0;0;0;0;0;0;0;0;0;0;2414;0;0;0;0;0;0;
32010;2530455;555098112;31830016;505409536;0;0;0;0;0;0;0;0;0;0;0;2786;0;0;0;0;0;0;
32011;4440708;555098112;31830016;505409536;0;0;0;0;0;0;0;0;0;0;0;2234;0;0;0;0;0;0;
32012;2604514;555098112;31830016;505409536;0;0;0;0;0;0;0;0;0;0;0;2615;0;0;0;0;0;0;
32013;4357872;555098112;31830016;505409536;0;0;0;0;0;0;0;0;0;0;0;2474;0;0;0;0;0;0;
32014;2564148;555098112;31830016;505409536;0;0;0;0;0;0;0;0;0;0;0;2615;0;0;0;0;0;0;
32015;4458591;555098112;31830016;505409536;0;0;0;0;0;0;0;0;0;0;0;2394;0;0;0;0;0;0;
32016;2898536;555098112;31830016;505409536;0;0;0;0;0;0;0;0;0;0;0;3627;0;0;0;0;0;0;
32017;4689174;555098112;31830016;505409536;0;0;0;0;0;0;0;0;0;0;0;3216;0;0;0;0;0;0;
32018;3600442;555098112;31830016;505409536;0;0;0;0;0;0;0;0;0;0;0;3607;0;0;0;0;0;0;
32019;4689314;555098112;31830016;505409536;0;0;0;0;0;0;0;0;0;0;0;3296;0;0;0;0;0;0;
32020;3670093;555098112;31830016;505409536;0;0;0;0;0;0;0;0;0;0;0;12353;0;0;0;0;0;0;
32021;4871556;555098112;31838208;505417728;0;0;0;0;0;0;0;0;0;0;0;3477;0;0;0;0;0;0;
32022;3706782;555098112;31838208;505417728;0;0;0;0;0;0;0;0;0;0;0;3376;0;0;0;0;0;0;
32023;4729429;555098112;31838208;505417728;0;0;0;0;0;0;0;0;0;0;0;3216;0;0;0;0;0;0;
32024;3355112;555098112;31838208;505417728;0;0;0;0;0;0;0;0;0;0;0;2835;0;0;0;0;0;0;
32025;4401154;555098112;31838208;505417728;0;0;0;0;0;0;0;0;0;0;0;2615;0;0;0;0;0;0;
32026;2505489;555098112;31838208;505417728;0;0;0;0;0;0;0;0;0;0;0;3076;0;0;0;0;0;0;
32027;4381327;555098112;31838208;505417728;0;0;0;0;0;0;0;0;0;0;0;2715;0;0;0;0;0;0;
32028;2578045;555343872;31830016;505409536;0;0;0;0;0;0;0;0;0;0;0;3116;0;0;0;0;0;0;
32029;4324631;555343872;31830016;505409536;0;0;0;0;0;0;0;0;0;0;0;2284;0;0;0;0;0;0;
32030;2458961;555343872;31830016;505409536;0;0;0;0;0;0;0;0;0;0;0;2544;0;0;0;0;0;0;
32031;4425760;555343872;31830016;505409536;0;0;0;0;0;0;0;0;0;0;0;2514;0;0;0;0;0;0;
32032;2620304;555343872;31830016;505409536;0;0;0;0;0;0;0;0;0;0;0;2846;0;0;0;0;0;0;
32033;4361329;555343872;31830016;505409536;0;0;0;0;0;0;0;0;0;0;0;2715;0;0;0;0;0;0;
32034;2533451;555343872;31830016;505409536;0;0;0;0;0;0;0;0;0;0;0;3066;0;0;0;0;0;0;
32035;4589577;555343872;31830016;505409536;0;0;0;0;0;0;0;0;0;0;0;2555;0;0;0;0;0;0;
32036;2552787;555343872;31830016;505409536;0;0;0;0;0;0;0;0;0;0;0;2976;0;0;0;0;0;0;
32037;4347694;555343872;31830016;505409536;0;0;0;0;0;0;0;0;0;0;0;2504;0;0;0;0;0;0;
32038;2632146;555343872;31830016;505409536;0;0;0;0;0;0;0;0;0;0;0;2845;0;0;0;0;0;0;
32039;4428886;555343872;31830016;505409536;0;0;0;0;0;0;0;0;0;0;0;2395;0;0;0;0;0;0;
32040;2637867;555343872;31830016;505409536;0;0;0;0;0;0;0;0;0;0;0;2564;0;0;0;0;0;0;
32041;4497384;555343872;31830016;505409536;0;0;0;0;0;0;0;0;0;0;0;2444;0;0;0;0;0;0;
32042;2442531;555343872;31830016;505409536;0;0;0;0;0;0;0;0;0;0;0;2655;0;0;0;0;0;0;
32043;4440658;555343872;31830016;505409536;0;0;0;0;0;0;0;0;0;0;0;2665;0;0;0;0;0;0;
32044;2456076;555343872;31830016;505409536;0;0;0;0;0;0;0;0;0;0;0;2906;0;0;0;0;0;0;
32045;4448633;555343872;31830016;505409536;0;0;0;0;0;0;0;0;0;0;0;2775;0;0;0;0;0;0;
32046;2374593;555343872;31830016;505409536;0;0;0;0;0;0;0;0;0;0;0;2584;0;0;0;0;0;0;
32047;4386256;555343872;31830016;505409536;0;0;0;0;0;0;0;0;0;0;0;2514;0;0;0;0;0;0;
32048;2385394;555343872;31830016;505409536;0;0;0;0;0;0;0;0;0;0;0;2535;0;0;0;0;0;0;
32049;4343596;555343872;31830016;505409536;0;0;0;0;0;0;0;0;0;0;0;2465;0;0;0;0;0;0;
32050;2481563;555343872;31830016;505409536;0;0;0;0;0;0;0;0;0;0;0;2805;0;0;0;0;0;0;
32051;4472387;555343872;31830016;505409536;0;0;0;0;0;0;0;0;0;0;0;2385;0;0;0;0;0;0;
32052;2498045;555343872;31830016;505409536;0;0;0;0;0;0;0;0;0;0;0;2775;0;0;0;0;0;0;
32053;4397106;555343872;31830016;505409536;0;0;0;0;0;0;0;0;0;0;0;2454;0;0;0;0;0;0;
32054;2617198;555343872;31830016;505409536;0;0;0;0;0;0;0;0;0;0;0;3066;0;0;0;0;0;0;
32055;4391726;555343872;31830016;505409536;0;0;0;0;0;0;0;0;0;0;0;2785;0;0;0;0;0;0;
32056;3036154;555343872;31830016;505409536;0;0;0;0;0;0;0;0;0;0;0;3697;0;0;0;0;0;0;
32057;4720292;555343872;31830016;505409536;0;0;0;0;0;0;0;0;0;0;0;2234;0;0;0;0;0;0;
32058;2487335;555343872;31830016;505409536;0;0;0;0;0;0;0;0;0;0;0;2765;0;0;0;0;0;0;
32059;4500721;555343872;31830016;505409536;0;0;0;0;0;0;0;0;0;0;0;2104;0;0;0;0;0;0;
32060;2471645;555343872;31830016;505409536;0;0;0;0;0;0;0;0;0;0;0;2635;0;0;0;0;0;0;
32061;4341292;555343872;31830016;505409536;0;0;0;0;0;0;0;0;0;0;0;2385;0;0;0;0;0;0;
32062;2607531;555343872;31830016;505409536;0;0;0;0;0;0;0;0;0;0;0;2505;0;0;0;0;0;0;
32063;4385926;555343872;31830016;505409536;0;0;0;0;0;0;0;0;0;0;0;2414;0;0;0;0;0;0;
32064;2485872;555343872;31830016;505409536;0;0;0;0;0;0;0;0;0;0;0;2495;0;0;0;0;0;0;
32065;4333948;555343872;31830016;505409536;0;0;0;0;0;0;0;0;0;0;0;2394;0;0;0;0;0;0;
32066;2454673;555343872;31830016;505409536;0;0;0;0;0;0;0;0;0;0;0;2745;0;0;0;0;0;0;
32067;4375336;555343872;31830016;505409536;0;0;0;0;0;0;0;0;0;0;0;2655;0;0;0;0;0;0;
32068;2651122;555343872;31830016;505409536;0;0;0;0;0;0;0;0;0;0;0;2605;0;0;0;0;0;0;
32069;4409218;555343872;31830016;505409536;0;0;0;0;0;0;0;0;0;0;0;2475;0;0;0;0;0;0;
32070;2776316;555343872;31830016;505409536;0;0;0;0;0;0;0;0;0;0;0;3456;0;0;0;0;0;0;
32071;4351801;555343872;31830016;505409536;0;0;0;0;0;0;0;0;0;0;0;2575;0;0;0;0;0;0;
32072;2424818;555343872;31830016;505409536;0;0;0;0;0;0;0;0;0;0;0;2625;0;0;0;0;0;0;
32073;4498336;555343872;31830016;505409536;0;0;0;0;0;0;0;0;0;0;0;2435;0;0;0;0;0;0;
32074;2581542;555343872;31830016;505409536;0;0;0;0;0;0;0;0;0;0;0;2695;0;0;0;0;0;0;
32075;4576873;555343872;31830016;505409536;0;0;0;0;0;0;0;0;0;0;0;2404;0;0;0;0;0;0;
32076;2604524;555343872;31830016;505409536;0;0;0;0;0;0;0;0;0;0;0;3066;0;0;0;0;0;0;
32077;4439145;555343872;31830016;505409536;0;0;0;0;0;0;0;0;0;0;0;2415;0;0;0;0;0;0;
32078;2467037;555343872;31830016;505409536;0;0;0;0;0;0;0;0;0;0;0;2515;0;0;0;0;0;0;
32079;4536848;555343872;31830016;505409536;0;0;0;0;0;0;0;0;0;0;0;2775;0;0;0;0;0;0;
32080;2472708;555343872;31830016;505409536;0;0;0;0;0;0;0;0;0;0;0;2505;0;0;0;0;0;0;
32081;4312668;555343872;31830016;505409536;0;0;0;0;0;0;0;0;0;0;0;2364;0;0;0;0;0;0;
32082;2736422;555343872;31830016;505409536;0;0;0;0;0;0;0;0;0;0;0;2695;0;0;0;0;0;0;
32083;4558940;555343872;31830016;505409536;0;0;0;0;0;0;0;0;0;0;0;2364;0;0;0;0;0;0;
32084;2507954;555343872;31830016;505409536;0;0;0;0;0;0;0;0;0;0;0;2815;0;0;0;0;0;0;
32085;4336001;555343872;31830016;505409536;0;0;0;0;0;0;0;0;0;0;0;2404;0;0;0;0;0;0;
32086;2520266;555343872;31830016;505409536;0;0;0;0;0;0;0;0;0;0;0;2615;0;0;0;0;0;0;
32087;4474271;555343872;31830016;505409536;0;0;0;0;0;0;0;0;0;0;0;2534;0;0;0;0;0;0;
32088;2531397;555343872;31830016;505409536;0;0;0;0;0;0;0;0;0;0;0;2895;0;0;0;0;0;0;
32089;4451057;555343872;31830016;505409536;0;0;0;0;0;0;0;0;0;0;0;2074;0;0;0;0;0;0;
32090;2513554;555343872;31830016;505409536;0;0;0;0;0;0;0;0;0;0;0;2605;0;0;0;0;0;0;
32091;4499078;555343872;31830016;505409536;0;0;0;0;0;0;0;0;0;0;0;2434;0;0;0;0;0;0;
32092;2675507;555343872;31830016;505409536;0;0;0;0;0;0;0;0;0;0;0;3046;0;0;0;0;0;0;
32093;4346351;555343872;31830016;505409536;0;0;0;0;0;0;0;0;0;0;0;2745;0;0;0;0;0;0;
32094;3042415;555343872;31830016;505409536;0;0;0;0;0;0;0;0;0;0;0;3486;0;0;0;0;0;0;
32095;4883639;555343872;31830016;505409536;0;0;0;0;0;0;0;0;0;0;0;3186;0;0;0;0;0;0;
32096;3831285;555343872;31830016;505409536;0;0;0;0;0;0;0;0;0;0;0;3477;0;0;0;0;0;0;
32097;4626917;555343872;31830016;505409536;0;0;0;0;0;0;0;0;0;0;0;3317;0;0;0;0;0;0;
32098;3523007;555343872;31830016;505409536;0;0;0;0;0;0;0;0;0;0;0;2925;0;0;0;0;0;0;
32099;4415391;555343872;31830016;505409536;0;0;0;0;0;0;0;0;0;0;0;2765;0;0;0;0;0;0;
32100;2651032;555343872;31830016;505409536;0;0;0;0;0;0;0;0;0;0;0;2675;0;0;0;0;0;0;
32101;4445457;555343872;31830016;505409536;0;0;0;0;0;0;0;0;0;0;0;2435;0;0;0;0;0;0;
32102;2516981;555343872;31830016;505409536;0;0;0;0;0;0;0;0;0;0;0;2675;0;0;0;0;0;0;
32103;4544482;555343872;31830016;505409536;0;0;0;0;0;0;0;0;0;0;0;2595;0;0;0;0;0;0;
32104;2578847;555343872;31830016;505409536;0;0;0;0;0;0;0;0;0;0;0;2785;0;0;0;0;0;0;
32105;4575201;555343872;31830016;505409536;0;0;0;0;0;0;0;0;0;0;0;2595;0;0;0;0;0;0;
32106;2462027;555343872;31830016;505409536;0;0;0;0;0;0;0;0;0;0;0;2274;0;0;0;0;0;0;
32107;4411924;555343872;31830016;505409536;0;0;0;0;0;0;0;0;0;0;0;2504;0;0;0;0;0;0;
32108;2492915;555343872;31830016;505409536;0;0;0;0;0;0;0;0;0;0;0;2766;0;0;0;0;0;0;
32109;4318068;555343872;31830016;505409536;0;0;0;0;0;0;0;0;0;0;0;2675;0;0;0;0;0;0;
32110;2648567;555343872;31830016;505409536;0;0;0;0;0;0;0;0;0;0;0;2385;0;0;0;0;0;0;
32111;4336984;555343872;31830016;505409536;0;0;0;0;0;0;0;0;0;0;0;2284;0;0;0;0;0;0;
32112;2545624;555343872;31830016;505409536;0;0;0;0;0;0;0;0;0;0;0;2805;0;0;0;0;0;0;
32113;4459093;555343872;31830016;505409536;0;0;0;0;0;0;0;0;0;0;0;2224;0;0;0;0;0;0;
32114;2706626;555343872;31830016;505409536;0;0;0;0;0;0;0;0;0;0;0;2735;0;0;0;0;0;0;
32115;4478599;555343872;31830016;505409536;0;0;0;0;0;0;0;0;0;0;0;2404;0;0;0;0;0;0;
32116;2685507;555343872;31830016;505409536;0;0;0;0;0;0;0;0;0;0;0;2936;0;0;0;0;0;0;
32117;4512132;555343872;31830016;505409536;0;0;0;0;0;0;0;0;0;0;0;2294;0;0;0;0;0;0;
32118;2558568;555343872;31830016;505409536;0;0;0;0;0;0;0;0;0;0;0;2725;0;0;0;0;0;0;
32119;4428244;555343872;31830016;505409536;0;0;0;0;0;0;0;0;0;0;0;2415;0;0;0;0;0;0;
32120;2544061;555343872;31830016;505409536;0;0;0;0;0;0;0;0;0;0;0;2756;0;0;0;0;0;0;
32121;4385314;555343872;31830016;505409536;0;0;0;0;0;0;0;0;0;0;0;2244;0;0;0;0;0;0;
32122;2496091;555343872;31830016;505409536;0;0;0;0;0;0;0;0;0;0;0;3076;0;0;0;0;0;0;
32123;4413567;555343872;31830016;505409536;0;0;0;0;0;0;0;0;0;0;0;2825;0;0;0;0;0;0;
32124;2559139;555343872;31830016;505409536;0;0;0;0;0;0;0;0;0;0;0;2976;0;0;0;0;0;0;
32125;7465831;555343872;31830016;505409536;0;0;0;0;0;0;0;0;0;0;0;2485;0;0;0;0;0;0;
32126;8581984;555343872;31830016;505409536;0;0;0;0;0;0;0;0;0;0;0;2405;0;0;0;0;0;0;
32127;4506772;555343872;31830016;505409536;0;0;0;0;0;0;0;0;0;0;0;2625;0;0;0;0;0;0;
32128;2466656;555343872;31830016;505409536;0;0;0;0;0;0;0;0;0;0;0;2816;0;0;0;0;0;0;
32129;4426732;555343872;31830016;505409536;0;0;0;0;0;0;0;0;0;0;0;2585;0;0;0;0;0;0;
32130;2437953;555343872;31830016;505409536;0;0;0;0;0;0;0;0;0;0;0;2495;0;0;0;0;0;0;
32131;4401304;555343872;31830016;505409536;0;0;0;0;0;0;0;0;0;0;0;2444;0;0;0;0;0;0;
32132;2524384;555343872;31830016;505409536;0;0;0;0;0;0;0;0;0;0;0;2825;0;0;0;0;0;0;
32133;4489229;555343872;31830016;505409536;0;0;0;0;0;0;0;0;0;0;0;2425;0;0;0;0;0;0;
32134;2578015;555343872;31830016;505409536;0;0;0;0;0;0;0;0;0;0;0;3086;0;0;0;0;0;0;
32135;4443002;555343872;31830016;505409536;0;0;0;0;0;0;0;0;0;0;0;2605;0;0;0;0;0;0;
32136;2593403;555343872;31830016;505409536;0;0;0;0;0;0;0;0;0;0;0;2735;0;0;0;0;0;0;
32137;4300205;555343872;31830016;505409536;0;0;0;0;0;0;0;0;0;0;0;2575;0;0;0;0;0;0;
32138;2495840;555343872;31830016;505409536;0;0;0;0;0;0;0;0;0;0;0;2705;0;0;0;0;0;0;
32139;4615746;555343872;31830016;505409536;0;0;0;0;0;0;0;0;0;0;0;2575;0;0;0;0;0;0;
32140;2690836;555343872;31830016;505409536;0;0;0;0;0;0;0;0;0;0;0;3186;0;0;0;0;0;0;
32141;4557457;555343872;31830016;505409536;0;0;0;0;0;0;0;0;0;0;0;2474;0;0;0;0;0;0;
32142;2601299;555343872;31830016;505409536;0;0;0;0;0;0;0;0;0;0;0;2785;0;0;0;0;0;0;
32143;4537369;555343872;31830016;505409536;0;0;0;0;0;0;0;0;0;0;0;2404;0;0;0;0;0;0;
32144;2525857;555343872;31830016;505409536;0;0;0;0;0;0;0;0;0;0;0;2585;0;0;0;0;0;0;
32145;4402917;555343872;31830016;505409536;0;0;0;0;0;0;0;0;0;0;0;2385;0;0;0;0;0;0;
32146;2601669;555343872;31830016;505409536;0;0;0;0;0;0;0;0;0;0;0;2725;0;0;0;0;0;0;
32147;4436380;555343872;31830016;505409536;0;0;0;0;0;0;0;0;0;0;0;2535;0;0;0;0;0;0;
32148;2504798;555343872;31830016;505409536;0;0;0;0;0;0;0;0;0;0;0;3336;0;0;0;0;0;0;
32149;4482076;555343872;31830016;505409536;0;0;0;0;0;0;0;0;0;0;0;2986;0;0;0;0;0;0;
32150;2588164;555343872;31830016;505409536;0;0;0;0;0;0;0;0;0;0;0;2504;0;0;0;0;0;0;
32151;4495240;555343872;31830016;505409536;0;0;0;0;0;0;0;0;0;0;0;2455;0;0;0;0;0;0;
32152;2554661;555343872;31830016;505409536;0;0;0;0;0;0;0;0;0;0;0;2976;0;0;0;0;0;0;
32153;4531889;555343872;31830016;505409536;0;0;0;0;0;0;0;0;0;0;0;2354;0;0;0;0;0;0;
32154;2567145;555343872;31830016;505409536;0;0;0;0;0;0;0;0;0;0;0;2675;0;0;0;0;0;0;
32155;4680277;555343872;31830016;505409536;0;0;0;0;0;0;0;0;0;0;0;2485;0;0;0;0;0;0;
32156;2583755;555343872;31830016;505409536;0;0;0;0;0;0;0;0;0;0;0;2575;0;0;0;0;0;0;
32157;4425960;555343872;31830016;505409536;0;0;0;0;0;0;0;0;0;0;0;2544;0;0;0;0;0;0;
32158;2488907;555343872;31830016;505409536;0;0;0;0;0;0;0;0;0;0;0;2755;0;0;0;0;0;0;
32159;4549612;555343872;31838208;505417728;0;0;0;0;0;0;0;0;0;0;0;2695;0;0;0;0;0;0;
32160;2527981;555343872;31838208;505417728;0;0;0;0;0;0;0;0;0;0;0;2665;0;0;0;0;0;0;
32161;4299043;555343872;31838208;505417728;0;0;0;0;0;0;0;0;0;0;0;2255;0;0;0;0;0;0;
32162;2629772;555343872;31838208;505417728;0;0;0;0;0;0;0;0;0;0;0;2856;0;0;0;0;0;0;
32163;4649390;555343872;31838208;505417728;0;0;0;0;0;0;0;0;0;0;0;2595;0;0;0;0;0;0;
32164;2602972;555343872;31838208;505417728;0;0;0;0;0;0;0;0;0;0;0;3085;0;0;0;0;0;0;
32165;4360598;555343872;31838208;505417728;0;0;0;0;0;0;0;0;0;0;0;2335;0;0;0;0;0;0;
32166;2706605;555393024;31830016;505409536;0;0;0;0;0;0;0;0;0;0;0;2805;0;0;0;0;0;0;
32167;4642597;555393024;31830016;505409536;0;0;0;0;0;0;0;0;0;0;0;2525;0;0;0;0;0;0;
32168;2464392;555393024;31830016;505409536;0;0;0;0;0;0;0;0;0;0;0;2925;0;0;0;0;0;0;
32169;4450517;555393024;31830016;505409536;0;0;0;0;0;0;0;0;0;0;0;3056;0;0;0;0;0;0;
32170;2462989;555393024;31830016;505409536;0;0;0;0;0;0;0;0;0;0;0;2835;0;0;0;0;0;0;
32171;4436590;555393024;31830016;505409536;0;0;0;0;0;0;0;0;0;0;0;2555;0;0;0;0;0;0;
32172;2485902;555393024;31830016;505409536;0;0;0;0;0;0;0;0;0;0;0;2595;0;0;0;0;0;0;
32173;4396705;555393024;31830016;505409536;0;0;0;0;0;0;0;0;0;0;0;2515;0;0;0;0;0;0;
32174;2401233;555393024;31830016;505409536;0;0;0;0;0;0;0;0;0;0;0;2665;0;0;0;0;0;0;
32175;4547448;555393024;31830016;505409536;0;0;0;0;0;0;0;0;0;0;0;2635;0;0;0;0;0;0;
32176;2405441;555393024;31830016;505409536;0;0;0;0;0;0;0;0;0;0;0;2736;0;0;0;0;0;0;
32177;4302218;555393024;31830016;505409536;0;0;0;0;0;0;0;0;0;0;0;2124;0;0;0;0;0;0;
32178;2680637;555393024;31830016;505409536;0;0;0;0;0;0;0;0;0;0;0;2524;0;0;0;0;0;0;
32179;4467348;555393024;31830016;505409536;0;0;0;0;0;0;0;0;0;0;0;2605;0;0;0;0;0;0;
32180;2480371;555393024;31830016;505409536;0;0;0;0;0;0;0;0;0;0;0;2715;0;0;0;0;0;0;
32181;4304142;555393024;31830016;505409536;0;0;0;0;0;0;0;0;0;0;0;2334;0;0;0;0;0;0;
32182;2511800;555393024;31830016;505409536;0;0;0;0;0;0;0;0;0;0;0;2665;0;0;0;0;0;0;
32183;4433454;555393024;31830016;505409536;0;0;0;0;0;0;0;0;0;0;0;2655;0;0;0;0;0;0;
32184;2483317;555393024;31830016;505409536;0;0;0;0;0;0;0;0;0;0;0;3106;0;0;0;0;0;0;
32185;4415551;555393024;31830016;505409536;0;0;0;0;0;0;0;0;0;0;0;2234;0;0;0;0;0;0;
32186;2433133;555393024;31830016;505409536;0;0;0;0;0;0;0;0;0;0;0;2745;0;0;0;0;0;0;
32187;4497234;555393024;31830016;505409536;0;0;0;0;0;0;0;0;0;0;0;2494;0;0;0;0;0;0;
32188;2455635;555393024;31830016;505409536;0;0;0;0;0;0;0;0;0;0;0;2605;0;0;0;0;0;0;
32189;4385775;555393024;31830016;505409536;0;0;0;0;0;0;0;0;0;0;0;2484;0;0;0;0;0;0;
32190;2483297;555393024;31830016;505409536;0;0;0;0;0;0;0;0;0;0;0;2605;0;0;0;0;0;0;
32191;4542289;555393024;31830016;505409536;0;0;0;0;0;0;0;0;0;0;0;2524;0;0;0;0;0;0;
32192;2532028;555393024;31830016;505409536;0;0;0;0;0;0;0;0;0;0;0;2695;0;0;0;0;0;0;
32193;4437301;555393024;31830016;505409536;0;0;0;0;0;0;0;0;0;0;0;2204;0;0;0;0;0;0;
32194;2398038;555393024;31830016;505409536;0;0;0;0;0;0;0;0;0;0;0;2595;0;0;0;0;0;0;
32195;4443163;555393024;31830016;505409536;0;0;0;0;0;0;0;0;0;0;0;2615;0;0;0;0;0;0;
32196;2598773;555393024;31830016;505409536;0;0;0;0;0;0;0;0;0;0;0;2805;0;0;0;0;0;0;
32197;4261202;555393024;31830016;505409536;0;0;0;0;0;0;0;0;0;0;0;2345;0;0;0;0;0;0;
32198;2486723;555393024;31830016;505409536;0;0;0;0;0;0;0;0;0;0;0;2515;0;0;0;0;0;0;
32199;4435569;555393024;31830016;505409536;0;0;0;0;0;0;0;0;0;0;0;2364;0;0;0;0;0;0;
32200;2972585;555393024;31830016;505409536;0;0;0;0;0;0;0;0;0;0;0;3456;0;0;0;0;0;0;
32201;4593545;555393024;31830016;505409536;0;0;0;0;0;0;0;0;0;0;0;3256;0;0;0;0;0;0;
32202;3902279;555393024;31830016;505409536;0;0;0;0;0;0;0;0;0;0;0;3907;0;0;0;0;0;0;
32203;4634041;555393024;31830016;505409536;0;0;0;0;0;0;0;0;0;0;0;3327;0;0;0;0;0;0;
32204;3647240;555393024;31830016;505409536;0;0;0;0;0;0;0;0;0;0;0;4017;0;0;0;0;0;0;
32205;4697139;555393024;31830016;505409536;0;0;0;0;0;0;0;0;0;0;0;2966;0;0;0;0;0;0;
32206;3643914;555393024;31830016;505409536;0;0;0;0;0;0;0;0;0;0;0;4148;0;0;0;0;0;0;
32207;4698321;555393024;31830016;505409536;0;0;0;0;0;0;0;0;0;0;0;3356;0;0;0;0;0;0;
32208;3417529;555393024;31830016;505409536;0;0;0;0;0;0;0;0;0;0;0;3466;0;0;0;0;0;0;
32209;4591050;555393024;31830016;505409536;0;0;0;0;0;0;0;0;0;0;0;3426;0;0;0;0;0;0;
32210;3315037;555393024;31830016;505409536;0;0;0;0;0;0;0;0;0;0;0;3857;0;0;0;0;0;0;
32211;4676169;555393024;31830016;505409536;0;0;0;0;0;0;0;0;0;0;0;3417;0;0;0;0;0;0;
32212;3306772;555393024;31830016;505409536;0;0;0;0;0;0;0;0;0;0;0;3788;0;0;0;0;0;0;
32213;4672462;555393024;31830016;505409536;0;0;0;0;0;0;0;0;0;0;0;3486;0;0;0;0;0;0;
32214;3266296;555393024;31830016;505409536;0;0;0;0;0;0;0;0;0;0;0;3647;0;0;0;0;0;0;
32215;4755228;555393024;31830016;505409536;0;0;0;0;0;0;0;0;0;0;0;3206;0;0;0;0;0;0;
32216;3715918;555393024;31830016;505409536;0;0;0;0;0;0;0;0;0;0;0;3417;0;0;0;0;0;0;
32217;4741061;555393024;31830016;505409536;0;0;0;0;0;0;0;0;0;0;0;3767;0;0;0;0;0;0;
32218;3320277;555393024;31830016;505409536;0;0;0;0;0;0;0;0;0;0;0;2996;0;0;0;0;0;0;
32219;4725572;555393024;31830016;505409536;0;0;0;0;0;0;0;0;0;0;0;3096;0;0;0;0;0;0;
32220;3377304;555393024;31830016;505409536;0;0;0;0;0;0;0;0;0;0;0;3116;0;0;0;0;0;0;
32221;4774013;555393024;31830016;505409536;0;0;0;0;0;0;0;0;0;0;0;3136;0;0;0;0;0;0;
32222;3360082;555393024;31830016;505409536;0;0;0;0;0;0;0;0;0;0;0;3497;0;0;0;0;0;0;
32223;4707658;555393024;31830016;505409536;0;0;0;0;0;0;0;0;0;0;0;3136;0;0;0;0;0;0;
32224;3349171;555393024;31830016;505409536;0;0;0;0;0;0;0;0;0;0;0;3246;0;0;0;0;0;0;
32225;4662153;555393024;31830016;505409536;0;0;0;0;0;0;0;0;0;0;0;3116;0;0;0;0;0;0;
32226;3342268;555393024;31830016;505409536;0;0;0;0;0;0;0;0;0;0;0;3577;0;0;0;0;0;0;
32227;4653778;555393024;31830016;505409536;0;0;0;0;0;0;0;0;0;0;0;2836;0;0;0;0;0;0;
32228;3449409;555393024;31830016;505409536;0;0;0;0;0;0;0;0;0;0;0;3326;0;0;0;0;0;0;
32229;4777380;555393024;31830016;505409536;0;0;0;0;0;0;0;0;0;0;0;3798;0;0;0;0;0;0;
32230;3561439;555393024;31830016;505409536;0;0;0;0;0;0;0;0;0;0;0;3547;0;0;0;0;0;0;
32231;4726504;555393024;31830016;505409536;0;0;0;0;0;0;0;0;0;0;0;2665;0;0;0;0;0;0;
32232;3579012;555393024;31830016;505409536;0;0;0;0;0;0;0;0;0;0;0;3526;0;0;0;0;0;0;
32233;4756971;555393024;31830016;505409536;0;0;0;0;0;0;0;0;0;0;0;3257;0;0;0;0;0;0;
32234;3703075;555393024;31830016;505409536;0;0;0;0;0;0;0;0;0;0;0;3356;0;0;0;0;0;0;
32235;4706817;555393024;31830016;505409536;0;0;0;0;0;0;0;0;0;0;0;3366;0;0;0;0;0;0;
32236;3764410;555393024;31830016;505409536;0;0;0;0;0;0;0;0;0;0;0;3697;0;0;0;0;0;0;
32237;4631766;555393024;31830016;505409536;0;0;0;0;0;0;0;0;0;0;0;3356;0;0;0;0;0;0;
32238;3517066;555393024;31830016;505409536;0;0;0;0;0;0;0;0;0;0;0;3827;0;0;0;0;0;0;
32239;4682201;555393024;31830016;505409536;0;0;0;0;0;0;0;0;0;0;0;3226;0;0;0;0;0;0;
32240;3362145;555393024;31830016;505409536;0;0;0;0;0;0;0;0;0;0;0;3456;0;0;0;0;0;0;
32241;4638819;555393024;31830016;505409536;0;0;0;0;0;0;0;0;0;0;0;3166;0;0;0;0;0;0;
32242;3441504;555393024;31830016;505409536;0;0;0;0;0;0;0;0;0;0;0;3687;0;0;0;0;0;0;
32243;4693112;555393024;31830016;505409536;0;0;0;0;0;0;0;0;0;0;0;3056;0;0;0;0;0;0;
32244;3605051;555393024;31830016;505409536;0;0;0;0;0;0;0;0;0;0;0;3807;0;0;0;0;0;0;
32245;4699634;555393024;31830016;505409536;0;0;0;0;0;0;0;0;0;0;0;3145;0;0;0;0;0;0;
32246;3466030;555393024;31830016;505409536;0;0;0;0;0;0;0;0;0;0;0;3346;0;0;0;0;0;0;
32247;4662824;555393024;31830016;505409536;0;0;0;0;0;0;0;0;0;0;0;3116;0;0;0;0;0;0;
32248;3348510;555393024;31830016;505409536;0;0;0;0;0;0;0;0;0;0;0;3186;0;0;0;0;0;0;
32249;4587494;555393024;31830016;505409536;0;0;0;0;0;0;0;0;0;0;0;3236;0;0;0;0;0;0;
32250;3447195;555393024;31830016;505409536;0;0;0;0;0;0;0;0;0;0;0;3837;0;0;0;0;0;0;
32251;4623220;555393024;31830016;505409536;0;0;0;0;0;0;0;0;0;0;0;3236;0;0;0;0;0;0;
32252;3347919;555393024;31830016;505409536;0;0;0;0;0;0;0;0;0;0;0;3647;0;0;0;0;0;0;
32253;4775305;555393024;31830016;505409536;0;0;0;0;0;0;0;0;0;0;0;3246;0;0;0;0;0;0;
32254;3434771;555393024;31830016;505409536;0;0;0;0;0;0;0;0;0;0;0;3526;0;0;0;0;0;0;
32255;4749628;555393024;31830016;505409536;0;0;0;0;0;0;0;0;0;0;0;3206;0;0;0;0;0;0;
32256;2655911;555393024;31830016;505409536;0;0;0;0;0;0;0;0;0;0;0;2705;0;0;0;0;0;0;
32257;4427163;555393024;31830016;505409536;0;0;0;0;0;0;0;0;0;0;0;2435;0;0;0;0;0;0;
32258;2449824;555393024;31830016;505409536;0;0;0;0;0;0;0;0;0;0;0;2665;0;0;0;0;0;0;
32259;4344758;555393024;31830016;505409536;0;0;0;0;0;0;0;0;0;0;0;2324;0;0;0;0;0;0;
32260;2429146;555393024;31830016;505409536;0;0;0;0;0;0;0;0;0;0;0;2795;0;0;0;0;0;0;
32261;4395894;555393024;31830016;505409536;0;0;0;0;0;0;0;0;0;0;0;2615;0;0;0;0;0;0;
32262;2376036;555393024;31830016;505409536;0;0;0;0;0;0;0;0;0;0;0;3056;0;0;0;0;0;0;
32263;4543280;555393024;31830016;505409536;0;0;0;0;0;0;0;0;0;0;0;2685;0;0;0;0;0;0;
32264;2312807;555393024;31830016;505409536;0;0;0;0;0;0;0;0;0;0;0;2996;0;0;0;0;0;0;
32265;4399050;555393024;31830016;505409536;0;0;0;0;0;0;0;0;0;0;0;2585;0;0;0;0;0;0;
32266;2338495;555393024;31830016;505409536;0;0;0;0;0;0;0;0;0;0;0;3106;0;0;0;0;0;0;
32267;4584007;555393024;31830016;505409536;0;0;0;0;0;0;0;0;0;0;0;2675;0;0;0;0;0;0;
32268;2348946;555393024;31830016;505409536;0;0;0;0;0;0;0;0;0;0;0;2795;0;0;0;0;0;0;
32269;4372921;555393024;31830016;505409536;0;0;0;0;0;0;0;0;0;0;0;2354;0;0;0;0;0;0;
32270;2680567;555393024;31830016;505409536;0;0;0;0;0;0;0;0;0;0;0;2935;0;0;0;0;0;0;
32271;4362962;555393024;31830016;505409536;0;0;0;0;0;0;0;0;0;0;0;2574;0;0;0;0;0;0;
32272;2463440;555393024;31830016;505409536;0;0;0;0;0;0;0;0;0;0;0;2835;0;0;0;0;0;0;
32273;4369685;555393024;31830016;505409536;0;0;0;0;0;0;0;0;0;0;0;2394;0;0;0;0;0;0;
32274;2292049;555393024;31830016;505409536;0;0;0;0;0;0;0;0;0;0;0;3086;0;0;0;0;0;0;
32275;4454284;555393024;31830016;505409536;0;0;0;0;0;0;0;0;0;0;0;2394;0;0;0;0;0;0;
32276;2245822;555393024;31830016;505409536;0;0;0;0;0;0;0;0;0;0;0;2775;0;0;0;0;0;0;
32277;4393469;555393024;31830016;505409536;0;0;0;0;0;0;0;0;0;0;0;2425;0;0;0;0;0;0;
32278;2926248;555393024;31830016;505409536;0;0;0;0;0;0;0;0;0;0;0;2554;0;0;0;0;0;0;
32279;4458401;555393024;31830016;505409536;0;0;0;0;0;0;0;0;0;0;0;2264;0;0;0;0;0;0;
32280;2255240;555393024;31830016;505409536;0;0;0;0;0;0;0;0;0;0;0;2866;0;0;0;0;0;0;
32281;4353945;555393024;31830016;505409536;0;0;0;0;0;0;0;0;0;0;0;2474;0;0;0;0;0;0;
32282;2225644;555393024;31830016;505409536;0;0;0;0;0;0;0;0;0;0;0;2996;0;0;0;0;0;0;
32283;4442030;555393024;31830016;505409536;0;0;0;0;0;0;0;0;0;0;0;2916;0;0;0;0;0;0;
32284;2255660;555393024;31830016;505409536;0;0;0;0;0;0;0;0;0;0;0;2695;0;0;0;0;0;0;
32285;4361599;555393024;31830016;505409536;0;0;0;0;0;0;0;0;0;0;0;2755;0;0;0;0;0;0;
32286;2300975;555393024;31830016;505409536;0;0;0;0;0;0;0;0;0;0;0;3126;0;0;0;0;0;0;
32287;4479030;555393024;31830016;505409536;0;0;0;0;0;0;0;0;0;0;0;2584;0;0;0;0;0;0;
32288;2213581;555393024;31830016;505409536;0;0;0;0;0;0;0;0;0;0;0;2605;0;0;0;0;0;0;
32289;4352583;555393024;31830016;505409536;0;0;0;0;0;0;0;0;0;0;0;2254;0;0;0;0;0;0;
32290;2229030;555393024;31830016;505409536;0;0;0;0;0;0;0;0;0;0;0;2645;0;0;0;0;0;0;
32291;4311265;555393024;31830016;505409536;0;0;0;0;0;0;0;0;0;0;0;2936;0;0;0;0;0;0;
32292;2488577;555393024;31830016;505409536;0;0;0;0;0;0;0;0;0;0;0;2925;0;0;0;0;0;0;
32293;4313109;555393024;31830016;505409536;0;0;0;0;0;0;0;0;0;0;0;2695;0;0;0;0;0;0;
32294;2257032;555393024;31830016;505409536;0;0;0;0;0;0;0;0;0;0;0;2865;0;0;0;0;0;0;
32295;4372951;555393024;31830016;505409536;0;0;0;0;0;0;0;0;0;0;0;2525;0;0;0;0;0;0;
32296;2373091;555393024;31830016;505409536;0;0;0;0;0;0;0;0;0;0;0;2594;0;0;0;0;0;0;
32297;4334348;555393024;31830016;505409536;0;0;0;0;0;0;0;0;0;0;0;2514;0;0;0;0;0;0;
32298;2242686;555393024;31830016;505409536;0;0;0;0;0;0;0;0;0;0;0;2685;0;0;0;0;0;0;
32299;4464182;555393024;31830016;505409536;0;0;0;0;0;0;0;0;0;0;0;2886;0;0;0;0;0;0;
32300;2254207;555393024;31830016;505409536;0;0;0;0;0;0;0;0;0;0;0;2715;0;0;0;0;0;0;
32301;4380485;555393024;31830016;505409536;0;0;0;0;0;0;0;0;0;0;0;2134;0;0;0;0;0;0;
32302;2433644;555393024;31830016;505409536;0;0;0;0;0;0;0;0;0;0;0;2745;0;0;0;0;0;0;
32303;4389112;555393024;31830016;505409536;0;0;0;0;0;0;0;0;0;0;0;2474;0;0;0;0;0;0;
32304;2458491;555393024;31830016;505409536;0;0;0;0;0;0;0;0;0;0;0;3035;0;0;0;0;0;0;
32305;4473560;555393024;31830016;505409536;0;0;0;0;0;0;0;0;0;0;0;2445;0;0;0;0;0;0;
32306;2307588;555393024;31830016;505409536;0;0;0;0;0;0;0;0;0;0;0;3126;0;0;0;0;0;0;
32307;4546396;555393024;31830016;505409536;0;0;0;0;0;0;0;0;0;0;0;2524;0;0;0;0;0;0;
32308;2349587;555393024;31830016;505409536;0;0;0;0;0;0;0;0;0;0;0;2755;0;0;0;0;0;0;
32309;4310143;555393024;31830016;505409536;0;0;0;0;0;0;0;0;0;0;0;2525;0;0;0;0;0;0;
32310;2510879;555393024;31830016;505409536;0;0;0;0;0;0;0;0;0;0;0;2675;0;0;0;0;0;0;
32311;4536688;555393024;31830016;505409536;0;0;0;0;0;0;0;0;0;0;0;2274;0;0;0;0;0;0;
32312;2410330;555393024;31830016;505409536;0;0;0;0;0;0;0;0;0;0;0;2485;0;0;0;0;0;0;
32313;4366469;555393024;31830016;505409536;0;0;0;0;0;0;0;0;0;0;0;2294;0;0;0;0;0;0;
32314;2453732;555393024;31830016;505409536;0;0;0;0;0;0;0;0;0;0;0;2876;0;0;0;0;0;0;
32315;4427443;555393024;31830016;505409536;0;0;0;0;0;0;0;0;0;0;0;2475;0;0;0;0;0;0;
32316;3143235;555393024;31830016;505409536;0;0;0;0;0;0;0;0;0;0;0;3597;0;0;0;0;0;0;
32317;4700926;555393024;31830016;505409536;0;0;0;0;0;0;0;0;0;0;0;3307;0;0;0;0;0;0;
32318;4042081;555393024;31830016;505409536;0;0;0;0;0;0;0;0;0;0;0;3887;0;0;0;0;0;0;
32319;4694394;555393024;31830016;505409536;0;0;0;0;0;0;0;0;0;0;0;3747;0;0;0;0;0;0;
32320;3482240;555393024;31830016;505409536;0;0;0;0;0;0;0;0;0;0;0;3647;0;0;0;0;0;0;
32321;4652796;555393024;31830016;505409536;0;0;0;0;0;0;0;0;0;0;0;3086;0;0;0;0;0;0;
32322;3457364;555393024;31830016;505409536;0;0;0;0;0;0;0;0;0;0;0;4008;0;0;0;0;0;0;
32323;4718118;555393024;31830016;505409536;0;0;0;0;0;0;0;0;0;0;0;4137;0;0;0;0;0;0;
32324;3415765;555393024;31830016;505409536;0;0;0;0;0;0;0;0;0;0;0;3657;0;0;0;0;0;0;
32325;4754347;555393024;31830016;505409536;0;0;0;0;0;0;0;0;0;0;0;3206;0;0;0;0;0;0;
32326;3600903;555393024;31830016;505409536;0;0;0;0;0;0;0;0;0;0;0;3687;0;0;0;0;0;0;
32327;4669387;555393024;31830016;505409536;0;0;0;0;0;0;0;0;0;0;0;3376;0;0;0;0;0;0;
32328;3498391;555393024;31830016;505409536;0;0;0;0;0;0;0;0;0;0;0;3476;0;0;0;0;0;0;
32329;4640703;555393024;31830016;505409536;0;0;0;0;0;0;0;0;0;0;0;3296;0;0;0;0;0;0;
32330;3449930;555393024;31830016;505409536;0;0;0;0;0;0;0;0;0;0;0;3817;0;0;0;0;0;0;
32331;4871526;555393024;31830016;505409536;0;0;0;0;0;0;0;0;0;0;0;3387;0;0;0;0;0;0;
32332;3103671;555393024;31830016;505409536;0;0;0;0;0;0;0;0;0;0;0;2755;0;0;0;0;0;0;
32333;4432081;555393024;31830016;505409536;0;0;0;0;0;0;0;0;0;0;0;2314;0;0;0;0;0;0;
32334;2468600;555393024;31830016;505409536;0;0;0;0;0;0;0;0;0;0;0;2605;0;0;0;0;0;0;
32335;4417104;555393024;31830016;505409536;0;0;0;0;0;0;0;0;0;0;0;2725;0;0;0;0;0;0;
32336;2407425;555393024;31830016;505409536;0;0;0;0;0;0;0;0;0;0;0;2345;0;0;0;0;0;0;
32337;4416072;555393024;31830016;505409536;0;0;0;0;0;0;0;0;0;0;0;2484;0;0;0;0;0;0;
32338;2463741;555393024;31830016;505409536;0;0;0;0;0;0;0;0;0;0;0;2886;0;0;0;0;0;0;
32339;4493928;555393024;31830016;505409536;0;0;0;0;0;0;0;0;0;0;0;2425;0;0;0;0;0;0;
32340;2216567;555393024;31830016;505409536;0;0;0;0;0;0;0;0;0;0;0;2835;0;0;0;0;0;0;
32341;4617028;555393024;31830016;505409536;0;0;0;0;0;0;0;0;0;0;0;2645;0;0;0;0;0;0;
32342;2546837;555393024;31830016;505409536;0;0;0;0;0;0;0;0;0;0;0;2816;0;0;0;0;0;0;
32343;4545424;555393024;31830016;505409536;0;0;0;0;0;0;0;0;0;0;0;2615;0;0;0;0;0;0;
32344;2469812;555393024;31830016;505409536;0;0;0;0;0;0;0;0;0;0;0;2736;0;0;0;0;0;0;
32345;4349407;555393024;31830016;505409536;0;0;0;0;0;0;0;0;0;0;0;2184;0;0;0;0;0;0;
32346;2373091;555393024;31830016;505409536;0;0;0;0;0;0;0;0;0;0;0;3005;0;0;0;0;0;0;
32347;4371358;555393024;31830016;505409536;0;0;0;0;0;0;0;0;0;0;0;2715;0;0;0;0;0;0;
32348;2318207;555393024;31830016;505409536;0;0;0;0;0;0;0;0;0;0;0;2966;0;0;0;0;0;0;
32349;4321134;555393024;31830016;505409536;0;0;0;0;0;0;0;0;0;0;0;2285;0;0;0;0;0;0;
32350;2313779;555393024;31830016;505409536;0;0;0;0;0;0;0;0;0;0;0;3146;0;0;0;0;0;0;
32351;4413718;555393024;31830016;505409536;0;0;0;0;0;0;0;0;0;0;0;2345;0;0;0;0;0;0;
32352;2250691;555393024;31830016;505409536;0;0;0;0;0;0;0;0;0;0;0;2625;0;0;0;0;0;0;
32353;4483358;555393024;31830016;505409536;0;0;0;0;0;0;0;0;0;0;0;2585;0;0;0;0;0;0;
32354;2238999;555393024;31830016;505409536;0;0;0;0;0;0;0;0;0;0;0;2525;0;0;0;0;0;0;
32355;4591270;555393024;31830016;505409536;0;0;0;0;0;0;0;0;0;0;0;2855;0;0;0;0;0;0;
32356;2427703;555393024;31830016;505409536;0;0;0;0;0;0;0;0;0;0;0;2766;0;0;0;0;0;0;
32357;4437472;555393024;31830016;505409536;0;0;0;0;0;0;0;0;0;0;0;2334;0;0;0;0;0;0;
32358;2388489;555393024;31830016;505409536;0;0;0;0;0;0;0;0;0;0;0;3146;0;0;0;0;0;0;
32359;4390835;555393024;31830016;505409536;0;0;0;0;0;0;0;0;0;0;0;2385;0;0;0;0;0;0;
32360;2250240;555393024;31830016;505409536;0;0;0;0;0;0;0;0;0;0;0;2946;0;0;0;0;0;0;
32361;4594056;555393024;31830016;505409536;0;0;0;0;0;0;0;0;0;0;0;2495;0;0;0;0;0;0;
32362;2364755;555393024;31830016;505409536;0;0;0;0;0;0;0;0;0;0;0;2885;0;0;0;0;0;0;
32363;4441840;555393024;31830016;505409536;0;0;0;0;0;0;0;0;0;0;0;2335;0;0;0;0;0;0;
32364;2214103;555393024;31830016;505409536;0;0;0;0;0;0;0;0;0;0;0;2705;0;0;0;0;0;0;
32365;4473579;555393024;31830016;505409536;0;0;0;0;0;0;0;0;0;0;0;2325;0;0;0;0;0;0;
32366;2328998;555393024;31830016;505409536;0;0;0;0;0;0;0;0;0;0;0;2725;0;0;0;0;0;0;
32367;4377710;555393024;31830016;505409536;0;0;0;0;0;0;0;0;0;0;0;2464;0;0;0;0;0;0;
32368;2651793;555393024;31830016;505409536;0;0;0;0;0;0;0;0;0;0;0;2826;0;0;0;0;0;0;
32369;4427954;555393024;31830016;505409536;0;0;0;0;0;0;0;0;0;0;0;2765;0;0;0;0;0;0;
32370;2373030;555393024;31830016;505409536;0;0;0;0;0;0;0;0;0;0;0;2845;0;0;0;0;0;0;
32371;4484350;555393024;31830016;505409536;0;0;0;0;0;0;0;0;0;0;0;2354;0;0;0;0;0;0;
32372;2370796;555393024;31830016;505409536;0;0;0;0;0;0;0;0;0;0;0;2755;0;0;0;0;0;0;
32373;4296918;555393024;31830016;505409536;0;0;0;0;0;0;0;0;0;0;0;2745;0;0;0;0;0;0;
32374;2393338;555393024;31830016;505409536;0;0;0;0;0;0;0;0;0;0;0;2444;0;0;0;0;0;0;
32375;4363994;555393024;31830016;505409536;0;0;0;0;0;0;0;0;0;0;0;2254;0;0;0;0;0;0;
32376;2267863;555393024;31830016;505409536;0;0;0;0;0;0;0;0;0;0;0;2665;0;0;0;0;0;0;
32377;4605126;555393024;31830016;505409536;0;0;0;0;0;0;0;0;0;0;0;2374;0;0;0;0;0;0;
32378;2411552;555393024;31830016;505409536;0;0;0;0;0;0;0;0;0;0;0;2655;0;0;0;0;0;0;
32379;4389342;555393024;31830016;505409536;0;0;0;0;0;0;0;0;0;0;0;8095;0;0;0;0;0;0;
32380;2287820;555393024;31830016;505409536;0;0;0;0;0;0;0;0;0;0;0;2725;0;0;0;0;0;0;
32381;4591461;555393024;31830016;505409536;0;0;0;0;0;0;0;0;0;0;0;2325;0;0;0;0;0;0;
32382;2401885;555393024;31830016;505409536;0;0;0;0;0;0;0;0;0;0;0;2715;0;0;0;0;0;0;
32383;4431471;555393024;31830016;505409536;0;0;0;0;0;0;0;0;0;0;0;2334;0;0;0;0;0;0;
32384;2280888;555393024;31830016;505409536;0;0;0;0;0;0;0;0;0;0;0;2685;0;0;0;0;0;0;
32385;4406043;555393024;31830016;505409536;0;0;0;0;0;0;0;0;0;0;0;2294;0;0;0;0;0;0;
32386;2380515;555393024;31830016;505409536;0;0;0;0;0;0;0;0;0;0;0;2765;0;0;0;0;0;0;
32387;4355057;555393024;31830016;505409536;0;0;0;0;0;0;0;0;0;0;0;2615;0;0;0;0;0;0;
32388;2260599;555393024;31830016;505409536;0;0;0;0;0;0;0;0;0;0;0;2645;0;0;0;0;0;0;
32389;4407656;555393024;31830016;505409536;0;0;0;0;0;0;0;0;0;0;0;2244;0;0;0;0;0;0;
32390;2461447;555393024;31830016;505409536;0;0;0;0;0;0;0;0;0;0;0;2595;0;0;0;0;0;0;
32391;4467188;555393024;31830016;505409536;0;0;0;0;0;0;0;0;0;0;0;2514;0;0;0;0;0;0;
32392;2346841;555393024;31830016;505409536;0;0;0;0;0;0;0;0;0;0;0;2746;0;0;0;0;0;0;
32393;4355298;555393024;31830016;505409536;0;0;0;0;0;0;0;0;0;0;0;2124;0;0;0;0;0;0;
32394;2431259;555393024;31830016;505409536;0;0;0;0;0;0;0;0;0;0;0;2665;0;0;0;0;0;0;
32395;4369605;555393024;31830016;505409536;0;0;0;0;0;0;0;0;0;0;0;2846;0;0;0;0;0;0;
32396;2352923;555393024;31830016;505409536;0;0;0;0;0;0;0;0;0;0;0;2544;0;0;0;0;0;0;
32397;4458972;555393024;31830016;505409536;0;0;0;0;0;0;0;0;0;0;0;2304;0;0;0;0;0;0;
32398;2905388;555393024;31830016;505409536;0;0;0;0;0;0;0;0;0;0;0;3196;0;0;0;0;0;0;
32399;7414885;555393024;31830016;505409536;0;0;0;0;0;0;0;0;0;0;0;2535;0;0;0;0;0;0;
32400;8512775;555393024;31830016;505409536;0;0;0;0;0;0;0;0;0;0;0;2765;0;0;0;0;0;0;
32401;4509237;555393024;31830016;505409536;0;0;0;0;0;0;0;0;0;0;0;2385;0;0;0;0;0;0;
32402;2342062;555393024;31830016;505409536;0;0;0;0;0;0;0;0;0;0;0;3016;0;0;0;0;0;0;
32403;4386526;555393024;31830016;505409536;0;0;0;0;0;0;0;0;0;0;0;2745;0;0;0;0;0;0;
32404;2352461;555393024;31830016;505409536;0;0;0;0;0;0;0;0;0;0;0;2765;0;0;0;0;0;0;
32405;4364635;555393024;31830016;505409536;0;0;0;0;0;0;0;0;0;0;0;2254;0;0;0;0;0;0;
32406;2364033;555393024;31830016;505409536;0;0;0;0;0;0;0;0;0;0;0;2565;0;0;0;0;0;0;
32407;4395543;555393024;31830016;505409536;0;0;0;0;0;0;0;0;0;0;0;2355;0;0;0;0;0;0;
32408;2453271;555393024;31830016;505409536;0;0;0;0;0;0;0;0;0;0;0;3005;0;0;0;0;0;0;
32409;4357101;555393024;31830016;505409536;0;0;0;0;0;0;0;0;0;0;0;2485;0;0;0;0;0;0;
32410;2380023;555393024;31830016;505409536;0;0;0;0;0;0;0;0;0;0;0;2965;0;0;0;0;0;0;
32411;4356390;555393024;31830016;505409536;0;0;0;0;0;0;0;0;0;0;0;2475;0;0;0;0;0;0;
32412;2389872;555393024;31830016;505409536;0;0;0;0;0;0;0;0;0;0;0;2665;0;0;0;0;0;0;
32413;4426732;555393024;31830016;505409536;0;0;0;0;0;0;0;0;0;0;0;2475;0;0;0;0;0;0;
32414;2337924;555393024;31830016;505409536;0;0;0;0;0;0;0;0;0;0;0;2795;0;0;0;0;0;0;
32415;4420580;555393024;31830016;505409536;0;0;0;0;0;0;0;0;0;0;0;2635;0;0;0;0;0;0;
32416;2279365;555393024;31830016;505409536;0;0;0;0;0;0;0;0;0;0;0;2605;0;0;0;0;0;0;
32417;4346000;555393024;31830016;505409536;0;0;0;0;0;0;0;0;0;0;0;2545;0;0;0;0;0;0;
32418;2291938;555393024;31830016;505409536;0;0;0;0;0;0;0;0;0;0;0;2564;0;0;0;0;0;0;
32419;4438383;555393024;31830016;505409536;0;0;0;0;0;0;0;0;0;0;0;2625;0;0;0;0;0;0;
32420;2643618;555393024;31830016;505409536;0;0;0;0;0;0;0;0;0;0;0;4117;0;0;0;0;0;0;
32421;4687722;555393024;31830016;505409536;0;0;0;0;0;0;0;0;0;0;0;3626;0;0;0;0;0;0;
32422;2835407;555393024;31830016;505409536;0;0;0;0;0;0;0;0;0;0;0;2885;0;0;0;0;0;0;
32423;4392257;555393024;31830016;505409536;0;0;0;0;0;0;0;0;0;0;0;2434;0;0;0;0;0;0;
32424;2786526;555393024;31830016;505409536;0;0;0;0;0;0;0;0;0;0;0;3387;0;0;0;0;0;0;
32425;4433665;555393024;31830016;505409536;0;0;0;0;0;0;0;0;0;0;0;2665;0;0;0;0;0;0;
32426;2336171;555393024;31830016;505409536;0;0;0;0;0;0;0;0;0;0;0;2825;0;0;0;0;0;0;
32427;4481605;555393024;31830016;505409536;0;0;0;0;0;0;0;0;0;0;0;3306;0;0;0;0;0;0;
32428;2300995;555393024;31830016;505409536;0;0;0;0;0;0;0;0;0;0;0;2615;0;0;0;0;0;0;
32429;4504728;555393024;31830016;505409536;0;0;0;0;0;0;0;0;0;0;0;2404;0;0;0;0;0;0;
32430;2466376;555393024;31830016;505409536;0;0;0;0;0;0;0;0;0;0;0;2735;0;0;0;0;0;0;
32431;4522742;555393024;31830016;505409536;0;0;0;0;0;0;0;0;0;0;0;2415;0;0;0;0;0;0;
32432;2349496;555393024;31830016;505409536;0;0;0;0;0;0;0;0;0;0;0;2505;0;0;0;0;0;0;
32433;4361670;555393024;31830016;505409536;0;0;0;0;0;0;0;0;0;0;0;2524;0;0;0;0;0;0;
32434;2435328;555393024;31830016;505409536;0;0;0;0;0;0;0;0;0;0;0;2976;0;0;0;0;0;0;
32435;4437863;555393024;31830016;505409536;0;0;0;0;0;0;0;0;0;0;0;2505;0;0;0;0;0;0;
32436;2430849;555393024;31830016;505409536;0;0;0;0;0;0;0;0;0;0;0;3016;0;0;0;0;0;0;
32437;4507633;555393024;31830016;505409536;0;0;0;0;0;0;0;0;0;0;0;2355;0;0;0;0;0;0;
32438;2536728;555393024;31830016;505409536;0;0;0;0;0;0;0;0;0;0;0;2756;0;0;0;0;0;0;
32439;4510740;555393024;31830016;505409536;0;0;0;0;0;0;0;0;0;0;0;2344;0;0;0;0;0;0;
32440;2314751;555393024;31830016;505409536;0;0;0;0;0;0;0;0;0;0;0;2805;0;0;0;0;0;0;
32441;4376878;555393024;31830016;505409536;0;0;0;0;0;0;0;0;0;0;0;2725;0;0;0;0;0;0;
32442;2476614;555393024;31830016;505409536;0;0;0;0;0;0;0;0;0;0;0;3136;0;0;0;0;0;0;
32443;4359065;555393024;31830016;505409536;0;0;0;0;0;0;0;0;0;0;0;2384;0;0;0;0;0;0;
32444;2399701;555393024;31830016;505409536;0;0;0;0;0;0;0;0;0;0;0;2585;0;0;0;0;0;0;
32445;4476164;555393024;31830016;505409536;0;0;0;0;0;0;0;0;0;0;0;2305;0;0;0;0;0;0;
32446;2427011;555393024;31830016;505409536;0;0;0;0;0;0;0;0;0;0;0;2525;0;0;0;0;0;0;
32447;4427113;555393024;31830016;505409536;0;0;0;0;0;0;0;0;0;0;0;2634;0;0;0;0;0;0;
32448;2255029;555393024;31830016;505409536;0;0;0;0;0;0;0;0;0;0;0;2565;0;0;0;0;0;0;
32449;4474111;555393024;31830016;505409536;0;0;0;0;0;0;0;0;0;0;0;2334;0;0;0;0;0;0;
32450;2248627;555393024;31830016;505409536;0;0;0;0;0;0;0;0;0;0;0;2525;0;0;0;0;0;0;
32451;4346782;555393024;31830016;505409536;0;0;0;0;0;0;0;0;0;0;0;2585;0;0;0;0;0;0;
32452;2607470;555393024;31830016;505409536;0;0;0;0;0;0;0;0;0;0;0;2575;0;0;0;0;0;0;
32453;4325422;555393024;31830016;505409536;0;0;0;0;0;0;0;0;0;0;0;2645;0;0;0;0;0;0;
32454;2513474;555393024;31830016;505409536;0;0;0;0;0;0;0;0;0;0;0;2916;0;0;0;0;0;0;
32455;4346902;555393024;31830016;505409536;0;0;0;0;0;0;0;0;0;0;0;2615;0;0;0;0;0;0;
32456;2224031;555393024;31830016;505409536;0;0;0;0;0;0;0;0;0;0;0;2755;0;0;0;0;0;0;
32457;4381677;555393024;31830016;505409536;0;0;0;0;0;0;0;0;0;0;0;2916;0;0;0;0;0;0;
32458;2279435;555393024;31830016;505409536;0;0;0;0;0;0;0;0;0;0;0;2515;0;0;0;0;0;0;
32459;4435027;555393024;31830016;505409536;0;0;0;0;0;0;0;0;0;0;0;2465;0;0;0;0;0;0;
32460;2267212;555393024;31830016;505409536;0;0;0;0;0;0;0;0;0;0;0;2475;0;0;0;0;0;0;
32461;4306336;555393024;31830016;505409536;0;0;0;0;0;0;0;0;0;0;0;2575;0;0;0;0;0;0;
32462;2755437;555393024;31830016;505409536;0;0;0;0;0;0;0;0;0;0;0;3336;0;0;0;0;0;0;
32463;4712538;555393024;31830016;505409536;0;0;0;0;0;0;0;0;0;0;0;3296;0;0;0;0;0;0;
32464;3485797;555393024;31830016;505409536;0;0;0;0;0;0;0;0;0;0;0;3446;0;0;0;0;0;0;
32465;4581953;555393024;31830016;505409536;0;0;0;0;0;0;0;0;0;0;0;3346;0;0;0;0;0;0;
32466;3443287;555393024;31830016;505409536;0;0;0;0;0;0;0;0;0;0;0;3617;0;0;0;0;0;0;
32467;4718709;555393024;31830016;505409536;0;0;0;0;0;0;0;0;0;0;0;3406;0;0;0;0;0;0;
32468;3808652;555393024;31830016;505409536;0;0;0;0;0;0;0;0;0;0;0;3937;0;0;0;0;0;0;
32469;4663285;555393024;31830016;505409536;0;0;0;0;0;0;0;0;0;0;0;3717;0;0;0;0;0;0;
32470;3557442;555393024;31830016;505409536;0;0;0;0;0;0;0;0;0;0;0;3447;0;0;0;0;0;0;
32471;4722577;555393024;31830016;505409536;0;0;0;0;0;0;0;0;0;0;0;3136;0;0;0;0;0;0;
32472;3603768;555393024;31830016;505409536;0;0;0;0;0;0;0;0;0;0;0;3406;0;0;0;0;0;0;
32473;4647545;555393024;31830016;505409536;0;0;0;0;0;0;0;0;0;0;0;3136;0;0;0;0;0;0;
32474;3475268;555393024;31830016;505409536;0;0;0;0;0;0;0;0;0;0;0;3536;0;0;0;0;0;0;
32475;4619012;555393024;31830016;505409536;0;0;0;0;0;0;0;0;0;0;0;3636;0;0;0;0;0;0;
32476;3549948;555393024;31830016;505409536;0;0;0;0;0;0;0;0;0;0;0;4539;0;0;0;0;0;0;
32477;4682852;555393024;31830016;505409536;0;0;0;0;0;0;0;0;0;0;0;3327;0;0;0;0;0;0;
32478;3932004;555393024;31830016;505409536;0;0;0;0;0;0;0;0;0;0;0;3587;0;0;0;0;0;0;
32479;4660640;555393024;31830016;505409536;0;0;0;0;0;0;0;0;0;0;0;3586;0;0;0;0;0;0;
32480;3423540;555393024;31830016;505409536;0;0;0;0;0;0;0;0;0;0;0;3487;0;0;0;0;0;0;
32481;4692901;555393024;31830016;505409536;0;0;0;0;0;0;0;0;0;0;0;3236;0;0;0;0;0;0;
32482;3421156;555393024;31830016;505409536;0;0;0;0;0;0;0;0;0;0;0;3437;0;0;0;0;0;0;
32483;4746181;555393024;31830016;505409536;0;0;0;0;0;0;0;0;0;0;0;3206;0;0;0;0;0;0;
32484;3416197;555393024;31830016;505409536;0;0;0;0;0;0;0;0;0;0;0;3406;0;0;0;0;0;0;
32485;4688413;555393024;31830016;505409536;0;0;0;0;0;0;0;0;0;0;0;3557;0;0;0;0;0;0;
32486;3463615;555393024;31830016;505409536;0;0;0;0;0;0;0;0;0;0;0;3466;0;0;0;0;0;0;
32487;4737064;555393024;31830016;505409536;0;0;0;0;0;0;0;0;0;0;0;3457;0;0;0;0;0;0;
32488;3460630;555393024;31830016;505409536;0;0;0;0;0;0;0;0;0;0;0;3547;0;0;0;0;0;0;
32489;4639100;555393024;31830016;505409536;0;0;0;0;0;0;0;0;0;0;0;3616;0;0;0;0;0;0;
32490;3428460;555393024;31830016;505409536;0;0;0;0;0;0;0;0;0;0;0;3447;0;0;0;0;0;0;
32491;4711586;555393024;31830016;505409536;0;0;0;0;0;0;0;0;0;0;0;3336;0;0;0;0;0;0;
32492;3340895;555393024;31830016;505409536;0;0;0;0;0;0;0;0;0;0;0;3357;0;0;0;0;0;0;
32493;4659738;555393024;31830016;505409536;0;0;0;0;0;0;0;0;0;0;0;3687;0;0;0;0;0;0;
32494;3379658;555393024;31830016;505409536;0;0;0;0;0;0;0;0;0;0;0;3517;0;0;0;0;0;0;
32495;4618571;555393024;31830016;505409536;0;0;0;0;0;0;0;0;0;0;0;3507;0;0;0;0;0;0;
32496;3429973;555393024;31830016;505409536;0;0;0;0;0;0;0;0;0;0;0;3747;0;0;0;0;0;0;
32497;4551275;555393024;31830016;505409536;0;0;0;0;0;0;0;0;0;0;0;3316;0;0;0;0;0;0;
32498;3382193;555393024;31830016;505409536;0;0;0;0;0;0;0;0;0;0;0;3467;0;0;0;0;0;0;
32499;4678143;555393024;31830016;505409536;0;0;0;0;0;0;0;0;0;0;0;3256;0;0;0;0;0;0;
32500;3415676;555393024;31830016;505409536;0;0;0;0;0;0;0;0;0;0;0;3967;0;0;0;0;0;0;
32501;4676651;555393024;31830016;505409536;0;0;0;0;0;0;0;0;0;0;0;3216;0;0;0;0;0;0;
32502;3461813;555393024;31830016;505409536;0;0;0;0;0;0;0;0;0;0;0;3476;0;0;0;0;0;0;
32503;4741182;555393024;31830016;505409536;0;0;0;0;0;0;0;0;0;0;0;3487;0;0;0;0;0;0;
32504;3380600;555393024;31830016;505409536;0;0;0;0;0;0;0;0;0;0;0;3838;0;0;0;0;0;0;
32505;4856928;555393024;31830016;505409536;0;0;0;0;0;0;0;0;0;0;0;3176;0;0;0;0;0;0;
32506;3898752;555393024;31830016;505409536;0;0;0;0;0;0;0;0;0;0;0;3787;0;0;0;0;0;0;
32507;4650462;555393024;31830016;505409536;0;0;0;0;0;0;0;0;0;0;0;3456;0;0;0;0;0;0;
32508;3426827;555393024;31830016;505409536;0;0;0;0;0;0;0;0;0;0;0;3266;0;0;0;0;0;0;
32509;4609946;555393024;31830016;505409536;0;0;0;0;0;0;0;0;0;0;0;3306;0;0;0;0;0;0;
32510;3464407;555393024;31830016;505409536;0;0;0;0;0;0;0;0;0;0;0;4037;0;0;0;0;0;0;
32511;4640813;555393024;31830016;505409536;0;0;0;0;0;0;0;0;0;0;0;3566;0;0;0;0;0;0;
32512;3542243;555393024;31830016;505409536;0;0;0;0;0;0;0;0;0;0;0;3557;0;0;0;0;0;0;
32513;4676751;555393024;31830016;505409536;0;0;0;0;0;0;0;0;0;0;0;3176;0;0;0;0;0;0;
32514;3794046;555393024;31830016;505409536;0;0;0;0;0;0;0;0;0;0;0;15660;0;0;0;0;0;0;
32515;4672543;555393024;31830016;505409536;0;0;0;0;0;0;0;0;0;0;0;3056;0;0;0;0;0;0;
32516;3407731;555393024;31830016;505409536;0;0;0;0;0;0;0;0;0;0;0;3256;0;0;0;0;0;0;
32517;4620676;555393024;31830016;505409536;0;0;0;0;0;0;0;0;0;0;0;3046;0;0;0;0;0;0;
32518;3452285;555393024;31830016;505409536;0;0;0;0;0;0;0;0;0;0;0;2955;0;0;0;0;0;0;
32519;4478389;555393024;31830016;505409536;0;0;0;0;0;0;0;0;0;0;0;2474;0;0;0;0;0;0;
32520;2526308;555393024;31830016;505409536;0;0;0;0;0;0;0;0;0;0;0;2445;0;0;0;0;0;0;
32521;4383902;555393024;31830016;505409536;0;0;0;0;0;0;0;0;0;0;0;2655;0;0;0;0;0;0;
32522;2730481;555393024;31830016;505409536;0;0;0;0;0;0;0;0;0;0;0;2625;0;0;0;0;0;0;
32523;4430559;555393024;31830016;505409536;0;0;0;0;0;0;0;0;0;0;0;2655;0;0;0;0;0;0;
32524;2282751;555393024;31830016;505409536;0;0;0;0;0;0;0;0;0;0;0;2865;0;0;0;0;0;0;
32525;4396014;555393024;31830016;505409536;0;0;0;0;0;0;0;0;0;0;0;2384;0;0;0;0;0;0;
32526;2345228;555393024;31830016;505409536;0;0;0;0;0;0;0;0;0;0;0;2685;0;0;0;0;0;0;
32527;4495320;555393024;31830016;505409536;0;0;0;0;0;0;0;0;0;0;0;2605;0;0;0;0;0;0;
32528;2279875;555393024;31830016;505409536;0;0;0;0;0;0;0;0;0;0;0;2866;0;0;0;0;0;0;
32529;4450246;555393024;31830016;505409536;0;0;0;0;0;0;0;0;0;0;0;2545;0;0;0;0;0;0;
32530;2261360;555393024;31830016;505409536;0;0;0;0;0;0;0;0;0;0;0;2836;0;0;0;0;0;0;
32531;4421642;555393024;31830016;505409536;0;0;0;0;0;0;0;0;0;0;0;2595;0;0;0;0;0;0;
32532;2350739;555393024;31830016;505409536;0;0;0;0;0;0;0;0;0;0;0;3086;0;0;0;0;0;0;
32533;4451738;555393024;31830016;505409536;0;0;0;0;0;0;0;0;0;0;0;2805;0;0;0;0;0;0;
32534;2432512;555393024;31830016;505409536;0;0;0;0;0;0;0;0;0;0;0;2795;0;0;0;0;0;0;
32535;4442311;555393024;31830016;505409536;0;0;0;0;0;0;0;0;0;0;0;2675;0;0;0;0;0;0;
32536;2280437;555393024;31830016;505409536;0;0;0;0;0;0;0;0;0;0;0;3056;0;0;0;0;0;0;
32537;4381628;555393024;31830016;505409536;0;0;0;0;0;0;0;0;0;0;0;2705;0;0;0;0;0;0;
32538;2289264;555393024;31830016;505409536;0;0;0;0;0;0;0;0;0;0;0;2685;0;0;0;0;0;0;
32539;4413297;555393024;31830016;505409536;0;0;0;0;0;0;0;0;0;0;0;2865;0;0;0;0;0;0;
32540;2319650;555393024;31830016;505409536;0;0;0;0;0;0;0;0;0;0;0;2555;0;0;0;0;0;0;
32541;4378531;555393024;31830016;505409536;0;0;0;0;0;0;0;0;0;0;0;2335;0;0;0;0;0;0;
32542;2379132;555393024;31830016;505409536;0;0;0;0;0;0;0;0;0;0;0;2965;0;0;0;0;0;0;
32543;4418817;555393024;31830016;505409536;0;0;0;0;0;0;0;0;0;0;0;2384;0;0;0;0;0;0;
32544;2271119;555393024;31830016;505409536;0;0;0;0;0;0;0;0;0;0;0;2906;0;0;0;0;0;0;
32545;4409570;555393024;31830016;505409536;0;0;0;0;0;0;0;0;0;0;0;2304;0;0;0;0;0;0;
32546;2402406;555393024;31830016;505409536;0;0;0;0;0;0;0;0;0;0;0;2935;0;0;0;0;0;0;
32547;4517582;555393024;31830016;505409536;0;0;0;0;0;0;0;0;0;0;0;2605;0;0;0;0;0;0;
32548;2459161;555393024;31830016;505409536;0;0;0;0;0;0;0;0;0;0;0;2956;0;0;0;0;0;0;
32549;4379533;555393024;31830016;505409536;0;0;0;0;0;0;0;0;0;0;0;2665;0;0;0;0;0;0;
32550;2301896;555393024;31830016;505409536;0;0;0;0;0;0;0;0;0;0;0;3096;0;0;0;0;0;0;
32551;4454764;555393024;31830016;505409536;0;0;0;0;0;0;0;0;0;0;0;2164;0;0;0;0;0;0;
32552;2220775;555393024;31830016;505409536;0;0;0;0;0;0;0;0;0;0;0;2665;0;0;0;0;0;0;
32553;4385204;555393024;31830016;505409536;0;0;0;0;0;0;0;0;0;0;0;2574;0;0;0;0;0;0;
32554;2279695;555393024;31830016;505409536;0;0;0;0;0;0;0;0;0;0;0;2655;0;0;0;0;0;0;
32555;4576132;555393024;31830016;505409536;0;0;0;0;0;0;0;0;0;0;0;2865;0;0;0;0;0;0;
32556;3034220;555393024;31830016;505409536;0;0;0;0;0;0;0;0;0;0;0;3667;0;0;0;0;0;0;
32557;4660500;555393024;31830016;505409536;0;0;0;0;0;0;0;0;0;0;0;4007;0;0;0;0;0;0;
32558;3392071;555393024;31830016;505409536;0;0;0;0;0;0;0;0;0;0;0;3417;0;0;0;0;0;0;
32559;4685657;555393024;31830016;505409536;0;0;0;0;0;0;0;0;0;0;0;3236;0;0;0;0;0;0;
32560;3375210;555393024;31830016;505409536;0;0;0;0;0;0;0;0;0;0;0;3467;0;0;0;0;0;0;
32561;4641795;555393024;31830016;505409536;0;0;0;0;0;0;0;0;0;0;0;3276;0;0;0;0;0;0;
32562;3440472;555393024;31830016;505409536;0;0;0;0;0;0;0;0;0;0;0;3767;0;0;0;0;0;0;
32563;4775005;555393024;31830016;505409536;0;0;0;0;0;0;0;0;0;0;0;3376;0;0;0;0;0;0;
32564;3373888;555393024;31830016;505409536;0;0;0;0;0;0;0;0;0;0;0;3596;0;0;0;0;0;0;
32565;4867238;555393024;31830016;505409536;0;0;0;0;0;0;0;0;0;0;0;3616;0;0;0;0;0;0;
32566;2318829;555393024;31830016;505409536;0;0;0;0;0;0;0;0;0;0;0;2795;0;0;0;0;0;0;
32567;4347844;555393024;31830016;505409536;0;0;0;0;0;0;0;0;0;0;0;2284;0;0;0;0;0;0;
32568;2348574;555393024;31830016;505409536;0;0;0;0;0;0;0;0;0;0;0;2675;0;0;0;0;0;0;
32569;4387708;555393024;31830016;505409536;0;0;0;0;0;0;0;0;0;0;0;2835;0;0;0;0;0;0;
32570;2338335;555393024;31830016;505409536;0;0;0;0;0;0;0;0;0;0;0;3246;0;0;0;0;0;0;
32571;4359907;555393024;31830016;505409536;0;0;0;0;0;0;0;0;0;0;0;2905;0;0;0;0;0;0;
32572;2307798;555393024;31830016;505409536;0;0;0;0;0;0;0;0;0;0;0;2926;0;0;0;0;0;0;
32573;4362250;555393024;31830016;505409536;0;0;0;0;0;0;0;0;0;0;0;2414;0;0;0;0;0;0;
32574;2204184;555393024;31830016;505409536;0;0;0;0;0;0;0;0;0;0;0;2855;0;0;0;0;0;0;
32575;4520187;555393024;31830016;505409536;0;0;0;0;0;0;0;0;0;0;0;2705;0;0;0;0;0;0;
32576;2259858;555393024;31830016;505409536;0;0;0;0;0;0;0;0;0;0;0;3246;0;0;0;0;0;0;
32577;4414399;555393024;31830016;505409536;0;0;0;0;0;0;0;0;0;0;0;2726;0;0;0;0;0;0;
32578;2400221;555393024;31830016;505409536;0;0;0;0;0;0;0;0;0;0;0;2865;0;0;0;0;0;0;
32579;4428566;555393024;31830016;505409536;0;0;0;0;0;0;0;0;0;0;0;2404;0;0;0;0;0;0;
32580;2333336;555393024;31830016;505409536;0;0;0;0;0;0;0;0;0;0;0;2815;0;0;0;0;0;0;
32581;4372480;555393024;31830016;505409536;0;0;0;0;0;0;0;0;0;0;0;2555;0;0;0;0;0;0;
32582;2280527;555393024;31830016;505409536;0;0;0;0;0;0;0;0;0;0;0;2775;0;0;0;0;0;0;
32583;4452861;555393024;31830016;505409536;0;0;0;0;0;0;0;0;0;0;0;2475;0;0;0;0;0;0;
32584;2236454;555393024;31830016;505409536;0;0;0;0;0;0;0;0;0;0;0;3076;0;0;0;0;0;0;
32585;4408177;555393024;31830016;505409536;0;0;0;0;0;0;0;0;0;0;0;2465;0;0;0;0;0;0;
32586;2344026;555393024;31830016;505409536;0;0;0;0;0;0;0;0;0;0;0;3036;0;0;0;0;0;0;
32587;4400793;555393024;31830016;505409536;0;0;0;0;0;0;0;0;0;0;0;2464;0;0;0;0;0;0;
32588;2254077;555393024;31830016;505409536;0;0;0;0;0;0;0;0;0;0;0;3086;0;0;0;0;0;0;
32589;4364936;555393024;31830016;505409536;0;0;0;0;0;0;0;0;0;0;0;2325;0;0;0;0;0;0;
32590;2261120;555393024;31830016;505409536;0;0;0;0;0;0;0;0;0;0;0;3146;0;0;0;0;0;0;
32591;4428625;555393024;31830016;505409536;0;0;0;0;0;0;0;0;0;0;0;2345;0;0;0;0;0;0;
32592;2311706;555393024;31830016;505409536;0;0;0;0;0;0;0;0;0;0;0;2895;0;0;0;0;0;0;
32593;4543040;555393024;31830016;505409536;0;0;0;0;0;0;0;0;0;0;0;2485;0;0;0;0;0;0;
32594;2220154;555393024;31830016;505409536;0;0;0;0;0;0;0;0;0;0;0;2645;0;0;0;0;0;0;
32595;4484019;555393024;31830016;505409536;0;0;0;0;0;0;0;0;0;0;0;2224;0;0;0;0;0;0;
32596;2238878;555393024;31830016;505409536;0;0;0;0;0;0;0;0;0;0;0;3096;0;0;0;0;0;0;
32597;4338316;555393024;31830016;505409536;0;0;0;0;0;0;0;0;0;0;0;2495;0;0;0;0;0;0;
32598;2452951;555393024;31830016;505409536;0;0;0;0;0;0;0;0;0;0;0;2995;0;0;0;0;0;0;
32599;4512623;555393024;31830016;505409536;0;0;0;0;0;0;0;0;0;0;0;2826;0;0;0;0;0;0;
32600;2459482;555393024;31830016;505409536;0;0;0;0;0;0;0;0;0;0;0;2826;0;0;0;0;0;0;
32601;4302930;555393024;31830016;505409536;0;0;0;0;0;0;0;0;0;0;0;2735;0;0;0;0;0;0;
32602;2445827;555393024;31830016;505409536;0;0;0;0;0;0;0;0;0;0;0;2825;0;0;0;0;0;0;
32603;4456267;555393024;31830016;505409536;0;0;0;0;0;0;0;0;0;0;0;2565;0;0;0;0;0;0;
32604;2273414;555393024;31830016;505409536;0;0;0;0;0;0;0;0;0;0;0;2635;0;0;0;0;0;0;
32605;4418096;555393024;31830016;505409536;0;0;0;0;0;0;0;0;0;0;0;2404;0;0;0;0;0;0;
32606;2292610;555393024;31830016;505409536;0;0;0;0;0;0;0;0;0;0;0;2735;0;0;0;0;0;0;
32607;4422574;555393024;31830016;505409536;0;0;0;0;0;0;0;0;0;0;0;2375;0;0;0;0;0;0;
32608;2377238;555393024;31830016;505409536;0;0;0;0;0;0;0;0;0;0;0;3186;0;0;0;0;0;0;
32609;4412074;555393024;31830016;505409536;0;0;0;0;0;0;0;0;0;0;0;2404;0;0;0;0;0;0;
32610;2296076;555393024;31830016;505409536;0;0;0;0;0;0;0;0;0;0;0;2996;0;0;0;0;0;0;
32611;4367681;555393024;31830016;505409536;0;0;0;0;0;0;0;0;0;0;0;2415;0;0;0;0;0;0;
32612;2345779;555393024;31830016;505409536;0;0;0;0;0;0;0;0;0;0;0;2895;0;0;0;0;0;0;
32613;4467488;555393024;31830016;505409536;0;0;0;0;0;0;0;0;0;0;0;2514;0;0;0;0;0;0;
32614;2443292;555393024;31830016;505409536;0;0;0;0;0;0;0;0;0;0;0;2415;0;0;0;0;0;0;
32615;4463380;555393024;31830016;505409536;0;0;0;0;0;0;0;0;0;0;0;2796;0;0;0;0;0;0;
32616;2324729;555393024;31830016;505409536;0;0;0;0;0;0;0;0;0;0;0;2655;0;0;0;0;0;0;
32617;4489990;555393024;31830016;505409536;0;0;0;0;0;0;0;0;0;0;0;2524;0;0;0;0;0;0;
32618;2360296;555393024;31830016;505409536;0;0;0;0;0;0;0;0;0;0;0;2945;0;0;0;0;0;0;
32619;4427914;555393024;31830016;505409536;0;0;0;0;0;0;0;0;0;0;0;2965;0;0;0;0;0;0;
32620;2277701;555393024;31830016;505409536;0;0;0;0;0;0;0;0;0;0;0;3175;0;0;0;0;0;0;
32621;4467980;555393024;31830016;505409536;0;0;0;0;0;0;0;0;0;0;0;2996;0;0;0;0;0;0;
32622;2510488;555393024;31830016;505409536;0;0;0;0;0;0;0;0;0;0;0;3086;0;0;0;0;0;0;
32623;4429798;555393024;31830016;505409536;0;0;0;0;0;0;0;0;0;0;0;2485;0;0;0;0;0;0;
32624;2512592;555393024;31830016;505409536;0;0;0;0;0;0;0;0;0;0;0;3036;0;0;0;0;0;0;
32625;4390043;555393024;31830016;505409536;0;0;0;0;0;0;0;0;0;0;0;2315;0;0;0;0;0;0;
32626;2401433;555393024;31830016;505409536;0;0;0;0;0;0;0;0;0;0;0;2565;0;0;0;0;0;0;
32627;4490642;555393024;31830016;505409536;0;0;0;0;0;0;0;0;0;0;0;2805;0;0;0;0;0;0;
32628;2372329;555393024;31830016;505409536;0;0;0;0;0;0;0;0;0;0;0;2194;0;0;0;0;0;0;
32629;4512713;555393024;31830016;505409536;0;0;0;0;0;0;0;0;0;0;0;2354;0;0;0;0;0;0;
32630;2334929;555393024;31830016;505409536;0;0;0;0;0;0;0;0;0;0;0;2786;0;0;0;0;0;0;
32631;4464723;555393024;31830016;505409536;0;0;0;0;0;0;0;0;0;0;0;2384;0;0;0;0;0;0;
32632;2669467;555393024;31830016;505409536;0;0;0;0;0;0;0;0;0;0;0;3507;0;0;0;0;0;0;
32633;4666522;555393024;31830016;505409536;0;0;0;0;0;0;0;0;0;0;0;3276;0;0;0;0;0;0;
32634;3563744;555393024;31830016;505409536;0;0;0;0;0;0;0;0;0;0;0;3777;0;0;0;0;0;0;
32635;4686609;555393024;31830016;505409536;0;0;0;0;0;0;0;0;0;0;0;3566;0;0;0;0;0;0;
32636;3338922;555393024;31830016;505409536;0;0;0;0;0;0;0;0;0;0;0;3707;0;0;0;0;0;0;
32637;4626627;555393024;31830016;505409536;0;0;0;0;0;0;0;0;0;0;0;3707;0;0;0;0;0;0;
32638;3364550;555393024;31830016;505409536;0;0;0;0;0;0;0;0;0;0;0;3657;0;0;0;0;0;0;
32639;4756861;555393024;31830016;505409536;0;0;0;0;0;0;0;0;0;0;0;3307;0;0;0;0;0;0;
32640;3548374;555393024;31830016;505409536;0;0;0;0;0;0;0;0;0;0;0;3276;0;0;0;0;0;0;
32641;4669917;555393024;31830016;505409536;0;0;0;0;0;0;0;0;0;0;0;3687;0;0;0;0;0;0;
32642;3869597;555393024;31830016;505409536;0;0;0;0;0;0;0;0;0;0;0;3476;0;0;0;0;0;0;
32643;4422343;555393024;31830016;505409536;0;0;0;0;0;0;0;0;0;0;0;2835;0;0;0;0;0;0;
32644;2460585;555393024;31830016;505409536;0;0;0;0;0;0;0;0;0;0;0;3146;0;0;0;0;0;0;
32645;4377079;555393024;31830016;505409536;0;0;0;0;0;0;0;0;0;0;0;2525;0;0;0;0;0;0;
32646;2422433;555393024;31830016;505409536;0;0;0;0;0;0;0;0;0;0;0;2836;0;0;0;0;0;0;
32647;4432252;555393024;31830016;505409536;0;0;0;0;0;0;0;0;0;0;0;2535;0;0;0;0;0;0;
32648;2203482;555393024;31830016;505409536;0;0;0;0;0;0;0;0;0;0;0;2805;0;0;0;0;0;0;
32649;4425780;555393024;31830016;505409536;0;0;0;0;0;0;0;0;0;0;0;2645;0;0;0;0;0;0;
32650;2215204;555393024;31830016;505409536;0;0;0;0;0;0;0;0;0;0;0;2866;0;0;0;0;0;0;
32651;4429747;555393024;31830016;505409536;0;0;0;0;0;0;0;0;0;0;0;2534;0;0;0;0;0;0;
32652;2219973;555393024;31830016;505409536;0;0;0;0;0;0;0;0;0;0;0;2625;0;0;0;0;0;0;
32653;4518363;555393024;31830016;505409536;0;0;0;0;0;0;0;0;0;0;0;2675;0;0;0;0;0;0;
32654;2367179;555393024;31830016;505409536;0;0;0;0;0;0;0;0;0;0;0;2555;0;0;0;0;0;0;
32655;4425660;555393024;31830016;505409536;0;0;0;0;0;0;0;0;0;0;0;11371;0;0;0;0;0;0;
32656;2315031;555393024;31830016;505409536;0;0;0;0;0;0;0;0;0;0;0;2955;0;0;0;0;0;0;
32657;4481966;555393024;31830016;505409536;0;0;0;0;0;0;0;0;0;0;0;2304;0;0;0;0;0;0;
32658;2588194;555393024;31830016;505409536;0;0;0;0;0;0;0;0;0;0;0;3817;0;0;0;0;0;0;
32659;4632077;555393024;31830016;505409536;0;0;0;0;0;0;0;0;0;0;0;3436;0;0;0;0;0;0;
32660;3341376;555393024;31830016;505409536;0;0;0;0;0;0;0;0;0;0;0;3406;0;0;0;0;0;0;
32661;4603613;555393024;31830016;505409536;0;0;0;0;0;0;0;0;0;0;0;3066;0;0;0;0;0;0;
32662;3306380;555393024;31830016;505409536;0;0;0;0;0;0;0;0;0;0;0;4088;0;0;0;0;0;0;
32663;4614935;555393024;31830016;505409536;0;0;0;0;0;0;0;0;0;0;0;3085;0;0;0;0;0;0;
32664;3292104;555393024;31830016;505409536;0;0;0;0;0;0;0;0;0;0;0;3556;0;0;0;0;0;0;
32665;4682411;555393024;31830016;505409536;0;0;0;0;0;0;0;0;0;0;0;3246;0;0;0;0;0;0;
32666;3363006;555393024;31830016;505409536;0;0;0;0;0;0;0;0;0;0;0;3616;0;0;0;0;0;0;
32667;4644069;555393024;31830016;505409536;0;0;0;0;0;0;0;0;0;0;0;3357;0;0;0;0;0;0;
32668;3296743;555393024;31830016;505409536;0;0;0;0;0;0;0;0;0;0;0;3457;0;0;0;0;0;0;
32669;4611107;555393024;31830016;505409536;0;0;0;0;0;0;0;0;0;0;0;3367;0;0;0;0;0;0;
32670;3298096;555393024;31830016;505409536;0;0;0;0;0;0;0;0;0;0;0;2915;0;0;0;0;0;0;
32671;7678991;555393024;31830016;505409536;0;0;0;0;0;0;0;0;0;0;0;3436;0;0;0;0;0;0;
32672;9936104;555393024;31830016;505409536;0;0;0;0;0;0;0;0;0;0;0;4127;0;0;0;0;0;0;
32673;5106497;555393024;31830016;505409536;0;0;0;0;0;0;0;0;0;0;0;3737;0;0;0;0;0;0;
32674;3625900;555393024;31830016;505409536;0;0;0;0;0;0;0;0;0;0;0;3567;0;0;0;0;0;0;
32675;4666762;555393024;31830016;505409536;0;0;0;0;0;0;0;0;0;0;0;3376;0;0;0;0;0;0;
32676;3328452;555393024;31830016;505409536;0;0;0;0;0;0;0;0;0;0;0;3557;0;0;0;0;0;0;
32677;4623581;555393024;31830016;505409536;0;0;0;0;0;0;0;0;0;0;0;3527;0;0;0;0;0;0;
32678;3500575;555393024;31830016;505409536;0;0;0;0;0;0;0;0;0;0;0;3537;0;0;0;0;0;0;
32679;4701327;555393024;31830016;505409536;0;0;0;0;0;0;0;0;0;0;0;2996;0;0;0;0;0;0;
32680;3443017;555393024;31830016;505409536;0;0;0;0;0;0;0;0;0;0;0;3778;0;0;0;0;0;0;
32681;4685888;555393024;31830016;505409536;0;0;0;0;0;0;0;0;0;0;0;3296;0;0;0;0;0;0;
32682;3554486;555393024;31830016;505409536;0;0;0;0;0;0;0;0;0;0;0;3146;0;0;0;0;0;0;
32683;4690487;555393024;31830016;505409536;0;0;0;0;0;0;0;0;0;0;0;2895;0;0;0;0;0;0;
32684;3501947;555393024;31830016;505409536;0;0;0;0;0;0;0;0;0;0;0;3827;0;0;0;0;0;0;
32685;4666071;555393024;31830016;505409536;0;0;0;0;0;0;0;0;0;0;0;3256;0;0;0;0;0;0;
32686;3561869;555393024;31830016;505409536;0;0;0;0;0;0;0;0;0;0;0;4158;0;0;0;0;0;0;
32687;4815431;555393024;31830016;505409536;0;0;0;0;0;0;0;0;0;0;0;3466;0;0;0;0;0;0;
32688;3365121;555393024;31830016;505409536;0;0;0;0;0;0;0;0;0;0;0;3797;0;0;0;0;0;0;
32689;4918414;555393024;31830016;505409536;0;0;0;0;0;0;0;0;0;0;0;3086;0;0;0;0;0;0;
32690;3395778;555393024;31830016;505409536;0;0;0;0;0;0;0;0;0;0;0;3366;0;0;0;0;0;0;
32691;4772841;555393024;31830016;505409536;0;0;0;0;0;0;0;0;0;0;0;2956;0;0;0;0;0;0;
32692;3418571;555393024;31830016;505409536;0;0;0;0;0;0;0;0;0;0;0;3557;0;0;0;0;0;0;
32693;4633840;555393024;31830016;505409536;0;0;0;0;0;0;0;0;0;0;0;3397;0;0;0;0;0;0;
32694;3590554;555393024;31830016;505409536;0;0;0;0;0;0;0;0;0;0;0;3878;0;0;0;0;0;0;
32695;4892866;555393024;31830016;505409536;0;0;0;0;0;0;0;0;0;0;0;3597;0;0;0;0;0;0;
32696;2298070;555393024;31830016;505409536;0;0;0;0;0;0;0;0;0;0;0;2805;0;0;0;0;0;0;
32697;4572335;555393024;31830016;505409536;0;0;0;0;0;0;0;0;0;0;0;2846;0;0;0;0;0;0;
32698;2376937;555393024;31830016;505409536;0;0;0;0;0;0;0;0;0;0;0;3016;0;0;0;0;0;0;
32699;4414148;555393024;31830016;505409536;0;0;0;0;0;0;0;0;0;0;0;2425;0;0;0;0;0;0;
32700;2447840;555393024;31830016;505409536;0;0;0;0;0;0;0;0;0;0;0;3036;0;0;0;0;0;0;
32701;4380826;555393024;31830016;505409536;0;0;0;0;0;0;0;0;0;0;0;2394;0;0;0;0;0;0;
32702;2217589;555393024;31830016;505409536;0;0;0;0;0;0;0;0;0;0;0;2464;0;0;0;0;0;0;
32703;4584547;555393024;31838208;505417728;0;0;0;0;0;0;0;0;0;0;0;2895;0;0;0;0;0;0;
32704;2391144;555393024;31838208;505417728;0;0;0;0;0;0;0;0;0;0;0;2495;0;0;0;0;0;0;
32705;4444305;555393024;31838208;505417728;0;0;0;0;0;0;0;0;0;0;0;2205;0;0;0;0;0;0;
32706;2330260;555393024;31838208;505417728;0;0;0;0;0;0;0;0;0;0;0;2635;0;0;0;0;0;0;
32707;4410862;555393024;31838208;505417728;0;0;0;0;0;0;0;0;0;0;0;2875;0;0;0;0;0;0;
32708;2422173;555393024;31838208;505417728;0;0;0;0;0;0;0;0;0;0;0;2685;0;0;0;0;0;0;
32709;4407546;555393024;31838208;505417728;0;0;0;0;0;0;0;0;0;0;0;2324;0;0;0;0;0;0;
32710;2337745;555401216;31830016;505409536;0;0;0;0;0;0;0;0;0;0;0;3056;0;0;0;0;0;0;
32711;4426321;555401216;31830016;505409536;0;0;0;0;0;0;0;0;0;0;0;2464;0;0;0;0;0;0;
32712;2316885;555401216;31830016;505409536;0;0;0;0;0;0;0;0;0;0;0;2886;0;0;0;0;0;0;
32713;4303280;555401216;31830016;505409536;0;0;0;0;0;0;0;0;0;0;0;2555;0;0;0;0;0;0;
32714;2369183;555401216;31830016;505409536;0;0;0;0;0;0;0;0;0;0;0;3166;0;0;0;0;0;0;
32715;4436821;555401216;31830016;505409536;0;0;0;0;0;0;0;0;0;0;0;2505;0;0;0;0;0;0;
32716;2351971;555401216;31830016;505409536;0;0;0;0;0;0;0;0;0;0;0;2484;0;0;0;0;0;0;
32717;4513785;555401216;31830016;505409536;0;0;0;0;0;0;0;0;0;0;0;2504;0;0;0;0;0;0;
32718;2215675;555401216;31830016;505409536;0;0;0;0;0;0;0;0;0;0;0;2655;0;0;0;0;0;0;
32719;4519185;555401216;31830016;505409536;0;0;0;0;0;0;0;0;0;0;0;3206;0;0;0;0;0;0;
32720;2298140;555401216;31830016;505409536;0;0;0;0;0;0;0;0;0;0;0;2675;0;0;0;0;0;0;
32721;4353084;555401216;31830016;505409536;0;0;0;0;0;0;0;0;0;0;0;2595;0;0;0;0;0;0;
32722;2347513;555401216;31830016;505409536;0;0;0;0;0;0;0;0;0;0;0;3126;0;0;0;0;0;0;
32723;4459023;555401216;31830016;505409536;0;0;0;0;0;0;0;0;0;0;0;2244;0;0;0;0;0;0;
32724;2973025;555401216;31830016;505409536;0;0;0;0;0;0;0;0;0;0;0;3697;0;0;0;0;0;0;
32725;4657835;555401216;31830016;505409536;0;0;0;0;0;0;0;0;0;0;0;3576;0;0;0;0;0;0;
32726;3438168;555401216;31830016;505409536;0;0;0;0;0;0;0;0;0;0;0;3556;0;0;0;0;0;0;
32727;4679166;555401216;31830016;505409536;0;0;0;0;0;0;0;0;0;0;0;3316;0;0;0;0;0;0;
32728;3351255;555401216;31830016;505409536;0;0;0;0;0;0;0;0;0;0;0;3536;0;0;0;0;0;0;
32729;4816783;555401216;31830016;505409536;0;0;0;0;0;0;0;0;0;0;0;3376;0;0;0;0;0;0;
32730;3444661;555401216;31830016;505409536;0;0;0;0;0;0;0;0;0;0;0;3747;0;0;0;0;0;0;
32731;4711215;555401216;31830016;505409536;0;0;0;0;0;0;0;0;0;0;0;3306;0;0;0;0;0;0;
32732;3523989;555401216;31830016;505409536;0;0;0;0;0;0;0;0;0;0;0;3657;0;0;0;0;0;0;
32733;4643659;555401216;31830016;505409536;0;0;0;0;0;0;0;0;0;0;0;3076;0;0;0;0;0;0;
32734;3411307;555401216;31830016;505409536;0;0;0;0;0;0;0;0;0;0;0;3477;0;0;0;0;0;0;
32735;4771979;555401216;31830016;505409536;0;0;0;0;0;0;0;0;0;0;0;3537;0;0;0;0;0;0;
32736;3457004;555401216;31830016;505409536;0;0;0;0;0;0;0;0;0;0;0;3486;0;0;0;0;0;0;
32737;4611698;555401216;31830016;505409536;0;0;0;0;0;0;0;0;0;0;0;3617;0;0;0;0;0;0;
32738;3608357;555401216;31830016;505409536;0;0;0;0;0;0;0;0;0;0;0;3517;0;0;0;0;0;0;
32739;4714191;555401216;31830016;505409536;0;0;0;0;0;0;0;0;0;0;0;3035;0;0;0;0;0;0;
32740;3346596;555401216;31830016;505409536;0;0;0;0;0;0;0;0;0;0;0;3897;0;0;0;0;0;0;
32741;4690977;555401216;31830016;505409536;0;0;0;0;0;0;0;0;0;0;0;3277;0;0;0;0;0;0;
32742;2936577;555401216;31830016;505409536;0;0;0;0;0;0;0;0;0;0;0;2525;0;0;0;0;0;0;
32743;4516870;555401216;31830016;505409536;0;0;0;0;0;0;0;0;0;0;0;2584;0;0;0;0;0;0;
32744;2408006;555401216;31830016;505409536;0;0;0;0;0;0;0;0;0;0;0;3006;0;0;0;0;0;0;
32745;4437472;555401216;31830016;505409536;0;0;0;0;0;0;0;0;0;0;0;2565;0;0;0;0;0;0;
32746;2445767;555401216;31830016;505409536;0;0;0;0;0;0;0;0;0;0;0;2665;0;0;0;0;0;0;
32747;4458031;555401216;31830016;505409536;0;0;0;0;0;0;0;0;0;0;0;2806;0;0;0;0;0;0;
32748;2529273;555401216;31830016;505409536;0;0;0;0;0;0;0;0;0;0;0;2815;0;0;0;0;0;0;
32749;4388210;555401216;31830016;505409536;0;0;0;0;0;0;0;0;0;0;0;2284;0;0;0;0;0;0;
32750;2570701;555401216;31830016;505409536;0;0;0;0;0;0;0;0;0;0;0;3607;0;0;0;0;0;0;
32751;4475353;555401216;31830016;505409536;0;0;0;0;0;0;0;0;0;0;0;2554;0;0;0;0;0;0;
32752;2392226;555401216;31830016;505409536;0;0;0;0;0;0;0;0;0;0;0;3226;0;0;0;0;0;0;
32753;4463140;555401216;31830016;505409536;0;0;0;0;0;0;0;0;0;0;0;2776;0;0;0;0;0;0;
32754;2336903;555401216;31830016;505409536;0;0;0;0;0;0;0;0;0;0;0;2975;0;0;0;0;0;0;
32755;4360798;555401216;31830016;505409536;0;0;0;0;0;0;0;0;0;0;0;2515;0;0;0;0;0;0;
32756;2386506;555401216;31830016;505409536;0;0;0;0;0;0;0;0;0;0;0;2845;0;0;0;0;0;0;
32757;4312958;555401216;31830016;505409536;0;0;0;0;0;0;0;0;0;0;0;2655;0;0;0;0;0;0;
32758;2827313;555401216;31830016;505409536;0;0;0;0;0;0;0;0;0;0;0;3186;0;0;0;0;0;0;
32759;4375946;555401216;31830016;505409536;0;0;0;0;0;0;0;0;0;0;0;3086;0;0;0;0;0;0;
32760;2394922;555401216;31830016;505409536;0;0;0;0;0;0;0;0;0;0;0;3146;0;0;0;0;0;0;
32761;4534163;555401216;31830016;505409536;0;0;0;0;0;0;0;0;0;0;0;2916;0;0;0;0;0;0;
32762;2348284;555401216;31830016;505409536;0;0;0;0;0;0;0;0;0;0;0;2785;0;0;0;0;0;0;
32763;4589577;555401216;31830016;505409536;0;0;0;0;0;0;0;0;0;0;0;2204;0;0;0;0;0;0;
32764;2627478;555401216;31830016;505409536;0;0;0;0;0;0;0;0;0;0;0;2845;0;0;0;0;0;0;
32765;4448442;555401216;31830016;505409536;0;0;0;0;0;0;0;0;0;0;0;2825;0;0;0;0;0;0;
32766;2412143;555401216;31830016;505409536;0;0;0;0;0;0;0;0;0;0;0;2645;0;0;0;0;0;0;
32767;4500740;555401216;31830016;505409536;0;0;0;0;0;0;0;0;0;0;0;2475;0;0;0;0;0;0;
32768;2345990;555401216;31830016;505409536;0;0;0;0;0;0;0;0;0;0;0;2515;0;0;0;0;0;0;
32769;4519305;555401216;31830016;505409536;0;0;0;0;0;0;0;0;0;0;0;2665;0;0;0;0;0;0;
32770;2308409;555401216;31830016;505409536;0;0;0;0;0;0;0;0;0;0;0;2335;0;0;0;0;0;0;
32771;4442882;555401216;31830016;505409536;0;0;0;0;0;0;0;0;0;0;0;2475;0;0;0;0;0;0;
32772;2382518;555401216;31830016;505409536;0;0;0;0;0;0;0;0;0;0;0;2565;0;0;0;0;0;0;
32773;4496923;555401216;31830016;505409536;0;0;0;0;0;0;0;0;0;0;0;2435;0;0;0;0;0;0;
32774;2405260;555401216;31830016;505409536;0;0;0;0;0;0;0;0;0;0;0;2886;0;0;0;0;0;0;
32775;4472227;555401216;31830016;505409536;0;0;0;0;0;0;0;0;0;0;0;2625;0;0;0;0;0;0;
32776;2344807;555401216;31830016;505409536;0;0;0;0;0;0;0;0;0;0;0;2956;0;0;0;0;0;0;
32777;4370776;555401216;31830016;505409536;0;0;0;0;0;0;0;0;0;0;0;2365;0;0;0;0;0;0;
32778;2371267;555401216;31830016;505409536;0;0;0;0;0;0;0;0;0;0;0;2906;0;0;0;0;0;0;
32779;4390454;555401216;31830016;505409536;0;0;0;0;0;0;0;0;0;0;0;2505;0;0;0;0;0;0;
32780;2333477;555401216;31830016;505409536;0;0;0;0;0;0;0;0;0;0;0;3176;0;0;0;0;0;0;
32781;4455566;555401216;31830016;505409536;0;0;0;0;0;0;0;0;0;0;0;2644;0;0;0;0;0;0;
32782;2252905;555401216;31830016;505409536;0;0;0;0;0;0;0;0;0;0;0;2725;0;0;0;0;0;0;
32783;4551015;555401216;31830016;505409536;0;0;0;0;0;0;0;0;0;0;0;2565;0;0;0;0;0;0;
32784;2240312;555401216;31830016;505409536;0;0;0;0;0;0;0;0;0;0;0;2675;0;0;0;0;0;0;
32785;4431702;555401216;31830016;505409536;0;0;0;0;0;0;0;0;0;0;0;2365;0;0;0;0;0;0;
32786;2341982;555401216;31830016;505409536;0;0;0;0;0;0;0;0;0;0;0;2715;0;0;0;0;0;0;
32787;4425058;555401216;31830016;505409536;0;0;0;0;0;0;0;0;0;0;0;2785;0;0;0;0;0;0;
32788;2260789;555401216;31830016;505409536;0;0;0;0;0;0;0;0;0;0;0;2675;0;0;0;0;0;0;
32789;4556735;555401216;31830016;505409536;0;0;0;0;0;0;0;0;0;0;0;2695;0;0;0;0;0;0;
32790;2433273;555401216;31830016;505409536;0;0;0;0;0;0;0;0;0;0;0;3206;0;0;0;0;0;0;
32791;4517392;555401216;31830016;505409536;0;0;0;0;0;0;0;0;0;0;0;2455;0;0;0;0;0;0;
32792;2311344;555401216;31830016;505409536;0;0;0;0;0;0;0;0;0;0;0;2695;0;0;0;0;0;0;
32793;4380355;555401216;31830016;505409536;0;0;0;0;0;0;0;0;0;0;0;2465;0;0;0;0;0;0;
32794;2241304;555401216;31830016;505409536;0;0;0;0;0;0;0;0;0;0;0;2875;0;0;0;0;0;0;
32795;4617981;555401216;31830016;505409536;0;0;0;0;0;0;0;0;0;0;0;2245;0;0;0;0;0;0;
32796;2249118;555401216;31830016;505409536;0;0;0;0;0;0;0;0;0;0;0;2985;0;0;0;0;0;0;
32797;4436340;555401216;31830016;505409536;0;0;0;0;0;0;0;0;0;0;0;2755;0;0;0;0;0;0;
32798;2377008;555401216;31830016;505409536;0;0;0;0;0;0;0;0;0;0;0;2745;0;0;0;0;0;0;
32799;4436400;555401216;31830016;505409536;0;0;0;0;0;0;0;0;0;0;0;2595;0;0;0;0;0;0;
32800;2244609;555401216;31830016;505409536;0;0;0;0;0;0;0;0;0;0;0;2495;0;0;0;0;0;0;
32801;4365628;555401216;31830016;505409536;0;0;0;0;0;0;0;0;0;0;0;2736;0;0;0;0;0;0;
32802;2315592;555401216;31830016;505409536;0;0;0;0;0;0;0;0;0;0;0;2534;0;0;0;0;0;0;
32803;4388310;555401216;31830016;505409536;0;0;0;0;0;0;0;0;0;0;0;2325;0;0;0;0;0;0;
32804;2406012;555401216;31830016;505409536;0;0;0;0;0;0;0;0;0;0;0;3216;0;0;0;0;0;0;
32805;4310363;555401216;31830016;505409536;0;0;0;0;0;0;0;0;0;0;0;2385;0;0;0;0;0;0;
32806;2370907;555401216;31830016;505409536;0;0;0;0;0;0;0;0;0;0;0;2575;0;0;0;0;0;0;
32807;4384382;555401216;31830016;505409536;0;0;0;0;0;0;0;0;0;0;0;2705;0;0;0;0;0;0;
32808;2338876;555401216;31830016;505409536;0;0;0;0;0;0;0;0;0;0;0;2715;0;0;0;0;0;0;
32809;4311576;555401216;31830016;505409536;0;0;0;0;0;0;0;0;0;0;0;2785;0;0;0;0;0;0;
32810;2391365;555401216;31830016;505409536;0;0;0;0;0;0;0;0;0;0;0;2134;0;0;0;0;0;0;
32811;4449445;555401216;31830016;505409536;0;0;0;0;0;0;0;0;0;0;0;2564;0;0;0;0;0;0;
32812;2317707;555401216;31830016;505409536;0;0;0;0;0;0;0;0;0;0;0;2605;0;0;0;0;0;0;
32813;4597672;555401216;31830016;505409536;0;0;0;0;0;0;0;0;0;0;0;3055;0;0;0;0;0;0;
32814;2301065;555401216;31830016;505409536;0;0;0;0;0;0;0;0;0;0;0;2605;0;0;0;0;0;0;
32815;4375736;555401216;31830016;505409536;0;0;0;0;0;0;0;0;0;0;0;2384;0;0;0;0;0;0;
32816;2412875;555401216;31830016;505409536;0;0;0;0;0;0;0;0;0;0;0;3135;0;0;0;0;0;0;
32817;4341452;555401216;31830016;505409536;0;0;0;0;0;0;0;0;0;0;0;2344;0;0;0;0;0;0;
32818;2522521;555401216;31830016;505409536;0;0;0;0;0;0;0;0;0;0;0;3126;0;0;0;0;0;0;
32819;4390193;555401216;31830016;505409536;0;0;0;0;0;0;0;0;0;0;0;2605;0;0;0;0;0;0;
32820;2375254;555401216;31830016;505409536;0;0;0;0;0;0;0;0;0;0;0;2955;0;0;0;0;0;0;
32821;4339429;555401216;31830016;505409536;0;0;0;0;0;0;0;0;0;0;0;2495;0;0;0;0;0;0;
32822;2457448;555401216;31830016;505409536;0;0;0;0;0;0;0;0;0;0;0;3386;0;0;0;0;0;0;
32823;4424217;555401216;31830016;505409536;0;0;0;0;0;0;0;0;0;0;0;2735;0;0;0;0;0;0;
32824;2210165;555401216;31830016;505409536;0;0;0;0;0;0;0;0;0;0;0;2354;0;0;0;0;0;0;
32825;4697660;555401216;31830016;505409536;0;0;0;0;0;0;0;0;0;0;0;2595;0;0;0;0;0;0;
32826;2330621;555401216;31830016;505409536;0;0;0;0;0;0;0;0;0;0;0;2986;0;0;0;0;0;0;
32827;4481264;555401216;31830016;505409536;0;0;0;0;0;0;0;0;0;0;0;2865;0;0;0;0;0;0;
32828;2384342;555401216;31830016;505409536;0;0;0;0;0;0;0;0;0;0;0;2816;0;0;0;0;0;0;
32829;4368162;555401216;31830016;505409536;0;0;0;0;0;0;0;0;0;0;0;3006;0;0;0;0;0;0;
32830;2364665;555401216;31830016;505409536;0;0;0;0;0;0;0;0;0;0;0;3115;0;0;0;0;0;0;
32831;4390584;555401216;31830016;505409536;0;0;0;0;0;0;0;0;0;0;0;2244;0;0;0;0;0;0;
32832;2774724;555401216;31830016;505409536;0;0;0;0;0;0;0;0;0;0;0;3757;0;0;0;0;0;0;
32833;4759426;555401216;31830016;505409536;0;0;0;0;0;0;0;0;0;0;0;2835;0;0;0;0;0;0;
32834;3452765;555401216;31830016;505409536;0;0;0;0;0;0;0;0;0;0;0;3396;0;0;0;0;0;0;
32835;4665971;555401216;31830016;505409536;0;0;0;0;0;0;0;0;0;0;0;3527;0;0;0;0;0;0;
32836;3397021;555401216;31830016;505409536;0;0;0;0;0;0;0;0;0;0;0;3566;0;0;0;0;0;0;
32837;4633890;555401216;31830016;505409536;0;0;0;0;0;0;0;0;0;0;0;3146;0;0;0;0;0;0;
32838;3419924;555401216;31830016;505409536;0;0;0;0;0;0;0;0;0;0;0;3617;0;0;0;0;0;0;
32839;4874792;555401216;31830016;505409536;0;0;0;0;0;0;0;0;0;0;0;3266;0;0;0;0;0;0;
32840;3412650;555401216;31830016;505409536;0;0;0;0;0;0;0;0;0;0;0;3246;0;0;0;0;0;0;
32841;4723528;555401216;31830016;505409536;0;0;0;0;0;0;0;0;0;0;0;3276;0;0;0;0;0;0;
32842;3453737;555401216;31830016;505409536;0;0;0;0;0;0;0;0;0;0;0;3707;0;0;0;0;0;0;
32843;4712457;555401216;31830016;505409536;0;0;0;0;0;0;0;0;0;0;0;3497;0;0;0;0;0;0;
32844;3474547;555401216;31830016;505409536;0;0;0;0;0;0;0;0;0;0;0;3577;0;0;0;0;0;0;
32845;4694083;555401216;31830016;505409536;0;0;0;0;0;0;0;0;0;0;0;3456;0;0;0;0;0;0;
32846;3742328;555401216;31830016;505409536;0;0;0;0;0;0;0;0;0;0;0;3767;0;0;0;0;0;0;
32847;4646154;555401216;31830016;505409536;0;0;0;0;0;0;0;0;0;0;0;3216;0;0;0;0;0;0;
32848;3523007;555401216;31830016;505409536;0;0;0;0;0;0;0;0;0;0;0;3306;0;0;0;0;0;0;
32849;4619714;555401216;31830016;505409536;0;0;0;0;0;0;0;0;0;0;0;3176;0;0;0;0;0;0;
32850;3463445;555401216;31830016;505409536;0;0;0;0;0;0;0;0;0;0;0;3567;0;0;0;0;0;0;
32851;4761870;555401216;31830016;505409536;0;0;0;0;0;0;0;0;0;0;0;3196;0;0;0;0;0;0;
32852;3396800;555401216;31830016;505409536;0;0;0;0;0;0;0;0;0;0;0;3347;0;0;0;0;0;0;
32853;4712188;555401216;31830016;505409536;0;0;0;0;0;0;0;0;0;0;0;3567;0;0;0;0;0;0;
32854;3205051;555401216;31830016;505409536;0;0;0;0;0;0;0;0;0;0;0;2635;0;0;0;0;0;0;
32855;4628841;555401216;31830016;505409536;0;0;0;0;0;0;0;0;0;0;0;2515;0;0;0;0;0;0;
32856;2345840;555401216;31830016;505409536;0;0;0;0;0;0;0;0;0;0;0;2725;0;0;0;0;0;0;
32857;4295004;555401216;31830016;505409536;0;0;0;0;0;0;0;0;0;0;0;2435;0;0;0;0;0;0;
32858;2410631;555401216;31830016;505409536;0;0;0;0;0;0;0;0;0;0;0;3216;0;0;0;0;0;0;
32859;4357401;555401216;31830016;505409536;0;0;0;0;0;0;0;0;0;0;0;2494;0;0;0;0;0;0;
32860;2326714;555401216;31830016;505409536;0;0;0;0;0;0;0;0;0;0;0;2845;0;0;0;0;0;0;
32861;4385013;555401216;31830016;505409536;0;0;0;0;0;0;0;0;0;0;0;2505;0;0;0;0;0;0;
32862;2475804;555401216;31830016;505409536;0;0;0;0;0;0;0;0;0;0;0;2725;0;0;0;0;0;0;
32863;4379383;555401216;31830016;505409536;0;0;0;0;0;0;0;0;0;0;0;2825;0;0;0;0;0;0;
32864;2487054;555401216;31830016;505409536;0;0;0;0;0;0;0;0;0;0;0;2735;0;0;0;0;0;0;
32865;4351170;555401216;31830016;505409536;0;0;0;0;0;0;0;0;0;0;0;2465;0;0;0;0;0;0;
32866;2475823;555401216;31830016;505409536;0;0;0;0;0;0;0;0;0;0;0;3246;0;0;0;0;0;0;
32867;4365677;555401216;31830016;505409536;0;0;0;0;0;0;0;0;0;0;0;2284;0;0;0;0;0;0;
32868;2237837;555401216;31830016;505409536;0;0;0;0;0;0;0;0;0;0;0;2595;0;0;0;0;0;0;
32869;4361489;555401216;31830016;505409536;0;0;0;0;0;0;0;0;0;0;0;2404;0;0;0;0;0;0;
32870;2357100;555401216;31830016;505409536;0;0;0;0;0;0;0;0;0;0;0;2965;0;0;0;0;0;0;
32871;4398379;555401216;31830016;505409536;0;0;0;0;0;0;0;0;0;0;0;2625;0;0;0;0;0;0;
32872;2316183;555401216;31830016;505409536;0;0;0;0;0;0;0;0;0;0;0;2635;0;0;0;0;0;0;
32873;4361740;555401216;31830016;505409536;0;0;0;0;0;0;0;0;0;0;0;2154;0;0;0;0;0;0;
32874;2365587;555401216;31830016;505409536;0;0;0;0;0;0;0;0;0;0;0;2826;0;0;0;0;0;0;
32875;4515429;555401216;31830016;505409536;0;0;0;0;0;0;0;0;0;0;0;2444;0;0;0;0;0;0;
32876;2373731;555401216;31830016;505409536;0;0;0;0;0;0;0;0;0;0;0;2495;0;0;0;0;0;0;
32877;4375065;555401216;31830016;505409536;0;0;0;0;0;0;0;0;0;0;0;2445;0;0;0;0;0;0;
32878;2293031;555401216;31830016;505409536;0;0;0;0;0;0;0;0;0;0;0;2675;0;0;0;0;0;0;
32879;4549321;555401216;31830016;505409536;0;0;0;0;0;0;0;0;0;0;0;2495;0;0;0;0;0;0;
32880;2319640;555401216;31830016;505409536;0;0;0;0;0;0;0;0;0;0;0;2886;0;0;0;0;0;0;
32881;4368363;555401216;31830016;505409536;0;0;0;0;0;0;0;0;0;0;0;2414;0;0;0;0;0;0;
32882;2321343;555401216;31830016;505409536;0;0;0;0;0;0;0;0;0;0;0;2545;0;0;0;0;0;0;
32883;4483007;555401216;31830016;505409536;0;0;0;0;0;0;0;0;0;0;0;2395;0;0;0;0;0;0;
32884;2266811;555401216;31830016;505409536;0;0;0;0;0;0;0;0;0;0;0;3046;0;0;0;0;0;0;
32885;4373291;555401216;31830016;505409536;0;0;0;0;0;0;0;0;0;0;0;3106;0;0;0;0;0;0;
32886;2445757;555401216;31830016;505409536;0;0;0;0;0;0;0;0;0;0;0;3196;0;0;0;0;0;0;
32887;4401785;555401216;31830016;505409536;0;0;0;0;0;0;0;0;0;0;0;2304;0;0;0;0;0;0;
32888;2308930;555401216;31830016;505409536;0;0;0;0;0;0;0;0;0;0;0;3266;0;0;0;0;0;0;
32889;4433364;555401216;31830016;505409536;0;0;0;0;0;0;0;0;0;0;0;2915;0;0;0;0;0;0;
32890;2232707;555401216;31830016;505409536;0;0;0;0;0;0;0;0;0;0;0;2936;0;0;0;0;0;0;
32891;4542448;555401216;31830016;505409536;0;0;0;0;0;0;0;0;0;0;0;2475;0;0;0;0;0;0;
32892;2380565;555401216;31830016;505409536;0;0;0;0;0;0;0;0;0;0;0;3175;0;0;0;0;0;0;
32893;4306917;555401216;31830016;505409536;0;0;0;0;0;0;0;0;0;0;0;2285;0;0;0;0;0;0;
32894;2638368;555401216;31830016;505409536;0;0;0;0;0;0;0;0;0;0;0;2675;0;0;0;0;0;0;
32895;4503817;555401216;31830016;505409536;0;0;0;0;0;0;0;0;0;0;0;3046;0;0;0;0;0;0;
32896;3024212;555401216;31830016;505409536;0;0;0;0;0;0;0;0;0;0;0;4038;0;0;0;0;0;0;
32897;4604716;555401216;31830016;505409536;0;0;0;0;0;0;0;0;0;0;0;3406;0;0;0;0;0;0;
32898;3438579;555401216;31830016;505409536;0;0;0;0;0;0;0;0;0;0;0;3877;0;0;0;0;0;0;
32899;4642307;555401216;31830016;505409536;0;0;0;0;0;0;0;0;0;0;0;3386;0;0;0;0;0;0;
32900;3498732;555401216;31830016;505409536;0;0;0;0;0;0;0;0;0;0;0;3566;0;0;0;0;0;0;
32901;4804710;555401216;31830016;505409536;0;0;0;0;0;0;0;0;0;0;0;3216;0;0;0;0;0;0;
32902;3695290;555401216;31830016;505409536;0;0;0;0;0;0;0;0;0;0;0;3917;0;0;0;0;0;0;
32903;4715403;555401216;31830016;505409536;0;0;0;0;0;0;0;0;0;0;0;3727;0;0;0;0;0;0;
32904;3560557;555401216;31830016;505409536;0;0;0;0;0;0;0;0;0;0;0;3907;0;0;0;0;0;0;
32905;4653687;555401216;31830016;505409536;0;0;0;0;0;0;0;0;0;0;0;3427;0;0;0;0;0;0;
32906;3511325;555401216;31830016;505409536;0;0;0;0;0;0;0;0;0;0;0;3677;0;0;0;0;0;0;
32907;4964571;555401216;31830016;505409536;0;0;0;0;0;0;0;0;0;0;0;3386;0;0;0;0;0;0;
32908;2272242;555401216;31830016;505409536;0;0;0;0;0;0;0;0;0;0;0;2585;0;0;0;0;0;0;
32909;4581522;555401216;31830016;505409536;0;0;0;0;0;0;0;0;0;0;0;2245;0;0;0;0;0;0;
32910;2565872;555401216;31830016;505409536;0;0;0;0;0;0;0;0;0;0;0;2946;0;0;0;0;0;0;
32911;4417314;555401216;31830016;505409536;0;0;0;0;0;0;0;0;0;0;0;2405;0;0;0;0;0;0;
32912;2400692;555401216;31830016;505409536;0;0;0;0;0;0;0;0;0;0;0;2886;0;0;0;0;0;0;
32913;4488457;555401216;31830016;505409536;0;0;0;0;0;0;0;0;0;0;0;2544;0;0;0;0;0;0;
32914;2709571;555401216;31830016;505409536;0;0;0;0;0;0;0;0;0;0;0;3547;0;0;0;0;0;0;
32915;4732536;555401216;31830016;505409536;0;0;0;0;0;0;0;0;0;0;0;3246;0;0;0;0;0;0;
32916;3447695;555401216;31830016;505409536;0;0;0;0;0;0;0;0;0;0;0;3657;0;0;0;0;0;0;
32917;4793139;555401216;31830016;505409536;0;0;0;0;0;0;0;0;0;0;0;3376;0;0;0;0;0;0;
32918;3702504;555401216;31830016;505409536;0;0;0;0;0;0;0;0;0;0;0;3797;0;0;0;0;0;0;
32919;4625425;555401216;31830016;505409536;0;0;0;0;0;0;0;0;0;0;0;3276;0;0;0;0;0;0;
32920;3753569;555401216;31830016;505409536;0;0;0;0;0;0;0;0;0;0;0;4178;0;0;0;0;0;0;
32921;4698261;555401216;31830016;505409536;0;0;0;0;0;0;0;0;0;0;0;3516;0;0;0;0;0;0;
32922;3605121;555401216;31830016;505409536;0;0;0;0;0;0;0;0;0;0;0;3757;0;0;0;0;0;0;
32923;4717187;555401216;31830016;505409536;0;0;0;0;0;0;0;0;0;0;0;3587;0;0;0;0;0;0;
32924;3470849;555401216;31830016;505409536;0;0;0;0;0;0;0;0;0;0;0;3347;0;0;0;0;0;0;
32925;4695065;555401216;31830016;505409536;0;0;0;0;0;0;0;0;0;0;0;3406;0;0;0;0;0;0;
32926;3431275;555401216;31830016;505409536;0;0;0;0;0;0;0;0;0;0;0;4018;0;0;0;0;0;0;
32927;4690256;555401216;31830016;505409536;0;0;0;0;0;0;0;0;0;0;0;3637;0;0;0;0;0;0;
32928;3581768;555401216;31830016;505409536;0;0;0;0;0;0;0;0;0;0;0;3577;0;0;0;0;0;0;
32929;4713920;555401216;31830016;505409536;0;0;0;0;0;0;0;0;0;0;0;3417;0;0;0;0;0;0;
32930;3859318;555401216;31830016;505409536;0;0;0;0;0;0;0;0;0;0;0;3948;0;0;0;0;0;0;
32931;4680618;555401216;31830016;505409536;0;0;0;0;0;0;0;0;0;0;0;3326;0;0;0;0;0;0;
32932;3542444;555401216;31830016;505409536;0;0;0;0;0;0;0;0;0;0;0;3617;0;0;0;0;0;0;
32933;4587704;555401216;31830016;505409536;0;0;0;0;0;0;0;0;0;0;0;3366;0;0;0;0;0;0;
32934;3590874;555401216;31830016;505409536;0;0;0;0;0;0;0;0;0;0;0;3557;0;0;0;0;0;0;
32935;4648818;555401216;31830016;505409536;0;0;0;0;0;0;0;0;0;0;0;3276;0;0;0;0;0;0;
32936;3377173;555401216;31830016;505409536;0;0;0;0;0;0;0;0;0;0;0;3997;0;0;0;0;0;0;
32937;4619193;555401216;31830016;505409536;0;0;0;0;0;0;0;0;0;0;0;3717;0;0;0;0;0;0;
32938;3351144;555401216;31830016;505409536;0;0;0;0;0;0;0;0;0;0;0;3687;0;0;0;0;0;0;
32939;4687992;555401216;31830016;505409536;0;0;0;0;0;0;0;0;0;0;0;3026;0;0;0;0;0;0;
32940;3699878;555401216;31830016;505409536;0;0;0;0;0;0;0;0;0;0;0;3927;0;0;0;0;0;0;
32941;10684378;555401216;31830016;505409536;0;0;0;0;0;0;0;0;0;0;0;3697;0;0;0;0;0;0;
32942;4681089;555401216;31830016;505409536;0;0;0;0;0;0;0;0;0;0;0;3957;0;0;0;0;0;0;
32943;4339758;555401216;31830016;505409536;0;0;0;0;0;0;0;0;0;0;0;2294;0;0;0;0;0;0;
32944;2437221;555401216;31830016;505409536;0;0;0;0;0;0;0;0;0;0;0;2815;0;0;0;0;0;0;
32945;4391757;555401216;31830016;505409536;0;0;0;0;0;0;0;0;0;0;0;2174;0;0;0;0;0;0;
32946;2320241;555401216;31830016;505409536;0;0;0;0;0;0;0;0;0;0;0;2595;0;0;0;0;0;0;
32947;4361028;555401216;31830016;505409536;0;0;0;0;0;0;0;0;0;0;0;2474;0;0;0;0;0;0;
32948;2284405;555401216;31830016;505409536;0;0;0;0;0;0;0;0;0;0;0;2505;0;0;0;0;0;0;
32949;4526609;555401216;31830016;505409536;0;0;0;0;0;0;0;0;0;0;0;2275;0;0;0;0;0;0;
32950;2355908;555401216;31830016;505409536;0;0;0;0;0;0;0;0;0;0;0;2906;0;0;0;0;0;0;
32951;4323869;555401216;31830016;505409536;0;0;0;0;0;0;0;0;0;0;0;2705;0;0;0;0;0;0;
32952;2409008;555401216;31830016;505409536;0;0;0;0;0;0;0;0;0;0;0;3156;0;0;0;0;0;0;
32953;4358253;555401216;31830016;505409536;0;0;0;0;0;0;0;0;0;0;0;2384;0;0;0;0;0;0;
32954;2414579;555401216;31830016;505409536;0;0;0;0;0;0;0;0;0;0;0;2956;0;0;0;0;0;0;
32955;4340841;555401216;31830016;505409536;0;0;0;0;0;0;0;0;0;0;0;2434;0;0;0;0;0;0;
32956;2491963;555401216;31830016;505409536;0;0;0;0;0;0;0;0;0;0;0;2895;0;0;0;0;0;0;
32957;4348846;555401216;31830016;505409536;0;0;0;0;0;0;0;0;0;0;0;2575;0;0;0;0;0;0;
32958;2503505;555401216;31830016;505409536;0;0;0;0;0;0;0;0;0;0;0;2815;0;0;0;0;0;0;
32959;4442812;555401216;31830016;505409536;0;0;0;0;0;0;0;0;0;0;0;2765;0;0;0;0;0;0;
32960;2365256;555401216;31830016;505409536;0;0;0;0;0;0;0;0;0;0;0;2815;0;0;0;0;0;0;
32961;4336302;555401216;31830016;505409536;0;0;0;0;0;0;0;0;0;0;0;3186;0;0;0;0;0;0;
32962;2350889;555401216;31830016;505409536;0;0;0;0;0;0;0;0;0;0;0;2745;0;0;0;0;0;0;
32963;4485452;555401216;31830016;505409536;0;0;0;0;0;0;0;0;0;0;0;2385;0;0;0;0;0;0;
32964;2437542;555401216;31830016;505409536;0;0;0;0;0;0;0;0;0;0;0;3056;0;0;0;0;0;0;
32965;4407866;555401216;31830016;505409536;0;0;0;0;0;0;0;0;0;0;0;2154;0;0;0;0;0;0;
32966;2375475;555401216;31830016;505409536;0;0;0;0;0;0;0;0;0;0;0;2725;0;0;0;0;0;0;
32967;4419318;555401216;31830016;505409536;0;0;0;0;0;0;0;0;0;0;0;2655;0;0;0;0;0;0;
32968;2387076;555401216;31830016;505409536;0;0;0;0;0;0;0;0;0;0;0;2625;0;0;0;0;0;0;
32969;4413858;555401216;31830016;505409536;0;0;0;0;0;0;0;0;0;0;0;2905;0;0;0;0;0;0;
32970;2294703;555401216;31830016;505409536;0;0;0;0;0;0;0;0;0;0;0;2726;0;0;0;0;0;0;
32971;4505881;555401216;31830016;505409536;0;0;0;0;0;0;0;0;0;0;0;2164;0;0;0;0;0;0;
32972;2263615;555401216;31830016;505409536;0;0;0;0;0;0;0;0;0;0;0;3576;0;0;0;0;0;0;
32973;4324941;555401216;31830016;505409536;0;0;0;0;0;0;0;0;0;0;0;2756;0;0;0;0;0;0;
32974;2337033;555401216;31830016;505409536;0;0;0;0;0;0;0;0;0;0;0;2584;0;0;0;0;0;0;
32975;4473359;555401216;31830016;505409536;0;0;0;0;0;0;0;0;0;0;0;2535;0;0;0;0;0;0;
32976;2466445;555401216;31830016;505409536;0;0;0;0;0;0;0;0;0;0;0;2635;0;0;0;0;0;0;
32977;4447240;555401216;31830016;505409536;0;0;0;0;0;0;0;0;0;0;0;3046;0;0;0;0;0;0;
32978;2401904;555401216;31830016;505409536;0;0;0;0;0;0;0;0;0;0;0;2856;0;0;0;0;0;0;
32979;4633960;555401216;31830016;505409536;0;0;0;0;0;0;0;0;0;0;0;2705;0;0;0;0;0;0;
32980;2469000;555401216;31830016;505409536;0;0;0;0;0;0;0;0;0;0;0;2946;0;0;0;0;0;0;
32981;4393890;555401216;31830016;505409536;0;0;0;0;0;0;0;0;0;0;0;2705;0;0;0;0;0;0;
32982;2291016;555401216;31830016;505409536;0;0;0;0;0;0;0;0;0;0;0;2615;0;0;0;0;0;0;
32983;4536067;555401216;31830016;505409536;0;0;0;0;0;0;0;0;0;0;0;2655;0;0;0;0;0;0;
32984;2362129;555401216;31830016;505409536;0;0;0;0;0;0;0;0;0;0;0;2635;0;0;0;0;0;0;
32985;4352723;555401216;31830016;505409536;0;0;0;0;0;0;0;0;0;0;0;2274;0;0;0;0;0;0;
32986;2433994;555401216;31830016;505409536;0;0;0;0;0;0;0;0;0;0;0;2775;0;0;0;0;0;0;
32987;4398439;555401216;31830016;505409536;0;0;0;0;0;0;0;0;0;0;0;2514;0;0;0;0;0;0;
32988;2594806;555401216;31830016;505409536;0;0;0;0;0;0;0;0;0;0;0;3045;0;0;0;0;0;0;
32989;4401474;555401216;31830016;505409536;0;0;0;0;0;0;0;0;0;0;0;2535;0;0;0;0;0;0;
32990;2385534;555401216;31830016;505409536;0;0;0;0;0;0;0;0;0;0;0;2936;0;0;0;0;0;0;
32991;4498917;555401216;31830016;505409536;0;0;0;0;0;0;0;0;0;0;0;2895;0;0;0;0;0;0;
32992;2359435;555401216;31830016;505409536;0;0;0;0;0;0;0;0;0;0;0;3036;0;0;0;0;0;0;
32993;4555333;555401216;31830016;505409536;0;0;0;0;0;0;0;0;0;0;0;2875;0;0;0;0;0;0;
32994;2337424;555401216;31830016;505409536;0;0;0;0;0;0;0;0;0;0;0;2785;0;0;0;0;0;0;
32995;4656663;555401216;31830016;505409536;0;0;0;0;0;0;0;0;0;0;0;2434;0;0;0;0;0;0;
32996;2363353;555401216;31830016;505409536;0;0;0;0;0;0;0;0;0;0;0;3056;0;0;0;0;0;0;
32997;4362572;555401216;31830016;505409536;0;0;0;0;0;0;0;0;0;0;0;2545;0;0;0;0;0;0;
32998;2424227;555401216;31830016;505409536;0;0;0;0;0;0;0;0;0;0;0;2605;0;0;0;0;0;0;
32999;4480062;555401216;31830016;505409536;0;0;0;0;0;0;0;0;0;0;0;2565;0;0;0;0;0;0;
33000;2338195;555401216;31830016;505409536;0;0;0;0;0;0;0;0;0;0;0;2605;0;0;0;0;0;0;
33001;4323869;555401216;31830016;505409536;0;0;0;0;0;0;0;0;0;0;0;2365;0;0;0;0;0;0;
33002;2388760;555401216;31830016;505409536;0;0;0;0;0;0;0;0;0;0;0;3116;0;0;0;0;0;0;
33003;4486554;555401216;31830016;505409536;0;0;0;0;0;0;0;0;0;0;0;2434;0;0;0;0;0;0;
33004;2339618;555401216;31830016;505409536;0;0;0;0;0;0;0;0;0;0;0;2815;0;0;0;0;0;0;
33005;4369234;555401216;31830016;505409536;0;0;0;0;0;0;0;0;0;0;0;2555;0;0;0;0;0;0;
33006;2383249;555401216;31830016;505409536;0;0;0;0;0;0;0;0;0;0;0;2755;0;0;0;0;0;0;
33007;4472678;555401216;31830016;505409536;0;0;0;0;0;0;0;0;0;0;0;2405;0;0;0;0;0;0;
33008;2320672;555401216;31830016;505409536;0;0;0;0;0;0;0;0;0;0;0;2815;0;0;0;0;0;0;
33009;4454554;555401216;31830016;505409536;0;0;0;0;0;0;0;0;0;0;0;3236;0;0;0;0;0;0;
33010;2254067;555401216;31830016;505409536;0;0;0;0;0;0;0;0;0;0;0;2936;0;0;0;0;0;0;
33011;4392848;555401216;31830016;505409536;0;0;0;0;0;0;0;0;0;0;0;2525;0;0;0;0;0;0;
33012;2371948;555401216;31830016;505409536;0;0;0;0;0;0;0;0;0;0;0;2965;0;0;0;0;0;0;
33013;4381467;555401216;31830016;505409536;0;0;0;0;0;0;0;0;0;0;0;2575;0;0;0;0;0;0;
33014;2551144;555401216;31830016;505409536;0;0;0;0;0;0;0;0;0;0;0;2926;0;0;0;0;0;0;
33015;4395613;555401216;31830016;505409536;0;0;0;0;0;0;0;0;0;0;0;2966;0;0;0;0;0;0;
33016;2403638;555401216;31830016;505409536;0;0;0;0;0;0;0;0;0;0;0;2715;0;0;0;0;0;0;
33017;4515428;555401216;31830016;505409536;0;0;0;0;0;0;0;0;0;0;0;2655;0;0;0;0;0;0;
33018;2464331;555401216;31830016;505409536;0;0;0;0;0;0;0;0;0;0;0;3066;0;0;0;0;0;0;
33019;4489710;555401216;31830016;505409536;0;0;0;0;0;0;0;0;0;0;0;3026;0;0;0;0;0;0;
33020;2468900;555401216;31830016;505409536;0;0;0;0;0;0;0;0;0;0;0;3035;0;0;0;0;0;0;
33021;4416312;555401216;31830016;505409536;0;0;0;0;0;0;0;0;0;0;0;2715;0;0;0;0;0;0;
33022;2408617;555401216;31830016;505409536;0;0;0;0;0;0;0;0;0;0;0;2925;0;0;0;0;0;0;
33023;4538241;555401216;31830016;505409536;0;0;0;0;0;0;0;0;0;0;0;2825;0;0;0;0;0;0;
33024;2442340;555401216;31830016;505409536;0;0;0;0;0;0;0;0;0;0;0;2925;0;0;0;0;0;0;
33025;4571684;555401216;31830016;505409536;0;0;0;0;0;0;0;0;0;0;0;2595;0;0;0;0;0;0;
33026;2534883;555401216;31830016;505409536;0;0;0;0;0;0;0;0;0;0;0;2985;0;0;0;0;0;0;
33027;4549071;555401216;31830016;505409536;0;0;0;0;0;0;0;0;0;0;0;2876;0;0;0;0;0;0;
33028;2363873;555401216;31830016;505409536;0;0;0;0;0;0;0;0;0;0;0;2845;0;0;0;0;0;0;
33029;4493938;555401216;31830016;505409536;0;0;0;0;0;0;0;0;0;0;0;2595;0;0;0;0;0;0;
33030;2382388;555401216;31830016;505409536;0;0;0;0;0;0;0;0;0;0;0;3457;0;0;0;0;0;0;
33031;4384432;555401216;31830016;505409536;0;0;0;0;0;0;0;0;0;0;0;3025;0;0;0;0;0;0;
33032;2354756;555401216;31830016;505409536;0;0;0;0;0;0;0;0;0;0;0;3366;0;0;0;0;0;0;
33033;4437833;555401216;31830016;505409536;0;0;0;0;0;0;0;0;0;0;0;2574;0;0;0;0;0;0;
33034;2196850;555401216;31830016;505409536;0;0;0;0;0;0;0;0;0;0;0;2855;0;0;0;0;0;0;
33035;4465484;555401216;31830016;505409536;0;0;0;0;0;0;0;0;0;0;0;2365;0;0;0;0;0;0;
33036;2472667;555401216;31830016;505409536;0;0;0;0;0;0;0;0;0;0;0;2885;0;0;0;0;0;0;
33037;4500991;555401216;31830016;505409536;0;0;0;0;0;0;0;0;0;0;0;2424;0;0;0;0;0;0;
33038;2416602;555401216;31830016;505409536;0;0;0;0;0;0;0;0;0;0;0;3026;0;0;0;0;0;0;
33039;4468440;555401216;31830016;505409536;0;0;0;0;0;0;0;0;0;0;0;2294;0;0;0;0;0;0;
33040;2276298;555401216;31830016;505409536;0;0;0;0;0;0;0;0;0;0;0;2555;0;0;0;0;0;0;
33041;4460265;555401216;31830016;505409536;0;0;0;0;0;0;0;0;0;0;0;2314;0;0;0;0;0;0;
33042;2541866;555401216;31830016;505409536;0;0;0;0;0;0;0;0;0;0;0;2615;0;0;0;0;0;0;
33043;4469963;555401216;31830016;505409536;0;0;0;0;0;0;0;0;0;0;0;1854;0;0;0;0;0;0;
33044;2299492;555401216;31830016;505409536;0;0;0;0;0;0;0;0;0;0;0;2434;0;0;0;0;0;0;
33045;4401314;555401216;31830016;505409536;0;0;0;0;0;0;0;0;0;0;0;2104;0;0;0;0;0;0;
33046;2461527;555401216;31830016;505409536;0;0;0;0;0;0;0;0;0;0;0;3306;0;0;0;0;0;0;
33047;4474953;555401216;31830016;505409536;0;0;0;0;0;0;0;0;0;0;0;2866;0;0;0;0;0;0;
33048;2259658;555401216;31830016;505409536;0;0;0;0;0;0;0;0;0;0;0;3156;0;0;0;0;0;0;
33049;4492616;555401216;31830016;505409536;0;0;0;0;0;0;0;0;0;0;0;2384;0;0;0;0;0;0;
33050;2657644;555401216;31830016;505409536;0;0;0;0;0;0;0;0;0;0;0;2505;0;0;0;0;0;0;
33051;4532761;555401216;31830016;505409536;0;0;0;0;0;0;0;0;0;0;0;2134;0;0;0;0;0;0;
33052;2471565;555401216;31830016;505409536;0;0;0;0;0;0;0;0;0;0;0;2614;0;0;0;0;0;0;
33053;4678554;555401216;31830016;505409536;0;0;0;0;0;0;0;0;0;0;0;7124;0;0;0;0;0;0;
33054;2626946;555401216;31830016;505409536;0;0;0;0;0;0;0;0;0;0;0;2996;0;0;0;0;0;0;
33055;4462318;555401216;31830016;505409536;0;0;0;0;0;0;0;0;0;0;0;2435;0;0;0;0;0;0;
33056;2263936;555401216;31830016;505409536;0;0;0;0;0;0;0;0;0;0;0;2695;0;0;0;0;0;0;
33057;4426892;555401216;31830016;505409536;0;0;0;0;0;0;0;0;0;0;0;2685;0;0;0;0;0;0;
33058;2399851;555401216;31830016;505409536;0;0;0;0;0;0;0;0;0;0;0;3126;0;0;0;0;0;0;
33059;4565973;555401216;31830016;505409536;0;0;0;0;0;0;0;0;0;0;0;2244;0;0;0;0;0;0;
33060;2210465;555401216;31830016;505409536;0;0;0;0;0;0;0;0;0;0;0;2915;0;0;0;0;0;0;
33061;4460215;555401216;31830016;505409536;0;0;0;0;0;0;0;0;0;0;0;2425;0;0;0;0;0;0;
33062;2386235;555401216;31830016;505409536;0;0;0;0;0;0;0;0;0;0;0;2685;0;0;0;0;0;0;
33063;4629582;555401216;31830016;505409536;0;0;0;0;0;0;0;0;0;0;0;2645;0;0;0;0;0;0;
33064;2431840;555401216;31830016;505409536;0;0;0;0;0;0;0;0;0;0;0;2705;0;0;0;0;0;0;
33065;4394832;555401216;31830016;505409536;0;0;0;0;0;0;0;0;0;0;0;2635;0;0;0;0;0;0;
33066;2442841;555401216;31830016;505409536;0;0;0;0;0;0;0;0;0;0;0;12744;0;0;0;0;0;0;
33067;4562366;555401216;31830016;505409536;0;0;0;0;0;0;0;0;0;0;0;2435;0;0;0;0;0;0;
33068;2452128;555401216;31830016;505409536;0;0;0;0;0;0;0;0;0;0;0;2835;0;0;0;0;0;0;
33069;4402536;555401216;31830016;505409536;0;0;0;0;0;0;0;0;0;0;0;2896;0;0;0;0;0;0;
33070;2485642;555401216;31830016;505409536;0;0;0;0;0;0;0;0;0;0;0;2645;0;0;0;0;0;0;
33071;4686880;555401216;31830016;505409536;0;0;0;0;0;0;0;0;0;0;0;2394;0;0;0;0;0;0;
33072;2258245;555401216;31830016;505409536;0;0;0;0;0;0;0;0;0;0;0;2615;0;0;0;0;0;0;
33073;4504738;555401216;31830016;505409536;0;0;0;0;0;0;0;0;0;0;0;2364;0;0;0;0;0;0;
33074;2385714;555401216;31830016;505409536;0;0;0;0;0;0;0;0;0;0;0;2885;0;0;0;0;0;0;
33075;4411693;555401216;31830016;505409536;0;0;0;0;0;0;0;0;0;0;0;2625;0;0;0;0;0;0;
33076;2238829;555401216;31830016;505409536;0;0;0;0;0;0;0;0;0;0;0;2976;0;0;0;0;0;0;
33077;4377139;555401216;31830016;505409536;0;0;0;0;0;0;0;0;0;0;0;2585;0;0;0;0;0;0;
33078;2377298;555401216;31830016;505409536;0;0;0;0;0;0;0;0;0;0;0;2775;0;0;0;0;0;0;
33079;4427954;555401216;31830016;505409536;0;0;0;0;0;0;0;0;0;0;0;3066;0;0;0;0;0;0;
33080;2246232;555401216;31830016;505409536;0;0;0;0;0;0;0;0;0;0;0;3096;0;0;0;0;0;0;
33081;4352202;555401216;31830016;505409536;0;0;0;0;0;0;0;0;0;0;0;2825;0;0;0;0;0;0;
33082;2304031;555401216;31830016;505409536;0;0;0;0;0;0;0;0;0;0;0;3337;0;0;0;0;0;0;
33083;4465174;555401216;31830016;505409536;0;0;0;0;0;0;0;0;0;0;0;2355;0;0;0;0;0;0;
33084;2254067;555401216;31830016;505409536;0;0;0;0;0;0;0;0;0;0;0;3026;0;0;0;0;0;0;
33085;4503175;555401216;31830016;505409536;0;0;0;0;0;0;0;0;0;0;0;2445;0;0;0;0;0;0;
33086;2456577;555401216;31830016;505409536;0;0;0;0;0;0;0;0;0;0;0;2625;0;0;0;0;0;0;
33087;4523504;555401216;31830016;505409536;0;0;0;0;0;0;0;0;0;0;0;2665;0;0;0;0;0;0;
33088;2370986;555401216;31830016;505409536;0;0;0;0;0;0;0;0;0;0;0;2755;0;0;0;0;0;0;
33089;4508746;555401216;31830016;505409536;0;0;0;0;0;0;0;0;0;0;0;2504;0;0;0;0;0;0;
33090;2321634;555401216;31830016;505409536;0;0;0;0;0;0;0;0;0;0;0;2605;0;0;0;0;0;0;
33091;4531328;555401216;31830016;505409536;0;0;0;0;0;0;0;0;0;0;0;2384;0;0;0;0;0;0;
33092;2300855;555401216;31830016;505409536;0;0;0;0;0;0;0;0;0;0;0;2685;0;0;0;0;0;0;
33093;4453622;555401216;31830016;505409536;0;0;0;0;0;0;0;0;0;0;0;2374;0;0;0;0;0;0;
33094;2468149;555401216;31830016;505409536;0;0;0;0;0;0;0;0;0;0;0;2945;0;0;0;0;0;0;
33095;4582715;555401216;31830016;505409536;0;0;0;0;0;0;0;0;0;0;0;2705;0;0;0;0;0;0;
33096;2309732;555401216;31830016;505409536;0;0;0;0;0;0;0;0;0;0;0;2645;0;0;0;0;0;0;
33097;4525187;555401216;31830016;505409536;0;0;0;0;0;0;0;0;0;0;0;3206;0;0;0;0;0;0;
33098;2347924;555401216;31830016;505409536;0;0;0;0;0;0;0;0;0;0;0;2996;0;0;0;0;0;0;
33099;4496864;555401216;31830016;505409536;0;0;0;0;0;0;0;0;0;0;0;2785;0;0;0;0;0;0;
33100;2455936;555401216;31830016;505409536;0;0;0;0;0;0;0;0;0;0;0;2875;0;0;0;0;0;0;
33101;4430719;555401216;31830016;505409536;0;0;0;0;0;0;0;0;0;0;0;2365;0;0;0;0;0;0;
33102;2389081;555401216;31830016;505409536;0;0;0;0;0;0;0;0;0;0;0;2996;0;0;0;0;0;0;
33103;4473259;555401216;31830016;505409536;0;0;0;0;0;0;0;0;0;0;0;2645;0;0;0;0;0;0;
33104;2310363;555401216;31830016;505409536;0;0;0;0;0;0;0;0;0;0;0;2575;0;0;0;0;0;0;
33105;4652776;555401216;31830016;505409536;0;0;0;0;0;0;0;0;0;0;0;2755;0;0;0;0;0;0;
33106;2167275;555401216;31830016;505409536;0;0;0;0;0;0;0;0;0;0;0;2174;0;0;0;0;0;0;
33107;4720372;555401216;31830016;505409536;0;0;0;0;0;0;0;0;0;0;0;1944;0;0;0;0;0;0;
33108;2460524;555401216;31830016;505409536;0;0;0;0;0;0;0;0;0;0;0;2965;0;0;0;0;0;0;
33109;4372931;555401216;31830016;505409536;0;0;0;0;0;0;0;0;0;0;0;2635;0;0;0;0;0;0;
33110;2563047;555401216;31830016;505409536;0;0;0;0;0;0;0;0;0;0;0;3085;0;0;0;0;0;0;
33111;4465835;555401216;31830016;505409536;0;0;0;0;0;0;0;0;0;0;0;2515;0;0;0;0;0;0;
33112;2326112;555401216;31830016;505409536;0;0;0;0;0;0;0;0;0;0;0;2835;0;0;0;0;0;0;
33113;4411894;555401216;31830016;505409536;0;0;0;0;0;0;0;0;0;0;0;2425;0;0;0;0;0;0;
33114;2380375;555401216;31830016;505409536;0;0;0;0;0;0;0;0;0;0;0;3176;0;0;0;0;0;0;
33115;4345690;555401216;31830016;505409536;0;0;0;0;0;0;0;0;0;0;0;2475;0;0;0;0;0;0;
33116;2386546;555401216;31830016;505409536;0;0;0;0;0;0;0;0;0;0;0;2735;0;0;0;0;0;0;
33117;4481704;555401216;31830016;505409536;0;0;0;0;0;0;0;0;0;0;0;2585;0;0;0;0;0;0;
33118;2308539;555401216;31830016;505409536;0;0;0;0;0;0;0;0;0;0;0;3096;0;0;0;0;0;0;
33119;4796386;555401216;31830016;505409536;0;0;0;0;0;0;0;0;0;0;0;2736;0;0;0;0;0;0;
33120;2401403;555401216;31830016;505409536;0;0;0;0;0;0;0;0;0;0;0;2775;0;0;0;0;0;0;
33121;4671391;555401216;31830016;505409536;0;0;0;0;0;0;0;0;0;0;0;2916;0;0;0;0;0;0;
33122;2421792;555401216;31830016;505409536;0;0;0;0;0;0;0;0;0;0;0;2755;0;0;0;0;0;0;
33123;4617940;555401216;31830016;505409536;0;0;0;0;0;0;0;0;0;0;0;2665;0;0;0;0;0;0;
33124;2519044;555401216;31830016;505409536;0;0;0;0;0;0;0;0;0;0;0;2855;0;0;0;0;0;0;
33125;4391716;555401216;31830016;505409536;0;0;0;0;0;0;0;0;0;0;0;2485;0;0;0;0;0;0;
33126;2441148;555401216;31830016;505409536;0;0;0;0;0;0;0;0;0;0;0;2685;0;0;0;0;0;0;
33127;4526389;555401216;31830016;505409536;0;0;0;0;0;0;0;0;0;0;0;2635;0;0;0;0;0;0;
33128;2460584;555401216;31830016;505409536;0;0;0;0;0;0;0;0;0;0;0;2745;0;0;0;0;0;0;
33129;4345069;555401216;31830016;505409536;0;0;0;0;0;0;0;0;0;0;0;2414;0;0;0;0;0;0;
33130;2664788;555401216;31830016;505409536;0;0;0;0;0;0;0;0;0;0;0;3257;0;0;0;0;0;0;
33131;4563208;555401216;31830016;505409536;0;0;0;0;0;0;0;0;0;0;0;2454;0;0;0;0;0;0;
33132;2378220;555401216;31830016;505409536;0;0;0;0;0;0;0;0;0;0;0;2635;0;0;0;0;0;0;
33133;4467629;555401216;31830016;505409536;0;0;0;0;0;0;0;0;0;0;0;2785;0;0;0;0;0;0;
33134;2508735;555401216;31830016;505409536;0;0;0;0;0;0;0;0;0;0;0;3106;0;0;0;0;0;0;
33135;4441169;555401216;31830016;505409536;0;0;0;0;0;0;0;0;0;0;0;2705;0;0;0;0;0;0;
33136;2476434;555401216;31830016;505409536;0;0;0;0;0;0;0;0;0;0;0;2645;0;0;0;0;0;0;
33137;4629833;555401216;31830016;505409536;0;0;0;0;0;0;0;0;0;0;0;2695;0;0;0;0;0;0;
33138;2439685;555401216;31830016;505409536;0;0;0;0;0;0;0;0;0;0;0;2635;0;0;0;0;0;0;
33139;4515959;555401216;31830016;505409536;0;0;0;0;0;0;0;0;0;0;0;2575;0;0;0;0;0;0;
33140;2423305;555401216;31830016;505409536;0;0;0;0;0;0;0;0;0;0;0;2886;0;0;0;0;0;0;
33141;4430238;555401216;31830016;505409536;0;0;0;0;0;0;0;0;0;0;0;2024;0;0;0;0;0;0;
33142;2482426;555401216;31830016;505409536;0;0;0;0;0;0;0;0;0;0;0;2244;0;0;0;0;0;0;
33143;4501502;555401216;31830016;505409536;0;0;0;0;0;0;0;0;0;0;0;2465;0;0;0;0;0;0;
33144;2236154;555401216;31830016;505409536;0;0;0;0;0;0;0;0;0;0;0;3026;0;0;0;0;0;0;
33145;4528122;555401216;31830016;505409536;0;0;0;0;0;0;0;0;0;0;0;2695;0;0;0;0;0;0;
33146;2324450;555401216;31830016;505409536;0;0;0;0;0;0;0;0;0;0;0;2635;0;0;0;0;0;0;
33147;4468130;555401216;31830016;505409536;0;0;0;0;0;0;0;0;0;0;0;2695;0;0;0;0;0;0;
33148;2563087;555401216;31830016;505409536;0;0;0;0;0;0;0;0;0;0;0;2755;0;0;0;0;0;0;
33149;4329579;555401216;31830016;505409536;0;0;0;0;0;0;0;0;0;0;0;2675;0;0;0;0;0;0;
33150;2442330;555401216;31830016;505409536;0;0;0;0;0;0;0;0;0;0;0;2946;0;0;0;0;0;0;
33151;4516500;555401216;31830016;505409536;0;0;0;0;0;0;0;0;0;0;0;2564;0;0;0;0;0;0;
33152;2521409;555401216;31830016;505409536;0;0;0;0;0;0;0;0;0;0;0;3236;0;0;0;0;0;0;
33153;4295716;555401216;31830016;505409536;0;0;0;0;0;0;0;0;0;0;0;2605;0;0;0;0;0;0;
33154;2340389;555401216;31830016;505409536;0;0;0;0;0;0;0;0;0;0;0;2885;0;0;0;0;0;0;
33155;4381567;555401216;31830016;505409536;0;0;0;0;0;0;0;0;0;0;0;2534;0;0;0;0;0;0;
33156;2502433;555401216;31830016;505409536;0;0;0;0;0;0;0;0;0;0;0;2746;0;0;0;0;0;0;
33157;4479751;555401216;31830016;505409536;0;0;0;0;0;0;0;0;0;0;0;2535;0;0;0;0;0;0;
33158;2407545;555401216;31830016;505409536;0;0;0;0;0;0;0;0;0;0;0;2986;0;0;0;0;0;0;
33159;4543932;555401216;31830016;505409536;0;0;0;0;0;0;0;0;0;0;0;2394;0;0;0;0;0;0;
33160;2235843;555401216;31830016;505409536;0;0;0;0;0;0;0;0;0;0;0;2805;0;0;0;0;0;0;
33161;4473419;555401216;31830016;505409536;0;0;0;0;0;0;0;0;0;0;0;2284;0;0;0;0;0;0;
33162;2514125;555401216;31830016;505409536;0;0;0;0;0;0;0;0;0;0;0;2534;0;0;0;0;0;0;
33163;4586181;555401216;31830016;505409536;0;0;0;0;0;0;0;0;0;0;0;2254;0;0;0;0;0;0;
33164;2630293;555401216;31830016;505409536;0;0;0;0;0;0;0;0;0;0;0;2445;0;0;0;0;0;0;
33165;4346321;555401216;31830016;505409536;0;0;0;0;0;0;0;0;0;0;0;2474;0;0;0;0;0;0;
33166;2398558;555401216;31830016;505409536;0;0;0;0;0;0;0;0;0;0;0;2414;0;0;0;0;0;0;
33167;4703641;555401216;31830016;505409536;0;0;0;0;0;0;0;0;0;0;0;2856;0;0;0;0;0;0;
33168;2340540;555401216;31830016;505409536;0;0;0;0;0;0;0;0;0;0;0;9177;0;0;0;0;0;0;
33169;4667664;555401216;31830016;505409536;0;0;0;0;0;0;0;0;0;0;0;2565;0;0;0;0;0;0;
33170;2322736;555401216;31830016;505409536;0;0;0;0;0;0;0;0;0;0;0;2785;0;0;0;0;0;0;
33171;4412044;555401216;31830016;505409536;0;0;0;0;0;0;0;0;0;0;0;2725;0;0;0;0;0;0;
33172;2315302;555401216;31830016;505409536;0;0;0;0;0;0;0;0;0;0;0;3005;0;0;0;0;0;0;
33173;4520428;555401216;31830016;505409536;0;0;0;0;0;0;0;0;0;0;0;2555;0;0;0;0;0;0;
33174;2353514;555401216;31830016;505409536;0;0;0;0;0;0;0;0;0;0;0;2905;0;0;0;0;0;0;
33175;4541497;555401216;31830016;505409536;0;0;0;0;0;0;0;0;0;0;0;2345;0;0;0;0;0;0;
33176;2337494;555401216;31830016;505409536;0;0;0;0;0;0;0;0;0;0;0;2585;0;0;0;0;0;0;
33177;4601600;555401216;31830016;505409536;0;0;0;0;0;0;0;0;0;0;0;2385;0;0;0;0;0;0;
33178;2728527;555401216;31830016;505409536;0;0;0;0;0;0;0;0;0;0;0;3206;0;0;0;0;0;0;
33179;4550674;555401216;31830016;505409536;0;0;0;0;0;0;0;0;0;0;0;2254;0;0;0;0;0;0;
33180;2494268;555401216;31830016;505409536;0;0;0;0;0;0;0;0;0;0;0;9467;0;0;0;0;0;0;
33181;4470323;555401216;31830016;505409536;0;0;0;0;0;0;0;0;0;0;0;2435;0;0;0;0;0;0;
33182;2408737;555401216;31830016;505409536;0;0;0;0;0;0;0;0;0;0;0;2645;0;0;0;0;0;0;
33183;4475824;555401216;31830016;505409536;0;0;0;0;0;0;0;0;0;0;0;2364;0;0;0;0;0;0;
33184;2376818;555401216;31830016;505409536;0;0;0;0;0;0;0;0;0;0;0;2725;0;0;0;0;0;0;
33185;4415270;555401216;31830016;505409536;0;0;0;0;0;0;0;0;0;0;0;2304;0;0;0;0;0;0;
33186;2542859;555401216;31830016;505409536;0;0;0;0;0;0;0;0;0;0;0;2755;0;0;0;0;0;0;
33187;4486013;555401216;31830016;505409536;0;0;0;0;0;0;0;0;0;0;0;2344;0;0;0;0;0;0;
33188;2431120;555401216;31830016;505409536;0;0;0;0;0;0;0;0;0;0;0;3346;0;0;0;0;0;0;
33189;4471205;555401216;31830016;505409536;0;0;0;0;0;0;0;0;0;0;0;2284;0;0;0;0;0;0;
33190;2371077;555401216;31830016;505409536;0;0;0;0;0;0;0;0;0;0;0;2985;0;0;0;0;0;0;
33191;4597933;555401216;31830016;505409536;0;0;0;0;0;0;0;0;0;0;0;2985;0;0;0;0;0;0;
33192;2154380;555401216;31830016;505409536;0;0;0;0;0;0;0;0;0;0;0;3025;0;0;0;0;0;0;
33193;4434547;555401216;31830016;505409536;0;0;0;0;0;0;0;0;0;0;0;2645;0;0;0;0;0;0;
33194;2374483;555401216;31830016;505409536;0;0;0;0;0;0;0;0;0;0;0;2665;0;0;0;0;0;0;
33195;4410912;555401216;31830016;505409536;0;0;0;0;0;0;0;0;0;0;0;2926;0;0;0;0;0;0;
33196;2340219;555401216;31830016;505409536;0;0;0;0;0;0;0;0;0;0;0;2685;0;0;0;0;0;0;
33197;4337394;555401216;31830016;505409536;0;0;0;0;0;0;0;0;0;0;0;2755;0;0;0;0;0;0;
33198;2358182;555401216;31830016;505409536;0;0;0;0;0;0;0;0;0;0;0;3146;0;0;0;0;0;0;
33199;4477357;555401216;31830016;505409536;0;0;0;0;0;0;0;0;0;0;0;2985;0;0;0;0;0;0;
33200;2386676;555401216;31830016;505409536;0;0;0;0;0;0;0;0;0;0;0;2494;0;0;0;0;0;0;
33201;4453472;555401216;31830016;505409536;0;0;0;0;0;0;0;0;0;0;0;2434;0;0;0;0;0;0;
33202;2278994;555401216;31830016;505409536;0;0;0;0;0;0;0;0;0;0;0;3487;0;0;0;0;0;0;
33203;4487265;555401216;31830016;505409536;0;0;0;0;0;0;0;0;0;0;0;2275;0;0;0;0;0;0;
33204;2340940;555401216;31830016;505409536;0;0;0;0;0;0;0;0;0;0;0;3436;0;0;0;0;0;0;
33205;4349527;555401216;31830016;505409536;0;0;0;0;0;0;0;0;0;0;0;2384;0;0;0;0;0;0;
33206;2442391;555401216;31830016;505409536;0;0;0;0;0;0;0;0;0;0;0;2915;0;0;0;0;0;0;
33207;4337936;555401216;31830016;505409536;0;0;0;0;0;0;0;0;0;0;0;2515;0;0;0;0;0;0;
33208;2367140;555401216;31830016;505409536;0;0;0;0;0;0;0;0;0;0;0;2926;0;0;0;0;0;0;
33209;4442942;555401216;31830016;505409536;0;0;0;0;0;0;0;0;0;0;0;2966;0;0;0;0;0;0;
33210;2504988;555401216;31830016;505409536;0;0;0;0;0;0;0;0;0;0;0;3005;0;0;0;0;0;0;
33211;4498446;555401216;31830016;505409536;0;0;0;0;0;0;0;0;0;0;0;3247;0;0;0;0;0;0;
33212;2408297;555401216;31830016;505409536;0;0;0;0;0;0;0;0;0;0;0;3166;0;0;0;0;0;0;
33213;4470945;555401216;31830016;505409536;0;0;0;0;0;0;0;0;0;0;0;2966;0;0;0;0;0;0;
33214;2434235;555401216;31830016;505409536;0;0;0;0;0;0;0;0;0;0;0;2946;0;0;0;0;0;0;
33215;4520397;555401216;31830016;505409536;0;0;0;0;0;0;0;0;0;0;0;2665;0;0;0;0;0;0;
33216;2371989;555401216;31830016;505409536;0;0;0;0;0;0;0;0;0;0;0;3216;0;0;0;0;0;0;
33217;4360228;555401216;31830016;505409536;0;0;0;0;0;0;0;0;0;0;0;2665;0;0;0;0;0;0;
33218;2423344;555401216;31830016;505409536;0;0;0;0;0;0;0;0;0;0;0;2645;0;0;0;0;0;0;
33219;4446730;555401216;31830016;505409536;0;0;0;0;0;0;0;0;0;0;0;2444;0;0;0;0;0;0;
33220;2300445;555401216;31830016;505409536;0;0;0;0;0;0;0;0;0;0;0;2565;0;0;0;0;0;0;
33221;4407205;555401216;31830016;505409536;0;0;0;0;0;0;0;0;0;0;0;2805;0;0;0;0;0;0;
33222;2320682;555401216;31830016;505409536;0;0;0;0;0;0;0;0;0;0;0;2955;0;0;0;0;0;0;
33223;4327626;555401216;31830016;505409536;0;0;0;0;0;0;0;0;0;0;0;2465;0;0;0;0;0;0;
33224;2781977;555401216;31830016;505409536;0;0;0;0;0;0;0;0;0;0;0;2865;0;0;0;0;0;0;
33225;4463220;555401216;31830016;505409536;0;0;0;0;0;0;0;0;0;0;0;2514;0;0;0;0;0;0;
33226;2532128;555401216;31830016;505409536;0;0;0;0;0;0;0;0;0;0;0;2935;0;0;0;0;0;0;
33227;4391887;555401216;31830016;505409536;0;0;0;0;0;0;0;0;0;0;0;2515;0;0;0;0;0;0;
33228;11626975;555401216;31830016;505409536;0;0;0;0;0;0;0;0;0;0;0;3136;0;0;0;0;0;0;
33229;4510288;555401216;31830016;505409536;0;0;0;0;0;0;0;0;0;0;0;2926;0;0;0;0;0;0;
33230;2388920;555401216;31830016;505409536;0;0;0;0;0;0;0;0;0;0;0;3066;0;0;0;0;0;0;
33231;4378321;555401216;31830016;505409536;0;0;0;0;0;0;0;0;0;0;0;2595;0;0;0;0;0;0;
33232;2450927;555401216;31830016;505409536;0;0;0;0;0;0;0;0;0;0;0;3106;0;0;0;0;0;0;
33233;4377018;555401216;31830016;505409536;0;0;0;0;0;0;0;0;0;0;0;3326;0;0;0;0;0;0;
33234;2560612;555401216;31830016;505409536;0;0;0;0;0;0;0;0;0;0;0;3036;0;0;0;0;0;0;
33235;4625124;555401216;31830016;505409536;0;0;0;0;0;0;0;0;0;0;0;2595;0;0;0;0;0;0;
33236;2674767;555401216;31830016;505409536;0;0;0;0;0;0;0;0;0;0;0;2514;0;0;0;0;0;0;
33237;4510339;555401216;31830016;505409536;0;0;0;0;0;0;0;0;0;0;0;2485;0;0;0;0;0;0;
33238;2504287;555401216;31830016;505409536;0;0;0;0;0;0;0;0;0;0;0;2745;0;0;0;0;0;0;
33239;4401044;555401216;31830016;505409536;0;0;0;0;0;0;0;0;0;0;0;2295;0;0;0;0;0;0;
33240;2703420;555401216;31830016;505409536;0;0;0;0;0;0;0;0;0;0;0;2795;0;0;0;0;0;0;
33241;4524184;555401216;31830016;505409536;0;0;0;0;0;0;0;0;0;0;0;2514;0;0;0;0;0;0;
33242;2385113;555401216;31830016;505409536;0;0;0;0;0;0;0;0;0;0;0;2625;0;0;0;0;0;0;
33243;4730471;555401216;31830016;505409536;0;0;0;0;0;0;0;0;0;0;0;2395;0;0;0;0;0;0;
33244;2309802;555401216;31830016;505409536;0;0;0;0;0;0;0;0;0;0;0;2806;0;0;0;0;0;0;
33245;4393089;555401216;31830016;505409536;0;0;0;0;0;0;0;0;0;0;0;2555;0;0;0;0;0;0;
33246;2238548;555401216;31830016;505409536;0;0;0;0;0;0;0;0;0;0;0;2885;0;0;0;0;0;0;
33247;4567355;555401216;31830016;505409536;0;0;0;0;0;0;0;0;0;0;0;2525;0;0;0;0;0;0;
33248;2269316;555401216;31830016;505409536;0;0;0;0;0;0;0;0;0;0;0;2535;0;0;0;0;0;0;
33249;4318750;555401216;31830016;505409536;0;0;0;0;0;0;0;0;0;0;0;2254;0;0;0;0;0;0;
33250;2244259;555401216;31830016;505409536;0;0;0;0;0;0;0;0;0;0;0;2926;0;0;0;0;0;0;
33251;4434426;555401216;31830016;505409536;0;0;0;0;0;0;0;0;0;0;0;3096;0;0;0;0;0;0;
33252;2275357;555401216;31830016;505409536;0;0;0;0;0;0;0;0;0;0;0;2805;0;0;0;0;0;0;
33253;4387578;555401216;31830016;505409536;0;0;0;0;0;0;0;0;0;0;0;2625;0;0;0;0;0;0;
33254;2858480;555401216;31830016;505409536;0;0;0;0;0;0;0;0;0;0;0;3697;0;0;0;0;0;0;
33255;5096578;555401216;31830016;505409536;0;0;0;0;0;0;0;0;0;0;0;3977;0;0;0;0;0;0;
33256;2885121;555401216;31830016;505409536;0;0;0;0;0;0;0;0;0;0;0;3737;0;0;0;0;0;0;
33257;4703982;555401216;31830016;505409536;0;0;0;0;0;0;0;0;0;0;0;3246;0;0;0;0;0;0;
33258;2936907;555401216;31830016;505409536;0;0;0;0;0;0;0;0;0;0;0;3897;0;0;0;0;0;0;
33259;4553279;555401216;31830016;505409536;0;0;0;0;0;0;0;0;0;0;0;2865;0;0;0;0;0;0;
33260;2968727;555401216;31830016;505409536;0;0;0;0;0;0;0;0;0;0;0;3156;0;0;0;0;0;0;
33261;4565902;555401216;31830016;505409536;0;0;0;0;0;0;0;0;0;0;0;2895;0;0;0;0;0;0;
33262;3124129;555401216;31830016;505409536;0;0;0;0;0;0;0;0;0;0;0;3997;0;0;0;0;0;0;
33263;5025355;555401216;31830016;505409536;0;0;0;0;0;0;0;0;0;0;0;4118;0;0;0;0;0;0;
33264;3029511;555401216;31830016;505409536;0;0;0;0;0;0;0;0;0;0;0;3787;0;0;0;0;0;0;
33265;4863150;555401216;31838208;505417728;0;0;0;0;0;0;0;0;0;0;0;4057;0;0;0;0;0;0;
33266;2833334;555401216;31838208;505417728;0;0;0;0;0;0;0;0;0;0;0;3096;0;0;0;0;0;0;
33267;4945905;555401216;31838208;505417728;0;0;0;0;0;0;0;0;0;0;0;4088;0;0;0;0;0;0;
33268;2866185;555401216;31838208;505417728;0;0;0;0;0;0;0;0;0;0;0;3397;0;0;0;0;0;0;
33269;4552739;555401216;31838208;505417728;0;0;0;0;0;0;0;0;0;0;0;2946;0;0;0;0;0;0;
33270;3142182;555401216;31838208;505417728;0;0;0;0;0;0;0;0;0;0;0;3647;0;0;0;0;0;0;
33271;4677973;555401216;31838208;505417728;0;0;0;0;0;0;0;0;0;0;0;2755;0;0;0;0;0;0;
33272;3366694;555401216;31830016;505409536;0;0;0;0;0;0;0;0;0;0;0;4107;0;0;0;0;0;0;
33273;4632358;555401216;31830016;505409536;0;0;0;0;0;0;0;0;0;0;0;2856;0;0;0;0;0;0;
33274;2918784;555401216;31830016;505409536;0;0;0;0;0;0;0;0;0;0;0;3236;0;0;0;0;0;0;
33275;5268600;555401216;31830016;505409536;0;0;0;0;0;0;0;0;0;0;0;3056;0;0;0;0;0;0;
33276;2968688;555401216;31830016;505409536;0;0;0;0;0;0;0;0;0;0;0;4358;0;0;0;0;0;0;
33277;4735571;555401216;31830016;505409536;0;0;0;0;0;0;0;0;0;0;0;3768;0;0;0;0;0;0;
33278;2932890;555401216;31830016;505409536;0;0;0;0;0;0;0;0;0;0;0;3426;0;0;0;0;0;0;
33279;5053657;555401216;31830016;505409536;0;0;0;0;0;0;0;0;0;0;0;4469;0;0;0;0;0;0;
33280;2927319;555401216;31830016;505409536;0;0;0;0;0;0;0;0;0;0;0;3737;0;0;0;0;0;0;
33281;4606819;555401216;31830016;505409536;0;0;0;0;0;0;0;0;0;0;0;2665;0;0;0;0;0;0;
33282;3075798;555401216;31830016;505409536;0;0;0;0;0;0;0;0;0;0;0;3005;0;0;0;0;0;0;
33283;4742454;555401216;31830016;505409536;0;0;0;0;0;0;0;0;0;0;0;2695;0;0;0;0;0;0;
33284;2965521;555401216;31830016;505409536;0;0;0;0;0;0;0;0;0;0;0;3998;0;0;0;0;0;0;
33285;4639861;555401216;31830016;505409536;0;0;0;0;0;0;0;0;0;0;0;2845;0;0;0;0;0;0;
33286;2975631;555401216;31830016;505409536;0;0;0;0;0;0;0;0;0;0;0;3527;0;0;0;0;0;0;
33287;5264994;555401216;31830016;505409536;0;0;0;0;0;0;0;0;0;0;0;3797;0;0;0;0;0;0;
33288;2716505;555401216;31830016;505409536;0;0;0;0;0;0;0;0;0;0;0;3206;0;0;0;0;0;0;
33289;4873850;555401216;31830016;505409536;0;0;0;0;0;0;0;0;0;0;0;3046;0;0;0;0;0;0;
33290;2946736;555401216;31830016;505409536;0;0;0;0;0;0;0;0;0;0;0;3226;0;0;0;0;0;0;
33291;4733126;555401216;31830016;505409536;0;0;0;0;0;0;0;0;0;0;0;3136;0;0;0;0;0;0;
33292;3333191;555401216;31830016;505409536;0;0;0;0;0;0;0;0;0;0;0;4438;0;0;0;0;0;0;
33293;5026166;555401216;31830016;505409536;0;0;0;0;0;0;0;0;0;0;0;4028;0;0;0;0;0;0;
33294;4343716;555401216;31830016;505409536;0;0;0;0;0;0;0;0;0;0;0;4448;0;0;0;0;0;0;
33295;5047616;555401216;31830016;505409536;0;0;0;0;0;0;0;0;0;0;0;3526;0;0;0;0;0;0;
33296;3907578;555401216;31830016;505409536;0;0;0;0;0;0;0;0;0;0;0;4178;0;0;0;0;0;0;
33297;4891042;555401216;31830016;505409536;0;0;0;0;0;0;0;0;0;0;0;3747;0;0;0;0;0;0;
33298;4260590;555401216;31830016;505409536;0;0;0;0;0;0;0;0;0;0;0;4147;0;0;0;0;0;0;
33299;5106477;555401216;31830016;505409536;0;0;0;0;0;0;0;0;0;0;0;3386;0;0;0;0;0;0;
33300;4022373;555401216;31830016;505409536;0;0;0;0;0;0;0;0;0;0;0;3797;0;0;0;0;0;0;
33301;5058317;555401216;31830016;505409536;0;0;0;0;0;0;0;0;0;0;0;3516;0;0;0;0;0;0;
33302;4261122;555401216;31830016;505409536;0;0;0;0;0;0;0;0;0;0;0;4969;0;0;0;0;0;0;
33303;5714356;555401216;31830016;505409536;0;0;0;0;0;0;0;0;0;0;0;4999;0;0;0;0;0;0;
33304;4115759;555401216;31830016;505409536;0;0;0;0;0;0;0;0;0;0;0;4638;0;0;0;0;0;0;
33305;4788270;555401216;31830016;505409536;0;0;0;0;0;0;0;0;0;0;0;3386;0;0;0;0;0;0;
33306;3677036;555401216;31830016;505409536;0;0;0;0;0;0;0;0;0;0;0;3337;0;0;0;0;0;0;
33307;4891934;555401216;31830016;505409536;0;0;0;0;0;0;0;0;0;0;0;3586;0;0;0;0;0;0;
33308;3520863;555401216;31830016;505409536;0;0;0;0;0;0;0;0;0;0;0;3757;0;0;0;0;0;0;
33309;4828656;555401216;31830016;505409536;0;0;0;0;0;0;0;0;0;0;0;3737;0;0;0;0;0;0;
33310;3384708;555401216;31830016;505409536;0;0;0;0;0;0;0;0;0;0;0;2715;0;0;0;0;0;0;
33311;4714101;555401216;31830016;505409536;0;0;0;0;0;0;0;0;0;0;0;2845;0;0;0;0;0;0;
33312;3640587;555401216;31830016;505409536;0;0;0;0;0;0;0;0;0;0;0;3286;0;0;0;0;0;0;
33313;4757111;555401216;31830016;505409536;0;0;0;0;0;0;0;0;0;0;0;2755;0;0;0;0;0;0;
33314;3684470;555401216;31830016;505409536;0;0;0;0;0;0;0;0;0;0;0;3697;0;0;0;0;0;0;
33315;4732495;555401216;31830016;505409536;0;0;0;0;0;0;0;0;0;0;0;2795;0;0;0;0;0;0;
33316;3657920;555401216;31830016;505409536;0;0;0;0;0;0;0;0;0;0;0;3106;0;0;0;0;0;0;
33317;4671421;555401216;31830016;505409536;0;0;0;0;0;0;0;0;0;0;0;2966;0;0;0;0;0;0;
33318;3568893;555401216;31830016;505409536;0;0;0;0;0;0;0;0;0;0;0;3687;0;0;0;0;0;0;
33319;4701327;555401216;31830016;505409536;0;0;0;0;0;0;0;0;0;0;0;3086;0;0;0;0;0;0;
33320;3500886;555401216;31830016;505409536;0;0;0;0;0;0;0;0;0;0;0;3216;0;0;0;0;0;0;
33321;4875584;555401216;31830016;505409536;0;0;0;0;0;0;0;0;0;0;0;3086;0;0;0;0;0;0;
33322;3657179;555401216;31830016;505409536;0;0;0;0;0;0;0;0;0;0;0;3496;0;0;0;0;0;0;
33323;4973878;555401216;31830016;505409536;0;0;0;0;0;0;0;0;0;0;0;2896;0;0;0;0;0;0;
33324;3832358;555401216;31830016;505409536;0;0;0;0;0;0;0;0;0;0;0;3096;0;0;0;0;0;0;
33325;4777349;555401216;31830016;505409536;0;0;0;0;0;0;0;0;0;0;0;3066;0;0;0;0;0;0;
33326;3650456;555401216;31830016;505409536;0;0;0;0;0;0;0;0;0;0;0;3126;0;0;0;0;0;0;
33327;4701276;555401216;31830016;505409536;0;0;0;0;0;0;0;0;0;0;0;3447;0;0;0;0;0;0;
33328;3628585;555401216;31830016;505409536;0;0;0;0;0;0;0;0;0;0;0;3457;0;0;0;0;0;0;
33329;4650371;555401216;31830016;505409536;0;0;0;0;0;0;0;0;0;0;0;3186;0;0;0;0;0;0;
33330;3586577;555401216;31830016;505409536;0;0;0;0;0;0;0;0;0;0;0;3056;0;0;0;0;0;0;
33331;4505449;555401216;31830016;505409536;0;0;0;0;0;0;0;0;0;0;0;3035;0;0;0;0;0;0;
33332;2418395;555401216;31830016;505409536;0;0;0;0;0;0;0;0;0;0;0;3006;0;0;0;0;0;0;
33333;4422284;555401216;31830016;505409536;0;0;0;0;0;0;0;0;0;0;0;2855;0;0;0;0;0;0;
33334;2516720;555401216;31830016;505409536;0;0;0;0;0;0;0;0;0;0;0;2705;0;0;0;0;0;0;
33335;4463010;555401216;31830016;505409536;0;0;0;0;0;0;0;0;0;0;0;2936;0;0;0;0;0;0;
33336;2662894;555401216;31830016;505409536;0;0;0;0;0;0;0;0;0;0;0;2945;0;0;0;0;0;0;
33337;4524144;555401216;31830016;505409536;0;0;0;0;0;0;0;0;0;0;0;2354;0;0;0;0;0;0;
33338;2428073;555401216;31830016;505409536;0;0;0;0;0;0;0;0;0;0;0;2985;0;0;0;0;0;0;
33339;4571263;555401216;31830016;505409536;0;0;0;0;0;0;0;0;0;0;0;2976;0;0;0;0;0;0;
33340;2344277;555401216;31830016;505409536;0;0;0;0;0;0;0;0;0;0;0;2705;0;0;0;0;0;0;
33341;4381537;555401216;31830016;505409536;0;0;0;0;0;0;0;0;0;0;0;2534;0;0;0;0;0;0;
33342;2606979;555401216;31830016;505409536;0;0;0;0;0;0;0;0;0;0;0;14217;0;0;0;0;0;0;
33343;4838955;555401216;31830016;505409536;0;0;0;0;0;0;0;0;0;0;0;3497;0;0;0;0;0;0;
33344;3377624;555401216;31830016;505409536;0;0;0;0;0;0;0;0;0;0;0;3216;0;0;0;0;0;0;
33345;4708640;555401216;31830016;505409536;0;0;0;0;0;0;0;0;0;0;0;3166;0;0;0;0;0;0;
33346;3439350;555401216;31830016;505409536;0;0;0;0;0;0;0;0;0;0;0;3757;0;0;0;0;0;0;
33347;4784302;555401216;31830016;505409536;0;0;0;0;0;0;0;0;0;0;0;3767;0;0;0;0;0;0;
33348;3361924;555401216;31830016;505409536;0;0;0;0;0;0;0;0;0;0;0;3717;0;0;0;0;0;0;
33349;4667413;555401216;31830016;505409536;0;0;0;0;0;0;0;0;0;0;0;3607;0;0;0;0;0;0;
33350;3398674;555401216;31830016;505409536;0;0;0;0;0;0;0;0;0;0;0;3687;0;0;0;0;0;0;
33351;4841540;555401216;31830016;505409536;0;0;0;0;0;0;0;0;0;0;0;3096;0;0;0;0;0;0;
33352;3373076;555401216;31830016;505409536;0;0;0;0;0;0;0;0;0;0;0;3406;0;0;0;0;0;0;
33353;4706016;555401216;31830016;505409536;0;0;0;0;0;0;0;0;0;0;0;3135;0;0;0;0;0;0;
33354;3503731;555401216;31830016;505409536;0;0;0;0;0;0;0;0;0;0;0;3587;0;0;0;0;0;0;
33355;4630454;555401216;31830016;505409536;0;0;0;0;0;0;0;0;0;0;0;3317;0;0;0;0;0;0;
33356;3402250;555401216;31830016;505409536;0;0;0;0;0;0;0;0;0;0;0;3496;0;0;0;0;0;0;
33357;4668486;555401216;31830016;505409536;0;0;0;0;0;0;0;0;0;0;0;3517;0;0;0;0;0;0;
33358;3558924;555401216;31830016;505409536;0;0;0;0;0;0;0;0;0;0;0;2835;0;0;0;0;0;0;
33359;4568237;555401216;31830016;505409536;0;0;0;0;0;0;0;0;0;0;0;3026;0;0;0;0;0;0;
33360;2392888;555401216;31830016;505409536;0;0;0;0;0;0;0;0;0;0;0;2585;0;0;0;0;0;0;
33361;4517823;555401216;31830016;505409536;0;0;0;0;0;0;0;0;0;0;0;2184;0;0;0;0;0;0;
33362;2382378;555401216;31830016;505409536;0;0;0;0;0;0;0;0;0;0;0;2665;0;0;0;0;0;0;
33363;4477627;555401216;31830016;505409536;0;0;0;0;0;0;0;0;0;0;0;2414;0;0;0;0;0;0;
33364;2380845;555401216;31830016;505409536;0;0;0;0;0;0;0;0;0;0;0;2795;0;0;0;0;0;0;
33365;4463761;555401216;31830016;505409536;0;0;0;0;0;0;0;0;0;0;0;2545;0;0;0;0;0;0;
33366;2282992;555401216;31830016;505409536;0;0;0;0;0;0;0;0;0;0;0;2785;0;0;0;0;0;0;
33367;4428215;555401216;31830016;505409536;0;0;0;0;0;0;0;0;0;0;0;2594;0;0;0;0;0;0;
33368;2347983;555401216;31830016;505409536;0;0;0;0;0;0;0;0;0;0;0;2685;0;0;0;0;0;0;
33369;4395133;555401216;31830016;505409536;0;0;0;0;0;0;0;0;0;0;0;2385;0;0;0;0;0;0;
33370;2427773;555401216;31830016;505409536;0;0;0;0;0;0;0;0;0;0;0;2655;0;0;0;0;0;0;
33371;4433495;555401216;31830016;505409536;0;0;0;0;0;0;0;0;0;0;0;2375;0;0;0;0;0;0;
33372;2314952;555401216;31830016;505409536;0;0;0;0;0;0;0;0;0;0;0;2955;0;0;0;0;0;0;
33373;4518264;555401216;31830016;505409536;0;0;0;0;0;0;0;0;0;0;0;2986;0;0;0;0;0;0;
33374;2338606;555401216;31830016;505409536;0;0;0;0;0;0;0;0;0;0;0;3046;0;0;0;0;0;0;
33375;4444655;555401216;31830016;505409536;0;0;0;0;0;0;0;0;0;0;0;2544;0;0;0;0;0;0;
33376;2603322;555401216;31830016;505409536;0;0;0;0;0;0;0;0;0;0;0;2766;0;0;0;0;0;0;
33377;4471425;555401216;31830016;505409536;0;0;0;0;0;0;0;0;0;0;0;2926;0;0;0;0;0;0;
33378;2457770;555401216;31830016;505409536;0;0;0;0;0;0;0;0;0;0;0;3056;0;0;0;0;0;0;
33379;4335871;555401216;31830016;505409536;0;0;0;0;0;0;0;0;0;0;0;2625;0;0;0;0;0;0;
33380;2226766;555401216;31830016;505409536;0;0;0;0;0;0;0;0;0;0;0;3116;0;0;0;0;0;0;
33381;4403659;555401216;31830016;505409536;0;0;0;0;0;0;0;0;0;0;0;2385;0;0;0;0;0;0;
33382;2327645;555401216;31830016;505409536;0;0;0;0;0;0;0;0;0;0;0;3196;0;0;0;0;0;0;
33383;4405432;555401216;31830016;505409536;0;0;0;0;0;0;0;0;0;0;0;2395;0;0;0;0;0;0;
33384;2483938;555401216;31830016;505409536;0;0;0;0;0;0;0;0;0;0;0;3286;0;0;0;0;0;0;
33385;4286289;555401216;31830016;505409536;0;0;0;0;0;0;0;0;0;0;0;2375;0;0;0;0;0;0;
33386;2388669;555401216;31830016;505409536;0;0;0;0;0;0;0;0;0;0;0;3025;0;0;0;0;0;0;
33387;4458882;555401216;31830016;505409536;0;0;0;0;0;0;0;0;0;0;0;2394;0;0;0;0;0;0;
33388;2299001;555401216;31830016;505409536;0;0;0;0;0;0;0;0;0;0;0;3036;0;0;0;0;0;0;
33389;4483959;555401216;31830016;505409536;0;0;0;0;0;0;0;0;0;0;0;2926;0;0;0;0;0;0;
33390;2445536;555401216;31830016;505409536;0;0;0;0;0;0;0;0;0;0;0;3086;0;0;0;0;0;0;
33391;4578026;555401216;31830016;505409536;0;0;0;0;0;0;0;0;0;0;0;2855;0;0;0;0;0;0;
33392;2211317;555401216;31830016;505409536;0;0;0;0;0;0;0;0;0;0;0;2855;0;0;0;0;0;0;
33393;4405272;555401216;31830016;505409536;0;0;0;0;0;0;0;0;0;0;0;2615;0;0;0;0;0;0;
33394;2325271;555401216;31830016;505409536;0;0;0;0;0;0;0;0;0;0;0;2415;0;0;0;0;0;0;
33395;4425760;555401216;31830016;505409536;0;0;0;0;0;0;0;0;0;0;0;2564;0;0;0;0;0;0;
33396;2505949;555401216;31830016;505409536;0;0;0;0;0;0;0;0;0;0;0;2495;0;0;0;0;0;0;
33397;4514236;555401216;31830016;505409536;0;0;0;0;0;0;0;0;0;0;0;2314;0;0;0;0;0;0;
33398;2312566;555401216;31830016;505409536;0;0;0;0;0;0;0;0;0;0;0;2685;0;0;0;0;0;0;
33399;4617209;555401216;31830016;505409536;0;0;0;0;0;0;0;0;0;0;0;3126;0;0;0;0;0;0;
33400;2176712;555401216;31830016;505409536;0;0;0;0;0;0;0;0;0;0;0;2595;0;0;0;0;0;0;
33401;4423386;555401216;31830016;505409536;0;0;0;0;0;0;0;0;0;0;0;2515;0;0;0;0;0;0;
33402;2511340;555401216;31830016;505409536;0;0;0;0;0;0;0;0;0;0;0;3065;0;0;0;0;0;0;
33403;4431160;555401216;31830016;505409536;0;0;0;0;0;0;0;0;0;0;0;2204;0;0;0;0;0;0;
33404;2405221;555401216;31830016;505409536;0;0;0;0;0;0;0;0;0;0;0;3476;0;0;0;0;0;0;
33405;4449154;555401216;31830016;505409536;0;0;0;0;0;0;0;0;0;0;0;2354;0;0;0;0;0;0;
33406;2310513;555401216;31830016;505409536;0;0;0;0;0;0;0;0;0;0;0;2946;0;0;0;0;0;0;
33407;4385284;555401216;31830016;505409536;0;0;0;0;0;0;0;0;0;0;0;2484;0;0;0;0;0;0;
33408;2232356;555401216;31830016;505409536;0;0;0;0;0;0;0;0;0;0;0;3086;0;0;0;0;0;0;
33409;4395353;555401216;31830016;505409536;0;0;0;0;0;0;0;0;0;0;0;2245;0;0;0;0;0;0;
33410;2349416;555401216;31830016;505409536;0;0;0;0;0;0;0;0;0;0;0;2845;0;0;0;0;0;0;
33411;4637266;555401216;31830016;505409536;0;0;0;0;0;0;0;0;0;0;0;2745;0;0;0;0;0;0;
33412;2285566;555401216;31830016;505409536;0;0;0;0;0;0;0;0;0;0;0;2966;0;0;0;0;0;0;
33413;4483828;555401216;31830016;505409536;0;0;0;0;0;0;0;0;0;0;0;2675;0;0;0;0;0;0;
33414;2511700;555401216;31830016;505409536;0;0;0;0;0;0;0;0;0;0;0;2675;0;0;0;0;0;0;
33415;4639390;555401216;31830016;505409536;0;0;0;0;0;0;0;0;0;0;0;2555;0;0;0;0;0;0;
33416;2383510;555401216;31830016;505409536;0;0;0;0;0;0;0;0;0;0;0;3156;0;0;0;0;0;0;
33417;4415340;555401216;31830016;505409536;0;0;0;0;0;0;0;0;0;0;0;2504;0;0;0;0;0;0;
33418;2298430;555401216;31830016;505409536;0;0;0;0;0;0;0;0;0;0;0;2615;0;0;0;0;0;0;
33419;4661922;555401216;31830016;505409536;0;0;0;0;0;0;0;0;0;0;0;2605;0;0;0;0;0;0;
33420;3445301;555401216;31830016;505409536;0;0;0;0;0;0;0;0;0;0;0;3987;0;0;0;0;0;0;
33421;4727055;555401216;31830016;505409536;0;0;0;0;0;0;0;0;0;0;0;3727;0;0;0;0;0;0;
33422;3458406;555401216;31830016;505409536;0;0;0;0;0;0;0;0;0;0;0;3987;0;0;0;0;0;0;
33423;4849725;555401216;31830016;505409536;0;0;0;0;0;0;0;0;0;0;0;3626;0;0;0;0;0;0;
33424;3471119;555401216;31830016;505409536;0;0;0;0;0;0;0;0;0;0;0;3526;0;0;0;0;0;0;
33425;4775146;555401216;31830016;505409536;0;0;0;0;0;0;0;0;0;0;0;3497;0;0;0;0;0;0;
33426;3551060;555401216;31830016;505409536;0;0;0;0;0;0;0;0;0;0;0;4018;0;0;0;0;0;0;
33427;4836941;555401216;31830016;505409536;0;0;0;0;0;0;0;0;0;0;0;3516;0;0;0;0;0;0;
33428;3509612;555401216;31830016;505409536;0;0;0;0;0;0;0;0;0;0;0;3617;0;0;0;0;0;0;
33429;4831721;555401216;31830016;505409536;0;0;0;0;0;0;0;0;0;0;0;3376;0;0;0;0;0;0;
33430;3450441;555401216;31830016;505409536;0;0;0;0;0;0;0;0;0;0;0;3416;0;0;0;0;0;0;
33431;4744458;555401216;31830016;505409536;0;0;0;0;0;0;0;0;0;0;0;3597;0;0;0;0;0;0;
33432;3320007;555401216;31830016;505409536;0;0;0;0;0;0;0;0;0;0;0;3466;0;0;0;0;0;0;
33433;4932140;555401216;31830016;505409536;0;0;0;0;0;0;0;0;0;0;0;3426;0;0;0;0;0;0;
33434;3406949;555401216;31830016;505409536;0;0;0;0;0;0;0;0;0;0;0;4368;0;0;0;0;0;0;
33435;4742504;555401216;31830016;505409536;0;0;0;0;0;0;0;0;0;0;0;3266;0;0;0;0;0;0;
33436;3400137;555401216;31830016;505409536;0;0;0;0;0;0;0;0;0;0;0;3436;0;0;0;0;0;0;
33437;4709411;555401216;31830016;505409536;0;0;0;0;0;0;0;0;0;0;0;3146;0;0;0;0;0;0;
33438;3545228;555401216;31830016;505409536;0;0;0;0;0;0;0;0;0;0;0;4008;0;0;0;0;0;0;
33439;4756600;555401216;31830016;505409536;0;0;0;0;0;0;0;0;0;0;0;3667;0;0;0;0;0;0;
33440;3600232;555401216;31830016;505409536;0;0;0;0;0;0;0;0;0;0;0;3967;0;0;0;0;0;0;
33441;4740650;555401216;31830016;505409536;0;0;0;0;0;0;0;0;0;0;0;3086;0;0;0;0;0;0;
33442;3286283;555401216;31830016;505409536;0;0;0;0;0;0;0;0;0;0;0;3778;0;0;0;0;0;0;
33443;4444885;555401216;31830016;505409536;0;0;0;0;0;0;0;0;0;0;0;2635;0;0;0;0;0;0;
33444;2315703;555401216;31830016;505409536;0;0;0;0;0;0;0;0;0;0;0;2845;0;0;0;0;0;0;
33445;4420791;555401216;31830016;505409536;0;0;0;0;0;0;0;0;0;0;0;2575;0;0;0;0;0;0;
33446;2426921;555401216;31830016;505409536;0;0;0;0;0;0;0;0;0;0;0;3066;0;0;0;0;0;0;
33447;4464733;555401216;31830016;505409536;0;0;0;0;0;0;0;0;0;0;0;2174;0;0;0;0;0;0;
33448;2332594;555401216;31830016;505409536;0;0;0;0;0;0;0;0;0;0;0;2756;0;0;0;0;0;0;
33449;4541467;555401216;31830016;505409536;0;0;0;0;0;0;0;0;0;0;0;2655;0;0;0;0;0;0;
33450;2453040;555401216;31830016;505409536;0;0;0;0;0;0;0;0;0;0;0;2906;0;0;0;0;0;0;
33451;4436099;555401216;31830016;505409536;0;0;0;0;0;0;0;0;0;0;0;2856;0;0;0;0;0;0;
33452;2611698;555401216;31830016;505409536;0;0;0;0;0;0;0;0;0;0;0;3817;0;0;0;0;0;0;
33453;4534444;555401216;31830016;505409536;0;0;0;0;0;0;0;0;0;0;0;2375;0;0;0;0;0;0;
33454;2285115;555401216;31830016;505409536;0;0;0;0;0;0;0;0;0;0;0;2745;0;0;0;0;0;0;
33455;4550965;555401216;31830016;505409536;0;0;0;0;0;0;0;0;0;0;0;2665;0;0;0;0;0;0;
33456;2426160;555401216;31830016;505409536;0;0;0;0;0;0;0;0;0;0;0;2706;0;0;0;0;0;0;
33457;4442421;555401216;31830016;505409536;0;0;0;0;0;0;0;0;0;0;0;2495;0;0;0;0;0;0;
33458;2316314;555401216;31830016;505409536;0;0;0;0;0;0;0;0;0;0;0;2865;0;0;0;0;0;0;
33459;4627448;555401216;31830016;505409536;0;0;0;0;0;0;0;0;0;0;0;2725;0;0;0;0;0;0;
33460;2228940;555401216;31830016;505409536;0;0;0;0;0;0;0;0;0;0;0;3066;0;0;0;0;0;0;
33461;4659919;555401216;31830016;505409536;0;0;0;0;0;0;0;0;0;0;0;3206;0;0;0;0;0;0;
33462;2315332;555401216;31830016;505409536;0;0;0;0;0;0;0;0;0;0;0;3146;0;0;0;0;0;0;
33463;4456658;555401216;31830016;505409536;0;0;0;0;0;0;0;0;0;0;0;2685;0;0;0;0;0;0;
33464;2607099;555401216;31830016;505409536;0;0;0;0;0;0;0;0;0;0;0;3075;0;0;0;0;0;0;
33465;4462008;555401216;31830016;505409536;0;0;0;0;0;0;0;0;0;0;0;2254;0;0;0;0;0;0;
33466;2401684;555401216;31830016;505409536;0;0;0;0;0;0;0;0;0;0;0;3096;0;0;0;0;0;0;
33467;4485983;555401216;31830016;505409536;0;0;0;0;0;0;0;0;0;0;0;2775;0;0;0;0;0;0;
33468;2355938;555401216;31830016;505409536;0;0;0;0;0;0;0;0;0;0;0;2665;0;0;0;0;0;0;
33469;4499969;555401216;31830016;505409536;0;0;0;0;0;0;0;0;0;0;0;2265;0;0;0;0;0;0;
33470;2417874;555401216;31830016;505409536;0;0;0;0;0;0;0;0;0;0;0;2986;0;0;0;0;0;0;
33471;4392738;555401216;31830016;505409536;0;0;0;0;0;0;0;0;0;0;0;2585;0;0;0;0;0;0;
33472;2319600;555401216;31830016;505409536;0;0;0;0;0;0;0;0;0;0;0;2695;0;0;0;0;0;0;
33473;4357171;555401216;31830016;505409536;0;0;0;0;0;0;0;0;0;0;0;2374;0;0;0;0;0;0;
33474;2374192;555401216;31830016;505409536;0;0;0;0;0;0;0;0;0;0;0;2765;0;0;0;0;0;0;
33475;4478579;555401216;31830016;505409536;0;0;0;0;0;0;0;0;0;0;0;2515;0;0;0;0;0;0;
33476;2556675;555401216;31830016;505409536;0;0;0;0;0;0;0;0;0;0;0;2655;0;0;0;0;0;0;
33477;4337003;555401216;31830016;505409536;0;0;0;0;0;0;0;0;0;0;0;2154;0;0;0;0;0;0;
33478;2505890;555401216;31830016;505409536;0;0;0;0;0;0;0;0;0;0;0;2575;0;0;0;0;0;0;
33479;4579378;555401216;31830016;505409536;0;0;0;0;0;0;0;0;0;0;0;2806;0;0;0;0;0;0;
33480;2323748;555401216;31830016;505409536;0;0;0;0;0;0;0;0;0;0;0;3216;0;0;0;0;0;0;
33481;4436901;555401216;31830016;505409536;0;0;0;0;0;0;0;0;0;0;0;2625;0;0;0;0;0;0;
33482;2281880;555401216;31830016;505409536;0;0;0;0;0;0;0;0;0;0;0;2605;0;0;0;0;0;0;
33483;4379994;555401216;31830016;505409536;0;0;0;0;0;0;0;0;0;0;0;2354;0;0;0;0;0;0;
33484;2345879;555401216;31830016;505409536;0;0;0;0;0;0;0;0;0;0;0;2986;0;0;0;0;0;0;
33485;4407787;555401216;31830016;505409536;0;0;0;0;0;0;0;0;0;0;0;2935;0;0;0;0;0;0;
33486;2309762;555401216;31830016;505409536;0;0;0;0;0;0;0;0;0;0;0;3026;0;0;0;0;0;0;
33487;4394021;555401216;31830016;505409536;0;0;0;0;0;0;0;0;0;0;0;2665;0;0;0;0;0;0;
33488;2394741;555401216;31830016;505409536;0;0;0;0;0;0;0;0;0;0;0;2725;0;0;0;0;0;0;
33489;4524185;555401216;31830016;505409536;0;0;0;0;0;0;0;0;0;0;0;2315;0;0;0;0;0;0;
33490;2340931;555401216;31830016;505409536;0;0;0;0;0;0;0;0;0;0;0;2755;0;0;0;0;0;0;
33491;4505900;555401216;31830016;505409536;0;0;0;0;0;0;0;0;0;0;0;2465;0;0;0;0;0;0;
33492;2272692;555401216;31830016;505409536;0;0;0;0;0;0;0;0;0;0;0;2846;0;0;0;0;0;0;
33493;10384705;555401216;31830016;505409536;0;0;0;0;0;0;0;0;0;0;0;2364;0;0;0;0;0;0;
33494;3769610;555401216;31830016;505409536;0;0;0;0;0;0;0;0;0;0;0;3597;0;0;0;0;0;0;
33495;4399881;555401216;31830016;505409536;0;0;0;0;0;0;0;0;0;0;0;2875;0;0;0;0;0;0;
33496;2480572;555401216;31830016;505409536;0;0;0;0;0;0;0;0;0;0;0;2675;0;0;0;0;0;0;
33497;4470524;555401216;31830016;505409536;0;0;0;0;0;0;0;0;0;0;0;2425;0;0;0;0;0;0;
33498;2544031;555401216;31830016;505409536;0;0;0;0;0;0;0;0;0;0;0;2865;0;0;0;0;0;0;
33499;4524606;555401216;31830016;505409536;0;0;0;0;0;0;0;0;0;0;0;2685;0;0;0;0;0;0;
33500;2346651;555401216;31830016;505409536;0;0;0;0;0;0;0;0;0;0;0;2194;0;0;0;0;0;0;
33501;4338827;555401216;31830016;505409536;0;0;0;0;0;0;0;0;0;0;0;2043;0;0;0;0;0;0;
33502;2615485;555401216;31830016;505409536;0;0;0;0;0;0;0;0;0;0;0;2124;0;0;0;0;0;0;
33503;4393600;555401216;31830016;505409536;0;0;0;0;0;0;0;0;0;0;0;2344;0;0;0;0;0;0;
33504;2360717;555401216;31830016;505409536;0;0;0;0;0;0;0;0;0;0;0;2825;0;0;0;0;0;0;
33505;4508145;555401216;31830016;505409536;0;0;0;0;0;0;0;0;0;0;0;2364;0;0;0;0;0;0;
33506;2542028;555401216;31830016;505409536;0;0;0;0;0;0;0;0;0;0;0;3096;0;0;0;0;0;0;
33507;4377480;555401216;31830016;505409536;0;0;0;0;0;0;0;0;0;0;0;2706;0;0;0;0;0;0;
33508;2816532;555401216;31830016;505409536;0;0;0;0;0;0;0;0;0;0;0;3637;0;0;0;0;0;0;
33509;4654679;555401216;31830016;505409536;0;0;0;0;0;0;0;0;0;0;0;3256;0;0;0;0;0;0;
33510;3859328;555401216;31830016;505409536;0;0;0;0;0;0;0;0;0;0;0;3877;0;0;0;0;0;0;
33511;4713499;555401216;31830016;505409536;0;0;0;0;0;0;0;0;0;0;0;3487;0;0;0;0;0;0;
33512;3506035;555401216;31830016;505409536;0;0;0;0;0;0;0;0;0;0;0;3587;0;0;0;0;0;0;
33513;4721855;555401216;31830016;505409536;0;0;0;0;0;0;0;0;0;0;0;3587;0;0;0;0;0;0;
33514;3436936;555401216;31830016;505409536;0;0;0;0;0;0;0;0;0;0;0;3767;0;0;0;0;0;0;
33515;4892615;555401216;31830016;505409536;0;0;0;0;0;0;0;0;0;0;0;4007;0;0;0;0;0;0;
33516;3578290;555401216;31830016;505409536;0;0;0;0;0;0;0;0;0;0;0;4228;0;0;0;0;0;0;
33517;4624993;555401216;31830016;505409536;0;0;0;0;0;0;0;0;0;0;0;3627;0;0;0;0;0;0;
33518;3325036;555401216;31830016;505409536;0;0;0;0;0;0;0;0;0;0;0;3317;0;0;0;0;0;0;
33519;4767360;555401216;31830016;505409536;0;0;0;0;0;0;0;0;0;0;0;3456;0;0;0;0;0;0;
33520;3461221;555401216;31830016;505409536;0;0;0;0;0;0;0;0;0;0;0;3878;0;0;0;0;0;0;
33521;4869131;555401216;31830016;505409536;0;0;0;0;0;0;0;0;0;0;0;3216;0;0;0;0;0;0;
33522;3309507;555401216;31830016;505409536;0;0;0;0;0;0;0;0;0;0;0;3907;0;0;0;0;0;0;
33523;4812335;555401216;31830016;505409536;0;0;0;0;0;0;0;0;0;0;0;3587;0;0;0;0;0;0;
33524;3607536;555401216;31830016;505409536;0;0;0;0;0;0;0;0;0;0;0;3827;0;0;0;0;0;0;
33525;4681710;555401216;31830016;505409536;0;0;0;0;0;0;0;0;0;0;0;3427;0;0;0;0;0;0;
33526;3469787;555401216;31830016;505409536;0;0;0;0;0;0;0;0;0;0;0;3637;0;0;0;0;0;0;
33527;4690477;555401216;31830016;505409536;0;0;0;0;0;0;0;0;0;0;0;3527;0;0;0;0;0;0;
33528;3463776;555401216;31830016;505409536;0;0;0;0;0;0;0;0;0;0;0;3446;0;0;0;0;0;0;
33529;4740952;555401216;31838208;505417728;0;0;0;0;0;0;0;0;0;0;0;2815;0;0;0;0;0;0;
33530;2697670;555401216;31838208;505417728;0;0;0;0;0;0;0;0;0;0;0;2735;0;0;0;0;0;0;
33531;4601800;555401216;31838208;505417728;0;0;0;0;0;0;0;0;0;0;0;2915;0;0;0;0;0;0;
33532;2371888;555401216;31838208;505417728;0;0;0;0;0;0;0;0;0;0;0;2906;0;0;0;0;0;0;
33533;4393990;555401216;31838208;505417728;0;0;0;0;0;0;0;0;0;0;0;2344;0;0;0;0;0;0;
33534;2454143;555401216;31838208;505417728;0;0;0;0;0;0;0;0;0;0;0;2976;0;0;0;0;0;0;
33535;4466546;555401216;31838208;505417728;0;0;0;0;0;0;0;0;0;0;0;2795;0;0;0;0;0;0;
33536;2517652;555401216;31830016;505409536;0;0;0;0;0;0;0;0;0;0;0;3016;0;0;0;0;0;0;
33537;4573046;555401216;31830016;505409536;0;0;0;0;0;0;0;0;0;0;0;3066;0;0;0;0;0;0;
33538;2257444;555401216;31830016;505409536;0;0;0;0;0;0;0;0;0;0;0;3146;0;0;0;0;0;0;
33539;4668325;555401216;31830016;505409536;0;0;0;0;0;0;0;0;0;0;0;3156;0;0;0;0;0;0;
33540;2342664;555401216;31830016;505409536;0;0;0;0;0;0;0;0;0;0;0;3346;0;0;0;0;0;0;
33541;4377430;555401216;31830016;505409536;0;0;0;0;0;0;0;0;0;0;0;2614;0;0;0;0;0;0;
33542;2545423;555401216;31830016;505409536;0;0;0;0;0;0;0;0;0;0;0;3126;0;0;0;0;0;0;
33543;4661883;555401216;31830016;505409536;0;0;0;0;0;0;0;0;0;0;0;2766;0;0;0;0;0;0;
33544;2408928;555401216;31830016;505409536;0;0;0;0;0;0;0;0;0;0;0;2895;0;0;0;0;0;0;
33545;4465134;555401216;31830016;505409536;0;0;0;0;0;0;0;0;0;0;0;2585;0;0;0;0;0;0;
33546;2459412;555401216;31830016;505409536;0;0;0;0;0;0;0;0;0;0;0;3196;0;0;0;0;0;0;
33547;4570141;555401216;31830016;505409536;0;0;0;0;0;0;0;0;0;0;0;2435;0;0;0;0;0;0;
33548;2443342;555401216;31830016;505409536;0;0;0;0;0;0;0;0;0;0;0;2775;0;0;0;0;0;0;
33549;4532390;555401216;31830016;505409536;0;0;0;0;0;0;0;0;0;0;0;2995;0;0;0;0;0;0;
33550;2480892;555401216;31830016;505409536;0;0;0;0;0;0;0;0;0;0;0;3015;0;0;0;0;0;0;
33551;4504237;555401216;31830016;505409536;0;0;0;0;0;0;0;0;0;0;0;2825;0;0;0;0;0;0;
33552;2408768;555401216;31830016;505409536;0;0;0;0;0;0;0;0;0;0;0;3026;0;0;0;0;0;0;
33553;4537099;555401216;31830016;505409536;0;0;0;0;0;0;0;0;0;0;0;3086;0;0;0;0;0;0;
33554;2349386;555401216;31830016;505409536;0;0;0;0;0;0;0;0;0;0;0;3286;0;0;0;0;0;0;
33555;4447722;555401216;31830016;505409536;0;0;0;0;0;0;0;0;0;0;0;2394;0;0;0;0;0;0;
33556;2455164;555401216;31830016;505409536;0;0;0;0;0;0;0;0;0;0;0;2625;0;0;0;0;0;0;
33557;4376297;555401216;31830016;505409536;0;0;0;0;0;0;0;0;0;0;0;2675;0;0;0;0;0;0;
33558;2677051;555401216;31830016;505409536;0;0;0;0;0;0;0;0;0;0;0;2815;0;0;0;0;0;0;
33559;4502123;555401216;31830016;505409536;0;0;0;0;0;0;0;0;0;0;0;2775;0;0;0;0;0;0;
33560;2567896;555401216;31830016;505409536;0;0;0;0;0;0;0;0;0;0;0;3055;0;0;0;0;0;0;
33561;4499458;555401216;31830016;505409536;0;0;0;0;0;0;0;0;0;0;0;2665;0;0;0;0;0;0;
33562;2377268;555401216;31830016;505409536;0;0;0;0;0;0;0;0;0;0;0;2574;0;0;0;0;0;0;
33563;4615586;555401216;31830016;505409536;0;0;0;0;0;0;0;0;0;0;0;2455;0;0;0;0;0;0;
33564;2450195;555401216;31830016;505409536;0;0;0;0;0;0;0;0;0;0;0;2856;0;0;0;0;0;0;
33565;4431040;555401216;31830016;505409536;0;0;0;0;0;0;0;0;0;0;0;2244;0;0;0;0;0;0;
33566;2338465;555401216;31830016;505409536;0;0;0;0;0;0;0;0;0;0;0;2505;0;0;0;0;0;0;
33567;4517392;555401216;31830016;505409536;0;0;0;0;0;0;0;0;0;0;0;2435;0;0;0;0;0;0;
33568;2252565;555401216;31830016;505409536;0;0;0;0;0;0;0;0;0;0;0;2926;0;0;0;0;0;0;
33569;4437242;555401216;31830016;505409536;0;0;0;0;0;0;0;0;0;0;0;2565;0;0;0;0;0;0;
33570;2491303;555401216;31830016;505409536;0;0;0;0;0;0;0;0;0;0;0;3106;0;0;0;0;0;0;
33571;4462780;555401216;31830016;505409536;0;0;0;0;0;0;0;0;0;0;0;2786;0;0;0;0;0;0;
33572;2421671;555401216;31830016;505409536;0;0;0;0;0;0;0;0;0;0;0;2745;0;0;0;0;0;0;
33573;4499047;555401216;31830016;505409536;0;0;0;0;0;0;0;0;0;0;0;2495;0;0;0;0;0;0;
33574;2337944;555401216;31830016;505409536;0;0;0;0;0;0;0;0;0;0;0;2765;0;0;0;0;0;0;
33575;4409900;555401216;31830016;505409536;0;0;0;0;0;0;0;0;0;0;0;2855;0;0;0;0;0;0;
33576;2410501;555401216;31830016;505409536;0;0;0;0;0;0;0;0;0;0;0;2935;0;0;0;0;0;0;
33577;4436570;555401216;31830016;505409536;0;0;0;0;0;0;0;0;0;0;0;2294;0;0;0;0;0;0;
33578;2453571;555401216;31830016;505409536;0;0;0;0;0;0;0;0;0;0;0;2905;0;0;0;0;0;0;
33579;4558288;555401216;31830016;505409536;0;0;0;0;0;0;0;0;0;0;0;2584;0;0;0;0;0;0;
33580;2336953;555401216;31830016;505409536;0;0;0;0;0;0;0;0;0;0;0;2575;0;0;0;0;0;0;
33581;4528492;555401216;31830016;505409536;0;0;0;0;0;0;0;0;0;0;0;2254;0;0;0;0;0;0;
33582;2546816;555401216;31830016;505409536;0;0;0;0;0;0;0;0;0;0;0;2645;0;0;0;0;0;0;
33583;4587683;555401216;31830016;505409536;0;0;0;0;0;0;0;0;0;0;0;2264;0;0;0;0;0;0;
33584;2442992;555401216;31830016;505409536;0;0;0;0;0;0;0;0;0;0;0;2775;0;0;0;0;0;0;
33585;4344127;555401216;31830016;505409536;0;0;0;0;0;0;0;0;0;0;0;2484;0;0;0;0;0;0;
33586;2474371;555401216;31830016;505409536;0;0;0;0;0;0;0;0;0;0;0;2915;0;0;0;0;0;0;
33587;4532279;555401216;31830016;505409536;0;0;0;0;0;0;0;0;0;0;0;2645;0;0;0;0;0;0;
33588;2251602;555401216;31830016;505409536;0;0;0;0;0;0;0;0;0;0;0;3396;0;0;0;0;0;0;
33589;4365517;555401216;31830016;505409536;0;0;0;0;0;0;0;0;0;0;0;2435;0;0;0;0;0;0;
33590;2359344;555401216;31830016;505409536;0;0;0;0;0;0;0;0;0;0;0;2705;0;0;0;0;0;0;
33591;4424648;555401216;31830016;505409536;0;0;0;0;0;0;0;0;0;0;0;2274;0;0;0;0;0;0;
33592;2205296;555401216;31830016;505409536;0;0;0;0;0;0;0;0;0;0;0;2625;0;0;0;0;0;0;
33593;4491053;555401216;31830016;505409536;0;0;0;0;0;0;0;0;0;0;0;2665;0;0;0;0;0;0;
33594;2400933;555401216;31830016;505409536;0;0;0;0;0;0;0;0;0;0;0;2755;0;0;0;0;0;0;
33595;4379493;555401216;31830016;505409536;0;0;0;0;0;0;0;0;0;0;0;2264;0;0;0;0;0;0;
33596;2435698;555401216;31830016;505409536;0;0;0;0;0;0;0;0;0;0;0;2926;0;0;0;0;0;0;
33597;4521329;555401216;31830016;505409536;0;0;0;0;0;0;0;0;0;0;0;2785;0;0;0;0;0;0;
33598;2629882;555401216;31830016;505409536;0;0;0;0;0;0;0;0;0;0;0;2806;0;0;0;0;0;0;
33599;4426381;555401216;31830016;505409536;0;0;0;0;0;0;0;0;0;0;0;2796;0;0;0;0;0;0;
33600;2443142;555401216;31830016;505409536;0;0;0;0;0;0;0;0;0;0;0;2765;0;0;0;0;0;0;
33601;4385334;555401216;31830016;505409536;0;0;0;0;0;0;0;0;0;0;0;2575;0;0;0;0;0;0;
33602;2471635;555401216;31830016;505409536;0;0;0;0;0;0;0;0;0;0;0;2615;0;0;0;0;0;0;
33603;4565872;555401216;31830016;505409536;0;0;0;0;0;0;0;0;0;0;0;2886;0;0;0;0;0;0;
33604;2380935;555401216;31830016;505409536;0;0;0;0;0;0;0;0;0;0;0;3256;0;0;0;0;0;0;
33605;4481995;555401216;31830016;505409536;0;0;0;0;0;0;0;0;0;0;0;2665;0;0;0;0;0;0;
33606;2342313;555401216;31830016;505409536;0;0;0;0;0;0;0;0;0;0;0;2816;0;0;0;0;0;0;
33607;4501222;555401216;31830016;505409536;0;0;0;0;0;0;0;0;0;0;0;2725;0;0;0;0;0;0;
33608;2480352;555401216;31830016;505409536;0;0;0;0;0;0;0;0;0;0;0;3086;0;0;0;0;0;0;
33609;4492546;555401216;31830016;505409536;0;0;0;0;0;0;0;0;0;0;0;2905;0;0;0;0;0;0;
33610;2443102;555401216;31830016;505409536;0;0;0;0;0;0;0;0;0;0;0;2986;0;0;0;0;0;0;
33611;4497154;555401216;31830016;505409536;0;0;0;0;0;0;0;0;0;0;0;2595;0;0;0;0;0;0;
33612;2441709;555401216;31830016;505409536;0;0;0;0;0;0;0;0;0;0;0;2846;0;0;0;0;0;0;
33613;4352122;555401216;31830016;505409536;0;0;0;0;0;0;0;0;0;0;0;2795;0;0;0;0;0;0;
33614;2395834;555401216;31830016;505409536;0;0;0;0;0;0;0;0;0;0;0;2795;0;0;0;0;0;0;
33615;4524055;555401216;31830016;505409536;0;0;0;0;0;0;0;0;0;0;0;2585;0;0;0;0;0;0;
33616;2359655;555401216;31830016;505409536;0;0;0;0;0;0;0;0;0;0;0;2755;0;0;0;0;0;0;
33617;4399431;555401216;31830016;505409536;0;0;0;0;0;0;0;0;0;0;0;2986;0;0;0;0;0;0;
33618;2363172;555401216;31830016;505409536;0;0;0;0;0;0;0;0;0;0;0;2906;0;0;0;0;0;0;
33619;4428565;555401216;31830016;505409536;0;0;0;0;0;0;0;0;0;0;0;2775;0;0;0;0;0;0;
33620;2493597;555401216;31830016;505409536;0;0;0;0;0;0;0;0;0;0;0;2746;0;0;0;0;0;0;
33621;4470084;555401216;31830016;505409536;0;0;0;0;0;0;0;0;0;0;0;2455;0;0;0;0;0;0;
33622;2441128;555401216;31830016;505409536;0;0;0;0;0;0;0;0;0;0;0;3437;0;0;0;0;0;0;
33623;4460976;555401216;31830016;505409536;0;0;0;0;0;0;0;0;0;0;0;2484;0;0;0;0;0;0;
33624;2412604;555401216;31830016;505409536;0;0;0;0;0;0;0;0;0;0;0;2875;0;0;0;0;0;0;
33625;4433465;555401216;31830016;505409536;0;0;0;0;0;0;0;0;0;0;0;2354;0;0;0;0;0;0;
33626;2459884;555401216;31830016;505409536;0;0;0;0;0;0;0;0;0;0;0;3025;0;0;0;0;0;0;
33627;4422123;555401216;31830016;505409536;0;0;0;0;0;0;0;0;0;0;0;2625;0;0;0;0;0;0;
33628;2332074;555401216;31830016;505409536;0;0;0;0;0;0;0;0;0;0;0;2635;0;0;0;0;0;0;
33629;4507313;555401216;31830016;505409536;0;0;0;0;0;0;0;0;0;0;0;2765;0;0;0;0;0;0;
33630;2337013;555401216;31830016;505409536;0;0;0;0;0;0;0;0;0;0;0;2775;0;0;0;0;0;0;
33631;4561465;555401216;31830016;505409536;0;0;0;0;0;0;0;0;0;0;0;2334;0;0;0;0;0;0;
33632;2406003;555401216;31830016;505409536;0;0;0;0;0;0;0;0;0;0;0;2935;0;0;0;0;0;0;
33633;4516290;555401216;31830016;505409536;0;0;0;0;0;0;0;0;0;0;0;2696;0;0;0;0;0;0;
33634;2432532;555401216;31830016;505409536;0;0;0;0;0;0;0;0;0;0;0;2995;0;0;0;0;0;0;
33635;4528132;555401216;31830016;505409536;0;0;0;0;0;0;0;0;0;0;0;2715;0;0;0;0;0;0;
33636;2254248;555401216;31830016;505409536;0;0;0;0;0;0;0;0;0;0;0;3016;0;0;0;0;0;0;
33637;4535867;555401216;31830016;505409536;0;0;0;0;0;0;0;0;0;0;0;2565;0;0;0;0;0;0;
33638;2309531;555401216;31830016;505409536;0;0;0;0;0;0;0;0;0;0;0;2875;0;0;0;0;0;0;
33639;4463891;555401216;31830016;505409536;0;0;0;0;0;0;0;0;0;0;0;2825;0;0;0;0;0;0;
33640;2324830;555401216;31830016;505409536;0;0;0;0;0;0;0;0;0;0;0;2746;0;0;0;0;0;0;
33641;4439215;555401216;31830016;505409536;0;0;0;0;0;0;0;0;0;0;0;2715;0;0;0;0;0;0;
33642;2310042;555401216;31830016;505409536;0;0;0;0;0;0;0;0;0;0;0;2645;0;0;0;0;0;0;
33643;4475143;555401216;31830016;505409536;0;0;0;0;0;0;0;0;0;0;0;2725;0;0;0;0;0;0;
33644;2276920;555401216;31830016;505409536;0;0;0;0;0;0;0;0;0;0;0;2875;0;0;0;0;0;0;
33645;4487415;555401216;31830016;505409536;0;0;0;0;0;0;0;0;0;0;0;3156;0;0;0;0;0;0;
33646;2290716;555401216;31830016;505409536;0;0;0;0;0;0;0;0;0;0;0;2564;0;0;0;0;0;0;
33647;4524565;555401216;31830016;505409536;0;0;0;0;0;0;0;0;0;0;0;2715;0;0;0;0;0;0;
33648;2206889;555401216;31830016;505409536;0;0;0;0;0;0;0;0;0;0;0;2595;0;0;0;0;0;0;
33649;4459213;555401216;31830016;505409536;0;0;0;0;0;0;0;0;0;0;0;2345;0;0;0;0;0;0;
33650;2456266;555401216;31830016;505409536;0;0;0;0;0;0;0;0;0;0;0;3306;0;0;0;0;0;0;
33651;4518354;555401216;31830016;505409536;0;0;0;0;0;0;0;0;0;0;0;2635;0;0;0;0;0;0;
33652;2384632;555401216;31830016;505409536;0;0;0;0;0;0;0;0;0;0;0;2815;0;0;0;0;0;0;
33653;4377580;555401216;31830016;505409536;0;0;0;0;0;0;0;0;0;0;0;2495;0;0;0;0;0;0;
33654;2265269;555401216;31830016;505409536;0;0;0;0;0;0;0;0;0;0;0;2614;0;0;0;0;0;0;
33655;4363113;555401216;31830016;505409536;0;0;0;0;0;0;0;0;0;0;0;2394;0;0;0;0;0;0;
33656;2472336;555401216;31830016;505409536;0;0;0;0;0;0;0;0;0;0;0;2745;0;0;0;0;0;0;
33657;4408858;555401216;31830016;505409536;0;0;0;0;0;0;0;0;0;0;0;2454;0;0;0;0;0;0;
33658;2268614;555401216;31830016;505409536;0;0;0;0;0;0;0;0;0;0;0;2735;0;0;0;0;0;0;
33659;4364545;555401216;31830016;505409536;0;0;0;0;0;0;0;0;0;0;0;2554;0;0;0;0;0;0;
33660;2393799;555401216;31830016;505409536;0;0;0;0;0;0;0;0;0;0;0;2675;0;0;0;0;0;0;
33661;4363473;555401216;31830016;505409536;0;0;0;0;0;0;0;0;0;0;0;3036;0;0;0;0;0;0;
33662;2396544;555401216;31830016;505409536;0;0;0;0;0;0;0;0;0;0;0;2886;0;0;0;0;0;0;
33663;4485101;555401216;31830016;505409536;0;0;0;0;0;0;0;0;0;0;0;2624;0;0;0;0;0;0;
33664;2351310;555401216;31830016;505409536;0;0;0;0;0;0;0;0;0;0;0;2926;0;0;0;0;0;0;
33665;4532089;555401216;31830016;505409536;0;0;0;0;0;0;0;0;0;0;0;2575;0;0;0;0;0;0;
33666;2330481;555401216;31830016;505409536;0;0;0;0;0;0;0;0;0;0;0;2825;0;0;0;0;0;0;
33667;4565933;555401216;31830016;505409536;0;0;0;0;0;0;0;0;0;0;0;2605;0;0;0;0;0;0;
33668;2339418;555401216;31830016;505409536;0;0;0;0;0;0;0;0;0;0;0;3026;0;0;0;0;0;0;
33669;4473249;555401216;31830016;505409536;0;0;0;0;0;0;0;0;0;0;0;3045;0;0;0;0;0;0;
33670;2377369;555401216;31830016;505409536;0;0;0;0;0;0;0;0;0;0;0;3266;0;0;0;0;0;0;
33671;4454374;555401216;31830016;505409536;0;0;0;0;0;0;0;0;0;0;0;2975;0;0;0;0;0;0;
33672;2303089;555401216;31830016;505409536;0;0;0;0;0;0;0;0;0;0;0;3095;0;0;0;0;0;0;
33673;4487836;555401216;31830016;505409536;0;0;0;0;0;0;0;0;0;0;0;2394;0;0;0;0;0;0;
33674;2472166;555401216;31830016;505409536;0;0;0;0;0;0;0;0;0;0;0;2956;0;0;0;0;0;0;
33675;4473079;555401216;31830016;505409536;0;0;0;0;0;0;0;0;0;0;0;2444;0;0;0;0;0;0;
33676;3037116;555401216;31830016;505409536;0;0;0;0;0;0;0;0;0;0;0;3907;0;0;0;0;0;0;
33677;4723849;555401216;31830016;505409536;0;0;0;0;0;0;0;0;0;0;0;3677;0;0;0;0;0;0;
33678;3495726;555401216;31830016;505409536;0;0;0;0;0;0;0;0;0;0;0;3577;0;0;0;0;0;0;
33679;4749257;555401216;31830016;505409536;0;0;0;0;0;0;0;0;0;0;0;3417;0;0;0;0;0;0;
33680;3463566;555401216;31830016;505409536;0;0;0;0;0;0;0;0;0;0;0;3817;0;0;0;0;0;0;
33681;4666612;555401216;31830016;505409536;0;0;0;0;0;0;0;0;0;0;0;3356;0;0;0;0;0;0;
33682;3495495;555401216;31830016;505409536;0;0;0;0;0;0;0;0;0;0;0;3997;0;0;0;0;0;0;
33683;4723369;555401216;31830016;505409536;0;0;0;0;0;0;0;0;0;0;0;3296;0;0;0;0;0;0;
33684;3352237;555401216;31830016;505409536;0;0;0;0;0;0;0;0;0;0;0;3676;0;0;0;0;0;0;
33685;4825930;555401216;31830016;505409536;0;0;0;0;0;0;0;0;0;0;0;3327;0;0;0;0;0;0;
33686;3395498;555401216;31830016;505409536;0;0;0;0;0;0;0;0;0;0;0;3707;0;0;0;0;0;0;
33687;4716936;555401216;31830016;505409536;0;0;0;0;0;0;0;0;0;0;0;3717;0;0;0;0;0;0;
33688;3419513;555401216;31830016;505409536;0;0;0;0;0;0;0;0;0;0;0;3497;0;0;0;0;0;0;
33689;4637787;555401216;31830016;505409536;0;0;0;0;0;0;0;0;0;0;0;3657;0;0;0;0;0;0;
33690;3462053;555401216;31830016;505409536;0;0;0;0;0;0;0;0;0;0;0;3747;0;0;0;0;0;0;
33691;4738025;555401216;31830016;505409536;0;0;0;0;0;0;0;0;0;0;0;3377;0;0;0;0;0;0;
33692;3497168;555401216;31830016;505409536;0;0;0;0;0;0;0;0;0;0;0;3808;0;0;0;0;0;0;
33693;4748315;555401216;31830016;505409536;0;0;0;0;0;0;0;0;0;0;0;3557;0;0;0;0;0;0;
33694;3646429;555401216;31830016;505409536;0;0;0;0;0;0;0;0;0;0;0;3687;0;0;0;0;0;0;
33695;4730181;555401216;31830016;505409536;0;0;0;0;0;0;0;0;0;0;0;3457;0;0;0;0;0;0;
33696;3388866;555401216;31830016;505409536;0;0;0;0;0;0;0;0;0;0;0;3486;0;0;0;0;0;0;
33697;4608403;555401216;31830016;505409536;0;0;0;0;0;0;0;0;0;0;0;3246;0;0;0;0;0;0;
33698;3357446;555401216;31830016;505409536;0;0;0;0;0;0;0;0;0;0;0;3727;0;0;0;0;0;0;
33699;4792378;555401216;31830016;505409536;0;0;0;0;0;0;0;0;0;0;0;3277;0;0;0;0;0;0;
33700;3439601;555401216;31830016;505409536;0;0;0;0;0;0;0;0;0;0;0;3707;0;0;0;0;0;0;
33701;4699814;555401216;31830016;505409536;0;0;0;0;0;0;0;0;0;0;0;3717;0;0;0;0;0;0;
33702;3503541;555401216;31830016;505409536;0;0;0;0;0;0;0;0;0;0;0;3938;0;0;0;0;0;0;
33703;4764265;555401216;31830016;505409536;0;0;0;0;0;0;0;0;0;0;0;3386;0;0;0;0;0;0;
33704;3476961;555401216;31830016;505409536;0;0;0;0;0;0;0;0;0;0;0;3567;0;0;0;0;0;0;
33705;4674206;555401216;31830016;505409536;0;0;0;0;0;0;0;0;0;0;0;3116;0;0;0;0;0;0;
33706;3472112;555401216;31830016;505409536;0;0;0;0;0;0;0;0;0;0;0;4108;0;0;0;0;0;0;
33707;4710204;555401216;31830016;505409536;0;0;0;0;0;0;0;0;0;0;0;3717;0;0;0;0;0;0;
33708;3505293;555401216;31830016;505409536;0;0;0;0;0;0;0;0;0;0;0;3737;0;0;0;0;0;0;
33709;4767060;555401216;31830016;505409536;0;0;0;0;0;0;0;0;0;0;0;3597;0;0;0;0;0;0;
33710;3372555;555401216;31830016;505409536;0;0;0;0;0;0;0;0;0;0;0;3717;0;0;0;0;0;0;
33711;4727025;555401216;31830016;505409536;0;0;0;0;0;0;0;0;0;0;0;3466;0;0;0;0;0;0;
33712;3372575;555401216;31830016;505409536;0;0;0;0;0;0;0;0;0;0;0;3717;0;0;0;0;0;0;
33713;4769464;555401216;31830016;505409536;0;0;0;0;0;0;0;0;0;0;0;3427;0;0;0;0;0;0;
33714;3385800;555401216;31830016;505409536;0;0;0;0;0;0;0;0;0;0;0;3857;0;0;0;0;0;0;
33715;4819759;555401216;31830016;505409536;0;0;0;0;0;0;0;0;0;0;0;3527;0;0;0;0;0;0;
33716;3350414;555401216;31830016;505409536;0;0;0;0;0;0;0;0;0;0;0;3857;0;0;0;0;0;0;
33717;4723147;555401216;31830016;505409536;0;0;0;0;0;0;0;0;0;0;0;3256;0;0;0;0;0;0;
33718;3405026;555401216;31830016;505409536;0;0;0;0;0;0;0;0;0;0;0;3627;0;0;0;0;0;0;
33719;4707298;555401216;31830016;505409536;0;0;0;0;0;0;0;0;0;0;0;3697;0;0;0;0;0;0;
33720;3445361;555401216;31830016;505409536;0;0;0;0;0;0;0;0;0;0;0;3416;0;0;0;0;0;0;
33721;4702329;555401216;31830016;505409536;0;0;0;0;0;0;0;0;0;0;0;3918;0;0;0;0;0;0;
33722;3586506;555401216;31830016;505409536;0;0;0;0;0;0;0;0;0;0;0;3787;0;0;0;0;0;0;
33723;4794101;555401216;31830016;505409536;0;0;0;0;0;0;0;0;0;0;0;3045;0;0;0;0;0;0;
33724;3432858;555401216;31830016;505409536;0;0;0;0;0;0;0;0;0;0;0;4539;0;0;0;0;0;0;
33725;4923203;555401216;31830016;505409536;0;0;0;0;0;0;0;0;0;0;0;3657;0;0;0;0;0;0;
33726;3582048;555401216;31830016;505409536;0;0;0;0;0;0;0;0;0;0;0;3566;0;0;0;0;0;0;
33727;4706366;555401216;31830016;505409536;0;0;0;0;0;0;0;0;0;0;0;3577;0;0;0;0;0;0;
33728;3423290;555401216;31830016;505409536;0;0;0;0;0;0;0;0;0;0;0;3797;0;0;0;0;0;0;
33729;4843493;555401216;31830016;505409536;0;0;0;0;0;0;0;0;0;0;0;3777;0;0;0;0;0;0;
33730;3549747;555401216;31830016;505409536;0;0;0;0;0;0;0;0;0;0;0;3857;0;0;0;0;0;0;
33731;4743535;555401216;31830016;505409536;0;0;0;0;0;0;0;0;0;0;0;3647;0;0;0;0;0;0;
33732;3172720;555401216;31830016;505409536;0;0;0;0;0;0;0;0;0;0;0;2855;0;0;0;0;0;0;
33733;4399501;555401216;31830016;505409536;0;0;0;0;0;0;0;0;0;0;0;2544;0;0;0;0;0;0;
33734;2388609;555401216;31830016;505409536;0;0;0;0;0;0;0;0;0;0;0;3246;0;0;0;0;0;0;
33735;4476164;555401216;31830016;505409536;0;0;0;0;0;0;0;0;0;0;0;2494;0;0;0;0;0;0;
33736;2422773;555401216;31830016;505409536;0;0;0;0;0;0;0;0;0;0;0;2755;0;0;0;0;0;0;
33737;4374514;555401216;31830016;505409536;0;0;0;0;0;0;0;0;0;0;0;2524;0;0;0;0;0;0;
33738;2361699;555401216;31830016;505409536;0;0;0;0;0;0;0;0;0;0;0;2525;0;0;0;0;0;0;
33739;4504237;555401216;31830016;505409536;0;0;0;0;0;0;0;0;0;0;0;2665;0;0;0;0;0;0;
33740;2347652;555401216;31830016;505409536;0;0;0;0;0;0;0;0;0;0;0;2795;0;0;0;0;0;0;
33741;4386887;555401216;31830016;505409536;0;0;0;0;0;0;0;0;0;0;0;2334;0;0;0;0;0;0;
33742;2312447;555401216;31830016;505409536;0;0;0;0;0;0;0;0;0;0;0;2966;0;0;0;0;0;0;
33743;4412255;555401216;31830016;505409536;0;0;0;0;0;0;0;0;0;0;0;2314;0;0;0;0;0;0;
33744;2326513;555401216;31830016;505409536;0;0;0;0;0;0;0;0;0;0;0;2936;0;0;0;0;0;0;
33745;4409429;555401216;31830016;505409536;0;0;0;0;0;0;0;0;0;0;0;2364;0;0;0;0;0;0;
33746;2544472;555401216;31830016;505409536;0;0;0;0;0;0;0;0;0;0;0;2595;0;0;0;0;0;0;
33747;4395664;555401216;31830016;505409536;0;0;0;0;0;0;0;0;0;0;0;2605;0;0;0;0;0;0;
33748;2212269;555401216;31830016;505409536;0;0;0;0;0;0;0;0;0;0;0;2915;0;0;0;0;0;0;
33749;4409530;555401216;31830016;505409536;0;0;0;0;0;0;0;0;0;0;0;2454;0;0;0;0;0;0;
33750;2347864;555401216;31830016;505409536;0;0;0;0;0;0;0;0;0;0;0;2745;0;0;0;0;0;0;
33751;4530847;555401216;31830016;505409536;0;0;0;0;0;0;0;0;0;0;0;2645;0;0;0;0;0;0;
33752;2384502;555401216;31830016;505409536;0;0;0;0;0;0;0;0;0;0;0;3035;0;0;0;0;0;0;
33753;4368643;555401216;31830016;505409536;0;0;0;0;0;0;0;0;0;0;0;2395;0;0;0;0;0;0;
33754;2385103;555401216;31830016;505409536;0;0;0;0;0;0;0;0;0;0;0;3026;0;0;0;0;0;0;
33755;4419739;555401216;31830016;505409536;0;0;0;0;0;0;0;0;0;0;0;2675;0;0;0;0;0;0;
33756;2405982;555401216;31830016;505409536;0;0;0;0;0;0;0;0;0;0;0;2885;0;0;0;0;0;0;
33757;4627118;555401216;31830016;505409536;0;0;0;0;0;0;0;0;0;0;0;2214;0;0;0;0;0;0;
33758;2275086;555401216;31830016;505409536;0;0;0;0;0;0;0;0;0;0;0;3005;0;0;0;0;0;0;
33759;4496333;555401216;31830016;505409536;0;0;0;0;0;0;0;0;0;0;0;2705;0;0;0;0;0;0;
33760;2249709;555401216;31830016;505409536;0;0;0;0;0;0;0;0;0;0;0;2706;0;0;0;0;0;0;
33761;4422454;555401216;31830016;505409536;0;0;0;0;0;0;0;0;0;0;0;2685;0;0;0;0;0;0;
33762;2408116;555401216;31830016;505409536;0;0;0;0;0;0;0;0;0;0;0;2805;0;0;0;0;0;0;
33763;4428165;555401216;31830016;505409536;0;0;0;0;0;0;0;0;0;0;0;2134;0;0;0;0;0;0;
33764;2487424;555401216;31830016;505409536;0;0;0;0;0;0;0;0;0;0;0;2625;0;0;0;0;0;0;
33765;7423773;555401216;31830016;505409536;0;0;0;0;0;0;0;0;0;0;0;2364;0;0;0;0;0;0;
33766;9144540;555401216;31830016;505409536;0;0;0;0;0;0;0;0;0;0;0;3827;0;0;0;0;0;0;
33767;4846209;555401216;31830016;505409536;0;0;0;0;0;0;0;0;0;0;0;2255;0;0;0;0;0;0;
33768;2370215;555401216;31830016;505409536;0;0;0;0;0;0;0;0;0;0;0;2434;0;0;0;0;0;0;
33769;4407065;555401216;31830016;505409536;0;0;0;0;0;0;0;0;0;0;0;2555;0;0;0;0;0;0;
33770;2309892;555401216;31830016;505409536;0;0;0;0;0;0;0;0;0;0;0;2575;0;0;0;0;0;0;
33771;4354787;555401216;31830016;505409536;0;0;0;0;0;0;0;0;0;0;0;2575;0;0;0;0;0;0;
33772;2409259;555401216;31830016;505409536;0;0;0;0;0;0;0;0;0;0;0;2776;0;0;0;0;0;0;
33773;4364645;555401216;31830016;505409536;0;0;0;0;0;0;0;0;0;0;0;2745;0;0;0;0;0;0;
33774;2306305;555401216;31830016;505409536;0;0;0;0;0;0;0;0;0;0;0;2175;0;0;0;0;0;0;
33775;4663676;555401216;31830016;505409536;0;0;0;0;0;0;0;0;0;0;0;2094;0;0;0;0;0;0;
33776;2540344;555401216;31830016;505409536;0;0;0;0;0;0;0;0;0;0;0;2645;0;0;0;0;0;0;
33777;4393219;555401216;31830016;505409536;0;0;0;0;0;0;0;0;0;0;0;2215;0;0;0;0;0;0;
33778;2350007;555401216;31830016;505409536;0;0;0;0;0;0;0;0;0;0;0;3176;0;0;0;0;0;0;
33779;4386306;555401216;31830016;505409536;0;0;0;0;0;0;0;0;0;0;0;2064;0;0;0;0;0;0;
33780;2503204;555401216;31830016;505409536;0;0;0;0;0;0;0;0;0;0;0;2856;0;0;0;0;0;0;
33781;4358023;555401216;31830016;505409536;0;0;0;0;0;0;0;0;0;0;0;2715;0;0;0;0;0;0;
33782;2476034;555401216;31830016;505409536;0;0;0;0;0;0;0;0;0;0;0;2355;0;0;0;0;0;0;
33783;4515378;555401216;31830016;505409536;0;0;0;0;0;0;0;0;0;0;0;2836;0;0;0;0;0;0;
33784;2376487;555401216;31830016;505409536;0;0;0;0;0;0;0;0;0;0;0;2374;0;0;0;0;0;0;
33785;4402266;555401216;31830016;505409536;0;0;0;0;0;0;0;0;0;0;0;2825;0;0;0;0;0;0;
33786;2569128;555401216;31830016;505409536;0;0;0;0;0;0;0;0;0;0;0;2294;0;0;0;0;0;0;
33787;4369945;555401216;31830016;505409536;0;0;0;0;0;0;0;0;0;0;0;2455;0;0;0;0;0;0;
33788;2710463;555401216;31830016;505409536;0;0;0;0;0;0;0;0;0;0;0;3447;0;0;0;0;0;0;
33789;4422764;555401216;31830016;505409536;0;0;0;0;0;0;0;0;0;0;0;2114;0;0;0;0;0;0;
33790;2567886;555401216;31830016;505409536;0;0;0;0;0;0;0;0;0;0;0;2535;0;0;0;0;0;0;
33791;4413357;555401216;31830016;505409536;0;0;0;0;0;0;0;0;0;0;0;2114;0;0;0;0;0;0;
33792;2496141;555401216;31830016;505409536;0;0;0;0;0;0;0;0;0;0;0;2625;0;0;0;0;0;0;
33793;4451588;555401216;31830016;505409536;0;0;0;0;0;0;0;0;0;0;0;2434;0;0;0;0;0;0;
33794;2406033;555401216;31830016;505409536;0;0;0;0;0;0;0;0;0;0;0;3066;0;0;0;0;0;0;
33795;4552077;555401216;31830016;505409536;0;0;0;0;0;0;0;0;0;0;0;2544;0;0;0;0;0;0;
33796;2364594;555401216;31830016;505409536;0;0;0;0;0;0;0;0;0;0;0;2405;0;0;0;0;0;0;
33797;4364886;555401216;31830016;505409536;0;0;0;0;0;0;0;0;0;0;0;2394;0;0;0;0;0;0;
33798;2577784;555401216;31830016;505409536;0;0;0;0;0;0;0;0;0;0;0;2404;0;0;0;0;0;0;
33799;4360618;555401216;31830016;505409536;0;0;0;0;0;0;0;0;0;0;0;2234;0;0;0;0;0;0;
33800;2405832;555401216;31830016;505409536;0;0;0;0;0;0;0;0;0;0;0;2304;0;0;0;0;0;0;
33801;4386086;555401216;31830016;505409536;0;0;0;0;0;0;0;0;0;0;0;2214;0;0;0;0;0;0;
33802;2492694;555401216;31830016;505409536;0;0;0;0;0;0;0;0;0;0;0;2825;0;0;0;0;0;0;
33803;4592874;555401216;31830016;505409536;0;0;0;0;0;0;0;0;0;0;0;2244;0;0;0;0;0;0;
33804;2459713;555401216;31830016;505409536;0;0;0;0;0;0;0;0;0;0;0;2955;0;0;0;0;0;0;
33805;4415010;555401216;31830016;505409536;0;0;0;0;0;0;0;0;0;0;0;2795;0;0;0;0;0;0;
33806;2535686;555401216;31830016;505409536;0;0;0;0;0;0;0;0;0;0;0;2595;0;0;0;0;0;0;
33807;4642907;555401216;31830016;505409536;0;0;0;0;0;0;0;0;0;0;0;2615;0;0;0;0;0;0;
33808;2427052;555401216;31830016;505409536;0;0;0;0;0;0;0;0;0;0;0;2465;0;0;0;0;0;0;
33809;4536358;555401216;31830016;505409536;0;0;0;0;0;0;0;0;0;0;0;2374;0;0;0;0;0;0;
33810;2514345;555401216;31830016;505409536;0;0;0;0;0;0;0;0;0;0;0;2224;0;0;0;0;0;0;
33811;4569109;555401216;31830016;505409536;0;0;0;0;0;0;0;0;0;0;0;2024;0;0;0;0;0;0;
33812;2495590;555401216;31830016;505409536;0;0;0;0;0;0;0;0;0;0;0;2344;0;0;0;0;0;0;
33813;4333667;555401216;31830016;505409536;0;0;0;0;0;0;0;0;0;0;0;2415;0;0;0;0;0;0;
33814;2616327;555401216;31830016;505409536;0;0;0;0;0;0;0;0;0;0;0;2465;0;0;0;0;0;0;
33815;4461116;555401216;31830016;505409536;0;0;0;0;0;0;0;0;0;0;0;2835;0;0;0;0;0;0;
33816;2449915;555401216;31830016;505409536;0;0;0;0;0;0;0;0;0;0;0;2464;0;0;0;0;0;0;
33817;4326974;555401216;31830016;505409536;0;0;0;0;0;0;0;0;0;0;0;2504;0;0;0;0;0;0;
33818;2545434;555401216;31830016;505409536;0;0;0;0;0;0;0;0;0;0;0;2765;0;0;0;0;0;0;
33819;4592192;555401216;31830016;505409536;0;0;0;0;0;0;0;0;0;0;0;2134;0;0;0;0;0;0;
33820;2500089;555401216;31830016;505409536;0;0;0;0;0;0;0;0;0;0;0;2795;0;0;0;0;0;0;
33821;4413046;555401216;31830016;505409536;0;0;0;0;0;0;0;0;0;0;0;2475;0;0;0;0;0;0;
33822;2378751;555401216;31830016;505409536;0;0;0;0;0;0;0;0;0;0;0;2385;0;0;0;0;0;0;
33823;4415771;555401216;31830016;505409536;0;0;0;0;0;0;0;0;0;0;0;2484;0;0;0;0;0;0;
33824;2438413;555401216;31830016;505409536;0;0;0;0;0;0;0;0;0;0;0;2595;0;0;0;0;0;0;
33825;4315914;555401216;31830016;505409536;0;0;0;0;0;0;0;0;0;0;0;2535;0;0;0;0;0;0;
33826;2522240;555401216;31830016;505409536;0;0;0;0;0;0;0;0;0;0;0;2725;0;0;0;0;0;0;
33827;4474661;555401216;31830016;505409536;0;0;0;0;0;0;0;0;0;0;0;2765;0;0;0;0;0;0;
33828;2585218;555401216;31830016;505409536;0;0;0;0;0;0;0;0;0;0;0;3166;0;0;0;0;0;0;
33829;4542680;555401216;31830016;505409536;0;0;0;0;0;0;0;0;0;0;0;2604;0;0;0;0;0;0;
33830;2895250;555401216;31830016;505409536;0;0;0;0;0;0;0;0;0;0;0;3527;0;0;0;0;0;0;
33831;4791717;555401216;31830016;505409536;0;0;0;0;0;0;0;0;0;0;0;2916;0;0;0;0;0;0;
33832;3480126;555401216;31830016;505409536;0;0;0;0;0;0;0;0;0;0;0;3637;0;0;0;0;0;0;
33833;4703521;555401216;31830016;505409536;0;0;0;0;0;0;0;0;0;0;0;3967;0;0;0;0;0;0;
33834;3713024;555401216;31830016;505409536;0;0;0;0;0;0;0;0;0;0;0;3947;0;0;0;0;0;0;
33835;4726975;555401216;31830016;505409536;0;0;0;0;0;0;0;0;0;0;0;3316;0;0;0;0;0;0;
33836;3572580;555401216;31830016;505409536;0;0;0;0;0;0;0;0;0;0;0;3417;0;0;0;0;0;0;
33837;4743145;555401216;31830016;505409536;0;0;0;0;0;0;0;0;0;0;0;3547;0;0;0;0;0;0;
33838;3820365;555401216;31830016;505409536;0;0;0;0;0;0;0;0;0;0;0;3787;0;0;0;0;0;0;
33839;4747042;555401216;31830016;505409536;0;0;0;0;0;0;0;0;0;0;0;2875;0;0;0;0;0;0;
33840;3648873;555401216;31830016;505409536;0;0;0;0;0;0;0;0;0;0;0;3527;0;0;0;0;0;0;
33841;4646654;555401216;31830016;505409536;0;0;0;0;0;0;0;0;0;0;0;3096;0;0;0;0;0;0;
33842;3621412;555401216;31830016;505409536;0;0;0;0;0;0;0;0;0;0;0;3556;0;0;0;0;0;0;
33843;4798990;555401216;31830016;505409536;0;0;0;0;0;0;0;0;0;0;0;3266;0;0;0;0;0;0;
33844;3524930;555401216;31830016;505409536;0;0;0;0;0;0;0;0;0;0;0;3456;0;0;0;0;0;0;
33845;4711406;555401216;31830016;505409536;0;0;0;0;0;0;0;0;0;0;0;3376;0;0;0;0;0;0;
33846;3607205;555401216;31830016;505409536;0;0;0;0;0;0;0;0;0;0;0;3777;0;0;0;0;0;0;
33847;4782198;555401216;31830016;505409536;0;0;0;0;0;0;0;0;0;0;0;3276;0;0;0;0;0;0;
33848;3667689;555401216;31830016;505409536;0;0;0;0;0;0;0;0;0;0;0;3406;0;0;0;0;0;0;
33849;4823115;555401216;31830016;505409536;0;0;0;0;0;0;0;0;0;0;0;3456;0;0;0;0;0;0;
33850;3681244;555401216;31830016;505409536;0;0;0;0;0;0;0;0;0;0;0;3006;0;0;0;0;0;0;
33851;4716225;555401216;31830016;505409536;0;0;0;0;0;0;0;0;0;0;0;3126;0;0;0;0;0;0;
33852;3545449;555401216;31830016;505409536;0;0;0;0;0;0;0;0;0;0;0;3336;0;0;0;0;0;0;
33853;4710855;555401216;31830016;505409536;0;0;0;0;0;0;0;0;0;0;0;3406;0;0;0;0;0;0;
33854;3392062;555401216;31830016;505409536;0;0;0;0;0;0;0;0;0;0;0;3155;0;0;0;0;0;0;
33855;4617639;555401216;31830016;505409536;0;0;0;0;0;0;0;0;0;0;0;2855;0;0;0;0;0;0;
33856;2350007;555401216;31830016;505409536;0;0;0;0;0;0;0;0;0;0;0;2655;0;0;0;0;0;0;
33857;4477246;555401216;31830016;505409536;0;0;0;0;0;0;0;0;0;0;0;2374;0;0;0;0;0;0;
33858;2873850;555401216;31830016;505409536;0;0;0;0;0;0;0;0;0;0;0;3677;0;0;0;0;0;0;
33859;4744688;555401216;31830016;505409536;0;0;0;0;0;0;0;0;0;0;0;3747;0;0;0;0;0;0;
33860;3423019;555401216;31830016;505409536;0;0;0;0;0;0;0;0;0;0;0;3757;0;0;0;0;0;0;
33861;4666061;555401216;31830016;505409536;0;0;0;0;0;0;0;0;0;0;0;3416;0;0;0;0;0;0;
33862;3553844;555401216;31830016;505409536;0;0;0;0;0;0;0;0;0;0;0;3587;0;0;0;0;0;0;
33863;4760938;555401216;31830016;505409536;0;0;0;0;0;0;0;0;0;0;0;3336;0;0;0;0;0;0;
33864;3684509;555401216;31830016;505409536;0;0;0;0;0;0;0;0;0;0;0;3707;0;0;0;0;0;0;
33865;4694965;555401216;31830016;505409536;0;0;0;0;0;0;0;0;0;0;0;3566;0;0;0;0;0;0;
33866;3632272;555401216;31830016;505409536;0;0;0;0;0;0;0;0;0;0;0;3737;0;0;0;0;0;0;
33867;4741703;555401216;31830016;505409536;0;0;0;0;0;0;0;0;0;0;0;3576;0;0;0;0;0;0;
33868;3478363;555401216;31830016;505409536;0;0;0;0;0;0;0;0;0;0;0;2364;0;0;0;0;0;0;
33869;4468520;555401216;31830016;505409536;0;0;0;0;0;0;0;0;0;0;0;2124;0;0;0;0;0;0;
33870;2437742;555401216;31830016;505409536;0;0;0;0;0;0;0;0;0;0;0;2876;0;0;0;0;0;0;
33871;4504748;555401216;31830016;505409536;0;0;0;0;0;0;0;0;0;0;0;3557;0;0;0;0;0;0;
33872;2170090;555401216;31830016;505409536;0;0;0;0;0;0;0;0;0;0;0;2796;0;0;0;0;0;0;
33873;4384983;555401216;31830016;505409536;0;0;0;0;0;0;0;0;0;0;0;2705;0;0;0;0;0;0;
33874;2561153;555401216;31830016;505409536;0;0;0;0;0;0;0;0;0;0;0;3015;0;0;0;0;0;0;
33875;4396695;555401216;31830016;505409536;0;0;0;0;0;0;0;0;0;0;0;2364;0;0;0;0;0;0;
33876;2400341;555401216;31830016;505409536;0;0;0;0;0;0;0;0;0;0;0;2073;0;0;0;0;0;0;
33877;4435688;555401216;31830016;505409536;0;0;0;0;0;0;0;0;0;0;0;2395;0;0;0;0;0;0;
33878;2438754;555401216;31830016;505409536;0;0;0;0;0;0;0;0;0;0;0;2825;0;0;0;0;0;0;
33879;4483227;555401216;31830016;505409536;0;0;0;0;0;0;0;0;0;0;0;2896;0;0;0;0;0;0;
33880;2342443;555401216;31830016;505409536;0;0;0;0;0;0;0;0;0;0;0;3126;0;0;0;0;0;0;
33881;4515459;555401216;31830016;505409536;0;0;0;0;0;0;0;0;0;0;0;2254;0;0;0;0;0;0;
33882;2402937;555401216;31830016;505409536;0;0;0;0;0;0;0;0;0;0;0;2986;0;0;0;0;0;0;
33883;4440247;555401216;31830016;505409536;0;0;0;0;0;0;0;0;0;0;0;2575;0;0;0;0;0;0;
33884;2360126;555401216;31830016;505409536;0;0;0;0;0;0;0;0;0;0;0;2505;0;0;0;0;0;0;
33885;4482386;555401216;31830016;505409536;0;0;0;0;0;0;0;0;0;0;0;2575;0;0;0;0;0;0;
33886;2411212;555401216;31830016;505409536;0;0;0;0;0;0;0;0;0;0;0;2896;0;0;0;0;0;0;
33887;4385575;555401216;31830016;505409536;0;0;0;0;0;0;0;0;0;0;0;2104;0;0;0;0;0;0;
33888;2362010;555401216;31830016;505409536;0;0;0;0;0;0;0;0;0;0;0;2495;0;0;0;0;0;0;
33889;4374073;555401216;31830016;505409536;0;0;0;0;0;0;0;0;0;0;0;2244;0;0;0;0;0;0;
33890;2435147;555401216;31830016;505409536;0;0;0;0;0;0;0;0;0;0;0;2264;0;0;0;0;0;0;
33891;4409078;555401216;31830016;505409536;0;0;0;0;0;0;0;0;0;0;0;2384;0;0;0;0;0;0;
33892;2503235;555401216;31830016;505409536;0;0;0;0;0;0;0;0;0;0;0;3256;0;0;0;0;0;0;
33893;4362411;555401216;31830016;505409536;0;0;0;0;0;0;0;0;0;0;0;2074;0;0;0;0;0;0;
33894;2363292;555401216;31830016;505409536;0;0;0;0;0;0;0;0;0;0;0;2876;0;0;0;0;0;0;
33895;4470033;555401216;31830016;505409536;0;0;0;0;0;0;0;0;0;0;0;2225;0;0;0;0;0;0;
33896;2253917;555401216;31830016;505409536;0;0;0;0;0;0;0;0;0;0;0;2765;0;0;0;0;0;0;
33897;4408858;555401216;31830016;505409536;0;0;0;0;0;0;0;0;0;0;0;2264;0;0;0;0;0;0;
33898;2403627;555401216;31830016;505409536;0;0;0;0;0;0;0;0;0;0;0;2835;0;0;0;0;0;0;
33899;4337204;555401216;31830016;505409536;0;0;0;0;0;0;0;0;0;0;0;2285;0;0;0;0;0;0;
33900;2395252;555401216;31830016;505409536;0;0;0;0;0;0;0;0;0;0;0;2675;0;0;0;0;0;0;
33901;4471716;555401216;31830016;505409536;0;0;0;0;0;0;0;0;0;0;0;2565;0;0;0;0;0;0;
33902;2332375;555401216;31830016;505409536;0;0;0;0;0;0;0;0;0;0;0;3186;0;0;0;0;0;0;
33903;4578576;555401216;31830016;505409536;0;0;0;0;0;0;0;0;0;0;0;2525;0;0;0;0;0;0;
33904;2385834;555401216;31830016;505409536;0;0;0;0;0;0;0;0;0;0;0;3066;0;0;0;0;0;0;
33905;4379824;555401216;31830016;505409536;0;0;0;0;0;0;0;0;0;0;0;2795;0;0;0;0;0;0;
33906;2329769;555401216;31830016;505409536;0;0;0;0;0;0;0;0;0;0;0;2885;0;0;0;0;0;0;
33907;4459183;555401216;31830016;505409536;0;0;0;0;0;0;0;0;0;0;0;2725;0;0;0;0;0;0;
33908;2278243;555401216;31830016;505409536;0;0;0;0;0;0;0;0;0;0;0;2815;0;0;0;0;0;0;
33909;4593234;555401216;31830016;505409536;0;0;0;0;0;0;0;0;0;0;0;2585;0;0;0;0;0;0;
33910;2388149;555401216;31830016;505409536;0;0;0;0;0;0;0;0;0;0;0;2816;0;0;0;0;0;0;
33911;4487656;555401216;31830016;505409536;0;0;0;0;0;0;0;0;0;0;0;2144;0;0;0;0;0;0;
33912;2419608;555401216;31830016;505409536;0;0;0;0;0;0;0;0;0;0;0;2765;0;0;0;0;0;0;
33913;4473429;555401216;31830016;505409536;0;0;0;0;0;0;0;0;0;0;0;2705;0;0;0;0;0;0;
33914;2412374;555401216;31830016;505409536;0;0;0;0;0;0;0;0;0;0;0;2194;0;0;0;0;0;0;
33915;4416172;555401216;31830016;505409536;0;0;0;0;0;0;0;0;0;0;0;2024;0;0;0;0;0;0;
33916;2360897;555401216;31830016;505409536;0;0;0;0;0;0;0;0;0;0;0;2224;0;0;0;0;0;0;
33917;4384172;555401216;31830016;505409536;0;0;0;0;0;0;0;0;0;0;0;2354;0;0;0;0;0;0;
33918;2506641;555401216;31830016;505409536;0;0;0;0;0;0;0;0;0;0;0;2926;0;0;0;0;0;0;
33919;4424768;555401216;31830016;505409536;0;0;0;0;0;0;0;0;0;0;0;2655;0;0;0;0;0;0;
33920;2247866;555401216;31830016;505409536;0;0;0;0;0;0;0;0;0;0;0;2334;0;0;0;0;0;0;
33921;4513194;555401216;31830016;505409536;0;0;0;0;0;0;0;0;0;0;0;2455;0;0;0;0;0;0;
33922;2367380;555401216;31830016;505409536;0;0;0;0;0;0;0;0;0;0;0;2765;0;0;0;0;0;0;
33923;4566534;555401216;31830016;505409536;0;0;0;0;0;0;0;0;0;0;0;2495;0;0;0;0;0;0;
33924;2333406;555401216;31830016;505409536;0;0;0;0;0;0;0;0;0;0;0;2645;0;0;0;0;0;0;
33925;4394521;555401216;31830016;505409536;0;0;0;0;0;0;0;0;0;0;0;1914;0;0;0;0;0;0;
33926;2609413;555401216;31830016;505409536;0;0;0;0;0;0;0;0;0;0;0;3026;0;0;0;0;0;0;
33927;4422343;555401216;31830016;505409536;0;0;0;0;0;0;0;0;0;0;0;2585;0;0;0;0;0;0;
33928;2282461;555401216;31830016;505409536;0;0;0;0;0;0;0;0;0;0;0;2394;0;0;0;0;0;0;
33929;4403017;555401216;31830016;505409536;0;0;0;0;0;0;0;0;0;0;0;3096;0;0;0;0;0;0;
33930;2609283;555401216;31830016;505409536;0;0;0;0;0;0;0;0;0;0;0;2254;0;0;0;0;0;0;
33931;4418407;555401216;31830016;505409536;0;0;0;0;0;0;0;0;0;0;0;2154;0;0;0;0;0;0;
33932;2316935;555401216;31830016;505409536;0;0;0;0;0;0;0;0;0;0;0;2965;0;0;0;0;0;0;
33933;4450947;555401216;31830016;505409536;0;0;0;0;0;0;0;0;0;0;0;2806;0;0;0;0;0;0;
33934;2402966;555401216;31830016;505409536;0;0;0;0;0;0;0;0;0;0;0;3006;0;0;0;0;0;0;
33935;4465264;555401216;31830016;505409536;0;0;0;0;0;0;0;0;0;0;0;2314;0;0;0;0;0;0;
33936;2245731;555401216;31830016;505409536;0;0;0;0;0;0;0;0;0;0;0;2525;0;0;0;0;0;0;
33937;4364976;555401216;31830016;505409536;0;0;0;0;0;0;0;0;0;0;0;2374;0;0;0;0;0;0;
33938;2475262;555401216;31830016;505409536;0;0;0;0;0;0;0;0;0;0;0;2394;0;0;0;0;0;0;
33939;4377179;555401216;31830016;505409536;0;0;0;0;0;0;0;0;0;0;0;2235;0;0;0;0;0;0;
33940;2530676;555401216;31830016;505409536;0;0;0;0;0;0;0;0;0;0;0;2725;0;0;0;0;0;0;
33941;4386386;555401216;31830016;505409536;0;0;0;0;0;0;0;0;0;0;0;2424;0;0;0;0;0;0;
33942;2328056;555401216;31830016;505409536;0;0;0;0;0;0;0;0;0;0;0;2775;0;0;0;0;0;0;
33943;4443063;555401216;31830016;505409536;0;0;0;0;0;0;0;0;0;0;0;2635;0;0;0;0;0;0;
33944;2465965;555401216;31830016;505409536;0;0;0;0;0;0;0;0;0;0;0;2996;0;0;0;0;0;0;
33945;4346922;555401216;31830016;505409536;0;0;0;0;0;0;0;0;0;0;0;2826;0;0;0;0;0;0;
33946;2417103;555401216;31830016;505409536;0;0;0;0;0;0;0;0;0;0;0;2916;0;0;0;0;0;0;
33947;4398579;555401216;31830016;505409536;0;0;0;0;0;0;0;0;0;0;0;2465;0;0;0;0;0;0;
33948;2513133;555401216;31830016;505409536;0;0;0;0;0;0;0;0;0;0;0;3316;0;0;0;0;0;0;
33949;4442150;555401216;31830016;505409536;0;0;0;0;0;0;0;0;0;0;0;2194;0;0;0;0;0;0;
33950;2545885;555401216;31830016;505409536;0;0;0;0;0;0;0;0;0;0;0;2655;0;0;0;0;0;0;
33951;4587072;555401216;31830016;505409536;0;0;0;0;0;0;0;0;0;0;0;2284;0;0;0;0;0;0;
33952;2282160;555401216;31830016;505409536;0;0;0;0;0;0;0;0;0;0;0;2455;0;0;0;0;0;0;
33953;4380465;555401216;31830016;505409536;0;0;0;0;0;0;0;0;0;0;0;2255;0;0;0;0;0;0;
33954;2425820;555401216;31830016;505409536;0;0;0;0;0;0;0;0;0;0;0;2535;0;0;0;0;0;0;
33955;4478940;555401216;31830016;505409536;0;0;0;0;0;0;0;0;0;0;0;2695;0;0;0;0;0;0;
33956;2456938;555401216;31830016;505409536;0;0;0;0;0;0;0;0;0;0;0;2625;0;0;0;0;0;0;
33957;4444555;555401216;31830016;505409536;0;0;0;0;0;0;0;0;0;0;0;2845;0;0;0;0;0;0;
33958;2494137;555401216;31830016;505409536;0;0;0;0;0;0;0;0;0;0;0;2635;0;0;0;0;0;0;
33959;4476234;555401216;31830016;505409536;0;0;0;0;0;0;0;0;0;0;0;2936;0;0;0;0;0;0;
33960;2452560;555401216;31830016;505409536;0;0;0;0;0;0;0;0;0;0;0;2825;0;0;0;0;0;0;
33961;4426721;555401216;31830016;505409536;0;0;0;0;0;0;0;0;0;0;0;2324;0;0;0;0;0;0;
33962;2454774;555401216;31830016;505409536;0;0;0;0;0;0;0;0;0;0;0;2374;0;0;0;0;0;0;
33963;4531218;555401216;31830016;505409536;0;0;0;0;0;0;0;0;0;0;0;2033;0;0;0;0;0;0;
33964;2366368;555401216;31830016;505409536;0;0;0;0;0;0;0;0;0;0;0;2325;0;0;0;0;0;0;
33965;4474091;555401216;31830016;505409536;0;0;0;0;0;0;0;0;0;0;0;2394;0;0;0;0;0;0;
33966;2340429;555401216;31830016;505409536;0;0;0;0;0;0;0;0;0;0;0;2855;0;0;0;0;0;0;
33967;4501943;555401216;31830016;505409536;0;0;0;0;0;0;0;0;0;0;0;2265;0;0;0;0;0;0;
33968;2275708;555401216;31830016;505409536;0;0;0;0;0;0;0;0;0;0;0;2925;0;0;0;0;0;0;
33969;4321084;555401216;31830016;505409536;0;0;0;0;0;0;0;0;0;0;0;2584;0;0;0;0;0;0;
33970;2504016;555401216;31830016;505409536;0;0;0;0;0;0;0;0;0;0;0;3196;0;0;0;0;0;0;
33971;4474080;555401216;31830016;505409536;0;0;0;0;0;0;0;0;0;0;0;2615;0;0;0;0;0;0;
33972;2639420;555401216;31830016;505409536;0;0;0;0;0;0;0;0;0;0;0;2485;0;0;0;0;0;0;
33973;4436981;555401216;31830016;505409536;0;0;0;0;0;0;0;0;0;0;0;2806;0;0;0;0;0;0;
33974;2529584;555401216;31830016;505409536;0;0;0;0;0;0;0;0;0;0;0;2705;0;0;0;0;0;0;
33975;4502083;555401216;31830016;505409536;0;0;0;0;0;0;0;0;0;0;0;2595;0;0;0;0;0;0;
33976;2296046;555401216;31830016;505409536;0;0;0;0;0;0;0;0;0;0;0;2214;0;0;0;0;0;0;
33977;4320493;555401216;31830016;505409536;0;0;0;0;0;0;0;0;0;0;0;2134;0;0;0;0;0;0;
33978;2386155;555401216;31830016;505409536;0;0;0;0;0;0;0;0;0;0;0;2825;0;0;0;0;0;0;
33979;4467368;555401216;31830016;505409536;0;0;0;0;0;0;0;0;0;0;0;2795;0;0;0;0;0;0;
33980;2263094;555401216;31830016;505409536;0;0;0;0;0;0;0;0;0;0;0;2435;0;0;0;0;0;0;
33981;4431010;555401216;31830016;505409536;0;0;0;0;0;0;0;0;0;0;0;2655;0;0;0;0;0;0;
33982;2409399;555401216;31830016;505409536;0;0;0;0;0;0;0;0;0;0;0;2946;0;0;0;0;0;0;
33983;4504759;555401216;31830016;505409536;0;0;0;0;0;0;0;0;0;0;0;2585;0;0;0;0;0;0;
33984;2628138;555401216;31830016;505409536;0;0;0;0;0;0;0;0;0;0;0;2595;0;0;0;0;0;0;
33985;4359024;555401216;31830016;505409536;0;0;0;0;0;0;0;0;0;0;0;2394;0;0;0;0;0;0;
33986;2393138;555401216;31830016;505409536;0;0;0;0;0;0;0;0;0;0;0;2454;0;0;0;0;0;0;
33987;4509507;555401216;31830016;505409536;0;0;0;0;0;0;0;0;0;0;0;2355;0;0;0;0;0;0;
33988;2459121;555401216;31830016;505409536;0;0;0;0;0;0;0;0;0;0;0;2505;0;0;0;0;0;0;
33989;4351902;555401216;31830016;505409536;0;0;0;0;0;0;0;0;0;0;0;2545;0;0;0;0;0;0;
33990;2410491;555401216;31830016;505409536;0;0;0;0;0;0;0;0;0;0;0;3146;0;0;0;0;0;0;
33991;4434857;555401216;31830016;505409536;0;0;0;0;0;0;0;0;0;0;0;2093;0;0;0;0;0;0;
33992;2320351;555401216;31830016;505409536;0;0;0;0;0;0;0;0;0;0;0;2535;0;0;0;0;0;0;
33993;4383991;555401216;31830016;505409536;0;0;0;0;0;0;0;0;0;0;0;3216;0;0;0;0;0;0;
33994;2418626;555401216;31830016;505409536;0;0;0;0;0;0;0;0;0;0;0;2334;0;0;0;0;0;0;
33995;4426962;555401216;31830016;505409536;0;0;0;0;0;0;0;0;0;0;0;2024;0;0;0;0;0;0;
33996;2424778;555401216;31830016;505409536;0;0;0;0;0;0;0;0;0;0;0;3006;0;0;0;0;0;0;
33997;4437662;555401216;31830016;505409536;0;0;0;0;0;0;0;0;0;0;0;2475;0;0;0;0;0;0;
33998;2706726;555401216;31830016;505409536;0;0;0;0;0;0;0;0;0;0;0;3647;0;0;0;0;0;0;
33999;4768212;555401216;31830016;505409536;0;0;0;0;0;0;0;0;0;0;0;2915;0;0;0;0;0;0;
34000;3430173;555401216;31830016;505409536;0;0;0;0;0;0;0;0;0;0;0;3036;0;0;0;0;0;0;
34001;4810752;555401216;31830016;505409536;0;0;0;0;0;0;0;0;0;0;0;2905;0;0;0;0;0;0;
34002;3543947;555401216;31830016;505409536;0;0;0;0;0;0;0;0;0;0;0;3697;0;0;0;0;0;0;
34003;4790194;555401216;31830016;505409536;0;0;0;0;0;0;0;0;0;0;0;2755;0;0;0;0;0;0;
34004;3393504;555401216;31830016;505409536;0;0;0;0;0;0;0;0;0;0;0;3036;0;0;0;0;0;0;
34005;4611869;555401216;31830016;505409536;0;0;0;0;0;0;0;0;0;0;0;2795;0;0;0;0;0;0;
34006;3813903;555401216;31830016;505409536;0;0;0;0;0;0;0;0;0;0;0;3807;0;0;0;0;0;0;
34007;4745199;555401216;31830016;505409536;0;0;0;0;0;0;0;0;0;0;0;3957;0;0;0;0;0;0;
34008;3339323;555401216;31830016;505409536;0;0;0;0;0;0;0;0;0;0;0;3136;0;0;0;0;0;0;
34009;4450286;555401216;31830016;505409536;0;0;0;0;0;0;0;0;0;0;0;2094;0;0;0;0;0;0;
34010;2363743;555401216;31830016;505409536;0;0;0;0;0;0;0;0;0;0;0;2174;0;0;0;0;0;0;
34011;4511581;555401216;31830016;505409536;0;0;0;0;0;0;0;0;0;0;0;2194;0;0;0;0;0;0;
34012;2299383;555401216;31830016;505409536;0;0;0;0;0;0;0;0;0;0;0;2544;0;0;0;0;0;0;
34013;4489750;555401216;31830016;505409536;0;0;0;0;0;0;0;0;0;0;0;2325;0;0;0;0;0;0;
34014;2517201;555401216;31830016;505409536;0;0;0;0;0;0;0;0;0;0;0;2255;0;0;0;0;0;0;
34015;4451268;555401216;31830016;505409536;0;0;0;0;0;0;0;0;0;0;0;2445;0;0;0;0;0;0;
34016;2364825;555401216;31830016;505409536;0;0;0;0;0;0;0;0;0;0;0;2705;0;0;0;0;0;0;
34017;4490712;555401216;31830016;505409536;0;0;0;0;0;0;0;0;0;0;0;10049;0;0;0;0;0;0;
34018;2401584;555401216;31830016;505409536;0;0;0;0;0;0;0;0;0;0;0;2715;0;0;0;0;0;0;
34019;4717547;555401216;31830016;505409536;0;0;0;0;0;0;0;0;0;0;0;2725;0;0;0;0;0;0;
34020;2430428;555401216;31830016;505409536;0;0;0;0;0;0;0;0;0;0;0;2805;0;0;0;0;0;0;
34021;4518284;555401216;31830016;505409536;0;0;0;0;0;0;0;0;0;0;0;2955;0;0;0;0;0;0;
34022;2619132;555401216;31830016;505409536;0;0;0;0;0;0;0;0;0;0;0;3496;0;0;0;0;0;0;
34023;4468069;555401216;31830016;505409536;0;0;0;0;0;0;0;0;0;0;0;2595;0;0;0;0;0;0;
34024;2398779;555401216;31830016;505409536;0;0;0;0;0;0;0;0;0;0;0;2915;0;0;0;0;0;0;
34025;4452921;555401216;31830016;505409536;0;0;0;0;0;0;0;0;0;0;0;2825;0;0;0;0;0;0;
34026;2399710;555401216;31830016;505409536;0;0;0;0;0;0;0;0;0;0;0;2645;0;0;0;0;0;0;
34027;4465164;555401216;31830016;505409536;0;0;0;0;0;0;0;0;0;0;0;2274;0;0;0;0;0;0;
34028;2521138;555401216;31830016;505409536;0;0;0;0;0;0;0;0;0;0;0;2495;0;0;0;0;0;0;
34029;4489199;555401216;31830016;505409536;0;0;0;0;0;0;0;0;0;0;0;2394;0;0;0;0;0;0;
34030;2624693;555401216;31830016;505409536;0;0;0;0;0;0;0;0;0;0;0;3256;0;0;0;0;0;0;
34031;4473429;555401216;31830016;505409536;0;0;0;0;0;0;0;0;0;0;0;2685;0;0;0;0;0;0;
34032;2278884;555401216;31830016;505409536;0;0;0;0;0;0;0;0;0;0;0;2355;0;0;0;0;0;0;
34033;4527782;555401216;31830016;505409536;0;0;0;0;0;0;0;0;0;0;0;2635;0;0;0;0;0;0;
34034;2486133;555401216;31830016;505409536;0;0;0;0;0;0;0;0;0;0;0;2254;0;0;0;0;0;0;
34035;4473950;555401216;31830016;505409536;0;0;0;0;0;0;0;0;0;0;0;2685;0;0;0;0;0;0;
34036;2635874;555401216;31830016;505409536;0;0;0;0;0;0;0;0;0;0;0;2995;0;0;0;0;0;0;
34037;4372521;555401216;31830016;505409536;0;0;0;0;0;0;0;0;0;0;0;2735;0;0;0;0;0;0;
34038;2567856;555401216;31830016;505409536;0;0;0;0;0;0;0;0;0;0;0;3356;0;0;0;0;0;0;
34039;4524104;555401216;31830016;505409536;0;0;0;0;0;0;0;0;0;0;0;2315;0;0;0;0;0;0;
34040;2380203;555401216;31830016;505409536;0;0;0;0;0;0;0;0;0;0;0;2425;0;0;0;0;0;0;
34041;4346662;555401216;31830016;505409536;0;0;0;0;0;0;0;0;0;0;0;2395;0;0;0;0;0;0;
34042;11857016;555401216;31830016;505409536;0;0;0;0;0;0;0;0;0;0;0;3607;0;0;0;0;0;0;
34043;5011167;555401216;31830016;505409536;0;0;0;0;0;0;0;0;0;0;0;2535;0;0;0;0;0;0;
34044;2706195;555401216;31830016;505409536;0;0;0;0;0;0;0;0;0;0;0;2385;0;0;0;0;0;0;
34045;4368833;555401216;31830016;505409536;0;0;0;0;0;0;0;0;0;0;0;2846;0;0;0;0;0;0;
34046;2518734;555401216;31830016;505409536;0;0;0;0;0;0;0;0;0;0;0;2695;0;0;0;0;0;0;
34047;4434367;555401216;31830016;505409536;0;0;0;0;0;0;0;0;0;0;0;2094;0;0;0;0;0;0;
34048;2396494;555401216;31830016;505409536;0;0;0;0;0;0;0;0;0;0;0;2454;0;0;0;0;0;0;
34049;4521520;555401216;31830016;505409536;0;0;0;0;0;0;0;0;0;0;0;2625;0;0;0;0;0;0;
34050;2440918;555401216;31830016;505409536;0;0;0;0;0;0;0;0;0;0;0;2916;0;0;0;0;0;0;
34051;4451859;555401216;31830016;505409536;0;0;0;0;0;0;0;0;0;0;0;2334;0;0;0;0;0;0;
34052;2406874;555401216;31830016;505409536;0;0;0;0;0;0;0;0;0;0;0;2835;0;0;0;0;0;0;
34053;4431641;555401216;31830016;505409536;0;0;0;0;0;0;0;0;0;0;0;2425;0;0;0;0;0;0;
34054;2475783;555401216;31830016;505409536;0;0;0;0;0;0;0;0;0;0;0;2565;0;0;0;0;0;0;
34055;4494259;555401216;31830016;505409536;0;0;0;0;0;0;0;0;0;0;0;2475;0;0;0;0;0;0;
34056;2413807;555401216;31830016;505409536;0;0;0;0;0;0;0;0;0;0;0;2845;0;0;0;0;0;0;
34057;4319731;555401216;31830016;505409536;0;0;0;0;0;0;0;0;0;0;0;2265;0;0;0;0;0;0;
34058;2433514;555401216;31830016;505409536;0;0;0;0;0;0;0;0;0;0;0;2475;0;0;0;0;0;0;
34059;4458191;555401216;31830016;505409536;0;0;0;0;0;0;0;0;0;0;0;2284;0;0;0;0;0;0;
34060;3343350;555401216;31830016;505409536;0;0;0;0;0;0;0;0;0;0;0;3858;0;0;0;0;0;0;
34061;4615846;555401216;31830016;505409536;0;0;0;0;0;0;0;0;0;0;0;3036;0;0;0;0;0;0;
34062;3656207;555401216;31830016;505409536;0;0;0;0;0;0;0;0;0;0;0;3256;0;0;0;0;0;0;
34063;4738547;555401216;31830016;505409536;0;0;0;0;0;0;0;0;0;0;0;3236;0;0;0;0;0;0;
34064;3705279;555401216;31830016;505409536;0;0;0;0;0;0;0;0;0;0;0;3126;0;0;0;0;0;0;
34065;4850647;555401216;31830016;505409536;0;0;0;0;0;0;0;0;0;0;0;3015;0;0;0;0;0;0;
34066;3008762;555401216;31830016;505409536;0;0;0;0;0;0;0;0;0;0;0;2645;0;0;0;0;0;0;
34067;4459443;555401216;31830016;505409536;0;0;0;0;0;0;0;0;0;0;0;2345;0;0;0;0;0;0;
34068;2478217;555401216;31830016;505409536;0;0;0;0;0;0;0;0;0;0;0;3066;0;0;0;0;0;0;
34069;4433615;555401216;31830016;505409536;0;0;0;0;0;0;0;0;0;0;0;2254;0;0;0;0;0;0;
34070;2511580;555401216;31830016;505409536;0;0;0;0;0;0;0;0;0;0;0;2715;0;0;0;0;0;0;
34071;4602662;555401216;31830016;505409536;0;0;0;0;0;0;0;0;0;0;0;2335;0;0;0;0;0;0;
34072;2573847;555401216;31830016;505409536;0;0;0;0;0;0;0;0;0;0;0;2695;0;0;0;0;0;0;
34073;4528673;555401216;31830016;505409536;0;0;0;0;0;0;0;0;0;0;0;2445;0;0;0;0;0;0;
34074;2448943;555401216;31830016;505409536;0;0;0;0;0;0;0;0;0;0;0;2915;0;0;0;0;0;0;
34075;4372500;555401216;31830016;505409536;0;0;0;0;0;0;0;0;0;0;0;2284;0;0;0;0;0;0;
34076;2533110;555401216;31830016;505409536;0;0;0;0;0;0;0;0;0;0;0;2314;0;0;0;0;0;0;
34077;4370386;555401216;31830016;505409536;0;0;0;0;0;0;0;0;0;0;0;2285;0;0;0;0;0;0;
34078;2667222;555401216;31830016;505409536;0;0;0;0;0;0;0;0;0;0;0;3637;0;0;0;0;0;0;
34079;4504347;555401216;31830016;505409536;0;0;0;0;0;0;0;0;0;0;0;2776;0;0;0;0;0;0;
34080;2659026;555401216;31830016;505409536;0;0;0;0;0;0;0;0;0;0;0;2595;0;0;0;0;0;0;
34081;4470724;555401216;31830016;505409536;0;0;0;0;0;0;0;0;0;0;0;2174;0;0;0;0;0;0;
34082;2455906;555401216;31830016;505409536;0;0;0;0;0;0;0;0;0;0;0;2485;0;0;0;0;0;0;
34083;4466586;555401216;31830016;505409536;0;0;0;0;0;0;0;0;0;0;0;2645;0;0;0;0;0;0;
34084;2462628;555401216;31830016;505409536;0;0;0;0;0;0;0;0;0;0;0;2414;0;0;0;0;0;0;
34085;4363423;555401216;31830016;505409536;0;0;0;0;0;0;0;0;0;0;0;2454;0;0;0;0;0;0;
34086;2363513;555401216;31830016;505409536;0;0;0;0;0;0;0;0;0;0;0;2254;0;0;0;0;0;0;
34087;4462348;555401216;31830016;505409536;0;0;0;0;0;0;0;0;0;0;0;2024;0;0;0;0;0;0;
34088;2423716;555401216;31830016;505409536;0;0;0;0;0;0;0;0;0;0;0;2315;0;0;0;0;0;0;
34089;4496703;555401216;31830016;505409536;0;0;0;0;0;0;0;0;0;0;0;2525;0;0;0;0;0;0;
34090;2455485;555401216;31830016;505409536;0;0;0;0;0;0;0;0;0;0;0;2305;0;0;0;0;0;0;
34091;4419589;555401216;31830016;505409536;0;0;0;0;0;0;0;0;0;0;0;2204;0;0;0;0;0;0;
34092;2700144;555401216;31830016;505409536;0;0;0;0;0;0;0;0;0;0;0;2444;0;0;0;0;0;0;
34093;4492295;555401216;31830016;505409536;0;0;0;0;0;0;0;0;0;0;0;2044;0;0;0;0;0;0;
34094;2445697;555401216;31830016;505409536;0;0;0;0;0;0;0;0;0;0;0;3066;0;0;0;0;0;0;
34095;4539964;555401216;31830016;505409536;0;0;0;0;0;0;0;0;0;0;0;2013;0;0;0;0;0;0;
34096;2269165;555401216;31830016;505409536;0;0;0;0;0;0;0;0;0;0;0;2455;0;0;0;0;0;0;
34097;4447671;555401216;31830016;505409536;0;0;0;0;0;0;0;0;0;0;0;2304;0;0;0;0;0;0;
34098;2317577;555401216;31830016;505409536;0;0;0;0;0;0;0;0;0;0;0;2425;0;0;0;0;0;0;
34099;4569720;555401216;31830016;505409536;0;0;0;0;0;0;0;0;0;0;0;2074;0;0;0;0;0;0;
34100;2710413;555401216;31830016;505409536;0;0;0;0;0;0;0;0;0;0;0;2535;0;0;0;0;0;0;
34101;4688353;555401216;31830016;505409536;0;0;0;0;0;0;0;0;0;0;0;2174;0;0;0;0;0;0;
34102;3386651;555401216;31830016;505409536;0;0;0;0;0;0;0;0;0;0;0;2545;0;0;0;0;0;0;
34103;4527871;555401216;31830016;505409536;0;0;0;0;0;0;0;0;0;0;0;2195;0;0;0;0;0;0;
34104;2416833;555401216;31830016;505409536;0;0;0;0;0;0;0;0;0;0;0;2444;0;0;0;0;0;0;
34105;4417424;555401216;31830016;505409536;0;0;0;0;0;0;0;0;0;0;0;8847;0;0;0;0;0;0;
34106;2505037;555401216;31830016;505409536;0;0;0;0;0;0;0;0;0;0;0;2364;0;0;0;0;0;0;
34107;4405893;555401216;31830016;505409536;0;0;0;0;0;0;0;0;0;0;0;2545;0;0;0;0;0;0;
34108;2515247;555401216;31830016;505409536;0;0;0;0;0;0;0;0;0;0;0;2124;0;0;0;0;0;0;
34109;4654279;555401216;31830016;505409536;0;0;0;0;0;0;0;0;0;0;0;2525;0;0;0;0;0;0;
34110;2461346;555401216;31830016;505409536;0;0;0;0;0;0;0;0;0;0;0;2575;0;0;0;0;0;0;
34111;4548019;555401216;31830016;505409536;0;0;0;0;0;0;0;0;0;0;0;3025;0;0;0;0;0;0;
34112;2639440;555401216;31830016;505409536;0;0;0;0;0;0;0;0;0;0;0;2956;0;0;0;0;0;0;
34113;4550985;555401216;31830016;505409536;0;0;0;0;0;0;0;0;0;0;0;2505;0;0;0;0;0;0;
34114;2489529;555401216;31830016;505409536;0;0;0;0;0;0;0;0;0;0;0;2374;0;0;0;0;0;0;
34115;4503536;555401216;31830016;505409536;0;0;0;0;0;0;0;0;0;0;0;2314;0;0;0;0;0;0;
34116;2488847;555401216;31830016;505409536;0;0;0;0;0;0;0;0;0;0;0;2405;0;0;0;0;0;0;
34117;4407205;555401216;31830016;505409536;0;0;0;0;0;0;0;0;0;0;0;2214;0;0;0;0;0;0;
34118;2650220;555401216;31830016;505409536;0;0;0;0;0;0;0;0;0;0;0;2204;0;0;0;0;0;0;
34119;4481094;555401216;31830016;505409536;0;0;0;0;0;0;0;0;0;0;0;2324;0;0;0;0;0;0;
34120;2687641;555401216;31830016;505409536;0;0;0;0;0;0;0;0;0;0;0;2295;0;0;0;0;0;0;
34121;4523553;555401216;31830016;505409536;0;0;0;0;0;0;0;0;0;0;0;2324;0;0;0;0;0;0;
34122;2479320;555401216;31830016;505409536;0;0;0;0;0;0;0;0;0;0;0;2594;0;0;0;0;0;0;
34123;4469351;555401216;31830016;505409536;0;0;0;0;0;0;0;0;0;0;0;2575;0;0;0;0;0;0;
34124;2327295;555401216;31830016;505409536;0;0;0;0;0;0;0;0;0;0;0;2515;0;0;0;0;0;0;
34125;4423095;555401216;31830016;505409536;0;0;0;0;0;0;0;0;0;0;0;2264;0;0;0;0;0;0;
34126;2534864;555401216;31830016;505409536;0;0;0;0;0;0;0;0;0;0;0;2434;0;0;0;0;0;0;
34127;4553650;555401216;31830016;505409536;0;0;0;0;0;0;0;0;0;0;0;2204;0;0;0;0;0;0;
34128;2454152;555401216;31830016;505409536;0;0;0;0;0;0;0;0;0;0;0;2465;0;0;0;0;0;0;
34129;4382750;555401216;31830016;505409536;0;0;0;0;0;0;0;0;0;0;0;2124;0;0;0;0;0;0;
34130;2530997;555401216;31830016;505409536;0;0;0;0;0;0;0;0;0;0;0;2484;0;0;0;0;0;0;
34131;4518954;555401216;31830016;505409536;0;0;0;0;0;0;0;0;0;0;0;3006;0;0;0;0;0;0;
34132;2386666;555401216;31830016;505409536;0;0;0;0;0;0;0;0;0;0;0;2254;0;0;0;0;0;0;
34133;4332575;555401216;31830016;505409536;0;0;0;0;0;0;0;0;0;0;0;2205;0;0;0;0;0;0;
34134;2569408;555401216;31830016;505409536;0;0;0;0;0;0;0;0;0;0;0;2765;0;0;0;0;0;0;
34135;4443413;555401216;31830016;505409536;0;0;0;0;0;0;0;0;0;0;0;2184;0;0;0;0;0;0;
34136;2304842;555401216;31830016;505409536;0;0;0;0;0;0;0;0;0;0;0;2395;0;0;0;0;0;0;
34137;4454584;555401216;31830016;505409536;0;0;0;0;0;0;0;0;0;0;0;2144;0;0;0;0;0;0;
34138;2573736;555401216;31830016;505409536;0;0;0;0;0;0;0;0;0;0;0;2264;0;0;0;0;0;0;
34139;4494790;555401216;31830016;505409536;0;0;0;0;0;0;0;0;0;0;0;2114;0;0;0;0;0;0;
34140;2838413;555401216;31830016;505409536;0;0;0;0;0;0;0;0;0;0;0;2224;0;0;0;0;0;0;
34141;4349487;555401216;31830016;505409536;0;0;0;0;0;0;0;0;0;0;0;2214;0;0;0;0;0;0;
34142;2505178;555401216;31830016;505409536;0;0;0;0;0;0;0;0;0;0;0;2344;0;0;0;0;0;0;
34143;4594987;555401216;31830016;505409536;0;0;0;0;0;0;0;0;0;0;0;2505;0;0;0;0;0;0;
34144;2601839;555401216;31830016;505409536;0;0;0;0;0;0;0;0;0;0;0;2275;0;0;0;0;0;0;
34145;4475934;555401216;31830016;505409536;0;0;0;0;0;0;0;0;0;0;0;1804;0;0;0;0;0;0;
34146;2582403;555401216;31830016;505409536;0;0;0;0;0;0;0;0;0;0;0;2645;0;0;0;0;0;0;
34147;4461557;555401216;31830016;505409536;0;0;0;0;0;0;0;0;0;0;0;2124;0;0;0;0;0;0;
34148;2636394;555401216;31830016;505409536;0;0;0;0;0;0;0;0;0;0;0;2856;0;0;0;0;0;0;
34149;4540535;555401216;31830016;505409536;0;0;0;0;0;0;0;0;0;0;0;2274;0;0;0;0;0;0;
34150;2676449;555401216;31830016;505409536;0;0;0;0;0;0;0;0;0;0;0;2865;0;0;0;0;0;0;
34151;4457139;555401216;31830016;505409536;0;0;0;0;0;0;0;0;0;0;0;1983;0;0;0;0;0;0;
34152;2439154;555401216;31830016;505409536;0;0;0;0;0;0;0;0;0;0;0;2465;0;0;0;0;0;0;
34153;4575771;555401216;31830016;505409536;0;0;0;0;0;0;0;0;0;0;0;2285;0;0;0;0;0;0;
34154;2489890;555401216;31830016;505409536;0;0;0;0;0;0;0;0;0;0;0;2385;0;0;0;0;0;0;
34155;4456318;555401216;31830016;505409536;0;0;0;0;0;0;0;0;0;0;0;2144;0;0;0;0;0;0;
34156;2673694;555401216;31830016;505409536;0;0;0;0;0;0;0;0;0;0;0;3156;0;0;0;0;0;0;
34157;4514957;555401216;31830016;505409536;0;0;0;0;0;0;0;0;0;0;0;2264;0;0;0;0;0;0;
34158;2743124;555401216;31830016;505409536;0;0;0;0;0;0;0;0;0;0;0;3046;0;0;0;0;0;0;
34159;4500631;555401216;31830016;505409536;0;0;0;0;0;0;0;0;0;0;0;2374;0;0;0;0;0;0;
34160;2402856;555401216;31830016;505409536;0;0;0;0;0;0;0;0;0;0;0;2425;0;0;0;0;0;0;
34161;4421041;555401216;31830016;505409536;0;0;0;0;0;0;0;0;0;0;0;2074;0;0;0;0;0;0;
34162;2536337;555401216;31830016;505409536;0;0;0;0;0;0;0;0;0;0;0;2275;0;0;0;0;0;0;
34163;4516550;555401216;31830016;505409536;0;0;0;0;0;0;0;0;0;0;0;2605;0;0;0;0;0;0;
34164;2445045;555401216;31830016;505409536;0;0;0;0;0;0;0;0;0;0;0;2444;0;0;0;0;0;0;
34165;4534163;555401216;31830016;505409536;0;0;0;0;0;0;0;0;0;0;0;2134;0;0;0;0;0;0;
34166;2496723;555401216;31830016;505409536;0;0;0;0;0;0;0;0;0;0;0;2415;0;0;0;0;0;0;
34167;4541367;555401216;31830016;505409536;0;0;0;0;0;0;0;0;0;0;0;1993;0;0;0;0;0;0;
34168;2497584;555401216;31830016;505409536;0;0;0;0;0;0;0;0;0;0;0;2364;0;0;0;0;0;0;
34169;4461737;555401216;31830016;505409536;0;0;0;0;0;0;0;0;0;0;0;2284;0;0;0;0;0;0;
34170;2609313;555401216;31830016;505409536;0;0;0;0;0;0;0;0;0;0;0;2354;0;0;0;0;0;0;
34171;4567205;555401216;31830016;505409536;0;0;0;0;0;0;0;0;0;0;0;2354;0;0;0;0;0;0;
34172;2560171;555401216;31830016;505409536;0;0;0;0;0;0;0;0;0;0;0;2444;0;0;0;0;0;0;
34173;4521529;555401216;31830016;505409536;0;0;0;0;0;0;0;0;0;0;0;2244;0;0;0;0;0;0;
34174;3120342;555401216;31830016;505409536;0;0;0;0;0;0;0;0;0;0;0;2525;0;0;0;0;0;0;
34175;4571132;555401216;31830016;505409536;0;0;0;0;0;0;0;0;0;0;0;2675;0;0;0;0;0;0;
34176;2545735;555401216;31830016;505409536;0;0;0;0;0;0;0;0;0;0;0;2615;0;0;0;0;0;0;
34177;4441980;555401216;31830016;505409536;0;0;0;0;0;0;0;0;0;0;0;2114;0;0;0;0;0;0;
34178;2589827;555401216;31830016;505409536;0;0;0;0;0;0;0;0;0;0;0;2504;0;0;0;0;0;0;
34179;4579668;555401216;31830016;505409536;0;0;0;0;0;0;0;0;0;0;0;2435;0;0;0;0;0;0;
34180;2485942;555401216;31830016;505409536;0;0;0;0;0;0;0;0;0;0;0;2635;0;0;0;0;0;0;
34181;4510919;555401216;31830016;505409536;0;0;0;0;0;0;0;0;0;0;0;2514;0;0;0;0;0;0;
34182;2599395;555401216;31830016;505409536;0;0;0;0;0;0;0;0;0;0;0;2645;0;0;0;0;0;0;
34183;4525126;555401216;31830016;505409536;0;0;0;0;0;0;0;0;0;0;0;2585;0;0;0;0;0;0;
34184;2644259;555401216;31830016;505409536;0;0;0;0;0;0;0;0;0;0;0;2525;0;0;0;0;0;0;
34185;4341472;555401216;31830016;505409536;0;0;0;0;0;0;0;0;0;0;0;1964;0;0;0;0;0;0;
34186;2618851;555401216;31830016;505409536;0;0;0;0;0;0;0;0;0;0;0;2825;0;0;0;0;0;0;
34187;4554792;555401216;31830016;505409536;0;0;0;0;0;0;0;0;0;0;0;2134;0;0;0;0;0;0;
34188;2560111;555401216;31830016;505409536;0;0;0;0;0;0;0;0;0;0;0;2455;0;0;0;0;0;0;
34189;4432632;555401216;31830016;505409536;0;0;0;0;0;0;0;0;0;0;0;2394;0;0;0;0;0;0;
34190;2522120;555401216;31830016;505409536;0;0;0;0;0;0;0;0;0;0;0;2736;0;0;0;0;0;0;
34191;4473991;555401216;31830016;505409536;0;0;0;0;0;0;0;0;0;0;0;2564;0;0;0;0;0;0;
34192;2343064;555401216;31830016;505409536;0;0;0;0;0;0;0;0;0;0;0;2585;0;0;0;0;0;0;
34193;4545074;555401216;31830016;505409536;0;0;0;0;0;0;0;0;0;0;0;2725;0;0;0;0;0;0;
34194;2446468;555401216;31830016;505409536;0;0;0;0;0;0;0;0;0;0;0;2554;0;0;0;0;0;0;
34195;4437783;555401216;31830016;505409536;0;0;0;0;0;0;0;0;0;0;0;2475;0;0;0;0;0;0;
34196;2795583;555401216;31830016;505409536;0;0;0;0;0;0;0;0;0;0;0;2464;0;0;0;0;0;0;
34197;4582774;555401216;31830016;505409536;0;0;0;0;0;0;0;0;0;0;0;2544;0;0;0;0;0;0;
34198;2605056;555401216;31830016;505409536;0;0;0;0;0;0;0;0;0;0;0;2354;0;0;0;0;0;0;
34199;4557808;555401216;31830016;505409536;0;0;0;0;0;0;0;0;0;0;0;2184;0;0;0;0;0;0;
34200;2893185;555401216;31830016;505409536;0;0;0;0;0;0;0;0;0;0;0;3086;0;0;0;0;0;0;
34201;4826281;555401216;31830016;505409536;0;0;0;0;0;0;0;0;0;0;0;3757;0;0;0;0;0;0;
34202;3874656;555401216;31830016;505409536;0;0;0;0;0;0;0;0;0;0;0;3717;0;0;0;0;0;0;
34203;4904047;555401216;31830016;505409536;0;0;0;0;0;0;0;0;0;0;0;3146;0;0;0;0;0;0;
34204;3659673;555401216;31830016;505409536;0;0;0;0;0;0;0;0;0;0;0;3888;0;0;0;0;0;0;
34205;5005748;555401216;31830016;505409536;0;0;0;0;0;0;0;0;0;0;0;2665;0;0;0;0;0;0;
34206;3729985;555401216;31830016;505409536;0;0;0;0;0;0;0;0;0;0;0;3848;0;0;0;0;0;0;
34207;4873800;555401216;31830016;505409536;0;0;0;0;0;0;0;0;0;0;0;3136;0;0;0;0;0;0;
34208;3728462;555401216;31830016;505409536;0;0;0;0;0;0;0;0;0;0;0;3046;0;0;0;0;0;0;
34209;4893878;555401216;31830016;505409536;0;0;0;0;0;0;0;0;0;0;0;3006;0;0;0;0;0;0;
34210;3794436;555401216;31830016;505409536;0;0;0;0;0;0;0;0;0;0;0;3797;0;0;0;0;0;0;
34211;4887075;555401216;31830016;505409536;0;0;0;0;0;0;0;0;0;0;0;3276;0;0;0;0;0;0;
34212;3813381;555401216;31830016;505409536;0;0;0;0;0;0;0;0;0;0;0;3006;0;0;0;0;0;0;
34213;4709482;555401216;31830016;505409536;0;0;0;0;0;0;0;0;0;0;0;2915;0;0;0;0;0;0;
34214;3746166;555401216;31830016;505409536;0;0;0;0;0;0;0;0;0;0;0;3827;0;0;0;0;0;0;
34215;4866186;555401216;31830016;505409536;0;0;0;0;0;0;0;0;0;0;0;3426;0;0;0;0;0;0;
34216;3698246;555401216;31830016;505409536;0;0;0;0;0;0;0;0;0;0;0;3216;0;0;0;0;0;0;
34217;4745770;555401216;31830016;505409536;0;0;0;0;0;0;0;0;0;0;0;2775;0;0;0;0;0;0;
34218;3645847;555401216;31830016;505409536;0;0;0;0;0;0;0;0;0;0;0;3015;0;0;0;0;0;0;
34219;4713089;555401216;31830016;505409536;0;0;0;0;0;0;0;0;0;0;0;3106;0;0;0;0;0;0;
34220;3569274;555401216;31830016;505409536;0;0;0;0;0;0;0;0;0;0;0;3777;0;0;0;0;0;0;
34221;4820891;555401216;31830016;505409536;0;0;0;0;0;0;0;0;0;0;0;3888;0;0;0;0;0;0;
34222;3648712;555401216;31830016;505409536;0;0;0;0;0;0;0;0;0;0;0;3146;0;0;0;0;0;0;
34223;4833425;555401216;31830016;505409536;0;0;0;0;0;0;0;0;0;0;0;2776;0;0;0;0;0;0;
34224;3735165;555401216;31830016;505409536;0;0;0;0;0;0;0;0;0;0;0;3597;0;0;0;0;0;0;
34225;4788059;555401216;31830016;505409536;0;0;0;0;0;0;0;0;0;0;0;3597;0;0;0;0;0;0;
34226;3709317;555401216;31830016;505409536;0;0;0;0;0;0;0;0;0;0;0;3206;0;0;0;0;0;0;
34227;4713280;555401216;31830016;505409536;0;0;0;0;0;0;0;0;0;0;0;3086;0;0;0;0;0;0;
34228;3626271;555401216;31830016;505409536;0;0;0;0;0;0;0;0;0;0;0;3266;0;0;0;0;0;0;
34229;4611569;555401216;31830016;505409536;0;0;0;0;0;0;0;0;0;0;0;3176;0;0;0;0;0;0;
34230;3610190;555401216;31830016;505409536;0;0;0;0;0;0;0;0;0;0;0;3466;0;0;0;0;0;0;
34231;4687050;555401216;31830016;505409536;0;0;0;0;0;0;0;0;0;0;0;3376;0;0;0;0;0;0;
34232;3557843;555401216;31830016;505409536;0;0;0;0;0;0;0;0;0;0;0;3156;0;0;0;0;0;0;
34233;4742314;555401216;31830016;505409536;0;0;0;0;0;0;0;0;0;0;0;3237;0;0;0;0;0;0;
34234;3738240;555401216;31830016;505409536;0;0;0;0;0;0;0;0;0;0;0;3106;0;0;0;0;0;0;
34235;4584277;555401216;31830016;505409536;0;0;0;0;0;0;0;0;0;0;0;2595;0;0;0;0;0;0;
34236;2479430;555401216;31830016;505409536;0;0;0;0;0;0;0;0;0;0;0;3056;0;0;0;0;0;0;
34237;4417424;555401216;31830016;505409536;0;0;0;0;0;0;0;0;0;0;0;2314;0;0;0;0;0;0;
34238;2832101;555401216;31830016;505409536;0;0;0;0;0;0;0;0;0;0;0;3276;0;0;0;0;0;0;
34239;4710584;555401216;31830016;505409536;0;0;0;0;0;0;0;0;0;0;0;2415;0;0;0;0;0;0;
34240;2657354;555401216;31830016;505409536;0;0;0;0;0;0;0;0;0;0;0;3086;0;0;0;0;0;0;
34241;4455055;555401216;31830016;505409536;0;0;0;0;0;0;0;0;0;0;0;2806;0;0;0;0;0;0;
34242;2474410;555401216;31830016;505409536;0;0;0;0;0;0;0;0;0;0;0;2906;0;0;0;0;0;0;
34243;4529324;555401216;31830016;505409536;0;0;0;0;0;0;0;0;0;0;0;2265;0;0;0;0;0;0;
34244;2622337;555401216;31830016;505409536;0;0;0;0;0;0;0;0;0;0;0;2344;0;0;0;0;0;0;
34245;4535276;555401216;31830016;505409536;0;0;0;0;0;0;0;0;0;0;0;2835;0;0;0;0;0;0;
34246;2728667;555401216;31830016;505409536;0;0;0;0;0;0;0;0;0;0;0;3236;0;0;0;0;0;0;
34247;4639932;555401216;31830016;505409536;0;0;0;0;0;0;0;0;0;0;0;2916;0;0;0;0;0;0;
34248;2574809;555401216;31830016;505409536;0;0;0;0;0;0;0;0;0;0;0;2865;0;0;0;0;0;0;
34249;4519455;555401216;31830016;505409536;0;0;0;0;0;0;0;0;0;0;0;2625;0;0;0;0;0;0;
34250;2534022;555401216;31830016;505409536;0;0;0;0;0;0;0;0;0;0;0;2956;0;0;0;0;0;0;
34251;4630624;555401216;31830016;505409536;0;0;0;0;0;0;0;0;0;0;0;2795;0;0;0;0;0;0;
34252;2389511;555401216;31830016;505409536;0;0;0;0;0;0;0;0;0;0;0;2996;0;0;0;0;0;0;
34253;4454363;555401216;31830016;505409536;0;0;0;0;0;0;0;0;0;0;0;2635;0;0;0;0;0;0;
34254;2524765;555401216;31830016;505409536;0;0;0;0;0;0;0;0;0;0;0;2866;0;0;0;0;0;0;
34255;4543440;555401216;31830016;505409536;0;0;0;0;0;0;0;0;0;0;0;2765;0;0;0;0;0;0;
34256;2506961;555401216;31830016;505409536;0;0;0;0;0;0;0;0;0;0;0;2675;0;0;0;0;0;0;
34257;4438885;555401216;31830016;505409536;0;0;0;0;0;0;0;0;0;0;0;2565;0;0;0;0;0;0;
34258;2462518;555401216;31830016;505409536;0;0;0;0;0;0;0;0;0;0;0;3035;0;0;0;0;0;0;
34259;4550143;555401216;31830016;505409536;0;0;0;0;0;0;0;0;0;0;0;2464;0;0;0;0;0;0;
34260;2340339;555401216;31830016;505409536;0;0;0;0;0;0;0;0;0;0;0;2615;0;0;0;0;0;0;
34261;4514025;555401216;31830016;505409536;0;0;0;0;0;0;0;0;0;0;0;2845;0;0;0;0;0;0;
34262;2373952;555401216;31830016;505409536;0;0;0;0;0;0;0;0;0;0;0;2645;0;0;0;0;0;0;
34263;4554992;555401216;31830016;505409536;0;0;0;0;0;0;0;0;0;0;0;2695;0;0;0;0;0;0;
34264;2373631;555401216;31830016;505409536;0;0;0;0;0;0;0;0;0;0;0;2916;0;0;0;0;0;0;
34265;4503216;555401216;31830016;505409536;0;0;0;0;0;0;0;0;0;0;0;2635;0;0;0;0;0;0;
34266;2372519;555401216;31830016;505409536;0;0;0;0;0;0;0;0;0;0;0;2605;0;0;0;0;0;0;
34267;4538731;555401216;31830016;505409536;0;0;0;0;0;0;0;0;0;0;0;2795;0;0;0;0;0;0;
34268;2415260;555401216;31830016;505409536;0;0;0;0;0;0;0;0;0;0;0;2494;0;0;0;0;0;0;
34269;4387348;555401216;31830016;505409536;0;0;0;0;0;0;0;0;0;0;0;2465;0;0;0;0;0;0;
34270;2408698;555401216;31830016;505409536;0;0;0;0;0;0;0;0;0;0;0;2775;0;0;0;0;0;0;
34271;4505500;555401216;31830016;505409536;0;0;0;0;0;0;0;0;0;0;0;2405;0;0;0;0;0;0;
34272;2335901;555401216;31830016;505409536;0;0;0;0;0;0;0;0;0;0;0;8356;0;0;0;0;0;0;
34273;4432933;555401216;31830016;505409536;0;0;0;0;0;0;0;0;0;0;0;2745;0;0;0;0;0;0;
34274;2413206;555401216;31830016;505409536;0;0;0;0;0;0;0;0;0;0;0;2785;0;0;0;0;0;0;
34275;4462849;555401216;31830016;505409536;0;0;0;0;0;0;0;0;0;0;0;2855;0;0;0;0;0;0;
34276;2382077;555401216;31830016;505409536;0;0;0;0;0;0;0;0;0;0;0;3196;0;0;0;0;0;0;
34277;4442662;555401216;31830016;505409536;0;0;0;0;0;0;0;0;0;0;0;2475;0;0;0;0;0;0;
34278;2816212;555401216;31830016;505409536;0;0;0;0;0;0;0;0;0;0;0;2866;0;0;0;0;0;0;
34279;4565322;555401216;31830016;505409536;0;0;0;0;0;0;0;0;0;0;0;2985;0;0;0;0;0;0;
34280;2414949;555401216;31830016;505409536;0;0;0;0;0;0;0;0;0;0;0;2635;0;0;0;0;0;0;
34281;4531007;555401216;31830016;505409536;0;0;0;0;0;0;0;0;0;0;0;2555;0;0;0;0;0;0;
34282;2371086;555401216;31830016;505409536;0;0;0;0;0;0;0;0;0;0;0;2615;0;0;0;0;0;0;
34283;4476024;555401216;31830016;505409536;0;0;0;0;0;0;0;0;0;0;0;2534;0;0;0;0;0;0;
34284;2600938;555401216;31830016;505409536;0;0;0;0;0;0;0;0;0;0;0;3055;0;0;0;0;0;0;
34285;4488968;555401216;31830016;505409536;0;0;0;0;0;0;0;0;0;0;0;2585;0;0;0;0;0;0;
34286;2610035;555401216;31830016;505409536;0;0;0;0;0;0;0;0;0;0;0;2785;0;0;0;0;0;0;
34287;4500420;555401216;31830016;505409536;0;0;0;0;0;0;0;0;0;0;0;2765;0;0;0;0;0;0;
34288;2565000;555401216;31830016;505409536;0;0;0;0;0;0;0;0;0;0;0;2725;0;0;0;0;0;0;
34289;4532540;555401216;31830016;505409536;0;0;0;0;0;0;0;0;0;0;0;2555;0;0;0;0;0;0;
34290;2481474;555401216;31830016;505409536;0;0;0;0;0;0;0;0;0;0;0;2855;0;0;0;0;0;0;
34291;4437912;555401216;31830016;505409536;0;0;0;0;0;0;0;0;0;0;0;2334;0;0;0;0;0;0;
34292;2388639;555401216;31830016;505409536;0;0;0;0;0;0;0;0;0;0;0;2785;0;0;0;0;0;0;
34293;4534263;555401216;31830016;505409536;0;0;0;0;0;0;0;0;0;0;0;2555;0;0;0;0;0;0;
34294;2372559;555401216;31830016;505409536;0;0;0;0;0;0;0;0;0;0;0;2344;0;0;0;0;0;0;
34295;4631967;555401216;31830016;505409536;0;0;0;0;0;0;0;0;0;0;0;2575;0;0;0;0;0;0;
34296;2374142;555401216;31830016;505409536;0;0;0;0;0;0;0;0;0;0;0;2474;0;0;0;0;0;0;
34297;4537519;555401216;31830016;505409536;0;0;0;0;0;0;0;0;0;0;0;2545;0;0;0;0;0;0;
34298;2421871;555401216;31830016;505409536;0;0;0;0;0;0;0;0;0;0;0;2655;0;0;0;0;0;0;
34299;4423726;555401216;31830016;505409536;0;0;0;0;0;0;0;0;0;0;0;2405;0;0;0;0;0;0;
34300;2480872;555401216;31830016;505409536;0;0;0;0;0;0;0;0;0;0;0;2816;0;0;0;0;0;0;
34301;4598324;555401216;31830016;505409536;0;0;0;0;0;0;0;0;0;0;0;2875;0;0;0;0;0;0;
34302;2583535;555401216;31830016;505409536;0;0;0;0;0;0;0;0;0;0;0;3316;0;0;0;0;0;0;
34303;4670940;555401216;31830016;505409536;0;0;0;0;0;0;0;0;0;0;0;2645;0;0;0;0;0;0;
34304;2428294;555401216;31830016;505409536;0;0;0;0;0;0;0;0;0;0;0;3005;0;0;0;0;0;0;
34305;4501302;555401216;31830016;505409536;0;0;0;0;0;0;0;0;0;0;0;2865;0;0;0;0;0;0;
34306;2285226;555401216;31830016;505409536;0;0;0;0;0;0;0;0;0;0;0;2765;0;0;0;0;0;0;
34307;4484921;555401216;31830016;505409536;0;0;0;0;0;0;0;0;0;0;0;2364;0;0;0;0;0;0;
34308;2311225;555401216;31830016;505409536;0;0;0;0;0;0;0;0;0;0;0;2675;0;0;0;0;0;0;
34309;4378782;555401216;31830016;505409536;0;0;0;0;0;0;0;0;0;0;0;2635;0;0;0;0;0;0;
34310;2517862;555401216;31830016;505409536;0;0;0;0;0;0;0;0;0;0;0;2945;0;0;0;0;0;0;
34311;4531308;555401216;31830016;505409536;0;0;0;0;0;0;0;0;0;0;0;2555;0;0;0;0;0;0;
34312;2434746;555401216;31830016;505409536;0;0;0;0;0;0;0;0;0;0;0;2876;0;0;0;0;0;0;
34313;4386887;555401216;31830016;505409536;0;0;0;0;0;0;0;0;0;0;0;2735;0;0;0;0;0;0;
34314;2493245;555401216;31830016;505409536;0;0;0;0;0;0;0;0;0;0;0;3126;0;0;0;0;0;0;
34315;10506984;555401216;31830016;505409536;0;0;0;0;0;0;0;0;0;0;0;2485;0;0;0;0;0;0;
34316;3522917;555401216;31830016;505409536;0;0;0;0;0;0;0;0;0;0;0;3246;0;0;0;0;0;0;
34317;5333532;555401216;31830016;505409536;0;0;0;0;0;0;0;0;0;0;0;3156;0;0;0;0;0;0;
34318;2405882;555401216;31830016;505409536;0;0;0;0;0;0;0;0;0;0;0;2906;0;0;0;0;0;0;
34319;4602742;555401216;31830016;505409536;0;0;0;0;0;0;0;0;0;0;0;2715;0;0;0;0;0;0;
34320;2453562;555401216;31830016;505409536;0;0;0;0;0;0;0;0;0;0;0;3266;0;0;0;0;0;0;
34321;4499769;555401216;31830016;505409536;0;0;0;0;0;0;0;0;0;0;0;2655;0;0;0;0;0;0;
34322;2515568;555401216;31830016;505409536;0;0;0;0;0;0;0;0;0;0;0;2665;0;0;0;0;0;0;
34323;4535997;555401216;31830016;505409536;0;0;0;0;0;0;0;0;0;0;0;2455;0;0;0;0;0;0;
34324;2476795;555401216;31830016;505409536;0;0;0;0;0;0;0;0;0;0;0;2494;0;0;0;0;0;0;
34325;4429437;555401216;31830016;505409536;0;0;0;0;0;0;0;0;0;0;0;2094;0;0;0;0;0;0;
34326;2547258;555401216;31830016;505409536;0;0;0;0;0;0;0;0;0;0;0;2886;0;0;0;0;0;0;
34327;4436791;555401216;31830016;505409536;0;0;0;0;0;0;0;0;0;0;0;2064;0;0;0;0;0;0;
34328;2552507;555401216;31830016;505409536;0;0;0;0;0;0;0;0;0;0;0;2756;0;0;0;0;0;0;
34329;4522582;555401216;31830016;505409536;0;0;0;0;0;0;0;0;0;0;0;2315;0;0;0;0;0;0;
34330;2698170;555401216;31830016;505409536;0;0;0;0;0;0;0;0;0;0;0;3277;0;0;0;0;0;0;
34331;4555594;555401216;31830016;505409536;0;0;0;0;0;0;0;0;0;0;0;3146;0;0;0;0;0;0;
34332;2324650;555401216;31830016;505409536;0;0;0;0;0;0;0;0;0;0;0;2966;0;0;0;0;0;0;
34333;4561224;555401216;31830016;505409536;0;0;0;0;0;0;0;0;0;0;0;2384;0;0;0;0;0;0;
34334;2583475;555401216;31830016;505409536;0;0;0;0;0;0;0;0;0;0;0;2234;0;0;0;0;0;0;
34335;4661031;555401216;31830016;505409536;0;0;0;0;0;0;0;0;0;0;0;2756;0;0;0;0;0;0;
34336;2591630;555401216;31830016;505409536;0;0;0;0;0;0;0;0;0;0;0;3266;0;0;0;0;0;0;
34337;4466706;555401216;31830016;505409536;0;0;0;0;0;0;0;0;0;0;0;2494;0;0;0;0;0;0;
34338;2480883;555401216;31830016;505409536;0;0;0;0;0;0;0;0;0;0;0;2865;0;0;0;0;0;0;
34339;4865604;555401216;31830016;505409536;0;0;0;0;0;0;0;0;0;0;0;2435;0;0;0;0;0;0;
34340;2681870;555401216;31830016;505409536;0;0;0;0;0;0;0;0;0;0;0;2655;0;0;0;0;0;0;
34341;4483247;555401216;31830016;505409536;0;0;0;0;0;0;0;0;0;0;0;2495;0;0;0;0;0;0;
34342;2572314;555401216;31830016;505409536;0;0;0;0;0;0;0;0;0;0;0;2916;0;0;0;0;0;0;
34343;4432523;555401216;31830016;505409536;0;0;0;0;0;0;0;0;0;0;0;2445;0;0;0;0;0;0;
34344;2422152;555401216;31830016;505409536;0;0;0;0;0;0;0;0;0;0;0;2585;0;0;0;0;0;0;
34345;4488558;555401216;31830016;505409536;0;0;0;0;0;0;0;0;0;0;0;2365;0;0;0;0;0;0;
34346;2802315;555401216;31830016;505409536;0;0;0;0;0;0;0;0;0;0;0;3155;0;0;0;0;0;0;
34347;4826421;555401216;31830016;505409536;0;0;0;0;0;0;0;0;0;0;0;3537;0;0;0;0;0;0;
34348;3431565;555401216;31830016;505409536;0;0;0;0;0;0;0;0;0;0;0;3847;0;0;0;0;0;0;
34349;4666432;555401216;31830016;505409536;0;0;0;0;0;0;0;0;0;0;0;3406;0;0;0;0;0;0;
34350;3621342;555401216;31830016;505409536;0;0;0;0;0;0;0;0;0;0;0;3467;0;0;0;0;0;0;
34351;4836550;555401216;31830016;505409536;0;0;0;0;0;0;0;0;0;0;0;3437;0;0;0;0;0;0;
34352;3512637;555401216;31830016;505409536;0;0;0;0;0;0;0;0;0;0;0;3938;0;0;0;0;0;0;
34353;4841069;555401216;31830016;505409536;0;0;0;0;0;0;0;0;0;0;0;3206;0;0;0;0;0;0;
34354;3563162;555401216;31830016;505409536;0;0;0;0;0;0;0;0;0;0;0;2986;0;0;0;0;0;0;
34355;4723278;555401216;31830016;505409536;0;0;0;0;0;0;0;0;0;0;0;3426;0;0;0;0;0;0;
34356;3494513;555401216;31830016;505409536;0;0;0;0;0;0;0;0;0;0;0;3967;0;0;0;0;0;0;
34357;4685286;555401216;31830016;505409536;0;0;0;0;0;0;0;0;0;0;0;3416;0;0;0;0;0;0;
34358;3418972;555401216;31830016;505409536;0;0;0;0;0;0;0;0;0;0;0;3687;0;0;0;0;0;0;
34359;4777500;555401216;31830016;505409536;0;0;0;0;0;0;0;0;0;0;0;3006;0;0;0;0;0;0;
34360;3518498;555401216;31830016;505409536;0;0;0;0;0;0;0;0;0;0;0;3386;0;0;0;0;0;0;
34361;4759767;555401216;31830016;505409536;0;0;0;0;0;0;0;0;0;0;0;3176;0;0;0;0;0;0;
34362;3442216;555401216;31830016;505409536;0;0;0;0;0;0;0;0;0;0;0;3837;0;0;0;0;0;0;
34363;4756841;555401216;31830016;505409536;0;0;0;0;0;0;0;0;0;0;0;3286;0;0;0;0;0;0;
34364;3565437;555401216;31830016;505409536;0;0;0;0;0;0;0;0;0;0;0;3697;0;0;0;0;0;0;
34365;4817805;555401216;31830016;505409536;0;0;0;0;0;0;0;0;0;0;0;3006;0;0;0;0;0;0;
34366;3473424;555401216;31830016;505409536;0;0;0;0;0;0;0;0;0;0;0;3707;0;0;0;0;0;0;
34367;4825901;555401216;31830016;505409536;0;0;0;0;0;0;0;0;0;0;0;3517;0;0;0;0;0;0;
34368;3374588;555401216;31830016;505409536;0;0;0;0;0;0;0;0;0;0;0;3005;0;0;0;0;0;0;
34369;4518734;555401216;31830016;505409536;0;0;0;0;0;0;0;0;0;0;0;3186;0;0;0;0;0;0;
34370;2476765;555401216;31830016;505409536;0;0;0;0;0;0;0;0;0;0;0;2735;0;0;0;0;0;0;
34371;4497405;555401216;31830016;505409536;0;0;0;0;0;0;0;0;0;0;0;2775;0;0;0;0;0;0;
34372;2510979;555401216;31830016;505409536;0;0;0;0;0;0;0;0;0;0;0;2955;0;0;0;0;0;0;
34373;4476135;555401216;31830016;505409536;0;0;0;0;0;0;0;0;0;0;0;2544;0;0;0;0;0;0;
34374;2624141;555401216;31830016;505409536;0;0;0;0;0;0;0;0;0;0;0;2555;0;0;0;0;0;0;
34375;4478399;555401216;31830016;505409536;0;0;0;0;0;0;0;0;0;0;0;2595;0;0;0;0;0;0;
34376;2558909;555401216;31830016;505409536;0;0;0;0;0;0;0;0;0;0;0;3026;0;0;0;0;0;0;
34377;4408938;555401216;31830016;505409536;0;0;0;0;0;0;0;0;0;0;0;2465;0;0;0;0;0;0;
34378;2441068;555401216;31830016;505409536;0;0;0;0;0;0;0;0;0;0;0;3016;0;0;0;0;0;0;
34379;4461757;555401216;31830016;505409536;0;0;0;0;0;0;0;0;0;0;0;2736;0;0;0;0;0;0;
34380;2515277;555401216;31830016;505409536;0;0;0;0;0;0;0;0;0;0;0;2865;0;0;0;0;0;0;
34381;4419639;555401216;31830016;505409536;0;0;0;0;0;0;0;0;0;0;0;3176;0;0;0;0;0;0;
34382;2323899;555401216;31830016;505409536;0;0;0;0;0;0;0;0;0;0;0;3186;0;0;0;0;0;0;
34383;4629432;555401216;31830016;505409536;0;0;0;0;0;0;0;0;0;0;0;2845;0;0;0;0;0;0;
34384;2389852;555401216;31830016;505409536;0;0;0;0;0;0;0;0;0;0;0;2715;0;0;0;0;0;0;
34385;4463651;555401216;31830016;505409536;0;0;0;0;0;0;0;0;0;0;0;2274;0;0;0;0;0;0;
34386;2389171;555401216;31830016;505409536;0;0;0;0;0;0;0;0;0;0;0;2755;0;0;0;0;0;0;
34387;4469331;555401216;31830016;505409536;0;0;0;0;0;0;0;0;0;0;0;2555;0;0;0;0;0;0;
34388;2426811;555401216;31830016;505409536;0;0;0;0;0;0;0;0;0;0;0;2955;0;0;0;0;0;0;
34389;4595308;555401216;31830016;505409536;0;0;0;0;0;0;0;0;0;0;0;2745;0;0;0;0;0;0;
34390;2651602;555401216;31830016;505409536;0;0;0;0;0;0;0;0;0;0;0;3075;0;0;0;0;0;0;
34391;4620766;555401216;31830016;505409536;0;0;0;0;0;0;0;0;0;0;0;2765;0;0;0;0;0;0;
34392;2499337;555401216;31830016;505409536;0;0;0;0;0;0;0;0;0;0;0;2925;0;0;0;0;0;0;
34393;4484230;555401216;31830016;505409536;0;0;0;0;0;0;0;0;0;0;0;2615;0;0;0;0;0;0;
34394;2405030;555401216;31830016;505409536;0;0;0;0;0;0;0;0;0;0;0;3046;0;0;0;0;0;0;
34395;4557257;555401216;31830016;505409536;0;0;0;0;0;0;0;0;0;0;0;2615;0;0;0;0;0;0;
34396;2390012;555401216;31830016;505409536;0;0;0;0;0;0;0;0;0;0;0;3126;0;0;0;0;0;0;
34397;4616037;555401216;31830016;505409536;0;0;0;0;0;0;0;0;0;0;0;2625;0;0;0;0;0;0;
34398;2463600;555401216;31830016;505409536;0;0;0;0;0;0;0;0;0;0;0;2846;0;0;0;0;0;0;
34399;4462449;555401216;31830016;505409536;0;0;0;0;0;0;0;0;0;0;0;2815;0;0;0;0;0;0;
34400;2548039;555401216;31830016;505409536;0;0;0;0;0;0;0;0;0;0;0;2836;0;0;0;0;0;0;
34401;4396926;555401216;31830016;505409536;0;0;0;0;0;0;0;0;0;0;0;2465;0;0;0;0;0;0;
34402;2574297;555401216;31830016;505409536;0;0;0;0;0;0;0;0;0;0;0;2755;0;0;0;0;0;0;
34403;4601009;555401216;31830016;505409536;0;0;0;0;0;0;0;0;0;0;0;2535;0;0;0;0;0;0;
34404;2411993;555401216;31830016;505409536;0;0;0;0;0;0;0;0;0;0;0;3186;0;0;0;0;0;0;
34405;4458421;555401216;31830016;505409536;0;0;0;0;0;0;0;0;0;0;0;2965;0;0;0;0;0;0;
34406;2343045;555401216;31830016;505409536;0;0;0;0;0;0;0;0;0;0;0;2775;0;0;0;0;0;0;
34407;4457329;555401216;31830016;505409536;0;0;0;0;0;0;0;0;0;0;0;2785;0;0;0;0;0;0;
34408;2519084;555401216;31830016;505409536;0;0;0;0;0;0;0;0;0;0;0;3747;0;0;0;0;0;0;
34409;4746301;555401216;31830016;505409536;0;0;0;0;0;0;0;0;0;0;0;3487;0;0;0;0;0;0;
34410;3509612;555401216;31830016;505409536;0;0;0;0;0;0;0;0;0;0;0;3406;0;0;0;0;0;0;
34411;4824137;555401216;31830016;505409536;0;0;0;0;0;0;0;0;0;0;0;3427;0;0;0;0;0;0;
34412;3529179;555401216;31830016;505409536;0;0;0;0;0;0;0;0;0;0;0;3577;0;0;0;0;0;0;
34413;4790224;555401216;31830016;505409536;0;0;0;0;0;0;0;0;0;0;0;3447;0;0;0;0;0;0;
34414;3680803;555401216;31830016;505409536;0;0;0;0;0;0;0;0;0;0;0;3486;0;0;0;0;0;0;
34415;4738787;555401216;31830016;505409536;0;0;0;0;0;0;0;0;0;0;0;3627;0;0;0;0;0;0;
34416;3493361;555401216;31830016;505409536;0;0;0;0;0;0;0;0;0;0;0;3667;0;0;0;0;0;0;
34417;4853593;555401216;31830016;505409536;0;0;0;0;0;0;0;0;0;0;0;3376;0;0;0;0;0;0;
34418;3492330;555401216;31830016;505409536;0;0;0;0;0;0;0;0;0;0;0;3787;0;0;0;0;0;0;
34419;4766799;555401216;31830016;505409536;0;0;0;0;0;0;0;0;0;0;0;3376;0;0;0;0;0;0;
34420;3406819;555401216;31830016;505409536;0;0;0;0;0;0;0;0;0;0;0;3777;0;0;0;0;0;0;
34421;5157182;555401216;31830016;505409536;0;0;0;0;0;0;0;0;0;0;0;3386;0;0;0;0;0;0;
34422;3570797;555401216;31830016;505409536;0;0;0;0;0;0;0;0;0;0;0;3747;0;0;0;0;0;0;
34423;4741432;555401216;31830016;505409536;0;0;0;0;0;0;0;0;0;0;0;3537;0;0;0;0;0;0;
34424;3329965;555401216;31830016;505409536;0;0;0;0;0;0;0;0;0;0;0;4348;0;0;0;0;0;0;
34425;4666672;555401216;31830016;505409536;0;0;0;0;0;0;0;0;0;0;0;3937;0;0;0;0;0;0;
34426;3350073;555401216;31830016;505409536;0;0;0;0;0;0;0;0;0;0;0;3827;0;0;0;0;0;0;
34427;4768462;555401216;31830016;505409536;0;0;0;0;0;0;0;0;0;0;0;3406;0;0;0;0;0;0;
34428;3456692;555401216;31830016;505409536;0;0;0;0;0;0;0;0;0;0;0;3617;0;0;0;0;0;0;
34429;4750870;555401216;31830016;505409536;0;0;0;0;0;0;0;0;0;0;0;3356;0;0;0;0;0;0;
34430;3425664;555401216;31830016;505409536;0;0;0;0;0;0;0;0;0;0;0;4077;0;0;0;0;0;0;
34431;4814819;555401216;31830016;505409536;0;0;0;0;0;0;0;0;0;0;0;3637;0;0;0;0;0;0;
34432;3418671;555401216;31830016;505409536;0;0;0;0;0;0;0;0;0;0;0;3947;0;0;0;0;0;0;
34433;4754757;555401216;31830016;505409536;0;0;0;0;0;0;0;0;0;0;0;3426;0;0;0;0;0;0;
34434;3278719;555401216;31830016;505409536;0;0;0;0;0;0;0;0;0;0;0;3547;0;0;0;0;0;0;
34435;4663055;555401216;31830016;505409536;0;0;0;0;0;0;0;0;0;0;0;2986;0;0;0;0;0;0;
34436;2654669;555401216;31830016;505409536;0;0;0;0;0;0;0;0;0;0;0;2955;0;0;0;0;0;0;
34437;4399070;555401216;31830016;505409536;0;0;0;0;0;0;0;0;0;0;0;2415;0;0;0;0;0;0;
34438;2864452;555401216;31830016;505409536;0;0;0;0;0;0;0;0;0;0;0;2785;0;0;0;0;0;0;
34439;4513354;555401216;31830016;505409536;0;0;0;0;0;0;0;0;0;0;0;2525;0;0;0;0;0;0;
34440;2510157;555401216;31830016;505409536;0;0;0;0;0;0;0;0;0;0;0;3166;0;0;0;0;0;0;
34441;4541507;555401216;31830016;505409536;0;0;0;0;0;0;0;0;0;0;0;3286;0;0;0;0;0;0;
34442;2533692;555401216;31830016;505409536;0;0;0;0;0;0;0;0;0;0;0;3657;0;0;0;0;0;0;
34443;4778341;555401216;31830016;505409536;0;0;0;0;0;0;0;0;0;0;0;3476;0;0;0;0;0;0;
34444;3444941;555401216;31830016;505409536;0;0;0;0;0;0;0;0;0;0;0;3347;0;0;0;0;0;0;
34445;4806574;555401216;31830016;505409536;0;0;0;0;0;0;0;0;0;0;0;3406;0;0;0;0;0;0;
34446;3319576;555401216;31830016;505409536;0;0;0;0;0;0;0;0;0;0;0;3737;0;0;0;0;0;0;
34447;4753795;555401216;31830016;505409536;0;0;0;0;0;0;0;0;0;0;0;3727;0;0;0;0;0;0;
34448;3403432;555401216;31830016;505409536;0;0;0;0;0;0;0;0;0;0;0;3437;0;0;0;0;0;0;
34449;4865335;555401216;31830016;505409536;0;0;0;0;0;0;0;0;0;0;0;3306;0;0;0;0;0;0;
34450;3424843;555401216;31830016;505409536;0;0;0;0;0;0;0;0;0;0;0;3967;0;0;0;0;0;0;
34451;4767631;555401216;31830016;505409536;0;0;0;0;0;0;0;0;0;0;0;3627;0;0;0;0;0;0;
34452;3273028;555401216;31830016;505409536;0;0;0;0;0;0;0;0;0;0;0;2906;0;0;0;0;0;0;
34453;4615215;555401216;31830016;505409536;0;0;0;0;0;0;0;0;0;0;0;3056;0;0;0;0;0;0;
34454;2618831;555401216;31830016;505409536;0;0;0;0;0;0;0;0;0;0;0;2835;0;0;0;0;0;0;
34455;4597983;555401216;31830016;505409536;0;0;0;0;0;0;0;0;0;0;0;2655;0;0;0;0;0;0;
34456;2543640;555401216;31830016;505409536;0;0;0;0;0;0;0;0;0;0;0;3176;0;0;0;0;0;0;
34457;4397067;555401216;31830016;505409536;0;0;0;0;0;0;0;0;0;0;0;2254;0;0;0;0;0;0;
34458;2613582;555401216;31830016;505409536;0;0;0;0;0;0;0;0;0;0;0;3036;0;0;0;0;0;0;
34459;4599436;555401216;31830016;505409536;0;0;0;0;0;0;0;0;0;0;0;2835;0;0;0;0;0;0;
34460;2389631;555401216;31830016;505409536;0;0;0;0;0;0;0;0;0;0;0;3596;0;0;0;0;0;0;
34461;4479230;555401216;31830016;505409536;0;0;0;0;0;0;0;0;0;0;0;2585;0;0;0;0;0;0;
34462;2550683;555401216;31830016;505409536;0;0;0;0;0;0;0;0;0;0;0;3026;0;0;0;0;0;0;
34463;4572135;555401216;31830016;505409536;0;0;0;0;0;0;0;0;0;0;0;2745;0;0;0;0;0;0;
34464;2458561;555401216;31830016;505409536;0;0;0;0;0;0;0;0;0;0;0;2935;0;0;0;0;0;0;
34465;4558810;555401216;31830016;505409536;0;0;0;0;0;0;0;0;0;0;0;3036;0;0;0;0;0;0;
34466;2509316;555401216;31830016;505409536;0;0;0;0;0;0;0;0;0;0;0;2775;0;0;0;0;0;0;
34467;4737785;555401216;31830016;505409536;0;0;0;0;0;0;0;0;0;0;0;2785;0;0;0;0;0;0;
34468;2747843;555401216;31830016;505409536;0;0;0;0;0;0;0;0;0;0;0;2755;0;0;0;0;0;0;
34469;4615797;555401216;31830016;505409536;0;0;0;0;0;0;0;0;0;0;0;2615;0;0;0;0;0;0;
34470;2367851;555401216;31830016;505409536;0;0;0;0;0;0;0;0;0;0;0;3196;0;0;0;0;0;0;
34471;4677041;555401216;31830016;505409536;0;0;0;0;0;0;0;0;0;0;0;2505;0;0;0;0;0;0;
34472;2349887;555401216;31830016;505409536;0;0;0;0;0;0;0;0;0;0;0;3297;0;0;0;0;0;0;
34473;4437341;555401216;31830016;505409536;0;0;0;0;0;0;0;0;0;0;0;2244;0;0;0;0;0;0;
34474;2394491;555401216;31830016;505409536;0;0;0;0;0;0;0;0;0;0;0;2465;0;0;0;0;0;0;
34475;4529054;555401216;31830016;505409536;0;0;0;0;0;0;0;0;0;0;0;2725;0;0;0;0;0;0;
34476;2490010;555401216;31830016;505409536;0;0;0;0;0;0;0;0;0;0;0;3006;0;0;0;0;0;0;
34477;4500460;555401216;31830016;505409536;0;0;0;0;0;0;0;0;0;0;0;9297;0;0;0;0;0;0;
34478;2615314;555401216;31830016;505409536;0;0;0;0;0;0;0;0;0;0;0;3076;0;0;0;0;0;0;
34479;4481674;555401216;31830016;505409536;0;0;0;0;0;0;0;0;0;0;0;2715;0;0;0;0;0;0;
34480;2632607;555401216;31830016;505409536;0;0;0;0;0;0;0;0;0;0;0;3156;0;0;0;0;0;0;
34481;4471035;555401216;31830016;505409536;0;0;0;0;0;0;0;0;0;0;0;2665;0;0;0;0;0;0;
34482;2575279;555401216;31830016;505409536;0;0;0;0;0;0;0;0;0;0;0;2635;0;0;0;0;0;0;
34483;4502263;555401216;31830016;505409536;0;0;0;0;0;0;0;0;0;0;0;2304;0;0;0;0;0;0;
34484;2447370;555401216;31830016;505409536;0;0;0;0;0;0;0;0;0;0;0;2705;0;0;0;0;0;0;
34485;4624042;555401216;31830016;505409536;0;0;0;0;0;0;0;0;0;0;0;2444;0;0;0;0;0;0;
34486;2396595;555401216;31830016;505409536;0;0;0;0;0;0;0;0;0;0;0;3296;0;0;0;0;0;0;
34487;4429687;555401216;31830016;505409536;0;0;0;0;0;0;0;0;0;0;0;2775;0;0;0;0;0;0;
34488;2561894;555401216;31830016;505409536;0;0;0;0;0;0;0;0;0;0;0;2725;0;0;0;0;0;0;
34489;4467037;555401216;31830016;505409536;0;0;0;0;0;0;0;0;0;0;0;2545;0;0;0;0;0;0;
34490;2450044;555401216;31830016;505409536;0;0;0;0;0;0;0;0;0;0;0;2836;0;0;0;0;0;0;
34491;4437151;555401216;31830016;505409536;0;0;0;0;0;0;0;0;0;0;0;2625;0;0;0;0;0;0;
34492;2406563;555401216;31830016;505409536;0;0;0;0;0;0;0;0;0;0;0;2555;0;0;0;0;0;0;
34493;4555734;555401216;31830016;505409536;0;0;0;0;0;0;0;0;0;0;0;2314;0;0;0;0;0;0;
34494;2348765;555401216;31830016;505409536;0;0;0;0;0;0;0;0;0;0;0;2284;0;0;0;0;0;0;
34495;4461978;555401216;31830016;505409536;0;0;0;0;0;0;0;0;0;0;0;3116;0;0;0;0;0;0;
34496;2440777;555401216;31830016;505409536;0;0;0;0;0;0;0;0;0;0;0;2865;0;0;0;0;0;0;
34497;4455706;555401216;31830016;505409536;0;0;0;0;0;0;0;0;0;0;0;2555;0;0;0;0;0;0;
34498;2421261;555401216;31830016;505409536;0;0;0;0;0;0;0;0;0;0;0;3085;0;0;0;0;0;0;
34499;4522191;555401216;31830016;505409536;0;0;0;0;0;0;0;0;0;0;0;2444;0;0;0;0;0;0;
34500;2419227;555401216;31830016;505409536;0;0;0;0;0;0;0;0;0;0;0;2815;0;0;0;0;0;0;
34501;4630314;555401216;31830016;505409536;0;0;0;0;0;0;0;0;0;0;0;2675;0;0;0;0;0;0;
34502;2676720;555401216;31830016;505409536;0;0;0;0;0;0;0;0;0;0;0;2996;0;0;0;0;0;0;
34503;4433625;555401216;31830016;505409536;0;0;0;0;0;0;0;0;0;0;0;2384;0;0;0;0;0;0;
34504;2879009;555401216;31830016;505409536;0;0;0;0;0;0;0;0;0;0;0;3907;0;0;0;0;0;0;
34505;4739268;555401216;31830016;505409536;0;0;0;0;0;0;0;0;0;0;0;3767;0;0;0;0;0;0;
34506;3376893;555401216;31830016;505409536;0;0;0;0;0;0;0;0;0;0;0;3477;0;0;0;0;0;0;
34507;4699253;555401216;31830016;505409536;0;0;0;0;0;0;0;0;0;0;0;3597;0;0;0;0;0;0;
34508;3501637;555401216;31830016;505409536;0;0;0;0;0;0;0;0;0;0;0;3857;0;0;0;0;0;0;
34509;4744708;555401216;31830016;505409536;0;0;0;0;0;0;0;0;0;0;0;3376;0;0;0;0;0;0;
34510;3562952;555401216;31830016;505409536;0;0;0;0;0;0;0;0;0;0;0;3617;0;0;0;0;0;0;
34511;4709963;555401216;31830016;505409536;0;0;0;0;0;0;0;0;0;0;0;3377;0;0;0;0;0;0;
34512;3403002;555401216;31830016;505409536;0;0;0;0;0;0;0;0;0;0;0;3637;0;0;0;0;0;0;
34513;4678814;555401216;31830016;505409536;0;0;0;0;0;0;0;0;0;0;0;3757;0;0;0;0;0;0;
34514;3188730;555401216;31830016;505409536;0;0;0;0;0;0;0;0;0;0;0;3937;0;0;0;0;0;0;
34515;4770868;555401216;31830016;505409536;0;0;0;0;0;0;0;0;0;0;0;3377;0;0;0;0;0;0;
34516;3189612;555401216;31830016;505409536;0;0;0;0;0;0;0;0;0;0;0;2745;0;0;0;0;0;0;
34517;4504527;555401216;31830016;505409536;0;0;0;0;0;0;0;0;0;0;0;2354;0;0;0;0;0;0;
34518;3556370;555401216;31830016;505409536;0;0;0;0;0;0;0;0;0;0;0;3987;0;0;0;0;0;0;
34519;5020095;555401216;31830016;505409536;0;0;0;0;0;0;0;0;0;0;0;3627;0;0;0;0;0;0;
34520;3559566;555401216;31830016;505409536;0;0;0;0;0;0;0;0;0;0;0;3527;0;0;0;0;0;0;
34521;4659238;555401216;31830016;505409536;0;0;0;0;0;0;0;0;0;0;0;3557;0;0;0;0;0;0;
34522;3561770;555401216;31830016;505409536;0;0;0;0;0;0;0;0;0;0;0;3597;0;0;0;0;0;0;
34523;4685457;555401216;31830016;505409536;0;0;0;0;0;0;0;0;0;0;0;3807;0;0;0;0;0;0;
34524;3622744;555401216;31830016;505409536;0;0;0;0;0;0;0;0;0;0;0;3717;0;0;0;0;0;0;
34525;4650081;555401216;31830016;505409536;0;0;0;0;0;0;0;0;0;0;0;3166;0;0;0;0;0;0;
34526;3199480;555401216;31830016;505409536;0;0;0;0;0;0;0;0;0;0;0;2956;0;0;0;0;0;0;
34527;4554181;555401216;31830016;505409536;0;0;0;0;0;0;0;0;0;0;0;2675;0;0;0;0;0;0;
34528;2327275;555401216;31830016;505409536;0;0;0;0;0;0;0;0;0;0;0;2936;0;0;0;0;0;0;
34529;4527722;555401216;31830016;505409536;0;0;0;0;0;0;0;0;0;0;0;2625;0;0;0;0;0;0;
34530;2482115;555401216;31830016;505409536;0;0;0;0;0;0;0;0;0;0;0;3035;0;0;0;0;0;0;
34531;4484560;555401216;31830016;505409536;0;0;0;0;0;0;0;0;0;0;0;2836;0;0;0;0;0;0;
34532;2352852;555401216;31830016;505409536;0;0;0;0;0;0;0;0;0;0;0;3126;0;0;0;0;0;0;
34533;4544853;555401216;31830016;505409536;0;0;0;0;0;0;0;0;0;0;0;2906;0;0;0;0;0;0;
34534;2327124;555401216;31830016;505409536;0;0;0;0;0;0;0;0;0;0;0;2695;0;0;0;0;0;0;
34535;4530216;555401216;31830016;505409536;0;0;0;0;0;0;0;0;0;0;0;2755;0;0;0;0;0;0;
34536;2366007;555401216;31830016;505409536;0;0;0;0;0;0;0;0;0;0;0;2815;0;0;0;0;0;0;
34537;4524335;555401216;31830016;505409536;0;0;0;0;0;0;0;0;0;0;0;2775;0;0;0;0;0;0;
34538;2430588;555401216;31830016;505409536;0;0;0;0;0;0;0;0;0;0;0;3146;0;0;0;0;0;0;
34539;4548210;555401216;31830016;505409536;0;0;0;0;0;0;0;0;0;0;0;2665;0;0;0;0;0;0;
34540;2455945;555401216;31830016;505409536;0;0;0;0;0;0;0;0;0;0;0;3286;0;0;0;0;0;0;
34541;4622369;555401216;31830016;505409536;0;0;0;0;0;0;0;0;0;0;0;2855;0;0;0;0;0;0;
34542;2356890;555401216;31830016;505409536;0;0;0;0;0;0;0;0;0;0;0;3897;0;0;0;0;0;0;
34543;4472577;555401216;31830016;505409536;0;0;0;0;0;0;0;0;0;0;0;3026;0;0;0;0;0;0;
34544;2742032;555401216;31830016;505409536;0;0;0;0;0;0;0;0;0;0;0;3666;0;0;0;0;0;0;
34545;4723248;555401216;31830016;505409536;0;0;0;0;0;0;0;0;0;0;0;3266;0;0;0;0;0;0;
34546;2780494;555401216;31830016;505409536;0;0;0;0;0;0;0;0;0;0;0;2886;0;0;0;0;0;0;
34547;4623301;555401216;31830016;505409536;0;0;0;0;0;0;0;0;0;0;0;2665;0;0;0;0;0;0;
34548;2317917;555401216;31830016;505409536;0;0;0;0;0;0;0;0;0;0;0;2796;0;0;0;0;0;0;
34549;4460185;555401216;31830016;505409536;0;0;0;0;0;0;0;0;0;0;0;2906;0;0;0;0;0;0;
34550;2341532;555401216;31830016;505409536;0;0;0;0;0;0;0;0;0;0;0;2685;0;0;0;0;0;0;
34551;4506792;555401216;31830016;505409536;0;0;0;0;0;0;0;0;0;0;0;2745;0;0;0;0;0;0;
34552;2479781;555401216;31830016;505409536;0;0;0;0;0;0;0;0;0;0;0;3066;0;0;0;0;0;0;
34553;4368172;555401216;31830016;505409536;0;0;0;0;0;0;0;0;0;0;0;2655;0;0;0;0;0;0;
34554;2434125;555401216;31830016;505409536;0;0;0;0;0;0;0;0;0;0;0;2986;0;0;0;0;0;0;
34555;4516831;555401216;31830016;505409536;0;0;0;0;0;0;0;0;0;0;0;2755;0;0;0;0;0;0;
34556;2347683;555401216;31830016;505409536;0;0;0;0;0;0;0;0;0;0;0;3076;0;0;0;0;0;0;
34557;4441309;555401216;31830016;505409536;0;0;0;0;0;0;0;0;0;0;0;2385;0;0;0;0;0;0;
34558;2403067;555401216;31830016;505409536;0;0;0;0;0;0;0;0;0;0;0;3005;0;0;0;0;0;0;
34559;4465034;555401216;31830016;505409536;0;0;0;0;0;0;0;0;0;0;0;2936;0;0;0;0;0;0;
34560;2419898;555401216;31830016;505409536;0;0;0;0;0;0;0;0;0;0;0;3266;0;0;0;0;0;0;
34561;4431110;555401216;31830016;505409536;0;0;0;0;0;0;0;0;0;0;0;2705;0;0;0;0;0;0;
34562;2417804;555401216;31830016;505409536;0;0;0;0;0;0;0;0;0;0;0;3326;0;0;0;0;0;0;
34563;4473730;555401216;31830016;505409536;0;0;0;0;0;0;0;0;0;0;0;2805;0;0;0;0;0;0;
34564;2460334;555401216;31830016;505409536;0;0;0;0;0;0;0;0;0;0;0;3647;0;0;0;0;0;0;
34565;4404150;555401216;31830016;505409536;0;0;0;0;0;0;0;0;0;0;0;2555;0;0;0;0;0;0;
34566;2362550;555401216;31830016;505409536;0;0;0;0;0;0;0;0;0;0;0;2715;0;0;0;0;0;0;
34567;4648498;555401216;31830016;505409536;0;0;0;0;0;0;0;0;0;0;0;2585;0;0;0;0;0;0;
34568;2467517;555401216;31830016;505409536;0;0;0;0;0;0;0;0;0;0;0;2915;0;0;0;0;0;0;
34569;4482536;555401216;31830016;505409536;0;0;0;0;0;0;0;0;0;0;0;2695;0;0;0;0;0;0;
34570;2570361;555401216;31830016;505409536;0;0;0;0;0;0;0;0;0;0;0;3046;0;0;0;0;0;0;
34571;4498065;555401216;31830016;505409536;0;0;0;0;0;0;0;0;0;0;0;2504;0;0;0;0;0;0;
34572;2481194;555401216;31830016;505409536;0;0;0;0;0;0;0;0;0;0;0;3417;0;0;0;0;0;0;
34573;4454394;555401216;31830016;505409536;0;0;0;0;0;0;0;0;0;0;0;2886;0;0;0;0;0;0;
34574;2887315;555401216;31830016;505409536;0;0;0;0;0;0;0;0;0;0;0;3095;0;0;0;0;0;0;
34575;4513184;555401216;31830016;505409536;0;0;0;0;0;0;0;0;0;0;0;2144;0;0;0;0;0;0;
34576;2352392;555401216;31830016;505409536;0;0;0;0;0;0;0;0;0;0;0;2936;0;0;0;0;0;0;
34577;4482716;555401216;31830016;505409536;0;0;0;0;0;0;0;0;0;0;0;2685;0;0;0;0;0;0;
34578;2269877;555401216;31830016;505409536;0;0;0;0;0;0;0;0;0;0;0;3476;0;0;0;0;0;0;
34579;4461838;555401216;31830016;505409536;0;0;0;0;0;0;0;0;0;0;0;2615;0;0;0;0;0;0;
34580;2298099;555401216;31830016;505409536;0;0;0;0;0;0;0;0;0;0;0;2766;0;0;0;0;0;0;
34581;4555403;555401216;31830016;505409536;0;0;0;0;0;0;0;0;0;0;0;2796;0;0;0;0;0;0;
34582;2998784;555401216;31830016;505409536;0;0;0;0;0;0;0;0;0;0;0;4188;0;0;0;0;0;0;
34583;10721276;555401216;31830016;505409536;0;0;0;0;0;0;0;0;0;0;0;3477;0;0;0;0;0;0;
34584;3599701;555401216;31830016;505409536;0;0;0;0;0;0;0;0;0;0;0;3587;0;0;0;0;0;0;
34585;4710725;555401216;31830016;505409536;0;0;0;0;0;0;0;0;0;0;0;3397;0;0;0;0;0;0;
34586;2884179;555401216;31830016;505409536;0;0;0;0;0;0;0;0;0;0;0;3337;0;0;0;0;0;0;
34587;4509557;555401216;31830016;505409536;0;0;0;0;0;0;0;0;0;0;0;2545;0;0;0;0;0;0;
34588;2384101;555401216;31830016;505409536;0;0;0;0;0;0;0;0;0;0;0;3175;0;0;0;0;0;0;
34589;4496152;555401216;31830016;505409536;0;0;0;0;0;0;0;0;0;0;0;2736;0;0;0;0;0;0;
34590;2321072;555401216;31830016;505409536;0;0;0;0;0;0;0;0;0;0;0;2885;0;0;0;0;0;0;
34591;4457249;555401216;31830016;505409536;0;0;0;0;0;0;0;0;0;0;0;2655;0;0;0;0;0;0;
34592;2337303;555401216;31830016;505409536;0;0;0;0;0;0;0;0;0;0;0;2815;0;0;0;0;0;0;
34593;4415240;555401216;31830016;505409536;0;0;0;0;0;0;0;0;0;0;0;2735;0;0;0;0;0;0;
34594;2403297;555401216;31830016;505409536;0;0;0;0;0;0;0;0;0;0;0;3216;0;0;0;0;0;0;
34595;4449965;555401216;31830016;505409536;0;0;0;0;0;0;0;0;0;0;0;2695;0;0;0;0;0;0;
34596;2467347;555401216;31830016;505409536;0;0;0;0;0;0;0;0;0;0;0;3156;0;0;0;0;0;0;
34597;4438845;555401216;31830016;505409536;0;0;0;0;0;0;0;0;0;0;0;2765;0;0;0;0;0;0;
34598;2367500;555401216;31830016;505409536;0;0;0;0;0;0;0;0;0;0;0;3116;0;0;0;0;0;0;
34599;4541627;555401216;31830016;505409536;0;0;0;0;0;0;0;0;0;0;0;2845;0;0;0;0;0;0;
34600;2378570;555401216;31830016;505409536;0;0;0;0;0;0;0;0;0;0;0;3086;0;0;0;0;0;0;
34601;4488808;555401216;31830016;505409536;0;0;0;0;0;0;0;0;0;0;0;2634;0;0;0;0;0;0;
34602;2361539;555401216;31830016;505409536;0;0;0;0;0;0;0;0;0;0;0;3156;0;0;0;0;0;0;
34603;4469872;555401216;31830016;505409536;0;0;0;0;0;0;0;0;0;0;0;2755;0;0;0;0;0;0;
34604;2459833;555401216;31830016;505409536;0;0;0;0;0;0;0;0;0;0;0;2935;0;0;0;0;0;0;
34605;4432322;555401216;31830016;505409536;0;0;0;0;0;0;0;0;0;0;0;2725;0;0;0;0;0;0;
34606;3160186;555401216;31830016;505409536;0;0;0;0;0;0;0;0;0;0;0;3948;0;0;0;0;0;0;
34607;4775105;555401216;31830016;505409536;0;0;0;0;0;0;0;0;0;0;0;3496;0;0;0;0;0;0;
34608;3474095;555401216;31830016;505409536;0;0;0;0;0;0;0;0;0;0;0;4068;0;0;0;0;0;0;
34609;4795713;555401216;31830016;505409536;0;0;0;0;0;0;0;0;0;0;0;3937;0;0;0;0;0;0;
34610;3459638;555401216;31830016;505409536;0;0;0;0;0;0;0;0;0;0;0;4028;0;0;0;0;0;0;
34611;4801284;555401216;31830016;505409536;0;0;0;0;0;0;0;0;0;0;0;12303;0;0;0;0;0;0;
34612;2441028;555401216;31830016;505409536;0;0;0;0;0;0;0;0;0;0;0;2775;0;0;0;0;0;0;
34613;4447211;555401216;31830016;505409536;0;0;0;0;0;0;0;0;0;0;0;3066;0;0;0;0;0;0;
34614;2326483;555401216;31830016;505409536;0;0;0;0;0;0;0;0;0;0;0;3306;0;0;0;0;0;0;
34615;4432864;555401216;31830016;505409536;0;0;0;0;0;0;0;0;0;0;0;2845;0;0;0;0;0;0;
34616;2264517;555401216;31830016;505409536;0;0;0;0;0;0;0;0;0;0;0;3036;0;0;0;0;0;0;
34617;4380445;555401216;31830016;505409536;0;0;0;0;0;0;0;0;0;0;0;2805;0;0;0;0;0;0;
34618;2788680;555401216;31830016;505409536;0;0;0;0;0;0;0;0;0;0;0;3887;0;0;0;0;0;0;
34619;4775986;555401216;31830016;505409536;0;0;0;0;0;0;0;0;0;0;0;3657;0;0;0;0;0;0;
34620;3531273;555401216;31830016;505409536;0;0;0;0;0;0;0;0;0;0;0;3837;0;0;0;0;0;0;
34621;4760849;555401216;31830016;505409536;0;0;0;0;0;0;0;0;0;0;0;3486;0;0;0;0;0;0;
34622;3509051;555401216;31830016;505409536;0;0;0;0;0;0;0;0;0;0;0;3517;0;0;0;0;0;0;
34623;4895181;555401216;31830016;505409536;0;0;0;0;0;0;0;0;0;0;0;3316;0;0;0;0;0;0;
34624;3379678;555401216;31830016;505409536;0;0;0;0;0;0;0;0;0;0;0;3927;0;0;0;0;0;0;
34625;4798068;555401216;31830016;505409536;0;0;0;0;0;0;0;0;0;0;0;3346;0;0;0;0;0;0;
34626;3535932;555401216;31830016;505409536;0;0;0;0;0;0;0;0;0;0;0;4218;0;0;0;0;0;0;
34627;4791256;555401216;31830016;505409536;0;0;0;0;0;0;0;0;0;0;0;3457;0;0;0;0;0;0;
34628;3544468;555401216;31830016;505409536;0;0;0;0;0;0;0;0;0;0;0;3587;0;0;0;0;0;0;
34629;4747023;555401216;31830016;505409536;0;0;0;0;0;0;0;0;0;0;0;3537;0;0;0;0;0;0;
34630;3501607;555401216;31830016;505409536;0;0;0;0;0;0;0;0;0;0;0;3456;0;0;0;0;0;0;
34631;4746090;555401216;31830016;505409536;0;0;0;0;0;0;0;0;0;0;0;3486;0;0;0;0;0;0;
34632;3482290;555401216;31830016;505409536;0;0;0;0;0;0;0;0;0;0;0;3526;0;0;0;0;0;0;
34633;4715132;555401216;31830016;505409536;0;0;0;0;0;0;0;0;0;0;0;3256;0;0;0;0;0;0;
34634;3583300;555401216;31830016;505409536;0;0;0;0;0;0;0;0;0;0;0;3186;0;0;0;0;0;0;
34635;4881494;555401216;31830016;505409536;0;0;0;0;0;0;0;0;0;0;0;3627;0;0;0;0;0;0;
34636;3580335;555401216;31830016;505409536;0;0;0;0;0;0;0;0;0;0;0;3817;0;0;0;0;0;0;
34637;4766119;555401216;31830016;505409536;0;0;0;0;0;0;0;0;0;0;0;3767;0;0;0;0;0;0;
34638;3401008;555401216;31830016;505409536;0;0;0;0;0;0;0;0;0;0;0;3556;0;0;0;0;0;0;
34639;4758575;555401216;31830016;505409536;0;0;0;0;0;0;0;0;0;0;0;3517;0;0;0;0;0;0;
34640;3539307;555401216;31830016;505409536;0;0;0;0;0;0;0;0;0;0;0;3547;0;0;0;0;0;0;
34641;4724140;555401216;31830016;505409536;0;0;0;0;0;0;0;0;0;0;0;3707;0;0;0;0;0;0;
34642;3425303;555401216;31830016;505409536;0;0;0;0;0;0;0;0;0;0;0;3477;0;0;0;0;0;0;
34643;4795263;555401216;31830016;505409536;0;0;0;0;0;0;0;0;0;0;0;3476;0;0;0;0;0;0;
34644;3428289;555401216;31830016;505409536;0;0;0;0;0;0;0;0;0;0;0;3567;0;0;0;0;0;0;
34645;4708781;555401216;31830016;505409536;0;0;0;0;0;0;0;0;0;0;0;3757;0;0;0;0;0;0;
34646;3441945;555401216;31830016;505409536;0;0;0;0;0;0;0;0;0;0;0;3858;0;0;0;0;0;0;
34647;4876726;555401216;31830016;505409536;0;0;0;0;0;0;0;0;0;0;0;3447;0;0;0;0;0;0;
34648;3536152;555401216;31830016;505409536;0;0;0;0;0;0;0;0;0;0;0;3788;0;0;0;0;0;0;
34649;4801695;555401216;31830016;505409536;0;0;0;0;0;0;0;0;0;0;0;3366;0;0;0;0;0;0;
34650;3584232;555401216;31830016;505409536;0;0;0;0;0;0;0;0;0;0;0;3607;0;0;0;0;0;0;
34651;4769615;555401216;31830016;505409536;0;0;0;0;0;0;0;0;0;0;0;3647;0;0;0;0;0;0;
34652;3539197;555401216;31830016;505409536;0;0;0;0;0;0;0;0;0;0;0;3948;0;0;0;0;0;0;
34653;4760939;555401216;31830016;505409536;0;0;0;0;0;0;0;0;0;0;0;3317;0;0;0;0;0;0;
34654;3457434;555401216;31830016;505409536;0;0;0;0;0;0;0;0;0;0;0;12764;0;0;0;0;0;0;
34655;4858231;555401216;31830016;505409536;0;0;0;0;0;0;0;0;0;0;0;3376;0;0;0;0;0;0;
34656;3710599;555401216;31830016;505409536;0;0;0;0;0;0;0;0;0;0;0;3607;0;0;0;0;0;0;
34657;4763914;555401216;31830016;505409536;0;0;0;0;0;0;0;0;0;0;0;3707;0;0;0;0;0;0;
34658;3495535;555401216;31830016;505409536;0;0;0;0;0;0;0;0;0;0;0;3677;0;0;0;0;0;0;
34659;4858331;555401216;31830016;505409536;0;0;0;0;0;0;0;0;0;0;0;3486;0;0;0;0;0;0;
34660;3705830;555401216;31830016;505409536;0;0;0;0;0;0;0;0;0;0;0;3867;0;0;0;0;0;0;
34661;4782349;555401216;31830016;505409536;0;0;0;0;0;0;0;0;0;0;0;3487;0;0;0;0;0;0;
34662;3522917;555401216;31830016;505409536;0;0;0;0;0;0;0;0;0;0;0;3917;0;0;0;0;0;0;
34663;4846860;555401216;31830016;505409536;0;0;0;0;0;0;0;0;0;0;0;3126;0;0;0;0;0;0;
34664;3527395;555401216;31830016;505409536;0;0;0;0;0;0;0;0;0;0;0;3677;0;0;0;0;0;0;
34665;4844175;555401216;31830016;505409536;0;0;0;0;0;0;0;0;0;0;0;3206;0;0;0;0;0;0;
34666;3509371;555401216;31830016;505409536;0;0;0;0;0;0;0;0;0;0;0;3587;0;0;0;0;0;0;
34667;4926098;555401216;31830016;505409536;0;0;0;0;0;0;0;0;0;0;0;3777;0;0;0;0;0;0;
34668;3526744;555401216;31830016;505409536;0;0;0;0;0;0;0;0;0;0;0;3967;0;0;0;0;0;0;
34669;4742795;555401216;31830016;505409536;0;0;0;0;0;0;0;0;0;0;0;3807;0;0;0;0;0;0;
34670;3458076;555401216;31830016;505409536;0;0;0;0;0;0;0;0;0;0;0;3908;0;0;0;0;0;0;
34671;4879692;555401216;31830016;505409536;0;0;0;0;0;0;0;0;0;0;0;3517;0;0;0;0;0;0;
34672;3124970;555401216;31830016;505409536;0;0;0;0;0;0;0;0;0;0;0;3266;0;0;0;0;0;0;
34673;4423907;555401216;31830016;505409536;0;0;0;0;0;0;0;0;0;0;0;2625;0;0;0;0;0;0;
34674;2502092;555401216;31830016;505409536;0;0;0;0;0;0;0;0;0;0;0;2965;0;0;0;0;0;0;
34675;4577454;555401216;31830016;505409536;0;0;0;0;0;0;0;0;0;0;0;2645;0;0;0;0;0;0;
34676;2833805;555401216;31830016;505409536;0;0;0;0;0;0;0;0;0;0;0;3527;0;0;0;0;0;0;
34677;4735441;555401216;31830016;505409536;0;0;0;0;0;0;0;0;0;0;0;3577;0;0;0;0;0;0;
34678;3731278;555401216;31830016;505409536;0;0;0;0;0;0;0;0;0;0;0;4137;0;0;0;0;0;0;
34679;4776989;555401216;31830016;505409536;0;0;0;0;0;0;0;0;0;0;0;3426;0;0;0;0;0;0;
34680;3318644;555401216;31830016;505409536;0;0;0;0;0;0;0;0;0;0;0;2645;0;0;0;0;0;0;
34681;4417975;555401216;31830016;505409536;0;0;0;0;0;0;0;0;0;0;0;2414;0;0;0;0;0;0;
34682;2403708;555401216;31830016;505409536;0;0;0;0;0;0;0;0;0;0;0;2445;0;0;0;0;0;0;
34683;4450817;555401216;31830016;505409536;0;0;0;0;0;0;0;0;0;0;0;2845;0;0;0;0;0;0;
34684;2371878;555401216;31830016;505409536;0;0;0;0;0;0;0;0;0;0;0;2806;0;0;0;0;0;0;
34685;4472969;555401216;31830016;505409536;0;0;0;0;0;0;0;0;0;0;0;2575;0;0;0;0;0;0;
34686;2475502;555401216;31830016;505409536;0;0;0;0;0;0;0;0;0;0;0;2585;0;0;0;0;0;0;
34687;4526369;555401216;31830016;505409536;0;0;0;0;0;0;0;0;0;0;0;2615;0;0;0;0;0;0;
34688;2508163;555401216;31830016;505409536;0;0;0;0;0;0;0;0;0;0;0;2565;0;0;0;0;0;0;
34689;4522221;555401216;31830016;505409536;0;0;0;0;0;0;0;0;0;0;0;2385;0;0;0;0;0;0;
34690;2315943;555401216;31830016;505409536;0;0;0;0;0;0;0;0;0;0;0;2705;0;0;0;0;0;0;
34691;4638388;555401216;31830016;505409536;0;0;0;0;0;0;0;0;0;0;0;2705;0;0;0;0;0;0;
34692;2366438;555401216;31830016;505409536;0;0;0;0;0;0;0;0;0;0;0;3105;0;0;0;0;0;0;
34693;4588285;555401216;31830016;505409536;0;0;0;0;0;0;0;0;0;0;0;2595;0;0;0;0;0;0;
34694;2536417;555401216;31830016;505409536;0;0;0;0;0;0;0;0;0;0;0;2775;0;0;0;0;0;0;
34695;4581422;555401216;31830016;505409536;0;0;0;0;0;0;0;0;0;0;0;3126;0;0;0;0;0;0;
34696;2461135;555401216;31830016;505409536;0;0;0;0;0;0;0;0;0;0;0;3086;0;0;0;0;0;0;
34697;4494899;555401216;31830016;505409536;0;0;0;0;0;0;0;0;0;0;0;2645;0;0;0;0;0;0;
34698;2388980;555401216;31830016;505409536;0;0;0;0;0;0;0;0;0;0;0;3105;0;0;0;0;0;0;
34699;4503847;555401216;31830016;505409536;0;0;0;0;0;0;0;0;0;0;0;2885;0;0;0;0;0;0;
34700;2435547;555401216;31830016;505409536;0;0;0;0;0;0;0;0;0;0;0;3106;0;0;0;0;0;0;
34701;4410101;555401216;31830016;505409536;0;0;0;0;0;0;0;0;0;0;0;2816;0;0;0;0;0;0;
34702;2472838;555401216;31830016;505409536;0;0;0;0;0;0;0;0;0;0;0;2795;0;0;0;0;0;0;
34703;4435358;555401216;31830016;505409536;0;0;0;0;0;0;0;0;0;0;0;2585;0;0;0;0;0;0;
34704;2510348;555401216;31830016;505409536;0;0;0;0;0;0;0;0;0;0;0;3367;0;0;0;0;0;0;
34705;4378452;555401216;31830016;505409536;0;0;0;0;0;0;0;0;0;0;0;2324;0;0;0;0;0;0;
34706;2424116;555401216;31830016;505409536;0;0;0;0;0;0;0;0;0;0;0;3286;0;0;0;0;0;0;
34707;4528091;555401216;31830016;505409536;0;0;0;0;0;0;0;0;0;0;0;2895;0;0;0;0;0;0;
34708;2936267;555401216;31830016;505409536;0;0;0;0;0;0;0;0;0;0;0;3206;0;0;0;0;0;0;
34709;4504898;555401216;31830016;505409536;0;0;0;0;0;0;0;0;0;0;0;2435;0;0;0;0;0;0;
34710;2629932;555401216;31830016;505409536;0;0;0;0;0;0;0;0;0;0;0;3266;0;0;0;0;0;0;
34711;4558148;555401216;31830016;505409536;0;0;0;0;0;0;0;0;0;0;0;2756;0;0;0;0;0;0;
34712;2507182;555401216;31830016;505409536;0;0;0;0;0;0;0;0;0;0;0;2765;0;0;0;0;0;0;
34713;4500280;555401216;31830016;505409536;0;0;0;0;0;0;0;0;0;0;0;2605;0;0;0;0;0;0;
34714;2384221;555401216;31830016;505409536;0;0;0;0;0;0;0;0;0;0;0;2695;0;0;0;0;0;0;
34715;4539874;555401216;31830016;505409536;0;0;0;0;0;0;0;0;0;0;0;2494;0;0;0;0;0;0;
34716;2503675;555401216;31830016;505409536;0;0;0;0;0;0;0;0;0;0;0;2555;0;0;0;0;0;0;
34717;4500941;555401216;31830016;505409536;0;0;0;0;0;0;0;0;0;0;0;2465;0;0;0;0;0;0;
34718;2531848;555401216;31830016;505409536;0;0;0;0;0;0;0;0;0;0;0;3306;0;0;0;0;0;0;
34719;4509487;555401216;31830016;505409536;0;0;0;0;0;0;0;0;0;0;0;2845;0;0;0;0;0;0;
34720;2329559;555401216;31830016;505409536;0;0;0;0;0;0;0;0;0;0;0;3557;0;0;0;0;0;0;
34721;4432313;555401216;31830016;505409536;0;0;0;0;0;0;0;0;0;0;0;3065;0;0;0;0;0;0;
34722;2408638;555401216;31830016;505409536;0;0;0;0;0;0;0;0;0;0;0;2735;0;0;0;0;0;0;
34723;4597001;555401216;31830016;505409536;0;0;0;0;0;0;0;0;0;0;0;3086;0;0;0;0;0;0;
34724;2709942;555401216;31830016;505409536;0;0;0;0;0;0;0;0;0;0;0;3897;0;0;0;0;0;0;
34725;4662214;555401216;31830016;505409536;0;0;0;0;0;0;0;0;0;0;0;2445;0;0;0;0;0;0;
34726;2563668;555401216;31830016;505409536;0;0;0;0;0;0;0;0;0;0;0;2865;0;0;0;0;0;0;
34727;4488207;555401216;31830016;505409536;0;0;0;0;0;0;0;0;0;0;0;2805;0;0;0;0;0;0;
34728;2436249;555401216;31830016;505409536;0;0;0;0;0;0;0;0;0;0;0;9839;0;0;0;0;0;0;
34729;4509577;555401216;31830016;505409536;0;0;0;0;0;0;0;0;0;0;0;3125;0;0;0;0;0;0;
34730;2354445;555401216;31830016;505409536;0;0;0;0;0;0;0;0;0;0;0;2926;0;0;0;0;0;0;
34731;4513905;555401216;31830016;505409536;0;0;0;0;0;0;0;0;0;0;0;2885;0;0;0;0;0;0;
34732;2633619;555401216;31830016;505409536;0;0;0;0;0;0;0;0;0;0;0;3066;0;0;0;0;0;0;
34733;4461416;555401216;31830016;505409536;0;0;0;0;0;0;0;0;0;0;0;2605;0;0;0;0;0;0;
34734;2486433;555401216;31830016;505409536;0;0;0;0;0;0;0;0;0;0;0;2905;0;0;0;0;0;0;
34735;4559131;555401216;31830016;505409536;0;0;0;0;0;0;0;0;0;0;0;2535;0;0;0;0;0;0;
34736;2429276;555401216;31830016;505409536;0;0;0;0;0;0;0;0;0;0;0;2795;0;0;0;0;0;0;
34737;4498726;555401216;31830016;505409536;0;0;0;0;0;0;0;0;0;0;0;2454;0;0;0;0;0;0;
34738;2832973;555401216;31830016;505409536;0;0;0;0;0;0;0;0;0;0;0;3557;0;0;0;0;0;0;
34739;4784503;555401216;31830016;505409536;0;0;0;0;0;0;0;0;0;0;0;3427;0;0;0;0;0;0;
34740;3486348;555401216;31830016;505409536;0;0;0;0;0;0;0;0;0;0;0;3707;0;0;0;0;0;0;
34741;4809569;555401216;31830016;505409536;0;0;0;0;0;0;0;0;0;0;0;3817;0;0;0;0;0;0;
34742;3706300;555401216;31830016;505409536;0;0;0;0;0;0;0;0;0;0;0;3657;0;0;0;0;0;0;
34743;4827985;555401216;31830016;505409536;0;0;0;0;0;0;0;0;0;0;0;3427;0;0;0;0;0;0;
34744;3559886;555401216;31830016;505409536;0;0;0;0;0;0;0;0;0;0;0;3687;0;0;0;0;0;0;
34745;4662033;555401216;31830016;505409536;0;0;0;0;0;0;0;0;0;0;0;3948;0;0;0;0;0;0;
34746;3430504;555401216;31830016;505409536;0;0;0;0;0;0;0;0;0;0;0;4228;0;0;0;0;0;0;
34747;4855947;555401216;31830016;505409536;0;0;0;0;0;0;0;0;0;0;0;3657;0;0;0;0;0;0;
34748;3472552;555401216;31830016;505409536;0;0;0;0;0;0;0;0;0;0;0;3797;0;0;0;0;0;0;
34749;4782669;555401216;31830016;505409536;0;0;0;0;0;0;0;0;0;0;0;3647;0;0;0;0;0;0;
34750;3503070;555401216;31830016;505409536;0;0;0;0;0;0;0;0;0;0;0;3647;0;0;0;0;0;0;
34751;4771178;555401216;31830016;505409536;0;0;0;0;0;0;0;0;0;0;0;3677;0;0;0;0;0;0;
34752;3878304;555401216;31830016;505409536;0;0;0;0;0;0;0;0;0;0;0;3867;0;0;0;0;0;0;
34753;4742364;555401216;31830016;505409536;0;0;0;0;0;0;0;0;0;0;0;3346;0;0;0;0;0;0;
34754;3475457;555401216;31830016;505409536;0;0;0;0;0;0;0;0;0;0;0;3657;0;0;0;0;0;0;
34755;5460120;555401216;31830016;505409536;0;0;0;0;0;0;0;0;0;0;0;3948;0;0;0;0;0;0;
34756;2410591;555401216;31830016;505409536;0;0;0;0;0;0;0;0;0;0;0;2856;0;0;0;0;0;0;
34757;4471536;555401216;31830016;505409536;0;0;0;0;0;0;0;0;0;0;0;3546;0;0;0;0;0;0;
34758;2464933;555401216;31830016;505409536;0;0;0;0;0;0;0;0;0;0;0;3236;0;0;0;0;0;0;
34759;4455806;555401216;31830016;505409536;0;0;0;0;0;0;0;0;0;0;0;3025;0;0;0;0;0;0;
34760;2685105;555401216;31830016;505409536;0;0;0;0;0;0;0;0;0;0;0;3627;0;0;0;0;0;0;
34761;4755098;555401216;31830016;505409536;0;0;0;0;0;0;0;0;0;0;0;3206;0;0;0;0;0;0;
34762;3506045;555401216;31830016;505409536;0;0;0;0;0;0;0;0;0;0;0;3917;0;0;0;0;0;0;
34763;4862368;555401216;31830016;505409536;0;0;0;0;0;0;0;0;0;0;0;3426;0;0;0;0;0;0;
34764;3495656;555401216;31830016;505409536;0;0;0;0;0;0;0;0;0;0;0;3567;0;0;0;0;0;0;
34765;4910820;555401216;31830016;505409536;0;0;0;0;0;0;0;0;0;0;0;3998;0;0;0;0;0;0;
34766;3715138;555401216;31830016;505409536;0;0;0;0;0;0;0;0;0;0;0;3927;0;0;0;0;0;0;
34767;4975672;555401216;31830016;505409536;0;0;0;0;0;0;0;0;0;0;0;3757;0;0;0;0;0;0;
34768;3565346;555401216;31830016;505409536;0;0;0;0;0;0;0;0;0;0;0;3827;0;0;0;0;0;0;
34769;4811924;555401216;31830016;505409536;0;0;0;0;0;0;0;0;0;0;0;3457;0;0;0;0;0;0;
34770;3412479;555401216;31830016;505409536;0;0;0;0;0;0;0;0;0;0;0;3497;0;0;0;0;0;0;
34771;4704814;555401216;31830016;505409536;0;0;0;0;0;0;0;0;0;0;0;3206;0;0;0;0;0;0;
34772;3454708;555401216;31830016;505409536;0;0;0;0;0;0;0;0;0;0;0;3336;0;0;0;0;0;0;
34773;4680457;555401216;31830016;505409536;0;0;0;0;0;0;0;0;0;0;0;3446;0;0;0;0;0;0;
34774;3565005;555401216;31830016;505409536;0;0;0;0;0;0;0;0;0;0;0;3607;0;0;0;0;0;0;
34775;4888478;555401216;31830016;505409536;0;0;0;0;0;0;0;0;0;0;0;3657;0;0;0;0;0;0;
34776;3468996;555401216;31830016;505409536;0;0;0;0;0;0;0;0;0;0;0;2855;0;0;0;0;0;0;
34777;4515508;555401216;31830016;505409536;0;0;0;0;0;0;0;0;0;0;0;2675;0;0;0;0;0;0;
34778;2446288;555401216;31830016;505409536;0;0;0;0;0;0;0;0;0;0;0;2815;0;0;0;0;0;0;
34779;4573016;555401216;31830016;505409536;0;0;0;0;0;0;0;0;0;0;0;2755;0;0;0;0;0;0;
34780;2475722;555401216;31830016;505409536;0;0;0;0;0;0;0;0;0;0;0;3076;0;0;0;0;0;0;
34781;4492516;555401216;31830016;505409536;0;0;0;0;0;0;0;0;0;0;0;3106;0;0;0;0;0;0;
34782;2441509;555401216;31830016;505409536;0;0;0;0;0;0;0;0;0;0;0;3326;0;0;0;0;0;0;
34783;4494779;555401216;31830016;505409536;0;0;0;0;0;0;0;0;0;0;0;2845;0;0;0;0;0;0;
34784;2500940;555401216;31830016;505409536;0;0;0;0;0;0;0;0;0;0;0;2895;0;0;0;0;0;0;
34785;4420790;555401216;31830016;505409536;0;0;0;0;0;0;0;0;0;0;0;2505;0;0;0;0;0;0;
34786;2492113;555401216;31830016;505409536;0;0;0;0;0;0;0;0;0;0;0;2905;0;0;0;0;0;0;
34787;4529835;555401216;31830016;505409536;0;0;0;0;0;0;0;0;0;0;0;2484;0;0;0;0;0;0;
34788;2447280;555401216;31830016;505409536;0;0;0;0;0;0;0;0;0;0;0;3146;0;0;0;0;0;0;
34789;4375636;555401216;31830016;505409536;0;0;0;0;0;0;0;0;0;0;0;3046;0;0;0;0;0;0;
34790;2752922;555401216;31830016;505409536;0;0;0;0;0;0;0;0;0;0;0;2765;0;0;0;0;0;0;
34791;4575581;555401216;31830016;505409536;0;0;0;0;0;0;0;0;0;0;0;2886;0;0;0;0;0;0;
34792;2354996;555401216;31830016;505409536;0;0;0;0;0;0;0;0;0;0;0;3025;0;0;0;0;0;0;
34793;4495331;555401216;31830016;505409536;0;0;0;0;0;0;0;0;0;0;0;2695;0;0;0;0;0;0;
34794;2543860;555401216;31830016;505409536;0;0;0;0;0;0;0;0;0;0;0;2906;0;0;0;0;0;0;
34795;4509758;555401216;31830016;505409536;0;0;0;0;0;0;0;0;0;0;0;2715;0;0;0;0;0;0;
34796;2568217;555401216;31830016;505409536;0;0;0;0;0;0;0;0;0;0;0;3166;0;0;0;0;0;0;
34797;4523934;555401216;31830016;505409536;0;0;0;0;0;0;0;0;0;0;0;2625;0;0;0;0;0;0;
34798;2686168;555401216;31830016;505409536;0;0;0;0;0;0;0;0;0;0;0;3937;0;0;0;0;0;0;
34799;4880853;555401216;31830016;505409536;0;0;0;0;0;0;0;0;0;0;0;3647;0;0;0;0;0;0;
34800;3782113;555401216;31830016;505409536;0;0;0;0;0;0;0;0;0;0;0;3065;0;0;0;0;0;0;
34801;4455946;555401216;31830016;505409536;0;0;0;0;0;0;0;0;0;0;0;2746;0;0;0;0;0;0;
34802;2363443;555401216;31830016;505409536;0;0;0;0;0;0;0;0;0;0;0;3036;0;0;0;0;0;0;
34803;4475142;555401216;31830016;505409536;0;0;0;0;0;0;0;0;0;0;0;2635;0;0;0;0;0;0;
34804;2408486;555401216;31830016;505409536;0;0;0;0;0;0;0;0;0;0;0;3276;0;0;0;0;0;0;
34805;4624343;555401216;31830016;505409536;0;0;0;0;0;0;0;0;0;0;0;2846;0;0;0;0;0;0;
34806;2411002;555401216;31830016;505409536;0;0;0;0;0;0;0;0;0;0;0;2805;0;0;0;0;0;0;
34807;4564570;555401216;31830016;505409536;0;0;0;0;0;0;0;0;0;0;0;2736;0;0;0;0;0;0;
34808;2354616;555401216;31830016;505409536;0;0;0;0;0;0;0;0;0;0;0;3025;0;0;0;0;0;0;
34809;4456097;555401216;31830016;505409536;0;0;0;0;0;0;0;0;0;0;0;2716;0;0;0;0;0;0;
34810;2934473;555401216;31830016;505409536;0;0;0;0;0;0;0;0;0;0;0;3868;0;0;0;0;0;0;
34811;4840908;555401216;31830016;505409536;0;0;0;0;0;0;0;0;0;0;0;3466;0;0;0;0;0;0;
34812;3387132;555401216;31830016;505409536;0;0;0;0;0;0;0;0;0;0;0;4017;0;0;0;0;0;0;
34813;4757933;555401216;31830016;505409536;0;0;0;0;0;0;0;0;0;0;0;3777;0;0;0;0;0;0;
34814;3371794;555401216;31830016;505409536;0;0;0;0;0;0;0;0;0;0;0;3607;0;0;0;0;0;0;
34815;4785074;555401216;31830016;505409536;0;0;0;0;0;0;0;0;0;0;0;3647;0;0;0;0;0;0;
34816;3443829;555401216;31830016;505409536;0;0;0;0;0;0;0;0;0;0;0;3817;0;0;0;0;0;0;
34817;4760718;555401216;31830016;505409536;0;0;0;0;0;0;0;0;0;0;0;3326;0;0;0;0;0;0;
34818;3582609;555401216;31830016;505409536;0;0;0;0;0;0;0;0;0;0;0;4147;0;0;0;0;0;0;
34819;4830268;555401216;31830016;505409536;0;0;0;0;0;0;0;0;0;0;0;3757;0;0;0;0;0;0;
34820;3525131;555401216;31830016;505409536;0;0;0;0;0;0;0;0;0;0;0;3817;0;0;0;0;0;0;
34821;4664839;555401216;31830016;505409536;0;0;0;0;0;0;0;0;0;0;0;2946;0;0;0;0;0;0;
34822;3532515;555401216;31830016;505409536;0;0;0;0;0;0;0;0;0;0;0;3687;0;0;0;0;0;0;
34823;4744528;555401216;31830016;505409536;0;0;0;0;0;0;0;0;0;0;0;3456;0;0;0;0;0;0;
34824;3430513;555401216;31830016;505409536;0;0;0;0;0;0;0;0;0;0;0;3477;0;0;0;0;0;0;
34825;4781517;555401216;31830016;505409536;0;0;0;0;0;0;0;0;0;0;0;3607;0;0;0;0;0;0;
34826;3444159;555401216;31830016;505409536;0;0;0;0;0;0;0;0;0;0;0;15188;0;0;0;0;0;0;
34827;4807556;555401216;31830016;505409536;0;0;0;0;0;0;0;0;0;0;0;3476;0;0;0;0;0;0;
34828;3499382;555401216;31830016;505409536;0;0;0;0;0;0;0;0;0;0;0;3666;0;0;0;0;0;0;
34829;4691789;555401216;31830016;505409536;0;0;0;0;0;0;0;0;0;0;0;3566;0;0;0;0;0;0;
34830;3724786;555401216;31830016;505409536;0;0;0;0;0;0;0;0;0;0;0;3587;0;0;0;0;0;0;
34831;4769244;555401216;31830016;505409536;0;0;0;0;0;0;0;0;0;0;0;3827;0;0;0;0;0;0;
34832;3536242;555401216;31830016;505409536;0;0;0;0;0;0;0;0;0;0;0;3526;0;0;0;0;0;0;
34833;4732706;555401216;31830016;505409536;0;0;0;0;0;0;0;0;0;0;0;3256;0;0;0;0;0;0;
34834;3494905;555401216;31830016;505409536;0;0;0;0;0;0;0;0;0;0;0;4038;0;0;0;0;0;0;
34835;4773763;555401216;31830016;505409536;0;0;0;0;0;0;0;0;0;0;0;3437;0;0;0;0;0;0;
34836;3458997;555401216;31830016;505409536;0;0;0;0;0;0;0;0;0;0;0;3878;0;0;0;0;0;0;
34837;4801285;555401216;31830016;505409536;0;0;0;0;0;0;0;0;0;0;0;3878;0;0;0;0;0;0;
34838;3519510;555401216;31830016;505409536;0;0;0;0;0;0;0;0;0;0;0;3697;0;0;0;0;0;0;
34839;4733457;555401216;31830016;505409536;0;0;0;0;0;0;0;0;0;0;0;3657;0;0;0;0;0;0;
34840;3499523;555401216;31830016;505409536;0;0;0;0;0;0;0;0;0;0;0;4068;0;0;0;0;0;0;
34841;10788182;555401216;31830016;505409536;0;0;0;0;0;0;0;0;0;0;0;3216;0;0;0;0;0;0;
34842;4090802;555401216;31830016;505409536;0;0;0;0;0;0;0;0;0;0;0;5210;0;0;0;0;0;0;
34843;5223897;555401216;31830016;505409536;0;0;0;0;0;0;0;0;0;0;0;3306;0;0;0;0;0;0;
34844;3529219;555401216;31830016;505409536;0;0;0;0;0;0;0;0;0;0;0;4028;0;0;0;0;0;0;
34845;4727707;555401216;31830016;505409536;0;0;0;0;0;0;0;0;0;0;0;3266;0;0;0;0;0;0;
34846;3501176;555401216;31830016;505409536;0;0;0;0;0;0;0;0;0;0;0;3727;0;0;0;0;0;0;
34847;4751752;555401216;31830016;505409536;0;0;0;0;0;0;0;0;0;0;0;3516;0;0;0;0;0;0;
34848;3463025;555401216;31830016;505409536;0;0;0;0;0;0;0;0;0;0;0;3056;0;0;0;0;0;0;
34849;4662724;555401216;31830016;505409536;0;0;0;0;0;0;0;0;0;0;0;2835;0;0;0;0;0;0;
34850;3603848;555401216;31830016;505409536;0;0;0;0;0;0;0;0;0;0;0;3036;0;0;0;0;0;0;
34851;4862028;555401216;31830016;505409536;0;0;0;0;0;0;0;0;0;0;0;3426;0;0;0;0;0;0;
34852;3562111;555401216;31830016;505409536;0;0;0;0;0;0;0;0;0;0;0;3286;0;0;0;0;0;0;
34853;4793870;555401216;31830016;505409536;0;0;0;0;0;0;0;0;0;0;0;3587;0;0;0;0;0;0;
34854;3561850;555401216;31830016;505409536;0;0;0;0;0;0;0;0;0;0;0;3747;0;0;0;0;0;0;
34855;4939183;555401216;31830016;505409536;0;0;0;0;0;0;0;0;0;0;0;3476;0;0;0;0;0;0;
34856;3734273;555401216;31830016;505409536;0;0;0;0;0;0;0;0;0;0;0;4949;0;0;0;0;0;0;
34857;4720012;555401216;31830016;505409536;0;0;0;0;0;0;0;0;0;0;0;3807;0;0;0;0;0;0;
34858;3618516;555401216;31830016;505409536;0;0;0;0;0;0;0;0;0;0;0;3657;0;0;0;0;0;0;
34859;4776538;555401216;31830016;505409536;0;0;0;0;0;0;0;0;0;0;0;3216;0;0;0;0;0;0;
34860;3489905;555401216;31830016;505409536;0;0;0;0;0;0;0;0;0;0;0;3758;0;0;0;0;0;0;
34861;4721214;555401216;31830016;505409536;0;0;0;0;0;0;0;0;0;0;0;3396;0;0;0;0;0;0;
34862;3464707;555401216;31830016;505409536;0;0;0;0;0;0;0;0;0;0;0;3737;0;0;0;0;0;0;
34863;4769404;555401216;31830016;505409536;0;0;0;0;0;0;0;0;0;0;0;3266;0;0;0;0;0;0;
34864;3627012;555401216;31830016;505409536;0;0;0;0;0;0;0;0;0;0;0;4248;0;0;0;0;0;0;
34865;4793389;555401216;31830016;505409536;0;0;0;0;0;0;0;0;0;0;0;3426;0;0;0;0;0;0;
34866;3444309;555401216;31830016;505409536;0;0;0;0;0;0;0;0;0;0;0;3757;0;0;0;0;0;0;
34867;4868811;555401216;31830016;505409536;0;0;0;0;0;0;0;0;0;0;0;3537;0;0;0;0;0;0;
34868;3419723;555401216;31830016;505409536;0;0;0;0;0;0;0;0;0;0;0;3737;0;0;0;0;0;0;
34869;4826251;555401216;31830016;505409536;0;0;0;0;0;0;0;0;0;0;0;4078;0;0;0;0;0;0;
34870;3659353;555401216;31830016;505409536;0;0;0;0;0;0;0;0;0;0;0;3556;0;0;0;0;0;0;
34871;4849975;555401216;31830016;505409536;0;0;0;0;0;0;0;0;0;0;0;3316;0;0;0;0;0;0;
34872;3449079;555401216;31830016;505409536;0;0;0;0;0;0;0;0;0;0;0;3857;0;0;0;0;0;0;
34873;4670609;555401216;31830016;505409536;0;0;0;0;0;0;0;0;0;0;0;3987;0;0;0;0;0;0;
34874;3394526;555401216;31830016;505409536;0;0;0;0;0;0;0;0;0;0;0;3547;0;0;0;0;0;0;
34875;4736903;555401216;31830016;505409536;0;0;0;0;0;0;0;0;0;0;0;3587;0;0;0;0;0;0;
34876;3530641;555401216;31830016;505409536;0;0;0;0;0;0;0;0;0;0;0;3757;0;0;0;0;0;0;
34877;4729079;555401216;31830016;505409536;0;0;0;0;0;0;0;0;0;0;0;3556;0;0;0;0;0;0;
34878;3532685;555401216;31830016;505409536;0;0;0;0;0;0;0;0;0;0;0;4018;0;0;0;0;0;0;
34879;5004906;555401216;31830016;505409536;0;0;0;0;0;0;0;0;0;0;0;4088;0;0;0;0;0;0;
34880;3618807;555401216;31830016;505409536;0;0;0;0;0;0;0;0;0;0;0;3977;0;0;0;0;0;0;
34881;4983866;555401216;31838208;505417728;0;0;0;0;0;0;0;0;0;0;0;3997;0;0;0;0;0;0;
34882;3404895;555401216;31838208;505417728;0;0;0;0;0;0;0;0;0;0;0;3647;0;0;0;0;0;0;
34883;4790254;555401216;31838208;505417728;0;0;0;0;0;0;0;0;0;0;0;3617;0;0;0;0;0;0;
34884;3459969;555401216;31838208;505417728;0;0;0;0;0;0;0;0;0;0;0;3737;0;0;0;0;0;0;
34885;5125562;555401216;31838208;505417728;0;0;0;0;0;0;0;0;0;0;0;3887;0;0;0;0;0;0;
34886;3475097;555401216;31838208;505417728;0;0;0;0;0;0;0;0;0;0;0;3937;0;0;0;0;0;0;
34887;4785275;555401216;31838208;505417728;0;0;0;0;0;0;0;0;0;0;0;3487;0;0;0;0;0;0;
34888;3488853;555499520;31830016;505409536;0;0;0;0;0;0;0;0;0;0;0;3706;0;0;0;0;0;0;
34889;4665179;555499520;31830016;505409536;0;0;0;0;0;0;0;0;0;0;0;3456;0;0;0;0;0;0;
34890;3515292;555499520;31830016;505409536;0;0;0;0;0;0;0;0;0;0;0;4419;0;0;0;0;0;0;
34891;4816884;555499520;31830016;505409536;0;0;0;0;0;0;0;0;0;0;0;4057;0;0;0;0;0;0;
34892;3462284;555499520;31830016;505409536;0;0;0;0;0;0;0;0;0;0;0;3787;0;0;0;0;0;0;
34893;4732455;555499520;31830016;505409536;0;0;0;0;0;0;0;0;0;0;0;3997;0;0;0;0;0;0;
34894;3546351;555499520;31830016;505409536;0;0;0;0;0;0;0;0;0;0;0;3517;0;0;0;0;0;0;
34895;4846940;555499520;31830016;505409536;0;0;0;0;0;0;0;0;0;0;0;3346;0;0;0;0;0;0;
34896;3389496;555499520;31830016;505409536;0;0;0;0;0;0;0;0;0;0;0;3927;0;0;0;0;0;0;
34897;4837633;555499520;31830016;505409536;0;0;0;0;0;0;0;0;0;0;0;3457;0;0;0;0;0;0;
34898;3312973;555499520;31830016;505409536;0;0;0;0;0;0;0;0;0;0;0;3336;0;0;0;0;0;0;
34899;4520718;555499520;31830016;505409536;0;0;0;0;0;0;0;0;0;0;0;3306;0;0;0;0;0;0;
34900;2368763;555499520;31830016;505409536;0;0;0;0;0;0;0;0;0;0;0;3026;0;0;0;0;0;0;
34901;4505830;555499520;31830016;505409536;0;0;0;0;0;0;0;0;0;0;0;2565;0;0;0;0;0;0;
34902;2401474;555499520;31830016;505409536;0;0;0;0;0;0;0;0;0;0;0;3036;0;0;0;0;0;0;
34903;4548700;555499520;31830016;505409536;0;0;0;0;0;0;0;0;0;0;0;3056;0;0;0;0;0;0;
34904;2483557;555499520;31830016;505409536;0;0;0;0;0;0;0;0;0;0;0;2936;0;0;0;0;0;0;
34905;4474191;555499520;31830016;505409536;0;0;0;0;0;0;0;0;0;0;0;3156;0;0;0;0;0;0;
34906;2417003;555499520;31830016;505409536;0;0;0;0;0;0;0;0;0;0;0;3166;0;0;0;0;0;0;
34907;4536398;555499520;31830016;505409536;0;0;0;0;0;0;0;0;0;0;0;2625;0;0;0;0;0;0;
34908;2406984;555499520;31830016;505409536;0;0;0;0;0;0;0;0;0;0;0;2725;0;0;0;0;0;0;
34909;4499138;555499520;31830016;505409536;0;0;0;0;0;0;0;0;0;0;0;2505;0;0;0;0;0;0;
34910;2548309;555499520;31830016;505409536;0;0;0;0;0;0;0;0;0;0;0;3206;0;0;0;0;0;0;
34911;4518414;555499520;31830016;505409536;0;0;0;0;0;0;0;0;0;0;0;2995;0;0;0;0;0;0;
34912;2390883;555499520;31830016;505409536;0;0;0;0;0;0;0;0;0;0;0;2966;0;0;0;0;0;0;
34913;4516179;555499520;31830016;505409536;0;0;0;0;0;0;0;0;0;0;0;3226;0;0;0;0;0;0;
34914;2576081;555499520;31830016;505409536;0;0;0;0;0;0;0;0;0;0;0;3536;0;0;0;0;0;0;
34915;4623120;555499520;31830016;505409536;0;0;0;0;0;0;0;0;0;0;0;2695;0;0;0;0;0;0;
34916;2346290;555499520;31830016;505409536;0;0;0;0;0;0;0;0;0;0;0;2996;0;0;0;0;0;0;
34917;4497204;555499520;31830016;505409536;0;0;0;0;0;0;0;0;0;0;0;2835;0;0;0;0;0;0;
34918;2456927;555499520;31830016;505409536;0;0;0;0;0;0;0;0;0;0;0;3507;0;0;0;0;0;0;
34919;4530797;555499520;31830016;505409536;0;0;0;0;0;0;0;0;0;0;0;2554;0;0;0;0;0;0;
34920;2436770;555499520;31830016;505409536;0;0;0;0;0;0;0;0;0;0;0;2966;0;0;0;0;0;0;
34921;4447952;555499520;31830016;505409536;0;0;0;0;0;0;0;0;0;0;0;2635;0;0;0;0;0;0;
34922;2322585;555499520;31830016;505409536;0;0;0;0;0;0;0;0;0;0;0;2996;0;0;0;0;0;0;
34923;4511912;555499520;31830016;505409536;0;0;0;0;0;0;0;0;0;0;0;2475;0;0;0;0;0;0;
34924;2511690;555499520;31830016;505409536;0;0;0;0;0;0;0;0;0;0;0;2865;0;0;0;0;0;0;
34925;4661833;555499520;31830016;505409536;0;0;0;0;0;0;0;0;0;0;0;3256;0;0;0;0;0;0;
34926;2391345;555499520;31830016;505409536;0;0;0;0;0;0;0;0;0;0;0;3045;0;0;0;0;0;0;
34927;4484390;555499520;31830016;505409536;0;0;0;0;0;0;0;0;0;0;0;2915;0;0;0;0;0;0;
34928;2478258;555499520;31830016;505409536;0;0;0;0;0;0;0;0;0;0;0;3266;0;0;0;0;0;0;
34929;4464904;555499520;31830016;505409536;0;0;0;0;0;0;0;0;0;0;0;2755;0;0;0;0;0;0;
34930;2415340;555499520;31830016;505409536;0;0;0;0;0;0;0;0;0;0;0;3035;0;0;0;0;0;0;
34931;4505961;555499520;31830016;505409536;0;0;0;0;0;0;0;0;0;0;0;2725;0;0;0;0;0;0;
34932;2396975;555499520;31830016;505409536;0;0;0;0;0;0;0;0;0;0;0;3066;0;0;0;0;0;0;
34933;4406935;555499520;31830016;505409536;0;0;0;0;0;0;0;0;0;0;0;3106;0;0;0;0;0;0;
34934;2440948;555499520;31830016;505409536;0;0;0;0;0;0;0;0;0;0;0;3316;0;0;0;0;0;0;
34935;4511300;555499520;31830016;505409536;0;0;0;0;0;0;0;0;0;0;0;2745;0;0;0;0;0;0;
34936;2351801;555499520;31830016;505409536;0;0;0;0;0;0;0;0;0;0;0;2845;0;0;0;0;0;0;
34937;4470434;555499520;31830016;505409536;0;0;0;0;0;0;0;0;0;0;0;2585;0;0;0;0;0;0;
34938;2307778;555499520;31830016;505409536;0;0;0;0;0;0;0;0;0;0;0;2645;0;0;0;0;0;0;
34939;4562486;555499520;31830016;505409536;0;0;0;0;0;0;0;0;0;0;0;2495;0;0;0;0;0;0;
34940;2306736;555499520;31830016;505409536;0;0;0;0;0;0;0;0;0;0;0;2665;0;0;0;0;0;0;
34941;4554812;555499520;31830016;505409536;0;0;0;0;0;0;0;0;0;0;0;2895;0;0;0;0;0;0;
34942;2375265;555499520;31830016;505409536;0;0;0;0;0;0;0;0;0;0;0;2885;0;0;0;0;0;0;
34943;4504097;555499520;31830016;505409536;0;0;0;0;0;0;0;0;0;0;0;2605;0;0;0;0;0;0;
34944;2439715;555499520;31830016;505409536;0;0;0;0;0;0;0;0;0;0;0;3497;0;0;0;0;0;0;
34945;4420790;555499520;31830016;505409536;0;0;0;0;0;0;0;0;0;0;0;2635;0;0;0;0;0;0;
34946;2371037;555499520;31830016;505409536;0;0;0;0;0;0;0;0;0;0;0;2846;0;0;0;0;0;0;
34947;4606068;555499520;31830016;505409536;0;0;0;0;0;0;0;0;0;0;0;2645;0;0;0;0;0;0;
34948;2531067;555499520;31830016;505409536;0;0;0;0;0;0;0;0;0;0;0;2695;0;0;0;0;0;0;
34949;4574559;555499520;31830016;505409536;0;0;0;0;0;0;0;0;0;0;0;2574;0;0;0;0;0;0;
34950;2467498;555499520;31830016;505409536;0;0;0;0;0;0;0;0;0;0;0;2756;0;0;0;0;0;0;
34951;4503816;555499520;31830016;505409536;0;0;0;0;0;0;0;0;0;0;0;3076;0;0;0;0;0;0;
34952;2348955;555499520;31830016;505409536;0;0;0;0;0;0;0;0;0;0;0;2866;0;0;0;0;0;0;
34953;4552458;555499520;31830016;505409536;0;0;0;0;0;0;0;0;0;0;0;2845;0;0;0;0;0;0;
34954;2472086;555499520;31830016;505409536;0;0;0;0;0;0;0;0;0;0;0;2855;0;0;0;0;0;0;
34955;4554351;555499520;31830016;505409536;0;0;0;0;0;0;0;0;0;0;0;2725;0;0;0;0;0;0;
34956;2395894;555499520;31830016;505409536;0;0;0;0;0;0;0;0;0;0;0;2785;0;0;0;0;0;0;
34957;4485292;555499520;31830016;505409536;0;0;0;0;0;0;0;0;0;0;0;2916;0;0;0;0;0;0;
34958;2462698;555499520;31830016;505409536;0;0;0;0;0;0;0;0;0;0;0;2896;0;0;0;0;0;0;
34959;4451789;555499520;31830016;505409536;0;0;0;0;0;0;0;0;0;0;0;2555;0;0;0;0;0;0;
34960;2456637;555499520;31830016;505409536;0;0;0;0;0;0;0;0;0;0;0;2785;0;0;0;0;0;0;
34961;4494289;555499520;31830016;505409536;0;0;0;0;0;0;0;0;0;0;0;2685;0;0;0;0;0;0;
34962;2350147;555499520;31830016;505409536;0;0;0;0;0;0;0;0;0;0;0;2816;0;0;0;0;0;0;
34963;4514928;555499520;31830016;505409536;0;0;0;0;0;0;0;0;0;0;0;2715;0;0;0;0;0;0;
34964;2325331;555499520;31830016;505409536;0;0;0;0;0;0;0;0;0;0;0;2716;0;0;0;0;0;0;
34965;4529455;555499520;31830016;505409536;0;0;0;0;0;0;0;0;0;0;0;2144;0;0;0;0;0;0;
34966;2557025;555499520;31830016;505409536;0;0;0;0;0;0;0;0;0;0;0;3095;0;0;0;0;0;0;
34967;4530476;555499520;31830016;505409536;0;0;0;0;0;0;0;0;0;0;0;2675;0;0;0;0;0;0;
34968;2346180;555499520;31830016;505409536;0;0;0;0;0;0;0;0;0;0;0;2746;0;0;0;0;0;0;
34969;4508344;555499520;31830016;505409536;0;0;0;0;0;0;0;0;0;0;0;2495;0;0;0;0;0;0;
34970;2390212;555499520;31830016;505409536;0;0;0;0;0;0;0;0;0;0;0;2715;0;0;0;0;0;0;
34971;4549862;555499520;31830016;505409536;0;0;0;0;0;0;0;0;0;0;0;2375;0;0;0;0;0;0;
34972;2418866;555499520;31830016;505409536;0;0;0;0;0;0;0;0;0;0;0;2716;0;0;0;0;0;0;
34973;4740230;555499520;31830016;505409536;0;0;0;0;0;0;0;0;0;0;0;2645;0;0;0;0;0;0;
34974;2557777;555499520;31830016;505409536;0;0;0;0;0;0;0;0;0;0;0;3066;0;0;0;0;0;0;
34975;4491934;555499520;31830016;505409536;0;0;0;0;0;0;0;0;0;0;0;2805;0;0;0;0;0;0;
34976;2385574;555499520;31830016;505409536;0;0;0;0;0;0;0;0;0;0;0;3567;0;0;0;0;0;0;
34977;4631146;555499520;31830016;505409536;0;0;0;0;0;0;0;0;0;0;0;2705;0;0;0;0;0;0;
34978;2340840;555499520;31830016;505409536;0;0;0;0;0;0;0;0;0;0;0;2936;0;0;0;0;0;0;
34979;4497124;555499520;31830016;505409536;0;0;0;0;0;0;0;0;0;0;0;2945;0;0;0;0;0;0;
34980;2354826;555499520;31830016;505409536;0;0;0;0;0;0;0;0;0;0;0;2365;0;0;0;0;0;0;
34981;4477748;555499520;31830016;505409536;0;0;0;0;0;0;0;0;0;0;0;2434;0;0;0;0;0;0;
34982;2737344;555499520;31830016;505409536;0;0;0;0;0;0;0;0;0;0;0;3577;0;0;0;0;0;0;
34983;4509417;555499520;31830016;505409536;0;0;0;0;0;0;0;0;0;0;0;2544;0;0;0;0;0;0;
34984;2365266;555499520;31830016;505409536;0;0;0;0;0;0;0;0;0;0;0;2635;0;0;0;0;0;0;
34985;4488167;555499520;31830016;505409536;0;0;0;0;0;0;0;0;0;0;0;2615;0;0;0;0;0;0;
34986;2424798;555499520;31830016;505409536;0;0;0;0;0;0;0;0;0;0;0;3085;0;0;0;0;0;0;
34987;4580831;555499520;31830016;505409536;0;0;0;0;0;0;0;0;0;0;0;2595;0;0;0;0;0;0;
34988;2404048;555499520;31830016;505409536;0;0;0;0;0;0;0;0;0;0;0;2525;0;0;0;0;0;0;
34989;4584869;555499520;31830016;505409536;0;0;0;0;0;0;0;0;0;0;0;2084;0;0;0;0;0;0;
34990;2416371;555499520;31830016;505409536;0;0;0;0;0;0;0;0;0;0;0;2946;0;0;0;0;0;0;
34991;4549743;555499520;31830016;505409536;0;0;0;0;0;0;0;0;0;0;0;3056;0;0;0;0;0;0;
34992;2346330;555499520;31830016;505409536;0;0;0;0;0;0;0;0;0;0;0;2665;0;0;0;0;0;0;
34993;4623371;555499520;31830016;505409536;0;0;0;0;0;0;0;0;0;0;0;2976;0;0;0;0;0;0;
34994;2479991;555499520;31830016;505409536;0;0;0;0;0;0;0;0;0;0;0;2675;0;0;0;0;0;0;
34995;4548500;555499520;31830016;505409536;0;0;0;0;0;0;0;0;0;0;0;3076;0;0;0;0;0;0;
34996;2317987;555499520;31830016;505409536;0;0;0;0;0;0;0;0;0;0;0;2976;0;0;0;0;0;0;
34997;4493968;555499520;31830016;505409536;0;0;0;0;0;0;0;0;0;0;0;2725;0;0;0;0;0;0;
34998;2437050;555499520;31830016;505409536;0;0;0;0;0;0;0;0;0;0;0;3056;0;0;0;0;0;0;
34999;4480142;555499520;31830016;505409536;0;0;0;0;0;0;0;0;0;0;0;3155;0;0;0;0;0;0;
35000;2350689;555499520;31830016;505409536;0;0;0;0;0;0;0;0;0;0;0;2845;0;0;0;0;0;0;
35001;4471235;555499520;31830016;505409536;0;0;0;0;0;0;0;0;0;0;0;2465;0;0;0;0;0;0;
35002;2498376;555499520;31830016;505409536;0;0;0;0;0;0;0;0;0;0;0;2665;0;0;0;0;0;0;
35003;4567216;555499520;31830016;505409536;0;0;0;0;0;0;0;0;0;0;0;2796;0;0;0;0;0;0;
35004;2527821;555499520;31830016;505409536;0;0;0;0;0;0;0;0;0;0;0;2564;0;0;0;0;0;0;
35005;4472608;555499520;31830016;505409536;0;0;0;0;0;0;0;0;0;0;0;2675;0;0;0;0;0;0;
35006;2652755;555499520;31830016;505409536;0;0;0;0;0;0;0;0;0;0;0;3246;0;0;0;0;0;0;
35007;4590790;555499520;31830016;505409536;0;0;0;0;0;0;0;0;0;0;0;3026;0;0;0;0;0;0;
35008;2275287;555499520;31830016;505409536;0;0;0;0;0;0;0;0;0;0;0;2796;0;0;0;0;0;0;
35009;4433755;555499520;31830016;505409536;0;0;0;0;0;0;0;0;0;0;0;2715;0;0;0;0;0;0;
35010;2302729;555499520;31830016;505409536;0;0;0;0;0;0;0;0;0;0;0;2755;0;0;0;0;0;0;
35011;4522802;555499520;31830016;505409536;0;0;0;0;0;0;0;0;0;0;0;2625;0;0;0;0;0;0;
35012;2374773;555499520;31830016;505409536;0;0;0;0;0;0;0;0;0;0;0;9327;0;0;0;0;0;0;
35013;4462720;555499520;31830016;505409536;0;0;0;0;0;0;0;0;0;0;0;3025;0;0;0;0;0;0;
35014;2331903;555499520;31830016;505409536;0;0;0;0;0;0;0;0;0;0;0;2635;0;0;0;0;0;0;
35015;4449214;555499520;31830016;505409536;0;0;0;0;0;0;0;0;0;0;0;2605;0;0;0;0;0;0;
35016;2374053;555499520;31830016;505409536;0;0;0;0;0;0;0;0;0;0;0;2985;0;0;0;0;0;0;
35017;4452270;555499520;31830016;505409536;0;0;0;0;0;0;0;0;0;0;0;2805;0;0;0;0;0;0;
35018;2499458;555499520;31830016;505409536;0;0;0;0;0;0;0;0;0;0;0;2946;0;0;0;0;0;0;
35019;4553690;555499520;31830016;505409536;0;0;0;0;0;0;0;0;0;0;0;2475;0;0;0;0;0;0;
35020;2535325;555499520;31830016;505409536;0;0;0;0;0;0;0;0;0;0;0;2906;0;0;0;0;0;0;
35021;4643879;555499520;31838208;505417728;0;0;0;0;0;0;0;0;0;0;0;3487;0;0;0;0;0;0;
35022;2637476;555499520;31838208;505417728;0;0;0;0;0;0;0;0;0;0;0;2745;0;0;0;0;0;0;
35023;4509437;555499520;31838208;505417728;0;0;0;0;0;0;0;0;0;0;0;2705;0;0;0;0;0;0;
35024;2699002;555499520;31838208;505417728;0;0;0;0;0;0;0;0;0;0;0;3106;0;0;0;0;0;0;
35025;4480493;555499520;31838208;505417728;0;0;0;0;0;0;0;0;0;0;0;2875;0;0;0;0;0;0;
35026;2572815;555499520;31838208;505417728;0;0;0;0;0;0;0;0;0;0;0;3436;0;0;0;0;0;0;
35027;4454724;555499520;31838208;505417728;0;0;0;0;0;0;0;0;0;0;0;2965;0;0;0;0;0;0;
35028;2536286;555524096;31830016;505409536;0;0;0;0;0;0;0;0;0;0;0;3156;0;0;0;0;0;0;
35029;4479922;555524096;31830016;505409536;0;0;0;0;0;0;0;0;0;0;0;2535;0;0;0;0;0;0;
35030;2591280;555524096;31830016;505409536;0;0;0;0;0;0;0;0;0;0;0;2765;0;0;0;0;0;0;
35031;4571533;555524096;31830016;505409536;0;0;0;0;0;0;0;0;0;0;0;2565;0;0;0;0;0;0;
35032;2396254;555524096;31830016;505409536;0;0;0;0;0;0;0;0;0;0;0;2905;0;0;0;0;0;0;
35033;4447561;555524096;31830016;505409536;0;0;0;0;0;0;0;0;0;0;0;2274;0;0;0;0;0;0;
35034;2553198;555524096;31830016;505409536;0;0;0;0;0;0;0;0;0;0;0;3076;0;0;0;0;0;0;
35035;4612870;555524096;31830016;505409536;0;0;0;0;0;0;0;0;0;0;0;2865;0;0;0;0;0;0;
35036;2459132;555524096;31830016;505409536;0;0;0;0;0;0;0;0;0;0;0;3616;0;0;0;0;0;0;
35037;4471295;555524096;31830016;505409536;0;0;0;0;0;0;0;0;0;0;0;2625;0;0;0;0;0;0;
35038;2526137;555524096;31830016;505409536;0;0;0;0;0;0;0;0;0;0;0;3436;0;0;0;0;0;0;
35039;4505179;555524096;31830016;505409536;0;0;0;0;0;0;0;0;0;0;0;2715;0;0;0;0;0;0;
35040;2437411;555524096;31830016;505409536;0;0;0;0;0;0;0;0;0;0;0;2976;0;0;0;0;0;0;
35041;4505209;555524096;31830016;505409536;0;0;0;0;0;0;0;0;0;0;0;2876;0;0;0;0;0;0;
35042;2791235;555524096;31830016;505409536;0;0;0;0;0;0;0;0;0;0;0;2825;0;0;0;0;0;0;
35043;4642457;555524096;31830016;505409536;0;0;0;0;0;0;0;0;0;0;0;2805;0;0;0;0;0;0;
35044;2267362;555524096;31830016;505409536;0;0;0;0;0;0;0;0;0;0;0;3036;0;0;0;0;0;0;
35045;4458471;555524096;31830016;505409536;0;0;0;0;0;0;0;0;0;0;0;2254;0;0;0;0;0;0;
35046;2354495;555524096;31830016;505409536;0;0;0;0;0;0;0;0;0;0;0;3426;0;0;0;0;0;0;
35047;4475313;555524096;31830016;505409536;0;0;0;0;0;0;0;0;0;0;0;2544;0;0;0;0;0;0;
35048;2280678;555524096;31830016;505409536;0;0;0;0;0;0;0;0;0;0;0;3055;0;0;0;0;0;0;
35049;4484200;555524096;31830016;505409536;0;0;0;0;0;0;0;0;0;0;0;2836;0;0;0;0;0;0;
35050;2363722;555524096;31830016;505409536;0;0;0;0;0;0;0;0;0;0;0;3166;0;0;0;0;0;0;
35051;4486714;555524096;31830016;505409536;0;0;0;0;0;0;0;0;0;0;0;2575;0;0;0;0;0;0;
35052;2368522;555524096;31830016;505409536;0;0;0;0;0;0;0;0;0;0;0;2905;0;0;0;0;0;0;
35053;4503085;555524096;31830016;505409536;0;0;0;0;0;0;0;0;0;0;0;2876;0;0;0;0;0;0;
35054;2341661;555524096;31830016;505409536;0;0;0;0;0;0;0;0;0;0;0;2775;0;0;0;0;0;0;
35055;4511220;555524096;31830016;505409536;0;0;0;0;0;0;0;0;0;0;0;2826;0;0;0;0;0;0;
35056;2273053;555524096;31830016;505409536;0;0;0;0;0;0;0;0;0;0;0;2976;0;0;0;0;0;0;
35057;4584537;555524096;31830016;505409536;0;0;0;0;0;0;0;0;0;0;0;3457;0;0;0;0;0;0;
35058;2292830;555524096;31830016;505409536;0;0;0;0;0;0;0;0;0;0;0;2875;0;0;0;0;0;0;
35059;4453552;555524096;31830016;505409536;0;0;0;0;0;0;0;0;0;0;0;2795;0;0;0;0;0;0;
35060;2393769;555524096;31830016;505409536;0;0;0;0;0;0;0;0;0;0;0;2705;0;0;0;0;0;0;
35061;4596400;555524096;31830016;505409536;0;0;0;0;0;0;0;0;0;0;0;2395;0;0;0;0;0;0;
35062;2627638;555524096;31830016;505409536;0;0;0;0;0;0;0;0;0;0;0;2675;0;0;0;0;0;0;
35063;4518123;555524096;31830016;505409536;0;0;0;0;0;0;0;0;0;0;0;3075;0;0;0;0;0;0;
35064;2377279;555524096;31830016;505409536;0;0;0;0;0;0;0;0;0;0;0;2765;0;0;0;0;0;0;
35065;4468801;555524096;31830016;505409536;0;0;0;0;0;0;0;0;0;0;0;2595;0;0;0;0;0;0;
35066;2553368;555524096;31830016;505409536;0;0;0;0;0;0;0;0;0;0;0;3006;0;0;0;0;0;0;
35067;4681108;555524096;31830016;505409536;0;0;0;0;0;0;0;0;0;0;0;2625;0;0;0;0;0;0;
35068;2374553;555524096;31830016;505409536;0;0;0;0;0;0;0;0;0;0;0;3086;0;0;0;0;0;0;
35069;4422333;555524096;31830016;505409536;0;0;0;0;0;0;0;0;0;0;0;3035;0;0;0;0;0;0;
35070;2468208;555524096;31830016;505409536;0;0;0;0;0;0;0;0;0;0;0;2805;0;0;0;0;0;0;
35071;4411503;555524096;31830016;505409536;0;0;0;0;0;0;0;0;0;0;0;2815;0;0;0;0;0;0;
35072;2618581;555524096;31830016;505409536;0;0;0;0;0;0;0;0;0;0;0;2705;0;0;0;0;0;0;
35073;4438354;555524096;31830016;505409536;0;0;0;0;0;0;0;0;0;0;0;2875;0;0;0;0;0;0;
35074;2557015;555524096;31830016;505409536;0;0;0;0;0;0;0;0;0;0;0;3236;0;0;0;0;0;0;
35075;4479991;555524096;31830016;505409536;0;0;0;0;0;0;0;0;0;0;0;2935;0;0;0;0;0;0;
35076;2481303;555524096;31830016;505409536;0;0;0;0;0;0;0;0;0;0;0;2745;0;0;0;0;0;0;
35077;4563538;555524096;31830016;505409536;0;0;0;0;0;0;0;0;0;0;0;2795;0;0;0;0;0;0;
35078;2552737;555524096;31830016;505409536;0;0;0;0;0;0;0;0;0;0;0;2895;0;0;0;0;0;0;
35079;4466246;555524096;31830016;505409536;0;0;0;0;0;0;0;0;0;0;0;2014;0;0;0;0;0;0;
35080;3694529;555524096;31830016;505409536;0;0;0;0;0;0;0;0;0;0;0;4047;0;0;0;0;0;0;
35081;4718158;555524096;31830016;505409536;0;0;0;0;0;0;0;0;0;0;0;3918;0;0;0;0;0;0;
35082;3425685;555524096;31830016;505409536;0;0;0;0;0;0;0;0;0;0;0;4178;0;0;0;0;0;0;
35083;4740650;555524096;31830016;505409536;0;0;0;0;0;0;0;0;0;0;0;3957;0;0;0;0;0;0;
35084;3467774;555524096;31830016;505409536;0;0;0;0;0;0;0;0;0;0;0;3286;0;0;0;0;0;0;
35085;4426532;555524096;31830016;505409536;0;0;0;0;0;0;0;0;0;0;0;2665;0;0;0;0;0;0;
35086;2641533;555524096;31830016;505409536;0;0;0;0;0;0;0;0;0;0;0;3126;0;0;0;0;0;0;
35087;4546516;555524096;31830016;505409536;0;0;0;0;0;0;0;0;0;0;0;2756;0;0;0;0;0;0;
35088;2420981;555524096;31830016;505409536;0;0;0;0;0;0;0;0;0;0;0;2464;0;0;0;0;0;0;
35089;4478419;555524096;31830016;505409536;0;0;0;0;0;0;0;0;0;0;0;2585;0;0;0;0;0;0;
35090;2458791;555524096;31830016;505409536;0;0;0;0;0;0;0;0;0;0;0;2986;0;0;0;0;0;0;
35091;4548110;555524096;31830016;505409536;0;0;0;0;0;0;0;0;0;0;0;2595;0;0;0;0;0;0;
35092;2419427;555524096;31830016;505409536;0;0;0;0;0;0;0;0;0;0;0;3076;0;0;0;0;0;0;
35093;4434947;555524096;31830016;505409536;0;0;0;0;0;0;0;0;0;0;0;2785;0;0;0;0;0;0;
35094;2668345;555524096;31830016;505409536;0;0;0;0;0;0;0;0;0;0;0;2735;0;0;0;0;0;0;
35095;4507183;555524096;31830016;505409536;0;0;0;0;0;0;0;0;0;0;0;2956;0;0;0;0;0;0;
35096;2684334;555524096;31830016;505409536;0;0;0;0;0;0;0;0;0;0;0;2826;0;0;0;0;0;0;
35097;4542729;555524096;31830016;505409536;0;0;0;0;0;0;0;0;0;0;0;2685;0;0;0;0;0;0;
35098;2405822;555524096;31830016;505409536;0;0;0;0;0;0;0;0;0;0;0;2765;0;0;0;0;0;0;
35099;4574489;555524096;31830016;505409536;0;0;0;0;0;0;0;0;0;0;0;2756;0;0;0;0;0;0;
35100;2264557;555524096;31830016;505409536;0;0;0;0;0;0;0;0;0;0;0;2976;0;0;0;0;0;0;
35101;4435328;555524096;31830016;505409536;0;0;0;0;0;0;0;0;0;0;0;2956;0;0;0;0;0;0;
35102;2352351;555524096;31830016;505409536;0;0;0;0;0;0;0;0;0;0;0;2696;0;0;0;0;0;0;
35103;4583756;555524096;31830016;505409536;0;0;0;0;0;0;0;0;0;0;0;2755;0;0;0;0;0;0;
35104;2435898;555524096;31830016;505409536;0;0;0;0;0;0;0;0;0;0;0;2776;0;0;0;0;0;0;
35105;4539153;555524096;31830016;505409536;0;0;0;0;0;0;0;0;0;0;0;2826;0;0;0;0;0;0;
35106;3010436;555524096;31830016;505409536;0;0;0;0;0;0;0;0;0;0;0;3507;0;0;0;0;0;0;
35107;4969530;555524096;31830016;505409536;0;0;0;0;0;0;0;0;0;0;0;3657;0;0;0;0;0;0;
35108;3555798;555524096;31830016;505409536;0;0;0;0;0;0;0;0;0;0;0;3577;0;0;0;0;0;0;
35109;4810732;555524096;31830016;505409536;0;0;0;0;0;0;0;0;0;0;0;3306;0;0;0;0;0;0;
35110;3041304;555524096;31830016;505409536;0;0;0;0;0;0;0;0;0;0;0;3036;0;0;0;0;0;0;
35111;4596600;555524096;31830016;505409536;0;0;0;0;0;0;0;0;0;0;0;2254;0;0;0;0;0;0;
35112;11862045;555524096;31830016;505409536;0;0;0;0;0;0;0;0;0;0;0;3837;0;0;0;0;0;0;
35113;5108630;555524096;31830016;505409536;0;0;0;0;0;0;0;0;0;0;0;2775;0;0;0;0;0;0;
35114;2789912;555524096;31830016;505409536;0;0;0;0;0;0;0;0;0;0;0;2365;0;0;0;0;0;0;
35115;4542289;555524096;31830016;505409536;0;0;0;0;0;0;0;0;0;0;0;2685;0;0;0;0;0;0;
35116;2486042;555524096;31830016;505409536;0;0;0;0;0;0;0;0;0;0;0;2915;0;0;0;0;0;0;
35117;4446609;555524096;31830016;505409536;0;0;0;0;0;0;0;0;0;0;0;3006;0;0;0;0;0;0;
35118;2639991;555524096;31830016;505409536;0;0;0;0;0;0;0;0;0;0;0;2775;0;0;0;0;0;0;
35119;4563398;555524096;31830016;505409536;0;0;0;0;0;0;0;0;0;0;0;3136;0;0;0;0;0;0;
35120;2509676;555524096;31830016;505409536;0;0;0;0;0;0;0;0;0;0;0;2855;0;0;0;0;0;0;
35121;4505810;555524096;31830016;505409536;0;0;0;0;0;0;0;0;0;0;0;2715;0;0;0;0;0;0;
35122;2490811;555524096;31830016;505409536;0;0;0;0;0;0;0;0;0;0;0;2705;0;0;0;0;0;0;
35123;4560422;555524096;31830016;505409536;0;0;0;0;0;0;0;0;0;0;0;2544;0;0;0;0;0;0;
35124;2295435;555524096;31830016;505409536;0;0;0;0;0;0;0;0;0;0;0;2886;0;0;0;0;0;0;
35125;4479251;555524096;31830016;505409536;0;0;0;0;0;0;0;0;0;0;0;2746;0;0;0;0;0;0;
35126;2444694;555524096;31830016;505409536;0;0;0;0;0;0;0;0;0;0;0;2544;0;0;0;0;0;0;
35127;4438654;555524096;31830016;505409536;0;0;0;0;0;0;0;0;0;0;0;2505;0;0;0;0;0;0;
35128;2427833;555524096;31830016;505409536;0;0;0;0;0;0;0;0;0;0;0;2735;0;0;0;0;0;0;
35129;4435068;555524096;31830016;505409536;0;0;0;0;0;0;0;0;0;0;0;2625;0;0;0;0;0;0;
35130;2503425;555524096;31830016;505409536;0;0;0;0;0;0;0;0;0;0;0;3136;0;0;0;0;0;0;
35131;4507032;555524096;31830016;505409536;0;0;0;0;0;0;0;0;0;0;0;2735;0;0;0;0;0;0;
35132;2538310;555524096;31830016;505409536;0;0;0;0;0;0;0;0;0;0;0;2946;0;0;0;0;0;0;
35133;4599355;555524096;31830016;505409536;0;0;0;0;0;0;0;0;0;0;0;2745;0;0;0;0;0;0;
35134;2439484;555524096;31830016;505409536;0;0;0;0;0;0;0;0;0;0;0;3066;0;0;0;0;0;0;
35135;4484871;555524096;31830016;505409536;0;0;0;0;0;0;0;0;0;0;0;2554;0;0;0;0;0;0;
35136;2499658;555524096;31830016;505409536;0;0;0;0;0;0;0;0;0;0;0;2695;0;0;0;0;0;0;
35137;4391325;555524096;31830016;505409536;0;0;0;0;0;0;0;0;0;0;0;2685;0;0;0;0;0;0;
35138;2401684;555524096;31830016;505409536;0;0;0;0;0;0;0;0;0;0;0;2645;0;0;0;0;0;0;
35139;4720783;555524096;31830016;505409536;0;0;0;0;0;0;0;0;0;0;0;2795;0;0;0;0;0;0;
35140;2491222;555524096;31830016;505409536;0;0;0;0;0;0;0;0;0;0;0;3496;0;0;0;0;0;0;
35141;4800893;555524096;31830016;505409536;0;0;0;0;0;0;0;0;0;0;0;3446;0;0;0;0;0;0;
35142;2732575;555524096;31830016;505409536;0;0;0;0;0;0;0;0;0;0;0;2585;0;0;0;0;0;0;
35143;4560402;555524096;31830016;505409536;0;0;0;0;0;0;0;0;0;0;0;2494;0;0;0;0;0;0;
35144;2464031;555524096;31830016;505409536;0;0;0;0;0;0;0;0;0;0;0;2956;0;0;0;0;0;0;
35145;4451438;555524096;31830016;505409536;0;0;0;0;0;0;0;0;0;0;0;2605;0;0;0;0;0;0;
35146;2446818;555524096;31830016;505409536;0;0;0;0;0;0;0;0;0;0;0;3166;0;0;0;0;0;0;
35147;4544453;555524096;31830016;505409536;0;0;0;0;0;0;0;0;0;0;0;2715;0;0;0;0;0;0;
35148;2404770;555524096;31830016;505409536;0;0;0;0;0;0;0;0;0;0;0;2776;0;0;0;0;0;0;
35149;4751451;555524096;31830016;505409536;0;0;0;0;0;0;0;0;0;0;0;2615;0;0;0;0;0;0;
35150;2426250;555524096;31830016;505409536;0;0;0;0;0;0;0;0;0;0;0;2776;0;0;0;0;0;0;
35151;4544844;555524096;31830016;505409536;0;0;0;0;0;0;0;0;0;0;0;3006;0;0;0;0;0;0;
35152;2380104;555524096;31830016;505409536;0;0;0;0;0;0;0;0;0;0;0;3046;0;0;0;0;0;0;
35153;4560092;555524096;31830016;505409536;0;0;0;0;0;0;0;0;0;0;0;3086;0;0;0;0;0;0;
35154;2599585;555524096;31830016;505409536;0;0;0;0;0;0;0;0;0;0;0;3106;0;0;0;0;0;0;
35155;4679956;555524096;31830016;505409536;0;0;0;0;0;0;0;0;0;0;0;2805;0;0;0;0;0;0;
35156;2474210;555524096;31830016;505409536;0;0;0;0;0;0;0;0;0;0;0;2735;0;0;0;0;0;0;
35157;4497575;555524096;31830016;505409536;0;0;0;0;0;0;0;0;0;0;0;2685;0;0;0;0;0;0;
35158;2557927;555524096;31830016;505409536;0;0;0;0;0;0;0;0;0;0;0;3016;0;0;0;0;0;0;
35159;4639240;555524096;31838208;505417728;0;0;0;0;0;0;0;0;0;0;0;3446;0;0;0;0;0;0;
35160;2438193;555524096;31838208;505417728;0;0;0;0;0;0;0;0;0;0;0;2956;0;0;0;0;0;0;
35161;4455666;555524096;31838208;505417728;0;0;0;0;0;0;0;0;0;0;0;2986;0;0;0;0;0;0;
35162;2424497;555524096;31838208;505417728;0;0;0;0;0;0;0;0;0;0;0;2966;0;0;0;0;0;0;
35163;4662965;555524096;31838208;505417728;0;0;0;0;0;0;0;0;0;0;0;2785;0;0;0;0;0;0;
35164;2419909;555524096;31838208;505417728;0;0;0;0;0;0;0;0;0;0;0;2816;0;0;0;0;0;0;
35165;4590408;555524096;31838208;505417728;0;0;0;0;0;0;0;0;0;0;0;3036;0;0;0;0;0;0;
35166;2592722;555544576;31830016;505409536;0;0;0;0;0;0;0;0;0;0;0;2955;0;0;0;0;0;0;
35167;4489770;555544576;31830016;505409536;0;0;0;0;0;0;0;0;0;0;0;2615;0;0;0;0;0;0;
35168;2471885;555544576;31830016;505409536;0;0;0;0;0;0;0;0;0;0;0;2855;0;0;0;0;0;0;
35169;4597442;555544576;31830016;505409536;0;0;0;0;0;0;0;0;0;0;0;2595;0;0;0;0;0;0;
35170;2454192;555544576;31830016;505409536;0;0;0;0;0;0;0;0;0;0;0;3176;0;0;0;0;0;0;
35171;4688533;555544576;31830016;505409536;0;0;0;0;0;0;0;0;0;0;0;2655;0;0;0;0;0;0;
35172;2435257;555544576;31830016;505409536;0;0;0;0;0;0;0;0;0;0;0;2945;0;0;0;0;0;0;
35173;4596711;555544576;31830016;505409536;0;0;0;0;0;0;0;0;0;0;0;3025;0;0;0;0;0;0;
35174;2568216;555544576;31830016;505409536;0;0;0;0;0;0;0;0;0;0;0;3085;0;0;0;0;0;0;
35175;4640353;555544576;31830016;505409536;0;0;0;0;0;0;0;0;0;0;0;3436;0;0;0;0;0;0;
35176;2384602;555544576;31830016;505409536;0;0;0;0;0;0;0;0;0;0;0;3306;0;0;0;0;0;0;
35177;4559711;555544576;31830016;505409536;0;0;0;0;0;0;0;0;0;0;0;2836;0;0;0;0;0;0;
35178;2472016;555544576;31830016;505409536;0;0;0;0;0;0;0;0;0;0;0;2956;0;0;0;0;0;0;
35179;4575221;555544576;31830016;505409536;0;0;0;0;0;0;0;0;0;0;0;3387;0;0;0;0;0;0;
35180;2424638;555544576;31830016;505409536;0;0;0;0;0;0;0;0;0;0;0;3146;0;0;0;0;0;0;
35181;4610988;555544576;31830016;505409536;0;0;0;0;0;0;0;0;0;0;0;3146;0;0;0;0;0;0;
35182;2433724;555544576;31830016;505409536;0;0;0;0;0;0;0;0;0;0;0;2875;0;0;0;0;0;0;
35183;4526449;555544576;31830016;505409536;0;0;0;0;0;0;0;0;0;0;0;3006;0;0;0;0;0;0;
35184;2347081;555544576;31830016;505409536;0;0;0;0;0;0;0;0;0;0;0;2896;0;0;0;0;0;0;
35185;4512412;555544576;31830016;505409536;0;0;0;0;0;0;0;0;0;0;0;2625;0;0;0;0;0;0;
35186;2492104;555544576;31830016;505409536;0;0;0;0;0;0;0;0;0;0;0;3005;0;0;0;0;0;0;
35187;4519897;555544576;31830016;505409536;0;0;0;0;0;0;0;0;0;0;0;2946;0;0;0;0;0;0;
35188;2405802;555544576;31830016;505409536;0;0;0;0;0;0;0;0;0;0;0;2956;0;0;0;0;0;0;
35189;4583817;555544576;31830016;505409536;0;0;0;0;0;0;0;0;0;0;0;2635;0;0;0;0;0;0;
35190;2457799;555544576;31830016;505409536;0;0;0;0;0;0;0;0;0;0;0;3116;0;0;0;0;0;0;
35191;4489569;555544576;31830016;505409536;0;0;0;0;0;0;0;0;0;0;0;2845;0;0;0;0;0;0;
35192;2388269;555544576;31830016;505409536;0;0;0;0;0;0;0;0;0;0;0;2865;0;0;0;0;0;0;
35193;4465304;555544576;31830016;505409536;0;0;0;0;0;0;0;0;0;0;0;2896;0;0;0;0;0;0;
35194;2444384;555544576;31830016;505409536;0;0;0;0;0;0;0;0;0;0;0;2795;0;0;0;0;0;0;
35195;4484319;555544576;31830016;505409536;0;0;0;0;0;0;0;0;0;0;0;2685;0;0;0;0;0;0;
35196;2341912;555544576;31830016;505409536;0;0;0;0;0;0;0;0;0;0;0;2364;0;0;0;0;0;0;
35197;4526539;555544576;31830016;505409536;0;0;0;0;0;0;0;0;0;0;0;2555;0;0;0;0;0;0;
35198;3021817;555544576;31830016;505409536;0;0;0;0;0;0;0;0;0;0;0;3677;0;0;0;0;0;0;
35199;4749037;555544576;31830016;505409536;0;0;0;0;0;0;0;0;0;0;0;3426;0;0;0;0;0;0;
35200;3450742;555544576;31830016;505409536;0;0;0;0;0;0;0;0;0;0;0;4148;0;0;0;0;0;0;
35201;4769375;555544576;31830016;505409536;0;0;0;0;0;0;0;0;0;0;0;3837;0;0;0;0;0;0;
35202;3313795;555544576;31830016;505409536;0;0;0;0;0;0;0;0;0;0;0;3657;0;0;0;0;0;0;
35203;4853833;555544576;31830016;505409536;0;0;0;0;0;0;0;0;0;0;0;3166;0;0;0;0;0;0;
35204;2948710;555544576;31830016;505409536;0;0;0;0;0;0;0;0;0;0;0;2935;0;0;0;0;0;0;
35205;4465554;555544576;31830016;505409536;0;0;0;0;0;0;0;0;0;0;0;2896;0;0;0;0;0;0;
35206;2465333;555544576;31830016;505409536;0;0;0;0;0;0;0;0;0;0;0;3417;0;0;0;0;0;0;
35207;4511300;555544576;31830016;505409536;0;0;0;0;0;0;0;0;0;0;0;2525;0;0;0;0;0;0;
35208;2401204;555544576;31830016;505409536;0;0;0;0;0;0;0;0;0;0;0;2725;0;0;0;0;0;0;
35209;4451488;555544576;31830016;505409536;0;0;0;0;0;0;0;0;0;0;0;2545;0;0;0;0;0;0;
35210;2411863;555544576;31830016;505409536;0;0;0;0;0;0;0;0;0;0;0;2775;0;0;0;0;0;0;
35211;4526418;555544576;31830016;505409536;0;0;0;0;0;0;0;0;0;0;0;2885;0;0;0;0;0;0;
35212;2350388;555544576;31830016;505409536;0;0;0;0;0;0;0;0;0;0;0;3186;0;0;0;0;0;0;
35213;4414459;555544576;31830016;505409536;0;0;0;0;0;0;0;0;0;0;0;2805;0;0;0;0;0;0;
35214;2433524;555544576;31830016;505409536;0;0;0;0;0;0;0;0;0;0;0;2886;0;0;0;0;0;0;
35215;4567345;555544576;31830016;505409536;0;0;0;0;0;0;0;0;0;0;0;2705;0;0;0;0;0;0;
35216;2498847;555544576;31830016;505409536;0;0;0;0;0;0;0;0;0;0;0;2745;0;0;0;0;0;0;
35217;4510449;555544576;31830016;505409536;0;0;0;0;0;0;0;0;0;0;0;2946;0;0;0;0;0;0;
35218;2450115;555544576;31830016;505409536;0;0;0;0;0;0;0;0;0;0;0;2805;0;0;0;0;0;0;
35219;4623571;555544576;31830016;505409536;0;0;0;0;0;0;0;0;0;0;0;2845;0;0;0;0;0;0;
35220;2295225;555544576;31830016;505409536;0;0;0;0;0;0;0;0;0;0;0;3146;0;0;0;0;0;0;
35221;4476916;555544576;31830016;505409536;0;0;0;0;0;0;0;0;0;0;0;2685;0;0;0;0;0;0;
35222;2436780;555544576;31830016;505409536;0;0;0;0;0;0;0;0;0;0;0;3015;0;0;0;0;0;0;
35223;4411002;555544576;31830016;505409536;0;0;0;0;0;0;0;0;0;0;0;2845;0;0;0;0;0;0;
35224;2328878;555544576;31830016;505409536;0;0;0;0;0;0;0;0;0;0;0;2645;0;0;0;0;0;0;
35225;4518925;555544576;31830016;505409536;0;0;0;0;0;0;0;0;0;0;0;2505;0;0;0;0;0;0;
35226;2295846;555544576;31830016;505409536;0;0;0;0;0;0;0;0;0;0;0;3166;0;0;0;0;0;0;
35227;4475824;555544576;31830016;505409536;0;0;0;0;0;0;0;0;0;0;0;2725;0;0;0;0;0;0;
35228;2298581;555544576;31830016;505409536;0;0;0;0;0;0;0;0;0;0;0;2365;0;0;0;0;0;0;
35229;4459794;555544576;31830016;505409536;0;0;0;0;0;0;0;0;0;0;0;2675;0;0;0;0;0;0;
35230;2383991;555544576;31830016;505409536;0;0;0;0;0;0;0;0;0;0;0;2455;0;0;0;0;0;0;
35231;4535145;555544576;31830016;505409536;0;0;0;0;0;0;0;0;0;0;0;2384;0;0;0;0;0;0;
35232;2347443;555544576;31830016;505409536;0;0;0;0;0;0;0;0;0;0;0;2544;0;0;0;0;0;0;
35233;4430519;555544576;31830016;505409536;0;0;0;0;0;0;0;0;0;0;0;2294;0;0;0;0;0;0;
35234;2413707;555544576;31830016;505409536;0;0;0;0;0;0;0;0;0;0;0;2545;0;0;0;0;0;0;
35235;4407836;555544576;31830016;505409536;0;0;0;0;0;0;0;0;0;0;0;2294;0;0;0;0;0;0;
35236;2454343;555544576;31830016;505409536;0;0;0;0;0;0;0;0;0;0;0;2906;0;0;0;0;0;0;
35237;4522341;555544576;31830016;505409536;0;0;0;0;0;0;0;0;0;0;0;2304;0;0;0;0;0;0;
35238;2408287;555544576;31830016;505409536;0;0;0;0;0;0;0;0;0;0;0;2935;0;0;0;0;0;0;
35239;4509808;555544576;31830016;505409536;0;0;0;0;0;0;0;0;0;0;0;2835;0;0;0;0;0;0;
35240;2531277;555544576;31830016;505409536;0;0;0;0;0;0;0;0;0;0;0;3406;0;0;0;0;0;0;
35241;4495181;555544576;31830016;505409536;0;0;0;0;0;0;0;0;0;0;0;3036;0;0;0;0;0;0;
35242;2317547;555544576;31830016;505409536;0;0;0;0;0;0;0;0;0;0;0;2846;0;0;0;0;0;0;
35243;4445447;555544576;31830016;505409536;0;0;0;0;0;0;0;0;0;0;0;2444;0;0;0;0;0;0;
35244;2447470;555544576;31830016;505409536;0;0;0;0;0;0;0;0;0;0;0;2605;0;0;0;0;0;0;
35245;4376066;555544576;31830016;505409536;0;0;0;0;0;0;0;0;0;0;0;2715;0;0;0;0;0;0;
35246;2372940;555544576;31830016;505409536;0;0;0;0;0;0;0;0;0;0;0;2775;0;0;0;0;0;0;
35247;4616026;555544576;31830016;505409536;0;0;0;0;0;0;0;0;0;0;0;2424;0;0;0;0;0;0;
35248;2369493;555544576;31830016;505409536;0;0;0;0;0;0;0;0;0;0;0;3056;0;0;0;0;0;0;
35249;4594477;555544576;31830016;505409536;0;0;0;0;0;0;0;0;0;0;0;2685;0;0;0;0;0;0;
35250;2367059;555544576;31830016;505409536;0;0;0;0;0;0;0;0;0;0;0;2725;0;0;0;0;0;0;
35251;4563909;555544576;31830016;505409536;0;0;0;0;0;0;0;0;0;0;0;2695;0;0;0;0;0;0;
35252;2514586;555544576;31830016;505409536;0;0;0;0;0;0;0;0;0;0;0;2836;0;0;0;0;0;0;
35253;4563368;555544576;31830016;505409536;0;0;0;0;0;0;0;0;0;0;0;2655;0;0;0;0;0;0;
35254;2632456;555544576;31830016;505409536;0;0;0;0;0;0;0;0;0;0;0;2725;0;0;0;0;0;0;
35255;4415671;555544576;31830016;505409536;0;0;0;0;0;0;0;0;0;0;0;2665;0;0;0;0;0;0;
35256;2487505;555544576;31830016;505409536;0;0;0;0;0;0;0;0;0;0;0;2495;0;0;0;0;0;0;
35257;4477036;555544576;31830016;505409536;0;0;0;0;0;0;0;0;0;0;0;2695;0;0;0;0;0;0;
35258;2438974;555544576;31830016;505409536;0;0;0;0;0;0;0;0;0;0;0;3036;0;0;0;0;0;0;
35259;4512122;555544576;31830016;505409536;0;0;0;0;0;0;0;0;0;0;0;2945;0;0;0;0;0;0;
35260;2621837;555544576;31830016;505409536;0;0;0;0;0;0;0;0;0;0;0;2776;0;0;0;0;0;0;
35261;4486785;555544576;31830016;505409536;0;0;0;0;0;0;0;0;0;0;0;2735;0;0;0;0;0;0;
35262;2486774;555544576;31830016;505409536;0;0;0;0;0;0;0;0;0;0;0;2695;0;0;0;0;0;0;
35263;4657004;555544576;31830016;505409536;0;0;0;0;0;0;0;0;0;0;0;2915;0;0;0;0;0;0;
35264;2444955;555544576;31830016;505409536;0;0;0;0;0;0;0;0;0;0;0;2926;0;0;0;0;0;0;
35265;4536988;555544576;31830016;505409536;0;0;0;0;0;0;0;0;0;0;0;2695;0;0;0;0;0;0;
35266;2664326;555544576;31830016;505409536;0;0;0;0;0;0;0;0;0;0;0;2835;0;0;0;0;0;0;
35267;4481334;555544576;31830016;505409536;0;0;0;0;0;0;0;0;0;0;0;2615;0;0;0;0;0;0;
35268;2406904;555544576;31830016;505409536;0;0;0;0;0;0;0;0;0;0;0;2665;0;0;0;0;0;0;
35269;4453221;555544576;31830016;505409536;0;0;0;0;0;0;0;0;0;0;0;2585;0;0;0;0;0;0;
35270;2427212;555544576;31830016;505409536;0;0;0;0;0;0;0;0;0;0;0;2715;0;0;0;0;0;0;
35271;4489970;555544576;31830016;505409536;0;0;0;0;0;0;0;0;0;0;0;2705;0;0;0;0;0;0;
35272;2371999;555544576;31830016;505409536;0;0;0;0;0;0;0;0;0;0;0;2394;0;0;0;0;0;0;
35273;4406113;555544576;31830016;505409536;0;0;0;0;0;0;0;0;0;0;0;2344;0;0;0;0;0;0;
35274;2511920;555544576;31830016;505409536;0;0;0;0;0;0;0;0;0;0;0;2675;0;0;0;0;0;0;
35275;4464232;555544576;31830016;505409536;0;0;0;0;0;0;0;0;0;0;0;2645;0;0;0;0;0;0;
35276;2409599;555544576;31830016;505409536;0;0;0;0;0;0;0;0;0;0;0;3457;0;0;0;0;0;0;
35277;4468590;555544576;31830016;505409536;0;0;0;0;0;0;0;0;0;0;0;2595;0;0;0;0;0;0;
35278;2514836;555544576;31830016;505409536;0;0;0;0;0;0;0;0;0;0;0;2675;0;0;0;0;0;0;
35279;4491553;555544576;31830016;505409536;0;0;0;0;0;0;0;0;0;0;0;2424;0;0;0;0;0;0;
35280;2615856;555544576;31830016;505409536;0;0;0;0;0;0;0;0;0;0;0;3186;0;0;0;0;0;0;
35281;4576623;555544576;31830016;505409536;0;0;0;0;0;0;0;0;0;0;0;2284;0;0;0;0;0;0;
35282;2557356;555544576;31830016;505409536;0;0;0;0;0;0;0;0;0;0;0;3025;0;0;0;0;0;0;
35283;4519767;555544576;31830016;505409536;0;0;0;0;0;0;0;0;0;0;0;2023;0;0;0;0;0;0;
35284;2650891;555544576;31830016;505409536;0;0;0;0;0;0;0;0;0;0;0;2535;0;0;0;0;0;0;
35285;4453823;555544576;31830016;505409536;0;0;0;0;0;0;0;0;0;0;0;2565;0;0;0;0;0;0;
35286;2719129;555544576;31830016;505409536;0;0;0;0;0;0;0;0;0;0;0;2685;0;0;0;0;0;0;
35287;4437903;555544576;31830016;505409536;0;0;0;0;0;0;0;0;0;0;0;2575;0;0;0;0;0;0;
35288;2516028;555544576;31830016;505409536;0;0;0;0;0;0;0;0;0;0;0;2214;0;0;0;0;0;0;
35289;4412645;555544576;31830016;505409536;0;0;0;0;0;0;0;0;0;0;0;1994;0;0;0;0;0;0;
35290;2591761;555544576;31830016;505409536;0;0;0;0;0;0;0;0;0;0;0;2525;0;0;0;0;0;0;
35291;4529745;555544576;31830016;505409536;0;0;0;0;0;0;0;0;0;0;0;2815;0;0;0;0;0;0;
35292;2470793;555544576;31830016;505409536;0;0;0;0;0;0;0;0;0;0;0;2414;0;0;0;0;0;0;
35293;4465024;555544576;31830016;505409536;0;0;0;0;0;0;0;0;0;0;0;2364;0;0;0;0;0;0;
35294;3254824;555544576;31830016;505409536;0;0;0;0;0;0;0;0;0;0;0;3677;0;0;0;0;0;0;
35295;4930297;555544576;31830016;505409536;0;0;0;0;0;0;0;0;0;0;0;3145;0;0;0;0;0;0;
35296;3656928;555544576;31830016;505409536;0;0;0;0;0;0;0;0;0;0;0;3486;0;0;0;0;0;0;
35297;4816012;555544576;31830016;505409536;0;0;0;0;0;0;0;0;0;0;0;3387;0;0;0;0;0;0;
35298;3559776;555544576;31830016;505409536;0;0;0;0;0;0;0;0;0;0;0;3316;0;0;0;0;0;0;
35299;5014925;555544576;31830016;505409536;0;0;0;0;0;0;0;0;0;0;0;4168;0;0;0;0;0;0;
35300;3639926;555544576;31830016;505409536;0;0;0;0;0;0;0;0;0;0;0;3967;0;0;0;0;0;0;
35301;4783902;555544576;31830016;505409536;0;0;0;0;0;0;0;0;0;0;0;3256;0;0;0;0;0;0;
35302;3816367;555544576;31830016;505409536;0;0;0;0;0;0;0;0;0;0;0;3697;0;0;0;0;0;0;
35303;4825159;555544576;31830016;505409536;0;0;0;0;0;0;0;0;0;0;0;3617;0;0;0;0;0;0;
35304;3536883;555544576;31830016;505409536;0;0;0;0;0;0;0;0;0;0;0;4017;0;0;0;0;0;0;
35305;4697058;555544576;31830016;505409536;0;0;0;0;0;0;0;0;0;0;0;3407;0;0;0;0;0;0;
35306;3527796;555544576;31830016;505409536;0;0;0;0;0;0;0;0;0;0;0;3697;0;0;0;0;0;0;
35307;4774143;555544576;31830016;505409536;0;0;0;0;0;0;0;0;0;0;0;3536;0;0;0;0;0;0;
35308;3478183;555544576;31830016;505409536;0;0;0;0;0;0;0;0;0;0;0;4058;0;0;0;0;0;0;
35309;4780325;555544576;31830016;505409536;0;0;0;0;0;0;0;0;0;0;0;3446;0;0;0;0;0;0;
35310;3597267;555544576;31830016;505409536;0;0;0;0;0;0;0;0;0;0;0;3567;0;0;0;0;0;0;
35311;4847291;555544576;31830016;505409536;0;0;0;0;0;0;0;0;0;0;0;3907;0;0;0;0;0;0;
35312;3638494;555544576;31830016;505409536;0;0;0;0;0;0;0;0;0;0;0;3567;0;0;0;0;0;0;
35313;4762351;555544576;31830016;505409536;0;0;0;0;0;0;0;0;0;0;0;3577;0;0;0;0;0;0;
35314;3274391;555544576;31830016;505409536;0;0;0;0;0;0;0;0;0;0;0;2926;0;0;0;0;0;0;
35315;4535465;555544576;31830016;505409536;0;0;0;0;0;0;0;0;0;0;0;2826;0;0;0;0;0;0;
35316;2407215;555544576;31830016;505409536;0;0;0;0;0;0;0;0;0;0;0;3025;0;0;0;0;0;0;
35317;4488839;555544576;31830016;505409536;0;0;0;0;0;0;0;0;0;0;0;2795;0;0;0;0;0;0;
35318;2402405;555544576;31830016;505409536;0;0;0;0;0;0;0;0;0;0;0;3386;0;0;0;0;0;0;
35319;4542659;555544576;31830016;505409536;0;0;0;0;0;0;0;0;0;0;0;2816;0;0;0;0;0;0;
35320;2314411;555544576;31830016;505409536;0;0;0;0;0;0;0;0;0;0;0;2756;0;0;0;0;0;0;
35321;4552357;555544576;31830016;505409536;0;0;0;0;0;0;0;0;0;0;0;2826;0;0;0;0;0;0;
35322;2626916;555544576;31830016;505409536;0;0;0;0;0;0;0;0;0;0;0;2405;0;0;0;0;0;0;
35323;4606659;555544576;31830016;505409536;0;0;0;0;0;0;0;0;0;0;0;2735;0;0;0;0;0;0;
35324;2480242;555544576;31830016;505409536;0;0;0;0;0;0;0;0;0;0;0;2915;0;0;0;0;0;0;
35325;4418957;555544576;31830016;505409536;0;0;0;0;0;0;0;0;0;0;0;2855;0;0;0;0;0;0;
35326;2455765;555544576;31830016;505409536;0;0;0;0;0;0;0;0;0;0;0;2926;0;0;0;0;0;0;
35327;4604164;555544576;31830016;505409536;0;0;0;0;0;0;0;0;0;0;0;3296;0;0;0;0;0;0;
35328;2405681;555544576;31830016;505409536;0;0;0;0;0;0;0;0;0;0;0;2855;0;0;0;0;0;0;
35329;4558008;555544576;31830016;505409536;0;0;0;0;0;0;0;0;0;0;0;2935;0;0;0;0;0;0;
35330;2399179;555544576;31830016;505409536;0;0;0;0;0;0;0;0;0;0;0;3247;0;0;0;0;0;0;
35331;4555864;555544576;31830016;505409536;0;0;0;0;0;0;0;0;0;0;0;2655;0;0;0;0;0;0;
35332;2337143;555544576;31830016;505409536;0;0;0;0;0;0;0;0;0;0;0;2925;0;0;0;0;0;0;
35333;4461417;555544576;31830016;505409536;0;0;0;0;0;0;0;0;0;0;0;3035;0;0;0;0;0;0;
35334;2411723;555544576;31830016;505409536;0;0;0;0;0;0;0;0;0;0;0;3146;0;0;0;0;0;0;
35335;4587884;555544576;31830016;505409536;0;0;0;0;0;0;0;0;0;0;0;2765;0;0;0;0;0;0;
35336;2503345;555544576;31830016;505409536;0;0;0;0;0;0;0;0;0;0;0;2745;0;0;0;0;0;0;
35337;4469813;555544576;31830016;505409536;0;0;0;0;0;0;0;0;0;0;0;2715;0;0;0;0;0;0;
35338;2480091;555544576;31830016;505409536;0;0;0;0;0;0;0;0;0;0;0;3046;0;0;0;0;0;0;
35339;4585059;555544576;31830016;505409536;0;0;0;0;0;0;0;0;0;0;0;2866;0;0;0;0;0;0;
35340;2381075;555544576;31830016;505409536;0;0;0;0;0;0;0;0;0;0;0;2996;0;0;0;0;0;0;
35341;4515409;555544576;31830016;505409536;0;0;0;0;0;0;0;0;0;0;0;3076;0;0;0;0;0;0;
35342;2394721;555544576;31830016;505409536;0;0;0;0;0;0;0;0;0;0;0;2835;0;0;0;0;0;0;
35343;4748475;555544576;31830016;505409536;0;0;0;0;0;0;0;0;0;0;0;3476;0;0;0;0;0;0;
35344;2313459;555544576;31830016;505409536;0;0;0;0;0;0;0;0;0;0;0;2746;0;0;0;0;0;0;
35345;4505219;555544576;31830016;505409536;0;0;0;0;0;0;0;0;0;0;0;2865;0;0;0;0;0;0;
35346;2473459;555544576;31830016;505409536;0;0;0;0;0;0;0;0;0;0;0;3286;0;0;0;0;0;0;
35347;4622329;555544576;31830016;505409536;0;0;0;0;0;0;0;0;0;0;0;3026;0;0;0;0;0;0;
35348;2449273;555544576;31830016;505409536;0;0;0;0;0;0;0;0;0;0;0;3125;0;0;0;0;0;0;
35349;4433805;555544576;31830016;505409536;0;0;0;0;0;0;0;0;0;0;0;2765;0;0;0;0;0;0;
35350;2630513;555544576;31830016;505409536;0;0;0;0;0;0;0;0;0;0;0;3306;0;0;0;0;0;0;
35351;4498066;555544576;31830016;505409536;0;0;0;0;0;0;0;0;0;0;0;2946;0;0;0;0;0;0;
35352;2399239;555544576;31830016;505409536;0;0;0;0;0;0;0;0;0;0;0;2855;0;0;0;0;0;0;
35353;4473139;555544576;31830016;505409536;0;0;0;0;0;0;0;0;0;0;0;2866;0;0;0;0;0;0;
35354;2259908;555544576;31830016;505409536;0;0;0;0;0;0;0;0;0;0;0;2224;0;0;0;0;0;0;
35355;4573327;555544576;31830016;505409536;0;0;0;0;0;0;0;0;0;0;0;2655;0;0;0;0;0;0;
35356;2398639;555544576;31830016;505409536;0;0;0;0;0;0;0;0;0;0;0;2775;0;0;0;0;0;0;
35357;4433124;555544576;31830016;505409536;0;0;0;0;0;0;0;0;0;0;0;2395;0;0;0;0;0;0;
35358;2488537;555544576;31830016;505409536;0;0;0;0;0;0;0;0;0;0;0;2705;0;0;0;0;0;0;
35359;4502293;555544576;31830016;505409536;0;0;0;0;0;0;0;0;0;0;0;2555;0;0;0;0;0;0;
35360;2408387;555544576;31830016;505409536;0;0;0;0;0;0;0;0;0;0;0;2805;0;0;0;0;0;0;
35361;4600268;555544576;31830016;505409536;0;0;0;0;0;0;0;0;0;0;0;2735;0;0;0;0;0;0;
35362;2533071;555544576;31830016;505409536;0;0;0;0;0;0;0;0;0;0;0;3045;0;0;0;0;0;0;
35363;4537951;555544576;31830016;505409536;0;0;0;0;0;0;0;0;0;0;0;2685;0;0;0;0;0;0;
35364;2342332;555544576;31830016;505409536;0;0;0;0;0;0;0;0;0;0;0;3035;0;0;0;0;0;0;
35365;4520368;555544576;31830016;505409536;0;0;0;0;0;0;0;0;0;0;0;2846;0;0;0;0;0;0;
35366;2434936;555544576;31830016;505409536;0;0;0;0;0;0;0;0;0;0;0;2955;0;0;0;0;0;0;
35367;4446459;555544576;31830016;505409536;0;0;0;0;0;0;0;0;0;0;0;2685;0;0;0;0;0;0;
35368;2327876;555544576;31830016;505409536;0;0;0;0;0;0;0;0;0;0;0;2825;0;0;0;0;0;0;
35369;4415540;555544576;31830016;505409536;0;0;0;0;0;0;0;0;0;0;0;2886;0;0;0;0;0;0;
35370;2426811;555544576;31830016;505409536;0;0;0;0;0;0;0;0;0;0;0;2856;0;0;0;0;0;0;
35371;4530266;555544576;31830016;505409536;0;0;0;0;0;0;0;0;0;0;0;2745;0;0;0;0;0;0;
35372;2360567;555544576;31830016;505409536;0;0;0;0;0;0;0;0;0;0;0;3176;0;0;0;0;0;0;
35373;4580571;555544576;31830016;505409536;0;0;0;0;0;0;0;0;0;0;0;2785;0;0;0;0;0;0;
35374;2541547;555544576;31830016;505409536;0;0;0;0;0;0;0;0;0;0;0;2846;0;0;0;0;0;0;
35375;4533813;555544576;31830016;505409536;0;0;0;0;0;0;0;0;0;0;0;2575;0;0;0;0;0;0;
35376;2450856;555544576;31830016;505409536;0;0;0;0;0;0;0;0;0;0;0;2835;0;0;0;0;0;0;
35377;4450046;555544576;31830016;505409536;0;0;0;0;0;0;0;0;0;0;0;2464;0;0;0;0;0;0;
35378;2519445;555544576;31830016;505409536;0;0;0;0;0;0;0;0;0;0;0;2985;0;0;0;0;0;0;
35379;4588956;555544576;31830016;505409536;0;0;0;0;0;0;0;0;0;0;0;2685;0;0;0;0;0;0;
35380;2627377;555544576;31830016;505409536;0;0;0;0;0;0;0;0;0;0;0;2966;0;0;0;0;0;0;
35381;4478970;555544576;31830016;505409536;0;0;0;0;0;0;0;0;0;0;0;2735;0;0;0;0;0;0;
35382;2802766;555544576;31830016;505409536;0;0;0;0;0;0;0;0;0;0;0;3236;0;0;0;0;0;0;
35383;4480062;555544576;31830016;505409536;0;0;0;0;0;0;0;0;0;0;0;2785;0;0;0;0;0;0;
35384;2620845;555544576;31830016;505409536;0;0;0;0;0;0;0;0;0;0;0;2806;0;0;0;0;0;0;
35385;4412105;555544576;31830016;505409536;0;0;0;0;0;0;0;0;0;0;0;2755;0;0;0;0;0;0;
35386;2417504;555544576;31830016;505409536;0;0;0;0;0;0;0;0;0;0;0;2815;0;0;0;0;0;0;
35387;4523474;555544576;31830016;505409536;0;0;0;0;0;0;0;0;0;0;0;2715;0;0;0;0;0;0;
35388;2336451;555544576;31830016;505409536;0;0;0;0;0;0;0;0;0;0;0;2926;0;0;0;0;0;0;
35389;10598055;555544576;31830016;505409536;0;0;0;0;0;0;0;0;0;0;0;2745;0;0;0;0;0;0;
35390;5968292;555544576;31830016;505409536;0;0;0;0;0;0;0;0;0;0;0;2965;0;0;0;0;0;0;
35391;4578206;555544576;31830016;505409536;0;0;0;0;0;0;0;0;0;0;0;2946;0;0;0;0;0;0;
35392;2341080;555544576;31830016;505409536;0;0;0;0;0;0;0;0;0;0;0;2906;0;0;0;0;0;0;
35393;4503065;555544576;31830016;505409536;0;0;0;0;0;0;0;0;0;0;0;2685;0;0;0;0;0;0;
35394;2301206;555544576;31830016;505409536;0;0;0;0;0;0;0;0;0;0;0;2735;0;0;0;0;0;0;
35395;4522962;555544576;31830016;505409536;0;0;0;0;0;0;0;0;0;0;0;2495;0;0;0;0;0;0;
35396;2436399;555544576;31830016;505409536;0;0;0;0;0;0;0;0;0;0;0;2615;0;0;0;0;0;0;
35397;4438564;555544576;31830016;505409536;0;0;0;0;0;0;0;0;0;0;0;2515;0;0;0;0;0;0;
35398;2550764;555544576;31830016;505409536;0;0;0;0;0;0;0;0;0;0;0;2876;0;0;0;0;0;0;
35399;4552107;555544576;31830016;505409536;0;0;0;0;0;0;0;0;0;0;0;2906;0;0;0;0;0;0;
35400;2616547;555544576;31830016;505409536;0;0;0;0;0;0;0;0;0;0;0;3637;0;0;0;0;0;0;
35401;4620926;555544576;31830016;505409536;0;0;0;0;0;0;0;0;0;0;0;2735;0;0;0;0;0;0;
35402;2429386;555544576;31830016;505409536;0;0;0;0;0;0;0;0;0;0;0;2975;0;0;0;0;0;0;
35403;4468159;555544576;31830016;505409536;0;0;0;0;0;0;0;0;0;0;0;2785;0;0;0;0;0;0;
35404;2307949;555544576;31830016;505409536;0;0;0;0;0;0;0;0;0;0;0;2695;0;0;0;0;0;0;
35405;4561425;555544576;31830016;505409536;0;0;0;0;0;0;0;0;0;0;0;2876;0;0;0;0;0;0;
35406;2446238;555544576;31830016;505409536;0;0;0;0;0;0;0;0;0;0;0;2986;0;0;0;0;0;0;
35407;4538482;555544576;31830016;505409536;0;0;0;0;0;0;0;0;0;0;0;2585;0;0;0;0;0;0;
35408;2401434;555544576;31830016;505409536;0;0;0;0;0;0;0;0;0;0;0;2946;0;0;0;0;0;0;
35409;4411623;555544576;31830016;505409536;0;0;0;0;0;0;0;0;0;0;0;2655;0;0;0;0;0;0;
35410;2471165;555544576;31830016;505409536;0;0;0;0;0;0;0;0;0;0;0;3055;0;0;0;0;0;0;
35411;4476405;555544576;31830016;505409536;0;0;0;0;0;0;0;0;0;0;0;2695;0;0;0;0;0;0;
35412;2925646;555544576;31830016;505409536;0;0;0;0;0;0;0;0;0;0;0;2956;0;0;0;0;0;0;
35413;4463251;555544576;31830016;505409536;0;0;0;0;0;0;0;0;0;0;0;2876;0;0;0;0;0;0;
35414;2460635;555544576;31830016;505409536;0;0;0;0;0;0;0;0;0;0;0;2595;0;0;0;0;0;0;
35415;4579338;555544576;31830016;505409536;0;0;0;0;0;0;0;0;0;0;0;2806;0;0;0;0;0;0;
35416;2329318;555544576;31830016;505409536;0;0;0;0;0;0;0;0;0;0;0;9909;0;0;0;0;0;0;
35417;4412064;555544576;31830016;505409536;0;0;0;0;0;0;0;0;0;0;0;3327;0;0;0;0;0;0;
35418;2358553;555544576;31830016;505409536;0;0;0;0;0;0;0;0;0;0;0;2865;0;0;0;0;0;0;
35419;4613282;555544576;31830016;505409536;0;0;0;0;0;0;0;0;0;0;0;2755;0;0;0;0;0;0;
35420;2377429;555544576;31830016;505409536;0;0;0;0;0;0;0;0;0;0;0;2665;0;0;0;0;0;0;
35421;4484319;555544576;31830016;505409536;0;0;0;0;0;0;0;0;0;0;0;2676;0;0;0;0;0;0;
35422;2578576;555544576;31830016;505409536;0;0;0;0;0;0;0;0;0;0;0;3226;0;0;0;0;0;0;
35423;4479250;555544576;31830016;505409536;0;0;0;0;0;0;0;0;0;0;0;3025;0;0;0;0;0;0;
35424;2569238;555544576;31830016;505409536;0;0;0;0;0;0;0;0;0;0;0;3176;0;0;0;0;0;0;
35425;4566023;555544576;31830016;505409536;0;0;0;0;0;0;0;0;0;0;0;2685;0;0;0;0;0;0;
35426;2364544;555544576;31830016;505409536;0;0;0;0;0;0;0;0;0;0;0;3106;0;0;0;0;0;0;
35427;4490091;555544576;31830016;505409536;0;0;0;0;0;0;0;0;0;0;0;2845;0;0;0;0;0;0;
35428;2403367;555544576;31830016;505409536;0;0;0;0;0;0;0;0;0;0;0;2836;0;0;0;0;0;0;
35429;4590469;555544576;31830016;505409536;0;0;0;0;0;0;0;0;0;0;0;2525;0;0;0;0;0;0;
35430;2497904;555544576;31830016;505409536;0;0;0;0;0;0;0;0;0;0;0;2806;0;0;0;0;0;0;
35431;4624914;555544576;31830016;505409536;0;0;0;0;0;0;0;0;0;0;0;2324;0;0;0;0;0;0;
35432;2323197;555544576;31830016;505409536;0;0;0;0;0;0;0;0;0;0;0;2865;0;0;0;0;0;0;
35433;4391987;555544576;31830016;505409536;0;0;0;0;0;0;0;0;0;0;0;2475;0;0;0;0;0;0;
35434;2319489;555544576;31830016;505409536;0;0;0;0;0;0;0;0;0;0;0;3016;0;0;0;0;0;0;
35435;4460415;555544576;31830016;505409536;0;0;0;0;0;0;0;0;0;0;0;2635;0;0;0;0;0;0;
35436;2469581;555544576;31830016;505409536;0;0;0;0;0;0;0;0;0;0;0;2916;0;0;0;0;0;0;
35437;4574579;555544576;31830016;505409536;0;0;0;0;0;0;0;0;0;0;0;3086;0;0;0;0;0;0;
35438;2446959;555544576;31830016;505409536;0;0;0;0;0;0;0;0;0;0;0;3045;0;0;0;0;0;0;
35439;4578467;555544576;31830016;505409536;0;0;0;0;0;0;0;0;0;0;0;2845;0;0;0;0;0;0;
35440;2527049;555544576;31830016;505409536;0;0;0;0;0;0;0;0;0;0;0;3256;0;0;0;0;0;0;
35441;4436570;555544576;31830016;505409536;0;0;0;0;0;0;0;0;0;0;0;2395;0;0;0;0;0;0;
35442;2371367;555544576;31830016;505409536;0;0;0;0;0;0;0;0;0;0;0;2675;0;0;0;0;0;0;
35443;4485282;555544576;31830016;505409536;0;0;0;0;0;0;0;0;0;0;0;2695;0;0;0;0;0;0;
35444;2359094;555544576;31830016;505409536;0;0;0;0;0;0;0;0;0;0;0;3196;0;0;0;0;0;0;
35445;4449444;555544576;31830016;505409536;0;0;0;0;0;0;0;0;0;0;0;2504;0;0;0;0;0;0;
35446;2412344;555544576;31830016;505409536;0;0;0;0;0;0;0;0;0;0;0;2875;0;0;0;0;0;0;
35447;4528463;555544576;31830016;505409536;0;0;0;0;0;0;0;0;0;0;0;2555;0;0;0;0;0;0;
35448;2340268;555544576;31830016;505409536;0;0;0;0;0;0;0;0;0;0;0;2886;0;0;0;0;0;0;
35449;4406464;555544576;31830016;505409536;0;0;0;0;0;0;0;0;0;0;0;3486;0;0;0;0;0;0;
35450;2365286;555544576;31830016;505409536;0;0;0;0;0;0;0;0;0;0;0;3196;0;0;0;0;0;0;
35451;4636705;555544576;31830016;505409536;0;0;0;0;0;0;0;0;0;0;0;2615;0;0;0;0;0;0;
35452;2392397;555544576;31830016;505409536;0;0;0;0;0;0;0;0;0;0;0;2926;0;0;0;0;0;0;
35453;4458331;555544576;31830016;505409536;0;0;0;0;0;0;0;0;0;0;0;2775;0;0;0;0;0;0;
35454;2410500;555544576;31830016;505409536;0;0;0;0;0;0;0;0;0;0;0;3737;0;0;0;0;0;0;
35455;4534113;555544576;31830016;505409536;0;0;0;0;0;0;0;0;0;0;0;2955;0;0;0;0;0;0;
35456;2393359;555544576;31830016;505409536;0;0;0;0;0;0;0;0;0;0;0;9077;0;0;0;0;0;0;
35457;4562596;555544576;31830016;505409536;0;0;0;0;0;0;0;0;0;0;0;2414;0;0;0;0;0;0;
35458;2343294;555544576;31830016;505409536;0;0;0;0;0;0;0;0;0;0;0;2805;0;0;0;0;0;0;
35459;4571443;555544576;31830016;505409536;0;0;0;0;0;0;0;0;0;0;0;2745;0;0;0;0;0;0;
35460;2360006;555544576;31830016;505409536;0;0;0;0;0;0;0;0;0;0;0;2815;0;0;0;0;0;0;
35461;4563769;555544576;31830016;505409536;0;0;0;0;0;0;0;0;0;0;0;3136;0;0;0;0;0;0;
35462;2416912;555544576;31830016;505409536;0;0;0;0;0;0;0;0;0;0;0;2755;0;0;0;0;0;0;
35463;4515177;555544576;31830016;505409536;0;0;0;0;0;0;0;0;0;0;0;2515;0;0;0;0;0;0;
35464;2538500;555544576;31830016;505409536;0;0;0;0;0;0;0;0;0;0;0;3006;0;0;0;0;0;0;
35465;4417755;555544576;31830016;505409536;0;0;0;0;0;0;0;0;0;0;0;2875;0;0;0;0;0;0;
35466;2470914;555544576;31830016;505409536;0;0;0;0;0;0;0;0;0;0;0;2765;0;0;0;0;0;0;
35467;4545124;555544576;31830016;505409536;0;0;0;0;0;0;0;0;0;0;0;2605;0;0;0;0;0;0;
35468;2487645;555544576;31830016;505409536;0;0;0;0;0;0;0;0;0;0;0;3297;0;0;0;0;0;0;
35469;4471215;555544576;31830016;505409536;0;0;0;0;0;0;0;0;0;0;0;2695;0;0;0;0;0;0;
35470;2572835;555544576;31830016;505409536;0;0;0;0;0;0;0;0;0;0;0;3146;0;0;0;0;0;0;
35471;4664478;555544576;31830016;505409536;0;0;0;0;0;0;0;0;0;0;0;2795;0;0;0;0;0;0;
35472;2364585;555544576;31830016;505409536;0;0;0;0;0;0;0;0;0;0;0;2936;0;0;0;0;0;0;
35473;4538462;555544576;31830016;505409536;0;0;0;0;0;0;0;0;0;0;0;3066;0;0;0;0;0;0;
35474;2403467;555544576;31830016;505409536;0;0;0;0;0;0;0;0;0;0;0;2865;0;0;0;0;0;0;
35475;4651504;555544576;31830016;505409536;0;0;0;0;0;0;0;0;0;0;0;3036;0;0;0;0;0;0;
35476;2405381;555544576;31830016;505409536;0;0;0;0;0;0;0;0;0;0;0;2665;0;0;0;0;0;0;
35477;4354176;555544576;31830016;505409536;0;0;0;0;0;0;0;0;0;0;0;2755;0;0;0;0;0;0;
35478;2673073;555544576;31830016;505409536;0;0;0;0;0;0;0;0;0;0;0;2916;0;0;0;0;0;0;
35479;4465314;555544576;31830016;505409536;0;0;0;0;0;0;0;0;0;0;0;2915;0;0;0;0;0;0;
35480;2488176;555544576;31830016;505409536;0;0;0;0;0;0;0;0;0;0;0;3166;0;0;0;0;0;0;
35481;4436881;555544576;31830016;505409536;0;0;0;0;0;0;0;0;0;0;0;3357;0;0;0;0;0;0;
35482;2734899;555544576;31830016;505409536;0;0;0;0;0;0;0;0;0;0;0;3346;0;0;0;0;0;0;
35483;4591571;555544576;31830016;505409536;0;0;0;0;0;0;0;0;0;0;0;3096;0;0;0;0;0;0;
35484;2426561;555544576;31830016;505409536;0;0;0;0;0;0;0;0;0;0;0;3727;0;0;0;0;0;0;
35485;4633309;555544576;31830016;505409536;0;0;0;0;0;0;0;0;0;0;0;3557;0;0;0;0;0;0;
35486;3193109;555544576;31830016;505409536;0;0;0;0;0;0;0;0;0;0;0;4258;0;0;0;0;0;0;
35487;5088393;555544576;31830016;505409536;0;0;0;0;0;0;0;0;0;0;0;3466;0;0;0;0;0;0;
35488;3567490;555544576;31830016;505409536;0;0;0;0;0;0;0;0;0;0;0;3687;0;0;0;0;0;0;
35489;4793059;555544576;31830016;505409536;0;0;0;0;0;0;0;0;0;0;0;3867;0;0;0;0;0;0;
35490;3496157;555544576;31830016;505409536;0;0;0;0;0;0;0;0;0;0;0;3998;0;0;0;0;0;0;
35491;4801535;555544576;31830016;505409536;0;0;0;0;0;0;0;0;0;0;0;3747;0;0;0;0;0;0;
35492;3594040;555544576;31830016;505409536;0;0;0;0;0;0;0;0;0;0;0;3757;0;0;0;0;0;0;
35493;4789542;555544576;31830016;505409536;0;0;0;0;0;0;0;0;0;0;0;3857;0;0;0;0;0;0;
35494;3515453;555544576;31830016;505409536;0;0;0;0;0;0;0;0;0;0;0;3747;0;0;0;0;0;0;
35495;4826181;555544576;31830016;505409536;0;0;0;0;0;0;0;0;0;0;0;3967;0;0;0;0;0;0;
35496;3520091;555544576;31830016;505409536;0;0;0;0;0;0;0;0;0;0;0;4278;0;0;0;0;0;0;
35497;4849044;555544576;31830016;505409536;0;0;0;0;0;0;0;0;0;0;0;3967;0;0;0;0;0;0;
35498;3541281;555544576;31830016;505409536;0;0;0;0;0;0;0;0;0;0;0;3927;0;0;0;0;0;0;
35499;4917202;555544576;31830016;505409536;0;0;0;0;0;0;0;0;0;0;0;3206;0;0;0;0;0;0;
35500;3569915;555544576;31830016;505409536;0;0;0;0;0;0;0;0;0;0;0;3767;0;0;0;0;0;0;
35501;4747804;555544576;31830016;505409536;0;0;0;0;0;0;0;0;0;0;0;3556;0;0;0;0;0;0;
35502;3524279;555544576;31830016;505409536;0;0;0;0;0;0;0;0;0;0;0;3567;0;0;0;0;0;0;
35503;4913054;555544576;31830016;505409536;0;0;0;0;0;0;0;0;0;0;0;3376;0;0;0;0;0;0;
35504;3526714;555544576;31830016;505409536;0;0;0;0;0;0;0;0;0;0;0;3587;0;0;0;0;0;0;
35505;4750960;555544576;31830016;505409536;0;0;0;0;0;0;0;0;0;0;0;3516;0;0;0;0;0;0;
35506;3139798;555544576;31830016;505409536;0;0;0;0;0;0;0;0;0;0;0;3046;0;0;0;0;0;0;
35507;4631857;555544576;31830016;505409536;0;0;0;0;0;0;0;0;0;0;0;2926;0;0;0;0;0;0;
35508;2388129;555544576;31830016;505409536;0;0;0;0;0;0;0;0;0;0;0;2895;0;0;0;0;0;0;
35509;4504317;555544576;31830016;505409536;0;0;0;0;0;0;0;0;0;0;0;2946;0;0;0;0;0;0;
35510;2553939;555544576;31830016;505409536;0;0;0;0;0;0;0;0;0;0;0;3076;0;0;0;0;0;0;
35511;4779363;555544576;31830016;505409536;0;0;0;0;0;0;0;0;0;0;0;2976;0;0;0;0;0;0;
35512;2378751;555544576;31830016;505409536;0;0;0;0;0;0;0;0;0;0;0;2995;0;0;0;0;0;0;
35513;4420851;555544576;31830016;505409536;0;0;0;0;0;0;0;0;0;0;0;2816;0;0;0;0;0;0;
35514;2468920;555544576;31830016;505409536;0;0;0;0;0;0;0;0;0;0;0;2795;0;0;0;0;0;0;
35515;4466707;555544576;31830016;505409536;0;0;0;0;0;0;0;0;0;0;0;2655;0;0;0;0;0;0;
35516;2315452;555544576;31830016;505409536;0;0;0;0;0;0;0;0;0;0;0;3206;0;0;0;0;0;0;
35517;4481435;555544576;31830016;505409536;0;0;0;0;0;0;0;0;0;0;0;2575;0;0;0;0;0;0;
35518;2545313;555544576;31830016;505409536;0;0;0;0;0;0;0;0;0;0;0;3226;0;0;0;0;0;0;
35519;4519696;555544576;31830016;505409536;0;0;0;0;0;0;0;0;0;0;0;3066;0;0;0;0;0;0;
35520;2381116;555544576;31830016;505409536;0;0;0;0;0;0;0;0;0;0;0;2885;0;0;0;0;0;0;
35521;4594747;555544576;31830016;505409536;0;0;0;0;0;0;0;0;0;0;0;2885;0;0;0;0;0;0;
35522;2307057;555544576;31830016;505409536;0;0;0;0;0;0;0;0;0;0;0;2945;0;0;0;0;0;0;
35523;4501121;555544576;31830016;505409536;0;0;0;0;0;0;0;0;0;0;0;2825;0;0;0;0;0;0;
35524;2307969;555544576;31830016;505409536;0;0;0;0;0;0;0;0;0;0;0;2675;0;0;0;0;0;0;
35525;4572465;555544576;31830016;505409536;0;0;0;0;0;0;0;0;0;0;0;2826;0;0;0;0;0;0;
35526;2498145;555544576;31830016;505409536;0;0;0;0;0;0;0;0;0;0;0;2715;0;0;0;0;0;0;
35527;4483748;555544576;31830016;505409536;0;0;0;0;0;0;0;0;0;0;0;2525;0;0;0;0;0;0;
35528;2323688;555544576;31830016;505409536;0;0;0;0;0;0;0;0;0;0;0;2885;0;0;0;0;0;0;
35529;4623220;555544576;31830016;505409536;0;0;0;0;0;0;0;0;0;0;0;2594;0;0;0;0;0;0;
35530;2442230;555544576;31830016;505409536;0;0;0;0;0;0;0;0;0;0;0;2986;0;0;0;0;0;0;
35531;4421312;555544576;31830016;505409536;0;0;0;0;0;0;0;0;0;0;0;2866;0;0;0;0;0;0;
35532;2538370;555544576;31830016;505409536;0;0;0;0;0;0;0;0;0;0;0;2986;0;0;0;0;0;0;
35533;4590409;555544576;31830016;505409536;0;0;0;0;0;0;0;0;0;0;0;2956;0;0;0;0;0;0;
35534;2615205;555544576;31830016;505409536;0;0;0;0;0;0;0;0;0;0;0;3346;0;0;0;0;0;0;
35535;4591752;555544576;31830016;505409536;0;0;0;0;0;0;0;0;0;0;0;2545;0;0;0;0;0;0;
35536;2456437;555544576;31830016;505409536;0;0;0;0;0;0;0;0;0;0;0;3216;0;0;0;0;0;0;
35537;4457600;555544576;31830016;505409536;0;0;0;0;0;0;0;0;0;0;0;2515;0;0;0;0;0;0;
35538;2406403;555544576;31830016;505409536;0;0;0;0;0;0;0;0;0;0;0;2815;0;0;0;0;0;0;
35539;4702789;555544576;31830016;505409536;0;0;0;0;0;0;0;0;0;0;0;2895;0;0;0;0;0;0;
35540;3012399;555544576;31830016;505409536;0;0;0;0;0;0;0;0;0;0;0;3838;0;0;0;0;0;0;
35541;4804099;555544576;31830016;505409536;0;0;0;0;0;0;0;0;0;0;0;3737;0;0;0;0;0;0;
35542;3396791;555544576;31830016;505409536;0;0;0;0;0;0;0;0;0;0;0;3787;0;0;0;0;0;0;
35543;4819879;555544576;31830016;505409536;0;0;0;0;0;0;0;0;0;0;0;4128;0;0;0;0;0;0;
35544;3328683;555544576;31830016;505409536;0;0;0;0;0;0;0;0;0;0;0;3907;0;0;0;0;0;0;
35545;4763022;555544576;31830016;505409536;0;0;0;0;0;0;0;0;0;0;0;4127;0;0;0;0;0;0;
35546;3445662;555544576;31830016;505409536;0;0;0;0;0;0;0;0;0;0;0;3727;0;0;0;0;0;0;
35547;4874992;555544576;31830016;505409536;0;0;0;0;0;0;0;0;0;0;0;3577;0;0;0;0;0;0;
35548;3272698;555544576;31830016;505409536;0;0;0;0;0;0;0;0;0;0;0;2645;0;0;0;0;0;0;
35549;4479651;555544576;31830016;505409536;0;0;0;0;0;0;0;0;0;0;0;2574;0;0;0;0;0;0;
35550;2497644;555544576;31830016;505409536;0;0;0;0;0;0;0;0;0;0;0;2836;0;0;0;0;0;0;
35551;4525397;555544576;31830016;505409536;0;0;0;0;0;0;0;0;0;0;0;2945;0;0;0;0;0;0;
35552;2486653;555544576;31830016;505409536;0;0;0;0;0;0;0;0;0;0;0;3126;0;0;0;0;0;0;
35553;4413647;555544576;31830016;505409536;0;0;0;0;0;0;0;0;0;0;0;2915;0;0;0;0;0;0;
35554;2371477;555544576;31830016;505409536;0;0;0;0;0;0;0;0;0;0;0;2825;0;0;0;0;0;0;
35555;4534655;555544576;31830016;505409536;0;0;0;0;0;0;0;0;0;0;0;2865;0;0;0;0;0;0;
35556;2624112;555544576;31830016;505409536;0;0;0;0;0;0;0;0;0;0;0;2756;0;0;0;0;0;0;
35557;4451508;555544576;31830016;505409536;0;0;0;0;0;0;0;0;0;0;0;2815;0;0;0;0;0;0;
35558;2621446;555544576;31830016;505409536;0;0;0;0;0;0;0;0;0;0;0;3307;0;0;0;0;0;0;
35559;4674767;555544576;31830016;505409536;0;0;0;0;0;0;0;0;0;0;0;3346;0;0;0;0;0;0;
35560;2437371;555544576;31830016;505409536;0;0;0;0;0;0;0;0;0;0;0;3046;0;0;0;0;0;0;
35561;4650611;555544576;31830016;505409536;0;0;0;0;0;0;0;0;0;0;0;3256;0;0;0;0;0;0;
35562;2585058;555544576;31830016;505409536;0;0;0;0;0;0;0;0;0;0;0;3116;0;0;0;0;0;0;
35563;4449664;555544576;31830016;505409536;0;0;0;0;0;0;0;0;0;0;0;2654;0;0;0;0;0;0;
35564;2584707;555544576;31830016;505409536;0;0;0;0;0;0;0;0;0;0;0;3186;0;0;0;0;0;0;
35565;4452220;555544576;31830016;505409536;0;0;0;0;0;0;0;0;0;0;0;2905;0;0;0;0;0;0;
35566;2867147;555544576;31830016;505409536;0;0;0;0;0;0;0;0;0;0;0;3096;0;0;0;0;0;0;
35567;4697390;555544576;31830016;505409536;0;0;0;0;0;0;0;0;0;0;0;2896;0;0;0;0;0;0;
35568;2479580;555544576;31830016;505409536;0;0;0;0;0;0;0;0;0;0;0;3236;0;0;0;0;0;0;
35569;4489339;555544576;31830016;505409536;0;0;0;0;0;0;0;0;0;0;0;3015;0;0;0;0;0;0;
35570;2550313;555544576;31830016;505409536;0;0;0;0;0;0;0;0;0;0;0;2755;0;0;0;0;0;0;
35571;4693392;555544576;31830016;505409536;0;0;0;0;0;0;0;0;0;0;0;2846;0;0;0;0;0;0;
35572;2530465;555544576;31830016;505409536;0;0;0;0;0;0;0;0;0;0;0;2866;0;0;0;0;0;0;
35573;4869492;555544576;31830016;505409536;0;0;0;0;0;0;0;0;0;0;0;2925;0;0;0;0;0;0;
35574;2500430;555544576;31830016;505409536;0;0;0;0;0;0;0;0;0;0;0;2805;0;0;0;0;0;0;
35575;4651123;555544576;31838208;505417728;0;0;0;0;0;0;0;0;0;0;0;3096;0;0;0;0;0;0;
35576;2414407;555544576;31838208;505417728;0;0;0;0;0;0;0;0;0;0;0;2795;0;0;0;0;0;0;
35577;4448552;555544576;31838208;505417728;0;0;0;0;0;0;0;0;0;0;0;2736;0;0;0;0;0;0;
35578;2635753;555544576;31838208;505417728;0;0;0;0;0;0;0;0;0;0;0;3036;0;0;0;0;0;0;
35579;4561114;555544576;31838208;505417728;0;0;0;0;0;0;0;0;0;0;0;3146;0;0;0;0;0;0;
35580;2436559;555544576;31838208;505417728;0;0;0;0;0;0;0;0;0;0;0;2785;0;0;0;0;0;0;
35581;4608062;555544576;31838208;505417728;0;0;0;0;0;0;0;0;0;0;0;2574;0;0;0;0;0;0;
35582;2713168;555614208;31830016;505409536;0;0;0;0;0;0;0;0;0;0;0;2715;0;0;0;0;0;0;
35583;4522241;555614208;31830016;505409536;0;0;0;0;0;0;0;0;0;0;0;2845;0;0;0;0;0;0;
35584;2324650;555614208;31830016;505409536;0;0;0;0;0;0;0;0;0;0;0;2485;0;0;0;0;0;0;
35585;4479932;555614208;31830016;505409536;0;0;0;0;0;0;0;0;0;0;0;2364;0;0;0;0;0;0;
35586;3051342;555614208;31830016;505409536;0;0;0;0;0;0;0;0;0;0;0;3536;0;0;0;0;0;0;
35587;4769775;555614208;31830016;505409536;0;0;0;0;0;0;0;0;0;0;0;4268;0;0;0;0;0;0;
35588;3606163;555614208;31830016;505409536;0;0;0;0;0;0;0;0;0;0;0;3797;0;0;0;0;0;0;
35589;4893778;555614208;31830016;505409536;0;0;0;0;0;0;0;0;0;0;0;3607;0;0;0;0;0;0;
35590;2929003;555614208;31830016;505409536;0;0;0;0;0;0;0;0;0;0;0;3757;0;0;0;0;0;0;
35591;4975191;555614208;31830016;505409536;0;0;0;0;0;0;0;0;0;0;0;3576;0;0;0;0;0;0;
35592;3554497;555614208;31830016;505409536;0;0;0;0;0;0;0;0;0;0;0;3417;0;0;0;0;0;0;
35593;4815300;555614208;31830016;505409536;0;0;0;0;0;0;0;0;0;0;0;3727;0;0;0;0;0;0;
35594;3675293;555614208;31830016;505409536;0;0;0;0;0;0;0;0;0;0;0;4068;0;0;0;0;0;0;
35595;4721545;555614208;31830016;505409536;0;0;0;0;0;0;0;0;0;0;0;3507;0;0;0;0;0;0;
35596;3744692;555614208;31830016;505409536;0;0;0;0;0;0;0;0;0;0;0;3537;0;0;0;0;0;0;
35597;4793119;555614208;31830016;505409536;0;0;0;0;0;0;0;0;0;0;0;3727;0;0;0;0;0;0;
35598;3543045;555614208;31830016;505409536;0;0;0;0;0;0;0;0;0;0;0;3827;0;0;0;0;0;0;
35599;4877457;555614208;31830016;505409536;0;0;0;0;0;0;0;0;0;0;0;3507;0;0;0;0;0;0;
35600;3790048;555614208;31830016;505409536;0;0;0;0;0;0;0;0;0;0;0;2986;0;0;0;0;0;0;
35601;4770256;555614208;31830016;505409536;0;0;0;0;0;0;0;0;0;0;0;3636;0;0;0;0;0;0;
35602;3543465;555614208;31830016;505409536;0;0;0;0;0;0;0;0;0;0;0;3887;0;0;0;0;0;0;
35603;4728889;555614208;31830016;505409536;0;0;0;0;0;0;0;0;0;0;0;3507;0;0;0;0;0;0;
35604;3478965;555614208;31830016;505409536;0;0;0;0;0;0;0;0;0;0;0;3466;0;0;0;0;0;0;
35605;4685828;555614208;31830016;505409536;0;0;0;0;0;0;0;0;0;0;0;3687;0;0;0;0;0;0;
35606;3641029;555614208;31830016;505409536;0;0;0;0;0;0;0;0;0;0;0;3025;0;0;0;0;0;0;
35607;4459683;555614208;31830016;505409536;0;0;0;0;0;0;0;0;0;0;0;3447;0;0;0;0;0;0;
35608;2678874;555614208;31830016;505409536;0;0;0;0;0;0;0;0;0;0;0;3096;0;0;0;0;0;0;
35609;4485552;555614208;31830016;505409536;0;0;0;0;0;0;0;0;0;0;0;2715;0;0;0;0;0;0;
35610;2439445;555614208;31830016;505409536;0;0;0;0;0;0;0;0;0;0;0;2955;0;0;0;0;0;0;
35611;4604986;555614208;31830016;505409536;0;0;0;0;0;0;0;0;0;0;0;2675;0;0;0;0;0;0;
35612;2607900;555614208;31830016;505409536;0;0;0;0;0;0;0;0;0;0;0;2986;0;0;0;0;0;0;
35613;4682041;555614208;31830016;505409536;0;0;0;0;0;0;0;0;0;0;0;2955;0;0;0;0;0;0;
35614;2470673;555614208;31830016;505409536;0;0;0;0;0;0;0;0;0;0;0;3236;0;0;0;0;0;0;
35615;4599106;555614208;31830016;505409536;0;0;0;0;0;0;0;0;0;0;0;2735;0;0;0;0;0;0;
35616;2478027;555614208;31830016;505409536;0;0;0;0;0;0;0;0;0;0;0;3266;0;0;0;0;0;0;
35617;4557116;555614208;31830016;505409536;0;0;0;0;0;0;0;0;0;0;0;2655;0;0;0;0;0;0;
35618;2537579;555614208;31830016;505409536;0;0;0;0;0;0;0;0;0;0;0;3406;0;0;0;0;0;0;
35619;4597512;555614208;31830016;505409536;0;0;0;0;0;0;0;0;0;0;0;3006;0;0;0;0;0;0;
35620;2594024;555614208;31830016;505409536;0;0;0;0;0;0;0;0;0;0;0;3046;0;0;0;0;0;0;
35621;4512893;555614208;31830016;505409536;0;0;0;0;0;0;0;0;0;0;0;2795;0;0;0;0;0;0;
35622;2536167;555614208;31830016;505409536;0;0;0;0;0;0;0;0;0;0;0;2725;0;0;0;0;0;0;
35623;4473309;555614208;31830016;505409536;0;0;0;0;0;0;0;0;0;0;0;2825;0;0;0;0;0;0;
35624;2377429;555614208;31830016;505409536;0;0;0;0;0;0;0;0;0;0;0;2875;0;0;0;0;0;0;
35625;4506201;555614208;31830016;505409536;0;0;0;0;0;0;0;0;0;0;0;2675;0;0;0;0;0;0;
35626;2510828;555614208;31830016;505409536;0;0;0;0;0;0;0;0;0;0;0;3006;0;0;0;0;0;0;
35627;4622318;555614208;31830016;505409536;0;0;0;0;0;0;0;0;0;0;0;2736;0;0;0;0;0;0;
35628;2415660;555614208;31830016;505409536;0;0;0;0;0;0;0;0;0;0;0;2815;0;0;0;0;0;0;
35629;4601188;555614208;31830016;505409536;0;0;0;0;0;0;0;0;0;0;0;2895;0;0;0;0;0;0;
35630;2475131;555614208;31830016;505409536;0;0;0;0;0;0;0;0;0;0;0;2685;0;0;0;0;0;0;
35631;4630894;555614208;31830016;505409536;0;0;0;0;0;0;0;0;0;0;0;2875;0;0;0;0;0;0;
35632;2364785;555614208;31830016;505409536;0;0;0;0;0;0;0;0;0;0;0;2795;0;0;0;0;0;0;
35633;4520137;555614208;31830016;505409536;0;0;0;0;0;0;0;0;0;0;0;2545;0;0;0;0;0;0;
35634;2448432;555614208;31830016;505409536;0;0;0;0;0;0;0;0;0;0;0;2765;0;0;0;0;0;0;
35635;4530657;555614208;31830016;505409536;0;0;0;0;0;0;0;0;0;0;0;2795;0;0;0;0;0;0;
35636;2421461;555614208;31830016;505409536;0;0;0;0;0;0;0;0;0;0;0;2295;0;0;0;0;0;0;
35637;4499138;555614208;31830016;505409536;0;0;0;0;0;0;0;0;0;0;0;2756;0;0;0;0;0;0;
35638;2406102;555614208;31830016;505409536;0;0;0;0;0;0;0;0;0;0;0;3496;0;0;0;0;0;0;
35639;4958479;555614208;31830016;505409536;0;0;0;0;0;0;0;0;0;0;0;3938;0;0;0;0;0;0;
35640;4393209;555614208;31830016;505409536;0;0;0;0;0;0;0;0;0;0;0;3757;0;0;0;0;0;0;
35641;4846348;555614208;31830016;505409536;0;0;0;0;0;0;0;0;0;0;0;3297;0;0;0;0;0;0;
35642;3438268;555614208;31830016;505409536;0;0;0;0;0;0;0;0;0;0;0;3807;0;0;0;0;0;0;
35643;4998364;555614208;31830016;505409536;0;0;0;0;0;0;0;0;0;0;0;3697;0;0;0;0;0;0;
35644;3552061;555614208;31830016;505409536;0;0;0;0;0;0;0;0;0;0;0;5130;0;0;0;0;0;0;
35645;5227964;555614208;31830016;505409536;0;0;0;0;0;0;0;0;0;0;0;4008;0;0;0;0;0;0;
35646;3505995;555614208;31830016;505409536;0;0;0;0;0;0;0;0;0;0;0;3347;0;0;0;0;0;0;
35647;5250387;555614208;31830016;505409536;0;0;0;0;0;0;0;0;0;0;0;4118;0;0;0;0;0;0;
35648;3686704;555614208;31830016;505409536;0;0;0;0;0;0;0;0;0;0;0;3867;0;0;0;0;0;0;
35649;5297024;555614208;31830016;505409536;0;0;0;0;0;0;0;0;0;0;0;3857;0;0;0;0;0;0;
35650;3990233;555614208;31830016;505409536;0;0;0;0;0;0;0;0;0;0;0;3967;0;0;0;0;0;0;
35651;5202577;555614208;31830016;505409536;0;0;0;0;0;0;0;0;0;0;0;4849;0;0;0;0;0;0;
35652;3574353;555614208;31830016;505409536;0;0;0;0;0;0;0;0;0;0;0;3997;0;0;0;0;0;0;
35653;5158555;555614208;31830016;505409536;0;0;0;0;0;0;0;0;0;0;0;3477;0;0;0;0;0;0;
35654;3550588;555614208;31830016;505409536;0;0;0;0;0;0;0;0;0;0;0;3938;0;0;0;0;0;0;
35655;5344163;555614208;31830016;505409536;0;0;0;0;0;0;0;0;0;0;0;4168;0;0;0;0;0;0;
35656;3491969;555614208;31830016;505409536;0;0;0;0;0;0;0;0;0;0;0;4398;0;0;0;0;0;0;
35657;11043471;555614208;31830016;505409536;0;0;0;0;0;0;0;0;0;0;0;3957;0;0;0;0;0;0;
35658;3663901;555614208;31830016;505409536;0;0;0;0;0;0;0;0;0;0;0;4488;0;0;0;0;0;0;
35659;4937700;555614208;31830016;505409536;0;0;0;0;0;0;0;0;0;0;0;3778;0;0;0;0;0;0;
35660;3359631;555614208;31830016;505409536;0;0;0;0;0;0;0;0;0;0;0;3426;0;0;0;0;0;0;
35661;5307553;555614208;31830016;505409536;0;0;0;0;0;0;0;0;0;0;0;4318;0;0;0;0;0;0;
35662;3252299;555614208;31830016;505409536;0;0;0;0;0;0;0;0;0;0;0;4057;0;0;0;0;0;0;
35663;5393595;555614208;31830016;505409536;0;0;0;0;0;0;0;0;0;0;0;3978;0;0;0;0;0;0;
35664;3202215;555614208;31830016;505409536;0;0;0;0;0;0;0;0;0;0;0;4028;0;0;0;0;0;0;
35665;5022088;555614208;31830016;505409536;0;0;0;0;0;0;0;0;0;0;0;3206;0;0;0;0;0;0;
35666;3360181;555614208;31830016;505409536;0;0;0;0;0;0;0;0;0;0;0;4098;0;0;0;0;0;0;
35667;4969189;555614208;31830016;505409536;0;0;0;0;0;0;0;0;0;0;0;3787;0;0;0;0;0;0;
35668;3237311;555614208;31830016;505409536;0;0;0;0;0;0;0;0;0;0;0;3326;0;0;0;0;0;0;
35669;4918103;555614208;31830016;505409536;0;0;0;0;0;0;0;0;0;0;0;3797;0;0;0;0;0;0;
35670;3479365;555614208;31830016;505409536;0;0;0;0;0;0;0;0;0;0;0;4068;0;0;0;0;0;0;
35671;4700635;555614208;31830016;505409536;0;0;0;0;0;0;0;0;0;0;0;2515;0;0;0;0;0;0;
35672;3506486;555614208;31830016;505409536;0;0;0;0;0;0;0;0;0;0;0;3637;0;0;0;0;0;0;
35673;4781047;555614208;31830016;505409536;0;0;0;0;0;0;0;0;0;0;0;2795;0;0;0;0;0;0;
35674;3540399;555614208;31830016;505409536;0;0;0;0;0;0;0;0;0;0;0;3877;0;0;0;0;0;0;
35675;4903316;555614208;31830016;505409536;0;0;0;0;0;0;0;0;0;0;0;2605;0;0;0;0;0;0;
35676;3549718;555614208;31830016;505409536;0;0;0;0;0;0;0;0;0;0;0;3306;0;0;0;0;0;0;
35677;4817445;555614208;31830016;505409536;0;0;0;0;0;0;0;0;0;0;0;2935;0;0;0;0;0;0;
35678;3588400;555614208;31830016;505409536;0;0;0;0;0;0;0;0;0;0;0;3817;0;0;0;0;0;0;
35679;4865244;555614208;31830016;505409536;0;0;0;0;0;0;0;0;0;0;0;2795;0;0;0;0;0;0;
35680;3650547;555614208;31830016;505409536;0;0;0;0;0;0;0;0;0;0;0;3317;0;0;0;0;0;0;
35681;4793429;555614208;31830016;505409536;0;0;0;0;0;0;0;0;0;0;0;2816;0;0;0;0;0;0;
35682;3746276;555614208;31830016;505409536;0;0;0;0;0;0;0;0;0;0;0;3316;0;0;0;0;0;0;
35683;4864513;555614208;31830016;505409536;0;0;0;0;0;0;0;0;0;0;0;3606;0;0;0;0;0;0;
35684;3543806;555614208;31830016;505409536;0;0;0;0;0;0;0;0;0;0;0;3987;0;0;0;0;0;0;
35685;4788119;555614208;31830016;505409536;0;0;0;0;0;0;0;0;0;0;0;3266;0;0;0;0;0;0;
35686;3492730;555614208;31830016;505409536;0;0;0;0;0;0;0;0;0;0;0;4569;0;0;0;0;0;0;
35687;4999967;555614208;31830016;505409536;0;0;0;0;0;0;0;0;0;0;0;3898;0;0;0;0;0;0;
35688;3378806;555614208;31830016;505409536;0;0;0;0;0;0;0;0;0;0;0;4989;0;0;0;0;0;0;
35689;4882015;555614208;31830016;505409536;0;0;0;0;0;0;0;0;0;0;0;3356;0;0;0;0;0;0;
35690;3602195;555614208;31830016;505409536;0;0;0;0;0;0;0;0;0;0;0;3727;0;0;0;0;0;0;
35691;5072593;555614208;31830016;505409536;0;0;0;0;0;0;0;0;0;0;0;3507;0;0;0;0;0;0;
35692;3695951;555614208;31830016;505409536;0;0;0;0;0;0;0;0;0;0;0;3898;0;0;0;0;0;0;
35693;5087701;555614208;31830016;505409536;0;0;0;0;0;0;0;0;0;0;0;3787;0;0;0;0;0;0;
35694;3659633;555614208;31830016;505409536;0;0;0;0;0;0;0;0;0;0;0;4498;0;0;0;0;0;0;
35695;5381853;555614208;31830016;505409536;0;0;0;0;0;0;0;0;0;0;0;4288;0;0;0;0;0;0;
35696;3562611;555614208;31830016;505409536;0;0;0;0;0;0;0;0;0;0;0;4238;0;0;0;0;0;0;
35697;5191036;555614208;31830016;505409536;0;0;0;0;0;0;0;0;0;0;0;4609;0;0;0;0;0;0;
35698;3426265;555614208;31830016;505409536;0;0;0;0;0;0;0;0;0;0;0;3676;0;0;0;0;0;0;
35699;5122266;555614208;31830016;505409536;0;0;0;0;0;0;0;0;0;0;0;3416;0;0;0;0;0;0;
35700;3679801;555614208;31830016;505409536;0;0;0;0;0;0;0;0;0;0;0;4990;0;0;0;0;0;0;
35701;5437437;555614208;31830016;505409536;0;0;0;0;0;0;0;0;0;0;0;4418;0;0;0;0;0;0;
35702;4268575;555614208;31830016;505409536;0;0;0;0;0;0;0;0;0;0;0;4709;0;0;0;0;0;0;
35703;5542394;555614208;31830016;505409536;0;0;0;0;0;0;0;0;0;0;0;4238;0;0;0;0;0;0;
35704;4143762;555614208;31830016;505409536;0;0;0;0;0;0;0;0;0;0;0;4448;0;0;0;0;0;0;
35705;5518199;555614208;31830016;505409536;0;0;0;0;0;0;0;0;0;0;0;4408;0;0;0;0;0;0;
35706;3707583;555614208;31830016;505409536;0;0;0;0;0;0;0;0;0;0;0;4288;0;0;0;0;0;0;
35707;5230780;555614208;31830016;505409536;0;0;0;0;0;0;0;0;0;0;0;4458;0;0;0;0;0;0;
35708;3124249;555614208;31830016;505409536;0;0;0;0;0;0;0;0;0;0;0;4438;0;0;0;0;0;0;
35709;5080288;555614208;31830016;505409536;0;0;0;0;0;0;0;0;0;0;0;5090;0;0;0;0;0;0;
35710;3334764;555614208;31830016;505409536;0;0;0;0;0;0;0;0;0;0;0;4048;0;0;0;0;0;0;
35711;5012189;555614208;31830016;505409536;0;0;0;0;0;0;0;0;0;0;0;4038;0;0;0;0;0;0;
35712;3361174;555614208;31830016;505409536;0;0;0;0;0;0;0;0;0;0;0;3747;0;0;0;0;0;0;
35713;5122217;555614208;31830016;505409536;0;0;0;0;0;0;0;0;0;0;0;4679;0;0;0;0;0;0;
35714;3235808;555614208;31830016;505409536;0;0;0;0;0;0;0;0;0;0;0;4769;0;0;0;0;0;0;
35715;5153805;555614208;31830016;505409536;0;0;0;0;0;0;0;0;0;0;0;4177;0;0;0;0;0;0;
35716;3128127;555614208;31830016;505409536;0;0;0;0;0;0;0;0;0;0;0;3947;0;0;0;0;0;0;
35717;5029001;555614208;31830016;505409536;0;0;0;0;0;0;0;0;0;0;0;9879;0;0;0;0;0;0;
35718;3438088;555614208;31830016;505409536;0;0;0;0;0;0;0;0;0;0;0;3406;0;0;0;0;0;0;
35719;5282156;555614208;31830016;505409536;0;0;0;0;0;0;0;0;0;0;0;4618;0;0;0;0;0;0;
35720;3135009;555614208;31830016;505409536;0;0;0;0;0;0;0;0;0;0;0;4749;0;0;0;0;0;0;
35721;5549868;555614208;31830016;505409536;0;0;0;0;0;0;0;0;0;0;0;4309;0;0;0;0;0;0;
35722;3294819;555614208;31830016;505409536;0;0;0;0;0;0;0;0;0;0;0;4258;0;0;0;0;0;0;
35723;5142865;555614208;31830016;505409536;0;0;0;0;0;0;0;0;0;0;0;3556;0;0;0;0;0;0;
35724;3162751;555614208;31830016;505409536;0;0;0;0;0;0;0;0;0;0;0;3637;0;0;0;0;0;0;
35725;5148575;555614208;31830016;505409536;0;0;0;0;0;0;0;0;0;0;0;4819;0;0;0;0;0;0;
35726;3300229;555614208;31830016;505409536;0;0;0;0;0;0;0;0;0;0;0;4619;0;0;0;0;0;0;
35727;5169395;555614208;31830016;505409536;0;0;0;0;0;0;0;0;0;0;0;4188;0;0;0;0;0;0;
35728;3171878;555614208;31830016;505409536;0;0;0;0;0;0;0;0;0;0;0;4208;0;0;0;0;0;0;
35729;5082521;555614208;31830016;505409536;0;0;0;0;0;0;0;0;0;0;0;3777;0;0;0;0;0;0;
35730;3184552;555614208;31830016;505409536;0;0;0;0;0;0;0;0;0;0;0;4178;0;0;0;0;0;0;
35731;5111175;555614208;31830016;505409536;0;0;0;0;0;0;0;0;0;0;0;3887;0;0;0;0;0;0;
35732;3131964;555614208;31830016;505409536;0;0;0;0;0;0;0;0;0;0;0;4218;0;0;0;0;0;0;
35733;5306101;555614208;31830016;505409536;0;0;0;0;0;0;0;0;0;0;0;4578;0;0;0;0;0;0;
35734;3336046;555614208;31830016;505409536;0;0;0;0;0;0;0;0;0;0;0;4158;0;0;0;0;0;0;
35735;5406008;555614208;31830016;505409536;0;0;0;0;0;0;0;0;0;0;0;3697;0;0;0;0;0;0;
35736;3161819;555614208;31830016;505409536;0;0;0;0;0;0;0;0;0;0;0;4067;0;0;0;0;0;0;
35737;5084025;555614208;31830016;505409536;0;0;0;0;0;0;0;0;0;0;0;3797;0;0;0;0;0;0;
35738;3669151;555614208;31830016;505409536;0;0;0;0;0;0;0;0;0;0;0;4268;0;0;0;0;0;0;
35739;5169094;555614208;31830016;505409536;0;0;0;0;0;0;0;0;0;0;0;3927;0;0;0;0;0;0;
35740;3262639;555614208;31830016;505409536;0;0;0;0;0;0;0;0;0;0;0;4439;0;0;0;0;0;0;
35741;5079716;555614208;31830016;505409536;0;0;0;0;0;0;0;0;0;0;0;3938;0;0;0;0;0;0;
35742;3238404;555614208;31830016;505409536;0;0;0;0;0;0;0;0;0;0;0;3927;0;0;0;0;0;0;
35743;5280382;555614208;31830016;505409536;0;0;0;0;0;0;0;0;0;0;0;4889;0;0;0;0;0;0;
35744;3177970;555614208;31830016;505409536;0;0;0;0;0;0;0;0;0;0;0;3807;0;0;0;0;0;0;
35745;5197307;555614208;31830016;505409536;0;0;0;0;0;0;0;0;0;0;0;4218;0;0;0;0;0;0;
35746;3223665;555614208;31830016;505409536;0;0;0;0;0;0;0;0;0;0;0;4268;0;0;0;0;0;0;
35747;5322011;555614208;31830016;505409536;0;0;0;0;0;0;0;0;0;0;0;4238;0;0;0;0;0;0;
35748;3298416;555614208;31830016;505409536;0;0;0;0;0;0;0;0;0;0;0;5149;0;0;0;0;0;0;
35749;5173893;555614208;31830016;505409536;0;0;0;0;0;0;0;0;0;0;0;4909;0;0;0;0;0;0;
35750;3567109;555614208;31830016;505409536;0;0;0;0;0;0;0;0;0;0;0;4208;0;0;0;0;0;0;
35751;5341407;555614208;31830016;505409536;0;0;0;0;0;0;0;0;0;0;0;3477;0;0;0;0;0;0;
35752;3309165;555614208;31830016;505409536;0;0;0;0;0;0;0;0;0;0;0;3547;0;0;0;0;0;0;
35753;5255676;555614208;31830016;505409536;0;0;0;0;0;0;0;0;0;0;0;3357;0;0;0;0;0;0;
35754;3273599;555614208;31830016;505409536;0;0;0;0;0;0;0;0;0;0;0;3536;0;0;0;0;0;0;
35755;5163804;555614208;31830016;505409536;0;0;0;0;0;0;0;0;0;0;0;3907;0;0;0;0;0;0;
35756;3261396;555614208;31830016;505409536;0;0;0;0;0;0;0;0;0;0;0;4608;0;0;0;0;0;0;
35757;5072833;555614208;31830016;505409536;0;0;0;0;0;0;0;0;0;0;0;4358;0;0;0;0;0;0;
35758;3226080;555614208;31830016;505409536;0;0;0;0;0;0;0;0;0;0;0;4889;0;0;0;0;0;0;
35759;5116726;555614208;31830016;505409536;0;0;0;0;0;0;0;0;0;0;0;3536;0;0;0;0;0;0;
35760;3218466;555614208;31830016;505409536;0;0;0;0;0;0;0;0;0;0;0;3657;0;0;0;0;0;0;
35761;5065980;555614208;31830016;505409536;0;0;0;0;0;0;0;0;0;0;0;4469;0;0;0;0;0;0;
35762;3344442;555614208;31830016;505409536;0;0;0;0;0;0;0;0;0;0;0;3517;0;0;0;0;0;0;
35763;5288528;555614208;31830016;505409536;0;0;0;0;0;0;0;0;0;0;0;4569;0;0;0;0;0;0;
35764;3029171;555614208;31830016;505409536;0;0;0;0;0;0;0;0;0;0;0;3467;0;0;0;0;0;0;
35765;4869102;555614208;31830016;505409536;0;0;0;0;0;0;0;0;0;0;0;2895;0;0;0;0;0;0;
35766;3933237;555614208;31830016;505409536;0;0;0;0;0;0;0;0;0;0;0;3276;0;0;0;0;0;0;
35767;4690256;555614208;31830016;505409536;0;0;0;0;0;0;0;0;0;0;0;2584;0;0;0;0;0;0;
35768;3299047;555614208;31830016;505409536;0;0;0;0;0;0;0;0;0;0;0;3096;0;0;0;0;0;0;
35769;4663176;555614208;31830016;505409536;0;0;0;0;0;0;0;0;0;0;0;2935;0;0;0;0;0;0;
35770;4601289;555614208;31830016;505409536;0;0;0;0;0;0;0;0;0;0;0;4578;0;0;0;0;0;0;
35771;5238885;555614208;31830016;505409536;0;0;0;0;0;0;0;0;0;0;0;4579;0;0;0;0;0;0;
35772;5471361;555614208;31830016;505409536;0;0;0;0;0;0;0;0;0;0;0;5340;0;0;0;0;0;0;
35773;5311301;555614208;31830016;505409536;0;0;0;0;0;0;0;0;0;0;0;4749;0;0;0;0;0;0;
35774;4480172;555614208;31830016;505409536;0;0;0;0;0;0;0;0;0;0;0;3878;0;0;0;0;0;0;
35775;5031386;555614208;31830016;505409536;0;0;0;0;0;0;0;0;0;0;0;3566;0;0;0;0;0;0;
35776;4386657;555614208;31830016;505409536;0;0;0;0;0;0;0;0;0;0;0;4799;0;0;0;0;0;0;
35777;5136092;555614208;31830016;505409536;0;0;0;0;0;0;0;0;0;0;0;3977;0;0;0;0;0;0;
35778;4535295;555614208;31830016;505409536;0;0;0;0;0;0;0;0;0;0;0;5641;0;0;0;0;0;0;
35779;5476470;555614208;31830016;505409536;0;0;0;0;0;0;0;0;0;0;0;4779;0;0;0;0;0;0;
35780;4432943;555614208;31830016;505409536;0;0;0;0;0;0;0;0;0;0;0;5009;0;0;0;0;0;0;
35781;5392934;555614208;31830016;505409536;0;0;0;0;0;0;0;0;0;0;0;4338;0;0;0;0;0;0;
35782;4398699;555614208;31830016;505409536;0;0;0;0;0;0;0;0;0;0;0;5911;0;0;0;0;0;0;
35783;5073545;555614208;31830016;505409536;0;0;0;0;0;0;0;0;0;0;0;3657;0;0;0;0;0;0;
35784;4496503;555614208;31830016;505409536;0;0;0;0;0;0;0;0;0;0;0;4448;0;0;0;0;0;0;
35785;4951106;555614208;31830016;505409536;0;0;0;0;0;0;0;0;0;0;0;4047;0;0;0;0;0;0;
35786;4234191;555614208;31830016;505409536;0;0;0;0;0;0;0;0;0;0;0;3997;0;0;0;0;0;0;
35787;5193209;555614208;31830016;505409536;0;0;0;0;0;0;0;0;0;0;0;3978;0;0;0;0;0;0;
35788;4100841;555614208;31830016;505409536;0;0;0;0;0;0;0;0;0;0;0;3727;0;0;0;0;0;0;
35789;5223856;555614208;31830016;505409536;0;0;0;0;0;0;0;0;0;0;0;4118;0;0;0;0;0;0;
35790;4458742;555614208;31830016;505409536;0;0;0;0;0;0;0;0;0;0;0;5049;0;0;0;0;0;0;
35791;5532726;555614208;31830016;505409536;0;0;0;0;0;0;0;0;0;0;0;4779;0;0;0;0;0;0;
35792;3848899;555614208;31830016;505409536;0;0;0;0;0;0;0;0;0;0;0;3627;0;0;0;0;0;0;
35793;5087782;555614208;31830016;505409536;0;0;0;0;0;0;0;0;0;0;0;3276;0;0;0;0;0;0;
35794;3957482;555614208;31830016;505409536;0;0;0;0;0;0;0;0;0;0;0;3707;0;0;0;0;0;0;
35795;4922822;555614208;31830016;505409536;0;0;0;0;0;0;0;0;0;0;0;3116;0;0;0;0;0;0;
35796;3778065;555614208;31830016;505409536;0;0;0;0;0;0;0;0;0;0;0;3446;0;0;0;0;0;0;
35797;5018612;555614208;31830016;505409536;0;0;0;0;0;0;0;0;0;0;0;3627;0;0;0;0;0;0;
35798;3786381;555614208;31830016;505409536;0;0;0;0;0;0;0;0;0;0;0;3407;0;0;0;0;0;0;
35799;4951756;555614208;31830016;505409536;0;0;0;0;0;0;0;0;0;0;0;3297;0;0;0;0;0;0;
35800;3826566;555614208;31830016;505409536;0;0;0;0;0;0;0;0;0;0;0;3717;0;0;0;0;0;0;
35801;4955003;555614208;31830016;505409536;0;0;0;0;0;0;0;0;0;0;0;2785;0;0;0;0;0;0;
35802;3817880;555614208;31830016;505409536;0;0;0;0;0;0;0;0;0;0;0;3146;0;0;0;0;0;0;
35803;4825599;555614208;31830016;505409536;0;0;0;0;0;0;0;0;0;0;0;3256;0;0;0;0;0;0;
35804;3758548;555614208;31830016;505409536;0;0;0;0;0;0;0;0;0;0;0;3396;0;0;0;0;0;0;
35805;4772671;555614208;31830016;505409536;0;0;0;0;0;0;0;0;0;0;0;3226;0;0;0;0;0;0;
35806;3747448;555614208;31830016;505409536;0;0;0;0;0;0;0;0;0;0;0;4118;0;0;0;0;0;0;
35807;4902884;555614208;31830016;505409536;0;0;0;0;0;0;0;0;0;0;0;3647;0;0;0;0;0;0;
35808;3734433;555614208;31830016;505409536;0;0;0;0;0;0;0;0;0;0;0;4007;0;0;0;0;0;0;
35809;4858722;555614208;31830016;505409536;0;0;0;0;0;0;0;0;0;0;0;3306;0;0;0;0;0;0;
35810;3719275;555614208;31830016;505409536;0;0;0;0;0;0;0;0;0;0;0;3046;0;0;0;0;0;0;
35811;4989998;555614208;31830016;505409536;0;0;0;0;0;0;0;0;0;0;0;3226;0;0;0;0;0;0;
35812;3789046;555614208;31830016;505409536;0;0;0;0;0;0;0;0;0;0;0;3156;0;0;0;0;0;0;
35813;4606790;555614208;31830016;505409536;0;0;0;0;0;0;0;0;0;0;0;2896;0;0;0;0;0;0;
35814;2430799;555614208;31830016;505409536;0;0;0;0;0;0;0;0;0;0;0;3106;0;0;0;0;0;0;
35815;4600859;555614208;31830016;505409536;0;0;0;0;0;0;0;0;0;0;0;2184;0;0;0;0;0;0;
35816;2321514;555614208;31830016;505409536;0;0;0;0;0;0;0;0;0;0;0;8256;0;0;0;0;0;0;
35817;4484931;555614208;31830016;505409536;0;0;0;0;0;0;0;0;0;0;0;2084;0;0;0;0;0;0;
35818;2346120;555614208;31830016;505409536;0;0;0;0;0;0;0;0;0;0;0;2534;0;0;0;0;0;0;
35819;4457880;555614208;31830016;505409536;0;0;0;0;0;0;0;0;0;0;0;2425;0;0;0;0;0;0;
35820;2559380;555614208;31830016;505409536;0;0;0;0;0;0;0;0;0;0;0;2605;0;0;0;0;0;0;
35821;4386246;555614208;31830016;505409536;0;0;0;0;0;0;0;0;0;0;0;2175;0;0;0;0;0;0;
35822;2811532;555614208;31830016;505409536;0;0;0;0;0;0;0;0;0;0;0;2736;0;0;0;0;0;0;
35823;4544552;555614208;31830016;505409536;0;0;0;0;0;0;0;0;0;0;0;2334;0;0;0;0;0;0;
35824;2635372;555614208;31830016;505409536;0;0;0;0;0;0;0;0;0;0;0;3547;0;0;0;0;0;0;
35825;4518223;555614208;31830016;505409536;0;0;0;0;0;0;0;0;0;0;0;2505;0;0;0;0;0;0;
35826;2787708;555614208;31830016;505409536;0;0;0;0;0;0;0;0;0;0;0;3267;0;0;0;0;0;0;
35827;5155158;555614208;31830016;505409536;0;0;0;0;0;0;0;0;0;0;0;3386;0;0;0;0;0;0;
35828;3712482;555614208;31830016;505409536;0;0;0;0;0;0;0;0;0;0;0;4439;0;0;0;0;0;0;
35829;4863431;555614208;31830016;505409536;0;0;0;0;0;0;0;0;0;0;0;3115;0;0;0;0;0;0;
35830;3802622;555614208;31830016;505409536;0;0;0;0;0;0;0;0;0;0;0;3236;0;0;0;0;0;0;
35831;4823606;555614208;31830016;505409536;0;0;0;0;0;0;0;0;0;0;0;3337;0;0;0;0;0;0;
35832;3952873;555614208;31830016;505409536;0;0;0;0;0;0;0;0;0;0;0;3266;0;0;0;0;0;0;
35833;4875122;555614208;31830016;505409536;0;0;0;0;0;0;0;0;0;0;0;3166;0;0;0;0;0;0;
35834;3953604;555614208;31830016;505409536;0;0;0;0;0;0;0;0;0;0;0;3947;0;0;0;0;0;0;
35835;4824247;555614208;31830016;505409536;0;0;0;0;0;0;0;0;0;0;0;3026;0;0;0;0;0;0;
35836;3680783;555614208;31830016;505409536;0;0;0;0;0;0;0;0;0;0;0;3286;0;0;0;0;0;0;
35837;4821522;555614208;31830016;505409536;0;0;0;0;0;0;0;0;0;0;0;2855;0;0;0;0;0;0;
35838;3671475;555614208;31830016;505409536;0;0;0;0;0;0;0;0;0;0;0;2735;0;0;0;0;0;0;
35839;4557967;555614208;31830016;505409536;0;0;0;0;0;0;0;0;0;0;0;2444;0;0;0;0;0;0;
35840;2815840;555614208;31830016;505409536;0;0;0;0;0;0;0;0;0;0;0;3166;0;0;0;0;0;0;
35841;4566614;555614208;31830016;505409536;0;0;0;0;0;0;0;0;0;0;0;2414;0;0;0;0;0;0;
35842;2958278;555614208;31830016;505409536;0;0;0;0;0;0;0;0;0;0;0;3437;0;0;0;0;0;0;
35843;5044922;555614208;31830016;505409536;0;0;0;0;0;0;0;0;0;0;0;3146;0;0;0;0;0;0;
35844;3767486;555614208;31830016;505409536;0;0;0;0;0;0;0;0;0;0;0;3166;0;0;0;0;0;0;
35845;4768112;555614208;31830016;505409536;0;0;0;0;0;0;0;0;0;0;0;2906;0;0;0;0;0;0;
35846;4171794;555614208;31830016;505409536;0;0;0;0;0;0;0;0;0;0;0;3476;0;0;0;0;0;0;
35847;4957216;555614208;31830016;505409536;0;0;0;0;0;0;0;0;0;0;0;3206;0;0;0;0;0;0;
35848;3965035;555614208;31830016;505409536;0;0;0;0;0;0;0;0;0;0;0;3307;0;0;0;0;0;0;
35849;4897685;555614208;31830016;505409536;0;0;0;0;0;0;0;0;0;0;0;3066;0;0;0;0;0;0;
35850;4191410;555614208;31830016;505409536;0;0;0;0;0;0;0;0;0;0;0;3797;0;0;0;0;0;0;
35851;4858502;555614208;31830016;505409536;0;0;0;0;0;0;0;0;0;0;0;2886;0;0;0;0;0;0;
35852;3951170;555614208;31830016;505409536;0;0;0;0;0;0;0;0;0;0;0;3276;0;0;0;0;0;0;
35853;5064417;555614208;31830016;505409536;0;0;0;0;0;0;0;0;0;0;0;2806;0;0;0;0;0;0;
35854;3708434;555614208;31830016;505409536;0;0;0;0;0;0;0;0;0;0;0;3446;0;0;0;0;0;0;
35855;4787188;555614208;31830016;505409536;0;0;0;0;0;0;0;0;0;0;0;3005;0;0;0;0;0;0;
35856;3737309;555614208;31830016;505409536;0;0;0;0;0;0;0;0;0;0;0;2985;0;0;0;0;0;0;
35857;4788280;555614208;31830016;505409536;0;0;0;0;0;0;0;0;0;0;0;2785;0;0;0;0;0;0;
35858;3676465;555614208;31830016;505409536;0;0;0;0;0;0;0;0;0;0;0;3277;0;0;0;0;0;0;
35859;4783571;555614208;31830016;505409536;0;0;0;0;0;0;0;0;0;0;0;2905;0;0;0;0;0;0;
35860;3673680;555614208;31830016;505409536;0;0;0;0;0;0;0;0;0;0;0;3406;0;0;0;0;0;0;
35861;4806615;555614208;31830016;505409536;0;0;0;0;0;0;0;0;0;0;0;3376;0;0;0;0;0;0;
35862;3481409;555614208;31830016;505409536;0;0;0;0;0;0;0;0;0;0;0;2895;0;0;0;0;0;0;
35863;4562115;555614208;31830016;505409536;0;0;0;0;0;0;0;0;0;0;0;3477;0;0;0;0;0;0;
35864;2691137;555614208;31830016;505409536;0;0;0;0;0;0;0;0;0;0;0;2484;0;0;0;0;0;0;
35865;4490161;555614208;31830016;505409536;0;0;0;0;0;0;0;0;0;0;0;2575;0;0;0;0;0;0;
35866;2752071;555614208;31830016;505409536;0;0;0;0;0;0;0;0;0;0;0;2756;0;0;0;0;0;0;
35867;4525387;555614208;31830016;505409536;0;0;0;0;0;0;0;0;0;0;0;2515;0;0;0;0;0;0;
35868;2644911;555614208;31830016;505409536;0;0;0;0;0;0;0;0;0;0;0;2585;0;0;0;0;0;0;
35869;4662494;555614208;31830016;505409536;0;0;0;0;0;0;0;0;0;0;0;3536;0;0;0;0;0;0;
35870;2648848;555614208;31830016;505409536;0;0;0;0;0;0;0;0;0;0;0;3516;0;0;0;0;0;0;
35871;4592062;555614208;31830016;505409536;0;0;0;0;0;0;0;0;0;0;0;2655;0;0;0;0;0;0;
35872;2684725;555614208;31830016;505409536;0;0;0;0;0;0;0;0;0;0;0;3036;0;0;0;0;0;0;
35873;4526609;555614208;31830016;505409536;0;0;0;0;0;0;0;0;0;0;0;2244;0;0;0;0;0;0;
35874;2587612;555614208;31830016;505409536;0;0;0;0;0;0;0;0;0;0;0;3206;0;0;0;0;0;0;
35875;4572665;555614208;31830016;505409536;0;0;0;0;0;0;0;0;0;0;0;3476;0;0;0;0;0;0;
35876;2656071;555614208;31830016;505409536;0;0;0;0;0;0;0;0;0;0;0;2325;0;0;0;0;0;0;
35877;4507363;555614208;31830016;505409536;0;0;0;0;0;0;0;0;0;0;0;2966;0;0;0;0;0;0;
35878;2626936;555614208;31830016;505409536;0;0;0;0;0;0;0;0;0;0;0;2575;0;0;0;0;0;0;
35879;4505279;555614208;31830016;505409536;0;0;0;0;0;0;0;0;0;0;0;2435;0;0;0;0;0;0;
35880;2607931;555614208;31830016;505409536;0;0;0;0;0;0;0;0;0;0;0;2665;0;0;0;0;0;0;
35881;4528342;555614208;31830016;505409536;0;0;0;0;0;0;0;0;0;0;0;2214;0;0;0;0;0;0;
35882;2599605;555614208;31830016;505409536;0;0;0;0;0;0;0;0;0;0;0;2996;0;0;0;0;0;0;
35883;4563228;555614208;31830016;505409536;0;0;0;0;0;0;0;0;0;0;0;2285;0;0;0;0;0;0;
35884;2736912;555614208;31830016;505409536;0;0;0;0;0;0;0;0;0;0;0;2404;0;0;0;0;0;0;
35885;4543661;555614208;31830016;505409536;0;0;0;0;0;0;0;0;0;0;0;2946;0;0;0;0;0;0;
35886;2714881;555614208;31830016;505409536;0;0;0;0;0;0;0;0;0;0;0;2465;0;0;0;0;0;0;
35887;4539664;555614208;31830016;505409536;0;0;0;0;0;0;0;0;0;0;0;3337;0;0;0;0;0;0;
35888;2606639;555614208;31830016;505409536;0;0;0;0;0;0;0;0;0;0;0;2605;0;0;0;0;0;0;
35889;4710073;555614208;31830016;505409536;0;0;0;0;0;0;0;0;0;0;0;2865;0;0;0;0;0;0;
35890;2658365;555614208;31830016;505409536;0;0;0;0;0;0;0;0;0;0;0;2375;0;0;0;0;0;0;
35891;7669664;555614208;31830016;505409536;0;0;0;0;0;0;0;0;0;0;0;2374;0;0;0;0;0;0;
35892;9370233;555614208;31830016;505409536;0;0;0;0;0;0;0;0;0;0;0;3677;0;0;0;0;0;0;
35893;5103821;555614208;31830016;505409536;0;0;0;0;0;0;0;0;0;0;0;4188;0;0;0;0;0;0;
35894;2698070;555614208;31830016;505409536;0;0;0;0;0;0;0;0;0;0;0;3677;0;0;0;0;0;0;
35895;4600237;555614208;31830016;505409536;0;0;0;0;0;0;0;0;0;0;0;2785;0;0;0;0;0;0;
35896;2542178;555614208;31830016;505409536;0;0;0;0;0;0;0;0;0;0;0;2465;0;0;0;0;0;0;
35897;4530707;555614208;31830016;505409536;0;0;0;0;0;0;0;0;0;0;0;2786;0;0;0;0;0;0;
35898;2477336;555614208;31830016;505409536;0;0;0;0;0;0;0;0;0;0;0;2675;0;0;0;0;0;0;
35899;4590158;555614208;31830016;505409536;0;0;0;0;0;0;0;0;0;0;0;2355;0;0;0;0;0;0;
35900;2509917;555614208;31830016;505409536;0;0;0;0;0;0;0;0;0;0;0;2605;0;0;0;0;0;0;
35901;4562747;555614208;31830016;505409536;0;0;0;0;0;0;0;0;0;0;0;2926;0;0;0;0;0;0;
35902;2616216;555614208;31830016;505409536;0;0;0;0;0;0;0;0;0;0;0;2445;0;0;0;0;0;0;
35903;4613933;555614208;31830016;505409536;0;0;0;0;0;0;0;0;0;0;0;2254;0;0;0;0;0;0;
35904;2482496;555614208;31830016;505409536;0;0;0;0;0;0;0;0;0;0;0;3005;0;0;0;0;0;0;
35905;4532921;555614208;31830016;505409536;0;0;0;0;0;0;0;0;0;0;0;2525;0;0;0;0;0;0;
35906;2418566;555614208;31830016;505409536;0;0;0;0;0;0;0;0;0;0;0;2575;0;0;0;0;0;0;
35907;4683604;555614208;31830016;505409536;0;0;0;0;0;0;0;0;0;0;0;2194;0;0;0;0;0;0;
35908;2513553;555614208;31830016;505409536;0;0;0;0;0;0;0;0;0;0;0;2575;0;0;0;0;0;0;
35909;4523273;555614208;31830016;505409536;0;0;0;0;0;0;0;0;0;0;0;2425;0;0;0;0;0;0;
35910;2587693;555614208;31830016;505409536;0;0;0;0;0;0;0;0;0;0;0;2554;0;0;0;0;0;0;
35911;4590499;555614208;31830016;505409536;0;0;0;0;0;0;0;0;0;0;0;2365;0;0;0;0;0;0;
35912;2934112;555614208;31830016;505409536;0;0;0;0;0;0;0;0;0;0;0;3176;0;0;0;0;0;0;
35913;5141642;555614208;31830016;505409536;0;0;0;0;0;0;0;0;0;0;0;3396;0;0;0;0;0;0;
35914;3980125;555614208;31830016;505409536;0;0;0;0;0;0;0;0;0;0;0;3647;0;0;0;0;0;0;
35915;5041185;555614208;31830016;505409536;0;0;0;0;0;0;0;0;0;0;0;3025;0;0;0;0;0;0;
35916;3615951;555614208;31830016;505409536;0;0;0;0;0;0;0;0;0;0;0;3086;0;0;0;0;0;0;
35917;4731453;555614208;31830016;505409536;0;0;0;0;0;0;0;0;0;0;0;2926;0;0;0;0;0;0;
35918;3734684;555614208;31830016;505409536;0;0;0;0;0;0;0;0;0;0;0;3496;0;0;0;0;0;0;
35919;4882005;555614208;31830016;505409536;0;0;0;0;0;0;0;0;0;0;0;3106;0;0;0;0;0;0;
35920;2660059;555614208;31830016;505409536;0;0;0;0;0;0;0;0;0;0;0;2856;0;0;0;0;0;0;
35921;4651353;555614208;31830016;505409536;0;0;0;0;0;0;0;0;0;0;0;2535;0;0;0;0;0;0;
35922;2528402;555614208;31830016;505409536;0;0;0;0;0;0;0;0;0;0;0;2785;0;0;0;0;0;0;
35923;4594015;555614208;31830016;505409536;0;0;0;0;0;0;0;0;0;0;0;2565;0;0;0;0;0;0;
35924;2497985;555614208;31830016;505409536;0;0;0;0;0;0;0;0;0;0;0;2375;0;0;0;0;0;0;
35925;4510899;555614208;31830016;505409536;0;0;0;0;0;0;0;0;0;0;0;2385;0;0;0;0;0;0;
35926;2765306;555614208;31830016;505409536;0;0;0;0;0;0;0;0;0;0;0;3377;0;0;0;0;0;0;
35927;4973858;555614208;31830016;505409536;0;0;0;0;0;0;0;0;0;0;0;3666;0;0;0;0;0;0;
35928;3789708;555614208;31830016;505409536;0;0;0;0;0;0;0;0;0;0;0;3016;0;0;0;0;0;0;
35929;4857761;555614208;31830016;505409536;0;0;0;0;0;0;0;0;0;0;0;3477;0;0;0;0;0;0;
35930;3673519;555614208;31830016;505409536;0;0;0;0;0;0;0;0;0;0;0;3556;0;0;0;0;0;0;
35931;4948240;555614208;31830016;505409536;0;0;0;0;0;0;0;0;0;0;0;2785;0;0;0;0;0;0;
35932;3626471;555614208;31830016;505409536;0;0;0;0;0;0;0;0;0;0;0;3196;0;0;0;0;0;0;
35933;4844536;555614208;31830016;505409536;0;0;0;0;0;0;0;0;0;0;0;3196;0;0;0;0;0;0;
35934;3590424;555614208;31830016;505409536;0;0;0;0;0;0;0;0;0;0;0;3477;0;0;0;0;0;0;
35935;5038730;555614208;31830016;505409536;0;0;0;0;0;0;0;0;0;0;0;3066;0;0;0;0;0;0;
35936;3581547;555614208;31830016;505409536;0;0;0;0;0;0;0;0;0;0;0;3517;0;0;0;0;0;0;
35937;4756730;555614208;31830016;505409536;0;0;0;0;0;0;0;0;0;0;0;2756;0;0;0;0;0;0;
35938;3688467;555614208;31830016;505409536;0;0;0;0;0;0;0;0;0;0;0;3306;0;0;0;0;0;0;
35939;4911121;555614208;31830016;505409536;0;0;0;0;0;0;0;0;0;0;0;3196;0;0;0;0;0;0;
35940;3648713;555614208;31830016;505409536;0;0;0;0;0;0;0;0;0;0;0;3246;0;0;0;0;0;0;
35941;4962165;555614208;31830016;505409536;0;0;0;0;0;0;0;0;0;0;0;3948;0;0;0;0;0;0;
35942;3726579;555614208;31830016;505409536;0;0;0;0;0;0;0;0;0;0;0;3537;0;0;0;0;0;0;
35943;4892966;555614208;31830016;505409536;0;0;0;0;0;0;0;0;0;0;0;3286;0;0;0;0;0;0;
35944;3536682;555614208;31830016;505409536;0;0;0;0;0;0;0;0;0;0;0;3657;0;0;0;0;0;0;
35945;4754646;555614208;31830016;505409536;0;0;0;0;0;0;0;0;0;0;0;3636;0;0;0;0;0;0;
35946;3526324;555614208;31830016;505409536;0;0;0;0;0;0;0;0;0;0;0;3897;0;0;0;0;0;0;
35947;4895862;555614208;31830016;505409536;0;0;0;0;0;0;0;0;0;0;0;3637;0;0;0;0;0;0;
35948;3668409;555614208;31830016;505409536;0;0;0;0;0;0;0;0;0;0;0;4188;0;0;0;0;0;0;
35949;4796445;555614208;31830016;505409536;0;0;0;0;0;0;0;0;0;0;0;3626;0;0;0;0;0;0;
35950;3840403;555614208;31830016;505409536;0;0;0;0;0;0;0;0;0;0;0;4038;0;0;0;0;0;0;
35951;4930106;555614208;31830016;505409536;0;0;0;0;0;0;0;0;0;0;0;3957;0;0;0;0;0;0;
35952;3697094;555614208;31830016;505409536;0;0;0;0;0;0;0;0;0;0;0;4068;0;0;0;0;0;0;
35953;4817044;555614208;31830016;505409536;0;0;0;0;0;0;0;0;0;0;0;3296;0;0;0;0;0;0;
35954;3536893;555614208;31830016;505409536;0;0;0;0;0;0;0;0;0;0;0;3707;0;0;0;0;0;0;
35955;5052735;555614208;31830016;505409536;0;0;0;0;0;0;0;0;0;0;0;3818;0;0;0;0;0;0;
35956;3607575;555614208;31830016;505409536;0;0;0;0;0;0;0;0;0;0;0;4188;0;0;0;0;0;0;
35957;4818516;555614208;31830016;505409536;0;0;0;0;0;0;0;0;0;0;0;3436;0;0;0;0;0;0;
35958;3816047;555614208;31830016;505409536;0;0;0;0;0;0;0;0;0;0;0;4107;0;0;0;0;0;0;
35959;4869512;555614208;31830016;505409536;0;0;0;0;0;0;0;0;0;0;0;3727;0;0;0;0;0;0;
35960;3640868;555614208;31830016;505409536;0;0;0;0;0;0;0;0;0;0;0;4008;0;0;0;0;0;0;
35961;4817064;555614208;31830016;505409536;0;0;0;0;0;0;0;0;0;0;0;3286;0;0;0;0;0;0;
35962;3612244;555614208;31830016;505409536;0;0;0;0;0;0;0;0;0;0;0;4008;0;0;0;0;0;0;
35963;4846429;555614208;31830016;505409536;0;0;0;0;0;0;0;0;0;0;0;4238;0;0;0;0;0;0;
35964;3566068;555614208;31830016;505409536;0;0;0;0;0;0;0;0;0;0;0;3938;0;0;0;0;0;0;
35965;4847221;555614208;31830016;505409536;0;0;0;0;0;0;0;0;0;0;0;4188;0;0;0;0;0;0;
35966;3626671;555614208;31830016;505409536;0;0;0;0;0;0;0;0;0;0;0;3537;0;0;0;0;0;0;
35967;4831581;555614208;31830016;505409536;0;0;0;0;0;0;0;0;0;0;0;3527;0;0;0;0;0;0;
35968;3635448;555614208;31830016;505409536;0;0;0;0;0;0;0;0;0;0;0;2715;0;0;0;0;0;0;
35969;4637707;555614208;31830016;505409536;0;0;0;0;0;0;0;0;0;0;0;2836;0;0;0;0;0;0;
35970;2476775;555614208;31830016;505409536;0;0;0;0;0;0;0;0;0;0;0;3206;0;0;0;0;0;0;
35971;4671090;555614208;31830016;505409536;0;0;0;0;0;0;0;0;0;0;0;3206;0;0;0;0;0;0;
35972;2458871;555614208;31830016;505409536;0;0;0;0;0;0;0;0;0;0;0;3026;0;0;0;0;0;0;
35973;4624663;555614208;31830016;505409536;0;0;0;0;0;0;0;0;0;0;0;3256;0;0;0;0;0;0;
35974;2619262;555614208;31830016;505409536;0;0;0;0;0;0;0;0;0;0;0;3116;0;0;0;0;0;0;
35975;4629211;555614208;31830016;505409536;0;0;0;0;0;0;0;0;0;0;0;2835;0;0;0;0;0;0;
35976;2488997;555614208;31830016;505409536;0;0;0;0;0;0;0;0;0;0;0;2916;0;0;0;0;0;0;
35977;4581031;555614208;31830016;505409536;0;0;0;0;0;0;0;0;0;0;0;2966;0;0;0;0;0;0;
35978;2884279;555614208;31830016;505409536;0;0;0;0;0;0;0;0;0;0;0;3677;0;0;0;0;0;0;
35979;4865254;555614208;31830016;505409536;0;0;0;0;0;0;0;0;0;0;0;3747;0;0;0;0;0;0;
35980;4062158;555614208;31830016;505409536;0;0;0;0;0;0;0;0;0;0;0;4278;0;0;0;0;0;0;
35981;4735311;555614208;31830016;505409536;0;0;0;0;0;0;0;0;0;0;0;3777;0;0;0;0;0;0;
35982;3731258;555614208;31830016;505409536;0;0;0;0;0;0;0;0;0;0;0;3998;0;0;0;0;0;0;
35983;4809780;555614208;31830016;505409536;0;0;0;0;0;0;0;0;0;0;0;3556;0;0;0;0;0;0;
35984;3451463;555614208;31830016;505409536;0;0;0;0;0;0;0;0;0;0;0;3396;0;0;0;0;0;0;
35985;4722707;555614208;31830016;505409536;0;0;0;0;0;0;0;0;0;0;0;2555;0;0;0;0;0;0;
35986;2556544;555614208;31830016;505409536;0;0;0;0;0;0;0;0;0;0;0;2685;0;0;0;0;0;0;
35987;4894719;555614208;31830016;505409536;0;0;0;0;0;0;0;0;0;0;0;2746;0;0;0;0;0;0;
35988;2413997;555614208;31830016;505409536;0;0;0;0;0;0;0;0;0;0;0;2975;0;0;0;0;0;0;
35989;4710223;555614208;31830016;505409536;0;0;0;0;0;0;0;0;0;0;0;2846;0;0;0;0;0;0;
35990;2674676;555614208;31830016;505409536;0;0;0;0;0;0;0;0;0;0;0;2715;0;0;0;0;0;0;
35991;4620315;555614208;31830016;505409536;0;0;0;0;0;0;0;0;0;0;0;2705;0;0;0;0;0;0;
35992;2430819;555614208;31830016;505409536;0;0;0;0;0;0;0;0;0;0;0;2966;0;0;0;0;0;0;
35993;4635093;555614208;31830016;505409536;0;0;0;0;0;0;0;0;0;0;0;2705;0;0;0;0;0;0;
35994;2581441;555614208;31830016;505409536;0;0;0;0;0;0;0;0;0;0;0;3066;0;0;0;0;0;0;
35995;4639781;555614208;31830016;505409536;0;0;0;0;0;0;0;0;0;0;0;3016;0;0;0;0;0;0;
35996;2527440;555614208;31830016;505409536;0;0;0;0;0;0;0;0;0;0;0;2645;0;0;0;0;0;0;
35997;4536157;555614208;31830016;505409536;0;0;0;0;0;0;0;0;0;0;0;2725;0;0;0;0;0;0;
35998;2457769;555614208;31830016;505409536;0;0;0;0;0;0;0;0;0;0;0;2885;0;0;0;0;0;0;
35999;4658537;555614208;31830016;505409536;0;0;0;0;0;0;0;0;0;0;0;2955;0;0;0;0;0;0;
36000;2559310;555614208;31830016;505409536;0;0;0;0;0;0;0;0;0;0;0;3046;0;0;0;0;0;0;
36001;4468040;555614208;31830016;505409536;0;0;0;0;0;0;0;0;0;0;0;3286;0;0;0;0;0;0;
36002;2445747;555614208;31830016;505409536;0;0;0;0;0;0;0;0;0;0;0;2725;0;0;0;0;0;0;
36003;4522862;555614208;31830016;505409536;0;0;0;0;0;0;0;0;0;0;0;2996;0;0;0;0;0;0;
36004;2580419;555614208;31830016;505409536;0;0;0;0;0;0;0;0;0;0;0;2826;0;0;0;0;0;0;
36005;4493236;555614208;31830016;505409536;0;0;0;0;0;0;0;0;0;0;0;2776;0;0;0;0;0;0;
36006;2475963;555614208;31830016;505409536;0;0;0;0;0;0;0;0;0;0;0;3136;0;0;0;0;0;0;
36007;4719761;555614208;31830016;505409536;0;0;0;0;0;0;0;0;0;0;0;2615;0;0;0;0;0;0;
36008;2660640;555614208;31830016;505409536;0;0;0;0;0;0;0;0;0;0;0;2946;0;0;0;0;0;0;
36009;4491874;555614208;31830016;505409536;0;0;0;0;0;0;0;0;0;0;0;2665;0;0;0;0;0;0;
36010;2643348;555614208;31830016;505409536;0;0;0;0;0;0;0;0;0;0;0;3056;0;0;0;0;0;0;
36011;4497494;555614208;31830016;505409536;0;0;0;0;0;0;0;0;0;0;0;3126;0;0;0;0;0;0;
36012;2565201;555614208;31830016;505409536;0;0;0;0;0;0;0;0;0;0;0;3005;0;0;0;0;0;0;
36013;4538802;555614208;31830016;505409536;0;0;0;0;0;0;0;0;0;0;0;2815;0;0;0;0;0;0;
36014;2557196;555614208;31830016;505409536;0;0;0;0;0;0;0;0;0;0;0;3075;0;0;0;0;0;0;
36015;4522491;555614208;31830016;505409536;0;0;0;0;0;0;0;0;0;0;0;3055;0;0;0;0;0;0;
36016;2475683;555614208;31830016;505409536;0;0;0;0;0;0;0;0;0;0;0;2846;0;0;0;0;0;0;
36017;4504668;555614208;31830016;505409536;0;0;0;0;0;0;0;0;0;0;0;2865;0;0;0;0;0;0;
36018;2449343;555614208;31830016;505409536;0;0;0;0;0;0;0;0;0;0;0;3337;0;0;0;0;0;0;
36019;4545114;555614208;31830016;505409536;0;0;0;0;0;0;0;0;0;0;0;2745;0;0;0;0;0;0;
36020;2594305;555614208;31830016;505409536;0;0;0;0;0;0;0;0;0;0;0;2795;0;0;0;0;0;0;
36021;4458692;555614208;31830016;505409536;0;0;0;0;0;0;0;0;0;0;0;2645;0;0;0;0;0;0;
36022;3014493;555614208;31830016;505409536;0;0;0;0;0;0;0;0;0;0;0;4068;0;0;0;0;0;0;
36023;4797096;555614208;31830016;505409536;0;0;0;0;0;0;0;0;0;0;0;3727;0;0;0;0;0;0;
36024;3695460;555614208;31830016;505409536;0;0;0;0;0;0;0;0;0;0;0;3536;0;0;0;0;0;0;
36025;4709603;555614208;31830016;505409536;0;0;0;0;0;0;0;0;0;0;0;3406;0;0;0;0;0;0;
36026;3694388;555614208;31830016;505409536;0;0;0;0;0;0;0;0;0;0;0;3938;0;0;0;0;0;0;
36027;4985640;555614208;31830016;505409536;0;0;0;0;0;0;0;0;0;0;0;13315;0;0;0;0;0;0;
36028;3882070;555614208;31830016;505409536;0;0;0;0;0;0;0;0;0;0;0;4479;0;0;0;0;0;0;
36029;4865294;555614208;31830016;505409536;0;0;0;0;0;0;0;0;0;0;0;3587;0;0;0;0;0;0;
36030;3690701;555614208;31830016;505409536;0;0;0;0;0;0;0;0;0;0;0;3537;0;0;0;0;0;0;
36031;4892986;555614208;31830016;505409536;0;0;0;0;0;0;0;0;0;0;0;3847;0;0;0;0;0;0;
36032;3556951;555614208;31830016;505409536;0;0;0;0;0;0;0;0;0;0;0;3787;0;0;0;0;0;0;
36033;4874612;555614208;31830016;505409536;0;0;0;0;0;0;0;0;0;0;0;3336;0;0;0;0;0;0;
36034;3783044;555614208;31830016;505409536;0;0;0;0;0;0;0;0;0;0;0;3798;0;0;0;0;0;0;
36035;5000768;555614208;31830016;505409536;0;0;0;0;0;0;0;0;0;0;0;3577;0;0;0;0;0;0;
36036;3604029;555614208;31830016;505409536;0;0;0;0;0;0;0;0;0;0;0;3948;0;0;0;0;0;0;
36037;4880313;555614208;31830016;505409536;0;0;0;0;0;0;0;0;0;0;0;3547;0;0;0;0;0;0;
36038;3640607;555614208;31830016;505409536;0;0;0;0;0;0;0;0;0;0;0;4308;0;0;0;0;0;0;
36039;4868601;555614208;31830016;505409536;0;0;0;0;0;0;0;0;0;0;0;3617;0;0;0;0;0;0;
36040;3471320;555614208;31830016;505409536;0;0;0;0;0;0;0;0;0;0;0;3617;0;0;0;0;0;0;
36041;4902604;555614208;31830016;505409536;0;0;0;0;0;0;0;0;0;0;0;3457;0;0;0;0;0;0;
36042;3567430;555614208;31830016;505409536;0;0;0;0;0;0;0;0;0;0;0;4108;0;0;0;0;0;0;
36043;4995959;555614208;31830016;505409536;0;0;0;0;0;0;0;0;0;0;0;4398;0;0;0;0;0;0;
36044;3601685;555614208;31830016;505409536;0;0;0;0;0;0;0;0;0;0;0;3887;0;0;0;0;0;0;
36045;4949011;555614208;31830016;505409536;0;0;0;0;0;0;0;0;0;0;0;3277;0;0;0;0;0;0;
36046;3729805;555614208;31830016;505409536;0;0;0;0;0;0;0;0;0;0;0;4088;0;0;0;0;0;0;
36047;4952658;555614208;31830016;505409536;0;0;0;0;0;0;0;0;0;0;0;3727;0;0;0;0;0;0;
36048;3518309;555614208;31830016;505409536;0;0;0;0;0;0;0;0;0;0;0;3597;0;0;0;0;0;0;
36049;4876695;555614208;31830016;505409536;0;0;0;0;0;0;0;0;0;0;0;3968;0;0;0;0;0;0;
36050;3518349;555614208;31830016;505409536;0;0;0;0;0;0;0;0;0;0;0;3737;0;0;0;0;0;0;
36051;4923243;555614208;31830016;505409536;0;0;0;0;0;0;0;0;0;0;0;3356;0;0;0;0;0;0;
36052;3504692;555614208;31830016;505409536;0;0;0;0;0;0;0;0;0;0;0;3497;0;0;0;0;0;0;
36053;4838284;555614208;31830016;505409536;0;0;0;0;0;0;0;0;0;0;0;3506;0;0;0;0;0;0;
36054;3674461;555614208;31830016;505409536;0;0;0;0;0;0;0;0;0;0;0;4188;0;0;0;0;0;0;
36055;4889430;555614208;31830016;505409536;0;0;0;0;0;0;0;0;0;0;0;3597;0;0;0;0;0;0;
36056;3471430;555614208;31830016;505409536;0;0;0;0;0;0;0;0;0;0;0;3587;0;0;0;0;0;0;
36057;4830539;555614208;31830016;505409536;0;0;0;0;0;0;0;0;0;0;0;3807;0;0;0;0;0;0;
36058;3546311;555614208;31830016;505409536;0;0;0;0;0;0;0;0;0;0;0;3567;0;0;0;0;0;0;
36059;4838705;555614208;31830016;505409536;0;0;0;0;0;0;0;0;0;0;0;3506;0;0;0;0;0;0;
36060;3637772;555614208;31830016;505409536;0;0;0;0;0;0;0;0;0;0;0;3427;0;0;0;0;0;0;
36061;4812175;555614208;31830016;505409536;0;0;0;0;0;0;0;0;0;0;0;3646;0;0;0;0;0;0;
36062;3581727;555614208;31830016;505409536;0;0;0;0;0;0;0;0;0;0;0;3837;0;0;0;0;0;0;
36063;4927992;555614208;31838208;505417728;0;0;0;0;0;0;0;0;0;0;0;3647;0;0;0;0;0;0;
36064;3520032;555614208;31838208;505417728;0;0;0;0;0;0;0;0;0;0;0;3446;0;0;0;0;0;0;
36065;4808328;555614208;31838208;505417728;0;0;0;0;0;0;0;0;0;0;0;3576;0;0;0;0;0;0;
36066;3621923;555614208;31838208;505417728;0;0;0;0;0;0;0;0;0;0;0;3817;0;0;0;0;0;0;
36067;5168503;555614208;31838208;505417728;0;0;0;0;0;0;0;0;0;0;0;3827;0;0;0;0;0;0;
36068;3639566;555614208;31838208;505417728;0;0;0;0;0;0;0;0;0;0;0;3968;0;0;0;0;0;0;
36069;4724520;555614208;31838208;505417728;0;0;0;0;0;0;0;0;0;0;0;3486;0;0;0;0;0;0;
36070;3854579;555696128;31830016;505409536;0;0;0;0;0;0;0;0;0;0;0;4228;0;0;0;0;0;0;
36071;4982774;555696128;31830016;505409536;0;0;0;0;0;0;0;0;0;0;0;3497;0;0;0;0;0;0;
36072;3675773;555696128;31830016;505409536;0;0;0;0;0;0;0;0;0;0;0;3797;0;0;0;0;0;0;
36073;4951727;555696128;31830016;505409536;0;0;0;0;0;0;0;0;0;0;0;3507;0;0;0;0;0;0;
36074;3640046;555696128;31830016;505409536;0;0;0;0;0;0;0;0;0;0;0;3507;0;0;0;0;0;0;
36075;4874942;555696128;31830016;505409536;0;0;0;0;0;0;0;0;0;0;0;3456;0;0;0;0;0;0;
36076;3473844;555696128;31830016;505409536;0;0;0;0;0;0;0;0;0;0;0;3587;0;0;0;0;0;0;
36077;4973397;555696128;31830016;505409536;0;0;0;0;0;0;0;0;0;0;0;3847;0;0;0;0;0;0;
36078;3537514;555696128;31830016;505409536;0;0;0;0;0;0;0;0;0;0;0;3707;0;0;0;0;0;0;
36079;4959671;555696128;31830016;505409536;0;0;0;0;0;0;0;0;0;0;0;3637;0;0;0;0;0;0;
36080;3556339;555696128;31830016;505409536;0;0;0;0;0;0;0;0;0;0;0;3697;0;0;0;0;0;0;
36081;4761389;555696128;31830016;505409536;0;0;0;0;0;0;0;0;0;0;0;3637;0;0;0;0;0;0;
36082;3770451;555696128;31830016;505409536;0;0;0;0;0;0;0;0;0;0;0;3697;0;0;0;0;0;0;
36083;4751000;555696128;31830016;505409536;0;0;0;0;0;0;0;0;0;0;0;3546;0;0;0;0;0;0;
36084;4037612;555696128;31830016;505409536;0;0;0;0;0;0;0;0;0;0;0;4037;0;0;0;0;0;0;
36085;4798549;555696128;31830016;505409536;0;0;0;0;0;0;0;0;0;0;0;3416;0;0;0;0;0;0;
36086;3857595;555696128;31830016;505409536;0;0;0;0;0;0;0;0;0;0;0;3687;0;0;0;0;0;0;
36087;4947729;555696128;31830016;505409536;0;0;0;0;0;0;0;0;0;0;0;3917;0;0;0;0;0;0;
36088;3438528;555696128;31830016;505409536;0;0;0;0;0;0;0;0;0;0;0;3607;0;0;0;0;0;0;
36089;4876345;555696128;31830016;505409536;0;0;0;0;0;0;0;0;0;0;0;3787;0;0;0;0;0;0;
36090;3794767;555696128;31830016;505409536;0;0;0;0;0;0;0;0;0;0;0;3817;0;0;0;0;0;0;
36091;4926870;555696128;31830016;505409536;0;0;0;0;0;0;0;0;0;0;0;3286;0;0;0;0;0;0;
36092;3528528;555696128;31830016;505409536;0;0;0;0;0;0;0;0;0;0;0;3787;0;0;0;0;0;0;
36093;4869983;555696128;31830016;505409536;0;0;0;0;0;0;0;0;0;0;0;3436;0;0;0;0;0;0;
36094;3587377;555696128;31830016;505409536;0;0;0;0;0;0;0;0;0;0;0;3927;0;0;0;0;0;0;
36095;4817354;555696128;31830016;505409536;0;0;0;0;0;0;0;0;0;0;0;3487;0;0;0;0;0;0;
36096;3498571;555696128;31830016;505409536;0;0;0;0;0;0;0;0;0;0;0;3747;0;0;0;0;0;0;
36097;4833675;555696128;31830016;505409536;0;0;0;0;0;0;0;0;0;0;0;3306;0;0;0;0;0;0;
36098;3535351;555696128;31830016;505409536;0;0;0;0;0;0;0;0;0;0;0;3546;0;0;0;0;0;0;
36099;5151551;555696128;31830016;505409536;0;0;0;0;0;0;0;0;0;0;0;3276;0;0;0;0;0;0;
36100;3580835;555696128;31830016;505409536;0;0;0;0;0;0;0;0;0;0;0;3306;0;0;0;0;0;0;
36101;4839626;555696128;31830016;505409536;0;0;0;0;0;0;0;0;0;0;0;3426;0;0;0;0;0;0;
36102;3604299;555696128;31830016;505409536;0;0;0;0;0;0;0;0;0;0;0;3686;0;0;0;0;0;0;
36103;5000237;555696128;31830016;505409536;0;0;0;0;0;0;0;0;0;0;0;3376;0;0;0;0;0;0;
36104;3616302;555696128;31830016;505409536;0;0;0;0;0;0;0;0;0;0;0;3567;0;0;0;0;0;0;
36105;4952378;555696128;31830016;505409536;0;0;0;0;0;0;0;0;0;0;0;3297;0;0;0;0;0;0;
36106;4774965;555696128;31830016;505409536;0;0;0;0;0;0;0;0;0;0;0;4579;0;0;0;0;0;0;
36107;5222845;555696128;31830016;505409536;0;0;0;0;0;0;0;0;0;0;0;4127;0;0;0;0;0;0;
36108;5085738;555696128;31830016;505409536;0;0;0;0;0;0;0;0;0;0;0;4980;0;0;0;0;0;0;
36109;5323574;555696128;31830016;505409536;0;0;0;0;0;0;0;0;0;0;0;4709;0;0;0;0;0;0;
36110;4438103;555696128;31830016;505409536;0;0;0;0;0;0;0;0;0;0;0;3777;0;0;0;0;0;0;
36111;5135942;555696128;31830016;505409536;0;0;0;0;0;0;0;0;0;0;0;4398;0;0;0;0;0;0;
36112;2906030;555696128;31830016;505409536;0;0;0;0;0;0;0;0;0;0;0;3928;0;0;0;0;0;0;
36113;4862168;555696128;31830016;505409536;0;0;0;0;0;0;0;0;0;0;0;3377;0;0;0;0;0;0;
36114;2930687;555696128;31830016;505409536;0;0;0;0;0;0;0;0;0;0;0;3517;0;0;0;0;0;0;
36115;4874692;555696128;31830016;505409536;0;0;0;0;0;0;0;0;0;0;0;3226;0;0;0;0;0;0;
36116;3062083;555696128;31830016;505409536;0;0;0;0;0;0;0;0;0;0;0;3416;0;0;0;0;0;0;
36117;4708861;555696128;31830016;505409536;0;0;0;0;0;0;0;0;0;0;0;2996;0;0;0;0;0;0;
36118;3102288;555696128;31830016;505409536;0;0;0;0;0;0;0;0;0;0;0;3156;0;0;0;0;0;0;
36119;4883769;555696128;31830016;505409536;0;0;0;0;0;0;0;0;0;0;0;3627;0;0;0;0;0;0;
36120;2923603;555696128;31830016;505409536;0;0;0;0;0;0;0;0;0;0;0;3456;0;0;0;0;0;0;
36121;4805893;555696128;31830016;505409536;0;0;0;0;0;0;0;0;0;0;0;2936;0;0;0;0;0;0;
36122;3058887;555696128;31830016;505409536;0;0;0;0;0;0;0;0;0;0;0;3747;0;0;0;0;0;0;
36123;4932590;555696128;31830016;505409536;0;0;0;0;0;0;0;0;0;0;0;4288;0;0;0;0;0;0;
36124;2926819;555696128;31830016;505409536;0;0;0;0;0;0;0;0;0;0;0;3226;0;0;0;0;0;0;
36125;5085898;555696128;31830016;505409536;0;0;0;0;0;0;0;0;0;0;0;3877;0;0;0;0;0;0;
36126;3119240;555696128;31830016;505409536;0;0;0;0;0;0;0;0;0;0;0;3457;0;0;0;0;0;0;
36127;4833564;555696128;31830016;505409536;0;0;0;0;0;0;0;0;0;0;0;3537;0;0;0;0;0;0;
36128;3049079;555696128;31830016;505409536;0;0;0;0;0;0;0;0;0;0;0;3647;0;0;0;0;0;0;
36129;4799250;555696128;31830016;505409536;0;0;0;0;0;0;0;0;0;0;0;3096;0;0;0;0;0;0;
36130;3517927;555696128;31830016;505409536;0;0;0;0;0;0;0;0;0;0;0;4158;0;0;0;0;0;0;
36131;4882908;555696128;31830016;505409536;0;0;0;0;0;0;0;0;0;0;0;3777;0;0;0;0;0;0;
36132;4158750;555696128;31830016;505409536;0;0;0;0;0;0;0;0;0;0;0;3346;0;0;0;0;0;0;
36133;4780205;555696128;31830016;505409536;0;0;0;0;0;0;0;0;0;0;0;3136;0;0;0;0;0;0;
36134;4485021;555696128;31830016;505409536;0;0;0;0;0;0;0;0;0;0;0;3166;0;0;0;0;0;0;
36135;10899300;555696128;31830016;505409536;0;0;0;0;0;0;0;0;0;0;0;2685;0;0;0;0;0;0;
36136;4363874;555696128;31830016;505409536;0;0;0;0;0;0;0;0;0;0;0;7324;0;0;0;0;0;0;
36137;5518349;555696128;31830016;505409536;0;0;0;0;0;0;0;0;0;0;0;4589;0;0;0;0;0;0;
36138;4418336;555696128;31830016;505409536;0;0;0;0;0;0;0;0;0;0;0;4408;0;0;0;0;0;0;
36139;5505495;555696128;31830016;505409536;0;0;0;0;0;0;0;0;0;0;0;4699;0;0;0;0;0;0;
36140;4335691;555696128;31830016;505409536;0;0;0;0;0;0;0;0;0;0;0;4359;0;0;0;0;0;0;
36141;5499974;555696128;31830016;505409536;0;0;0;0;0;0;0;0;0;0;0;4358;0;0;0;0;0;0;
36142;5074186;555696128;31830016;505409536;0;0;0;0;0;0;0;0;0;0;0;4909;0;0;0;0;0;0;
36143;5884436;555696128;31830016;505409536;0;0;0;0;0;0;0;0;0;0;0;4499;0;0;0;0;0;0;
36144;4514527;555696128;31830016;505409536;0;0;0;0;0;0;0;0;0;0;0;3416;0;0;0;0;0;0;
36145;5068165;555696128;31830016;505409536;0;0;0;0;0;0;0;0;0;0;0;3757;0;0;0;0;0;0;
36146;3038358;555696128;31830016;505409536;0;0;0;0;0;0;0;0;0;0;0;3767;0;0;0;0;0;0;
36147;5076541;555696128;31830016;505409536;0;0;0;0;0;0;0;0;0;0;0;3266;0;0;0;0;0;0;
36148;2923022;555696128;31830016;505409536;0;0;0;0;0;0;0;0;0;0;0;3096;0;0;0;0;0;0;
36149;4896002;555696128;31830016;505409536;0;0;0;0;0;0;0;0;0;0;0;4218;0;0;0;0;0;0;
36150;3740214;555696128;31830016;505409536;0;0;0;0;0;0;0;0;0;0;0;4589;0;0;0;0;0;0;
36151;4947548;555696128;31830016;505409536;0;0;0;0;0;0;0;0;0;0;0;3817;0;0;0;0;0;0;
36152;4094559;555696128;31830016;505409536;0;0;0;0;0;0;0;0;0;0;0;4147;0;0;0;0;0;0;
36153;5056643;555696128;31830016;505409536;0;0;0;0;0;0;0;0;0;0;0;4088;0;0;0;0;0;0;
36154;4204665;555696128;31830016;505409536;0;0;0;0;0;0;0;0;0;0;0;4087;0;0;0;0;0;0;
36155;4996821;555696128;31830016;505409536;0;0;0;0;0;0;0;0;0;0;0;3867;0;0;0;0;0;0;
36156;4150333;555696128;31830016;505409536;0;0;0;0;0;0;0;0;0;0;0;4238;0;0;0;0;0;0;
36157;4966634;555696128;31830016;505409536;0;0;0;0;0;0;0;0;0;0;0;3527;0;0;0;0;0;0;
36158;4362572;555696128;31830016;505409536;0;0;0;0;0;0;0;0;0;0;0;4970;0;0;0;0;0;0;
36159;4959732;555696128;31830016;505409536;0;0;0;0;0;0;0;0;0;0;0;3918;0;0;0;0;0;0;
36160;4529865;555696128;31830016;505409536;0;0;0;0;0;0;0;0;0;0;0;4138;0;0;0;0;0;0;
36161;4808518;555696128;31830016;505409536;0;0;0;0;0;0;0;0;0;0;0;4228;0;0;0;0;0;0;
36162;4360638;555696128;31830016;505409536;0;0;0;0;0;0;0;0;0;0;0;4258;0;0;0;0;0;0;
36163;4929444;555696128;31830016;505409536;0;0;0;0;0;0;0;0;0;0;0;3687;0;0;0;0;0;0;
36164;4193304;555696128;31830016;505409536;0;0;0;0;0;0;0;0;0;0;0;4288;0;0;0;0;0;0;
36165;5073324;555696128;31830016;505409536;0;0;0;0;0;0;0;0;0;0;0;4068;0;0;0;0;0;0;
36166;5196114;555696128;31830016;505409536;0;0;0;0;0;0;0;0;0;0;0;4308;0;0;0;0;0;0;
36167;5470389;555696128;31830016;505409536;0;0;0;0;0;0;0;0;0;0;0;4278;0;0;0;0;0;0;
36168;5299479;555696128;31830016;505409536;0;0;0;0;0;0;0;0;0;0;0;4829;0;0;0;0;0;0;
36169;5210181;555696128;31830016;505409536;0;0;0;0;0;0;0;0;0;0;0;4308;0;0;0;0;0;0;
36170;5367717;555696128;31830016;505409536;0;0;0;0;0;0;0;0;0;0;0;4118;0;0;0;0;0;0;
36171;5097330;555696128;31830016;505409536;0;0;0;0;0;0;0;0;0;0;0;3807;0;0;0;0;0;0;
36172;4148901;555696128;31830016;505409536;0;0;0;0;0;0;0;0;0;0;0;4529;0;0;0;0;0;0;
36173;5295582;555696128;31830016;505409536;0;0;0;0;0;0;0;0;0;0;0;5100;0;0;0;0;0;0;
36174;4443343;555696128;31830016;505409536;0;0;0;0;0;0;0;0;0;0;0;5420;0;0;0;0;0;0;
36175;5149698;555696128;31830016;505409536;0;0;0;0;0;0;0;0;0;0;0;5650;0;0;0;0;0;0;
36176;4752914;555696128;31830016;505409536;0;0;0;0;0;0;0;0;0;0;0;4970;0;0;0;0;0;0;
36177;5668230;555696128;31830016;505409536;0;0;0;0;0;0;0;0;0;0;0;5370;0;0;0;0;0;0;
36178;6449185;555696128;31830016;505409536;0;0;0;0;0;0;0;0;0;0;0;5210;0;0;0;0;0;0;
36179;6121280;555696128;31830016;505409536;0;0;0;0;0;0;0;0;0;0;0;5099;0;0;0;0;0;0;
36180;5611393;555696128;31830016;505409536;0;0;0;0;0;0;0;0;0;0;0;4268;0;0;0;0;0;0;
36181;5495396;555696128;31830016;505409536;0;0;0;0;0;0;0;0;0;0;0;4669;0;0;0;0;0;0;
36182;4371028;555696128;31830016;505409536;0;0;0;0;0;0;0;0;0;0;0;4548;0;0;0;0;0;0;
36183;5491429;555696128;31830016;505409536;0;0;0;0;0;0;0;0;0;0;0;4599;0;0;0;0;0;0;
36184;3299378;555696128;31830016;505409536;0;0;0;0;0;0;0;0;0;0;0;3356;0;0;0;0;0;0;
36185;4705755;555696128;31830016;505409536;0;0;0;0;0;0;0;0;0;0;0;2816;0;0;0;0;0;0;
36186;3008492;555696128;31830016;505409536;0;0;0;0;0;0;0;0;0;0;0;3256;0;0;0;0;0;0;
36187;4988415;555696128;31830016;505409536;0;0;0;0;0;0;0;0;0;0;0;4048;0;0;0;0;0;0;
36188;3206574;555696128;31830016;505409536;0;0;0;0;0;0;0;0;0;0;0;3256;0;0;0;0;0;0;
36189;4604716;555696128;31830016;505409536;0;0;0;0;0;0;0;0;0;0;0;3196;0;0;0;0;0;0;
36190;3267057;555696128;31830016;505409536;0;0;0;0;0;0;0;0;0;0;0;3627;0;0;0;0;0;0;
36191;4705254;555696128;31830016;505409536;0;0;0;0;0;0;0;0;0;0;0;2825;0;0;0;0;0;0;
36192;3375080;555696128;31830016;505409536;0;0;0;0;0;0;0;0;0;0;0;3076;0;0;0;0;0;0;
36193;4696618;555696128;31830016;505409536;0;0;0;0;0;0;0;0;0;0;0;2955;0;0;0;0;0;0;
36194;3142313;555696128;31830016;505409536;0;0;0;0;0;0;0;0;0;0;0;3045;0;0;0;0;0;0;
36195;5155729;555696128;31830016;505409536;0;0;0;0;0;0;0;0;0;0;0;3877;0;0;0;0;0;0;
36196;3031997;555696128;31830016;505409536;0;0;0;0;0;0;0;0;0;0;0;3927;0;0;0;0;0;0;
36197;4670359;555696128;31830016;505409536;0;0;0;0;0;0;0;0;0;0;0;3066;0;0;0;0;0;0;
36198;3096047;555696128;31830016;505409536;0;0;0;0;0;0;0;0;0;0;0;3366;0;0;0;0;0;0;
36199;5048478;555696128;31830016;505409536;0;0;0;0;0;0;0;0;0;0;0;3778;0;0;0;0;0;0;
36200;3102438;555696128;31830016;505409536;0;0;0;0;0;0;0;0;0;0;0;3356;0;0;0;0;0;0;
36201;4733257;555696128;31830016;505409536;0;0;0;0;0;0;0;0;0;0;0;2575;0;0;0;0;0;0;
36202;3806548;555696128;31830016;505409536;0;0;0;0;0;0;0;0;0;0;0;4378;0;0;0;0;0;0;
36203;5150589;555696128;31830016;505409536;0;0;0;0;0;0;0;0;0;0;0;3967;0;0;0;0;0;0;
36204;4154982;555696128;31830016;505409536;0;0;0;0;0;0;0;0;0;0;0;3957;0;0;0;0;0;0;
36205;4932240;555696128;31830016;505409536;0;0;0;0;0;0;0;0;0;0;0;3887;0;0;0;0;0;0;
36206;4118053;555696128;31830016;505409536;0;0;0;0;0;0;0;0;0;0;0;4078;0;0;0;0;0;0;
36207;4984969;555696128;31830016;505409536;0;0;0;0;0;0;0;0;0;0;0;3888;0;0;0;0;0;0;
36208;4312187;555696128;31830016;505409536;0;0;0;0;0;0;0;0;0;0;0;4218;0;0;0;0;0;0;
36209;5009545;555696128;31830016;505409536;0;0;0;0;0;0;0;0;0;0;0;3526;0;0;0;0;0;0;
36210;4507213;555696128;31830016;505409536;0;0;0;0;0;0;0;0;0;0;0;4017;0;0;0;0;0;0;
36211;5090446;555696128;31830016;505409536;0;0;0;0;0;0;0;0;0;0;0;3937;0;0;0;0;0;0;
36212;4559190;555696128;31830016;505409536;0;0;0;0;0;0;0;0;0;0;0;3737;0;0;0;0;0;0;
36213;4898546;555696128;31830016;505409536;0;0;0;0;0;0;0;0;0;0;0;3597;0;0;0;0;0;0;
36214;4522281;555696128;31830016;505409536;0;0;0;0;0;0;0;0;0;0;0;3567;0;0;0;0;0;0;
36215;4944413;555696128;31830016;505409536;0;0;0;0;0;0;0;0;0;0;0;2996;0;0;0;0;0;0;
36216;4377851;555696128;31830016;505409536;0;0;0;0;0;0;0;0;0;0;0;10109;0;0;0;0;0;0;
36217;4905519;555696128;31830016;505409536;0;0;0;0;0;0;0;0;0;0;0;3186;0;0;0;0;0;0;
36218;4243037;555696128;31830016;505409536;0;0;0;0;0;0;0;0;0;0;0;3396;0;0;0;0;0;0;
36219;4857439;555696128;31830016;505409536;0;0;0;0;0;0;0;0;0;0;0;3116;0;0;0;0;0;0;
36220;3236119;555696128;31830016;505409536;0;0;0;0;0;0;0;0;0;0;0;4067;0;0;0;0;0;0;
36221;4821202;555696128;31830016;505409536;0;0;0;0;0;0;0;0;0;0;0;3507;0;0;0;0;0;0;
36222;3553515;555696128;31830016;505409536;0;0;0;0;0;0;0;0;0;0;0;4008;0;0;0;0;0;0;
36223;5279020;555696128;31830016;505409536;0;0;0;0;0;0;0;0;0;0;0;3747;0;0;0;0;0;0;
36224;4418036;555696128;31830016;505409536;0;0;0;0;0;0;0;0;0;0;0;4238;0;0;0;0;0;0;
36225;5486369;555696128;31830016;505409536;0;0;0;0;0;0;0;0;0;0;0;4669;0;0;0;0;0;0;
36226;6082467;555696128;31830016;505409536;0;0;0;0;0;0;0;0;0;0;0;5020;0;0;0;0;0;0;
36227;5708706;555696128;31830016;505409536;0;0;0;0;0;0;0;0;0;0;0;4618;0;0;0;0;0;0;
36228;4239521;555696128;31830016;505409536;0;0;0;0;0;0;0;0;0;0;0;4829;0;0;0;0;0;0;
36229;5319487;555696128;31830016;505409536;0;0;0;0;0;0;0;0;0;0;0;4348;0;0;0;0;0;0;
36230;4355137;555696128;31830016;505409536;0;0;0;0;0;0;0;0;0;0;0;4388;0;0;0;0;0;0;
36231;5289810;555696128;31830016;505409536;0;0;0;0;0;0;0;0;0;0;0;4659;0;0;0;0;0;0;
36232;4149372;555696128;31830016;505409536;0;0;0;0;0;0;0;0;0;0;0;4929;0;0;0;0;0;0;
36233;5043017;555696128;31830016;505409536;0;0;0;0;0;0;0;0;0;0;0;3677;0;0;0;0;0;0;
36234;4296949;555696128;31830016;505409536;0;0;0;0;0;0;0;0;0;0;0;3958;0;0;0;0;0;0;
36235;5081881;555696128;31830016;505409536;0;0;0;0;0;0;0;0;0;0;0;3837;0;0;0;0;0;0;
36236;4282181;555696128;31830016;505409536;0;0;0;0;0;0;0;0;0;0;0;4058;0;0;0;0;0;0;
36237;5163393;555696128;31830016;505409536;0;0;0;0;0;0;0;0;0;0;0;3727;0;0;0;0;0;0;
36238;4419639;555696128;31830016;505409536;0;0;0;0;0;0;0;0;0;0;0;4738;0;0;0;0;0;0;
36239;5157592;555696128;31830016;505409536;0;0;0;0;0;0;0;0;0;0;0;4339;0;0;0;0;0;0;
36240;4050536;555696128;31830016;505409536;0;0;0;0;0;0;0;0;0;0;0;3587;0;0;0;0;0;0;
36241;5250146;555696128;31830016;505409536;0;0;0;0;0;0;0;0;0;0;0;5010;0;0;0;0;0;0;
36242;4080853;555696128;31830016;505409536;0;0;0;0;0;0;0;0;0;0;0;4098;0;0;0;0;0;0;
36243;5516626;555696128;31830016;505409536;0;0;0;0;0;0;0;0;0;0;0;4248;0;0;0;0;0;0;
36244;4377490;555696128;31830016;505409536;0;0;0;0;0;0;0;0;0;0;0;5139;0;0;0;0;0;0;
36245;5193169;555696128;31830016;505409536;0;0;0;0;0;0;0;0;0;0;0;4669;0;0;0;0;0;0;
36246;4214353;555696128;31830016;505409536;0;0;0;0;0;0;0;0;0;0;0;4458;0;0;0;0;0;0;
36247;5027849;555696128;31830016;505409536;0;0;0;0;0;0;0;0;0;0;0;3968;0;0;0;0;0;0;
36248;4347072;555696128;31830016;505409536;0;0;0;0;0;0;0;0;0;0;0;4047;0;0;0;0;0;0;
36249;4921170;555696128;31830016;505409536;0;0;0;0;0;0;0;0;0;0;0;4098;0;0;0;0;0;0;
36250;4216357;555696128;31830016;505409536;0;0;0;0;0;0;0;0;0;0;0;4258;0;0;0;0;0;0;
36251;5272448;555696128;31830016;505409536;0;0;0;0;0;0;0;0;0;0;0;3987;0;0;0;0;0;0;
36252;4207902;555696128;31830016;505409536;0;0;0;0;0;0;0;0;0;0;0;4208;0;0;0;0;0;0;
36253;5314667;555696128;31830016;505409536;0;0;0;0;0;0;0;0;0;0;0;4619;0;0;0;0;0;0;
36254;4190309;555696128;31830016;505409536;0;0;0;0;0;0;0;0;0;0;0;4138;0;0;0;0;0;0;
36255;5117407;555696128;31830016;505409536;0;0;0;0;0;0;0;0;0;0;0;4408;0;0;0;0;0;0;
36256;4357512;555696128;31830016;505409536;0;0;0;0;0;0;0;0;0;0;0;4739;0;0;0;0;0;0;
36257;5278960;555696128;31830016;505409536;0;0;0;0;0;0;0;0;0;0;0;4329;0;0;0;0;0;0;
36258;4101312;555696128;31830016;505409536;0;0;0;0;0;0;0;0;0;0;0;4208;0;0;0;0;0;0;
36259;5152272;555696128;31830016;505409536;0;0;0;0;0;0;0;0;0;0;0;4318;0;0;0;0;0;0;
36260;4344037;555696128;31830016;505409536;0;0;0;0;0;0;0;0;0;0;0;3707;0;0;0;0;0;0;
36261;5031356;555696128;31830016;505409536;0;0;0;0;0;0;0;0;0;0;0;3707;0;0;0;0;0;0;
36262;4214213;555696128;31830016;505409536;0;0;0;0;0;0;0;0;0;0;0;4017;0;0;0;0;0;0;
36263;5019925;555696128;31830016;505409536;0;0;0;0;0;0;0;0;0;0;0;3426;0;0;0;0;0;0;
36264;4168748;555696128;31830016;505409536;0;0;0;0;0;0;0;0;0;0;0;4208;0;0;0;0;0;0;
36265;5218747;555696128;31830016;505409536;0;0;0;0;0;0;0;0;0;0;0;4158;0;0;0;0;0;0;
36266;4197081;555696128;31830016;505409536;0;0;0;0;0;0;0;0;0;0;0;4018;0;0;0;0;0;0;
36267;5347930;555696128;31830016;505409536;0;0;0;0;0;0;0;0;0;0;0;5009;0;0;0;0;0;0;
36268;4070293;555696128;31830016;505409536;0;0;0;0;0;0;0;0;0;0;0;4298;0;0;0;0;0;0;
36269;5230740;555696128;31830016;505409536;0;0;0;0;0;0;0;0;0;0;0;4889;0;0;0;0;0;0;
36270;4198674;555696128;31830016;505409536;0;0;0;0;0;0;0;0;0;0;0;4519;0;0;0;0;0;0;
36271;5289450;555696128;31830016;505409536;0;0;0;0;0;0;0;0;0;0;0;4638;0;0;0;0;0;0;
36272;4066877;555696128;31830016;505409536;0;0;0;0;0;0;0;0;0;0;0;3807;0;0;0;0;0;0;
36273;5219078;555696128;31830016;505409536;0;0;0;0;0;0;0;0;0;0;0;4248;0;0;0;0;0;0;
36274;4172645;555696128;31830016;505409536;0;0;0;0;0;0;0;0;0;0;0;3937;0;0;0;0;0;0;
36275;5389477;555696128;31830016;505409536;0;0;0;0;0;0;0;0;0;0;0;4388;0;0;0;0;0;0;
36276;4268685;555696128;31830016;505409536;0;0;0;0;0;0;0;0;0;0;0;5029;0;0;0;0;0;0;
36277;5195484;555696128;31830016;505409536;0;0;0;0;0;0;0;0;0;0;0;4399;0;0;0;0;0;0;
36278;4293251;555696128;31830016;505409536;0;0;0;0;0;0;0;0;0;0;0;3917;0;0;0;0;0;0;
36279;5218056;555696128;31830016;505409536;0;0;0;0;0;0;0;0;0;0;0;4719;0;0;0;0;0;0;
36280;3087150;555696128;31830016;505409536;0;0;0;0;0;0;0;0;0;0;0;3456;0;0;0;0;0;0;
36281;5091158;555696128;31830016;505409536;0;0;0;0;0;0;0;0;0;0;0;4659;0;0;0;0;0;0;
36282;3139437;555696128;31830016;505409536;0;0;0;0;0;0;0;0;0;0;0;4569;0;0;0;0;0;0;
36283;4669637;555696128;31830016;505409536;0;0;0;0;0;0;0;0;0;0;0;2785;0;0;0;0;0;0;
36284;3098891;555696128;31830016;505409536;0;0;0;0;0;0;0;0;0;0;0;3276;0;0;0;0;0;0;
36285;4627809;555696128;31830016;505409536;0;0;0;0;0;0;0;0;0;0;0;3216;0;0;0;0;0;0;
36286;3396670;555696128;31830016;505409536;0;0;0;0;0;0;0;0;0;0;0;3407;0;0;0;0;0;0;
36287;4798259;555696128;31830016;505409536;0;0;0;0;0;0;0;0;0;0;0;2766;0;0;0;0;0;0;
36288;2876815;555696128;31830016;505409536;0;0;0;0;0;0;0;0;0;0;0;3156;0;0;0;0;0;0;
36289;4968899;555696128;31830016;505409536;0;0;0;0;0;0;0;0;0;0;0;3417;0;0;0;0;0;0;
36290;2938531;555696128;31830016;505409536;0;0;0;0;0;0;0;0;0;0;0;3707;0;0;0;0;0;0;
36291;4869252;555696128;31830016;505409536;0;0;0;0;0;0;0;0;0;0;0;3276;0;0;0;0;0;0;
36292;2946707;555696128;31830016;505409536;0;0;0;0;0;0;0;0;0;0;0;3306;0;0;0;0;0;0;
36293;4826882;555696128;31830016;505409536;0;0;0;0;0;0;0;0;0;0;0;4128;0;0;0;0;0;0;
36294;3177138;555696128;31830016;505409536;0;0;0;0;0;0;0;0;0;0;0;3717;0;0;0;0;0;0;
36295;4841820;555696128;31830016;505409536;0;0;0;0;0;0;0;0;0;0;0;2905;0;0;0;0;0;0;
36296;3195934;555696128;31830016;505409536;0;0;0;0;0;0;0;0;0;0;0;3116;0;0;0;0;0;0;
36297;4694104;555696128;31830016;505409536;0;0;0;0;0;0;0;0;0;0;0;3076;0;0;0;0;0;0;
36298;3000908;555696128;31830016;505409536;0;0;0;0;0;0;0;0;0;0;0;3537;0;0;0;0;0;0;
36299;4952738;555696128;31830016;505409536;0;0;0;0;0;0;0;0;0;0;0;3506;0;0;0;0;0;0;
36300;2899869;555696128;31830016;505409536;0;0;0;0;0;0;0;0;0;0;0;3868;0;0;0;0;0;0;
36301;4767712;555696128;31830016;505409536;0;0;0;0;0;0;0;0;0;0;0;3226;0;0;0;0;0;0;
36302;3021557;555696128;31830016;505409536;0;0;0;0;0;0;0;0;0;0;0;3296;0;0;0;0;0;0;
36303;4909647;555696128;31830016;505409536;0;0;0;0;0;0;0;0;0;0;0;3687;0;0;0;0;0;0;
36304;3179924;555696128;31830016;505409536;0;0;0;0;0;0;0;0;0;0;0;3206;0;0;0;0;0;0;
36305;4630514;555696128;31830016;505409536;0;0;0;0;0;0;0;0;0;0;0;8796;0;0;0;0;0;0;
36306;3077180;555696128;31830016;505409536;0;0;0;0;0;0;0;0;0;0;0;3256;0;0;0;0;0;0;
36307;4673244;555696128;31830016;505409536;0;0;0;0;0;0;0;0;0;0;0;3246;0;0;0;0;0;0;
36308;3009153;555696128;31830016;505409536;0;0;0;0;0;0;0;0;0;0;0;4879;0;0;0;0;0;0;
36309;4618412;555696128;31830016;505409536;0;0;0;0;0;0;0;0;0;0;0;2785;0;0;0;0;0;0;
36310;2823225;555696128;31830016;505409536;0;0;0;0;0;0;0;0;0;0;0;5149;0;0;0;0;0;0;
36311;4780215;555696128;31830016;505409536;0;0;0;0;0;0;0;0;0;0;0;2595;0;0;0;0;0;0;
36312;2822093;555696128;31830016;505409536;0;0;0;0;0;0;0;0;0;0;0;2885;0;0;0;0;0;0;
36313;4830850;555696128;31830016;505409536;0;0;0;0;0;0;0;0;0;0;0;3546;0;0;0;0;0;0;
36314;3167690;555696128;31830016;505409536;0;0;0;0;0;0;0;0;0;0;0;3566;0;0;0;0;0;0;
36315;4627748;555696128;31830016;505409536;0;0;0;0;0;0;0;0;0;0;0;2836;0;0;0;0;0;0;
36316;2996830;555696128;31830016;505409536;0;0;0;0;0;0;0;0;0;0;0;3096;0;0;0;0;0;0;
36317;4563999;555696128;31830016;505409536;0;0;0;0;0;0;0;0;0;0;0;2765;0;0;0;0;0;0;
36318;3106546;555696128;31830016;505409536;0;0;0;0;0;0;0;0;0;0;0;3556;0;0;0;0;0;0;
36319;4674697;555696128;31830016;505409536;0;0;0;0;0;0;0;0;0;0;0;2866;0;0;0;0;0;0;
36320;2964169;555696128;31830016;505409536;0;0;0;0;0;0;0;0;0;0;0;3717;0;0;0;0;0;0;
36321;4713750;555696128;31830016;505409536;0;0;0;0;0;0;0;0;0;0;0;3326;0;0;0;0;0;0;
36322;3043398;555696128;31830016;505409536;0;0;0;0;0;0;0;0;0;0;0;3176;0;0;0;0;0;0;
36323;5192638;555696128;31830016;505409536;0;0;0;0;0;0;0;0;0;0;0;3667;0;0;0;0;0;0;
36324;2894608;555696128;31830016;505409536;0;0;0;0;0;0;0;0;0;0;0;3517;0;0;0;0;0;0;
36325;4546336;555696128;31830016;505409536;0;0;0;0;0;0;0;0;0;0;0;3296;0;0;0;0;0;0;
36326;3328282;555696128;31830016;505409536;0;0;0;0;0;0;0;0;0;0;0;3296;0;0;0;0;0;0;
36327;4718830;555696128;31830016;505409536;0;0;0;0;0;0;0;0;0;0;0;3416;0;0;0;0;0;0;
36328;3227493;555696128;31830016;505409536;0;0;0;0;0;0;0;0;0;0;0;3526;0;0;0;0;0;0;
36329;4819588;555696128;31830016;505409536;0;0;0;0;0;0;0;0;0;0;0;3266;0;0;0;0;0;0;
36330;2949271;555696128;31830016;505409536;0;0;0;0;0;0;0;0;0;0;0;3146;0;0;0;0;0;0;
36331;5113110;555696128;31830016;505409536;0;0;0;0;0;0;0;0;0;0;0;3487;0;0;0;0;0;0;
36332;3065760;555696128;31830016;505409536;0;0;0;0;0;0;0;0;0;0;0;4158;0;0;0;0;0;0;
36333;4841540;555696128;31830016;505409536;0;0;0;0;0;0;0;0;0;0;0;3366;0;0;0;0;0;0;
36334;3050531;555696128;31830016;505409536;0;0;0;0;0;0;0;0;0;0;0;2946;0;0;0;0;0;0;
36335;4951636;555696128;31830016;505409536;0;0;0;0;0;0;0;0;0;0;0;4238;0;0;0;0;0;0;
36336;3195001;555696128;31830016;505409536;0;0;0;0;0;0;0;0;0;0;0;3727;0;0;0;0;0;0;
36337;4723048;555696128;31830016;505409536;0;0;0;0;0;0;0;0;0;0;0;2775;0;0;0;0;0;0;
36338;3198468;555696128;31830016;505409536;0;0;0;0;0;0;0;0;0;0;0;4038;0;0;0;0;0;0;
36339;4731774;555696128;31830016;505409536;0;0;0;0;0;0;0;0;0;0;0;2475;0;0;0;0;0;0;
36340;3536131;555696128;31830016;505409536;0;0;0;0;0;0;0;0;0;0;0;3106;0;0;0;0;0;0;
36341;4653326;555696128;31830016;505409536;0;0;0;0;0;0;0;0;0;0;0;2665;0;0;0;0;0;0;
36342;3187097;555696128;31830016;505409536;0;0;0;0;0;0;0;0;0;0;0;2885;0;0;0;0;0;0;
36343;5206705;555696128;31830016;505409536;0;0;0;0;0;0;0;0;0;0;0;3697;0;0;0;0;0;0;
36344;3631199;555696128;31830016;505409536;0;0;0;0;0;0;0;0;0;0;0;3767;0;0;0;0;0;0;
36345;5306432;555696128;31830016;505409536;0;0;0;0;0;0;0;0;0;0;0;4658;0;0;0;0;0;0;
36346;4182965;555696128;31830016;505409536;0;0;0;0;0;0;0;0;0;0;0;3907;0;0;0;0;0;0;
36347;5661277;555696128;31830016;505409536;0;0;0;0;0;0;0;0;0;0;0;4458;0;0;0;0;0;0;
36348;4562086;555696128;31830016;505409536;0;0;0;0;0;0;0;0;0;0;0;4047;0;0;0;0;0;0;
36349;5470059;555696128;31830016;505409536;0;0;0;0;0;0;0;0;0;0;0;3887;0;0;0;0;0;0;
36350;3532345;555696128;31830016;505409536;0;0;0;0;0;0;0;0;0;0;0;3256;0;0;0;0;0;0;
36351;4900611;555696128;31830016;505409536;0;0;0;0;0;0;0;0;0;0;0;2725;0;0;0;0;0;0;
36352;2957096;555696128;31830016;505409536;0;0;0;0;0;0;0;0;0;0;0;3557;0;0;0;0;0;0;
36353;4999315;555696128;31830016;505409536;0;0;0;0;0;0;0;0;0;0;0;3015;0;0;0;0;0;0;
36354;3125952;555696128;31830016;505409536;0;0;0;0;0;0;0;0;0;0;0;3356;0;0;0;0;0;0;
36355;4647015;555696128;31830016;505409536;0;0;0;0;0;0;0;0;0;0;0;2825;0;0;0;0;0;0;
36356;3128146;555696128;31830016;505409536;0;0;0;0;0;0;0;0;0;0;0;2936;0;0;0;0;0;0;
36357;4637587;555696128;31830016;505409536;0;0;0;0;0;0;0;0;0;0;0;2425;0;0;0;0;0;0;
36358;12520611;555696128;31830016;505409536;0;0;0;0;0;0;0;0;0;0;0;4749;0;0;0;0;0;0;
36359;5427559;555696128;31830016;505409536;0;0;0;0;0;0;0;0;0;0;0;2875;0;0;0;0;0;0;
36360;3077040;555696128;31830016;505409536;0;0;0;0;0;0;0;0;0;0;0;3196;0;0;0;0;0;0;
36361;4631096;555696128;31830016;505409536;0;0;0;0;0;0;0;0;0;0;0;2595;0;0;0;0;0;0;
36362;3276875;555696128;31830016;505409536;0;0;0;0;0;0;0;0;0;0;0;3847;0;0;0;0;0;0;
36363;4948851;555696128;31830016;505409536;0;0;0;0;0;0;0;0;0;0;0;2344;0;0;0;0;0;0;
36364;3638553;555696128;31830016;505409536;0;0;0;0;0;0;0;0;0;0;0;4238;0;0;0;0;0;0;
36365;4996841;555696128;31830016;505409536;0;0;0;0;0;0;0;0;0;0;0;3336;0;0;0;0;0;0;
36366;3989441;555696128;31830016;505409536;0;0;0;0;0;0;0;0;0;0;0;3968;0;0;0;0;0;0;
36367;5282727;555696128;31830016;505409536;0;0;0;0;0;0;0;0;0;0;0;3397;0;0;0;0;0;0;
36368;4015361;555696128;31830016;505409536;0;0;0;0;0;0;0;0;0;0;0;3908;0;0;0;0;0;0;
36369;5236661;555696128;31830016;505409536;0;0;0;0;0;0;0;0;0;0;0;3927;0;0;0;0;0;0;
36370;4580801;555696128;31830016;505409536;0;0;0;0;0;0;0;0;0;0;0;4949;0;0;0;0;0;0;
36371;5150840;555696128;31830016;505409536;0;0;0;0;0;0;0;0;0;0;0;3336;0;0;0;0;0;0;
36372;4348395;555696128;31830016;505409536;0;0;0;0;0;0;0;0;0;0;0;4308;0;0;0;0;0;0;
36373;4962347;555696128;31830016;505409536;0;0;0;0;0;0;0;0;0;0;0;3567;0;0;0;0;0;0;
36374;4499048;555696128;31830016;505409536;0;0;0;0;0;0;0;0;0;0;0;3627;0;0;0;0;0;0;
36375;4990790;555696128;31830016;505409536;0;0;0;0;0;0;0;0;0;0;0;2976;0;0;0;0;0;0;
36376;4120618;555696128;31830016;505409536;0;0;0;0;0;0;0;0;0;0;0;3416;0;0;0;0;0;0;
36377;4894539;555696128;31830016;505409536;0;0;0;0;0;0;0;0;0;0;0;3627;0;0;0;0;0;0;
36378;3800678;555696128;31830016;505409536;0;0;0;0;0;0;0;0;0;0;0;2845;0;0;0;0;0;0;
36379;4788510;555696128;31830016;505409536;0;0;0;0;0;0;0;0;0;0;0;2615;0;0;0;0;0;0;
36380;2990388;555696128;31830016;505409536;0;0;0;0;0;0;0;0;0;0;0;2966;0;0;0;0;0;0;
36381;4775406;555696128;31830016;505409536;0;0;0;0;0;0;0;0;0;0;0;2575;0;0;0;0;0;0;
36382;2993524;555696128;31830016;505409536;0;0;0;0;0;0;0;0;0;0;0;2905;0;0;0;0;0;0;
36383;4770326;555696128;31830016;505409536;0;0;0;0;0;0;0;0;0;0;0;2905;0;0;0;0;0;0;
36384;2967976;555696128;31830016;505409536;0;0;0;0;0;0;0;0;0;0;0;2755;0;0;0;0;0;0;
36385;4647406;555696128;31830016;505409536;0;0;0;0;0;0;0;0;0;0;0;2635;0;0;0;0;0;0;
36386;2992743;555696128;31830016;505409536;0;0;0;0;0;0;0;0;0;0;0;2705;0;0;0;0;0;0;
36387;4624944;555696128;31830016;505409536;0;0;0;0;0;0;0;0;0;0;0;2274;0;0;0;0;0;0;
36388;3200502;555696128;31830016;505409536;0;0;0;0;0;0;0;0;0;0;0;2946;0;0;0;0;0;0;
36389;4679826;555696128;31830016;505409536;0;0;0;0;0;0;0;0;0;0;0;3116;0;0;0;0;0;0;
36390;3360813;555696128;31830016;505409536;0;0;0;0;0;0;0;0;0;0;0;2936;0;0;0;0;0;0;
36391;4603253;555696128;31830016;505409536;0;0;0;0;0;0;0;0;0;0;0;2925;0;0;0;0;0;0;
36392;3174423;555696128;31830016;505409536;0;0;0;0;0;0;0;0;0;0;0;3447;0;0;0;0;0;0;
36393;4609414;555696128;31830016;505409536;0;0;0;0;0;0;0;0;0;0;0;2685;0;0;0;0;0;0;
36394;3235839;555696128;31830016;505409536;0;0;0;0;0;0;0;0;0;0;0;3516;0;0;0;0;0;0;
36395;4677031;555696128;31830016;505409536;0;0;0;0;0;0;0;0;0;0;0;2445;0;0;0;0;0;0;
36396;3438098;555696128;31830016;505409536;0;0;0;0;0;0;0;0;0;0;0;3216;0;0;0;0;0;0;
36397;4675729;555696128;31830016;505409536;0;0;0;0;0;0;0;0;0;0;0;2375;0;0;0;0;0;0;
36398;3353178;555696128;31830016;505409536;0;0;0;0;0;0;0;0;0;0;0;4258;0;0;0;0;0;0;
36399;4762211;555696128;31830016;505409536;0;0;0;0;0;0;0;0;0;0;0;3687;0;0;0;0;0;0;
36400;3203087;555696128;31830016;505409536;0;0;0;0;0;0;0;0;0;0;0;2495;0;0;0;0;0;0;
36401;4616057;555696128;31830016;505409536;0;0;0;0;0;0;0;0;0;0;0;2585;0;0;0;0;0;0;
36402;2957857;555696128;31830016;505409536;0;0;0;0;0;0;0;0;0;0;0;3686;0;0;0;0;0;0;
36403;4717958;555696128;31830016;505409536;0;0;0;0;0;0;0;0;0;0;0;2765;0;0;0;0;0;0;
36404;2748925;555696128;31830016;505409536;0;0;0;0;0;0;0;0;0;0;0;2785;0;0;0;0;0;0;
36405;4789872;555696128;31830016;505409536;0;0;0;0;0;0;0;0;0;0;0;2695;0;0;0;0;0;0;
36406;3289218;555696128;31830016;505409536;0;0;0;0;0;0;0;0;0;0;0;2726;0;0;0;0;0;0;
36407;4888147;555696128;31830016;505409536;0;0;0;0;0;0;0;0;0;0;0;3617;0;0;0;0;0;0;
36408;3043137;555696128;31830016;505409536;0;0;0;0;0;0;0;0;0;0;0;3337;0;0;0;0;0;0;
36409;5191927;555696128;31830016;505409536;0;0;0;0;0;0;0;0;0;0;0;3937;0;0;0;0;0;0;
36410;3163202;555696128;31830016;505409536;0;0;0;0;0;0;0;0;0;0;0;4348;0;0;0;0;0;0;
36411;5065910;555696128;31830016;505409536;0;0;0;0;0;0;0;0;0;0;0;2956;0;0;0;0;0;0;
36412;3857765;555696128;31830016;505409536;0;0;0;0;0;0;0;0;0;0;0;3968;0;0;0;0;0;0;
36413;5478404;555696128;31830016;505409536;0;0;0;0;0;0;0;0;0;0;0;4078;0;0;0;0;0;0;
36414;4322647;555696128;31830016;505409536;0;0;0;0;0;0;0;0;0;0;0;4008;0;0;0;0;0;0;
36415;5417419;555696128;31830016;505409536;0;0;0;0;0;0;0;0;0;0;0;3596;0;0;0;0;0;0;
36416;4119876;555696128;31830016;505409536;0;0;0;0;0;0;0;0;0;0;0;4428;0;0;0;0;0;0;
36417;5468655;555696128;31830016;505409536;0;0;0;0;0;0;0;0;0;0;0;4349;0;0;0;0;0;0;
36418;3868425;555696128;31830016;505409536;0;0;0;0;0;0;0;0;0;0;0;3868;0;0;0;0;0;0;
36419;5154216;555696128;31830016;505409536;0;0;0;0;0;0;0;0;0;0;0;4067;0;0;0;0;0;0;
36420;3522165;555696128;31830016;505409536;0;0;0;0;0;0;0;0;0;0;0;3547;0;0;0;0;0;0;
36421;4963819;555696128;31830016;505409536;0;0;0;0;0;0;0;0;0;0;0;3657;0;0;0;0;0;0;
36422;3159375;555696128;31830016;505409536;0;0;0;0;0;0;0;0;0;0;0;4027;0;0;0;0;0;0;
36423;5072923;555696128;31830016;505409536;0;0;0;0;0;0;0;0;0;0;0;3727;0;0;0;0;0;0;
36424;3225750;555696128;31830016;505409536;0;0;0;0;0;0;0;0;0;0;0;4368;0;0;0;0;0;0;
36425;5187348;555696128;31830016;505409536;0;0;0;0;0;0;0;0;0;0;0;3837;0;0;0;0;0;0;
36426;3428831;555696128;31830016;505409536;0;0;0;0;0;0;0;0;0;0;0;3567;0;0;0;0;0;0;
36427;5021286;555696128;31830016;505409536;0;0;0;0;0;0;0;0;0;0;0;3006;0;0;0;0;0;0;
36428;3098390;555696128;31830016;505409536;0;0;0;0;0;0;0;0;0;0;0;3286;0;0;0;0;0;0;
36429;4985931;555696128;31830016;505409536;0;0;0;0;0;0;0;0;0;0;0;3436;0;0;0;0;0;0;
36430;3303024;555696128;31830016;505409536;0;0;0;0;0;0;0;0;0;0;0;3076;0;0;0;0;0;0;
36431;5162091;555696128;31830016;505409536;0;0;0;0;0;0;0;0;0;0;0;3666;0;0;0;0;0;0;
36432;3134619;555696128;31830016;505409536;0;0;0;0;0;0;0;0;0;0;0;3707;0;0;0;0;0;0;
36433;5074828;555696128;31830016;505409536;0;0;0;0;0;0;0;0;0;0;0;3676;0;0;0;0;0;0;
36434;3180815;555696128;31830016;505409536;0;0;0;0;0;0;0;0;0;0;0;3276;0;0;0;0;0;0;
36435;5038349;555696128;31830016;505409536;0;0;0;0;0;0;0;0;0;0;0;3126;0;0;0;0;0;0;
36436;3011558;555696128;31830016;505409536;0;0;0;0;0;0;0;0;0;0;0;3216;0;0;0;0;0;0;
36437;4985911;555696128;31830016;505409536;0;0;0;0;0;0;0;0;0;0;0;4529;0;0;0;0;0;0;
36438;3222954;555696128;31830016;505409536;0;0;0;0;0;0;0;0;0;0;0;3797;0;0;0;0;0;0;
36439;5091428;555696128;31830016;505409536;0;0;0;0;0;0;0;0;0;0;0;3897;0;0;0;0;0;0;
36440;3027708;555696128;31830016;505409536;0;0;0;0;0;0;0;0;0;0;0;2936;0;0;0;0;0;0;
36441;5229046;555696128;31830016;505409536;0;0;0;0;0;0;0;0;0;0;0;10921;0;0;0;0;0;0;
36442;3171288;555696128;31830016;505409536;0;0;0;0;0;0;0;0;0;0;0;3116;0;0;0;0;0;0;
36443;5046655;555696128;31830016;505409536;0;0;0;0;0;0;0;0;0;0;0;3076;0;0;0;0;0;0;
36444;3124480;555696128;31830016;505409536;0;0;0;0;0;0;0;0;0;0;0;3547;0;0;0;0;0;0;
36445;5483023;555696128;31830016;505409536;0;0;0;0;0;0;0;0;0;0;0;4108;0;0;0;0;0;0;
36446;3223254;555696128;31830016;505409536;0;0;0;0;0;0;0;0;0;0;0;3807;0;0;0;0;0;0;
36447;5088032;555696128;31830016;505409536;0;0;0;0;0;0;0;0;0;0;0;3357;0;0;0;0;0;0;
36448;3656688;555696128;31830016;505409536;0;0;0;0;0;0;0;0;0;0;0;3667;0;0;0;0;0;0;
36449;5010788;555696128;31830016;505409536;0;0;0;0;0;0;0;0;0;0;0;12734;0;0;0;0;0;0;
36450;3109472;555696128;31830016;505409536;0;0;0;0;0;0;0;0;0;0;0;3036;0;0;0;0;0;0;
36451;5099854;555696128;31830016;505409536;0;0;0;0;0;0;0;0;0;0;0;3747;0;0;0;0;0;0;
36452;3175355;555696128;31830016;505409536;0;0;0;0;0;0;0;0;0;0;0;3747;0;0;0;0;0;0;
36453;5098742;555696128;31830016;505409536;0;0;0;0;0;0;0;0;0;0;0;3075;0;0;0;0;0;0;
36454;3148415;555696128;31830016;505409536;0;0;0;0;0;0;0;0;0;0;0;3076;0;0;0;0;0;0;
36455;5031927;555696128;31830016;505409536;0;0;0;0;0;0;0;0;0;0;0;4058;0;0;0;0;0;0;
36456;3070999;555696128;31830016;505409536;0;0;0;0;0;0;0;0;0;0;0;3076;0;0;0;0;0;0;
36457;4982394;555696128;31830016;505409536;0;0;0;0;0;0;0;0;0;0;0;3587;0;0;0;0;0;0;
36458;3188229;555696128;31830016;505409536;0;0;0;0;0;0;0;0;0;0;0;3286;0;0;0;0;0;0;
36459;5069407;555696128;31830016;505409536;0;0;0;0;0;0;0;0;0;0;0;3106;0;0;0;0;0;0;
36460;2968017;555696128;31830016;505409536;0;0;0;0;0;0;0;0;0;0;0;3176;0;0;0;0;0;0;
36461;5026216;555696128;31830016;505409536;0;0;0;0;0;0;0;0;0;0;0;3596;0;0;0;0;0;0;
36462;3060520;555696128;31830016;505409536;0;0;0;0;0;0;0;0;0;0;0;4198;0;0;0;0;0;0;
36463;4951456;555696128;31830016;505409536;0;0;0;0;0;0;0;0;0;0;0;3106;0;0;0;0;0;0;
36464;3076881;555696128;31830016;505409536;0;0;0;0;0;0;0;0;0;0;0;3416;0;0;0;0;0;0;
36465;4960292;555696128;31830016;505409536;0;0;0;0;0;0;0;0;0;0;0;3657;0;0;0;0;0;0;
36466;2975721;555696128;31830016;505409536;0;0;0;0;0;0;0;0;0;0;0;3296;0;0;0;0;0;0;
36467;5051273;555696128;31830016;505409536;0;0;0;0;0;0;0;0;0;0;0;3506;0;0;0;0;0;0;
36468;3028790;555696128;31830016;505409536;0;0;0;0;0;0;0;0;0;0;0;3165;0;0;0;0;0;0;
36469;4878509;555696128;31830016;505409536;0;0;0;0;0;0;0;0;0;0;0;3577;0;0;0;0;0;0;
36470;3264001;555696128;31830016;505409536;0;0;0;0;0;0;0;0;0;0;0;3156;0;0;0;0;0;0;
36471;4722376;555696128;31830016;505409536;0;0;0;0;0;0;0;0;0;0;0;2825;0;0;0;0;0;0;
36472;2360918;555696128;31830016;505409536;0;0;0;0;0;0;0;0;0;0;0;2685;0;0;0;0;0;0;
36473;4695967;555696128;31830016;505409536;0;0;0;0;0;0;0;0;0;0;0;3066;0;0;0;0;0;0;
36474;2650070;555696128;31830016;505409536;0;0;0;0;0;0;0;0;0;0;0;3005;0;0;0;0;0;0;
36475;4734309;555696128;31830016;505409536;0;0;0;0;0;0;0;0;0;0;0;2675;0;0;0;0;0;0;
36476;2494448;555696128;31830016;505409536;0;0;0;0;0;0;0;0;0;0;0;3287;0;0;0;0;0;0;
36477;4510108;555696128;31830016;505409536;0;0;0;0;0;0;0;0;0;0;0;2695;0;0;0;0;0;0;
36478;2450125;555696128;31830016;505409536;0;0;0;0;0;0;0;0;0;0;0;2705;0;0;0;0;0;0;
36479;4718399;555696128;31830016;505409536;0;0;0;0;0;0;0;0;0;0;0;2515;0;0;0;0;0;0;
36480;2376046;555696128;31830016;505409536;0;0;0;0;0;0;0;0;0;0;0;2905;0;0;0;0;0;0;
36481;4618551;555696128;31830016;505409536;0;0;0;0;0;0;0;0;0;0;0;2775;0;0;0;0;0;0;
36482;2536748;555696128;31830016;505409536;0;0;0;0;0;0;0;0;0;0;0;3146;0;0;0;0;0;0;
36483;4615085;555696128;31830016;505409536;0;0;0;0;0;0;0;0;0;0;0;2615;0;0;0;0;0;0;
36484;2507032;555696128;31830016;505409536;0;0;0;0;0;0;0;0;0;0;0;2495;0;0;0;0;0;0;
36485;4537369;555696128;31830016;505409536;0;0;0;0;0;0;0;0;0;0;0;2484;0;0;0;0;0;0;
36486;2526408;555696128;31830016;505409536;0;0;0;0;0;0;0;0;0;0;0;2775;0;0;0;0;0;0;
36487;4571754;555696128;31830016;505409536;0;0;0;0;0;0;0;0;0;0;0;2946;0;0;0;0;0;0;
36488;2523833;555696128;31830016;505409536;0;0;0;0;0;0;0;0;0;0;0;3426;0;0;0;0;0;0;
36489;4554241;555696128;31830016;505409536;0;0;0;0;0;0;0;0;0;0;0;2895;0;0;0;0;0;0;
36490;2643678;555696128;31830016;505409536;0;0;0;0;0;0;0;0;0;0;0;3016;0;0;0;0;0;0;
36491;4642977;555696128;31830016;505409536;0;0;0;0;0;0;0;0;0;0;0;2895;0;0;0;0;0;0;
36492;2430838;555696128;31830016;505409536;0;0;0;0;0;0;0;0;0;0;0;2736;0;0;0;0;0;0;
36493;4532881;555696128;31830016;505409536;0;0;0;0;0;0;0;0;0;0;0;2996;0;0;0;0;0;0;
36494;2490781;555696128;31830016;505409536;0;0;0;0;0;0;0;0;0;0;0;3075;0;0;0;0;0;0;
36495;4651113;555696128;31830016;505409536;0;0;0;0;0;0;0;0;0;0;0;3236;0;0;0;0;0;0;
36496;2500400;555696128;31830016;505409536;0;0;0;0;0;0;0;0;0;0;0;2835;0;0;0;0;0;0;
36497;4506872;555696128;31830016;505409536;0;0;0;0;0;0;0;0;0;0;0;2875;0;0;0;0;0;0;
36498;2451508;555696128;31830016;505409536;0;0;0;0;0;0;0;0;0;0;0;2575;0;0;0;0;0;0;
36499;4620265;555696128;31830016;505409536;0;0;0;0;0;0;0;0;0;0;0;2966;0;0;0;0;0;0;
36500;2626265;555696128;31830016;505409536;0;0;0;0;0;0;0;0;0;0;0;2846;0;0;0;0;0;0;
36501;4513936;555696128;31830016;505409536;0;0;0;0;0;0;0;0;0;0;0;2375;0;0;0;0;0;0;
36502;2764605;555696128;31830016;505409536;0;0;0;0;0;0;0;0;0;0;0;2986;0;0;0;0;0;0;
36503;4485142;555696128;31830016;505409536;0;0;0;0;0;0;0;0;0;0;0;2335;0;0;0;0;0;0;
36504;2508214;555696128;31830016;505409536;0;0;0;0;0;0;0;0;0;0;0;3056;0;0;0;0;0;0;
36505;4668716;555696128;31830016;505409536;0;0;0;0;0;0;0;0;0;0;0;2334;0;0;0;0;0;0;
36506;2656111;555696128;31830016;505409536;0;0;0;0;0;0;0;0;0;0;0;2635;0;0;0;0;0;0;
36507;4614795;555696128;31830016;505409536;0;0;0;0;0;0;0;0;0;0;0;2474;0;0;0;0;0;0;
36508;2455795;555696128;31830016;505409536;0;0;0;0;0;0;0;0;0;0;0;2475;0;0;0;0;0;0;
36509;4501913;555696128;31830016;505409536;0;0;0;0;0;0;0;0;0;0;0;2435;0;0;0;0;0;0;
36510;2586370;555696128;31830016;505409536;0;0;0;0;0;0;0;0;0;0;0;2655;0;0;0;0;0;0;
36511;4490612;555696128;31830016;505409536;0;0;0;0;0;0;0;0;0;0;0;2214;0;0;0;0;0;0;
36512;2600537;555696128;31830016;505409536;0;0;0;0;0;0;0;0;0;0;0;2354;0;0;0;0;0;0;
36513;4484350;555696128;31830016;505409536;0;0;0;0;0;0;0;0;0;0;0;2394;0;0;0;0;0;0;
36514;2609393;555696128;31830016;505409536;0;0;0;0;0;0;0;0;0;0;0;2996;0;0;0;0;0;0;
36515;4459393;555696128;31830016;505409536;0;0;0;0;0;0;0;0;0;0;0;2484;0;0;0;0;0;0;
36516;2638809;555696128;31830016;505409536;0;0;0;0;0;0;0;0;0;0;0;2515;0;0;0;0;0;0;
36517;4437773;555696128;31830016;505409536;0;0;0;0;0;0;0;0;0;0;0;2064;0;0;0;0;0;0;
36518;2653306;555696128;31830016;505409536;0;0;0;0;0;0;0;0;0;0;0;2615;0;0;0;0;0;0;
36519;4669097;555696128;31830016;505409536;0;0;0;0;0;0;0;0;0;0;0;2675;0;0;0;0;0;0;
36520;2741802;555696128;31830016;505409536;0;0;0;0;0;0;0;0;0;0;0;2916;0;0;0;0;0;0;
36521;4524896;555696128;31830016;505409536;0;0;0;0;0;0;0;0;0;0;0;2164;0;0;0;0;0;0;
36522;2661151;555696128;31830016;505409536;0;0;0;0;0;0;0;0;0;0;0;2905;0;0;0;0;0;0;
36523;4631276;555696128;31830016;505409536;0;0;0;0;0;0;0;0;0;0;0;2745;0;0;0;0;0;0;
36524;2487815;555696128;31830016;505409536;0;0;0;0;0;0;0;0;0;0;0;3015;0;0;0;0;0;0;
36525;4550043;555696128;31830016;505409536;0;0;0;0;0;0;0;0;0;0;0;2605;0;0;0;0;0;0;
36526;2546656;555696128;31830016;505409536;0;0;0;0;0;0;0;0;0;0;0;2665;0;0;0;0;0;0;
36527;4550815;555696128;31830016;505409536;0;0;0;0;0;0;0;0;0;0;0;2314;0;0;0;0;0;0;
36528;2505068;555696128;31830016;505409536;0;0;0;0;0;0;0;0;0;0;0;3267;0;0;0;0;0;0;
36529;4623561;555696128;31830016;505409536;0;0;0;0;0;0;0;0;0;0;0;2384;0;0;0;0;0;0;
36530;2676620;555696128;31830016;505409536;0;0;0;0;0;0;0;0;0;0;0;3507;0;0;0;0;0;0;
36531;4544602;555696128;31830016;505409536;0;0;0;0;0;0;0;0;0;0;0;2875;0;0;0;0;0;0;
36532;2484239;555696128;31830016;505409536;0;0;0;0;0;0;0;0;0;0;0;2695;0;0;0;0;0;0;
36533;4707729;555696128;31830016;505409536;0;0;0;0;0;0;0;0;0;0;0;3075;0;0;0;0;0;0;
36534;2522281;555696128;31830016;505409536;0;0;0;0;0;0;0;0;0;0;0;3045;0;0;0;0;0;0;
36535;4565041;555696128;31830016;505409536;0;0;0;0;0;0;0;0;0;0;0;2685;0;0;0;0;0;0;
36536;2669215;555696128;31830016;505409536;0;0;0;0;0;0;0;0;0;0;0;3006;0;0;0;0;0;0;
36537;4477828;555696128;31830016;505409536;0;0;0;0;0;0;0;0;0;0;0;2645;0;0;0;0;0;0;
36538;2754426;555696128;31830016;505409536;0;0;0;0;0;0;0;0;0;0;0;2695;0;0;0;0;0;0;
36539;4543831;555696128;31830016;505409536;0;0;0;0;0;0;0;0;0;0;0;2405;0;0;0;0;0;0;
36540;2668625;555696128;31830016;505409536;0;0;0;0;0;0;0;0;0;0;0;2375;0;0;0;0;0;0;
36541;4410221;555696128;31830016;505409536;0;0;0;0;0;0;0;0;0;0;0;2034;0;0;0;0;0;0;
36542;2781357;555696128;31830016;505409536;0;0;0;0;0;0;0;0;0;0;0;2635;0;0;0;0;0;0;
36543;4483298;555696128;31830016;505409536;0;0;0;0;0;0;0;0;0;0;0;3136;0;0;0;0;0;0;
36544;2630713;555696128;31830016;505409536;0;0;0;0;0;0;0;0;0;0;0;2996;0;0;0;0;0;0;
36545;4479330;555696128;31830016;505409536;0;0;0;0;0;0;0;0;0;0;0;2374;0;0;0;0;0;0;
36546;2610446;555696128;31830016;505409536;0;0;0;0;0;0;0;0;0;0;0;2635;0;0;0;0;0;0;
36547;4615406;555696128;31830016;505409536;0;0;0;0;0;0;0;0;0;0;0;2605;0;0;0;0;0;0;
36548;2631244;555696128;31830016;505409536;0;0;0;0;0;0;0;0;0;0;0;2365;0;0;0;0;0;0;
36549;4543310;555696128;31830016;505409536;0;0;0;0;0;0;0;0;0;0;0;2415;0;0;0;0;0;0;
36550;2608462;555696128;31830016;505409536;0;0;0;0;0;0;0;0;0;0;0;2415;0;0;0;0;0;0;
36551;4632007;555696128;31830016;505409536;0;0;0;0;0;0;0;0;0;0;0;2375;0;0;0;0;0;0;
36552;2652495;555696128;31830016;505409536;0;0;0;0;0;0;0;0;0;0;0;2716;0;0;0;0;0;0;
36553;4488077;555696128;31830016;505409536;0;0;0;0;0;0;0;0;0;0;0;2284;0;0;0;0;0;0;
36554;2631656;555696128;31830016;505409536;0;0;0;0;0;0;0;0;0;0;0;2905;0;0;0;0;0;0;
36555;4544262;555696128;31830016;505409536;0;0;0;0;0;0;0;0;0;0;0;2625;0;0;0;0;0;0;
36556;2474621;555696128;31830016;505409536;0;0;0;0;0;0;0;0;0;0;0;2455;0;0;0;0;0;0;
36557;4520708;555696128;31830016;505409536;0;0;0;0;0;0;0;0;0;0;0;2254;0;0;0;0;0;0;
36558;2582273;555696128;31830016;505409536;0;0;0;0;0;0;0;0;0;0;0;2886;0;0;0;0;0;0;
36559;4503546;555696128;31830016;505409536;0;0;0;0;0;0;0;0;0;0;0;2084;0;0;0;0;0;0;
36560;2385804;555696128;31830016;505409536;0;0;0;0;0;0;0;0;0;0;0;2424;0;0;0;0;0;0;
36561;4598584;555696128;31830016;505409536;0;0;0;0;0;0;0;0;0;0;0;2434;0;0;0;0;0;0;
36562;2487806;555696128;31830016;505409536;0;0;0;0;0;0;0;0;0;0;0;2515;0;0;0;0;0;0;
36563;4632438;555696128;31830016;505409536;0;0;0;0;0;0;0;0;0;0;0;2535;0;0;0;0;0;0;
36564;2536257;555696128;31830016;505409536;0;0;0;0;0;0;0;0;0;0;0;2885;0;0;0;0;0;0;
36565;4605778;555696128;31830016;505409536;0;0;0;0;0;0;0;0;0;0;0;2355;0;0;0;0;0;0;
36566;2567916;555696128;31830016;505409536;0;0;0;0;0;0;0;0;0;0;0;2896;0;0;0;0;0;0;
36567;4560894;555696128;31830016;505409536;0;0;0;0;0;0;0;0;0;0;0;2485;0;0;0;0;0;0;
36568;2394381;555696128;31830016;505409536;0;0;0;0;0;0;0;0;0;0;0;2325;0;0;0;0;0;0;
36569;4489089;555696128;31830016;505409536;0;0;0;0;0;0;0;0;0;0;0;2314;0;0;0;0;0;0;
36570;2559490;555696128;31830016;505409536;0;0;0;0;0;0;0;0;0;0;0;2495;0;0;0;0;0;0;
36571;4545614;555696128;31830016;505409536;0;0;0;0;0;0;0;0;0;0;0;2625;0;0;0;0;0;0;
36572;2399780;555696128;31830016;505409536;0;0;0;0;0;0;0;0;0;0;0;2916;0;0;0;0;0;0;
36573;4587173;555696128;31830016;505409536;0;0;0;0;0;0;0;0;0;0;0;3266;0;0;0;0;0;0;
36574;2380735;555696128;31830016;505409536;0;0;0;0;0;0;0;0;0;0;0;2986;0;0;0;0;0;0;
36575;4503937;555696128;31830016;505409536;0;0;0;0;0;0;0;0;0;0;0;2685;0;0;0;0;0;0;
36576;2347943;555696128;31830016;505409536;0;0;0;0;0;0;0;0;0;0;0;3457;0;0;0;0;0;0;
36577;4492886;555696128;31830016;505409536;0;0;0;0;0;0;0;0;0;0;0;3036;0;0;0;0;0;0;
36578;2485151;555696128;31830016;505409536;0;0;0;0;0;0;0;0;0;0;0;2515;0;0;0;0;0;0;
36579;4605146;555696128;31830016;505409536;0;0;0;0;0;0;0;0;0;0;0;2345;0;0;0;0;0;0;
36580;2656352;555696128;31830016;505409536;0;0;0;0;0;0;0;0;0;0;0;2856;0;0;0;0;0;0;
36581;4565161;555696128;31830016;505409536;0;0;0;0;0;0;0;0;0;0;0;2926;0;0;0;0;0;0;
36582;2544361;555696128;31830016;505409536;0;0;0;0;0;0;0;0;0;0;0;3065;0;0;0;0;0;0;
36583;4530166;555696128;31830016;505409536;0;0;0;0;0;0;0;0;0;0;0;2334;0;0;0;0;0;0;
36584;2468108;555696128;31830016;505409536;0;0;0;0;0;0;0;0;0;0;0;2866;0;0;0;0;0;0;
36585;4439115;555696128;31830016;505409536;0;0;0;0;0;0;0;0;0;0;0;2675;0;0;0;0;0;0;
36586;2515217;555696128;31830016;505409536;0;0;0;0;0;0;0;0;0;0;0;3577;0;0;0;0;0;0;
36587;4629713;555696128;31830016;505409536;0;0;0;0;0;0;0;0;0;0;0;2885;0;0;0;0;0;0;
36588;2373080;555696128;31830016;505409536;0;0;0;0;0;0;0;0;0;0;0;2895;0;0;0;0;0;0;
36589;4527460;555696128;31830016;505409536;0;0;0;0;0;0;0;0;0;0;0;2735;0;0;0;0;0;0;
36590;2413006;555696128;31830016;505409536;0;0;0;0;0;0;0;0;0;0;0;2896;0;0;0;0;0;0;
36591;4748465;555696128;31830016;505409536;0;0;0;0;0;0;0;0;0;0;0;3036;0;0;0;0;0;0;
36592;2509776;555696128;31830016;505409536;0;0;0;0;0;0;0;0;0;0;0;2695;0;0;0;0;0;0;
36593;4515348;555696128;31830016;505409536;0;0;0;0;0;0;0;0;0;0;0;2605;0;0;0;0;0;0;
36594;2526819;555696128;31830016;505409536;0;0;0;0;0;0;0;0;0;0;0;3136;0;0;0;0;0;0;
36595;4670278;555696128;31830016;505409536;0;0;0;0;0;0;0;0;0;0;0;2776;0;0;0;0;0;0;
36596;2594967;555696128;31830016;505409536;0;0;0;0;0;0;0;0;0;0;0;3236;0;0;0;0;0;0;
36597;4480132;555696128;31830016;505409536;0;0;0;0;0;0;0;0;0;0;0;2735;0;0;0;0;0;0;
36598;2554981;555696128;31830016;505409536;0;0;0;0;0;0;0;0;0;0;0;3456;0;0;0;0;0;0;
36599;4545865;555696128;31830016;505409536;0;0;0;0;0;0;0;0;0;0;0;3206;0;0;0;0;0;0;
36600;2380304;555696128;31830016;505409536;0;0;0;0;0;0;0;0;0;0;0;3257;0;0;0;0;0;0;
36601;4596280;555696128;31830016;505409536;0;0;0;0;0;0;0;0;0;0;0;2865;0;0;0;0;0;0;
36602;2491703;555696128;31830016;505409536;0;0;0;0;0;0;0;0;0;0;0;2785;0;0;0;0;0;0;
36603;4530967;555696128;31830016;505409536;0;0;0;0;0;0;0;0;0;0;0;2474;0;0;0;0;0;0;
36604;2414999;555696128;31830016;505409536;0;0;0;0;0;0;0;0;0;0;0;3397;0;0;0;0;0;0;
36605;4498196;555696128;31830016;505409536;0;0;0;0;0;0;0;0;0;0;0;2765;0;0;0;0;0;0;
36606;2448372;555696128;31830016;505409536;0;0;0;0;0;0;0;0;0;0;0;3136;0;0;0;0;0;0;
36607;4455386;555696128;31830016;505409536;0;0;0;0;0;0;0;0;0;0;0;3036;0;0;0;0;0;0;
36608;2519064;555696128;31830016;505409536;0;0;0;0;0;0;0;0;0;0;0;3266;0;0;0;0;0;0;
36609;4571072;555696128;31830016;505409536;0;0;0;0;0;0;0;0;0;0;0;2615;0;0;0;0;0;0;
36610;2433273;555696128;31830016;505409536;0;0;0;0;0;0;0;0;0;0;0;2715;0;0;0;0;0;0;
36611;4591811;555696128;31830016;505409536;0;0;0;0;0;0;0;0;0;0;0;3046;0;0;0;0;0;0;
36612;2587443;555696128;31830016;505409536;0;0;0;0;0;0;0;0;0;0;0;3156;0;0;0;0;0;0;
36613;4579919;555696128;31830016;505409536;0;0;0;0;0;0;0;0;0;0;0;3447;0;0;0;0;0;0;
36614;2550634;555696128;31830016;505409536;0;0;0;0;0;0;0;0;0;0;0;3026;0;0;0;0;0;0;
36615;7577110;555696128;31830016;505409536;0;0;0;0;0;0;0;0;0;0;0;2976;0;0;0;0;0;0;
36616;8885314;555696128;31830016;505409536;0;0;0;0;0;0;0;0;0;0;0;3767;0;0;0;0;0;0;
36617;5127256;555696128;31830016;505409536;0;0;0;0;0;0;0;0;0;0;0;4067;0;0;0;0;0;0;
36618;2522250;555696128;31830016;505409536;0;0;0;0;0;0;0;0;0;0;0;3386;0;0;0;0;0;0;
36619;4541608;555696128;31830016;505409536;0;0;0;0;0;0;0;0;0;0;0;3106;0;0;0;0;0;0;
36620;2400922;555696128;31830016;505409536;0;0;0;0;0;0;0;0;0;0;0;2955;0;0;0;0;0;0;
36621;4504227;555696128;31830016;505409536;0;0;0;0;0;0;0;0;0;0;0;3005;0;0;0;0;0;0;
36622;2459262;555696128;31830016;505409536;0;0;0;0;0;0;0;0;0;0;0;3056;0;0;0;0;0;0;
36623;4514486;555696128;31830016;505409536;0;0;0;0;0;0;0;0;0;0;0;2205;0;0;0;0;0;0;
36624;2469532;555696128;31830016;505409536;0;0;0;0;0;0;0;0;0;0;0;2495;0;0;0;0;0;0;
36625;4617059;555696128;31830016;505409536;0;0;0;0;0;0;0;0;0;0;0;2705;0;0;0;0;0;0;
36626;2422944;555696128;31830016;505409536;0;0;0;0;0;0;0;0;0;0;0;2915;0;0;0;0;0;0;
36627;4611508;555696128;31830016;505409536;0;0;0;0;0;0;0;0;0;0;0;3256;0;0;0;0;0;0;
36628;2378971;555696128;31830016;505409536;0;0;0;0;0;0;0;0;0;0;0;3166;0;0;0;0;0;0;
36629;4615375;555696128;31830016;505409536;0;0;0;0;0;0;0;0;0;0;0;2895;0;0;0;0;0;0;
36630;2435948;555696128;31830016;505409536;0;0;0;0;0;0;0;0;0;0;0;2665;0;0;0;0;0;0;
36631;4573607;555696128;31830016;505409536;0;0;0;0;0;0;0;0;0;0;0;2765;0;0;0;0;0;0;
36632;2528321;555696128;31830016;505409536;0;0;0;0;0;0;0;0;0;0;0;2635;0;0;0;0;0;0;
36633;4539714;555696128;31830016;505409536;0;0;0;0;0;0;0;0;0;0;0;2515;0;0;0;0;0;0;
36634;2571532;555696128;31830016;505409536;0;0;0;0;0;0;0;0;0;0;0;2785;0;0;0;0;0;0;
36635;4695205;555696128;31830016;505409536;0;0;0;0;0;0;0;0;0;0;0;2445;0;0;0;0;0;0;
36636;2463700;555696128;31830016;505409536;0;0;0;0;0;0;0;0;0;0;0;2675;0;0;0;0;0;0;
36637;4524896;555696128;31830016;505409536;0;0;0;0;0;0;0;0;0;0;0;2745;0;0;0;0;0;0;
36638;2412194;555696128;31830016;505409536;0;0;0;0;0;0;0;0;0;0;0;3006;0;0;0;0;0;0;
36639;4678163;555696128;31830016;505409536;0;0;0;0;0;0;0;0;0;0;0;2935;0;0;0;0;0;0;
36640;2474390;555696128;31830016;505409536;0;0;0;0;0;0;0;0;0;0;0;3156;0;0;0;0;0;0;
36641;4463210;555696128;31830016;505409536;0;0;0;0;0;0;0;0;0;0;0;2765;0;0;0;0;0;0;
36642;2459082;555696128;31830016;505409536;0;0;0;0;0;0;0;0;0;0;0;2885;0;0;0;0;0;0;
36643;4612340;555696128;31830016;505409536;0;0;0;0;0;0;0;0;0;0;0;2544;0;0;0;0;0;0;
36644;2502804;555696128;31830016;505409536;0;0;0;0;0;0;0;0;0;0;0;3066;0;0;0;0;0;0;
36645;4614424;555696128;31830016;505409536;0;0;0;0;0;0;0;0;0;0;0;2595;0;0;0;0;0;0;
36646;2544161;555696128;31830016;505409536;0;0;0;0;0;0;0;0;0;0;0;2926;0;0;0;0;0;0;
36647;4623842;555696128;31830016;505409536;0;0;0;0;0;0;0;0;0;0;0;2835;0;0;0;0;0;0;
36648;2474440;555696128;31830016;505409536;0;0;0;0;0;0;0;0;0;0;0;2475;0;0;0;0;0;0;
36649;4609104;555696128;31830016;505409536;0;0;0;0;0;0;0;0;0;0;0;2194;0;0;0;0;0;0;
36650;2561905;555696128;31830016;505409536;0;0;0;0;0;0;0;0;0;0;0;3075;0;0;0;0;0;0;
36651;4526870;555696128;31830016;505409536;0;0;0;0;0;0;0;0;0;0;0;2434;0;0;0;0;0;0;
36652;2581561;555696128;31830016;505409536;0;0;0;0;0;0;0;0;0;0;0;2835;0;0;0;0;0;0;
36653;4530387;555696128;31830016;505409536;0;0;0;0;0;0;0;0;0;0;0;2224;0;0;0;0;0;0;
36654;2501652;555696128;31830016;505409536;0;0;0;0;0;0;0;0;0;0;0;2435;0;0;0;0;0;0;
36655;4613462;555696128;31830016;505409536;0;0;0;0;0;0;0;0;0;0;0;2736;0;0;0;0;0;0;
36656;2515327;555696128;31830016;505409536;0;0;0;0;0;0;0;0;0;0;0;3416;0;0;0;0;0;0;
36657;4549872;555696128;31830016;505409536;0;0;0;0;0;0;0;0;0;0;0;2705;0;0;0;0;0;0;
36658;2651803;555696128;31830016;505409536;0;0;0;0;0;0;0;0;0;0;0;3055;0;0;0;0;0;0;
36659;4551145;555696128;31830016;505409536;0;0;0;0;0;0;0;0;0;0;0;2825;0;0;0;0;0;0;
36660;2495299;555696128;31830016;505409536;0;0;0;0;0;0;0;0;0;0;0;2715;0;0;0;0;0;0;
36661;4617880;555696128;31830016;505409536;0;0;0;0;0;0;0;0;0;0;0;3046;0;0;0;0;0;0;
36662;2615445;555696128;31830016;505409536;0;0;0;0;0;0;0;0;0;0;0;2836;0;0;0;0;0;0;
36663;4625885;555696128;31830016;505409536;0;0;0;0;0;0;0;0;0;0;0;3006;0;0;0;0;0;0;
36664;2584226;555696128;31830016;505409536;0;0;0;0;0;0;0;0;0;0;0;2926;0;0;0;0;0;0;
36665;4589457;555696128;31830016;505409536;0;0;0;0;0;0;0;0;0;0;0;2735;0;0;0;0;0;0;
36666;2469791;555696128;31830016;505409536;0;0;0;0;0;0;0;0;0;0;0;3116;0;0;0;0;0;0;
36667;4657645;555696128;31830016;505409536;0;0;0;0;0;0;0;0;0;0;0;2866;0;0;0;0;0;0;
36668;2435858;555696128;31830016;505409536;0;0;0;0;0;0;0;0;0;0;0;2524;0;0;0;0;0;0;
36669;4558659;555696128;31830016;505409536;0;0;0;0;0;0;0;0;0;0;0;2886;0;0;0;0;0;0;
36670;2471094;555696128;31830016;505409536;0;0;0;0;0;0;0;0;0;0;0;2846;0;0;0;0;0;0;
36671;4626567;555696128;31830016;505409536;0;0;0;0;0;0;0;0;0;0;0;2805;0;0;0;0;0;0;
36672;2449093;555696128;31830016;505409536;0;0;0;0;0;0;0;0;0;0;0;3035;0;0;0;0;0;0;
36673;4531578;555696128;31830016;505409536;0;0;0;0;0;0;0;0;0;0;0;2975;0;0;0;0;0;0;
36674;2529063;555696128;31830016;505409536;0;0;0;0;0;0;0;0;0;0;0;2565;0;0;0;0;0;0;
36675;4597802;555696128;31830016;505409536;0;0;0;0;0;0;0;0;0;0;0;2715;0;0;0;0;0;0;
36676;2533321;555696128;31830016;505409536;0;0;0;0;0;0;0;0;0;0;0;2826;0;0;0;0;0;0;
36677;4620735;555696128;31830016;505409536;0;0;0;0;0;0;0;0;0;0;0;2715;0;0;0;0;0;0;
36678;2572785;555696128;31830016;505409536;0;0;0;0;0;0;0;0;0;0;0;8586;0;0;0;0;0;0;
36679;4579639;555696128;31830016;505409536;0;0;0;0;0;0;0;0;0;0;0;2915;0;0;0;0;0;0;
36680;2456848;555696128;31830016;505409536;0;0;0;0;0;0;0;0;0;0;0;2885;0;0;0;0;0;0;
36681;4507373;555696128;31830016;505409536;0;0;0;0;0;0;0;0;0;0;0;2685;0;0;0;0;0;0;
36682;2465173;555696128;31830016;505409536;0;0;0;0;0;0;0;0;0;0;0;2835;0;0;0;0;0;0;
36683;4565382;555696128;31830016;505409536;0;0;0;0;0;0;0;0;0;0;0;2796;0;0;0;0;0;0;
36684;2482876;555696128;31830016;505409536;0;0;0;0;0;0;0;0;0;0;0;2866;0;0;0;0;0;0;
36685;4519235;555696128;31830016;505409536;0;0;0;0;0;0;0;0;0;0;0;2916;0;0;0;0;0;0;
36686;2422714;555696128;31830016;505409536;0;0;0;0;0;0;0;0;0;0;0;3066;0;0;0;0;0;0;
36687;4615887;555696128;31830016;505409536;0;0;0;0;0;0;0;0;0;0;0;2474;0;0;0;0;0;0;
36688;2490822;555696128;31830016;505409536;0;0;0;0;0;0;0;0;0;0;0;2955;0;0;0;0;0;0;
36689;4488758;555696128;31830016;505409536;0;0;0;0;0;0;0;0;0;0;0;2564;0;0;0;0;0;0;
36690;2594676;555696128;31830016;505409536;0;0;0;0;0;0;0;0;0;0;0;2825;0;0;0;0;0;0;
36691;4638739;555696128;31830016;505409536;0;0;0;0;0;0;0;0;0;0;0;2574;0;0;0;0;0;0;
36692;2472618;555696128;31830016;505409536;0;0;0;0;0;0;0;0;0;0;0;2685;0;0;0;0;0;0;
36693;4564250;555696128;31830016;505409536;0;0;0;0;0;0;0;0;0;0;0;2886;0;0;0;0;0;0;
36694;2388749;555696128;31830016;505409536;0;0;0;0;0;0;0;0;0;0;0;2865;0;0;0;0;0;0;
36695;4605727;555696128;31830016;505409536;0;0;0;0;0;0;0;0;0;0;0;7744;0;0;0;0;0;0;
36696;2419197;555696128;31830016;505409536;0;0;0;0;0;0;0;0;0;0;0;2886;0;0;0;0;0;0;
36697;4470925;555696128;31830016;505409536;0;0;0;0;0;0;0;0;0;0;0;2634;0;0;0;0;0;0;
36698;2484910;555696128;31830016;505409536;0;0;0;0;0;0;0;0;0;0;0;2675;0;0;0;0;0;0;
36699;4677722;555696128;31830016;505409536;0;0;0;0;0;0;0;0;0;0;0;2835;0;0;0;0;0;0;
36700;2426250;555696128;31830016;505409536;0;0;0;0;0;0;0;0;0;0;0;3056;0;0;0;0;0;0;
36701;4516921;555696128;31830016;505409536;0;0;0;0;0;0;0;0;0;0;0;2625;0;0;0;0;0;0;
36702;2483277;555696128;31830016;505409536;0;0;0;0;0;0;0;0;0;0;0;2685;0;0;0;0;0;0;
36703;4591871;555696128;31830016;505409536;0;0;0;0;0;0;0;0;0;0;0;2835;0;0;0;0;0;0;
36704;2459462;555696128;31830016;505409536;0;0;0;0;0;0;0;0;0;0;0;2976;0;0;0;0;0;0;
36705;4486013;555696128;31830016;505409536;0;0;0;0;0;0;0;0;0;0;0;2876;0;0;0;0;0;0;
36706;2466085;555696128;31830016;505409536;0;0;0;0;0;0;0;0;0;0;0;3276;0;0;0;0;0;0;
36707;4625805;555696128;31830016;505409536;0;0;0;0;0;0;0;0;0;0;0;2945;0;0;0;0;0;0;
36708;2460324;555696128;31830016;505409536;0;0;0;0;0;0;0;0;0;0;0;3487;0;0;0;0;0;0;
36709;4506231;555696128;31830016;505409536;0;0;0;0;0;0;0;0;0;0;0;2895;0;0;0;0;0;0;
36710;2619803;555696128;31830016;505409536;0;0;0;0;0;0;0;0;0;0;0;2715;0;0;0;0;0;0;
36711;4676761;555696128;31830016;505409536;0;0;0;0;0;0;0;0;0;0;0;2925;0;0;0;0;0;0;
36712;2540284;555696128;31830016;505409536;0;0;0;0;0;0;0;0;0;0;0;2956;0;0;0;0;0;0;
36713;4670319;555696128;31830016;505409536;0;0;0;0;0;0;0;0;0;0;0;2665;0;0;0;0;0;0;
36714;2402646;555696128;31830016;505409536;0;0;0;0;0;0;0;0;0;0;0;2996;0;0;0;0;0;0;
36715;4621948;555696128;31830016;505409536;0;0;0;0;0;0;0;0;0;0;0;3146;0;0;0;0;0;0;
36716;2384722;555696128;31830016;505409536;0;0;0;0;0;0;0;0;0;0;0;3006;0;0;0;0;0;0;
36717;4439406;555696128;31830016;505409536;0;0;0;0;0;0;0;0;0;0;0;2845;0;0;0;0;0;0;
36718;2425649;555696128;31830016;505409536;0;0;0;0;0;0;0;0;0;0;0;2515;0;0;0;0;0;0;
36719;4751531;555696128;31830016;505409536;0;0;0;0;0;0;0;0;0;0;0;2595;0;0;0;0;0;0;
36720;2379753;555696128;31830016;505409536;0;0;0;0;0;0;0;0;0;0;0;3196;0;0;0;0;0;0;
36721;4484650;555696128;31830016;505409536;0;0;0;0;0;0;0;0;0;0;0;2875;0;0;0;0;0;0;
36722;2458732;555696128;31830016;505409536;0;0;0;0;0;0;0;0;0;0;0;2815;0;0;0;0;0;0;
36723;4591291;555696128;31830016;505409536;0;0;0;0;0;0;0;0;0;0;0;2925;0;0;0;0;0;0;
36724;2450816;555696128;31830016;505409536;0;0;0;0;0;0;0;0;0;0;0;3046;0;0;0;0;0;0;
36725;4527321;555696128;31830016;505409536;0;0;0;0;0;0;0;0;0;0;0;2635;0;0;0;0;0;0;
36726;2433454;555696128;31830016;505409536;0;0;0;0;0;0;0;0;0;0;0;3066;0;0;0;0;0;0;
36727;4652656;555696128;31830016;505409536;0;0;0;0;0;0;0;0;0;0;0;12173;0;0;0;0;0;0;
36728;2415410;555696128;31830016;505409536;0;0;0;0;0;0;0;0;0;0;0;3056;0;0;0;0;0;0;
36729;4483148;555696128;31830016;505409536;0;0;0;0;0;0;0;0;0;0;0;2695;0;0;0;0;0;0;
36730;2443573;555696128;31830016;505409536;0;0;0;0;0;0;0;0;0;0;0;3146;0;0;0;0;0;0;
36731;4539534;555696128;31830016;505409536;0;0;0;0;0;0;0;0;0;0;0;2505;0;0;0;0;0;0;
36732;2354476;555696128;31830016;505409536;0;0;0;0;0;0;0;0;0;0;0;2975;0;0;0;0;0;0;
36733;4605417;555696128;31830016;505409536;0;0;0;0;0;0;0;0;0;0;0;3076;0;0;0;0;0;0;
36734;2398198;555696128;31830016;505409536;0;0;0;0;0;0;0;0;0;0;0;2655;0;0;0;0;0;0;
36735;4533262;555696128;31830016;505409536;0;0;0;0;0;0;0;0;0;0;0;2735;0;0;0;0;0;0;
36736;2318819;555696128;31830016;505409536;0;0;0;0;0;0;0;0;0;0;0;2875;0;0;0;0;0;0;
36737;4494348;555696128;31830016;505409536;0;0;0;0;0;0;0;0;0;0;0;2965;0;0;0;0;0;0;
36738;2392757;555696128;31830016;505409536;0;0;0;0;0;0;0;0;0;0;0;2996;0;0;0;0;0;0;
36739;4551005;555696128;31830016;505409536;0;0;0;0;0;0;0;0;0;0;0;2565;0;0;0;0;0;0;
36740;2441929;555696128;31830016;505409536;0;0;0;0;0;0;0;0;0;0;0;3317;0;0;0;0;0;0;
36741;4587033;555696128;31830016;505409536;0;0;0;0;0;0;0;0;0;0;0;2826;0;0;0;0;0;0;
36742;2449223;555696128;31830016;505409536;0;0;0;0;0;0;0;0;0;0;0;2835;0;0;0;0;0;0;
36743;4547959;555696128;31830016;505409536;0;0;0;0;0;0;0;0;0;0;0;2675;0;0;0;0;0;0;
36744;2377669;555696128;31830016;505409536;0;0;0;0;0;0;0;0;0;0;0;2846;0;0;0;0;0;0;
36745;4486444;555696128;31830016;505409536;0;0;0;0;0;0;0;0;0;0;0;2956;0;0;0;0;0;0;
36746;2437852;555696128;31830016;505409536;0;0;0;0;0;0;0;0;0;0;0;3206;0;0;0;0;0;0;
36747;4595698;555696128;31830016;505409536;0;0;0;0;0;0;0;0;0;0;0;2936;0;0;0;0;0;0;
36748;2485742;555696128;31830016;505409536;0;0;0;0;0;0;0;0;0;0;0;2935;0;0;0;0;0;0;
36749;4457068;555696128;31830016;505409536;0;0;0;0;0;0;0;0;0;0;0;2575;0;0;0;0;0;0;
36750;2484129;555696128;31830016;505409536;0;0;0;0;0;0;0;0;0;0;0;2815;0;0;0;0;0;0;
36751;4534775;555696128;31830016;505409536;0;0;0;0;0;0;0;0;0;0;0;3466;0;0;0;0;0;0;
36752;2397456;555696128;31830016;505409536;0;0;0;0;0;0;0;0;0;0;0;3126;0;0;0;0;0;0;
36753;4484380;555696128;31830016;505409536;0;0;0;0;0;0;0;0;0;0;0;2986;0;0;0;0;0;0;
36754;2465814;555696128;31830016;505409536;0;0;0;0;0;0;0;0;0;0;0;3296;0;0;0;0;0;0;
36755;4498075;555696128;31830016;505409536;0;0;0;0;0;0;0;0;0;0;0;2805;0;0;0;0;0;0;
36756;2478618;555696128;31830016;505409536;0;0;0;0;0;0;0;0;0;0;0;3075;0;0;0;0;0;0;
36757;4582394;555696128;31830016;505409536;0;0;0;0;0;0;0;0;0;0;0;3206;0;0;0;0;0;0;
36758;2480962;555696128;31830016;505409536;0;0;0;0;0;0;0;0;0;0;0;2886;0;0;0;0;0;0;
36759;4558188;555696128;31830016;505409536;0;0;0;0;0;0;0;0;0;0;0;3105;0;0;0;0;0;0;
36760;2321804;555696128;31830016;505409536;0;0;0;0;0;0;0;0;0;0;0;3286;0;0;0;0;0;0;
36761;4485251;555696128;31830016;505409536;0;0;0;0;0;0;0;0;0;0;0;2765;0;0;0;0;0;0;
36762;2414849;555696128;31830016;505409536;0;0;0;0;0;0;0;0;0;0;0;2856;0;0;0;0;0;0;
36763;4558820;555696128;31830016;505409536;0;0;0;0;0;0;0;0;0;0;0;3327;0;0;0;0;0;0;
36764;2382668;555696128;31830016;505409536;0;0;0;0;0;0;0;0;0;0;0;3045;0;0;0;0;0;0;
36765;4528021;555696128;31830016;505409536;0;0;0;0;0;0;0;0;0;0;0;3105;0;0;0;0;0;0;
36766;2434476;555696128;31830016;505409536;0;0;0;0;0;0;0;0;0;0;0;2936;0;0;0;0;0;0;
36767;4546436;555696128;31830016;505409536;0;0;0;0;0;0;0;0;0;0;0;2956;0;0;0;0;0;0;
36768;2313649;555696128;31830016;505409536;0;0;0;0;0;0;0;0;0;0;0;2715;0;0;0;0;0;0;
36769;4603343;555696128;31830016;505409536;0;0;0;0;0;0;0;0;0;0;0;3076;0;0;0;0;0;0;
36770;2408798;555696128;31830016;505409536;0;0;0;0;0;0;0;0;0;0;0;2975;0;0;0;0;0;0;
36771;4482086;555696128;31830016;505409536;0;0;0;0;0;0;0;0;0;0;0;3096;0;0;0;0;0;0;
36772;2454022;555696128;31830016;505409536;0;0;0;0;0;0;0;0;0;0;0;3126;0;0;0;0;0;0;
36773;4488989;555696128;31830016;505409536;0;0;0;0;0;0;0;0;0;0;0;2795;0;0;0;0;0;0;
36774;2412214;555696128;31830016;505409536;0;0;0;0;0;0;0;0;0;0;0;2845;0;0;0;0;0;0;
36775;4559150;555696128;31830016;505409536;0;0;0;0;0;0;0;0;0;0;0;3456;0;0;0;0;0;0;
36776;2448632;555696128;31830016;505409536;0;0;0;0;0;0;0;0;0;0;0;3376;0;0;0;0;0;0;
36777;4514086;555696128;31830016;505409536;0;0;0;0;0;0;0;0;0;0;0;3016;0;0;0;0;0;0;
36778;2331232;555696128;31830016;505409536;0;0;0;0;0;0;0;0;0;0;0;2996;0;0;0;0;0;0;
36779;4584628;555696128;31830016;505409536;0;0;0;0;0;0;0;0;0;0;0;2685;0;0;0;0;0;0;
36780;2334187;555696128;31830016;505409536;0;0;0;0;0;0;0;0;0;0;0;2785;0;0;0;0;0;0;
36781;4646734;555696128;31830016;505409536;0;0;0;0;0;0;0;0;0;0;0;3025;0;0;0;0;0;0;
36782;2475012;555696128;31830016;505409536;0;0;0;0;0;0;0;0;0;0;0;3066;0;0;0;0;0;0;
36783;4582303;555696128;31830016;505409536;0;0;0;0;0;0;0;0;0;0;0;2785;0;0;0;0;0;0;
36784;2367750;555696128;31830016;505409536;0;0;0;0;0;0;0;0;0;0;0;3005;0;0;0;0;0;0;
36785;4528723;555696128;31830016;505409536;0;0;0;0;0;0;0;0;0;0;0;2615;0;0;0;0;0;0;
36786;2355147;555696128;31830016;505409536;0;0;0;0;0;0;0;0;0;0;0;3066;0;0;0;0;0;0;
36787;4543581;555696128;31830016;505409536;0;0;0;0;0;0;0;0;0;0;0;3196;0;0;0;0;0;0;
36788;2393689;555696128;31830016;505409536;0;0;0;0;0;0;0;0;0;0;0;3105;0;0;0;0;0;0;
36789;4643198;555696128;31830016;505409536;0;0;0;0;0;0;0;0;0;0;0;3026;0;0;0;0;0;0;
36790;2608903;555696128;31830016;505409536;0;0;0;0;0;0;0;0;0;0;0;3306;0;0;0;0;0;0;
36791;4596159;555696128;31830016;505409536;0;0;0;0;0;0;0;0;0;0;0;3707;0;0;0;0;0;0;
36792;2426070;555696128;31830016;505409536;0;0;0;0;0;0;0;0;0;0;0;3306;0;0;0;0;0;0;
36793;4509878;555696128;31830016;505409536;0;0;0;0;0;0;0;0;0;0;0;2725;0;0;0;0;0;0;
36794;2481614;555696128;31830016;505409536;0;0;0;0;0;0;0;0;0;0;0;2705;0;0;0;0;0;0;
36795;4619203;555696128;31830016;505409536;0;0;0;0;0;0;0;0;0;0;0;2445;0;0;0;0;0;0;
36796;2322626;555696128;31830016;505409536;0;0;0;0;0;0;0;0;0;0;0;3086;0;0;0;0;0;0;
36797;4462970;555696128;31830016;505409536;0;0;0;0;0;0;0;0;0;0;0;2685;0;0;0;0;0;0;
36798;2370305;555696128;31830016;505409536;0;0;0;0;0;0;0;0;0;0;0;2956;0;0;0;0;0;0;
36799;4563027;555696128;31830016;505409536;0;0;0;0;0;0;0;0;0;0;0;2644;0;0;0;0;0;0;
36800;2262453;555696128;31830016;505409536;0;0;0;0;0;0;0;0;0;0;0;2735;0;0;0;0;0;0;
36801;4595198;555696128;31830016;505409536;0;0;0;0;0;0;0;0;0;0;0;2645;0;0;0;0;0;0;
36802;2340680;555696128;31830016;505409536;0;0;0;0;0;0;0;0;0;0;0;3035;0;0;0;0;0;0;
36803;4484370;555696128;31830016;505409536;0;0;0;0;0;0;0;0;0;0;0;2816;0;0;0;0;0;0;
36804;2433554;555696128;31830016;505409536;0;0;0;0;0;0;0;0;0;0;0;3015;0;0;0;0;0;0;
36805;4431240;555696128;31830016;505409536;0;0;0;0;0;0;0;0;0;0;0;2775;0;0;0;0;0;0;
36806;2529183;555696128;31830016;505409536;0;0;0;0;0;0;0;0;0;0;0;2966;0;0;0;0;0;0;
36807;4536959;555696128;31830016;505409536;0;0;0;0;0;0;0;0;0;0;0;2775;0;0;0;0;0;0;
36808;2455505;555696128;31830016;505409536;0;0;0;0;0;0;0;0;0;0;0;3276;0;0;0;0;0;0;
36809;4530487;555696128;31830016;505409536;0;0;0;0;0;0;0;0;0;0;0;2585;0;0;0;0;0;0;
36810;2466746;555696128;31830016;505409536;0;0;0;0;0;0;0;0;0;0;0;3316;0;0;0;0;0;0;
36811;4769324;555696128;31838208;505417728;0;0;0;0;0;0;0;0;0;0;0;3216;0;0;0;0;0;0;
36812;2529143;555696128;31838208;505417728;0;0;0;0;0;0;0;0;0;0;0;2775;0;0;0;0;0;0;
36813;4472147;555696128;31838208;505417728;0;0;0;0;0;0;0;0;0;0;0;2755;0;0;0;0;0;0;
36814;2684535;555696128;31838208;505417728;0;0;0;0;0;0;0;0;0;0;0;3196;0;0;0;0;0;0;
36815;4554481;555696128;31838208;505417728;0;0;0;0;0;0;0;0;0;0;0;2866;0;0;0;0;0;0;
36816;2476294;555696128;31838208;505417728;0;0;0;0;0;0;0;0;0;0;0;3126;0;0;0;0;0;0;
36817;4526058;555696128;31838208;505417728;0;0;0;0;0;0;0;0;0;0;0;2865;0;0;0;0;0;0;
36818;2682601;555819008;31830016;505409536;0;0;0;0;0;0;0;0;0;0;0;3577;0;0;0;0;0;0;
36819;4568647;555819008;31830016;505409536;0;0;0;0;0;0;0;0;0;0;0;2565;0;0;0;0;0;0;
36820;2459292;555819008;31830016;505409536;0;0;0;0;0;0;0;0;0;0;0;2725;0;0;0;0;0;0;
36821;4516430;555819008;31830016;505409536;0;0;0;0;0;0;0;0;0;0;0;2655;0;0;0;0;0;0;
36822;2420279;555819008;31830016;505409536;0;0;0;0;0;0;0;0;0;0;0;2785;0;0;0;0;0;0;
36823;4549082;555819008;31830016;505409536;0;0;0;0;0;0;0;0;0;0;0;2425;0;0;0;0;0;0;
36824;2545885;555819008;31830016;505409536;0;0;0;0;0;0;0;0;0;0;0;3366;0;0;0;0;0;0;
36825;4639781;555819008;31830016;505409536;0;0;0;0;0;0;0;0;0;0;0;2505;0;0;0;0;0;0;
36826;3128136;555819008;31830016;505409536;0;0;0;0;0;0;0;0;0;0;0;4348;0;0;0;0;0;0;
36827;4872568;555819008;31830016;505409536;0;0;0;0;0;0;0;0;0;0;0;3507;0;0;0;0;0;0;
36828;3027388;555819008;31830016;505409536;0;0;0;0;0;0;0;0;0;0;0;3286;0;0;0;0;0;0;
36829;4882557;555819008;31830016;505409536;0;0;0;0;0;0;0;0;0;0;0;4619;0;0;0;0;0;0;
36830;3189922;555819008;31830016;505409536;0;0;0;0;0;0;0;0;0;0;0;3486;0;0;0;0;0;0;
36831;4956425;555819008;31830016;505409536;0;0;0;0;0;0;0;0;0;0;0;4409;0;0;0;0;0;0;
36832;3046593;555819008;31830016;505409536;0;0;0;0;0;0;0;0;0;0;0;3366;0;0;0;0;0;0;
36833;4741903;555819008;31830016;505409536;0;0;0;0;0;0;0;0;0;0;0;3727;0;0;0;0;0;0;
36834;3095064;555819008;31830016;505409536;0;0;0;0;0;0;0;0;0;0;0;3005;0;0;0;0;0;0;
36835;4708510;555819008;31830016;505409536;0;0;0;0;0;0;0;0;0;0;0;2655;0;0;0;0;0;0;
36836;2948229;555819008;31830016;505409536;0;0;0;0;0;0;0;0;0;0;0;3527;0;0;0;0;0;0;
36837;4608212;555819008;31830016;505409536;0;0;0;0;0;0;0;0;0;0;0;3106;0;0;0;0;0;0;
36838;2967205;555819008;31830016;505409536;0;0;0;0;0;0;0;0;0;0;0;3336;0;0;0;0;0;0;
36839;4842621;555819008;31830016;505409536;0;0;0;0;0;0;0;0;0;0;0;3115;0;0;0;0;0;0;
36840;3072773;555819008;31830016;505409536;0;0;0;0;0;0;0;0;0;0;0;3938;0;0;0;0;0;0;
36841;4618492;555819008;31830016;505409536;0;0;0;0;0;0;0;0;0;0;0;2795;0;0;0;0;0;0;
36842;3318403;555819008;31830016;505409536;0;0;0;0;0;0;0;0;0;0;0;2865;0;0;0;0;0;0;
36843;4806323;555819008;31830016;505409536;0;0;0;0;0;0;0;0;0;0;0;2846;0;0;0;0;0;0;
36844;3242831;555819008;31830016;505409536;0;0;0;0;0;0;0;0;0;0;0;3807;0;0;0;0;0;0;
36845;4761029;555819008;31830016;505409536;0;0;0;0;0;0;0;0;0;0;0;2926;0;0;0;0;0;0;
36846;3619308;555819008;31830016;505409536;0;0;0;0;0;0;0;0;0;0;0;3256;0;0;0;0;0;0;
36847;4789311;555819008;31830016;505409536;0;0;0;0;0;0;0;0;0;0;0;3005;0;0;0;0;0;0;
36848;3507869;555819008;31830016;505409536;0;0;0;0;0;0;0;0;0;0;0;3336;0;0;0;0;0;0;
36849;4643338;555819008;31830016;505409536;0;0;0;0;0;0;0;0;0;0;0;2695;0;0;0;0;0;0;
36850;3010305;555819008;31830016;505409536;0;0;0;0;0;0;0;0;0;0;0;4899;0;0;0;0;0;0;
36851;4796555;555819008;31830016;505409536;0;0;0;0;0;0;0;0;0;0;0;3276;0;0;0;0;0;0;
36852;2840487;555819008;31830016;505409536;0;0;0;0;0;0;0;0;0;0;0;3046;0;0;0;0;0;0;
36853;4970632;555819008;31830016;505409536;0;0;0;0;0;0;0;0;0;0;0;3377;0;0;0;0;0;0;
36854;4108074;555819008;31830016;505409536;0;0;0;0;0;0;0;0;0;0;0;3757;0;0;0;0;0;0;
36855;5434532;555819008;31830016;505409536;0;0;0;0;0;0;0;0;0;0;0;3597;0;0;0;0;0;0;
36856;4409330;555819008;31830016;505409536;0;0;0;0;0;0;0;0;0;0;0;4047;0;0;0;0;0;0;
36857;5145640;555819008;31830016;505409536;0;0;0;0;0;0;0;0;0;0;0;4228;0;0;0;0;0;0;
36858;3712512;555819008;31830016;505409536;0;0;0;0;0;0;0;0;0;0;0;3837;0;0;0;0;0;0;
36859;4994447;555819008;31830016;505409536;0;0;0;0;0;0;0;0;0;0;0;3788;0;0;0;0;0;0;
36860;3014383;555819008;31830016;505409536;0;0;0;0;0;0;0;0;0;0;0;3747;0;0;0;0;0;0;
36861;4737805;555819008;31830016;505409536;0;0;0;0;0;0;0;0;0;0;0;4027;0;0;0;0;0;0;
36862;3127656;555819008;31830016;505409536;0;0;0;0;0;0;0;0;0;0;0;3276;0;0;0;0;0;0;
36863;4980611;555819008;31830016;505409536;0;0;0;0;0;0;0;0;0;0;0;3687;0;0;0;0;0;0;
36864;3090706;555819008;31830016;505409536;0;0;0;0;0;0;0;0;0;0;0;3226;0;0;0;0;0;0;
36865;5031967;555819008;31830016;505409536;0;0;0;0;0;0;0;0;0;0;0;3476;0;0;0;0;0;0;
36866;3045521;555819008;31830016;505409536;0;0;0;0;0;0;0;0;0;0;0;3928;0;0;0;0;0;0;
36867;4971213;555819008;31830016;505409536;0;0;0;0;0;0;0;0;0;0;0;3106;0;0;0;0;0;0;
36868;2948830;555819008;31830016;505409536;0;0;0;0;0;0;0;0;0;0;0;3887;0;0;0;0;0;0;
36869;4807245;555819008;31830016;505409536;0;0;0;0;0;0;0;0;0;0;0;3837;0;0;0;0;0;0;
36870;3020775;555819008;31830016;505409536;0;0;0;0;0;0;0;0;0;0;0;3326;0;0;0;0;0;0;
36871;4870985;555819008;31830016;505409536;0;0;0;0;0;0;0;0;0;0;0;3446;0;0;0;0;0;0;
36872;3144577;555819008;31830016;505409536;0;0;0;0;0;0;0;0;0;0;0;3817;0;0;0;0;0;0;
36873;4855446;555819008;31830016;505409536;0;0;0;0;0;0;0;0;0;0;0;3326;0;0;0;0;0;0;
36874;3725768;555819008;31830016;505409536;0;0;0;0;0;0;0;0;0;0;0;4118;0;0;0;0;0;0;
36875;4956425;555819008;31830016;505409536;0;0;0;0;0;0;0;0;0;0;0;2866;0;0;0;0;0;0;
36876;2934594;555819008;31830016;505409536;0;0;0;0;0;0;0;0;0;0;0;3907;0;0;0;0;0;0;
36877;4730922;555819008;31830016;505409536;0;0;0;0;0;0;0;0;0;0;0;3757;0;0;0;0;0;0;
36878;2986561;555819008;31830016;505409536;0;0;0;0;0;0;0;0;0;0;0;3566;0;0;0;0;0;0;
36879;4693732;555819008;31830016;505409536;0;0;0;0;0;0;0;0;0;0;0;2935;0;0;0;0;0;0;
36880;3286193;555819008;31830016;505409536;0;0;0;0;0;0;0;0;0;0;0;3487;0;0;0;0;0;0;
36881;4830609;555819008;31830016;505409536;0;0;0;0;0;0;0;0;0;0;0;3436;0;0;0;0;0;0;
36882;3120553;555819008;31830016;505409536;0;0;0;0;0;0;0;0;0;0;0;4138;0;0;0;0;0;0;
36883;4714070;555819008;31830016;505409536;0;0;0;0;0;0;0;0;0;0;0;3277;0;0;0;0;0;0;
36884;3329344;555819008;31830016;505409536;0;0;0;0;0;0;0;0;0;0;0;3657;0;0;0;0;0;0;
36885;4749347;555819008;31830016;505409536;0;0;0;0;0;0;0;0;0;0;0;3206;0;0;0;0;0;0;
36886;3312111;555819008;31830016;505409536;0;0;0;0;0;0;0;0;0;0;0;3326;0;0;0;0;0;0;
36887;7722983;555819008;31830016;505409536;0;0;0;0;0;0;0;0;0;0;0;3126;0;0;0;0;0;0;
36888;9309149;555819008;31830016;505409536;0;0;0;0;0;0;0;0;0;0;0;4569;0;0;0;0;0;0;
36889;4741082;555819008;31830016;505409536;0;0;0;0;0;0;0;0;0;0;0;3096;0;0;0;0;0;0;
36890;3040883;555819008;31830016;505409536;0;0;0;0;0;0;0;0;0;0;0;2785;0;0;0;0;0;0;
36891;5165226;555819008;31830016;505409536;0;0;0;0;0;0;0;0;0;0;0;3827;0;0;0;0;0;0;
36892;3421207;555819008;31830016;505409536;0;0;0;0;0;0;0;0;0;0;0;3677;0;0;0;0;0;0;
36893;5269212;555819008;31830016;505409536;0;0;0;0;0;0;0;0;0;0;0;3587;0;0;0;0;0;0;
36894;3424212;555819008;31830016;505409536;0;0;0;0;0;0;0;0;0;0;0;3356;0;0;0;0;0;0;
36895;5123869;555819008;31830016;505409536;0;0;0;0;0;0;0;0;0;0;0;4308;0;0;0;0;0;0;
36896;3386521;555819008;31830016;505409536;0;0;0;0;0;0;0;0;0;0;0;3717;0;0;0;0;0;0;
36897;5225790;555819008;31830016;505409536;0;0;0;0;0;0;0;0;0;0;0;3677;0;0;0;0;0;0;
36898;3545840;555819008;31830016;505409536;0;0;0;0;0;0;0;0;0;0;0;4037;0;0;0;0;0;0;
36899;5220791;555819008;31830016;505409536;0;0;0;0;0;0;0;0;0;0;0;4428;0;0;0;0;0;0;
36900;3349642;555819008;31830016;505409536;0;0;0;0;0;0;0;0;0;0;0;4198;0;0;0;0;0;0;
36901;5224588;555819008;31830016;505409536;0;0;0;0;0;0;0;0;0;0;0;4338;0;0;0;0;0;0;
36902;3326469;555819008;31830016;505409536;0;0;0;0;0;0;0;0;0;0;0;11782;0;0;0;0;0;0;
36903;5128968;555819008;31830016;505409536;0;0;0;0;0;0;0;0;0;0;0;3657;0;0;0;0;0;0;
36904;3120011;555819008;31830016;505409536;0;0;0;0;0;0;0;0;0;0;0;4038;0;0;0;0;0;0;
36905;4800382;555819008;31830016;505409536;0;0;0;0;0;0;0;0;0;0;0;4038;0;0;0;0;0;0;
36906;3052083;555819008;31830016;505409536;0;0;0;0;0;0;0;0;0;0;0;4088;0;0;0;0;0;0;
36907;4812255;555819008;31830016;505409536;0;0;0;0;0;0;0;0;0;0;0;3547;0;0;0;0;0;0;
36908;2982654;555819008;31830016;505409536;0;0;0;0;0;0;0;0;0;0;0;4248;0;0;0;0;0;0;
36909;4766569;555819008;31830016;505409536;0;0;0;0;0;0;0;0;0;0;0;3006;0;0;0;0;0;0;
36910;3182769;555819008;31830016;505409536;0;0;0;0;0;0;0;0;0;0;0;11150;0;0;0;0;0;0;
36911;4989437;555819008;31830016;505409536;0;0;0;0;0;0;0;0;0;0;0;3457;0;0;0;0;0;0;
36912;2892725;555819008;31830016;505409536;0;0;0;0;0;0;0;0;0;0;0;3085;0;0;0;0;0;0;
36913;5072303;555819008;31830016;505409536;0;0;0;0;0;0;0;0;0;0;0;4398;0;0;0;0;0;0;
36914;3245116;555819008;31830016;505409536;0;0;0;0;0;0;0;0;0;0;0;3216;0;0;0;0;0;0;
36915;5095486;555819008;31830016;505409536;0;0;0;0;0;0;0;0;0;0;0;3466;0;0;0;0;0;0;
36916;3177008;555819008;31830016;505409536;0;0;0;0;0;0;0;0;0;0;0;3296;0;0;0;0;0;0;
36917;4897354;555819008;31830016;505409536;0;0;0;0;0;0;0;0;0;0;0;4008;0;0;0;0;0;0;
36918;3129008;555819008;31830016;505409536;0;0;0;0;0;0;0;0;0;0;0;3266;0;0;0;0;0;0;
36919;4908134;555819008;31830016;505409536;0;0;0;0;0;0;0;0;0;0;0;4698;0;0;0;0;0;0;
36920;2957076;555819008;31830016;505409536;0;0;0;0;0;0;0;0;0;0;0;3316;0;0;0;0;0;0;
36921;4758925;555819008;31830016;505409536;0;0;0;0;0;0;0;0;0;0;0;3247;0;0;0;0;0;0;
36922;2994335;555819008;31830016;505409536;0;0;0;0;0;0;0;0;0;0;0;3076;0;0;0;0;0;0;
36923;4840568;555819008;31830016;505409536;0;0;0;0;0;0;0;0;0;0;0;3006;0;0;0;0;0;0;
36924;3070659;555819008;31830016;505409536;0;0;0;0;0;0;0;0;0;0;0;3437;0;0;0;0;0;0;
36925;4750740;555819008;31830016;505409536;0;0;0;0;0;0;0;0;0;0;0;3186;0;0;0;0;0;0;
36926;3244825;555819008;31830016;505409536;0;0;0;0;0;0;0;0;0;0;0;3526;0;0;0;0;0;0;
36927;4761109;555819008;31830016;505409536;0;0;0;0;0;0;0;0;0;0;0;2635;0;0;0;0;0;0;
36928;3098100;555819008;31830016;505409536;0;0;0;0;0;0;0;0;0;0;0;3386;0;0;0;0;0;0;
36929;4672442;555819008;31830016;505409536;0;0;0;0;0;0;0;0;0;0;0;2715;0;0;0;0;0;0;
36930;3732790;555819008;31830016;505409536;0;0;0;0;0;0;0;0;0;0;0;3667;0;0;0;0;0;0;
36931;4835227;555819008;31830016;505409536;0;0;0;0;0;0;0;0;0;0;0;2965;0;0;0;0;0;0;
36932;4090121;555819008;31830016;505409536;0;0;0;0;0;0;0;0;0;0;0;3567;0;0;0;0;0;0;
36933;4739358;555819008;31830016;505409536;0;0;0;0;0;0;0;0;0;0;0;3175;0;0;0;0;0;0;
36934;3949046;555819008;31830016;505409536;0;0;0;0;0;0;0;0;0;0;0;4038;0;0;0;0;0;0;
36935;4912463;555819008;31830016;505409536;0;0;0;0;0;0;0;0;0;0;0;3437;0;0;0;0;0;0;
36936;3346476;555819008;31830016;505409536;0;0;0;0;0;0;0;0;0;0;0;3166;0;0;0;0;0;0;
36937;4823726;555819008;31830016;505409536;0;0;0;0;0;0;0;0;0;0;0;3667;0;0;0;0;0;0;
36938;3297153;555819008;31830016;505409536;0;0;0;0;0;0;0;0;0;0;0;3667;0;0;0;0;0;0;
36939;5115254;555819008;31830016;505409536;0;0;0;0;0;0;0;0;0;0;0;3096;0;0;0;0;0;0;
36940;3272558;555819008;31830016;505409536;0;0;0;0;0;0;0;0;0;0;0;3206;0;0;0;0;0;0;
36941;5153896;555819008;31830016;505409536;0;0;0;0;0;0;0;0;0;0;0;3176;0;0;0;0;0;0;
36942;3586837;555819008;31830016;505409536;0;0;0;0;0;0;0;0;0;0;0;4037;0;0;0;0;0;0;
36943;5710149;555819008;31830016;505409536;0;0;0;0;0;0;0;0;0;0;0;4038;0;0;0;0;0;0;
36944;3467994;555819008;31830016;505409536;0;0;0;0;0;0;0;0;0;0;0;3317;0;0;0;0;0;0;
36945;5192488;555819008;31830016;505409536;0;0;0;0;0;0;0;0;0;0;0;4468;0;0;0;0;0;0;
36946;3416818;555819008;31830016;505409536;0;0;0;0;0;0;0;0;0;0;0;3226;0;0;0;0;0;0;
36947;5218547;555819008;31830016;505409536;0;0;0;0;0;0;0;0;0;0;0;3266;0;0;0;0;0;0;
36948;3244255;555819008;31830016;505409536;0;0;0;0;0;0;0;0;0;0;0;3186;0;0;0;0;0;0;
36949;5176729;555819008;31830016;505409536;0;0;0;0;0;0;0;0;0;0;0;4429;0;0;0;0;0;0;
36950;3338010;555819008;31830016;505409536;0;0;0;0;0;0;0;0;0;0;0;3436;0;0;0;0;0;0;
36951;5163133;555819008;31830016;505409536;0;0;0;0;0;0;0;0;0;0;0;3126;0;0;0;0;0;0;
36952;3063295;555819008;31830016;505409536;0;0;0;0;0;0;0;0;0;0;0;3437;0;0;0;0;0;0;
36953;5051984;555819008;31830016;505409536;0;0;0;0;0;0;0;0;0;0;0;3817;0;0;0;0;0;0;
36954;3389646;555819008;31830016;505409536;0;0;0;0;0;0;0;0;0;0;0;3286;0;0;0;0;0;0;
36955;5246539;555819008;31830016;505409536;0;0;0;0;0;0;0;0;0;0;0;4208;0;0;0;0;0;0;
36956;3314486;555819008;31830016;505409536;0;0;0;0;0;0;0;0;0;0;0;3096;0;0;0;0;0;0;
36957;5098321;555819008;31830016;505409536;0;0;0;0;0;0;0;0;0;0;0;3246;0;0;0;0;0;0;
36958;3383184;555819008;31830016;505409536;0;0;0;0;0;0;0;0;0;0;0;4108;0;0;0;0;0;0;
36959;5246529;555819008;31830016;505409536;0;0;0;0;0;0;0;0;0;0;0;4117;0;0;0;0;0;0;
36960;3767144;555819008;31830016;505409536;0;0;0;0;0;0;0;0;0;0;0;3878;0;0;0;0;0;0;
36961;5424794;555819008;31830016;505409536;0;0;0;0;0;0;0;0;0;0;0;4399;0;0;0;0;0;0;
36962;4611579;555819008;31830016;505409536;0;0;0;0;0;0;0;0;0;0;0;4408;0;0;0;0;0;0;
36963;5574815;555819008;31830016;505409536;0;0;0;0;0;0;0;0;0;0;0;3516;0;0;0;0;0;0;
36964;3213887;555819008;31830016;505409536;0;0;0;0;0;0;0;0;0;0;0;3316;0;0;0;0;0;0;
36965;5008943;555819008;31830016;505409536;0;0;0;0;0;0;0;0;0;0;0;3336;0;0;0;0;0;0;
36966;3201283;555819008;31830016;505409536;0;0;0;0;0;0;0;0;0;0;0;3767;0;0;0;0;0;0;
36967;5095095;555819008;31830016;505409536;0;0;0;0;0;0;0;0;0;0;0;3757;0;0;0;0;0;0;
36968;2952648;555819008;31830016;505409536;0;0;0;0;0;0;0;0;0;0;0;3296;0;0;0;0;0;0;
36969;4873750;555819008;31830016;505409536;0;0;0;0;0;0;0;0;0;0;0;3587;0;0;0;0;0;0;
36970;3199510;555819008;31830016;505409536;0;0;0;0;0;0;0;0;0;0;0;3717;0;0;0;0;0;0;
36971;4986462;555819008;31830016;505409536;0;0;0;0;0;0;0;0;0;0;0;4459;0;0;0;0;0;0;
36972;3147533;555819008;31830016;505409536;0;0;0;0;0;0;0;0;0;0;0;3737;0;0;0;0;0;0;
36973;4725632;555819008;31830016;505409536;0;0;0;0;0;0;0;0;0;0;0;3266;0;0;0;0;0;0;
36974;3101567;555819008;31830016;505409536;0;0;0;0;0;0;0;0;0;0;0;4087;0;0;0;0;0;0;
36975;4833034;555819008;31830016;505409536;0;0;0;0;0;0;0;0;0;0;0;3546;0;0;0;0;0;0;
36976;3095746;555819008;31830016;505409536;0;0;0;0;0;0;0;0;0;0;0;3617;0;0;0;0;0;0;
36977;4850045;555819008;31830016;505409536;0;0;0;0;0;0;0;0;0;0;0;4078;0;0;0;0;0;0;
36978;2976172;555819008;31830016;505409536;0;0;0;0;0;0;0;0;0;0;0;3397;0;0;0;0;0;0;
36979;5129159;555819008;31830016;505409536;0;0;0;0;0;0;0;0;0;0;0;9057;0;0;0;0;0;0;
36980;3013141;555819008;31830016;505409536;0;0;0;0;0;0;0;0;0;0;0;3747;0;0;0;0;0;0;
36981;4775325;555819008;31830016;505409536;0;0;0;0;0;0;0;0;0;0;0;4338;0;0;0;0;0;0;
36982;3092229;555819008;31830016;505409536;0;0;0;0;0;0;0;0;0;0;0;3547;0;0;0;0;0;0;
36983;4742814;555819008;31830016;505409536;0;0;0;0;0;0;0;0;0;0;0;3667;0;0;0;0;0;0;
36984;2980079;555819008;31830016;505409536;0;0;0;0;0;0;0;0;0;0;0;3706;0;0;0;0;0;0;
36985;4796155;555819008;31830016;505409536;0;0;0;0;0;0;0;0;0;0;0;3105;0;0;0;0;0;0;
36986;2962656;555819008;31830016;505409536;0;0;0;0;0;0;0;0;0;0;0;3185;0;0;0;0;0;0;
36987;4854624;555819008;31830016;505409536;0;0;0;0;0;0;0;0;0;0;0;2745;0;0;0;0;0;0;
36988;3047325;555819008;31830016;505409536;0;0;0;0;0;0;0;0;0;0;0;4008;0;0;0;0;0;0;
36989;4696749;555819008;31830016;505409536;0;0;0;0;0;0;0;0;0;0;0;3076;0;0;0;0;0;0;
36990;3088152;555819008;31830016;505409536;0;0;0;0;0;0;0;0;0;0;0;3196;0;0;0;0;0;0;
36991;5005507;555819008;31830016;505409536;0;0;0;0;0;0;0;0;0;0;0;3527;0;0;0;0;0;0;
36992;3265804;555819008;31830016;505409536;0;0;0;0;0;0;0;0;0;0;0;3446;0;0;0;0;0;0;
36993;4642617;555819008;31830016;505409536;0;0;0;0;0;0;0;0;0;0;0;3247;0;0;0;0;0;0;
36994;3158343;555819008;31830016;505409536;0;0;0;0;0;0;0;0;0;0;0;4097;0;0;0;0;0;0;
36995;4859063;555819008;31830016;505409536;0;0;0;0;0;0;0;0;0;0;0;3126;0;0;0;0;0;0;
36996;2992101;555819008;31830016;505409536;0;0;0;0;0;0;0;0;0;0;0;3897;0;0;0;0;0;0;
36997;4754146;555819008;31830016;505409536;0;0;0;0;0;0;0;0;0;0;0;3286;0;0;0;0;0;0;
36998;2980069;555819008;31830016;505409536;0;0;0;0;0;0;0;0;0;0;0;3436;0;0;0;0;0;0;
36999;5070358;555819008;31830016;505409536;0;0;0;0;0;0;0;0;0;0;0;3717;0;0;0;0;0;0;
37000;3237041;555819008;31830016;505409536;0;0;0;0;0;0;0;0;0;0;0;3727;0;0;0;0;0;0;
37001;5127827;555819008;31830016;505409536;0;0;0;0;0;0;0;0;0;0;0;3657;0;0;0;0;0;0;
37002;3128016;555819008;31830016;505409536;0;0;0;0;0;0;0;0;0;0;0;4158;0;0;0;0;0;0;
37003;5313315;555819008;31830016;505409536;0;0;0;0;0;0;0;0;0;0;0;4699;0;0;0;0;0;0;
37004;3278328;555819008;31830016;505409536;0;0;0;0;0;0;0;0;0;0;0;4659;0;0;0;0;0;0;
37005;5156881;555819008;31830016;505409536;0;0;0;0;0;0;0;0;0;0;0;4077;0;0;0;0;0;0;
37006;3345003;555819008;31830016;505409536;0;0;0;0;0;0;0;0;0;0;0;4298;0;0;0;0;0;0;
37007;5157462;555819008;31830016;505409536;0;0;0;0;0;0;0;0;0;0;0;3837;0;0;0;0;0;0;
37008;4123654;555819008;31830016;505409536;0;0;0;0;0;0;0;0;0;0;0;5501;0;0;0;0;0;0;
37009;5285131;555819008;31830016;505409536;0;0;0;0;0;0;0;0;0;0;0;3757;0;0;0;0;0;0;
37010;5069167;555819008;31830016;505409536;0;0;0;0;0;0;0;0;0;0;0;4308;0;0;0;0;0;0;
37011;5129389;555819008;31830016;505409536;0;0;0;0;0;0;0;0;0;0;0;4027;0;0;0;0;0;0;
37012;5158074;555819008;31830016;505409536;0;0;0;0;0;0;0;0;0;0;0;4509;0;0;0;0;0;0;
37013;5212025;555819008;31830016;505409536;0;0;0;0;0;0;0;0;0;0;0;3346;0;0;0;0;0;0;
37014;4286669;555819008;31830016;505409536;0;0;0;0;0;0;0;0;0;0;0;3927;0;0;0;0;0;0;
37015;5086369;555819008;31830016;505409536;0;0;0;0;0;0;0;0;0;0;0;3647;0;0;0;0;0;0;
37016;3973412;555819008;31830016;505409536;0;0;0;0;0;0;0;0;0;0;0;4258;0;0;0;0;0;0;
37017;4949773;555819008;31830016;505409536;0;0;0;0;0;0;0;0;0;0;0;3236;0;0;0;0;0;0;
37018;4122181;555819008;31830016;505409536;0;0;0;0;0;0;0;0;0;0;0;3687;0;0;0;0;0;0;
37019;5932626;555819008;31830016;505409536;0;0;0;0;0;0;0;0;0;0;0;3707;0;0;0;0;0;0;
37020;4839256;555819008;31830016;505409536;0;0;0;0;0;0;0;0;0;0;0;4167;0;0;0;0;0;0;
37021;5131484;555819008;31830016;505409536;0;0;0;0;0;0;0;0;0;0;0;4449;0;0;0;0;0;0;
37022;4141377;555819008;31830016;505409536;0;0;0;0;0;0;0;0;0;0;0;3867;0;0;0;0;0;0;
37023;5241059;555819008;31830016;505409536;0;0;0;0;0;0;0;0;0;0;0;5750;0;0;0;0;0;0;
37024;3961059;555819008;31830016;505409536;0;0;0;0;0;0;0;0;0;0;0;3877;0;0;0;0;0;0;
37025;5407912;555819008;31830016;505409536;0;0;0;0;0;0;0;0;0;0;0;5019;0;0;0;0;0;0;
37026;5089885;555819008;31830016;505409536;0;0;0;0;0;0;0;0;0;0;0;4198;0;0;0;0;0;0;
37027;5539909;555819008;31830016;505409536;0;0;0;0;0;0;0;0;0;0;0;5190;0;0;0;0;0;0;
37028;5120292;555819008;31830016;505409536;0;0;0;0;0;0;0;0;0;0;0;4338;0;0;0;0;0;0;
37029;5376613;555819008;31830016;505409536;0;0;0;0;0;0;0;0;0;0;0;4258;0;0;0;0;0;0;
37030;4002296;555819008;31830016;505409536;0;0;0;0;0;0;0;0;0;0;0;4138;0;0;0;0;0;0;
37031;5438229;555819008;31830016;505409536;0;0;0;0;0;0;0;0;0;0;0;4879;0;0;0;0;0;0;
37032;4009659;555819008;31830016;505409536;0;0;0;0;0;0;0;0;0;0;0;3918;0;0;0;0;0;0;
37033;5403664;555819008;31830016;505409536;0;0;0;0;0;0;0;0;0;0;0;4799;0;0;0;0;0;0;
37034;4097033;555819008;31830016;505409536;0;0;0;0;0;0;0;0;0;0;0;4408;0;0;0;0;0;0;
37035;5386301;555819008;31830016;505409536;0;0;0;0;0;0;0;0;0;0;0;4658;0;0;0;0;0;0;
37036;3995273;555819008;31830016;505409536;0;0;0;0;0;0;0;0;0;0;0;4027;0;0;0;0;0;0;
37037;5124821;555819008;31830016;505409536;0;0;0;0;0;0;0;0;0;0;0;4589;0;0;0;0;0;0;
37038;3986657;555819008;31830016;505409536;0;0;0;0;0;0;0;0;0;0;0;4568;0;0;0;0;0;0;
37039;5532616;555819008;31830016;505409536;0;0;0;0;0;0;0;0;0;0;0;5480;0;0;0;0;0;0;
37040;3835493;555819008;31830016;505409536;0;0;0;0;0;0;0;0;0;0;0;3757;0;0;0;0;0;0;
37041;5659303;555819008;31830016;505409536;0;0;0;0;0;0;0;0;0;0;0;4248;0;0;0;0;0;0;
37042;3961379;555819008;31830016;505409536;0;0;0;0;0;0;0;0;0;0;0;4348;0;0;0;0;0;0;
37043;5473124;555819008;31830016;505409536;0;0;0;0;0;0;0;0;0;0;0;4669;0;0;0;0;0;0;
37044;3937254;555819008;31830016;505409536;0;0;0;0;0;0;0;0;0;0;0;3767;0;0;0;0;0;0;
37045;5323323;555819008;31830016;505409536;0;0;0;0;0;0;0;0;0;0;0;4578;0;0;0;0;0;0;
37046;4314472;555819008;31830016;505409536;0;0;0;0;0;0;0;0;0;0;0;4448;0;0;0;0;0;0;
37047;5461192;555819008;31830016;505409536;0;0;0;0;0;0;0;0;0;0;0;4047;0;0;0;0;0;0;
37048;4044094;555819008;31830016;505409536;0;0;0;0;0;0;0;0;0;0;0;3867;0;0;0;0;0;0;
37049;5475669;555819008;31830016;505409536;0;0;0;0;0;0;0;0;0;0;0;4349;0;0;0;0;0;0;
37050;4164561;555819008;31830016;505409536;0;0;0;0;0;0;0;0;0;0;0;3757;0;0;0;0;0;0;
37051;5337550;555819008;31830016;505409536;0;0;0;0;0;0;0;0;0;0;0;4248;0;0;0;0;0;0;
37052;4019588;555819008;31830016;505409536;0;0;0;0;0;0;0;0;0;0;0;4108;0;0;0;0;0;0;
37053;5361605;555819008;31830016;505409536;0;0;0;0;0;0;0;0;0;0;0;4618;0;0;0;0;0;0;
37054;3999050;555819008;31830016;505409536;0;0;0;0;0;0;0;0;0;0;0;4038;0;0;0;0;0;0;
37055;5520984;555819008;31830016;505409536;0;0;0;0;0;0;0;0;0;0;0;4589;0;0;0;0;0;0;
37056;3851082;555819008;31830016;505409536;0;0;0;0;0;0;0;0;0;0;0;4147;0;0;0;0;0;0;
37057;5674351;555819008;31830016;505409536;0;0;0;0;0;0;0;0;0;0;0;4749;0;0;0;0;0;0;
37058;3930641;555819008;31830016;505409536;0;0;0;0;0;0;0;0;0;0;0;4719;0;0;0;0;0;0;
37059;5409535;555819008;31830016;505409536;0;0;0;0;0;0;0;0;0;0;0;5249;0;0;0;0;0;0;
37060;3966178;555819008;31830016;505409536;0;0;0;0;0;0;0;0;0;0;0;4338;0;0;0;0;0;0;
37061;5887251;555819008;31830016;505409536;0;0;0;0;0;0;0;0;0;0;0;4368;0;0;0;0;0;0;
37062;5223597;555819008;31830016;505409536;0;0;0;0;0;0;0;0;0;0;0;4549;0;0;0;0;0;0;
37063;5637342;555819008;31830016;505409536;0;0;0;0;0;0;0;0;0;0;0;4429;0;0;0;0;0;0;
37064;4342343;555819008;31830016;505409536;0;0;0;0;0;0;0;0;0;0;0;5631;0;0;0;0;0;0;
37065;5165517;555819008;31830016;505409536;0;0;0;0;0;0;0;0;0;0;0;3757;0;0;0;0;0;0;
37066;4224973;555819008;31830016;505409536;0;0;0;0;0;0;0;0;0;0;0;5670;0;0;0;0;0;0;
37067;5188731;555819008;31830016;505409536;0;0;0;0;0;0;0;0;0;0;0;3797;0;0;0;0;0;0;
37068;3956711;555819008;31830016;505409536;0;0;0;0;0;0;0;0;0;0;0;4198;0;0;0;0;0;0;
37069;5255556;555819008;31830016;505409536;0;0;0;0;0;0;0;0;0;0;0;4439;0;0;0;0;0;0;
37070;4329490;555819008;31830016;505409536;0;0;0;0;0;0;0;0;0;0;0;4599;0;0;0;0;0;0;
37071;5559596;555819008;31830016;505409536;0;0;0;0;0;0;0;0;0;0;0;4899;0;0;0;0;0;0;
37072;5000538;555819008;31830016;505409536;0;0;0;0;0;0;0;0;0;0;0;4459;0;0;0;0;0;0;
37073;5587058;555819008;31830016;505409536;0;0;0;0;0;0;0;0;0;0;0;5149;0;0;0;0;0;0;
37074;5583942;555819008;31830016;505409536;0;0;0;0;0;0;0;0;0;0;0;5240;0;0;0;0;0;0;
37075;6103186;555819008;31830016;505409536;0;0;0;0;0;0;0;0;0;0;0;4478;0;0;0;0;0;0;
37076;4489820;555819008;31830016;505409536;0;0;0;0;0;0;0;0;0;0;0;3416;0;0;0;0;0;0;
37077;5185255;555819008;31830016;505409536;0;0;0;0;0;0;0;0;0;0;0;4378;0;0;0;0;0;0;
37078;4014719;555819008;31830016;505409536;0;0;0;0;0;0;0;0;0;0;0;4168;0;0;0;0;0;0;
37079;5568042;555819008;31830016;505409536;0;0;0;0;0;0;0;0;0;0;0;4438;0;0;0;0;0;0;
37080;3974133;555819008;31830016;505409536;0;0;0;0;0;0;0;0;0;0;0;4629;0;0;0;0;0;0;
37081;5355043;555819008;31830016;505409536;0;0;0;0;0;0;0;0;0;0;0;4508;0;0;0;0;0;0;
37082;4352523;555819008;31830016;505409536;0;0;0;0;0;0;0;0;0;0;0;3978;0;0;0;0;0;0;
37083;5599411;555819008;31830016;505409536;0;0;0;0;0;0;0;0;0;0;0;4278;0;0;0;0;0;0;
37084;4357452;555819008;31830016;505409536;0;0;0;0;0;0;0;0;0;0;0;4599;0;0;0;0;0;0;
37085;5275093;555819008;31830016;505409536;0;0;0;0;0;0;0;0;0;0;0;4128;0;0;0;0;0;0;
37086;4181081;555819008;31830016;505409536;0;0;0;0;0;0;0;0;0;0;0;4218;0;0;0;0;0;0;
37087;5198238;555819008;31830016;505409536;0;0;0;0;0;0;0;0;0;0;0;4419;0;0;0;0;0;0;
37088;3982268;555819008;31830016;505409536;0;0;0;0;0;0;0;0;0;0;0;3837;0;0;0;0;0;0;
37089;5640508;555819008;31830016;505409536;0;0;0;0;0;0;0;0;0;0;0;4549;0;0;0;0;0;0;
37090;4209404;555819008;31830016;505409536;0;0;0;0;0;0;0;0;0;0;0;4238;0;0;0;0;0;0;
37091;5613618;555819008;31830016;505409536;0;0;0;0;0;0;0;0;0;0;0;4649;0;0;0;0;0;0;
37092;4188936;555819008;31830016;505409536;0;0;0;0;0;0;0;0;0;0;0;4629;0;0;0;0;0;0;
37093;5531884;555819008;31830016;505409536;0;0;0;0;0;0;0;0;0;0;0;4388;0;0;0;0;0;0;
37094;4691088;555819008;31830016;505409536;0;0;0;0;0;0;0;0;0;0;0;4048;0;0;0;0;0;0;
37095;5379329;555819008;31830016;505409536;0;0;0;0;0;0;0;0;0;0;0;3997;0;0;0;0;0;0;
37096;4033324;555819008;31830016;505409536;0;0;0;0;0;0;0;0;0;0;0;3997;0;0;0;0;0;0;
37097;5383776;555819008;31830016;505409536;0;0;0;0;0;0;0;0;0;0;0;4459;0;0;0;0;0;0;
37098;4185139;555819008;31830016;505409536;0;0;0;0;0;0;0;0;0;0;0;3887;0;0;0;0;0;0;
37099;5673180;555819008;31830016;505409536;0;0;0;0;0;0;0;0;0;0;0;3967;0;0;0;0;0;0;
37100;4032703;555819008;31830016;505409536;0;0;0;0;0;0;0;0;0;0;0;3987;0;0;0;0;0;0;
37101;5604019;555819008;31830016;505409536;0;0;0;0;0;0;0;0;0;0;0;4338;0;0;0;0;0;0;
37102;4310253;555819008;31830016;505409536;0;0;0;0;0;0;0;0;0;0;0;4288;0;0;0;0;0;0;
37103;5706932;555819008;31830016;505409536;0;0;0;0;0;0;0;0;0;0;0;4438;0;0;0;0;0;0;
37104;4141818;555819008;31830016;505409536;0;0;0;0;0;0;0;0;0;0;0;3807;0;0;0;0;0;0;
37105;5681906;555819008;31830016;505409536;0;0;0;0;0;0;0;0;0;0;0;4187;0;0;0;0;0;0;
37106;4165182;555819008;31830016;505409536;0;0;0;0;0;0;0;0;0;0;0;3887;0;0;0;0;0;0;
37107;5421808;555819008;31830016;505409536;0;0;0;0;0;0;0;0;0;0;0;4689;0;0;0;0;0;0;
37108;11211376;555819008;31830016;505409536;0;0;0;0;0;0;0;0;0;0;0;5701;0;0;0;0;0;0;
37109;6762132;555819008;31830016;505409536;0;0;0;0;0;0;0;0;0;0;0;6632;0;0;0;0;0;0;
37110;5418872;555819008;31830016;505409536;0;0;0;0;0;0;0;0;0;0;0;4288;0;0;0;0;0;0;
37111;6268136;555819008;31830016;505409536;0;0;0;0;0;0;0;0;0;0;0;5100;0;0;0;0;0;0;
37112;4924295;555819008;31830016;505409536;0;0;0;0;0;0;0;0;0;0;0;4348;0;0;0;0;0;0;
37113;5369850;555819008;31830016;505409536;0;0;0;0;0;0;0;0;0;0;0;3557;0;0;0;0;0;0;
37114;4396315;555819008;31830016;505409536;0;0;0;0;0;0;0;0;0;0;0;4188;0;0;0;0;0;0;
37115;5338492;555819008;31830016;505409536;0;0;0;0;0;0;0;0;0;0;0;4278;0;0;0;0;0;0;
37116;4337735;555819008;31830016;505409536;0;0;0;0;0;0;0;0;0;0;0;3727;0;0;0;0;0;0;
37117;5465570;555819008;31830016;505409536;0;0;0;0;0;0;0;0;0;0;0;4298;0;0;0;0;0;0;
37118;4206058;555819008;31830016;505409536;0;0;0;0;0;0;0;0;0;0;0;3747;0;0;0;0;0;0;
37119;5818632;555819008;31830016;505409536;0;0;0;0;0;0;0;0;0;0;0;3877;0;0;0;0;0;0;
37120;4347513;555819008;31830016;505409536;0;0;0;0;0;0;0;0;0;0;0;4128;0;0;0;0;0;0;
37121;5786672;555819008;31830016;505409536;0;0;0;0;0;0;0;0;0;0;0;4729;0;0;0;0;0;0;
37122;4197922;555819008;31830016;505409536;0;0;0;0;0;0;0;0;0;0;0;3918;0;0;0;0;0;0;
37123;5497380;555819008;31830016;505409536;0;0;0;0;0;0;0;0;0;0;0;5040;0;0;0;0;0;0;
37124;4291498;555819008;31830016;505409536;0;0;0;0;0;0;0;0;0;0;0;3807;0;0;0;0;0;0;
37125;5588471;555819008;31830016;505409536;0;0;0;0;0;0;0;0;0;0;0;4960;0;0;0;0;0;0;
37126;4416402;555819008;31830016;505409536;0;0;0;0;0;0;0;0;0;0;0;4629;0;0;0;0;0;0;
37127;5639276;555819008;31830016;505409536;0;0;0;0;0;0;0;0;0;0;0;3977;0;0;0;0;0;0;
37128;4490181;555819008;31830016;505409536;0;0;0;0;0;0;0;0;0;0;0;3767;0;0;0;0;0;0;
37129;5719116;555819008;31830016;505409536;0;0;0;0;0;0;0;0;0;0;0;5160;0;0;0;0;0;0;
37130;4440037;555819008;31830016;505409536;0;0;0;0;0;0;0;0;0;0;0;3978;0;0;0;0;0;0;
37131;5762036;555819008;31830016;505409536;0;0;0;0;0;0;0;0;0;0;0;4429;0;0;0;0;0;0;
37132;4608162;555819008;31830016;505409536;0;0;0;0;0;0;0;0;0;0;0;4618;0;0;0;0;0;0;
37133;5548085;555819008;31830016;505409536;0;0;0;0;0;0;0;0;0;0;0;4789;0;0;0;0;0;0;
37134;4336263;555819008;31830016;505409536;0;0;0;0;0;0;0;0;0;0;0;4088;0;0;0;0;0;0;
37135;5303777;555819008;31830016;505409536;0;0;0;0;0;0;0;0;0;0;0;3977;0;0;0;0;0;0;
37136;4397778;555819008;31830016;505409536;0;0;0;0;0;0;0;0;0;0;0;3828;0;0;0;0;0;0;
37137;5220200;555819008;31830016;505409536;0;0;0;0;0;0;0;0;0;0;0;4068;0;0;0;0;0;0;
37138;4337695;555819008;31830016;505409536;0;0;0;0;0;0;0;0;0;0;0;3907;0;0;0;0;0;0;
37139;5242562;555819008;31830016;505409536;0;0;0;0;0;0;0;0;0;0;0;4308;0;0;0;0;0;0;
37140;4216067;555819008;31830016;505409536;0;0;0;0;0;0;0;0;0;0;0;4849;0;0;0;0;0;0;
37141;5288057;555819008;31830016;505409536;0;0;0;0;0;0;0;0;0;0;0;4979;0;0;0;0;0;0;
37142;4170392;555819008;31830016;505409536;0;0;0;0;0;0;0;0;0;0;0;4368;0;0;0;0;0;0;
37143;5625821;555819008;31830016;505409536;0;0;0;0;0;0;0;0;0;0;0;4860;0;0;0;0;0;0;
37144;4445337;555819008;31830016;505409536;0;0;0;0;0;0;0;0;0;0;0;5040;0;0;0;0;0;0;
37145;5424263;555819008;31830016;505409536;0;0;0;0;0;0;0;0;0;0;0;4639;0;0;0;0;0;0;
37146;4553188;555819008;31830016;505409536;0;0;0;0;0;0;0;0;0;0;0;4248;0;0;0;0;0;0;
37147;5308836;555819008;31830016;505409536;0;0;0;0;0;0;0;0;0;0;0;3988;0;0;0;0;0;0;
37148;4163338;555819008;31830016;505409536;0;0;0;0;0;0;0;0;0;0;0;4148;0;0;0;0;0;0;
37149;5520103;555819008;31830016;505409536;0;0;0;0;0;0;0;0;0;0;0;4118;0;0;0;0;0;0;
37150;4040277;555819008;31830016;505409536;0;0;0;0;0;0;0;0;0;0;0;4007;0;0;0;0;0;0;
37151;5469227;555819008;31830016;505409536;0;0;0;0;0;0;0;0;0;0;0;4008;0;0;0;0;0;0;
37152;4039526;555819008;31830016;505409536;0;0;0;0;0;0;0;0;0;0;0;3747;0;0;0;0;0;0;
37153;5233365;555819008;31830016;505409536;0;0;0;0;0;0;0;0;0;0;0;4087;0;0;0;0;0;0;
37154;4070063;555819008;31830016;505409536;0;0;0;0;0;0;0;0;0;0;0;4008;0;0;0;0;0;0;
37155;5321560;555819008;31830016;505409536;0;0;0;0;0;0;0;0;0;0;0;3717;0;0;0;0;0;0;
37156;3950068;555819008;31830016;505409536;0;0;0;0;0;0;0;0;0;0;0;3526;0;0;0;0;0;0;
37157;5461342;555819008;31830016;505409536;0;0;0;0;0;0;0;0;0;0;0;4458;0;0;0;0;0;0;
37158;4178747;555819008;31830016;505409536;0;0;0;0;0;0;0;0;0;0;0;3607;0;0;0;0;0;0;
37159;5424964;555819008;31830016;505409536;0;0;0;0;0;0;0;0;0;0;0;3807;0;0;0;0;0;0;
37160;4110689;555819008;31830016;505409536;0;0;0;0;0;0;0;0;0;0;0;3808;0;0;0;0;0;0;
37161;5606524;555819008;31830016;505409536;0;0;0;0;0;0;0;0;0;0;0;4329;0;0;0;0;0;0;
37162;4030259;555819008;31830016;505409536;0;0;0;0;0;0;0;0;0;0;0;3387;0;0;0;0;0;0;
37163;5807081;555819008;31830016;505409536;0;0;0;0;0;0;0;0;0;0;0;4138;0;0;0;0;0;0;
37164;4062869;555819008;31830016;505409536;0;0;0;0;0;0;0;0;0;0;0;4087;0;0;0;0;0;0;
37165;5597197;555819008;31830016;505409536;0;0;0;0;0;0;0;0;0;0;0;4779;0;0;0;0;0;0;
37166;5017309;555819008;31830016;505409536;0;0;0;0;0;0;0;0;0;0;0;4839;0;0;0;0;0;0;
37167;6094920;555819008;31830016;505409536;0;0;0;0;0;0;0;0;0;0;0;4418;0;0;0;0;0;0;
37168;4988064;555819008;31830016;505409536;0;0;0;0;0;0;0;0;0;0;0;4338;0;0;0;0;0;0;
37169;5531633;555819008;31830016;505409536;0;0;0;0;0;0;0;0;0;0;0;5290;0;0;0;0;0;0;
37170;4503356;555819008;31830016;505409536;0;0;0;0;0;0;0;0;0;0;0;3316;0;0;0;0;0;0;
37171;5659243;555819008;31830016;505409536;0;0;0;0;0;0;0;0;0;0;0;3396;0;0;0;0;0;0;
37172;4239951;555819008;31830016;505409536;0;0;0;0;0;0;0;0;0;0;0;4127;0;0;0;0;0;0;
37173;5817300;555819008;31830016;505409536;0;0;0;0;0;0;0;0;0;0;0;4338;0;0;0;0;0;0;
37174;4690116;555819008;31830016;505409536;0;0;0;0;0;0;0;0;0;0;0;3566;0;0;0;0;0;0;
37175;5719376;555819008;31830016;505409536;0;0;0;0;0;0;0;0;0;0;0;3717;0;0;0;0;0;0;
37176;4221237;555819008;31830016;505409536;0;0;0;0;0;0;0;0;0;0;0;3427;0;0;0;0;0;0;
37177;5465771;555819008;31830016;505409536;0;0;0;0;0;0;0;0;0;0;0;4568;0;0;0;0;0;0;
37178;4387899;555819008;31830016;505409536;0;0;0;0;0;0;0;0;0;0;0;3877;0;0;0;0;0;0;
37179;5510905;555819008;31830016;505409536;0;0;0;0;0;0;0;0;0;0;0;4899;0;0;0;0;0;0;
37180;4401345;555819008;31830016;505409536;0;0;0;0;0;0;0;0;0;0;0;3988;0;0;0;0;0;0;
37181;5521565;555819008;31830016;505409536;0;0;0;0;0;0;0;0;0;0;0;4198;0;0;0;0;0;0;
37182;4413808;555819008;31830016;505409536;0;0;0;0;0;0;0;0;0;0;0;4448;0;0;0;0;0;0;
37183;5254905;555819008;31830016;505409536;0;0;0;0;0;0;0;0;0;0;0;3697;0;0;0;0;0;0;
37184;4334759;555819008;31830016;505409536;0;0;0;0;0;0;0;0;0;0;0;4459;0;0;0;0;0;0;
37185;5333823;555819008;31830016;505409536;0;0;0;0;0;0;0;0;0;0;0;3467;0;0;0;0;0;0;
37186;4290667;555819008;31830016;505409536;0;0;0;0;0;0;0;0;0;0;0;4007;0;0;0;0;0;0;
37187;5291033;555819008;31830016;505409536;0;0;0;0;0;0;0;0;0;0;0;3787;0;0;0;0;0;0;
37188;4160042;555819008;31830016;505409536;0;0;0;0;0;0;0;0;0;0;0;3938;0;0;0;0;0;0;
37189;5446113;555819008;31830016;505409536;0;0;0;0;0;0;0;0;0;0;0;4949;0;0;0;0;0;0;
37190;5190434;555819008;31830016;505409536;0;0;0;0;0;0;0;0;0;0;0;4328;0;0;0;0;0;0;
37191;5954838;555819008;31830016;505409536;0;0;0;0;0;0;0;0;0;0;0;4749;0;0;0;0;0;0;
37192;5469477;555819008;31830016;505409536;0;0;0;0;0;0;0;0;0;0;0;4328;0;0;0;0;0;0;
37193;5872883;555819008;31830016;505409536;0;0;0;0;0;0;0;0;0;0;0;5741;0;0;0;0;0;0;
37194;4330812;555819008;31830016;505409536;0;0;0;0;0;0;0;0;0;0;0;3988;0;0;0;0;0;0;
37195;5473475;555819008;31830016;505409536;0;0;0;0;0;0;0;0;0;0;0;3586;0;0;0;0;0;0;
37196;4058611;555819008;31830016;505409536;0;0;0;0;0;0;0;0;0;0;0;4309;0;0;0;0;0;0;
37197;5510574;555819008;31830016;505409536;0;0;0;0;0;0;0;0;0;0;0;4589;0;0;0;0;0;0;
37198;4600027;555819008;31830016;505409536;0;0;0;0;0;0;0;0;0;0;0;3186;0;0;0;0;0;0;
37199;5668030;555819008;31830016;505409536;0;0;0;0;0;0;0;0;0;0;0;3737;0;0;0;0;0;0;
37200;4474391;555819008;31830016;505409536;0;0;0;0;0;0;0;0;0;0;0;3447;0;0;0;0;0;0;
37201;5197818;555819008;31830016;505409536;0;0;0;0;0;0;0;0;0;0;0;3397;0;0;0;0;0;0;
37202;4082697;555819008;31830016;505409536;0;0;0;0;0;0;0;0;0;0;0;3476;0;0;0;0;0;0;
37203;5245377;555819008;31830016;505409536;0;0;0;0;0;0;0;0;0;0;0;4098;0;0;0;0;0;0;
37204;4093447;555819008;31830016;505409536;0;0;0;0;0;0;0;0;0;0;0;3447;0;0;0;0;0;0;
37205;5202767;555819008;31830016;505409536;0;0;0;0;0;0;0;0;0;0;0;4138;0;0;0;0;0;0;
37206;4123603;555819008;31830016;505409536;0;0;0;0;0;0;0;0;0;0;0;4508;0;0;0;0;0;0;
37207;5530782;555819008;31830016;505409536;0;0;0;0;0;0;0;0;0;0;0;5089;0;0;0;0;0;0;
37208;4115498;555819008;31830016;505409536;0;0;0;0;0;0;0;0;0;0;0;4238;0;0;0;0;0;0;
37209;5410577;555819008;31830016;505409536;0;0;0;0;0;0;0;0;0;0;0;5380;0;0;0;0;0;0;
37210;4650331;555819008;31830016;505409536;0;0;0;0;0;0;0;0;0;0;0;3486;0;0;0;0;0;0;
37211;5542584;555819008;31830016;505409536;0;0;0;0;0;0;0;0;0;0;0;4178;0;0;0;0;0;0;
37212;4021101;555819008;31830016;505409536;0;0;0;0;0;0;0;0;0;0;0;3537;0;0;0;0;0;0;
37213;5170036;555819008;31830016;505409536;0;0;0;0;0;0;0;0;0;0;0;3927;0;0;0;0;0;0;
37214;4352673;555819008;31830016;505409536;0;0;0;0;0;0;0;0;0;0;0;4288;0;0;0;0;0;0;
37215;6726304;555819008;31830016;505409536;0;0;0;0;0;0;0;0;0;0;0;4348;0;0;0;0;0;0;
37216;4176712;555819008;31830016;505409536;0;0;0;0;0;0;0;0;0;0;0;4759;0;0;0;0;0;0;
37217;5105535;555819008;31830016;505409536;0;0;0;0;0;0;0;0;0;0;0;3717;0;0;0;0;0;0;
37218;4099438;555819008;31830016;505409536;0;0;0;0;0;0;0;0;0;0;0;5530;0;0;0;0;0;0;
37219;5208588;555819008;31830016;505409536;0;0;0;0;0;0;0;0;0;0;0;4227;0;0;0;0;0;0;
37220;3942103;555819008;31830016;505409536;0;0;0;0;0;0;0;0;0;0;0;4819;0;0;0;0;0;0;
37221;5014103;555819008;31830016;505409536;0;0;0;0;0;0;0;0;0;0;0;3737;0;0;0;0;0;0;
37222;4265380;555819008;31830016;505409536;0;0;0;0;0;0;0;0;0;0;0;4038;0;0;0;0;0;0;
37223;5278980;555819008;31830016;505409536;0;0;0;0;0;0;0;0;0;0;0;4849;0;0;0;0;0;0;
37224;4001745;555819008;31830016;505409536;0;0;0;0;0;0;0;0;0;0;0;4359;0;0;0;0;0;0;
37225;5244275;555819008;31830016;505409536;0;0;0;0;0;0;0;0;0;0;0;4308;0;0;0;0;0;0;
37226;4077958;555819008;31830016;505409536;0;0;0;0;0;0;0;0;0;0;0;4428;0;0;0;0;0;0;
37227;5381603;555819008;31830016;505409536;0;0;0;0;0;0;0;0;0;0;0;5050;0;0;0;0;0;0;
37228;4020019;555819008;31830016;505409536;0;0;0;0;0;0;0;0;0;0;0;4358;0;0;0;0;0;0;
37229;5401400;555819008;31830016;505409536;0;0;0;0;0;0;0;0;0;0;0;5360;0;0;0;0;0;0;
37230;4020369;555819008;31830016;505409536;0;0;0;0;0;0;0;0;0;0;0;4379;0;0;0;0;0;0;
37231;5432939;555819008;31830016;505409536;0;0;0;0;0;0;0;0;0;0;0;4399;0;0;0;0;0;0;
37232;4241284;555819008;31830016;505409536;0;0;0;0;0;0;0;0;0;0;0;4158;0;0;0;0;0;0;
37233;5599932;555819008;31830016;505409536;0;0;0;0;0;0;0;0;0;0;0;4659;0;0;0;0;0;0;
37234;4314782;555819008;31830016;505409536;0;0;0;0;0;0;0;0;0;0;0;4017;0;0;0;0;0;0;
37235;5648774;555819008;31830016;505409536;0;0;0;0;0;0;0;0;0;0;0;3968;0;0;0;0;0;0;
37236;4079731;555819008;31830016;505409536;0;0;0;0;0;0;0;0;0;0;0;4107;0;0;0;0;0;0;
37237;5536202;555819008;31830016;505409536;0;0;0;0;0;0;0;0;0;0;0;4699;0;0;0;0;0;0;
37238;4142889;555819008;31830016;505409536;0;0;0;0;0;0;0;0;0;0;0;4218;0;0;0;0;0;0;
37239;5469738;555819008;31830016;505409536;0;0;0;0;0;0;0;0;0;0;0;3707;0;0;0;0;0;0;
37240;4189888;555819008;31830016;505409536;0;0;0;0;0;0;0;0;0;0;0;3576;0;0;0;0;0;0;
37241;5668320;555819008;31830016;505409536;0;0;0;0;0;0;0;0;0;0;0;4639;0;0;0;0;0;0;
37242;4124325;555819008;31830016;505409536;0;0;0;0;0;0;0;0;0;0;0;4058;0;0;0;0;0;0;
37243;5734634;555819008;31830016;505409536;0;0;0;0;0;0;0;0;0;0;0;4478;0;0;0;0;0;0;
37244;4223340;555819008;31830016;505409536;0;0;0;0;0;0;0;0;0;0;0;3546;0;0;0;0;0;0;
37245;4740450;555819008;31830016;505409536;0;0;0;0;0;0;0;0;0;0;0;3547;0;0;0;0;0;0;
37246;2836800;555819008;31830016;505409536;0;0;0;0;0;0;0;0;0;0;0;3487;0;0;0;0;0;0;
37247;5155649;555819008;31830016;505409536;0;0;0;0;0;0;0;0;0;0;0;3376;0;0;0;0;0;0;
37248;3885497;555819008;31830016;505409536;0;0;0;0;0;0;0;0;0;0;0;3126;0;0;0;0;0;0;
37249;4984968;555819008;31830016;505409536;0;0;0;0;0;0;0;0;0;0;0;3095;0;0;0;0;0;0;
37250;3265815;555819008;31830016;505409536;0;0;0;0;0;0;0;0;0;0;0;4007;0;0;0;0;0;0;
37251;5049991;555819008;31838208;505417728;0;0;0;0;0;0;0;0;0;0;0;3467;0;0;0;0;0;0;
37252;3724866;555819008;31838208;505417728;0;0;0;0;0;0;0;0;0;0;0;3837;0;0;0;0;0;0;
37253;4855004;555819008;31838208;505417728;0;0;0;0;0;0;0;0;0;0;0;3747;0;0;0;0;0;0;
37254;3810707;555819008;31838208;505417728;0;0;0;0;0;0;0;0;0;0;0;3938;0;0;0;0;0;0;
37255;4897785;555819008;31838208;505417728;0;0;0;0;0;0;0;0;0;0;0;3727;0;0;0;0;0;0;
37256;3731608;555819008;31838208;505417728;0;0;0;0;0;0;0;0;0;0;0;3977;0;0;0;0;0;0;
37257;4924105;555819008;31838208;505417728;0;0;0;0;0;0;0;0;0;0;0;3667;0;0;0;0;0;0;
37258;3709036;555892736;31830016;505409536;0;0;0;0;0;0;0;0;0;0;0;3507;0;0;0;0;0;0;
37259;4939925;555892736;31830016;505409536;0;0;0;0;0;0;0;0;0;0;0;3086;0;0;0;0;0;0;
37260;4016142;555892736;31830016;505409536;0;0;0;0;0;0;0;0;0;0;0;3587;0;0;0;0;0;0;
37261;4886905;555892736;31830016;505409536;0;0;0;0;0;0;0;0;0;0;0;3557;0;0;0;0;0;0;
37262;3925041;555892736;31830016;505409536;0;0;0;0;0;0;0;0;0;0;0;2845;0;0;0;0;0;0;
37263;4953209;555892736;31830016;505409536;0;0;0;0;0;0;0;0;0;0;0;2775;0;0;0;0;0;0;
37264;3729675;555892736;31830016;505409536;0;0;0;0;0;0;0;0;0;0;0;3206;0;0;0;0;0;0;
37265;4809830;555892736;31830016;505409536;0;0;0;0;0;0;0;0;0;0;0;3707;0;0;0;0;0;0;
37266;3758489;555892736;31830016;505409536;0;0;0;0;0;0;0;0;0;0;0;11601;0;0;0;0;0;0;
37267;4849806;555892736;31830016;505409536;0;0;0;0;0;0;0;0;0;0;0;4248;0;0;0;0;0;0;
37268;3583210;555892736;31830016;505409536;0;0;0;0;0;0;0;0;0;0;0;4098;0;0;0;0;0;0;
37269;4793620;555892736;31830016;505409536;0;0;0;0;0;0;0;0;0;0;0;3146;0;0;0;0;0;0;
37270;3725627;555892736;31830016;505409536;0;0;0;0;0;0;0;0;0;0;0;4127;0;0;0;0;0;0;
37271;4965292;555892736;31830016;505409536;0;0;0;0;0;0;0;0;0;0;0;3858;0;0;0;0;0;0;
37272;3585905;555892736;31830016;505409536;0;0;0;0;0;0;0;0;0;0;0;3347;0;0;0;0;0;0;
37273;4817495;555892736;31830016;505409536;0;0;0;0;0;0;0;0;0;0;0;3396;0;0;0;0;0;0;
37274;3432537;555892736;31830016;505409536;0;0;0;0;0;0;0;0;0;0;0;3176;0;0;0;0;0;0;
37275;4557437;555892736;31830016;505409536;0;0;0;0;0;0;0;0;0;0;0;2716;0;0;0;0;0;0;
37276;2535425;555892736;31830016;505409536;0;0;0;0;0;0;0;0;0;0;0;3596;0;0;0;0;0;0;
37277;4485752;555892736;31830016;505409536;0;0;0;0;0;0;0;0;0;0;0;3006;0;0;0;0;0;0;
37278;2682841;555892736;31830016;505409536;0;0;0;0;0;0;0;0;0;0;0;3337;0;0;0;0;0;0;
37279;4598123;555892736;31830016;505409536;0;0;0;0;0;0;0;0;0;0;0;2595;0;0;0;0;0;0;
37280;2684314;555892736;31830016;505409536;0;0;0;0;0;0;0;0;0;0;0;3136;0;0;0;0;0;0;
37281;4663856;555892736;31830016;505409536;0;0;0;0;0;0;0;0;0;0;0;2645;0;0;0;0;0;0;
37282;2742233;555892736;31830016;505409536;0;0;0;0;0;0;0;0;0;0;0;2815;0;0;0;0;0;0;
37283;4605788;555892736;31830016;505409536;0;0;0;0;0;0;0;0;0;0;0;2575;0;0;0;0;0;0;
37284;2748925;555892736;31830016;505409536;0;0;0;0;0;0;0;0;0;0;0;2795;0;0;0;0;0;0;
37285;4507694;555892736;31830016;505409536;0;0;0;0;0;0;0;0;0;0;0;2134;0;0;0;0;0;0;
37286;2627066;555892736;31830016;505409536;0;0;0;0;0;0;0;0;0;0;0;2796;0;0;0;0;0;0;
37287;4602522;555892736;31830016;505409536;0;0;0;0;0;0;0;0;0;0;0;2725;0;0;0;0;0;0;
37288;2425439;555892736;31830016;505409536;0;0;0;0;0;0;0;0;0;0;0;3516;0;0;0;0;0;0;
37289;4620896;555892736;31830016;505409536;0;0;0;0;0;0;0;0;0;0;0;3286;0;0;0;0;0;0;
37290;2565681;555892736;31830016;505409536;0;0;0;0;0;0;0;0;0;0;0;3226;0;0;0;0;0;0;
37291;4709933;555892736;31830016;505409536;0;0;0;0;0;0;0;0;0;0;0;2875;0;0;0;0;0;0;
37292;2674225;555892736;31830016;505409536;0;0;0;0;0;0;0;0;0;0;0;2805;0;0;0;0;0;0;
37293;4656272;555892736;31830016;505409536;0;0;0;0;0;0;0;0;0;0;0;3045;0;0;0;0;0;0;
37294;2709021;555892736;31830016;505409536;0;0;0;0;0;0;0;0;0;0;0;2956;0;0;0;0;0;0;
37295;4730000;555892736;31830016;505409536;0;0;0;0;0;0;0;0;0;0;0;2815;0;0;0;0;0;0;
37296;2772009;555892736;31830016;505409536;0;0;0;0;0;0;0;0;0;0;0;3016;0;0;0;0;0;0;
37297;4628360;555892736;31830016;505409536;0;0;0;0;0;0;0;0;0;0;0;2294;0;0;0;0;0;0;
37298;2654608;555892736;31830016;505409536;0;0;0;0;0;0;0;0;0;0;0;2745;0;0;0;0;0;0;
37299;4952268;555892736;31830016;505409536;0;0;0;0;0;0;0;0;0;0;0;2134;0;0;0;0;0;0;
37300;2705444;555892736;31830016;505409536;0;0;0;0;0;0;0;0;0;0;0;3046;0;0;0;0;0;0;
37301;4776347;555892736;31830016;505409536;0;0;0;0;0;0;0;0;0;0;0;2886;0;0;0;0;0;0;
37302;2646994;555892736;31830016;505409536;0;0;0;0;0;0;0;0;0;0;0;2404;0;0;0;0;0;0;
37303;4802727;555892736;31830016;505409536;0;0;0;0;0;0;0;0;0;0;0;2224;0;0;0;0;0;0;
37304;2539623;555892736;31830016;505409536;0;0;0;0;0;0;0;0;0;0;0;2174;0;0;0;0;0;0;
37305;4662474;555892736;31830016;505409536;0;0;0;0;0;0;0;0;0;0;0;3076;0;0;0;0;0;0;
37306;2464762;555892736;31830016;505409536;0;0;0;0;0;0;0;0;0;0;0;2635;0;0;0;0;0;0;
37307;4688492;555892736;31830016;505409536;0;0;0;0;0;0;0;0;0;0;0;2735;0;0;0;0;0;0;
37308;2589616;555892736;31830016;505409536;0;0;0;0;0;0;0;0;0;0;0;2705;0;0;0;0;0;0;
37309;4541547;555892736;31830016;505409536;0;0;0;0;0;0;0;0;0;0;0;2505;0;0;0;0;0;0;
37310;2592321;555892736;31830016;505409536;0;0;0;0;0;0;0;0;0;0;0;2966;0;0;0;0;0;0;
37311;4670349;555892736;31830016;505409536;0;0;0;0;0;0;0;0;0;0;0;2645;0;0;0;0;0;0;
37312;2790693;555892736;31830016;505409536;0;0;0;0;0;0;0;0;0;0;0;2856;0;0;0;0;0;0;
37313;4699504;555892736;31830016;505409536;0;0;0;0;0;0;0;0;0;0;0;2935;0;0;0;0;0;0;
37314;2667713;555892736;31830016;505409536;0;0;0;0;0;0;0;0;0;0;0;2515;0;0;0;0;0;0;
37315;4681229;555892736;31830016;505409536;0;0;0;0;0;0;0;0;0;0;0;2284;0;0;0;0;0;0;
37316;2634781;555892736;31830016;505409536;0;0;0;0;0;0;0;0;0;0;0;3016;0;0;0;0;0;0;
37317;4588405;555892736;31830016;505409536;0;0;0;0;0;0;0;0;0;0;0;2835;0;0;0;0;0;0;
37318;2640292;555892736;31830016;505409536;0;0;0;0;0;0;0;0;0;0;0;2595;0;0;0;0;0;0;
37319;4604355;555892736;31830016;505409536;0;0;0;0;0;0;0;0;0;0;0;2424;0;0;0;0;0;0;
37320;2665929;555892736;31830016;505409536;0;0;0;0;0;0;0;0;0;0;0;2454;0;0;0;0;0;0;
37321;4677031;555892736;31830016;505409536;0;0;0;0;0;0;0;0;0;0;0;3076;0;0;0;0;0;0;
37322;2592232;555892736;31830016;505409536;0;0;0;0;0;0;0;0;0;0;0;2315;0;0;0;0;0;0;
37323;4696658;555892736;31830016;505409536;0;0;0;0;0;0;0;0;0;0;0;2675;0;0;0;0;0;0;
37324;2591910;555892736;31830016;505409536;0;0;0;0;0;0;0;0;0;0;0;2335;0;0;0;0;0;0;
37325;4537510;555892736;31830016;505409536;0;0;0;0;0;0;0;0;0;0;0;2565;0;0;0;0;0;0;
37326;9096099;555892736;31830016;505409536;0;0;0;0;0;0;0;0;0;0;0;3386;0;0;0;0;0;0;
37327;7995034;555892736;31830016;505409536;0;0;0;0;0;0;0;0;0;0;0;2745;0;0;0;0;0;0;
37328;2999425;555892736;31830016;505409536;0;0;0;0;0;0;0;0;0;0;0;3787;0;0;0;0;0;0;
37329;4859003;555892736;31830016;505409536;0;0;0;0;0;0;0;0;0;0;0;3747;0;0;0;0;0;0;
37330;3767676;555892736;31830016;505409536;0;0;0;0;0;0;0;0;0;0;0;3667;0;0;0;0;0;0;
37331;4777390;555892736;31830016;505409536;0;0;0;0;0;0;0;0;0;0;0;2775;0;0;0;0;0;0;
37332;3588800;555892736;31830016;505409536;0;0;0;0;0;0;0;0;0;0;0;3347;0;0;0;0;0;0;
37333;4897003;555892736;31830016;505409536;0;0;0;0;0;0;0;0;0;0;0;3387;0;0;0;0;0;0;
37334;3767936;555892736;31830016;505409536;0;0;0;0;0;0;0;0;0;0;0;3256;0;0;0;0;0;0;
37335;4882466;555892736;31830016;505409536;0;0;0;0;0;0;0;0;0;0;0;3517;0;0;0;0;0;0;
37336;3688678;555892736;31830016;505409536;0;0;0;0;0;0;0;0;0;0;0;3136;0;0;0;0;0;0;
37337;4838223;555892736;31830016;505409536;0;0;0;0;0;0;0;0;0;0;0;2946;0;0;0;0;0;0;
37338;3542273;555892736;31830016;505409536;0;0;0;0;0;0;0;0;0;0;0;2515;0;0;0;0;0;0;
37339;4653257;555892736;31830016;505409536;0;0;0;0;0;0;0;0;0;0;0;2174;0;0;0;0;0;0;
37340;2379422;555892736;31830016;505409536;0;0;0;0;0;0;0;0;0;0;0;2615;0;0;0;0;0;0;
37341;4610406;555892736;31830016;505409536;0;0;0;0;0;0;0;0;0;0;0;2655;0;0;0;0;0;0;
37342;2602601;555892736;31830016;505409536;0;0;0;0;0;0;0;0;0;0;0;2925;0;0;0;0;0;0;
37343;4564200;555892736;31830016;505409536;0;0;0;0;0;0;0;0;0;0;0;2635;0;0;0;0;0;0;
37344;2467858;555892736;31830016;505409536;0;0;0;0;0;0;0;0;0;0;0;2544;0;0;0;0;0;0;
37345;4473740;555892736;31830016;505409536;0;0;0;0;0;0;0;0;0;0;0;2294;0;0;0;0;0;0;
37346;2630373;555892736;31830016;505409536;0;0;0;0;0;0;0;0;0;0;0;2434;0;0;0;0;0;0;
37347;4534714;555892736;31830016;505409536;0;0;0;0;0;0;0;0;0;0;0;2455;0;0;0;0;0;0;
37348;3003442;555892736;31830016;505409536;0;0;0;0;0;0;0;0;0;0;0;4128;0;0;0;0;0;0;
37349;4968598;555892736;31830016;505409536;0;0;0;0;0;0;0;0;0;0;0;3697;0;0;0;0;0;0;
37350;3910032;555892736;31830016;505409536;0;0;0;0;0;0;0;0;0;0;0;4048;0;0;0;0;0;0;
37351;4803980;555892736;31830016;505409536;0;0;0;0;0;0;0;0;0;0;0;3547;0;0;0;0;0;0;
37352;3896808;555892736;31830016;505409536;0;0;0;0;0;0;0;0;0;0;0;3526;0;0;0;0;0;0;
37353;4820991;555892736;31830016;505409536;0;0;0;0;0;0;0;0;0;0;0;3126;0;0;0;0;0;0;
37354;3447195;555892736;31830016;505409536;0;0;0;0;0;0;0;0;0;0;0;3597;0;0;0;0;0;0;
37355;4639611;555892736;31830016;505409536;0;0;0;0;0;0;0;0;0;0;0;2625;0;0;0;0;0;0;
37356;2591650;555892736;31830016;505409536;0;0;0;0;0;0;0;0;0;0;0;2886;0;0;0;0;0;0;
37357;4601249;555892736;31830016;505409536;0;0;0;0;0;0;0;0;0;0;0;2735;0;0;0;0;0;0;
37358;2640181;555892736;31830016;505409536;0;0;0;0;0;0;0;0;0;0;0;2324;0;0;0;0;0;0;
37359;4678073;555892736;31830016;505409536;0;0;0;0;0;0;0;0;0;0;0;3307;0;0;0;0;0;0;
37360;2586791;555892736;31830016;505409536;0;0;0;0;0;0;0;0;0;0;0;2555;0;0;0;0;0;0;
37361;4601620;555892736;31830016;505409536;0;0;0;0;0;0;0;0;0;0;0;2154;0;0;0;0;0;0;
37362;2482265;555892736;31830016;505409536;0;0;0;0;0;0;0;0;0;0;0;2655;0;0;0;0;0;0;
37363;4544833;555892736;31830016;505409536;0;0;0;0;0;0;0;0;0;0;0;2395;0;0;0;0;0;0;
37364;2635613;555892736;31830016;505409536;0;0;0;0;0;0;0;0;0;0;0;3135;0;0;0;0;0;0;
37365;4523172;555892736;31830016;505409536;0;0;0;0;0;0;0;0;0;0;0;2154;0;0;0;0;0;0;
37366;2537769;555892736;31830016;505409536;0;0;0;0;0;0;0;0;0;0;0;3036;0;0;0;0;0;0;
37367;4489790;555892736;31830016;505409536;0;0;0;0;0;0;0;0;0;0;0;2875;0;0;0;0;0;0;
37368;2598352;555892736;31830016;505409536;0;0;0;0;0;0;0;0;0;0;0;2485;0;0;0;0;0;0;
37369;4651653;555892736;31830016;505409536;0;0;0;0;0;0;0;0;0;0;0;2314;0;0;0;0;0;0;
37370;2608863;555892736;31830016;505409536;0;0;0;0;0;0;0;0;0;0;0;3186;0;0;0;0;0;0;
37371;4623070;555892736;31830016;505409536;0;0;0;0;0;0;0;0;0;0;0;2956;0;0;0;0;0;0;
37372;2514095;555892736;31830016;505409536;0;0;0;0;0;0;0;0;0;0;0;3076;0;0;0;0;0;0;
37373;4628310;555892736;31830016;505409536;0;0;0;0;0;0;0;0;0;0;0;2835;0;0;0;0;0;0;
37374;2555573;555892736;31830016;505409536;0;0;0;0;0;0;0;0;0;0;0;2835;0;0;0;0;0;0;
37375;4526248;555892736;31830016;505409536;0;0;0;0;0;0;0;0;0;0;0;3086;0;0;0;0;0;0;
37376;2481313;555892736;31830016;505409536;0;0;0;0;0;0;0;0;0;0;0;2835;0;0;0;0;0;0;
37377;4625013;555892736;31830016;505409536;0;0;0;0;0;0;0;0;0;0;0;2144;0;0;0;0;0;0;
37378;2671310;555892736;31830016;505409536;0;0;0;0;0;0;0;0;0;0;0;2756;0;0;0;0;0;0;
37379;4599757;555892736;31830016;505409536;0;0;0;0;0;0;0;0;0;0;0;2875;0;0;0;0;0;0;
37380;2667182;555892736;31830016;505409536;0;0;0;0;0;0;0;0;0;0;0;2515;0;0;0;0;0;0;
37381;4495009;555892736;31830016;505409536;0;0;0;0;0;0;0;0;0;0;0;2364;0;0;0;0;0;0;
37382;2680276;555892736;31830016;505409536;0;0;0;0;0;0;0;0;0;0;0;3366;0;0;0;0;0;0;
37383;4650942;555892736;31830016;505409536;0;0;0;0;0;0;0;0;0;0;0;3036;0;0;0;0;0;0;
37384;2519014;555892736;31830016;505409536;0;0;0;0;0;0;0;0;0;0;0;2645;0;0;0;0;0;0;
37385;4548810;555892736;31830016;505409536;0;0;0;0;0;0;0;0;0;0;0;2795;0;0;0;0;0;0;
37386;2563097;555892736;31830016;505409536;0;0;0;0;0;0;0;0;0;0;0;2625;0;0;0;0;0;0;
37387;4890482;555892736;31830016;505409536;0;0;0;0;0;0;0;0;0;0;0;2575;0;0;0;0;0;0;
37388;3786742;555892736;31830016;505409536;0;0;0;0;0;0;0;0;0;0;0;3046;0;0;0;0;0;0;
37389;4951386;555892736;31830016;505409536;0;0;0;0;0;0;0;0;0;0;0;3266;0;0;0;0;0;0;
37390;3742338;555892736;31830016;505409536;0;0;0;0;0;0;0;0;0;0;0;3466;0;0;0;0;0;0;
37391;5037517;555892736;31830016;505409536;0;0;0;0;0;0;0;0;0;0;0;2985;0;0;0;0;0;0;
37392;3904442;555892736;31830016;505409536;0;0;0;0;0;0;0;0;0;0;0;2976;0;0;0;0;0;0;
37393;4874742;555892736;31830016;505409536;0;0;0;0;0;0;0;0;0;0;0;2826;0;0;0;0;0;0;
37394;3436615;555892736;31830016;505409536;0;0;0;0;0;0;0;0;0;0;0;2935;0;0;0;0;0;0;
37395;4686408;555892736;31830016;505409536;0;0;0;0;0;0;0;0;0;0;0;2355;0;0;0;0;0;0;
37396;2581191;555892736;31830016;505409536;0;0;0;0;0;0;0;0;0;0;0;2725;0;0;0;0;0;0;
37397;4766489;555892736;31830016;505409536;0;0;0;0;0;0;0;0;0;0;0;2715;0;0;0;0;0;0;
37398;2537399;555892736;31830016;505409536;0;0;0;0;0;0;0;0;0;0;0;3387;0;0;0;0;0;0;
37399;4724190;555892736;31830016;505409536;0;0;0;0;0;0;0;0;0;0;0;3216;0;0;0;0;0;0;
37400;2539653;555892736;31830016;505409536;0;0;0;0;0;0;0;0;0;0;0;2946;0;0;0;0;0;0;
37401;4523654;555892736;31830016;505409536;0;0;0;0;0;0;0;0;0;0;0;3246;0;0;0;0;0;0;
37402;2562506;555892736;31830016;505409536;0;0;0;0;0;0;0;0;0;0;0;2945;0;0;0;0;0;0;
37403;4686729;555892736;31830016;505409536;0;0;0;0;0;0;0;0;0;0;0;2104;0;0;0;0;0;0;
37404;2782709;555892736;31830016;505409536;0;0;0;0;0;0;0;0;0;0;0;3086;0;0;0;0;0;0;
37405;4647045;555892736;31830016;505409536;0;0;0;0;0;0;0;0;0;0;0;3066;0;0;0;0;0;0;
37406;2589146;555892736;31830016;505409536;0;0;0;0;0;0;0;0;0;0;0;2415;0;0;0;0;0;0;
37407;4665289;555892736;31830016;505409536;0;0;0;0;0;0;0;0;0;0;0;2495;0;0;0;0;0;0;
37408;2604975;555892736;31830016;505409536;0;0;0;0;0;0;0;0;0;0;0;2535;0;0;0;0;0;0;
37409;4617329;555892736;31830016;505409536;0;0;0;0;0;0;0;0;0;0;0;2565;0;0;0;0;0;0;
37410;2773101;555892736;31830016;505409536;0;0;0;0;0;0;0;0;0;0;0;3256;0;0;0;0;0;0;
37411;4904828;555892736;31830016;505409536;0;0;0;0;0;0;0;0;0;0;0;2214;0;0;0;0;0;0;
37412;2834526;555892736;31830016;505409536;0;0;0;0;0;0;0;0;0;0;0;3356;0;0;0;0;0;0;
37413;4637286;555892736;31830016;505409536;0;0;0;0;0;0;0;0;0;0;0;2746;0;0;0;0;0;0;
37414;2591109;555892736;31830016;505409536;0;0;0;0;0;0;0;0;0;0;0;2815;0;0;0;0;0;0;
37415;4682962;555892736;31830016;505409536;0;0;0;0;0;0;0;0;0;0;0;2655;0;0;0;0;0;0;
37416;2456326;555892736;31830016;505409536;0;0;0;0;0;0;0;0;0;0;0;2605;0;0;0;0;0;0;
37417;4613843;555892736;31830016;505409536;0;0;0;0;0;0;0;0;0;0;0;2865;0;0;0;0;0;0;
37418;2646042;555892736;31830016;505409536;0;0;0;0;0;0;0;0;0;0;0;3737;0;0;0;0;0;0;
37419;4756931;555892736;31830016;505409536;0;0;0;0;0;0;0;0;0;0;0;2334;0;0;0;0;0;0;
37420;3631891;555892736;31830016;505409536;0;0;0;0;0;0;0;0;0;0;0;3467;0;0;0;0;0;0;
37421;5108550;555892736;31830016;505409536;0;0;0;0;0;0;0;0;0;0;0;4288;0;0;0;0;0;0;
37422;3891408;555892736;31830016;505409536;0;0;0;0;0;0;0;0;0;0;0;3867;0;0;0;0;0;0;
37423;4963138;555892736;31830016;505409536;0;0;0;0;0;0;0;0;0;0;0;2956;0;0;0;0;0;0;
37424;3755583;555892736;31830016;505409536;0;0;0;0;0;0;0;0;0;0;0;3557;0;0;0;0;0;0;
37425;4950985;555892736;31830016;505409536;0;0;0;0;0;0;0;0;0;0;0;4088;0;0;0;0;0;0;
37426;3819503;555892736;31830016;505409536;0;0;0;0;0;0;0;0;0;0;0;3306;0;0;0;0;0;0;
37427;4906432;555892736;31830016;505409536;0;0;0;0;0;0;0;0;0;0;0;3397;0;0;0;0;0;0;
37428;3912748;555892736;31830016;505409536;0;0;0;0;0;0;0;0;0;0;0;3907;0;0;0;0;0;0;
37429;5007301;555892736;31830016;505409536;0;0;0;0;0;0;0;0;0;0;0;3106;0;0;0;0;0;0;
37430;3750303;555892736;31830016;505409536;0;0;0;0;0;0;0;0;0;0;0;4138;0;0;0;0;0;0;
37431;5182890;555892736;31830016;505409536;0;0;0;0;0;0;0;0;0;0;0;3717;0;0;0;0;0;0;
37432;3959545;555892736;31830016;505409536;0;0;0;0;0;0;0;0;0;0;0;3687;0;0;0;0;0;0;
37433;4915388;555892736;31830016;505409536;0;0;0;0;0;0;0;0;0;0;0;2925;0;0;0;0;0;0;
37434;3731297;555892736;31830016;505409536;0;0;0;0;0;0;0;0;0;0;0;3196;0;0;0;0;0;0;
37435;4979659;555892736;31830016;505409536;0;0;0;0;0;0;0;0;0;0;0;3156;0;0;0;0;0;0;
37436;3641268;555892736;31830016;505409536;0;0;0;0;0;0;0;0;0;0;0;3586;0;0;0;0;0;0;
37437;4945826;555892736;31830016;505409536;0;0;0;0;0;0;0;0;0;0;0;3036;0;0;0;0;0;0;
37438;3613987;555892736;31830016;505409536;0;0;0;0;0;0;0;0;0;0;0;3366;0;0;0;0;0;0;
37439;4893978;555892736;31830016;505409536;0;0;0;0;0;0;0;0;0;0;0;3767;0;0;0;0;0;0;
37440;3684820;555892736;31830016;505409536;0;0;0;0;0;0;0;0;0;0;0;3407;0;0;0;0;0;0;
37441;4824308;555892736;31830016;505409536;0;0;0;0;0;0;0;0;0;0;0;3286;0;0;0;0;0;0;
37442;3665184;555892736;31830016;505409536;0;0;0;0;0;0;0;0;0;0;0;3417;0;0;0;0;0;0;
37443;4800002;555892736;31830016;505409536;0;0;0;0;0;0;0;0;0;0;0;3196;0;0;0;0;0;0;
37444;3853347;555892736;31830016;505409536;0;0;0;0;0;0;0;0;0;0;0;4108;0;0;0;0;0;0;
37445;4824498;555892736;31830016;505409536;0;0;0;0;0;0;0;0;0;0;0;3166;0;0;0;0;0;0;
37446;3849029;555892736;31830016;505409536;0;0;0;0;0;0;0;0;0;0;0;3416;0;0;0;0;0;0;
37447;4907243;555892736;31830016;505409536;0;0;0;0;0;0;0;0;0;0;0;3847;0;0;0;0;0;0;
37448;3783496;555892736;31830016;505409536;0;0;0;0;0;0;0;0;0;0;0;3186;0;0;0;0;0;0;
37449;4863190;555892736;31830016;505409536;0;0;0;0;0;0;0;0;0;0;0;3466;0;0;0;0;0;0;
37450;3591956;555892736;31830016;505409536;0;0;0;0;0;0;0;0;0;0;0;3326;0;0;0;0;0;0;
37451;4880723;555892736;31830016;505409536;0;0;0;0;0;0;0;0;0;0;0;3206;0;0;0;0;0;0;
37452;3662238;555892736;31830016;505409536;0;0;0;0;0;0;0;0;0;0;0;3687;0;0;0;0;0;0;
37453;4832302;555892736;31830016;505409536;0;0;0;0;0;0;0;0;0;0;0;3456;0;0;0;0;0;0;
37454;3564926;555892736;31830016;505409536;0;0;0;0;0;0;0;0;0;0;0;3536;0;0;0;0;0;0;
37455;4930246;555892736;31830016;505409536;0;0;0;0;0;0;0;0;0;0;0;3517;0;0;0;0;0;0;
37456;3817229;555892736;31830016;505409536;0;0;0;0;0;0;0;0;0;0;0;3587;0;0;0;0;0;0;
37457;4789733;555892736;31830016;505409536;0;0;0;0;0;0;0;0;0;0;0;3927;0;0;0;0;0;0;
37458;3619277;555892736;31830016;505409536;0;0;0;0;0;0;0;0;0;0;0;4268;0;0;0;0;0;0;
37459;4971684;555892736;31830016;505409536;0;0;0;0;0;0;0;0;0;0;0;3597;0;0;0;0;0;0;
37460;3608247;555892736;31830016;505409536;0;0;0;0;0;0;0;0;0;0;0;3557;0;0;0;0;0;0;
37461;4908355;555892736;31830016;505409536;0;0;0;0;0;0;0;0;0;0;0;3627;0;0;0;0;0;0;
37462;3583520;555892736;31830016;505409536;0;0;0;0;0;0;0;0;0;0;0;3577;0;0;0;0;0;0;
37463;4954321;555892736;31830016;505409536;0;0;0;0;0;0;0;0;0;0;0;3016;0;0;0;0;0;0;
37464;3564335;555892736;31830016;505409536;0;0;0;0;0;0;0;0;0;0;0;3987;0;0;0;0;0;0;
37465;4909187;555892736;31830016;505409536;0;0;0;0;0;0;0;0;0;0;0;3557;0;0;0;0;0;0;
37466;3494835;555892736;31830016;505409536;0;0;0;0;0;0;0;0;0;0;0;3186;0;0;0;0;0;0;
37467;4834256;555892736;31830016;505409536;0;0;0;0;0;0;0;0;0;0;0;3106;0;0;0;0;0;0;
37468;3640738;555892736;31830016;505409536;0;0;0;0;0;0;0;0;0;0;0;3837;0;0;0;0;0;0;
37469;4792899;555892736;31830016;505409536;0;0;0;0;0;0;0;0;0;0;0;3837;0;0;0;0;0;0;
37470;3719686;555892736;31830016;505409536;0;0;0;0;0;0;0;0;0;0;0;3808;0;0;0;0;0;0;
37471;4838024;555892736;31830016;505409536;0;0;0;0;0;0;0;0;0;0;0;4078;0;0;0;0;0;0;
37472;3568522;555892736;31830016;505409536;0;0;0;0;0;0;0;0;0;0;0;3616;0;0;0;0;0;0;
37473;4772951;555892736;31830016;505409536;0;0;0;0;0;0;0;0;0;0;0;4068;0;0;0;0;0;0;
37474;3656027;555892736;31830016;505409536;0;0;0;0;0;0;0;0;0;0;0;4538;0;0;0;0;0;0;
37475;5353369;555892736;31830016;505409536;0;0;0;0;0;0;0;0;0;0;0;4268;0;0;0;0;0;0;
37476;4198233;555892736;31830016;505409536;0;0;0;0;0;0;0;0;0;0;0;3978;0;0;0;0;0;0;
37477;5069577;555892736;31830016;505409536;0;0;0;0;0;0;0;0;0;0;0;3977;0;0;0;0;0;0;
37478;4229552;555892736;31830016;505409536;0;0;0;0;0;0;0;0;0;0;0;4579;0;0;0;0;0;0;
37479;5231171;555892736;31830016;505409536;0;0;0;0;0;0;0;0;0;0;0;3967;0;0;0;0;0;0;
37480;4253477;555892736;31830016;505409536;0;0;0;0;0;0;0;0;0;0;0;4248;0;0;0;0;0;0;
37481;5090577;555892736;31830016;505409536;0;0;0;0;0;0;0;0;0;0;0;4188;0;0;0;0;0;0;
37482;4164329;555892736;31830016;505409536;0;0;0;0;0;0;0;0;0;0;0;4318;0;0;0;0;0;0;
37483;5465580;555892736;31830016;505409536;0;0;0;0;0;0;0;0;0;0;0;4389;0;0;0;0;0;0;
37484;4126999;555892736;31830016;505409536;0;0;0;0;0;0;0;0;0;0;0;4658;0;0;0;0;0;0;
37485;5181227;555892736;31830016;505409536;0;0;0;0;0;0;0;0;0;0;0;4599;0;0;0;0;0;0;
37486;4101722;555892736;31830016;505409536;0;0;0;0;0;0;0;0;0;0;0;4068;0;0;0;0;0;0;
37487;5153465;555892736;31830016;505409536;0;0;0;0;0;0;0;0;0;0;0;4348;0;0;0;0;0;0;
37488;4001384;555892736;31830016;505409536;0;0;0;0;0;0;0;0;0;0;0;4538;0;0;0;0;0;0;
37489;5033059;555892736;31830016;505409536;0;0;0;0;0;0;0;0;0;0;0;3887;0;0;0;0;0;0;
37490;4183796;555892736;31830016;505409536;0;0;0;0;0;0;0;0;0;0;0;3968;0;0;0;0;0;0;
37491;5031155;555892736;31830016;505409536;0;0;0;0;0;0;0;0;0;0;0;3787;0;0;0;0;0;0;
37492;4075263;555892736;31830016;505409536;0;0;0;0;0;0;0;0;0;0;0;4869;0;0;0;0;0;0;
37493;5076711;555892736;31830016;505409536;0;0;0;0;0;0;0;0;0;0;0;3908;0;0;0;0;0;0;
37494;4211198;555892736;31830016;505409536;0;0;0;0;0;0;0;0;0;0;0;4529;0;0;0;0;0;0;
37495;5548014;555892736;31830016;505409536;0;0;0;0;0;0;0;0;0;0;0;5020;0;0;0;0;0;0;
37496;4222358;555892736;31830016;505409536;0;0;0;0;0;0;0;0;0;0;0;4579;0;0;0;0;0;0;
37497;5216733;555892736;31830016;505409536;0;0;0;0;0;0;0;0;0;0;0;3988;0;0;0;0;0;0;
37498;4053903;555892736;31830016;505409536;0;0;0;0;0;0;0;0;0;0;0;4218;0;0;0;0;0;0;
37499;5080488;555892736;31830016;505409536;0;0;0;0;0;0;0;0;0;0;0;4268;0;0;0;0;0;0;
37500;4678143;555892736;31830016;505409536;0;0;0;0;0;0;0;0;0;0;0;4298;0;0;0;0;0;0;
37501;4943862;555892736;31830016;505409536;0;0;0;0;0;0;0;0;0;0;0;3908;0;0;0;0;0;0;
37502;3685401;555892736;31830016;505409536;0;0;0;0;0;0;0;0;0;0;0;2946;0;0;0;0;0;0;
37503;4754045;555892736;31830016;505409536;0;0;0;0;0;0;0;0;0;0;0;2815;0;0;0;0;0;0;
37504;3995172;555892736;31830016;505409536;0;0;0;0;0;0;0;0;0;0;0;3797;0;0;0;0;0;0;
37505;4908876;555892736;31830016;505409536;0;0;0;0;0;0;0;0;0;0;0;2996;0;0;0;0;0;0;
37506;3865208;555892736;31830016;505409536;0;0;0;0;0;0;0;0;0;0;0;3636;0;0;0;0;0;0;
37507;4885272;555892736;31830016;505409536;0;0;0;0;0;0;0;0;0;0;0;3426;0;0;0;0;0;0;
37508;3768978;555892736;31830016;505409536;0;0;0;0;0;0;0;0;0;0;0;3877;0;0;0;0;0;0;
37509;4892656;555892736;31830016;505409536;0;0;0;0;0;0;0;0;0;0;0;3396;0;0;0;0;0;0;
37510;4126699;555892736;31830016;505409536;0;0;0;0;0;0;0;0;0;0;0;4709;0;0;0;0;0;0;
37511;5204881;555892736;31830016;505409536;0;0;0;0;0;0;0;0;0;0;0;4078;0;0;0;0;0;0;
37512;4219052;555892736;31830016;505409536;0;0;0;0;0;0;0;0;0;0;0;3947;0;0;0;0;0;0;
37513;5223887;555892736;31830016;505409536;0;0;0;0;0;0;0;0;0;0;0;4969;0;0;0;0;0;0;
37514;4111080;555892736;31830016;505409536;0;0;0;0;0;0;0;0;0;0;0;3947;0;0;0;0;0;0;
37515;5237271;555892736;31830016;505409536;0;0;0;0;0;0;0;0;0;0;0;4719;0;0;0;0;0;0;
37516;4171513;555892736;31830016;505409536;0;0;0;0;0;0;0;0;0;0;0;4588;0;0;0;0;0;0;
37517;5044321;555892736;31830016;505409536;0;0;0;0;0;0;0;0;0;0;0;4038;0;0;0;0;0;0;
37518;4415060;555892736;31830016;505409536;0;0;0;0;0;0;0;0;0;0;0;4158;0;0;0;0;0;0;
37519;5295411;555892736;31830016;505409536;0;0;0;0;0;0;0;0;0;0;0;3437;0;0;0;0;0;0;
37520;4251363;555892736;31830016;505409536;0;0;0;0;0;0;0;0;0;0;0;4699;0;0;0;0;0;0;
37521;5044541;555892736;31830016;505409536;0;0;0;0;0;0;0;0;0;0;0;3807;0;0;0;0;0;0;
37522;4197862;555892736;31830016;505409536;0;0;0;0;0;0;0;0;0;0;0;3898;0;0;0;0;0;0;
37523;4997492;555892736;31830016;505409536;0;0;0;0;0;0;0;0;0;0;0;3847;0;0;0;0;0;0;
37524;4067928;555892736;31830016;505409536;0;0;0;0;0;0;0;0;0;0;0;4519;0;0;0;0;0;0;
37525;4937089;555892736;31830016;505409536;0;0;0;0;0;0;0;0;0;0;0;4177;0;0;0;0;0;0;
37526;4242877;555892736;31830016;505409536;0;0;0;0;0;0;0;0;0;0;0;4449;0;0;0;0;0;0;
37527;5344203;555892736;31830016;505409536;0;0;0;0;0;0;0;0;0;0;0;5130;0;0;0;0;0;0;
37528;4095691;555892736;31830016;505409536;0;0;0;0;0;0;0;0;0;0;0;4990;0;0;0;0;0;0;
37529;5065119;555892736;31830016;505409536;0;0;0;0;0;0;0;0;0;0;0;4348;0;0;0;0;0;0;
37530;4238790;555892736;31830016;505409536;0;0;0;0;0;0;0;0;0;0;0;3737;0;0;0;0;0;0;
37531;5390869;555892736;31830016;505409536;0;0;0;0;0;0;0;0;0;0;0;4519;0;0;0;0;0;0;
37532;3813331;555892736;31830016;505409536;0;0;0;0;0;0;0;0;0;0;0;4479;0;0;0;0;0;0;
37533;4913545;555892736;31830016;505409536;0;0;0;0;0;0;0;0;0;0;0;3406;0;0;0;0;0;0;
37534;2976682;555892736;31830016;505409536;0;0;0;0;0;0;0;0;0;0;0;4158;0;0;0;0;0;0;
37535;4943420;555892736;31830016;505409536;0;0;0;0;0;0;0;0;0;0;0;3577;0;0;0;0;0;0;
37536;2978235;555892736;31830016;505409536;0;0;0;0;0;0;0;0;0;0;0;3136;0;0;0;0;0;0;
37537;4924244;555892736;31830016;505409536;0;0;0;0;0;0;0;0;0;0;0;3636;0;0;0;0;0;0;
37538;3229737;555892736;31830016;505409536;0;0;0;0;0;0;0;0;0;0;0;3798;0;0;0;0;0;0;
37539;5060380;555892736;31830016;505409536;0;0;0;0;0;0;0;0;0;0;0;3246;0;0;0;0;0;0;
37540;3148114;555892736;31830016;505409536;0;0;0;0;0;0;0;0;0;0;0;3787;0;0;0;0;0;0;
37541;5039711;555892736;31830016;505409536;0;0;0;0;0;0;0;0;0;0;0;3497;0;0;0;0;0;0;
37542;3314846;555892736;31830016;505409536;0;0;0;0;0;0;0;0;0;0;0;3246;0;0;0;0;0;0;
37543;5046334;555892736;31830016;505409536;0;0;0;0;0;0;0;0;0;0;0;3015;0;0;0;0;0;0;
37544;3613587;555892736;31830016;505409536;0;0;0;0;0;0;0;0;0;0;0;4157;0;0;0;0;0;0;
37545;5116275;555892736;31830016;505409536;0;0;0;0;0;0;0;0;0;0;0;4157;0;0;0;0;0;0;
37546;4074211;555892736;31830016;505409536;0;0;0;0;0;0;0;0;0;0;0;4739;0;0;0;0;0;0;
37547;5030654;555892736;31830016;505409536;0;0;0;0;0;0;0;0;0;0;0;3918;0;0;0;0;0;0;
37548;4064783;555892736;31830016;505409536;0;0;0;0;0;0;0;0;0;0;0;2936;0;0;0;0;0;0;
37549;4789532;555892736;31830016;505409536;0;0;0;0;0;0;0;0;0;0;0;2856;0;0;0;0;0;0;
37550;3717381;555892736;31830016;505409536;0;0;0;0;0;0;0;0;0;0;0;3867;0;0;0;0;0;0;
37551;5014494;555892736;31830016;505409536;0;0;0;0;0;0;0;0;0;0;0;3487;0;0;0;0;0;0;
37552;3921674;555892736;31830016;505409536;0;0;0;0;0;0;0;0;0;0;0;3877;0;0;0;0;0;0;
37553;4741933;555892736;31830016;505409536;0;0;0;0;0;0;0;0;0;0;0;3486;0;0;0;0;0;0;
37554;4069452;555892736;31830016;505409536;0;0;0;0;0;0;0;0;0;0;0;3557;0;0;0;0;0;0;
37555;4895591;555892736;31830016;505409536;0;0;0;0;0;0;0;0;0;0;0;3306;0;0;0;0;0;0;
37556;4125136;555892736;31830016;505409536;0;0;0;0;0;0;0;0;0;0;0;4539;0;0;0;0;0;0;
37557;5099263;555892736;31830016;505409536;0;0;0;0;0;0;0;0;0;0;0;3917;0;0;0;0;0;0;
37558;4145835;555892736;31830016;505409536;0;0;0;0;0;0;0;0;0;0;0;4578;0;0;0;0;0;0;
37559;5277367;555892736;31830016;505409536;0;0;0;0;0;0;0;0;0;0;0;5340;0;0;0;0;0;0;
37560;4097915;555892736;31830016;505409536;0;0;0;0;0;0;0;0;0;0;0;4218;0;0;0;0;0;0;
37561;8349689;555892736;31830016;505409536;0;0;0;0;0;0;0;0;0;0;0;4779;0;0;0;0;0;0;
37562;11385513;555892736;31830016;505409536;0;0;0;0;0;0;0;0;0;0;0;6502;0;0;0;0;0;0;
37563;5345504;555892736;31830016;505409536;0;0;0;0;0;0;0;0;0;0;0;4739;0;0;0;0;0;0;
37564;4365668;555892736;31830016;505409536;0;0;0;0;0;0;0;0;0;0;0;4538;0;0;0;0;0;0;
37565;5005397;555892736;31830016;505409536;0;0;0;0;0;0;0;0;0;0;0;4588;0;0;0;0;0;0;
37566;4568548;555892736;31830016;505409536;0;0;0;0;0;0;0;0;0;0;0;4007;0;0;0;0;0;0;
37567;5073986;555892736;31830016;505409536;0;0;0;0;0;0;0;0;0;0;0;4017;0;0;0;0;0;0;
37568;4164410;555892736;31830016;505409536;0;0;0;0;0;0;0;0;0;0;0;4839;0;0;0;0;0;0;
37569;4925587;555892736;31830016;505409536;0;0;0;0;0;0;0;0;0;0;0;3907;0;0;0;0;0;0;
37570;4127751;555892736;31830016;505409536;0;0;0;0;0;0;0;0;0;0;0;4268;0;0;0;0;0;0;
37571;5412550;555892736;31830016;505409536;0;0;0;0;0;0;0;0;0;0;0;4719;0;0;0;0;0;0;
37572;4182273;555892736;31830016;505409536;0;0;0;0;0;0;0;0;0;0;0;4699;0;0;0;0;0;0;
37573;5281425;555892736;31830016;505409536;0;0;0;0;0;0;0;0;0;0;0;5521;0;0;0;0;0;0;
37574;4127631;555892736;31830016;505409536;0;0;0;0;0;0;0;0;0;0;0;4108;0;0;0;0;0;0;
37575;5177069;555892736;31830016;505409536;0;0;0;0;0;0;0;0;0;0;0;4198;0;0;0;0;0;0;
37576;4287451;555892736;31830016;505409536;0;0;0;0;0;0;0;0;0;0;0;3848;0;0;0;0;0;0;
37577;5050051;555892736;31830016;505409536;0;0;0;0;0;0;0;0;0;0;0;3366;0;0;0;0;0;0;
37578;3542614;555892736;31830016;505409536;0;0;0;0;0;0;0;0;0;0;0;2725;0;0;0;0;0;0;
37579;4693212;555892736;31830016;505409536;0;0;0;0;0;0;0;0;0;0;0;2765;0;0;0;0;0;0;
37580;3370441;555892736;31830016;505409536;0;0;0;0;0;0;0;0;0;0;0;3477;0;0;0;0;0;0;
37581;4696017;555892736;31830016;505409536;0;0;0;0;0;0;0;0;0;0;0;3186;0;0;0;0;0;0;
37582;3262188;555892736;31830016;505409536;0;0;0;0;0;0;0;0;0;0;0;2645;0;0;0;0;0;0;
37583;4819969;555892736;31830016;505409536;0;0;0;0;0;0;0;0;0;0;0;2495;0;0;0;0;0;0;
37584;3293397;555892736;31830016;505409536;0;0;0;0;0;0;0;0;0;0;0;2635;0;0;0;0;0;0;
37585;4827133;555892736;31830016;505409536;0;0;0;0;0;0;0;0;0;0;0;2925;0;0;0;0;0;0;
37586;3340635;555892736;31830016;505409536;0;0;0;0;0;0;0;0;0;0;0;3186;0;0;0;0;0;0;
37587;4700105;555892736;31830016;505409536;0;0;0;0;0;0;0;0;0;0;0;2725;0;0;0;0;0;0;
37588;3313174;555892736;31830016;505409536;0;0;0;0;0;0;0;0;0;0;0;2816;0;0;0;0;0;0;
37589;4676691;555892736;31830016;505409536;0;0;0;0;0;0;0;0;0;0;0;2875;0;0;0;0;0;0;
37590;3278318;555892736;31830016;505409536;0;0;0;0;0;0;0;0;0;0;0;3075;0;0;0;0;0;0;
37591;4870404;555892736;31830016;505409536;0;0;0;0;0;0;0;0;0;0;0;3116;0;0;0;0;0;0;
37592;3268660;555892736;31830016;505409536;0;0;0;0;0;0;0;0;0;0;0;3226;0;0;0;0;0;0;
37593;4770918;555892736;31830016;505409536;0;0;0;0;0;0;0;0;0;0;0;10600;0;0;0;0;0;0;
37594;3726349;555892736;31830016;505409536;0;0;0;0;0;0;0;0;0;0;0;4037;0;0;0;0;0;0;
37595;5107028;555892736;31830016;505409536;0;0;0;0;0;0;0;0;0;0;0;3006;0;0;0;0;0;0;
37596;4375877;555892736;31830016;505409536;0;0;0;0;0;0;0;0;0;0;0;3907;0;0;0;0;0;0;
37597;4984077;555892736;31830016;505409536;0;0;0;0;0;0;0;0;0;0;0;4097;0;0;0;0;0;0;
37598;4323649;555892736;31830016;505409536;0;0;0;0;0;0;0;0;0;0;0;3417;0;0;0;0;0;0;
37599;5291514;555892736;31830016;505409536;0;0;0;0;0;0;0;0;0;0;0;3868;0;0;0;0;0;0;
37600;4213632;555892736;31830016;505409536;0;0;0;0;0;0;0;0;0;0;0;4038;0;0;0;0;0;0;
37601;5324165;555892736;31830016;505409536;0;0;0;0;0;0;0;0;0;0;0;3977;0;0;0;0;0;0;
37602;4325773;555892736;31830016;505409536;0;0;0;0;0;0;0;0;0;0;0;4358;0;0;0;0;0;0;
37603;5606475;555892736;31830016;505409536;0;0;0;0;0;0;0;0;0;0;0;4689;0;0;0;0;0;0;
37604;3979914;555892736;31830016;505409536;0;0;0;0;0;0;0;0;0;0;0;4528;0;0;0;0;0;0;
37605;5087080;555892736;31830016;505409536;0;0;0;0;0;0;0;0;0;0;0;3646;0;0;0;0;0;0;
37606;4453221;555892736;31830016;505409536;0;0;0;0;0;0;0;0;0;0;0;4218;0;0;0;0;0;0;
37607;5329384;555892736;31838208;505417728;0;0;0;0;0;0;0;0;0;0;0;3607;0;0;0;0;0;0;
37608;4477587;555892736;31838208;505417728;0;0;0;0;0;0;0;0;0;0;0;4358;0;0;0;0;0;0;
37609;5135812;555892736;31838208;505417728;0;0;0;0;0;0;0;0;0;0;0;4067;0;0;0;0;0;0;
37610;5207246;555892736;31838208;505417728;0;0;0;0;0;0;0;0;0;0;0;4758;0;0;0;0;0;0;
37611;5196085;555892736;31838208;505417728;0;0;0;0;0;0;0;0;0;0;0;4068;0;0;0;0;0;0;
37612;5027027;555892736;31838208;505417728;0;0;0;0;0;0;0;0;0;0;0;2975;0;0;0;0;0;0;
37613;4801114;555892736;31838208;505417728;0;0;0;0;0;0;0;0;0;0;0;2916;0;0;0;0;0;0;
37614;3268851;555954176;31830016;505409536;0;0;0;0;0;0;0;0;0;0;0;2975;0;0;0;0;0;0;
37615;4696267;555954176;31830016;505409536;0;0;0;0;0;0;0;0;0;0;0;2424;0;0;0;0;0;0;
37616;3083312;555954176;31830016;505409536;0;0;0;0;0;0;0;0;0;0;0;2735;0;0;0;0;0;0;
37617;4506331;555954176;31830016;505409536;0;0;0;0;0;0;0;0;0;0;0;2364;0;0;0;0;0;0;
37618;2911740;555954176;31830016;505409536;0;0;0;0;0;0;0;0;0;0;0;2465;0;0;0;0;0;0;
37619;4812064;555954176;31830016;505409536;0;0;0;0;0;0;0;0;0;0;0;2745;0;0;0;0;0;0;
37620;2720472;555954176;31830016;505409536;0;0;0;0;0;0;0;0;0;0;0;3156;0;0;0;0;0;0;
37621;4761299;555954176;31830016;505409536;0;0;0;0;0;0;0;0;0;0;0;2835;0;0;0;0;0;0;
37622;2881463;555954176;31830016;505409536;0;0;0;0;0;0;0;0;0;0;0;2996;0;0;0;0;0;0;
37623;4779704;555954176;31830016;505409536;0;0;0;0;0;0;0;0;0;0;0;3467;0;0;0;0;0;0;
37624;2905529;555954176;31830016;505409536;0;0;0;0;0;0;0;0;0;0;0;3246;0;0;0;0;0;0;
37625;4586001;555954176;31830016;505409536;0;0;0;0;0;0;0;0;0;0;0;2464;0;0;0;0;0;0;
37626;3085987;555954176;31830016;505409536;0;0;0;0;0;0;0;0;0;0;0;2775;0;0;0;0;0;0;
37627;4632117;555954176;31830016;505409536;0;0;0;0;0;0;0;0;0;0;0;3236;0;0;0;0;0;0;
37628;3174844;555954176;31830016;505409536;0;0;0;0;0;0;0;0;0;0;0;4048;0;0;0;0;0;0;
37629;4774033;555954176;31830016;505409536;0;0;0;0;0;0;0;0;0;0;0;3256;0;0;0;0;0;0;
37630;5758570;555954176;31830016;505409536;0;0;0;0;0;0;0;0;0;0;0;4368;0;0;0;0;0;0;
37631;5049079;555954176;31830016;505409536;0;0;0;0;0;0;0;0;0;0;0;3427;0;0;0;0;0;0;
37632;3943345;555954176;31830016;505409536;0;0;0;0;0;0;0;0;0;0;0;3637;0;0;0;0;0;0;
37633;5017550;555954176;31830016;505409536;0;0;0;0;0;0;0;0;0;0;0;3297;0;0;0;0;0;0;
37634;3970777;555954176;31830016;505409536;0;0;0;0;0;0;0;0;0;0;0;4117;0;0;0;0;0;0;
37635;5137905;555954176;31830016;505409536;0;0;0;0;0;0;0;0;0;0;0;3236;0;0;0;0;0;0;
37636;3655846;555954176;31830016;505409536;0;0;0;0;0;0;0;0;0;0;0;3607;0;0;0;0;0;0;
37637;4725913;555954176;31830016;505409536;0;0;0;0;0;0;0;0;0;0;0;2805;0;0;0;0;0;0;
37638;3343901;555954176;31830016;505409536;0;0;0;0;0;0;0;0;0;0;0;3356;0;0;0;0;0;0;
37639;4857289;555954176;31830016;505409536;0;0;0;0;0;0;0;0;0;0;0;3677;0;0;0;0;0;0;
37640;2864913;555954176;31830016;505409536;0;0;0;0;0;0;0;0;0;0;0;3297;0;0;0;0;0;0;
37641;4833004;555954176;31830016;505409536;0;0;0;0;0;0;0;0;0;0;0;3357;0;0;0;0;0;0;
37642;2824086;555954176;31830016;505409536;0;0;0;0;0;0;0;0;0;0;0;3547;0;0;0;0;0;0;
37643;4866637;555954176;31830016;505409536;0;0;0;0;0;0;0;0;0;0;0;3417;0;0;0;0;0;0;
37644;3098421;555954176;31830016;505409536;0;0;0;0;0;0;0;0;0;0;0;4188;0;0;0;0;0;0;
37645;4924055;555954176;31830016;505409536;0;0;0;0;0;0;0;0;0;0;0;3026;0;0;0;0;0;0;
37646;3294198;555954176;31830016;505409536;0;0;0;0;0;0;0;0;0;0;0;3386;0;0;0;0;0;0;
37647;4899699;555954176;31830016;505409536;0;0;0;0;0;0;0;0;0;0;0;3056;0;0;0;0;0;0;
37648;3164003;555954176;31830016;505409536;0;0;0;0;0;0;0;0;0;0;0;3617;0;0;0;0;0;0;
37649;4798068;555954176;31830016;505409536;0;0;0;0;0;0;0;0;0;0;0;3356;0;0;0;0;0;0;
37650;3368818;555954176;31830016;505409536;0;0;0;0;0;0;0;0;0;0;0;4198;0;0;0;0;0;0;
37651;4625955;555954176;31830016;505409536;0;0;0;0;0;0;0;0;0;0;0;2494;0;0;0;0;0;0;
37652;2558979;555954176;31830016;505409536;0;0;0;0;0;0;0;0;0;0;0;3055;0;0;0;0;0;0;
37653;4598374;555954176;31830016;505409536;0;0;0;0;0;0;0;0;0;0;0;2504;0;0;0;0;0;0;
37654;3950820;555954176;31830016;505409536;0;0;0;0;0;0;0;0;0;0;0;3647;0;0;0;0;0;0;
37655;4687331;555954176;31830016;505409536;0;0;0;0;0;0;0;0;0;0;0;2815;0;0;0;0;0;0;
37656;2627889;555954176;31830016;505409536;0;0;0;0;0;0;0;0;0;0;0;3787;0;0;0;0;0;0;
37657;4577285;555954176;31830016;505409536;0;0;0;0;0;0;0;0;0;0;0;2164;0;0;0;0;0;0;
37658;2519635;555954176;31830016;505409536;0;0;0;0;0;0;0;0;0;0;0;2525;0;0;0;0;0;0;
37659;4785274;555954176;31830016;505409536;0;0;0;0;0;0;0;0;0;0;0;2524;0;0;0;0;0;0;
37660;2674315;555954176;31830016;505409536;0;0;0;0;0;0;0;0;0;0;0;3086;0;0;0;0;0;0;
37661;4541396;555954176;31830016;505409536;0;0;0;0;0;0;0;0;0;0;0;2736;0;0;0;0;0;0;
37662;2554050;555954176;31830016;505409536;0;0;0;0;0;0;0;0;0;0;0;2895;0;0;0;0;0;0;
37663;4736323;555954176;31830016;505409536;0;0;0;0;0;0;0;0;0;0;0;2425;0;0;0;0;0;0;
37664;2728868;555954176;31830016;505409536;0;0;0;0;0;0;0;0;0;0;0;2845;0;0;0;0;0;0;
37665;4691037;555954176;31830016;505409536;0;0;0;0;0;0;0;0;0;0;0;2725;0;0;0;0;0;0;
37666;2654017;555954176;31830016;505409536;0;0;0;0;0;0;0;0;0;0;0;3696;0;0;0;0;0;0;
37667;4618391;555954176;31830016;505409536;0;0;0;0;0;0;0;0;0;0;0;3056;0;0;0;0;0;0;
37668;2649699;555954176;31830016;505409536;0;0;0;0;0;0;0;0;0;0;0;3266;0;0;0;0;0;0;
37669;4690326;555954176;31830016;505409536;0;0;0;0;0;0;0;0;0;0;0;3206;0;0;0;0;0;0;
37670;2716995;555954176;31830016;505409536;0;0;0;0;0;0;0;0;0;0;0;3787;0;0;0;0;0;0;
37671;4757512;555954176;31830016;505409536;0;0;0;0;0;0;0;0;0;0;0;2786;0;0;0;0;0;0;
37672;2713869;555954176;31830016;505409536;0;0;0;0;0;0;0;0;0;0;0;2575;0;0;0;0;0;0;
37673;4663866;555954176;31830016;505409536;0;0;0;0;0;0;0;0;0;0;0;2325;0;0;0;0;0;0;
37674;2722376;555954176;31830016;505409536;0;0;0;0;0;0;0;0;0;0;0;3026;0;0;0;0;0;0;
37675;4737384;555954176;31830016;505409536;0;0;0;0;0;0;0;0;0;0;0;2805;0;0;0;0;0;0;
37676;2778361;555954176;31830016;505409536;0;0;0;0;0;0;0;0;0;0;0;2756;0;0;0;0;0;0;
37677;4641445;555954176;31830016;505409536;0;0;0;0;0;0;0;0;0;0;0;2525;0;0;0;0;0;0;
37678;2799961;555954176;31830016;505409536;0;0;0;0;0;0;0;0;0;0;0;2765;0;0;0;0;0;0;
37679;4661643;555954176;31830016;505409536;0;0;0;0;0;0;0;0;0;0;0;2545;0;0;0;0;0;0;
37680;2791165;555954176;31830016;505409536;0;0;0;0;0;0;0;0;0;0;0;3346;0;0;0;0;0;0;
37681;4616417;555954176;31830016;505409536;0;0;0;0;0;0;0;0;0;0;0;2325;0;0;0;0;0;0;
37682;2831491;555954176;31830016;505409536;0;0;0;0;0;0;0;0;0;0;0;2515;0;0;0;0;0;0;
37683;4770116;555954176;31830016;505409536;0;0;0;0;0;0;0;0;0;0;0;2354;0;0;0;0;0;0;
37684;2748475;555954176;31830016;505409536;0;0;0;0;0;0;0;0;0;0;0;2615;0;0;0;0;0;0;
37685;4841109;555954176;31830016;505409536;0;0;0;0;0;0;0;0;0;0;0;3236;0;0;0;0;0;0;
37686;2683834;555954176;31830016;505409536;0;0;0;0;0;0;0;0;0;0;0;3005;0;0;0;0;0;0;
37687;4696989;555954176;31830016;505409536;0;0;0;0;0;0;0;0;0;0;0;2595;0;0;0;0;0;0;
37688;2586280;555954176;31830016;505409536;0;0;0;0;0;0;0;0;0;0;0;2756;0;0;0;0;0;0;
37689;4705394;555954176;31830016;505409536;0;0;0;0;0;0;0;0;0;0;0;2835;0;0;0;0;0;0;
37690;2520557;555954176;31830016;505409536;0;0;0;0;0;0;0;0;0;0;0;3636;0;0;0;0;0;0;
37691;4655952;555954176;31830016;505409536;0;0;0;0;0;0;0;0;0;0;0;2765;0;0;0;0;0;0;
37692;2690807;555954176;31830016;505409536;0;0;0;0;0;0;0;0;0;0;0;2414;0;0;0;0;0;0;
37693;4559901;555954176;31830016;505409536;0;0;0;0;0;0;0;0;0;0;0;2264;0;0;0;0;0;0;
37694;2596148;555954176;31830016;505409536;0;0;0;0;0;0;0;0;0;0;0;2896;0;0;0;0;0;0;
37695;4580360;555954176;31830016;505409536;0;0;0;0;0;0;0;0;0;0;0;2415;0;0;0;0;0;0;
37696;2638549;555954176;31830016;505409536;0;0;0;0;0;0;0;0;0;0;0;2604;0;0;0;0;0;0;
37697;4592322;555954176;31830016;505409536;0;0;0;0;0;0;0;0;0;0;0;2464;0;0;0;0;0;0;
37698;2816191;555954176;31830016;505409536;0;0;0;0;0;0;0;0;0;0;0;2906;0;0;0;0;0;0;
37699;4538832;555954176;31830016;505409536;0;0;0;0;0;0;0;0;0;0;0;2114;0;0;0;0;0;0;
37700;2735370;555954176;31830016;505409536;0;0;0;0;0;0;0;0;0;0;0;2294;0;0;0;0;0;0;
37701;4579818;555954176;31830016;505409536;0;0;0;0;0;0;0;0;0;0;0;2364;0;0;0;0;0;0;
37702;2870683;555954176;31830016;505409536;0;0;0;0;0;0;0;0;0;0;0;2345;0;0;0;0;0;0;
37703;4897946;555954176;31830016;505409536;0;0;0;0;0;0;0;0;0;0;0;2304;0;0;0;0;0;0;
37704;2666150;555954176;31830016;505409536;0;0;0;0;0;0;0;0;0;0;0;2314;0;0;0;0;0;0;
37705;4595509;555954176;31830016;505409536;0;0;0;0;0;0;0;0;0;0;0;2525;0;0;0;0;0;0;
37706;2876154;555954176;31830016;505409536;0;0;0;0;0;0;0;0;0;0;0;2705;0;0;0;0;0;0;
37707;4904638;555954176;31830016;505409536;0;0;0;0;0;0;0;0;0;0;0;2515;0;0;0;0;0;0;
37708;2692880;555954176;31830016;505409536;0;0;0;0;0;0;0;0;0;0;0;2796;0;0;0;0;0;0;
37709;4582424;555954176;31830016;505409536;0;0;0;0;0;0;0;0;0;0;0;2425;0;0;0;0;0;0;
37710;2629151;555954176;31830016;505409536;0;0;0;0;0;0;0;0;0;0;0;3065;0;0;0;0;0;0;
37711;4762361;555954176;31830016;505409536;0;0;0;0;0;0;0;0;0;0;0;2565;0;0;0;0;0;0;
37712;2651293;555954176;31830016;505409536;0;0;0;0;0;0;0;0;0;0;0;2555;0;0;0;0;0;0;
37713;4606509;555954176;31830016;505409536;0;0;0;0;0;0;0;0;0;0;0;2324;0;0;0;0;0;0;
37714;2787678;555954176;31830016;505409536;0;0;0;0;0;0;0;0;0;0;0;2805;0;0;0;0;0;0;
37715;4616929;555954176;31830016;505409536;0;0;0;0;0;0;0;0;0;0;0;2144;0;0;0;0;0;0;
37716;2704482;555954176;31830016;505409536;0;0;0;0;0;0;0;0;0;0;0;2425;0;0;0;0;0;0;
37717;4604806;555954176;31830016;505409536;0;0;0;0;0;0;0;0;0;0;0;2685;0;0;0;0;0;0;
37718;2819397;555954176;31830016;505409536;0;0;0;0;0;0;0;0;0;0;0;2905;0;0;0;0;0;0;
37719;4912283;555954176;31830016;505409536;0;0;0;0;0;0;0;0;0;0;0;2515;0;0;0;0;0;0;
37720;2570571;555954176;31830016;505409536;0;0;0;0;0;0;0;0;0;0;0;2996;0;0;0;0;0;0;
37721;4634371;555954176;31830016;505409536;0;0;0;0;0;0;0;0;0;0;0;3136;0;0;0;0;0;0;
37722;2610004;555954176;31830016;505409536;0;0;0;0;0;0;0;0;0;0;0;3076;0;0;0;0;0;0;
37723;4804100;555954176;31830016;505409536;0;0;0;0;0;0;0;0;0;0;0;2715;0;0;0;0;0;0;
37724;2658105;555954176;31830016;505409536;0;0;0;0;0;0;0;0;0;0;0;3496;0;0;0;0;0;0;
37725;4598925;555954176;31830016;505409536;0;0;0;0;0;0;0;0;0;0;0;2595;0;0;0;0;0;0;
37726;2768011;555954176;31830016;505409536;0;0;0;0;0;0;0;0;0;0;0;2986;0;0;0;0;0;0;
37727;4848262;555954176;31830016;505409536;0;0;0;0;0;0;0;0;0;0;0;2916;0;0;0;0;0;0;
37728;2527710;555954176;31830016;505409536;0;0;0;0;0;0;0;0;0;0;0;2364;0;0;0;0;0;0;
37729;4583166;555954176;31830016;505409536;0;0;0;0;0;0;0;0;0;0;0;2815;0;0;0;0;0;0;
37730;2573125;555954176;31830016;505409536;0;0;0;0;0;0;0;0;0;0;0;2856;0;0;0;0;0;0;
37731;4720843;555954176;31830016;505409536;0;0;0;0;0;0;0;0;0;0;0;2765;0;0;0;0;0;0;
37732;2475011;555954176;31830016;505409536;0;0;0;0;0;0;0;0;0;0;0;2855;0;0;0;0;0;0;
37733;4561594;555954176;31830016;505409536;0;0;0;0;0;0;0;0;0;0;0;2856;0;0;0;0;0;0;
37734;3006619;555954176;31830016;505409536;0;0;0;0;0;0;0;0;0;0;0;3126;0;0;0;0;0;0;
37735;4633369;555954176;31830016;505409536;0;0;0;0;0;0;0;0;0;0;0;3176;0;0;0;0;0;0;
37736;2740049;555954176;31830016;505409536;0;0;0;0;0;0;0;0;0;0;0;3466;0;0;0;0;0;0;
37737;4595808;555954176;31830016;505409536;0;0;0;0;0;0;0;0;0;0;0;3166;0;0;0;0;0;0;
37738;2787087;555954176;31830016;505409536;0;0;0;0;0;0;0;0;0;0;0;3206;0;0;0;0;0;0;
37739;4620635;555954176;31830016;505409536;0;0;0;0;0;0;0;0;0;0;0;3106;0;0;0;0;0;0;
37740;2771518;555954176;31830016;505409536;0;0;0;0;0;0;0;0;0;0;0;2785;0;0;0;0;0;0;
37741;4668405;555954176;31830016;505409536;0;0;0;0;0;0;0;0;0;0;0;2615;0;0;0;0;0;0;
37742;2865444;555954176;31830016;505409536;0;0;0;0;0;0;0;0;0;0;0;2375;0;0;0;0;0;0;
37743;4826091;555954176;31830016;505409536;0;0;0;0;0;0;0;0;0;0;0;2384;0;0;0;0;0;0;
37744;2555202;555954176;31830016;505409536;0;0;0;0;0;0;0;0;0;0;0;2735;0;0;0;0;0;0;
37745;4638049;555954176;31830016;505409536;0;0;0;0;0;0;0;0;0;0;0;2384;0;0;0;0;0;0;
37746;2613161;555954176;31830016;505409536;0;0;0;0;0;0;0;0;0;0;0;2445;0;0;0;0;0;0;
37747;4724480;555954176;31830016;505409536;0;0;0;0;0;0;0;0;0;0;0;2294;0;0;0;0;0;0;
37748;2647425;555954176;31830016;505409536;0;0;0;0;0;0;0;0;0;0;0;3046;0;0;0;0;0;0;
37749;4675488;555954176;31830016;505409536;0;0;0;0;0;0;0;0;0;0;0;2955;0;0;0;0;0;0;
37750;2821932;555954176;31830016;505409536;0;0;0;0;0;0;0;0;0;0;0;2906;0;0;0;0;0;0;
37751;4545475;555954176;31830016;505409536;0;0;0;0;0;0;0;0;0;0;0;2825;0;0;0;0;0;0;
37752;2766638;555954176;31830016;505409536;0;0;0;0;0;0;0;0;0;0;0;2424;0;0;0;0;0;0;
37753;4604735;555954176;31830016;505409536;0;0;0;0;0;0;0;0;0;0;0;2635;0;0;0;0;0;0;
37754;2776848;555954176;31830016;505409536;0;0;0;0;0;0;0;0;0;0;0;3296;0;0;0;0;0;0;
37755;4635454;555954176;31830016;505409536;0;0;0;0;0;0;0;0;0;0;0;2565;0;0;0;0;0;0;
37756;2627417;555954176;31830016;505409536;0;0;0;0;0;0;0;0;0;0;0;3146;0;0;0;0;0;0;
37757;4716726;555954176;31830016;505409536;0;0;0;0;0;0;0;0;0;0;0;2475;0;0;0;0;0;0;
37758;2649338;555954176;31830016;505409536;0;0;0;0;0;0;0;0;0;0;0;2455;0;0;0;0;0;0;
37759;4809580;555954176;31830016;505409536;0;0;0;0;0;0;0;0;0;0;0;2394;0;0;0;0;0;0;
37760;2589025;555954176;31830016;505409536;0;0;0;0;0;0;0;0;0;0;0;3075;0;0;0;0;0;0;
37761;4723047;555954176;31830016;505409536;0;0;0;0;0;0;0;0;0;0;0;2766;0;0;0;0;0;0;
37762;2591971;555954176;31830016;505409536;0;0;0;0;0;0;0;0;0;0;0;2765;0;0;0;0;0;0;
37763;4654108;555954176;31830016;505409536;0;0;0;0;0;0;0;0;0;0;0;2725;0;0;0;0;0;0;
37764;2593314;555954176;31830016;505409536;0;0;0;0;0;0;0;0;0;0;0;2745;0;0;0;0;0;0;
37765;4567456;555954176;31830016;505409536;0;0;0;0;0;0;0;0;0;0;0;2735;0;0;0;0;0;0;
37766;2706495;555954176;31830016;505409536;0;0;0;0;0;0;0;0;0;0;0;2915;0;0;0;0;0;0;
37767;4688724;555954176;31830016;505409536;0;0;0;0;0;0;0;0;0;0;0;2815;0;0;0;0;0;0;
37768;2614493;555954176;31830016;505409536;0;0;0;0;0;0;0;0;0;0;0;3466;0;0;0;0;0;0;
37769;4516560;555954176;31830016;505409536;0;0;0;0;0;0;0;0;0;0;0;2294;0;0;0;0;0;0;
37770;2511080;555954176;31830016;505409536;0;0;0;0;0;0;0;0;0;0;0;2746;0;0;0;0;0;0;
37771;4716034;555954176;31830016;505409536;0;0;0;0;0;0;0;0;0;0;0;2805;0;0;0;0;0;0;
37772;2503555;555954176;31830016;505409536;0;0;0;0;0;0;0;0;0;0;0;3136;0;0;0;0;0;0;
37773;4579789;555954176;31830016;505409536;0;0;0;0;0;0;0;0;0;0;0;2285;0;0;0;0;0;0;
37774;2505379;555954176;31830016;505409536;0;0;0;0;0;0;0;0;0;0;0;2645;0;0;0;0;0;0;
37775;4630544;555954176;31830016;505409536;0;0;0;0;0;0;0;0;0;0;0;2444;0;0;0;0;0;0;
37776;2586341;555954176;31830016;505409536;0;0;0;0;0;0;0;0;0;0;0;2585;0;0;0;0;0;0;
37777;4684986;555954176;31830016;505409536;0;0;0;0;0;0;0;0;0;0;0;2295;0;0;0;0;0;0;
37778;2798739;555954176;31830016;505409536;0;0;0;0;0;0;0;0;0;0;0;2565;0;0;0;0;0;0;
37779;4552658;555954176;31830016;505409536;0;0;0;0;0;0;0;0;0;0;0;2585;0;0;0;0;0;0;
37780;2470423;555954176;31830016;505409536;0;0;0;0;0;0;0;0;0;0;0;2615;0;0;0;0;0;0;
37781;4565662;555954176;31830016;505409536;0;0;0;0;0;0;0;0;0;0;0;2545;0;0;0;0;0;0;
37782;2752151;555954176;31830016;505409536;0;0;0;0;0;0;0;0;0;0;0;2915;0;0;0;0;0;0;
37783;4808478;555954176;31830016;505409536;0;0;0;0;0;0;0;0;0;0;0;3186;0;0;0;0;0;0;
37784;2635382;555954176;31830016;505409536;0;0;0;0;0;0;0;0;0;0;0;3026;0;0;0;0;0;0;
37785;4705505;555954176;31830016;505409536;0;0;0;0;0;0;0;0;0;0;0;2384;0;0;0;0;0;0;
37786;2621016;555954176;31830016;505409536;0;0;0;0;0;0;0;0;0;0;0;3126;0;0;0;0;0;0;
37787;4750529;555954176;31830016;505409536;0;0;0;0;0;0;0;0;0;0;0;2805;0;0;0;0;0;0;
37788;2682951;555954176;31830016;505409536;0;0;0;0;0;0;0;0;0;0;0;2765;0;0;0;0;0;0;
37789;4541517;555954176;31830016;505409536;0;0;0;0;0;0;0;0;0;0;0;2946;0;0;0;0;0;0;
37790;2601910;555954176;31830016;505409536;0;0;0;0;0;0;0;0;0;0;0;3046;0;0;0;0;0;0;
37791;4514156;555954176;31830016;505409536;0;0;0;0;0;0;0;0;0;0;0;2204;0;0;0;0;0;0;
37792;2620905;555954176;31830016;505409536;0;0;0;0;0;0;0;0;0;0;0;2896;0;0;0;0;0;0;
37793;4555984;555954176;31830016;505409536;0;0;0;0;0;0;0;0;0;0;0;3056;0;0;0;0;0;0;
37794;2659878;555954176;31830016;505409536;0;0;0;0;0;0;0;0;0;0;0;3226;0;0;0;0;0;0;
37795;4587153;555954176;31830016;505409536;0;0;0;0;0;0;0;0;0;0;0;2625;0;0;0;0;0;0;
37796;2711235;555954176;31830016;505409536;0;0;0;0;0;0;0;0;0;0;0;3266;0;0;0;0;0;0;
37797;4673494;555954176;31830016;505409536;0;0;0;0;0;0;0;0;0;0;0;2865;0;0;0;0;0;0;
37798;2867067;555954176;31830016;505409536;0;0;0;0;0;0;0;0;0;0;0;2855;0;0;0;0;0;0;
37799;4584298;555954176;31830016;505409536;0;0;0;0;0;0;0;0;0;0;0;2855;0;0;0;0;0;0;
37800;2507393;555954176;31830016;505409536;0;0;0;0;0;0;0;0;0;0;0;3156;0;0;0;0;0;0;
37801;4628330;555954176;31830016;505409536;0;0;0;0;0;0;0;0;0;0;0;2915;0;0;0;0;0;0;
37802;2642465;555954176;31830016;505409536;0;0;0;0;0;0;0;0;0;0;0;3095;0;0;0;0;0;0;
37803;4583846;555954176;31830016;505409536;0;0;0;0;0;0;0;0;0;0;0;3366;0;0;0;0;0;0;
37804;2550312;555954176;31830016;505409536;0;0;0;0;0;0;0;0;0;0;0;2885;0;0;0;0;0;0;
37805;4546637;555954176;31830016;505409536;0;0;0;0;0;0;0;0;0;0;0;2525;0;0;0;0;0;0;
37806;2717366;555954176;31830016;505409536;0;0;0;0;0;0;0;0;0;0;0;2705;0;0;0;0;0;0;
37807;4599395;555954176;31830016;505409536;0;0;0;0;0;0;0;0;0;0;0;2614;0;0;0;0;0;0;
37808;2692289;555954176;31830016;505409536;0;0;0;0;0;0;0;0;0;0;0;3035;0;0;0;0;0;0;
37809;4581853;555954176;31830016;505409536;0;0;0;0;0;0;0;0;0;0;0;2785;0;0;0;0;0;0;
37810;2581632;555954176;31830016;505409536;0;0;0;0;0;0;0;0;0;0;0;2765;0;0;0;0;0;0;
37811;4698262;555954176;31830016;505409536;0;0;0;0;0;0;0;0;0;0;0;2445;0;0;0;0;0;0;
37812;2561203;555954176;31830016;505409536;0;0;0;0;0;0;0;0;0;0;0;2605;0;0;0;0;0;0;
37813;7707635;555954176;31830016;505409536;0;0;0;0;0;0;0;0;0;0;0;3076;0;0;0;0;0;0;
37814;9315410;555954176;31830016;505409536;0;0;0;0;0;0;0;0;0;0;0;3437;0;0;0;0;0;0;
37815;5165167;555954176;31830016;505409536;0;0;0;0;0;0;0;0;0;0;0;2785;0;0;0;0;0;0;
37816;2523122;555954176;31830016;505409536;0;0;0;0;0;0;0;0;0;0;0;3286;0;0;0;0;0;0;
37817;4577825;555954176;31830016;505409536;0;0;0;0;0;0;0;0;0;0;0;3106;0;0;0;0;0;0;
37818;2537028;555954176;31830016;505409536;0;0;0;0;0;0;0;0;0;0;0;2585;0;0;0;0;0;0;
37819;4623160;555954176;31830016;505409536;0;0;0;0;0;0;0;0;0;0;0;2435;0;0;0;0;0;0;
37820;2547919;555954176;31830016;505409536;0;0;0;0;0;0;0;0;0;0;0;2585;0;0;0;0;0;0;
37821;4541156;555954176;31830016;505409536;0;0;0;0;0;0;0;0;0;0;0;3216;0;0;0;0;0;0;
37822;2856126;555954176;31830016;505409536;0;0;0;0;0;0;0;0;0;0;0;2765;0;0;0;0;0;0;
37823;4651784;555954176;31830016;505409536;0;0;0;0;0;0;0;0;0;0;0;2535;0;0;0;0;0;0;
37824;2708880;555954176;31830016;505409536;0;0;0;0;0;0;0;0;0;0;0;2955;0;0;0;0;0;0;
37825;4523794;555954176;31830016;505409536;0;0;0;0;0;0;0;0;0;0;0;2384;0;0;0;0;0;0;
37826;2782418;555954176;31830016;505409536;0;0;0;0;0;0;0;0;0;0;0;3256;0;0;0;0;0;0;
37827;4600418;555954176;31830016;505409536;0;0;0;0;0;0;0;0;0;0;0;2715;0;0;0;0;0;0;
37828;2610275;555954176;31830016;505409536;0;0;0;0;0;0;0;0;0;0;0;2905;0;0;0;0;0;0;
37829;4769004;555954176;31830016;505409536;0;0;0;0;0;0;0;0;0;0;0;2635;0;0;0;0;0;0;
37830;2534323;555954176;31830016;505409536;0;0;0;0;0;0;0;0;0;0;0;3046;0;0;0;0;0;0;
37831;4828776;555954176;31830016;505409536;0;0;0;0;0;0;0;0;0;0;0;2033;0;0;0;0;0;0;
37832;2551304;555954176;31830016;505409536;0;0;0;0;0;0;0;0;0;0;0;2745;0;0;0;0;0;0;
37833;4542088;555954176;31830016;505409536;0;0;0;0;0;0;0;0;0;0;0;2635;0;0;0;0;0;0;
37834;2568107;555954176;31830016;505409536;0;0;0;0;0;0;0;0;0;0;0;2986;0;0;0;0;0;0;
37835;4601450;555954176;31830016;505409536;0;0;0;0;0;0;0;0;0;0;0;3296;0;0;0;0;0;0;
37836;2744748;555954176;31830016;505409536;0;0;0;0;0;0;0;0;0;0;0;3156;0;0;0;0;0;0;
37837;4650832;555954176;31830016;505409536;0;0;0;0;0;0;0;0;0;0;0;2725;0;0;0;0;0;0;
37838;2879850;555954176;31830016;505409536;0;0;0;0;0;0;0;0;0;0;0;3667;0;0;0;0;0;0;
37839;4601509;555954176;31830016;505409536;0;0;0;0;0;0;0;0;0;0;0;2925;0;0;0;0;0;0;
37840;2684745;555954176;31830016;505409536;0;0;0;0;0;0;0;0;0;0;0;3346;0;0;0;0;0;0;
37841;4575321;555954176;31830016;505409536;0;0;0;0;0;0;0;0;0;0;0;2464;0;0;0;0;0;0;
37842;2673764;555954176;31830016;505409536;0;0;0;0;0;0;0;0;0;0;0;2916;0;0;0;0;0;0;
37843;4693713;555954176;31830016;505409536;0;0;0;0;0;0;0;0;0;0;0;2915;0;0;0;0;0;0;
37844;2696306;555954176;31830016;505409536;0;0;0;0;0;0;0;0;0;0;0;2846;0;0;0;0;0;0;
37845;4611769;555954176;31830016;505409536;0;0;0;0;0;0;0;0;0;0;0;2695;0;0;0;0;0;0;
37846;2865413;555954176;31830016;505409536;0;0;0;0;0;0;0;0;0;0;0;2765;0;0;0;0;0;0;
37847;4716385;555954176;31830016;505409536;0;0;0;0;0;0;0;0;0;0;0;2635;0;0;0;0;0;0;
37848;2677771;555954176;31830016;505409536;0;0;0;0;0;0;0;0;0;0;0;2705;0;0;0;0;0;0;
37849;4568298;555954176;31830016;505409536;0;0;0;0;0;0;0;0;0;0;0;2465;0;0;0;0;0;0;
37850;2709832;555954176;31830016;505409536;0;0;0;0;0;0;0;0;0;0;0;3246;0;0;0;0;0;0;
37851;4744859;555954176;31830016;505409536;0;0;0;0;0;0;0;0;0;0;0;2555;0;0;0;0;0;0;
37852;2774453;555954176;31830016;505409536;0;0;0;0;0;0;0;0;0;0;0;2645;0;0;0;0;0;0;
37853;4571724;555954176;31830016;505409536;0;0;0;0;0;0;0;0;0;0;0;2675;0;0;0;0;0;0;
37854;2802255;555954176;31830016;505409536;0;0;0;0;0;0;0;0;0;0;0;3326;0;0;0;0;0;0;
37855;4604585;555954176;31830016;505409536;0;0;0;0;0;0;0;0;0;0;0;2855;0;0;0;0;0;0;
37856;2572385;555954176;31830016;505409536;0;0;0;0;0;0;0;0;0;0;0;2505;0;0;0;0;0;0;
37857;4552517;555954176;31830016;505409536;0;0;0;0;0;0;0;0;0;0;0;2815;0;0;0;0;0;0;
37858;2684264;555954176;31830016;505409536;0;0;0;0;0;0;0;0;0;0;0;2976;0;0;0;0;0;0;
37859;4657414;555954176;31830016;505409536;0;0;0;0;0;0;0;0;0;0;0;2605;0;0;0;0;0;0;
37860;2637617;555954176;31830016;505409536;0;0;0;0;0;0;0;0;0;0;0;2745;0;0;0;0;0;0;
37861;4579327;555954176;31830016;505409536;0;0;0;0;0;0;0;0;0;0;0;2425;0;0;0;0;0;0;
37862;3015595;555954176;31830016;505409536;0;0;0;0;0;0;0;0;0;0;0;2564;0;0;0;0;0;0;
37863;4656543;555954176;31830016;505409536;0;0;0;0;0;0;0;0;0;0;0;2554;0;0;0;0;0;0;
37864;2747102;555954176;31830016;505409536;0;0;0;0;0;0;0;0;0;0;0;2665;0;0;0;0;0;0;
37865;4693201;555954176;31830016;505409536;0;0;0;0;0;0;0;0;0;0;0;2234;0;0;0;0;0;0;
37866;2640883;555954176;31830016;505409536;0;0;0;0;0;0;0;0;0;0;0;2786;0;0;0;0;0;0;
37867;4532700;555954176;31830016;505409536;0;0;0;0;0;0;0;0;0;0;0;2424;0;0;0;0;0;0;
37868;2827673;555954176;31830016;505409536;0;0;0;0;0;0;0;0;0;0;0;3687;0;0;0;0;0;0;
37869;4681149;555954176;31830016;505409536;0;0;0;0;0;0;0;0;0;0;0;2635;0;0;0;0;0;0;
37870;2809749;555954176;31830016;505409536;0;0;0;0;0;0;0;0;0;0;0;3056;0;0;0;0;0;0;
37871;4554872;555954176;31830016;505409536;0;0;0;0;0;0;0;0;0;0;0;2885;0;0;0;0;0;0;
37872;2527550;555954176;31830016;505409536;0;0;0;0;0;0;0;0;0;0;0;2565;0;0;0;0;0;0;
37873;4541527;555954176;31830016;505409536;0;0;0;0;0;0;0;0;0;0;0;2595;0;0;0;0;0;0;
37874;2762250;555954176;31830016;505409536;0;0;0;0;0;0;0;0;0;0;0;2495;0;0;0;0;0;0;
37875;4670008;555954176;31830016;505409536;0;0;0;0;0;0;0;0;0;0;0;2946;0;0;0;0;0;0;
37876;2689173;555954176;31830016;505409536;0;0;0;0;0;0;0;0;0;0;0;3446;0;0;0;0;0;0;
37877;4488588;555954176;31830016;505409536;0;0;0;0;0;0;0;0;0;0;0;2464;0;0;0;0;0;0;
37878;2684775;555954176;31830016;505409536;0;0;0;0;0;0;0;0;0;0;0;2765;0;0;0;0;0;0;
37879;4767721;555954176;31830016;505409536;0;0;0;0;0;0;0;0;0;0;0;2725;0;0;0;0;0;0;
37880;2640883;555954176;31830016;505409536;0;0;0;0;0;0;0;0;0;0;0;2414;0;0;0;0;0;0;
37881;4575471;555954176;31830016;505409536;0;0;0;0;0;0;0;0;0;0;0;2234;0;0;0;0;0;0;
37882;2704763;555954176;31830016;505409536;0;0;0;0;0;0;0;0;0;0;0;3096;0;0;0;0;0;0;
37883;4649199;555954176;31830016;505409536;0;0;0;0;0;0;0;0;0;0;0;2805;0;0;0;0;0;0;
37884;2707999;555954176;31830016;505409536;0;0;0;0;0;0;0;0;0;0;0;3076;0;0;0;0;0;0;
37885;4636104;555954176;31830016;505409536;0;0;0;0;0;0;0;0;0;0;0;2815;0;0;0;0;0;0;
37886;2882857;555954176;31830016;505409536;0;0;0;0;0;0;0;0;0;0;0;2825;0;0;0;0;0;0;
37887;4670409;555954176;31830016;505409536;0;0;0;0;0;0;0;0;0;0;0;2475;0;0;0;0;0;0;
37888;2700695;555954176;31830016;505409536;0;0;0;0;0;0;0;0;0;0;0;2505;0;0;0;0;0;0;
37889;4824308;555954176;31830016;505409536;0;0;0;0;0;0;0;0;0;0;0;3105;0;0;0;0;0;0;
37890;2777479;555954176;31830016;505409536;0;0;0;0;0;0;0;0;0;0;0;2575;0;0;0;0;0;0;
37891;4598183;555954176;31830016;505409536;0;0;0;0;0;0;0;0;0;0;0;2645;0;0;0;0;0;0;
37892;2740098;555954176;31830016;505409536;0;0;0;0;0;0;0;0;0;0;0;2475;0;0;0;0;0;0;
37893;4845768;555954176;31830016;505409536;0;0;0;0;0;0;0;0;0;0;0;2564;0;0;0;0;0;0;
37894;2663976;555954176;31830016;505409536;0;0;0;0;0;0;0;0;0;0;0;2805;0;0;0;0;0;0;
37895;4635574;555954176;31830016;505409536;0;0;0;0;0;0;0;0;0;0;0;2555;0;0;0;0;0;0;
37896;2632978;555954176;31830016;505409536;0;0;0;0;0;0;0;0;0;0;0;2946;0;0;0;0;0;0;
37897;4536507;555954176;31830016;505409536;0;0;0;0;0;0;0;0;0;0;0;2595;0;0;0;0;0;0;
37898;2655590;555954176;31830016;505409536;0;0;0;0;0;0;0;0;0;0;0;2795;0;0;0;0;0;0;
37899;4602501;555954176;31830016;505409536;0;0;0;0;0;0;0;0;0;0;0;2465;0;0;0;0;0;0;
37900;2682851;555954176;31830016;505409536;0;0;0;0;0;0;0;0;0;0;0;2946;0;0;0;0;0;0;
37901;4636285;555954176;31830016;505409536;0;0;0;0;0;0;0;0;0;0;0;2475;0;0;0;0;0;0;
37902;2828274;555954176;31830016;505409536;0;0;0;0;0;0;0;0;0;0;0;2565;0;0;0;0;0;0;
37903;4601249;555954176;31830016;505409536;0;0;0;0;0;0;0;0;0;0;0;2504;0;0;0;0;0;0;
37904;2754636;555954176;31830016;505409536;0;0;0;0;0;0;0;0;0;0;0;2555;0;0;0;0;0;0;
37905;4662614;555954176;31830016;505409536;0;0;0;0;0;0;0;0;0;0;0;2635;0;0;0;0;0;0;
37906;2692801;555954176;31830016;505409536;0;0;0;0;0;0;0;0;0;0;0;3226;0;0;0;0;0;0;
37907;4737756;555954176;31830016;505409536;0;0;0;0;0;0;0;0;0;0;0;2585;0;0;0;0;0;0;
37908;2617288;555954176;31830016;505409536;0;0;0;0;0;0;0;0;0;0;0;2635;0;0;0;0;0;0;
37909;4672342;555954176;31830016;505409536;0;0;0;0;0;0;0;0;0;0;0;2715;0;0;0;0;0;0;
37910;2615956;555954176;31830016;505409536;0;0;0;0;0;0;0;0;0;0;0;3196;0;0;0;0;0;0;
37911;4581211;555954176;31830016;505409536;0;0;0;0;0;0;0;0;0;0;0;2525;0;0;0;0;0;0;
37912;2754375;555954176;31830016;505409536;0;0;0;0;0;0;0;0;0;0;0;2875;0;0;0;0;0;0;
37913;4583846;555954176;31830016;505409536;0;0;0;0;0;0;0;0;0;0;0;2475;0;0;0;0;0;0;
37914;2737294;555954176;31830016;505409536;0;0;0;0;0;0;0;0;0;0;0;2545;0;0;0;0;0;0;
37915;4563509;555954176;31830016;505409536;0;0;0;0;0;0;0;0;0;0;0;2935;0;0;0;0;0;0;
37916;2793299;555954176;31830016;505409536;0;0;0;0;0;0;0;0;0;0;0;2625;0;0;0;0;0;0;
37917;4595919;555954176;31830016;505409536;0;0;0;0;0;0;0;0;0;0;0;3015;0;0;0;0;0;0;
37918;2750569;555954176;31830016;505409536;0;0;0;0;0;0;0;0;0;0;0;2475;0;0;0;0;0;0;
37919;4748545;555954176;31830016;505409536;0;0;0;0;0;0;0;0;0;0;0;3176;0;0;0;0;0;0;
37920;2619432;555954176;31830016;505409536;0;0;0;0;0;0;0;0;0;0;0;2435;0;0;0;0;0;0;
37921;4704312;555954176;31830016;505409536;0;0;0;0;0;0;0;0;0;0;0;2495;0;0;0;0;0;0;
37922;2509466;555954176;31830016;505409536;0;0;0;0;0;0;0;0;0;0;0;2485;0;0;0;0;0;0;
37923;4744899;555954176;31830016;505409536;0;0;0;0;0;0;0;0;0;0;0;2264;0;0;0;0;0;0;
37924;2543570;555954176;31830016;505409536;0;0;0;0;0;0;0;0;0;0;0;2475;0;0;0;0;0;0;
37925;4584628;555954176;31830016;505409536;0;0;0;0;0;0;0;0;0;0;0;2485;0;0;0;0;0;0;
37926;2646093;555954176;31830016;505409536;0;0;0;0;0;0;0;0;0;0;0;3336;0;0;0;0;0;0;
37927;4575280;555954176;31830016;505409536;0;0;0;0;0;0;0;0;0;0;0;2325;0;0;0;0;0;0;
37928;2798889;555954176;31830016;505409536;0;0;0;0;0;0;0;0;0;0;0;3537;0;0;0;0;0;0;
37929;5218767;562778112;48607232;522186752;0;0;0;0;0;0;0;0;0;0;0;2354;0;0;0;0;0;0;
37930;2977724;562778112;48607232;522186752;0;0;0;0;0;0;0;0;0;0;0;2935;0;0;0;0;0;0;
37931;5140471;569069568;48607232;522186752;0;0;0;0;0;0;0;0;0;0;0;2775;0;0;0;0;0;0;
37932;2861436;569069568;48607232;522186752;0;0;0;0;0;0;0;0;0;0;0;3306;0;0;0;0;0;0;
37933;4681059;569069568;48607232;522186752;0;0;0;0;0;0;0;0;0;0;0;3346;0;0;0;0;0;0;
37934;2869471;562753536;42102784;515682304;0;0;0;0;0;0;0;0;0;0;0;3486;0;0;0;0;0;0;
37935;4533392;562753536;42102784;515682304;0;0;0;0;0;0;0;0;0;0;0;2805;0;0;0;0;0;0;
37936;2642877;562753536;42102784;515682304;0;0;0;0;0;0;0;0;0;0;0;3055;0;0;0;0;0;0;
37937;4718880;562753536;42102784;515682304;0;0;0;0;0;0;0;0;0;0;0;3086;0;0;0;0;0;0;
37938;2636004;562753536;42102784;515682304;0;0;0;0;0;0;0;0;0;0;0;3396;0;0;0;0;0;0;
37939;4580691;562753536;42102784;515682304;0;0;0;0;0;0;0;0;0;0;0;3276;0;0;0;0;0;0;
37940;2615415;562753536;42102784;515682304;0;0;0;0;0;0;0;0;0;0;0;3196;0;0;0;0;0;0;
37941;4708300;562753536;42102784;515682304;0;0;0;0;0;0;0;0;0;0;0;2725;0;0;0;0;0;0;
37942;2690225;562753536;42102784;515682304;0;0;0;0;0;0;0;0;0;0;0;2715;0;0;0;0;0;0;
37943;4525236;562753536;42102784;515682304;0;0;0;0;0;0;0;0;0;0;0;2585;0;0;0;0;0;0;
37944;2763703;562753536;42102784;515682304;0;0;0;0;0;0;0;0;0;0;0;2865;0;0;0;0;0;0;
37945;4602321;562753536;42102784;515682304;0;0;0;0;0;0;0;0;0;0;0;2895;0;0;0;0;0;0;
37946;2805040;562753536;42102784;515682304;0;0;0;0;0;0;0;0;0;0;0;3146;0;0;0;0;0;0;
37947;4670409;562753536;42102784;515682304;0;0;0;0;0;0;0;0;0;0;0;3407;0;0;0;0;0;0;
37948;2621446;562753536;42102784;515682304;0;0;0;0;0;0;0;0;0;0;0;4218;0;0;0;0;0;0;
37949;4574950;562753536;42102784;515682304;0;0;0;0;0;0;0;0;0;0;0;2975;0;0;0;0;0;0;
37950;2496201;562753536;42102784;515682304;0;0;0;0;0;0;0;0;0;0;0;3176;0;0;0;0;0;0;
37951;4715814;562753536;42102784;515682304;0;0;0;0;0;0;0;0;0;0;0;3546;0;0;0;0;0;0;
37952;2731212;562753536;42102784;515682304;0;0;0;0;0;0;0;0;0;0;0;3006;0;0;0;0;0;0;
37953;5144979;566194176;42102784;515682304;0;0;0;0;0;0;0;0;0;0;0;3567;0;0;0;0;0;0;
37954;2706366;566194176;42102784;515682304;0;0;0;0;0;0;0;0;0;0;0;3226;0;0;0;0;0;0;
37955;4530757;566194176;42102784;515682304;0;0;0;0;0;0;0;0;0;0;0;2735;0;0;0;0;0;0;
37956;2742994;566194176;42102784;515682304;0;0;0;0;0;0;0;0;0;0;0;3567;0;0;0;0;0;0;
37957;4539053;566194176;42102784;515682304;0;0;0;0;0;0;0;0;0;0;0;3326;0;0;0;0;0;0;
37958;2742383;566194176;42102784;515682304;0;0;0;0;0;0;0;0;0;0;0;3065;0;0;0;0;0;0;
37959;4601800;566194176;42102784;515682304;0;0;0;0;0;0;0;0;0;0;0;3005;0;0;0;0;0;0;
37960;2758433;566194176;42102784;515682304;0;0;0;0;0;0;0;0;0;0;0;3236;0;0;0;0;0;0;
37961;4603884;566194176;42102784;515682304;0;0;0;0;0;0;0;0;0;0;0;3647;0;0;0;0;0;0;
37962;2743785;566194176;42102784;515682304;0;0;0;0;0;0;0;0;0;0;0;3026;0;0;0;0;0;0;
37963;4624693;566194176;42102784;515682304;0;0;0;0;0;0;0;0;0;0;0;2795;0;0;0;0;0;0;
37964;2446227;566194176;42102784;515682304;0;0;0;0;0;0;0;0;0;0;0;3106;0;0;0;0;0;0;
37965;4656042;566194176;42102784;515682304;0;0;0;0;0;0;0;0;0;0;0;2615;0;0;0;0;0;0;
37966;2528773;566194176;42102784;515682304;0;0;0;0;0;0;0;0;0;0;0;3547;0;0;0;0;0;0;
37967;4701558;566194176;42102784;515682304;0;0;0;0;0;0;0;0;0;0;0;3837;0;0;0;0;0;0;
37968;2471365;566194176;42102784;515682304;0;0;0;0;0;0;0;0;0;0;0;2825;0;0;0;0;0;0;
37969;4631045;566194176;42102784;515682304;0;0;0;0;0;0;0;0;0;0;0;2826;0;0;0;0;0;0;
37970;2652124;566194176;42102784;515682304;0;0;0;0;0;0;0;0;0;0;0;3507;0;0;0;0;0;0;
37971;4554722;566194176;42102784;515682304;0;0;0;0;0;0;0;0;0;0;0;3176;0;0;0;0;0;0;
37972;2670217;566194176;42102784;515682304;0;0;0;0;0;0;0;0;0;0;0;3226;0;0;0;0;0;0;
37973;4588094;566194176;42102784;515682304;0;0;0;0;0;0;0;0;0;0;0;2785;0;0;0;0;0;0;
37974;2796715;566194176;42102784;515682304;0;0;0;0;0;0;0;0;0;0;0;3226;0;0;0;0;0;0;
37975;4578276;566194176;42102784;515682304;0;0;0;0;0;0;0;0;0;0;0;3347;0;0;0;0;0;0;
37976;2645722;566194176;42102784;515682304;0;0;0;0;0;0;0;0;0;0;0;3346;0;0;0;0;0;0;
37977;4858020;566194176;42102784;515682304;0;0;0;0;0;0;0;0;0;0;0;2876;0;0;0;0;0;0;
37978;2497073;566194176;42102784;515682304;0;0;0;0;0;0;0;0;0;0;0;3557;0;0;0;0;0;0;
37979;4612951;566194176;42102784;515682304;0;0;0;0;0;0;0;0;0;0;0;3045;0;0;0;0;0;0;
37980;2496902;566194176;42102784;515682304;0;0;0;0;0;0;0;0;0;0;0;3216;0;0;0;0;0;0;
37981;4611007;566194176;42102784;515682304;0;0;0;0;0;0;0;0;0;0;0;3086;0;0;0;0;0;0;
37982;2608532;566194176;42102784;515682304;0;0;0;0;0;0;0;0;0;0;0;3015;0;0;0;0;0;0;
37983;4566584;566194176;42102784;515682304;0;0;0;0;0;0;0;0;0;0;0;2806;0;0;0;0;0;0;
37984;2428094;566194176;42102784;515682304;0;0;0;0;0;0;0;0;0;0;0;3076;0;0;0;0;0;0;
37985;4636705;566194176;42102784;515682304;0;0;0;0;0;0;0;0;0;0;0;2755;0;0;0;0;0;0;
37986;2432682;566194176;42102784;515682304;0;0;0;0;0;0;0;0;0;0;0;2885;0;0;0;0;0;0;
37987;4556465;566194176;42102784;515682304;0;0;0;0;0;0;0;0;0;0;0;2745;0;0;0;0;0;0;
37988;2590528;566194176;42102784;515682304;0;0;0;0;0;0;0;0;0;0;0;3237;0;0;0;0;0;0;
37989;4605718;566194176;42102784;515682304;0;0;0;0;0;0;0;0;0;0;0;3316;0;0;0;0;0;0;
37990;2483728;566194176;42102784;515682304;0;0;0;0;0;0;0;0;0;0;0;2775;0;0;0;0;0;0;
37991;4654840;566194176;42102784;515682304;0;0;0;0;0;0;0;0;0;0;0;3447;0;0;0;0;0;0;
37992;2507272;566194176;42102784;515682304;0;0;0;0;0;0;0;0;0;0;0;3527;0;0;0;0;0;0;
37993;4528964;566194176;42102784;515682304;0;0;0;0;0;0;0;0;0;0;0;2736;0;0;0;0;0;0;
37994;2610075;566194176;42102784;515682304;0;0;0;0;0;0;0;0;0;0;0;3126;0;0;0;0;0;0;
37995;4719651;566194176;42102784;515682304;0;0;0;0;0;0;0;0;0;0;0;3467;0;0;0;0;0;0;
37996;2528792;566194176;42102784;515682304;0;0;0;0;0;0;0;0;0;0;0;3527;0;0;0;0;0;0;
37997;4703932;566194176;42102784;515682304;0;0;0;0;0;0;0;0;0;0;0;2444;0;0;0;0;0;0;
37998;2566122;566194176;42102784;515682304;0;0;0;0;0;0;0;0;0;0;0;3366;0;0;0;0;0;0;
37999;4585260;566194176;42102784;515682304;0;0;0;0;0;0;0;0;0;0;0;2725;0;0;0;0;0;0;
38000;2568407;566194176;42102784;515682304;0;0;0;0;0;0;0;0;0;0;0;3337;0;0;0;0;0;0;
38001;4667363;566194176;42102784;515682304;0;0;0;0;0;0;0;0;0;0;0;2715;0;0;0;0;0;0;
38002;2583235;566194176;42102784;515682304;0;0;0;0;0;0;0;0;0;0;0;3347;0;0;0;0;0;0;
38003;4573346;566194176;42102784;515682304;0;0;0;0;0;0;0;0;0;0;0;2875;0;0;0;0;0;0;
38004;2393649;566194176;42102784;515682304;0;0;0;0;0;0;0;0;0;0;0;3175;0;0;0;0;0;0;
38005;4637186;566194176;42102784;515682304;0;0;0;0;0;0;0;0;0;0;0;3116;0;0;0;0;0;0;
38006;2549902;566194176;42102784;515682304;0;0;0;0;0;0;0;0;0;0;0;3697;0;0;0;0;0;0;
38007;4734038;566194176;42110976;515690496;0;0;0;0;0;0;0;0;0;0;0;3076;0;0;0;0;0;0;
38008;2623340;566194176;42110976;515690496;0;0;0;0;0;0;0;0;0;0;0;2965;0;0;0;0;0;0;
38009;4586973;566194176;42110976;515690496;0;0;0;0;0;0;0;0;0;0;0;2996;0;0;0;0;0;0;
38010;2684775;566194176;42110976;515690496;0;0;0;0;0;0;0;0;0;0;0;3296;0;0;0;0;0;0;
38011;4563899;566194176;42110976;515690496;0;0;0;0;0;0;0;0;0;0;0;2685;0;0;0;0;0;0;
38012;2674706;566194176;42110976;515690496;0;0;0;0;0;0;0;0;0;0;0;3567;0;0;0;0;0;0;
38013;4608513;566194176;42110976;515690496;0;0;0;0;0;0;0;0;0;0;0;2836;0;0;0;0;0;0;
38014;2706266;566329344;42102784;515682304;0;0;0;0;0;0;0;0;0;0;0;3226;0;0;0;0;0;0;
38015;4658987;566329344;42102784;515682304;0;0;0;0;0;0;0;0;0;0;0;3306;0;0;0;0;0;0;
38016;2529263;566329344;42102784;515682304;0;0;0;0;0;0;0;0;0;0;0;3106;0;0;0;0;0;0;
38017;4599666;566329344;42102784;515682304;0;0;0;0;0;0;0;0;0;0;0;3006;0;0;0;0;0;0;
38018;2448772;566329344;42102784;515682304;0;0;0;0;0;0;0;0;0;0;0;3046;0;0;0;0;0;0;
38019;4584919;566329344;42102784;515682304;0;0;0;0;0;0;0;0;0;0;0;2665;0;0;0;0;0;0;
38020;2583274;566329344;42102784;515682304;0;0;0;0;0;0;0;0;0;0;0;3096;0;0;0;0;0;0;
38021;4672693;566329344;42102784;515682304;0;0;0;0;0;0;0;0;0;0;0;2504;0;0;0;0;0;0;
38022;2741482;566329344;42102784;515682304;0;0;0;0;0;0;0;0;0;0;0;3036;0;0;0;0;0;0;
38023;4611890;566329344;42102784;515682304;0;0;0;0;0;0;0;0;0;0;0;2715;0;0;0;0;0;0;
38024;2505339;566329344;42102784;515682304;0;0;0;0;0;0;0;0;0;0;0;3076;0;0;0;0;0;0;
38025;4696397;566329344;42102784;515682304;0;0;0;0;0;0;0;0;0;0;0;3396;0;0;0;0;0;0;
38026;2850346;566329344;42102784;515682304;0;0;0;0;0;0;0;0;0;0;0;3166;0;0;0;0;0;0;
38027;4584517;566329344;42102784;515682304;0;0;0;0;0;0;0;0;0;0;0;2695;0;0;0;0;0;0;
38028;2605416;566329344;42102784;515682304;0;0;0;0;0;0;0;0;0;0;0;3166;0;0;0;0;0;0;
38029;4640032;566329344;42102784;515682304;0;0;0;0;0;0;0;0;0;0;0;2885;0;0;0;0;0;0;
38030;2399320;566329344;42102784;515682304;0;0;0;0;0;0;0;0;0;0;0;2996;0;0;0;0;0;0;
38031;4643248;566329344;42102784;515682304;0;0;0;0;0;0;0;0;0;0;0;2635;0;0;0;0;0;0;
38032;2452389;566329344;42102784;515682304;0;0;0;0;0;0;0;0;0;0;0;3136;0;0;0;0;0;0;
38033;4558760;566329344;42102784;515682304;0;0;0;0;0;0;0;0;0;0;0;3085;0;0;0;0;0;0;
38034;2544772;566329344;42102784;515682304;0;0;0;0;0;0;0;0;0;0;0;3056;0;0;0;0;0;0;
38035;4630844;566329344;42102784;515682304;0;0;0;0;0;0;0;0;0;0;0;2795;0;0;0;0;0;0;
38036;2496172;566329344;42102784;515682304;0;0;0;0;0;0;0;0;0;0;0;2996;0;0;0;0;0;0;
38037;4572365;566329344;42102784;515682304;0;0;0;0;0;0;0;0;0;0;0;2855;0;0;0;0;0;0;
38038;2510208;566329344;42102784;515682304;0;0;0;0;0;0;0;0;0;0;0;2975;0;0;0;0;0;0;
38039;4645923;566329344;42102784;515682304;0;0;0;0;0;0;0;0;0;0;0;2755;0;0;0;0;0;0;
38040;2506731;566329344;42102784;515682304;0;0;0;0;0;0;0;0;0;0;0;3697;0;0;0;0;0;0;
38041;4721073;566329344;42102784;515682304;0;0;0;0;0;0;0;0;0;0;0;2765;0;0;0;0;0;0;
38042;2396535;566329344;42102784;515682304;0;0;0;0;0;0;0;0;0;0;0;2755;0;0;0;0;0;0;
38043;4578286;566329344;42102784;515682304;0;0;0;0;0;0;0;0;0;0;0;3316;0;0;0;0;0;0;
38044;2449343;566329344;42102784;515682304;0;0;0;0;0;0;0;0;0;0;0;2895;0;0;0;0;0;0;
38045;4540385;566329344;42102784;515682304;0;0;0;0;0;0;0;0;0;0;0;2595;0;0;0;0;0;0;
38046;2453722;566329344;42102784;515682304;0;0;0;0;0;0;0;0;0;0;0;2906;0;0;0;0;0;0;
38047;4542880;566329344;42102784;515682304;0;0;0;0;0;0;0;0;0;0;0;3045;0;0;0;0;0;0;
38048;2321283;566329344;42102784;515682304;0;0;0;0;0;0;0;0;0;0;0;3537;0;0;0;0;0;0;
38049;4562727;566329344;42102784;515682304;0;0;0;0;0;0;0;0;0;0;0;2976;0;0;0;0;0;0;
38050;2484820;566329344;42102784;515682304;0;0;0;0;0;0;0;0;0;0;0;3156;0;0;0;0;0;0;
38051;4594236;566329344;42102784;515682304;0;0;0;0;0;0;0;0;0;0;0;2935;0;0;0;0;0;0;
38052;2721394;566329344;42102784;515682304;0;0;0;0;0;0;0;0;0;0;0;3056;0;0;0;0;0;0;
38053;4583496;566329344;42102784;515682304;0;0;0;0;0;0;0;0;0;0;0;2906;0;0;0;0;0;0;
38054;2627798;566329344;42102784;515682304;0;0;0;0;0;0;0;0;0;0;0;3046;0;0;0;0;0;0;
38055;4543211;566329344;42102784;515682304;0;0;0;0;0;0;0;0;0;0;0;2746;0;0;0;0;0;0;
38056;2534854;566329344;42102784;515682304;0;0;0;0;0;0;0;0;0;0;0;2725;0;0;0;0;0;0;
38057;4506572;566329344;42102784;515682304;0;0;0;0;0;0;0;0;0;0;0;2665;0;0;0;0;0;0;
38058;2523352;566329344;42102784;515682304;0;0;0;0;0;0;0;0;0;0;0;3046;0;0;0;0;0;0;
38059;4606018;566329344;42102784;515682304;0;0;0;0;0;0;0;0;0;0;0;3086;0;0;0;0;0;0;
38060;2771779;566329344;42102784;515682304;0;0;0;0;0;0;0;0;0;0;0;3577;0;0;0;0;0;0;
38061;4565532;566329344;42102784;515682304;0;0;0;0;0;0;0;0;0;0;0;2886;0;0;0;0;0;0;
38062;2467587;566329344;42102784;515682304;0;0;0;0;0;0;0;0;0;0;0;3076;0;0;0;0;0;0;
38063;4554972;566329344;42102784;515682304;0;0;0;0;0;0;0;0;0;0;0;3126;0;0;0;0;0;0;
38064;2407245;566329344;42102784;515682304;0;0;0;0;0;0;0;0;0;0;0;3346;0;0;0;0;0;0;
38065;4561866;566329344;42102784;515682304;0;0;0;0;0;0;0;0;0;0;0;3406;0;0;0;0;0;0;
38066;2455445;566329344;42102784;515682304;0;0;0;0;0;0;0;0;0;0;0;2815;0;0;0;0;0;0;
38067;4678854;566329344;42102784;515682304;0;0;0;0;0;0;0;0;0;0;0;2915;0;0;0;0;0;0;
38068;2492464;566329344;42102784;515682304;0;0;0;0;0;0;0;0;0;0;0;2985;0;0;0;0;0;0;
38069;4566213;566329344;42102784;515682304;0;0;0;0;0;0;0;0;0;0;0;2855;0;0;0;0;0;0;
38070;2694824;566329344;42102784;515682304;0;0;0;0;0;0;0;0;0;0;0;3206;0;0;0;0;0;0;
38071;4647255;566329344;42102784;515682304;0;0;0;0;0;0;0;0;0;0;0;2564;0;0;0;0;0;0;
38072;2617689;566329344;42102784;515682304;0;0;0;0;0;0;0;0;0;0;0;3226;0;0;0;0;0;0;
38073;4635744;566329344;42102784;515682304;0;0;0;0;0;0;0;0;0;0;0;3176;0;0;0;0;0;0;
38074;2577594;566329344;42102784;515682304;0;0;0;0;0;0;0;0;0;0;0;3176;0;0;0;0;0;0;
38075;4605668;566329344;42102784;515682304;0;0;0;0;0;0;0;0;0;0;0;3086;0;0;0;0;0;0;
38076;2799821;566329344;42102784;515682304;0;0;0;0;0;0;0;0;0;0;0;3106;0;0;0;0;0;0;
38077;4565873;566329344;42102784;515682304;0;0;0;0;0;0;0;0;0;0;0;3356;0;0;0;0;0;0;
38078;2581973;566329344;42102784;515682304;0;0;0;0;0;0;0;0;0;0;0;3026;0;0;0;0;0;0;
38079;4579318;566329344;42102784;515682304;0;0;0;0;0;0;0;0;0;0;0;3327;0;0;0;0;0;0;
38080;2605306;566329344;42102784;515682304;0;0;0;0;0;0;0;0;0;0;0;3036;0;0;0;0;0;0;
38081;4588375;566329344;42102784;515682304;0;0;0;0;0;0;0;0;0;0;0;3246;0;0;0;0;0;0;
38082;2597932;566329344;42102784;515682304;0;0;0;0;0;0;0;0;0;0;0;3046;0;0;0;0;0;0;
38083;4615045;566329344;42102784;515682304;0;0;0;0;0;0;0;0;0;0;0;3407;0;0;0;0;0;0;
38084;2835578;566329344;42102784;515682304;0;0;0;0;0;0;0;0;0;0;0;3055;0;0;0;0;0;0;
38085;10670892;566329344;42102784;515682304;0;0;0;0;0;0;0;0;0;0;0;2905;0;0;0;0;0;0;
38086;3633815;566329344;42102784;515682304;0;0;0;0;0;0;0;0;0;0;0;3486;0;0;0;0;0;0;
38087;4777850;566329344;42102784;515682304;0;0;0;0;0;0;0;0;0;0;0;3366;0;0;0;0;0;0;
38088;2413446;566329344;42102784;515682304;0;0;0;0;0;0;0;0;0;0;0;3016;0;0;0;0;0;0;
38089;4642226;566329344;42102784;515682304;0;0;0;0;0;0;0;0;0;0;0;3196;0;0;0;0;0;0;
38090;2496622;566329344;42102784;515682304;0;0;0;0;0;0;0;0;0;0;0;2975;0;0;0;0;0;0;
38091;4533262;566329344;42102784;515682304;0;0;0;0;0;0;0;0;0;0;0;2846;0;0;0;0;0;0;
38092;2486423;566329344;42102784;515682304;0;0;0;0;0;0;0;0;0;0;0;2845;0;0;0;0;0;0;
38093;4553169;566329344;42102784;515682304;0;0;0;0;0;0;0;0;0;0;0;2264;0;0;0;0;0;0;
38094;2564079;566329344;42102784;515682304;0;0;0;0;0;0;0;0;0;0;0;2956;0;0;0;0;0;0;
38095;4652996;566329344;42102784;515682304;0;0;0;0;0;0;0;0;0;0;0;3106;0;0;0;0;0;0;
38096;2611547;566329344;42102784;515682304;0;0;0;0;0;0;0;0;0;0;0;3066;0;0;0;0;0;0;
38097;4661643;566329344;42102784;515682304;0;0;0;0;0;0;0;0;0;0;0;3126;0;0;0;0;0;0;
38098;2526668;566329344;42102784;515682304;0;0;0;0;0;0;0;0;0;0;0;3056;0;0;0;0;0;0;
38099;4662655;566329344;42102784;515682304;0;0;0;0;0;0;0;0;0;0;0;3015;0;0;0;0;0;0;
38100;2711876;566329344;42102784;515682304;0;0;0;0;0;0;0;0;0;0;0;2845;0;0;0;0;0;0;
38101;4580570;566329344;42102784;515682304;0;0;0;0;0;0;0;0;0;0;0;2454;0;0;0;0;0;0;
38102;2493616;566329344;42102784;515682304;0;0;0;0;0;0;0;0;0;0;0;3216;0;0;0;0;0;0;
38103;4598294;566329344;42102784;515682304;0;0;0;0;0;0;0;0;0;0;0;2585;0;0;0;0;0;0;
38104;2487284;566329344;42102784;515682304;0;0;0;0;0;0;0;0;0;0;0;2755;0;0;0;0;0;0;
38105;4578737;566329344;42102784;515682304;0;0;0;0;0;0;0;0;0;0;0;2906;0;0;0;0;0;0;
38106;2514225;566329344;42102784;515682304;0;0;0;0;0;0;0;0;0;0;0;3166;0;0;0;0;0;0;
38107;4525998;566329344;42102784;515682304;0;0;0;0;0;0;0;0;0;0;0;2915;0;0;0;0;0;0;
38108;2788419;566329344;42102784;515682304;0;0;0;0;0;0;0;0;0;0;0;3146;0;0;0;0;0;0;
38109;4713169;566329344;42102784;515682304;0;0;0;0;0;0;0;0;0;0;0;3186;0;0;0;0;0;0;
38110;2460985;566329344;42102784;515682304;0;0;0;0;0;0;0;0;0;0;0;3066;0;0;0;0;0;0;
38111;4693843;566329344;42102784;515682304;0;0;0;0;0;0;0;0;0;0;0;3286;0;0;0;0;0;0;
38112;2416001;566329344;42102784;515682304;0;0;0;0;0;0;0;0;0;0;0;3287;0;0;0;0;0;0;
38113;4593133;566329344;42102784;515682304;0;0;0;0;0;0;0;0;0;0;0;2635;0;0;0;0;0;0;
38114;2465103;566329344;42102784;515682304;0;0;0;0;0;0;0;0;0;0;0;3276;0;0;0;0;0;0;
38115;4625925;566329344;42102784;515682304;0;0;0;0;0;0;0;0;0;0;0;2615;0;0;0;0;0;0;
38116;2488247;566329344;42102784;515682304;0;0;0;0;0;0;0;0;0;0;0;3106;0;0;0;0;0;0;
38117;4596259;566329344;42102784;515682304;0;0;0;0;0;0;0;0;0;0;0;3507;0;0;0;0;0;0;
38118;2496291;566329344;42102784;515682304;0;0;0;0;0;0;0;0;0;0;0;3156;0;0;0;0;0;0;
38119;4800352;566329344;42102784;515682304;0;0;0;0;0;0;0;0;0;0;0;3036;0;0;0;0;0;0;
38120;2519535;566329344;42102784;515682304;0;0;0;0;0;0;0;0;0;0;0;2925;0;0;0;0;0;0;
38121;4609485;566329344;42102784;515682304;0;0;0;0;0;0;0;0;0;0;0;2995;0;0;0;0;0;0;
38122;2345088;566329344;42102784;515682304;0;0;0;0;0;0;0;0;0;0;0;3136;0;0;0;0;0;0;
38123;4525527;566329344;42102784;515682304;0;0;0;0;0;0;0;0;0;0;0;2565;0;0;0;0;0;0;
38124;2459993;566329344;42102784;515682304;0;0;0;0;0;0;0;0;0;0;0;2825;0;0;0;0;0;0;
38125;4635804;566329344;42102784;515682304;0;0;0;0;0;0;0;0;0;0;0;2605;0;0;0;0;0;0;
38126;2469932;566329344;42102784;515682304;0;0;0;0;0;0;0;0;0;0;0;3397;0;0;0;0;0;0;
38127;4544502;566329344;42102784;515682304;0;0;0;0;0;0;0;0;0;0;0;3045;0;0;0;0;0;0;
38128;2495149;566329344;42102784;515682304;0;0;0;0;0;0;0;0;0;0;0;3116;0;0;0;0;0;0;
38129;4628450;566329344;42102784;515682304;0;0;0;0;0;0;0;0;0;0;0;2805;0;0;0;0;0;0;
38130;2477837;566329344;42102784;515682304;0;0;0;0;0;0;0;0;0;0;0;2685;0;0;0;0;0;0;
38131;4700225;566329344;42102784;515682304;0;0;0;0;0;0;0;0;0;0;0;3176;0;0;0;0;0;0;
38132;2524104;566329344;42102784;515682304;0;0;0;0;0;0;0;0;0;0;0;3066;0;0;0;0;0;0;
38133;4509718;566329344;42102784;515682304;0;0;0;0;0;0;0;0;0;0;0;2815;0;0;0;0;0;0;
38134;2552497;566329344;42102784;515682304;0;0;0;0;0;0;0;0;0;0;0;3086;0;0;0;0;0;0;
38135;4498847;566329344;42102784;515682304;0;0;0;0;0;0;0;0;0;0;0;3126;0;0;0;0;0;0;
38136;2625774;566329344;42102784;515682304;0;0;0;0;0;0;0;0;0;0;0;3246;0;0;0;0;0;0;
38137;4615246;566329344;42102784;515682304;0;0;0;0;0;0;0;0;0;0;0;2915;0;0;0;0;0;0;
38138;2574478;566329344;42102784;515682304;0;0;0;0;0;0;0;0;0;0;0;3336;0;0;0;0;0;0;
38139;4627308;566329344;42102784;515682304;0;0;0;0;0;0;0;0;0;0;0;3046;0;0;0;0;0;0;
38140;2416983;566329344;42102784;515682304;0;0;0;0;0;0;0;0;0;0;0;3687;0;0;0;0;0;0;
38141;4564340;566329344;42102784;515682304;0;0;0;0;0;0;0;0;0;0;0;2856;0;0;0;0;0;0;
38142;2610435;566329344;42102784;515682304;0;0;0;0;0;0;0;0;0;0;0;3577;0;0;0;0;0;0;
38143;4661101;566329344;42102784;515682304;0;0;0;0;0;0;0;0;0;0;0;2786;0;0;0;0;0;0;
38144;2545003;566329344;42102784;515682304;0;0;0;0;0;0;0;0;0;0;0;3196;0;0;0;0;0;0;
38145;4594566;566329344;42102784;515682304;0;0;0;0;0;0;0;0;0;0;0;2985;0;0;0;0;0;0;
38146;2479099;566329344;42102784;515682304;0;0;0;0;0;0;0;0;0;0;0;3146;0;0;0;0;0;0;
38147;4581772;566329344;42102784;515682304;0;0;0;0;0;0;0;0;0;0;0;3006;0;0;0;0;0;0;
38148;2494348;566329344;42102784;515682304;0;0;0;0;0;0;0;0;0;0;0;3246;0;0;0;0;0;0;
38149;4675548;566329344;42102784;515682304;0;0;0;0;0;0;0;0;0;0;0;2975;0;0;0;0;0;0;
38150;2503565;566329344;42102784;515682304;0;0;0;0;0;0;0;0;0;0;0;3166;0;0;0;0;0;0;
38151;4626577;566329344;42102784;515682304;0;0;0;0;0;0;0;0;0;0;0;3006;0;0;0;0;0;0;
38152;2445726;566329344;42102784;515682304;0;0;0;0;0;0;0;0;0;0;0;2996;0;0;0;0;0;0;
38153;4659679;566329344;42102784;515682304;0;0;0;0;0;0;0;0;0;0;0;3125;0;0;0;0;0;0;
38154;2376607;566329344;42102784;515682304;0;0;0;0;0;0;0;0;0;0;0;3436;0;0;0;0;0;0;
38155;4558509;566329344;42102784;515682304;0;0;0;0;0;0;0;0;0;0;0;2946;0;0;0;0;0;0;
38156;2467528;566329344;42102784;515682304;0;0;0;0;0;0;0;0;0;0;0;3997;0;0;0;0;0;0;
38157;4667874;566329344;42102784;515682304;0;0;0;0;0;0;0;0;0;0;0;2825;0;0;0;0;0;0;
38158;2487756;566329344;42102784;515682304;0;0;0;0;0;0;0;0;0;0;0;2845;0;0;0;0;0;0;
38159;4628510;566329344;42102784;515682304;0;0;0;0;0;0;0;0;0;0;0;2775;0;0;0;0;0;0;
38160;2459242;566329344;42102784;515682304;0;0;0;0;0;0;0;0;0;0;0;3527;0;0;0;0;0;0;
38161;4565753;566329344;42102784;515682304;0;0;0;0;0;0;0;0;0;0;0;3146;0;0;0;0;0;0;
38162;2672543;566329344;42102784;515682304;0;0;0;0;0;0;0;0;0;0;0;3036;0;0;0;0;0;0;
38163;4676129;566329344;42102784;515682304;0;0;0;0;0;0;0;0;0;0;0;2935;0;0;0;0;0;0;
38164;2571122;566329344;42102784;515682304;0;0;0;0;0;0;0;0;0;0;0;3496;0;0;0;0;0;0;
38165;4648999;566329344;42102784;515682304;0;0;0;0;0;0;0;0;0;0;0;3166;0;0;0;0;0;0;
38166;2543560;566329344;42102784;515682304;0;0;0;0;0;0;0;0;0;0;0;3266;0;0;0;0;0;0;
38167;4695095;566329344;42102784;515682304;0;0;0;0;0;0;0;0;0;0;0;2855;0;0;0;0;0;0;
38168;2570601;566329344;42102784;515682304;0;0;0;0;0;0;0;0;0;0;0;2504;0;0;0;0;0;0;
38169;4560172;566329344;42102784;515682304;0;0;0;0;0;0;0;0;0;0;0;3036;0;0;0;0;0;0;
38170;2588204;566329344;42102784;515682304;0;0;0;0;0;0;0;0;0;0;0;3106;0;0;0;0;0;0;
38171;4630875;566329344;42102784;515682304;0;0;0;0;0;0;0;0;0;0;0;2345;0;0;0;0;0;0;
38172;2514416;566329344;42102784;515682304;0;0;0;0;0;0;0;0;0;0;0;3347;0;0;0;0;0;0;
38173;4586522;566329344;42102784;515682304;0;0;0;0;0;0;0;0;0;0;0;2925;0;0;0;0;0;0;
38174;2483978;566329344;42102784;515682304;0;0;0;0;0;0;0;0;0;0;0;2935;0;0;0;0;0;0;
38175;4695426;566329344;42102784;515682304;0;0;0;0;0;0;0;0;0;0;0;2695;0;0;0;0;0;0;
38176;2403126;566329344;42102784;515682304;0;0;0;0;0;0;0;0;0;0;0;2785;0;0;0;0;0;0;
38177;4633250;566329344;42102784;515682304;0;0;0;0;0;0;0;0;0;0;0;2986;0;0;0;0;0;0;
38178;2456577;566329344;42102784;515682304;0;0;0;0;0;0;0;0;0;0;0;3146;0;0;0;0;0;0;
38179;4659428;566329344;42102784;515682304;0;0;0;0;0;0;0;0;0;0;0;3046;0;0;0;0;0;0;
38180;2539603;566329344;42102784;515682304;0;0;0;0;0;0;0;0;0;0;0;3176;0;0;0;0;0;0;
38181;4604305;566329344;42102784;515682304;0;0;0;0;0;0;0;0;0;0;0;2856;0;0;0;0;0;0;
38182;2652705;566329344;42102784;515682304;0;0;0;0;0;0;0;0;0;0;0;3116;0;0;0;0;0;0;
38183;4570611;566329344;42102784;515682304;0;0;0;0;0;0;0;0;0;0;0;2815;0;0;0;0;0;0;
38184;2470483;566329344;42102784;515682304;0;0;0;0;0;0;0;0;0;0;0;3236;0;0;0;0;0;0;
38185;4645452;566329344;42102784;515682304;0;0;0;0;0;0;0;0;0;0;0;3086;0;0;0;0;0;0;
38186;2526798;566329344;42102784;515682304;0;0;0;0;0;0;0;0;0;0;0;3517;0;0;0;0;0;0;
38187;4609705;566329344;42102784;515682304;0;0;0;0;0;0;0;0;0;0;0;2835;0;0;0;0;0;0;
38188;2443673;566329344;42102784;515682304;0;0;0;0;0;0;0;0;0;0;0;3487;0;0;0;0;0;0;
38189;4676520;566329344;42102784;515682304;0;0;0;0;0;0;0;0;0;0;0;2995;0;0;0;0;0;0;
38190;2455224;566329344;42102784;515682304;0;0;0;0;0;0;0;0;0;0;0;3056;0;0;0;0;0;0;
38191;4582334;566329344;42102784;515682304;0;0;0;0;0;0;0;0;0;0;0;2996;0;0;0;0;0;0;
38192;2487625;566329344;42102784;515682304;0;0;0;0;0;0;0;0;0;0;0;3958;0;0;0;0;0;0;
38193;4679236;566329344;42102784;515682304;0;0;0;0;0;0;0;0;0;0;0;2715;0;0;0;0;0;0;
38194;2502153;566329344;42102784;515682304;0;0;0;0;0;0;0;0;0;0;0;2945;0;0;0;0;0;0;
38195;4632688;566329344;42102784;515682304;0;0;0;0;0;0;0;0;0;0;0;3507;0;0;0;0;0;0;
38196;2452901;566329344;42102784;515682304;0;0;0;0;0;0;0;0;0;0;0;3337;0;0;0;0;0;0;
38197;4621327;566329344;42102784;515682304;0;0;0;0;0;0;0;0;0;0;0;3066;0;0;0;0;0;0;
38198;2907673;566329344;42102784;515682304;0;0;0;0;0;0;0;0;0;0;0;3416;0;0;0;0;0;0;
38199;4711496;566329344;42102784;515682304;0;0;0;0;0;0;0;0;0;0;0;2946;0;0;0;0;0;0;
38200;2713017;566329344;42102784;515682304;0;0;0;0;0;0;0;0;0;0;0;3106;0;0;0;0;0;0;
38201;4661562;566329344;42102784;515682304;0;0;0;0;0;0;0;0;0;0;0;2875;0;0;0;0;0;0;
38202;2468770;566329344;42102784;515682304;0;0;0;0;0;0;0;0;0;0;0;3346;0;0;0;0;0;0;
38203;4575772;566329344;42102784;515682304;0;0;0;0;0;0;0;0;0;0;0;2735;0;0;0;0;0;0;
38204;2565692;566329344;42102784;515682304;0;0;0;0;0;0;0;0;0;0;0;3347;0;0;0;0;0;0;
38205;4701147;566329344;42102784;515682304;0;0;0;0;0;0;0;0;0;0;0;2956;0;0;0;0;0;0;
38206;2471986;566329344;42102784;515682304;0;0;0;0;0;0;0;0;0;0;0;2915;0;0;0;0;0;0;
38207;4559190;566329344;42102784;515682304;0;0;0;0;0;0;0;0;0;0;0;3266;0;0;0;0;0;0;
38208;2622469;566329344;42102784;515682304;0;0;0;0;0;0;0;0;0;0;0;3636;0;0;0;0;0;0;
38209;4614143;566329344;42102784;515682304;0;0;0;0;0;0;0;0;0;0;0;3025;0;0;0;0;0;0;
38210;2499167;566329344;42102784;515682304;0;0;0;0;0;0;0;0;0;0;0;2705;0;0;0;0;0;0;
38211;4581622;566329344;42102784;515682304;0;0;0;0;0;0;0;0;0;0;0;2485;0;0;0;0;0;0;
38212;2593294;566329344;42102784;515682304;0;0;0;0;0;0;0;0;0;0;0;3166;0;0;0;0;0;0;
38213;4654779;566329344;42102784;515682304;0;0;0;0;0;0;0;0;0;0;0;2665;0;0;0;0;0;0;
38214;2734047;566329344;42102784;515682304;0;0;0;0;0;0;0;0;0;0;0;3065;0;0;0;0;0;0;
38215;4794772;566329344;42102784;515682304;0;0;0;0;0;0;0;0;0;0;0;2675;0;0;0;0;0;0;
38216;2623710;566329344;42102784;515682304;0;0;0;0;0;0;0;0;0;0;0;3216;0;0;0;0;0;0;
38217;4875534;566329344;42102784;515682304;0;0;0;0;0;0;0;0;0;0;0;2925;0;0;0;0;0;0;
38218;2498366;566329344;42102784;515682304;0;0;0;0;0;0;0;0;0;0;0;3446;0;0;0;0;0;0;
38219;4609044;566329344;42102784;515682304;0;0;0;0;0;0;0;0;0;0;0;3156;0;0;0;0;0;0;
38220;2817213;566329344;42102784;515682304;0;0;0;0;0;0;0;0;0;0;0;3236;0;0;0;0;0;0;
38221;4635894;566329344;42102784;515682304;0;0;0;0;0;0;0;0;0;0;0;3246;0;0;0;0;0;0;
38222;2468109;566329344;42102784;515682304;0;0;0;0;0;0;0;0;0;0;0;3356;0;0;0;0;0;0;
38223;4723559;566329344;42102784;515682304;0;0;0;0;0;0;0;0;0;0;0;3316;0;0;0;0;0;0;
38224;2750107;566329344;42102784;515682304;0;0;0;0;0;0;0;0;0;0;0;3025;0;0;0;0;0;0;
38225;4573597;566329344;42102784;515682304;0;0;0;0;0;0;0;0;0;0;0;3266;0;0;0;0;0;0;
38226;2473910;566329344;42102784;515682304;0;0;0;0;0;0;0;0;0;0;0;3076;0;0;0;0;0;0;
38227;4634953;566329344;42102784;515682304;0;0;0;0;0;0;0;0;0;0;0;3056;0;0;0;0;0;0;
38228;2491783;566329344;42102784;515682304;0;0;0;0;0;0;0;0;0;0;0;3136;0;0;0;0;0;0;
38229;4614544;566329344;42102784;515682304;0;0;0;0;0;0;0;0;0;0;0;3266;0;0;0;0;0;0;
38230;2512582;566329344;42102784;515682304;0;0;0;0;0;0;0;0;0;0;0;3166;0;0;0;0;0;0;
38231;4513575;566329344;42102784;515682304;0;0;0;0;0;0;0;0;0;0;0;2625;0;0;0;0;0;0;
38232;2613832;566329344;42102784;515682304;0;0;0;0;0;0;0;0;0;0;0;3476;0;0;0;0;0;0;
38233;4618031;566329344;42102784;515682304;0;0;0;0;0;0;0;0;0;0;0;3146;0;0;0;0;0;0;
38234;2471746;566329344;42102784;515682304;0;0;0;0;0;0;0;0;0;0;0;3036;0;0;0;0;0;0;
38235;4618081;566329344;42102784;515682304;0;0;0;0;0;0;0;0;0;0;0;3036;0;0;0;0;0;0;
38236;2389702;566329344;42102784;515682304;0;0;0;0;0;0;0;0;0;0;0;2915;0;0;0;0;0;0;
38237;4707459;566329344;42102784;515682304;0;0;0;0;0;0;0;0;0;0;0;2715;0;0;0;0;0;0;
38238;2600367;566329344;42102784;515682304;0;0;0;0;0;0;0;0;0;0;0;2776;0;0;0;0;0;0;
38239;4592352;566329344;42102784;515682304;0;0;0;0;0;0;0;0;0;0;0;2745;0;0;0;0;0;0;
38240;2501912;566329344;42102784;515682304;0;0;0;0;0;0;0;0;0;0;0;3065;0;0;0;0;0;0;
38241;4605347;566329344;42102784;515682304;0;0;0;0;0;0;0;0;0;0;0;3176;0;0;0;0;0;0;
38242;2511390;566329344;42102784;515682304;0;0;0;0;0;0;0;0;0;0;0;2905;0;0;0;0;0;0;
38243;4562777;566329344;42102784;515682304;0;0;0;0;0;0;0;0;0;0;0;2785;0;0;0;0;0;0;
38244;2549952;566329344;42102784;515682304;0;0;0;0;0;0;0;0;0;0;0;3056;0;0;0;0;0;0;
38245;4624303;566329344;42102784;515682304;0;0;0;0;0;0;0;0;0;0;0;3025;0;0;0;0;0;0;
38246;2585269;566329344;42102784;515682304;0;0;0;0;0;0;0;0;0;0;0;3016;0;0;0;0;0;0;
38247;4619233;566329344;42102784;515682304;0;0;0;0;0;0;0;0;0;0;0;3286;0;0;0;0;0;0;
38248;2783621;566329344;42102784;515682304;0;0;0;0;0;0;0;0;0;0;0;2896;0;0;0;0;0;0;
38249;4513174;566329344;42102784;515682304;0;0;0;0;0;0;0;0;0;0;0;2665;0;0;0;0;0;0;
38250;2572054;566329344;42102784;515682304;0;0;0;0;0;0;0;0;0;0;0;2985;0;0;0;0;0;0;
38251;4681750;566329344;42102784;515682304;0;0;0;0;0;0;0;0;0;0;0;3546;0;0;0;0;0;0;
38252;2512872;566329344;42102784;515682304;0;0;0;0;0;0;0;0;0;0;0;3386;0;0;0;0;0;0;
38253;4575681;566329344;42102784;515682304;0;0;0;0;0;0;0;0;0;0;0;2906;0;0;0;0;0;0;
38254;2471555;566329344;42102784;515682304;0;0;0;0;0;0;0;0;0;0;0;2785;0;0;0;0;0;0;
38255;4612490;566329344;42102784;515682304;0;0;0;0;0;0;0;0;0;0;0;2916;0;0;0;0;0;0;
38256;2706606;566329344;42102784;515682304;0;0;0;0;0;0;0;0;0;0;0;3126;0;0;0;0;0;0;
38257;4659839;566329344;42102784;515682304;0;0;0;0;0;0;0;0;0;0;0;2515;0;0;0;0;0;0;
38258;2511540;566329344;42102784;515682304;0;0;0;0;0;0;0;0;0;0;0;2815;0;0;0;0;0;0;
38259;4637267;566329344;42102784;515682304;0;0;0;0;0;0;0;0;0;0;0;2655;0;0;0;0;0;0;
38260;2516589;566329344;42102784;515682304;0;0;0;0;0;0;0;0;0;0;0;3015;0;0;0;0;0;0;
38261;4565742;566329344;42102784;515682304;0;0;0;0;0;0;0;0;0;0;0;2845;0;0;0;0;0;0;
38262;2549812;566329344;42102784;515682304;0;0;0;0;0;0;0;0;0;0;0;3246;0;0;0;0;0;0;
38263;4593946;566329344;42102784;515682304;0;0;0;0;0;0;0;0;0;0;0;3326;0;0;0;0;0;0;
38264;2577324;566329344;42102784;515682304;0;0;0;0;0;0;0;0;0;0;0;3246;0;0;0;0;0;0;
38265;4697159;566329344;42102784;515682304;0;0;0;0;0;0;0;0;0;0;0;2765;0;0;0;0;0;0;
38266;2475863;566329344;42102784;515682304;0;0;0;0;0;0;0;0;0;0;0;3477;0;0;0;0;0;0;
38267;4505509;566329344;42102784;515682304;0;0;0;0;0;0;0;0;0;0;0;3226;0;0;0;0;0;0;
38268;2545383;566329344;42102784;515682304;0;0;0;0;0;0;0;0;0;0;0;2955;0;0;0;0;0;0;
38269;4564139;566329344;42102784;515682304;0;0;0;0;0;0;0;0;0;0;0;2915;0;0;0;0;0;0;
38270;2665679;566329344;42102784;515682304;0;0;0;0;0;0;0;0;0;0;0;3186;0;0;0;0;0;0;
38271;4504127;566329344;42102784;515682304;0;0;0;0;0;0;0;0;0;0;0;2785;0;0;0;0;0;0;
38272;2486052;566329344;42102784;515682304;0;0;0;0;0;0;0;0;0;0;0;3316;0;0;0;0;0;0;
38273;4648738;566329344;42102784;515682304;0;0;0;0;0;0;0;0;0;0;0;2896;0;0;0;0;0;0;
38274;2512171;566329344;42102784;515682304;0;0;0;0;0;0;0;0;0;0;0;2815;0;0;0;0;0;0;
38275;4571383;566329344;42102784;515682304;0;0;0;0;0;0;0;0;0;0;0;2845;0;0;0;0;0;0;
38276;2472476;566329344;42102784;515682304;0;0;0;0;0;0;0;0;0;0;0;3216;0;0;0;0;0;0;
38277;4589156;566329344;42102784;515682304;0;0;0;0;0;0;0;0;0;0;0;2886;0;0;0;0;0;0;
38278;2476173;566329344;42102784;515682304;0;0;0;0;0;0;0;0;0;0;0;3516;0;0;0;0;0;0;
38279;4581041;566329344;42102784;515682304;0;0;0;0;0;0;0;0;0;0;0;3256;0;0;0;0;0;0;
38280;2653045;566329344;42102784;515682304;0;0;0;0;0;0;0;0;0;0;0;3477;0;0;0;0;0;0;
38281;4567215;566329344;42102784;515682304;0;0;0;0;0;0;0;0;0;0;0;2715;0;0;0;0;0;0;
38282;2594706;566329344;42102784;515682304;0;0;0;0;0;0;0;0;0;0;0;3396;0;0;0;0;0;0;
38283;4671170;566329344;42102784;515682304;0;0;0;0;0;0;0;0;0;0;0;2795;0;0;0;0;0;0;
38284;2585138;566329344;42102784;515682304;0;0;0;0;0;0;0;0;0;0;0;3246;0;0;0;0;0;0;
38285;4603533;566329344;42102784;515682304;0;0;0;0;0;0;0;0;0;0;0;3076;0;0;0;0;0;0;
38286;2419587;566329344;42102784;515682304;0;0;0;0;0;0;0;0;0;0;0;3046;0;0;0;0;0;0;
38287;4624743;566329344;42102784;515682304;0;0;0;0;0;0;0;0;0;0;0;2705;0;0;0;0;0;0;
38288;2525807;566329344;42102784;515682304;0;0;0;0;0;0;0;0;0;0;0;3336;0;0;0;0;0;0;
38289;4550414;566329344;42102784;515682304;0;0;0;0;0;0;0;0;0;0;0;3036;0;0;0;0;0;0;
38290;2641945;566329344;42102784;515682304;0;0;0;0;0;0;0;0;0;0;0;2815;0;0;0;0;0;0;
38291;4641595;566329344;42102784;515682304;0;0;0;0;0;0;0;0;0;0;0;3026;0;0;0;0;0;0;
38292;2571122;566329344;42102784;515682304;0;0;0;0;0;0;0;0;0;0;0;2916;0;0;0;0;0;0;
38293;4558129;566329344;42102784;515682304;0;0;0;0;0;0;0;0;0;0;0;2635;0;0;0;0;0;0;
38294;2489038;566329344;42102784;515682304;0;0;0;0;0;0;0;0;0;0;0;3196;0;0;0;0;0;0;
38295;4656994;566329344;42102784;515682304;0;0;0;0;0;0;0;0;0;0;0;2835;0;0;0;0;0;0;
38296;2463440;566329344;42102784;515682304;0;0;0;0;0;0;0;0;0;0;0;2866;0;0;0;0;0;0;
38297;4667974;566329344;42102784;515682304;0;0;0;0;0;0;0;0;0;0;0;3326;0;0;0;0;0;0;
38298;2474791;566329344;42102784;515682304;0;0;0;0;0;0;0;0;0;0;0;3437;0;0;0;0;0;0;
38299;4682211;566329344;42102784;515682304;0;0;0;0;0;0;0;0;0;0;0;3116;0;0;0;0;0;0;
38300;2507843;566329344;42102784;515682304;0;0;0;0;0;0;0;0;0;0;0;3045;0;0;0;0;0;0;
38301;4660891;566329344;42102784;515682304;0;0;0;0;0;0;0;0;0;0;0;2584;0;0;0;0;0;0;
38302;2434355;566329344;42102784;515682304;0;0;0;0;0;0;0;0;0;0;0;3407;0;0;0;0;0;0;
38303;4669016;566329344;42102784;515682304;0;0;0;0;0;0;0;0;0;0;0;2746;0;0;0;0;0;0;
38304;2423184;566329344;42102784;515682304;0;0;0;0;0;0;0;0;0;0;0;3307;0;0;0;0;0;0;
38305;4642246;566329344;42102784;515682304;0;0;0;0;0;0;0;0;0;0;0;2876;0;0;0;0;0;0;
38306;2477566;566329344;42102784;515682304;0;0;0;0;0;0;0;0;0;0;0;3036;0;0;0;0;0;0;
38307;4594516;566329344;42102784;515682304;0;0;0;0;0;0;0;0;0;0;0;2795;0;0;0;0;0;0;
38308;2365637;566329344;42102784;515682304;0;0;0;0;0;0;0;0;0;0;0;2925;0;0;0;0;0;0;
38309;4564110;566329344;42102784;515682304;0;0;0;0;0;0;0;0;0;0;0;3116;0;0;0;0;0;0;
38310;2443423;566329344;42102784;515682304;0;0;0;0;0;0;0;0;0;0;0;3046;0;0;0;0;0;0;
38311;4629993;566329344;42102784;515682304;0;0;0;0;0;0;0;0;0;0;0;3266;0;0;0;0;0;0;
38312;2474661;566329344;42102784;515682304;0;0;0;0;0;0;0;0;0;0;0;2926;0;0;0;0;0;0;
38313;4609083;566329344;42102784;515682304;0;0;0;0;0;0;0;0;0;0;0;2925;0;0;0;0;0;0;
38314;2642315;566329344;42102784;515682304;0;0;0;0;0;0;0;0;0;0;0;2955;0;0;0;0;0;0;
38315;4584448;566329344;42102784;515682304;0;0;0;0;0;0;0;0;0;0;0;2315;0;0;0;0;0;0;
38316;2652845;566329344;42102784;515682304;0;0;0;0;0;0;0;0;0;0;0;3697;0;0;0;0;0;0;
38317;4567756;566329344;42102784;515682304;0;0;0;0;0;0;0;0;0;0;0;2846;0;0;0;0;0;0;
38318;2422373;566329344;42102784;515682304;0;0;0;0;0;0;0;0;0;0;0;2855;0;0;0;0;0;0;
38319;4769755;566329344;42102784;515682304;0;0;0;0;0;0;0;0;0;0;0;2555;0;0;0;0;0;0;
38320;2432041;566329344;42102784;515682304;0;0;0;0;0;0;0;0;0;0;0;3095;0;0;0;0;0;0;
38321;4615646;566329344;42102784;515682304;0;0;0;0;0;0;0;0;0;0;0;2715;0;0;0;0;0;0;
38322;2444194;566329344;42102784;515682304;0;0;0;0;0;0;0;0;0;0;0;2755;0;0;0;0;0;0;
38323;4622208;566329344;42102784;515682304;0;0;0;0;0;0;0;0;0;0;0;3035;0;0;0;0;0;0;
38324;2457589;566329344;42102784;515682304;0;0;0;0;0;0;0;0;0;0;0;2825;0;0;0;0;0;0;
38325;4581752;566329344;42102784;515682304;0;0;0;0;0;0;0;0;0;0;0;2745;0;0;0;0;0;0;
38326;2628179;566329344;42102784;515682304;0;0;0;0;0;0;0;0;0;0;0;3056;0;0;0;0;0;0;
38327;4600468;566329344;42102784;515682304;0;0;0;0;0;0;0;0;0;0;0;2585;0;0;0;0;0;0;
38328;2615926;566329344;42102784;515682304;0;0;0;0;0;0;0;0;0;0;0;3496;0;0;0;0;0;0;
38329;4640673;566329344;42102784;515682304;0;0;0;0;0;0;0;0;0;0;0;3176;0;0;0;0;0;0;
38330;2467337;566329344;42102784;515682304;0;0;0;0;0;0;0;0;0;0;0;3566;0;0;0;0;0;0;
38331;4602211;566329344;42102784;515682304;0;0;0;0;0;0;0;0;0;0;0;2835;0;0;0;0;0;0;
38332;2481744;566329344;42102784;515682304;0;0;0;0;0;0;0;0;0;0;0;3146;0;0;0;0;0;0;
38333;4665720;566329344;42102784;515682304;0;0;0;0;0;0;0;0;0;0;0;3336;0;0;0;0;0;0;
38334;2374504;566329344;42102784;515682304;0;0;0;0;0;0;0;0;0;0;0;2865;0;0;0;0;0;0;
38335;4767531;566329344;42102784;515682304;0;0;0;0;0;0;0;0;0;0;0;2966;0;0;0;0;0;0;
38336;2404580;566329344;42102784;515682304;0;0;0;0;0;0;0;0;0;0;0;3046;0;0;0;0;0;0;
38337;4599366;566329344;42102784;515682304;0;0;0;0;0;0;0;0;0;0;0;2735;0;0;0;0;0;0;
38338;2586411;566329344;42102784;515682304;0;0;0;0;0;0;0;0;0;0;0;2915;0;0;0;0;0;0;
38339;4571764;566329344;42102784;515682304;0;0;0;0;0;0;0;0;0;0;0;2785;0;0;0;0;0;0;
38340;2687650;566329344;42102784;515682304;0;0;0;0;0;0;0;0;0;0;0;3567;0;0;0;0;0;0;
38341;4510479;566329344;42102784;515682304;0;0;0;0;0;0;0;0;0;0;0;2544;0;0;0;0;0;0;
38342;2511170;566329344;42102784;515682304;0;0;0;0;0;0;0;0;0;0;0;2966;0;0;0;0;0;0;
38343;4808688;566329344;42102784;515682304;0;0;0;0;0;0;0;0;0;0;0;3206;0;0;0;0;0;0;
38344;2517220;566329344;42102784;515682304;0;0;0;0;0;0;0;0;0;0;0;3126;0;0;0;0;0;0;
38345;4579318;566329344;42102784;515682304;0;0;0;0;0;0;0;0;0;0;0;2655;0;0;0;0;0;0;
38346;2460855;566329344;42102784;515682304;0;0;0;0;0;0;0;0;0;0;0;2905;0;0;0;0;0;0;
38347;4641785;566329344;42102784;515682304;0;0;0;0;0;0;0;0;0;0;0;2795;0;0;0;0;0;0;
38348;2813737;566329344;42102784;515682304;0;0;0;0;0;0;0;0;0;0;0;3106;0;0;0;0;0;0;
38349;4637467;566329344;42102784;515682304;0;0;0;0;0;0;0;0;0;0;0;3226;0;0;0;0;0;0;
38350;2650471;566329344;42102784;515682304;0;0;0;0;0;0;0;0;0;0;0;2876;0;0;0;0;0;0;
38351;4615005;566329344;42102784;515682304;0;0;0;0;0;0;0;0;0;0;0;3146;0;0;0;0;0;0;
38352;2896151;566329344;42102784;515682304;0;0;0;0;0;0;0;0;0;0;0;3176;0;0;0;0;0;0;
38353;4562476;566329344;42102784;515682304;0;0;0;0;0;0;0;0;0;0;0;2755;0;0;0;0;0;0;
38354;2795432;566329344;42102784;515682304;0;0;0;0;0;0;0;0;0;0;0;3376;0;0;0;0;0;0;
38355;4554481;566329344;42102784;515682304;0;0;0;0;0;0;0;0;0;0;0;3016;0;0;0;0;0;0;
38356;2692600;566329344;42102784;515682304;0;0;0;0;0;0;0;0;0;0;0;2886;0;0;0;0;0;0;
38357;4693632;566329344;42102784;515682304;0;0;0;0;0;0;0;0;0;0;0;3086;0;0;0;0;0;0;
38358;2416111;566329344;42102784;515682304;0;0;0;0;0;0;0;0;0;0;0;3175;0;0;0;0;0;0;
38359;4642537;566329344;42102784;515682304;0;0;0;0;0;0;0;0;0;0;0;2705;0;0;0;0;0;0;
38360;2468670;566329344;42102784;515682304;0;0;0;0;0;0;0;0;0;0;0;2916;0;0;0;0;0;0;
38361;10606631;566329344;42102784;515682304;0;0;0;0;0;0;0;0;0;0;0;2725;0;0;0;0;0;0;
38362;2967866;566329344;42102784;515682304;0;0;0;0;0;0;0;0;0;0;0;3828;0;0;0;0;0;0;
38363;4647737;566329344;42102784;515682304;0;0;0;0;0;0;0;0;0;0;0;2965;0;0;0;0;0;0;
38364;2640752;566329344;42102784;515682304;0;0;0;0;0;0;0;0;0;0;0;3306;0;0;0;0;0;0;
38365;4732415;566329344;42102784;515682304;0;0;0;0;0;0;0;0;0;0;0;3367;0;0;0;0;0;0;
38366;2536217;566329344;42102784;515682304;0;0;0;0;0;0;0;0;0;0;0;3096;0;0;0;0;0;0;
38367;4656142;566329344;42102784;515682304;0;0;0;0;0;0;0;0;0;0;0;2976;0;0;0;0;0;0;
38368;2519305;566329344;42102784;515682304;0;0;0;0;0;0;0;0;0;0;0;3326;0;0;0;0;0;0;
38369;4681049;566329344;42102784;515682304;0;0;0;0;0;0;0;0;0;0;0;2835;0;0;0;0;0;0;
38370;2530726;566329344;42102784;515682304;0;0;0;0;0;0;0;0;0;0;0;2705;0;0;0;0;0;0;
38371;4620104;566329344;42102784;515682304;0;0;0;0;0;0;0;0;0;0;0;3095;0;0;0;0;0;0;
38372;3063736;566329344;42102784;515682304;0;0;0;0;0;0;0;0;0;0;0;2915;0;0;0;0;0;0;
38373;4576483;566329344;42102784;515682304;0;0;0;0;0;0;0;0;0;0;0;2675;0;0;0;0;0;0;
38374;2874280;566329344;42102784;515682304;0;0;0;0;0;0;0;0;0;0;0;3126;0;0;0;0;0;0;
38375;4473529;566329344;42102784;515682304;0;0;0;0;0;0;0;0;0;0;0;2605;0;0;0;0;0;0;
38376;2645802;566329344;42102784;515682304;0;0;0;0;0;0;0;0;0;0;0;3176;0;0;0;0;0;0;
38377;4535817;566329344;42102784;515682304;0;0;0;0;0;0;0;0;0;0;0;2915;0;0;0;0;0;0;
38378;2645942;566329344;42102784;515682304;0;0;0;0;0;0;0;0;0;0;0;2906;0;0;0;0;0;0;
38379;4669647;566329344;42102784;515682304;0;0;0;0;0;0;0;0;0;0;0;3166;0;0;0;0;0;0;
38380;2696307;566329344;42102784;515682304;0;0;0;0;0;0;0;0;0;0;0;3106;0;0;0;0;0;0;
38381;4717808;566329344;42102784;515682304;0;0;0;0;0;0;0;0;0;0;0;2856;0;0;0;0;0;0;
38382;2594776;566329344;42102784;515682304;0;0;0;0;0;0;0;0;0;0;0;2986;0;0;0;0;0;0;
38383;4566484;566329344;42102784;515682304;0;0;0;0;0;0;0;0;0;0;0;2555;0;0;0;0;0;0;
38384;2647625;566329344;42102784;515682304;0;0;0;0;0;0;0;0;0;0;0;2806;0;0;0;0;0;0;
38385;4585679;566329344;42102784;515682304;0;0;0;0;0;0;0;0;0;0;0;2665;0;0;0;0;0;0;
38386;2599024;566329344;42102784;515682304;0;0;0;0;0;0;0;0;0;0;0;3186;0;0;0;0;0;0;
38387;4607971;566329344;42102784;515682304;0;0;0;0;0;0;0;0;0;0;0;2574;0;0;0;0;0;0;
38388;2561674;566329344;42102784;515682304;0;0;0;0;0;0;0;0;0;0;0;3607;0;0;0;0;0;0;
38389;4660000;566329344;42102784;515682304;0;0;0;0;0;0;0;0;0;0;0;2735;0;0;0;0;0;0;
38390;2510789;566329344;42102784;515682304;0;0;0;0;0;0;0;0;0;0;0;3076;0;0;0;0;0;0;
38391;4654900;566329344;42102784;515682304;0;0;0;0;0;0;0;0;0;0;0;3447;0;0;0;0;0;0;
38392;2526898;566329344;42102784;515682304;0;0;0;0;0;0;0;0;0;0;0;2695;0;0;0;0;0;0;
38393;4839807;566329344;42102784;515682304;0;0;0;0;0;0;0;0;0;0;0;3015;0;0;0;0;0;0;
38394;2473509;566329344;42102784;515682304;0;0;0;0;0;0;0;0;0;0;0;3055;0;0;0;0;0;0;
38395;4563949;566329344;42102784;515682304;0;0;0;0;0;0;0;0;0;0;0;3447;0;0;0;0;0;0;
38396;2737083;566329344;42102784;515682304;0;0;0;0;0;0;0;0;0;0;0;3316;0;0;0;0;0;0;
38397;4524435;566329344;42102784;515682304;0;0;0;0;0;0;0;0;0;0;0;2865;0;0;0;0;0;0;
38398;2475623;566329344;42102784;515682304;0;0;0;0;0;0;0;0;0;0;0;2985;0;0;0;0;0;0;
38399;4526429;566329344;42102784;515682304;0;0;0;0;0;0;0;0;0;0;0;3156;0;0;0;0;0;0;
38400;2597982;566329344;42102784;515682304;0;0;0;0;0;0;0;0;0;0;0;3446;0;0;0;0;0;0;
38401;4532149;566329344;42102784;515682304;0;0;0;0;0;0;0;0;0;0;0;2665;0;0;0;0;0;0;
38402;2504637;566329344;42102784;515682304;0;0;0;0;0;0;0;0;0;0;0;3597;0;0;0;0;0;0;
38403;4521429;566329344;42102784;515682304;0;0;0;0;0;0;0;0;0;0;0;2655;0;0;0;0;0;0;
38404;2927190;566329344;42102784;515682304;0;0;0;0;0;0;0;0;0;0;0;3286;0;0;0;0;0;0;
38405;4633820;566329344;42102784;515682304;0;0;0;0;0;0;0;0;0;0;0;3066;0;0;0;0;0;0;
38406;2534484;566329344;42102784;515682304;0;0;0;0;0;0;0;0;0;0;0;3336;0;0;0;0;0;0;
38407;4612751;566329344;42102784;515682304;0;0;0;0;0;0;0;0;0;0;0;3276;0;0;0;0;0;0;
38408;2509677;566329344;42102784;515682304;0;0;0;0;0;0;0;0;0;0;0;2936;0;0;0;0;0;0;
38409;4648477;566329344;42102784;515682304;0;0;0;0;0;0;0;0;0;0;0;2855;0;0;0;0;0;0;
38410;2492655;566329344;42102784;515682304;0;0;0;0;0;0;0;0;0;0;0;2685;0;0;0;0;0;0;
38411;4558739;566329344;42102784;515682304;0;0;0;0;0;0;0;0;0;0;0;3397;0;0;0;0;0;0;
38412;2573997;566329344;42102784;515682304;0;0;0;0;0;0;0;0;0;0;0;3266;0;0;0;0;0;0;
38413;4543320;566329344;42102784;515682304;0;0;0;0;0;0;0;0;0;0;0;2936;0;0;0;0;0;0;
38414;2618170;566329344;42102784;515682304;0;0;0;0;0;0;0;0;0;0;0;3547;0;0;0;0;0;0;
38415;4568839;566329344;42102784;515682304;0;0;0;0;0;0;0;0;0;0;0;2855;0;0;0;0;0;0;
38416;2524895;566329344;42102784;515682304;0;0;0;0;0;0;0;0;0;0;0;3366;0;0;0;0;0;0;
38417;4596360;566329344;42102784;515682304;0;0;0;0;0;0;0;0;0;0;0;3136;0;0;0;0;0;0;
38418;2426561;566329344;42102784;515682304;0;0;0;0;0;0;0;0;0;0;0;3206;0;0;0;0;0;0;
38419;4647175;566329344;42102784;515682304;0;0;0;0;0;0;0;0;0;0;0;3156;0;0;0;0;0;0;
38420;2395392;566329344;42102784;515682304;0;0;0;0;0;0;0;0;0;0;0;2886;0;0;0;0;0;0;
38421;4720884;566329344;42102784;515682304;0;0;0;0;0;0;0;0;0;0;0;2715;0;0;0;0;0;0;
38422;2701526;566329344;42102784;515682304;0;0;0;0;0;0;0;0;0;0;0;3025;0;0;0;0;0;0;
38423;4608222;566329344;42102784;515682304;0;0;0;0;0;0;0;0;0;0;0;2855;0;0;0;0;0;0;
38424;2755137;566329344;42102784;515682304;0;0;0;0;0;0;0;0;0;0;0;3436;0;0;0;0;0;0;
38425;4586662;566329344;42102784;515682304;0;0;0;0;0;0;0;0;0;0;0;2896;0;0;0;0;0;0;
38426;2503895;566329344;42102784;515682304;0;0;0;0;0;0;0;0;0;0;0;3106;0;0;0;0;0;0;
38427;4717958;566329344;42102784;515682304;0;0;0;0;0;0;0;0;0;0;0;3146;0;0;0;0;0;0;
38428;2446218;566329344;42102784;515682304;0;0;0;0;0;0;0;0;0;0;0;3126;0;0;0;0;0;0;
38429;4720443;566329344;42102784;515682304;0;0;0;0;0;0;0;0;0;0;0;2926;0;0;0;0;0;0;
38430;2491622;566329344;42102784;515682304;0;0;0;0;0;0;0;0;0;0;0;2936;0;0;0;0;0;0;
38431;4602201;566329344;42102784;515682304;0;0;0;0;0;0;0;0;0;0;0;3247;0;0;0;0;0;0;
38432;2544081;566329344;42102784;515682304;0;0;0;0;0;0;0;0;0;0;0;3357;0;0;0;0;0;0;
38433;4586060;566329344;42102784;515682304;0;0;0;0;0;0;0;0;0;0;0;3136;0;0;0;0;0;0;
38434;2648877;566329344;42102784;515682304;0;0;0;0;0;0;0;0;0;0;0;3266;0;0;0;0;0;0;
38435;4694484;566329344;42102784;515682304;0;0;0;0;0;0;0;0;0;0;0;3467;0;0;0;0;0;0;
38436;2428775;566329344;42102784;515682304;0;0;0;0;0;0;0;0;0;0;0;3517;0;0;0;0;0;0;
38437;4819278;566329344;42102784;515682304;0;0;0;0;0;0;0;0;0;0;0;3136;0;0;0;0;0;0;
38438;2503705;566329344;42102784;515682304;0;0;0;0;0;0;0;0;0;0;0;3397;0;0;0;0;0;0;
38439;4557728;566329344;42102784;515682304;0;0;0;0;0;0;0;0;0;0;0;2955;0;0;0;0;0;0;
38440;2546696;566329344;42102784;515682304;0;0;0;0;0;0;0;0;0;0;0;3347;0;0;0;0;0;0;
38441;4597412;566329344;42102784;515682304;0;0;0;0;0;0;0;0;0;0;0;3176;0;0;0;0;0;0;
38442;2569328;566329344;42102784;515682304;0;0;0;0;0;0;0;0;0;0;0;3406;0;0;0;0;0;0;
38443;4551335;566329344;42102784;515682304;0;0;0;0;0;0;0;0;0;0;0;3036;0;0;0;0;0;0;
38444;2549201;566329344;42102784;515682304;0;0;0;0;0;0;0;0;0;0;0;3016;0;0;0;0;0;0;
38445;4699965;566329344;42102784;515682304;0;0;0;0;0;0;0;0;0;0;0;2885;0;0;0;0;0;0;
38446;2591901;566329344;42102784;515682304;0;0;0;0;0;0;0;0;0;0;0;3326;0;0;0;0;0;0;
38447;4632688;566329344;42102784;515682304;0;0;0;0;0;0;0;0;0;0;0;2845;0;0;0;0;0;0;
38448;2497073;566329344;42102784;515682304;0;0;0;0;0;0;0;0;0;0;0;3337;0;0;0;0;0;0;
38449;4719571;566329344;42102784;515682304;0;0;0;0;0;0;0;0;0;0;0;3096;0;0;0;0;0;0;
38450;2563939;566329344;42102784;515682304;0;0;0;0;0;0;0;0;0;0;0;3336;0;0;0;0;0;0;
38451;4725422;566329344;42102784;515682304;0;0;0;0;0;0;0;0;0;0;0;2565;0;0;0;0;0;0;
38452;2456456;566329344;42102784;515682304;0;0;0;0;0;0;0;0;0;0;0;3036;0;0;0;0;0;0;
38453;4607161;566329344;42102784;515682304;0;0;0;0;0;0;0;0;0;0;0;3126;0;0;0;0;0;0;
38454;2605205;566329344;42102784;515682304;0;0;0;0;0;0;0;0;0;0;0;3095;0;0;0;0;0;0;
38455;4602792;566329344;42102784;515682304;0;0;0;0;0;0;0;0;0;0;0;2715;0;0;0;0;0;0;
38456;2445907;566329344;42102784;515682304;0;0;0;0;0;0;0;0;0;0;0;3046;0;0;0;0;0;0;
38457;4627629;566329344;42102784;515682304;0;0;0;0;0;0;0;0;0;0;0;3156;0;0;0;0;0;0;
38458;2487105;566329344;42102784;515682304;0;0;0;0;0;0;0;0;0;0;0;2625;0;0;0;0;0;0;
38459;4731484;566329344;42102784;515682304;0;0;0;0;0;0;0;0;0;0;0;3076;0;0;0;0;0;0;
38460;2449494;566329344;42102784;515682304;0;0;0;0;0;0;0;0;0;0;0;3526;0;0;0;0;0;0;
38461;4587042;566329344;42102784;515682304;0;0;0;0;0;0;0;0;0;0;0;2826;0;0;0;0;0;0;
38462;2533111;566329344;42102784;515682304;0;0;0;0;0;0;0;0;0;0;0;3386;0;0;0;0;0;0;
38463;4570872;566329344;42102784;515682304;0;0;0;0;0;0;0;0;0;0;0;2715;0;0;0;0;0;0;
38464;2607740;566329344;42102784;515682304;0;0;0;0;0;0;0;0;0;0;0;3457;0;0;0;0;0;0;
38465;4698542;566329344;42102784;515682304;0;0;0;0;0;0;0;0;0;0;0;2905;0;0;0;0;0;0;
38466;2638228;566329344;42102784;515682304;0;0;0;0;0;0;0;0;0;0;0;2996;0;0;0;0;0;0;
38467;4642266;566329344;42102784;515682304;0;0;0;0;0;0;0;0;0;0;0;3196;0;0;0;0;0;0;
38468;2582603;566329344;42102784;515682304;0;0;0;0;0;0;0;0;0;0;0;3526;0;0;0;0;0;0;
38469;4639311;566329344;42102784;515682304;0;0;0;0;0;0;0;0;0;0;0;3035;0;0;0;0;0;0;
38470;2459823;566329344;42102784;515682304;0;0;0;0;0;0;0;0;0;0;0;2956;0;0;0;0;0;0;
38471;4688072;566329344;42102784;515682304;0;0;0;0;0;0;0;0;0;0;0;2845;0;0;0;0;0;0;
38472;2442801;566329344;42102784;515682304;0;0;0;0;0;0;0;0;0;0;0;2975;0;0;0;0;0;0;
38473;4601780;566329344;42102784;515682304;0;0;0;0;0;0;0;0;0;0;0;2725;0;0;0;0;0;0;
38474;2444785;566329344;42102784;515682304;0;0;0;0;0;0;0;0;0;0;0;2925;0;0;0;0;0;0;
38475;4565643;566329344;42102784;515682304;0;0;0;0;0;0;0;0;0;0;0;3046;0;0;0;0;0;0;
38476;2596750;566329344;42102784;515682304;0;0;0;0;0;0;0;0;0;0;0;3086;0;0;0;0;0;0;
38477;4571603;566329344;42102784;515682304;0;0;0;0;0;0;0;0;0;0;0;3186;0;0;0;0;0;0;
38478;2590648;566329344;42102784;515682304;0;0;0;0;0;0;0;0;0;0;0;3376;0;0;0;0;0;0;
38479;4737575;566329344;42102784;515682304;0;0;0;0;0;0;0;0;0;0;0;3106;0;0;0;0;0;0;
38480;2692289;566329344;42102784;515682304;0;0;0;0;0;0;0;0;0;0;0;3456;0;0;0;0;0;0;
38481;4616137;566329344;42102784;515682304;0;0;0;0;0;0;0;0;0;0;0;2665;0;0;0;0;0;0;
38482;2510117;566329344;42102784;515682304;0;0;0;0;0;0;0;0;0;0;0;3427;0;0;0;0;0;0;
38483;4556264;566329344;42102784;515682304;0;0;0;0;0;0;0;0;0;0;0;2594;0;0;0;0;0;0;
38484;2454504;566329344;42102784;515682304;0;0;0;0;0;0;0;0;0;0;0;2926;0;0;0;0;0;0;
38485;4648648;566329344;42102784;515682304;0;0;0;0;0;0;0;0;0;0;0;3266;0;0;0;0;0;0;
38486;2458150;566329344;42102784;515682304;0;0;0;0;0;0;0;0;0;0;0;3918;0;0;0;0;0;0;
38487;4602221;566329344;42102784;515682304;0;0;0;0;0;0;0;0;0;0;0;3446;0;0;0;0;0;0;
38488;2440377;566329344;42102784;515682304;0;0;0;0;0;0;0;0;0;0;0;3005;0;0;0;0;0;0;
38489;4579769;566329344;42102784;515682304;0;0;0;0;0;0;0;0;0;0;0;2796;0;0;0;0;0;0;
38490;2540455;566329344;42102784;515682304;0;0;0;0;0;0;0;0;0;0;0;3186;0;0;0;0;0;0;
38491;4562747;566329344;42102784;515682304;0;0;0;0;0;0;0;0;0;0;0;3296;0;0;0;0;0;0;
38492;2431560;566329344;42102784;515682304;0;0;0;0;0;0;0;0;0;0;0;3066;0;0;0;0;0;0;
38493;4633720;566329344;42102784;515682304;0;0;0;0;0;0;0;0;0;0;0;3206;0;0;0;0;0;0;
38494;2500570;566329344;42102784;515682304;0;0;0;0;0;0;0;0;0;0;0;3066;0;0;0;0;0;0;
38495;4669117;566329344;42102784;515682304;0;0;0;0;0;0;0;0;0;0;0;2454;0;0;0;0;0;0;
38496;2843162;566329344;42102784;515682304;0;0;0;0;0;0;0;0;0;0;0;2715;0;0;0;0;0;0;
38497;4676460;566329344;42102784;515682304;0;0;0;0;0;0;0;0;0;0;0;2935;0;0;0;0;0;0;
38498;2581512;566329344;42102784;515682304;0;0;0;0;0;0;0;0;0;0;0;2836;0;0;0;0;0;0;
38499;4803679;566329344;42102784;515682304;0;0;0;0;0;0;0;0;0;0;0;3286;0;0;0;0;0;0;
38500;2536427;566329344;42102784;515682304;0;0;0;0;0;0;0;0;0;0;0;2805;0;0;0;0;0;0;
38501;4542730;566329344;42102784;515682304;0;0;0;0;0;0;0;0;0;0;0;2745;0;0;0;0;0;0;
38502;2550643;566329344;42102784;515682304;0;0;0;0;0;0;0;0;0;0;0;3236;0;0;0;0;0;0;
38503;4490211;566329344;42102784;515682304;0;0;0;0;0;0;0;0;0;0;0;2615;0;0;0;0;0;0;
38504;2645972;566329344;42102784;515682304;0;0;0;0;0;0;0;0;0;0;0;3206;0;0;0;0;0;0;
38505;4564941;566329344;42102784;515682304;0;0;0;0;0;0;0;0;0;0;0;2786;0;0;0;0;0;0;
38506;2640993;566329344;42102784;515682304;0;0;0;0;0;0;0;0;0;0;0;3276;0;0;0;0;0;0;
38507;4616998;566329344;42102784;515682304;0;0;0;0;0;0;0;0;0;0;0;3015;0;0;0;0;0;0;
38508;2494187;566329344;42102784;515682304;0;0;0;0;0;0;0;0;0;0;0;3767;0;0;0;0;0;0;
38509;4623441;566329344;42102784;515682304;0;0;0;0;0;0;0;0;0;0;0;3466;0;0;0;0;0;0;
38510;2527550;566329344;42102784;515682304;0;0;0;0;0;0;0;0;0;0;0;3387;0;0;0;0;0;0;
38511;4795844;566329344;42102784;515682304;0;0;0;0;0;0;0;0;0;0;0;3006;0;0;0;0;0;0;
38512;2547528;566329344;42102784;515682304;0;0;0;0;0;0;0;0;0;0;0;3387;0;0;0;0;0;0;
38513;4620666;566329344;42102784;515682304;0;0;0;0;0;0;0;0;0;0;0;3016;0;0;0;0;0;0;
38514;2433815;566329344;42102784;515682304;0;0;0;0;0;0;0;0;0;0;0;3056;0;0;0;0;0;0;
38515;4612440;566329344;42102784;515682304;0;0;0;0;0;0;0;0;0;0;0;3186;0;0;0;0;0;0;
38516;2431420;566329344;42102784;515682304;0;0;0;0;0;0;0;0;0;0;0;3036;0;0;0;0;0;0;
38517;4498196;566329344;42102784;515682304;0;0;0;0;0;0;0;0;0;0;0;3266;0;0;0;0;0;0;
38518;2604625;566329344;42102784;515682304;0;0;0;0;0;0;0;0;0;0;0;3056;0;0;0;0;0;0;
38519;4570982;566329344;42102784;515682304;0;0;0;0;0;0;0;0;0;0;0;3316;0;0;0;0;0;0;
38520;2759906;566329344;42102784;515682304;0;0;0;0;0;0;0;0;0;0;0;2886;0;0;0;0;0;0;
38521;4573277;566329344;42102784;515682304;0;0;0;0;0;0;0;0;0;0;0;3056;0;0;0;0;0;0;
38522;2647545;566329344;42102784;515682304;0;0;0;0;0;0;0;0;0;0;0;2986;0;0;0;0;0;0;
38523;4723117;566329344;42102784;515682304;0;0;0;0;0;0;0;0;0;0;0;2325;0;0;0;0;0;0;
38524;2677471;566329344;42102784;515682304;0;0;0;0;0;0;0;0;0;0;0;3016;0;0;0;0;0;0;
38525;4595147;566329344;42102784;515682304;0;0;0;0;0;0;0;0;0;0;0;11642;0;0;0;0;0;0;
38526;2448792;566329344;42102784;515682304;0;0;0;0;0;0;0;0;0;0;0;2835;0;0;0;0;0;0;
38527;4586361;566329344;42102784;515682304;0;0;0;0;0;0;0;0;0;0;0;2635;0;0;0;0;0;0;
38528;2676500;566329344;42102784;515682304;0;0;0;0;0;0;0;0;0;0;0;2675;0;0;0;0;0;0;
38529;4591591;566329344;42102784;515682304;0;0;0;0;0;0;0;0;0;0;0;2835;0;0;0;0;0;0;
38530;2423475;566329344;42102784;515682304;0;0;0;0;0;0;0;0;0;0;0;3026;0;0;0;0;0;0;
38531;4569820;566329344;42102784;515682304;0;0;0;0;0;0;0;0;0;0;0;2896;0;0;0;0;0;0;
38532;2758784;566329344;42102784;515682304;0;0;0;0;0;0;0;0;0;0;0;3036;0;0;0;0;0;0;
38533;4684595;566329344;42102784;515682304;0;0;0;0;0;0;0;0;0;0;0;2945;0;0;0;0;0;0;
38534;2694012;566329344;42102784;515682304;0;0;0;0;0;0;0;0;0;0;0;3036;0;0;0;0;0;0;
38535;4584488;566329344;42102784;515682304;0;0;0;0;0;0;0;0;0;0;0;2826;0;0;0;0;0;0;
38536;2556544;566329344;42102784;515682304;0;0;0;0;0;0;0;0;0;0;0;3517;0;0;0;0;0;0;
38537;4650331;566329344;42102784;515682304;0;0;0;0;0;0;0;0;0;0;0;2925;0;0;0;0;0;0;
38538;2651152;566329344;42102784;515682304;0;0;0;0;0;0;0;0;0;0;0;3346;0;0;0;0;0;0;
38539;4702689;566329344;42102784;515682304;0;0;0;0;0;0;0;0;0;0;0;3136;0;0;0;0;0;0;
38540;2404099;566329344;42102784;515682304;0;0;0;0;0;0;0;0;0;0;0;3586;0;0;0;0;0;0;
38541;4613783;566329344;42102784;515682304;0;0;0;0;0;0;0;0;0;0;0;2775;0;0;0;0;0;0;
38542;2455295;566329344;42102784;515682304;0;0;0;0;0;0;0;0;0;0;0;3066;0;0;0;0;0;0;
38543;4640733;566329344;42102784;515682304;0;0;0;0;0;0;0;0;0;0;0;3036;0;0;0;0;0;0;
38544;2707026;566329344;42102784;515682304;0;0;0;0;0;0;0;0;0;0;0;3316;0;0;0;0;0;0;
38545;4494980;566329344;42102784;515682304;0;0;0;0;0;0;0;0;0;0;0;2695;0;0;0;0;0;0;
38546;2657113;566329344;42102784;515682304;0;0;0;0;0;0;0;0;0;0;0;3727;0;0;0;0;0;0;
38547;4540285;566329344;42102784;515682304;0;0;0;0;0;0;0;0;0;0;0;2885;0;0;0;0;0;0;
38548;2656422;566329344;42102784;515682304;0;0;0;0;0;0;0;0;0;0;0;3457;0;0;0;0;0;0;
38549;4536708;566329344;42102784;515682304;0;0;0;0;0;0;0;0;0;0;0;2986;0;0;0;0;0;0;
38550;2545955;566329344;42102784;515682304;0;0;0;0;0;0;0;0;0;0;0;2815;0;0;0;0;0;0;
38551;4688694;566329344;42102784;515682304;0;0;0;0;0;0;0;0;0;0;0;2785;0;0;0;0;0;0;
38552;2656312;566329344;42102784;515682304;0;0;0;0;0;0;0;0;0;0;0;3397;0;0;0;0;0;0;
38553;4604135;566329344;42102784;515682304;0;0;0;0;0;0;0;0;0;0;0;3086;0;0;0;0;0;0;
38554;2567855;566329344;42102784;515682304;0;0;0;0;0;0;0;0;0;0;0;3146;0;0;0;0;0;0;
38555;4575701;566329344;42102784;515682304;0;0;0;0;0;0;0;0;0;0;0;2995;0;0;0;0;0;0;
38556;2579648;566329344;42102784;515682304;0;0;0;0;0;0;0;0;0;0;0;3085;0;0;0;0;0;0;
38557;4758434;566329344;42102784;515682304;0;0;0;0;0;0;0;0;0;0;0;2825;0;0;0;0;0;0;
38558;2750989;566329344;42102784;515682304;0;0;0;0;0;0;0;0;0;0;0;3517;0;0;0;0;0;0;
38559;4625926;566329344;42102784;515682304;0;0;0;0;0;0;0;0;0;0;0;2925;0;0;0;0;0;0;
38560;2656192;566329344;42102784;515682304;0;0;0;0;0;0;0;0;0;0;0;3406;0;0;0;0;0;0;
38561;4754046;566329344;42110976;515690496;0;0;0;0;0;0;0;0;0;0;0;3176;0;0;0;0;0;0;
38562;2527941;566329344;42110976;515690496;0;0;0;0;0;0;0;0;0;0;0;3276;0;0;0;0;0;0;
38563;4850126;566329344;42110976;515690496;0;0;0;0;0;0;0;0;0;0;0;3136;0;0;0;0;0;0;
38564;2460705;566329344;42110976;515690496;0;0;0;0;0;0;0;0;0;0;0;3917;0;0;0;0;0;0;
38565;4625064;566329344;42110976;515690496;0;0;0;0;0;0;0;0;0;0;0;2895;0;0;0;0;0;0;
38566;2618891;566329344;42110976;515690496;0;0;0;0;0;0;0;0;0;0;0;3026;0;0;0;0;0;0;
38567;4573287;566329344;42110976;515690496;0;0;0;0;0;0;0;0;0;0;0;3066;0;0;0;0;0;0;
38568;2609924;566419456;42102784;515682304;0;0;0;0;0;0;0;0;0;0;0;2795;0;0;0;0;0;0;
38569;4576693;566419456;42102784;515682304;0;0;0;0;0;0;0;0;0;0;0;2725;0;0;0;0;0;0;
38570;2607600;566419456;42102784;515682304;0;0;0;0;0;0;0;0;0;0;0;3256;0;0;0;0;0;0;
38571;4584358;566419456;42102784;515682304;0;0;0;0;0;0;0;0;0;0;0;2625;0;0;0;0;0;0;
38572;2474290;566419456;42102784;515682304;0;0;0;0;0;0;0;0;0;0;0;2996;0;0;0;0;0;0;
38573;4694514;566419456;42102784;515682304;0;0;0;0;0;0;0;0;0;0;0;3026;0;0;0;0;0;0;
38574;2410390;566419456;42102784;515682304;0;0;0;0;0;0;0;0;0;0;0;3196;0;0;0;0;0;0;
38575;4640773;566419456;42102784;515682304;0;0;0;0;0;0;0;0;0;0;0;3326;0;0;0;0;0;0;
38576;2512051;566419456;42102784;515682304;0;0;0;0;0;0;0;0;0;0;0;3115;0;0;0;0;0;0;
38577;4716074;566419456;42102784;515682304;0;0;0;0;0;0;0;0;0;0;0;2785;0;0;0;0;0;0;
38578;2566252;566419456;42102784;515682304;0;0;0;0;0;0;0;0;0;0;0;3096;0;0;0;0;0;0;
38579;4523414;566419456;42102784;515682304;0;0;0;0;0;0;0;0;0;0;0;2815;0;0;0;0;0;0;
38580;2480452;566419456;42102784;515682304;0;0;0;0;0;0;0;0;0;0;0;3005;0;0;0;0;0;0;
38581;4580390;566419456;42102784;515682304;0;0;0;0;0;0;0;0;0;0;0;2816;0;0;0;0;0;0;
38582;2540264;566419456;42102784;515682304;0;0;0;0;0;0;0;0;0;0;0;3336;0;0;0;0;0;0;
38583;4597773;566419456;42102784;515682304;0;0;0;0;0;0;0;0;0;0;0;2785;0;0;0;0;0;0;
38584;2522801;566419456;42102784;515682304;0;0;0;0;0;0;0;0;0;0;0;2696;0;0;0;0;0;0;
38585;4569589;566419456;42102784;515682304;0;0;0;0;0;0;0;0;0;0;0;2645;0;0;0;0;0;0;
38586;2439725;566419456;42102784;515682304;0;0;0;0;0;0;0;0;0;0;0;2776;0;0;0;0;0;0;
38587;4554211;566419456;42102784;515682304;0;0;0;0;0;0;0;0;0;0;0;3246;0;0;0;0;0;0;
38588;2534293;566419456;42102784;515682304;0;0;0;0;0;0;0;0;0;0;0;3436;0;0;0;0;0;0;
38589;4574409;566419456;42102784;515682304;0;0;0;0;0;0;0;0;0;0;0;2685;0;0;0;0;0;0;
38590;2650641;566419456;42102784;515682304;0;0;0;0;0;0;0;0;0;0;0;2896;0;0;0;0;0;0;
38591;4529775;566419456;42102784;515682304;0;0;0;0;0;0;0;0;0;0;0;2805;0;0;0;0;0;0;
38592;2571122;566419456;42102784;515682304;0;0;0;0;0;0;0;0;0;0;0;2745;0;0;0;0;0;0;
38593;4623621;566419456;42102784;515682304;0;0;0;0;0;0;0;0;0;0;0;2726;0;0;0;0;0;0;
38594;2757121;566419456;42102784;515682304;0;0;0;0;0;0;0;0;0;0;0;3256;0;0;0;0;0;0;
38595;4670499;566419456;42102784;515682304;0;0;0;0;0;0;0;0;0;0;0;2785;0;0;0;0;0;0;
38596;2618431;566419456;42102784;515682304;0;0;0;0;0;0;0;0;0;0;0;3527;0;0;0;0;0;0;
38597;4603664;566419456;42102784;515682304;0;0;0;0;0;0;0;0;0;0;0;3256;0;0;0;0;0;0;
38598;2423304;566419456;42102784;515682304;0;0;0;0;0;0;0;0;0;0;0;3306;0;0;0;0;0;0;
38599;4774173;566419456;42102784;515682304;0;0;0;0;0;0;0;0;0;0;0;2805;0;0;0;0;0;0;
38600;2516089;566419456;42102784;515682304;0;0;0;0;0;0;0;0;0;0;0;2985;0;0;0;0;0;0;
38601;4678263;566419456;42102784;515682304;0;0;0;0;0;0;0;0;0;0;0;3146;0;0;0;0;0;0;
38602;2570912;566419456;42102784;515682304;0;0;0;0;0;0;0;0;0;0;0;3226;0;0;0;0;0;0;
38603;4719210;566419456;42102784;515682304;0;0;0;0;0;0;0;0;0;0;0;2885;0;0;0;0;0;0;
38604;2537007;566419456;42102784;515682304;0;0;0;0;0;0;0;0;0;0;0;3186;0;0;0;0;0;0;
38605;4748746;566419456;42102784;515682304;0;0;0;0;0;0;0;0;0;0;0;3046;0;0;0;0;0;0;
38606;2476444;566419456;42102784;515682304;0;0;0;0;0;0;0;0;0;0;0;3106;0;0;0;0;0;0;
38607;4627408;566419456;42102784;515682304;0;0;0;0;0;0;0;0;0;0;0;2925;0;0;0;0;0;0;
38608;2472978;566419456;42102784;515682304;0;0;0;0;0;0;0;0;0;0;0;2805;0;0;0;0;0;0;
38609;4581081;566419456;42102784;515682304;0;0;0;0;0;0;0;0;0;0;0;3016;0;0;0;0;0;0;
38610;2419598;566419456;42102784;515682304;0;0;0;0;0;0;0;0;0;0;0;2995;0;0;0;0;0;0;
38611;4757282;566419456;42102784;515682304;0;0;0;0;0;0;0;0;0;0;0;3216;0;0;0;0;0;0;
38612;2491743;566419456;42102784;515682304;0;0;0;0;0;0;0;0;0;0;0;3026;0;0;0;0;0;0;
38613;4633099;566419456;42102784;515682304;0;0;0;0;0;0;0;0;0;0;0;3477;0;0;0;0;0;0;
38614;2636374;566419456;42102784;515682304;0;0;0;0;0;0;0;0;0;0;0;3006;0;0;0;0;0;0;
38615;4615606;566419456;42102784;515682304;0;0;0;0;0;0;0;0;0;0;0;3006;0;0;0;0;0;0;
38616;2666190;566419456;42102784;515682304;0;0;0;0;0;0;0;0;0;0;0;3206;0;0;0;0;0;0;
38617;4651223;566419456;42102784;515682304;0;0;0;0;0;0;0;0;0;0;0;2264;0;0;0;0;0;0;
38618;2498286;566419456;42102784;515682304;0;0;0;0;0;0;0;0;0;0;0;11442;0;0;0;0;0;0;
38619;4615215;566419456;42102784;515682304;0;0;0;0;0;0;0;0;0;0;0;3346;0;0;0;0;0;0;
38620;2613090;566419456;42102784;515682304;0;0;0;0;0;0;0;0;0;0;0;3476;0;0;0;0;0;0;
38621;4680858;566419456;42102784;515682304;0;0;0;0;0;0;0;0;0;0;0;3207;0;0;0;0;0;0;
38622;2622708;566419456;42102784;515682304;0;0;0;0;0;0;0;0;0;0;0;2895;0;0;0;0;0;0;
38623;4605286;566419456;42102784;515682304;0;0;0;0;0;0;0;0;0;0;0;2926;0;0;0;0;0;0;
38624;2549491;566419456;42102784;515682304;0;0;0;0;0;0;0;0;0;0;0;2826;0;0;0;0;0;0;
38625;4665700;566419456;42102784;515682304;0;0;0;0;0;0;0;0;0;0;0;3466;0;0;0;0;0;0;
38626;2643637;566419456;42102784;515682304;0;0;0;0;0;0;0;0;0;0;0;3256;0;0;0;0;0;0;
38627;4631887;566419456;42102784;515682304;0;0;0;0;0;0;0;0;0;0;0;3046;0;0;0;0;0;0;
38628;2579448;566419456;42102784;515682304;0;0;0;0;0;0;0;0;0;0;0;3226;0;0;0;0;0;0;
38629;4717868;566419456;42102784;515682304;0;0;0;0;0;0;0;0;0;0;0;2816;0;0;0;0;0;0;
38630;2525036;566419456;42102784;515682304;0;0;0;0;0;0;0;0;0;0;0;3496;0;0;0;0;0;0;
38631;4529144;566419456;42102784;515682304;0;0;0;0;0;0;0;0;0;0;0;2856;0;0;0;0;0;0;
38632;2547508;566419456;42102784;515682304;0;0;0;0;0;0;0;0;0;0;0;3186;0;0;0;0;0;0;
38633;4607982;566419456;42102784;515682304;0;0;0;0;0;0;0;0;0;0;0;2875;0;0;0;0;0;0;
38634;2474761;566419456;42102784;515682304;0;0;0;0;0;0;0;0;0;0;0;3025;0;0;0;0;0;0;
38635;4737254;566419456;42102784;515682304;0;0;0;0;0;0;0;0;0;0;0;2946;0;0;0;0;0;0;
38636;11781826;566419456;42102784;515682304;0;0;0;0;0;0;0;0;0;0;0;4569;0;0;0;0;0;0;
38637;5216202;566419456;42102784;515682304;0;0;0;0;0;0;0;0;0;0;0;3426;0;0;0;0;0;0;
38638;2508545;566419456;42102784;515682304;0;0;0;0;0;0;0;0;0;0;0;2906;0;0;0;0;0;0;
38639;4620105;566419456;42102784;515682304;0;0;0;0;0;0;0;0;0;0;0;3016;0;0;0;0;0;0;
38640;2538060;566419456;42102784;515682304;0;0;0;0;0;0;0;0;0;0;0;2835;0;0;0;0;0;0;
38641;4496072;566419456;42102784;515682304;0;0;0;0;0;0;0;0;0;0;0;2865;0;0;0;0;0;0;
38642;2755538;566419456;42102784;515682304;0;0;0;0;0;0;0;0;0;0;0;3798;0;0;0;0;0;0;
38643;4592763;566419456;42102784;515682304;0;0;0;0;0;0;0;0;0;0;0;2885;0;0;0;0;0;0;
38644;2818275;566419456;42102784;515682304;0;0;0;0;0;0;0;0;0;0;0;3246;0;0;0;0;0;0;
38645;4663476;566419456;42102784;515682304;0;0;0;0;0;0;0;0;0;0;0;3537;0;0;0;0;0;0;
38646;2455795;566419456;42102784;515682304;0;0;0;0;0;0;0;0;0;0;0;3236;0;0;0;0;0;0;
38647;4526239;566419456;42102784;515682304;0;0;0;0;0;0;0;0;0;0;0;2615;0;0;0;0;0;0;
38648;2561424;566419456;42102784;515682304;0;0;0;0;0;0;0;0;0;0;0;3065;0;0;0;0;0;0;
38649;4543461;566419456;42102784;515682304;0;0;0;0;0;0;0;0;0;0;0;2866;0;0;0;0;0;0;
38650;2549902;566419456;42102784;515682304;0;0;0;0;0;0;0;0;0;0;0;3396;0;0;0;0;0;0;
38651;4520668;566419456;42102784;515682304;0;0;0;0;0;0;0;0;0;0;0;3156;0;0;0;0;0;0;
38652;2661802;566419456;42102784;515682304;0;0;0;0;0;0;0;0;0;0;0;2926;0;0;0;0;0;0;
38653;4628911;566419456;42102784;515682304;0;0;0;0;0;0;0;0;0;0;0;2594;0;0;0;0;0;0;
38654;2491903;566419456;42102784;515682304;0;0;0;0;0;0;0;0;0;0;0;2815;0;0;0;0;0;0;
38655;4602010;566419456;42102784;515682304;0;0;0;0;0;0;0;0;0;0;0;2615;0;0;0;0;0;0;
38656;2458782;566419456;42102784;515682304;0;0;0;0;0;0;0;0;0;0;0;2906;0;0;0;0;0;0;
38657;4769445;566419456;42102784;515682304;0;0;0;0;0;0;0;0;0;0;0;2785;0;0;0;0;0;0;
38658;2584186;566419456;42102784;515682304;0;0;0;0;0;0;0;0;0;0;0;2855;0;0;0;0;0;0;
38659;4591731;566419456;42102784;515682304;0;0;0;0;0;0;0;0;0;0;0;2976;0;0;0;0;0;0;
38660;2581331;566419456;42102784;515682304;0;0;0;0;0;0;0;0;0;0;0;2775;0;0;0;0;0;0;
38661;4712047;566419456;42102784;515682304;0;0;0;0;0;0;0;0;0;0;0;2916;0;0;0;0;0;0;
38662;2544853;566419456;42102784;515682304;0;0;0;0;0;0;0;0;0;0;0;3637;0;0;0;0;0;0;
38663;4560733;566419456;42102784;515682304;0;0;0;0;0;0;0;0;0;0;0;2565;0;0;0;0;0;0;
38664;2577905;566419456;42102784;515682304;0;0;0;0;0;0;0;0;0;0;0;2805;0;0;0;0;0;0;
38665;4601720;566419456;42102784;515682304;0;0;0;0;0;0;0;0;0;0;0;3206;0;0;0;0;0;0;
38666;2626666;566419456;42102784;515682304;0;0;0;0;0;0;0;0;0;0;0;2865;0;0;0;0;0;0;
38667;4666611;566419456;42102784;515682304;0;0;0;0;0;0;0;0;0;0;0;2665;0;0;0;0;0;0;
38668;2758483;566419456;42102784;515682304;0;0;0;0;0;0;0;0;0;0;0;3066;0;0;0;0;0;0;
38669;4485643;566419456;42102784;515682304;0;0;0;0;0;0;0;0;0;0;0;2534;0;0;0;0;0;0;
38670;2664456;566419456;42102784;515682304;0;0;0;0;0;0;0;0;0;0;0;2795;0;0;0;0;0;0;
38671;4635193;566419456;42102784;515682304;0;0;0;0;0;0;0;0;0;0;0;2855;0;0;0;0;0;0;
38672;2502673;566419456;42102784;515682304;0;0;0;0;0;0;0;0;0;0;0;2775;0;0;0;0;0;0;
38673;4495390;566419456;42102784;515682304;0;0;0;0;0;0;0;0;0;0;0;2565;0;0;0;0;0;0;
38674;2565381;566419456;42102784;515682304;0;0;0;0;0;0;0;0;0;0;0;2565;0;0;0;0;0;0;
38675;4590008;566419456;42102784;515682304;0;0;0;0;0;0;0;0;0;0;0;2695;0;0;0;0;0;0;
38676;2854002;566419456;42102784;515682304;0;0;0;0;0;0;0;0;0;0;0;3006;0;0;0;0;0;0;
38677;4658967;566419456;42102784;515682304;0;0;0;0;0;0;0;0;0;0;0;3126;0;0;0;0;0;0;
38678;2574909;566419456;42102784;515682304;0;0;0;0;0;0;0;0;0;0;0;3036;0;0;0;0;0;0;
38679;4717447;566419456;42102784;515682304;0;0;0;0;0;0;0;0;0;0;0;3376;0;0;0;0;0;0;
38680;2474461;566419456;42102784;515682304;0;0;0;0;0;0;0;0;0;0;0;4067;0;0;0;0;0;0;
38681;4658306;566419456;42102784;515682304;0;0;0;0;0;0;0;0;0;0;0;3216;0;0;0;0;0;0;
38682;2434565;566419456;42102784;515682304;0;0;0;0;0;0;0;0;0;0;0;2705;0;0;0;0;0;0;
38683;4570251;566419456;42102784;515682304;0;0;0;0;0;0;0;0;0;0;0;2916;0;0;0;0;0;0;
38684;2487465;566419456;42102784;515682304;0;0;0;0;0;0;0;0;0;0;0;3336;0;0;0;0;0;0;
38685;4649209;566419456;42102784;515682304;0;0;0;0;0;0;0;0;0;0;0;2796;0;0;0;0;0;0;
38686;2534733;566419456;42102784;515682304;0;0;0;0;0;0;0;0;0;0;0;3537;0;0;0;0;0;0;
38687;4666952;566419456;42102784;515682304;0;0;0;0;0;0;0;0;0;0;0;3476;0;0;0;0;0;0;
38688;2418776;566419456;42102784;515682304;0;0;0;0;0;0;0;0;0;0;0;3086;0;0;0;0;0;0;
38689;4566674;566419456;42102784;515682304;0;0;0;0;0;0;0;0;0;0;0;2886;0;0;0;0;0;0;
38690;2476885;566419456;42102784;515682304;0;0;0;0;0;0;0;0;0;0;0;2876;0;0;0;0;0;0;
38691;4750419;566419456;42102784;515682304;0;0;0;0;0;0;0;0;0;0;0;2635;0;0;0;0;0;0;
38692;2821912;566419456;42102784;515682304;0;0;0;0;0;0;0;0;0;0;0;2875;0;0;0;0;0;0;
38693;4596380;566419456;42102784;515682304;0;0;0;0;0;0;0;0;0;0;0;2916;0;0;0;0;0;0;
38694;2657864;566419456;42102784;515682304;0;0;0;0;0;0;0;0;0;0;0;2865;0;0;0;0;0;0;
38695;4558088;566419456;42102784;515682304;0;0;0;0;0;0;0;0;0;0;0;2785;0;0;0;0;0;0;
38696;2481183;566419456;42102784;515682304;0;0;0;0;0;0;0;0;0;0;0;2574;0;0;0;0;0;0;
38697;4675739;566419456;42110976;515690496;0;0;0;0;0;0;0;0;0;0;0;3646;0;0;0;0;0;0;
38698;2587893;566419456;42110976;515690496;0;0;0;0;0;0;0;0;0;0;0;2765;0;0;0;0;0;0;
38699;4598584;566419456;42110976;515690496;0;0;0;0;0;0;0;0;0;0;0;2785;0;0;0;0;0;0;
38700;2702689;566419456;42110976;515690496;0;0;0;0;0;0;0;0;0;0;0;3176;0;0;0;0;0;0;
38701;4566534;566419456;42110976;515690496;0;0;0;0;0;0;0;0;0;0;0;2705;0;0;0;0;0;0;
38702;2530306;566419456;42110976;515690496;0;0;0;0;0;0;0;0;0;0;0;2885;0;0;0;0;0;0;
38703;4588575;566419456;42110976;515690496;0;0;0;0;0;0;0;0;0;0;0;2736;0;0;0;0;0;0;
38704;2784942;566444032;42102784;515682304;0;0;0;0;0;0;0;0;0;0;0;3126;0;0;0;0;0;0;
38705;4565863;566444032;42102784;515682304;0;0;0;0;0;0;0;0;0;0;0;2685;0;0;0;0;0;0;
38706;2581672;566444032;42102784;515682304;0;0;0;0;0;0;0;0;0;0;0;3136;0;0;0;0;0;0;
38707;4660590;566444032;42102784;515682304;0;0;0;0;0;0;0;0;0;0;0;2825;0;0;0;0;0;0;
38708;2412204;566444032;42102784;515682304;0;0;0;0;0;0;0;0;0;0;0;3116;0;0;0;0;0;0;
38709;4643648;566444032;42102784;515682304;0;0;0;0;0;0;0;0;0;0;0;2805;0;0;0;0;0;0;
38710;2577604;566444032;42102784;515682304;0;0;0;0;0;0;0;0;0;0;0;2655;0;0;0;0;0;0;
38711;4596059;566444032;42102784;515682304;0;0;0;0;0;0;0;0;0;0;0;2735;0;0;0;0;0;0;
38712;2534784;566444032;42102784;515682304;0;0;0;0;0;0;0;0;0;0;0;2926;0;0;0;0;0;0;
38713;4560502;566444032;42102784;515682304;0;0;0;0;0;0;0;0;0;0;0;2796;0;0;0;0;0;0;
38714;2531398;566444032;42102784;515682304;0;0;0;0;0;0;0;0;0;0;0;3257;0;0;0;0;0;0;
38715;4722777;566444032;42102784;515682304;0;0;0;0;0;0;0;0;0;0;0;2745;0;0;0;0;0;0;
38716;2497243;566444032;42102784;515682304;0;0;0;0;0;0;0;0;0;0;0;3677;0;0;0;0;0;0;
38717;4622098;566444032;42102784;515682304;0;0;0;0;0;0;0;0;0;0;0;3557;0;0;0;0;0;0;
38718;2481043;566444032;42102784;515682304;0;0;0;0;0;0;0;0;0;0;0;3327;0;0;0;0;0;0;
38719;4545905;566444032;42102784;515682304;0;0;0;0;0;0;0;0;0;0;0;2825;0;0;0;0;0;0;
38720;2516900;566444032;42102784;515682304;0;0;0;0;0;0;0;0;0;0;0;3106;0;0;0;0;0;0;
38721;4675228;566444032;42102784;515682304;0;0;0;0;0;0;0;0;0;0;0;2685;0;0;0;0;0;0;
38722;2488757;566444032;42102784;515682304;0;0;0;0;0;0;0;0;0;0;0;3216;0;0;0;0;0;0;
38723;4712548;566444032;42102784;515682304;0;0;0;0;0;0;0;0;0;0;0;3046;0;0;0;0;0;0;
38724;2507432;566444032;42102784;515682304;0;0;0;0;0;0;0;0;0;0;0;3126;0;0;0;0;0;0;
38725;4589237;566444032;42102784;515682304;0;0;0;0;0;0;0;0;0;0;0;2555;0;0;0;0;0;0;
38726;2722676;566444032;42102784;515682304;0;0;0;0;0;0;0;0;0;0;0;3026;0;0;0;0;0;0;
38727;4604906;566444032;42102784;515682304;0;0;0;0;0;0;0;0;0;0;0;2795;0;0;0;0;0;0;
38728;2616938;566444032;42102784;515682304;0;0;0;0;0;0;0;0;0;0;0;3236;0;0;0;0;0;0;
38729;4572645;566444032;42102784;515682304;0;0;0;0;0;0;0;0;0;0;0;2885;0;0;0;0;0;0;
38730;2431159;566444032;42102784;515682304;0;0;0;0;0;0;0;0;0;0;0;3106;0;0;0;0;0;0;
38731;4608132;566444032;42102784;515682304;0;0;0;0;0;0;0;0;0;0;0;2535;0;0;0;0;0;0;
38732;2525556;566444032;42102784;515682304;0;0;0;0;0;0;0;0;0;0;0;2865;0;0;0;0;0;0;
38733;4587293;566444032;42102784;515682304;0;0;0;0;0;0;0;0;0;0;0;2454;0;0;0;0;0;0;
38734;2505429;566444032;42102784;515682304;0;0;0;0;0;0;0;0;0;0;0;2855;0;0;0;0;0;0;
38735;4481565;566444032;42102784;515682304;0;0;0;0;0;0;0;0;0;0;0;2805;0;0;0;0;0;0;
38736;2520637;566444032;42102784;515682304;0;0;0;0;0;0;0;0;0;0;0;3085;0;0;0;0;0;0;
38737;4604094;566444032;42102784;515682304;0;0;0;0;0;0;0;0;0;0;0;2845;0;0;0;0;0;0;
38738;2517812;566444032;42102784;515682304;0;0;0;0;0;0;0;0;0;0;0;3005;0;0;0;0;0;0;
38739;4764866;566444032;42102784;515682304;0;0;0;0;0;0;0;0;0;0;0;3226;0;0;0;0;0;0;
38740;2436930;566444032;42102784;515682304;0;0;0;0;0;0;0;0;0;0;0;3317;0;0;0;0;0;0;
38741;4649640;566444032;42102784;515682304;0;0;0;0;0;0;0;0;0;0;0;2735;0;0;0;0;0;0;
38742;2453872;566444032;42102784;515682304;0;0;0;0;0;0;0;0;0;0;0;2885;0;0;0;0;0;0;
38743;4598964;566444032;42102784;515682304;0;0;0;0;0;0;0;0;0;0;0;3015;0;0;0;0;0;0;
38744;2555332;566444032;42102784;515682304;0;0;0;0;0;0;0;0;0;0;0;3005;0;0;0;0;0;0;
38745;4680117;566444032;42102784;515682304;0;0;0;0;0;0;0;0;0;0;0;2725;0;0;0;0;0;0;
38746;2505148;566444032;42102784;515682304;0;0;0;0;0;0;0;0;0;0;0;2996;0;0;0;0;0;0;
38747;4648086;566444032;42102784;515682304;0;0;0;0;0;0;0;0;0;0;0;2835;0;0;0;0;0;0;
38748;2555713;566444032;42102784;515682304;0;0;0;0;0;0;0;0;0;0;0;3196;0;0;0;0;0;0;
38749;4707979;566444032;42102784;515682304;0;0;0;0;0;0;0;0;0;0;0;2835;0;0;0;0;0;0;
38750;2584627;566444032;42102784;515682304;0;0;0;0;0;0;0;0;0;0;0;2965;0;0;0;0;0;0;
38751;4557176;566444032;42102784;515682304;0;0;0;0;0;0;0;0;0;0;0;3136;0;0;0;0;0;0;
38752;2743685;566444032;42102784;515682304;0;0;0;0;0;0;0;0;0;0;0;3085;0;0;0;0;0;0;
38753;4578637;566444032;42102784;515682304;0;0;0;0;0;0;0;0;0;0;0;2885;0;0;0;0;0;0;
38754;2618851;566444032;42102784;515682304;0;0;0;0;0;0;0;0;0;0;0;3146;0;0;0;0;0;0;
38755;4668084;566444032;42102784;515682304;0;0;0;0;0;0;0;0;0;0;0;2755;0;0;0;0;0;0;
38756;2664597;566444032;42102784;515682304;0;0;0;0;0;0;0;0;0;0;0;3026;0;0;0;0;0;0;
38757;4520117;566444032;42102784;515682304;0;0;0;0;0;0;0;0;0;0;0;2555;0;0;0;0;0;0;
38758;2579688;566444032;42102784;515682304;0;0;0;0;0;0;0;0;0;0;0;2915;0;0;0;0;0;0;
38759;4638079;566444032;42102784;515682304;0;0;0;0;0;0;0;0;0;0;0;2905;0;0;0;0;0;0;
38760;2493295;566444032;42102784;515682304;0;0;0;0;0;0;0;0;0;0;0;2775;0;0;0;0;0;0;
38761;4662073;566444032;42102784;515682304;0;0;0;0;0;0;0;0;0;0;0;2795;0;0;0;0;0;0;
38762;2542939;566444032;42102784;515682304;0;0;0;0;0;0;0;0;0;0;0;3046;0;0;0;0;0;0;
38763;4590109;566444032;42102784;515682304;0;0;0;0;0;0;0;0;0;0;0;2725;0;0;0;0;0;0;
38764;2669166;566444032;42102784;515682304;0;0;0;0;0;0;0;0;0;0;0;2956;0;0;0;0;0;0;
38765;4682782;566444032;42102784;515682304;0;0;0;0;0;0;0;0;0;0;0;2845;0;0;0;0;0;0;
38766;2519384;566444032;42102784;515682304;0;0;0;0;0;0;0;0;0;0;0;2945;0;0;0;0;0;0;
38767;4644820;566444032;42102784;515682304;0;0;0;0;0;0;0;0;0;0;0;3136;0;0;0;0;0;0;
38768;2613411;566444032;42102784;515682304;0;0;0;0;0;0;0;0;0;0;0;3005;0;0;0;0;0;0;
38769;4667914;566444032;42102784;515682304;0;0;0;0;0;0;0;0;0;0;0;3326;0;0;0;0;0;0;
38770;2513093;566444032;42102784;515682304;0;0;0;0;0;0;0;0;0;0;0;3667;0;0;0;0;0;0;
38771;4695195;566444032;42102784;515682304;0;0;0;0;0;0;0;0;0;0;0;3306;0;0;0;0;0;0;
38772;2490241;566444032;42102784;515682304;0;0;0;0;0;0;0;0;0;0;0;3186;0;0;0;0;0;0;
38773;4772651;566444032;42102784;515682304;0;0;0;0;0;0;0;0;0;0;0;3176;0;0;0;0;0;0;
38774;2538080;566444032;42102784;515682304;0;0;0;0;0;0;0;0;0;0;0;3306;0;0;0;0;0;0;
38775;4684926;566444032;42102784;515682304;0;0;0;0;0;0;0;0;0;0;0;2946;0;0;0;0;0;0;
38776;2546266;566444032;42102784;515682304;0;0;0;0;0;0;0;0;0;0;0;2966;0;0;0;0;0;0;
38777;4643057;566444032;42102784;515682304;0;0;0;0;0;0;0;0;0;0;0;2855;0;0;0;0;0;0;
38778;2574719;566444032;42102784;515682304;0;0;0;0;0;0;0;0;0;0;0;3166;0;0;0;0;0;0;
38779;4612290;566444032;42102784;515682304;0;0;0;0;0;0;0;0;0;0;0;3026;0;0;0;0;0;0;
38780;2601829;566444032;42102784;515682304;0;0;0;0;0;0;0;0;0;0;0;3376;0;0;0;0;0;0;
38781;4716505;566444032;42102784;515682304;0;0;0;0;0;0;0;0;0;0;0;2995;0;0;0;0;0;0;
38782;2624592;566444032;42102784;515682304;0;0;0;0;0;0;0;0;0;0;0;2555;0;0;0;0;0;0;
38783;4732095;566444032;42102784;515682304;0;0;0;0;0;0;0;0;0;0;0;3056;0;0;0;0;0;0;
38784;2472276;566444032;42102784;515682304;0;0;0;0;0;0;0;0;0;0;0;3326;0;0;0;0;0;0;
38785;4611959;566444032;42102784;515682304;0;0;0;0;0;0;0;0;0;0;0;3116;0;0;0;0;0;0;
38786;2514035;566444032;42102784;515682304;0;0;0;0;0;0;0;0;0;0;0;3016;0;0;0;0;0;0;
38787;4661452;566444032;42102784;515682304;0;0;0;0;0;0;0;0;0;0;0;3426;0;0;0;0;0;0;
38788;2443262;566444032;42102784;515682304;0;0;0;0;0;0;0;0;0;0;0;3016;0;0;0;0;0;0;
38789;4727616;566444032;42102784;515682304;0;0;0;0;0;0;0;0;0;0;0;2895;0;0;0;0;0;0;
38790;2532459;566444032;42102784;515682304;0;0;0;0;0;0;0;0;0;0;0;2925;0;0;0;0;0;0;
38791;4628921;566444032;42102784;515682304;0;0;0;0;0;0;0;0;0;0;0;2966;0;0;0;0;0;0;
38792;2890120;566444032;42102784;515682304;0;0;0;0;0;0;0;0;0;0;0;3527;0;0;0;0;0;0;
38793;4748896;566444032;42102784;515682304;0;0;0;0;0;0;0;0;0;0;0;2755;0;0;0;0;0;0;
38794;2468750;566444032;42102784;515682304;0;0;0;0;0;0;0;0;0;0;0;3607;0;0;0;0;0;0;
38795;4617650;566444032;42102784;515682304;0;0;0;0;0;0;0;0;0;0;0;3466;0;0;0;0;0;0;
38796;2510889;566444032;42102784;515682304;0;0;0;0;0;0;0;0;0;0;0;3226;0;0;0;0;0;0;
38797;4617460;566444032;42102784;515682304;0;0;0;0;0;0;0;0;0;0;0;2905;0;0;0;0;0;0;
38798;2471234;566444032;42102784;515682304;0;0;0;0;0;0;0;0;0;0;0;2765;0;0;0;0;0;0;
38799;4524325;566444032;42102784;515682304;0;0;0;0;0;0;0;0;0;0;0;3006;0;0;0;0;0;0;
38800;2673584;566444032;42102784;515682304;0;0;0;0;0;0;0;0;0;0;0;2765;0;0;0;0;0;0;
38801;4565051;566444032;42102784;515682304;0;0;0;0;0;0;0;0;0;0;0;2986;0;0;0;0;0;0;
38802;2453591;566444032;42102784;515682304;0;0;0;0;0;0;0;0;0;0;0;2946;0;0;0;0;0;0;
38803;4590990;566444032;42102784;515682304;0;0;0;0;0;0;0;0;0;0;0;3376;0;0;0;0;0;0;
38804;2558598;566444032;42102784;515682304;0;0;0;0;0;0;0;0;0;0;0;3096;0;0;0;0;0;0;
38805;4510439;566444032;42102784;515682304;0;0;0;0;0;0;0;0;0;0;0;2765;0;0;0;0;0;0;
38806;2654048;566444032;42102784;515682304;0;0;0;0;0;0;0;0;0;0;0;3206;0;0;0;0;0;0;
38807;4582504;566444032;42102784;515682304;0;0;0;0;0;0;0;0;0;0;0;3566;0;0;0;0;0;0;
38808;2550773;566444032;42102784;515682304;0;0;0;0;0;0;0;0;0;0;0;3397;0;0;0;0;0;0;
38809;4812786;566444032;42102784;515682304;0;0;0;0;0;0;0;0;0;0;0;3627;0;0;0;0;0;0;
38810;2571242;566444032;42102784;515682304;0;0;0;0;0;0;0;0;0;0;0;3616;0;0;0;0;0;0;
38811;4716455;566444032;42102784;515682304;0;0;0;0;0;0;0;0;0;0;0;3056;0;0;0;0;0;0;
38812;2431390;566444032;42102784;515682304;0;0;0;0;0;0;0;0;0;0;0;3156;0;0;0;0;0;0;
38813;4567536;566444032;42102784;515682304;0;0;0;0;0;0;0;0;0;0;0;3266;0;0;0;0;0;0;
38814;2643378;566444032;42102784;515682304;0;0;0;0;0;0;0;0;0;0;0;3417;0;0;0;0;0;0;
38815;4606258;566444032;42102784;515682304;0;0;0;0;0;0;0;0;0;0;0;3226;0;0;0;0;0;0;
38816;2721464;566444032;42102784;515682304;0;0;0;0;0;0;0;0;0;0;0;2965;0;0;0;0;0;0;
38817;4510940;566444032;42102784;515682304;0;0;0;0;0;0;0;0;0;0;0;2785;0;0;0;0;0;0;
38818;2691468;566444032;42102784;515682304;0;0;0;0;0;0;0;0;0;0;0;3286;0;0;0;0;0;0;
38819;4580841;566444032;42102784;515682304;0;0;0;0;0;0;0;0;0;0;0;3206;0;0;0;0;0;0;
38820;2462749;566444032;42102784;515682304;0;0;0;0;0;0;0;0;0;0;0;2926;0;0;0;0;0;0;
38821;4656883;566444032;42102784;515682304;0;0;0;0;0;0;0;0;0;0;0;3236;0;0;0;0;0;0;
38822;2451748;566444032;42102784;515682304;0;0;0;0;0;0;0;0;0;0;0;3416;0;0;0;0;0;0;
38823;4588315;566444032;42102784;515682304;0;0;0;0;0;0;0;0;0;0;0;3446;0;0;0;0;0;0;
38824;2683322;566444032;42102784;515682304;0;0;0;0;0;0;0;0;0;0;0;3357;0;0;0;0;0;0;
38825;4683242;566444032;42102784;515682304;0;0;0;0;0;0;0;0;0;0;0;3347;0;0;0;0;0;0;
38826;2644430;566444032;42102784;515682304;0;0;0;0;0;0;0;0;0;0;0;3346;0;0;0;0;0;0;
38827;4558799;566444032;42102784;515682304;0;0;0;0;0;0;0;0;0;0;0;3076;0;0;0;0;0;0;
38828;2579047;566444032;42102784;515682304;0;0;0;0;0;0;0;0;0;0;0;3156;0;0;0;0;0;0;
38829;4582815;566444032;42102784;515682304;0;0;0;0;0;0;0;0;0;0;0;2795;0;0;0;0;0;0;
38830;2633007;566444032;42102784;515682304;0;0;0;0;0;0;0;0;0;0;0;3336;0;0;0;0;0;0;
38831;4605196;566444032;42102784;515682304;0;0;0;0;0;0;0;0;0;0;0;3065;0;0;0;0;0;0;
38832;2489929;566444032;42102784;515682304;0;0;0;0;0;0;0;0;0;0;0;3317;0;0;0;0;0;0;
38833;4674707;566444032;42102784;515682304;0;0;0;0;0;0;0;0;0;0;0;3497;0;0;0;0;0;0;
38834;2437101;566444032;42102784;515682304;0;0;0;0;0;0;0;0;0;0;0;2845;0;0;0;0;0;0;
38835;4564110;566444032;42102784;515682304;0;0;0;0;0;0;0;0;0;0;0;3526;0;0;0;0;0;0;
38836;2535805;566444032;42102784;515682304;0;0;0;0;0;0;0;0;0;0;0;3006;0;0;0;0;0;0;
38837;4535044;566444032;42102784;515682304;0;0;0;0;0;0;0;0;0;0;0;3216;0;0;0;0;0;0;
38838;2626175;566444032;42102784;515682304;0;0;0;0;0;0;0;0;0;0;0;3787;0;0;0;0;0;0;
38839;4686038;566444032;42102784;515682304;0;0;0;0;0;0;0;0;0;0;0;2685;0;0;0;0;0;0;
38840;2850326;566444032;42102784;515682304;0;0;0;0;0;0;0;0;0;0;0;3877;0;0;0;0;0;0;
38841;4530266;566444032;42102784;515682304;0;0;0;0;0;0;0;0;0;0;0;2715;0;0;0;0;0;0;
38842;2697348;566444032;42102784;515682304;0;0;0;0;0;0;0;0;0;0;0;3035;0;0;0;0;0;0;
38843;4622398;566444032;42102784;515682304;0;0;0;0;0;0;0;0;0;0;0;2715;0;0;0;0;0;0;
38844;2508444;566444032;42102784;515682304;0;0;0;0;0;0;0;0;0;0;0;3006;0;0;0;0;0;0;
38845;4611007;566444032;42102784;515682304;0;0;0;0;0;0;0;0;0;0;0;3337;0;0;0;0;0;0;
38846;2509416;566444032;42102784;515682304;0;0;0;0;0;0;0;0;0;0;0;3166;0;0;0;0;0;0;
38847;4626527;566444032;42102784;515682304;0;0;0;0;0;0;0;0;0;0;0;3417;0;0;0;0;0;0;
38848;2650941;566444032;42102784;515682304;0;0;0;0;0;0;0;0;0;0;0;3186;0;0;0;0;0;0;
38849;4549412;566444032;42102784;515682304;0;0;0;0;0;0;0;0;0;0;0;3055;0;0;0;0;0;0;
38850;2628860;566444032;42102784;515682304;0;0;0;0;0;0;0;0;0;0;0;3006;0;0;0;0;0;0;
38851;4603804;566444032;42102784;515682304;0;0;0;0;0;0;0;0;0;0;0;3166;0;0;0;0;0;0;
38852;2772319;566444032;42102784;515682304;0;0;0;0;0;0;0;0;0;0;0;3126;0;0;0;0;0;0;
38853;4713189;566444032;42102784;515682304;0;0;0;0;0;0;0;0;0;0;0;2845;0;0;0;0;0;0;
38854;2566393;566444032;42102784;515682304;0;0;0;0;0;0;0;0;0;0;0;4107;0;0;0;0;0;0;
38855;4614404;566444032;42102784;515682304;0;0;0;0;0;0;0;0;0;0;0;3076;0;0;0;0;0;0;
38856;2520167;566444032;42102784;515682304;0;0;0;0;0;0;0;0;0;0;0;3276;0;0;0;0;0;0;
38857;4665360;566444032;42102784;515682304;0;0;0;0;0;0;0;0;0;0;0;3386;0;0;0;0;0;0;
38858;2488166;566444032;42102784;515682304;0;0;0;0;0;0;0;0;0;0;0;3296;0;0;0;0;0;0;
38859;4652465;566444032;42102784;515682304;0;0;0;0;0;0;0;0;0;0;0;3206;0;0;0;0;0;0;
38860;2493275;566444032;42102784;515682304;0;0;0;0;0;0;0;0;0;0;0;3276;0;0;0;0;0;0;
38861;4655621;566444032;42102784;515682304;0;0;0;0;0;0;0;0;0;0;0;3166;0;0;0;0;0;0;
38862;2463470;566444032;42102784;515682304;0;0;0;0;0;0;0;0;0;0;0;3076;0;0;0;0;0;0;
38863;4640632;566444032;42102784;515682304;0;0;0;0;0;0;0;0;0;0;0;3076;0;0;0;0;0;0;
38864;2978075;566444032;42102784;515682304;0;0;0;0;0;0;0;0;0;0;0;3256;0;0;0;0;0;0;
38865;4625655;566444032;42102784;515682304;0;0;0;0;0;0;0;0;0;0;0;2775;0;0;0;0;0;0;
38866;2669506;566444032;42102784;515682304;0;0;0;0;0;0;0;0;0;0;0;2905;0;0;0;0;0;0;
38867;4558078;566444032;42102784;515682304;0;0;0;0;0;0;0;0;0;0;0;2545;0;0;0;0;0;0;
38868;3491188;566444032;42102784;515682304;0;0;0;0;0;0;0;0;0;0;0;2505;0;0;0;0;0;0;
38869;4683713;566444032;42102784;515682304;0;0;0;0;0;0;0;0;0;0;0;2354;0;0;0;0;0;0;
38870;2504617;566444032;42102784;515682304;0;0;0;0;0;0;0;0;0;0;0;2785;0;0;0;0;0;0;
38871;4714872;566444032;42102784;515682304;0;0;0;0;0;0;0;0;0;0;0;2645;0;0;0;0;0;0;
38872;2721875;566444032;42102784;515682304;0;0;0;0;0;0;0;0;0;0;0;2835;0;0;0;0;0;0;
38873;4875944;566444032;42102784;515682304;0;0;0;0;0;0;0;0;0;0;0;3176;0;0;0;0;0;0;
38874;2657454;566444032;42102784;515682304;0;0;0;0;0;0;0;0;0;0;0;3046;0;0;0;0;0;0;
38875;4608422;566444032;42102784;515682304;0;0;0;0;0;0;0;0;0;0;0;2936;0;0;0;0;0;0;
38876;2553078;566444032;42102784;515682304;0;0;0;0;0;0;0;0;0;0;0;3376;0;0;0;0;0;0;
38877;4807085;566444032;42102784;515682304;0;0;0;0;0;0;0;0;0;0;0;3015;0;0;0;0;0;0;
38878;2544783;566444032;42102784;515682304;0;0;0;0;0;0;0;0;0;0;0;3146;0;0;0;0;0;0;
38879;4671962;566444032;42102784;515682304;0;0;0;0;0;0;0;0;0;0;0;2835;0;0;0;0;0;0;
38880;2445766;566444032;42102784;515682304;0;0;0;0;0;0;0;0;0;0;0;3165;0;0;0;0;0;0;
38881;4552457;566444032;42102784;515682304;0;0;0;0;0;0;0;0;0;0;0;2735;0;0;0;0;0;0;
38882;2449534;566444032;42102784;515682304;0;0;0;0;0;0;0;0;0;0;0;3176;0;0;0;0;0;0;
38883;4692611;566444032;42102784;515682304;0;0;0;0;0;0;0;0;0;0;0;3116;0;0;0;0;0;0;
38884;2574959;566444032;42102784;515682304;0;0;0;0;0;0;0;0;0;0;0;2836;0;0;0;0;0;0;
38885;4849956;566444032;42102784;515682304;0;0;0;0;0;0;0;0;0;0;0;2545;0;0;0;0;0;0;
38886;2701727;566444032;42102784;515682304;0;0;0;0;0;0;0;0;0;0;0;3055;0;0;0;0;0;0;
38887;4583055;566444032;42102784;515682304;0;0;0;0;0;0;0;0;0;0;0;2896;0;0;0;0;0;0;
38888;2624653;566444032;42102784;515682304;0;0;0;0;0;0;0;0;0;0;0;2705;0;0;0;0;0;0;
38889;4611358;566444032;42102784;515682304;0;0;0;0;0;0;0;0;0;0;0;2915;0;0;0;0;0;0;
38890;2656642;566444032;42102784;515682304;0;0;0;0;0;0;0;0;0;0;0;3296;0;0;0;0;0;0;
38891;4736613;566444032;42102784;515682304;0;0;0;0;0;0;0;0;0;0;0;2695;0;0;0;0;0;0;
38892;2594826;566444032;42102784;515682304;0;0;0;0;0;0;0;0;0;0;0;3286;0;0;0;0;0;0;
38893;4907664;566444032;42102784;515682304;0;0;0;0;0;0;0;0;0;0;0;2816;0;0;0;0;0;0;
38894;2501141;566444032;42102784;515682304;0;0;0;0;0;0;0;0;0;0;0;3135;0;0;0;0;0;0;
38895;4599276;566444032;42102784;515682304;0;0;0;0;0;0;0;0;0;0;0;3086;0;0;0;0;0;0;
38896;2715112;566444032;42102784;515682304;0;0;0;0;0;0;0;0;0;0;0;2876;0;0;0;0;0;0;
38897;4659528;566444032;42102784;515682304;0;0;0;0;0;0;0;0;0;0;0;2625;0;0;0;0;0;0;
38898;2599755;566444032;42102784;515682304;0;0;0;0;0;0;0;0;0;0;0;3176;0;0;0;0;0;0;
38899;4561515;566444032;42102784;515682304;0;0;0;0;0;0;0;0;0;0;0;2725;0;0;0;0;0;0;
38900;2562877;566444032;42102784;515682304;0;0;0;0;0;0;0;0;0;0;0;3076;0;0;0;0;0;0;
38901;4522852;566444032;42102784;515682304;0;0;0;0;0;0;0;0;0;0;0;2755;0;0;0;0;0;0;
38902;2659136;566444032;42102784;515682304;0;0;0;0;0;0;0;0;0;0;0;3106;0;0;0;0;0;0;
38903;4828174;566444032;42102784;515682304;0;0;0;0;0;0;0;0;0;0;0;3016;0;0;0;0;0;0;
38904;2521830;566444032;42102784;515682304;0;0;0;0;0;0;0;0;0;0;0;3096;0;0;0;0;0;0;
38905;4662354;566444032;42102784;515682304;0;0;0;0;0;0;0;0;0;0;0;2485;0;0;0;0;0;0;
38906;2613180;566444032;42102784;515682304;0;0;0;0;0;0;0;0;0;0;0;3326;0;0;0;0;0;0;
38907;4862268;566444032;42102784;515682304;0;0;0;0;0;0;0;0;0;0;0;3066;0;0;0;0;0;0;
38908;2595789;566444032;42102784;515682304;0;0;0;0;0;0;0;0;0;0;0;3126;0;0;0;0;0;0;
38909;7634688;566444032;42102784;515682304;0;0;0;0;0;0;0;0;0;0;0;2915;0;0;0;0;0;0;
38910;9383407;566444032;42102784;515682304;0;0;0;0;0;0;0;0;0;0;0;4268;0;0;0;0;0;0;
38911;4793830;566444032;42102784;515682304;0;0;0;0;0;0;0;0;0;0;0;2525;0;0;0;0;0;0;
38912;2513473;566444032;42102784;515682304;0;0;0;0;0;0;0;0;0;0;0;3016;0;0;0;0;0;0;
38913;4734709;566444032;42102784;515682304;0;0;0;0;0;0;0;0;0;0;0;2374;0;0;0;0;0;0;
38914;2637566;566444032;42102784;515682304;0;0;0;0;0;0;0;0;0;0;0;2385;0;0;0;0;0;0;
38915;4818848;566444032;42102784;515682304;0;0;0;0;0;0;0;0;0;0;0;2194;0;0;0;0;0;0;
38916;2775195;566444032;42102784;515682304;0;0;0;0;0;0;0;0;0;0;0;2956;0;0;0;0;0;0;
38917;4556806;566444032;42102784;515682304;0;0;0;0;0;0;0;0;0;0;0;2705;0;0;0;0;0;0;
38918;2603974;566444032;42102784;515682304;0;0;0;0;0;0;0;0;0;0;0;2745;0;0;0;0;0;0;
38919;4621317;566444032;42102784;515682304;0;0;0;0;0;0;0;0;0;0;0;2895;0;0;0;0;0;0;
38920;2593905;566444032;42102784;515682304;0;0;0;0;0;0;0;0;0;0;0;2595;0;0;0;0;0;0;
38921;4561735;566444032;42102784;515682304;0;0;0;0;0;0;0;0;0;0;0;2074;0;0;0;0;0;0;
38922;2658926;566444032;42102784;515682304;0;0;0;0;0;0;0;0;0;0;0;2875;0;0;0;0;0;0;
38923;4640112;566444032;42102784;515682304;0;0;0;0;0;0;0;0;0;0;0;2265;0;0;0;0;0;0;
38924;2829657;566444032;42102784;515682304;0;0;0;0;0;0;0;0;0;0;0;11271;0;0;0;0;0;0;
38925;4632849;566444032;42102784;515682304;0;0;0;0;0;0;0;0;0;0;0;2765;0;0;0;0;0;0;
38926;2535254;566444032;42102784;515682304;0;0;0;0;0;0;0;0;0;0;0;3016;0;0;0;0;0;0;
38927;4696608;566444032;42102784;515682304;0;0;0;0;0;0;0;0;0;0;0;2965;0;0;0;0;0;0;
38928;2483397;566444032;42102784;515682304;0;0;0;0;0;0;0;0;0;0;0;2735;0;0;0;0;0;0;
38929;4579569;566444032;42102784;515682304;0;0;0;0;0;0;0;0;0;0;0;2895;0;0;0;0;0;0;
38930;2658646;566444032;42102784;515682304;0;0;0;0;0;0;0;0;0;0;0;3166;0;0;0;0;0;0;
38931;4517362;566444032;42102784;515682304;0;0;0;0;0;0;0;0;0;0;0;2926;0;0;0;0;0;0;
38932;2810421;566444032;42102784;515682304;0;0;0;0;0;0;0;0;0;0;0;3426;0;0;0;0;0;0;
38933;4578707;566444032;42102784;515682304;0;0;0;0;0;0;0;0;0;0;0;2785;0;0;0;0;0;0;
38934;2679365;566444032;42102784;515682304;0;0;0;0;0;0;0;0;0;0;0;2846;0;0;0;0;0;0;
38935;4748957;566444032;42102784;515682304;0;0;0;0;0;0;0;0;0;0;0;2615;0;0;0;0;0;0;
38936;2471014;566444032;42102784;515682304;0;0;0;0;0;0;0;0;0;0;0;2796;0;0;0;0;0;0;
38937;4679986;566444032;42102784;515682304;0;0;0;0;0;0;0;0;0;0;0;2595;0;0;0;0;0;0;
38938;2585539;566444032;42102784;515682304;0;0;0;0;0;0;0;0;0;0;0;2695;0;0;0;0;0;0;
38939;4544443;566444032;42102784;515682304;0;0;0;0;0;0;0;0;0;0;0;2545;0;0;0;0;0;0;
38940;2757511;566444032;42102784;515682304;0;0;0;0;0;0;0;0;0;0;0;2625;0;0;0;0;0;0;
38941;4610366;566444032;42102784;515682304;0;0;0;0;0;0;0;0;0;0;0;2896;0;0;0;0;0;0;
38942;2603012;566444032;42102784;515682304;0;0;0;0;0;0;0;0;0;0;0;2635;0;0;0;0;0;0;
38943;4550343;566444032;42102784;515682304;0;0;0;0;0;0;0;0;0;0;0;2695;0;0;0;0;0;0;
38944;2620755;566444032;42102784;515682304;0;0;0;0;0;0;0;0;0;0;0;3106;0;0;0;0;0;0;
38945;4565001;566444032;42102784;515682304;0;0;0;0;0;0;0;0;0;0;0;2775;0;0;0;0;0;0;
38946;2637165;566444032;42102784;515682304;0;0;0;0;0;0;0;0;0;0;0;3516;0;0;0;0;0;0;
38947;4817003;566444032;42102784;515682304;0;0;0;0;0;0;0;0;0;0;0;3076;0;0;0;0;0;0;
38948;2694433;566444032;42102784;515682304;0;0;0;0;0;0;0;0;0;0;0;2956;0;0;0;0;0;0;
38949;4600788;566444032;42102784;515682304;0;0;0;0;0;0;0;0;0;0;0;3366;0;0;0;0;0;0;
38950;2605817;566444032;42102784;515682304;0;0;0;0;0;0;0;0;0;0;0;3096;0;0;0;0;0;0;
38951;4630544;566444032;42102784;515682304;0;0;0;0;0;0;0;0;0;0;0;2695;0;0;0;0;0;0;
38952;2514486;566444032;42102784;515682304;0;0;0;0;0;0;0;0;0;0;0;3256;0;0;0;0;0;0;
38953;4579689;566444032;42102784;515682304;0;0;0;0;0;0;0;0;0;0;0;3026;0;0;0;0;0;0;
38954;2719991;566444032;42102784;515682304;0;0;0;0;0;0;0;0;0;0;0;3597;0;0;0;0;0;0;
38955;4592453;566444032;42102784;515682304;0;0;0;0;0;0;0;0;0;0;0;2775;0;0;0;0;0;0;
38956;2557737;566444032;42102784;515682304;0;0;0;0;0;0;0;0;0;0;0;3767;0;0;0;0;0;0;
38957;4694394;566444032;42102784;515682304;0;0;0;0;0;0;0;0;0;0;0;2855;0;0;0;0;0;0;
38958;2474240;566444032;42102784;515682304;0;0;0;0;0;0;0;0;0;0;0;2896;0;0;0;0;0;0;
38959;4698241;566444032;42102784;515682304;0;0;0;0;0;0;0;0;0;0;0;2885;0;0;0;0;0;0;
38960;2468810;566444032;42102784;515682304;0;0;0;0;0;0;0;0;0;0;0;3196;0;0;0;0;0;0;
38961;4666302;566444032;42102784;515682304;0;0;0;0;0;0;0;0;0;0;0;2996;0;0;0;0;0;0;
38962;2582082;566444032;42102784;515682304;0;0;0;0;0;0;0;0;0;0;0;2955;0;0;0;0;0;0;
38963;4596841;566444032;42102784;515682304;0;0;0;0;0;0;0;0;0;0;0;2514;0;0;0;0;0;0;
38964;2945203;566444032;42102784;515682304;0;0;0;0;0;0;0;0;0;0;0;3176;0;0;0;0;0;0;
38965;4521049;566444032;42102784;515682304;0;0;0;0;0;0;0;0;0;0;0;2625;0;0;0;0;0;0;
38966;2897304;566444032;42102784;515682304;0;0;0;0;0;0;0;0;0;0;0;3146;0;0;0;0;0;0;
38967;4609435;566444032;42102784;515682304;0;0;0;0;0;0;0;0;0;0;0;2675;0;0;0;0;0;0;
38968;2939893;566444032;42102784;515682304;0;0;0;0;0;0;0;0;0;0;0;2905;0;0;0;0;0;0;
38969;4521590;566444032;42102784;515682304;0;0;0;0;0;0;0;0;0;0;0;3005;0;0;0;0;0;0;
38970;2835066;566444032;42102784;515682304;0;0;0;0;0;0;0;0;0;0;0;3096;0;0;0;0;0;0;
38971;4820350;566444032;42110976;515690496;0;0;0;0;0;0;0;0;0;0;0;3176;0;0;0;0;0;0;
38972;2824296;566444032;42110976;515690496;0;0;0;0;0;0;0;0;0;0;0;3016;0;0;0;0;0;0;
38973;4743476;566444032;42110976;515690496;0;0;0;0;0;0;0;0;0;0;0;3236;0;0;0;0;0;0;
38974;2510328;566444032;42110976;515690496;0;0;0;0;0;0;0;0;0;0;0;3086;0;0;0;0;0;0;
38975;4758214;566444032;42110976;515690496;0;0;0;0;0;0;0;0;0;0;0;3397;0;0;0;0;0;0;
38976;2450225;566444032;42110976;515690496;0;0;0;0;0;0;0;0;0;0;0;3737;0;0;0;0;0;0;
38977;4608232;566444032;42110976;515690496;0;0;0;0;0;0;0;0;0;0;0;3366;0;0;0;0;0;0;
38978;2564981;566489088;42102784;515682304;0;0;0;0;0;0;0;0;0;0;0;3356;0;0;0;0;0;0;
38979;4626716;566489088;42102784;515682304;0;0;0;0;0;0;0;0;0;0;0;3025;0;0;0;0;0;0;
38980;2496151;566489088;42102784;515682304;0;0;0;0;0;0;0;0;0;0;0;3606;0;0;0;0;0;0;
38981;4669116;566489088;42102784;515682304;0;0;0;0;0;0;0;0;0;0;0;3085;0;0;0;0;0;0;
38982;2779212;566489088;42102784;515682304;0;0;0;0;0;0;0;0;0;0;0;3016;0;0;0;0;0;0;
38983;4628992;566489088;42102784;515682304;0;0;0;0;0;0;0;0;0;0;0;2665;0;0;0;0;0;0;
38984;2807756;566489088;42102784;515682304;0;0;0;0;0;0;0;0;0;0;0;2645;0;0;0;0;0;0;
38985;4666240;566489088;42102784;515682304;0;0;0;0;0;0;0;0;0;0;0;3196;0;0;0;0;0;0;
38986;2607060;566489088;42102784;515682304;0;0;0;0;0;0;0;0;0;0;0;2935;0;0;0;0;0;0;
38987;4593143;566489088;42102784;515682304;0;0;0;0;0;0;0;0;0;0;0;3036;0;0;0;0;0;0;
38988;2650571;566489088;42102784;515682304;0;0;0;0;0;0;0;0;0;0;0;3176;0;0;0;0;0;0;
38989;4613332;566489088;42102784;515682304;0;0;0;0;0;0;0;0;0;0;0;3086;0;0;0;0;0;0;
38990;2653356;566489088;42102784;515682304;0;0;0;0;0;0;0;0;0;0;0;3236;0;0;0;0;0;0;
38991;4644570;566489088;42102784;515682304;0;0;0;0;0;0;0;0;0;0;0;3026;0;0;0;0;0;0;
38992;2721925;566489088;42102784;515682304;0;0;0;0;0;0;0;0;0;0;0;3066;0;0;0;0;0;0;
38993;4720773;566489088;42102784;515682304;0;0;0;0;0;0;0;0;0;0;0;2504;0;0;0;0;0;0;
38994;2613492;566489088;42102784;515682304;0;0;0;0;0;0;0;0;0;0;0;3216;0;0;0;0;0;0;
38995;4619924;566489088;42102784;515682304;0;0;0;0;0;0;0;0;0;0;0;2925;0;0;0;0;0;0;
38996;2468780;566489088;42102784;515682304;0;0;0;0;0;0;0;0;0;0;0;2975;0;0;0;0;0;0;
38997;4710414;566489088;42102784;515682304;0;0;0;0;0;0;0;0;0;0;0;2765;0;0;0;0;0;0;
38998;2565442;566489088;42102784;515682304;0;0;0;0;0;0;0;0;0;0;0;3036;0;0;0;0;0;0;
38999;4679566;566489088;42102784;515682304;0;0;0;0;0;0;0;0;0;0;0;3336;0;0;0;0;0;0;
39000;2571903;566489088;42102784;515682304;0;0;0;0;0;0;0;0;0;0;0;3627;0;0;0;0;0;0;
39001;4637236;566489088;42102784;515682304;0;0;0;0;0;0;0;0;0;0;0;3486;0;0;0;0;0;0;
39002;2511681;566489088;42102784;515682304;0;0;0;0;0;0;0;0;0;0;0;3397;0;0;0;0;0;0;
39003;4647145;566489088;42102784;515682304;0;0;0;0;0;0;0;0;0;0;0;2705;0;0;0;0;0;0;
39004;2630794;566489088;42102784;515682304;0;0;0;0;0;0;0;0;0;0;0;3246;0;0;0;0;0;0;
39005;4662223;566489088;42102784;515682304;0;0;0;0;0;0;0;0;0;0;0;3296;0;0;0;0;0;0;
39006;2534473;566489088;42102784;515682304;0;0;0;0;0;0;0;0;0;0;0;3296;0;0;0;0;0;0;
39007;4662204;566489088;42102784;515682304;0;0;0;0;0;0;0;0;0;0;0;3096;0;0;0;0;0;0;
39008;2615255;566489088;42102784;515682304;0;0;0;0;0;0;0;0;0;0;0;3537;0;0;0;0;0;0;
39009;4723658;566489088;42102784;515682304;0;0;0;0;0;0;0;0;0;0;0;2915;0;0;0;0;0;0;
39010;2456637;566489088;42102784;515682304;0;0;0;0;0;0;0;0;0;0;0;2865;0;0;0;0;0;0;
39011;4668225;566489088;42102784;515682304;0;0;0;0;0;0;0;0;0;0;0;2715;0;0;0;0;0;0;
39012;2447791;566489088;42102784;515682304;0;0;0;0;0;0;0;0;0;0;0;3096;0;0;0;0;0;0;
39013;4626346;566489088;42102784;515682304;0;0;0;0;0;0;0;0;0;0;0;2565;0;0;0;0;0;0;
39014;2643798;566489088;42102784;515682304;0;0;0;0;0;0;0;0;0;0;0;2925;0;0;0;0;0;0;
39015;4600598;566489088;42102784;515682304;0;0;0;0;0;0;0;0;0;0;0;2965;0;0;0;0;0;0;
39016;2649168;566489088;42102784;515682304;0;0;0;0;0;0;0;0;0;0;0;2675;0;0;0;0;0;0;
39017;4600758;566489088;42102784;515682304;0;0;0;0;0;0;0;0;0;0;0;2645;0;0;0;0;0;0;
39018;2559871;566489088;42102784;515682304;0;0;0;0;0;0;0;0;0;0;0;3958;0;0;0;0;0;0;
39019;4682832;566489088;42102784;515682304;0;0;0;0;0;0;0;0;0;0;0;2815;0;0;0;0;0;0;
39020;2559110;566489088;42102784;515682304;0;0;0;0;0;0;0;0;0;0;0;3256;0;0;0;0;0;0;
39021;4628580;566489088;42102784;515682304;0;0;0;0;0;0;0;0;0;0;0;3216;0;0;0;0;0;0;
39022;2607861;566489088;42102784;515682304;0;0;0;0;0;0;0;0;0;0;0;2955;0;0;0;0;0;0;
39023;4616367;566489088;42102784;515682304;0;0;0;0;0;0;0;0;0;0;0;3056;0;0;0;0;0;0;
39024;2547568;566489088;42102784;515682304;0;0;0;0;0;0;0;0;0;0;0;3727;0;0;0;0;0;0;
39025;4673234;566489088;42102784;515682304;0;0;0;0;0;0;0;0;0;0;0;2986;0;0;0;0;0;0;
39026;2599576;566489088;42102784;515682304;0;0;0;0;0;0;0;0;0;0;0;3216;0;0;0;0;0;0;
39027;4594406;566489088;42102784;515682304;0;0;0;0;0;0;0;0;0;0;0;3336;0;0;0;0;0;0;
39028;2504226;566489088;42102784;515682304;0;0;0;0;0;0;0;0;0;0;0;3567;0;0;0;0;0;0;
39029;4562086;566489088;42102784;515682304;0;0;0;0;0;0;0;0;0;0;0;3276;0;0;0;0;0;0;
39030;2683052;566489088;42102784;515682304;0;0;0;0;0;0;0;0;0;0;0;3467;0;0;0;0;0;0;
39031;4682481;566489088;42102784;515682304;0;0;0;0;0;0;0;0;0;0;0;2385;0;0;0;0;0;0;
39032;2517311;566489088;42102784;515682304;0;0;0;0;0;0;0;0;0;0;0;3537;0;0;0;0;0;0;
39033;4656773;566489088;42102784;515682304;0;0;0;0;0;0;0;0;0;0;0;3356;0;0;0;0;0;0;
39034;2491092;566489088;42102784;515682304;0;0;0;0;0;0;0;0;0;0;0;3426;0;0;0;0;0;0;
39035;4654700;566489088;42102784;515682304;0;0;0;0;0;0;0;0;0;0;0;3156;0;0;0;0;0;0;
39036;2483588;566489088;42102784;515682304;0;0;0;0;0;0;0;0;0;0;0;2665;0;0;0;0;0;0;
39037;4643889;566489088;42102784;515682304;0;0;0;0;0;0;0;0;0;0;0;3246;0;0;0;0;0;0;
39038;2632307;566489088;42102784;515682304;0;0;0;0;0;0;0;0;0;0;0;3086;0;0;0;0;0;0;
39039;4595228;566489088;42102784;515682304;0;0;0;0;0;0;0;0;0;0;0;2866;0;0;0;0;0;0;
39040;2636665;566489088;42102784;515682304;0;0;0;0;0;0;0;0;0;0;0;3697;0;0;0;0;0;0;
39041;4621357;566489088;42102784;515682304;0;0;0;0;0;0;0;0;0;0;0;2695;0;0;0;0;0;0;
39042;2630012;566489088;42102784;515682304;0;0;0;0;0;0;0;0;0;0;0;3346;0;0;0;0;0;0;
39043;4624663;566489088;42102784;515682304;0;0;0;0;0;0;0;0;0;0;0;3166;0;0;0;0;0;0;
39044;2629993;566489088;42102784;515682304;0;0;0;0;0;0;0;0;0;0;0;2725;0;0;0;0;0;0;
39045;4618311;566489088;42102784;515682304;0;0;0;0;0;0;0;0;0;0;0;3176;0;0;0;0;0;0;
39046;2574679;566489088;42102784;515682304;0;0;0;0;0;0;0;0;0;0;0;3948;0;0;0;0;0;0;
39047;4829116;566489088;42102784;515682304;0;0;0;0;0;0;0;0;0;0;0;3156;0;0;0;0;0;0;
39048;2598904;566489088;42102784;515682304;0;0;0;0;0;0;0;0;0;0;0;3636;0;0;0;0;0;0;
39049;4710494;566489088;42102784;515682304;0;0;0;0;0;0;0;0;0;0;0;3436;0;0;0;0;0;0;
39050;2582373;566489088;42102784;515682304;0;0;0;0;0;0;0;0;0;0;0;2985;0;0;0;0;0;0;
39051;4908405;566489088;42102784;515682304;0;0;0;0;0;0;0;0;0;0;0;3256;0;0;0;0;0;0;
39052;2492624;566489088;42102784;515682304;0;0;0;0;0;0;0;0;0;0;0;3036;0;0;0;0;0;0;
39053;4650031;566489088;42102784;515682304;0;0;0;0;0;0;0;0;0;0;0;2986;0;0;0;0;0;0;
39054;2569178;566489088;42102784;515682304;0;0;0;0;0;0;0;0;0;0;0;2916;0;0;0;0;0;0;
39055;4644210;566489088;42102784;515682304;0;0;0;0;0;0;0;0;0;0;0;3006;0;0;0;0;0;0;
39056;2457469;566489088;42102784;515682304;0;0;0;0;0;0;0;0;0;0;0;3386;0;0;0;0;0;0;
39057;4596721;566489088;42102784;515682304;0;0;0;0;0;0;0;0;0;0;0;2956;0;0;0;0;0;0;
39058;2524865;566489088;42102784;515682304;0;0;0;0;0;0;0;0;0;0;0;3156;0;0;0;0;0;0;
39059;4689665;566489088;42102784;515682304;0;0;0;0;0;0;0;0;0;0;0;2685;0;0;0;0;0;0;
39060;2465113;566489088;42102784;515682304;0;0;0;0;0;0;0;0;0;0;0;3276;0;0;0;0;0;0;
39061;4680598;566489088;42102784;515682304;0;0;0;0;0;0;0;0;0;0;0;2735;0;0;0;0;0;0;
39062;2569008;566489088;42102784;515682304;0;0;0;0;0;0;0;0;0;0;0;2544;0;0;0;0;0;0;
39063;4672904;566489088;42102784;515682304;0;0;0;0;0;0;0;0;0;0;0;2695;0;0;0;0;0;0;
39064;2800872;566489088;42102784;515682304;0;0;0;0;0;0;0;0;0;0;0;3306;0;0;0;0;0;0;
39065;4581271;566489088;42102784;515682304;0;0;0;0;0;0;0;0;0;0;0;2535;0;0;0;0;0;0;
39066;2598995;566489088;42102784;515682304;0;0;0;0;0;0;0;0;0;0;0;2796;0;0;0;0;0;0;
39067;4629682;566489088;42102784;515682304;0;0;0;0;0;0;0;0;0;0;0;2905;0;0;0;0;0;0;
39068;2536176;566489088;42102784;515682304;0;0;0;0;0;0;0;0;0;0;0;2776;0;0;0;0;0;0;
39069;4570231;566489088;42102784;515682304;0;0;0;0;0;0;0;0;0;0;0;2916;0;0;0;0;0;0;
39070;2457769;566489088;42102784;515682304;0;0;0;0;0;0;0;0;0;0;0;3056;0;0;0;0;0;0;
39071;4617089;566489088;42102784;515682304;0;0;0;0;0;0;0;0;0;0;0;3316;0;0;0;0;0;0;
39072;2658616;566489088;42102784;515682304;0;0;0;0;0;0;0;0;0;0;0;2886;0;0;0;0;0;0;
39073;4620625;566489088;42102784;515682304;0;0;0;0;0;0;0;0;0;0;0;2755;0;0;0;0;0;0;
39074;2582092;566489088;42102784;515682304;0;0;0;0;0;0;0;0;0;0;0;2866;0;0;0;0;0;0;
39075;4622489;566489088;42102784;515682304;0;0;0;0;0;0;0;0;0;0;0;3196;0;0;0;0;0;0;
39076;2647174;566489088;42102784;515682304;0;0;0;0;0;0;0;0;0;0;0;4048;0;0;0;0;0;0;
39077;4597652;566489088;42102784;515682304;0;0;0;0;0;0;0;0;0;0;0;2976;0;0;0;0;0;0;
39078;2564009;566489088;42102784;515682304;0;0;0;0;0;0;0;0;0;0;0;3536;0;0;0;0;0;0;
39079;4623922;566489088;42102784;515682304;0;0;0;0;0;0;0;0;0;0;0;2815;0;0;0;0;0;0;
39080;2502893;566489088;42102784;515682304;0;0;0;0;0;0;0;0;0;0;0;2865;0;0;0;0;0;0;
39081;4757472;566489088;42102784;515682304;0;0;0;0;0;0;0;0;0;0;0;3026;0;0;0;0;0;0;
39082;2456196;566489088;42102784;515682304;0;0;0;0;0;0;0;0;0;0;0;3146;0;0;0;0;0;0;
39083;4682712;566489088;42102784;515682304;0;0;0;0;0;0;0;0;0;0;0;2965;0;0;0;0;0;0;
39084;2466536;566489088;42102784;515682304;0;0;0;0;0;0;0;0;0;0;0;3196;0;0;0;0;0;0;
39085;4660941;566489088;42102784;515682304;0;0;0;0;0;0;0;0;0;0;0;2885;0;0;0;0;0;0;
39086;2585038;566489088;42102784;515682304;0;0;0;0;0;0;0;0;0;0;0;3457;0;0;0;0;0;0;
39087;4540475;566489088;42102784;515682304;0;0;0;0;0;0;0;0;0;0;0;2755;0;0;0;0;0;0;
39088;2869451;566489088;42102784;515682304;0;0;0;0;0;0;0;0;0;0;0;3126;0;0;0;0;0;0;
39089;4719952;566489088;42102784;515682304;0;0;0;0;0;0;0;0;0;0;0;2756;0;0;0;0;0;0;
39090;2581471;566489088;42102784;515682304;0;0;0;0;0;0;0;0;0;0;0;2946;0;0;0;0;0;0;
39091;4608413;566489088;42102784;515682304;0;0;0;0;0;0;0;0;0;0;0;2635;0;0;0;0;0;0;
39092;2470664;566489088;42102784;515682304;0;0;0;0;0;0;0;0;0;0;0;2715;0;0;0;0;0;0;
39093;4709703;566489088;42102784;515682304;0;0;0;0;0;0;0;0;0;0;0;3196;0;0;0;0;0;0;
39094;2601068;566489088;42102784;515682304;0;0;0;0;0;0;0;0;0;0;0;2565;0;0;0;0;0;0;
39095;4571453;566489088;42102784;515682304;0;0;0;0;0;0;0;0;0;0;0;3256;0;0;0;0;0;0;
39096;2812514;566489088;42102784;515682304;0;0;0;0;0;0;0;0;0;0;0;2785;0;0;0;0;0;0;
39097;4653968;566489088;42102784;515682304;0;0;0;0;0;0;0;0;0;0;0;2816;0;0;0;0;0;0;
39098;2473669;566489088;42102784;515682304;0;0;0;0;0;0;0;0;0;0;0;2856;0;0;0;0;0;0;
39099;4675218;566489088;42102784;515682304;0;0;0;0;0;0;0;0;0;0;0;2755;0;0;0;0;0;0;
39100;2748915;566489088;42102784;515682304;0;0;0;0;0;0;0;0;0;0;0;3246;0;0;0;0;0;0;
39101;4575611;566489088;42102784;515682304;0;0;0;0;0;0;0;0;0;0;0;3136;0;0;0;0;0;0;
39102;2810571;566489088;42102784;515682304;0;0;0;0;0;0;0;0;0;0;0;3286;0;0;0;0;0;0;
39103;4565662;566489088;42102784;515682304;0;0;0;0;0;0;0;0;0;0;0;2865;0;0;0;0;0;0;
39104;2618400;566489088;42102784;515682304;0;0;0;0;0;0;0;0;0;0;0;2775;0;0;0;0;0;0;
39105;4629582;566489088;42102784;515682304;0;0;0;0;0;0;0;0;0;0;0;2675;0;0;0;0;0;0;
39106;2588024;566489088;42102784;515682304;0;0;0;0;0;0;0;0;0;0;0;2715;0;0;0;0;0;0;
39107;4569770;566489088;42102784;515682304;0;0;0;0;0;0;0;0;0;0;0;3096;0;0;0;0;0;0;
39108;2718889;566489088;42102784;515682304;0;0;0;0;0;0;0;0;0;0;0;2915;0;0;0;0;0;0;
39109;5048949;566489088;42110976;515690496;0;0;0;0;0;0;0;0;0;0;0;3246;0;0;0;0;0;0;
39110;2626556;566489088;42110976;515690496;0;0;0;0;0;0;0;0;0;0;0;2846;0;0;0;0;0;0;
39111;4613432;566489088;42110976;515690496;0;0;0;0;0;0;0;0;0;0;0;2845;0;0;0;0;0;0;
39112;2987653;566489088;42110976;515690496;0;0;0;0;0;0;0;0;0;0;0;3326;0;0;0;0;0;0;
39113;4496693;566489088;42110976;515690496;0;0;0;0;0;0;0;0;0;0;0;2655;0;0;0;0;0;0;
39114;2733617;566489088;42110976;515690496;0;0;0;0;0;0;0;0;0;0;0;2935;0;0;0;0;0;0;
39115;4545214;566489088;42110976;515690496;0;0;0;0;0;0;0;0;0;0;0;2966;0;0;0;0;0;0;
39116;2538430;566513664;42102784;515682304;0;0;0;0;0;0;0;0;0;0;0;2896;0;0;0;0;0;0;
39117;4561404;566513664;42102784;515682304;0;0;0;0;0;0;0;0;0;0;0;2705;0;0;0;0;0;0;
39118;2590237;566513664;42102784;515682304;0;0;0;0;0;0;0;0;0;0;0;2745;0;0;0;0;0;0;
39119;4587433;566513664;42102784;515682304;0;0;0;0;0;0;0;0;0;0;0;2845;0;0;0;0;0;0;
39120;2728316;566513664;42102784;515682304;0;0;0;0;0;0;0;0;0;0;0;2775;0;0;0;0;0;0;
39121;4693993;566513664;42102784;515682304;0;0;0;0;0;0;0;0;0;0;0;3035;0;0;0;0;0;0;
39122;2591320;566513664;42102784;515682304;0;0;0;0;0;0;0;0;0;0;0;3567;0;0;0;0;0;0;
39123;4564140;566513664;42102784;515682304;0;0;0;0;0;0;0;0;0;0;0;2755;0;0;0;0;0;0;
39124;2502393;566513664;42102784;515682304;0;0;0;0;0;0;0;0;0;0;0;3115;0;0;0;0;0;0;
39125;4617048;566513664;42102784;515682304;0;0;0;0;0;0;0;0;0;0;0;2845;0;0;0;0;0;0;
39126;2558819;566513664;42102784;515682304;0;0;0;0;0;0;0;0;0;0;0;3456;0;0;0;0;0;0;
39127;4575771;566513664;42102784;515682304;0;0;0;0;0;0;0;0;0;0;0;2825;0;0;0;0;0;0;
39128;2550363;566513664;42102784;515682304;0;0;0;0;0;0;0;0;0;0;0;3096;0;0;0;0;0;0;
39129;4696107;566513664;42102784;515682304;0;0;0;0;0;0;0;0;0;0;0;2776;0;0;0;0;0;0;
39130;2414037;566513664;42102784;515682304;0;0;0;0;0;0;0;0;0;0;0;2925;0;0;0;0;0;0;
39131;4534544;566513664;42102784;515682304;0;0;0;0;0;0;0;0;0;0;0;2886;0;0;0;0;0;0;
39132;2528001;566513664;42102784;515682304;0;0;0;0;0;0;0;0;0;0;0;3206;0;0;0;0;0;0;
39133;4589527;566513664;42102784;515682304;0;0;0;0;0;0;0;0;0;0;0;2965;0;0;0;0;0;0;
39134;2624291;566513664;42102784;515682304;0;0;0;0;0;0;0;0;0;0;0;3186;0;0;0;0;0;0;
39135;4596330;566513664;42102784;515682304;0;0;0;0;0;0;0;0;0;0;0;2836;0;0;0;0;0;0;
39136;2487555;566513664;42102784;515682304;0;0;0;0;0;0;0;0;0;0;0;2975;0;0;0;0;0;0;
39137;4708000;566513664;42102784;515682304;0;0;0;0;0;0;0;0;0;0;0;3126;0;0;0;0;0;0;
39138;2514245;566513664;42102784;515682304;0;0;0;0;0;0;0;0;0;0;0;3105;0;0;0;0;0;0;
39139;4581712;566513664;42102784;515682304;0;0;0;0;0;0;0;0;0;0;0;2966;0;0;0;0;0;0;
39140;2501642;566513664;42102784;515682304;0;0;0;0;0;0;0;0;0;0;0;3277;0;0;0;0;0;0;
39141;4646033;566513664;42102784;515682304;0;0;0;0;0;0;0;0;0;0;0;2795;0;0;0;0;0;0;
39142;2657694;566513664;42102784;515682304;0;0;0;0;0;0;0;0;0;0;0;3135;0;0;0;0;0;0;
39143;4559661;566513664;42102784;515682304;0;0;0;0;0;0;0;0;0;0;0;2876;0;0;0;0;0;0;
39144;2516910;566513664;42102784;515682304;0;0;0;0;0;0;0;0;0;0;0;2956;0;0;0;0;0;0;
39145;4536688;566513664;42102784;515682304;0;0;0;0;0;0;0;0;0;0;0;2605;0;0;0;0;0;0;
39146;2483288;566513664;42102784;515682304;0;0;0;0;0;0;0;0;0;0;0;3016;0;0;0;0;0;0;
39147;4661572;566513664;42102784;515682304;0;0;0;0;0;0;0;0;0;0;0;3166;0;0;0;0;0;0;
39148;2598704;566513664;42102784;515682304;0;0;0;0;0;0;0;0;0;0;0;3646;0;0;0;0;0;0;
39149;4644741;566513664;42102784;515682304;0;0;0;0;0;0;0;0;0;0;0;2895;0;0;0;0;0;0;
39150;2533622;566513664;42102784;515682304;0;0;0;0;0;0;0;0;0;0;0;2936;0;0;0;0;0;0;
39151;4735682;566513664;42102784;515682304;0;0;0;0;0;0;0;0;0;0;0;3486;0;0;0;0;0;0;
39152;2508865;566513664;42102784;515682304;0;0;0;0;0;0;0;0;0;0;0;3396;0;0;0;0;0;0;
39153;4624994;566513664;42102784;515682304;0;0;0;0;0;0;0;0;0;0;0;2876;0;0;0;0;0;0;
39154;2435197;566513664;42102784;515682304;0;0;0;0;0;0;0;0;0;0;0;3085;0;0;0;0;0;0;
39155;4739999;566513664;42102784;515682304;0;0;0;0;0;0;0;0;0;0;0;2966;0;0;0;0;0;0;
39156;2517852;566513664;42102784;515682304;0;0;0;0;0;0;0;0;0;0;0;3586;0;0;0;0;0;0;
39157;4601269;566513664;42102784;515682304;0;0;0;0;0;0;0;0;0;0;0;3135;0;0;0;0;0;0;
39158;2626105;566513664;42102784;515682304;0;0;0;0;0;0;0;0;0;0;0;3166;0;0;0;0;0;0;
39159;4589036;566513664;42102784;515682304;0;0;0;0;0;0;0;0;0;0;0;3166;0;0;0;0;0;0;
39160;2603903;566513664;42102784;515682304;0;0;0;0;0;0;0;0;0;0;0;3306;0;0;0;0;0;0;
39161;4839827;566513664;42102784;515682304;0;0;0;0;0;0;0;0;0;0;0;3306;0;0;0;0;0;0;
39162;2495269;566513664;42102784;515682304;0;0;0;0;0;0;0;0;0;0;0;3767;0;0;0;0;0;0;
39163;4652535;566513664;42102784;515682304;0;0;0;0;0;0;0;0;0;0;0;3115;0;0;0;0;0;0;
39164;2482716;566513664;42102784;515682304;0;0;0;0;0;0;0;0;0;0;0;3106;0;0;0;0;0;0;
39165;4704593;566513664;42102784;515682304;0;0;0;0;0;0;0;0;0;0;0;3677;0;0;0;0;0;0;
39166;2552126;566513664;42102784;515682304;0;0;0;0;0;0;0;0;0;0;0;3246;0;0;0;0;0;0;
39167;4667253;566513664;42102784;515682304;0;0;0;0;0;0;0;0;0;0;0;3486;0;0;0;0;0;0;
39168;2533602;566513664;42102784;515682304;0;0;0;0;0;0;0;0;0;0;0;2965;0;0;0;0;0;0;
39169;4677913;566513664;42102784;515682304;0;0;0;0;0;0;0;0;0;0;0;2855;0;0;0;0;0;0;
39170;2548820;566513664;42102784;515682304;0;0;0;0;0;0;0;0;0;0;0;2905;0;0;0;0;0;0;
39171;4608834;566513664;42102784;515682304;0;0;0;0;0;0;0;0;0;0;0;2676;0;0;0;0;0;0;
39172;2608502;566513664;42102784;515682304;0;0;0;0;0;0;0;0;0;0;0;3236;0;0;0;0;0;0;
39173;4566784;566513664;42102784;515682304;0;0;0;0;0;0;0;0;0;0;0;2905;0;0;0;0;0;0;
39174;2865003;566513664;42102784;515682304;0;0;0;0;0;0;0;0;0;0;0;3246;0;0;0;0;0;0;
39175;4677071;566513664;42102784;515682304;0;0;0;0;0;0;0;0;0;0;0;3006;0;0;0;0;0;0;
39176;2553469;566513664;42102784;515682304;0;0;0;0;0;0;0;0;0;0;0;3206;0;0;0;0;0;0;
39177;4615606;566513664;42102784;515682304;0;0;0;0;0;0;0;0;0;0;0;2575;0;0;0;0;0;0;
39178;2592712;566513664;42102784;515682304;0;0;0;0;0;0;0;0;0;0;0;3186;0;0;0;0;0;0;
39179;4661452;566513664;42102784;515682304;0;0;0;0;0;0;0;0;0;0;0;3056;0;0;0;0;0;0;
39180;2573787;566513664;42102784;515682304;0;0;0;0;0;0;0;0;0;0;0;4048;0;0;0;0;0;0;
39181;7636983;566513664;42102784;515682304;0;0;0;0;0;0;0;0;0;0;0;2905;0;0;0;0;0;0;
39182;9306483;566513664;42102784;515682304;0;0;0;0;0;0;0;0;0;0;0;4759;0;0;0;0;0;0;
39183;5014975;566513664;42102784;515682304;0;0;0;0;0;0;0;0;0;0;0;3327;0;0;0;0;0;0;
39184;2432201;566513664;42102784;515682304;0;0;0;0;0;0;0;0;0;0;0;3367;0;0;0;0;0;0;
39185;4686799;566513664;42102784;515682304;0;0;0;0;0;0;0;0;0;0;0;3607;0;0;0;0;0;0;
39186;2439355;566513664;42102784;515682304;0;0;0;0;0;0;0;0;0;0;0;2624;0;0;0;0;0;0;
39187;4572405;566513664;42102784;515682304;0;0;0;0;0;0;0;0;0;0;0;2946;0;0;0;0;0;0;
39188;2622037;566513664;42102784;515682304;0;0;0;0;0;0;0;0;0;0;0;3206;0;0;0;0;0;0;
39189;4671881;566513664;42102784;515682304;0;0;0;0;0;0;0;0;0;0;0;3026;0;0;0;0;0;0;
39190;2681700;566513664;42102784;515682304;0;0;0;0;0;0;0;0;0;0;0;3246;0;0;0;0;0;0;
39191;4624843;566513664;42102784;515682304;0;0;0;0;0;0;0;0;0;0;0;3096;0;0;0;0;0;0;
39192;2577023;566513664;42102784;515682304;0;0;0;0;0;0;0;0;0;0;0;3176;0;0;0;0;0;0;
39193;4622258;566513664;42102784;515682304;0;0;0;0;0;0;0;0;0;0;0;2995;0;0;0;0;0;0;
39194;2652565;566513664;42102784;515682304;0;0;0;0;0;0;0;0;0;0;0;3376;0;0;0;0;0;0;
39195;4713379;566513664;42102784;515682304;0;0;0;0;0;0;0;0;0;0;0;3637;0;0;0;0;0;0;
39196;2740369;566513664;42102784;515682304;0;0;0;0;0;0;0;0;0;0;0;3817;0;0;0;0;0;0;
39197;4685046;566513664;42102784;515682304;0;0;0;0;0;0;0;0;0;0;0;2815;0;0;0;0;0;0;
39198;2640411;566513664;42102784;515682304;0;0;0;0;0;0;0;0;0;0;0;3246;0;0;0;0;0;0;
39199;4686980;566513664;42102784;515682304;0;0;0;0;0;0;0;0;0;0;0;3286;0;0;0;0;0;0;
39200;2476464;566513664;42102784;515682304;0;0;0;0;0;0;0;0;0;0;0;3266;0;0;0;0;0;0;
39201;4667743;566513664;42102784;515682304;0;0;0;0;0;0;0;0;0;0;0;10880;0;0;0;0;0;0;
39202;2604795;566513664;42102784;515682304;0;0;0;0;0;0;0;0;0;0;0;3026;0;0;0;0;0;0;
39203;4636495;566513664;42102784;515682304;0;0;0;0;0;0;0;0;0;0;0;2925;0;0;0;0;0;0;
39204;2581752;566513664;42102784;515682304;0;0;0;0;0;0;0;0;0;0;0;3216;0;0;0;0;0;0;
39205;4612851;566513664;42102784;515682304;0;0;0;0;0;0;0;0;0;0;0;2966;0;0;0;0;0;0;
39206;2562926;566513664;42102784;515682304;0;0;0;0;0;0;0;0;0;0;0;2876;0;0;0;0;0;0;
39207;4670139;566513664;42102784;515682304;0;0;0;0;0;0;0;0;0;0;0;2695;0;0;0;0;0;0;
39208;2729149;566513664;42102784;515682304;0;0;0;0;0;0;0;0;0;0;0;3166;0;0;0;0;0;0;
39209;4602011;566513664;42102784;515682304;0;0;0;0;0;0;0;0;0;0;0;2866;0;0;0;0;0;0;
39210;2571813;566513664;42102784;515682304;0;0;0;0;0;0;0;0;0;0;0;2555;0;0;0;0;0;0;
39211;4658296;566513664;42102784;515682304;0;0;0;0;0;0;0;0;0;0;0;3317;0;0;0;0;0;0;
39212;2895430;566513664;42102784;515682304;0;0;0;0;0;0;0;0;0;0;0;3316;0;0;0;0;0;0;
39213;4573256;566513664;42102784;515682304;0;0;0;0;0;0;0;0;0;0;0;2885;0;0;0;0;0;0;
39214;2606438;566513664;42102784;515682304;0;0;0;0;0;0;0;0;0;0;0;3175;0;0;0;0;0;0;
39215;4566815;566513664;42102784;515682304;0;0;0;0;0;0;0;0;0;0;0;2905;0;0;0;0;0;0;
39216;2666050;566513664;42102784;515682304;0;0;0;0;0;0;0;0;0;0;0;3186;0;0;0;0;0;0;
39217;4677863;566513664;42102784;515682304;0;0;0;0;0;0;0;0;0;0;0;2765;0;0;0;0;0;0;
39218;2663856;566513664;42102784;515682304;0;0;0;0;0;0;0;0;0;0;0;3737;0;0;0;0;0;0;
39219;4576342;566513664;42102784;515682304;0;0;0;0;0;0;0;0;0;0;0;2615;0;0;0;0;0;0;
39220;2713609;566513664;42102784;515682304;0;0;0;0;0;0;0;0;0;0;0;2705;0;0;0;0;0;0;
39221;4709201;566513664;42102784;515682304;0;0;0;0;0;0;0;0;0;0;0;3086;0;0;0;0;0;0;
39222;2530285;566513664;42102784;515682304;0;0;0;0;0;0;0;0;0;0;0;2925;0;0;0;0;0;0;
39223;4639871;566513664;42102784;515682304;0;0;0;0;0;0;0;0;0;0;0;2695;0;0;0;0;0;0;
39224;2554140;566513664;42102784;515682304;0;0;0;0;0;0;0;0;0;0;0;3166;0;0;0;0;0;0;
39225;4640152;566513664;42102784;515682304;0;0;0;0;0;0;0;0;0;0;0;2745;0;0;0;0;0;0;
39226;2638247;566513664;42102784;515682304;0;0;0;0;0;0;0;0;0;0;0;2925;0;0;0;0;0;0;
39227;4614694;566513664;42102784;515682304;0;0;0;0;0;0;0;0;0;0;0;2856;0;0;0;0;0;0;
39228;2614794;566513664;42102784;515682304;0;0;0;0;0;0;0;0;0;0;0;3376;0;0;0;0;0;0;
39229;4684285;566513664;42102784;515682304;0;0;0;0;0;0;0;0;0;0;0;2825;0;0;0;0;0;0;
39230;2883227;566513664;42102784;515682304;0;0;0;0;0;0;0;0;0;0;0;3616;0;0;0;0;0;0;
39231;4622248;566513664;42102784;515682304;0;0;0;0;0;0;0;0;0;0;0;2896;0;0;0;0;0;0;
39232;2722346;566513664;42102784;515682304;0;0;0;0;0;0;0;0;0;0;0;2876;0;0;0;0;0;0;
39233;4714702;566513664;42102784;515682304;0;0;0;0;0;0;0;0;0;0;0;2634;0;0;0;0;0;0;
39234;2618972;566513664;42102784;515682304;0;0;0;0;0;0;0;0;0;0;0;3246;0;0;0;0;0;0;
39235;4827404;566513664;42102784;515682304;0;0;0;0;0;0;0;0;0;0;0;2805;0;0;0;0;0;0;
39236;2761699;566513664;42102784;515682304;0;0;0;0;0;0;0;0;0;0;0;2766;0;0;0;0;0;0;
39237;4683463;566513664;42102784;515682304;0;0;0;0;0;0;0;0;0;0;0;2946;0;0;0;0;0;0;
39238;2679906;566513664;42102784;515682304;0;0;0;0;0;0;0;0;0;0;0;3136;0;0;0;0;0;0;
39239;4517743;566513664;42102784;515682304;0;0;0;0;0;0;0;0;0;0;0;2665;0;0;0;0;0;0;
39240;2584207;566513664;42102784;515682304;0;0;0;0;0;0;0;0;0;0;0;3227;0;0;0;0;0;0;
39241;4552157;566513664;42102784;515682304;0;0;0;0;0;0;0;0;0;0;0;2775;0;0;0;0;0;0;
39242;2640131;566513664;42102784;515682304;0;0;0;0;0;0;0;0;0;0;0;3006;0;0;0;0;0;0;
39243;4534925;566513664;42102784;515682304;0;0;0;0;0;0;0;0;0;0;0;3287;0;0;0;0;0;0;
39244;2900720;566513664;42102784;515682304;0;0;0;0;0;0;0;0;0;0;0;3186;0;0;0;0;0;0;
39245;4695797;566513664;42102784;515682304;0;0;0;0;0;0;0;0;0;0;0;3116;0;0;0;0;0;0;
39246;2525646;566513664;42102784;515682304;0;0;0;0;0;0;0;0;0;0;0;3336;0;0;0;0;0;0;
39247;4612840;566513664;42102784;515682304;0;0;0;0;0;0;0;0;0;0;0;2826;0;0;0;0;0;0;
39248;2533291;566513664;42102784;515682304;0;0;0;0;0;0;0;0;0;0;0;3236;0;0;0;0;0;0;
39249;4572495;566513664;42102784;515682304;0;0;0;0;0;0;0;0;0;0;0;3156;0;0;0;0;0;0;
39250;2491543;566513664;42102784;515682304;0;0;0;0;0;0;0;0;0;0;0;2956;0;0;0;0;0;0;
39251;4639901;566513664;42102784;515682304;0;0;0;0;0;0;0;0;0;0;0;3046;0;0;0;0;0;0;
39252;2667954;566513664;42102784;515682304;0;0;0;0;0;0;0;0;0;0;0;3406;0;0;0;0;0;0;
39253;4649720;566513664;42102784;515682304;0;0;0;0;0;0;0;0;0;0;0;2585;0;0;0;0;0;0;
39254;2723558;566513664;42102784;515682304;0;0;0;0;0;0;0;0;0;0;0;3025;0;0;0;0;0;0;
39255;4699002;566513664;42102784;515682304;0;0;0;0;0;0;0;0;0;0;0;3356;0;0;0;0;0;0;
39256;2623109;566513664;42102784;515682304;0;0;0;0;0;0;0;0;0;0;0;3065;0;0;0;0;0;0;
39257;4722276;566513664;42102784;515682304;0;0;0;0;0;0;0;0;0;0;0;3547;0;0;0;0;0;0;
39258;2478068;566513664;42102784;515682304;0;0;0;0;0;0;0;0;0;0;0;3126;0;0;0;0;0;0;
39259;4670649;566513664;42102784;515682304;0;0;0;0;0;0;0;0;0;0;0;3286;0;0;0;0;0;0;
39260;2816903;566513664;42102784;515682304;0;0;0;0;0;0;0;0;0;0;0;3086;0;0;0;0;0;0;
39261;4613772;566513664;42102784;515682304;0;0;0;0;0;0;0;0;0;0;0;3166;0;0;0;0;0;0;
39262;2642024;566513664;42102784;515682304;0;0;0;0;0;0;0;0;0;0;0;2966;0;0;0;0;0;0;
39263;4585990;566513664;42102784;515682304;0;0;0;0;0;0;0;0;0;0;0;3396;0;0;0;0;0;0;
39264;2630092;566513664;42102784;515682304;0;0;0;0;0;0;0;0;0;0;0;3507;0;0;0;0;0;0;
39265;4660591;566513664;42102784;515682304;0;0;0;0;0;0;0;0;0;0;0;2885;0;0;0;0;0;0;
39266;2631775;566513664;42102784;515682304;0;0;0;0;0;0;0;0;0;0;0;3166;0;0;0;0;0;0;
39267;4684835;566513664;42102784;515682304;0;0;0;0;0;0;0;0;0;0;0;3216;0;0;0;0;0;0;
39268;2824968;566513664;42102784;515682304;0;0;0;0;0;0;0;0;0;0;0;2855;0;0;0;0;0;0;
39269;4700756;566513664;42102784;515682304;0;0;0;0;0;0;0;0;0;0;0;3707;0;0;0;0;0;0;
39270;2741201;566513664;42102784;515682304;0;0;0;0;0;0;0;0;0;0;0;2855;0;0;0;0;0;0;
39271;4672322;566513664;42102784;515682304;0;0;0;0;0;0;0;0;0;0;0;2755;0;0;0;0;0;0;
39272;2549852;566513664;42102784;515682304;0;0;0;0;0;0;0;0;0;0;0;2966;0;0;0;0;0;0;
39273;4663005;566513664;42102784;515682304;0;0;0;0;0;0;0;0;0;0;0;2916;0;0;0;0;0;0;
39274;2565382;566513664;42102784;515682304;0;0;0;0;0;0;0;0;0;0;0;2876;0;0;0;0;0;0;
39275;4678054;566513664;42102784;515682304;0;0;0;0;0;0;0;0;0;0;0;3006;0;0;0;0;0;0;
39276;2554200;566513664;42102784;515682304;0;0;0;0;0;0;0;0;0;0;0;3507;0;0;0;0;0;0;
39277;4589427;566513664;42102784;515682304;0;0;0;0;0;0;0;0;0;0;0;3316;0;0;0;0;0;0;
39278;2634711;566513664;42102784;515682304;0;0;0;0;0;0;0;0;0;0;0;3196;0;0;0;0;0;0;
39279;4761159;566513664;42102784;515682304;0;0;0;0;0;0;0;0;0;0;0;2745;0;0;0;0;0;0;
39280;2649018;566513664;42102784;515682304;0;0;0;0;0;0;0;0;0;0;0;2955;0;0;0;0;0;0;
39281;4676660;566513664;42102784;515682304;0;0;0;0;0;0;0;0;0;0;0;2846;0;0;0;0;0;0;
39282;2569499;566513664;42102784;515682304;0;0;0;0;0;0;0;0;0;0;0;3015;0;0;0;0;0;0;
39283;4624693;566513664;42102784;515682304;0;0;0;0;0;0;0;0;0;0;0;2966;0;0;0;0;0;0;
39284;2783460;566513664;42102784;515682304;0;0;0;0;0;0;0;0;0;0;0;3055;0;0;0;0;0;0;
39285;4611208;566513664;42102784;515682304;0;0;0;0;0;0;0;0;0;0;0;2695;0;0;0;0;0;0;
39286;2548920;566513664;42102784;515682304;0;0;0;0;0;0;0;0;0;0;0;3336;0;0;0;0;0;0;
39287;4568748;566513664;42102784;515682304;0;0;0;0;0;0;0;0;0;0;0;2905;0;0;0;0;0;0;
39288;2534984;566513664;42102784;515682304;0;0;0;0;0;0;0;0;0;0;0;3036;0;0;0;0;0;0;
39289;4620625;566513664;42102784;515682304;0;0;0;0;0;0;0;0;0;0;0;2625;0;0;0;0;0;0;
39290;2646082;566513664;42102784;515682304;0;0;0;0;0;0;0;0;0;0;0;3306;0;0;0;0;0;0;
39291;4649600;566513664;42102784;515682304;0;0;0;0;0;0;0;0;0;0;0;3036;0;0;0;0;0;0;
39292;2540714;566513664;42102784;515682304;0;0;0;0;0;0;0;0;0;0;0;3517;0;0;0;0;0;0;
39293;4681811;566513664;42102784;515682304;0;0;0;0;0;0;0;0;0;0;0;3407;0;0;0;0;0;0;
39294;2516770;566513664;42102784;515682304;0;0;0;0;0;0;0;0;0;0;0;3347;0;0;0;0;0;0;
39295;4629161;566513664;42102784;515682304;0;0;0;0;0;0;0;0;0;0;0;3376;0;0;0;0;0;0;
39296;2445386;566513664;42102784;515682304;0;0;0;0;0;0;0;0;0;0;0;2966;0;0;0;0;0;0;
39297;4679606;566513664;42102784;515682304;0;0;0;0;0;0;0;0;0;0;0;2936;0;0;0;0;0;0;
39298;2474230;566513664;42102784;515682304;0;0;0;0;0;0;0;0;0;0;0;2986;0;0;0;0;0;0;
39299;4623631;566513664;42102784;515682304;0;0;0;0;0;0;0;0;0;0;0;3036;0;0;0;0;0;0;
39300;2515638;566513664;42102784;515682304;0;0;0;0;0;0;0;0;0;0;0;3306;0;0;0;0;0;0;
39301;4594547;566513664;42102784;515682304;0;0;0;0;0;0;0;0;0;0;0;2675;0;0;0;0;0;0;
39302;2542228;566513664;42102784;515682304;0;0;0;0;0;0;0;0;0;0;0;3456;0;0;0;0;0;0;
39303;4642066;566513664;42102784;515682304;0;0;0;0;0;0;0;0;0;0;0;3496;0;0;0;0;0;0;
39304;2481414;566513664;42102784;515682304;0;0;0;0;0;0;0;0;0;0;0;3607;0;0;0;0;0;0;
39305;4655881;566513664;42102784;515682304;0;0;0;0;0;0;0;0;0;0;0;2795;0;0;0;0;0;0;
39306;2558157;566513664;42102784;515682304;0;0;0;0;0;0;0;0;0;0;0;3176;0;0;0;0;0;0;
39307;4638770;566513664;42102784;515682304;0;0;0;0;0;0;0;0;0;0;0;3086;0;0;0;0;0;0;
39308;2787027;566513664;42102784;515682304;0;0;0;0;0;0;0;0;0;0;0;2845;0;0;0;0;0;0;
39309;4695085;566513664;42102784;515682304;0;0;0;0;0;0;0;0;0;0;0;2906;0;0;0;0;0;0;
39310;2743355;566513664;42102784;515682304;0;0;0;0;0;0;0;0;0;0;0;3146;0;0;0;0;0;0;
39311;4620906;566513664;42102784;515682304;0;0;0;0;0;0;0;0;0;0;0;3246;0;0;0;0;0;0;
39312;2556253;566513664;42102784;515682304;0;0;0;0;0;0;0;0;0;0;0;3707;0;0;0;0;0;0;
39313;4687791;566513664;42102784;515682304;0;0;0;0;0;0;0;0;0;0;0;2846;0;0;0;0;0;0;
39314;2499748;566513664;42102784;515682304;0;0;0;0;0;0;0;0;0;0;0;2996;0;0;0;0;0;0;
39315;4658205;566513664;42102784;515682304;0;0;0;0;0;0;0;0;0;0;0;3256;0;0;0;0;0;0;
39316;2588855;566513664;42102784;515682304;0;0;0;0;0;0;0;0;0;0;0;3386;0;0;0;0;0;0;
39317;4835067;566513664;42102784;515682304;0;0;0;0;0;0;0;0;0;0;0;2906;0;0;0;0;0;0;
39318;2614934;566513664;42102784;515682304;0;0;0;0;0;0;0;0;0;0;0;3066;0;0;0;0;0;0;
39319;4667934;566513664;42102784;515682304;0;0;0;0;0;0;0;0;0;0;0;2795;0;0;0;0;0;0;
39320;2738625;566513664;42102784;515682304;0;0;0;0;0;0;0;0;0;0;0;2965;0;0;0;0;0;0;
39321;4648287;566513664;42102784;515682304;0;0;0;0;0;0;0;0;0;0;0;2755;0;0;0;0;0;0;
39322;2613291;566513664;42102784;515682304;0;0;0;0;0;0;0;0;0;0;0;3186;0;0;0;0;0;0;
39323;4720403;566513664;42102784;515682304;0;0;0;0;0;0;0;0;0;0;0;3075;0;0;0;0;0;0;
39324;2551375;566513664;42102784;515682304;0;0;0;0;0;0;0;0;0;0;0;3376;0;0;0;0;0;0;
39325;4786025;566513664;42102784;515682304;0;0;0;0;0;0;0;0;0;0;0;3317;0;0;0;0;0;0;
39326;2641343;566513664;42102784;515682304;0;0;0;0;0;0;0;0;0;0;0;3186;0;0;0;0;0;0;
39327;4720914;566513664;42102784;515682304;0;0;0;0;0;0;0;0;0;0;0;3126;0;0;0;0;0;0;
39328;2534624;566513664;42102784;515682304;0;0;0;0;0;0;0;0;0;0;0;2986;0;0;0;0;0;0;
39329;4719401;566513664;42102784;515682304;0;0;0;0;0;0;0;0;0;0;0;3176;0;0;0;0;0;0;
39330;2607580;566513664;42102784;515682304;0;0;0;0;0;0;0;0;0;0;0;2845;0;0;0;0;0;0;
39331;4711356;566513664;42102784;515682304;0;0;0;0;0;0;0;0;0;0;0;3246;0;0;0;0;0;0;
39332;2665749;566513664;42102784;515682304;0;0;0;0;0;0;0;0;0;0;0;3356;0;0;0;0;0;0;
39333;4656843;566513664;42102784;515682304;0;0;0;0;0;0;0;0;0;0;0;3316;0;0;0;0;0;0;
39334;2554911;566513664;42102784;515682304;0;0;0;0;0;0;0;0;0;0;0;3156;0;0;0;0;0;0;
39335;4650381;566513664;42102784;515682304;0;0;0;0;0;0;0;0;0;0;0;2745;0;0;0;0;0;0;
39336;2747312;566513664;42102784;515682304;0;0;0;0;0;0;0;0;0;0;0;3637;0;0;0;0;0;0;
39337;4714121;566513664;42102784;515682304;0;0;0;0;0;0;0;0;0;0;0;3196;0;0;0;0;0;0;
39338;2632277;566513664;42102784;515682304;0;0;0;0;0;0;0;0;0;0;0;3787;0;0;0;0;0;0;
39339;4730361;566513664;42102784;515682304;0;0;0;0;0;0;0;0;0;0;0;3577;0;0;0;0;0;0;
39340;2533511;566513664;42102784;515682304;0;0;0;0;0;0;0;0;0;0;0;3516;0;0;0;0;0;0;
39341;4683965;566513664;42102784;515682304;0;0;0;0;0;0;0;0;0;0;0;3276;0;0;0;0;0;0;
39342;2477697;566513664;42102784;515682304;0;0;0;0;0;0;0;0;0;0;0;2935;0;0;0;0;0;0;
39343;4617630;566513664;42102784;515682304;0;0;0;0;0;0;0;0;0;0;0;2705;0;0;0;0;0;0;
39344;2591250;566513664;42102784;515682304;0;0;0;0;0;0;0;0;0;0;0;2986;0;0;0;0;0;0;
39345;4608633;566513664;42102784;515682304;0;0;0;0;0;0;0;0;0;0;0;3266;0;0;0;0;0;0;
39346;2573185;566513664;42102784;515682304;0;0;0;0;0;0;0;0;0;0;0;2966;0;0;0;0;0;0;
39347;4607320;566513664;42102784;515682304;0;0;0;0;0;0;0;0;0;0;0;3216;0;0;0;0;0;0;
39348;2443984;566513664;42102784;515682304;0;0;0;0;0;0;0;0;0;0;0;3566;0;0;0;0;0;0;
39349;4691328;566513664;42102784;515682304;0;0;0;0;0;0;0;0;0;0;0;2926;0;0;0;0;0;0;
39350;2573005;566513664;42102784;515682304;0;0;0;0;0;0;0;0;0;0;0;3226;0;0;0;0;0;0;
39351;4755489;566513664;42102784;515682304;0;0;0;0;0;0;0;0;0;0;0;3125;0;0;0;0;0;0;
39352;2468570;566513664;42102784;515682304;0;0;0;0;0;0;0;0;0;0;0;2896;0;0;0;0;0;0;
39353;4650261;566513664;42102784;515682304;0;0;0;0;0;0;0;0;0;0;0;3206;0;0;0;0;0;0;
39354;2626686;566513664;42102784;515682304;0;0;0;0;0;0;0;0;0;0;0;3266;0;0;0;0;0;0;
39355;4546396;566513664;42102784;515682304;0;0;0;0;0;0;0;0;0;0;0;2765;0;0;0;0;0;0;
39356;2628600;566513664;42102784;515682304;0;0;0;0;0;0;0;0;0;0;0;3226;0;0;0;0;0;0;
39357;4672292;566513664;42102784;515682304;0;0;0;0;0;0;0;0;0;0;0;2895;0;0;0;0;0;0;
39358;2479139;566513664;42102784;515682304;0;0;0;0;0;0;0;0;0;0;0;2975;0;0;0;0;0;0;
39359;4714772;566513664;42102784;515682304;0;0;0;0;0;0;0;0;0;0;0;2925;0;0;0;0;0;0;
39360;2891582;566513664;42102784;515682304;0;0;0;0;0;0;0;0;0;0;0;3366;0;0;0;0;0;0;
39361;4585790;566513664;42102784;515682304;0;0;0;0;0;0;0;0;0;0;0;2816;0;0;0;0;0;0;
39362;2704322;566513664;42102784;515682304;0;0;0;0;0;0;0;0;0;0;0;2715;0;0;0;0;0;0;
39363;4679015;566513664;42102784;515682304;0;0;0;0;0;0;0;0;0;0;0;2936;0;0;0;0;0;0;
39364;2595377;566513664;42102784;515682304;0;0;0;0;0;0;0;0;0;0;0;2755;0;0;0;0;0;0;
39365;4583496;566513664;42102784;515682304;0;0;0;0;0;0;0;0;0;0;0;2695;0;0;0;0;0;0;
39366;2628980;566513664;42102784;515682304;0;0;0;0;0;0;0;0;0;0;0;2745;0;0;0;0;0;0;
39367;4660861;566513664;42102784;515682304;0;0;0;0;0;0;0;0;0;0;0;3166;0;0;0;0;0;0;
39368;2721524;566513664;42102784;515682304;0;0;0;0;0;0;0;0;0;0;0;3146;0;0;0;0;0;0;
39369;4687811;566513664;42102784;515682304;0;0;0;0;0;0;0;0;0;0;0;2755;0;0;0;0;0;0;
39370;2533341;566513664;42102784;515682304;0;0;0;0;0;0;0;0;0;0;0;2926;0;0;0;0;0;0;
39371;4761259;566513664;42102784;515682304;0;0;0;0;0;0;0;0;0;0;0;2915;0;0;0;0;0;0;
39372;2664978;566513664;42102784;515682304;0;0;0;0;0;0;0;0;0;0;0;2614;0;0;0;0;0;0;
39373;4631946;566513664;42102784;515682304;0;0;0;0;0;0;0;0;0;0;0;2354;0;0;0;0;0;0;
39374;2606748;566513664;42102784;515682304;0;0;0;0;0;0;0;0;0;0;0;2816;0;0;0;0;0;0;
39375;4632448;566513664;42102784;515682304;0;0;0;0;0;0;0;0;0;0;0;3066;0;0;0;0;0;0;
39376;2748955;566513664;42102784;515682304;0;0;0;0;0;0;0;0;0;0;0;3556;0;0;0;0;0;0;
39377;4633189;566513664;42102784;515682304;0;0;0;0;0;0;0;0;0;0;0;3046;0;0;0;0;0;0;
39378;2482115;566513664;42102784;515682304;0;0;0;0;0;0;0;0;0;0;0;3577;0;0;0;0;0;0;
39379;4811354;566513664;42102784;515682304;0;0;0;0;0;0;0;0;0;0;0;3036;0;0;0;0;0;0;
39380;2463229;566513664;42102784;515682304;0;0;0;0;0;0;0;0;0;0;0;3236;0;0;0;0;0;0;
39381;4727736;566513664;42102784;515682304;0;0;0;0;0;0;0;0;0;0;0;2946;0;0;0;0;0;0;
39382;2740970;566513664;42102784;515682304;0;0;0;0;0;0;0;0;0;0;0;3156;0;0;0;0;0;0;
39383;4805192;566513664;42102784;515682304;0;0;0;0;0;0;0;0;0;0;0;2786;0;0;0;0;0;0;
39384;2876805;566513664;42102784;515682304;0;0;0;0;0;0;0;0;0;0;0;2665;0;0;0;0;0;0;
39385;4637027;566513664;42102784;515682304;0;0;0;0;0;0;0;0;0;0;0;2685;0;0;0;0;0;0;
39386;2606428;566513664;42102784;515682304;0;0;0;0;0;0;0;0;0;0;0;2445;0;0;0;0;0;0;
39387;4636204;566513664;42102784;515682304;0;0;0;0;0;0;0;0;0;0;0;2665;0;0;0;0;0;0;
39388;2612389;566513664;42102784;515682304;0;0;0;0;0;0;0;0;0;0;0;3386;0;0;0;0;0;0;
39389;4572655;566513664;42102784;515682304;0;0;0;0;0;0;0;0;0;0;0;2996;0;0;0;0;0;0;
39390;2912922;566513664;42102784;515682304;0;0;0;0;0;0;0;0;0;0;0;3487;0;0;0;0;0;0;
39391;4618281;566513664;42102784;515682304;0;0;0;0;0;0;0;0;0;0;0;2655;0;0;0;0;0;0;
39392;2829165;566513664;42102784;515682304;0;0;0;0;0;0;0;0;0;0;0;3256;0;0;0;0;0;0;
39393;4624653;566513664;42102784;515682304;0;0;0;0;0;0;0;0;0;0;0;2735;0;0;0;0;0;0;
39394;2548759;566513664;42102784;515682304;0;0;0;0;0;0;0;0;0;0;0;3186;0;0;0;0;0;0;
39395;4798579;566513664;42102784;515682304;0;0;0;0;0;0;0;0;0;0;0;3316;0;0;0;0;0;0;
39396;2558448;566513664;42102784;515682304;0;0;0;0;0;0;0;0;0;0;0;3166;0;0;0;0;0;0;
39397;4690656;566513664;42102784;515682304;0;0;0;0;0;0;0;0;0;0;0;3306;0;0;0;0;0;0;
39398;2565882;566513664;42102784;515682304;0;0;0;0;0;0;0;0;0;0;0;3266;0;0;0;0;0;0;
39399;4628590;566513664;42102784;515682304;0;0;0;0;0;0;0;0;0;0;0;2916;0;0;0;0;0;0;
39400;2565101;566513664;42102784;515682304;0;0;0;0;0;0;0;0;0;0;0;3166;0;0;0;0;0;0;
39401;4627037;566513664;42102784;515682304;0;0;0;0;0;0;0;0;0;0;0;2765;0;0;0;0;0;0;
39402;2601499;566513664;42102784;515682304;0;0;0;0;0;0;0;0;0;0;0;2765;0;0;0;0;0;0;
39403;4615285;566513664;42102784;515682304;0;0;0;0;0;0;0;0;0;0;0;2776;0;0;0;0;0;0;
39404;2787157;566513664;42102784;515682304;0;0;0;0;0;0;0;0;0;0;0;3046;0;0;0;0;0;0;
39405;4636265;566513664;42102784;515682304;0;0;0;0;0;0;0;0;0;0;0;2785;0;0;0;0;0;0;
39406;2811913;566513664;42102784;515682304;0;0;0;0;0;0;0;0;0;0;0;3637;0;0;0;0;0;0;
39407;4622008;566513664;42102784;515682304;0;0;0;0;0;0;0;0;0;0;0;3085;0;0;0;0;0;0;
39408;2926949;566513664;42102784;515682304;0;0;0;0;0;0;0;0;0;0;0;2925;0;0;0;0;0;0;
39409;4732365;566513664;42102784;515682304;0;0;0;0;0;0;0;0;0;0;0;2905;0;0;0;0;0;0;
39410;2742493;566513664;42102784;515682304;0;0;0;0;0;0;0;0;0;0;0;3216;0;0;0;0;0;0;
39411;4748706;566513664;42102784;515682304;0;0;0;0;0;0;0;0;0;0;0;3828;0;0;0;0;0;0;
39412;2611999;566513664;42102784;515682304;0;0;0;0;0;0;0;0;0;0;0;3276;0;0;0;0;0;0;
39413;4656913;566513664;42102784;515682304;0;0;0;0;0;0;0;0;0;0;0;3146;0;0;0;0;0;0;
39414;2576502;566513664;42102784;515682304;0;0;0;0;0;0;0;0;0;0;0;3146;0;0;0;0;0;0;
39415;4621918;566513664;42102784;515682304;0;0;0;0;0;0;0;0;0;0;0;2925;0;0;0;0;0;0;
39416;2743775;566513664;42102784;515682304;0;0;0;0;0;0;0;0;0;0;0;3276;0;0;0;0;0;0;
39417;4657304;566513664;42102784;515682304;0;0;0;0;0;0;0;0;0;0;0;3336;0;0;0;0;0;0;
39418;2660088;566513664;42102784;515682304;0;0;0;0;0;0;0;0;0;0;0;3346;0;0;0;0;0;0;
39419;4706116;566513664;42102784;515682304;0;0;0;0;0;0;0;0;0;0;0;3136;0;0;0;0;0;0;
39420;2696477;566513664;42102784;515682304;0;0;0;0;0;0;0;0;0;0;0;3166;0;0;0;0;0;0;
39421;4675198;566513664;42102784;515682304;0;0;0;0;0;0;0;0;0;0;0;3005;0;0;0;0;0;0;
39422;2714510;566513664;42102784;515682304;0;0;0;0;0;0;0;0;0;0;0;3276;0;0;0;0;0;0;
39423;4665670;566513664;42102784;515682304;0;0;0;0;0;0;0;0;0;0;0;2795;0;0;0;0;0;0;
39424;2635403;566513664;42102784;515682304;0;0;0;0;0;0;0;0;0;0;0;3186;0;0;0;0;0;0;
39425;4791386;566513664;42102784;515682304;0;0;0;0;0;0;0;0;0;0;0;2796;0;0;0;0;0;0;
39426;2485251;566513664;42102784;515682304;0;0;0;0;0;0;0;0;0;0;0;3035;0;0;0;0;0;0;
39427;4678424;566513664;42102784;515682304;0;0;0;0;0;0;0;0;0;0;0;3206;0;0;0;0;0;0;
39428;2595938;566513664;42102784;515682304;0;0;0;0;0;0;0;0;0;0;0;3276;0;0;0;0;0;0;
39429;4595248;566513664;42102784;515682304;0;0;0;0;0;0;0;0;0;0;0;3016;0;0;0;0;0;0;
39430;2761999;566513664;42102784;515682304;0;0;0;0;0;0;0;0;0;0;0;3336;0;0;0;0;0;0;
39431;4687101;566513664;42102784;515682304;0;0;0;0;0;0;0;0;0;0;0;2966;0;0;0;0;0;0;
39432;2634380;566513664;42102784;515682304;0;0;0;0;0;0;0;0;0;0;0;3216;0;0;0;0;0;0;
39433;4676791;566513664;42102784;515682304;0;0;0;0;0;0;0;0;0;0;0;2735;0;0;0;0;0;0;
39434;2595377;566513664;42102784;515682304;0;0;0;0;0;0;0;0;0;0;0;3997;0;0;0;0;0;0;
39435;4764705;566513664;42102784;515682304;0;0;0;0;0;0;0;0;0;0;0;2736;0;0;0;0;0;0;
39436;2662934;566513664;42102784;515682304;0;0;0;0;0;0;0;0;0;0;0;3206;0;0;0;0;0;0;
39437;4732886;566513664;42102784;515682304;0;0;0;0;0;0;0;0;0;0;0;2966;0;0;0;0;0;0;
39438;2707488;566513664;42102784;515682304;0;0;0;0;0;0;0;0;0;0;0;3336;0;0;0;0;0;0;
39439;4691418;566513664;42102784;515682304;0;0;0;0;0;0;0;0;0;0;0;2865;0;0;0;0;0;0;
39440;2604264;566513664;42102784;515682304;0;0;0;0;0;0;0;0;0;0;0;3526;0;0;0;0;0;0;
39441;4656843;566513664;42102784;515682304;0;0;0;0;0;0;0;0;0;0;0;2594;0;0;0;0;0;0;
39442;2634942;566513664;42102784;515682304;0;0;0;0;0;0;0;0;0;0;0;3156;0;0;0;0;0;0;
39443;4715103;566513664;42102784;515682304;0;0;0;0;0;0;0;0;0;0;0;2444;0;0;0;0;0;0;
39444;2597361;566513664;42102784;515682304;0;0;0;0;0;0;0;0;0;0;0;3486;0;0;0;0;0;0;
39445;4582875;566513664;42102784;515682304;0;0;0;0;0;0;0;0;0;0;0;3066;0;0;0;0;0;0;
39446;2617709;566513664;42102784;515682304;0;0;0;0;0;0;0;0;0;0;0;2946;0;0;0;0;0;0;
39447;4996931;566513664;42102784;515682304;0;0;0;0;0;0;0;0;0;0;0;3356;0;0;0;0;0;0;
39448;3033910;566513664;42102784;515682304;0;0;0;0;0;0;0;0;0;0;0;2955;0;0;0;0;0;0;
39449;4781147;566513664;42102784;515682304;0;0;0;0;0;0;0;0;0;0;0;2945;0;0;0;0;0;0;
39450;2747793;566513664;42102784;515682304;0;0;0;0;0;0;0;0;0;0;0;3066;0;0;0;0;0;0;
39451;7685012;566513664;42102784;515682304;0;0;0;0;0;0;0;0;0;0;0;3376;0;0;0;0;0;0;
39452;8925479;566513664;42102784;515682304;0;0;0;0;0;0;0;0;0;0;0;3236;0;0;0;0;0;0;
39453;4749367;566513664;42102784;515682304;0;0;0;0;0;0;0;0;0;0;0;3116;0;0;0;0;0;0;
39454;2575440;566513664;42102784;515682304;0;0;0;0;0;0;0;0;0;0;0;3016;0;0;0;0;0;0;
39455;4675689;566513664;42102784;515682304;0;0;0;0;0;0;0;0;0;0;0;2946;0;0;0;0;0;0;
39456;2667733;566513664;42102784;515682304;0;0;0;0;0;0;0;0;0;0;0;3677;0;0;0;0;0;0;
39457;4741993;566513664;42102784;515682304;0;0;0;0;0;0;0;0;0;0;0;3066;0;0;0;0;0;0;
39458;2785063;566513664;42102784;515682304;0;0;0;0;0;0;0;0;0;0;0;3136;0;0;0;0;0;0;
39459;4682982;566513664;42102784;515682304;0;0;0;0;0;0;0;0;0;0;0;3086;0;0;0;0;0;0;
39460;2833353;566513664;42102784;515682304;0;0;0;0;0;0;0;0;0;0;0;3226;0;0;0;0;0;0;
39461;4714311;566513664;42102784;515682304;0;0;0;0;0;0;0;0;0;0;0;2916;0;0;0;0;0;0;
39462;2817173;566513664;42102784;515682304;0;0;0;0;0;0;0;0;0;0;0;12905;0;0;0;0;0;0;
39463;4604816;566513664;42102784;515682304;0;0;0;0;0;0;0;0;0;0;0;2695;0;0;0;0;0;0;
39464;2869772;566513664;42102784;515682304;0;0;0;0;0;0;0;0;0;0;0;3106;0;0;0;0;0;0;
39465;4740891;566513664;42102784;515682304;0;0;0;0;0;0;0;0;0;0;0;3236;0;0;0;0;0;0;
39466;2747393;566513664;42102784;515682304;0;0;0;0;0;0;0;0;0;0;0;3697;0;0;0;0;0;0;
39467;4810682;566513664;42102784;515682304;0;0;0;0;0;0;0;0;0;0;0;2625;0;0;0;0;0;0;
39468;2612209;566513664;42102784;515682304;0;0;0;0;0;0;0;0;0;0;0;3116;0;0;0;0;0;0;
39469;4660340;566513664;42102784;515682304;0;0;0;0;0;0;0;0;0;0;0;3025;0;0;0;0;0;0;
39470;2784502;566513664;42102784;515682304;0;0;0;0;0;0;0;0;0;0;0;3116;0;0;0;0;0;0;
39471;4614684;566513664;42102784;515682304;0;0;0;0;0;0;0;0;0;0;0;3587;0;0;0;0;0;0;
39472;2620224;566513664;42102784;515682304;0;0;0;0;0;0;0;0;0;0;0;3005;0;0;0;0;0;0;
39473;4667233;566513664;42102784;515682304;0;0;0;0;0;0;0;0;0;0;0;2956;0;0;0;0;0;0;
39474;2617519;566513664;42102784;515682304;0;0;0;0;0;0;0;0;0;0;0;3015;0;0;0;0;0;0;
39475;4647817;566513664;42102784;515682304;0;0;0;0;0;0;0;0;0;0;0;2455;0;0;0;0;0;0;
39476;3068725;566513664;42102784;515682304;0;0;0;0;0;0;0;0;0;0;0;3016;0;0;0;0;0;0;
39477;4599556;566513664;42102784;515682304;0;0;0;0;0;0;0;0;0;0;0;2445;0;0;0;0;0;0;
39478;2895039;566513664;42102784;515682304;0;0;0;0;0;0;0;0;0;0;0;2795;0;0;0;0;0;0;
39479;4663326;566513664;42102784;515682304;0;0;0;0;0;0;0;0;0;0;0;2635;0;0;0;0;0;0;
39480;2896112;566513664;42102784;515682304;0;0;0;0;0;0;0;0;0;0;0;2966;0;0;0;0;0;0;
39481;4717236;566513664;42102784;515682304;0;0;0;0;0;0;0;0;0;0;0;2625;0;0;0;0;0;0;
39482;2675167;566513664;42102784;515682304;0;0;0;0;0;0;0;0;0;0;0;2785;0;0;0;0;0;0;
39483;4994266;566513664;42102784;515682304;0;0;0;0;0;0;0;0;0;0;0;3176;0;0;0;0;0;0;
39484;2655711;566513664;42102784;515682304;0;0;0;0;0;0;0;0;0;0;0;2846;0;0;0;0;0;0;
39485;4841319;566513664;42102784;515682304;0;0;0;0;0;0;0;0;0;0;0;2504;0;0;0;0;0;0;
39486;2568236;566513664;42102784;515682304;0;0;0;0;0;0;0;0;0;0;0;2686;0;0;0;0;0;0;
39487;4676630;566513664;42102784;515682304;0;0;0;0;0;0;0;0;0;0;0;2434;0;0;0;0;0;0;
39488;2639330;566513664;42102784;515682304;0;0;0;0;0;0;0;0;0;0;0;2935;0;0;0;0;0;0;
39489;4550695;566513664;42102784;515682304;0;0;0;0;0;0;0;0;0;0;0;2685;0;0;0;0;0;0;
39490;2647134;566513664;42102784;515682304;0;0;0;0;0;0;0;0;0;0;0;3216;0;0;0;0;0;0;
39491;4640332;566513664;42102784;515682304;0;0;0;0;0;0;0;0;0;0;0;2635;0;0;0;0;0;0;
39492;2677141;566513664;42102784;515682304;0;0;0;0;0;0;0;0;0;0;0;2836;0;0;0;0;0;0;
39493;4629442;566513664;42102784;515682304;0;0;0;0;0;0;0;0;0;0;0;2604;0;0;0;0;0;0;
39494;2816191;566513664;42102784;515682304;0;0;0;0;0;0;0;0;0;0;0;3166;0;0;0;0;0;0;
39495;4595538;566513664;42102784;515682304;0;0;0;0;0;0;0;0;0;0;0;2675;0;0;0;0;0;0;
39496;2652054;566513664;42102784;515682304;0;0;0;0;0;0;0;0;0;0;0;2936;0;0;0;0;0;0;
39497;4570512;566513664;42102784;515682304;0;0;0;0;0;0;0;0;0;0;0;3016;0;0;0;0;0;0;
39498;2524004;566513664;42102784;515682304;0;0;0;0;0;0;0;0;0;0;0;3296;0;0;0;0;0;0;
39499;4670439;566513664;42102784;515682304;0;0;0;0;0;0;0;0;0;0;0;2595;0;0;0;0;0;0;
39500;2705013;566513664;42102784;515682304;0;0;0;0;0;0;0;0;0;0;0;3176;0;0;0;0;0;0;
39501;4851349;566513664;42102784;515682304;0;0;0;0;0;0;0;0;0;0;0;2835;0;0;0;0;0;0;
39502;2581983;566513664;42102784;515682304;0;0;0;0;0;0;0;0;0;0;0;2885;0;0;0;0;0;0;
39503;4562276;566513664;42102784;515682304;0;0;0;0;0;0;0;0;0;0;0;2795;0;0;0;0;0;0;
39504;2578346;566513664;42102784;515682304;0;0;0;0;0;0;0;0;0;0;0;2905;0;0;0;0;0;0;
39505;4565723;566513664;42102784;515682304;0;0;0;0;0;0;0;0;0;0;0;2926;0;0;0;0;0;0;
39506;2752642;566513664;42102784;515682304;0;0;0;0;0;0;0;0;0;0;0;3065;0;0;0;0;0;0;
39507;4576382;566513664;42102784;515682304;0;0;0;0;0;0;0;0;0;0;0;2915;0;0;0;0;0;0;
39508;2857879;566513664;42102784;515682304;0;0;0;0;0;0;0;0;0;0;0;3176;0;0;0;0;0;0;
39509;4532530;566513664;42102784;515682304;0;0;0;0;0;0;0;0;0;0;0;2575;0;0;0;0;0;0;
39510;2706816;566513664;42102784;515682304;0;0;0;0;0;0;0;0;0;0;0;2966;0;0;0;0;0;0;
39511;4611698;566513664;42102784;515682304;0;0;0;0;0;0;0;0;0;0;0;2816;0;0;0;0;0;0;
39512;2808097;566513664;42102784;515682304;0;0;0;0;0;0;0;0;0;0;0;3397;0;0;0;0;0;0;
39513;4585459;566513664;42102784;515682304;0;0;0;0;0;0;0;0;0;0;0;3196;0;0;0;0;0;0;
39514;2620635;566513664;42102784;515682304;0;0;0;0;0;0;0;0;0;0;0;3497;0;0;0;0;0;0;
39515;4752823;566513664;42110976;515690496;0;0;0;0;0;0;0;0;0;0;0;3096;0;0;0;0;0;0;
39516;2829857;566513664;42110976;515690496;0;0;0;0;0;0;0;0;0;0;0;2735;0;0;0;0;0;0;
39517;4686769;566513664;42110976;515690496;0;0;0;0;0;0;0;0;0;0;0;2946;0;0;0;0;0;0;
39518;2673133;566513664;42110976;515690496;0;0;0;0;0;0;0;0;0;0;0;2795;0;0;0;0;0;0;
39519;4642907;566513664;42110976;515690496;0;0;0;0;0;0;0;0;0;0;0;3026;0;0;0;0;0;0;
39520;2680687;566513664;42110976;515690496;0;0;0;0;0;0;0;0;0;0;0;2886;0;0;0;0;0;0;
39521;4664989;566513664;42110976;515690496;0;0;0;0;0;0;0;0;0;0;0;2946;0;0;0;0;0;0;
39522;2647354;566579200;42102784;515682304;0;0;0;0;0;0;0;0;0;0;0;3216;0;0;0;0;0;0;
39523;4668515;566579200;42102784;515682304;0;0;0;0;0;0;0;0;0;0;0;3507;0;0;0;0;0;0;
39524;2632236;566579200;42102784;515682304;0;0;0;0;0;0;0;0;0;0;0;3226;0;0;0;0;0;0;
39525;4678574;566579200;42102784;515682304;0;0;0;0;0;0;0;0;0;0;0;3316;0;0;0;0;0;0;
39526;2597612;566579200;42102784;515682304;0;0;0;0;0;0;0;0;0;0;0;3056;0;0;0;0;0;0;
39527;4642717;566579200;42102784;515682304;0;0;0;0;0;0;0;0;0;0;0;3106;0;0;0;0;0;0;
39528;2622479;566579200;42102784;515682304;0;0;0;0;0;0;0;0;0;0;0;2795;0;0;0;0;0;0;
39529;4558870;566579200;42102784;515682304;0;0;0;0;0;0;0;0;0;0;0;2765;0;0;0;0;0;0;
39530;2466446;566579200;42102784;515682304;0;0;0;0;0;0;0;0;0;0;0;3065;0;0;0;0;0;0;
39531;4642236;566579200;42102784;515682304;0;0;0;0;0;0;0;0;0;0;0;3105;0;0;0;0;0;0;
39532;2881073;566579200;42102784;515682304;0;0;0;0;0;0;0;0;0;0;0;2786;0;0;0;0;0;0;
39533;4602942;566579200;42102784;515682304;0;0;0;0;0;0;0;0;0;0;0;2725;0;0;0;0;0;0;
39534;2647645;566579200;42102784;515682304;0;0;0;0;0;0;0;0;0;0;0;3216;0;0;0;0;0;0;
39535;4544884;566579200;42102784;515682304;0;0;0;0;0;0;0;0;0;0;0;3457;0;0;0;0;0;0;
39536;2516640;566579200;42102784;515682304;0;0;0;0;0;0;0;0;0;0;0;2985;0;0;0;0;0;0;
39537;4551906;566579200;42102784;515682304;0;0;0;0;0;0;0;0;0;0;0;3236;0;0;0;0;0;0;
39538;2488156;566579200;42102784;515682304;0;0;0;0;0;0;0;0;0;0;0;2926;0;0;0;0;0;0;
39539;4567065;566579200;42102784;515682304;0;0;0;0;0;0;0;0;0;0;0;2855;0;0;0;0;0;0;
39540;2671049;566579200;42102784;515682304;0;0;0;0;0;0;0;0;0;0;0;3407;0;0;0;0;0;0;
39541;4605497;566579200;42102784;515682304;0;0;0;0;0;0;0;0;0;0;0;2595;0;0;0;0;0;0;
39542;2675408;566579200;42102784;515682304;0;0;0;0;0;0;0;0;0;0;0;3627;0;0;0;0;0;0;
39543;4627338;566579200;42102784;515682304;0;0;0;0;0;0;0;0;0;0;0;3045;0;0;0;0;0;0;
39544;2740219;566579200;42102784;515682304;0;0;0;0;0;0;0;0;0;0;0;3777;0;0;0;0;0;0;
39545;4641625;566579200;42102784;515682304;0;0;0;0;0;0;0;0;0;0;0;2906;0;0;0;0;0;0;
39546;2518373;566579200;42102784;515682304;0;0;0;0;0;0;0;0;0;0;0;3066;0;0;0;0;0;0;
39547;4673284;566579200;42102784;515682304;0;0;0;0;0;0;0;0;0;0;0;3056;0;0;0;0;0;0;
39548;2498706;566579200;42102784;515682304;0;0;0;0;0;0;0;0;0;0;0;2825;0;0;0;0;0;0;
39549;4948670;566579200;42102784;515682304;0;0;0;0;0;0;0;0;0;0;0;3516;0;0;0;0;0;0;
39550;2533601;566579200;42102784;515682304;0;0;0;0;0;0;0;0;0;0;0;2925;0;0;0;0;0;0;
39551;4603954;566579200;42102784;515682304;0;0;0;0;0;0;0;0;0;0;0;3496;0;0;0;0;0;0;
39552;2489108;566579200;42102784;515682304;0;0;0;0;0;0;0;0;0;0;0;3326;0;0;0;0;0;0;
39553;4620766;566579200;42102784;515682304;0;0;0;0;0;0;0;0;0;0;0;3035;0;0;0;0;0;0;
39554;2603813;566579200;42102784;515682304;0;0;0;0;0;0;0;0;0;0;0;3306;0;0;0;0;0;0;
39555;4614554;566579200;42102784;515682304;0;0;0;0;0;0;0;0;0;0;0;3116;0;0;0;0;0;0;
39556;2907523;566579200;42102784;515682304;0;0;0;0;0;0;0;0;0;0;0;3136;0;0;0;0;0;0;
39557;4506752;566579200;42102784;515682304;0;0;0;0;0;0;0;0;0;0;0;2875;0;0;0;0;0;0;
39558;2585749;566579200;42102784;515682304;0;0;0;0;0;0;0;0;0;0;0;3266;0;0;0;0;0;0;
39559;4620184;566579200;42102784;515682304;0;0;0;0;0;0;0;0;0;0;0;2785;0;0;0;0;0;0;
39560;2665649;566579200;42102784;515682304;0;0;0;0;0;0;0;0;0;0;0;2614;0;0;0;0;0;0;
39561;4683203;566579200;42102784;515682304;0;0;0;0;0;0;0;0;0;0;0;3376;0;0;0;0;0;0;
39562;2500719;566579200;42102784;515682304;0;0;0;0;0;0;0;0;0;0;0;2885;0;0;0;0;0;0;
39563;4787338;566579200;42102784;515682304;0;0;0;0;0;0;0;0;0;0;0;3286;0;0;0;0;0;0;
39564;2691748;566579200;42102784;515682304;0;0;0;0;0;0;0;0;0;0;0;3016;0;0;0;0;0;0;
39565;4609595;566579200;42102784;515682304;0;0;0;0;0;0;0;0;0;0;0;3186;0;0;0;0;0;0;
39566;2608192;566579200;42102784;515682304;0;0;0;0;0;0;0;0;0;0;0;3136;0;0;0;0;0;0;
39567;4723788;566579200;42102784;515682304;0;0;0;0;0;0;0;0;0;0;0;2995;0;0;0;0;0;0;
39568;2474300;566579200;42102784;515682304;0;0;0;0;0;0;0;0;0;0;0;3046;0;0;0;0;0;0;
39569;4768473;566579200;42102784;515682304;0;0;0;0;0;0;0;0;0;0;0;3106;0;0;0;0;0;0;
39570;2493586;566579200;42102784;515682304;0;0;0;0;0;0;0;0;0;0;0;3356;0;0;0;0;0;0;
39571;4613813;566579200;42102784;515682304;0;0;0;0;0;0;0;0;0;0;0;2936;0;0;0;0;0;0;
39572;2515999;566579200;42102784;515682304;0;0;0;0;0;0;0;0;0;0;0;3287;0;0;0;0;0;0;
39573;4701547;566579200;42102784;515682304;0;0;0;0;0;0;0;0;0;0;0;3065;0;0;0;0;0;0;
39574;2528242;566579200;42102784;515682304;0;0;0;0;0;0;0;0;0;0;0;3246;0;0;0;0;0;0;
39575;4562447;566579200;42102784;515682304;0;0;0;0;0;0;0;0;0;0;0;2855;0;0;0;0;0;0;
39576;2557467;566579200;42102784;515682304;0;0;0;0;0;0;0;0;0;0;0;3076;0;0;0;0;0;0;
39577;4590078;566579200;42102784;515682304;0;0;0;0;0;0;0;0;0;0;0;2985;0;0;0;0;0;0;
39578;2508094;566579200;42102784;515682304;0;0;0;0;0;0;0;0;0;0;0;3346;0;0;0;0;0;0;
39579;4664047;566579200;42102784;515682304;0;0;0;0;0;0;0;0;0;0;0;2945;0;0;0;0;0;0;
39580;2466566;566579200;42102784;515682304;0;0;0;0;0;0;0;0;0;0;0;3807;0;0;0;0;0;0;
39581;4694094;566579200;42102784;515682304;0;0;0;0;0;0;0;0;0;0;0;2755;0;0;0;0;0;0;
39582;2556505;566579200;42102784;515682304;0;0;0;0;0;0;0;0;0;0;0;3446;0;0;0;0;0;0;
39583;4581282;566579200;42102784;515682304;0;0;0;0;0;0;0;0;0;0;0;2966;0;0;0;0;0;0;
39584;2501672;566579200;42102784;515682304;0;0;0;0;0;0;0;0;0;0;0;3096;0;0;0;0;0;0;
39585;4628320;566579200;42102784;515682304;0;0;0;0;0;0;0;0;0;0;0;3246;0;0;0;0;0;0;
39586;2575350;566579200;42102784;515682304;0;0;0;0;0;0;0;0;0;0;0;2926;0;0;0;0;0;0;
39587;4674527;566579200;42102784;515682304;0;0;0;0;0;0;0;0;0;0;0;2655;0;0;0;0;0;0;
39588;2541747;566579200;42102784;515682304;0;0;0;0;0;0;0;0;0;0;0;3276;0;0;0;0;0;0;
39589;4736422;566579200;42102784;515682304;0;0;0;0;0;0;0;0;0;0;0;3055;0;0;0;0;0;0;
39590;2603072;566579200;42102784;515682304;0;0;0;0;0;0;0;0;0;0;0;3156;0;0;0;0;0;0;
39591;4662744;566579200;42102784;515682304;0;0;0;0;0;0;0;0;0;0;0;3547;0;0;0;0;0;0;
39592;2538931;566579200;42102784;515682304;0;0;0;0;0;0;0;0;0;0;0;3276;0;0;0;0;0;0;
39593;4693783;566579200;42102784;515682304;0;0;0;0;0;0;0;0;0;0;0;2966;0;0;0;0;0;0;
39594;2598403;566579200;42102784;515682304;0;0;0;0;0;0;0;0;0;0;0;3126;0;0;0;0;0;0;
39595;4656883;566579200;42102784;515682304;0;0;0;0;0;0;0;0;0;0;0;3105;0;0;0;0;0;0;
39596;2559580;566579200;42102784;515682304;0;0;0;0;0;0;0;0;0;0;0;3266;0;0;0;0;0;0;
39597;4783020;566579200;42102784;515682304;0;0;0;0;0;0;0;0;0;0;0;3567;0;0;0;0;0;0;
39598;2567065;566579200;42102784;515682304;0;0;0;0;0;0;0;0;0;0;0;2535;0;0;0;0;0;0;
39599;4646464;566579200;42102784;515682304;0;0;0;0;0;0;0;0;0;0;0;3316;0;0;0;0;0;0;
39600;2742112;566579200;42102784;515682304;0;0;0;0;0;0;0;0;0;0;0;3015;0;0;0;0;0;0;
39601;4681831;566579200;42102784;515682304;0;0;0;0;0;0;0;0;0;0;0;2745;0;0;0;0;0;0;
39602;2661732;566579200;42102784;515682304;0;0;0;0;0;0;0;0;0;0;0;2985;0;0;0;0;0;0;
39603;4592533;566579200;42102784;515682304;0;0;0;0;0;0;0;0;0;0;0;2665;0;0;0;0;0;0;
39604;2742924;566579200;42102784;515682304;0;0;0;0;0;0;0;0;0;0;0;3376;0;0;0;0;0;0;
39605;4768403;566579200;42102784;515682304;0;0;0;0;0;0;0;0;0;0;0;2675;0;0;0;0;0;0;
39606;2777489;566579200;42102784;515682304;0;0;0;0;0;0;0;0;0;0;0;3647;0;0;0;0;0;0;
39607;4597973;566579200;42102784;515682304;0;0;0;0;0;0;0;0;0;0;0;2936;0;0;0;0;0;0;
39608;2809859;566579200;42102784;515682304;0;0;0;0;0;0;0;0;0;0;0;3397;0;0;0;0;0;0;
39609;4572606;566579200;42102784;515682304;0;0;0;0;0;0;0;0;0;0;0;2835;0;0;0;0;0;0;
39610;2616718;566579200;42102784;515682304;0;0;0;0;0;0;0;0;0;0;0;3367;0;0;0;0;0;0;
39611;4641975;566579200;42102784;515682304;0;0;0;0;0;0;0;0;0;0;0;2955;0;0;0;0;0;0;
39612;2709321;566579200;42102784;515682304;0;0;0;0;0;0;0;0;0;0;0;3557;0;0;0;0;0;0;
39613;4719010;566579200;42102784;515682304;0;0;0;0;0;0;0;0;0;0;0;3085;0;0;0;0;0;0;
39614;2533150;566579200;42102784;515682304;0;0;0;0;0;0;0;0;0;0;0;2936;0;0;0;0;0;0;
39615;4781528;566579200;42102784;515682304;0;0;0;0;0;0;0;0;0;0;0;2835;0;0;0;0;0;0;
39616;2559300;566579200;42102784;515682304;0;0;0;0;0;0;0;0;0;0;0;3226;0;0;0;0;0;0;
39617;4681960;566579200;42102784;515682304;0;0;0;0;0;0;0;0;0;0;0;3046;0;0;0;0;0;0;
39618;2506341;566579200;42102784;515682304;0;0;0;0;0;0;0;0;0;0;0;2975;0;0;0;0;0;0;
39619;4813156;566579200;42102784;515682304;0;0;0;0;0;0;0;0;0;0;0;2796;0;0;0;0;0;0;
39620;2496411;566579200;42102784;515682304;0;0;0;0;0;0;0;0;0;0;0;3336;0;0;0;0;0;0;
39621;4623721;566579200;42102784;515682304;0;0;0;0;0;0;0;0;0;0;0;2565;0;0;0;0;0;0;
39622;2794010;566579200;42102784;515682304;0;0;0;0;0;0;0;0;0;0;0;2765;0;0;0;0;0;0;
39623;4597422;566579200;42102784;515682304;0;0;0;0;0;0;0;0;0;0;0;2755;0;0;0;0;0;0;
39624;2772930;566579200;42102784;515682304;0;0;0;0;0;0;0;0;0;0;0;3036;0;0;0;0;0;0;
39625;4634001;566579200;42102784;515682304;0;0;0;0;0;0;0;0;0;0;0;3065;0;0;0;0;0;0;
39626;2648437;566579200;42102784;515682304;0;0;0;0;0;0;0;0;0;0;0;3427;0;0;0;0;0;0;
39627;4635633;566579200;42102784;515682304;0;0;0;0;0;0;0;0;0;0;0;2846;0;0;0;0;0;0;
39628;2564479;566579200;42102784;515682304;0;0;0;0;0;0;0;0;0;0;0;3477;0;0;0;0;0;0;
39629;4705234;566579200;42102784;515682304;0;0;0;0;0;0;0;0;0;0;0;3436;0;0;0;0;0;0;
39630;2597371;566579200;42102784;515682304;0;0;0;0;0;0;0;0;0;0;0;3406;0;0;0;0;0;0;
39631;4669187;566579200;42102784;515682304;0;0;0;0;0;0;0;0;0;0;0;3116;0;0;0;0;0;0;
39632;2557777;566579200;42102784;515682304;0;0;0;0;0;0;0;0;0;0;0;3637;0;0;0;0;0;0;
39633;4652165;566579200;42102784;515682304;0;0;0;0;0;0;0;0;0;0;0;2945;0;0;0;0;0;0;
39634;2542418;566579200;42102784;515682304;0;0;0;0;0;0;0;0;0;0;0;2945;0;0;0;0;0;0;
39635;4628030;566579200;42102784;515682304;0;0;0;0;0;0;0;0;0;0;0;3246;0;0;0;0;0;0;
39636;2534794;566579200;42102784;515682304;0;0;0;0;0;0;0;0;0;0;0;3747;0;0;0;0;0;0;
39637;4616017;566579200;42102784;515682304;0;0;0;0;0;0;0;0;0;0;0;3065;0;0;0;0;0;0;
39638;2636184;566579200;42102784;515682304;0;0;0;0;0;0;0;0;0;0;0;3306;0;0;0;0;0;0;
39639;4593966;566579200;42102784;515682304;0;0;0;0;0;0;0;0;0;0;0;3277;0;0;0;0;0;0;
39640;2617519;566579200;42102784;515682304;0;0;0;0;0;0;0;0;0;0;0;3536;0;0;0;0;0;0;
39641;4673314;566579200;42102784;515682304;0;0;0;0;0;0;0;0;0;0;0;3005;0;0;0;0;0;0;
39642;2630383;566579200;42102784;515682304;0;0;0;0;0;0;0;0;0;0;0;3246;0;0;0;0;0;0;
39643;4829647;566579200;42102784;515682304;0;0;0;0;0;0;0;0;0;0;0;2895;0;0;0;0;0;0;
39644;2556805;566579200;42102784;515682304;0;0;0;0;0;0;0;0;0;0;0;3236;0;0;0;0;0;0;
39645;4695686;566579200;42102784;515682304;0;0;0;0;0;0;0;0;0;0;0;3096;0;0;0;0;0;0;
39646;2530796;566579200;42102784;515682304;0;0;0;0;0;0;0;0;0;0;0;3296;0;0;0;0;0;0;
39647;4669367;566579200;42102784;515682304;0;0;0;0;0;0;0;0;0;0;0;3357;0;0;0;0;0;0;
39648;2619884;566579200;42102784;515682304;0;0;0;0;0;0;0;0;0;0;0;3576;0;0;0;0;0;0;
39649;4768202;566579200;42102784;515682304;0;0;0;0;0;0;0;0;0;0;0;3106;0;0;0;0;0;0;
39650;2511500;566579200;42102784;515682304;0;0;0;0;0;0;0;0;0;0;0;4008;0;0;0;0;0;0;
39651;4687160;566579200;42102784;515682304;0;0;0;0;0;0;0;0;0;0;0;3286;0;0;0;0;0;0;
39652;2644429;566579200;42102784;515682304;0;0;0;0;0;0;0;0;0;0;0;3307;0;0;0;0;0;0;
39653;4656733;566579200;42102784;515682304;0;0;0;0;0;0;0;0;0;0;0;3436;0;0;0;0;0;0;
39654;2518433;566579200;42102784;515682304;0;0;0;0;0;0;0;0;0;0;0;2845;0;0;0;0;0;0;
39655;4680267;566579200;42102784;515682304;0;0;0;0;0;0;0;0;0;0;0;3326;0;0;0;0;0;0;
39656;2796665;566579200;42102784;515682304;0;0;0;0;0;0;0;0;0;0;0;3376;0;0;0;0;0;0;
39657;4626396;566579200;42102784;515682304;0;0;0;0;0;0;0;0;0;0;0;3146;0;0;0;0;0;0;
39658;2577444;566579200;42102784;515682304;0;0;0;0;0;0;0;0;0;0;0;3256;0;0;0;0;0;0;
39659;4587193;566579200;42102784;515682304;0;0;0;0;0;0;0;0;0;0;0;3086;0;0;0;0;0;0;
39660;2601218;566579200;42102784;515682304;0;0;0;0;0;0;0;0;0;0;0;3527;0;0;0;0;0;0;
39661;4639190;566579200;42102784;515682304;0;0;0;0;0;0;0;0;0;0;0;3256;0;0;0;0;0;0;
39662;2589296;566579200;42102784;515682304;0;0;0;0;0;0;0;0;0;0;0;2926;0;0;0;0;0;0;
39663;4654730;566579200;42102784;515682304;0;0;0;0;0;0;0;0;0;0;0;3327;0;0;0;0;0;0;
39664;2759315;566579200;42102784;515682304;0;0;0;0;0;0;0;0;0;0;0;3076;0;0;0;0;0;0;
39665;4674487;566579200;42102784;515682304;0;0;0;0;0;0;0;0;0;0;0;2896;0;0;0;0;0;0;
39666;2471685;566579200;42102784;515682304;0;0;0;0;0;0;0;0;0;0;0;3847;0;0;0;0;0;0;
39667;4634080;566579200;42102784;515682304;0;0;0;0;0;0;0;0;0;0;0;2945;0;0;0;0;0;0;
39668;2505659;566579200;42102784;515682304;0;0;0;0;0;0;0;0;0;0;0;3246;0;0;0;0;0;0;
39669;4657605;566579200;42102784;515682304;0;0;0;0;0;0;0;0;0;0;0;2995;0;0;0;0;0;0;
39670;2617008;566579200;42102784;515682304;0;0;0;0;0;0;0;0;0;0;0;3296;0;0;0;0;0;0;
39671;4628570;566579200;42102784;515682304;0;0;0;0;0;0;0;0;0;0;0;3266;0;0;0;0;0;0;
39672;2615966;566579200;42102784;515682304;0;0;0;0;0;0;0;0;0;0;0;3497;0;0;0;0;0;0;
39673;4707228;566579200;42102784;515682304;0;0;0;0;0;0;0;0;0;0;0;2856;0;0;0;0;0;0;
39674;2500009;566579200;42102784;515682304;0;0;0;0;0;0;0;0;0;0;0;2815;0;0;0;0;0;0;
39675;4633019;566579200;42102784;515682304;0;0;0;0;0;0;0;0;0;0;0;2986;0;0;0;0;0;0;
39676;2522951;566579200;42102784;515682304;0;0;0;0;0;0;0;0;0;0;0;2985;0;0;0;0;0;0;
39677;4739568;566579200;42102784;515682304;0;0;0;0;0;0;0;0;0;0;0;3186;0;0;0;0;0;0;
39678;2506080;566579200;42102784;515682304;0;0;0;0;0;0;0;0;0;0;0;3026;0;0;0;0;0;0;
39679;4627118;566579200;42102784;515682304;0;0;0;0;0;0;0;0;0;0;0;2845;0;0;0;0;0;0;
39680;2785504;566579200;42102784;515682304;0;0;0;0;0;0;0;0;0;0;0;3026;0;0;0;0;0;0;
39681;4588395;566579200;42102784;515682304;0;0;0;0;0;0;0;0;0;0;0;3176;0;0;0;0;0;0;
39682;2695495;566579200;42102784;515682304;0;0;0;0;0;0;0;0;0;0;0;2304;0;0;0;0;0;0;
39683;4531980;566579200;42102784;515682304;0;0;0;0;0;0;0;0;0;0;0;2265;0;0;0;0;0;0;
39684;2640492;566579200;42102784;515682304;0;0;0;0;0;0;0;0;0;0;0;3075;0;0;0;0;0;0;
39685;4529966;566579200;42102784;515682304;0;0;0;0;0;0;0;0;0;0;0;3056;0;0;0;0;0;0;
39686;2747823;566579200;42102784;515682304;0;0;0;0;0;0;0;0;0;0;0;3366;0;0;0;0;0;0;
39687;4595248;566579200;42102784;515682304;0;0;0;0;0;0;0;0;0;0;0;2936;0;0;0;0;0;0;
39688;2797516;566579200;42102784;515682304;0;0;0;0;0;0;0;0;0;0;0;3206;0;0;0;0;0;0;
39689;4702479;566579200;42102784;515682304;0;0;0;0;0;0;0;0;0;0;0;3546;0;0;0;0;0;0;
39690;2466666;566579200;42102784;515682304;0;0;0;0;0;0;0;0;0;0;0;3316;0;0;0;0;0;0;
39691;4635774;566579200;42102784;515682304;0;0;0;0;0;0;0;0;0;0;0;3156;0;0;0;0;0;0;
39692;2500509;566579200;42102784;515682304;0;0;0;0;0;0;0;0;0;0;0;3126;0;0;0;0;0;0;
39693;4693692;566579200;42102784;515682304;0;0;0;0;0;0;0;0;0;0;0;3056;0;0;0;0;0;0;
39694;2471716;566579200;42102784;515682304;0;0;0;0;0;0;0;0;0;0;0;2935;0;0;0;0;0;0;
39695;4640943;566579200;42102784;515682304;0;0;0;0;0;0;0;0;0;0;0;2836;0;0;0;0;0;0;
39696;2612460;566579200;42102784;515682304;0;0;0;0;0;0;0;0;0;0;0;3506;0;0;0;0;0;0;
39697;4666883;566579200;42102784;515682304;0;0;0;0;0;0;0;0;0;0;0;2996;0;0;0;0;0;0;
39698;2545675;566579200;42102784;515682304;0;0;0;0;0;0;0;0;0;0;0;2926;0;0;0;0;0;0;
39699;4607501;566579200;42102784;515682304;0;0;0;0;0;0;0;0;0;0;0;2986;0;0;0;0;0;0;
39700;2558358;566579200;42102784;515682304;0;0;0;0;0;0;0;0;0;0;0;3968;0;0;0;0;0;0;
39701;4684385;566579200;42102784;515682304;0;0;0;0;0;0;0;0;0;0;0;2856;0;0;0;0;0;0;
39702;2471164;566579200;42102784;515682304;0;0;0;0;0;0;0;0;0;0;0;3416;0;0;0;0;0;0;
39703;4634401;566579200;42102784;515682304;0;0;0;0;0;0;0;0;0;0;0;3296;0;0;0;0;0;0;
39704;2887925;566579200;42102784;515682304;0;0;0;0;0;0;0;0;0;0;0;3557;0;0;0;0;0;0;
39705;4604725;566579200;42102784;515682304;0;0;0;0;0;0;0;0;0;0;0;2976;0;0;0;0;0;0;
39706;2566884;566579200;42102784;515682304;0;0;0;0;0;0;0;0;0;0;0;2956;0;0;0;0;0;0;
39707;4554972;566579200;42102784;515682304;0;0;0;0;0;0;0;0;0;0;0;3015;0;0;0;0;0;0;
39708;2628580;566579200;42102784;515682304;0;0;0;0;0;0;0;0;0;0;0;3106;0;0;0;0;0;0;
39709;4589487;566579200;42102784;515682304;0;0;0;0;0;0;0;0;0;0;0;3387;0;0;0;0;0;0;
39710;2580881;566579200;42102784;515682304;0;0;0;0;0;0;0;0;0;0;0;3046;0;0;0;0;0;0;
39711;4564310;566579200;42102784;515682304;0;0;0;0;0;0;0;0;0;0;0;2645;0;0;0;0;0;0;
39712;2878559;566579200;42102784;515682304;0;0;0;0;0;0;0;0;0;0;0;3366;0;0;0;0;0;0;
39713;4609394;566579200;42102784;515682304;0;0;0;0;0;0;0;0;0;0;0;3126;0;0;0;0;0;0;
39714;2659909;566579200;42102784;515682304;0;0;0;0;0;0;0;0;0;0;0;3136;0;0;0;0;0;0;
39715;4679125;566579200;42102784;515682304;0;0;0;0;0;0;0;0;0;0;0;2996;0;0;0;0;0;0;
39716;2615595;566579200;42102784;515682304;0;0;0;0;0;0;0;0;0;0;0;3106;0;0;0;0;0;0;
39717;4674076;566579200;42102784;515682304;0;0;0;0;0;0;0;0;0;0;0;3015;0;0;0;0;0;0;
39718;2546526;566579200;42102784;515682304;0;0;0;0;0;0;0;0;0;0;0;3266;0;0;0;0;0;0;
39719;4657925;566579200;42102784;515682304;0;0;0;0;0;0;0;0;0;0;0;2985;0;0;0;0;0;0;
39720;2577173;566579200;42102784;515682304;0;0;0;0;0;0;0;0;0;0;0;3757;0;0;0;0;0;0;
39721;4694283;566579200;42102784;515682304;0;0;0;0;0;0;0;0;0;0;0;3025;0;0;0;0;0;0;
39722;8567107;566579200;42102784;515682304;0;0;0;0;0;0;0;0;0;0;0;3206;0;0;0;0;0;0;
39723;7922217;566579200;42102784;515682304;0;0;0;0;0;0;0;0;0;0;0;3757;0;0;0;0;0;0;
39724;3227543;566579200;42102784;515682304;0;0;0;0;0;0;0;0;0;0;0;4739;0;0;0;0;0;0;
39725;5023341;566579200;42102784;515682304;0;0;0;0;0;0;0;0;0;0;0;3146;0;0;0;0;0;0;
39726;3021757;566579200;42102784;515682304;0;0;0;0;0;0;0;0;0;0;0;2975;0;0;0;0;0;0;
39727;5162722;566579200;42102784;515682304;0;0;0;0;0;0;0;0;0;0;0;3877;0;0;0;0;0;0;
39728;3104432;566579200;42102784;515682304;0;0;0;0;0;0;0;0;0;0;0;3216;0;0;0;0;0;0;
39729;4987353;566579200;42102784;515682304;0;0;0;0;0;0;0;0;0;0;0;3327;0;0;0;0;0;0;
39730;3076500;566579200;42102784;515682304;0;0;0;0;0;0;0;0;0;0;0;3627;0;0;0;0;0;0;
39731;4794381;566579200;42102784;515682304;0;0;0;0;0;0;0;0;0;0;0;4789;0;0;0;0;0;0;
39732;3065158;566579200;42102784;515682304;0;0;0;0;0;0;0;0;0;0;0;3467;0;0;0;0;0;0;
39733;4821212;566579200;42102784;515682304;0;0;0;0;0;0;0;0;0;0;0;3828;0;0;0;0;0;0;
39734;3329023;566579200;42102784;515682304;0;0;0;0;0;0;0;0;0;0;0;3837;0;0;0;0;0;0;
39735;4824178;566579200;42102784;515682304;0;0;0;0;0;0;0;0;0;0;0;3487;0;0;0;0;0;0;
39736;3163402;566579200;42102784;515682304;0;0;0;0;0;0;0;0;0;0;0;3206;0;0;0;0;0;0;
39737;4725212;566579200;42102784;515682304;0;0;0;0;0;0;0;0;0;0;0;2936;0;0;0;0;0;0;
39738;3135010;566579200;42102784;515682304;0;0;0;0;0;0;0;0;0;0;0;3768;0;0;0;0;0;0;
39739;4765868;566579200;42102784;515682304;0;0;0;0;0;0;0;0;0;0;0;2926;0;0;0;0;0;0;
39740;3294368;566579200;42102784;515682304;0;0;0;0;0;0;0;0;0;0;0;3026;0;0;0;0;0;0;
39741;4827043;566579200;42102784;515682304;0;0;0;0;0;0;0;0;0;0;0;3557;0;0;0;0;0;0;
39742;3496387;566579200;42102784;515682304;0;0;0;0;0;0;0;0;0;0;0;3687;0;0;0;0;0;0;
39743;4906411;566579200;42102784;515682304;0;0;0;0;0;0;0;0;0;0;0;3136;0;0;0;0;0;0;
39744;3025654;566579200;42102784;515682304;0;0;0;0;0;0;0;0;0;0;0;4388;0;0;0;0;0;0;
39745;4925086;566579200;42102784;515682304;0;0;0;0;0;0;0;0;0;0;0;3686;0;0;0;0;0;0;
39746;3031575;566579200;42102784;515682304;0;0;0;0;0;0;0;0;0;0;0;3467;0;0;0;0;0;0;
39747;5143857;566579200;42102784;515682304;0;0;0;0;0;0;0;0;0;0;0;3637;0;0;0;0;0;0;
39748;3047645;566579200;42102784;515682304;0;0;0;0;0;0;0;0;0;0;0;3777;0;0;0;0;0;0;
39749;5294459;566579200;42102784;515682304;0;0;0;0;0;0;0;0;0;0;0;3597;0;0;0;0;0;0;
39750;3201274;566579200;42102784;515682304;0;0;0;0;0;0;0;0;0;0;0;3767;0;0;0;0;0;0;
39751;5176207;566579200;42102784;515682304;0;0;0;0;0;0;0;0;0;0;0;3898;0;0;0;0;0;0;
39752;3302524;566579200;42102784;515682304;0;0;0;0;0;0;0;0;0;0;0;4298;0;0;0;0;0;0;
39753;5313856;566579200;42102784;515682304;0;0;0;0;0;0;0;0;0;0;0;3868;0;0;0;0;0;0;
39754;3271996;566579200;42102784;515682304;0;0;0;0;0;0;0;0;0;0;0;4248;0;0;0;0;0;0;
39755;5154036;566579200;42102784;515682304;0;0;0;0;0;0;0;0;0;0;0;3627;0;0;0;0;0;0;
39756;3160457;566579200;42102784;515682304;0;0;0;0;0;0;0;0;0;0;0;3677;0;0;0;0;0;0;
39757;5048759;566579200;42102784;515682304;0;0;0;0;0;0;0;0;0;0;0;3747;0;0;0;0;0;0;
39758;3370050;566579200;42102784;515682304;0;0;0;0;0;0;0;0;0;0;0;3867;0;0;0;0;0;0;
39759;5100025;566579200;42102784;515682304;0;0;0;0;0;0;0;0;0;0;0;3917;0;0;0;0;0;0;
39760;3174002;566579200;42102784;515682304;0;0;0;0;0;0;0;0;0;0;0;4628;0;0;0;0;0;0;
39761;5000558;566579200;42102784;515682304;0;0;0;0;0;0;0;0;0;0;0;3647;0;0;0;0;0;0;
39762;3173011;566579200;42102784;515682304;0;0;0;0;0;0;0;0;0;0;0;3616;0;0;0;0;0;0;
39763;5082763;566579200;42102784;515682304;0;0;0;0;0;0;0;0;0;0;0;3436;0;0;0;0;0;0;
39764;3083433;566579200;42102784;515682304;0;0;0;0;0;0;0;0;0;0;0;4329;0;0;0;0;0;0;
39765;5395258;566579200;42102784;515682304;0;0;0;0;0;0;0;0;0;0;0;4148;0;0;0;0;0;0;
39766;3904001;566579200;42102784;515682304;0;0;0;0;0;0;0;0;0;0;0;3506;0;0;0;0;0;0;
39767;5515934;566579200;42102784;515682304;0;0;0;0;0;0;0;0;0;0;0;4398;0;0;0;0;0;0;
39768;3172490;566579200;42102784;515682304;0;0;0;0;0;0;0;0;0;0;0;4299;0;0;0;0;0;0;
39769;5049009;566579200;42102784;515682304;0;0;0;0;0;0;0;0;0;0;0;4358;0;0;0;0;0;0;
39770;3182148;566579200;42102784;515682304;0;0;0;0;0;0;0;0;0;0;0;4178;0;0;0;0;0;0;
39771;5122817;566579200;42102784;515682304;0;0;0;0;0;0;0;0;0;0;0;3847;0;0;0;0;0;0;
39772;3130430;566579200;42102784;515682304;0;0;0;0;0;0;0;0;0;0;0;3968;0;0;0;0;0;0;
39773;4996380;566579200;42102784;515682304;0;0;0;0;0;0;0;0;0;0;0;4238;0;0;0;0;0;0;
39774;3179813;566579200;42102784;515682304;0;0;0;0;0;0;0;0;0;0;0;3857;0;0;0;0;0;0;
39775;5041385;566579200;42102784;515682304;0;0;0;0;0;0;0;0;0;0;0;4448;0;0;0;0;0;0;
39776;3220149;566579200;42102784;515682304;0;0;0;0;0;0;0;0;0;0;0;3977;0;0;0;0;0;0;
39777;5019874;566579200;42102784;515682304;0;0;0;0;0;0;0;0;0;0;0;5070;0;0;0;0;0;0;
39778;3139307;566579200;42102784;515682304;0;0;0;0;0;0;0;0;0;0;0;4960;0;0;0;0;0;0;
39779;4942770;566579200;42102784;515682304;0;0;0;0;0;0;0;0;0;0;0;3547;0;0;0;0;0;0;
39780;3066030;566579200;42102784;515682304;0;0;0;0;0;0;0;0;0;0;0;3627;0;0;0;0;0;0;
39781;4920438;566579200;42102784;515682304;0;0;0;0;0;0;0;0;0;0;0;4017;0;0;0;0;0;0;
39782;3281805;566579200;42102784;515682304;0;0;0;0;0;0;0;0;0;0;0;3767;0;0;0;0;0;0;
39783;4754286;566579200;42102784;515682304;0;0;0;0;0;0;0;0;0;0;0;3777;0;0;0;0;0;0;
39784;3226982;566579200;42102784;515682304;0;0;0;0;0;0;0;0;0;0;0;3757;0;0;0;0;0;0;
39785;4803669;566579200;42102784;515682304;0;0;0;0;0;0;0;0;0;0;0;3777;0;0;0;0;0;0;
39786;3203527;566579200;42102784;515682304;0;0;0;0;0;0;0;0;0;0;0;4238;0;0;0;0;0;0;
39787;4960523;566579200;42102784;515682304;0;0;0;0;0;0;0;0;0;0;0;3346;0;0;0;0;0;0;
39788;3131984;566579200;42102784;515682304;0;0;0;0;0;0;0;0;0;0;0;3156;0;0;0;0;0;0;
39789;4832954;566579200;42102784;515682304;0;0;0;0;0;0;0;0;0;0;0;3346;0;0;0;0;0;0;
39790;3350884;566579200;42102784;515682304;0;0;0;0;0;0;0;0;0;0;0;3717;0;0;0;0;0;0;
39791;4803949;566579200;42102784;515682304;0;0;0;0;0;0;0;0;0;0;0;3256;0;0;0;0;0;0;
39792;3545920;566579200;42102784;515682304;0;0;0;0;0;0;0;0;0;0;0;3307;0;0;0;0;0;0;
39793;4877788;566579200;42102784;515682304;0;0;0;0;0;0;0;0;0;0;0;2845;0;0;0;0;0;0;
39794;3151450;566579200;42102784;515682304;0;0;0;0;0;0;0;0;0;0;0;3446;0;0;0;0;0;0;
39795;4827093;566579200;42102784;515682304;0;0;0;0;0;0;0;0;0;0;0;2965;0;0;0;0;0;0;
39796;3104522;566579200;42102784;515682304;0;0;0;0;0;0;0;0;0;0;0;3527;0;0;0;0;0;0;
39797;4851127;566579200;42102784;515682304;0;0;0;0;0;0;0;0;0;0;0;3366;0;0;0;0;0;0;
39798;3137053;566579200;42102784;515682304;0;0;0;0;0;0;0;0;0;0;0;4188;0;0;0;0;0;0;
39799;5016879;566579200;42102784;515682304;0;0;0;0;0;0;0;0;0;0;0;3637;0;0;0;0;0;0;
39800;3101066;566579200;42102784;515682304;0;0;0;0;0;0;0;0;0;0;0;3396;0;0;0;0;0;0;
39801;5064307;566579200;42102784;515682304;0;0;0;0;0;0;0;0;0;0;0;3957;0;0;0;0;0;0;
39802;3258651;566579200;42102784;515682304;0;0;0;0;0;0;0;0;0;0;0;3667;0;0;0;0;0;0;
39803;5023411;566579200;42102784;515682304;0;0;0;0;0;0;0;0;0;0;0;4248;0;0;0;0;0;0;
39804;3372956;566579200;42102784;515682304;0;0;0;0;0;0;0;0;0;0;0;3757;0;0;0;0;0;0;
39805;4990138;566579200;42102784;515682304;0;0;0;0;0;0;0;0;0;0;0;3617;0;0;0;0;0;0;
39806;3248522;566579200;42102784;515682304;0;0;0;0;0;0;0;0;0;0;0;3647;0;0;0;0;0;0;
39807;5023802;566579200;42102784;515682304;0;0;0;0;0;0;0;0;0;0;0;3106;0;0;0;0;0;0;
39808;3280182;566579200;42102784;515682304;0;0;0;0;0;0;0;0;0;0;0;3847;0;0;0;0;0;0;
39809;4909969;566579200;42102784;515682304;0;0;0;0;0;0;0;0;0;0;0;3646;0;0;0;0;0;0;
39810;3341577;566579200;42102784;515682304;0;0;0;0;0;0;0;0;0;0;0;4368;0;0;0;0;0;0;
39811;4875474;566579200;42102784;515682304;0;0;0;0;0;0;0;0;0;0;0;3397;0;0;0;0;0;0;
39812;3221652;566579200;42102784;515682304;0;0;0;0;0;0;0;0;0;0;0;6322;0;0;0;0;0;0;
39813;4983375;566579200;42102784;515682304;0;0;0;0;0;0;0;0;0;0;0;3266;0;0;0;0;0;0;
39814;3245146;566579200;42102784;515682304;0;0;0;0;0;0;0;0;0;0;0;4999;0;0;0;0;0;0;
39815;5183701;566579200;42102784;515682304;0;0;0;0;0;0;0;0;0;0;0;3967;0;0;0;0;0;0;
39816;3232593;566579200;42102784;515682304;0;0;0;0;0;0;0;0;0;0;0;4538;0;0;0;0;0;0;
39817;5158975;566579200;42102784;515682304;0;0;0;0;0;0;0;0;0;0;0;3427;0;0;0;0;0;0;
39818;3589361;566579200;42102784;515682304;0;0;0;0;0;0;0;0;0;0;0;3847;0;0;0;0;0;0;
39819;5423311;566579200;42102784;515682304;0;0;0;0;0;0;0;0;0;0;0;4839;0;0;0;0;0;0;
39820;3582098;566579200;42102784;515682304;0;0;0;0;0;0;0;0;0;0;0;3517;0;0;0;0;0;0;
39821;4996541;566579200;42102784;515682304;0;0;0;0;0;0;0;0;0;0;0;3787;0;0;0;0;0;0;
39822;3177419;566579200;42102784;515682304;0;0;0;0;0;0;0;0;0;0;0;3487;0;0;0;0;0;0;
39823;4945475;566579200;42102784;515682304;0;0;0;0;0;0;0;0;0;0;0;4889;0;0;0;0;0;0;
39824;3244444;566579200;42102784;515682304;0;0;0;0;0;0;0;0;0;0;0;3307;0;0;0;0;0;0;
39825;4853542;566579200;42102784;515682304;0;0;0;0;0;0;0;0;0;0;0;3997;0;0;0;0;0;0;
39826;3181446;566579200;42102784;515682304;0;0;0;0;0;0;0;0;0;0;0;4529;0;0;0;0;0;0;
39827;4771839;566579200;42102784;515682304;0;0;0;0;0;0;0;0;0;0;0;3386;0;0;0;0;0;0;
39828;3194090;566579200;42102784;515682304;0;0;0;0;0;0;0;0;0;0;0;4088;0;0;0;0;0;0;
39829;4633750;566579200;42102784;515682304;0;0;0;0;0;0;0;0;0;0;0;3186;0;0;0;0;0;0;
39830;3419553;566579200;42102784;515682304;0;0;0;0;0;0;0;0;0;0;0;3436;0;0;0;0;0;0;
39831;4787228;566579200;42102784;515682304;0;0;0;0;0;0;0;0;0;0;0;3667;0;0;0;0;0;0;
39832;3378796;566579200;42102784;515682304;0;0;0;0;0;0;0;0;0;0;0;3887;0;0;0;0;0;0;
39833;4874882;566579200;42102784;515682304;0;0;0;0;0;0;0;0;0;0;0;3977;0;0;0;0;0;0;
39834;3241238;566579200;42102784;515682304;0;0;0;0;0;0;0;0;0;0;0;3546;0;0;0;0;0;0;
39835;4820170;566579200;42102784;515682304;0;0;0;0;0;0;0;0;0;0;0;3076;0;0;0;0;0;0;
39836;3375350;566579200;42102784;515682304;0;0;0;0;0;0;0;0;0;0;0;3446;0;0;0;0;0;0;
39837;4786326;566579200;42102784;515682304;0;0;0;0;0;0;0;0;0;0;0;3487;0;0;0;0;0;0;
39838;3418181;566579200;42102784;515682304;0;0;0;0;0;0;0;0;0;0;0;3727;0;0;0;0;0;0;
39839;4790905;566579200;42102784;515682304;0;0;0;0;0;0;0;0;0;0;0;3577;0;0;0;0;0;0;
39840;3478193;566579200;42102784;515682304;0;0;0;0;0;0;0;0;0;0;0;3908;0;0;0;0;0;0;
39841;4924996;566579200;42102784;515682304;0;0;0;0;0;0;0;0;0;0;0;3737;0;0;0;0;0;0;
39842;3384267;566579200;42102784;515682304;0;0;0;0;0;0;0;0;0;0;0;4718;0;0;0;0;0;0;
39843;4927862;566579200;42102784;515682304;0;0;0;0;0;0;0;0;0;0;0;3637;0;0;0;0;0;0;
39844;3120833;566579200;42102784;515682304;0;0;0;0;0;0;0;0;0;0;0;4468;0;0;0;0;0;0;
39845;5128247;566579200;42102784;515682304;0;0;0;0;0;0;0;0;0;0;0;3236;0;0;0;0;0;0;
39846;3008012;566579200;42102784;515682304;0;0;0;0;0;0;0;0;0;0;0;3366;0;0;0;0;0;0;
39847;5022860;566579200;42102784;515682304;0;0;0;0;0;0;0;0;0;0;0;4228;0;0;0;0;0;0;
39848;3265735;566579200;42102784;515682304;0;0;0;0;0;0;0;0;0;0;0;4248;0;0;0;0;0;0;
39849;5284089;566579200;42102784;515682304;0;0;0;0;0;0;0;0;0;0;0;4949;0;0;0;0;0;0;
39850;3207295;566579200;42102784;515682304;0;0;0;0;0;0;0;0;0;0;0;3798;0;0;0;0;0;0;
39851;5367697;566579200;42102784;515682304;0;0;0;0;0;0;0;0;0;0;0;3987;0;0;0;0;0;0;
39852;3343721;566579200;42102784;515682304;0;0;0;0;0;0;0;0;0;0;0;3957;0;0;0;0;0;0;
39853;5310009;566579200;42102784;515682304;0;0;0;0;0;0;0;0;0;0;0;3477;0;0;0;0;0;0;
39854;3334293;566579200;42102784;515682304;0;0;0;0;0;0;0;0;0;0;0;3426;0;0;0;0;0;0;
39855;5272027;566579200;42102784;515682304;0;0;0;0;0;0;0;0;0;0;0;3878;0;0;0;0;0;0;
39856;3298526;566579200;42102784;515682304;0;0;0;0;0;0;0;0;0;0;0;3566;0;0;0;0;0;0;
39857;5313125;566579200;42102784;515682304;0;0;0;0;0;0;0;0;0;0;0;4358;0;0;0;0;0;0;
39858;3423511;566579200;42102784;515682304;0;0;0;0;0;0;0;0;0;0;0;3707;0;0;0;0;0;0;
39859;5197757;566579200;42102784;515682304;0;0;0;0;0;0;0;0;0;0;0;4168;0;0;0;0;0;0;
39860;3282416;566579200;42102784;515682304;0;0;0;0;0;0;0;0;0;0;0;4177;0;0;0;0;0;0;
39861;5211284;566579200;42102784;515682304;0;0;0;0;0;0;0;0;0;0;0;4960;0;0;0;0;0;0;
39862;3216161;566579200;42102784;515682304;0;0;0;0;0;0;0;0;0;0;0;3527;0;0;0;0;0;0;
39863;5216643;566579200;42102784;515682304;0;0;0;0;0;0;0;0;0;0;0;3927;0;0;0;0;0;0;
39864;3179953;566579200;42102784;515682304;0;0;0;0;0;0;0;0;0;0;0;3607;0;0;0;0;0;0;
39865;5119440;566579200;42102784;515682304;0;0;0;0;0;0;0;0;0;0;0;4258;0;0;0;0;0;0;
39866;3185123;566579200;42102784;515682304;0;0;0;0;0;0;0;0;0;0;0;3497;0;0;0;0;0;0;
39867;5064147;566579200;42102784;515682304;0;0;0;0;0;0;0;0;0;0;0;4539;0;0;0;0;0;0;
39868;3164946;566579200;42102784;515682304;0;0;0;0;0;0;0;0;0;0;0;3867;0;0;0;0;0;0;
39869;5179403;566579200;42102784;515682304;0;0;0;0;0;0;0;0;0;0;0;4228;0;0;0;0;0;0;
39870;3000878;566579200;42102784;515682304;0;0;0;0;0;0;0;0;0;0;0;3657;0;0;0;0;0;0;
39871;5367907;566579200;42102784;515682304;0;0;0;0;0;0;0;0;0;0;0;4779;0;0;0;0;0;0;
39872;3117105;566579200;42102784;515682304;0;0;0;0;0;0;0;0;0;0;0;3356;0;0;0;0;0;0;
39873;5253542;566579200;42102784;515682304;0;0;0;0;0;0;0;0;0;0;0;4348;0;0;0;0;0;0;
39874;3204490;566579200;42102784;515682304;0;0;0;0;0;0;0;0;0;0;0;3276;0;0;0;0;0;0;
39875;5310649;566579200;42102784;515682304;0;0;0;0;0;0;0;0;0;0;0;4549;0;0;0;0;0;0;
39876;3178331;566579200;42102784;515682304;0;0;0;0;0;0;0;0;0;0;0;3747;0;0;0;0;0;0;
39877;5245949;566579200;42102784;515682304;0;0;0;0;0;0;0;0;0;0;0;4358;0;0;0;0;0;0;
39878;3273609;566579200;42102784;515682304;0;0;0;0;0;0;0;0;0;0;0;4158;0;0;0;0;0;0;
39879;5221523;566579200;42102784;515682304;0;0;0;0;0;0;0;0;0;0;0;3837;0;0;0;0;0;0;
39880;3391561;566579200;42102784;515682304;0;0;0;0;0;0;0;0;0;0;0;4138;0;0;0;0;0;0;
39881;5214770;566579200;42102784;515682304;0;0;0;0;0;0;0;0;0;0;0;4278;0;0;0;0;0;0;
39882;3352407;566579200;42102784;515682304;0;0;0;0;0;0;0;0;0;0;0;4348;0;0;0;0;0;0;
39883;5299198;566579200;42102784;515682304;0;0;0;0;0;0;0;0;0;0;0;3787;0;0;0;0;0;0;
39884;3335816;566579200;42102784;515682304;0;0;0;0;0;0;0;0;0;0;0;3627;0;0;0;0;0;0;
39885;5340065;566579200;42102784;515682304;0;0;0;0;0;0;0;0;0;0;0;3787;0;0;0;0;0;0;
39886;3467393;566579200;42102784;515682304;0;0;0;0;0;0;0;0;0;0;0;3947;0;0;0;0;0;0;
39887;5570517;566579200;42102784;515682304;0;0;0;0;0;0;0;0;0;0;0;3957;0;0;0;0;0;0;
39888;3316620;566579200;42102784;515682304;0;0;0;0;0;0;0;0;0;0;0;3898;0;0;0;0;0;0;
39889;5519461;566579200;42102784;515682304;0;0;0;0;0;0;0;0;0;0;0;4268;0;0;0;0;0;0;
39890;3465700;566579200;42102784;515682304;0;0;0;0;0;0;0;0;0;0;0;4278;0;0;0;0;0;0;
39891;5416558;566579200;42102784;515682304;0;0;0;0;0;0;0;0;0;0;0;3977;0;0;0;0;0;0;
39892;3060951;566579200;42102784;515682304;0;0;0;0;0;0;0;0;0;0;0;3286;0;0;0;0;0;0;
39893;4950705;566579200;42102784;515682304;0;0;0;0;0;0;0;0;0;0;0;3427;0;0;0;0;0;0;
39894;3295731;566579200;42102784;515682304;0;0;0;0;0;0;0;0;0;0;0;4278;0;0;0;0;0;0;
39895;5041605;566579200;42102784;515682304;0;0;0;0;0;0;0;0;0;0;0;3326;0;0;0;0;0;0;
39896;3426296;566579200;42102784;515682304;0;0;0;0;0;0;0;0;0;0;0;3797;0;0;0;0;0;0;
39897;5003073;566579200;42102784;515682304;0;0;0;0;0;0;0;0;0;0;0;3136;0;0;0;0;0;0;
39898;3260565;566579200;42102784;515682304;0;0;0;0;0;0;0;0;0;0;0;3797;0;0;0;0;0;0;
39899;5047816;566579200;42102784;515682304;0;0;0;0;0;0;0;0;0;0;0;3447;0;0;0;0;0;0;
39900;3703065;566579200;42102784;515682304;0;0;0;0;0;0;0;0;0;0;0;4428;0;0;0;0;0;0;
39901;5176057;566579200;42102784;515682304;0;0;0;0;0;0;0;0;0;0;0;3497;0;0;0;0;0;0;
39902;4108375;566579200;42102784;515682304;0;0;0;0;0;0;0;0;0;0;0;4198;0;0;0;0;0;0;
39903;5074136;566579200;42102784;515682304;0;0;0;0;0;0;0;0;0;0;0;3908;0;0;0;0;0;0;
39904;3323142;566579200;42102784;515682304;0;0;0;0;0;0;0;0;0;0;0;3907;0;0;0;0;0;0;
39905;4894959;566579200;42102784;515682304;0;0;0;0;0;0;0;0;0;0;0;4098;0;0;0;0;0;0;
39906;2841789;566579200;42102784;515682304;0;0;0;0;0;0;0;0;0;0;0;3146;0;0;0;0;0;0;
39907;4791907;566579200;42102784;515682304;0;0;0;0;0;0;0;0;0;0;0;3948;0;0;0;0;0;0;
39908;2650922;566579200;42102784;515682304;0;0;0;0;0;0;0;0;0;0;0;3256;0;0;0;0;0;0;
39909;4610456;566579200;42102784;515682304;0;0;0;0;0;0;0;0;0;0;0;3376;0;0;0;0;0;0;
39910;2665098;566579200;42102784;515682304;0;0;0;0;0;0;0;0;0;0;0;3076;0;0;0;0;0;0;
39911;4785234;566579200;42102784;515682304;0;0;0;0;0;0;0;0;0;0;0;3145;0;0;0;0;0;0;
39912;2517592;566579200;42102784;515682304;0;0;0;0;0;0;0;0;0;0;0;3697;0;0;0;0;0;0;
39913;4625264;566579200;42102784;515682304;0;0;0;0;0;0;0;0;0;0;0;3296;0;0;0;0;0;0;
39914;2539342;566579200;42102784;515682304;0;0;0;0;0;0;0;0;0;0;0;2896;0;0;0;0;0;0;
39915;4589327;566579200;42102784;515682304;0;0;0;0;0;0;0;0;0;0;0;3577;0;0;0;0;0;0;
39916;2591580;566579200;42102784;515682304;0;0;0;0;0;0;0;0;0;0;0;3347;0;0;0;0;0;0;
39917;4604485;566579200;42102784;515682304;0;0;0;0;0;0;0;0;0;0;0;3407;0;0;0;0;0;0;
39918;2741161;566579200;42102784;515682304;0;0;0;0;0;0;0;0;0;0;0;2665;0;0;0;0;0;0;
39919;4641554;566579200;42102784;515682304;0;0;0;0;0;0;0;0;0;0;0;2354;0;0;0;0;0;0;
39920;2627357;566579200;42102784;515682304;0;0;0;0;0;0;0;0;0;0;0;2625;0;0;0;0;0;0;
39921;4704142;566579200;42102784;515682304;0;0;0;0;0;0;0;0;0;0;0;2755;0;0;0;0;0;0;
39922;2581481;566579200;42102784;515682304;0;0;0;0;0;0;0;0;0;0;0;3045;0;0;0;0;0;0;
39923;4671100;566579200;42102784;515682304;0;0;0;0;0;0;0;0;0;0;0;2976;0;0;0;0;0;0;
39924;2641975;566579200;42102784;515682304;0;0;0;0;0;0;0;0;0;0;0;2975;0;0;0;0;0;0;
39925;4862269;566579200;42102784;515682304;0;0;0;0;0;0;0;0;0;0;0;3316;0;0;0;0;0;0;
39926;2680587;566579200;42102784;515682304;0;0;0;0;0;0;0;0;0;0;0;2455;0;0;0;0;0;0;
39927;4681379;566579200;42102784;515682304;0;0;0;0;0;0;0;0;0;0;0;2705;0;0;0;0;0;0;
39928;2683503;566579200;42102784;515682304;0;0;0;0;0;0;0;0;0;0;0;3577;0;0;0;0;0;0;
39929;4719621;566579200;42102784;515682304;0;0;0;0;0;0;0;0;0;0;0;3075;0;0;0;0;0;0;
39930;2633359;566579200;42102784;515682304;0;0;0;0;0;0;0;0;0;0;0;3446;0;0;0;0;0;0;
39931;4674617;566579200;42102784;515682304;0;0;0;0;0;0;0;0;0;0;0;3136;0;0;0;0;0;0;
39932;2981862;566579200;42102784;515682304;0;0;0;0;0;0;0;0;0;0;0;3226;0;0;0;0;0;0;
39933;4654339;566579200;42102784;515682304;0;0;0;0;0;0;0;0;0;0;0;3126;0;0;0;0;0;0;
39934;2597741;566579200;42102784;515682304;0;0;0;0;0;0;0;0;0;0;0;3185;0;0;0;0;0;0;
39935;4765888;566579200;42102784;515682304;0;0;0;0;0;0;0;0;0;0;0;2685;0;0;0;0;0;0;
39936;2714872;566579200;42102784;515682304;0;0;0;0;0;0;0;0;0;0;0;3036;0;0;0;0;0;0;
39937;4707609;566579200;42102784;515682304;0;0;0;0;0;0;0;0;0;0;0;2786;0;0;0;0;0;0;
39938;2663255;566579200;42102784;515682304;0;0;0;0;0;0;0;0;0;0;0;3206;0;0;0;0;0;0;
39939;4616328;566579200;42102784;515682304;0;0;0;0;0;0;0;0;0;0;0;2655;0;0;0;0;0;0;
39940;2618140;566579200;42102784;515682304;0;0;0;0;0;0;0;0;0;0;0;3026;0;0;0;0;0;0;
39941;4609024;566579200;42102784;515682304;0;0;0;0;0;0;0;0;0;0;0;2986;0;0;0;0;0;0;
39942;2673624;566579200;42102784;515682304;0;0;0;0;0;0;0;0;0;0;0;2825;0;0;0;0;0;0;
39943;4764696;566579200;42102784;515682304;0;0;0;0;0;0;0;0;0;0;0;2785;0;0;0;0;0;0;
39944;2600888;566579200;42102784;515682304;0;0;0;0;0;0;0;0;0;0;0;2956;0;0;0;0;0;0;
39945;4774063;566579200;42102784;515682304;0;0;0;0;0;0;0;0;0;0;0;2815;0;0;0;0;0;0;
39946;2810090;566579200;42102784;515682304;0;0;0;0;0;0;0;0;0;0;0;2625;0;0;0;0;0;0;
39947;4733387;566579200;42102784;515682304;0;0;0;0;0;0;0;0;0;0;0;3035;0;0;0;0;0;0;
39948;2612449;566579200;42102784;515682304;0;0;0;0;0;0;0;0;0;0;0;2986;0;0;0;0;0;0;
39949;4642497;566579200;42102784;515682304;0;0;0;0;0;0;0;0;0;0;0;2675;0;0;0;0;0;0;
39950;2782758;566579200;42102784;515682304;0;0;0;0;0;0;0;0;0;0;0;3106;0;0;0;0;0;0;
39951;4617970;566579200;42102784;515682304;0;0;0;0;0;0;0;0;0;0;0;3106;0;0;0;0;0;0;
39952;2977253;566579200;42102784;515682304;0;0;0;0;0;0;0;0;0;0;0;2564;0;0;0;0;0;0;
39953;4539043;566579200;42102784;515682304;0;0;0;0;0;0;0;0;0;0;0;2745;0;0;0;0;0;0;
39954;2801925;566579200;42102784;515682304;0;0;0;0;0;0;0;0;0;0;0;2906;0;0;0;0;0;0;
39955;4619233;566579200;42102784;515682304;0;0;0;0;0;0;0;0;0;0;0;3266;0;0;0;0;0;0;
39956;2750588;566579200;42102784;515682304;0;0;0;0;0;0;0;0;0;0;0;3056;0;0;0;0;0;0;
39957;4581201;566579200;42102784;515682304;0;0;0;0;0;0;0;0;0;0;0;3607;0;0;0;0;0;0;
39958;2570410;566579200;42102784;515682304;0;0;0;0;0;0;0;0;0;0;0;3287;0;0;0;0;0;0;
39959;4851428;566579200;42102784;515682304;0;0;0;0;0;0;0;0;0;0;0;3236;0;0;0;0;0;0;
39960;2748324;566579200;42102784;515682304;0;0;0;0;0;0;0;0;0;0;0;4047;0;0;0;0;0;0;
39961;4620405;566579200;42102784;515682304;0;0;0;0;0;0;0;0;0;0;0;3357;0;0;0;0;0;0;
39962;2488567;566579200;42102784;515682304;0;0;0;0;0;0;0;0;0;0;0;3076;0;0;0;0;0;0;
39963;4670448;566579200;42102784;515682304;0;0;0;0;0;0;0;0;0;0;0;2675;0;0;0;0;0;0;
39964;2549752;566579200;42102784;515682304;0;0;0;0;0;0;0;0;0;0;0;3457;0;0;0;0;0;0;
39965;4793870;566579200;42102784;515682304;0;0;0;0;0;0;0;0;0;0;0;3276;0;0;0;0;0;0;
39966;2497153;566579200;42102784;515682304;0;0;0;0;0;0;0;0;0;0;0;3587;0;0;0;0;0;0;
39967;10624135;566579200;42102784;515682304;0;0;0;0;0;0;0;0;0;0;0;2885;0;0;0;0;0;0;
39968;3314375;566579200;42102784;515682304;0;0;0;0;0;0;0;0;0;0;0;3036;0;0;0;0;0;0;
39969;4736463;566579200;42102784;515682304;0;0;0;0;0;0;0;0;0;0;0;2765;0;0;0;0;0;0;
39970;2539382;566579200;42102784;515682304;0;0;0;0;0;0;0;0;0;0;0;3457;0;0;0;0;0;0;
39971;4902805;566579200;42102784;515682304;0;0;0;0;0;0;0;0;0;0;0;2866;0;0;0;0;0;0;
39972;2588554;566579200;42102784;515682304;0;0;0;0;0;0;0;0;0;0;0;3517;0;0;0;0;0;0;
39973;4590168;566579200;42102784;515682304;0;0;0;0;0;0;0;0;0;0;0;2895;0;0;0;0;0;0;
39974;2723337;566579200;42102784;515682304;0;0;0;0;0;0;0;0;0;0;0;2795;0;0;0;0;0;0;
39975;4692671;566579200;42102784;515682304;0;0;0;0;0;0;0;0;0;0;0;3046;0;0;0;0;0;0;
39976;3043668;566579200;42102784;515682304;0;0;0;0;0;0;0;0;0;0;0;3016;0;0;0;0;0;0;
39977;4630284;566579200;42102784;515682304;0;0;0;0;0;0;0;0;0;0;0;2685;0;0;0;0;0;0;
39978;2606669;566579200;42102784;515682304;0;0;0;0;0;0;0;0;0;0;0;3366;0;0;0;0;0;0;
39979;4768673;566579200;42102784;515682304;0;0;0;0;0;0;0;0;0;0;0;2945;0;0;0;0;0;0;
39980;2700654;566579200;42102784;515682304;0;0;0;0;0;0;0;0;0;0;0;3396;0;0;0;0;0;0;
39981;4697469;566579200;42102784;515682304;0;0;0;0;0;0;0;0;0;0;0;2895;0;0;0;0;0;0;
39982;2536697;566579200;42102784;515682304;0;0;0;0;0;0;0;0;0;0;0;3456;0;0;0;0;0;0;
39983;4584158;566579200;42102784;515682304;0;0;0;0;0;0;0;0;0;0;0;3005;0;0;0;0;0;0;
39984;2736733;566579200;42102784;515682304;0;0;0;0;0;0;0;0;0;0;0;3206;0;0;0;0;0;0;
39985;4579389;566579200;42102784;515682304;0;0;0;0;0;0;0;0;0;0;0;3236;0;0;0;0;0;0;
39986;2710763;566579200;42102784;515682304;0;0;0;0;0;0;0;0;0;0;0;2735;0;0;0;0;0;0;
39987;4701747;566579200;42102784;515682304;0;0;0;0;0;0;0;0;0;0;0;2775;0;0;0;0;0;0;
39988;2744246;566579200;42102784;515682304;0;0;0;0;0;0;0;0;0;0;0;3526;0;0;0;0;0;0;
39989;4667443;566579200;42102784;515682304;0;0;0;0;0;0;0;0;0;0;0;2825;0;0;0;0;0;0;
39990;2697308;566579200;42102784;515682304;0;0;0;0;0;0;0;0;0;0;0;2976;0;0;0;0;0;0;
39991;4709442;566579200;42102784;515682304;0;0;0;0;0;0;0;0;0;0;0;2595;0;0;0;0;0;0;
39992;2671319;566579200;42102784;515682304;0;0;0;0;0;0;0;0;0;0;0;2875;0;0;0;0;0;0;
39993;4610145;566579200;42102784;515682304;0;0;0;0;0;0;0;0;0;0;0;3156;0;0;0;0;0;0;
39994;2608633;566579200;42102784;515682304;0;0;0;0;0;0;0;0;0;0;0;2796;0;0;0;0;0;0;
39995;4650411;566579200;42102784;515682304;0;0;0;0;0;0;0;0;0;0;0;3256;0;0;0;0;0;0;
39996;2605677;566579200;42102784;515682304;0;0;0;0;0;0;0;0;0;0;0;2966;0;0;0;0;0;0;
39997;4755398;566579200;42102784;515682304;0;0;0;0;0;0;0;0;0;0;0;2976;0;0;0;0;0;0;
39998;2556234;566579200;42102784;515682304;0;0;0;0;0;0;0;0;0;0;0;4008;0;0;0;0;0;0;
39999;4710934;566579200;42102784;515682304;0;0;0;0;0;0;0;0;0;0;0;2776;0;0;0;0;0;0;
40000;3188540;566579200;42102784;515682304;0;0;0;0;0;0;0;0;0;0;0;3126;0;0;0;0;0;0;
40001;4546015;566579200;42102784;515682304;0;0;0;0;0;0;0;0;0;0;0;2715;0;0;0;0;0;0;
40002;2675728;566579200;42102784;515682304;0;0;0;0;0;0;0;0;0;0;0;3396;0;0;0;0;0;0;
40003;4828004;566579200;42102784;515682304;0;0;0;0;0;0;0;0;0;0;0;3105;0;0;0;0;0;0;
40004;2511470;566579200;42102784;515682304;0;0;0;0;0;0;0;0;0;0;0;3096;0;0;0;0;0;0;
40005;4595378;566579200;42102784;515682304;0;0;0;0;0;0;0;0;0;0;0;3607;0;0;0;0;0;0;
40006;2560772;566579200;42102784;515682304;0;0;0;0;0;0;0;0;0;0;0;3226;0;0;0;0;0;0;
40007;4607691;566579200;42102784;515682304;0;0;0;0;0;0;0;0;0;0;0;2996;0;0;0;0;0;0;
40008;2661301;566579200;42102784;515682304;0;0;0;0;0;0;0;0;0;0;0;3216;0;0;0;0;0;0;
40009;4734910;566579200;42102784;515682304;0;0;0;0;0;0;0;0;0;0;0;3126;0;0;0;0;0;0;
40010;2422573;566579200;42102784;515682304;0;0;0;0;0;0;0;0;0;0;0;3307;0;0;0;0;0;0;
40011;4625174;566579200;42102784;515682304;0;0;0;0;0;0;0;0;0;0;0;2906;0;0;0;0;0;0;
40012;2715132;566579200;42102784;515682304;0;0;0;0;0;0;0;0;0;0;0;3647;0;0;0;0;0;0;
40013;4663015;566579200;42102784;515682304;0;0;0;0;0;0;0;0;0;0;0;2775;0;0;0;0;0;0;
40014;2735179;566579200;42102784;515682304;0;0;0;0;0;0;0;0;0;0;0;3697;0;0;0;0;0;0;
40015;4689995;566579200;42102784;515682304;0;0;0;0;0;0;0;0;0;0;0;2605;0;0;0;0;0;0;
40016;2526809;566579200;42102784;515682304;0;0;0;0;0;0;0;0;0;0;0;3346;0;0;0;0;0;0;
40017;4701637;566579200;42102784;515682304;0;0;0;0;0;0;0;0;0;0;0;3106;0;0;0;0;0;0;
40018;2518703;566579200;42102784;515682304;0;0;0;0;0;0;0;0;0;0;0;3247;0;0;0;0;0;0;
40019;4627398;566579200;42102784;515682304;0;0;0;0;0;0;0;0;0;0;0;3377;0;0;0;0;0;0;
40020;2473168;566579200;42102784;515682304;0;0;0;0;0;0;0;0;0;0;0;3176;0;0;0;0;0;0;
40021;4622368;566579200;42102784;515682304;0;0;0;0;0;0;0;0;0;0;0;2916;0;0;0;0;0;0;
40022;2659758;566579200;42102784;515682304;0;0;0;0;0;0;0;0;0;0;0;3426;0;0;0;0;0;0;
40023;4675288;566579200;42102784;515682304;0;0;0;0;0;0;0;0;0;0;0;3066;0;0;0;0;0;0;
40024;2609384;566579200;42102784;515682304;0;0;0;0;0;0;0;0;0;0;0;3386;0;0;0;0;0;0;
40025;4657194;566579200;42102784;515682304;0;0;0;0;0;0;0;0;0;0;0;3276;0;0;0;0;0;0;
40026;2590990;566579200;42102784;515682304;0;0;0;0;0;0;0;0;0;0;0;3256;0;0;0;0;0;0;
40027;4625324;566579200;42102784;515682304;0;0;0;0;0;0;0;0;0;0;0;2705;0;0;0;0;0;0;
40028;2597993;566579200;42102784;515682304;0;0;0;0;0;0;0;0;0;0;0;3226;0;0;0;0;0;0;
40029;4684325;566579200;42102784;515682304;0;0;0;0;0;0;0;0;0;0;0;3377;0;0;0;0;0;0;
40030;2645151;566579200;42102784;515682304;0;0;0;0;0;0;0;0;0;0;0;3407;0;0;0;0;0;0;
40031;4733958;566579200;42102784;515682304;0;0;0;0;0;0;0;0;0;0;0;3296;0;0;0;0;0;0;
40032;2555122;566579200;42102784;515682304;0;0;0;0;0;0;0;0;0;0;0;3196;0;0;0;0;0;0;
40033;4737003;566579200;42102784;515682304;0;0;0;0;0;0;0;0;0;0;0;2875;0;0;0;0;0;0;
40034;2613191;566579200;42102784;515682304;0;0;0;0;0;0;0;0;0;0;0;3056;0;0;0;0;0;0;
40035;4591752;566579200;42102784;515682304;0;0;0;0;0;0;0;0;0;0;0;3607;0;0;0;0;0;0;
40036;2544051;566579200;42102784;515682304;0;0;0;0;0;0;0;0;0;0;0;2916;0;0;0;0;0;0;
40037;4718338;566579200;42102784;515682304;0;0;0;0;0;0;0;0;0;0;0;3166;0;0;0;0;0;0;
40038;2645721;566579200;42102784;515682304;0;0;0;0;0;0;0;0;0;0;0;3256;0;0;0;0;0;0;
40039;4596991;566579200;42102784;515682304;0;0;0;0;0;0;0;0;0;0;0;3426;0;0;0;0;0;0;
40040;2672431;566579200;42102784;515682304;0;0;0;0;0;0;0;0;0;0;0;3066;0;0;0;0;0;0;
40041;4567536;566579200;42102784;515682304;0;0;0;0;0;0;0;0;0;0;0;2956;0;0;0;0;0;0;
40042;2664517;566579200;42102784;515682304;0;0;0;0;0;0;0;0;0;0;0;2775;0;0;0;0;0;0;
40043;4655170;566579200;42102784;515682304;0;0;0;0;0;0;0;0;0;0;0;3016;0;0;0;0;0;0;
40044;2827833;566579200;42102784;515682304;0;0;0;0;0;0;0;0;0;0;0;3367;0;0;0;0;0;0;
40045;4643428;566579200;42102784;515682304;0;0;0;0;0;0;0;0;0;0;0;3086;0;0;0;0;0;0;
40046;2558699;566579200;42102784;515682304;0;0;0;0;0;0;0;0;0;0;0;2915;0;0;0;0;0;0;
40047;4736163;566579200;42102784;515682304;0;0;0;0;0;0;0;0;0;0;0;3106;0;0;0;0;0;0;
40048;2731172;566579200;42102784;515682304;0;0;0;0;0;0;0;0;0;0;0;3587;0;0;0;0;0;0;
40049;4696488;566579200;42102784;515682304;0;0;0;0;0;0;0;0;0;0;0;3086;0;0;0;0;0;0;
40050;2643497;566579200;42102784;515682304;0;0;0;0;0;0;0;0;0;0;0;4288;0;0;0;0;0;0;
40051;4644851;566579200;42102784;515682304;0;0;0;0;0;0;0;0;0;0;0;3476;0;0;0;0;0;0;
40052;2449334;566579200;42102784;515682304;0;0;0;0;0;0;0;0;0;0;0;3176;0;0;0;0;0;0;
40053;4870374;566579200;42102784;515682304;0;0;0;0;0;0;0;0;0;0;0;3146;0;0;0;0;0;0;
40054;2631045;566579200;42102784;515682304;0;0;0;0;0;0;0;0;0;0;0;3105;0;0;0;0;0;0;
40055;4645552;566579200;42102784;515682304;0;0;0;0;0;0;0;0;0;0;0;2805;0;0;0;0;0;0;
40056;2582433;566579200;42102784;515682304;0;0;0;0;0;0;0;0;0;0;0;3637;0;0;0;0;0;0;
40057;4642266;566579200;42102784;515682304;0;0;0;0;0;0;0;0;0;0;0;2725;0;0;0;0;0;0;
40058;2687610;566579200;42102784;515682304;0;0;0;0;0;0;0;0;0;0;0;3216;0;0;0;0;0;0;
40059;4613352;566579200;42102784;515682304;0;0;0;0;0;0;0;0;0;0;0;3266;0;0;0;0;0;0;
40060;2753073;566579200;42102784;515682304;0;0;0;0;0;0;0;0;0;0;0;3597;0;0;0;0;0;0;
40061;4654409;566579200;42102784;515682304;0;0;0;0;0;0;0;0;0;0;0;3116;0;0;0;0;0;0;
40062;2632327;566579200;42102784;515682304;0;0;0;0;0;0;0;0;0;0;0;3547;0;0;0;0;0;0;
40063;4754437;566579200;42102784;515682304;0;0;0;0;0;0;0;0;0;0;0;3086;0;0;0;0;0;0;
40064;2540003;566579200;42102784;515682304;0;0;0;0;0;0;0;0;0;0;0;3397;0;0;0;0;0;0;
40065;4760558;566579200;42102784;515682304;0;0;0;0;0;0;0;0;0;0;0;3015;0;0;0;0;0;0;
40066;2525827;566579200;42102784;515682304;0;0;0;0;0;0;0;0;0;0;0;3266;0;0;0;0;0;0;
40067;4989938;566579200;42102784;515682304;0;0;0;0;0;0;0;0;0;0;0;3196;0;0;0;0;0;0;
40068;2433513;566579200;42102784;515682304;0;0;0;0;0;0;0;0;0;0;0;3116;0;0;0;0;0;0;
40069;4671170;566579200;42102784;515682304;0;0;0;0;0;0;0;0;0;0;0;2906;0;0;0;0;0;0;
40070;2751280;566579200;42102784;515682304;0;0;0;0;0;0;0;0;0;0;0;2695;0;0;0;0;0;0;
40071;4640403;566579200;42102784;515682304;0;0;0;0;0;0;0;0;0;0;0;2795;0;0;0;0;0;0;
40072;2718839;566579200;42102784;515682304;0;0;0;0;0;0;0;0;0;0;0;3366;0;0;0;0;0;0;
40073;4645221;566579200;42102784;515682304;0;0;0;0;0;0;0;0;0;0;0;3296;0;0;0;0;0;0;
40074;2593143;566579200;42102784;515682304;0;0;0;0;0;0;0;0;0;0;0;2915;0;0;0;0;0;0;
40075;4618492;566579200;42102784;515682304;0;0;0;0;0;0;0;0;0;0;0;2645;0;0;0;0;0;0;
40076;2502924;566579200;42102784;515682304;0;0;0;0;0;0;0;0;0;0;0;3166;0;0;0;0;0;0;
40077;4762772;566579200;42102784;515682304;0;0;0;0;0;0;0;0;0;0;0;3086;0;0;0;0;0;0;
40078;2555042;566579200;42102784;515682304;0;0;0;0;0;0;0;0;0;0;0;3356;0;0;0;0;0;0;
40079;4724420;566579200;42102784;515682304;0;0;0;0;0;0;0;0;0;0;0;3497;0;0;0;0;0;0;
40080;2449995;566579200;42102784;515682304;0;0;0;0;0;0;0;0;0;0;0;3056;0;0;0;0;0;0;
40081;4749036;566579200;42102784;515682304;0;0;0;0;0;0;0;0;0;0;0;3387;0;0;0;0;0;0;
40082;2498025;566579200;42102784;515682304;0;0;0;0;0;0;0;0;0;0;0;2945;0;0;0;0;0;0;
40083;4644741;566579200;42102784;515682304;0;0;0;0;0;0;0;0;0;0;0;3056;0;0;0;0;0;0;
40084;2796835;566579200;42102784;515682304;0;0;0;0;0;0;0;0;0;0;0;2835;0;0;0;0;0;0;
40085;4579348;566579200;42102784;515682304;0;0;0;0;0;0;0;0;0;0;0;2886;0;0;0;0;0;0;
40086;2550183;566579200;42102784;515682304;0;0;0;0;0;0;0;0;0;0;0;3296;0;0;0;0;0;0;
40087;4608502;566579200;42102784;515682304;0;0;0;0;0;0;0;0;0;0;0;2856;0;0;0;0;0;0;
40088;2608783;566579200;42102784;515682304;0;0;0;0;0;0;0;0;0;0;0;3046;0;0;0;0;0;0;
40089;4796926;566579200;42102784;515682304;0;0;0;0;0;0;0;0;0;0;0;3015;0;0;0;0;0;0;
40090;2509686;566579200;42102784;515682304;0;0;0;0;0;0;0;0;0;0;0;2886;0;0;0;0;0;0;
40091;4704954;566579200;42102784;515682304;0;0;0;0;0;0;0;0;0;0;0;3046;0;0;0;0;0;0;
40092;2560161;566579200;42102784;515682304;0;0;0;0;0;0;0;0;0;0;0;3316;0;0;0;0;0;0;
40093;4639982;566579200;42102784;515682304;0;0;0;0;0;0;0;0;0;0;0;2965;0;0;0;0;0;0;
40094;2542117;566579200;42102784;515682304;0;0;0;0;0;0;0;0;0;0;0;3035;0;0;0;0;0;0;
40095;4752502;566579200;42102784;515682304;0;0;0;0;0;0;0;0;0;0;0;2905;0;0;0;0;0;0;
40096;2495660;566579200;42102784;515682304;0;0;0;0;0;0;0;0;0;0;0;3547;0;0;0;0;0;0;
40097;4572295;566579200;42102784;515682304;0;0;0;0;0;0;0;0;0;0;0;3297;0;0;0;0;0;0;
40098;2524153;566579200;42102784;515682304;0;0;0;0;0;0;0;0;0;0;0;3486;0;0;0;0;0;0;
40099;4678193;566579200;42102784;515682304;0;0;0;0;0;0;0;0;0;0;0;2765;0;0;0;0;0;0;
40100;2814769;566579200;42102784;515682304;0;0;0;0;0;0;0;0;0;0;0;3316;0;0;0;0;0;0;
40101;4507494;566579200;42102784;515682304;0;0;0;0;0;0;0;0;0;0;0;3106;0;0;0;0;0;0;
40102;2602691;566579200;42102784;515682304;0;0;0;0;0;0;0;0;0;0;0;3277;0;0;0;0;0;0;
40103;4577665;566579200;42102784;515682304;0;0;0;0;0;0;0;0;0;0;0;3196;0;0;0;0;0;0;
40104;2661942;566579200;42102784;515682304;0;0;0;0;0;0;0;0;0;0;0;3757;0;0;0;0;0;0;
40105;4692740;566579200;42102784;515682304;0;0;0;0;0;0;0;0;0;0;0;3657;0;0;0;0;0;0;
40106;2476124;566579200;42102784;515682304;0;0;0;0;0;0;0;0;0;0;0;3166;0;0;0;0;0;0;
40107;4576102;566579200;42102784;515682304;0;0;0;0;0;0;0;0;0;0;0;3296;0;0;0;0;0;0;
40108;2710894;566579200;42102784;515682304;0;0;0;0;0;0;0;0;0;0;0;3436;0;0;0;0;0;0;
40109;4634442;566579200;42102784;515682304;0;0;0;0;0;0;0;0;0;0;0;3036;0;0;0;0;0;0;
40110;2578135;566579200;42102784;515682304;0;0;0;0;0;0;0;0;0;0;0;3326;0;0;0;0;0;0;
40111;4601059;566579200;42102784;515682304;0;0;0;0;0;0;0;0;0;0;0;3046;0;0;0;0;0;0;
40112;2671610;566579200;42102784;515682304;0;0;0;0;0;0;0;0;0;0;0;3266;0;0;0;0;0;0;
40113;4648147;566579200;42102784;515682304;0;0;0;0;0;0;0;0;0;0;0;3747;0;0;0;0;0;0;
40114;2555122;566579200;42102784;515682304;0;0;0;0;0;0;0;0;0;0;0;3115;0;0;0;0;0;0;
40115;4674056;566579200;42102784;515682304;0;0;0;0;0;0;0;0;0;0;0;2846;0;0;0;0;0;0;
40116;2600277;566579200;42102784;515682304;0;0;0;0;0;0;0;0;0;0;0;3457;0;0;0;0;0;0;
40117;4658947;566579200;42102784;515682304;0;0;0;0;0;0;0;0;0;0;0;4007;0;0;0;0;0;0;
40118;2572915;566579200;42102784;515682304;0;0;0;0;0;0;0;0;0;0;0;3015;0;0;0;0;0;0;
40119;4682852;566579200;42102784;515682304;0;0;0;0;0;0;0;0;0;0;0;2925;0;0;0;0;0;0;
40120;2601820;566579200;42102784;515682304;0;0;0;0;0;0;0;0;0;0;0;3015;0;0;0;0;0;0;
40121;4705224;566579200;42102784;515682304;0;0;0;0;0;0;0;0;0;0;0;3266;0;0;0;0;0;0;
40122;2666140;566579200;42102784;515682304;0;0;0;0;0;0;0;0;0;0;0;3516;0;0;0;0;0;0;
40123;4590298;566579200;42102784;515682304;0;0;0;0;0;0;0;0;0;0;0;2735;0;0;0;0;0;0;
40124;2889229;566579200;42102784;515682304;0;0;0;0;0;0;0;0;0;0;0;3877;0;0;0;0;0;0;
40125;4615326;566579200;42102784;515682304;0;0;0;0;0;0;0;0;0;0;0;2925;0;0;0;0;0;0;
40126;2724450;566579200;42102784;515682304;0;0;0;0;0;0;0;0;0;0;0;3066;0;0;0;0;0;0;
40127;4676670;566579200;42102784;515682304;0;0;0;0;0;0;0;0;0;0;0;3216;0;0;0;0;0;0;
40128;2570571;566579200;42102784;515682304;0;0;0;0;0;0;0;0;0;0;0;3637;0;0;0;0;0;0;
40129;4631165;566579200;42102784;515682304;0;0;0;0;0;0;0;0;0;0;0;2875;0;0;0;0;0;0;
40130;2620805;566579200;42102784;515682304;0;0;0;0;0;0;0;0;0;0;0;2936;0;0;0;0;0;0;
40131;4553239;566579200;42102784;515682304;0;0;0;0;0;0;0;0;0;0;0;2915;0;0;0;0;0;0;
40132;2897424;566579200;42102784;515682304;0;0;0;0;0;0;0;0;0;0;0;3566;0;0;0;0;0;0;
40133;4660279;566579200;42102784;515682304;0;0;0;0;0;0;0;0;0;0;0;2786;0;0;0;0;0;0;
40134;2593374;566579200;42102784;515682304;0;0;0;0;0;0;0;0;0;0;0;3346;0;0;0;0;0;0;
40135;4799981;566579200;42102784;515682304;0;0;0;0;0;0;0;0;0;0;0;3115;0;0;0;0;0;0;
40136;2626606;566579200;42102784;515682304;0;0;0;0;0;0;0;0;0;0;0;3025;0;0;0;0;0;0;
40137;4615476;566579200;42102784;515682304;0;0;0;0;0;0;0;0;0;0;0;2855;0;0;0;0;0;0;
40138;2522631;566579200;42102784;515682304;0;0;0;0;0;0;0;0;0;0;0;2895;0;0;0;0;0;0;
40139;4638438;566579200;42102784;515682304;0;0;0;0;0;0;0;0;0;0;0;2796;0;0;0;0;0;0;
40140;2770395;566579200;42102784;515682304;0;0;0;0;0;0;0;0;0;0;0;3046;0;0;0;0;0;0;
40141;4678394;566579200;42102784;515682304;0;0;0;0;0;0;0;0;0;0;0;3026;0;0;0;0;0;0;
40142;2649979;566579200;42102784;515682304;0;0;0;0;0;0;0;0;0;0;0;2986;0;0;0;0;0;0;
40143;4681630;566579200;42102784;515682304;0;0;0;0;0;0;0;0;0;0;0;2926;0;0;0;0;0;0;
40144;2606589;566579200;42102784;515682304;0;0;0;0;0;0;0;0;0;0;0;2464;0;0;0;0;0;0;
40145;4730372;566579200;42102784;515682304;0;0;0;0;0;0;0;0;0;0;0;3196;0;0;0;0;0;0;
40146;2535034;566579200;42102784;515682304;0;0;0;0;0;0;0;0;0;0;0;3747;0;0;0;0;0;0;
40147;4567866;566579200;42102784;515682304;0;0;0;0;0;0;0;0;0;0;0;2715;0;0;0;0;0;0;
40148;2850405;566579200;42102784;515682304;0;0;0;0;0;0;0;0;0;0;0;3276;0;0;0;0;0;0;
40149;4716616;566579200;42102784;515682304;0;0;0;0;0;0;0;0;0;0;0;2996;0;0;0;0;0;0;
40150;2498516;566579200;42102784;515682304;0;0;0;0;0;0;0;0;0;0;0;2836;0;0;0;0;0;0;
40151;4621818;566579200;42102784;515682304;0;0;0;0;0;0;0;0;0;0;0;3126;0;0;0;0;0;0;
40152;2666110;566579200;42102784;515682304;0;0;0;0;0;0;0;0;0;0;0;3016;0;0;0;0;0;0;
40153;4596540;566579200;42102784;515682304;0;0;0;0;0;0;0;0;0;0;0;3026;0;0;0;0;0;0;
40154;2527761;566579200;42102784;515682304;0;0;0;0;0;0;0;0;0;0;0;3015;0;0;0;0;0;0;
40155;4573287;566579200;42102784;515682304;0;0;0;0;0;0;0;0;0;0;0;3026;0;0;0;0;0;0;
40156;2806834;566579200;42102784;515682304;0;0;0;0;0;0;0;0;0;0;0;2986;0;0;0;0;0;0;
40157;4714462;566579200;42102784;515682304;0;0;0;0;0;0;0;0;0;0;0;3165;0;0;0;0;0;0;
40158;2480051;566579200;42102784;515682304;0;0;0;0;0;0;0;0;0;0;0;3777;0;0;0;0;0;0;
40159;4702549;566579200;42102784;515682304;0;0;0;0;0;0;0;0;0;0;0;2655;0;0;0;0;0;0;
40160;2510408;566579200;42102784;515682304;0;0;0;0;0;0;0;0;0;0;0;2885;0;0;0;0;0;0;
40161;4602611;566579200;42102784;515682304;0;0;0;0;0;0;0;0;0;0;0;3155;0;0;0;0;0;0;
40162;2612620;566579200;42102784;515682304;0;0;0;0;0;0;0;0;0;0;0;3056;0;0;0;0;0;0;
40163;4630284;566579200;42102784;515682304;0;0;0;0;0;0;0;0;0;0;0;2946;0;0;0;0;0;0;
40164;2604515;566579200;42102784;515682304;0;0;0;0;0;0;0;0;0;0;0;3286;0;0;0;0;0;0;
40165;4691579;566579200;42102784;515682304;0;0;0;0;0;0;0;0;0;0;0;2926;0;0;0;0;0;0;
40166;2700805;566579200;42102784;515682304;0;0;0;0;0;0;0;0;0;0;0;3096;0;0;0;0;0;0;
40167;4625144;566579200;42102784;515682304;0;0;0;0;0;0;0;0;0;0;0;3256;0;0;0;0;0;0;
40168;2673294;566579200;42102784;515682304;0;0;0;0;0;0;0;0;0;0;0;3517;0;0;0;0;0;0;
40169;4804030;566579200;42102784;515682304;0;0;0;0;0;0;0;0;0;0;0;3276;0;0;0;0;0;0;
40170;2532399;566579200;42102784;515682304;0;0;0;0;0;0;0;0;0;0;0;3146;0;0;0;0;0;0;
40171;4813898;566579200;42110976;515690496;0;0;0;0;0;0;0;0;0;0;0;3376;0;0;0;0;0;0;
40172;2603683;566579200;42110976;515690496;0;0;0;0;0;0;0;0;0;0;0;2955;0;0;0;0;0;0;
40173;4717136;566579200;42110976;515690496;0;0;0;0;0;0;0;0;0;0;0;3657;0;0;0;0;0;0;
40174;2502553;566579200;42110976;515690496;0;0;0;0;0;0;0;0;0;0;0;3326;0;0;0;0;0;0;
40175;4652485;566579200;42110976;515690496;0;0;0;0;0;0;0;0;0;0;0;2836;0;0;0;0;0;0;
40176;2750568;566579200;42110976;515690496;0;0;0;0;0;0;0;0;0;0;0;3016;0;0;0;0;0;0;
40177;4599977;566579200;42110976;515690496;0;0;0;0;0;0;0;0;0;0;0;2785;0;0;0;0;0;0;
40178;2884159;566689792;42102784;515682304;0;0;0;0;0;0;0;0;0;0;0;3587;0;0;0;0;0;0;
40179;4638810;566689792;42102784;515682304;0;0;0;0;0;0;0;0;0;0;0;2835;0;0;0;0;0;0;
40180;2890210;566689792;42102784;515682304;0;0;0;0;0;0;0;0;0;0;0;3656;0;0;0;0;0;0;
40181;4697800;566689792;42102784;515682304;0;0;0;0;0;0;0;0;0;0;0;2925;0;0;0;0;0;0;
40182;2732445;566689792;42102784;515682304;0;0;0;0;0;0;0;0;0;0;0;3116;0;0;0;0;0;0;
40183;4714321;566689792;42102784;515682304;0;0;0;0;0;0;0;0;0;0;0;3065;0;0;0;0;0;0;
40184;2623069;566689792;42102784;515682304;0;0;0;0;0;0;0;0;0;0;0;3156;0;0;0;0;0;0;
40185;4733157;566689792;42102784;515682304;0;0;0;0;0;0;0;0;0;0;0;2906;0;0;0;0;0;0;
40186;2592723;566689792;42102784;515682304;0;0;0;0;0;0;0;0;0;0;0;2915;0;0;0;0;0;0;
40187;4553290;566689792;42102784;515682304;0;0;0;0;0;0;0;0;0;0;0;2675;0;0;0;0;0;0;
40188;2614393;566689792;42102784;515682304;0;0;0;0;0;0;0;0;0;0;0;3306;0;0;0;0;0;0;
40189;4653096;566689792;42102784;515682304;0;0;0;0;0;0;0;0;0;0;0;3025;0;0;0;0;0;0;
40190;2722035;566689792;42102784;515682304;0;0;0;0;0;0;0;0;0;0;0;3045;0;0;0;0;0;0;
40191;4604776;566689792;42102784;515682304;0;0;0;0;0;0;0;0;0;0;0;2585;0;0;0;0;0;0;
40192;2716224;566689792;42102784;515682304;0;0;0;0;0;0;0;0;0;0;0;3166;0;0;0;0;0;0;
40193;4633910;566689792;42102784;515682304;0;0;0;0;0;0;0;0;0;0;0;2786;0;0;0;0;0;0;
40194;2799049;566689792;42102784;515682304;0;0;0;0;0;0;0;0;0;0;0;3056;0;0;0;0;0;0;
40195;4817044;566689792;42102784;515682304;0;0;0;0;0;0;0;0;0;0;0;3026;0;0;0;0;0;0;
40196;2537910;566689792;42102784;515682304;0;0;0;0;0;0;0;0;0;0;0;3506;0;0;0;0;0;0;
40197;4643067;566689792;42102784;515682304;0;0;0;0;0;0;0;0;0;0;0;3517;0;0;0;0;0;0;
40198;2525236;566689792;42102784;515682304;0;0;0;0;0;0;0;0;0;0;0;3346;0;0;0;0;0;0;
40199;4719561;566689792;42102784;515682304;0;0;0;0;0;0;0;0;0;0;0;3276;0;0;0;0;0;0;
40200;2591831;566689792;42102784;515682304;0;0;0;0;0;0;0;0;0;0;0;3327;0;0;0;0;0;0;
40201;4641285;566689792;42102784;515682304;0;0;0;0;0;0;0;0;0;0;0;2755;0;0;0;0;0;0;
40202;2562846;566689792;42102784;515682304;0;0;0;0;0;0;0;0;0;0;0;2816;0;0;0;0;0;0;
40203;4668776;566689792;42102784;515682304;0;0;0;0;0;0;0;0;0;0;0;3086;0;0;0;0;0;0;
40204;2707047;566689792;42102784;515682304;0;0;0;0;0;0;0;0;0;0;0;3196;0;0;0;0;0;0;
40205;4668615;566689792;42102784;515682304;0;0;0;0;0;0;0;0;0;0;0;3005;0;0;0;0;0;0;
40206;2508955;566689792;42102784;515682304;0;0;0;0;0;0;0;0;0;0;0;3226;0;0;0;0;0;0;
40207;4653116;566689792;42102784;515682304;0;0;0;0;0;0;0;0;0;0;0;3307;0;0;0;0;0;0;
40208;2685226;566689792;42102784;515682304;0;0;0;0;0;0;0;0;0;0;0;3206;0;0;0;0;0;0;
40209;4808147;566689792;42102784;515682304;0;0;0;0;0;0;0;0;0;0;0;3005;0;0;0;0;0;0;
40210;2462869;566689792;42102784;515682304;0;0;0;0;0;0;0;0;0;0;0;2976;0;0;0;0;0;0;
40211;4732415;566689792;42102784;515682304;0;0;0;0;0;0;0;0;0;0;0;2835;0;0;0;0;0;0;
40212;2591560;566689792;42102784;515682304;0;0;0;0;0;0;0;0;0;0;0;2905;0;0;0;0;0;0;
40213;4737465;566689792;42102784;515682304;0;0;0;0;0;0;0;0;0;0;0;2816;0;0;0;0;0;0;
40214;2545093;566689792;42102784;515682304;0;0;0;0;0;0;0;0;0;0;0;3026;0;0;0;0;0;0;
40215;4613873;566689792;42102784;515682304;0;0;0;0;0;0;0;0;0;0;0;3296;0;0;0;0;0;0;
40216;2687520;566689792;42102784;515682304;0;0;0;0;0;0;0;0;0;0;0;3377;0;0;0;0;0;0;
40217;4754106;566689792;42102784;515682304;0;0;0;0;0;0;0;0;0;0;0;2355;0;0;0;0;0;0;
40218;2573968;566689792;42102784;515682304;0;0;0;0;0;0;0;0;0;0;0;2535;0;0;0;0;0;0;
40219;4706296;566689792;42102784;515682304;0;0;0;0;0;0;0;0;0;0;0;2585;0;0;0;0;0;0;
40220;2553990;566689792;42102784;515682304;0;0;0;0;0;0;0;0;0;0;0;2615;0;0;0;0;0;0;
40221;4645733;566689792;42102784;515682304;0;0;0;0;0;0;0;0;0;0;0;2765;0;0;0;0;0;0;
40222;2661461;566689792;42102784;515682304;0;0;0;0;0;0;0;0;0;0;0;3376;0;0;0;0;0;0;
40223;4854554;566689792;42102784;515682304;0;0;0;0;0;0;0;0;0;0;0;2715;0;0;0;0;0;0;
40224;2576742;566689792;42102784;515682304;0;0;0;0;0;0;0;0;0;0;0;3216;0;0;0;0;0;0;
40225;4718108;566689792;42102784;515682304;0;0;0;0;0;0;0;0;0;0;0;2885;0;0;0;0;0;0;
40226;2469651;566689792;42102784;515682304;0;0;0;0;0;0;0;0;0;0;0;2995;0;0;0;0;0;0;
40227;4657675;566689792;42102784;515682304;0;0;0;0;0;0;0;0;0;0;0;3116;0;0;0;0;0;0;
40228;2562987;566689792;42102784;515682304;0;0;0;0;0;0;0;0;0;0;0;2805;0;0;0;0;0;0;
40229;4630955;566689792;42102784;515682304;0;0;0;0;0;0;0;0;0;0;0;2905;0;0;0;0;0;0;
40230;2655109;566689792;42102784;515682304;0;0;0;0;0;0;0;0;0;0;0;2565;0;0;0;0;0;0;
40231;4717277;566689792;42102784;515682304;0;0;0;0;0;0;0;0;0;0;0;2755;0;0;0;0;0;0;
40232;2575049;566689792;42102784;515682304;0;0;0;0;0;0;0;0;0;0;0;2926;0;0;0;0;0;0;
40233;4584828;566689792;42102784;515682304;0;0;0;0;0;0;0;0;0;0;0;2685;0;0;0;0;0;0;
40234;2799710;566689792;42102784;515682304;0;0;0;0;0;0;0;0;0;0;0;2895;0;0;0;0;0;0;
40235;4773002;566689792;42102784;515682304;0;0;0;0;0;0;0;0;0;0;0;2956;0;0;0;0;0;0;
40236;2740960;566689792;42102784;515682304;0;0;0;0;0;0;0;0;0;0;0;3376;0;0;0;0;0;0;
40237;7692817;566689792;42102784;515682304;0;0;0;0;0;0;0;0;0;0;0;2755;0;0;0;0;0;0;
40238;9221764;566689792;42102784;515682304;0;0;0;0;0;0;0;0;0;0;0;4609;0;0;0;0;0;0;
40239;5199391;566689792;42102784;515682304;0;0;0;0;0;0;0;0;0;0;0;2935;0;0;0;0;0;0;
40240;2601018;566689792;42102784;515682304;0;0;0;0;0;0;0;0;0;0;0;3376;0;0;0;0;0;0;
40241;4896322;566689792;42102784;515682304;0;0;0;0;0;0;0;0;0;0;0;2915;0;0;0;0;0;0;
40242;2662594;566689792;42102784;515682304;0;0;0;0;0;0;0;0;0;0;0;3106;0;0;0;0;0;0;
40243;4837953;566689792;42102784;515682304;0;0;0;0;0;0;0;0;0;0;0;3306;0;0;0;0;0;0;
40244;2655060;566689792;42102784;515682304;0;0;0;0;0;0;0;0;0;0;0;3096;0;0;0;0;0;0;
40245;4680758;566689792;42102784;515682304;0;0;0;0;0;0;0;0;0;0;0;2414;0;0;0;0;0;0;
40246;2749476;566689792;42102784;515682304;0;0;0;0;0;0;0;0;0;0;0;3276;0;0;0;0;0;0;
40247;4667413;566689792;42102784;515682304;0;0;0;0;0;0;0;0;0;0;0;2535;0;0;0;0;0;0;
40248;2861306;566689792;42102784;515682304;0;0;0;0;0;0;0;0;0;0;0;2605;0;0;0;0;0;0;
40249;4675829;566689792;42102784;515682304;0;0;0;0;0;0;0;0;0;0;0;2645;0;0;0;0;0;0;
40250;2707879;566689792;42102784;515682304;0;0;0;0;0;0;0;0;0;0;0;3807;0;0;0;0;0;0;
40251;4649309;566689792;42102784;515682304;0;0;0;0;0;0;0;0;0;0;0;2384;0;0;0;0;0;0;
40252;2868349;566689792;42102784;515682304;0;0;0;0;0;0;0;0;0;0;0;2975;0;0;0;0;0;0;
40253;4636666;566689792;42102784;515682304;0;0;0;0;0;0;0;0;0;0;0;3356;0;0;0;0;0;0;
40254;2911791;566689792;42102784;515682304;0;0;0;0;0;0;0;0;0;0;0;10870;0;0;0;0;0;0;
40255;4732635;566689792;42102784;515682304;0;0;0;0;0;0;0;0;0;0;0;2826;0;0;0;0;0;0;
40256;2900891;566689792;42102784;515682304;0;0;0;0;0;0;0;0;0;0;0;2655;0;0;0;0;0;0;
40257;4736193;566689792;42102784;515682304;0;0;0;0;0;0;0;0;0;0;0;2905;0;0;0;0;0;0;
40258;2740960;566689792;42102784;515682304;0;0;0;0;0;0;0;0;0;0;0;2955;0;0;0;0;0;0;
40259;4700735;566689792;42102784;515682304;0;0;0;0;0;0;0;0;0;0;0;3747;0;0;0;0;0;0;
40260;2678213;566689792;42102784;515682304;0;0;0;0;0;0;0;0;0;0;0;3196;0;0;0;0;0;0;
40261;4730110;566689792;42102784;515682304;0;0;0;0;0;0;0;0;0;0;0;2755;0;0;0;0;0;0;
40262;2840387;566689792;42102784;515682304;0;0;0;0;0;0;0;0;0;0;0;3025;0;0;0;0;0;0;
40263;4712578;566689792;42102784;515682304;0;0;0;0;0;0;0;0;0;0;0;3126;0;0;0;0;0;0;
40264;2644179;566689792;42102784;515682304;0;0;0;0;0;0;0;0;0;0;0;2965;0;0;0;0;0;0;
40265;4651122;566689792;42102784;515682304;0;0;0;0;0;0;0;0;0;0;0;2435;0;0;0;0;0;0;
40266;3000297;566689792;42102784;515682304;0;0;0;0;0;0;0;0;0;0;0;2916;0;0;0;0;0;0;
40267;4715644;566689792;42102784;515682304;0;0;0;0;0;0;0;0;0;0;0;2635;0;0;0;0;0;0;
40268;2681639;566689792;42102784;515682304;0;0;0;0;0;0;0;0;0;0;0;3347;0;0;0;0;0;0;
40269;4707027;566689792;42102784;515682304;0;0;0;0;0;0;0;0;0;0;0;2435;0;0;0;0;0;0;
40270;2905750;566689792;42102784;515682304;0;0;0;0;0;0;0;0;0;0;0;2795;0;0;0;0;0;0;
40271;4826752;566689792;42102784;515682304;0;0;0;0;0;0;0;0;0;0;0;3005;0;0;0;0;0;0;
40272;3237862;566689792;42102784;515682304;0;0;0;0;0;0;0;0;0;0;0;2845;0;0;0;0;0;0;
40273;4615456;566689792;42102784;515682304;0;0;0;0;0;0;0;0;0;0;0;2575;0;0;0;0;0;0;
40274;2817764;566689792;42102784;515682304;0;0;0;0;0;0;0;0;0;0;0;3055;0;0;0;0;0;0;
40275;4679937;566689792;42102784;515682304;0;0;0;0;0;0;0;0;0;0;0;3467;0;0;0;0;0;0;
40276;2721674;566689792;42102784;515682304;0;0;0;0;0;0;0;0;0;0;0;2555;0;0;0;0;0;0;
40277;4667944;566689792;42102784;515682304;0;0;0;0;0;0;0;0;0;0;0;2505;0;0;0;0;0;0;
40278;2760987;566689792;42102784;515682304;0;0;0;0;0;0;0;0;0;0;0;2624;0;0;0;0;0;0;
40279;4633449;566689792;42102784;515682304;0;0;0;0;0;0;0;0;0;0;0;2615;0;0;0;0;0;0;
40280;2955643;566689792;42102784;515682304;0;0;0;0;0;0;0;0;0;0;0;2574;0;0;0;0;0;0;
40281;4666973;566689792;42102784;515682304;0;0;0;0;0;0;0;0;0;0;0;2615;0;0;0;0;0;0;
40282;2778140;566689792;42102784;515682304;0;0;0;0;0;0;0;0;0;0;0;2655;0;0;0;0;0;0;
40283;4727576;566689792;42102784;515682304;0;0;0;0;0;0;0;0;0;0;0;2555;0;0;0;0;0;0;
40284;2797126;566689792;42102784;515682304;0;0;0;0;0;0;0;0;0;0;0;2625;0;0;0;0;0;0;
40285;4698301;566689792;42102784;515682304;0;0;0;0;0;0;0;0;0;0;0;2505;0;0;0;0;0;0;
40286;2775194;566689792;42102784;515682304;0;0;0;0;0;0;0;0;0;0;0;2986;0;0;0;0;0;0;
40287;4680007;566689792;42102784;515682304;0;0;0;0;0;0;0;0;0;0;0;2875;0;0;0;0;0;0;
40288;2574358;566689792;42102784;515682304;0;0;0;0;0;0;0;0;0;0;0;3116;0;0;0;0;0;0;
40289;4746381;566689792;42102784;515682304;0;0;0;0;0;0;0;0;0;0;0;3086;0;0;0;0;0;0;
40290;2938250;566689792;42102784;515682304;0;0;0;0;0;0;0;0;0;0;0;2685;0;0;0;0;0;0;
40291;4872668;566689792;42102784;515682304;0;0;0;0;0;0;0;0;0;0;0;3146;0;0;0;0;0;0;
40292;2801103;566689792;42102784;515682304;0;0;0;0;0;0;0;0;0;0;0;2846;0;0;0;0;0;0;
40293;4819608;566689792;42102784;515682304;0;0;0;0;0;0;0;0;0;0;0;2705;0;0;0;0;0;0;
40294;2621206;566689792;42102784;515682304;0;0;0;0;0;0;0;0;0;0;0;2415;0;0;0;0;0;0;
40295;4670129;566689792;42102784;515682304;0;0;0;0;0;0;0;0;0;0;0;2625;0;0;0;0;0;0;
40296;2966744;566689792;42102784;515682304;0;0;0;0;0;0;0;0;0;0;0;2475;0;0;0;0;0;0;
40297;4659388;566689792;42102784;515682304;0;0;0;0;0;0;0;0;0;0;0;2705;0;0;0;0;0;0;
40298;2823926;566689792;42102784;515682304;0;0;0;0;0;0;0;0;0;0;0;2465;0;0;0;0;0;0;
40299;4617660;566689792;42102784;515682304;0;0;0;0;0;0;0;0;0;0;0;2605;0;0;0;0;0;0;
40300;2584978;566689792;42102784;515682304;0;0;0;0;0;0;0;0;0;0;0;2585;0;0;0;0;0;0;
40301;4588315;566689792;42102784;515682304;0;0;0;0;0;0;0;0;0;0;0;2525;0;0;0;0;0;0;
40302;2592482;566689792;42102784;515682304;0;0;0;0;0;0;0;0;0;0;0;2905;0;0;0;0;0;0;
40303;4926910;566689792;42110976;515690496;0;0;0;0;0;0;0;0;0;0;0;2645;0;0;0;0;0;0;
40304;2795623;566689792;42110976;515690496;0;0;0;0;0;0;0;0;0;0;0;2625;0;0;0;0;0;0;
40305;4876075;566689792;42110976;515690496;0;0;0;0;0;0;0;0;0;0;0;2364;0;0;0;0;0;0;
40306;2585799;566689792;42110976;515690496;0;0;0;0;0;0;0;0;0;0;0;2424;0;0;0;0;0;0;
40307;4664608;566689792;42110976;515690496;0;0;0;0;0;0;0;0;0;0;0;2524;0;0;0;0;0;0;
40308;2704211;566689792;42110976;515690496;0;0;0;0;0;0;0;0;0;0;0;2675;0;0;0;0;0;0;
40309;4690918;566689792;42110976;515690496;0;0;0;0;0;0;0;0;0;0;0;2435;0;0;0;0;0;0;
40310;2862909;566710272;42102784;515682304;0;0;0;0;0;0;0;0;0;0;0;2475;0;0;0;0;0;0;
40311;4579619;566710272;42102784;515682304;0;0;0;0;0;0;0;0;0;0;0;2345;0;0;0;0;0;0;
40312;2664016;566710272;42102784;515682304;0;0;0;0;0;0;0;0;0;0;0;3706;0;0;0;0;0;0;
40313;4684385;566710272;42102784;515682304;0;0;0;0;0;0;0;0;0;0;0;2394;0;0;0;0;0;0;
40314;2704482;566710272;42102784;515682304;0;0;0;0;0;0;0;0;0;0;0;2705;0;0;0;0;0;0;
40315;4626176;566710272;42102784;515682304;0;0;0;0;0;0;0;0;0;0;0;2755;0;0;0;0;0;0;
40316;2786937;566710272;42102784;515682304;0;0;0;0;0;0;0;0;0;0;0;3116;0;0;0;0;0;0;
40317;4609865;566710272;42102784;515682304;0;0;0;0;0;0;0;0;0;0;0;3256;0;0;0;0;0;0;
40318;2732906;566710272;42102784;515682304;0;0;0;0;0;0;0;0;0;0;0;3377;0;0;0;0;0;0;
40319;4673575;566710272;42102784;515682304;0;0;0;0;0;0;0;0;0;0;0;2575;0;0;0;0;0;0;
40320;2615555;566710272;42102784;515682304;0;0;0;0;0;0;0;0;0;0;0;2575;0;0;0;0;0;0;
40321;4726394;566710272;42102784;515682304;0;0;0;0;0;0;0;0;0;0;0;2965;0;0;0;0;0;0;
40322;2698862;566710272;42102784;515682304;0;0;0;0;0;0;0;0;0;0;0;3737;0;0;0;0;0;0;
40323;4721054;566710272;42102784;515682304;0;0;0;0;0;0;0;0;0;0;0;4027;0;0;0;0;0;0;
40324;2866155;566710272;42102784;515682304;0;0;0;0;0;0;0;0;0;0;0;3426;0;0;0;0;0;0;
40325;4635634;566710272;42102784;515682304;0;0;0;0;0;0;0;0;0;0;0;2655;0;0;0;0;0;0;
40326;3154535;566710272;42102784;515682304;0;0;0;0;0;0;0;0;0;0;0;2735;0;0;0;0;0;0;
40327;4660079;566710272;42102784;515682304;0;0;0;0;0;0;0;0;0;0;0;3156;0;0;0;0;0;0;
40328;2690756;566710272;42102784;515682304;0;0;0;0;0;0;0;0;0;0;0;2996;0;0;0;0;0;0;
40329;4633730;566710272;42102784;515682304;0;0;0;0;0;0;0;0;0;0;0;2555;0;0;0;0;0;0;
40330;2588234;566710272;42102784;515682304;0;0;0;0;0;0;0;0;0;0;0;2766;0;0;0;0;0;0;
40331;4713940;566710272;42102784;515682304;0;0;0;0;0;0;0;0;0;0;0;2635;0;0;0;0;0;0;
40332;2787177;566710272;42102784;515682304;0;0;0;0;0;0;0;0;0;0;0;3266;0;0;0;0;0;0;
40333;4581692;566710272;42102784;515682304;0;0;0;0;0;0;0;0;0;0;0;3266;0;0;0;0;0;0;
40334;2829707;566710272;42102784;515682304;0;0;0;0;0;0;0;0;0;0;0;3006;0;0;0;0;0;0;
40335;4677682;566710272;42102784;515682304;0;0;0;0;0;0;0;0;0;0;0;2895;0;0;0;0;0;0;
40336;2755177;566710272;42102784;515682304;0;0;0;0;0;0;0;0;0;0;0;3546;0;0;0;0;0;0;
40337;4645642;566710272;42102784;515682304;0;0;0;0;0;0;0;0;0;0;0;2946;0;0;0;0;0;0;
40338;2672583;566710272;42102784;515682304;0;0;0;0;0;0;0;0;0;0;0;3065;0;0;0;0;0;0;
40339;4733397;566710272;42102784;515682304;0;0;0;0;0;0;0;0;0;0;0;3156;0;0;0;0;0;0;
40340;2678974;566710272;42102784;515682304;0;0;0;0;0;0;0;0;0;0;0;3587;0;0;0;0;0;0;
40341;4730291;566710272;42102784;515682304;0;0;0;0;0;0;0;0;0;0;0;2855;0;0;0;0;0;0;
40342;2741311;566710272;42102784;515682304;0;0;0;0;0;0;0;0;0;0;0;2826;0;0;0;0;0;0;
40343;4846770;566710272;42102784;515682304;0;0;0;0;0;0;0;0;0;0;0;2956;0;0;0;0;0;0;
40344;2622518;566710272;42102784;515682304;0;0;0;0;0;0;0;0;0;0;0;3727;0;0;0;0;0;0;
40345;4756069;566710272;42102784;515682304;0;0;0;0;0;0;0;0;0;0;0;2976;0;0;0;0;0;0;
40346;2587463;566710272;42102784;515682304;0;0;0;0;0;0;0;0;0;0;0;2805;0;0;0;0;0;0;
40347;4667313;566710272;42102784;515682304;0;0;0;0;0;0;0;0;0;0;0;3016;0;0;0;0;0;0;
40348;2602110;566710272;42102784;515682304;0;0;0;0;0;0;0;0;0;0;0;3516;0;0;0;0;0;0;
40349;4629943;566710272;42102784;515682304;0;0;0;0;0;0;0;0;0;0;0;2715;0;0;0;0;0;0;
40350;2694042;566710272;42102784;515682304;0;0;0;0;0;0;0;0;0;0;0;2875;0;0;0;0;0;0;
40351;4685327;566710272;42102784;515682304;0;0;0;0;0;0;0;0;0;0;0;2825;0;0;0;0;0;0;
40352;2502082;566710272;42102784;515682304;0;0;0;0;0;0;0;0;0;0;0;4228;0;0;0;0;0;0;
40353;4628821;566710272;42102784;515682304;0;0;0;0;0;0;0;0;0;0;0;3336;0;0;0;0;0;0;
40354;2492284;566710272;42102784;515682304;0;0;0;0;0;0;0;0;0;0;0;3145;0;0;0;0;0;0;
40355;4744518;566710272;42102784;515682304;0;0;0;0;0;0;0;0;0;0;0;3026;0;0;0;0;0;0;
40356;2537218;566710272;42102784;515682304;0;0;0;0;0;0;0;0;0;0;0;2956;0;0;0;0;0;0;
40357;4689955;566710272;42102784;515682304;0;0;0;0;0;0;0;0;0;0;0;2755;0;0;0;0;0;0;
40358;2706446;566710272;42102784;515682304;0;0;0;0;0;0;0;0;0;0;0;2986;0;0;0;0;0;0;
40359;4721004;566710272;42102784;515682304;0;0;0;0;0;0;0;0;0;0;0;2765;0;0;0;0;0;0;
40360;2532469;566710272;42102784;515682304;0;0;0;0;0;0;0;0;0;0;0;3637;0;0;0;0;0;0;
40361;4650081;566710272;42102784;515682304;0;0;0;0;0;0;0;0;0;0;0;3326;0;0;0;0;0;0;
40362;2539713;566710272;42102784;515682304;0;0;0;0;0;0;0;0;0;0;0;3196;0;0;0;0;0;0;
40363;4715854;566710272;42102784;515682304;0;0;0;0;0;0;0;0;0;0;0;2505;0;0;0;0;0;0;
40364;2581672;566710272;42102784;515682304;0;0;0;0;0;0;0;0;0;0;0;3106;0;0;0;0;0;0;
40365;4630394;566710272;42102784;515682304;0;0;0;0;0;0;0;0;0;0;0;2595;0;0;0;0;0;0;
40366;2644349;566710272;42102784;515682304;0;0;0;0;0;0;0;0;0;0;0;2966;0;0;0;0;0;0;
40367;4629301;566710272;42102784;515682304;0;0;0;0;0;0;0;0;0;0;0;2975;0;0;0;0;0;0;
40368;2649509;566710272;42102784;515682304;0;0;0;0;0;0;0;0;0;0;0;2945;0;0;0;0;0;0;
40369;4701767;566710272;42102784;515682304;0;0;0;0;0;0;0;0;0;0;0;3156;0;0;0;0;0;0;
40370;2689945;566710272;42102784;515682304;0;0;0;0;0;0;0;0;0;0;0;3307;0;0;0;0;0;0;
40371;4654369;566710272;42102784;515682304;0;0;0;0;0;0;0;0;0;0;0;2945;0;0;0;0;0;0;
40372;2507773;566710272;42102784;515682304;0;0;0;0;0;0;0;0;0;0;0;3176;0;0;0;0;0;0;
40373;4701286;566710272;42102784;515682304;0;0;0;0;0;0;0;0;0;0;0;3286;0;0;0;0;0;0;
40374;2547949;566710272;42102784;515682304;0;0;0;0;0;0;0;0;0;0;0;3055;0;0;0;0;0;0;
40375;4661713;566710272;42102784;515682304;0;0;0;0;0;0;0;0;0;0;0;2816;0;0;0;0;0;0;
40376;2531567;566710272;42102784;515682304;0;0;0;0;0;0;0;0;0;0;0;3086;0;0;0;0;0;0;
40377;4633860;566710272;42102784;515682304;0;0;0;0;0;0;0;0;0;0;0;3186;0;0;0;0;0;0;
40378;2578906;566710272;42102784;515682304;0;0;0;0;0;0;0;0;0;0;0;3256;0;0;0;0;0;0;
40379;4609083;566710272;42102784;515682304;0;0;0;0;0;0;0;0;0;0;0;3356;0;0;0;0;0;0;
40380;2725441;566710272;42102784;515682304;0;0;0;0;0;0;0;0;0;0;0;4288;0;0;0;0;0;0;
40381;4604034;566710272;42102784;515682304;0;0;0;0;0;0;0;0;0;0;0;3086;0;0;0;0;0;0;
40382;2550783;566710272;42102784;515682304;0;0;0;0;0;0;0;0;0;0;0;2996;0;0;0;0;0;0;
40383;4730351;566710272;42102784;515682304;0;0;0;0;0;0;0;0;0;0;0;3005;0;0;0;0;0;0;
40384;2528051;566710272;42102784;515682304;0;0;0;0;0;0;0;0;0;0;0;3647;0;0;0;0;0;0;
40385;4645842;566710272;42102784;515682304;0;0;0;0;0;0;0;0;0;0;0;3036;0;0;0;0;0;0;
40386;2507542;566710272;42102784;515682304;0;0;0;0;0;0;0;0;0;0;0;2986;0;0;0;0;0;0;
40387;4721024;566710272;42102784;515682304;0;0;0;0;0;0;0;0;0;0;0;3336;0;0;0;0;0;0;
40388;2467949;566710272;42102784;515682304;0;0;0;0;0;0;0;0;0;0;0;3236;0;0;0;0;0;0;
40389;4730492;566710272;42102784;515682304;0;0;0;0;0;0;0;0;0;0;0;2945;0;0;0;0;0;0;
40390;2574648;566710272;42102784;515682304;0;0;0;0;0;0;0;0;0;0;0;3106;0;0;0;0;0;0;
40391;4720533;566710272;42102784;515682304;0;0;0;0;0;0;0;0;0;0;0;3707;0;0;0;0;0;0;
40392;2729940;566710272;42102784;515682304;0;0;0;0;0;0;0;0;0;0;0;3066;0;0;0;0;0;0;
40393;4739849;566710272;42102784;515682304;0;0;0;0;0;0;0;0;0;0;0;2695;0;0;0;0;0;0;
40394;2756389;566710272;42102784;515682304;0;0;0;0;0;0;0;0;0;0;0;3336;0;0;0;0;0;0;
40395;4621417;566710272;42102784;515682304;0;0;0;0;0;0;0;0;0;0;0;3045;0;0;0;0;0;0;
40396;3103070;566710272;42102784;515682304;0;0;0;0;0;0;0;0;0;0;0;3076;0;0;0;0;0;0;
40397;4609325;566710272;42102784;515682304;0;0;0;0;0;0;0;0;0;0;0;2846;0;0;0;0;0;0;
40398;2851217;566710272;42102784;515682304;0;0;0;0;0;0;0;0;0;0;0;3337;0;0;0;0;0;0;
40399;4613522;566710272;42102784;515682304;0;0;0;0;0;0;0;0;0;0;0;3276;0;0;0;0;0;0;
40400;2751160;566710272;42102784;515682304;0;0;0;0;0;0;0;0;0;0;0;3767;0;0;0;0;0;0;
40401;4620666;566710272;42102784;515682304;0;0;0;0;0;0;0;0;0;0;0;3446;0;0;0;0;0;0;
40402;2682171;566710272;42102784;515682304;0;0;0;0;0;0;0;0;0;0;0;9428;0;0;0;0;0;0;
40403;4762241;566710272;42102784;515682304;0;0;0;0;0;0;0;0;0;0;0;3005;0;0;0;0;0;0;
40404;2751140;566710272;42102784;515682304;0;0;0;0;0;0;0;0;0;0;0;3277;0;0;0;0;0;0;
40405;4726514;566710272;42102784;515682304;0;0;0;0;0;0;0;0;0;0;0;3938;0;0;0;0;0;0;
40406;2516440;566710272;42102784;515682304;0;0;0;0;0;0;0;0;0;0;0;2926;0;0;0;0;0;0;
40407;4698551;566710272;42102784;515682304;0;0;0;0;0;0;0;0;0;0;0;2835;0;0;0;0;0;0;
40408;2569980;566710272;42102784;515682304;0;0;0;0;0;0;0;0;0;0;0;3466;0;0;0;0;0;0;
40409;4687621;566710272;42102784;515682304;0;0;0;0;0;0;0;0;0;0;0;3146;0;0;0;0;0;0;
40410;2611297;566710272;42102784;515682304;0;0;0;0;0;0;0;0;0;0;0;3396;0;0;0;0;0;0;
40411;4706797;566710272;42102784;515682304;0;0;0;0;0;0;0;0;0;0;0;3066;0;0;0;0;0;0;
40412;2673644;566710272;42102784;515682304;0;0;0;0;0;0;0;0;0;0;0;3798;0;0;0;0;0;0;
40413;4754877;566710272;42102784;515682304;0;0;0;0;0;0;0;0;0;0;0;2946;0;0;0;0;0;0;
40414;2714040;566710272;42102784;515682304;0;0;0;0;0;0;0;0;0;0;0;2916;0;0;0;0;0;0;
40415;4752393;566710272;42102784;515682304;0;0;0;0;0;0;0;0;0;0;0;3076;0;0;0;0;0;0;
40416;2556083;566710272;42102784;515682304;0;0;0;0;0;0;0;0;0;0;0;2936;0;0;0;0;0;0;
40417;4700054;566710272;42102784;515682304;0;0;0;0;0;0;0;0;0;0;0;3627;0;0;0;0;0;0;
40418;2522711;566710272;42102784;515682304;0;0;0;0;0;0;0;0;0;0;0;2845;0;0;0;0;0;0;
40419;4637868;566710272;42102784;515682304;0;0;0;0;0;0;0;0;0;0;0;3396;0;0;0;0;0;0;
40420;2920507;566710272;42102784;515682304;0;0;0;0;0;0;0;0;0;0;0;3026;0;0;0;0;0;0;
40421;4591891;566710272;42102784;515682304;0;0;0;0;0;0;0;0;0;0;0;2966;0;0;0;0;0;0;
40422;2613120;566710272;42102784;515682304;0;0;0;0;0;0;0;0;0;0;0;2705;0;0;0;0;0;0;
40423;4590328;566710272;42102784;515682304;0;0;0;0;0;0;0;0;0;0;0;2635;0;0;0;0;0;0;
40424;2569128;566710272;42102784;515682304;0;0;0;0;0;0;0;0;0;0;0;3166;0;0;0;0;0;0;
40425;4586481;566710272;42102784;515682304;0;0;0;0;0;0;0;0;0;0;0;3166;0;0;0;0;0;0;
40426;2635623;566710272;42102784;515682304;0;0;0;0;0;0;0;0;0;0;0;3707;0;0;0;0;0;0;
40427;4749427;566710272;42102784;515682304;0;0;0;0;0;0;0;0;0;0;0;3056;0;0;0;0;0;0;
40428;2730310;566710272;42102784;515682304;0;0;0;0;0;0;0;0;0;0;0;3556;0;0;0;0;0;0;
40429;4763914;566710272;42102784;515682304;0;0;0;0;0;0;0;0;0;0;0;2725;0;0;0;0;0;0;
40430;2567335;566710272;42102784;515682304;0;0;0;0;0;0;0;0;0;0;0;2936;0;0;0;0;0;0;
40431;4762602;566710272;42102784;515682304;0;0;0;0;0;0;0;0;0;0;0;2815;0;0;0;0;0;0;
40432;2565321;566710272;42102784;515682304;0;0;0;0;0;0;0;0;0;0;0;2855;0;0;0;0;0;0;
40433;4678254;566710272;42102784;515682304;0;0;0;0;0;0;0;0;0;0;0;3126;0;0;0;0;0;0;
40434;2468098;566710272;42102784;515682304;0;0;0;0;0;0;0;0;0;0;0;2946;0;0;0;0;0;0;
40435;4682402;566710272;42102784;515682304;0;0;0;0;0;0;0;0;0;0;0;3146;0;0;0;0;0;0;
40436;2681319;566710272;42102784;515682304;0;0;0;0;0;0;0;0;0;0;0;3086;0;0;0;0;0;0;
40437;4617459;566710272;42102784;515682304;0;0;0;0;0;0;0;0;0;0;0;2885;0;0;0;0;0;0;
40438;2575871;566710272;42102784;515682304;0;0;0;0;0;0;0;0;0;0;0;3757;0;0;0;0;0;0;
40439;4785595;566710272;42110976;515690496;0;0;0;0;0;0;0;0;0;0;0;3496;0;0;0;0;0;0;
40440;2501983;566710272;42110976;515690496;0;0;0;0;0;0;0;0;0;0;0;3417;0;0;0;0;0;0;
40441;4624022;566710272;42110976;515690496;0;0;0;0;0;0;0;0;0;0;0;2655;0;0;0;0;0;0;
40442;2573927;566710272;42110976;515690496;0;0;0;0;0;0;0;0;0;0;0;3216;0;0;0;0;0;0;
40443;4706065;566710272;42110976;515690496;0;0;0;0;0;0;0;0;0;0;0;2985;0;0;0;0;0;0;
40444;2762792;566710272;42110976;515690496;0;0;0;0;0;0;0;0;0;0;0;3426;0;0;0;0;0;0;
40445;4598363;566710272;42110976;515690496;0;0;0;0;0;0;0;0;0;0;0;2795;0;0;0;0;0;0;
40446;2592512;566734848;42102784;515682304;0;0;0;0;0;0;0;0;0;0;0;2996;0;0;0;0;0;0;
40447;4661271;566734848;42102784;515682304;0;0;0;0;0;0;0;0;0;0;0;2475;0;0;0;0;0;0;
40448;2620605;566734848;42102784;515682304;0;0;0;0;0;0;0;0;0;0;0;3236;0;0;0;0;0;0;
40449;4607381;566734848;42102784;515682304;0;0;0;0;0;0;0;0;0;0;0;4007;0;0;0;0;0;0;
40450;2625804;566734848;42102784;515682304;0;0;0;0;0;0;0;0;0;0;0;3276;0;0;0;0;0;0;
40451;4628580;566734848;42102784;515682304;0;0;0;0;0;0;0;0;0;0;0;3477;0;0;0;0;0;0;
40452;2790924;566734848;42102784;515682304;0;0;0;0;0;0;0;0;0;0;0;3115;0;0;0;0;0;0;
40453;4592242;566734848;42102784;515682304;0;0;0;0;0;0;0;0;0;0;0;2825;0;0;0;0;0;0;
40454;2727205;566734848;42102784;515682304;0;0;0;0;0;0;0;0;0;0;0;3376;0;0;0;0;0;0;
40455;4635303;566734848;42102784;515682304;0;0;0;0;0;0;0;0;0;0;0;3156;0;0;0;0;0;0;
40456;2713269;566734848;42102784;515682304;0;0;0;0;0;0;0;0;0;0;0;3477;0;0;0;0;0;0;
40457;4717206;566734848;42102784;515682304;0;0;0;0;0;0;0;0;0;0;0;3076;0;0;0;0;0;0;
40458;2696156;566734848;42102784;515682304;0;0;0;0;0;0;0;0;0;0;0;3226;0;0;0;0;0;0;
40459;4726114;566734848;42102784;515682304;0;0;0;0;0;0;0;0;0;0;0;3136;0;0;0;0;0;0;
40460;2654989;566734848;42102784;515682304;0;0;0;0;0;0;0;0;0;0;0;4438;0;0;0;0;0;0;
40461;4652836;566734848;42102784;515682304;0;0;0;0;0;0;0;0;0;0;0;3015;0;0;0;0;0;0;
40462;2620684;566734848;42102784;515682304;0;0;0;0;0;0;0;0;0;0;0;3336;0;0;0;0;0;0;
40463;4865946;566734848;42102784;515682304;0;0;0;0;0;0;0;0;0;0;0;2916;0;0;0;0;0;0;
40464;2524264;566734848;42102784;515682304;0;0;0;0;0;0;0;0;0;0;0;3266;0;0;0;0;0;0;
40465;4656853;566734848;42102784;515682304;0;0;0;0;0;0;0;0;0;0;0;2775;0;0;0;0;0;0;
40466;2508294;566734848;42102784;515682304;0;0;0;0;0;0;0;0;0;0;0;2916;0;0;0;0;0;0;
40467;4723208;566734848;42102784;515682304;0;0;0;0;0;0;0;0;0;0;0;3757;0;0;0;0;0;0;
40468;2460034;566734848;42102784;515682304;0;0;0;0;0;0;0;0;0;0;0;3036;0;0;0;0;0;0;
40469;4675859;566734848;42102784;515682304;0;0;0;0;0;0;0;0;0;0;0;3085;0;0;0;0;0;0;
40470;2847080;566734848;42102784;515682304;0;0;0;0;0;0;0;0;0;0;0;3316;0;0;0;0;0;0;
40471;4675328;566734848;42102784;515682304;0;0;0;0;0;0;0;0;0;0;0;3076;0;0;0;0;0;0;
40472;2829457;566734848;42102784;515682304;0;0;0;0;0;0;0;0;0;0;0;3066;0;0;0;0;0;0;
40473;4679295;566734848;42102784;515682304;0;0;0;0;0;0;0;0;0;0;0;2905;0;0;0;0;0;0;
40474;2642225;566734848;42102784;515682304;0;0;0;0;0;0;0;0;0;0;0;3466;0;0;0;0;0;0;
40475;4705425;566734848;42102784;515682304;0;0;0;0;0;0;0;0;0;0;0;3326;0;0;0;0;0;0;
40476;2624542;566734848;42102784;515682304;0;0;0;0;0;0;0;0;0;0;0;3036;0;0;0;0;0;0;
40477;4692210;566734848;42102784;515682304;0;0;0;0;0;0;0;0;0;0;0;3016;0;0;0;0;0;0;
40478;2624021;566734848;42102784;515682304;0;0;0;0;0;0;0;0;0;0;0;2835;0;0;0;0;0;0;
40479;4828405;566734848;42102784;515682304;0;0;0;0;0;0;0;0;0;0;0;3086;0;0;0;0;0;0;
40480;2591389;566734848;42102784;515682304;0;0;0;0;0;0;0;0;0;0;0;3006;0;0;0;0;0;0;
40481;4640323;566734848;42102784;515682304;0;0;0;0;0;0;0;0;0;0;0;3266;0;0;0;0;0;0;
40482;2774393;566734848;42102784;515682304;0;0;0;0;0;0;0;0;0;0;0;3086;0;0;0;0;0;0;
40483;4747764;566734848;42102784;515682304;0;0;0;0;0;0;0;0;0;0;0;2925;0;0;0;0;0;0;
40484;2716124;566734848;42102784;515682304;0;0;0;0;0;0;0;0;0;0;0;3286;0;0;0;0;0;0;
40485;4818877;566734848;42102784;515682304;0;0;0;0;0;0;0;0;0;0;0;2816;0;0;0;0;0;0;
40486;2629411;566734848;42102784;515682304;0;0;0;0;0;0;0;0;0;0;0;3016;0;0;0;0;0;0;
40487;4643849;566734848;42102784;515682304;0;0;0;0;0;0;0;0;0;0;0;3006;0;0;0;0;0;0;
40488;2554951;566734848;42102784;515682304;0;0;0;0;0;0;0;0;0;0;0;3226;0;0;0;0;0;0;
40489;4744878;566734848;42102784;515682304;0;0;0;0;0;0;0;0;0;0;0;3106;0;0;0;0;0;0;
40490;2732304;566734848;42102784;515682304;0;0;0;0;0;0;0;0;0;0;0;3366;0;0;0;0;0;0;
40491;4778902;566734848;42102784;515682304;0;0;0;0;0;0;0;0;0;0;0;3066;0;0;0;0;0;0;
40492;2649388;566734848;42102784;515682304;0;0;0;0;0;0;0;0;0;0;0;3366;0;0;0;0;0;0;
40493;4753565;566734848;42102784;515682304;0;0;0;0;0;0;0;0;0;0;0;2896;0;0;0;0;0;0;
40494;2795713;566734848;42102784;515682304;0;0;0;0;0;0;0;0;0;0;0;3016;0;0;0;0;0;0;
40495;4743637;566734848;42102784;515682304;0;0;0;0;0;0;0;0;0;0;0;3206;0;0;0;0;0;0;
40496;2695114;566734848;42102784;515682304;0;0;0;0;0;0;0;0;0;0;0;3517;0;0;0;0;0;0;
40497;4676580;566734848;42102784;515682304;0;0;0;0;0;0;0;0;0;0;0;3196;0;0;0;0;0;0;
40498;2643617;566734848;42102784;515682304;0;0;0;0;0;0;0;0;0;0;0;3216;0;0;0;0;0;0;
40499;4818106;566734848;42102784;515682304;0;0;0;0;0;0;0;0;0;0;0;3206;0;0;0;0;0;0;
40500;2631355;566734848;42102784;515682304;0;0;0;0;0;0;0;0;0;0;0;3176;0;0;0;0;0;0;
40501;4694705;566734848;42102784;515682304;0;0;0;0;0;0;0;0;0;0;0;3367;0;0;0;0;0;0;
40502;2639660;566734848;42102784;515682304;0;0;0;0;0;0;0;0;0;0;0;3206;0;0;0;0;0;0;
40503;4726143;566734848;42102784;515682304;0;0;0;0;0;0;0;0;0;0;0;3005;0;0;0;0;0;0;
40504;2619101;566734848;42102784;515682304;0;0;0;0;0;0;0;0;0;0;0;11422;0;0;0;0;0;0;
40505;10643410;566734848;42102784;515682304;0;0;0;0;0;0;0;0;0;0;0;3216;0;0;0;0;0;0;
40506;2870434;566734848;42102784;515682304;0;0;0;0;0;0;0;0;0;0;0;3867;0;0;0;0;0;0;
40507;4710945;566734848;42102784;515682304;0;0;0;0;0;0;0;0;0;0;0;3056;0;0;0;0;0;0;
40508;2821732;566734848;42102784;515682304;0;0;0;0;0;0;0;0;0;0;0;3406;0;0;0;0;0;0;
40509;4858632;566734848;42102784;515682304;0;0;0;0;0;0;0;0;0;0;0;2725;0;0;0;0;0;0;
40510;2669175;566734848;42102784;515682304;0;0;0;0;0;0;0;0;0;0;0;3016;0;0;0;0;0;0;
40511;4710303;566734848;42102784;515682304;0;0;0;0;0;0;0;0;0;0;0;3547;0;0;0;0;0;0;
40512;2636284;566734848;42102784;515682304;0;0;0;0;0;0;0;0;0;0;0;3296;0;0;0;0;0;0;
40513;4632307;566734848;42102784;515682304;0;0;0;0;0;0;0;0;0;0;0;2976;0;0;0;0;0;0;
40514;2559120;566734848;42102784;515682304;0;0;0;0;0;0;0;0;0;0;0;3277;0;0;0;0;0;0;
40515;4670328;566734848;42102784;515682304;0;0;0;0;0;0;0;0;0;0;0;3817;0;0;0;0;0;0;
40516;2762371;566734848;42102784;515682304;0;0;0;0;0;0;0;0;0;0;0;2756;0;0;0;0;0;0;
40517;4869983;566734848;42102784;515682304;0;0;0;0;0;0;0;0;0;0;0;2945;0;0;0;0;0;0;
40518;2774964;566734848;42102784;515682304;0;0;0;0;0;0;0;0;0;0;0;2996;0;0;0;0;0;0;
40519;4703601;566734848;42102784;515682304;0;0;0;0;0;0;0;0;0;0;0;3106;0;0;0;0;0;0;
40520;2987192;566734848;42102784;515682304;0;0;0;0;0;0;0;0;0;0;0;3597;0;0;0;0;0;0;
40521;4598193;566734848;42102784;515682304;0;0;0;0;0;0;0;0;0;0;0;2956;0;0;0;0;0;0;
40522;2644730;566734848;42102784;515682304;0;0;0;0;0;0;0;0;0;0;0;3146;0;0;0;0;0;0;
40523;4727055;566734848;42102784;515682304;0;0;0;0;0;0;0;0;0;0;0;2735;0;0;0;0;0;0;
40524;2788490;566734848;42102784;515682304;0;0;0;0;0;0;0;0;0;0;0;3105;0;0;0;0;0;0;
40525;4662193;566734848;42102784;515682304;0;0;0;0;0;0;0;0;0;0;0;3226;0;0;0;0;0;0;
40526;2704502;566734848;42102784;515682304;0;0;0;0;0;0;0;0;0;0;0;2925;0;0;0;0;0;0;
40527;4676661;566734848;42102784;515682304;0;0;0;0;0;0;0;0;0;0;0;2845;0;0;0;0;0;0;
40528;2611067;566734848;42102784;515682304;0;0;0;0;0;0;0;0;0;0;0;3286;0;0;0;0;0;0;
40529;4725923;566734848;42102784;515682304;0;0;0;0;0;0;0;0;0;0;0;3256;0;0;0;0;0;0;
40530;2637185;566734848;42102784;515682304;0;0;0;0;0;0;0;0;0;0;0;2945;0;0;0;0;0;0;
40531;4657284;566734848;42102784;515682304;0;0;0;0;0;0;0;0;0;0;0;3296;0;0;0;0;0;0;
40532;2754305;566734848;42102784;515682304;0;0;0;0;0;0;0;0;0;0;0;3096;0;0;0;0;0;0;
40533;4687060;566734848;42102784;515682304;0;0;0;0;0;0;0;0;0;0;0;3036;0;0;0;0;0;0;
40534;2806213;566734848;42102784;515682304;0;0;0;0;0;0;0;0;0;0;0;3286;0;0;0;0;0;0;
40535;4698081;566734848;42102784;515682304;0;0;0;0;0;0;0;0;0;0;0;2935;0;0;0;0;0;0;
40536;2891072;566734848;42102784;515682304;0;0;0;0;0;0;0;0;0;0;0;3386;0;0;0;0;0;0;
40537;4665249;566734848;42102784;515682304;0;0;0;0;0;0;0;0;0;0;0;3056;0;0;0;0;0;0;
40538;2724730;566734848;42102784;515682304;0;0;0;0;0;0;0;0;0;0;0;3326;0;0;0;0;0;0;
40539;4667503;566734848;42102784;515682304;0;0;0;0;0;0;0;0;0;0;0;3396;0;0;0;0;0;0;
40540;2828504;566734848;42102784;515682304;0;0;0;0;0;0;0;0;0;0;0;3226;0;0;0;0;0;0;
40541;4766379;566734848;42102784;515682304;0;0;0;0;0;0;0;0;0;0;0;3657;0;0;0;0;0;0;
40542;2746511;566734848;42102784;515682304;0;0;0;0;0;0;0;0;0;0;0;3977;0;0;0;0;0;0;
40543;4712908;566734848;42102784;515682304;0;0;0;0;0;0;0;0;0;0;0;3035;0;0;0;0;0;0;
40544;2873449;566734848;42102784;515682304;0;0;0;0;0;0;0;0;0;0;0;2825;0;0;0;0;0;0;
40545;4637777;566734848;42102784;515682304;0;0;0;0;0;0;0;0;0;0;0;3216;0;0;0;0;0;0;
40546;2683623;566734848;42102784;515682304;0;0;0;0;0;0;0;0;0;0;0;2805;0;0;0;0;0;0;
40547;4615286;566734848;42102784;515682304;0;0;0;0;0;0;0;0;0;0;0;3457;0;0;0;0;0;0;
40548;2621887;566734848;42102784;515682304;0;0;0;0;0;0;0;0;0;0;0;3496;0;0;0;0;0;0;
40549;4557888;566734848;42102784;515682304;0;0;0;0;0;0;0;0;0;0;0;2915;0;0;0;0;0;0;
40550;2726543;566734848;42102784;515682304;0;0;0;0;0;0;0;0;0;0;0;2926;0;0;0;0;0;0;
40551;4663125;566734848;42102784;515682304;0;0;0;0;0;0;0;0;0;0;0;2655;0;0;0;0;0;0;
40552;2900539;566734848;42102784;515682304;0;0;0;0;0;0;0;0;0;0;0;2956;0;0;0;0;0;0;
40553;4639501;566734848;42102784;515682304;0;0;0;0;0;0;0;0;0;0;0;3327;0;0;0;0;0;0;
40554;2829606;566734848;42102784;515682304;0;0;0;0;0;0;0;0;0;0;0;3437;0;0;0;0;0;0;
40555;4718298;566734848;42102784;515682304;0;0;0;0;0;0;0;0;0;0;0;2755;0;0;0;0;0;0;
40556;2479631;566734848;42102784;515682304;0;0;0;0;0;0;0;0;0;0;0;3166;0;0;0;0;0;0;
40557;4776067;566734848;42102784;515682304;0;0;0;0;0;0;0;0;0;0;0;3417;0;0;0;0;0;0;
40558;2549320;566734848;42102784;515682304;0;0;0;0;0;0;0;0;0;0;0;3677;0;0;0;0;0;0;
40559;4672002;566734848;42102784;515682304;0;0;0;0;0;0;0;0;0;0;0;3477;0;0;0;0;0;0;
40560;2513404;566734848;42102784;515682304;0;0;0;0;0;0;0;0;0;0;0;2915;0;0;0;0;0;0;
40561;4700615;566734848;42102784;515682304;0;0;0;0;0;0;0;0;0;0;0;2895;0;0;0;0;0;0;
40562;2485962;566734848;42102784;515682304;0;0;0;0;0;0;0;0;0;0;0;2915;0;0;0;0;0;0;
40563;4645743;566734848;42102784;515682304;0;0;0;0;0;0;0;0;0;0;0;3006;0;0;0;0;0;0;
40564;2695755;566734848;42102784;515682304;0;0;0;0;0;0;0;0;0;0;0;2745;0;0;0;0;0;0;
40565;4711676;566734848;42102784;515682304;0;0;0;0;0;0;0;0;0;0;0;3266;0;0;0;0;0;0;
40566;2706266;566734848;42102784;515682304;0;0;0;0;0;0;0;0;0;0;0;3015;0;0;0;0;0;0;
40567;4662745;566734848;42102784;515682304;0;0;0;0;0;0;0;0;0;0;0;3006;0;0;0;0;0;0;
40568;3036454;566734848;42102784;515682304;0;0;0;0;0;0;0;0;0;0;0;3256;0;0;0;0;0;0;
40569;4604495;566734848;42102784;515682304;0;0;0;0;0;0;0;0;0;0;0;2855;0;0;0;0;0;0;
40570;2562836;566734848;42102784;515682304;0;0;0;0;0;0;0;0;0;0;0;2625;0;0;0;0;0;0;
40571;4767501;566734848;42102784;515682304;0;0;0;0;0;0;0;0;0;0;0;2695;0;0;0;0;0;0;
40572;2686358;566734848;42102784;515682304;0;0;0;0;0;0;0;0;0;0;0;3286;0;0;0;0;0;0;
40573;4572997;566734848;42102784;515682304;0;0;0;0;0;0;0;0;0;0;0;3136;0;0;0;0;0;0;
40574;2674055;566734848;42102784;515682304;0;0;0;0;0;0;0;0;0;0;0;2885;0;0;0;0;0;0;
40575;4589447;566734848;42102784;515682304;0;0;0;0;0;0;0;0;0;0;0;2765;0;0;0;0;0;0;
40576;2775084;566734848;42102784;515682304;0;0;0;0;0;0;0;0;0;0;0;2866;0;0;0;0;0;0;
40577;4595949;566734848;42102784;515682304;0;0;0;0;0;0;0;0;0;0;0;2965;0;0;0;0;0;0;
40578;2547277;566734848;42102784;515682304;0;0;0;0;0;0;0;0;0;0;0;3557;0;0;0;0;0;0;
40579;4672903;566734848;42102784;515682304;0;0;0;0;0;0;0;0;0;0;0;2795;0;0;0;0;0;0;
40580;2559410;566734848;42102784;515682304;0;0;0;0;0;0;0;0;0;0;0;3045;0;0;0;0;0;0;
40581;4659568;566734848;42102784;515682304;0;0;0;0;0;0;0;0;0;0;0;3316;0;0;0;0;0;0;
40582;2802616;566734848;42102784;515682304;0;0;0;0;0;0;0;0;0;0;0;3276;0;0;0;0;0;0;
40583;4730060;566734848;42102784;515682304;0;0;0;0;0;0;0;0;0;0;0;2825;0;0;0;0;0;0;
40584;2654328;566734848;42102784;515682304;0;0;0;0;0;0;0;0;0;0;0;3487;0;0;0;0;0;0;
40585;4603864;566734848;42102784;515682304;0;0;0;0;0;0;0;0;0;0;0;2715;0;0;0;0;0;0;
40586;2621076;566734848;42102784;515682304;0;0;0;0;0;0;0;0;0;0;0;3397;0;0;0;0;0;0;
40587;4850126;566734848;42102784;515682304;0;0;0;0;0;0;0;0;0;0;0;3176;0;0;0;0;0;0;
40588;2816532;566734848;42102784;515682304;0;0;0;0;0;0;0;0;0;0;0;3376;0;0;0;0;0;0;
40589;4653808;566734848;42102784;515682304;0;0;0;0;0;0;0;0;0;0;0;3276;0;0;0;0;0;0;
40590;2565472;566734848;42102784;515682304;0;0;0;0;0;0;0;0;0;0;0;3317;0;0;0;0;0;0;
40591;4686920;566734848;42102784;515682304;0;0;0;0;0;0;0;0;0;0;0;3065;0;0;0;0;0;0;
40592;2897523;566734848;42102784;515682304;0;0;0;0;0;0;0;0;0;0;0;3196;0;0;0;0;0;0;
40593;4652465;566734848;42102784;515682304;0;0;0;0;0;0;0;0;0;0;0;3246;0;0;0;0;0;0;
40594;2619102;566734848;42102784;515682304;0;0;0;0;0;0;0;0;0;0;0;2695;0;0;0;0;0;0;
40595;4785124;566734848;42102784;515682304;0;0;0;0;0;0;0;0;0;0;0;2845;0;0;0;0;0;0;
40596;2628289;566734848;42102784;515682304;0;0;0;0;0;0;0;0;0;0;0;3326;0;0;0;0;0;0;
40597;4593524;566734848;42102784;515682304;0;0;0;0;0;0;0;0;0;0;0;3236;0;0;0;0;0;0;
40598;2786887;566734848;42102784;515682304;0;0;0;0;0;0;0;0;0;0;0;3246;0;0;0;0;0;0;
40599;4558008;566734848;42102784;515682304;0;0;0;0;0;0;0;0;0;0;0;3025;0;0;0;0;0;0;
40600;3036104;566734848;42102784;515682304;0;0;0;0;0;0;0;0;0;0;0;3546;0;0;0;0;0;0;
40601;4666752;566734848;42102784;515682304;0;0;0;0;0;0;0;0;0;0;0;2805;0;0;0;0;0;0;
40602;2580500;566734848;42102784;515682304;0;0;0;0;0;0;0;0;0;0;0;3637;0;0;0;0;0;0;
40603;4698682;566734848;42102784;515682304;0;0;0;0;0;0;0;0;0;0;0;3196;0;0;0;0;0;0;
40604;2692119;566734848;42102784;515682304;0;0;0;0;0;0;0;0;0;0;0;2745;0;0;0;0;0;0;
40605;4723578;566734848;42102784;515682304;0;0;0;0;0;0;0;0;0;0;0;3307;0;0;0;0;0;0;
40606;2623911;566734848;42102784;515682304;0;0;0;0;0;0;0;0;0;0;0;3266;0;0;0;0;0;0;
40607;4756119;566734848;42102784;515682304;0;0;0;0;0;0;0;0;0;0;0;3476;0;0;0;0;0;0;
40608;2552267;566734848;42102784;515682304;0;0;0;0;0;0;0;0;0;0;0;4058;0;0;0;0;0;0;
40609;4904367;566734848;42102784;515682304;0;0;0;0;0;0;0;0;0;0;0;3757;0;0;0;0;0;0;
40610;2481474;566734848;42102784;515682304;0;0;0;0;0;0;0;0;0;0;0;3126;0;0;0;0;0;0;
40611;4701196;566734848;42102784;515682304;0;0;0;0;0;0;0;0;0;0;0;3126;0;0;0;0;0;0;
40612;2554311;566734848;42102784;515682304;0;0;0;0;0;0;0;0;0;0;0;3276;0;0;0;0;0;0;
40613;4627649;566734848;42102784;515682304;0;0;0;0;0;0;0;0;0;0;0;3557;0;0;0;0;0;0;
40614;2679054;566734848;42102784;515682304;0;0;0;0;0;0;0;0;0;0;0;3096;0;0;0;0;0;0;
40615;4617009;566734848;42102784;515682304;0;0;0;0;0;0;0;0;0;0;0;3266;0;0;0;0;0;0;
40616;2721434;566734848;42102784;515682304;0;0;0;0;0;0;0;0;0;0;0;3366;0;0;0;0;0;0;
40617;4643157;566734848;42102784;515682304;0;0;0;0;0;0;0;0;0;0;0;3246;0;0;0;0;0;0;
40618;2775104;566734848;42102784;515682304;0;0;0;0;0;0;0;0;0;0;0;3116;0;0;0;0;0;0;
40619;4742043;566734848;42102784;515682304;0;0;0;0;0;0;0;0;0;0;0;2905;0;0;0;0;0;0;
40620;2517341;566734848;42102784;515682304;0;0;0;0;0;0;0;0;0;0;0;2916;0;0;0;0;0;0;
40621;4902955;566734848;42102784;515682304;0;0;0;0;0;0;0;0;0;0;0;3226;0;0;0;0;0;0;
40622;2585849;566734848;42102784;515682304;0;0;0;0;0;0;0;0;0;0;0;2935;0;0;0;0;0;0;
40623;4850727;566734848;42102784;515682304;0;0;0;0;0;0;0;0;0;0;0;2725;0;0;0;0;0;0;
40624;2686127;566734848;42102784;515682304;0;0;0;0;0;0;0;0;0;0;0;3096;0;0;0;0;0;0;
40625;4624503;566734848;42102784;515682304;0;0;0;0;0;0;0;0;0;0;0;3476;0;0;0;0;0;0;
40626;2655921;566734848;42102784;515682304;0;0;0;0;0;0;0;0;0;0;0;2816;0;0;0;0;0;0;
40627;4588886;566734848;42102784;515682304;0;0;0;0;0;0;0;0;0;0;0;2625;0;0;0;0;0;0;
40628;2874731;566734848;42102784;515682304;0;0;0;0;0;0;0;0;0;0;0;3336;0;0;0;0;0;0;
40629;4770256;566734848;42102784;515682304;0;0;0;0;0;0;0;0;0;0;0;3146;0;0;0;0;0;0;
40630;2890521;566734848;42102784;515682304;0;0;0;0;0;0;0;0;0;0;0;2876;0;0;0;0;0;0;
40631;4649650;566734848;42102784;515682304;0;0;0;0;0;0;0;0;0;0;0;3056;0;0;0;0;0;0;
40632;2695585;566734848;42102784;515682304;0;0;0;0;0;0;0;0;0;0;0;3346;0;0;0;0;0;0;
40633;4705064;566734848;42102784;515682304;0;0;0;0;0;0;0;0;0;0;0;2996;0;0;0;0;0;0;
40634;2746090;566734848;42102784;515682304;0;0;0;0;0;0;0;0;0;0;0;3076;0;0;0;0;0;0;
40635;4761379;566734848;42102784;515682304;0;0;0;0;0;0;0;0;0;0;0;2675;0;0;0;0;0;0;
40636;2699422;566734848;42102784;515682304;0;0;0;0;0;0;0;0;0;0;0;3757;0;0;0;0;0;0;
40637;4781227;566734848;42102784;515682304;0;0;0;0;0;0;0;0;0;0;0;3016;0;0;0;0;0;0;
40638;2684966;566734848;42102784;515682304;0;0;0;0;0;0;0;0;0;0;0;3226;0;0;0;0;0;0;
40639;4725442;566734848;42102784;515682304;0;0;0;0;0;0;0;0;0;0;0;3186;0;0;0;0;0;0;
40640;2607531;566734848;42102784;515682304;0;0;0;0;0;0;0;0;0;0;0;3487;0;0;0;0;0;0;
40641;4731724;566734848;42102784;515682304;0;0;0;0;0;0;0;0;0;0;0;2996;0;0;0;0;0;0;
40642;2566132;566734848;42102784;515682304;0;0;0;0;0;0;0;0;0;0;0;2865;0;0;0;0;0;0;
40643;4635123;566734848;42102784;515682304;0;0;0;0;0;0;0;0;0;0;0;2725;0;0;0;0;0;0;
40644;2686979;566734848;42102784;515682304;0;0;0;0;0;0;0;0;0;0;0;3596;0;0;0;0;0;0;
40645;4811203;566734848;42102784;515682304;0;0;0;0;0;0;0;0;0;0;0;2996;0;0;0;0;0;0;
40646;2862809;566734848;42102784;515682304;0;0;0;0;0;0;0;0;0;0;0;3116;0;0;0;0;0;0;
40647;4731123;566734848;42102784;515682304;0;0;0;0;0;0;0;0;0;0;0;2404;0;0;0;0;0;0;
40648;2623200;566734848;42102784;515682304;0;0;0;0;0;0;0;0;0;0;0;3397;0;0;0;0;0;0;
40649;4719350;566734848;42102784;515682304;0;0;0;0;0;0;0;0;0;0;0;2274;0;0;0;0;0;0;
40650;2682401;566734848;42102784;515682304;0;0;0;0;0;0;0;0;0;0;0;3616;0;0;0;0;0;0;
40651;4655782;566734848;42102784;515682304;0;0;0;0;0;0;0;0;0;0;0;2415;0;0;0;0;0;0;
40652;2841428;566734848;42102784;515682304;0;0;0;0;0;0;0;0;0;0;0;3667;0;0;0;0;0;0;
40653;4684645;566734848;42102784;515682304;0;0;0;0;0;0;0;0;0;0;0;2235;0;0;0;0;0;0;
40654;2788149;566734848;42102784;515682304;0;0;0;0;0;0;0;0;0;0;0;2574;0;0;0;0;0;0;
40655;4671661;566734848;42102784;515682304;0;0;0;0;0;0;0;0;0;0;0;2745;0;0;0;0;0;0;
40656;2729429;566734848;42102784;515682304;0;0;0;0;0;0;0;0;0;0;0;2916;0;0;0;0;0;0;
40657;4648297;566734848;42102784;515682304;0;0;0;0;0;0;0;0;0;0;0;2404;0;0;0;0;0;0;
40658;2871045;566734848;42102784;515682304;0;0;0;0;0;0;0;0;0;0;0;2966;0;0;0;0;0;0;
40659;4603103;566734848;42102784;515682304;0;0;0;0;0;0;0;0;0;0;0;2504;0;0;0;0;0;0;
40660;2626796;566734848;42102784;515682304;0;0;0;0;0;0;0;0;0;0;0;2575;0;0;0;0;0;0;
40661;4718069;566734848;42102784;515682304;0;0;0;0;0;0;0;0;0;0;0;2414;0;0;0;0;0;0;
40662;2739368;566734848;42102784;515682304;0;0;0;0;0;0;0;0;0;0;0;2785;0;0;0;0;0;0;
40663;4785325;566734848;42102784;515682304;0;0;0;0;0;0;0;0;0;0;0;2474;0;0;0;0;0;0;
40664;2577674;566734848;42102784;515682304;0;0;0;0;0;0;0;0;0;0;0;2785;0;0;0;0;0;0;
40665;4641084;566734848;42102784;515682304;0;0;0;0;0;0;0;0;0;0;0;2966;0;0;0;0;0;0;
40666;2705845;566734848;42102784;515682304;0;0;0;0;0;0;0;0;0;0;0;3276;0;0;0;0;0;0;
40667;4716445;566734848;42102784;515682304;0;0;0;0;0;0;0;0;0;0;0;3307;0;0;0;0;0;0;
40668;2779653;566734848;42102784;515682304;0;0;0;0;0;0;0;0;0;0;0;2685;0;0;0;0;0;0;
40669;4776618;566734848;42102784;515682304;0;0;0;0;0;0;0;0;0;0;0;2485;0;0;0;0;0;0;
40670;2743355;566734848;42102784;515682304;0;0;0;0;0;0;0;0;0;0;0;2946;0;0;0;0;0;0;
40671;4781287;566734848;42102784;515682304;0;0;0;0;0;0;0;0;0;0;0;3266;0;0;0;0;0;0;
40672;2724821;566734848;42102784;515682304;0;0;0;0;0;0;0;0;0;0;0;2815;0;0;0;0;0;0;
40673;5024773;566734848;42102784;515682304;0;0;0;0;0;0;0;0;0;0;0;2395;0;0;0;0;0;0;
40674;2759034;566734848;42102784;515682304;0;0;0;0;0;0;0;0;0;0;0;2735;0;0;0;0;0;0;
40675;4735932;566734848;42102784;515682304;0;0;0;0;0;0;0;0;0;0;0;2445;0;0;0;0;0;0;
40676;2733276;566734848;42102784;515682304;0;0;0;0;0;0;0;0;0;0;0;3056;0;0;0;0;0;0;
40677;4752924;566734848;42102784;515682304;0;0;0;0;0;0;0;0;0;0;0;3267;0;0;0;0;0;0;
40678;2989357;566734848;42102784;515682304;0;0;0;0;0;0;0;0;0;0;0;2745;0;0;0;0;0;0;
40679;4799581;566734848;42102784;515682304;0;0;0;0;0;0;0;0;0;0;0;2975;0;0;0;0;0;0;
40680;2853953;566734848;42102784;515682304;0;0;0;0;0;0;0;0;0;0;0;9999;0;0;0;0;0;0;
40681;4762111;566734848;42102784;515682304;0;0;0;0;0;0;0;0;0;0;0;2414;0;0;0;0;0;0;
40682;2711605;566734848;42102784;515682304;0;0;0;0;0;0;0;0;0;0;0;2675;0;0;0;0;0;0;
40683;4716375;566734848;42102784;515682304;0;0;0;0;0;0;0;0;0;0;0;3186;0;0;0;0;0;0;
40684;2852780;566734848;42102784;515682304;0;0;0;0;0;0;0;0;0;0;0;2565;0;0;0;0;0;0;
40685;4705815;566734848;42102784;515682304;0;0;0;0;0;0;0;0;0;0;0;2445;0;0;0;0;0;0;
40686;2837521;566734848;42102784;515682304;0;0;0;0;0;0;0;0;0;0;0;2986;0;0;0;0;0;0;
40687;4750218;566734848;42102784;515682304;0;0;0;0;0;0;0;0;0;0;0;2455;0;0;0;0;0;0;
40688;2726082;566734848;42102784;515682304;0;0;0;0;0;0;0;0;0;0;0;2825;0;0;0;0;0;0;
40689;4792227;566734848;42102784;515682304;0;0;0;0;0;0;0;0;0;0;0;3596;0;0;0;0;0;0;
40690;2796875;566734848;42102784;515682304;0;0;0;0;0;0;0;0;0;0;0;3036;0;0;0;0;0;0;
40691;4861467;566734848;42102784;515682304;0;0;0;0;0;0;0;0;0;0;0;3075;0;0;0;0;0;0;
40692;3280863;566734848;42102784;515682304;0;0;0;0;0;0;0;0;0;0;0;2806;0;0;0;0;0;0;
40693;4680247;566734848;42102784;515682304;0;0;0;0;0;0;0;0;0;0;0;2394;0;0;0;0;0;0;
40694;2861166;566734848;42102784;515682304;0;0;0;0;0;0;0;0;0;0;0;2936;0;0;0;0;0;0;
40695;4796866;566734848;42102784;515682304;0;0;0;0;0;0;0;0;0;0;0;2685;0;0;0;0;0;0;
40696;2820990;566734848;42102784;515682304;0;0;0;0;0;0;0;0;0;0;0;3607;0;0;0;0;0;0;
40697;4776077;566734848;42102784;515682304;0;0;0;0;0;0;0;0;0;0;0;2825;0;0;0;0;0;0;
40698;2631265;566734848;42102784;515682304;0;0;0;0;0;0;0;0;0;0;0;2695;0;0;0;0;0;0;
40699;4692100;566734848;42102784;515682304;0;0;0;0;0;0;0;0;0;0;0;3156;0;0;0;0;0;0;
40700;2944953;566734848;42102784;515682304;0;0;0;0;0;0;0;0;0;0;0;2525;0;0;0;0;0;0;
40701;4724901;566734848;42102784;515682304;0;0;0;0;0;0;0;0;0;0;0;2535;0;0;0;0;0;0;
40702;2899869;566734848;42102784;515682304;0;0;0;0;0;0;0;0;0;0;0;2575;0;0;0;0;0;0;
40703;4775827;566734848;42102784;515682304;0;0;0;0;0;0;0;0;0;0;0;2615;0;0;0;0;0;0;
40704;2863671;566734848;42102784;515682304;0;0;0;0;0;0;0;0;0;0;0;3076;0;0;0;0;0;0;
40705;4733236;566734848;42102784;515682304;0;0;0;0;0;0;0;0;0;0;0;2825;0;0;0;0;0;0;
40706;2828525;566734848;42102784;515682304;0;0;0;0;0;0;0;0;0;0;0;3026;0;0;0;0;0;0;
40707;4843303;566734848;42102784;515682304;0;0;0;0;0;0;0;0;0;0;0;2655;0;0;0;0;0;0;
40708;2947298;566734848;42102784;515682304;0;0;0;0;0;0;0;0;0;0;0;3156;0;0;0;0;0;0;
40709;4832593;566734848;42102784;515682304;0;0;0;0;0;0;0;0;0;0;0;3407;0;0;0;0;0;0;
40710;2776767;566734848;42102784;515682304;0;0;0;0;0;0;0;0;0;0;0;3066;0;0;0;0;0;0;
40711;4998694;566734848;42102784;515682304;0;0;0;0;0;0;0;0;0;0;0;3607;0;0;0;0;0;0;
40712;2738787;566734848;42102784;515682304;0;0;0;0;0;0;0;0;0;0;0;3246;0;0;0;0;0;0;
40713;4845357;566734848;42102784;515682304;0;0;0;0;0;0;0;0;0;0;0;3697;0;0;0;0;0;0;
40714;2650350;566734848;42102784;515682304;0;0;0;0;0;0;0;0;0;0;0;3587;0;0;0;0;0;0;
40715;4754616;566734848;42102784;515682304;0;0;0;0;0;0;0;0;0;0;0;3056;0;0;0;0;0;0;
40716;2936126;566734848;42102784;515682304;0;0;0;0;0;0;0;0;0;0;0;2845;0;0;0;0;0;0;
40717;4729259;566734848;42102784;515682304;0;0;0;0;0;0;0;0;0;0;0;3186;0;0;0;0;0;0;
40718;2901621;566734848;42102784;515682304;0;0;0;0;0;0;0;0;0;0;0;2745;0;0;0;0;0;0;
40719;4682231;566734848;42102784;515682304;0;0;0;0;0;0;0;0;0;0;0;3075;0;0;0;0;0;0;
40720;2866706;566734848;42102784;515682304;0;0;0;0;0;0;0;0;0;0;0;2775;0;0;0;0;0;0;
40721;4710915;566734848;42102784;515682304;0;0;0;0;0;0;0;0;0;0;0;2454;0;0;0;0;0;0;
40722;2719761;566734848;42102784;515682304;0;0;0;0;0;0;0;0;0;0;0;2755;0;0;0;0;0;0;
40723;4624333;566734848;42102784;515682304;0;0;0;0;0;0;0;0;0;0;0;2484;0;0;0;0;0;0;
40724;2890200;566734848;42102784;515682304;0;0;0;0;0;0;0;0;0;0;0;2955;0;0;0;0;0;0;
40725;4808488;566734848;42102784;515682304;0;0;0;0;0;0;0;0;0;0;0;2875;0;0;0;0;0;0;
40726;2674446;566734848;42102784;515682304;0;0;0;0;0;0;0;0;0;0;0;3015;0;0;0;0;0;0;
40727;4772109;566734848;42102784;515682304;0;0;0;0;0;0;0;0;0;0;0;2615;0;0;0;0;0;0;
40728;2569288;566734848;42102784;515682304;0;0;0;0;0;0;0;0;0;0;0;2756;0;0;0;0;0;0;
40729;4733427;566734848;42102784;515682304;0;0;0;0;0;0;0;0;0;0;0;3306;0;0;0;0;0;0;
40730;2664748;566734848;42102784;515682304;0;0;0;0;0;0;0;0;0;0;0;2795;0;0;0;0;0;0;
40731;4700365;566734848;42102784;515682304;0;0;0;0;0;0;0;0;0;0;0;2906;0;0;0;0;0;0;
40732;2717346;566734848;42102784;515682304;0;0;0;0;0;0;0;0;0;0;0;2825;0;0;0;0;0;0;
40733;4620786;566734848;42102784;515682304;0;0;0;0;0;0;0;0;0;0;0;3547;0;0;0;0;0;0;
40734;2815410;566734848;42102784;515682304;0;0;0;0;0;0;0;0;0;0;0;3206;0;0;0;0;0;0;
40735;4640964;566734848;42102784;515682304;0;0;0;0;0;0;0;0;0;0;0;3156;0;0;0;0;0;0;
40736;2679235;566734848;42102784;515682304;0;0;0;0;0;0;0;0;0;0;0;2726;0;0;0;0;0;0;
40737;4667053;566734848;42102784;515682304;0;0;0;0;0;0;0;0;0;0;0;2384;0;0;0;0;0;0;
40738;2871966;566734848;42102784;515682304;0;0;0;0;0;0;0;0;0;0;0;2474;0;0;0;0;0;0;
40739;4798690;566734848;42102784;515682304;0;0;0;0;0;0;0;0;0;0;0;2806;0;0;0;0;0;0;
40740;3000508;566734848;42102784;515682304;0;0;0;0;0;0;0;0;0;0;0;2535;0;0;0;0;0;0;
40741;4717017;566734848;42102784;515682304;0;0;0;0;0;0;0;0;0;0;0;2394;0;0;0;0;0;0;
40742;2852679;566734848;42102784;515682304;0;0;0;0;0;0;0;0;0;0;0;2685;0;0;0;0;0;0;
40743;4637377;566734848;42102784;515682304;0;0;0;0;0;0;0;0;0;0;0;2675;0;0;0;0;0;0;
40744;2917170;566734848;42102784;515682304;0;0;0;0;0;0;0;0;0;0;0;2776;0;0;0;0;0;0;
40745;4804720;566734848;42102784;515682304;0;0;0;0;0;0;0;0;0;0;0;2464;0;0;0;0;0;0;
40746;3016968;566734848;42102784;515682304;0;0;0;0;0;0;0;0;0;0;0;2705;0;0;0;0;0;0;
40747;4924305;566734848;42102784;515682304;0;0;0;0;0;0;0;0;0;0;0;3256;0;0;0;0;0;0;
40748;2781116;566734848;42102784;515682304;0;0;0;0;0;0;0;0;0;0;0;3317;0;0;0;0;0;0;
40749;4897204;566734848;42102784;515682304;0;0;0;0;0;0;0;0;0;0;0;2725;0;0;0;0;0;0;
40750;2827954;566734848;42102784;515682304;0;0;0;0;0;0;0;0;0;0;0;3216;0;0;0;0;0;0;
40751;4767270;566734848;42102784;515682304;0;0;0;0;0;0;0;0;0;0;0;2805;0;0;0;0;0;0;
40752;2723898;566734848;42102784;515682304;0;0;0;0;0;0;0;0;0;0;0;2595;0;0;0;0;0;0;
40753;4799100;566734848;42102784;515682304;0;0;0;0;0;0;0;0;0;0;0;2594;0;0;0;0;0;0;
40754;2609794;566734848;42102784;515682304;0;0;0;0;0;0;0;0;0;0;0;3556;0;0;0;0;0;0;
40755;4675268;566734848;42102784;515682304;0;0;0;0;0;0;0;0;0;0;0;3046;0;0;0;0;0;0;
40756;2784091;566734848;42102784;515682304;0;0;0;0;0;0;0;0;0;0;0;3496;0;0;0;0;0;0;
40757;4635494;566734848;42102784;515682304;0;0;0;0;0;0;0;0;0;0;0;2455;0;0;0;0;0;0;
40758;2983075;566734848;42102784;515682304;0;0;0;0;0;0;0;0;0;0;0;2895;0;0;0;0;0;0;
40759;4649490;566734848;42102784;515682304;0;0;0;0;0;0;0;0;0;0;0;2565;0;0;0;0;0;0;
40760;3173722;566734848;42102784;515682304;0;0;0;0;0;0;0;0;0;0;0;2615;0;0;0;0;0;0;
40761;4660861;566734848;42102784;515682304;0;0;0;0;0;0;0;0;0;0;0;2404;0;0;0;0;0;0;
40762;3027889;566734848;42102784;515682304;0;0;0;0;0;0;0;0;0;0;0;2795;0;0;0;0;0;0;
40763;4695355;566734848;42102784;515682304;0;0;0;0;0;0;0;0;0;0;0;2425;0;0;0;0;0;0;
40764;2712447;566734848;42102784;515682304;0;0;0;0;0;0;0;0;0;0;0;2595;0;0;0;0;0;0;
40765;4687150;566734848;42102784;515682304;0;0;0;0;0;0;0;0;0;0;0;2645;0;0;0;0;0;0;
40766;3157902;566734848;42102784;515682304;0;0;0;0;0;0;0;0;0;0;0;2946;0;0;0;0;0;0;
40767;4721194;566734848;42102784;515682304;0;0;0;0;0;0;0;0;0;0;0;2325;0;0;0;0;0;0;
40768;2678263;566734848;42102784;515682304;0;0;0;0;0;0;0;0;0;0;0;2454;0;0;0;0;0;0;
40769;7603630;566734848;42102784;515682304;0;0;0;0;0;0;0;0;0;0;0;2474;0;0;0;0;0;0;
40770;9382736;566734848;42102784;515682304;0;0;0;0;0;0;0;0;0;0;0;5360;0;0;0;0;0;0;
40771;5220811;566734848;42102784;515682304;0;0;0;0;0;0;0;0;0;0;0;3106;0;0;0;0;0;0;
40772;2758243;566734848;42102784;515682304;0;0;0;0;0;0;0;0;0;0;0;2925;0;0;0;0;0;0;
40773;4840698;566734848;42102784;515682304;0;0;0;0;0;0;0;0;0;0;0;2525;0;0;0;0;0;0;
40774;2844354;566734848;42102784;515682304;0;0;0;0;0;0;0;0;0;0;0;2575;0;0;0;0;0;0;
40775;4627318;566734848;42102784;515682304;0;0;0;0;0;0;0;0;0;0;0;2415;0;0;0;0;0;0;
40776;2732194;566734848;42102784;515682304;0;0;0;0;0;0;0;0;0;0;0;2915;0;0;0;0;0;0;
40777;4713159;566734848;42102784;515682304;0;0;0;0;0;0;0;0;0;0;0;2294;0;0;0;0;0;0;
40778;2732064;566734848;42102784;515682304;0;0;0;0;0;0;0;0;0;0;0;2905;0;0;0;0;0;0;
40779;4829547;566734848;42102784;515682304;0;0;0;0;0;0;0;0;0;0;0;2745;0;0;0;0;0;0;
40780;2944071;566734848;42102784;515682304;0;0;0;0;0;0;0;0;0;0;0;3507;0;0;0;0;0;0;
40781;4633900;566734848;42102784;515682304;0;0;0;0;0;0;0;0;0;0;0;2465;0;0;0;0;0;0;
40782;2648487;566734848;42102784;515682304;0;0;0;0;0;0;0;0;0;0;0;2565;0;0;0;0;0;0;
40783;4874111;566734848;42102784;515682304;0;0;0;0;0;0;0;0;0;0;0;2434;0;0;0;0;0;0;
40784;2706816;566734848;42102784;515682304;0;0;0;0;0;0;0;0;0;0;0;3888;0;0;0;0;0;0;
40785;4701948;566734848;42102784;515682304;0;0;0;0;0;0;0;0;0;0;0;2866;0;0;0;0;0;0;
40786;2679415;566734848;42102784;515682304;0;0;0;0;0;0;0;0;0;0;0;2976;0;0;0;0;0;0;
40787;4720914;566734848;42102784;515682304;0;0;0;0;0;0;0;0;0;0;0;2374;0;0;0;0;0;0;
40788;2827392;566734848;42102784;515682304;0;0;0;0;0;0;0;0;0;0;0;3767;0;0;0;0;0;0;
40789;4708240;566734848;42102784;515682304;0;0;0;0;0;0;0;0;0;0;0;3005;0;0;0;0;0;0;
40790;2731834;566734848;42102784;515682304;0;0;0;0;0;0;0;0;0;0;0;2585;0;0;0;0;0;0;
40791;4693823;566734848;42102784;515682304;0;0;0;0;0;0;0;0;0;0;0;2485;0;0;0;0;0;0;
40792;2690596;566734848;42102784;515682304;0;0;0;0;0;0;0;0;0;0;0;2575;0;0;0;0;0;0;
40793;4651052;566734848;42102784;515682304;0;0;0;0;0;0;0;0;0;0;0;2394;0;0;0;0;0;0;
40794;2572535;566734848;42102784;515682304;0;0;0;0;0;0;0;0;0;0;0;2485;0;0;0;0;0;0;
40795;4645091;566734848;42102784;515682304;0;0;0;0;0;0;0;0;0;0;0;3326;0;0;0;0;0;0;
40796;2675057;566734848;42102784;515682304;0;0;0;0;0;0;0;0;0;0;0;2615;0;0;0;0;0;0;
40797;4666692;566734848;42102784;515682304;0;0;0;0;0;0;0;0;0;0;0;2826;0;0;0;0;0;0;
40798;2949953;566734848;42102784;515682304;0;0;0;0;0;0;0;0;0;0;0;2766;0;0;0;0;0;0;
40799;4791255;566734848;42102784;515682304;0;0;0;0;0;0;0;0;0;0;0;3216;0;0;0;0;0;0;
40800;2852920;566734848;42102784;515682304;0;0;0;0;0;0;0;0;0;0;0;3036;0;0;0;0;0;0;
40801;4872878;566734848;42102784;515682304;0;0;0;0;0;0;0;0;0;0;0;3106;0;0;0;0;0;0;
40802;2604745;566734848;42102784;515682304;0;0;0;0;0;0;0;0;0;0;0;2425;0;0;0;0;0;0;
40803;4639951;566734848;42102784;515682304;0;0;0;0;0;0;0;0;0;0;0;3506;0;0;0;0;0;0;
40804;2965872;566734848;42102784;515682304;0;0;0;0;0;0;0;0;0;0;0;2515;0;0;0;0;0;0;
40805;4715614;566734848;42102784;515682304;0;0;0;0;0;0;0;0;0;0;0;2825;0;0;0;0;0;0;
40806;2728717;566734848;42102784;515682304;0;0;0;0;0;0;0;0;0;0;0;2735;0;0;0;0;0;0;
40807;4697469;566734848;42102784;515682304;0;0;0;0;0;0;0;0;0;0;0;3076;0;0;0;0;0;0;
40808;2948520;566734848;42102784;515682304;0;0;0;0;0;0;0;0;0;0;0;2725;0;0;0;0;0;0;
40809;4642677;566734848;42102784;515682304;0;0;0;0;0;0;0;0;0;0;0;2455;0;0;0;0;0;0;
40810;4252455;566734848;42102784;515682304;0;0;0;0;0;0;0;0;0;0;0;4679;0;0;0;0;0;0;
40811;5236661;566734848;42102784;515682304;0;0;0;0;0;0;0;0;0;0;0;3747;0;0;0;0;0;0;
40812;4204545;566734848;42102784;515682304;0;0;0;0;0;0;0;0;0;0;0;4228;0;0;0;0;0;0;
40813;5170025;566734848;42102784;515682304;0;0;0;0;0;0;0;0;0;0;0;4438;0;0;0;0;0;0;
40814;4130266;566734848;42102784;515682304;0;0;0;0;0;0;0;0;0;0;0;4559;0;0;0;0;0;0;
40815;5140861;566734848;42102784;515682304;0;0;0;0;0;0;0;0;0;0;0;4288;0;0;0;0;0;0;
40816;4183505;566734848;42102784;515682304;0;0;0;0;0;0;0;0;0;0;0;4047;0;0;0;0;0;0;
40817;5326630;566734848;42102784;515682304;0;0;0;0;0;0;0;0;0;0;0;4288;0;0;0;0;0;0;
40818;4028485;566734848;42102784;515682304;0;0;0;0;0;0;0;0;0;0;0;4799;0;0;0;0;0;0;
40819;5187078;566734848;42102784;515682304;0;0;0;0;0;0;0;0;0;0;0;4558;0;0;0;0;0;0;
40820;4041559;566734848;42102784;515682304;0;0;0;0;0;0;0;0;0;0;0;3927;0;0;0;0;0;0;
40821;5377915;566734848;42102784;515682304;0;0;0;0;0;0;0;0;0;0;0;5159;0;0;0;0;0;0;
40822;4093998;566734848;42102784;515682304;0;0;0;0;0;0;0;0;0;0;0;4118;0;0;0;0;0;0;
40823;5472784;566734848;42102784;515682304;0;0;0;0;0;0;0;0;0;0;0;4899;0;0;0;0;0;0;
40824;4063010;566734848;42102784;515682304;0;0;0;0;0;0;0;0;0;0;0;4689;0;0;0;0;0;0;
40825;5471912;566734848;42102784;515682304;0;0;0;0;0;0;0;0;0;0;0;4589;0;0;0;0;0;0;
40826;4130045;566734848;42102784;515682304;0;0;0;0;0;0;0;0;0;0;0;4659;0;0;0;0;0;0;
40827;5429843;566734848;42102784;515682304;0;0;0;0;0;0;0;0;0;0;0;4448;0;0;0;0;0;0;
40828;4301166;566734848;42102784;515682304;0;0;0;0;0;0;0;0;0;0;0;4438;0;0;0;0;0;0;
40829;5286154;566734848;42102784;515682304;0;0;0;0;0;0;0;0;0;0;0;3937;0;0;0;0;0;0;
40830;4016061;566734848;42102784;515682304;0;0;0;0;0;0;0;0;0;0;0;4639;0;0;0;0;0;0;
40831;5423792;566734848;42110976;515690496;0;0;0;0;0;0;0;0;0;0;0;4027;0;0;0;0;0;0;
40832;4052140;566734848;42110976;515690496;0;0;0;0;0;0;0;0;0;0;0;4598;0;0;0;0;0;0;
40833;5289670;566734848;42110976;515690496;0;0;0;0;0;0;0;0;0;0;0;3958;0;0;0;0;0;0;
40834;5110183;566734848;42110976;515690496;0;0;0;0;0;0;0;0;0;0;0;4819;0;0;0;0;0;0;
40835;5820295;566734848;42110976;515690496;0;0;0;0;0;0;0;0;0;0;0;5110;0;0;0;0;0;0;
40836;5804616;566734848;42110976;515690496;0;0;0;0;0;0;0;0;0;0;0;4217;0;0;0;0;0;0;
40837;5863266;566734848;42110976;515690496;0;0;0;0;0;0;0;0;0;0;0;4890;0;0;0;0;0;0;
40838;5337099;566796288;42102784;515682304;0;0;0;0;0;0;0;0;0;0;0;4699;0;0;0;0;0;0;
40839;6023226;566796288;42102784;515682304;0;0;0;0;0;0;0;0;0;0;0;4779;0;0;0;0;0;0;
40840;4527400;566796288;42102784;515682304;0;0;0;0;0;0;0;0;0;0;0;3767;0;0;0;0;0;0;
40841;5398264;566796288;42102784;515682304;0;0;0;0;0;0;0;0;0;0;0;4208;0;0;0;0;0;0;
40842;4452501;566796288;42102784;515682304;0;0;0;0;0;0;0;0;0;0;0;4378;0;0;0;0;0;0;
40843;5595453;566796288;42102784;515682304;0;0;0;0;0;0;0;0;0;0;0;4619;0;0;0;0;0;0;
40844;4412324;566796288;42102784;515682304;0;0;0;0;0;0;0;0;0;0;0;4308;0;0;0;0;0;0;
40845;5316901;566796288;42102784;515682304;0;0;0;0;0;0;0;0;0;0;0;4418;0;0;0;0;0;0;
40846;4172145;566796288;42102784;515682304;0;0;0;0;0;0;0;0;0;0;0;4098;0;0;0;0;0;0;
40847;5193630;566796288;42102784;515682304;0;0;0;0;0;0;0;0;0;0;0;4358;0;0;0;0;0;0;
40848;3930261;566796288;42102784;515682304;0;0;0;0;0;0;0;0;0;0;0;3476;0;0;0;0;0;0;
40849;5454880;566796288;42102784;515682304;0;0;0;0;0;0;0;0;0;0;0;4138;0;0;0;0;0;0;
40850;3956800;566796288;42102784;515682304;0;0;0;0;0;0;0;0;0;0;0;3887;0;0;0;0;0;0;
40851;5446284;566796288;42102784;515682304;0;0;0;0;0;0;0;0;0;0;0;4187;0;0;0;0;0;0;
40852;4031901;566796288;42102784;515682304;0;0;0;0;0;0;0;0;0;0;0;3767;0;0;0;0;0;0;
40853;5377305;566796288;42102784;515682304;0;0;0;0;0;0;0;0;0;0;0;4548;0;0;0;0;0;0;
40854;4073590;566796288;42102784;515682304;0;0;0;0;0;0;0;0;0;0;0;4148;0;0;0;0;0;0;
40855;5441585;566796288;42102784;515682304;0;0;0;0;0;0;0;0;0;0;0;5601;0;0;0;0;0;0;
40856;4242967;566796288;42102784;515682304;0;0;0;0;0;0;0;0;0;0;0;3917;0;0;0;0;0;0;
40857;5452255;566796288;42102784;515682304;0;0;0;0;0;0;0;0;0;0;0;4258;0;0;0;0;0;0;
40858;3980194;566796288;42102784;515682304;0;0;0;0;0;0;0;0;0;0;0;3426;0;0;0;0;0;0;
40859;5446284;566796288;42102784;515682304;0;0;0;0;0;0;0;0;0;0;0;14227;0;0;0;0;0;0;
40860;4051518;566796288;42102784;515682304;0;0;0;0;0;0;0;0;0;0;0;3907;0;0;0;0;0;0;
40861;5446935;566796288;42102784;515682304;0;0;0;0;0;0;0;0;0;0;0;3898;0;0;0;0;0;0;
40862;4104227;566796288;42102784;515682304;0;0;0;0;0;0;0;0;0;0;0;4218;0;0;0;0;0;0;
40863;5447657;566796288;42102784;515682304;0;0;0;0;0;0;0;0;0;0;0;4349;0;0;0;0;0;0;
40864;4127941;566796288;42102784;515682304;0;0;0;0;0;0;0;0;0;0;0;3176;0;0;0;0;0;0;
40865;6197162;566796288;42102784;515682304;0;0;0;0;0;0;0;0;0;0;0;3998;0;0;0;0;0;0;
40866;4121590;566796288;42102784;515682304;0;0;0;0;0;0;0;0;0;0;0;4258;0;0;0;0;0;0;
40867;5231360;566796288;42102784;515682304;0;0;0;0;0;0;0;0;0;0;0;4007;0;0;0;0;0;0;
40868;4257515;566796288;42102784;515682304;0;0;0;0;0;0;0;0;0;0;0;4328;0;0;0;0;0;0;
40869;5239887;566796288;42102784;515682304;0;0;0;0;0;0;0;0;0;0;0;4398;0;0;0;0;0;0;
40870;4235734;566796288;42102784;515682304;0;0;0;0;0;0;0;0;0;0;0;4609;0;0;0;0;0;0;
40871;5279631;566796288;42102784;515682304;0;0;0;0;0;0;0;0;0;0;0;3968;0;0;0;0;0;0;
40872;4208091;566796288;42102784;515682304;0;0;0;0;0;0;0;0;0;0;0;3747;0;0;0;0;0;0;
40873;5141733;566796288;42102784;515682304;0;0;0;0;0;0;0;0;0;0;0;4188;0;0;0;0;0;0;
40874;4327947;566796288;42102784;515682304;0;0;0;0;0;0;0;0;0;0;0;4087;0;0;0;0;0;0;
40875;5104583;566796288;42102784;515682304;0;0;0;0;0;0;0;0;0;0;0;3587;0;0;0;0;0;0;
40876;4326454;566796288;42102784;515682304;0;0;0;0;0;0;0;0;0;0;0;3787;0;0;0;0;0;0;
40877;5116896;566796288;42102784;515682304;0;0;0;0;0;0;0;0;0;0;0;4398;0;0;0;0;0;0;
40878;4340130;566796288;42102784;515682304;0;0;0;0;0;0;0;0;0;0;0;4639;0;0;0;0;0;0;
40879;4988456;566796288;42102784;515682304;0;0;0;0;0;0;0;0;0;0;0;4188;0;0;0;0;0;0;
40880;4299543;566796288;42102784;515682304;0;0;0;0;0;0;0;0;0;0;0;3937;0;0;0;0;0;0;
40881;5007071;566796288;42102784;515682304;0;0;0;0;0;0;0;0;0;0;0;3988;0;0;0;0;0;0;
40882;4310614;566796288;42102784;515682304;0;0;0;0;0;0;0;0;0;0;0;3957;0;0;0;0;0;0;
40883;5084676;566796288;42102784;515682304;0;0;0;0;0;0;0;0;0;0;0;3978;0;0;0;0;0;0;
40884;4242356;566796288;42102784;515682304;0;0;0;0;0;0;0;0;0;0;0;4278;0;0;0;0;0;0;
40885;5156500;566796288;42102784;515682304;0;0;0;0;0;0;0;0;0;0;0;4499;0;0;0;0;0;0;
40886;4384323;566796288;42102784;515682304;0;0;0;0;0;0;0;0;0;0;0;4047;0;0;0;0;0;0;
40887;5075779;566796288;42102784;515682304;0;0;0;0;0;0;0;0;0;0;0;4428;0;0;0;0;0;0;
40888;4320312;566796288;42102784;515682304;0;0;0;0;0;0;0;0;0;0;0;3848;0;0;0;0;0;0;
40889;5107829;566796288;42102784;515682304;0;0;0;0;0;0;0;0;0;0;0;4048;0;0;0;0;0;0;
40890;4421813;566796288;42102784;515682304;0;0;0;0;0;0;0;0;0;0;0;3717;0;0;0;0;0;0;
40891;5104963;566796288;42102784;515682304;0;0;0;0;0;0;0;0;0;0;0;3927;0;0;0;0;0;0;
40892;4333176;566796288;42102784;515682304;0;0;0;0;0;0;0;0;0;0;0;3918;0;0;0;0;0;0;
40893;5134419;566796288;42102784;515682304;0;0;0;0;0;0;0;0;0;0;0;4619;0;0;0;0;0;0;
40894;4335832;566796288;42102784;515682304;0;0;0;0;0;0;0;0;0;0;0;3747;0;0;0;0;0;0;
40895;5201866;566796288;42102784;515682304;0;0;0;0;0;0;0;0;0;0;0;4127;0;0;0;0;0;0;
40896;4262974;566796288;42102784;515682304;0;0;0;0;0;0;0;0;0;0;0;3697;0;0;0;0;0;0;
40897;5124190;566796288;42102784;515682304;0;0;0;0;0;0;0;0;0;0;0;4058;0;0;0;0;0;0;
40898;4115869;566796288;42102784;515682304;0;0;0;0;0;0;0;0;0;0;0;3797;0;0;0;0;0;0;
40899;5207576;566796288;42102784;515682304;0;0;0;0;0;0;0;0;0;0;0;4008;0;0;0;0;0;0;
40900;4046839;566796288;42102784;515682304;0;0;0;0;0;0;0;0;0;0;0;4939;0;0;0;0;0;0;
40901;5193931;566796288;42102784;515682304;0;0;0;0;0;0;0;0;0;0;0;3877;0;0;0;0;0;0;
40902;4207210;566796288;42102784;515682304;0;0;0;0;0;0;0;0;0;0;0;3897;0;0;0;0;0;0;
40903;5371373;566796288;42102784;515682304;0;0;0;0;0;0;0;0;0;0;0;4348;0;0;0;0;0;0;
40904;4235874;566796288;42102784;515682304;0;0;0;0;0;0;0;0;0;0;0;4438;0;0;0;0;0;0;
40905;5168152;566796288;42102784;515682304;0;0;0;0;0;0;0;0;0;0;0;4128;0;0;0;0;0;0;
40906;4372981;566796288;42102784;515682304;0;0;0;0;0;0;0;0;0;0;0;4528;0;0;0;0;0;0;
40907;5110013;566796288;42102784;515682304;0;0;0;0;0;0;0;0;0;0;0;3627;0;0;0;0;0;0;
40908;4122561;566796288;42102784;515682304;0;0;0;0;0;0;0;0;0;0;0;4298;0;0;0;0;0;0;
40909;5098231;566796288;42102784;515682304;0;0;0;0;0;0;0;0;0;0;0;3907;0;0;0;0;0;0;
40910;4148640;566796288;42102784;515682304;0;0;0;0;0;0;0;0;0;0;0;4138;0;0;0;0;0;0;
40911;5093221;566796288;42102784;515682304;0;0;0;0;0;0;0;0;0;0;0;3667;0;0;0;0;0;0;
40912;4087626;566796288;42102784;515682304;0;0;0;0;0;0;0;0;0;0;0;4127;0;0;0;0;0;0;
40913;5166529;566796288;42102784;515682304;0;0;0;0;0;0;0;0;0;0;0;4128;0;0;0;0;0;0;
40914;4114496;566796288;42102784;515682304;0;0;0;0;0;0;0;0;0;0;0;4118;0;0;0;0;0;0;
40915;5009545;566796288;42102784;515682304;0;0;0;0;0;0;0;0;0;0;0;4117;0;0;0;0;0;0;
40916;4217911;566796288;42102784;515682304;0;0;0;0;0;0;0;0;0;0;0;4328;0;0;0;0;0;0;
40917;5116716;566796288;42102784;515682304;0;0;0;0;0;0;0;0;0;0;0;3838;0;0;0;0;0;0;
40918;4281590;566796288;42102784;515682304;0;0;0;0;0;0;0;0;0;0;0;3697;0;0;0;0;0;0;
40919;5127667;566796288;42102784;515682304;0;0;0;0;0;0;0;0;0;0;0;4118;0;0;0;0;0;0;
40920;3948636;566796288;42102784;515682304;0;0;0;0;0;0;0;0;0;0;0;3907;0;0;0;0;0;0;
40921;5069928;566796288;42102784;515682304;0;0;0;0;0;0;0;0;0;0;0;3567;0;0;0;0;0;0;
40922;4123292;566796288;42102784;515682304;0;0;0;0;0;0;0;0;0;0;0;4449;0;0;0;0;0;0;
40923;5139889;566796288;42102784;515682304;0;0;0;0;0;0;0;0;0;0;0;3967;0;0;0;0;0;0;
40924;4041459;566796288;42102784;515682304;0;0;0;0;0;0;0;0;0;0;0;3887;0;0;0;0;0;0;
40925;5059338;566796288;42102784;515682304;0;0;0;0;0;0;0;0;0;0;0;3917;0;0;0;0;0;0;
40926;4053793;566796288;42102784;515682304;0;0;0;0;0;0;0;0;0;0;0;4218;0;0;0;0;0;0;
40927;5241350;566796288;42102784;515682304;0;0;0;0;0;0;0;0;0;0;0;3847;0;0;0;0;0;0;
40928;4062058;566796288;42102784;515682304;0;0;0;0;0;0;0;0;0;0;0;4198;0;0;0;0;0;0;
40929;5224959;566796288;42102784;515682304;0;0;0;0;0;0;0;0;0;0;0;4739;0;0;0;0;0;0;
40930;4021412;566796288;42102784;515682304;0;0;0;0;0;0;0;0;0;0;0;3977;0;0;0;0;0;0;
40931;5364811;566796288;42102784;515682304;0;0;0;0;0;0;0;0;0;0;0;4168;0;0;0;0;0;0;
40932;3956791;566796288;42102784;515682304;0;0;0;0;0;0;0;0;0;0;0;4418;0;0;0;0;0;0;
40933;5162502;566796288;42102784;515682304;0;0;0;0;0;0;0;0;0;0;0;4328;0;0;0;0;0;0;
40934;4083408;566796288;42102784;515682304;0;0;0;0;0;0;0;0;0;0;0;3997;0;0;0;0;0;0;
40935;5269953;566796288;42102784;515682304;0;0;0;0;0;0;0;0;0;0;0;5590;0;0;0;0;0;0;
40936;4005722;566796288;42102784;515682304;0;0;0;0;0;0;0;0;0;0;0;4108;0;0;0;0;0;0;
40937;5227203;566796288;42102784;515682304;0;0;0;0;0;0;0;0;0;0;0;5109;0;0;0;0;0;0;
40938;4061237;566796288;42102784;515682304;0;0;0;0;0;0;0;0;0;0;0;4709;0;0;0;0;0;0;
40939;5296233;566796288;42102784;515682304;0;0;0;0;0;0;0;0;0;0;0;5249;0;0;0;0;0;0;
40940;4109227;566796288;42102784;515682304;0;0;0;0;0;0;0;0;0;0;0;3967;0;0;0;0;0;0;
40941;5315588;566796288;42102784;515682304;0;0;0;0;0;0;0;0;0;0;0;4558;0;0;0;0;0;0;
40942;3965587;566796288;42102784;515682304;0;0;0;0;0;0;0;0;0;0;0;3827;0;0;0;0;0;0;
40943;5466081;566796288;42102784;515682304;0;0;0;0;0;0;0;0;0;0;0;4658;0;0;0;0;0;0;
40944;3941051;566796288;42102784;515682304;0;0;0;0;0;0;0;0;0;0;0;4288;0;0;0;0;0;0;
40945;5861733;566796288;42102784;515682304;0;0;0;0;0;0;0;0;0;0;0;4989;0;0;0;0;0;0;
40946;4002356;566796288;42102784;515682304;0;0;0;0;0;0;0;0;0;0;0;4198;0;0;0;0;0;0;
40947;5722622;566796288;42102784;515682304;0;0;0;0;0;0;0;0;0;0;0;4448;0;0;0;0;0;0;
40948;4012806;566796288;42102784;515682304;0;0;0;0;0;0;0;0;0;0;0;4298;0;0;0;0;0;0;
40949;5442206;566796288;42102784;515682304;0;0;0;0;0;0;0;0;0;0;0;5230;0;0;0;0;0;0;
40950;5091999;566796288;42102784;515682304;0;0;0;0;0;0;0;0;0;0;0;4298;0;0;0;0;0;0;
40951;5464809;566796288;42102784;515682304;0;0;0;0;0;0;0;0;0;0;0;4669;0;0;0;0;0;0;
40952;4191841;566796288;42102784;515682304;0;0;0;0;0;0;0;0;0;0;0;4037;0;0;0;0;0;0;
40953;5458597;566796288;42102784;515682304;0;0;0;0;0;0;0;0;0;0;0;4388;0;0;0;0;0;0;
40954;4288643;566796288;42102784;515682304;0;0;0;0;0;0;0;0;0;0;0;5911;0;0;0;0;0;0;
40955;5392964;566796288;42102784;515682304;0;0;0;0;0;0;0;0;0;0;0;4528;0;0;0;0;0;0;
40956;4074040;566796288;42102784;515682304;0;0;0;0;0;0;0;0;0;0;0;4228;0;0;0;0;0;0;
40957;5271045;566796288;42102784;515682304;0;0;0;0;0;0;0;0;0;0;0;4979;0;0;0;0;0;0;
40958;4218922;566796288;42102784;515682304;0;0;0;0;0;0;0;0;0;0;0;4449;0;0;0;0;0;0;
40959;5705971;566796288;42102784;515682304;0;0;0;0;0;0;0;0;0;0;0;4879;0;0;0;0;0;0;
40960;4439957;566796288;42102784;515682304;0;0;0;0;0;0;0;0;0;0;0;4237;0;0;0;0;0;0;
40961;5712402;566796288;42102784;515682304;0;0;0;0;0;0;0;0;0;0;0;4669;0;0;0;0;0;0;
40962;4438544;566796288;42102784;515682304;0;0;0;0;0;0;0;0;0;0;0;4208;0;0;0;0;0;0;
40963;5427018;566796288;42102784;515682304;0;0;0;0;0;0;0;0;0;0;0;3948;0;0;0;0;0;0;
40964;4801585;566796288;42102784;515682304;0;0;0;0;0;0;0;0;0;0;0;4127;0;0;0;0;0;0;
40965;5338952;566796288;42102784;515682304;0;0;0;0;0;0;0;0;0;0;0;3957;0;0;0;0;0;0;
40966;3892229;566796288;42102784;515682304;0;0;0;0;0;0;0;0;0;0;0;4719;0;0;0;0;0;0;
40967;5240488;566796288;42102784;515682304;0;0;0;0;0;0;0;0;0;0;0;4548;0;0;0;0;0;0;
40968;3885557;566796288;42102784;515682304;0;0;0;0;0;0;0;0;0;0;0;4698;0;0;0;0;0;0;
40969;5287706;566796288;42102784;515682304;0;0;0;0;0;0;0;0;0;0;0;4178;0;0;0;0;0;0;
40970;3963132;566796288;42102784;515682304;0;0;0;0;0;0;0;0;0;0;0;4077;0;0;0;0;0;0;
40971;5266827;566796288;42102784;515682304;0;0;0;0;0;0;0;0;0;0;0;4208;0;0;0;0;0;0;
40972;4078609;566796288;42102784;515682304;0;0;0;0;0;0;0;0;0;0;0;3617;0;0;0;0;0;0;
40973;5254474;566796288;42102784;515682304;0;0;0;0;0;0;0;0;0;0;0;4198;0;0;0;0;0;0;
40974;3892750;566796288;42102784;515682304;0;0;0;0;0;0;0;0;0;0;0;3757;0;0;0;0;0;0;
40975;5653423;566796288;42102784;515682304;0;0;0;0;0;0;0;0;0;0;0;5310;0;0;0;0;0;0;
40976;5145049;566796288;42102784;515682304;0;0;0;0;0;0;0;0;0;0;0;4588;0;0;0;0;0;0;
40977;5825034;566796288;42102784;515682304;0;0;0;0;0;0;0;0;0;0;0;4117;0;0;0;0;0;0;
40978;4788059;566796288;42102784;515682304;0;0;0;0;0;0;0;0;0;0;0;3967;0;0;0;0;0;0;
40979;5504723;566796288;42102784;515682304;0;0;0;0;0;0;0;0;0;0;0;4369;0;0;0;0;0;0;
40980;3990834;566796288;42102784;515682304;0;0;0;0;0;0;0;0;0;0;0;4127;0;0;0;0;0;0;
40981;5684090;566796288;42102784;515682304;0;0;0;0;0;0;0;0;0;0;0;3847;0;0;0;0;0;0;
40982;4196260;566796288;42102784;515682304;0;0;0;0;0;0;0;0;0;0;0;4589;0;0;0;0;0;0;
40983;5677668;566796288;42102784;515682304;0;0;0;0;0;0;0;0;0;0;0;4007;0;0;0;0;0;0;
40984;10550156;566796288;42102784;515682304;0;0;0;0;0;0;0;0;0;0;0;5851;0;0;0;0;0;0;
40985;5823100;566796288;42102784;515682304;0;0;0;0;0;0;0;0;0;0;0;3476;0;0;0;0;0;0;
40986;4003147;566796288;42102784;515682304;0;0;0;0;0;0;0;0;0;0;0;3707;0;0;0;0;0;0;
40987;5446324;566796288;42102784;515682304;0;0;0;0;0;0;0;0;0;0;0;4188;0;0;0;0;0;0;
40988;4139974;566796288;42102784;515682304;0;0;0;0;0;0;0;0;0;0;0;4628;0;0;0;0;0;0;
40989;5477733;566796288;42102784;515682304;0;0;0;0;0;0;0;0;0;0;0;5450;0;0;0;0;0;0;
40990;4135787;566796288;42102784;515682304;0;0;0;0;0;0;0;0;0;0;0;3577;0;0;0;0;0;0;
40991;5260405;566796288;42102784;515682304;0;0;0;0;0;0;0;0;0;0;0;5270;0;0;0;0;0;0;
40992;4107543;566796288;42102784;515682304;0;0;0;0;0;0;0;0;0;0;0;3516;0;0;0;0;0;0;
40993;5417830;566796288;42102784;515682304;0;0;0;0;0;0;0;0;0;0;0;4869;0;0;0;0;0;0;
40994;4077587;566796288;42102784;515682304;0;0;0;0;0;0;0;0;0;0;0;3797;0;0;0;0;0;0;
40995;6717367;566796288;42102784;515682304;0;0;0;0;0;0;0;0;0;0;0;4168;0;0;0;0;0;0;
40996;4712317;566796288;42102784;515682304;0;0;0;0;0;0;0;0;0;0;0;5019;0;0;0;0;0;0;
40997;5273910;566796288;42102784;515682304;0;0;0;0;0;0;0;0;0;0;0;4338;0;0;0;0;0;0;
40998;4980711;566796288;42102784;515682304;0;0;0;0;0;0;0;0;0;0;0;4909;0;0;0;0;0;0;
40999;5368689;566796288;42102784;515682304;0;0;0;0;0;0;0;0;0;0;0;4639;0;0;0;0;0;0;
41000;4872217;566796288;42102784;515682304;0;0;0;0;0;0;0;0;0;0;0;4589;0;0;0;0;0;0;
41001;5324185;566796288;42102784;515682304;0;0;0;0;0;0;0;0;0;0;0;4569;0;0;0;0;0;0;
41002;4165582;566796288;42102784;515682304;0;0;0;0;0;0;0;0;0;0;0;4689;0;0;0;0;0;0;
41003;5160839;566796288;42102784;515682304;0;0;0;0;0;0;0;0;0;0;0;3918;0;0;0;0;0;0;
41004;4281770;566796288;42102784;515682304;0;0;0;0;0;0;0;0;0;0;0;4228;0;0;0;0;0;0;
41005;5269873;566796288;42102784;515682304;0;0;0;0;0;0;0;0;0;0;0;3908;0;0;0;0;0;0;
41006;4071366;566796288;42102784;515682304;0;0;0;0;0;0;0;0;0;0;0;3617;0;0;0;0;0;0;
41007;5243624;566796288;42102784;515682304;0;0;0;0;0;0;0;0;0;0;0;4158;0;0;0;0;0;0;
41008;4215025;566796288;42102784;515682304;0;0;0;0;0;0;0;0;0;0;0;12894;0;0;0;0;0;0;
41009;5135772;566796288;42102784;515682304;0;0;0;0;0;0;0;0;0;0;0;3948;0;0;0;0;0;0;
41010;4239591;566796288;42102784;515682304;0;0;0;0;0;0;0;0;0;0;0;3917;0;0;0;0;0;0;
41011;5098782;566796288;42102784;515682304;0;0;0;0;0;0;0;0;0;0;0;4117;0;0;0;0;0;0;
41012;4434517;566796288;42102784;515682304;0;0;0;0;0;0;0;0;0;0;0;4027;0;0;0;0;0;0;
41013;5325597;566796288;42102784;515682304;0;0;0;0;0;0;0;0;0;0;0;4128;0;0;0;0;0;0;
41014;4698641;566796288;42102784;515682304;0;0;0;0;0;0;0;0;0;0;0;4578;0;0;0;0;0;0;
41015;5299809;566796288;42102784;515682304;0;0;0;0;0;0;0;0;0;0;0;4258;0;0;0;0;0;0;
41016;4613883;566796288;42102784;515682304;0;0;0;0;0;0;0;0;0;0;0;4599;0;0;0;0;0;0;
41017;5408062;566796288;42102784;515682304;0;0;0;0;0;0;0;0;0;0;0;4348;0;0;0;0;0;0;
41018;4674126;566796288;42102784;515682304;0;0;0;0;0;0;0;0;0;0;0;4839;0;0;0;0;0;0;
41019;5536904;566796288;42102784;515682304;0;0;0;0;0;0;0;0;0;0;0;5961;0;0;0;0;0;0;
41020;4637407;566796288;42102784;515682304;0;0;0;0;0;0;0;0;0;0;0;4278;0;0;0;0;0;0;
41021;5528588;566796288;42102784;515682304;0;0;0;0;0;0;0;0;0;0;0;4278;0;0;0;0;0;0;
41022;4620244;566796288;42102784;515682304;0;0;0;0;0;0;0;0;0;0;0;5119;0;0;0;0;0;0;
41023;5306662;566796288;42102784;515682304;0;0;0;0;0;0;0;0;0;0;0;5510;0;0;0;0;0;0;
41024;4897455;566796288;42102784;515682304;0;0;0;0;0;0;0;0;0;0;0;4068;0;0;0;0;0;0;
41025;5502189;566796288;42102784;515682304;0;0;0;0;0;0;0;0;0;0;0;4499;0;0;0;0;0;0;
41026;4563308;566796288;42102784;515682304;0;0;0;0;0;0;0;0;0;0;0;4018;0;0;0;0;0;0;
41027;5744002;566796288;42102784;515682304;0;0;0;0;0;0;0;0;0;0;0;4698;0;0;0;0;0;0;
41028;5063626;566796288;42102784;515682304;0;0;0;0;0;0;0;0;0;0;0;4278;0;0;0;0;0;0;
41029;5537495;566796288;42102784;515682304;0;0;0;0;0;0;0;0;0;0;0;4628;0;0;0;0;0;0;
41030;4972625;566796288;42102784;515682304;0;0;0;0;0;0;0;0;0;0;0;4378;0;0;0;0;0;0;
41031;5398003;566796288;42102784;515682304;0;0;0;0;0;0;0;0;0;0;0;3777;0;0;0;0;0;0;
41032;4250581;566796288;42102784;515682304;0;0;0;0;0;0;0;0;0;0;0;3887;0;0;0;0;0;0;
41033;5295501;566796288;42102784;515682304;0;0;0;0;0;0;0;0;0;0;0;4228;0;0;0;0;0;0;
41034;4392067;566796288;42102784;515682304;0;0;0;0;0;0;0;0;0;0;0;3867;0;0;0;0;0;0;
41035;5462054;566796288;42102784;515682304;0;0;0;0;0;0;0;0;0;0;0;4178;0;0;0;0;0;0;
41036;4022905;566796288;42102784;515682304;0;0;0;0;0;0;0;0;0;0;0;3978;0;0;0;0;0;0;
41037;5467794;566796288;42110976;515690496;0;0;0;0;0;0;0;0;0;0;0;3997;0;0;0;0;0;0;
41038;4154241;566796288;42110976;515690496;0;0;0;0;0;0;0;0;0;0;0;4178;0;0;0;0;0;0;
41039;5328032;566796288;42110976;515690496;0;0;0;0;0;0;0;0;0;0;0;4308;0;0;0;0;0;0;
41040;4102524;566796288;42110976;515690496;0;0;0;0;0;0;0;0;0;0;0;3977;0;0;0;0;0;0;
41041;5529961;566796288;42110976;515690496;0;0;0;0;0;0;0;0;0;0;0;4929;0;0;0;0;0;0;
41042;4190579;566796288;42110976;515690496;0;0;0;0;0;0;0;0;0;0;0;3757;0;0;0;0;0;0;
41043;5369841;566796288;42110976;515690496;0;0;0;0;0;0;0;0;0;0;0;4799;0;0;0;0;0;0;
41044;4334579;566833152;42102784;515682304;0;0;0;0;0;0;0;0;0;0;0;4158;0;0;0;0;0;0;
41045;6058762;566833152;42102784;515682304;0;0;0;0;0;0;0;0;0;0;0;4969;0;0;0;0;0;0;
41046;5425324;566833152;42102784;515682304;0;0;0;0;0;0;0;0;0;0;0;4128;0;0;0;0;0;0;
41047;6993475;566833152;42102784;515682304;0;0;0;0;0;0;0;0;0;0;0;4238;0;0;0;0;0;0;
41048;4059734;566833152;42102784;515682304;0;0;0;0;0;0;0;0;0;0;0;4068;0;0;0;0;0;0;
41049;5347648;566833152;42102784;515682304;0;0;0;0;0;0;0;0;0;0;0;3617;0;0;0;0;0;0;
41050;4112122;566833152;42102784;515682304;0;0;0;0;0;0;0;0;0;0;0;3537;0;0;0;0;0;0;
41051;5311231;566833152;42102784;515682304;0;0;0;0;0;0;0;0;0;0;0;3697;0;0;0;0;0;0;
41052;3953234;566833152;42102784;515682304;0;0;0;0;0;0;0;0;0;0;0;3997;0;0;0;0;0;0;
41053;5488653;566833152;42102784;515682304;0;0;0;0;0;0;0;0;0;0;0;3657;0;0;0;0;0;0;
41054;4206669;566833152;42102784;515682304;0;0;0;0;0;0;0;0;0;0;0;3868;0;0;0;0;0;0;
41055;5431657;566833152;42102784;515682304;0;0;0;0;0;0;0;0;0;0;0;4589;0;0;0;0;0;0;
41056;3866711;566833152;42102784;515682304;0;0;0;0;0;0;0;0;0;0;0;4578;0;0;0;0;0;0;
41057;5266838;566833152;42102784;515682304;0;0;0;0;0;0;0;0;0;0;0;4959;0;0;0;0;0;0;
41058;3717061;566833152;42102784;515682304;0;0;0;0;0;0;0;0;0;0;0;3868;0;0;0;0;0;0;
41059;5634066;566833152;42102784;515682304;0;0;0;0;0;0;0;0;0;0;0;4117;0;0;0;0;0;0;
41060;3832788;566833152;42102784;515682304;0;0;0;0;0;0;0;0;0;0;0;3507;0;0;0;0;0;0;
41061;5782595;566833152;42102784;515682304;0;0;0;0;0;0;0;0;0;0;0;3707;0;0;0;0;0;0;
41062;4081594;566833152;42102784;515682304;0;0;0;0;0;0;0;0;0;0;0;3386;0;0;0;0;0;0;
41063;5247270;566833152;42102784;515682304;0;0;0;0;0;0;0;0;0;0;0;3676;0;0;0;0;0;0;
41064;3921765;566833152;42102784;515682304;0;0;0;0;0;0;0;0;0;0;0;3616;0;0;0;0;0;0;
41065;5103771;566833152;42102784;515682304;0;0;0;0;0;0;0;0;0;0;0;3436;0;0;0;0;0;0;
41066;3930291;566833152;42102784;515682304;0;0;0;0;0;0;0;0;0;0;0;3627;0;0;0;0;0;0;
41067;5074747;566833152;42102784;515682304;0;0;0;0;0;0;0;0;0;0;0;3526;0;0;0;0;0;0;
41068;3847565;566833152;42102784;515682304;0;0;0;0;0;0;0;0;0;0;0;3707;0;0;0;0;0;0;
41069;5060831;566833152;42102784;515682304;0;0;0;0;0;0;0;0;0;0;0;10800;0;0;0;0;0;0;
41070;3858637;566833152;42102784;515682304;0;0;0;0;0;0;0;0;0;0;0;4238;0;0;0;0;0;0;
41071;5017800;566833152;42102784;515682304;0;0;0;0;0;0;0;0;0;0;0;3517;0;0;0;0;0;0;
41072;3954556;566833152;42102784;515682304;0;0;0;0;0;0;0;0;0;0;0;4037;0;0;0;0;0;0;
41073;4919816;566833152;42102784;515682304;0;0;0;0;0;0;0;0;0;0;0;3697;0;0;0;0;0;0;
41074;3701111;566833152;42102784;515682304;0;0;0;0;0;0;0;0;0;0;0;3276;0;0;0;0;0;0;
41075;4991321;566833152;42102784;515682304;0;0;0;0;0;0;0;0;0;0;0;3336;0;0;0;0;0;0;
41076;4247385;566833152;42102784;515682304;0;0;0;0;0;0;0;0;0;0;0;3526;0;0;0;0;0;0;
41077;5016528;566833152;42102784;515682304;0;0;0;0;0;0;0;0;0;0;0;3517;0;0;0;0;0;0;
41078;4129003;566833152;42102784;515682304;0;0;0;0;0;0;0;0;0;0;0;3647;0;0;0;0;0;0;
41079;5070419;566833152;42102784;515682304;0;0;0;0;0;0;0;0;0;0;0;3677;0;0;0;0;0;0;
41080;3833289;566833152;42102784;515682304;0;0;0;0;0;0;0;0;0;0;0;4438;0;0;0;0;0;0;
41081;5093352;566833152;42102784;515682304;0;0;0;0;0;0;0;0;0;0;0;3467;0;0;0;0;0;0;
41082;3767005;566833152;42102784;515682304;0;0;0;0;0;0;0;0;0;0;0;3697;0;0;0;0;0;0;
41083;5153024;566833152;42102784;515682304;0;0;0;0;0;0;0;0;0;0;0;4288;0;0;0;0;0;0;
41084;3787203;566833152;42102784;515682304;0;0;0;0;0;0;0;0;0;0;0;3697;0;0;0;0;0;0;
41085;5417731;566833152;42102784;515682304;0;0;0;0;0;0;0;0;0;0;0;4278;0;0;0;0;0;0;
41086;3721209;566833152;42102784;515682304;0;0;0;0;0;0;0;0;0;0;0;3757;0;0;0;0;0;0;
41087;5334855;566833152;42102784;515682304;0;0;0;0;0;0;0;0;0;0;0;4288;0;0;0;0;0;0;
41088;3715629;566833152;42102784;515682304;0;0;0;0;0;0;0;0;0;0;0;3687;0;0;0;0;0;0;
41089;5309708;566833152;42102784;515682304;0;0;0;0;0;0;0;0;0;0;0;4218;0;0;0;0;0;0;
41090;3676745;566833152;42102784;515682304;0;0;0;0;0;0;0;0;0;0;0;4228;0;0;0;0;0;0;
41091;5184643;566833152;42102784;515682304;0;0;0;0;0;0;0;0;0;0;0;3196;0;0;0;0;0;0;
41092;3604790;566833152;42102784;515682304;0;0;0;0;0;0;0;0;0;0;0;3917;0;0;0;0;0;0;
41093;5308366;566833152;42102784;515682304;0;0;0;0;0;0;0;0;0;0;0;3086;0;0;0;0;0;0;
41094;3652149;566833152;42102784;515682304;0;0;0;0;0;0;0;0;0;0;0;3477;0;0;0;0;0;0;
41095;5373607;566833152;42102784;515682304;0;0;0;0;0;0;0;0;0;0;0;4408;0;0;0;0;0;0;
41096;3538005;566833152;42102784;515682304;0;0;0;0;0;0;0;0;0;0;0;4078;0;0;0;0;0;0;
41097;5255656;566833152;42102784;515682304;0;0;0;0;0;0;0;0;0;0;0;4608;0;0;0;0;0;0;
41098;3560267;566833152;42102784;515682304;0;0;0;0;0;0;0;0;0;0;0;3657;0;0;0;0;0;0;
41099;4990529;566833152;42102784;515682304;0;0;0;0;0;0;0;0;0;0;0;3647;0;0;0;0;0;0;
41100;3696833;566833152;42102784;515682304;0;0;0;0;0;0;0;0;0;0;0;3526;0;0;0;0;0;0;
41101;4964921;566833152;42102784;515682304;0;0;0;0;0;0;0;0;0;0;0;3707;0;0;0;0;0;0;
41102;3903310;566833152;42102784;515682304;0;0;0;0;0;0;0;0;0;0;0;3847;0;0;0;0;0;0;
41103;4971092;566833152;42102784;515682304;0;0;0;0;0;0;0;0;0;0;0;3807;0;0;0;0;0;0;
41104;3818621;566833152;42102784;515682304;0;0;0;0;0;0;0;0;0;0;0;3366;0;0;0;0;0;0;
41105;5032348;566833152;42102784;515682304;0;0;0;0;0;0;0;0;0;0;0;3497;0;0;0;0;0;0;
41106;4015149;566833152;42102784;515682304;0;0;0;0;0;0;0;0;0;0;0;3496;0;0;0;0;0;0;
41107;5010036;566833152;42102784;515682304;0;0;0;0;0;0;0;0;0;0;0;3657;0;0;0;0;0;0;
41108;3824733;566833152;42102784;515682304;0;0;0;0;0;0;0;0;0;0;0;3857;0;0;0;0;0;0;
41109;5043539;566833152;42102784;515682304;0;0;0;0;0;0;0;0;0;0;0;3517;0;0;0;0;0;0;
41110;3558694;566833152;42102784;515682304;0;0;0;0;0;0;0;0;0;0;0;3357;0;0;0;0;0;0;
41111;5068054;566833152;42102784;515682304;0;0;0;0;0;0;0;0;0;0;0;3237;0;0;0;0;0;0;
41112;3519580;566833152;42102784;515682304;0;0;0;0;0;0;0;0;0;0;0;4329;0;0;0;0;0;0;
41113;5395078;566833152;42102784;515682304;0;0;0;0;0;0;0;0;0;0;0;4689;0;0;0;0;0;0;
41114;3491959;566833152;42102784;515682304;0;0;0;0;0;0;0;0;0;0;0;3537;0;0;0;0;0;0;
41115;5188811;566833152;42102784;515682304;0;0;0;0;0;0;0;0;0;0;0;4619;0;0;0;0;0;0;
41116;3682647;566833152;42102784;515682304;0;0;0;0;0;0;0;0;0;0;0;4629;0;0;0;0;0;0;
41117;5169645;566833152;42102784;515682304;0;0;0;0;0;0;0;0;0;0;0;3266;0;0;0;0;0;0;
41118;3490887;566833152;42102784;515682304;0;0;0;0;0;0;0;0;0;0;0;5550;0;0;0;0;0;0;
41119;5089705;566833152;42102784;515682304;0;0;0;0;0;0;0;0;0;0;0;3376;0;0;0;0;0;0;
41120;3414994;566833152;42102784;515682304;0;0;0;0;0;0;0;0;0;0;0;3497;0;0;0;0;0;0;
41121;5334725;566833152;42102784;515682304;0;0;0;0;0;0;0;0;0;0;0;3637;0;0;0;0;0;0;
41122;3474035;566833152;42102784;515682304;0;0;0;0;0;0;0;0;0;0;0;3666;0;0;0;0;0;0;
41123;5084776;566833152;42102784;515682304;0;0;0;0;0;0;0;0;0;0;0;4879;0;0;0;0;0;0;
41124;3405797;566833152;42102784;515682304;0;0;0;0;0;0;0;0;0;0;0;3687;0;0;0;0;0;0;
41125;4976353;566833152;42102784;515682304;0;0;0;0;0;0;0;0;0;0;0;3456;0;0;0;0;0;0;
41126;3400628;566833152;42102784;515682304;0;0;0;0;0;0;0;0;0;0;0;3396;0;0;0;0;0;0;
41127;4953900;566833152;42102784;515682304;0;0;0;0;0;0;0;0;0;0;0;3677;0;0;0;0;0;0;
41128;3557863;566833152;42102784;515682304;0;0;0;0;0;0;0;0;0;0;0;4198;0;0;0;0;0;0;
41129;5028180;566833152;42102784;515682304;0;0;0;0;0;0;0;0;0;0;0;3377;0;0;0;0;0;0;
41130;3455611;566833152;42102784;515682304;0;0;0;0;0;0;0;0;0;0;0;3296;0;0;0;0;0;0;
41131;5107539;566833152;42102784;515682304;0;0;0;0;0;0;0;0;0;0;0;3557;0;0;0;0;0;0;
41132;3361354;566833152;42102784;515682304;0;0;0;0;0;0;0;0;0;0;0;3487;0;0;0;0;0;0;
41133;4900641;566833152;42102784;515682304;0;0;0;0;0;0;0;0;0;0;0;3867;0;0;0;0;0;0;
41134;3686944;566833152;42102784;515682304;0;0;0;0;0;0;0;0;0;0;0;3586;0;0;0;0;0;0;
41135;5037437;566833152;42102784;515682304;0;0;0;0;0;0;0;0;0;0;0;3166;0;0;0;0;0;0;
41136;4101182;566833152;42102784;515682304;0;0;0;0;0;0;0;0;0;0;0;3156;0;0;0;0;0;0;
41137;5011118;566833152;42102784;515682304;0;0;0;0;0;0;0;0;0;0;0;3316;0;0;0;0;0;0;
41138;3822699;566833152;42102784;515682304;0;0;0;0;0;0;0;0;0;0;0;3878;0;0;0;0;0;0;
41139;4954762;566833152;42102784;515682304;0;0;0;0;0;0;0;0;0;0;0;3126;0;0;0;0;0;0;
41140;3649614;566833152;42102784;515682304;0;0;0;0;0;0;0;0;0;0;0;3637;0;0;0;0;0;0;
41141;4935465;566833152;42102784;515682304;0;0;0;0;0;0;0;0;0;0;0;3276;0;0;0;0;0;0;
41142;3321359;566833152;42102784;515682304;0;0;0;0;0;0;0;0;0;0;0;3486;0;0;0;0;0;0;
41143;5278419;566833152;42102784;515682304;0;0;0;0;0;0;0;0;0;0;0;3577;0;0;0;0;0;0;
41144;3279410;566833152;42102784;515682304;0;0;0;0;0;0;0;0;0;0;0;3727;0;0;0;0;0;0;
41145;5075308;566833152;42102784;515682304;0;0;0;0;0;0;0;0;0;0;0;3316;0;0;0;0;0;0;
41146;3330777;566833152;42102784;515682304;0;0;0;0;0;0;0;0;0;0;0;4058;0;0;0;0;0;0;
41147;5176769;566833152;42102784;515682304;0;0;0;0;0;0;0;0;0;0;0;3667;0;0;0;0;0;0;
41148;3339303;566833152;42102784;515682304;0;0;0;0;0;0;0;0;0;0;0;3397;0;0;0;0;0;0;
41149;4954341;566833152;42102784;515682304;0;0;0;0;0;0;0;0;0;0;0;3537;0;0;0;0;0;0;
41150;3338400;566833152;42102784;515682304;0;0;0;0;0;0;0;0;0;0;0;3426;0;0;0;0;0;0;
41151;4940656;566833152;42102784;515682304;0;0;0;0;0;0;0;0;0;0;0;3206;0;0;0;0;0;0;
41152;3360622;566833152;42102784;515682304;0;0;0;0;0;0;0;0;0;0;0;3407;0;0;0;0;0;0;
41153;4814179;566833152;42102784;515682304;0;0;0;0;0;0;0;0;0;0;0;3807;0;0;0;0;0;0;
41154;3558553;566833152;42102784;515682304;0;0;0;0;0;0;0;0;0;0;0;3927;0;0;0;0;0;0;
41155;5005638;566833152;42102784;515682304;0;0;0;0;0;0;0;0;0;0;0;3036;0;0;0;0;0;0;
41156;3243153;566833152;42102784;515682304;0;0;0;0;0;0;0;0;0;0;0;3076;0;0;0;0;0;0;
41157;4942589;566833152;42102784;515682304;0;0;0;0;0;0;0;0;0;0;0;3386;0;0;0;0;0;0;
41158;3029011;566833152;42102784;515682304;0;0;0;0;0;0;0;0;0;0;0;4298;0;0;0;0;0;0;
41159;4991411;566833152;42102784;515682304;0;0;0;0;0;0;0;0;0;0;0;4067;0;0;0;0;0;0;
41160;2919966;566833152;42102784;515682304;0;0;0;0;0;0;0;0;0;0;0;4187;0;0;0;0;0;0;
41161;5199731;566833152;42102784;515682304;0;0;0;0;0;0;0;0;0;0;0;4809;0;0;0;0;0;0;
41162;3968662;566833152;42102784;515682304;0;0;0;0;0;0;0;0;0;0;0;4178;0;0;0;0;0;0;
41163;5620521;566833152;42102784;515682304;0;0;0;0;0;0;0;0;0;0;0;5190;0;0;0;0;0;0;
41164;4131147;566833152;42102784;515682304;0;0;0;0;0;0;0;0;0;0;0;3697;0;0;0;0;0;0;
41165;5342720;566833152;42102784;515682304;0;0;0;0;0;0;0;0;0;0;0;5770;0;0;0;0;0;0;
41166;4099348;566833152;42102784;515682304;0;0;0;0;0;0;0;0;0;0;0;4759;0;0;0;0;0;0;
41167;5498171;566833152;42102784;515682304;0;0;0;0;0;0;0;0;0;0;0;3888;0;0;0;0;0;0;
41168;4285026;566833152;42102784;515682304;0;0;0;0;0;0;0;0;0;0;0;5290;0;0;0;0;0;0;
41169;5567852;566833152;42102784;515682304;0;0;0;0;0;0;0;0;0;0;0;5731;0;0;0;0;0;0;
41170;4401234;566833152;42102784;515682304;0;0;0;0;0;0;0;0;0;0;0;4028;0;0;0;0;0;0;
41171;5276255;566833152;42102784;515682304;0;0;0;0;0;0;0;0;0;0;0;4248;0;0;0;0;0;0;
41172;4514176;566833152;42102784;515682304;0;0;0;0;0;0;0;0;0;0;0;4488;0;0;0;0;0;0;
41173;5134639;566833152;42102784;515682304;0;0;0;0;0;0;0;0;0;0;0;4097;0;0;0;0;0;0;
41174;4464523;566833152;42102784;515682304;0;0;0;0;0;0;0;0;0;0;0;4519;0;0;0;0;0;0;
41175;5343371;566833152;42102784;515682304;0;0;0;0;0;0;0;0;0;0;0;4168;0;0;0;0;0;0;
41176;4248828;566833152;42102784;515682304;0;0;0;0;0;0;0;0;0;0;0;4048;0;0;0;0;0;0;
41177;5368798;566833152;42102784;515682304;0;0;0;0;0;0;0;0;0;0;0;4158;0;0;0;0;0;0;
41178;4192312;566833152;42102784;515682304;0;0;0;0;0;0;0;0;0;0;0;3877;0;0;0;0;0;0;
41179;5507739;566833152;42102784;515682304;0;0;0;0;0;0;0;0;0;0;0;4468;0;0;0;0;0;0;
41180;4019989;566833152;42102784;515682304;0;0;0;0;0;0;0;0;0;0;0;3977;0;0;0;0;0;0;
41181;5226892;566833152;42102784;515682304;0;0;0;0;0;0;0;0;0;0;0;4057;0;0;0;0;0;0;
41182;4674366;566833152;42102784;515682304;0;0;0;0;0;0;0;0;0;0;0;4308;0;0;0;0;0;0;
41183;5141943;566833152;42102784;515682304;0;0;0;0;0;0;0;0;0;0;0;3988;0;0;0;0;0;0;
41184;4226566;566833152;42102784;515682304;0;0;0;0;0;0;0;0;0;0;0;3838;0;0;0;0;0;0;
41185;5052897;566833152;42102784;515682304;0;0;0;0;0;0;0;0;0;0;0;3767;0;0;0;0;0;0;
41186;3970396;566833152;42102784;515682304;0;0;0;0;0;0;0;0;0;0;0;4048;0;0;0;0;0;0;
41187;5373377;566833152;42102784;515682304;0;0;0;0;0;0;0;0;0;0;0;4899;0;0;0;0;0;0;
41188;5007391;566833152;42102784;515682304;0;0;0;0;0;0;0;0;0;0;0;4538;0;0;0;0;0;0;
41189;5824223;566833152;42102784;515682304;0;0;0;0;0;0;0;0;0;0;0;5030;0;0;0;0;0;0;
41190;4751441;566833152;42102784;515682304;0;0;0;0;0;0;0;0;0;0;0;3727;0;0;0;0;0;0;
41191;5109813;566833152;42102784;515682304;0;0;0;0;0;0;0;0;0;0;0;3807;0;0;0;0;0;0;
41192;3120361;566833152;42102784;515682304;0;0;0;0;0;0;0;0;0;0;0;3477;0;0;0;0;0;0;
41193;4929404;566833152;42102784;515682304;0;0;0;0;0;0;0;0;0;0;0;4509;0;0;0;0;0;0;
41194;2783320;566833152;42102784;515682304;0;0;0;0;0;0;0;0;0;0;0;2815;0;0;0;0;0;0;
41195;4767431;566833152;42102784;515682304;0;0;0;0;0;0;0;0;0;0;0;2815;0;0;0;0;0;0;
41196;2975791;566833152;42102784;515682304;0;0;0;0;0;0;0;0;0;0;0;3306;0;0;0;0;0;0;
41197;4918133;566833152;42102784;515682304;0;0;0;0;0;0;0;0;0;0;0;3085;0;0;0;0;0;0;
41198;6555584;566833152;42102784;515682304;0;0;0;0;0;0;0;0;0;0;0;4077;0;0;0;0;0;0;
41199;8557548;566833152;42102784;515682304;0;0;0;0;0;0;0;0;0;0;0;4419;0;0;0;0;0;0;
41200;3686624;566833152;42102784;515682304;0;0;0;0;0;0;0;0;0;0;0;3346;0;0;0;0;0;0;
41201;4710333;566833152;42102784;515682304;0;0;0;0;0;0;0;0;0;0;0;2735;0;0;0;0;0;0;
41202;2970761;566833152;42102784;515682304;0;0;0;0;0;0;0;0;0;0;0;3306;0;0;0;0;0;0;
41203;4657113;566833152;42102784;515682304;0;0;0;0;0;0;0;0;0;0;0;3055;0;0;0;0;0;0;
41204;2855776;566833152;42102784;515682304;0;0;0;0;0;0;0;0;0;0;0;3347;0;0;0;0;0;0;
41205;4719902;566833152;42102784;515682304;0;0;0;0;0;0;0;0;0;0;0;3316;0;0;0;0;0;0;
41206;2857880;566833152;42102784;515682304;0;0;0;0;0;0;0;0;0;0;0;2936;0;0;0;0;0;0;
41207;4785896;566833152;42102784;515682304;0;0;0;0;0;0;0;0;0;0;0;3857;0;0;0;0;0;0;
41208;2941867;566833152;42102784;515682304;0;0;0;0;0;0;0;0;0;0;0;3186;0;0;0;0;0;0;
41209;4686740;566833152;42102784;515682304;0;0;0;0;0;0;0;0;0;0;0;3226;0;0;0;0;0;0;
41210;2962245;566833152;42102784;515682304;0;0;0;0;0;0;0;0;0;0;0;2826;0;0;0;0;0;0;
41211;4650752;566833152;42102784;515682304;0;0;0;0;0;0;0;0;0;0;0;2985;0;0;0;0;0;0;
41212;2884680;566833152;42102784;515682304;0;0;0;0;0;0;0;0;0;0;0;2746;0;0;0;0;0;0;
41213;4697900;566833152;42102784;515682304;0;0;0;0;0;0;0;0;0;0;0;2525;0;0;0;0;0;0;
41214;2713589;566833152;42102784;515682304;0;0;0;0;0;0;0;0;0;0;0;3016;0;0;0;0;0;0;
41215;4663025;566833152;42102784;515682304;0;0;0;0;0;0;0;0;0;0;0;2505;0;0;0;0;0;0;
41216;2841589;566833152;42102784;515682304;0;0;0;0;0;0;0;0;0;0;0;2474;0;0;0;0;0;0;
41217;4672884;566833152;42102784;515682304;0;0;0;0;0;0;0;0;0;0;0;2555;0;0;0;0;0;0;
41218;2598854;566833152;42102784;515682304;0;0;0;0;0;0;0;0;0;0;0;2815;0;0;0;0;0;0;
41219;4718248;566833152;42102784;515682304;0;0;0;0;0;0;0;0;0;0;0;2735;0;0;0;0;0;0;
41220;2681399;566833152;42102784;515682304;0;0;0;0;0;0;0;0;0;0;0;2876;0;0;0;0;0;0;
41221;4821102;566833152;42102784;515682304;0;0;0;0;0;0;0;0;0;0;0;2695;0;0;0;0;0;0;
41222;2701447;566833152;42102784;515682304;0;0;0;0;0;0;0;0;0;0;0;2685;0;0;0;0;0;0;
41223;4710394;566833152;42102784;515682304;0;0;0;0;0;0;0;0;0;0;0;3045;0;0;0;0;0;0;
41224;2731473;566833152;42102784;515682304;0;0;0;0;0;0;0;0;0;0;0;2976;0;0;0;0;0;0;
41225;4677262;566833152;42102784;515682304;0;0;0;0;0;0;0;0;0;0;0;3206;0;0;0;0;0;0;
41226;2822713;566833152;42102784;515682304;0;0;0;0;0;0;0;0;0;0;0;3256;0;0;0;0;0;0;
41227;4652635;566833152;42102784;515682304;0;0;0;0;0;0;0;0;0;0;0;3267;0;0;0;0;0;0;
41228;2865634;566833152;42102784;515682304;0;0;0;0;0;0;0;0;0;0;0;3327;0;0;0;0;0;0;
41229;4680228;566833152;42102784;515682304;0;0;0;0;0;0;0;0;0;0;0;3286;0;0;0;0;0;0;
41230;2908484;566833152;42102784;515682304;0;0;0;0;0;0;0;0;0;0;0;3096;0;0;0;0;0;0;
41231;4706496;566833152;42102784;515682304;0;0;0;0;0;0;0;0;0;0;0;3196;0;0;0;0;0;0;
41232;3101276;566833152;42102784;515682304;0;0;0;0;0;0;0;0;0;0;0;3998;0;0;0;0;0;0;
41233;5052115;566833152;42102784;515682304;0;0;0;0;0;0;0;0;0;0;0;3477;0;0;0;0;0;0;
41234;3857074;566833152;42102784;515682304;0;0;0;0;0;0;0;0;0;0;0;4018;0;0;0;0;0;0;
41235;5089204;566833152;42102784;515682304;0;0;0;0;0;0;0;0;0;0;0;3848;0;0;0;0;0;0;
41236;4001885;566833152;42102784;515682304;0;0;0;0;0;0;0;0;0;0;0;4358;0;0;0;0;0;0;
41237;5117657;566833152;42102784;515682304;0;0;0;0;0;0;0;0;0;0;0;4138;0;0;0;0;0;0;
41238;4059173;566833152;42102784;515682304;0;0;0;0;0;0;0;0;0;0;0;4248;0;0;0;0;0;0;
41239;5067474;566833152;42102784;515682304;0;0;0;0;0;0;0;0;0;0;0;3707;0;0;0;0;0;0;
41240;4142418;566833152;42102784;515682304;0;0;0;0;0;0;0;0;0;0;0;4007;0;0;0;0;0;0;
41241;5135120;566833152;42102784;515682304;0;0;0;0;0;0;0;0;0;0;0;3527;0;0;0;0;0;0;
41242;3884334;566833152;42102784;515682304;0;0;0;0;0;0;0;0;0;0;0;3837;0;0;0;0;0;0;
41243;5183060;566833152;42102784;515682304;0;0;0;0;0;0;0;0;0;0;0;3758;0;0;0;0;0;0;
41244;3107738;566833152;42102784;515682304;0;0;0;0;0;0;0;0;0;0;0;3386;0;0;0;0;0;0;
41245;4791135;566833152;42102784;515682304;0;0;0;0;0;0;0;0;0;0;0;3105;0;0;0;0;0;0;
41246;3432067;566833152;42102784;515682304;0;0;0;0;0;0;0;0;0;0;0;3908;0;0;0;0;0;0;
41247;4975411;566833152;42102784;515682304;0;0;0;0;0;0;0;0;0;0;0;3707;0;0;0;0;0;0;
41248;3792231;566833152;42102784;515682304;0;0;0;0;0;0;0;0;0;0;0;3928;0;0;0;0;0;0;
41249;5053668;566833152;42102784;515682304;0;0;0;0;0;0;0;0;0;0;0;3376;0;0;0;0;0;0;
41250;3815135;566833152;42102784;515682304;0;0;0;0;0;0;0;0;0;0;0;3256;0;0;0;0;0;0;
41251;5041294;566833152;42102784;515682304;0;0;0;0;0;0;0;0;0;0;0;3917;0;0;0;0;0;0;
41252;3825615;566833152;42102784;515682304;0;0;0;0;0;0;0;0;0;0;0;3867;0;0;0;0;0;0;
41253;4953690;566833152;42102784;515682304;0;0;0;0;0;0;0;0;0;0;0;3877;0;0;0;0;0;0;
41254;3772235;566833152;42102784;515682304;0;0;0;0;0;0;0;0;0;0;0;4027;0;0;0;0;0;0;
41255;5030725;566833152;42102784;515682304;0;0;0;0;0;0;0;0;0;0;0;4148;0;0;0;0;0;0;
41256;3755563;566833152;42102784;515682304;0;0;0;0;0;0;0;0;0;0;0;4067;0;0;0;0;0;0;
41257;4968398;566833152;42102784;515682304;0;0;0;0;0;0;0;0;0;0;0;4568;0;0;0;0;0;0;
41258;3855541;566833152;42102784;515682304;0;0;0;0;0;0;0;0;0;0;0;4368;0;0;0;0;0;0;
41259;5249925;566833152;42102784;515682304;0;0;0;0;0;0;0;0;0;0;0;3417;0;0;0;0;0;0;
41260;3902970;566833152;42102784;515682304;0;0;0;0;0;0;0;0;0;0;0;4488;0;0;0;0;0;0;
41261;5275624;566833152;42102784;515682304;0;0;0;0;0;0;0;0;0;0;0;4097;0;0;0;0;0;0;
41262;3969425;566833152;42102784;515682304;0;0;0;0;0;0;0;0;0;0;0;4028;0;0;0;0;0;0;
41263;5336889;566833152;42110976;515690496;0;0;0;0;0;0;0;0;0;0;0;3847;0;0;0;0;0;0;
41264;3902218;566833152;42110976;515690496;0;0;0;0;0;0;0;0;0;0;0;4288;0;0;0;0;0;0;
41265;5018011;566833152;42110976;515690496;0;0;0;0;0;0;0;0;0;0;0;4178;0;0;0;0;0;0;
41266;3919871;566833152;42110976;515690496;0;0;0;0;0;0;0;0;0;0;0;3918;0;0;0;0;0;0;
41267;5081660;566833152;42110976;515690496;0;0;0;0;0;0;0;0;0;0;0;3436;0;0;0;0;0;0;
41268;4032843;566833152;42110976;515690496;0;0;0;0;0;0;0;0;0;0;0;4178;0;0;0;0;0;0;
41269;5041575;566833152;42110976;515690496;0;0;0;0;0;0;0;0;0;0;0;4058;0;0;0;0;0;0;
41270;4059734;566870016;42102784;515682304;0;0;0;0;0;0;0;0;0;0;0;3827;0;0;0;0;0;0;
41271;4955223;566870016;42102784;515682304;0;0;0;0;0;0;0;0;0;0;0;3616;0;0;0;0;0;0;
41272;3936152;566870016;42102784;515682304;0;0;0;0;0;0;0;0;0;0;0;3687;0;0;0;0;0;0;
41273;4968638;566870016;42102784;515682304;0;0;0;0;0;0;0;0;0;0;0;3747;0;0;0;0;0;0;
41274;4037683;566870016;42102784;515682304;0;0;0;0;0;0;0;0;0;0;0;4007;0;0;0;0;0;0;
41275;4973046;566870016;42102784;515682304;0;0;0;0;0;0;0;0;0;0;0;3016;0;0;0;0;0;0;
41276;3936362;566870016;42102784;515682304;0;0;0;0;0;0;0;0;0;0;0;3496;0;0;0;0;0;0;
41277;5125262;566870016;42102784;515682304;0;0;0;0;0;0;0;0;0;0;0;4138;0;0;0;0;0;0;
41278;4043223;566870016;42102784;515682304;0;0;0;0;0;0;0;0;0;0;0;4057;0;0;0;0;0;0;
41279;5183651;566870016;42102784;515682304;0;0;0;0;0;0;0;0;0;0;0;3767;0;0;0;0;0;0;
41280;4110850;566870016;42102784;515682304;0;0;0;0;0;0;0;0;0;0;0;4148;0;0;0;0;0;0;
41281;5077001;566870016;42102784;515682304;0;0;0;0;0;0;0;0;0;0;0;3637;0;0;0;0;0;0;
41282;3954857;566870016;42102784;515682304;0;0;0;0;0;0;0;0;0;0;0;3838;0;0;0;0;0;0;
41283;4932400;566870016;42102784;515682304;0;0;0;0;0;0;0;0;0;0;0;3687;0;0;0;0;0;0;
41284;4140686;566870016;42102784;515682304;0;0;0;0;0;0;0;0;0;0;0;3957;0;0;0;0;0;0;
41285;5121094;566870016;42102784;515682304;0;0;0;0;0;0;0;0;0;0;0;4058;0;0;0;0;0;0;
41286;3911465;566870016;42102784;515682304;0;0;0;0;0;0;0;0;0;0;0;3837;0;0;0;0;0;0;
41287;5309147;566870016;42102784;515682304;0;0;0;0;0;0;0;0;0;0;0;4258;0;0;0;0;0;0;
41288;3620700;566870016;42102784;515682304;0;0;0;0;0;0;0;0;0;0;0;3417;0;0;0;0;0;0;
41289;4702780;566870016;42102784;515682304;0;0;0;0;0;0;0;0;0;0;0;2996;0;0;0;0;0;0;
41290;2952487;566870016;42102784;515682304;0;0;0;0;0;0;0;0;0;0;0;3056;0;0;0;0;0;0;
41291;4710424;566870016;42102784;515682304;0;0;0;0;0;0;0;0;0;0;0;3337;0;0;0;0;0;0;
41292;2747673;566870016;42102784;515682304;0;0;0;0;0;0;0;0;0;0;0;3457;0;0;0;0;0;0;
41293;4842421;566870016;42102784;515682304;0;0;0;0;0;0;0;0;0;0;0;3236;0;0;0;0;0;0;
41294;3063225;566870016;42102784;515682304;0;0;0;0;0;0;0;0;0;0;0;4138;0;0;0;0;0;0;
41295;5096497;566870016;42102784;515682304;0;0;0;0;0;0;0;0;0;0;0;3838;0;0;0;0;0;0;
41296;3847866;566870016;42102784;515682304;0;0;0;0;0;0;0;0;0;0;0;3847;0;0;0;0;0;0;
41297;5012511;566870016;42102784;515682304;0;0;0;0;0;0;0;0;0;0;0;3497;0;0;0;0;0;0;
41298;3095174;566870016;42102784;515682304;0;0;0;0;0;0;0;0;0;0;0;3236;0;0;0;0;0;0;
41299;4813467;566870016;42102784;515682304;0;0;0;0;0;0;0;0;0;0;0;3456;0;0;0;0;0;0;
41300;2583505;566870016;42102784;515682304;0;0;0;0;0;0;0;0;0;0;0;3066;0;0;0;0;0;0;
41301;4750780;566870016;42102784;515682304;0;0;0;0;0;0;0;0;0;0;0;2736;0;0;0;0;0;0;
41302;2630182;566870016;42102784;515682304;0;0;0;0;0;0;0;0;0;0;0;2806;0;0;0;0;0;0;
41303;4720833;566870016;42102784;515682304;0;0;0;0;0;0;0;0;0;0;0;3216;0;0;0;0;0;0;
41304;2654758;566870016;42102784;515682304;0;0;0;0;0;0;0;0;0;0;0;3496;0;0;0;0;0;0;
41305;4748295;566870016;42102784;515682304;0;0;0;0;0;0;0;0;0;0;0;3326;0;0;0;0;0;0;
41306;2939283;566870016;42102784;515682304;0;0;0;0;0;0;0;0;0;0;0;3035;0;0;0;0;0;0;
41307;4765998;566870016;42102784;515682304;0;0;0;0;0;0;0;0;0;0;0;3447;0;0;0;0;0;0;
41308;2817334;566870016;42102784;515682304;0;0;0;0;0;0;0;0;0;0;0;3587;0;0;0;0;0;0;
41309;4778401;566870016;42102784;515682304;0;0;0;0;0;0;0;0;0;0;0;3286;0;0;0;0;0;0;
41310;2793649;566870016;42102784;515682304;0;0;0;0;0;0;0;0;0;0;0;3737;0;0;0;0;0;0;
41311;4788129;566870016;42102784;515682304;0;0;0;0;0;0;0;0;0;0;0;3066;0;0;0;0;0;0;
41312;2631004;566870016;42102784;515682304;0;0;0;0;0;0;0;0;0;0;0;3407;0;0;0;0;0;0;
41313;4697630;566870016;42102784;515682304;0;0;0;0;0;0;0;0;0;0;0;2806;0;0;0;0;0;0;
41314;2669597;566870016;42102784;515682304;0;0;0;0;0;0;0;0;0;0;0;3366;0;0;0;0;0;0;
41315;4714592;566870016;42102784;515682304;0;0;0;0;0;0;0;0;0;0;0;3146;0;0;0;0;0;0;
41316;2742473;566870016;42102784;515682304;0;0;0;0;0;0;0;0;0;0;0;3296;0;0;0;0;0;0;
41317;4644590;566870016;42102784;515682304;0;0;0;0;0;0;0;0;0;0;0;3125;0;0;0;0;0;0;
41318;2740339;566870016;42102784;515682304;0;0;0;0;0;0;0;0;0;0;0;3366;0;0;0;0;0;0;
41319;4752853;566870016;42102784;515682304;0;0;0;0;0;0;0;0;0;0;0;2955;0;0;0;0;0;0;
41320;2860474;566870016;42102784;515682304;0;0;0;0;0;0;0;0;0;0;0;3908;0;0;0;0;0;0;
41321;4741592;566870016;42102784;515682304;0;0;0;0;0;0;0;0;0;0;0;3256;0;0;0;0;0;0;
41322;2704763;566870016;42102784;515682304;0;0;0;0;0;0;0;0;0;0;0;4248;0;0;0;0;0;0;
41323;4777470;566870016;42102784;515682304;0;0;0;0;0;0;0;0;0;0;0;2715;0;0;0;0;0;0;
41324;2693090;566870016;42102784;515682304;0;0;0;0;0;0;0;0;0;0;0;3437;0;0;0;0;0;0;
41325;4742985;566870016;42102784;515682304;0;0;0;0;0;0;0;0;0;0;0;2896;0;0;0;0;0;0;
41326;2805351;566870016;42102784;515682304;0;0;0;0;0;0;0;0;0;0;0;4208;0;0;0;0;0;0;
41327;4696097;566870016;42102784;515682304;0;0;0;0;0;0;0;0;0;0;0;3366;0;0;0;0;0;0;
41328;2999656;566870016;42102784;515682304;0;0;0;0;0;0;0;0;0;0;0;3126;0;0;0;0;0;0;
41329;4846700;566870016;42102784;515682304;0;0;0;0;0;0;0;0;0;0;0;3166;0;0;0;0;0;0;
41330;2808828;566870016;42102784;515682304;0;0;0;0;0;0;0;0;0;0;0;3036;0;0;0;0;0;0;
41331;4772159;566870016;42102784;515682304;0;0;0;0;0;0;0;0;0;0;0;2464;0;0;0;0;0;0;
41332;2774744;566870016;42102784;515682304;0;0;0;0;0;0;0;0;0;0;0;3076;0;0;0;0;0;0;
41333;4713079;566870016;42102784;515682304;0;0;0;0;0;0;0;0;0;0;0;2755;0;0;0;0;0;0;
41334;3182929;566870016;42102784;515682304;0;0;0;0;0;0;0;0;0;0;0;3377;0;0;0;0;0;0;
41335;4604636;566870016;42102784;515682304;0;0;0;0;0;0;0;0;0;0;0;2665;0;0;0;0;0;0;
41336;2815781;566870016;42102784;515682304;0;0;0;0;0;0;0;0;0;0;0;3126;0;0;0;0;0;0;
41337;4796826;566870016;42102784;515682304;0;0;0;0;0;0;0;0;0;0;0;3016;0;0;0;0;0;0;
41338;2688842;566870016;42102784;515682304;0;0;0;0;0;0;0;0;0;0;0;3296;0;0;0;0;0;0;
41339;4665599;566870016;42102784;515682304;0;0;0;0;0;0;0;0;0;0;0;3006;0;0;0;0;0;0;
41340;3189492;566870016;42102784;515682304;0;0;0;0;0;0;0;0;0;0;0;3727;0;0;0;0;0;0;
41341;5073275;566870016;42102784;515682304;0;0;0;0;0;0;0;0;0;0;0;3326;0;0;0;0;0;0;
41342;3006749;566870016;42102784;515682304;0;0;0;0;0;0;0;0;0;0;0;3015;0;0;0;0;0;0;
41343;4777139;566870016;42102784;515682304;0;0;0;0;0;0;0;0;0;0;0;2865;0;0;0;0;0;0;
41344;2659538;566870016;42102784;515682304;0;0;0;0;0;0;0;0;0;0;0;3827;0;0;0;0;0;0;
41345;4739138;566870016;42102784;515682304;0;0;0;0;0;0;0;0;0;0;0;2776;0;0;0;0;0;0;
41346;3171027;566870016;42102784;515682304;0;0;0;0;0;0;0;0;0;0;0;6062;0;0;0;0;0;0;
41347;5036666;566870016;42102784;515682304;0;0;0;0;0;0;0;0;0;0;0;4107;0;0;0;0;0;0;
41348;3724084;566870016;42102784;515682304;0;0;0;0;0;0;0;0;0;0;0;3637;0;0;0;0;0;0;
41349;4997362;566870016;42102784;515682304;0;0;0;0;0;0;0;0;0;0;0;3546;0;0;0;0;0;0;
41350;3848057;566870016;42102784;515682304;0;0;0;0;0;0;0;0;0;0;0;3938;0;0;0;0;0;0;
41351;5076039;566870016;42102784;515682304;0;0;0;0;0;0;0;0;0;0;0;3687;0;0;0;0;0;0;
41352;3887481;566870016;42102784;515682304;0;0;0;0;0;0;0;0;0;0;0;4118;0;0;0;0;0;0;
41353;5189583;566870016;42102784;515682304;0;0;0;0;0;0;0;0;0;0;0;4218;0;0;0;0;0;0;
41354;3744762;566870016;42102784;515682304;0;0;0;0;0;0;0;0;0;0;0;4128;0;0;0;0;0;0;
41355;4960233;566870016;42102784;515682304;0;0;0;0;0;0;0;0;0;0;0;3346;0;0;0;0;0;0;
41356;3737449;566870016;42102784;515682304;0;0;0;0;0;0;0;0;0;0;0;3557;0;0;0;0;0;0;
41357;5090657;566870016;42102784;515682304;0;0;0;0;0;0;0;0;0;0;0;4088;0;0;0;0;0;0;
41358;3838078;566870016;42102784;515682304;0;0;0;0;0;0;0;0;0;0;0;4017;0;0;0;0;0;0;
41359;5011959;566870016;42102784;515682304;0;0;0;0;0;0;0;0;0;0;0;3827;0;0;0;0;0;0;
41360;3982538;566870016;42102784;515682304;0;0;0;0;0;0;0;0;0;0;0;4258;0;0;0;0;0;0;
41361;5057866;566870016;42102784;515682304;0;0;0;0;0;0;0;0;0;0;0;3707;0;0;0;0;0;0;
41362;3881700;566870016;42102784;515682304;0;0;0;0;0;0;0;0;0;0;0;3397;0;0;0;0;0;0;
41363;5011559;566870016;42102784;515682304;0;0;0;0;0;0;0;0;0;0;0;3466;0;0;0;0;0;0;
41364;3680792;566870016;42102784;515682304;0;0;0;0;0;0;0;0;0;0;0;3637;0;0;0;0;0;0;
41365;5126184;566870016;42102784;515682304;0;0;0;0;0;0;0;0;0;0;0;3607;0;0;0;0;0;0;
41366;3865579;566870016;42102784;515682304;0;0;0;0;0;0;0;0;0;0;0;3947;0;0;0;0;0;0;
41367;5076220;566870016;42102784;515682304;0;0;0;0;0;0;0;0;0;0;0;4148;0;0;0;0;0;0;
41368;3766864;566870016;42102784;515682304;0;0;0;0;0;0;0;0;0;0;0;4248;0;0;0;0;0;0;
41369;5046233;566870016;42102784;515682304;0;0;0;0;0;0;0;0;0;0;0;4148;0;0;0;0;0;0;
41370;3840833;566870016;42102784;515682304;0;0;0;0;0;0;0;0;0;0;0;3918;0;0;0;0;0;0;
41371;5133056;566870016;42102784;515682304;0;0;0;0;0;0;0;0;0;0;0;3907;0;0;0;0;0;0;
41372;3430172;566870016;42102784;515682304;0;0;0;0;0;0;0;0;0;0;0;3256;0;0;0;0;0;0;
41373;4749026;566870016;42102784;515682304;0;0;0;0;0;0;0;0;0;0;0;3156;0;0;0;0;0;0;
41374;2709862;566870016;42102784;515682304;0;0;0;0;0;0;0;0;0;0;0;3246;0;0;0;0;0;0;
41375;4658897;566870016;42102784;515682304;0;0;0;0;0;0;0;0;0;0;0;3457;0;0;0;0;0;0;
41376;2754095;566870016;42102784;515682304;0;0;0;0;0;0;0;0;0;0;0;3767;0;0;0;0;0;0;
41377;4712558;566870016;42102784;515682304;0;0;0;0;0;0;0;0;0;0;0;2995;0;0;0;0;0;0;
41378;2829567;566870016;42102784;515682304;0;0;0;0;0;0;0;0;0;0;0;3616;0;0;0;0;0;0;
41379;4715213;566870016;42102784;515682304;0;0;0;0;0;0;0;0;0;0;0;3046;0;0;0;0;0;0;
41380;3235497;566870016;42102784;515682304;0;0;0;0;0;0;0;0;0;0;0;3987;0;0;0;0;0;0;
41381;5171269;566870016;42102784;515682304;0;0;0;0;0;0;0;0;0;0;0;3687;0;0;0;0;0;0;
41382;3986476;566870016;42102784;515682304;0;0;0;0;0;0;0;0;0;0;0;4228;0;0;0;0;0;0;
41383;5108641;566870016;42102784;515682304;0;0;0;0;0;0;0;0;0;0;0;3967;0;0;0;0;0;0;
41384;3881549;566870016;42102784;515682304;0;0;0;0;0;0;0;0;0;0;0;4298;0;0;0;0;0;0;
41385;5080949;566870016;42102784;515682304;0;0;0;0;0;0;0;0;0;0;0;4598;0;0;0;0;0;0;
41386;3755012;566870016;42102784;515682304;0;0;0;0;0;0;0;0;0;0;0;4338;0;0;0;0;0;0;
41387;5075098;566870016;42102784;515682304;0;0;0;0;0;0;0;0;0;0;0;3717;0;0;0;0;0;0;
41388;3761103;566870016;42102784;515682304;0;0;0;0;0;0;0;0;0;0;0;4208;0;0;0;0;0;0;
41389;5297125;566870016;42102784;515682304;0;0;0;0;0;0;0;0;0;0;0;3928;0;0;0;0;0;0;
41390;3326378;566870016;42102784;515682304;0;0;0;0;0;0;0;0;0;0;0;3096;0;0;0;0;0;0;
41391;4785074;566870016;42102784;515682304;0;0;0;0;0;0;0;0;0;0;0;3597;0;0;0;0;0;0;
41392;2805041;566870016;42102784;515682304;0;0;0;0;0;0;0;0;0;0;0;4509;0;0;0;0;0;0;
41393;4766449;566870016;42102784;515682304;0;0;0;0;0;0;0;0;0;0;0;3396;0;0;0;0;0;0;
41394;2816151;566870016;42102784;515682304;0;0;0;0;0;0;0;0;0;0;0;3667;0;0;0;0;0;0;
41395;4885553;566870016;42102784;515682304;0;0;0;0;0;0;0;0;0;0;0;3036;0;0;0;0;0;0;
41396;2908555;566870016;42102784;515682304;0;0;0;0;0;0;0;0;0;0;0;3497;0;0;0;0;0;0;
41397;4709161;566870016;42102784;515682304;0;0;0;0;0;0;0;0;0;0;0;3046;0;0;0;0;0;0;
41398;2836119;566870016;42102784;515682304;0;0;0;0;0;0;0;0;0;0;0;2705;0;0;0;0;0;0;
41399;4716856;566870016;42102784;515682304;0;0;0;0;0;0;0;0;0;0;0;3056;0;0;0;0;0;0;
41400;2900419;566870016;42102784;515682304;0;0;0;0;0;0;0;0;0;0;0;3126;0;0;0;0;0;0;
41401;4724691;566870016;42102784;515682304;0;0;0;0;0;0;0;0;0;0;0;2996;0;0;0;0;0;0;
41402;2856627;566870016;42102784;515682304;0;0;0;0;0;0;0;0;0;0;0;3406;0;0;0;0;0;0;
41403;4707599;566870016;42102784;515682304;0;0;0;0;0;0;0;0;0;0;0;2945;0;0;0;0;0;0;
41404;2754515;566870016;42102784;515682304;0;0;0;0;0;0;0;0;0;0;0;3176;0;0;0;0;0;0;
41405;4738857;566870016;42102784;515682304;0;0;0;0;0;0;0;0;0;0;0;2865;0;0;0;0;0;0;
41406;3141581;566870016;42102784;515682304;0;0;0;0;0;0;0;0;0;0;0;2975;0;0;0;0;0;0;
41407;4825109;566870016;42102784;515682304;0;0;0;0;0;0;0;0;0;0;0;3196;0;0;0;0;0;0;
41408;3502448;566870016;42102784;515682304;0;0;0;0;0;0;0;0;0;0;0;4929;0;0;0;0;0;0;
41409;4959141;566870016;42102784;515682304;0;0;0;0;0;0;0;0;0;0;0;3897;0;0;0;0;0;0;
41410;3889404;566870016;42102784;515682304;0;0;0;0;0;0;0;0;0;0;0;12864;0;0;0;0;0;0;
41411;4980069;566870016;42102784;515682304;0;0;0;0;0;0;0;0;0;0;0;4068;0;0;0;0;0;0;
41412;3854649;566870016;42102784;515682304;0;0;0;0;0;0;0;0;0;0;0;4098;0;0;0;0;0;0;
41413;4926760;566870016;42102784;515682304;0;0;0;0;0;0;0;0;0;0;0;3667;0;0;0;0;0;0;
41414;4284766;566870016;42102784;515682304;0;0;0;0;0;0;0;0;0;0;0;3847;0;0;0;0;0;0;
41415;5001270;566870016;42102784;515682304;0;0;0;0;0;0;0;0;0;0;0;4248;0;0;0;0;0;0;
41416;3891007;566870016;42102784;515682304;0;0;0;0;0;0;0;0;0;0;0;3878;0;0;0;0;0;0;
41417;4944373;566870016;42102784;515682304;0;0;0;0;0;0;0;0;0;0;0;3807;0;0;0;0;0;0;
41418;3952783;566870016;42102784;515682304;0;0;0;0;0;0;0;0;0;0;0;3787;0;0;0;0;0;0;
41419;5127346;566870016;42102784;515682304;0;0;0;0;0;0;0;0;0;0;0;3657;0;0;0;0;0;0;
41420;3919231;566870016;42102784;515682304;0;0;0;0;0;0;0;0;0;0;0;4158;0;0;0;0;0;0;
41421;5016238;566870016;42102784;515682304;0;0;0;0;0;0;0;0;0;0;0;3467;0;0;0;0;0;0;
41422;3497008;566870016;42102784;515682304;0;0;0;0;0;0;0;0;0;0;0;3267;0;0;0;0;0;0;
41423;4860485;566870016;42102784;515682304;0;0;0;0;0;0;0;0;0;0;0;3086;0;0;0;0;0;0;
41424;2797867;566870016;42102784;515682304;0;0;0;0;0;0;0;0;0;0;0;3036;0;0;0;0;0;0;
41425;4730482;566870016;42102784;515682304;0;0;0;0;0;0;0;0;0;0;0;3466;0;0;0;0;0;0;
41426;2836520;566870016;42102784;515682304;0;0;0;0;0;0;0;0;0;0;0;3296;0;0;0;0;0;0;
41427;4735080;566870016;42102784;515682304;0;0;0;0;0;0;0;0;0;0;0;3116;0;0;0;0;0;0;
41428;2827213;566870016;42102784;515682304;0;0;0;0;0;0;0;0;0;0;0;3457;0;0;0;0;0;0;
41429;4695817;566870016;42102784;515682304;0;0;0;0;0;0;0;0;0;0;0;2876;0;0;0;0;0;0;
41430;2800752;566870016;42102784;515682304;0;0;0;0;0;0;0;0;0;0;0;3517;0;0;0;0;0;0;
41431;4760178;566870016;42102784;515682304;0;0;0;0;0;0;0;0;0;0;0;2896;0;0;0;0;0;0;
41432;2736122;566870016;42102784;515682304;0;0;0;0;0;0;0;0;0;0;0;2996;0;0;0;0;0;0;
41433;4726464;566870016;42102784;515682304;0;0;0;0;0;0;0;0;0;0;0;3116;0;0;0;0;0;0;
41434;2640472;566870016;42102784;515682304;0;0;0;0;0;0;0;0;0;0;0;3316;0;0;0;0;0;0;
41435;4707368;566870016;42102784;515682304;0;0;0;0;0;0;0;0;0;0;0;3246;0;0;0;0;0;0;
41436;2535244;566870016;42102784;515682304;0;0;0;0;0;0;0;0;0;0;0;3026;0;0;0;0;0;0;
41437;4686399;566870016;42102784;515682304;0;0;0;0;0;0;0;0;0;0;0;3035;0;0;0;0;0;0;
41438;2707247;566870016;42102784;515682304;0;0;0;0;0;0;0;0;0;0;0;2946;0;0;0;0;0;0;
41439;4717988;566870016;42102784;515682304;0;0;0;0;0;0;0;0;0;0;0;2845;0;0;0;0;0;0;
41440;12095954;566870016;42102784;515682304;0;0;0;0;0;0;0;0;0;0;0;3076;0;0;0;0;0;0;
41441;4880302;566870016;42102784;515682304;0;0;0;0;0;0;0;0;0;0;0;3356;0;0;0;0;0;0;
41442;2687600;566870016;42102784;515682304;0;0;0;0;0;0;0;0;0;0;0;2806;0;0;0;0;0;0;
41443;4815691;566870016;42102784;515682304;0;0;0;0;0;0;0;0;0;0;0;3336;0;0;0;0;0;0;
41444;2675819;566870016;42102784;515682304;0;0;0;0;0;0;0;0;0;0;0;3306;0;0;0;0;0;0;
41445;4778752;566870016;42102784;515682304;0;0;0;0;0;0;0;0;0;0;0;3166;0;0;0;0;0;0;
41446;2847390;566870016;42102784;515682304;0;0;0;0;0;0;0;0;0;0;0;3386;0;0;0;0;0;0;
41447;4723198;566870016;42102784;515682304;0;0;0;0;0;0;0;0;0;0;0;3938;0;0;0;0;0;0;
41448;2704152;566870016;42102784;515682304;0;0;0;0;0;0;0;0;0;0;0;3417;0;0;0;0;0;0;
41449;4767912;566870016;42102784;515682304;0;0;0;0;0;0;0;0;0;0;0;3406;0;0;0;0;0;0;
41450;2658155;566870016;42102784;515682304;0;0;0;0;0;0;0;0;0;0;0;3036;0;0;0;0;0;0;
41451;4764746;566870016;42102784;515682304;0;0;0;0;0;0;0;0;0;0;0;3526;0;0;0;0;0;0;
41452;2737334;566870016;42102784;515682304;0;0;0;0;0;0;0;0;0;0;0;3106;0;0;0;0;0;0;
41453;4752673;566870016;42102784;515682304;0;0;0;0;0;0;0;0;0;0;0;3206;0;0;0;0;0;0;
41454;2588665;566870016;42102784;515682304;0;0;0;0;0;0;0;0;0;0;0;3396;0;0;0;0;0;0;
41455;4868781;566870016;42102784;515682304;0;0;0;0;0;0;0;0;0;0;0;3166;0;0;0;0;0;0;
41456;2536226;566870016;42102784;515682304;0;0;0;0;0;0;0;0;0;0;0;2876;0;0;0;0;0;0;
41457;4969049;566870016;42102784;515682304;0;0;0;0;0;0;0;0;0;0;0;2836;0;0;0;0;0;0;
41458;2616677;566870016;42102784;515682304;0;0;0;0;0;0;0;0;0;0;0;2445;0;0;0;0;0;0;
41459;4812816;566870016;42102784;515682304;0;0;0;0;0;0;0;0;0;0;0;2645;0;0;0;0;0;0;
41460;2603292;566870016;42102784;515682304;0;0;0;0;0;0;0;0;0;0;0;3016;0;0;0;0;0;0;
41461;4711396;566870016;42102784;515682304;0;0;0;0;0;0;0;0;0;0;0;2836;0;0;0;0;0;0;
41462;2651312;566870016;42102784;515682304;0;0;0;0;0;0;0;0;0;0;0;2835;0;0;0;0;0;0;
41463;4770767;566870016;42102784;515682304;0;0;0;0;0;0;0;0;0;0;0;2635;0;0;0;0;0;0;
41464;2718599;566870016;42102784;515682304;0;0;0;0;0;0;0;0;0;0;0;2875;0;0;0;0;0;0;
41465;4669207;566870016;42102784;515682304;0;0;0;0;0;0;0;0;0;0;0;2475;0;0;0;0;0;0;
41466;2687670;566870016;42102784;515682304;0;0;0;0;0;0;0;0;0;0;0;2886;0;0;0;0;0;0;
41467;4685498;566870016;42102784;515682304;0;0;0;0;0;0;0;0;0;0;0;2645;0;0;0;0;0;0;
41468;2660910;566870016;42102784;515682304;0;0;0;0;0;0;0;0;0;0;0;2865;0;0;0;0;0;0;
41469;4676721;566870016;42102784;515682304;0;0;0;0;0;0;0;0;0;0;0;2915;0;0;0;0;0;0;
41470;2938852;566870016;42102784;515682304;0;0;0;0;0;0;0;0;0;0;0;3897;0;0;0;0;0;0;
41471;5064528;566870016;42102784;515682304;0;0;0;0;0;0;0;0;0;0;0;4158;0;0;0;0;0;0;
41472;3764119;566870016;42102784;515682304;0;0;0;0;0;0;0;0;0;0;0;3717;0;0;0;0;0;0;
41473;5081360;566870016;42102784;515682304;0;0;0;0;0;0;0;0;0;0;0;4148;0;0;0;0;0;0;
41474;2676049;566870016;42102784;515682304;0;0;0;0;0;0;0;0;0;0;0;2966;0;0;0;0;0;0;
41475;4739058;566870016;42102784;515682304;0;0;0;0;0;0;0;0;0;0;0;3026;0;0;0;0;0;0;
41476;2695215;566870016;42102784;515682304;0;0;0;0;0;0;0;0;0;0;0;3486;0;0;0;0;0;0;
41477;4713500;566870016;42102784;515682304;0;0;0;0;0;0;0;0;0;0;0;3346;0;0;0;0;0;0;
41478;2650410;566870016;42102784;515682304;0;0;0;0;0;0;0;0;0;0;0;3286;0;0;0;0;0;0;
41479;4727346;566870016;42102784;515682304;0;0;0;0;0;0;0;0;0;0;0;2735;0;0;0;0;0;0;
41480;2706817;566870016;42102784;515682304;0;0;0;0;0;0;0;0;0;0;0;3025;0;0;0;0;0;0;
41481;4685327;566870016;42102784;515682304;0;0;0;0;0;0;0;0;0;0;0;2805;0;0;0;0;0;0;
41482;2808778;566870016;42102784;515682304;0;0;0;0;0;0;0;0;0;0;0;2945;0;0;0;0;0;0;
41483;4721334;566870016;42102784;515682304;0;0;0;0;0;0;0;0;0;0;0;3056;0;0;0;0;0;0;
41484;2629842;566870016;42102784;515682304;0;0;0;0;0;0;0;0;0;0;0;2826;0;0;0;0;0;0;
41485;4735471;566870016;42102784;515682304;0;0;0;0;0;0;0;0;0;0;0;3206;0;0;0;0;0;0;
41486;2683132;566870016;42102784;515682304;0;0;0;0;0;0;0;0;0;0;0;3266;0;0;0;0;0;0;
41487;4664608;566870016;42102784;515682304;0;0;0;0;0;0;0;0;0;0;0;3036;0;0;0;0;0;0;
41488;2838393;566870016;42102784;515682304;0;0;0;0;0;0;0;0;0;0;0;2805;0;0;0;0;0;0;
41489;4665990;566870016;42102784;515682304;0;0;0;0;0;0;0;0;0;0;0;2434;0;0;0;0;0;0;
41490;2711205;566870016;42102784;515682304;0;0;0;0;0;0;0;0;0;0;0;3156;0;0;0;0;0;0;
41491;4657865;566870016;42102784;515682304;0;0;0;0;0;0;0;0;0;0;0;2515;0;0;0;0;0;0;
41492;2698420;566870016;42102784;515682304;0;0;0;0;0;0;0;0;0;0;0;2945;0;0;0;0;0;0;
41493;4669587;566870016;42102784;515682304;0;0;0;0;0;0;0;0;0;0;0;3256;0;0;0;0;0;0;
41494;2836480;566870016;42102784;515682304;0;0;0;0;0;0;0;0;0;0;0;3056;0;0;0;0;0;0;
41495;4649429;566870016;42102784;515682304;0;0;0;0;0;0;0;0;0;0;0;2274;0;0;0;0;0;0;
41496;2754565;566870016;42102784;515682304;0;0;0;0;0;0;0;0;0;0;0;3166;0;0;0;0;0;0;
41497;4660801;566870016;42102784;515682304;0;0;0;0;0;0;0;0;0;0;0;3015;0;0;0;0;0;0;
41498;2920728;566870016;42102784;515682304;0;0;0;0;0;0;0;0;0;0;0;3086;0;0;0;0;0;0;
41499;4684966;566870016;42102784;515682304;0;0;0;0;0;0;0;0;0;0;0;2384;0;0;0;0;0;0;
41500;2715242;566870016;42102784;515682304;0;0;0;0;0;0;0;0;0;0;0;2895;0;0;0;0;0;0;
41501;4758564;566870016;42102784;515682304;0;0;0;0;0;0;0;0;0;0;0;2985;0;0;0;0;0;0;
41502;2880943;566870016;42102784;515682304;0;0;0;0;0;0;0;0;0;0;0;3136;0;0;0;0;0;0;
41503;4637317;566870016;42102784;515682304;0;0;0;0;0;0;0;0;0;0;0;2805;0;0;0;0;0;0;
41504;2596669;566870016;42102784;515682304;0;0;0;0;0;0;0;0;0;0;0;3056;0;0;0;0;0;0;
41505;4788150;566870016;42102784;515682304;0;0;0;0;0;0;0;0;0;0;0;3366;0;0;0;0;0;0;
41506;3087000;566870016;42102784;515682304;0;0;0;0;0;0;0;0;0;0;0;3957;0;0;0;0;0;0;
41507;5063736;566870016;42102784;515682304;0;0;0;0;0;0;0;0;0;0;0;3818;0;0;0;0;0;0;
41508;3786071;566870016;42102784;515682304;0;0;0;0;0;0;0;0;0;0;0;3937;0;0;0;0;0;0;
41509;5101458;566870016;42102784;515682304;0;0;0;0;0;0;0;0;0;0;0;4178;0;0;0;0;0;0;
41510;3939137;566870016;42102784;515682304;0;0;0;0;0;0;0;0;0;0;0;3757;0;0;0;0;0;0;
41511;5122286;566870016;42102784;515682304;0;0;0;0;0;0;0;0;0;0;0;3647;0;0;0;0;0;0;
41512;2998633;566870016;42102784;515682304;0;0;0;0;0;0;0;0;0;0;0;3266;0;0;0;0;0;0;
41513;4837712;566870016;42102784;515682304;0;0;0;0;0;0;0;0;0;0;0;3516;0;0;0;0;0;0;
41514;2694272;566870016;42102784;515682304;0;0;0;0;0;0;0;0;0;0;0;3196;0;0;0;0;0;0;
41515;4762111;566870016;42102784;515682304;0;0;0;0;0;0;0;0;0;0;0;3367;0;0;0;0;0;0;
41516;3330666;566870016;42102784;515682304;0;0;0;0;0;0;0;0;0;0;0;3677;0;0;0;0;0;0;
41517;5221823;566870016;42102784;515682304;0;0;0;0;0;0;0;0;0;0;0;3938;0;0;0;0;0;0;
41518;3781462;566870016;42102784;515682304;0;0;0;0;0;0;0;0;0;0;0;3937;0;0;0;0;0;0;
41519;4986261;566870016;42102784;515682304;0;0;0;0;0;0;0;0;0;0;0;4068;0;0;0;0;0;0;
41520;3660956;566870016;42102784;515682304;0;0;0;0;0;0;0;0;0;0;0;3888;0;0;0;0;0;0;
41521;5110664;566870016;42102784;515682304;0;0;0;0;0;0;0;0;0;0;0;3737;0;0;0;0;0;0;
41522;3798794;566870016;42102784;515682304;0;0;0;0;0;0;0;0;0;0;0;3767;0;0;0;0;0;0;
41523;5007821;566870016;42102784;515682304;0;0;0;0;0;0;0;0;0;0;0;3406;0;0;0;0;0;0;
41524;3222103;566870016;42102784;515682304;0;0;0;0;0;0;0;0;0;0;0;2916;0;0;0;0;0;0;
41525;4781397;566870016;42102784;515682304;0;0;0;0;0;0;0;0;0;0;0;3015;0;0;0;0;0;0;
41526;2824668;566870016;42102784;515682304;0;0;0;0;0;0;0;0;0;0;0;3336;0;0;0;0;0;0;
41527;4706877;566870016;42102784;515682304;0;0;0;0;0;0;0;0;0;0;0;2995;0;0;0;0;0;0;
41528;2982934;566870016;42102784;515682304;0;0;0;0;0;0;0;0;0;0;0;3637;0;0;0;0;0;0;
41529;4815140;566870016;42102784;515682304;0;0;0;0;0;0;0;0;0;0;0;3106;0;0;0;0;0;0;
41530;2905909;566870016;42102784;515682304;0;0;0;0;0;0;0;0;0;0;0;3337;0;0;0;0;0;0;
41531;4822695;566870016;42102784;515682304;0;0;0;0;0;0;0;0;0;0;0;3577;0;0;0;0;0;0;
41532;3268710;566870016;42102784;515682304;0;0;0;0;0;0;0;0;0;0;0;3326;0;0;0;0;0;0;
41533;4939804;566870016;42102784;515682304;0;0;0;0;0;0;0;0;0;0;0;3226;0;0;0;0;0;0;
41534;2896442;566870016;42102784;515682304;0;0;0;0;0;0;0;0;0;0;0;3386;0;0;0;0;0;0;
41535;4757553;566870016;42102784;515682304;0;0;0;0;0;0;0;0;0;0;0;2926;0;0;0;0;0;0;
41536;2927460;566870016;42102784;515682304;0;0;0;0;0;0;0;0;0;0;0;3287;0;0;0;0;0;0;
41537;4813467;566870016;42102784;515682304;0;0;0;0;0;0;0;0;0;0;0;3346;0;0;0;0;0;0;
41538;2644108;566870016;42102784;515682304;0;0;0;0;0;0;0;0;0;0;0;3216;0;0;0;0;0;0;
41539;4737365;566870016;42102784;515682304;0;0;0;0;0;0;0;0;0;0;0;3166;0;0;0;0;0;0;
41540;2717196;566870016;42102784;515682304;0;0;0;0;0;0;0;0;0;0;0;3306;0;0;0;0;0;0;
41541;4742795;566870016;42102784;515682304;0;0;0;0;0;0;0;0;0;0;0;3506;0;0;0;0;0;0;
41542;2777639;566870016;42102784;515682304;0;0;0;0;0;0;0;0;0;0;0;3336;0;0;0;0;0;0;
41543;4684255;566870016;42102784;515682304;0;0;0;0;0;0;0;0;0;0;0;3026;0;0;0;0;0;0;
41544;2802385;566870016;42102784;515682304;0;0;0;0;0;0;0;0;0;0;0;3737;0;0;0;0;0;0;
41545;4773973;566870016;42102784;515682304;0;0;0;0;0;0;0;0;0;0;0;2846;0;0;0;0;0;0;
41546;2803077;566870016;42102784;515682304;0;0;0;0;0;0;0;0;0;0;0;3016;0;0;0;0;0;0;
41547;4892044;566870016;42102784;515682304;0;0;0;0;0;0;0;0;0;0;0;2695;0;0;0;0;0;0;
41548;3534669;566870016;42102784;515682304;0;0;0;0;0;0;0;0;0;0;0;3977;0;0;0;0;0;0;
41549;5045252;566870016;42102784;515682304;0;0;0;0;0;0;0;0;0;0;0;3807;0;0;0;0;0;0;
41550;3653021;566870016;42102784;515682304;0;0;0;0;0;0;0;0;0;0;0;3317;0;0;0;0;0;0;
41551;5218456;566870016;42102784;515682304;0;0;0;0;0;0;0;0;0;0;0;3957;0;0;0;0;0;0;
41552;3982189;566870016;42102784;515682304;0;0;0;0;0;0;0;0;0;0;0;4138;0;0;0;0;0;0;
41553;5130091;566870016;42102784;515682304;0;0;0;0;0;0;0;0;0;0;0;4158;0;0;0;0;0;0;
41554;3961881;566870016;42102784;515682304;0;0;0;0;0;0;0;0;0;0;0;4038;0;0;0;0;0;0;
41555;5015547;566870016;42102784;515682304;0;0;0;0;0;0;0;0;0;0;0;4088;0;0;0;0;0;0;
41556;4120237;566870016;42102784;515682304;0;0;0;0;0;0;0;0;0;0;0;4128;0;0;0;0;0;0;
41557;4959982;566870016;42102784;515682304;0;0;0;0;0;0;0;0;0;0;0;3947;0;0;0;0;0;0;
41558;4029798;566870016;42102784;515682304;0;0;0;0;0;0;0;0;0;0;0;4168;0;0;0;0;0;0;
41559;5044059;566870016;42102784;515682304;0;0;0;0;0;0;0;0;0;0;0;4128;0;0;0;0;0;0;
41560;3912878;566870016;42102784;515682304;0;0;0;0;0;0;0;0;0;0;0;4008;0;0;0;0;0;0;
41561;5141583;566870016;42102784;515682304;0;0;0;0;0;0;0;0;0;0;0;3827;0;0;0;0;0;0;
41562;4159771;566870016;42102784;515682304;0;0;0;0;0;0;0;0;0;0;0;4118;0;0;0;0;0;0;
41563;5196225;566870016;42102784;515682304;0;0;0;0;0;0;0;0;0;0;0;4359;0;0;0;0;0;0;
41564;3900995;566870016;42102784;515682304;0;0;0;0;0;0;0;0;0;0;0;4007;0;0;0;0;0;0;
41565;4910038;566870016;42102784;515682304;0;0;0;0;0;0;0;0;0;0;0;3366;0;0;0;0;0;0;
41566;3056372;566870016;42102784;515682304;0;0;0;0;0;0;0;0;0;0;0;4258;0;0;0;0;0;0;
41567;5035043;566870016;42102784;515682304;0;0;0;0;0;0;0;0;0;0;0;4408;0;0;0;0;0;0;
41568;3865520;566870016;42102784;515682304;0;0;0;0;0;0;0;0;0;0;0;3767;0;0;0;0;0;0;
41569;5081580;566870016;42102784;515682304;0;0;0;0;0;0;0;0;0;0;0;3938;0;0;0;0;0;0;
41570;3934910;566870016;42102784;515682304;0;0;0;0;0;0;0;0;0;0;0;3968;0;0;0;0;0;0;
41571;4998744;566870016;42102784;515682304;0;0;0;0;0;0;0;0;0;0;0;4138;0;0;0;0;0;0;
41572;3862934;566870016;42102784;515682304;0;0;0;0;0;0;0;0;0;0;0;4298;0;0;0;0;0;0;
41573;5127917;566870016;42102784;515682304;0;0;0;0;0;0;0;0;0;0;0;4137;0;0;0;0;0;0;
41574;3821096;566870016;42102784;515682304;0;0;0;0;0;0;0;0;0;0;0;4148;0;0;0;0;0;0;
41575;5016427;566870016;42102784;515682304;0;0;0;0;0;0;0;0;0;0;0;3898;0;0;0;0;0;0;
41576;3763047;566870016;42102784;515682304;0;0;0;0;0;0;0;0;0;0;0;4108;0;0;0;0;0;0;
41577;5060640;566870016;42102784;515682304;0;0;0;0;0;0;0;0;0;0;0;3767;0;0;0;0;0;0;
41578;3714506;566870016;42102784;515682304;0;0;0;0;0;0;0;0;0;0;0;4017;0;0;0;0;0;0;
41579;5062525;566870016;42102784;515682304;0;0;0;0;0;0;0;0;0;0;0;3918;0;0;0;0;0;0;
41580;3637512;566870016;42102784;515682304;0;0;0;0;0;0;0;0;0;0;0;3797;0;0;0;0;0;0;
41581;5041244;566870016;42102784;515682304;0;0;0;0;0;0;0;0;0;0;0;3997;0;0;0;0;0;0;
41582;3714106;566870016;42102784;515682304;0;0;0;0;0;0;0;0;0;0;0;4388;0;0;0;0;0;0;
41583;5119701;566870016;42102784;515682304;0;0;0;0;0;0;0;0;0;0;0;3887;0;0;0;0;0;0;
41584;3843498;566870016;42102784;515682304;0;0;0;0;0;0;0;0;0;0;0;3858;0;0;0;0;0;0;
41585;5097650;566870016;42102784;515682304;0;0;0;0;0;0;0;0;0;0;0;4188;0;0;0;0;0;0;
41586;3824482;566870016;42102784;515682304;0;0;0;0;0;0;0;0;0;0;0;4258;0;0;0;0;0;0;
41587;4949903;566870016;42102784;515682304;0;0;0;0;0;0;0;0;0;0;0;4098;0;0;0;0;0;0;
41588;3876931;566870016;42102784;515682304;0;0;0;0;0;0;0;0;0;0;0;4127;0;0;0;0;0;0;
41589;4969721;566870016;42102784;515682304;0;0;0;0;0;0;0;0;0;0;0;3627;0;0;0;0;0;0;
41590;3848307;566870016;42102784;515682304;0;0;0;0;0;0;0;0;0;0;0;3968;0;0;0;0;0;0;
41591;4885221;566870016;42102784;515682304;0;0;0;0;0;0;0;0;0;0;0;4338;0;0;0;0;0;0;
41592;3691162;566870016;42102784;515682304;0;0;0;0;0;0;0;0;0;0;0;3867;0;0;0;0;0;0;
41593;4854054;566870016;42102784;515682304;0;0;0;0;0;0;0;0;0;0;0;3727;0;0;0;0;0;0;
41594;3705860;566870016;42102784;515682304;0;0;0;0;0;0;0;0;0;0;0;3727;0;0;0;0;0;0;
41595;4922301;566870016;42102784;515682304;0;0;0;0;0;0;0;0;0;0;0;4128;0;0;0;0;0;0;
41596;3696302;566870016;42102784;515682304;0;0;0;0;0;0;0;0;0;0;0;4038;0;0;0;0;0;0;
41597;4899969;566870016;42102784;515682304;0;0;0;0;0;0;0;0;0;0;0;3817;0;0;0;0;0;0;
41598;3703516;566870016;42102784;515682304;0;0;0;0;0;0;0;0;0;0;0;3918;0;0;0;0;0;0;
41599;5022549;566870016;42102784;515682304;0;0;0;0;0;0;0;0;0;0;0;3817;0;0;0;0;0;0;
41600;3852966;566870016;42102784;515682304;0;0;0;0;0;0;0;0;0;0;0;4158;0;0;0;0;0;0;
41601;4979719;566870016;42102784;515682304;0;0;0;0;0;0;0;0;0;0;0;3787;0;0;0;0;0;0;
41602;3999611;566870016;42102784;515682304;0;0;0;0;0;0;0;0;0;0;0;3797;0;0;0;0;0;0;
41603;5031887;566870016;42102784;515682304;0;0;0;0;0;0;0;0;0;0;0;3777;0;0;0;0;0;0;
41604;3835052;566870016;42102784;515682304;0;0;0;0;0;0;0;0;0;0;0;3877;0;0;0;0;0;0;
41605;5087671;566870016;42102784;515682304;0;0;0;0;0;0;0;0;0;0;0;3737;0;0;0;0;0;0;
41606;3823400;566870016;42102784;515682304;0;0;0;0;0;0;0;0;0;0;0;4238;0;0;0;0;0;0;
41607;5075238;566870016;42102784;515682304;0;0;0;0;0;0;0;0;0;0;0;3446;0;0;0;0;0;0;
41608;3818752;566870016;42102784;515682304;0;0;0;0;0;0;0;0;0;0;0;3968;0;0;0;0;0;0;
41609;4980751;566870016;42102784;515682304;0;0;0;0;0;0;0;0;0;0;0;4328;0;0;0;0;0;0;
41610;3771323;566870016;42102784;515682304;0;0;0;0;0;0;0;0;0;0;0;4197;0;0;0;0;0;0;
41611;5057084;566870016;42102784;515682304;0;0;0;0;0;0;0;0;0;0;0;4007;0;0;0;0;0;0;
41612;2981552;566870016;42102784;515682304;0;0;0;0;0;0;0;0;0;0;0;4519;0;0;0;0;0;0;
41613;5257941;566870016;42102784;515682304;0;0;0;0;0;0;0;0;0;0;0;3807;0;0;0;0;0;0;
41614;3776613;566870016;42102784;515682304;0;0;0;0;0;0;0;0;0;0;0;3977;0;0;0;0;0;0;
41615;5095576;566870016;42102784;515682304;0;0;0;0;0;0;0;0;0;0;0;3677;0;0;0;0;0;0;
41616;3757827;566870016;42102784;515682304;0;0;0;0;0;0;0;0;0;0;0;3787;0;0;0;0;0;0;
41617;5099454;566870016;42102784;515682304;0;0;0;0;0;0;0;0;0;0;0;3557;0;0;0;0;0;0;
41618;3719936;566870016;42102784;515682304;0;0;0;0;0;0;0;0;0;0;0;3978;0;0;0;0;0;0;
41619;5189482;566870016;42102784;515682304;0;0;0;0;0;0;0;0;0;0;0;4198;0;0;0;0;0;0;
41620;3647821;566870016;42102784;515682304;0;0;0;0;0;0;0;0;0;0;0;4017;0;0;0;0;0;0;
41621;5038279;566870016;42102784;515682304;0;0;0;0;0;0;0;0;0;0;0;3416;0;0;0;0;0;0;
41622;3881359;566870016;42102784;515682304;0;0;0;0;0;0;0;0;0;0;0;4268;0;0;0;0;0;0;
41623;5003644;566870016;42102784;515682304;0;0;0;0;0;0;0;0;0;0;0;3878;0;0;0;0;0;0;
41624;3675052;566870016;42102784;515682304;0;0;0;0;0;0;0;0;0;0;0;4037;0;0;0;0;0;0;
41625;4931989;566870016;42102784;515682304;0;0;0;0;0;0;0;0;0;0;0;3857;0;0;0;0;0;0;
41626;3859609;566870016;42102784;515682304;0;0;0;0;0;0;0;0;0;0;0;3858;0;0;0;0;0;0;
41627;5183771;566870016;42110976;515690496;0;0;0;0;0;0;0;0;0;0;0;4008;0;0;0;0;0;0;
41628;3667849;566870016;42110976;515690496;0;0;0;0;0;0;0;0;0;0;0;2935;0;0;0;0;0;0;
41629;4701658;566870016;42110976;515690496;0;0;0;0;0;0;0;0;0;0;0;3206;0;0;0;0;0;0;
41630;3069156;566870016;42110976;515690496;0;0;0;0;0;0;0;0;0;0;0;2976;0;0;0;0;0;0;
41631;4672593;566870016;42110976;515690496;0;0;0;0;0;0;0;0;0;0;0;3356;0;0;0;0;0;0;
41632;2644319;566870016;42110976;515690496;0;0;0;0;0;0;0;0;0;0;0;3336;0;0;0;0;0;0;
41633;4725051;566870016;42110976;515690496;0;0;0;0;0;0;0;0;0;0;0;2846;0;0;0;0;0;0;
41634;2827132;566931456;42102784;515682304;0;0;0;0;0;0;0;0;0;0;0;3307;0;0;0;0;0;0;
41635;4669287;566931456;42102784;515682304;0;0;0;0;0;0;0;0;0;0;0;2825;0;0;0;0;0;0;
41636;2781437;566931456;42102784;515682304;0;0;0;0;0;0;0;0;0;0;0;3256;0;0;0;0;0;0;
41637;4723368;566931456;42102784;515682304;0;0;0;0;0;0;0;0;0;0;0;3055;0;0;0;0;0;0;
41638;2773862;566931456;42102784;515682304;0;0;0;0;0;0;0;0;0;0;0;3046;0;0;0;0;0;0;
41639;4725141;566931456;42102784;515682304;0;0;0;0;0;0;0;0;0;0;0;3015;0;0;0;0;0;0;
41640;2711576;566931456;42102784;515682304;0;0;0;0;0;0;0;0;0;0;0;4579;0;0;0;0;0;0;
41641;4810181;566931456;42102784;515682304;0;0;0;0;0;0;0;0;0;0;0;3196;0;0;0;0;0;0;
41642;2600146;566931456;42102784;515682304;0;0;0;0;0;0;0;0;0;0;0;3116;0;0;0;0;0;0;
41643;4656543;566931456;42102784;515682304;0;0;0;0;0;0;0;0;0;0;0;3416;0;0;0;0;0;0;
41644;2752442;566931456;42102784;515682304;0;0;0;0;0;0;0;0;0;0;0;3166;0;0;0;0;0;0;
41645;4718820;566931456;42102784;515682304;0;0;0;0;0;0;0;0;0;0;0;2635;0;0;0;0;0;0;
41646;2678694;566931456;42102784;515682304;0;0;0;0;0;0;0;0;0;0;0;3066;0;0;0;0;0;0;
41647;4677171;566931456;42102784;515682304;0;0;0;0;0;0;0;0;0;0;0;3126;0;0;0;0;0;0;
41648;2816202;566931456;42102784;515682304;0;0;0;0;0;0;0;0;0;0;0;4258;0;0;0;0;0;0;
41649;5024723;566931456;42102784;515682304;0;0;0;0;0;0;0;0;0;0;0;3767;0;0;0;0;0;0;
41650;3846734;566931456;42102784;515682304;0;0;0;0;0;0;0;0;0;0;0;3567;0;0;0;0;0;0;
41651;5063366;566931456;42102784;515682304;0;0;0;0;0;0;0;0;0;0;0;3236;0;0;0;0;0;0;
41652;3752767;566931456;42102784;515682304;0;0;0;0;0;0;0;0;0;0;0;3546;0;0;0;0;0;0;
41653;5160648;566931456;42102784;515682304;0;0;0;0;0;0;0;0;0;0;0;3576;0;0;0;0;0;0;
41654;3759821;566931456;42102784;515682304;0;0;0;0;0;0;0;0;0;0;0;4028;0;0;0;0;0;0;
41655;5007190;566931456;42102784;515682304;0;0;0;0;0;0;0;0;0;0;0;3798;0;0;0;0;0;0;
41656;3764990;566931456;42102784;515682304;0;0;0;0;0;0;0;0;0;0;0;4598;0;0;0;0;0;0;
41657;4988726;566931456;42102784;515682304;0;0;0;0;0;0;0;0;0;0;0;3957;0;0;0;0;0;0;
41658;3865529;566931456;42102784;515682304;0;0;0;0;0;0;0;0;0;0;0;3297;0;0;0;0;0;0;
41659;4976423;566931456;42102784;515682304;0;0;0;0;0;0;0;0;0;0;0;3367;0;0;0;0;0;0;
41660;4012054;566931456;42102784;515682304;0;0;0;0;0;0;0;0;0;0;0;4047;0;0;0;0;0;0;
41661;5007251;566931456;42102784;515682304;0;0;0;0;0;0;0;0;0;0;0;3446;0;0;0;0;0;0;
41662;3913699;566931456;42102784;515682304;0;0;0;0;0;0;0;0;0;0;0;3777;0;0;0;0;0;0;
41663;5185014;566931456;42102784;515682304;0;0;0;0;0;0;0;0;0;0;0;3957;0;0;0;0;0;0;
41664;3797421;566931456;42102784;515682304;0;0;0;0;0;0;0;0;0;0;0;3717;0;0;0;0;0;0;
41665;5053567;566931456;42102784;515682304;0;0;0;0;0;0;0;0;0;0;0;3727;0;0;0;0;0;0;
41666;3827739;566931456;42102784;515682304;0;0;0;0;0;0;0;0;0;0;0;3948;0;0;0;0;0;0;
41667;5187299;566931456;42102784;515682304;0;0;0;0;0;0;0;0;0;0;0;4017;0;0;0;0;0;0;
41668;3783275;566931456;42102784;515682304;0;0;0;0;0;0;0;0;0;0;0;4037;0;0;0;0;0;0;
41669;5037437;566931456;42102784;515682304;0;0;0;0;0;0;0;0;0;0;0;4008;0;0;0;0;0;0;
41670;4049174;566931456;42102784;515682304;0;0;0;0;0;0;0;0;0;0;0;4348;0;0;0;0;0;0;
41671;5159046;566931456;42102784;515682304;0;0;0;0;0;0;0;0;0;0;0;3657;0;0;0;0;0;0;
41672;3714877;566931456;42102784;515682304;0;0;0;0;0;0;0;0;0;0;0;3516;0;0;0;0;0;0;
41673;5005938;566931456;42102784;515682304;0;0;0;0;0;0;0;0;0;0;0;4439;0;0;0;0;0;0;
41674;3926895;566931456;42102784;515682304;0;0;0;0;0;0;0;0;0;0;0;4749;0;0;0;0;0;0;
41675;5117637;566931456;42102784;515682304;0;0;0;0;0;0;0;0;0;0;0;4528;0;0;0;0;0;0;
41676;3808112;566931456;42102784;515682304;0;0;0;0;0;0;0;0;0;0;0;4328;0;0;0;0;0;0;
41677;4986020;566931456;42102784;515682304;0;0;0;0;0;0;0;0;0;0;0;4078;0;0;0;0;0;0;
41678;3724796;566931456;42102784;515682304;0;0;0;0;0;0;0;0;0;0;0;3366;0;0;0;0;0;0;
41679;4998113;566931456;42102784;515682304;0;0;0;0;0;0;0;0;0;0;0;3156;0;0;0;0;0;0;
41680;8980552;566931456;42102784;515682304;0;0;0;0;0;0;0;0;0;0;0;4789;0;0;0;0;0;0;
41681;5331489;566931456;42102784;515682304;0;0;0;0;0;0;0;0;0;0;0;3126;0;0;0;0;0;0;
41682;2766368;566931456;42102784;515682304;0;0;0;0;0;0;0;0;0;0;0;3146;0;0;0;0;0;0;
41683;4741643;566931456;42102784;515682304;0;0;0;0;0;0;0;0;0;0;0;2906;0;0;0;0;0;0;
41684;2655360;566931456;42102784;515682304;0;0;0;0;0;0;0;0;0;0;0;3537;0;0;0;0;0;0;
41685;4794371;566931456;42102784;515682304;0;0;0;0;0;0;0;0;0;0;0;3386;0;0;0;0;0;0;
41686;2689504;566931456;42102784;515682304;0;0;0;0;0;0;0;0;0;0;0;3196;0;0;0;0;0;0;
41687;4717246;566931456;42102784;515682304;0;0;0;0;0;0;0;0;0;0;0;3065;0;0;0;0;0;0;
41688;2670127;566931456;42102784;515682304;0;0;0;0;0;0;0;0;0;0;0;3066;0;0;0;0;0;0;
41689;4811042;566931456;42102784;515682304;0;0;0;0;0;0;0;0;0;0;0;3336;0;0;0;0;0;0;
41690;2587953;566931456;42102784;515682304;0;0;0;0;0;0;0;0;0;0;0;3066;0;0;0;0;0;0;
41691;4848002;566931456;42102784;515682304;0;0;0;0;0;0;0;0;0;0;0;3016;0;0;0;0;0;0;
41692;2645612;566931456;42102784;515682304;0;0;0;0;0;0;0;0;0;0;0;3256;0;0;0;0;0;0;
41693;4919335;566931456;42102784;515682304;0;0;0;0;0;0;0;0;0;0;0;3566;0;0;0;0;0;0;
41694;2600788;566931456;42102784;515682304;0;0;0;0;0;0;0;0;0;0;0;3005;0;0;0;0;0;0;
41695;4747293;566931456;42102784;515682304;0;0;0;0;0;0;0;0;0;0;0;3066;0;0;0;0;0;0;
41696;2751350;566931456;42102784;515682304;0;0;0;0;0;0;0;0;0;0;0;3016;0;0;0;0;0;0;
41697;4680458;566931456;42102784;515682304;0;0;0;0;0;0;0;0;0;0;0;3076;0;0;0;0;0;0;
41698;2769133;566931456;42102784;515682304;0;0;0;0;0;0;0;0;0;0;0;3577;0;0;0;0;0;0;
41699;4700626;566931456;42102784;515682304;0;0;0;0;0;0;0;0;0;0;0;3116;0;0;0;0;0;0;
41700;2759495;566931456;42102784;515682304;0;0;0;0;0;0;0;0;0;0;0;3838;0;0;0;0;0;0;
41701;4772680;566931456;42102784;515682304;0;0;0;0;0;0;0;0;0;0;0;3496;0;0;0;0;0;0;
41702;2733857;566931456;42102784;515682304;0;0;0;0;0;0;0;0;0;0;0;3206;0;0;0;0;0;0;
41703;4753074;566931456;42102784;515682304;0;0;0;0;0;0;0;0;0;0;0;3527;0;0;0;0;0;0;
41704;2849854;566931456;42102784;515682304;0;0;0;0;0;0;0;0;0;0;0;3867;0;0;0;0;0;0;
41705;4611177;566931456;42102784;515682304;0;0;0;0;0;0;0;0;0;0;0;3066;0;0;0;0;0;0;
41706;2703921;566931456;42102784;515682304;0;0;0;0;0;0;0;0;0;0;0;3076;0;0;0;0;0;0;
41707;4627399;566931456;42102784;515682304;0;0;0;0;0;0;0;0;0;0;0;3216;0;0;0;0;0;0;
41708;2594095;566931456;42102784;515682304;0;0;0;0;0;0;0;0;0;0;0;3045;0;0;0;0;0;0;
41709;4626376;566931456;42102784;515682304;0;0;0;0;0;0;0;0;0;0;0;2856;0;0;0;0;0;0;
41710;2759866;566931456;42102784;515682304;0;0;0;0;0;0;0;0;0;0;0;2916;0;0;0;0;0;0;
41711;4712809;566931456;42102784;515682304;0;0;0;0;0;0;0;0;0;0;0;2956;0;0;0;0;0;0;
41712;2727746;566931456;42102784;515682304;0;0;0;0;0;0;0;0;0;0;0;11071;0;0;0;0;0;0;
41713;4667553;566931456;42102784;515682304;0;0;0;0;0;0;0;0;0;0;0;3106;0;0;0;0;0;0;
41714;2803207;566931456;42102784;515682304;0;0;0;0;0;0;0;0;0;0;0;3106;0;0;0;0;0;0;
41715;4739007;566931456;42102784;515682304;0;0;0;0;0;0;0;0;0;0;0;2775;0;0;0;0;0;0;
41716;2578024;566931456;42102784;515682304;0;0;0;0;0;0;0;0;0;0;0;3637;0;0;0;0;0;0;
41717;4750309;566931456;42102784;515682304;0;0;0;0;0;0;0;0;0;0;0;2705;0;0;0;0;0;0;
41718;2518253;566931456;42102784;515682304;0;0;0;0;0;0;0;0;0;0;0;3016;0;0;0;0;0;0;
41719;4903857;566931456;42102784;515682304;0;0;0;0;0;0;0;0;0;0;0;3256;0;0;0;0;0;0;
41720;2634140;566931456;42102784;515682304;0;0;0;0;0;0;0;0;0;0;0;3066;0;0;0;0;0;0;
41721;4676490;566931456;42102784;515682304;0;0;0;0;0;0;0;0;0;0;0;3086;0;0;0;0;0;0;
41722;2566273;566931456;42102784;515682304;0;0;0;0;0;0;0;0;0;0;0;2976;0;0;0;0;0;0;
41723;4700977;566931456;42102784;515682304;0;0;0;0;0;0;0;0;0;0;0;2986;0;0;0;0;0;0;
41724;2650801;566931456;42102784;515682304;0;0;0;0;0;0;0;0;0;0;0;3086;0;0;0;0;0;0;
41725;4974990;566931456;42102784;515682304;0;0;0;0;0;0;0;0;0;0;0;3246;0;0;0;0;0;0;
41726;3414634;566931456;42102784;515682304;0;0;0;0;0;0;0;0;0;0;0;3847;0;0;0;0;0;0;
41727;5146592;566931456;42102784;515682304;0;0;0;0;0;0;0;0;0;0;0;4158;0;0;0;0;0;0;
41728;3763057;566931456;42102784;515682304;0;0;0;0;0;0;0;0;0;0;0;3737;0;0;0;0;0;0;
41729;5009665;566931456;42102784;515682304;0;0;0;0;0;0;0;0;0;0;0;4228;0;0;0;0;0;0;
41730;3776031;566931456;42102784;515682304;0;0;0;0;0;0;0;0;0;0;0;4058;0;0;0;0;0;0;
41731;5047255;566931456;42102784;515682304;0;0;0;0;0;0;0;0;0;0;0;3777;0;0;0;0;0;0;
41732;3783044;566931456;42102784;515682304;0;0;0;0;0;0;0;0;0;0;0;4448;0;0;0;0;0;0;
41733;5086950;566931456;42102784;515682304;0;0;0;0;0;0;0;0;0;0;0;3377;0;0;0;0;0;0;
41734;3754982;566931456;42102784;515682304;0;0;0;0;0;0;0;0;0;0;0;3938;0;0;0;0;0;0;
41735;4940806;566931456;42102784;515682304;0;0;0;0;0;0;0;0;0;0;0;3967;0;0;0;0;0;0;
41736;3783015;566931456;42102784;515682304;0;0;0;0;0;0;0;0;0;0;0;3747;0;0;0;0;0;0;
41737;5097910;566931456;42102784;515682304;0;0;0;0;0;0;0;0;0;0;0;3737;0;0;0;0;0;0;
41738;3705950;566931456;42102784;515682304;0;0;0;0;0;0;0;0;0;0;0;3807;0;0;0;0;0;0;
41739;4969760;566931456;42102784;515682304;0;0;0;0;0;0;0;0;0;0;0;4068;0;0;0;0;0;0;
41740;3713314;566931456;42102784;515682304;0;0;0;0;0;0;0;0;0;0;0;3917;0;0;0;0;0;0;
41741;5090457;566931456;42102784;515682304;0;0;0;0;0;0;0;0;0;0;0;4058;0;0;0;0;0;0;
41742;3714016;566931456;42102784;515682304;0;0;0;0;0;0;0;0;0;0;0;4708;0;0;0;0;0;0;
41743;5028921;566931456;42102784;515682304;0;0;0;0;0;0;0;0;0;0;0;3717;0;0;0;0;0;0;
41744;4060595;566931456;42102784;515682304;0;0;0;0;0;0;0;0;0;0;0;3757;0;0;0;0;0;0;
41745;4963999;566931456;42102784;515682304;0;0;0;0;0;0;0;0;0;0;0;3777;0;0;0;0;0;0;
41746;3832477;566931456;42102784;515682304;0;0;0;0;0;0;0;0;0;0;0;4007;0;0;0;0;0;0;
41747;5021888;566931456;42102784;515682304;0;0;0;0;0;0;0;0;0;0;0;3827;0;0;0;0;0;0;
41748;4051649;566931456;42102784;515682304;0;0;0;0;0;0;0;0;0;0;0;3837;0;0;0;0;0;0;
41749;5281395;566931456;42110976;515690496;0;0;0;0;0;0;0;0;0;0;0;4168;0;0;0;0;0;0;
41750;3746526;566931456;42110976;515690496;0;0;0;0;0;0;0;0;0;0;0;4688;0;0;0;0;0;0;
41751;4990629;566931456;42110976;515690496;0;0;0;0;0;0;0;0;0;0;0;4268;0;0;0;0;0;0;
41752;3925532;566931456;42110976;515690496;0;0;0;0;0;0;0;0;0;0;0;4017;0;0;0;0;0;0;
41753;4950324;566931456;42110976;515690496;0;0;0;0;0;0;0;0;0;0;0;3266;0;0;0;0;0;0;
41754;3810256;566931456;42110976;515690496;0;0;0;0;0;0;0;0;0;0;0;4278;0;0;0;0;0;0;
41755;4985560;566931456;42110976;515690496;0;0;0;0;0;0;0;0;0;0;0;3767;0;0;0;0;0;0;
41756;3868996;566951936;42102784;515682304;0;0;0;0;0;0;0;0;0;0;0;4288;0;0;0;0;0;0;
41757;4924124;566951936;42102784;515682304;0;0;0;0;0;0;0;0;0;0;0;4298;0;0;0;0;0;0;
41758;3772786;566951936;42102784;515682304;0;0;0;0;0;0;0;0;0;0;0;3847;0;0;0;0;0;0;
41759;5013272;566951936;42102784;515682304;0;0;0;0;0;0;0;0;0;0;0;4118;0;0;0;0;0;0;
41760;3907438;566951936;42102784;515682304;0;0;0;0;0;0;0;0;0;0;0;4158;0;0;0;0;0;0;
41761;5258551;566951936;42102784;515682304;0;0;0;0;0;0;0;0;0;0;0;27001;0;0;0;0;0;0;
41762;3876009;566951936;42102784;515682304;0;0;0;0;0;0;0;0;0;0;0;4128;0;0;0;0;0;0;
41763;5165928;566951936;42102784;515682304;0;0;0;0;0;0;0;0;0;0;0;4268;0;0;0;0;0;0;
41764;3954276;566951936;42102784;515682304;0;0;0;0;0;0;0;0;0;0;0;4489;0;0;0;0;0;0;
41765;5188150;566951936;42102784;515682304;0;0;0;0;0;0;0;0;0;0;0;4358;0;0;0;0;0;0;
41766;3929169;566951936;42102784;515682304;0;0;0;0;0;0;0;0;0;0;0;3777;0;0;0;0;0;0;
41767;5048758;566951936;42102784;515682304;0;0;0;0;0;0;0;0;0;0;0;3957;0;0;0;0;0;0;
41768;3797842;566951936;42102784;515682304;0;0;0;0;0;0;0;0;0;0;0;3557;0;0;0;0;0;0;
41769;5012100;566951936;42102784;515682304;0;0;0;0;0;0;0;0;0;0;0;3537;0;0;0;0;0;0;
41770;3539608;566951936;42102784;515682304;0;0;0;0;0;0;0;0;0;0;0;3386;0;0;0;0;0;0;
41771;4809750;566951936;42102784;515682304;0;0;0;0;0;0;0;0;0;0;0;2785;0;0;0;0;0;0;
41772;3446453;566951936;42102784;515682304;0;0;0;0;0;0;0;0;0;0;0;3868;0;0;0;0;0;0;
41773;4959431;566951936;42102784;515682304;0;0;0;0;0;0;0;0;0;0;0;3667;0;0;0;0;0;0;
41774;3842426;566951936;42102784;515682304;0;0;0;0;0;0;0;0;0;0;0;4408;0;0;0;0;0;0;
41775;5038620;566951936;42102784;515682304;0;0;0;0;0;0;0;0;0;0;0;4158;0;0;0;0;0;0;
41776;3853637;566951936;42102784;515682304;0;0;0;0;0;0;0;0;0;0;0;3877;0;0;0;0;0;0;
41777;5120713;566951936;42102784;515682304;0;0;0;0;0;0;0;0;0;0;0;3818;0;0;0;0;0;0;
41778;4315864;566951936;42102784;515682304;0;0;0;0;0;0;0;0;0;0;0;3837;0;0;0;0;0;0;
41779;4941878;566951936;42102784;515682304;0;0;0;0;0;0;0;0;0;0;0;4308;0;0;0;0;0;0;
41780;3766774;566951936;42102784;515682304;0;0;0;0;0;0;0;0;0;0;0;3907;0;0;0;0;0;0;
41781;5017279;566951936;42102784;515682304;0;0;0;0;0;0;0;0;0;0;0;3998;0;0;0;0;0;0;
41782;3913179;566951936;42102784;515682304;0;0;0;0;0;0;0;0;0;0;0;4068;0;0;0;0;0;0;
41783;5071611;566951936;42102784;515682304;0;0;0;0;0;0;0;0;0;0;0;3656;0;0;0;0;0;0;
41784;4067579;566951936;42102784;515682304;0;0;0;0;0;0;0;0;0;0;0;3958;0;0;0;0;0;0;
41785;5128057;566951936;42102784;515682304;0;0;0;0;0;0;0;0;0;0;0;3656;0;0;0;0;0;0;
41786;3858987;566951936;42102784;515682304;0;0;0;0;0;0;0;0;0;0;0;3727;0;0;0;0;0;0;
41787;4965242;566951936;42102784;515682304;0;0;0;0;0;0;0;0;0;0;0;3527;0;0;0;0;0;0;
41788;3813482;566951936;42102784;515682304;0;0;0;0;0;0;0;0;0;0;0;3928;0;0;0;0;0;0;
41789;5009725;566951936;42102784;515682304;0;0;0;0;0;0;0;0;0;0;0;4438;0;0;0;0;0;0;
41790;3876310;566951936;42102784;515682304;0;0;0;0;0;0;0;0;0;0;0;4738;0;0;0;0;0;0;
41791;4961545;566951936;42102784;515682304;0;0;0;0;0;0;0;0;0;0;0;3917;0;0;0;0;0;0;
41792;3879746;566951936;42102784;515682304;0;0;0;0;0;0;0;0;0;0;0;4378;0;0;0;0;0;0;
41793;5166619;566951936;42102784;515682304;0;0;0;0;0;0;0;0;0;0;0;3567;0;0;0;0;0;0;
41794;3765151;566951936;42102784;515682304;0;0;0;0;0;0;0;0;0;0;0;3687;0;0;0;0;0;0;
41795;5019994;566951936;42102784;515682304;0;0;0;0;0;0;0;0;0;0;0;3667;0;0;0;0;0;0;
41796;3704608;566951936;42102784;515682304;0;0;0;0;0;0;0;0;0;0;0;3967;0;0;0;0;0;0;
41797;5049619;566951936;42102784;515682304;0;0;0;0;0;0;0;0;0;0;0;3537;0;0;0;0;0;0;
41798;3926143;566951936;42102784;515682304;0;0;0;0;0;0;0;0;0;0;0;4037;0;0;0;0;0;0;
41799;5042156;566951936;42102784;515682304;0;0;0;0;0;0;0;0;0;0;0;3927;0;0;0;0;0;0;
41800;3836425;566951936;42102784;515682304;0;0;0;0;0;0;0;0;0;0;0;4077;0;0;0;0;0;0;
41801;5011248;566951936;42102784;515682304;0;0;0;0;0;0;0;0;0;0;0;4018;0;0;0;0;0;0;
41802;3688247;566951936;42102784;515682304;0;0;0;0;0;0;0;0;0;0;0;3998;0;0;0;0;0;0;
41803;4999937;566951936;42102784;515682304;0;0;0;0;0;0;0;0;0;0;0;3677;0;0;0;0;0;0;
41804;3634947;566951936;42102784;515682304;0;0;0;0;0;0;0;0;0;0;0;4268;0;0;0;0;0;0;
41805;5090718;566951936;42102784;515682304;0;0;0;0;0;0;0;0;0;0;0;4318;0;0;0;0;0;0;
41806;3736146;566951936;42102784;515682304;0;0;0;0;0;0;0;0;0;0;0;4248;0;0;0;0;0;0;
41807;5043789;566951936;42102784;515682304;0;0;0;0;0;0;0;0;0;0;0;4378;0;0;0;0;0;0;
41808;3767215;566951936;42102784;515682304;0;0;0;0;0;0;0;0;0;0;0;3737;0;0;0;0;0;0;
41809;5217024;566951936;42102784;515682304;0;0;0;0;0;0;0;0;0;0;0;3727;0;0;0;0;0;0;
41810;3844720;566951936;42102784;515682304;0;0;0;0;0;0;0;0;0;0;0;4108;0;0;0;0;0;0;
41811;5081339;566951936;42102784;515682304;0;0;0;0;0;0;0;0;0;0;0;4548;0;0;0;0;0;0;
41812;3788725;566951936;42102784;515682304;0;0;0;0;0;0;0;0;0;0;0;4178;0;0;0;0;0;0;
41813;4981693;566951936;42102784;515682304;0;0;0;0;0;0;0;0;0;0;0;4349;0;0;0;0;0;0;
41814;3750303;566951936;42102784;515682304;0;0;0;0;0;0;0;0;0;0;0;4678;0;0;0;0;0;0;
41815;4965543;566951936;42102784;515682304;0;0;0;0;0;0;0;0;0;0;0;3968;0;0;0;0;0;0;
41816;3821837;566951936;42102784;515682304;0;0;0;0;0;0;0;0;0;0;0;3958;0;0;0;0;0;0;
41817;5233906;566951936;42102784;515682304;0;0;0;0;0;0;0;0;0;0;0;3306;0;0;0;0;0;0;
41818;3716901;566951936;42102784;515682304;0;0;0;0;0;0;0;0;0;0;0;3697;0;0;0;0;0;0;
41819;5025736;566951936;42102784;515682304;0;0;0;0;0;0;0;0;0;0;0;4258;0;0;0;0;0;0;
41820;3911726;566951936;42102784;515682304;0;0;0;0;0;0;0;0;0;0;0;3868;0;0;0;0;0;0;
41821;4998794;566951936;42102784;515682304;0;0;0;0;0;0;0;0;0;0;0;3837;0;0;0;0;0;0;
41822;3974123;566951936;42102784;515682304;0;0;0;0;0;0;0;0;0;0;0;4248;0;0;0;0;0;0;
41823;5175696;566951936;42102784;515682304;0;0;0;0;0;0;0;0;0;0;0;3677;0;0;0;0;0;0;
41824;4018426;566951936;42102784;515682304;0;0;0;0;0;0;0;0;0;0;0;4839;0;0;0;0;0;0;
41825;5026457;566951936;42102784;515682304;0;0;0;0;0;0;0;0;0;0;0;4218;0;0;0;0;0;0;
41826;4012104;566951936;42102784;515682304;0;0;0;0;0;0;0;0;0;0;0;4278;0;0;0;0;0;0;
41827;4944583;566951936;42102784;515682304;0;0;0;0;0;0;0;0;0;0;0;3968;0;0;0;0;0;0;
41828;3848297;566951936;42102784;515682304;0;0;0;0;0;0;0;0;0;0;0;4178;0;0;0;0;0;0;
41829;5041465;566951936;42102784;515682304;0;0;0;0;0;0;0;0;0;0;0;4017;0;0;0;0;0;0;
41830;3782734;566951936;42102784;515682304;0;0;0;0;0;0;0;0;0;0;0;4399;0;0;0;0;0;0;
41831;5069397;566951936;42102784;515682304;0;0;0;0;0;0;0;0;0;0;0;3827;0;0;0;0;0;0;
41832;3769780;566951936;42102784;515682304;0;0;0;0;0;0;0;0;0;0;0;4689;0;0;0;0;0;0;
41833;5011017;566951936;42102784;515682304;0;0;0;0;0;0;0;0;0;0;0;4448;0;0;0;0;0;0;
41834;3771122;566951936;42102784;515682304;0;0;0;0;0;0;0;0;0;0;0;4238;0;0;0;0;0;0;
41835;5001930;566951936;42102784;515682304;0;0;0;0;0;0;0;0;0;0;0;4097;0;0;0;0;0;0;
41836;3824613;566951936;42102784;515682304;0;0;0;0;0;0;0;0;0;0;0;4349;0;0;0;0;0;0;
41837;5019263;566951936;42102784;515682304;0;0;0;0;0;0;0;0;0;0;0;3987;0;0;0;0;0;0;
41838;3765231;566951936;42102784;515682304;0;0;0;0;0;0;0;0;0;0;0;3857;0;0;0;0;0;0;
41839;5151711;566951936;42102784;515682304;0;0;0;0;0;0;0;0;0;0;0;3817;0;0;0;0;0;0;
41840;2944232;566951936;42102784;515682304;0;0;0;0;0;0;0;0;0;0;0;3046;0;0;0;0;0;0;
41841;4815832;566951936;42102784;515682304;0;0;0;0;0;0;0;0;0;0;0;3136;0;0;0;0;0;0;
41842;2945815;566951936;42102784;515682304;0;0;0;0;0;0;0;0;0;0;0;3346;0;0;0;0;0;0;
41843;4764806;566951936;42102784;515682304;0;0;0;0;0;0;0;0;0;0;0;3056;0;0;0;0;0;0;
41844;2667633;566951936;42102784;515682304;0;0;0;0;0;0;0;0;0;0;0;2825;0;0;0;0;0;0;
41845;4852410;566951936;42102784;515682304;0;0;0;0;0;0;0;0;0;0;0;2946;0;0;0;0;0;0;
41846;2752301;566951936;42102784;515682304;0;0;0;0;0;0;0;0;0;0;0;3296;0;0;0;0;0;0;
41847;4869352;566951936;42102784;515682304;0;0;0;0;0;0;0;0;0;0;0;3086;0;0;0;0;0;0;
41848;2733998;566951936;42102784;515682304;0;0;0;0;0;0;0;0;0;0;0;3176;0;0;0;0;0;0;
41849;4794842;566951936;42102784;515682304;0;0;0;0;0;0;0;0;0;0;0;3186;0;0;0;0;0;0;
41850;3547674;566951936;42102784;515682304;0;0;0;0;0;0;0;0;0;0;0;4178;0;0;0;0;0;0;
41851;5028330;566951936;42102784;515682304;0;0;0;0;0;0;0;0;0;0;0;4469;0;0;0;0;0;0;
41852;4123673;566951936;42102784;515682304;0;0;0;0;0;0;0;0;0;0;0;3887;0;0;0;0;0;0;
41853;4884570;566951936;42102784;515682304;0;0;0;0;0;0;0;0;0;0;0;4097;0;0;0;0;0;0;
41854;3962632;566951936;42102784;515682304;0;0;0;0;0;0;0;0;0;0;0;4459;0;0;0;0;0;0;
41855;4968668;566951936;42102784;515682304;0;0;0;0;0;0;0;0;0;0;0;3887;0;0;0;0;0;0;
41856;3610831;566951936;42102784;515682304;0;0;0;0;0;0;0;0;0;0;0;3316;0;0;0;0;0;0;
41857;4752272;566951936;42102784;515682304;0;0;0;0;0;0;0;0;0;0;0;2845;0;0;0;0;0;0;
41858;2813336;566951936;42102784;515682304;0;0;0;0;0;0;0;0;0;0;0;3146;0;0;0;0;0;0;
41859;4784803;566951936;42102784;515682304;0;0;0;0;0;0;0;0;0;0;0;3416;0;0;0;0;0;0;
41860;3280222;566951936;42102784;515682304;0;0;0;0;0;0;0;0;0;0;0;3376;0;0;0;0;0;0;
41861;4994787;566951936;42102784;515682304;0;0;0;0;0;0;0;0;0;0;0;3206;0;0;0;0;0;0;
41862;3154386;566951936;42102784;515682304;0;0;0;0;0;0;0;0;0;0;0;3066;0;0;0;0;0;0;
41863;5235899;566951936;42102784;515682304;0;0;0;0;0;0;0;0;0;0;0;4449;0;0;0;0;0;0;
41864;3178702;566951936;42102784;515682304;0;0;0;0;0;0;0;0;0;0;0;3747;0;0;0;0;0;0;
41865;5129881;566951936;42102784;515682304;0;0;0;0;0;0;0;0;0;0;0;4418;0;0;0;0;0;0;
41866;2978205;566951936;42102784;515682304;0;0;0;0;0;0;0;0;0;0;0;3377;0;0;0;0;0;0;
41867;5294539;566951936;42102784;515682304;0;0;0;0;0;0;0;0;0;0;0;3717;0;0;0;0;0;0;
41868;3065959;566951936;42102784;515682304;0;0;0;0;0;0;0;0;0;0;0;3116;0;0;0;0;0;0;
41869;4913935;566951936;42102784;515682304;0;0;0;0;0;0;0;0;0;0;0;3848;0;0;0;0;0;0;
41870;3241660;566951936;42102784;515682304;0;0;0;0;0;0;0;0;0;0;0;3287;0;0;0;0;0;0;
41871;4901181;566951936;42102784;515682304;0;0;0;0;0;0;0;0;0;0;0;3817;0;0;0;0;0;0;
41872;3472392;566951936;42102784;515682304;0;0;0;0;0;0;0;0;0;0;0;3096;0;0;0;0;0;0;
41873;4871065;566951936;42102784;515682304;0;0;0;0;0;0;0;0;0;0;0;3296;0;0;0;0;0;0;
41874;3204240;566951936;42102784;515682304;0;0;0;0;0;0;0;0;0;0;0;3958;0;0;0;0;0;0;
41875;4943441;566951936;42102784;515682304;0;0;0;0;0;0;0;0;0;0;0;3237;0;0;0;0;0;0;
41876;2710784;566951936;42102784;515682304;0;0;0;0;0;0;0;0;0;0;0;2815;0;0;0;0;0;0;
41877;4801755;566951936;42102784;515682304;0;0;0;0;0;0;0;0;0;0;0;3326;0;0;0;0;0;0;
41878;2812906;566951936;42102784;515682304;0;0;0;0;0;0;0;0;0;0;0;3416;0;0;0;0;0;0;
41879;4765247;566951936;42102784;515682304;0;0;0;0;0;0;0;0;0;0;0;3667;0;0;0;0;0;0;
41880;2649118;566951936;42102784;515682304;0;0;0;0;0;0;0;0;0;0;0;3537;0;0;0;0;0;0;
41881;4783300;566951936;42102784;515682304;0;0;0;0;0;0;0;0;0;0;0;3046;0;0;0;0;0;0;
41882;2611608;566951936;42102784;515682304;0;0;0;0;0;0;0;0;0;0;0;3287;0;0;0;0;0;0;
41883;4726995;566951936;42102784;515682304;0;0;0;0;0;0;0;0;0;0;0;3115;0;0;0;0;0;0;
41884;2717136;566951936;42102784;515682304;0;0;0;0;0;0;0;0;0;0;0;3176;0;0;0;0;0;0;
41885;4677201;566951936;42102784;515682304;0;0;0;0;0;0;0;0;0;0;0;3427;0;0;0;0;0;0;
41886;2590258;566951936;42102784;515682304;0;0;0;0;0;0;0;0;0;0;0;3046;0;0;0;0;0;0;
41887;4707929;566951936;42102784;515682304;0;0;0;0;0;0;0;0;0;0;0;2805;0;0;0;0;0;0;
41888;2733998;566951936;42102784;515682304;0;0;0;0;0;0;0;0;0;0;0;2886;0;0;0;0;0;0;
41889;4745711;566951936;42102784;515682304;0;0;0;0;0;0;0;0;0;0;0;2885;0;0;0;0;0;0;
41890;2728356;566951936;42102784;515682304;0;0;0;0;0;0;0;0;0;0;0;3146;0;0;0;0;0;0;
41891;4821072;566951936;42102784;515682304;0;0;0;0;0;0;0;0;0;0;0;2965;0;0;0;0;0;0;
41892;3058075;566951936;42102784;515682304;0;0;0;0;0;0;0;0;0;0;0;4148;0;0;0;0;0;0;
41893;5103481;566951936;42102784;515682304;0;0;0;0;0;0;0;0;0;0;0;4027;0;0;0;0;0;0;
41894;3474997;566951936;42102784;515682304;0;0;0;0;0;0;0;0;0;0;0;3637;0;0;0;0;0;0;
41895;4761510;566951936;42102784;515682304;0;0;0;0;0;0;0;0;0;0;0;3136;0;0;0;0;0;0;
41896;2600938;566951936;42102784;515682304;0;0;0;0;0;0;0;0;0;0;0;2985;0;0;0;0;0;0;
41897;4972505;566951936;42102784;515682304;0;0;0;0;0;0;0;0;0;0;0;3617;0;0;0;0;0;0;
41898;2698220;566951936;42102784;515682304;0;0;0;0;0;0;0;0;0;0;0;3075;0;0;0;0;0;0;
41899;4768683;566951936;42102784;515682304;0;0;0;0;0;0;0;0;0;0;0;3096;0;0;0;0;0;0;
41900;2770446;566951936;42102784;515682304;0;0;0;0;0;0;0;0;0;0;0;3336;0;0;0;0;0;0;
41901;4743526;566951936;42102784;515682304;0;0;0;0;0;0;0;0;0;0;0;3176;0;0;0;0;0;0;
41902;3057554;566951936;42102784;515682304;0;0;0;0;0;0;0;0;0;0;0;4228;0;0;0;0;0;0;
41903;5135131;566951936;42102784;515682304;0;0;0;0;0;0;0;0;0;0;0;3817;0;0;0;0;0;0;
41904;3775120;566951936;42102784;515682304;0;0;0;0;0;0;0;0;0;0;0;3787;0;0;0;0;0;0;
41905;5124260;566951936;42102784;515682304;0;0;0;0;0;0;0;0;0;0;0;4048;0;0;0;0;0;0;
41906;3802632;566951936;42102784;515682304;0;0;0;0;0;0;0;0;0;0;0;4508;0;0;0;0;0;0;
41907;5066983;566951936;42102784;515682304;0;0;0;0;0;0;0;0;0;0;0;3807;0;0;0;0;0;0;
41908;3787392;566951936;42102784;515682304;0;0;0;0;0;0;0;0;0;0;0;3666;0;0;0;0;0;0;
41909;5012150;566951936;42102784;515682304;0;0;0;0;0;0;0;0;0;0;0;3868;0;0;0;0;0;0;
41910;3957371;566951936;42102784;515682304;0;0;0;0;0;0;0;0;0;0;0;4188;0;0;0;0;0;0;
41911;5152282;566951936;42102784;515682304;0;0;0;0;0;0;0;0;0;0;0;4398;0;0;0;0;0;0;
41912;3741347;566951936;42102784;515682304;0;0;0;0;0;0;0;0;0;0;0;3867;0;0;0;0;0;0;
41913;5024102;566951936;42102784;515682304;0;0;0;0;0;0;0;0;0;0;0;3657;0;0;0;0;0;0;
41914;3785369;566951936;42102784;515682304;0;0;0;0;0;0;0;0;0;0;0;3888;0;0;0;0;0;0;
41915;5078223;566951936;42102784;515682304;0;0;0;0;0;0;0;0;0;0;0;4318;0;0;0;0;0;0;
41916;4075924;566951936;42102784;515682304;0;0;0;0;0;0;0;0;0;0;0;3797;0;0;0;0;0;0;
41917;8025591;566951936;42102784;515682304;0;0;0;0;0;0;0;0;0;0;0;3506;0;0;0;0;0;0;
41918;9943849;566951936;42102784;515682304;0;0;0;0;0;0;0;0;0;0;0;3958;0;0;0;0;0;0;
41919;5058176;566951936;42102784;515682304;0;0;0;0;0;0;0;0;0;0;0;3727;0;0;0;0;0;0;
41920;3842636;566951936;42102784;515682304;0;0;0;0;0;0;0;0;0;0;0;3927;0;0;0;0;0;0;
41921;5164836;566951936;42102784;515682304;0;0;0;0;0;0;0;0;0;0;0;4017;0;0;0;0;0;0;
41922;3709637;566951936;42102784;515682304;0;0;0;0;0;0;0;0;0;0;0;3907;0;0;0;0;0;0;
41923;5068706;566951936;42102784;515682304;0;0;0;0;0;0;0;0;0;0;0;4359;0;0;0;0;0;0;
41924;3828911;566951936;42102784;515682304;0;0;0;0;0;0;0;0;0;0;0;4068;0;0;0;0;0;0;
41925;5014554;566951936;42102784;515682304;0;0;0;0;0;0;0;0;0;0;0;3837;0;0;0;0;0;0;
41926;4114927;566951936;42102784;515682304;0;0;0;0;0;0;0;0;0;0;0;3957;0;0;0;0;0;0;
41927;5026306;566951936;42102784;515682304;0;0;0;0;0;0;0;0;0;0;0;3827;0;0;0;0;0;0;
41928;3798133;566951936;42102784;515682304;0;0;0;0;0;0;0;0;0;0;0;3968;0;0;0;0;0;0;
41929;5163313;566951936;42102784;515682304;0;0;0;0;0;0;0;0;0;0;0;3747;0;0;0;0;0;0;
41930;3850611;566951936;42102784;515682304;0;0;0;0;0;0;0;0;0;0;0;3787;0;0;0;0;0;0;
41931;4972565;566951936;42102784;515682304;0;0;0;0;0;0;0;0;0;0;0;4018;0;0;0;0;0;0;
41932;3954135;566951936;42102784;515682304;0;0;0;0;0;0;0;0;0;0;0;3747;0;0;0;0;0;0;
41933;5024864;566951936;42102784;515682304;0;0;0;0;0;0;0;0;0;0;0;4078;0;0;0;0;0;0;
41934;3835994;566951936;42102784;515682304;0;0;0;0;0;0;0;0;0;0;0;4028;0;0;0;0;0;0;
41935;5055972;566951936;42102784;515682304;0;0;0;0;0;0;0;0;0;0;0;3847;0;0;0;0;0;0;
41936;3774780;566951936;42102784;515682304;0;0;0;0;0;0;0;0;0;0;0;4348;0;0;0;0;0;0;
41937;5072884;566951936;42102784;515682304;0;0;0;0;0;0;0;0;0;0;0;3557;0;0;0;0;0;0;
41938;3774329;566951936;42102784;515682304;0;0;0;0;0;0;0;0;0;0;0;4197;0;0;0;0;0;0;
41939;5079967;566951936;42102784;515682304;0;0;0;0;0;0;0;0;0;0;0;3817;0;0;0;0;0;0;
41940;3713183;566951936;42102784;515682304;0;0;0;0;0;0;0;0;0;0;0;4399;0;0;0;0;0;0;
41941;5107118;566951936;42102784;515682304;0;0;0;0;0;0;0;0;0;0;0;4127;0;0;0;0;0;0;
41942;3853076;566951936;42102784;515682304;0;0;0;0;0;0;0;0;0;0;0;4048;0;0;0;0;0;0;
41943;5055110;566951936;42102784;515682304;0;0;0;0;0;0;0;0;0;0;0;3987;0;0;0;0;0;0;
41944;3883944;566951936;42102784;515682304;0;0;0;0;0;0;0;0;0;0;0;4118;0;0;0;0;0;0;
41945;4985109;566951936;42102784;515682304;0;0;0;0;0;0;0;0;0;0;0;3997;0;0;0;0;0;0;
41946;3702564;566951936;42102784;515682304;0;0;0;0;0;0;0;0;0;0;0;3897;0;0;0;0;0;0;
41947;5155428;566951936;42102784;515682304;0;0;0;0;0;0;0;0;0;0;0;4108;0;0;0;0;0;0;
41948;3781782;566951936;42102784;515682304;0;0;0;0;0;0;0;0;0;0;0;4419;0;0;0;0;0;0;
41949;5087701;566951936;42102784;515682304;0;0;0;0;0;0;0;0;0;0;0;4008;0;0;0;0;0;0;
41950;3861352;566951936;42102784;515682304;0;0;0;0;0;0;0;0;0;0;0;3797;0;0;0;0;0;0;
41951;5102409;566951936;42102784;515682304;0;0;0;0;0;0;0;0;0;0;0;4398;0;0;0;0;0;0;
41952;3709316;566951936;42102784;515682304;0;0;0;0;0;0;0;0;0;0;0;4238;0;0;0;0;0;0;
41953;5106567;566951936;42102784;515682304;0;0;0;0;0;0;0;0;0;0;0;4107;0;0;0;0;0;0;
41954;3837536;566951936;42102784;515682304;0;0;0;0;0;0;0;0;0;0;0;4148;0;0;0;0;0;0;
41955;4981442;566951936;42102784;515682304;0;0;0;0;0;0;0;0;0;0;0;3667;0;0;0;0;0;0;
41956;3764359;566951936;42102784;515682304;0;0;0;0;0;0;0;0;0;0;0;4579;0;0;0;0;0;0;
41957;5057054;566951936;42102784;515682304;0;0;0;0;0;0;0;0;0;0;0;3747;0;0;0;0;0;0;
41958;3804194;566951936;42102784;515682304;0;0;0;0;0;0;0;0;0;0;0;4609;0;0;0;0;0;0;
41959;5026486;566951936;42102784;515682304;0;0;0;0;0;0;0;0;0;0;0;3817;0;0;0;0;0;0;
41960;3796691;566951936;42102784;515682304;0;0;0;0;0;0;0;0;0;0;0;3857;0;0;0;0;0;0;
41961;5050572;566951936;42102784;515682304;0;0;0;0;0;0;0;0;0;0;0;4168;0;0;0;0;0;0;
41962;3841995;566951936;42102784;515682304;0;0;0;0;0;0;0;0;0;0;0;3978;0;0;0;0;0;0;
41963;5128819;566951936;42102784;515682304;0;0;0;0;0;0;0;0;0;0;0;4438;0;0;0;0;0;0;
41964;3916985;566951936;42102784;515682304;0;0;0;0;0;0;0;0;0;0;0;3917;0;0;0;0;0;0;
41965;5054759;566951936;42102784;515682304;0;0;0;0;0;0;0;0;0;0;0;3847;0;0;0;0;0;0;
41966;3832998;566951936;42102784;515682304;0;0;0;0;0;0;0;0;0;0;0;4509;0;0;0;0;0;0;
41967;5053778;566951936;42102784;515682304;0;0;0;0;0;0;0;0;0;0;0;4378;0;0;0;0;0;0;
41968;3776552;566951936;42102784;515682304;0;0;0;0;0;0;0;0;0;0;0;3757;0;0;0;0;0;0;
41969;5012400;566951936;42102784;515682304;0;0;0;0;0;0;0;0;0;0;0;4238;0;0;0;0;0;0;
41970;3873644;566951936;42102784;515682304;0;0;0;0;0;0;0;0;0;0;0;3938;0;0;0;0;0;0;
41971;5132856;566951936;42102784;515682304;0;0;0;0;0;0;0;0;0;0;0;3797;0;0;0;0;0;0;
41972;3915884;566951936;42102784;515682304;0;0;0;0;0;0;0;0;0;0;0;3828;0;0;0;0;0;0;
41973;5037437;566951936;42102784;515682304;0;0;0;0;0;0;0;0;0;0;0;4177;0;0;0;0;0;0;
41974;3220079;566951936;42102784;515682304;0;0;0;0;0;0;0;0;0;0;0;3908;0;0;0;0;0;0;
41975;4703301;566951936;42102784;515682304;0;0;0;0;0;0;0;0;0;0;0;3226;0;0;0;0;0;0;
41976;3073353;566951936;42102784;515682304;0;0;0;0;0;0;0;0;0;0;0;4238;0;0;0;0;0;0;
41977;5147994;566951936;42102784;515682304;0;0;0;0;0;0;0;0;0;0;0;3847;0;0;0;0;0;0;
41978;3735656;566951936;42102784;515682304;0;0;0;0;0;0;0;0;0;0;0;3947;0;0;0;0;0;0;
41979;5054559;566951936;42102784;515682304;0;0;0;0;0;0;0;0;0;0;0;3767;0;0;0;0;0;0;
41980;3784908;566951936;42102784;515682304;0;0;0;0;0;0;0;0;0;0;0;3797;0;0;0;0;0;0;
41981;5111646;566951936;42102784;515682304;0;0;0;0;0;0;0;0;0;0;0;4188;0;0;0;0;0;0;
41982;3735446;566951936;42102784;515682304;0;0;0;0;0;0;0;0;0;0;0;4218;0;0;0;0;0;0;
41983;5052506;566951936;42102784;515682304;0;0;0;0;0;0;0;0;0;0;0;4098;0;0;0;0;0;0;
41984;3992116;566951936;42102784;515682304;0;0;0;0;0;0;0;0;0;0;0;4047;0;0;0;0;0;0;
41985;5028701;566951936;42102784;515682304;0;0;0;0;0;0;0;0;0;0;0;3797;0;0;0;0;0;0;
41986;3998409;566951936;42102784;515682304;0;0;0;0;0;0;0;0;0;0;0;3887;0;0;0;0;0;0;
41987;5000798;566951936;42102784;515682304;0;0;0;0;0;0;0;0;0;0;0;3827;0;0;0;0;0;0;
41988;3771843;566951936;42102784;515682304;0;0;0;0;0;0;0;0;0;0;0;3898;0;0;0;0;0;0;
41989;5143045;566951936;42102784;515682304;0;0;0;0;0;0;0;0;0;0;0;3767;0;0;0;0;0;0;
41990;3909191;566951936;42102784;515682304;0;0;0;0;0;0;0;0;0;0;0;3847;0;0;0;0;0;0;
41991;5001028;566951936;42102784;515682304;0;0;0;0;0;0;0;0;0;0;0;3547;0;0;0;0;0;0;
41992;3994221;566951936;42102784;515682304;0;0;0;0;0;0;0;0;0;0;0;3676;0;0;0;0;0;0;
41993;5012220;566951936;42102784;515682304;0;0;0;0;0;0;0;0;0;0;0;3747;0;0;0;0;0;0;
41994;3526153;566951936;42102784;515682304;0;0;0;0;0;0;0;0;0;0;0;3236;0;0;0;0;0;0;
41995;4779022;566951936;42102784;515682304;0;0;0;0;0;0;0;0;0;0;0;3076;0;0;0;0;0;0;
41996;2756419;566951936;42102784;515682304;0;0;0;0;0;0;0;0;0;0;0;3206;0;0;0;0;0;0;
41997;4733858;566951936;42102784;515682304;0;0;0;0;0;0;0;0;0;0;0;3246;0;0;0;0;0;0;
41998;2654398;566951936;42102784;515682304;0;0;0;0;0;0;0;0;0;0;0;2976;0;0;0;0;0;0;
41999;4795433;566951936;42102784;515682304;0;0;0;0;0;0;0;0;0;0;0;3376;0;0;0;0;0;0;
42000;3009965;566951936;42102784;515682304;0;0;0;0;0;0;0;0;0;0;0;3196;0;0;0;0;0;0;
42001;4680578;566951936;42102784;515682304;0;0;0;0;0;0;0;0;0;0;0;2836;0;0;0;0;0;0;
42002;2661181;566951936;42102784;515682304;0;0;0;0;0;0;0;0;0;0;0;3055;0;0;0;0;0;0;
42003;4639891;566951936;42102784;515682304;0;0;0;0;0;0;0;0;0;0;0;3136;0;0;0;0;0;0;
42004;2650020;566951936;42102784;515682304;0;0;0;0;0;0;0;0;0;0;0;3075;0;0;0;0;0;0;
42005;4734890;566951936;42102784;515682304;0;0;0;0;0;0;0;0;0;0;0;3306;0;0;0;0;0;0;
42006;3007761;566951936;42102784;515682304;0;0;0;0;0;0;0;0;0;0;0;3446;0;0;0;0;0;0;
42007;4703751;566951936;42102784;515682304;0;0;0;0;0;0;0;0;0;0;0;2955;0;0;0;0;0;0;
42008;2580429;566951936;42102784;515682304;0;0;0;0;0;0;0;0;0;0;0;3166;0;0;0;0;0;0;
42009;4901583;566951936;42102784;515682304;0;0;0;0;0;0;0;0;0;0;0;3517;0;0;0;0;0;0;
42010;2581391;566951936;42102784;515682304;0;0;0;0;0;0;0;0;0;0;0;3166;0;0;0;0;0;0;
42011;4789612;566951936;42102784;515682304;0;0;0;0;0;0;0;0;0;0;0;3166;0;0;0;0;0;0;
42012;2637266;566951936;42102784;515682304;0;0;0;0;0;0;0;0;0;0;0;2866;0;0;0;0;0;0;
42013;4671441;566951936;42102784;515682304;0;0;0;0;0;0;0;0;0;0;0;3427;0;0;0;0;0;0;
42014;2712437;566951936;42102784;515682304;0;0;0;0;0;0;0;0;0;0;0;3126;0;0;0;0;0;0;
42015;4734940;566951936;42102784;515682304;0;0;0;0;0;0;0;0;0;0;0;3246;0;0;0;0;0;0;
42016;3375621;566951936;42102784;515682304;0;0;0;0;0;0;0;0;0;0;0;3988;0;0;0;0;0;0;
42017;4976332;566951936;42102784;515682304;0;0;0;0;0;0;0;0;0;0;0;3146;0;0;0;0;0;0;
42018;3947723;566951936;42102784;515682304;0;0;0;0;0;0;0;0;0;0;0;12634;0;0;0;0;0;0;
42019;5064608;566951936;42102784;515682304;0;0;0;0;0;0;0;0;0;0;0;17313;0;0;0;0;0;0;
42020;3055230;566951936;42102784;515682304;0;0;0;0;0;0;0;0;0;0;0;3267;0;0;0;0;0;0;
42021;4730000;566951936;42102784;515682304;0;0;0;0;0;0;0;0;0;0;0;2795;0;0;0;0;0;0;
42022;2892605;566951936;42102784;515682304;0;0;0;0;0;0;0;0;0;0;0;3757;0;0;0;0;0;0;
42023;4769845;566951936;42102784;515682304;0;0;0;0;0;0;0;0;0;0;0;3516;0;0;0;0;0;0;
42024;3022488;566951936;42102784;515682304;0;0;0;0;0;0;0;0;0;0;0;3186;0;0;0;0;0;0;
42025;5051323;566951936;42102784;515682304;0;0;0;0;0;0;0;0;0;0;0;2895;0;0;0;0;0;0;
42026;2755618;566951936;42102784;515682304;0;0;0;0;0;0;0;0;0;0;0;4619;0;0;0;0;0;0;
42027;4697049;566951936;42102784;515682304;0;0;0;0;0;0;0;0;0;0;0;3867;0;0;0;0;0;0;
42028;2537519;566951936;42102784;515682304;0;0;0;0;0;0;0;0;0;0;0;2925;0;0;0;0;0;0;
42029;4929054;566951936;42102784;515682304;0;0;0;0;0;0;0;0;0;0;0;3406;0;0;0;0;0;0;
42030;2659177;566951936;42102784;515682304;0;0;0;0;0;0;0;0;0;0;0;3276;0;0;0;0;0;0;
42031;4757583;566951936;42102784;515682304;0;0;0;0;0;0;0;0;0;0;0;2956;0;0;0;0;0;0;
42032;2729649;566951936;42102784;515682304;0;0;0;0;0;0;0;0;0;0;0;3306;0;0;0;0;0;0;
42033;4618842;566951936;42102784;515682304;0;0;0;0;0;0;0;0;0;0;0;3046;0;0;0;0;0;0;
42034;2773943;566951936;42102784;515682304;0;0;0;0;0;0;0;0;0;0;0;3767;0;0;0;0;0;0;
42035;4798519;566951936;42102784;515682304;0;0;0;0;0;0;0;0;0;0;0;3096;0;0;0;0;0;0;
42036;2737114;566951936;42102784;515682304;0;0;0;0;0;0;0;0;0;0;0;3347;0;0;0;0;0;0;
42037;4892195;566951936;42102784;515682304;0;0;0;0;0;0;0;0;0;0;0;3095;0;0;0;0;0;0;
42038;3385860;566951936;42102784;515682304;0;0;0;0;0;0;0;0;0;0;0;4278;0;0;0;0;0;0;
42039;5195353;566951936;42102784;515682304;0;0;0;0;0;0;0;0;0;0;0;4629;0;0;0;0;0;0;
42040;3762306;566951936;42102784;515682304;0;0;0;0;0;0;0;0;0;0;0;4248;0;0;0;0;0;0;
42041;5207997;566951936;42102784;515682304;0;0;0;0;0;0;0;0;0;0;0;4117;0;0;0;0;0;0;
42042;3960477;566951936;42102784;515682304;0;0;0;0;0;0;0;0;0;0;0;4498;0;0;0;0;0;0;
42043;5145640;566951936;42102784;515682304;0;0;0;0;0;0;0;0;0;0;0;4207;0;0;0;0;0;0;
42044;3807020;566951936;42102784;515682304;0;0;0;0;0;0;0;0;0;0;0;4117;0;0;0;0;0;0;
42045;5121374;566951936;42102784;515682304;0;0;0;0;0;0;0;0;0;0;0;4137;0;0;0;0;0;0;
42046;4002035;566951936;42102784;515682304;0;0;0;0;0;0;0;0;0;0;0;5069;0;0;0;0;0;0;
42047;5232182;566951936;42102784;515682304;0;0;0;0;0;0;0;0;0;0;0;4398;0;0;0;0;0;0;
42048;3785770;566951936;42102784;515682304;0;0;0;0;0;0;0;0;0;0;0;4970;0;0;0;0;0;0;
42049;5084105;566951936;42102784;515682304;0;0;0;0;0;0;0;0;0;0;0;4098;0;0;0;0;0;0;
42050;3859027;566951936;42102784;515682304;0;0;0;0;0;0;0;0;0;0;0;4839;0;0;0;0;0;0;
42051;5014183;566951936;42102784;515682304;0;0;0;0;0;0;0;0;0;0;0;4128;0;0;0;0;0;0;
42052;3863536;566951936;42102784;515682304;0;0;0;0;0;0;0;0;0;0;0;4288;0;0;0;0;0;0;
42053;5333131;566951936;42102784;515682304;0;0;0;0;0;0;0;0;0;0;0;4438;0;0;0;0;0;0;
42054;4000412;566951936;42102784;515682304;0;0;0;0;0;0;0;0;0;0;0;4148;0;0;0;0;0;0;
42055;5045602;566951936;42102784;515682304;0;0;0;0;0;0;0;0;0;0;0;3947;0;0;0;0;0;0;
42056;3987228;566951936;42102784;515682304;0;0;0;0;0;0;0;0;0;0;0;4408;0;0;0;0;0;0;
42057;5015205;566951936;42102784;515682304;0;0;0;0;0;0;0;0;0;0;0;3717;0;0;0;0;0;0;
42058;4184688;566951936;42102784;515682304;0;0;0;0;0;0;0;0;0;0;0;4278;0;0;0;0;0;0;
42059;5240118;566951936;42102784;515682304;0;0;0;0;0;0;0;0;0;0;0;3977;0;0;0;0;0;0;
42060;3852705;566951936;42102784;515682304;0;0;0;0;0;0;0;0;0;0;0;4038;0;0;0;0;0;0;
42061;5120533;566951936;42102784;515682304;0;0;0;0;0;0;0;0;0;0;0;3697;0;0;0;0;0;0;
42062;3893893;566951936;42102784;515682304;0;0;0;0;0;0;0;0;0;0;0;4048;0;0;0;0;0;0;
42063;5051844;566951936;42102784;515682304;0;0;0;0;0;0;0;0;0;0;0;4037;0;0;0;0;0;0;
42064;3926764;566951936;42102784;515682304;0;0;0;0;0;0;0;0;0;0;0;3847;0;0;0;0;0;0;
42065;5090497;566951936;42102784;515682304;0;0;0;0;0;0;0;0;0;0;0;4088;0;0;0;0;0;0;
42066;3827789;566951936;42102784;515682304;0;0;0;0;0;0;0;0;0;0;0;3878;0;0;0;0;0;0;
42067;5027839;566951936;42102784;515682304;0;0;0;0;0;0;0;0;0;0;0;4057;0;0;0;0;0;0;
42068;3857133;566951936;42102784;515682304;0;0;0;0;0;0;0;0;0;0;0;4258;0;0;0;0;0;0;
42069;5083975;566951936;42102784;515682304;0;0;0;0;0;0;0;0;0;0;0;3777;0;0;0;0;0;0;
42070;3862283;566951936;42102784;515682304;0;0;0;0;0;0;0;0;0;0;0;3817;0;0;0;0;0;0;
42071;5018983;566951936;42102784;515682304;0;0;0;0;0;0;0;0;0;0;0;3888;0;0;0;0;0;0;
42072;3856984;566951936;42102784;515682304;0;0;0;0;0;0;0;0;0;0;0;3887;0;0;0;0;0;0;
42073;4973868;566951936;42102784;515682304;0;0;0;0;0;0;0;0;0;0;0;3727;0;0;0;0;0;0;
42074;4113164;566951936;42102784;515682304;0;0;0;0;0;0;0;0;0;0;0;3998;0;0;0;0;0;0;
42075;5067984;566951936;42102784;515682304;0;0;0;0;0;0;0;0;0;0;0;3566;0;0;0;0;0;0;
42076;3803544;566951936;42102784;515682304;0;0;0;0;0;0;0;0;0;0;0;3917;0;0;0;0;0;0;
42077;5033660;566951936;42102784;515682304;0;0;0;0;0;0;0;0;0;0;0;3918;0;0;0;0;0;0;
42078;3856893;566951936;42102784;515682304;0;0;0;0;0;0;0;0;0;0;0;3707;0;0;0;0;0;0;
42079;5057003;566951936;42102784;515682304;0;0;0;0;0;0;0;0;0;0;0;4057;0;0;0;0;0;0;
42080;3992828;566951936;42102784;515682304;0;0;0;0;0;0;0;0;0;0;0;3767;0;0;0;0;0;0;
42081;5169295;566951936;42102784;515682304;0;0;0;0;0;0;0;0;0;0;0;4117;0;0;0;0;0;0;
42082;3951511;566951936;42102784;515682304;0;0;0;0;0;0;0;0;0;0;0;3847;0;0;0;0;0;0;
42083;5157953;566951936;42102784;515682304;0;0;0;0;0;0;0;0;0;0;0;3927;0;0;0;0;0;0;
42084;3955648;566951936;42102784;515682304;0;0;0;0;0;0;0;0;0;0;0;4458;0;0;0;0;0;0;
42085;5144849;566951936;42102784;515682304;0;0;0;0;0;0;0;0;0;0;0;4308;0;0;0;0;0;0;
42086;3922186;566951936;42102784;515682304;0;0;0;0;0;0;0;0;0;0;0;4519;0;0;0;0;0;0;
42087;5200923;566951936;42102784;515682304;0;0;0;0;0;0;0;0;0;0;0;4258;0;0;0;0;0;0;
42088;3774980;566951936;42102784;515682304;0;0;0;0;0;0;0;0;0;0;0;4519;0;0;0;0;0;0;
42089;5201766;566951936;42102784;515682304;0;0;0;0;0;0;0;0;0;0;0;4859;0;0;0;0;0;0;
42090;3863495;566951936;42102784;515682304;0;0;0;0;0;0;0;0;0;0;0;4498;0;0;0;0;0;0;
42091;5113870;566951936;42102784;515682304;0;0;0;0;0;0;0;0;0;0;0;3727;0;0;0;0;0;0;
42092;3918930;566951936;42102784;515682304;0;0;0;0;0;0;0;0;0;0;0;4419;0;0;0;0;0;0;
42093;5100485;566951936;42102784;515682304;0;0;0;0;0;0;0;0;0;0;0;3858;0;0;0;0;0;0;
42094;3874215;566951936;42102784;515682304;0;0;0;0;0;0;0;0;0;0;0;4158;0;0;0;0;0;0;
42095;5082882;566951936;42102784;515682304;0;0;0;0;0;0;0;0;0;0;0;3798;0;0;0;0;0;0;
42096;4043894;566951936;42102784;515682304;0;0;0;0;0;0;0;0;0;0;0;3747;0;0;0;0;0;0;
42097;5115644;566951936;42102784;515682304;0;0;0;0;0;0;0;0;0;0;0;3958;0;0;0;0;0;0;
42098;3973893;566951936;42102784;515682304;0;0;0;0;0;0;0;0;0;0;0;3907;0;0;0;0;0;0;
42099;5130893;566951936;42102784;515682304;0;0;0;0;0;0;0;0;0;0;0;4669;0;0;0;0;0;0;
42100;4134554;566951936;42102784;515682304;0;0;0;0;0;0;0;0;0;0;0;4379;0;0;0;0;0;0;
42101;5139018;566951936;42102784;515682304;0;0;0;0;0;0;0;0;0;0;0;4488;0;0;0;0;0;0;
42102;3100525;566951936;42102784;515682304;0;0;0;0;0;0;0;0;0;0;0;3106;0;0;0;0;0;0;
42103;4986362;566951936;42102784;515682304;0;0;0;0;0;0;0;0;0;0;0;3347;0;0;0;0;0;0;
42104;2766808;566951936;42102784;515682304;0;0;0;0;0;0;0;0;0;0;0;3377;0;0;0;0;0;0;
42105;4850988;566951936;42102784;515682304;0;0;0;0;0;0;0;0;0;0;0;3767;0;0;0;0;0;0;
42106;2652675;566951936;42102784;515682304;0;0;0;0;0;0;0;0;0;0;0;3456;0;0;0;0;0;0;
42107;4789462;566951936;42102784;515682304;0;0;0;0;0;0;0;0;0;0;0;3366;0;0;0;0;0;0;
42108;2762802;566951936;42102784;515682304;0;0;0;0;0;0;0;0;0;0;0;3105;0;0;0;0;0;0;
42109;4800153;566951936;42102784;515682304;0;0;0;0;0;0;0;0;0;0;0;3396;0;0;0;0;0;0;
42110;2926027;566951936;42102784;515682304;0;0;0;0;0;0;0;0;0;0;0;3226;0;0;0;0;0;0;
42111;4789762;566951936;42102784;515682304;0;0;0;0;0;0;0;0;0;0;0;3357;0;0;0;0;0;0;
42112;2663255;566951936;42102784;515682304;0;0;0;0;0;0;0;0;0;0;0;4378;0;0;0;0;0;0;
42113;4750579;566951936;42102784;515682304;0;0;0;0;0;0;0;0;0;0;0;3557;0;0;0;0;0;0;
42114;2726604;566951936;42102784;515682304;0;0;0;0;0;0;0;0;0;0;0;3536;0;0;0;0;0;0;
42115;4986652;566951936;42102784;515682304;0;0;0;0;0;0;0;0;0;0;0;3537;0;0;0;0;0;0;
42116;2669025;566951936;42102784;515682304;0;0;0;0;0;0;0;0;0;0;0;3857;0;0;0;0;0;0;
42117;4921350;566951936;42102784;515682304;0;0;0;0;0;0;0;0;0;0;0;3467;0;0;0;0;0;0;
42118;2641845;566951936;42102784;515682304;0;0;0;0;0;0;0;0;0;0;0;3086;0;0;0;0;0;0;
42119;4834917;566951936;42102784;515682304;0;0;0;0;0;0;0;0;0;0;0;2945;0;0;0;0;0;0;
42120;2743525;566951936;42102784;515682304;0;0;0;0;0;0;0;0;0;0;0;3656;0;0;0;0;0;0;
42121;4773953;566951936;42102784;515682304;0;0;0;0;0;0;0;0;0;0;0;3707;0;0;0;0;0;0;
42122;2701036;566951936;42102784;515682304;0;0;0;0;0;0;0;0;0;0;0;4167;0;0;0;0;0;0;
42123;4671441;566951936;42102784;515682304;0;0;0;0;0;0;0;0;0;0;0;3546;0;0;0;0;0;0;
42124;2913124;566951936;42102784;515682304;0;0;0;0;0;0;0;0;0;0;0;3126;0;0;0;0;0;0;
42125;4784253;566951936;42102784;515682304;0;0;0;0;0;0;0;0;0;0;0;2905;0;0;0;0;0;0;
42126;2771417;566951936;42102784;515682304;0;0;0;0;0;0;0;0;0;0;0;3246;0;0;0;0;0;0;
42127;4966604;566951936;42102784;515682304;0;0;0;0;0;0;0;0;0;0;0;3597;0;0;0;0;0;0;
42128;2878088;566951936;42102784;515682304;0;0;0;0;0;0;0;0;0;0;0;3547;0;0;0;0;0;0;
42129;4886594;566951936;42102784;515682304;0;0;0;0;0;0;0;0;0;0;0;3176;0;0;0;0;0;0;
42130;2723147;566951936;42102784;515682304;0;0;0;0;0;0;0;0;0;0;0;3858;0;0;0;0;0;0;
42131;4720462;566951936;42102784;515682304;0;0;0;0;0;0;0;0;0;0;0;2895;0;0;0;0;0;0;
42132;2675718;566951936;42102784;515682304;0;0;0;0;0;0;0;0;0;0;0;3346;0;0;0;0;0;0;
42133;4952658;566951936;42102784;515682304;0;0;0;0;0;0;0;0;0;0;0;3346;0;0;0;0;0;0;
42134;2637957;566951936;42102784;515682304;0;0;0;0;0;0;0;0;0;0;0;3226;0;0;0;0;0;0;
42135;4765236;566951936;42102784;515682304;0;0;0;0;0;0;0;0;0;0;0;3447;0;0;0;0;0;0;
42136;3026126;566951936;42102784;515682304;0;0;0;0;0;0;0;0;0;0;0;4038;0;0;0;0;0;0;
42137;5247511;566951936;42102784;515682304;0;0;0;0;0;0;0;0;0;0;0;3887;0;0;0;0;0;0;
42138;3787062;566951936;42102784;515682304;0;0;0;0;0;0;0;0;0;0;0;3978;0;0;0;0;0;0;
42139;5242421;566951936;42102784;515682304;0;0;0;0;0;0;0;0;0;0;0;3788;0;0;0;0;0;0;
42140;3981437;566951936;42102784;515682304;0;0;0;0;0;0;0;0;0;0;0;4518;0;0;0;0;0;0;
42141;5070198;566951936;42102784;515682304;0;0;0;0;0;0;0;0;0;0;0;4128;0;0;0;0;0;0;
42142;3815616;566951936;42102784;515682304;0;0;0;0;0;0;0;0;0;0;0;4258;0;0;0;0;0;0;
42143;5112659;566951936;42102784;515682304;0;0;0;0;0;0;0;0;0;0;0;3897;0;0;0;0;0;0;
42144;4075022;566951936;42102784;515682304;0;0;0;0;0;0;0;0;0;0;0;3968;0;0;0;0;0;0;
42145;5142314;566951936;42102784;515682304;0;0;0;0;0;0;0;0;0;0;0;4128;0;0;0;0;0;0;
42146;3922496;566951936;42102784;515682304;0;0;0;0;0;0;0;0;0;0;0;4288;0;0;0;0;0;0;
42147;5137605;566951936;42102784;515682304;0;0;0;0;0;0;0;0;0;0;0;3717;0;0;0;0;0;0;
42148;4115989;566951936;42102784;515682304;0;0;0;0;0;0;0;0;0;0;0;3858;0;0;0;0;0;0;
42149;8086716;566951936;42102784;515682304;0;0;0;0;0;0;0;0;0;0;0;3897;0;0;0;0;0;0;
42150;10365860;566951936;42102784;515682304;0;0;0;0;0;0;0;0;0;0;0;4568;0;0;0;0;0;0;
42151;5052385;566951936;42102784;515682304;0;0;0;0;0;0;0;0;0;0;0;3857;0;0;0;0;0;0;
42152;3946661;566951936;42102784;515682304;0;0;0;0;0;0;0;0;0;0;0;3877;0;0;0;0;0;0;
42153;5249805;566951936;42102784;515682304;0;0;0;0;0;0;0;0;0;0;0;3898;0;0;0;0;0;0;
42154;4253156;566951936;42102784;515682304;0;0;0;0;0;0;0;0;0;0;0;4679;0;0;0;0;0;0;
42155;5106958;566951936;42102784;515682304;0;0;0;0;0;0;0;0;0;0;0;4488;0;0;0;0;0;0;
42156;4001825;566951936;42102784;515682304;0;0;0;0;0;0;0;0;0;0;0;3887;0;0;0;0;0;0;
42157;5155278;566951936;42102784;515682304;0;0;0;0;0;0;0;0;0;0;0;3757;0;0;0;0;0;0;
42158;3747729;566951936;42102784;515682304;0;0;0;0;0;0;0;0;0;0;0;3737;0;0;0;0;0;0;
42159;5090266;566951936;42102784;515682304;0;0;0;0;0;0;0;0;0;0;0;3928;0;0;0;0;0;0;
42160;3821166;566951936;42102784;515682304;0;0;0;0;0;0;0;0;0;0;0;4088;0;0;0;0;0;0;
42161;5026016;566951936;42102784;515682304;0;0;0;0;0;0;0;0;0;0;0;4008;0;0;0;0;0;0;
42162;3944277;566951936;42102784;515682304;0;0;0;0;0;0;0;0;0;0;0;4078;0;0;0;0;0;0;
42163;5208387;566951936;42102784;515682304;0;0;0;0;0;0;0;0;0;0;0;4408;0;0;0;0;0;0;
42164;4004139;566951936;42102784;515682304;0;0;0;0;0;0;0;0;0;0;0;4138;0;0;0;0;0;0;
42165;5178000;566951936;42102784;515682304;0;0;0;0;0;0;0;0;0;0;0;3897;0;0;0;0;0;0;
42166;3794225;566951936;42102784;515682304;0;0;0;0;0;0;0;0;0;0;0;4558;0;0;0;0;0;0;
42167;5087461;566951936;42102784;515682304;0;0;0;0;0;0;0;0;0;0;0;3868;0;0;0;0;0;0;
42168;3880838;566951936;42102784;515682304;0;0;0;0;0;0;0;0;0;0;0;4087;0;0;0;0;0;0;
42169;4970431;566951936;42102784;515682304;0;0;0;0;0;0;0;0;0;0;0;4058;0;0;0;0;0;0;
42170;3775290;566951936;42102784;515682304;0;0;0;0;0;0;0;0;0;0;0;4048;0;0;0;0;0;0;
42171;5349142;566951936;42102784;515682304;0;0;0;0;0;0;0;0;0;0;0;4289;0;0;0;0;0;0;
42172;3806579;566951936;42102784;515682304;0;0;0;0;0;0;0;0;0;0;0;3727;0;0;0;0;0;0;
42173;5220270;566951936;42102784;515682304;0;0;0;0;0;0;0;0;0;0;0;3427;0;0;0;0;0;0;
42174;3923829;566951936;42102784;515682304;0;0;0;0;0;0;0;0;0;0;0;4789;0;0;0;0;0;0;
42175;5201345;566951936;42102784;515682304;0;0;0;0;0;0;0;0;0;0;0;3877;0;0;0;0;0;0;
42176;3076690;566951936;42102784;515682304;0;0;0;0;0;0;0;0;0;0;0;3196;0;0;0;0;0;0;
42177;5056303;566951936;42102784;515682304;0;0;0;0;0;0;0;0;0;0;0;3216;0;0;0;0;0;0;
42178;2853081;566951936;42102784;515682304;0;0;0;0;0;0;0;0;0;0;0;3526;0;0;0;0;0;0;
42179;4947117;566951936;42102784;515682304;0;0;0;0;0;0;0;0;0;0;0;3787;0;0;0;0;0;0;
42180;3469056;566951936;42102784;515682304;0;0;0;0;0;0;0;0;0;0;0;4338;0;0;0;0;0;0;
42181;5041956;566951936;42102784;515682304;0;0;0;0;0;0;0;0;0;0;0;4058;0;0;0;0;0;0;
42182;3843087;566951936;42102784;515682304;0;0;0;0;0;0;0;0;0;0;0;4148;0;0;0;0;0;0;
42183;5012380;566951936;42102784;515682304;0;0;0;0;0;0;0;0;0;0;0;3857;0;0;0;0;0;0;
42184;3814874;566951936;42102784;515682304;0;0;0;0;0;0;0;0;0;0;0;4068;0;0;0;0;0;0;
42185;5026025;566951936;42102784;515682304;0;0;0;0;0;0;0;0;0;0;0;3868;0;0;0;0;0;0;
42186;3849400;566951936;42102784;515682304;0;0;0;0;0;0;0;0;0;0;0;3908;0;0;0;0;0;0;
42187;5055350;566951936;42102784;515682304;0;0;0;0;0;0;0;0;0;0;0;4097;0;0;0;0;0;0;
42188;3773798;566951936;42102784;515682304;0;0;0;0;0;0;0;0;0;0;0;4448;0;0;0;0;0;0;
42189;5006359;566951936;42102784;515682304;0;0;0;0;0;0;0;0;0;0;0;4328;0;0;0;0;0;0;
42190;3890185;566951936;42102784;515682304;0;0;0;0;0;0;0;0;0;0;0;4178;0;0;0;0;0;0;
42191;5145540;566951936;42102784;515682304;0;0;0;0;0;0;0;0;0;0;0;4258;0;0;0;0;0;0;
42192;3816237;566951936;42102784;515682304;0;0;0;0;0;0;0;0;0;0;0;4298;0;0;0;0;0;0;
42193;5145911;566951936;42102784;515682304;0;0;0;0;0;0;0;0;0;0;0;4369;0;0;0;0;0;0;
42194;3874096;566951936;42102784;515682304;0;0;0;0;0;0;0;0;0;0;0;4028;0;0;0;0;0;0;
42195;5173071;566951936;42102784;515682304;0;0;0;0;0;0;0;0;0;0;0;3897;0;0;0;0;0;0;
42196;3432688;566951936;42102784;515682304;0;0;0;0;0;0;0;0;0;0;0;3247;0;0;0;0;0;0;
42197;4915969;566951936;42102784;515682304;0;0;0;0;0;0;0;0;0;0;0;3266;0;0;0;0;0;0;
42198;2788951;566951936;42102784;515682304;0;0;0;0;0;0;0;0;0;0;0;3257;0;0;0;0;0;0;
42199;4730481;566951936;42102784;515682304;0;0;0;0;0;0;0;0;0;0;0;3437;0;0;0;0;0;0;
42200;2690786;566951936;42102784;515682304;0;0;0;0;0;0;0;0;0;0;0;3126;0;0;0;0;0;0;
42201;4802867;566951936;42102784;515682304;0;0;0;0;0;0;0;0;0;0;0;3056;0;0;0;0;0;0;
42202;2808137;566951936;42102784;515682304;0;0;0;0;0;0;0;0;0;0;0;3035;0;0;0;0;0;0;
42203;4871276;566951936;42102784;515682304;0;0;0;0;0;0;0;0;0;0;0;3005;0;0;0;0;0;0;
42204;2664297;566951936;42102784;515682304;0;0;0;0;0;0;0;0;0;0;0;3186;0;0;0;0;0;0;
42205;4774815;566951936;42102784;515682304;0;0;0;0;0;0;0;0;0;0;0;3426;0;0;0;0;0;0;
42206;2798468;566951936;42102784;515682304;0;0;0;0;0;0;0;0;0;0;0;3066;0;0;0;0;0;0;
42207;4906512;566951936;42102784;515682304;0;0;0;0;0;0;0;0;0;0;0;3526;0;0;0;0;0;0;
42208;3091779;566951936;42102784;515682304;0;0;0;0;0;0;0;0;0;0;0;3717;0;0;0;0;0;0;
42209;5037107;566951936;42102784;515682304;0;0;0;0;0;0;0;0;0;0;0;3897;0;0;0;0;0;0;
42210;2803718;566951936;42102784;515682304;0;0;0;0;0;0;0;0;0;0;0;3727;0;0;0;0;0;0;
42211;4846018;566951936;42102784;515682304;0;0;0;0;0;0;0;0;0;0;0;3326;0;0;0;0;0;0;
42212;2711596;566951936;42102784;515682304;0;0;0;0;0;0;0;0;0;0;0;3416;0;0;0;0;0;0;
42213;4852049;566951936;42102784;515682304;0;0;0;0;0;0;0;0;0;0;0;3426;0;0;0;0;0;0;
42214;2728598;566951936;42102784;515682304;0;0;0;0;0;0;0;0;0;0;0;3085;0;0;0;0;0;0;
42215;4792027;566951936;42102784;515682304;0;0;0;0;0;0;0;0;0;0;0;3477;0;0;0;0;0;0;
42216;2850165;566951936;42102784;515682304;0;0;0;0;0;0;0;0;0;0;0;3537;0;0;0;0;0;0;
42217;4793389;566951936;42102784;515682304;0;0;0;0;0;0;0;0;0;0;0;3206;0;0;0;0;0;0;
42218;2677731;566951936;42102784;515682304;0;0;0;0;0;0;0;0;0;0;0;3757;0;0;0;0;0;0;
42219;4768433;566951936;42102784;515682304;0;0;0;0;0;0;0;0;0;0;0;2926;0;0;0;0;0;0;
42220;2844574;566951936;42102784;515682304;0;0;0;0;0;0;0;0;0;0;0;3928;0;0;0;0;0;0;
42221;4893968;566951936;42102784;515682304;0;0;0;0;0;0;0;0;0;0;0;3216;0;0;0;0;0;0;
42222;3212886;566951936;42102784;515682304;0;0;0;0;0;0;0;0;0;0;0;3396;0;0;0;0;0;0;
42223;4728488;566951936;42102784;515682304;0;0;0;0;0;0;0;0;0;0;0;3377;0;0;0;0;0;0;
42224;2813206;566951936;42102784;515682304;0;0;0;0;0;0;0;0;0;0;0;3466;0;0;0;0;0;0;
42225;4646564;566951936;42102784;515682304;0;0;0;0;0;0;0;0;0;0;0;3887;0;0;0;0;0;0;
42226;2864563;566951936;42102784;515682304;0;0;0;0;0;0;0;0;0;0;0;3517;0;0;0;0;0;0;
42227;4760759;566951936;42102784;515682304;0;0;0;0;0;0;0;0;0;0;0;3086;0;0;0;0;0;0;
42228;3103581;566951936;42102784;515682304;0;0;0;0;0;0;0;0;0;0;0;3116;0;0;0;0;0;0;
42229;5024583;566951936;42102784;515682304;0;0;0;0;0;0;0;0;0;0;0;3426;0;0;0;0;0;0;
42230;2733797;566951936;42102784;515682304;0;0;0;0;0;0;0;0;0;0;0;3036;0;0;0;0;0;0;
42231;4777780;566951936;42102784;515682304;0;0;0;0;0;0;0;0;0;0;0;3166;0;0;0;0;0;0;
42232;2719680;566951936;42102784;515682304;0;0;0;0;0;0;0;0;0;0;0;3256;0;0;0;0;0;0;
42233;4840107;566951936;42102784;515682304;0;0;0;0;0;0;0;0;0;0;0;3456;0;0;0;0;0;0;
42234;2748945;566951936;42102784;515682304;0;0;0;0;0;0;0;0;0;0;0;3406;0;0;0;0;0;0;
42235;4726985;566951936;42102784;515682304;0;0;0;0;0;0;0;0;0;0;0;2825;0;0;0;0;0;0;
42236;2963478;566951936;42102784;515682304;0;0;0;0;0;0;0;0;0;0;0;2976;0;0;0;0;0;0;
42237;4821172;566951936;42102784;515682304;0;0;0;0;0;0;0;0;0;0;0;2915;0;0;0;0;0;0;
42238;2909547;566951936;42102784;515682304;0;0;0;0;0;0;0;0;0;0;0;3607;0;0;0;0;0;0;
42239;4791956;566951936;42102784;515682304;0;0;0;0;0;0;0;0;0;0;0;3426;0;0;0;0;0;0;
42240;2817904;566951936;42102784;515682304;0;0;0;0;0;0;0;0;0;0;0;3857;0;0;0;0;0;0;
42241;4814208;566951936;42102784;515682304;0;0;0;0;0;0;0;0;0;0;0;2706;0;0;0;0;0;0;
42242;2767199;566951936;42102784;515682304;0;0;0;0;0;0;0;0;0;0;0;3076;0;0;0;0;0;0;
42243;4854084;566951936;42102784;515682304;0;0;0;0;0;0;0;0;0;0;0;3006;0;0;0;0;0;0;
42244;2744016;566951936;42102784;515682304;0;0;0;0;0;0;0;0;0;0;0;3607;0;0;0;0;0;0;
42245;5027318;566951936;42102784;515682304;0;0;0;0;0;0;0;0;0;0;0;3506;0;0;0;0;0;0;
42246;2727314;566951936;42102784;515682304;0;0;0;0;0;0;0;0;0;0;0;3336;0;0;0;0;0;0;
42247;4951115;566951936;42102784;515682304;0;0;0;0;0;0;0;0;0;0;0;3447;0;0;0;0;0;0;
42248;2766959;566951936;42102784;515682304;0;0;0;0;0;0;0;0;0;0;0;3136;0;0;0;0;0;0;
42249;4959702;566951936;42102784;515682304;0;0;0;0;0;0;0;0;0;0;0;3387;0;0;0;0;0;0;
42250;2666701;566951936;42102784;515682304;0;0;0;0;0;0;0;0;0;0;0;10449;0;0;0;0;0;0;
42251;4827934;566951936;42102784;515682304;0;0;0;0;0;0;0;0;0;0;0;3196;0;0;0;0;0;0;
42252;3411307;566951936;42102784;515682304;0;0;0;0;0;0;0;0;0;0;0;4038;0;0;0;0;0;0;
42253;5141131;566951936;42102784;515682304;0;0;0;0;0;0;0;0;0;0;0;4068;0;0;0;0;0;0;
42254;3688207;566951936;42102784;515682304;0;0;0;0;0;0;0;0;0;0;0;3857;0;0;0;0;0;0;
42255;5013072;566951936;42102784;515682304;0;0;0;0;0;0;0;0;0;0;0;4479;0;0;0;0;0;0;
42256;3718063;566951936;42102784;515682304;0;0;0;0;0;0;0;0;0;0;0;4388;0;0;0;0;0;0;
42257;5067734;566951936;42102784;515682304;0;0;0;0;0;0;0;0;0;0;0;3988;0;0;0;0;0;0;
42258;3717001;566951936;42102784;515682304;0;0;0;0;0;0;0;0;0;0;0;3938;0;0;0;0;0;0;
42259;5001921;566951936;42102784;515682304;0;0;0;0;0;0;0;0;0;0;0;4328;0;0;0;0;0;0;
42260;3821417;566951936;42102784;515682304;0;0;0;0;0;0;0;0;0;0;0;3697;0;0;0;0;0;0;
42261;5059900;566951936;42102784;515682304;0;0;0;0;0;0;0;0;0;0;0;4779;0;0;0;0;0;0;
42262;3856141;566951936;42102784;515682304;0;0;0;0;0;0;0;0;0;0;0;4358;0;0;0;0;0;0;
42263;5219678;566951936;42102784;515682304;0;0;0;0;0;0;0;0;0;0;0;4659;0;0;0;0;0;0;
42264;3229848;566951936;42102784;515682304;0;0;0;0;0;0;0;0;0;0;0;4248;0;0;0;0;0;0;
42265;5000107;566951936;42102784;515682304;0;0;0;0;0;0;0;0;0;0;0;4248;0;0;0;0;0;0;
42266;3761093;566951936;42102784;515682304;0;0;0;0;0;0;0;0;0;0;0;3536;0;0;0;0;0;0;
42267;5082662;566951936;42102784;515682304;0;0;0;0;0;0;0;0;0;0;0;3797;0;0;0;0;0;0;
42268;3782684;566951936;42102784;515682304;0;0;0;0;0;0;0;0;0;0;0;3837;0;0;0;0;0;0;
42269;5476070;566951936;42102784;515682304;0;0;0;0;0;0;0;0;0;0;0;4519;0;0;0;0;0;0;
42270;3867413;566951936;42102784;515682304;0;0;0;0;0;0;0;0;0;0;0;3918;0;0;0;0;0;0;
42271;5237772;566951936;42102784;515682304;0;0;0;0;0;0;0;0;0;0;0;4318;0;0;0;0;0;0;
42272;3978541;566951936;42102784;515682304;0;0;0;0;0;0;0;0;0;0;0;4078;0;0;0;0;0;0;
42273;5251709;566951936;42102784;515682304;0;0;0;0;0;0;0;0;0;0;0;4178;0;0;0;0;0;0;
42274;3781191;566951936;42102784;515682304;0;0;0;0;0;0;0;0;0;0;0;3798;0;0;0;0;0;0;
42275;5223155;566951936;42102784;515682304;0;0;0;0;0;0;0;0;0;0;0;4028;0;0;0;0;0;0;
42276;3788325;566951936;42102784;515682304;0;0;0;0;0;0;0;0;0;0;0;3777;0;0;0;0;0;0;
42277;5476681;566951936;42102784;515682304;0;0;0;0;0;0;0;0;0;0;0;3697;0;0;0;0;0;0;
42278;3558613;566951936;42102784;515682304;0;0;0;0;0;0;0;0;0;0;0;3316;0;0;0;0;0;0;
42279;5239216;566951936;42102784;515682304;0;0;0;0;0;0;0;0;0;0;0;3317;0;0;0;0;0;0;
42280;3784608;566951936;42102784;515682304;0;0;0;0;0;0;0;0;0;0;0;4008;0;0;0;0;0;0;
42281;5116536;566951936;42102784;515682304;0;0;0;0;0;0;0;0;0;0;0;4889;0;0;0;0;0;0;
42282;3756295;566951936;42102784;515682304;0;0;0;0;0;0;0;0;0;0;0;3727;0;0;0;0;0;0;
42283;5256128;566951936;42102784;515682304;0;0;0;0;0;0;0;0;0;0;0;4358;0;0;0;0;0;0;
42284;3978050;566951936;42102784;515682304;0;0;0;0;0;0;0;0;0;0;0;4498;0;0;0;0;0;0;
42285;5198339;566951936;42102784;515682304;0;0;0;0;0;0;0;0;0;0;0;3877;0;0;0;0;0;0;
42286;4020430;566951936;42102784;515682304;0;0;0;0;0;0;0;0;0;0;0;3556;0;0;0;0;0;0;
42287;4748055;566951936;42102784;515682304;0;0;0;0;0;0;0;0;0;0;0;3527;0;0;0;0;0;0;
42288;2916640;566951936;42102784;515682304;0;0;0;0;0;0;0;0;0;0;0;3977;0;0;0;0;0;0;
42289;4887305;566951936;42102784;515682304;0;0;0;0;0;0;0;0;0;0;0;2916;0;0;0;0;0;0;
42290;2848131;566951936;42102784;515682304;0;0;0;0;0;0;0;0;0;0;0;3687;0;0;0;0;0;0;
42291;4933102;566951936;42102784;515682304;0;0;0;0;0;0;0;0;0;0;0;3136;0;0;0;0;0;0;
42292;2821110;566951936;42102784;515682304;0;0;0;0;0;0;0;0;0;0;0;4148;0;0;0;0;0;0;
42293;4881705;566951936;42102784;515682304;0;0;0;0;0;0;0;0;0;0;0;3567;0;0;0;0;0;0;
42294;3599861;566951936;42102784;515682304;0;0;0;0;0;0;0;0;0;0;0;4238;0;0;0;0;0;0;
42295;5329705;566951936;42102784;515682304;0;0;0;0;0;0;0;0;0;0;0;4228;0;0;0;0;0;0;
42296;4152678;566951936;42102784;515682304;0;0;0;0;0;0;0;0;0;0;0;4458;0;0;0;0;0;0;
42297;5361415;566951936;42102784;515682304;0;0;0;0;0;0;0;0;0;0;0;5180;0;0;0;0;0;0;
42298;4019829;566951936;42102784;515682304;0;0;0;0;0;0;0;0;0;0;0;4127;0;0;0;0;0;0;
42299;5238805;566951936;42102784;515682304;0;0;0;0;0;0;0;0;0;0;0;4548;0;0;0;0;0;0;
42300;3880627;566951936;42102784;515682304;0;0;0;0;0;0;0;0;0;0;0;3838;0;0;0;0;0;0;
42301;5110584;566951936;42102784;515682304;0;0;0;0;0;0;0;0;0;0;0;4368;0;0;0;0;0;0;
42302;4270378;566951936;42102784;515682304;0;0;0;0;0;0;0;0;0;0;0;3997;0;0;0;0;0;0;
42303;5132766;566951936;42102784;515682304;0;0;0;0;0;0;0;0;0;0;0;3727;0;0;0;0;0;0;
42304;4035768;566951936;42102784;515682304;0;0;0;0;0;0;0;0;0;0;0;3857;0;0;0;0;0;0;
42305;5219008;566951936;42102784;515682304;0;0;0;0;0;0;0;0;0;0;0;4018;0;0;0;0;0;0;
42306;3971678;566951936;42102784;515682304;0;0;0;0;0;0;0;0;0;0;0;3838;0;0;0;0;0;0;
42307;5307274;566951936;42102784;515682304;0;0;0;0;0;0;0;0;0;0;0;3848;0;0;0;0;0;0;
42308;3690411;566951936;42102784;515682304;0;0;0;0;0;0;0;0;0;0;0;2795;0;0;0;0;0;0;
42309;5116255;566951936;42102784;515682304;0;0;0;0;0;0;0;0;0;0;0;3376;0;0;0;0;0;0;
42310;2811713;566951936;42102784;515682304;0;0;0;0;0;0;0;0;0;0;0;3596;0;0;0;0;0;0;
42311;5159776;566951936;42102784;515682304;0;0;0;0;0;0;0;0;0;0;0;3276;0;0;0;0;0;0;
42312;3964194;566951936;42102784;515682304;0;0;0;0;0;0;0;0;0;0;0;4649;0;0;0;0;0;0;
42313;5348380;566951936;42102784;515682304;0;0;0;0;0;0;0;0;0;0;0;3717;0;0;0;0;0;0;
42314;3925011;566951936;42102784;515682304;0;0;0;0;0;0;0;0;0;0;0;3326;0;0;0;0;0;0;
42315;5379298;566951936;42102784;515682304;0;0;0;0;0;0;0;0;0;0;0;3507;0;0;0;0;0;0;
42316;3941201;566951936;42102784;515682304;0;0;0;0;0;0;0;0;0;0;0;3967;0;0;0;0;0;0;
42317;5324716;566951936;42102784;515682304;0;0;0;0;0;0;0;0;0;0;0;4078;0;0;0;0;0;0;
42318;3845342;566951936;42102784;515682304;0;0;0;0;0;0;0;0;0;0;0;3376;0;0;0;0;0;0;
42319;5422359;566951936;42102784;515682304;0;0;0;0;0;0;0;0;0;0;0;3467;0;0;0;0;0;0;
42320;3820615;566951936;42102784;515682304;0;0;0;0;0;0;0;0;0;0;0;3567;0;0;0;0;0;0;
42321;5024763;566951936;42102784;515682304;0;0;0;0;0;0;0;0;0;0;0;3827;0;0;0;0;0;0;
42322;3778376;566951936;42102784;515682304;0;0;0;0;0;0;0;0;0;0;0;3627;0;0;0;0;0;0;
42323;5102098;566951936;42102784;515682304;0;0;0;0;0;0;0;0;0;0;0;4318;0;0;0;0;0;0;
42324;3902379;566951936;42102784;515682304;0;0;0;0;0;0;0;0;0;0;0;4188;0;0;0;0;0;0;
42325;5140430;566951936;42102784;515682304;0;0;0;0;0;0;0;0;0;0;0;3827;0;0;0;0;0;0;
42326;3824633;566951936;42102784;515682304;0;0;0;0;0;0;0;0;0;0;0;3878;0;0;0;0;0;0;
42327;4808128;566951936;42102784;515682304;0;0;0;0;0;0;0;0;0;0;0;2946;0;0;0;0;0;0;
42328;3046614;566951936;42102784;515682304;0;0;0;0;0;0;0;0;0;0;0;3075;0;0;0;0;0;0;
42329;5050011;566951936;42102784;515682304;0;0;0;0;0;0;0;0;0;0;0;2695;0;0;0;0;0;0;
42330;3007230;566951936;42102784;515682304;0;0;0;0;0;0;0;0;0;0;0;3957;0;0;0;0;0;0;
42331;5286774;566951936;42102784;515682304;0;0;0;0;0;0;0;0;0;0;0;4689;0;0;0;0;0;0;
42332;4053642;566951936;42102784;515682304;0;0;0;0;0;0;0;0;0;0;0;3747;0;0;0;0;0;0;
42333;5156791;566951936;42102784;515682304;0;0;0;0;0;0;0;0;0;0;0;3737;0;0;0;0;0;0;
42334;3758168;566951936;42102784;515682304;0;0;0;0;0;0;0;0;0;0;0;3526;0;0;0;0;0;0;
42335;4991932;566951936;42102784;515682304;0;0;0;0;0;0;0;0;0;0;0;3737;0;0;0;0;0;0;
42336;3657669;566951936;42102784;515682304;0;0;0;0;0;0;0;0;0;0;0;3556;0;0;0;0;0;0;
42337;5468045;566951936;42102784;515682304;0;0;0;0;0;0;0;0;0;0;0;3226;0;0;0;0;0;0;
42338;3675132;566951936;42102784;515682304;0;0;0;0;0;0;0;0;0;0;0;4558;0;0;0;0;0;0;
42339;5056764;566951936;42102784;515682304;0;0;0;0;0;0;0;0;0;0;0;4488;0;0;0;0;0;0;
42340;3800798;566951936;42102784;515682304;0;0;0;0;0;0;0;0;0;0;0;3466;0;0;0;0;0;0;
42341;5105555;566951936;42102784;515682304;0;0;0;0;0;0;0;0;0;0;0;3787;0;0;0;0;0;0;
42342;3846053;566951936;42102784;515682304;0;0;0;0;0;0;0;0;0;0;0;3987;0;0;0;0;0;0;
42343;5051463;566951936;42102784;515682304;0;0;0;0;0;0;0;0;0;0;0;3997;0;0;0;0;0;0;
42344;3798984;566951936;42102784;515682304;0;0;0;0;0;0;0;0;0;0;0;3196;0;0;0;0;0;0;
42345;5074246;566951936;42102784;515682304;0;0;0;0;0;0;0;0;0;0;0;3406;0;0;0;0;0;0;
42346;3916735;566951936;42102784;515682304;0;0;0;0;0;0;0;0;0;0;0;3968;0;0;0;0;0;0;
42347;5212385;566951936;42102784;515682304;0;0;0;0;0;0;0;0;0;0;0;3857;0;0;0;0;0;0;
42348;3751505;566951936;42102784;515682304;0;0;0;0;0;0;0;0;0;0;0;3697;0;0;0;0;0;0;
42349;5256477;566951936;42102784;515682304;0;0;0;0;0;0;0;0;0;0;0;3877;0;0;0;0;0;0;
42350;3810205;566951936;42102784;515682304;0;0;0;0;0;0;0;0;0;0;0;3547;0;0;0;0;0;0;
42351;5305490;566951936;42102784;515682304;0;0;0;0;0;0;0;0;0;0;0;4228;0;0;0;0;0;0;
42352;3789176;566951936;42102784;515682304;0;0;0;0;0;0;0;0;0;0;0;3436;0;0;0;0;0;0;
42353;5192958;566951936;42102784;515682304;0;0;0;0;0;0;0;0;0;0;0;3556;0;0;0;0;0;0;
42354;3848547;566951936;42102784;515682304;0;0;0;0;0;0;0;0;0;0;0;3607;0;0;0;0;0;0;
42355;5306071;566951936;42102784;515682304;0;0;0;0;0;0;0;0;0;0;0;3627;0;0;0;0;0;0;
42356;3998719;566951936;42102784;515682304;0;0;0;0;0;0;0;0;0;0;0;3897;0;0;0;0;0;0;
42357;5202076;566951936;42102784;515682304;0;0;0;0;0;0;0;0;0;0;0;3136;0;0;0;0;0;0;
42358;3862163;566951936;42102784;515682304;0;0;0;0;0;0;0;0;0;0;0;3797;0;0;0;0;0;0;
42359;5115284;566951936;42102784;515682304;0;0;0;0;0;0;0;0;0;0;0;3476;0;0;0;0;0;0;
42360;4015982;566951936;42102784;515682304;0;0;0;0;0;0;0;0;0;0;0;3747;0;0;0;0;0;0;
42361;5031035;566951936;42102784;515682304;0;0;0;0;0;0;0;0;0;0;0;3306;0;0;0;0;0;0;
42362;3919510;566951936;42102784;515682304;0;0;0;0;0;0;0;0;0;0;0;3166;0;0;0;0;0;0;
42363;5068215;566951936;42102784;515682304;0;0;0;0;0;0;0;0;0;0;0;3216;0;0;0;0;0;0;
42364;4067177;566951936;42102784;515682304;0;0;0;0;0;0;0;0;0;0;0;4168;0;0;0;0;0;0;
42365;5140841;566951936;42102784;515682304;0;0;0;0;0;0;0;0;0;0;0;4028;0;0;0;0;0;0;
42366;3851774;566951936;42102784;515682304;0;0;0;0;0;0;0;0;0;0;0;3466;0;0;0;0;0;0;
42367;5152603;566951936;42102784;515682304;0;0;0;0;0;0;0;0;0;0;0;4108;0;0;0;0;0;0;
42368;3912737;566951936;42102784;515682304;0;0;0;0;0;0;0;0;0;0;0;3476;0;0;0;0;0;0;
42369;5209280;566951936;42102784;515682304;0;0;0;0;0;0;0;0;0;0;0;3416;0;0;0;0;0;0;
42370;4299764;566951936;42102784;515682304;0;0;0;0;0;0;0;0;0;0;0;3246;0;0;0;0;0;0;
42371;5149006;566951936;42102784;515682304;0;0;0;0;0;0;0;0;0;0;0;3316;0;0;0;0;0;0;
42372;3118148;566951936;42102784;515682304;0;0;0;0;0;0;0;0;0;0;0;2715;0;0;0;0;0;0;
42373;4707879;566951936;42102784;515682304;0;0;0;0;0;0;0;0;0;0;0;2675;0;0;0;0;0;0;
42374;2899537;566951936;42102784;515682304;0;0;0;0;0;0;0;0;0;0;0;2675;0;0;0;0;0;0;
42375;4796024;566951936;42102784;515682304;0;0;0;0;0;0;0;0;0;0;0;2695;0;0;0;0;0;0;
42376;3776122;566951936;42102784;515682304;0;0;0;0;0;0;0;0;0;0;0;3476;0;0;0;0;0;0;
42377;5230890;566951936;42102784;515682304;0;0;0;0;0;0;0;0;0;0;0;3307;0;0;0;0;0;0;
42378;3973422;566951936;42102784;515682304;0;0;0;0;0;0;0;0;0;0;0;3266;0;0;0;0;0;0;
42379;8026633;566951936;42102784;515682304;0;0;0;0;0;0;0;0;0;0;0;3436;0;0;0;0;0;0;
42380;10432886;566951936;42102784;515682304;0;0;0;0;0;0;0;0;0;0;0;4448;0;0;0;0;0;0;
42381;5016067;566951936;42102784;515682304;0;0;0;0;0;0;0;0;0;0;0;3677;0;0;0;0;0;0;
42382;3960698;566951936;42102784;515682304;0;0;0;0;0;0;0;0;0;0;0;4117;0;0;0;0;0;0;
42383;4994506;566951936;42102784;515682304;0;0;0;0;0;0;0;0;0;0;0;3457;0;0;0;0;0;0;
42384;3799996;566951936;42102784;515682304;0;0;0;0;0;0;0;0;0;0;0;3316;0;0;0;0;0;0;
42385;5064718;566951936;42102784;515682304;0;0;0;0;0;0;0;0;0;0;0;3286;0;0;0;0;0;0;
42386;3907468;566951936;42102784;515682304;0;0;0;0;0;0;0;0;0;0;0;4048;0;0;0;0;0;0;
42387;5253242;566951936;42102784;515682304;0;0;0;0;0;0;0;0;0;0;0;4448;0;0;0;0;0;0;
42388;3847135;566951936;42102784;515682304;0;0;0;0;0;0;0;0;0;0;0;3967;0;0;0;0;0;0;
42389;5097660;566951936;42102784;515682304;0;0;0;0;0;0;0;0;0;0;0;3977;0;0;0;0;0;0;
42390;3968502;566951936;42102784;515682304;0;0;0;0;0;0;0;0;0;0;0;4298;0;0;0;0;0;0;
42391;5031296;566951936;42102784;515682304;0;0;0;0;0;0;0;0;0;0;0;4137;0;0;0;0;0;0;
42392;3841263;566951936;42102784;515682304;0;0;0;0;0;0;0;0;0;0;0;4379;0;0;0;0;0;0;
42393;5030695;566951936;42102784;515682304;0;0;0;0;0;0;0;0;0;0;0;3677;0;0;0;0;0;0;
42394;3886709;566951936;42102784;515682304;0;0;0;0;0;0;0;0;0;0;0;3807;0;0;0;0;0;0;
42395;4995278;566951936;42102784;515682304;0;0;0;0;0;0;0;0;0;0;0;3636;0;0;0;0;0;0;
42396;3983140;566951936;42102784;515682304;0;0;0;0;0;0;0;0;0;0;0;3767;0;0;0;0;0;0;
42397;5055641;566951936;42102784;515682304;0;0;0;0;0;0;0;0;0;0;0;4107;0;0;0;0;0;0;
42398;3864227;566951936;42102784;515682304;0;0;0;0;0;0;0;0;0;0;0;3637;0;0;0;0;0;0;
42399;5100736;566951936;42102784;515682304;0;0;0;0;0;0;0;0;0;0;0;3858;0;0;0;0;0;0;
42400;3829241;566951936;42102784;515682304;0;0;0;0;0;0;0;0;0;0;0;3837;0;0;0;0;0;0;
42401;5145260;566951936;42102784;515682304;0;0;0;0;0;0;0;0;0;0;0;4498;0;0;0;0;0;0;
42402;3891328;566951936;42102784;515682304;0;0;0;0;0;0;0;0;0;0;0;3627;0;0;0;0;0;0;
42403;5010607;566951936;42102784;515682304;0;0;0;0;0;0;0;0;0;0;0;4308;0;0;0;0;0;0;
42404;3908900;566951936;42102784;515682304;0;0;0;0;0;0;0;0;0;0;0;3747;0;0;0;0;0;0;
42405;5076180;566951936;42102784;515682304;0;0;0;0;0;0;0;0;0;0;0;3947;0;0;0;0;0;0;
42406;3973602;566951936;42102784;515682304;0;0;0;0;0;0;0;0;0;0;0;3677;0;0;0;0;0;0;
42407;5121886;566951936;42102784;515682304;0;0;0;0;0;0;0;0;0;0;0;3697;0;0;0;0;0;0;
42408;3902118;566951936;42102784;515682304;0;0;0;0;0;0;0;0;0;0;0;3636;0;0;0;0;0;0;
42409;5094174;566951936;42102784;515682304;0;0;0;0;0;0;0;0;0;0;0;4178;0;0;0;0;0;0;
42410;3822268;566951936;42102784;515682304;0;0;0;0;0;0;0;0;0;0;0;3887;0;0;0;0;0;0;
42411;5161179;566951936;42102784;515682304;0;0;0;0;0;0;0;0;0;0;0;12323;0;0;0;0;0;0;
42412;3853607;566951936;42102784;515682304;0;0;0;0;0;0;0;0;0;0;0;3808;0;0;0;0;0;0;
42413;5207817;566951936;42102784;515682304;0;0;0;0;0;0;0;0;0;0;0;4057;0;0;0;0;0;0;
42414;3830744;566951936;42102784;515682304;0;0;0;0;0;0;0;0;0;0;0;3827;0;0;0;0;0;0;
42415;5070920;566951936;42102784;515682304;0;0;0;0;0;0;0;0;0;0;0;3767;0;0;0;0;0;0;
42416;3948505;566951936;42102784;515682304;0;0;0;0;0;0;0;0;0;0;0;4148;0;0;0;0;0;0;
42417;5004235;566951936;42102784;515682304;0;0;0;0;0;0;0;0;0;0;0;3667;0;0;0;0;0;0;
42418;3916114;566951936;42102784;515682304;0;0;0;0;0;0;0;0;0;0;0;3727;0;0;0;0;0;0;
42419;5031587;566951936;42102784;515682304;0;0;0;0;0;0;0;0;0;0;0;4037;0;0;0;0;0;0;
42420;3827198;566951936;42102784;515682304;0;0;0;0;0;0;0;0;0;0;0;4359;0;0;0;0;0;0;
42421;5152123;566951936;42102784;515682304;0;0;0;0;0;0;0;0;0;0;0;10008;0;0;0;0;0;0;
42422;3888002;566951936;42102784;515682304;0;0;0;0;0;0;0;0;0;0;0;3226;0;0;0;0;0;0;
42423;4970993;566951936;42102784;515682304;0;0;0;0;0;0;0;0;0;0;0;3096;0;0;0;0;0;0;
42424;2595037;566951936;42102784;515682304;0;0;0;0;0;0;0;0;0;0;0;2856;0;0;0;0;0;0;
42425;4814850;566951936;42102784;515682304;0;0;0;0;0;0;0;0;0;0;0;3276;0;0;0;0;0;0;
42426;2712116;566951936;42102784;515682304;0;0;0;0;0;0;0;0;0;0;0;3105;0;0;0;0;0;0;
42427;4862389;566951936;42102784;515682304;0;0;0;0;0;0;0;0;0;0;0;3397;0;0;0;0;0;0;
42428;2683282;566951936;42102784;515682304;0;0;0;0;0;0;0;0;0;0;0;3116;0;0;0;0;0;0;
42429;4857359;566951936;42102784;515682304;0;0;0;0;0;0;0;0;0;0;0;3276;0;0;0;0;0;0;
42430;2729028;566951936;42102784;515682304;0;0;0;0;0;0;0;0;0;0;0;2825;0;0;0;0;0;0;
42431;4795694;566951936;42102784;515682304;0;0;0;0;0;0;0;0;0;0;0;3046;0;0;0;0;0;0;
42432;2673263;566951936;42102784;515682304;0;0;0;0;0;0;0;0;0;0;0;2875;0;0;0;0;0;0;
42433;4797517;566951936;42102784;515682304;0;0;0;0;0;0;0;0;0;0;0;2915;0;0;0;0;0;0;
42434;2615545;566951936;42102784;515682304;0;0;0;0;0;0;0;0;0;0;0;3186;0;0;0;0;0;0;
42435;4784002;566951936;42102784;515682304;0;0;0;0;0;0;0;0;0;0;0;3567;0;0;0;0;0;0;
42436;3014393;566951936;42102784;515682304;0;0;0;0;0;0;0;0;0;0;0;4097;0;0;0;0;0;0;
42437;5029632;566951936;42102784;515682304;0;0;0;0;0;0;0;0;0;0;0;4138;0;0;0;0;0;0;
42438;3854058;566951936;42102784;515682304;0;0;0;0;0;0;0;0;0;0;0;3457;0;0;0;0;0;0;
42439;5050782;566951936;42102784;515682304;0;0;0;0;0;0;0;0;0;0;0;4488;0;0;0;0;0;0;
42440;3795448;566951936;42102784;515682304;0;0;0;0;0;0;0;0;0;0;0;4628;0;0;0;0;0;0;
42441;5078094;566951936;42102784;515682304;0;0;0;0;0;0;0;0;0;0;0;3978;0;0;0;0;0;0;
42442;3849710;566951936;42102784;515682304;0;0;0;0;0;0;0;0;0;0;0;3878;0;0;0;0;0;0;
42443;5152052;566951936;42102784;515682304;0;0;0;0;0;0;0;0;0;0;0;3747;0;0;0;0;0;0;
42444;3377304;566951936;42102784;515682304;0;0;0;0;0;0;0;0;0;0;0;3106;0;0;0;0;0;0;
42445;4723549;566951936;42102784;515682304;0;0;0;0;0;0;0;0;0;0;0;3246;0;0;0;0;0;0;
42446;2850956;566951936;42102784;515682304;0;0;0;0;0;0;0;0;0;0;0;2935;0;0;0;0;0;0;
42447;4707688;566951936;42102784;515682304;0;0;0;0;0;0;0;0;0;0;0;2895;0;0;0;0;0;0;
42448;2768552;566951936;42102784;515682304;0;0;0;0;0;0;0;0;0;0;0;3907;0;0;0;0;0;0;
42449;4800783;566951936;42102784;515682304;0;0;0;0;0;0;0;0;0;0;0;3105;0;0;0;0;0;0;
42450;2968016;566951936;42102784;515682304;0;0;0;0;0;0;0;0;0;0;0;3787;0;0;0;0;0;0;
42451;4804721;566951936;42102784;515682304;0;0;0;0;0;0;0;0;0;0;0;2936;0;0;0;0;0;0;
42452;2788059;566951936;42102784;515682304;0;0;0;0;0;0;0;0;0;0;0;3446;0;0;0;0;0;0;
42453;4795073;566951936;42102784;515682304;0;0;0;0;0;0;0;0;0;0;0;3026;0;0;0;0;0;0;
42454;2780735;566951936;42102784;515682304;0;0;0;0;0;0;0;0;0;0;0;3296;0;0;0;0;0;0;
42455;4854284;566951936;42102784;515682304;0;0;0;0;0;0;0;0;0;0;0;3516;0;0;0;0;0;0;
42456;3027248;566951936;42102784;515682304;0;0;0;0;0;0;0;0;0;0;0;4849;0;0;0;0;0;0;
42457;5125542;566951936;42102784;515682304;0;0;0;0;0;0;0;0;0;0;0;4468;0;0;0;0;0;0;
42458;3850351;566951936;42102784;515682304;0;0;0;0;0;0;0;0;0;0;0;4388;0;0;0;0;0;0;
42459;4998314;566951936;42102784;515682304;0;0;0;0;0;0;0;0;0;0;0;4128;0;0;0;0;0;0;
42460;3822018;566951936;42102784;515682304;0;0;0;0;0;0;0;0;0;0;0;4117;0;0;0;0;0;0;
42461;5144328;566951936;42102784;515682304;0;0;0;0;0;0;0;0;0;0;0;3727;0;0;0;0;0;0;
42462;3845521;566951936;42102784;515682304;0;0;0;0;0;0;0;0;0;0;0;4368;0;0;0;0;0;0;
42463;5108431;566951936;42102784;515682304;0;0;0;0;0;0;0;0;0;0;0;3938;0;0;0;0;0;0;
42464;3932335;566951936;42102784;515682304;0;0;0;0;0;0;0;0;0;0;0;4128;0;0;0;0;0;0;
42465;4991652;566951936;42102784;515682304;0;0;0;0;0;0;0;0;0;0;0;4087;0;0;0;0;0;0;
42466;3527986;566951936;42102784;515682304;0;0;0;0;0;0;0;0;0;0;0;3446;0;0;0;0;0;0;
42467;4826281;566951936;42102784;515682304;0;0;0;0;0;0;0;0;0;0;0;3216;0;0;0;0;0;0;
42468;2662764;566951936;42102784;515682304;0;0;0;0;0;0;0;0;0;0;0;3366;0;0;0;0;0;0;
42469;4892185;566951936;42102784;515682304;0;0;0;0;0;0;0;0;0;0;0;3076;0;0;0;0;0;0;
42470;2734518;566951936;42102784;515682304;0;0;0;0;0;0;0;0;0;0;0;2915;0;0;0;0;0;0;
42471;4826261;566951936;42102784;515682304;0;0;0;0;0;0;0;0;0;0;0;3006;0;0;0;0;0;0;
42472;2783500;566951936;42102784;515682304;0;0;0;0;0;0;0;0;0;0;0;3306;0;0;0;0;0;0;
42473;4703030;566951936;42102784;515682304;0;0;0;0;0;0;0;0;0;0;0;3216;0;0;0;0;0;0;
42474;2697058;566951936;42102784;515682304;0;0;0;0;0;0;0;0;0;0;0;2985;0;0;0;0;0;0;
42475;4869382;566951936;42102784;515682304;0;0;0;0;0;0;0;0;0;0;0;3397;0;0;0;0;0;0;
42476;2716775;566951936;42102784;515682304;0;0;0;0;0;0;0;0;0;0;0;3016;0;0;0;0;0;0;
42477;4749126;566951936;42102784;515682304;0;0;0;0;0;0;0;0;0;0;0;2946;0;0;0;0;0;0;
42478;2951435;566951936;42102784;515682304;0;0;0;0;0;0;0;0;0;0;0;3877;0;0;0;0;0;0;
42479;4766389;566951936;42102784;515682304;0;0;0;0;0;0;0;0;0;0;0;3547;0;0;0;0;0;0;
42480;2843763;566951936;42102784;515682304;0;0;0;0;0;0;0;0;0;0;0;3376;0;0;0;0;0;0;
42481;4741492;566951936;42102784;515682304;0;0;0;0;0;0;0;0;0;0;0;3647;0;0;0;0;0;0;
42482;2879811;566951936;42102784;515682304;0;0;0;0;0;0;0;0;0;0;0;3387;0;0;0;0;0;0;
42483;4745439;566951936;42102784;515682304;0;0;0;0;0;0;0;0;0;0;0;3647;0;0;0;0;0;0;
42484;2728637;566951936;42102784;515682304;0;0;0;0;0;0;0;0;0;0;0;3115;0;0;0;0;0;0;
42485;4774614;566951936;42102784;515682304;0;0;0;0;0;0;0;0;0;0;0;3066;0;0;0;0;0;0;
42486;2860214;566951936;42102784;515682304;0;0;0;0;0;0;0;0;0;0;0;2875;0;0;0;0;0;0;
42487;4820410;566951936;42102784;515682304;0;0;0;0;0;0;0;0;0;0;0;3106;0;0;0;0;0;0;
42488;3782584;566951936;42102784;515682304;0;0;0;0;0;0;0;0;0;0;0;4528;0;0;0;0;0;0;
42489;5209981;566951936;42102784;515682304;0;0;0;0;0;0;0;0;0;0;0;4137;0;0;0;0;0;0;
42490;3977149;566951936;42102784;515682304;0;0;0;0;0;0;0;0;0;0;0;3937;0;0;0;0;0;0;
42491;5039471;566951936;42102784;515682304;0;0;0;0;0;0;0;0;0;0;0;4678;0;0;0;0;0;0;
42492;3948925;566951936;42102784;515682304;0;0;0;0;0;0;0;0;0;0;0;4238;0;0;0;0;0;0;
42493;5002602;566951936;42102784;515682304;0;0;0;0;0;0;0;0;0;0;0;4077;0;0;0;0;0;0;
42494;3930311;566951936;42102784;515682304;0;0;0;0;0;0;0;0;0;0;0;4208;0;0;0;0;0;0;
42495;5023951;566951936;42102784;515682304;0;0;0;0;0;0;0;0;0;0;0;3767;0;0;0;0;0;0;
42496;3792963;566951936;42102784;515682304;0;0;0;0;0;0;0;0;0;0;0;4789;0;0;0;0;0;0;
42497;5000738;566951936;42102784;515682304;0;0;0;0;0;0;0;0;0;0;0;3817;0;0;0;0;0;0;
42498;3869036;566951936;42102784;515682304;0;0;0;0;0;0;0;0;0;0;0;4048;0;0;0;0;0;0;
42499;4975671;566951936;42102784;515682304;0;0;0;0;0;0;0;0;0;0;0;3717;0;0;0;0;0;0;
42500;3794396;566951936;42102784;515682304;0;0;0;0;0;0;0;0;0;0;0;3958;0;0;0;0;0;0;
42501;5059769;566951936;42102784;515682304;0;0;0;0;0;0;0;0;0;0;0;4218;0;0;0;0;0;0;
42502;3800337;566951936;42102784;515682304;0;0;0;0;0;0;0;0;0;0;0;3928;0;0;0;0;0;0;
42503;5111075;566951936;42102784;515682304;0;0;0;0;0;0;0;0;0;0;0;3587;0;0;0;0;0;0;
42504;3773276;566951936;42102784;515682304;0;0;0;0;0;0;0;0;0;0;0;3888;0;0;0;0;0;0;
42505;5092320;566951936;42102784;515682304;0;0;0;0;0;0;0;0;0;0;0;3928;0;0;0;0;0;0;
42506;3847716;566951936;42102784;515682304;0;0;0;0;0;0;0;0;0;0;0;4228;0;0;0;0;0;0;
42507;5090747;566951936;42102784;515682304;0;0;0;0;0;0;0;0;0;0;0;4208;0;0;0;0;0;0;
42508;3975766;566951936;42102784;515682304;0;0;0;0;0;0;0;0;0;0;0;3978;0;0;0;0;0;0;
42509;5094474;566951936;42102784;515682304;0;0;0;0;0;0;0;0;0;0;0;4158;0;0;0;0;0;0;
42510;3840002;566951936;42102784;515682304;0;0;0;0;0;0;0;0;0;0;0;3987;0;0;0;0;0;0;
42511;4981873;566951936;42102784;515682304;0;0;0;0;0;0;0;0;0;0;0;4207;0;0;0;0;0;0;
42512;4020971;566951936;42102784;515682304;0;0;0;0;0;0;0;0;0;0;0;3838;0;0;0;0;0;0;
42513;5017470;566951936;42102784;515682304;0;0;0;0;0;0;0;0;0;0;0;4087;0;0;0;0;0;0;
42514;3770942;566951936;42102784;515682304;0;0;0;0;0;0;0;0;0;0;0;3887;0;0;0;0;0;0;
42515;5067483;566951936;42102784;515682304;0;0;0;0;0;0;0;0;0;0;0;3928;0;0;0;0;0;0;
42516;3805707;566951936;42102784;515682304;0;0;0;0;0;0;0;0;0;0;0;4148;0;0;0;0;0;0;
42517;5116515;566951936;42102784;515682304;0;0;0;0;0;0;0;0;0;0;0;4078;0;0;0;0;0;0;
42518;3225368;566951936;42102784;515682304;0;0;0;0;0;0;0;0;0;0;0;2856;0;0;0;0;0;0;
42519;4836380;566951936;42102784;515682304;0;0;0;0;0;0;0;0;0;0;0;2575;0;0;0;0;0;0;
42520;2741011;566951936;42102784;515682304;0;0;0;0;0;0;0;0;0;0;0;3086;0;0;0;0;0;0;
42521;4823416;566951936;42102784;515682304;0;0;0;0;0;0;0;0;0;0;0;2966;0;0;0;0;0;0;
42522;2777208;566951936;42102784;515682304;0;0;0;0;0;0;0;0;0;0;0;2855;0;0;0;0;0;0;
42523;4773472;566951936;42102784;515682304;0;0;0;0;0;0;0;0;0;0;0;3436;0;0;0;0;0;0;
42524;3019182;566951936;42102784;515682304;0;0;0;0;0;0;0;0;0;0;0;3035;0;0;0;0;0;0;
42525;4834025;566951936;42102784;515682304;0;0;0;0;0;0;0;0;0;0;0;2976;0;0;0;0;0;0;
42526;2719640;566951936;42102784;515682304;0;0;0;0;0;0;0;0;0;0;0;2645;0;0;0;0;0;0;
42527;4814348;566951936;42102784;515682304;0;0;0;0;0;0;0;0;0;0;0;2866;0;0;0;0;0;0;
42528;2774644;566951936;42102784;515682304;0;0;0;0;0;0;0;0;0;0;0;3105;0;0;0;0;0;0;
42529;4773402;566951936;42102784;515682304;0;0;0;0;0;0;0;0;0;0;0;3186;0;0;0;0;0;0;
42530;2975270;566951936;42102784;515682304;0;0;0;0;0;0;0;0;0;0;0;4128;0;0;0;0;0;0;
42531;4980090;566951936;42102784;515682304;0;0;0;0;0;0;0;0;0;0;0;3777;0;0;0;0;0;0;
42532;4043894;566951936;42102784;515682304;0;0;0;0;0;0;0;0;0;0;0;4048;0;0;0;0;0;0;
42533;4994306;566951936;42102784;515682304;0;0;0;0;0;0;0;0;0;0;0;3506;0;0;0;0;0;0;
42534;3928357;566951936;42102784;515682304;0;0;0;0;0;0;0;0;0;0;0;3867;0;0;0;0;0;0;
42535;5093352;566951936;42102784;515682304;0;0;0;0;0;0;0;0;0;0;0;3988;0;0;0;0;0;0;
42536;4101812;566951936;42102784;515682304;0;0;0;0;0;0;0;0;0;0;0;4338;0;0;0;0;0;0;
42537;5070689;566951936;42102784;515682304;0;0;0;0;0;0;0;0;0;0;0;3737;0;0;0;0;0;0;
42538;3835623;566951936;42102784;515682304;0;0;0;0;0;0;0;0;0;0;0;3978;0;0;0;0;0;0;
42539;5133798;566951936;42102784;515682304;0;0;0;0;0;0;0;0;0;0;0;3767;0;0;0;0;0;0;
42540;4032222;566951936;42102784;515682304;0;0;0;0;0;0;0;0;0;0;0;4137;0;0;0;0;0;0;
42541;5093032;566951936;42102784;515682304;0;0;0;0;0;0;0;0;0;0;0;4058;0;0;0;0;0;0;
42542;3901777;566951936;42102784;515682304;0;0;0;0;0;0;0;0;0;0;0;3898;0;0;0;0;0;0;
42543;4996821;566951936;42102784;515682304;0;0;0;0;0;0;0;0;0;0;0;4017;0;0;0;0;0;0;
42544;3798704;566951936;42102784;515682304;0;0;0;0;0;0;0;0;0;0;0;3627;0;0;0;0;0;0;
42545;5195434;566951936;42102784;515682304;0;0;0;0;0;0;0;0;0;0;0;3817;0;0;0;0;0;0;
42546;3866712;566951936;42102784;515682304;0;0;0;0;0;0;0;0;0;0;0;4479;0;0;0;0;0;0;
42547;5070489;566951936;42102784;515682304;0;0;0;0;0;0;0;0;0;0;0;3978;0;0;0;0;0;0;
42548;3799566;566951936;42102784;515682304;0;0;0;0;0;0;0;0;0;0;0;3887;0;0;0;0;0;0;
42549;5142594;566951936;42102784;515682304;0;0;0;0;0;0;0;0;0;0;0;3987;0;0;0;0;0;0;
42550;4063871;566951936;42102784;515682304;0;0;0;0;0;0;0;0;0;0;0;4799;0;0;0;0;0;0;
42551;5136944;566951936;42102784;515682304;0;0;0;0;0;0;0;0;0;0;0;3867;0;0;0;0;0;0;
42552;3937915;566951936;42102784;515682304;0;0;0;0;0;0;0;0;0;0;0;4338;0;0;0;0;0;0;
42553;5079155;566951936;42102784;515682304;0;0;0;0;0;0;0;0;0;0;0;4108;0;0;0;0;0;0;
42554;3906646;566951936;42102784;515682304;0;0;0;0;0;0;0;0;0;0;0;3797;0;0;0;0;0;0;
42555;5157702;566951936;42102784;515682304;0;0;0;0;0;0;0;0;0;0;0;3827;0;0;0;0;0;0;
42556;3946912;566951936;42102784;515682304;0;0;0;0;0;0;0;0;0;0;0;3948;0;0;0;0;0;0;
42557;5232703;566951936;42102784;515682304;0;0;0;0;0;0;0;0;0;0;0;4148;0;0;0;0;0;0;
42558;4148029;566951936;42102784;515682304;0;0;0;0;0;0;0;0;0;0;0;4208;0;0;0;0;0;0;
42559;5183311;566951936;42102784;515682304;0;0;0;0;0;0;0;0;0;0;0;4458;0;0;0;0;0;0;
42560;4014589;566951936;42102784;515682304;0;0;0;0;0;0;0;0;0;0;0;4178;0;0;0;0;0;0;
42561;5150248;566951936;42102784;515682304;0;0;0;0;0;0;0;0;0;0;0;3887;0;0;0;0;0;0;
42562;3924310;566951936;42102784;515682304;0;0;0;0;0;0;0;0;0;0;0;4228;0;0;0;0;0;0;
42563;5183902;566951936;42102784;515682304;0;0;0;0;0;0;0;0;0;0;0;3787;0;0;0;0;0;0;
42564;3949987;566951936;42102784;515682304;0;0;0;0;0;0;0;0;0;0;0;4368;0;0;0;0;0;0;
42565;5022039;566951936;42102784;515682304;0;0;0;0;0;0;0;0;0;0;0;4168;0;0;0;0;0;0;
42566;3936352;566951936;42102784;515682304;0;0;0;0;0;0;0;0;0;0;0;3947;0;0;0;0;0;0;
42567;5097530;566951936;42102784;515682304;0;0;0;0;0;0;0;0;0;0;0;3918;0;0;0;0;0;0;
42568;3884685;566951936;42102784;515682304;0;0;0;0;0;0;0;0;0;0;0;4318;0;0;0;0;0;0;
42569;5032327;566951936;42102784;515682304;0;0;0;0;0;0;0;0;0;0;0;3977;0;0;0;0;0;0;
42570;3980165;566951936;42102784;515682304;0;0;0;0;0;0;0;0;0;0;0;4238;0;0;0;0;0;0;
42571;5197437;566951936;42102784;515682304;0;0;0;0;0;0;0;0;0;0;0;4559;0;0;0;0;0;0;
42572;3727099;566951936;42102784;515682304;0;0;0;0;0;0;0;0;0;0;0;3306;0;0;0;0;0;0;
42573;4852420;566951936;42102784;515682304;0;0;0;0;0;0;0;0;0;0;0;3246;0;0;0;0;0;0;
42574;2985479;566951936;42102784;515682304;0;0;0;0;0;0;0;0;0;0;0;3356;0;0;0;0;0;0;
42575;4813107;566951936;42102784;515682304;0;0;0;0;0;0;0;0;0;0;0;3046;0;0;0;0;0;0;
42576;2768132;566951936;42102784;515682304;0;0;0;0;0;0;0;0;0;0;0;3557;0;0;0;0;0;0;
42577;4818988;566951936;42102784;515682304;0;0;0;0;0;0;0;0;0;0;0;2826;0;0;0;0;0;0;
42578;2722646;566951936;42102784;515682304;0;0;0;0;0;0;0;0;0;0;0;3236;0;0;0;0;0;0;
42579;4727847;566951936;42102784;515682304;0;0;0;0;0;0;0;0;0;0;0;3416;0;0;0;0;0;0;
42580;2723097;566951936;42102784;515682304;0;0;0;0;0;0;0;0;0;0;0;3667;0;0;0;0;0;0;
42581;4780926;566951936;42102784;515682304;0;0;0;0;0;0;0;0;0;0;0;3306;0;0;0;0;0;0;
42582;2860625;566951936;42102784;515682304;0;0;0;0;0;0;0;0;0;0;0;3065;0;0;0;0;0;0;
42583;4744017;566951936;42102784;515682304;0;0;0;0;0;0;0;0;0;0;0;3186;0;0;0;0;0;0;
42584;2807635;566951936;42102784;515682304;0;0;0;0;0;0;0;0;0;0;0;3186;0;0;0;0;0;0;
42585;4798620;566951936;42102784;515682304;0;0;0;0;0;0;0;0;0;0;0;3146;0;0;0;0;0;0;
42586;2757372;566951936;42102784;515682304;0;0;0;0;0;0;0;0;0;0;0;3406;0;0;0;0;0;0;
42587;4877687;566951936;42102784;515682304;0;0;0;0;0;0;0;0;0;0;0;3456;0;0;0;0;0;0;
42588;2755748;566951936;42102784;515682304;0;0;0;0;0;0;0;0;0;0;0;3286;0;0;0;0;0;0;
42589;4981041;566951936;42102784;515682304;0;0;0;0;0;0;0;0;0;0;0;3256;0;0;0;0;0;0;
42590;3490967;566951936;42102784;515682304;0;0;0;0;0;0;0;0;0;0;0;4268;0;0;0;0;0;0;
42591;5022258;566951936;42102784;515682304;0;0;0;0;0;0;0;0;0;0;0;3857;0;0;0;0;0;0;
42592;3974433;566951936;42102784;515682304;0;0;0;0;0;0;0;0;0;0;0;4108;0;0;0;0;0;0;
42593;4960413;566951936;42102784;515682304;0;0;0;0;0;0;0;0;0;0;0;4068;0;0;0;0;0;0;
42594;3814724;566951936;42102784;515682304;0;0;0;0;0;0;0;0;0;0;0;4308;0;0;0;0;0;0;
42595;5020575;566951936;42102784;515682304;0;0;0;0;0;0;0;0;0;0;0;3968;0;0;0;0;0;0;
42596;4000543;566951936;42102784;515682304;0;0;0;0;0;0;0;0;0;0;0;4268;0;0;0;0;0;0;
42597;5001740;566951936;42102784;515682304;0;0;0;0;0;0;0;0;0;0;0;3677;0;0;0;0;0;0;
42598;4102083;566951936;42102784;515682304;0;0;0;0;0;0;0;0;0;0;0;4458;0;0;0;0;0;0;
42599;5010957;566951936;42102784;515682304;0;0;0;0;0;0;0;0;0;0;0;3757;0;0;0;0;0;0;
42600;3705629;566951936;42102784;515682304;0;0;0;0;0;0;0;0;0;0;0;3366;0;0;0;0;0;0;
42601;4738196;566951936;42102784;515682304;0;0;0;0;0;0;0;0;0;0;0;2826;0;0;0;0;0;0;
42602;3127675;566951936;42102784;515682304;0;0;0;0;0;0;0;0;0;0;0;4128;0;0;0;0;0;0;
42603;5215962;566951936;42102784;515682304;0;0;0;0;0;0;0;0;0;0;0;3717;0;0;0;0;0;0;
42604;3793604;566951936;42102784;515682304;0;0;0;0;0;0;0;0;0;0;0;4017;0;0;0;0;0;0;
42605;5089705;566951936;42102784;515682304;0;0;0;0;0;0;0;0;0;0;0;3878;0;0;0;0;0;0;
42606;3908901;566951936;42102784;515682304;0;0;0;0;0;0;0;0;0;0;0;4038;0;0;0;0;0;0;
42607;5171859;566951936;42102784;515682304;0;0;0;0;0;0;0;0;0;0;0;3917;0;0;0;0;0;0;
42608;3502870;566951936;42102784;515682304;0;0;0;0;0;0;0;0;0;0;0;3166;0;0;0;0;0;0;
42609;4931097;566951936;42102784;515682304;0;0;0;0;0;0;0;0;0;0;0;3156;0;0;0;0;0;0;
42610;2698440;566951936;42102784;515682304;0;0;0;0;0;0;0;0;0;0;0;3146;0;0;0;0;0;0;
42611;8069774;566951936;42102784;515682304;0;0;0;0;0;0;0;0;0;0;0;3407;0;0;0;0;0;0;
42612;9134701;566951936;42102784;515682304;0;0;0;0;0;0;0;0;0;0;0;4859;0;0;0;0;0;0;
42613;5551511;566951936;42102784;515682304;0;0;0;0;0;0;0;0;0;0;0;3677;0;0;0;0;0;0;
42614;2792027;566951936;42102784;515682304;0;0;0;0;0;0;0;0;0;0;0;2856;0;0;0;0;0;0;
42615;4999486;566951936;42102784;515682304;0;0;0;0;0;0;0;0;0;0;0;3186;0;0;0;0;0;0;
42616;2597521;566951936;42102784;515682304;0;0;0;0;0;0;0;0;0;0;0;3356;0;0;0;0;0;0;
42617;4930206;566951936;42102784;515682304;0;0;0;0;0;0;0;0;0;0;0;3267;0;0;0;0;0;0;
42618;2755849;566951936;42102784;515682304;0;0;0;0;0;0;0;0;0;0;0;2865;0;0;0;0;0;0;
42619;4695476;566951936;42102784;515682304;0;0;0;0;0;0;0;0;0;0;0;3066;0;0;0;0;0;0;
42620;2656823;566951936;42102784;515682304;0;0;0;0;0;0;0;0;0;0;0;3055;0;0;0;0;0;0;
42621;4737064;566951936;42102784;515682304;0;0;0;0;0;0;0;0;0;0;0;3035;0;0;0;0;0;0;
42622;2698190;566951936;42102784;515682304;0;0;0;0;0;0;0;0;0;0;0;2956;0;0;0;0;0;0;
42623;4939513;566951936;42102784;515682304;0;0;0;0;0;0;0;0;0;0;0;3426;0;0;0;0;0;0;
42624;2692640;566951936;42102784;515682304;0;0;0;0;0;0;0;0;0;0;0;2805;0;0;0;0;0;0;
42625;5099814;566951936;42102784;515682304;0;0;0;0;0;0;0;0;0;0;0;3316;0;0;0;0;0;0;
42626;2646213;566951936;42102784;515682304;0;0;0;0;0;0;0;0;0;0;0;3166;0;0;0;0;0;0;
42627;4818336;566951936;42102784;515682304;0;0;0;0;0;0;0;0;0;0;0;3006;0;0;0;0;0;0;
42628;2706536;566951936;42102784;515682304;0;0;0;0;0;0;0;0;0;0;0;3026;0;0;0;0;0;0;
42629;4759637;566951936;42102784;515682304;0;0;0;0;0;0;0;0;0;0;0;3196;0;0;0;0;0;0;
42630;2786376;566951936;42102784;515682304;0;0;0;0;0;0;0;0;0;0;0;3357;0;0;0;0;0;0;
42631;4738346;566951936;42102784;515682304;0;0;0;0;0;0;0;0;0;0;0;3326;0;0;0;0;0;0;
42632;2809539;566951936;42102784;515682304;0;0;0;0;0;0;0;0;0;0;0;3316;0;0;0;0;0;0;
42633;4796064;566951936;42102784;515682304;0;0;0;0;0;0;0;0;0;0;0;3196;0;0;0;0;0;0;
42634;2897404;566951936;42102784;515682304;0;0;0;0;0;0;0;0;0;0;0;3367;0;0;0;0;0;0;
42635;4808287;566951936;42102784;515682304;0;0;0;0;0;0;0;0;0;0;0;2895;0;0;0;0;0;0;
42636;2819137;566951936;42102784;515682304;0;0;0;0;0;0;0;0;0;0;0;3216;0;0;0;0;0;0;
42637;4883559;566951936;42102784;515682304;0;0;0;0;0;0;0;0;0;0;0;3707;0;0;0;0;0;0;
42638;3011317;566951936;42102784;515682304;0;0;0;0;0;0;0;0;0;0;0;3567;0;0;0;0;0;0;
42639;4843353;566951936;42102784;515682304;0;0;0;0;0;0;0;0;0;0;0;3857;0;0;0;0;0;0;
42640;2746761;566951936;42102784;515682304;0;0;0;0;0;0;0;0;0;0;0;3286;0;0;0;0;0;0;
42641;4835248;566951936;42102784;515682304;0;0;0;0;0;0;0;0;0;0;0;3286;0;0;0;0;0;0;
42642;2706856;566951936;42102784;515682304;0;0;0;0;0;0;0;0;0;0;0;3196;0;0;0;0;0;0;
42643;4757122;566951936;42102784;515682304;0;0;0;0;0;0;0;0;0;0;0;3317;0;0;0;0;0;0;
42644;2933913;566951936;42102784;515682304;0;0;0;0;0;0;0;0;0;0;0;3407;0;0;0;0;0;0;
42645;4825590;566951936;42102784;515682304;0;0;0;0;0;0;0;0;0;0;0;3025;0;0;0;0;0;0;
42646;2875933;566951936;42102784;515682304;0;0;0;0;0;0;0;0;0;0;0;3226;0;0;0;0;0;0;
42647;4892275;566951936;42102784;515682304;0;0;0;0;0;0;0;0;0;0;0;3327;0;0;0;0;0;0;
42648;2774173;566951936;42102784;515682304;0;0;0;0;0;0;0;0;0;0;0;3857;0;0;0;0;0;0;
42649;5202707;566951936;42102784;515682304;0;0;0;0;0;0;0;0;0;0;0;3657;0;0;0;0;0;0;
42650;5237212;566951936;42102784;515682304;0;0;0;0;0;0;0;0;0;0;0;4308;0;0;0;0;0;0;
42651;5264823;566951936;42102784;515682304;0;0;0;0;0;0;0;0;0;0;0;3356;0;0;0;0;0;0;
42652;4209204;566951936;42102784;515682304;0;0;0;0;0;0;0;0;0;0;0;4168;0;0;0;0;0;0;
42653;5324155;566951936;42102784;515682304;0;0;0;0;0;0;0;0;0;0;0;4127;0;0;0;0;0;0;
42654;4146426;566951936;42102784;515682304;0;0;0;0;0;0;0;0;0;0;0;4499;0;0;0;0;0;0;
42655;5168643;566951936;42102784;515682304;0;0;0;0;0;0;0;0;0;0;0;3797;0;0;0;0;0;0;
42656;3942213;566951936;42102784;515682304;0;0;0;0;0;0;0;0;0;0;0;3878;0;0;0;0;0;0;
42657;5235288;566951936;42102784;515682304;0;0;0;0;0;0;0;0;0;0;0;4258;0;0;0;0;0;0;
42658;4051688;566951936;42102784;515682304;0;0;0;0;0;0;0;0;0;0;0;3897;0;0;0;0;0;0;
42659;5399556;566951936;42102784;515682304;0;0;0;0;0;0;0;0;0;0;0;4829;0;0;0;0;0;0;
42660;4282721;566951936;42102784;515682304;0;0;0;0;0;0;0;0;0;0;0;3908;0;0;0;0;0;0;
42661;5603449;566951936;42102784;515682304;0;0;0;0;0;0;0;0;0;0;0;5430;0;0;0;0;0;0;
42662;4239571;566951936;42102784;515682304;0;0;0;0;0;0;0;0;0;0;0;4379;0;0;0;0;0;0;
42663;5731178;566951936;42102784;515682304;0;0;0;0;0;0;0;0;0;0;0;4479;0;0;0;0;0;0;
42664;4247235;566951936;42102784;515682304;0;0;0;0;0;0;0;0;0;0;0;4899;0;0;0;0;0;0;
42665;5795870;566951936;42102784;515682304;0;0;0;0;0;0;0;0;0;0;0;5109;0;0;0;0;0;0;
42666;4444485;566951936;42102784;515682304;0;0;0;0;0;0;0;0;0;0;0;4719;0;0;0;0;0;0;
42667;5559546;566951936;42102784;515682304;0;0;0;0;0;0;0;0;0;0;0;4579;0;0;0;0;0;0;
42668;4464062;566951936;42102784;515682304;0;0;0;0;0;0;0;0;0;0;0;4268;0;0;0;0;0;0;
42669;5529620;566951936;42102784;515682304;0;0;0;0;0;0;0;0;0;0;0;5049;0;0;0;0;0;0;
42670;4412064;566951936;42102784;515682304;0;0;0;0;0;0;0;0;0;0;0;5200;0;0;0;0;0;0;
42671;5702885;566951936;42102784;515682304;0;0;0;0;0;0;0;0;0;0;0;4489;0;0;0;0;0;0;
42672;4554502;566951936;42102784;515682304;0;0;0;0;0;0;0;0;0;0;0;4989;0;0;0;0;0;0;
42673;5521965;566951936;42102784;515682304;0;0;0;0;0;0;0;0;0;0;0;4027;0;0;0;0;0;0;
42674;4463992;566951936;42102784;515682304;0;0;0;0;0;0;0;0;0;0;0;4017;0;0;0;0;0;0;
42675;5410697;566951936;42102784;515682304;0;0;0;0;0;0;0;0;0;0;0;4679;0;0;0;0;0;0;
42676;4188245;566951936;42102784;515682304;0;0;0;0;0;0;0;0;0;0;0;4839;0;0;0;0;0;0;
42677;5452495;566951936;42102784;515682304;0;0;0;0;0;0;0;0;0;0;0;4989;0;0;0;0;0;0;
42678;4341953;566951936;42102784;515682304;0;0;0;0;0;0;0;0;0;0;0;4268;0;0;0;0;0;0;
42679;5556791;566951936;42102784;515682304;0;0;0;0;0;0;0;0;0;0;0;4147;0;0;0;0;0;0;
42680;4156916;566951936;42102784;515682304;0;0;0;0;0;0;0;0;0;0;0;5210;0;0;0;0;0;0;
42681;5512959;566951936;42102784;515682304;0;0;0;0;0;0;0;0;0;0;0;4348;0;0;0;0;0;0;
42682;4345129;566951936;42102784;515682304;0;0;0;0;0;0;0;0;0;0;0;4248;0;0;0;0;0;0;
42683;5483704;566951936;42102784;515682304;0;0;0;0;0;0;0;0;0;0;0;3927;0;0;0;0;0;0;
42684;4142409;566951936;42102784;515682304;0;0;0;0;0;0;0;0;0;0;0;3897;0;0;0;0;0;0;
42685;5447486;566951936;42102784;515682304;0;0;0;0;0;0;0;0;0;0;0;4238;0;0;0;0;0;0;
42686;4329669;566951936;42102784;515682304;0;0;0;0;0;0;0;0;0;0;0;4349;0;0;0;0;0;0;
42687;5337009;566951936;42102784;515682304;0;0;0;0;0;0;0;0;0;0;0;4048;0;0;0;0;0;0;
42688;4312868;566951936;42102784;515682304;0;0;0;0;0;0;0;0;0;0;0;12924;0;0;0;0;0;0;
42689;5419734;566951936;42102784;515682304;0;0;0;0;0;0;0;0;0;0;0;4379;0;0;0;0;0;0;
42690;4149893;566951936;42102784;515682304;0;0;0;0;0;0;0;0;0;0;0;5220;0;0;0;0;0;0;
42691;5429071;566951936;42102784;515682304;0;0;0;0;0;0;0;0;0;0;0;4098;0;0;0;0;0;0;
42692;4107543;566951936;42102784;515682304;0;0;0;0;0;0;0;0;0;0;0;4108;0;0;0;0;0;0;
42693;5431006;566951936;42102784;515682304;0;0;0;0;0;0;0;0;0;0;0;5129;0;0;0;0;0;0;
42694;4454634;566951936;42102784;515682304;0;0;0;0;0;0;0;0;0;0;0;5220;0;0;0;0;0;0;
42695;5428210;566951936;42102784;515682304;0;0;0;0;0;0;0;0;0;0;0;4458;0;0;0;0;0;0;
42696;5309257;566951936;42102784;515682304;0;0;0;0;0;0;0;0;0;0;0;4288;0;0;0;0;0;0;
42697;5559927;566951936;42102784;515682304;0;0;0;0;0;0;0;0;0;0;0;5090;0;0;0;0;0;0;
42698;4272783;566951936;42102784;515682304;0;0;0;0;0;0;0;0;0;0;0;4729;0;0;0;0;0;0;
42699;5703256;566951936;42102784;515682304;0;0;0;0;0;0;0;0;0;0;0;4979;0;0;0;0;0;0;
42700;4137780;566951936;42102784;515682304;0;0;0;0;0;0;0;0;0;0;0;4649;0;0;0;0;0;0;
42701;5447796;566951936;42102784;515682304;0;0;0;0;0;0;0;0;0;0;0;4117;0;0;0;0;0;0;
42702;4284675;566951936;42102784;515682304;0;0;0;0;0;0;0;0;0;0;0;4458;0;0;0;0;0;0;
42703;5548586;566951936;42102784;515682304;0;0;0;0;0;0;0;0;0;0;0;3897;0;0;0;0;0;0;
42704;4252735;566951936;42102784;515682304;0;0;0;0;0;0;0;0;0;0;0;4568;0;0;0;0;0;0;
42705;5532065;566951936;42102784;515682304;0;0;0;0;0;0;0;0;0;0;0;4839;0;0;0;0;0;0;
42706;4421041;566951936;42102784;515682304;0;0;0;0;0;0;0;0;0;0;0;4959;0;0;0;0;0;0;
42707;5416308;566951936;42102784;515682304;0;0;0;0;0;0;0;0;0;0;0;5109;0;0;0;0;0;0;
42708;4262003;566951936;42102784;515682304;0;0;0;0;0;0;0;0;0;0;0;4408;0;0;0;0;0;0;
42709;5454530;566951936;42102784;515682304;0;0;0;0;0;0;0;0;0;0;0;4449;0;0;0;0;0;0;
42710;4276340;566951936;42102784;515682304;0;0;0;0;0;0;0;0;0;0;0;4659;0;0;0;0;0;0;
42711;5511306;566951936;42102784;515682304;0;0;0;0;0;0;0;0;0;0;0;4528;0;0;0;0;0;0;
42712;4222940;566951936;42102784;515682304;0;0;0;0;0;0;0;0;0;0;0;5019;0;0;0;0;0;0;
42713;5583892;566951936;42102784;515682304;0;0;0;0;0;0;0;0;0;0;0;4939;0;0;0;0;0;0;
42714;4837633;566951936;42102784;515682304;0;0;0;0;0;0;0;0;0;0;0;4799;0;0;0;0;0;0;
42715;6027224;566951936;42102784;515682304;0;0;0;0;0;0;0;0;0;0;0;4749;0;0;0;0;0;0;
42716;5887170;566951936;42102784;515682304;0;0;0;0;0;0;0;0;0;0;0;4839;0;0;0;0;0;0;
42717;6254329;566951936;42102784;515682304;0;0;0;0;0;0;0;0;0;0;0;5270;0;0;0;0;0;0;
42718;4586060;566951936;42102784;515682304;0;0;0;0;0;0;0;0;0;0;0;4428;0;0;0;0;0;0;
42719;5521084;566951936;42102784;515682304;0;0;0;0;0;0;0;0;0;0;0;4469;0;0;0;0;0;0;
42720;5292175;566951936;42102784;515682304;0;0;0;0;0;0;0;0;0;0;0;4919;0;0;0;0;0;0;
42721;5562421;566951936;42102784;515682304;0;0;0;0;0;0;0;0;0;0;0;4558;0;0;0;0;0;0;
42722;4343326;566951936;42102784;515682304;0;0;0;0;0;0;0;0;0;0;0;4488;0;0;0;0;0;0;
42723;5388957;566951936;42102784;515682304;0;0;0;0;0;0;0;0;0;0;0;5039;0;0;0;0;0;0;
42724;5169184;566951936;42102784;515682304;0;0;0;0;0;0;0;0;0;0;0;5100;0;0;0;0;0;0;
42725;5518149;566951936;42102784;515682304;0;0;0;0;0;0;0;0;0;0;0;4989;0;0;0;0;0;0;
42726;5213196;566951936;42102784;515682304;0;0;0;0;0;0;0;0;0;0;0;5290;0;0;0;0;0;0;
42727;5514492;566951936;42102784;515682304;0;0;0;0;0;0;0;0;0;0;0;5049;0;0;0;0;0;0;
42728;5055972;566951936;42102784;515682304;0;0;0;0;0;0;0;0;0;0;0;4278;0;0;0;0;0;0;
42729;5463286;566951936;42102784;515682304;0;0;0;0;0;0;0;0;0;0;0;3878;0;0;0;0;0;0;
42730;4236064;566951936;42102784;515682304;0;0;0;0;0;0;0;0;0;0;0;4959;0;0;0;0;0;0;
42731;5235108;566951936;42102784;515682304;0;0;0;0;0;0;0;0;0;0;0;4369;0;0;0;0;0;0;
42732;4137810;566951936;42102784;515682304;0;0;0;0;0;0;0;0;0;0;0;4478;0;0;0;0;0;0;
42733;5344092;566951936;42102784;515682304;0;0;0;0;0;0;0;0;0;0;0;10920;0;0;0;0;0;0;
42734;4104548;566951936;42102784;515682304;0;0;0;0;0;0;0;0;0;0;0;4338;0;0;0;0;0;0;
42735;5266737;566951936;42102784;515682304;0;0;0;0;0;0;0;0;0;0;0;4468;0;0;0;0;0;0;
42736;4172014;566951936;42102784;515682304;0;0;0;0;0;0;0;0;0;0;0;4559;0;0;0;0;0;0;
42737;5362366;566951936;42102784;515682304;0;0;0;0;0;0;0;0;0;0;0;5099;0;0;0;0;0;0;
42738;4088557;566951936;42102784;515682304;0;0;0;0;0;0;0;0;0;0;0;4629;0;0;0;0;0;0;
42739;5518109;566951936;42102784;515682304;0;0;0;0;0;0;0;0;0;0;0;4969;0;0;0;0;0;0;
42740;4308790;566951936;42102784;515682304;0;0;0;0;0;0;0;0;0;0;0;4468;0;0;0;0;0;0;
42741;5462574;566951936;42102784;515682304;0;0;0;0;0;0;0;0;0;0;0;5450;0;0;0;0;0;0;
42742;4730001;566951936;42102784;515682304;0;0;0;0;0;0;0;0;0;0;0;4789;0;0;0;0;0;0;
42743;5796921;566951936;42102784;515682304;0;0;0;0;0;0;0;0;0;0;0;4839;0;0;0;0;0;0;
42744;5999742;566951936;42102784;515682304;0;0;0;0;0;0;0;0;0;0;0;3737;0;0;0;0;0;0;
42745;5493652;566951936;42102784;515682304;0;0;0;0;0;0;0;0;0;0;0;4478;0;0;0;0;0;0;
42746;4328718;566951936;42102784;515682304;0;0;0;0;0;0;0;0;0;0;0;4168;0;0;0;0;0;0;
42747;5454429;566951936;42102784;515682304;0;0;0;0;0;0;0;0;0;0;0;4108;0;0;0;0;0;0;
42748;4205306;566951936;42102784;515682304;0;0;0;0;0;0;0;0;0;0;0;4900;0;0;0;0;0;0;
42749;5481460;566951936;42102784;515682304;0;0;0;0;0;0;0;0;0;0;0;4208;0;0;0;0;0;0;
42750;4299783;566951936;42102784;515682304;0;0;0;0;0;0;0;0;0;0;0;4488;0;0;0;0;0;0;
42751;5558344;566951936;42102784;515682304;0;0;0;0;0;0;0;0;0;0;0;4328;0;0;0;0;0;0;
42752;4206599;566951936;42102784;515682304;0;0;0;0;0;0;0;0;0;0;0;4629;0;0;0;0;0;0;
42753;6319711;566951936;42102784;515682304;0;0;0;0;0;0;0;0;0;0;0;4338;0;0;0;0;0;0;
42754;3915763;566951936;42102784;515682304;0;0;0;0;0;0;0;0;0;0;0;3867;0;0;0;0;0;0;
42755;5181398;566951936;42102784;515682304;0;0;0;0;0;0;0;0;0;0;0;4248;0;0;0;0;0;0;
42756;3913910;566951936;42102784;515682304;0;0;0;0;0;0;0;0;0;0;0;3587;0;0;0;0;0;0;
42757;5480969;566951936;42102784;515682304;0;0;0;0;0;0;0;0;0;0;0;4449;0;0;0;0;0;0;
42758;4186602;566951936;42102784;515682304;0;0;0;0;0;0;0;0;0;0;0;4237;0;0;0;0;0;0;
42759;5657920;566951936;42102784;515682304;0;0;0;0;0;0;0;0;0;0;0;3777;0;0;0;0;0;0;
42760;4235784;566951936;42102784;515682304;0;0;0;0;0;0;0;0;0;0;0;4569;0;0;0;0;0;0;
42761;5596125;566951936;42102784;515682304;0;0;0;0;0;0;0;0;0;0;0;4608;0;0;0;0;0;0;
42762;5096497;566951936;42102784;515682304;0;0;0;0;0;0;0;0;0;0;0;4478;0;0;0;0;0;0;
42763;5552463;566951936;42102784;515682304;0;0;0;0;0;0;0;0;0;0;0;4989;0;0;0;0;0;0;
42764;4399030;566951936;42102784;515682304;0;0;0;0;0;0;0;0;0;0;0;3927;0;0;0;0;0;0;
42765;5544848;566951936;42102784;515682304;0;0;0;0;0;0;0;0;0;0;0;4618;0;0;0;0;0;0;
42766;4372329;566951936;42102784;515682304;0;0;0;0;0;0;0;0;0;0;0;4378;0;0;0;0;0;0;
42767;5481881;566951936;42102784;515682304;0;0;0;0;0;0;0;0;0;0;0;4268;0;0;0;0;0;0;
42768;4138140;566951936;42102784;515682304;0;0;0;0;0;0;0;0;0;0;0;3967;0;0;0;0;0;0;
42769;5525913;566951936;42102784;515682304;0;0;0;0;0;0;0;0;0;0;0;4078;0;0;0;0;0;0;
42770;4314201;566951936;42102784;515682304;0;0;0;0;0;0;0;0;0;0;0;3857;0;0;0;0;0;0;
42771;5559276;566951936;42102784;515682304;0;0;0;0;0;0;0;0;0;0;0;3828;0;0;0;0;0;0;
42772;4183125;566951936;42102784;515682304;0;0;0;0;0;0;0;0;0;0;0;4027;0;0;0;0;0;0;
42773;5527556;566951936;42102784;515682304;0;0;0;0;0;0;0;0;0;0;0;4138;0;0;0;0;0;0;
42774;4253427;566951936;42102784;515682304;0;0;0;0;0;0;0;0;0;0;0;3827;0;0;0;0;0;0;
42775;5376804;566951936;42102784;515682304;0;0;0;0;0;0;0;0;0;0;0;4348;0;0;0;0;0;0;
42776;4093146;566951936;42102784;515682304;0;0;0;0;0;0;0;0;0;0;0;4258;0;0;0;0;0;0;
42777;5493262;566951936;42102784;515682304;0;0;0;0;0;0;0;0;0;0;0;4658;0;0;0;0;0;0;
42778;4217209;566951936;42102784;515682304;0;0;0;0;0;0;0;0;0;0;0;4589;0;0;0;0;0;0;
42779;5665785;566951936;42102784;515682304;0;0;0;0;0;0;0;0;0;0;0;4188;0;0;0;0;0;0;
42780;4271420;566951936;42102784;515682304;0;0;0;0;0;0;0;0;0;0;0;4649;0;0;0;0;0;0;
42781;5580366;566951936;42102784;515682304;0;0;0;0;0;0;0;0;0;0;0;4729;0;0;0;0;0;0;
42782;4345038;566951936;42102784;515682304;0;0;0;0;0;0;0;0;0;0;0;4087;0;0;0;0;0;0;
42783;5505665;566951936;42102784;515682304;0;0;0;0;0;0;0;0;0;0;0;4178;0;0;0;0;0;0;
42784;4887175;566951936;42102784;515682304;0;0;0;0;0;0;0;0;0;0;0;5110;0;0;0;0;0;0;
42785;6097905;566951936;42102784;515682304;0;0;0;0;0;0;0;0;0;0;0;4789;0;0;0;0;0;0;
42786;6100901;566951936;42102784;515682304;0;0;0;0;0;0;0;0;0;0;0;4308;0;0;0;0;0;0;
42787;6062389;566951936;42102784;515682304;0;0;0;0;0;0;0;0;0;0;0;4599;0;0;0;0;0;0;
42788;4228180;566951936;42102784;515682304;0;0;0;0;0;0;0;0;0;0;0;4689;0;0;0;0;0;0;
42789;5466983;566951936;42102784;515682304;0;0;0;0;0;0;0;0;0;0;0;4248;0;0;0;0;0;0;
42790;4189166;566951936;42102784;515682304;0;0;0;0;0;0;0;0;0;0;0;4519;0;0;0;0;0;0;
42791;5520674;566951936;42102784;515682304;0;0;0;0;0;0;0;0;0;0;0;4198;0;0;0;0;0;0;
42792;4173437;566951936;42102784;515682304;0;0;0;0;0;0;0;0;0;0;0;3787;0;0;0;0;0;0;
42793;5521235;566951936;42102784;515682304;0;0;0;0;0;0;0;0;0;0;0;3998;0;0;0;0;0;0;
42794;4270248;566951936;42102784;515682304;0;0;0;0;0;0;0;0;0;0;0;3967;0;0;0;0;0;0;
42795;5489595;566951936;42102784;515682304;0;0;0;0;0;0;0;0;0;0;0;4348;0;0;0;0;0;0;
42796;4159541;566951936;42102784;515682304;0;0;0;0;0;0;0;0;0;0;0;4869;0;0;0;0;0;0;
42797;5528989;566951936;42102784;515682304;0;0;0;0;0;0;0;0;0;0;0;3957;0;0;0;0;0;0;
42798;4248668;566951936;42102784;515682304;0;0;0;0;0;0;0;0;0;0;0;4097;0;0;0;0;0;0;
42799;5586977;566951936;42102784;515682304;0;0;0;0;0;0;0;0;0;0;0;3797;0;0;0;0;0;0;
42800;4249660;566951936;42102784;515682304;0;0;0;0;0;0;0;0;0;0;0;3928;0;0;0;0;0;0;
42801;5744283;566951936;42102784;515682304;0;0;0;0;0;0;0;0;0;0;0;4578;0;0;0;0;0;0;
42802;4432242;566951936;42102784;515682304;0;0;0;0;0;0;0;0;0;0;0;4328;0;0;0;0;0;0;
42803;5623516;566951936;42102784;515682304;0;0;0;0;0;0;0;0;0;0;0;3937;0;0;0;0;0;0;
42804;4315984;566951936;42102784;515682304;0;0;0;0;0;0;0;0;0;0;0;5019;0;0;0;0;0;0;
42805;5561910;566951936;42102784;515682304;0;0;0;0;0;0;0;0;0;0;0;4769;0;0;0;0;0;0;
42806;4383621;566951936;42102784;515682304;0;0;0;0;0;0;0;0;0;0;0;3847;0;0;0;0;0;0;
42807;5658251;566951936;42102784;515682304;0;0;0;0;0;0;0;0;0;0;0;4879;0;0;0;0;0;0;
42808;4562086;566951936;42102784;515682304;0;0;0;0;0;0;0;0;0;0;0;4398;0;0;0;0;0;0;
42809;5508661;566951936;42102784;515682304;0;0;0;0;0;0;0;0;0;0;0;4087;0;0;0;0;0;0;
42810;4360839;566951936;42102784;515682304;0;0;0;0;0;0;0;0;0;0;0;4338;0;0;0;0;0;0;
42811;5524781;566951936;42102784;515682304;0;0;0;0;0;0;0;0;0;0;0;3657;0;0;0;0;0;0;
42812;4128152;566951936;42102784;515682304;0;0;0;0;0;0;0;0;0;0;0;4298;0;0;0;0;0;0;
42813;5590525;566951936;42102784;515682304;0;0;0;0;0;0;0;0;0;0;0;5240;0;0;0;0;0;0;
42814;5701032;566951936;42102784;515682304;0;0;0;0;0;0;0;0;0;0;0;4568;0;0;0;0;0;0;
42815;5906648;566951936;42102784;515682304;0;0;0;0;0;0;0;0;0;0;0;4809;0;0;0;0;0;0;
42816;5859008;566951936;42102784;515682304;0;0;0;0;0;0;0;0;0;0;0;4429;0;0;0;0;0;0;
42817;5533407;566951936;42102784;515682304;0;0;0;0;0;0;0;0;0;0;0;4508;0;0;0;0;0;0;
42818;14021686;566951936;42102784;515682304;0;0;0;0;0;0;0;0;0;0;0;3987;0;0;0;0;0;0;
42819;5588891;566951936;42102784;515682304;0;0;0;0;0;0;0;0;0;0;0;4679;0;0;0;0;0;0;
42820;4303721;566951936;42102784;515682304;0;0;0;0;0;0;0;0;0;0;0;4949;0;0;0;0;0;0;
42821;5567822;566951936;42102784;515682304;0;0;0;0;0;0;0;0;0;0;0;5260;0;0;0;0;0;0;
42822;4472939;566951936;42102784;515682304;0;0;0;0;0;0;0;0;0;0;0;4007;0;0;0;0;0;0;
42823;5545741;566951936;42102784;515682304;0;0;0;0;0;0;0;0;0;0;0;4549;0;0;0;0;0;0;
42824;4311766;566951936;42102784;515682304;0;0;0;0;0;0;0;0;0;0;0;3988;0;0;0;0;0;0;
42825;5702183;566951936;42102784;515682304;0;0;0;0;0;0;0;0;0;0;0;5250;0;0;0;0;0;0;
42826;4435658;566951936;42102784;515682304;0;0;0;0;0;0;0;0;0;0;0;3807;0;0;0;0;0;0;
42827;5859119;566951936;42102784;515682304;0;0;0;0;0;0;0;0;0;0;0;4498;0;0;0;0;0;0;
42828;4271952;566951936;42102784;515682304;0;0;0;0;0;0;0;0;0;0;0;4769;0;0;0;0;0;0;
42829;5641660;566951936;42102784;515682304;0;0;0;0;0;0;0;0;0;0;0;5200;0;0;0;0;0;0;
42830;4326984;566951936;42102784;515682304;0;0;0;0;0;0;0;0;0;0;0;4278;0;0;0;0;0;0;
42831;5478444;566951936;42102784;515682304;0;0;0;0;0;0;0;0;0;0;0;4799;0;0;0;0;0;0;
42832;4481806;566951936;42102784;515682304;0;0;0;0;0;0;0;0;0;0;0;3286;0;0;0;0;0;0;
42833;4954692;566951936;42102784;515682304;0;0;0;0;0;0;0;0;0;0;0;3266;0;0;0;0;0;0;
42834;3757827;566951936;42102784;515682304;0;0;0;0;0;0;0;0;0;0;0;3297;0;0;0;0;0;0;
42835;5038549;566951936;42102784;515682304;0;0;0;0;0;0;0;0;0;0;0;3377;0;0;0;0;0;0;
42836;3417298;566951936;42102784;515682304;0;0;0;0;0;0;0;0;0;0;0;2856;0;0;0;0;0;0;
42837;4968378;566951936;42102784;515682304;0;0;0;0;0;0;0;0;0;0;0;2986;0;0;0;0;0;0;
42838;3435393;566951936;42102784;515682304;0;0;0;0;0;0;0;0;0;0;0;3847;0;0;0;0;0;0;
42839;4871365;566951936;42102784;515682304;0;0;0;0;0;0;0;0;0;0;0;3266;0;0;0;0;0;0;
42840;3470178;566951936;42102784;515682304;0;0;0;0;0;0;0;0;0;0;0;2886;0;0;0;0;0;0;
42841;4988666;566951936;42102784;515682304;0;0;0;0;0;0;0;0;0;0;0;2925;0;0;0;0;0;0;
42842;3637040;566951936;42102784;515682304;0;0;0;0;0;0;0;0;0;0;0;3176;0;0;0;0;0;0;
42843;4929345;566951936;42102784;515682304;0;0;0;0;0;0;0;0;0;0;0;2605;0;0;0;0;0;0;
42844;3621482;566951936;42102784;515682304;0;0;0;0;0;0;0;0;0;0;0;3146;0;0;0;0;0;0;
42845;4905970;566951936;42102784;515682304;0;0;0;0;0;0;0;0;0;0;0;3006;0;0;0;0;0;0;
42846;3696132;566951936;42102784;515682304;0;0;0;0;0;0;0;0;0;0;0;3557;0;0;0;0;0;0;
42847;4925077;566951936;42102784;515682304;0;0;0;0;0;0;0;0;0;0;0;3447;0;0;0;0;0;0;
42848;3520673;566951936;42102784;515682304;0;0;0;0;0;0;0;0;0;0;0;2735;0;0;0;0;0;0;
42849;4906041;566951936;42102784;515682304;0;0;0;0;0;0;0;0;0;0;0;3116;0;0;0;0;0;0;
42850;3475698;566951936;42102784;515682304;0;0;0;0;0;0;0;0;0;0;0;3206;0;0;0;0;0;0;
42851;5011047;566951936;42102784;515682304;0;0;0;0;0;0;0;0;0;0;0;3446;0;0;0;0;0;0;
42852;3409484;566951936;42102784;515682304;0;0;0;0;0;0;0;0;0;0;0;3346;0;0;0;0;0;0;
42853;4939223;566951936;42102784;515682304;0;0;0;0;0;0;0;0;0;0;0;3056;0;0;0;0;0;0;
42854;3607104;566951936;42102784;515682304;0;0;0;0;0;0;0;0;0;0;0;3175;0;0;0;0;0;0;
42855;4885903;566951936;42102784;515682304;0;0;0;0;0;0;0;0;0;0;0;3256;0;0;0;0;0;0;
42856;3642642;566951936;42102784;515682304;0;0;0;0;0;0;0;0;0;0;0;2986;0;0;0;0;0;0;
42857;5000047;566951936;42102784;515682304;0;0;0;0;0;0;0;0;0;0;0;3216;0;0;0;0;0;0;
42858;3480247;566951936;42102784;515682304;0;0;0;0;0;0;0;0;0;0;0;2755;0;0;0;0;0;0;
42859;4848362;566951936;42102784;515682304;0;0;0;0;0;0;0;0;0;0;0;3196;0;0;0;0;0;0;
42860;3488102;566951936;42102784;515682304;0;0;0;0;0;0;0;0;0;0;0;3257;0;0;0;0;0;0;
42861;4866126;566951936;42102784;515682304;0;0;0;0;0;0;0;0;0;0;0;2985;0;0;0;0;0;0;
42862;3652330;566951936;42102784;515682304;0;0;0;0;0;0;0;0;0;0;0;3426;0;0;0;0;0;0;
42863;4818567;566951936;42102784;515682304;0;0;0;0;0;0;0;0;0;0;0;3186;0;0;0;0;0;0;
42864;3573121;566951936;42102784;515682304;0;0;0;0;0;0;0;0;0;0;0;3336;0;0;0;0;0;0;
42865;4926700;566951936;42102784;515682304;0;0;0;0;0;0;0;0;0;0;0;3065;0;0;0;0;0;0;
42866;3533777;566951936;42102784;515682304;0;0;0;0;0;0;0;0;0;0;0;3837;0;0;0;0;0;0;
42867;4822374;566951936;42102784;515682304;0;0;0;0;0;0;0;0;0;0;0;3075;0;0;0;0;0;0;
42868;3662228;566951936;42102784;515682304;0;0;0;0;0;0;0;0;0;0;0;3296;0;0;0;0;0;0;
42869;5043919;566951936;42102784;515682304;0;0;0;0;0;0;0;0;0;0;0;3106;0;0;0;0;0;0;
42870;4853031;566951936;42102784;515682304;0;0;0;0;0;0;0;0;0;0;0;2965;0;0;0;0;0;0;
42871;4969299;566951936;42102784;515682304;0;0;0;0;0;0;0;0;0;0;0;3657;0;0;0;0;0;0;
42872;3535170;566951936;42102784;515682304;0;0;0;0;0;0;0;0;0;0;0;3646;0;0;0;0;0;0;
42873;5007370;566951936;42102784;515682304;0;0;0;0;0;0;0;0;0;0;0;3396;0;0;0;0;0;0;
42874;3635288;566951936;42102784;515682304;0;0;0;0;0;0;0;0;0;0;0;4017;0;0;0;0;0;0;
42875;5187949;566951936;42102784;515682304;0;0;0;0;0;0;0;0;0;0;0;3357;0;0;0;0;0;0;
42876;4327936;566951936;42102784;515682304;0;0;0;0;0;0;0;0;0;0;0;4148;0;0;0;0;0;0;
42877;5209901;566951936;42102784;515682304;0;0;0;0;0;0;0;0;0;0;0;3737;0;0;0;0;0;0;
42878;3821617;566951936;42102784;515682304;0;0;0;0;0;0;0;0;0;0;0;3316;0;0;0;0;0;0;
42879;5035623;566951936;42102784;515682304;0;0;0;0;0;0;0;0;0;0;0;4258;0;0;0;0;0;0;
42880;3296432;566951936;42102784;515682304;0;0;0;0;0;0;0;0;0;0;0;4308;0;0;0;0;0;0;
42881;4896192;566951936;42102784;515682304;0;0;0;0;0;0;0;0;0;0;0;3987;0;0;0;0;0;0;
42882;3269281;566951936;42102784;515682304;0;0;0;0;0;0;0;0;0;0;0;3396;0;0;0;0;0;0;
42883;4897204;566951936;42102784;515682304;0;0;0;0;0;0;0;0;0;0;0;3347;0;0;0;0;0;0;
42884;3521254;566951936;42102784;515682304;0;0;0;0;0;0;0;0;0;0;0;3367;0;0;0;0;0;0;
42885;5081660;566951936;42110976;515690496;0;0;0;0;0;0;0;0;0;0;0;3276;0;0;0;0;0;0;
42886;4039365;566951936;42110976;515690496;0;0;0;0;0;0;0;0;0;0;0;2905;0;0;0;0;0;0;
42887;4897415;566951936;42110976;515690496;0;0;0;0;0;0;0;0;0;0;0;2996;0;0;0;0;0;0;
42888;3558383;566951936;42110976;515690496;0;0;0;0;0;0;0;0;0;0;0;3416;0;0;0;0;0;0;
42889;4789813;566951936;42110976;515690496;0;0;0;0;0;0;0;0;0;0;0;2946;0;0;0;0;0;0;
42890;3647451;566951936;42110976;515690496;0;0;0;0;0;0;0;0;0;0;0;3506;0;0;0;0;0;0;
42891;5109973;566951936;42110976;515690496;0;0;0;0;0;0;0;0;0;0;0;4017;0;0;0;0;0;0;
42892;3520502;567140352;42102784;515682304;0;0;0;0;0;0;0;0;0;0;0;2906;0;0;0;0;0;0;
42893;5150359;567140352;42102784;515682304;0;0;0;0;0;0;0;0;0;0;0;2605;0;0;0;0;0;0;
42894;3406408;567140352;42102784;515682304;0;0;0;0;0;0;0;0;0;0;0;3186;0;0;0;0;0;0;
42895;5079046;567140352;42102784;515682304;0;0;0;0;0;0;0;0;0;0;0;3136;0;0;0;0;0;0;
42896;3368978;567140352;42102784;515682304;0;0;0;0;0;0;0;0;0;0;0;2986;0;0;0;0;0;0;
42897;4925958;567140352;42102784;515682304;0;0;0;0;0;0;0;0;0;0;0;2745;0;0;0;0;0;0;
42898;3630569;567140352;42102784;515682304;0;0;0;0;0;0;0;0;0;0;0;3296;0;0;0;0;0;0;
42899;4879230;567140352;42102784;515682304;0;0;0;0;0;0;0;0;0;0;0;3025;0;0;0;0;0;0;
42900;3527355;567140352;42102784;515682304;0;0;0;0;0;0;0;0;0;0;0;3327;0;0;0;0;0;0;
42901;5057335;567140352;42102784;515682304;0;0;0;0;0;0;0;0;0;0;0;3506;0;0;0;0;0;0;
42902;3388524;567140352;42102784;515682304;0;0;0;0;0;0;0;0;0;0;0;3316;0;0;0;0;0;0;
42903;4995398;567140352;42102784;515682304;0;0;0;0;0;0;0;0;0;0;0;3266;0;0;0;0;0;0;
42904;3388575;567140352;42102784;515682304;0;0;0;0;0;0;0;0;0;0;0;3156;0;0;0;0;0;0;
42905;5210822;567140352;42102784;515682304;0;0;0;0;0;0;0;0;0;0;0;3216;0;0;0;0;0;0;
42906;3430383;567140352;42102784;515682304;0;0;0;0;0;0;0;0;0;0;0;3156;0;0;0;0;0;0;
42907;5043057;567140352;42102784;515682304;0;0;0;0;0;0;0;0;0;0;0;3377;0;0;0;0;0;0;
42908;3468164;567140352;42102784;515682304;0;0;0;0;0;0;0;0;0;0;0;3467;0;0;0;0;0;0;
42909;4975050;567140352;42102784;515682304;0;0;0;0;0;0;0;0;0;0;0;3317;0;0;0;0;0;0;
42910;3551901;567140352;42102784;515682304;0;0;0;0;0;0;0;0;0;0;0;3086;0;0;0;0;0;0;
42911;5138096;567140352;42102784;515682304;0;0;0;0;0;0;0;0;0;0;0;3646;0;0;0;0;0;0;
42912;3240818;567140352;42102784;515682304;0;0;0;0;0;0;0;0;0;0;0;4138;0;0;0;0;0;0;
42913;5547694;567140352;42102784;515682304;0;0;0;0;0;0;0;0;0;0;0;3467;0;0;0;0;0;0;
42914;3441524;567140352;42102784;515682304;0;0;0;0;0;0;0;0;0;0;0;3888;0;0;0;0;0;0;
42915;5440884;567140352;42102784;515682304;0;0;0;0;0;0;0;0;0;0;0;3958;0;0;0;0;0;0;
42916;3258622;567140352;42102784;515682304;0;0;0;0;0;0;0;0;0;0;0;3536;0;0;0;0;0;0;
42917;5446384;567140352;42102784;515682304;0;0;0;0;0;0;0;0;0;0;0;3787;0;0;0;0;0;0;
42918;3234827;567140352;42102784;515682304;0;0;0;0;0;0;0;0;0;0;0;3626;0;0;0;0;0;0;
42919;5550309;567140352;42102784;515682304;0;0;0;0;0;0;0;0;0;0;0;3958;0;0;0;0;0;0;
42920;3339382;567140352;42102784;515682304;0;0;0;0;0;0;0;0;0;0;0;3266;0;0;0;0;0;0;
42921;5582519;567140352;42102784;515682304;0;0;0;0;0;0;0;0;0;0;0;3998;0;0;0;0;0;0;
42922;3316700;567140352;42102784;515682304;0;0;0;0;0;0;0;0;0;0;0;3397;0;0;0;0;0;0;
42923;5363619;567140352;42102784;515682304;0;0;0;0;0;0;0;0;0;0;0;3917;0;0;0;0;0;0;
42924;3295902;567140352;42102784;515682304;0;0;0;0;0;0;0;0;0;0;0;3226;0;0;0;0;0;0;
42925;5725918;567140352;42102784;515682304;0;0;0;0;0;0;0;0;0;0;0;3226;0;0;0;0;0;0;
42926;3285843;567140352;42102784;515682304;0;0;0;0;0;0;0;0;0;0;0;3267;0;0;0;0;0;0;
42927;5339744;567140352;42102784;515682304;0;0;0;0;0;0;0;0;0;0;0;3236;0;0;0;0;0;0;
42928;3625759;567140352;42102784;515682304;0;0;0;0;0;0;0;0;0;0;0;2745;0;0;0;0;0;0;
42929;5202406;567140352;42102784;515682304;0;0;0;0;0;0;0;0;0;0;0;3176;0;0;0;0;0;0;
42930;3702323;567140352;42102784;515682304;0;0;0;0;0;0;0;0;0;0;0;2835;0;0;0;0;0;0;
42931;5195423;567140352;42102784;515682304;0;0;0;0;0;0;0;0;0;0;0;3657;0;0;0;0;0;0;
42932;3498931;567140352;42102784;515682304;0;0;0;0;0;0;0;0;0;0;0;4358;0;0;0;0;0;0;
42933;5262950;567140352;42102784;515682304;0;0;0;0;0;0;0;0;0;0;0;2865;0;0;0;0;0;0;
42934;3453567;567140352;42102784;515682304;0;0;0;0;0;0;0;0;0;0;0;3427;0;0;0;0;0;0;
42935;5392813;567140352;42102784;515682304;0;0;0;0;0;0;0;0;0;0;0;3737;0;0;0;0;0;0;
42936;3214038;567140352;42102784;515682304;0;0;0;0;0;0;0;0;0;0;0;3316;0;0;0;0;0;0;
42937;5656739;567140352;42102784;515682304;0;0;0;0;0;0;0;0;0;0;0;4108;0;0;0;0;0;0;
42938;3214538;567140352;42102784;515682304;0;0;0;0;0;0;0;0;0;0;0;3257;0;0;0;0;0;0;
42939;5631301;567140352;42102784;515682304;0;0;0;0;0;0;0;0;0;0;0;3747;0;0;0;0;0;0;
42940;3214920;567140352;42102784;515682304;0;0;0;0;0;0;0;0;0;0;0;2825;0;0;0;0;0;0;
42941;5265415;567140352;42102784;515682304;0;0;0;0;0;0;0;0;0;0;0;3566;0;0;0;0;0;0;
42942;3265955;567140352;42102784;515682304;0;0;0;0;0;0;0;0;0;0;0;3306;0;0;0;0;0;0;
42943;5069027;567140352;42102784;515682304;0;0;0;0;0;0;0;0;0;0;0;3056;0;0;0;0;0;0;
42944;3608147;567140352;42102784;515682304;0;0;0;0;0;0;0;0;0;0;0;3006;0;0;0;0;0;0;
42945;5078955;567140352;42102784;515682304;0;0;0;0;0;0;0;0;0;0;0;4298;0;0;0;0;0;0;
42946;3463645;567140352;42102784;515682304;0;0;0;0;0;0;0;0;0;0;0;3276;0;0;0;0;0;0;
42947;5283799;567140352;42102784;515682304;0;0;0;0;0;0;0;0;0;0;0;3717;0;0;0;0;0;0;
42948;3405988;567140352;42102784;515682304;0;0;0;0;0;0;0;0;0;0;0;3387;0;0;0;0;0;0;
42949;5476751;567140352;42102784;515682304;0;0;0;0;0;0;0;0;0;0;0;3897;0;0;0;0;0;0;
42950;3482020;567140352;42102784;515682304;0;0;0;0;0;0;0;0;0;0;0;3266;0;0;0;0;0;0;
42951;5260004;567140352;42102784;515682304;0;0;0;0;0;0;0;0;0;0;0;4809;0;0;0;0;0;0;
42952;3446463;567140352;42102784;515682304;0;0;0;0;0;0;0;0;0;0;0;2955;0;0;0;0;0;0;
42953;5563513;567140352;42102784;515682304;0;0;0;0;0;0;0;0;0;0;0;3035;0;0;0;0;0;0;
42954;3258891;567140352;42102784;515682304;0;0;0;0;0;0;0;0;0;0;0;3476;0;0;0;0;0;0;
42955;5264573;567140352;42102784;515682304;0;0;0;0;0;0;0;0;0;0;0;3547;0;0;0;0;0;0;
42956;3377363;567140352;42102784;515682304;0;0;0;0;0;0;0;0;0;0;0;3366;0;0;0;0;0;0;
42957;5129029;567140352;42102784;515682304;0;0;0;0;0;0;0;0;0;0;0;3476;0;0;0;0;0;0;
42958;3502849;567140352;42102784;515682304;0;0;0;0;0;0;0;0;0;0;0;3497;0;0;0;0;0;0;
42959;5070188;567140352;42102784;515682304;0;0;0;0;0;0;0;0;0;0;0;2785;0;0;0;0;0;0;
42960;3413171;567140352;42102784;515682304;0;0;0;0;0;0;0;0;0;0;0;3707;0;0;0;0;0;0;
42961;5133147;567140352;42102784;515682304;0;0;0;0;0;0;0;0;0;0;0;3627;0;0;0;0;0;0;
42962;3598629;567140352;42102784;515682304;0;0;0;0;0;0;0;0;0;0;0;3597;0;0;0;0;0;0;
42963;5262389;567140352;42102784;515682304;0;0;0;0;0;0;0;0;0;0;0;3497;0;0;0;0;0;0;
42964;3847756;567140352;42102784;515682304;0;0;0;0;0;0;0;0;0;0;0;2885;0;0;0;0;0;0;
42965;5297495;567140352;42102784;515682304;0;0;0;0;0;0;0;0;0;0;0;3336;0;0;0;0;0;0;
42966;3651338;567140352;42102784;515682304;0;0;0;0;0;0;0;0;0;0;0;3937;0;0;0;0;0;0;
42967;5180064;567140352;42102784;515682304;0;0;0;0;0;0;0;0;0;0;0;3677;0;0;0;0;0;0;
42968;3504593;567140352;42102784;515682304;0;0;0;0;0;0;0;0;0;0;0;3607;0;0;0;0;0;0;
42969;5674973;567140352;42102784;515682304;0;0;0;0;0;0;0;0;0;0;0;3858;0;0;0;0;0;0;
42970;3444270;567140352;42102784;515682304;0;0;0;0;0;0;0;0;0;0;0;3066;0;0;0;0;0;0;
42971;5265645;567140352;42102784;515682304;0;0;0;0;0;0;0;0;0;0;0;4379;0;0;0;0;0;0;
42972;3384247;567140352;42102784;515682304;0;0;0;0;0;0;0;0;0;0;0;3266;0;0;0;0;0;0;
42973;5227603;567140352;42102784;515682304;0;0;0;0;0;0;0;0;0;0;0;3085;0;0;0;0;0;0;
42974;3721850;567140352;42102784;515682304;0;0;0;0;0;0;0;0;0;0;0;3828;0;0;0;0;0;0;
42975;5692806;567140352;42102784;515682304;0;0;0;0;0;0;0;0;0;0;0;4168;0;0;0;0;0;0;
42976;4199295;567140352;42102784;515682304;0;0;0;0;0;0;0;0;0;0;0;2975;0;0;0;0;0;0;
42977;5559016;567140352;42102784;515682304;0;0;0;0;0;0;0;0;0;0;0;4518;0;0;0;0;0;0;
42978;4263105;567140352;42102784;515682304;0;0;0;0;0;0;0;0;0;0;0;4708;0;0;0;0;0;0;
42979;5200132;567140352;42102784;515682304;0;0;0;0;0;0;0;0;0;0;0;3777;0;0;0;0;0;0;
42980;3987829;567140352;42102784;515682304;0;0;0;0;0;0;0;0;0;0;0;3707;0;0;0;0;0;0;
42981;5107418;567140352;42102784;515682304;0;0;0;0;0;0;0;0;0;0;0;2715;0;0;0;0;0;0;
42982;3712181;567140352;42102784;515682304;0;0;0;0;0;0;0;0;0;0;0;3927;0;0;0;0;0;0;
42983;5131162;567140352;42102784;515682304;0;0;0;0;0;0;0;0;0;0;0;3287;0;0;0;0;0;0;
42984;3510885;567140352;42102784;515682304;0;0;0;0;0;0;0;0;0;0;0;4468;0;0;0;0;0;0;
42985;5089315;567140352;42102784;515682304;0;0;0;0;0;0;0;0;0;0;0;3667;0;0;0;0;0;0;
42986;3786441;567140352;42102784;515682304;0;0;0;0;0;0;0;0;0;0;0;3817;0;0;0;0;0;0;
42987;5358760;567140352;42102784;515682304;0;0;0;0;0;0;0;0;0;0;0;4479;0;0;0;0;0;0;
42988;3364259;567140352;42102784;515682304;0;0;0;0;0;0;0;0;0;0;0;4910;0;0;0;0;0;0;
42989;5302985;567140352;42102784;515682304;0;0;0;0;0;0;0;0;0;0;0;4619;0;0;0;0;0;0;
42990;3350053;567140352;42102784;515682304;0;0;0;0;0;0;0;0;0;0;0;2875;0;0;0;0;0;0;
42991;5239055;567140352;42102784;515682304;0;0;0;0;0;0;0;0;0;0;0;3928;0;0;0;0;0;0;
42992;3199551;567140352;42102784;515682304;0;0;0;0;0;0;0;0;0;0;0;2745;0;0;0;0;0;0;
42993;5441735;567140352;42102784;515682304;0;0;0;0;0;0;0;0;0;0;0;3927;0;0;0;0;0;0;
42994;3809404;567140352;42102784;515682304;0;0;0;0;0;0;0;0;0;0;0;3847;0;0;0;0;0;0;
42995;5603569;567140352;42102784;515682304;0;0;0;0;0;0;0;0;0;0;0;4238;0;0;0;0;0;0;
42996;4295896;567140352;42102784;515682304;0;0;0;0;0;0;0;0;0;0;0;4438;0;0;0;0;0;0;
42997;5357497;567140352;42102784;515682304;0;0;0;0;0;0;0;0;0;0;0;4578;0;0;0;0;0;0;
42998;4360548;567140352;42102784;515682304;0;0;0;0;0;0;0;0;0;0;0;4759;0;0;0;0;0;0;
42999;5346667;567140352;42110976;515690496;0;0;0;0;0;0;0;0;0;0;0;2816;0;0;0;0;0;0;
43000;3431536;567140352;42110976;515690496;0;0;0;0;0;0;0;0;0;0;0;3978;0;0;0;0;0;0;
43001;5568072;567140352;42110976;515690496;0;0;0;0;0;0;0;0;0;0;0;3296;0;0;0;0;0;0;
43002;3552011;567140352;42110976;515690496;0;0;0;0;0;0;0;0;0;0;0;2976;0;0;0;0;0;0;
43003;5507849;567140352;42110976;515690496;0;0;0;0;0;0;0;0;0;0;0;3777;0;0;0;0;0;0;
43004;3571468;567140352;42110976;515690496;0;0;0;0;0;0;0;0;0;0;0;2886;0;0;0;0;0;0;
43005;5518439;567140352;42110976;515690496;0;0;0;0;0;0;0;0;0;0;0;3597;0;0;0;0;0;0;
43006;3745925;567156736;42102784;515682304;0;0;0;0;0;0;0;0;0;0;0;3777;0;0;0;0;0;0;
43007;5512167;567156736;42102784;515682304;0;0;0;0;0;0;0;0;0;0;0;3277;0;0;0;0;0;0;
43008;3569805;567156736;42102784;515682304;0;0;0;0;0;0;0;0;0;0;0;3406;0;0;0;0;0;0;
43009;5659884;567156736;42102784;515682304;0;0;0;0;0;0;0;0;0;0;0;3387;0;0;0;0;0;0;
43010;3483382;567156736;42102784;515682304;0;0;0;0;0;0;0;0;0;0;0;3938;0;0;0;0;0;0;
43011;5596916;567156736;42102784;515682304;0;0;0;0;0;0;0;0;0;0;0;3206;0;0;0;0;0;0;
43012;3539047;567156736;42102784;515682304;0;0;0;0;0;0;0;0;0;0;0;3357;0;0;0;0;0;0;
43013;5740405;567156736;42102784;515682304;0;0;0;0;0;0;0;0;0;0;0;3607;0;0;0;0;0;0;
43014;3640137;567156736;42102784;515682304;0;0;0;0;0;0;0;0;0;0;0;3046;0;0;0;0;0;0;
43015;5853417;567156736;42102784;515682304;0;0;0;0;0;0;0;0;0;0;0;3216;0;0;0;0;0;0;
43016;3940991;567156736;42102784;515682304;0;0;0;0;0;0;0;0;0;0;0;3336;0;0;0;0;0;0;
43017;5897771;567156736;42102784;515682304;0;0;0;0;0;0;0;0;0;0;0;3657;0;0;0;0;0;0;
43018;3594020;567156736;42102784;515682304;0;0;0;0;0;0;0;0;0;0;0;4248;0;0;0;0;0;0;
43019;5547012;567156736;42102784;515682304;0;0;0;0;0;0;0;0;0;0;0;3416;0;0;0;0;0;0;
43020;3527375;567156736;42102784;515682304;0;0;0;0;0;0;0;0;0;0;0;2575;0;0;0;0;0;0;
43021;5643914;567156736;42102784;515682304;0;0;0;0;0;0;0;0;0;0;0;2755;0;0;0;0;0;0;
43022;3368347;567156736;42102784;515682304;0;0;0;0;0;0;0;0;0;0;0;2815;0;0;0;0;0;0;
43023;5676917;567156736;42102784;515682304;0;0;0;0;0;0;0;0;0;0;0;4058;0;0;0;0;0;0;
43024;3515714;567156736;42102784;515682304;0;0;0;0;0;0;0;0;0;0;0;3166;0;0;0;0;0;0;
43025;5518840;567156736;42102784;515682304;0;0;0;0;0;0;0;0;0;0;0;3356;0;0;0;0;0;0;
43026;3471470;567156736;42102784;515682304;0;0;0;0;0;0;0;0;0;0;0;3927;0;0;0;0;0;0;
43027;5261898;567156736;42102784;515682304;0;0;0;0;0;0;0;0;0;0;0;3276;0;0;0;0;0;0;
43028;3477722;567156736;42102784;515682304;0;0;0;0;0;0;0;0;0;0;0;3767;0;0;0;0;0;0;
43029;5266606;567156736;42102784;515682304;0;0;0;0;0;0;0;0;0;0;0;4298;0;0;0;0;0;0;
43030;3608257;567156736;42102784;515682304;0;0;0;0;0;0;0;0;0;0;0;3246;0;0;0;0;0;0;
43031;5466813;567156736;42102784;515682304;0;0;0;0;0;0;0;0;0;0;0;2855;0;0;0;0;0;0;
43032;3642712;567156736;42102784;515682304;0;0;0;0;0;0;0;0;0;0;0;3396;0;0;0;0;0;0;
43033;5177469;567156736;42102784;515682304;0;0;0;0;0;0;0;0;0;0;0;2475;0;0;0;0;0;0;
43034;3624176;567156736;42102784;515682304;0;0;0;0;0;0;0;0;0;0;0;3527;0;0;0;0;0;0;
43035;5223977;567156736;42102784;515682304;0;0;0;0;0;0;0;0;0;0;0;2845;0;0;0;0;0;0;
43036;3672948;567156736;42102784;515682304;0;0;0;0;0;0;0;0;0;0;0;2785;0;0;0;0;0;0;
43037;5070890;567156736;42102784;515682304;0;0;0;0;0;0;0;0;0;0;0;2936;0;0;0;0;0;0;
43038;3542744;567156736;42102784;515682304;0;0;0;0;0;0;0;0;0;0;0;3206;0;0;0;0;0;0;
43039;5257720;567156736;42102784;515682304;0;0;0;0;0;0;0;0;0;0;0;4117;0;0;0;0;0;0;
43040;12168210;567156736;42102784;515682304;0;0;0;0;0;0;0;0;0;0;0;2725;0;0;0;0;0;0;
43041;4753665;567156736;42102784;515682304;0;0;0;0;0;0;0;0;0;0;0;3436;0;0;0;0;0;0;
43042;2952988;567156736;42102784;515682304;0;0;0;0;0;0;0;0;0;0;0;2855;0;0;0;0;0;0;
43043;4782369;567156736;42102784;515682304;0;0;0;0;0;0;0;0;0;0;0;3066;0;0;0;0;0;0;
43044;2677160;567156736;42102784;515682304;0;0;0;0;0;0;0;0;0;0;0;2555;0;0;0;0;0;0;
43045;4983065;567156736;42102784;515682304;0;0;0;0;0;0;0;0;0;0;0;2465;0;0;0;0;0;0;
43046;2866445;567156736;42102784;515682304;0;0;0;0;0;0;0;0;0;0;0;2705;0;0;0;0;0;0;
43047;5003624;567156736;42102784;515682304;0;0;0;0;0;0;0;0;0;0;0;3125;0;0;0;0;0;0;
43048;2736402;567156736;42102784;515682304;0;0;0;0;0;0;0;0;0;0;0;2825;0;0;0;0;0;0;
43049;4776949;567156736;42102784;515682304;0;0;0;0;0;0;0;0;0;0;0;2625;0;0;0;0;0;0;
43050;2913875;567156736;42102784;515682304;0;0;0;0;0;0;0;0;0;0;0;2555;0;0;0;0;0;0;
43051;4729029;567156736;42102784;515682304;0;0;0;0;0;0;0;0;0;0;0;2275;0;0;0;0;0;0;
43052;2805742;567156736;42102784;515682304;0;0;0;0;0;0;0;0;0;0;0;2685;0;0;0;0;0;0;
43053;4858562;567156736;42102784;515682304;0;0;0;0;0;0;0;0;0;0;0;2535;0;0;0;0;0;0;
43054;2821371;567156736;42102784;515682304;0;0;0;0;0;0;0;0;0;0;0;2555;0;0;0;0;0;0;
43055;4768322;567156736;42102784;515682304;0;0;0;0;0;0;0;0;0;0;0;2745;0;0;0;0;0;0;
43056;2774864;567156736;42102784;515682304;0;0;0;0;0;0;0;0;0;0;0;2325;0;0;0;0;0;0;
43057;4784874;567156736;42102784;515682304;0;0;0;0;0;0;0;0;0;0;0;2575;0;0;0;0;0;0;
43058;2714140;567156736;42102784;515682304;0;0;0;0;0;0;0;0;0;0;0;2685;0;0;0;0;0;0;
43059;5030955;567156736;42102784;515682304;0;0;0;0;0;0;0;0;0;0;0;2615;0;0;0;0;0;0;
43060;2666009;567156736;42102784;515682304;0;0;0;0;0;0;0;0;0;0;0;3156;0;0;0;0;0;0;
43061;4808168;567156736;42102784;515682304;0;0;0;0;0;0;0;0;0;0;0;2635;0;0;0;0;0;0;
43062;2690185;567156736;42102784;515682304;0;0;0;0;0;0;0;0;0;0;0;3737;0;0;0;0;0;0;
43063;4831531;567156736;42102784;515682304;0;0;0;0;0;0;0;0;0;0;0;2635;0;0;0;0;0;0;
43064;2934163;567156736;42102784;515682304;0;0;0;0;0;0;0;0;0;0;0;3176;0;0;0;0;0;0;
43065;5140521;567156736;42102784;515682304;0;0;0;0;0;0;0;0;0;0;0;3096;0;0;0;0;0;0;
43066;2723688;567156736;42102784;515682304;0;0;0;0;0;0;0;0;0;0;0;2635;0;0;0;0;0;0;
43067;4777630;567156736;42102784;515682304;0;0;0;0;0;0;0;0;0;0;0;2644;0;0;0;0;0;0;
43068;2880341;567156736;42102784;515682304;0;0;0;0;0;0;0;0;0;0;0;3135;0;0;0;0;0;0;
43069;4764795;567156736;42102784;515682304;0;0;0;0;0;0;0;0;0;0;0;2706;0;0;0;0;0;0;
43070;2804099;567156736;42102784;515682304;0;0;0;0;0;0;0;0;0;0;0;3356;0;0;0;0;0;0;
43071;4865013;567156736;42102784;515682304;0;0;0;0;0;0;0;0;0;0;0;2865;0;0;0;0;0;0;
43072;2918564;567156736;42102784;515682304;0;0;0;0;0;0;0;0;0;0;0;2876;0;0;0;0;0;0;
43073;4836089;567156736;42102784;515682304;0;0;0;0;0;0;0;0;0;0;0;2625;0;0;0;0;0;0;
43074;3006428;567156736;42102784;515682304;0;0;0;0;0;0;0;0;0;0;0;3526;0;0;0;0;0;0;
43075;4829447;567156736;42102784;515682304;0;0;0;0;0;0;0;0;0;0;0;3286;0;0;0;0;0;0;
43076;2807145;567156736;42102784;515682304;0;0;0;0;0;0;0;0;0;0;0;2896;0;0;0;0;0;0;
43077;4818136;567156736;42102784;515682304;0;0;0;0;0;0;0;0;0;0;0;3136;0;0;0;0;0;0;
43078;2696818;567156736;42102784;515682304;0;0;0;0;0;0;0;0;0;0;0;3105;0;0;0;0;0;0;
43079;4865294;567156736;42102784;515682304;0;0;0;0;0;0;0;0;0;0;0;2745;0;0;0;0;0;0;
43080;2858731;567156736;42102784;515682304;0;0;0;0;0;0;0;0;0;0;0;2976;0;0;0;0;0;0;
43081;4767240;567156736;42102784;515682304;0;0;0;0;0;0;0;0;0;0;0;2735;0;0;0;0;0;0;
43082;2744998;567156736;42102784;515682304;0;0;0;0;0;0;0;0;0;0;0;2525;0;0;0;0;0;0;
43083;4768964;567156736;42102784;515682304;0;0;0;0;0;0;0;0;0;0;0;2865;0;0;0;0;0;0;
43084;2858230;567156736;42102784;515682304;0;0;0;0;0;0;0;0;0;0;0;2746;0;0;0;0;0;0;
43085;4816984;567156736;42102784;515682304;0;0;0;0;0;0;0;0;0;0;0;2494;0;0;0;0;0;0;
43086;2984928;567156736;42102784;515682304;0;0;0;0;0;0;0;0;0;0;0;3176;0;0;0;0;0;0;
43087;4742534;567156736;42102784;515682304;0;0;0;0;0;0;0;0;0;0;0;2445;0;0;0;0;0;0;
43088;2894007;567156736;42102784;515682304;0;0;0;0;0;0;0;0;0;0;0;3356;0;0;0;0;0;0;
43089;5120363;567156736;42102784;515682304;0;0;0;0;0;0;0;0;0;0;0;3626;0;0;0;0;0;0;
43090;5228676;567156736;42102784;515682304;0;0;0;0;0;0;0;0;0;0;0;4679;0;0;0;0;0;0;
43091;5444009;567156736;42102784;515682304;0;0;0;0;0;0;0;0;0;0;0;4538;0;0;0;0;0;0;
43092;4911321;567156736;42102784;515682304;0;0;0;0;0;0;0;0;0;0;0;4538;0;0;0;0;0;0;
43093;5324205;567156736;42102784;515682304;0;0;0;0;0;0;0;0;0;0;0;4087;0;0;0;0;0;0;
43094;4821262;567156736;42102784;515682304;0;0;0;0;0;0;0;0;0;0;0;5390;0;0;0;0;0;0;
43095;5426277;567156736;42102784;515682304;0;0;0;0;0;0;0;0;0;0;0;5030;0;0;0;0;0;0;
43096;4489700;567156736;42102784;515682304;0;0;0;0;0;0;0;0;0;0;0;4088;0;0;0;0;0;0;
43097;5354271;567156736;42102784;515682304;0;0;0;0;0;0;0;0;0;0;0;3877;0;0;0;0;0;0;
43098;4512913;567156736;42102784;515682304;0;0;0;0;0;0;0;0;0;0;0;4728;0;0;0;0;0;0;
43099;5392383;567156736;42102784;515682304;0;0;0;0;0;0;0;0;0;0;0;4017;0;0;0;0;0;0;
43100;4629803;567156736;42102784;515682304;0;0;0;0;0;0;0;0;0;0;0;3577;0;0;0;0;0;0;
43101;5234096;567156736;42102784;515682304;0;0;0;0;0;0;0;0;0;0;0;4268;0;0;0;0;0;0;
43102;4453632;567156736;42102784;515682304;0;0;0;0;0;0;0;0;0;0;0;4298;0;0;0;0;0;0;
43103;5725538;567156736;42102784;515682304;0;0;0;0;0;0;0;0;0;0;0;6291;0;0;0;0;0;0;
43104;5895496;567156736;42102784;515682304;0;0;0;0;0;0;0;0;0;0;0;5069;0;0;0;0;0;0;
43105;5524861;567156736;42102784;515682304;0;0;0;0;0;0;0;0;0;0;0;4709;0;0;0;0;0;0;
43106;5942745;567156736;42102784;515682304;0;0;0;0;0;0;0;0;0;0;0;5230;0;0;0;0;0;0;
43107;5450061;567156736;42102784;515682304;0;0;0;0;0;0;0;0;0;0;0;4539;0;0;0;0;0;0;
43108;5815316;567156736;42102784;515682304;0;0;0;0;0;0;0;0;0;0;0;5230;0;0;0;0;0;0;
43109;5352799;567156736;42102784;515682304;0;0;0;0;0;0;0;0;0;0;0;4549;0;0;0;0;0;0;
43110;4960382;567156736;42102784;515682304;0;0;0;0;0;0;0;0;0;0;0;4719;0;0;0;0;0;0;
43111;5538937;567156736;42110976;515690496;0;0;0;0;0;0;0;0;0;0;0;3997;0;0;0;0;0;0;
43112;4942359;567156736;42110976;515690496;0;0;0;0;0;0;0;0;0;0;0;4789;0;0;0;0;0;0;
43113;5499714;567156736;42110976;515690496;0;0;0;0;0;0;0;0;0;0;0;3887;0;0;0;0;0;0;
43114;4417514;567156736;42110976;515690496;0;0;0;0;0;0;0;0;0;0;0;4429;0;0;0;0;0;0;
43115;5338091;567156736;42110976;515690496;0;0;0;0;0;0;0;0;0;0;0;4628;0;0;0;0;0;0;
43116;5073946;567156736;42110976;515690496;0;0;0;0;0;0;0;0;0;0;0;4288;0;0;0;0;0;0;
43117;5355524;567156736;42110976;515690496;0;0;0;0;0;0;0;0;0;0;0;4418;0;0;0;0;0;0;
43118;4701918;567177216;42102784;515682304;0;0;0;0;0;0;0;0;0;0;0;4758;0;0;0;0;0;0;
43119;5682677;567177216;42102784;515682304;0;0;0;0;0;0;0;0;0;0;0;5100;0;0;0;0;0;0;
43120;4502374;567177216;42102784;515682304;0;0;0;0;0;0;0;0;0;0;0;4037;0;0;0;0;0;0;
43121;5525092;567177216;42102784;515682304;0;0;0;0;0;0;0;0;0;0;0;5460;0;0;0;0;0;0;
43122;4705825;567177216;42102784;515682304;0;0;0;0;0;0;0;0;0;0;0;4018;0;0;0;0;0;0;
43123;5608237;567177216;42102784;515682304;0;0;0;0;0;0;0;0;0;0;0;4699;0;0;0;0;0;0;
43124;4630303;567177216;42102784;515682304;0;0;0;0;0;0;0;0;0;0;0;4037;0;0;0;0;0;0;
43125;5436085;567177216;42102784;515682304;0;0;0;0;0;0;0;0;0;0;0;4388;0;0;0;0;0;0;
43126;4575871;567177216;42102784;515682304;0;0;0;0;0;0;0;0;0;0;0;4368;0;0;0;0;0;0;
43127;5216753;567177216;42102784;515682304;0;0;0;0;0;0;0;0;0;0;0;4298;0;0;0;0;0;0;
43128;4487546;567177216;42102784;515682304;0;0;0;0;0;0;0;0;0;0;0;3696;0;0;0;0;0;0;
43129;5407221;567177216;42102784;515682304;0;0;0;0;0;0;0;0;0;0;0;5340;0;0;0;0;0;0;
43130;4299553;567177216;42102784;515682304;0;0;0;0;0;0;0;0;0;0;0;3727;0;0;0;0;0;0;
43131;5833420;567177216;42102784;515682304;0;0;0;0;0;0;0;0;0;0;0;4959;0;0;0;0;0;0;
43132;4286007;567177216;42102784;515682304;0;0;0;0;0;0;0;0;0;0;0;4137;0;0;0;0;0;0;
43133;5320708;567177216;42102784;515682304;0;0;0;0;0;0;0;0;0;0;0;4819;0;0;0;0;0;0;
43134;3350122;567177216;42102784;515682304;0;0;0;0;0;0;0;0;0;0;0;4198;0;0;0;0;0;0;
43135;5556851;567177216;42102784;515682304;0;0;0;0;0;0;0;0;0;0;0;4769;0;0;0;0;0;0;
43136;3564264;567177216;42102784;515682304;0;0;0;0;0;0;0;0;0;0;0;4258;0;0;0;0;0;0;
43137;5975817;567177216;42102784;515682304;0;0;0;0;0;0;0;0;0;0;0;4869;0;0;0;0;0;0;
43138;4381236;567177216;42102784;515682304;0;0;0;0;0;0;0;0;0;0;0;4027;0;0;0;0;0;0;
43139;5954036;567177216;42102784;515682304;0;0;0;0;0;0;0;0;0;0;0;4127;0;0;0;0;0;0;
43140;4044826;567177216;42102784;515682304;0;0;0;0;0;0;0;0;0;0;0;4569;0;0;0;0;0;0;
43141;5805127;567177216;42102784;515682304;0;0;0;0;0;0;0;0;0;0;0;4979;0;0;0;0;0;0;
43142;4005051;567177216;42102784;515682304;0;0;0;0;0;0;0;0;0;0;0;3566;0;0;0;0;0;0;
43143;6174690;567177216;42102784;515682304;0;0;0;0;0;0;0;0;0;0;0;3888;0;0;0;0;0;0;
43144;3052484;567177216;42102784;515682304;0;0;0;0;0;0;0;0;0;0;0;3216;0;0;0;0;0;0;
43145;5132666;567177216;42102784;515682304;0;0;0;0;0;0;0;0;0;0;0;4278;0;0;0;0;0;0;
43146;3160106;567177216;42102784;515682304;0;0;0;0;0;0;0;0;0;0;0;3978;0;0;0;0;0;0;
43147;5055381;567177216;42102784;515682304;0;0;0;0;0;0;0;0;0;0;0;3617;0;0;0;0;0;0;
43148;3135921;567177216;42102784;515682304;0;0;0;0;0;0;0;0;0;0;0;3436;0;0;0;0;0;0;
43149;5264332;567177216;42102784;515682304;0;0;0;0;0;0;0;0;0;0;0;3858;0;0;0;0;0;0;
43150;3504211;567177216;42102784;515682304;0;0;0;0;0;0;0;0;0;0;0;4288;0;0;0;0;0;0;
43151;5445362;567177216;42102784;515682304;0;0;0;0;0;0;0;0;0;0;0;4288;0;0;0;0;0;0;
43152;4199386;567177216;42102784;515682304;0;0;0;0;0;0;0;0;0;0;0;4659;0;0;0;0;0;0;
43153;5296072;567177216;42102784;515682304;0;0;0;0;0;0;0;0;0;0;0;4469;0;0;0;0;0;0;
43154;4294985;567177216;42102784;515682304;0;0;0;0;0;0;0;0;0;0;0;4499;0;0;0;0;0;0;
43155;5253272;567177216;42102784;515682304;0;0;0;0;0;0;0;0;0;0;0;5390;0;0;0;0;0;0;
43156;4270088;567177216;42102784;515682304;0;0;0;0;0;0;0;0;0;0;0;4238;0;0;0;0;0;0;
43157;5365532;567177216;42102784;515682304;0;0;0;0;0;0;0;0;0;0;0;4899;0;0;0;0;0;0;
43158;4347062;567177216;42102784;515682304;0;0;0;0;0;0;0;0;0;0;0;5170;0;0;0;0;0;0;
43159;5675513;567177216;42102784;515682304;0;0;0;0;0;0;0;0;0;0;0;5109;0;0;0;0;0;0;
43160;3294017;567177216;42102784;515682304;0;0;0;0;0;0;0;0;0;0;0;4067;0;0;0;0;0;0;
43161;5554337;567177216;42102784;515682304;0;0;0;0;0;0;0;0;0;0;0;3787;0;0;0;0;0;0;
43162;3142844;567177216;42102784;515682304;0;0;0;0;0;0;0;0;0;0;0;3637;0;0;0;0;0;0;
43163;5132796;567177216;42102784;515682304;0;0;0;0;0;0;0;0;0;0;0;3086;0;0;0;0;0;0;
43164;4039355;567177216;42102784;515682304;0;0;0;0;0;0;0;0;0;0;0;4248;0;0;0;0;0;0;
43165;5824583;567177216;42102784;515682304;0;0;0;0;0;0;0;0;0;0;0;5340;0;0;0;0;0;0;
43166;3236790;567177216;42102784;515682304;0;0;0;0;0;0;0;0;0;0;0;3227;0;0;0;0;0;0;
43167;5411078;567177216;42102784;515682304;0;0;0;0;0;0;0;0;0;0;0;4939;0;0;0;0;0;0;
43168;3011006;567177216;42102784;515682304;0;0;0;0;0;0;0;0;0;0;0;4078;0;0;0;0;0;0;
43169;5314166;567177216;42102784;515682304;0;0;0;0;0;0;0;0;0;0;0;4188;0;0;0;0;0;0;
43170;4389142;567177216;42102784;515682304;0;0;0;0;0;0;0;0;0;0;0;4839;0;0;0;0;0;0;
43171;5446595;567177216;42102784;515682304;0;0;0;0;0;0;0;0;0;0;0;5551;0;0;0;0;0;0;
43172;4711576;567177216;42102784;515682304;0;0;0;0;0;0;0;0;0;0;0;4769;0;0;0;0;0;0;
43173;5359421;567177216;42102784;515682304;0;0;0;0;0;0;0;0;0;0;0;3937;0;0;0;0;0;0;
43174;4501882;567177216;42102784;515682304;0;0;0;0;0;0;0;0;0;0;0;4979;0;0;0;0;0;0;
43175;5261959;567177216;42102784;515682304;0;0;0;0;0;0;0;0;0;0;0;4157;0;0;0;0;0;0;
43176;4302840;567177216;42102784;515682304;0;0;0;0;0;0;0;0;0;0;0;3727;0;0;0;0;0;0;
43177;5089485;567177216;42102784;515682304;0;0;0;0;0;0;0;0;0;0;0;3817;0;0;0;0;0;0;
43178;4379143;567177216;42102784;515682304;0;0;0;0;0;0;0;0;0;0;0;4359;0;0;0;0;0;0;
43179;5291304;567177216;42102784;515682304;0;0;0;0;0;0;0;0;0;0;0;3747;0;0;0;0;0;0;
43180;4370627;567177216;42102784;515682304;0;0;0;0;0;0;0;0;0;0;0;3998;0;0;0;0;0;0;
43181;5390289;567177216;42102784;515682304;0;0;0;0;0;0;0;0;0;0;0;4168;0;0;0;0;0;0;
43182;4656252;567177216;42102784;515682304;0;0;0;0;0;0;0;0;0;0;0;4348;0;0;0;0;0;0;
43183;5539359;567177216;42102784;515682304;0;0;0;0;0;0;0;0;0;0;0;4008;0;0;0;0;0;0;
43184;4308390;567177216;42102784;515682304;0;0;0;0;0;0;0;0;0;0;0;3366;0;0;0;0;0;0;
43185;5262259;567177216;42102784;515682304;0;0;0;0;0;0;0;0;0;0;0;3386;0;0;0;0;0;0;
43186;4561425;567177216;42102784;515682304;0;0;0;0;0;0;0;0;0;0;0;3657;0;0;0;0;0;0;
43187;5153545;567177216;42102784;515682304;0;0;0;0;0;0;0;0;0;0;0;3507;0;0;0;0;0;0;
43188;4477157;567177216;42102784;515682304;0;0;0;0;0;0;0;0;0;0;0;3587;0;0;0;0;0;0;
43189;5127746;567177216;42102784;515682304;0;0;0;0;0;0;0;0;0;0;0;3406;0;0;0;0;0;0;
43190;4049645;567177216;42102784;515682304;0;0;0;0;0;0;0;0;0;0;0;3296;0;0;0;0;0;0;
43191;5118940;567177216;42102784;515682304;0;0;0;0;0;0;0;0;0;0;0;3297;0;0;0;0;0;0;
43192;3346687;567177216;42102784;515682304;0;0;0;0;0;0;0;0;0;0;0;3767;0;0;0;0;0;0;
43193;5085017;567177216;42102784;515682304;0;0;0;0;0;0;0;0;0;0;0;3978;0;0;0;0;0;0;
43194;3958734;567177216;42102784;515682304;0;0;0;0;0;0;0;0;0;0;0;4088;0;0;0;0;0;0;
43195;4842171;567177216;42102784;515682304;0;0;0;0;0;0;0;0;0;0;0;3135;0;0;0;0;0;0;
43196;3188780;567177216;42102784;515682304;0;0;0;0;0;0;0;0;0;0;0;3858;0;0;0;0;0;0;
43197;4872879;567177216;42102784;515682304;0;0;0;0;0;0;0;0;0;0;0;3467;0;0;0;0;0;0;
43198;3408933;567177216;42102784;515682304;0;0;0;0;0;0;0;0;0;0;0;3487;0;0;0;0;0;0;
43199;4868821;567177216;42102784;515682304;0;0;0;0;0;0;0;0;0;0;0;3386;0;0;0;0;0;0;
43200;3076920;567177216;42102784;515682304;0;0;0;0;0;0;0;0;0;0;0;3306;0;0;0;0;0;0;
43201;5183722;567177216;42102784;515682304;0;0;0;0;0;0;0;0;0;0;0;2855;0;0;0;0;0;0;
43202;3199590;567177216;42102784;515682304;0;0;0;0;0;0;0;0;0;0;0;3607;0;0;0;0;0;0;
43203;5125021;567177216;42102784;515682304;0;0;0;0;0;0;0;0;0;0;0;4237;0;0;0;0;0;0;
43204;3126504;567177216;42102784;515682304;0;0;0;0;0;0;0;0;0;0;0;4188;0;0;0;0;0;0;
43205;5256217;567177216;42102784;515682304;0;0;0;0;0;0;0;0;0;0;0;4098;0;0;0;0;0;0;
43206;3408362;567177216;42102784;515682304;0;0;0;0;0;0;0;0;0;0;0;3085;0;0;0;0;0;0;
43207;4937700;567177216;42102784;515682304;0;0;0;0;0;0;0;0;0;0;0;4188;0;0;0;0;0;0;
43208;3161479;567177216;42102784;515682304;0;0;0;0;0;0;0;0;0;0;0;4068;0;0;0;0;0;0;
43209;4847611;567177216;42102784;515682304;0;0;0;0;0;0;0;0;0;0;0;3266;0;0;0;0;0;0;
43210;3158974;567177216;42102784;515682304;0;0;0;0;0;0;0;0;0;0;0;3116;0;0;0;0;0;0;
43211;4914367;567177216;42102784;515682304;0;0;0;0;0;0;0;0;0;0;0;3176;0;0;0;0;0;0;
43212;3565677;567177216;42102784;515682304;0;0;0;0;0;0;0;0;0;0;0;3707;0;0;0;0;0;0;
43213;4928402;567177216;42102784;515682304;0;0;0;0;0;0;0;0;0;0;0;3346;0;0;0;0;0;0;
43214;2988574;567177216;42102784;515682304;0;0;0;0;0;0;0;0;0;0;0;3156;0;0;0;0;0;0;
43215;5071020;567177216;42102784;515682304;0;0;0;0;0;0;0;0;0;0;0;3486;0;0;0;0;0;0;
43216;3121073;567177216;42102784;515682304;0;0;0;0;0;0;0;0;0;0;0;3938;0;0;0;0;0;0;
43217;5020806;567177216;42102784;515682304;0;0;0;0;0;0;0;0;0;0;0;3567;0;0;0;0;0;0;
43218;3073674;567177216;42102784;515682304;0;0;0;0;0;0;0;0;0;0;0;3246;0;0;0;0;0;0;
43219;5218336;567177216;42110976;515690496;0;0;0;0;0;0;0;0;0;0;0;4017;0;0;0;0;0;0;
43220;3115793;567177216;42110976;515690496;0;0;0;0;0;0;0;0;0;0;0;3296;0;0;0;0;0;0;
43221;4829036;567177216;42110976;515690496;0;0;0;0;0;0;0;0;0;0;0;3116;0;0;0;0;0;0;
43222;3763067;567177216;42110976;515690496;0;0;0;0;0;0;0;0;0;0;0;4779;0;0;0;0;0;0;
43223;5293457;567177216;42110976;515690496;0;0;0;0;0;0;0;0;0;0;0;4498;0;0;0;0;0;0;
43224;3812019;567177216;42110976;515690496;0;0;0;0;0;0;0;0;0;0;0;3316;0;0;0;0;0;0;
43225;4922561;567177216;42110976;515690496;0;0;0;0;0;0;0;0;0;0;0;3447;0;0;0;0;0;0;
43226;3557141;567193600;42102784;515682304;0;0;0;0;0;0;0;0;0;0;0;3286;0;0;0;0;0;0;
43227;5010517;567193600;42102784;515682304;0;0;0;0;0;0;0;0;0;0;0;3587;0;0;0;0;0;0;
43228;3232141;567193600;42102784;515682304;0;0;0;0;0;0;0;0;0;0;0;3006;0;0;0;0;0;0;
43229;5126083;567193600;42102784;515682304;0;0;0;0;0;0;0;0;0;0;0;3787;0;0;0;0;0;0;
43230;3253602;567193600;42102784;515682304;0;0;0;0;0;0;0;0;0;0;0;3367;0;0;0;0;0;0;
43231;5057755;567193600;42102784;515682304;0;0;0;0;0;0;0;0;0;0;0;4028;0;0;0;0;0;0;
43232;3256738;567193600;42102784;515682304;0;0;0;0;0;0;0;0;0;0;0;3587;0;0;0;0;0;0;
43233;5331368;567193600;42102784;515682304;0;0;0;0;0;0;0;0;0;0;0;4378;0;0;0;0;0;0;
43234;3214658;567193600;42102784;515682304;0;0;0;0;0;0;0;0;0;0;0;2966;0;0;0;0;0;0;
43235;4927561;567193600;42102784;515682304;0;0;0;0;0;0;0;0;0;0;0;3406;0;0;0;0;0;0;
43236;3246669;567193600;42102784;515682304;0;0;0;0;0;0;0;0;0;0;0;3106;0;0;0;0;0;0;
43237;4915659;567193600;42102784;515682304;0;0;0;0;0;0;0;0;0;0;0;3386;0;0;0;0;0;0;
43238;3340514;567193600;42102784;515682304;0;0;0;0;0;0;0;0;0;0;0;3316;0;0;0;0;0;0;
43239;4789372;567193600;42102784;515682304;0;0;0;0;0;0;0;0;0;0;0;3045;0;0;0;0;0;0;
43240;3579373;567193600;42102784;515682304;0;0;0;0;0;0;0;0;0;0;0;4589;0;0;0;0;0;0;
43241;4992402;567193600;42102784;515682304;0;0;0;0;0;0;0;0;0;0;0;2895;0;0;0;0;0;0;
43242;3130511;567193600;42102784;515682304;0;0;0;0;0;0;0;0;0;0;0;3587;0;0;0;0;0;0;
43243;5222234;567193600;42102784;515682304;0;0;0;0;0;0;0;0;0;0;0;4509;0;0;0;0;0;0;
43244;3111184;567193600;42102784;515682304;0;0;0;0;0;0;0;0;0;0;0;4008;0;0;0;0;0;0;
43245;4983045;567193600;42102784;515682304;0;0;0;0;0;0;0;0;0;0;0;3296;0;0;0;0;0;0;
43246;3028300;567193600;42102784;515682304;0;0;0;0;0;0;0;0;0;0;0;3557;0;0;0;0;0;0;
43247;5315508;567193600;42102784;515682304;0;0;0;0;0;0;0;0;0;0;0;4017;0;0;0;0;0;0;
43248;3075257;567193600;42102784;515682304;0;0;0;0;0;0;0;0;0;0;0;3457;0;0;0;0;0;0;
43249;4762411;567193600;42102784;515682304;0;0;0;0;0;0;0;0;0;0;0;3527;0;0;0;0;0;0;
43250;3133787;567193600;42102784;515682304;0;0;0;0;0;0;0;0;0;0;0;3426;0;0;0;0;0;0;
43251;4833735;567193600;42102784;515682304;0;0;0;0;0;0;0;0;0;0;0;3336;0;0;0;0;0;0;
43252;3309577;567193600;42102784;515682304;0;0;0;0;0;0;0;0;0;0;0;3617;0;0;0;0;0;0;
43253;4890421;567193600;42102784;515682304;0;0;0;0;0;0;0;0;0;0;0;3707;0;0;0;0;0;0;
43254;2980320;567193600;42102784;515682304;0;0;0;0;0;0;0;0;0;0;0;3267;0;0;0;0;0;0;
43255;5203118;567193600;42102784;515682304;0;0;0;0;0;0;0;0;0;0;0;3877;0;0;0;0;0;0;
43256;3144647;567193600;42102784;515682304;0;0;0;0;0;0;0;0;0;0;0;3586;0;0;0;0;0;0;
43257;4938121;567193600;42102784;515682304;0;0;0;0;0;0;0;0;0;0;0;3626;0;0;0;0;0;0;
43258;3341356;567193600;42102784;515682304;0;0;0;0;0;0;0;0;0;0;0;3226;0;0;0;0;0;0;
43259;5418712;567193600;42102784;515682304;0;0;0;0;0;0;0;0;0;0;0;3937;0;0;0;0;0;0;
43260;5482121;567193600;42102784;515682304;0;0;0;0;0;0;0;0;0;0;0;4688;0;0;0;0;0;0;
43261;5772285;567193600;42102784;515682304;0;0;0;0;0;0;0;0;0;0;0;16070;0;0;0;0;0;0;
43262;11512490;567193600;42102784;515682304;0;0;0;0;0;0;0;0;0;0;0;6582;0;0;0;0;0;0;
43263;5458296;567193600;42102784;515682304;0;0;0;0;0;0;0;0;0;0;0;4298;0;0;0;0;0;0;
43264;4115458;567193600;42102784;515682304;0;0;0;0;0;0;0;0;0;0;0;3717;0;0;0;0;0;0;
43265;5066191;567193600;42102784;515682304;0;0;0;0;0;0;0;0;0;0;0;3857;0;0;0;0;0;0;
43266;3766594;567193600;42102784;515682304;0;0;0;0;0;0;0;0;0;0;0;4028;0;0;0;0;0;0;
43267;5009745;567193600;42102784;515682304;0;0;0;0;0;0;0;0;0;0;0;3757;0;0;0;0;0;0;
43268;3845412;567193600;42102784;515682304;0;0;0;0;0;0;0;0;0;0;0;3747;0;0;0;0;0;0;
43269;5111826;567193600;42102784;515682304;0;0;0;0;0;0;0;0;0;0;0;4067;0;0;0;0;0;0;
43270;3878814;567193600;42102784;515682304;0;0;0;0;0;0;0;0;0;0;0;4037;0;0;0;0;0;0;
43271;5038489;567193600;42102784;515682304;0;0;0;0;0;0;0;0;0;0;0;3847;0;0;0;0;0;0;
43272;3910714;567193600;42102784;515682304;0;0;0;0;0;0;0;0;0;0;0;3767;0;0;0;0;0;0;
43273;5092841;567193600;42102784;515682304;0;0;0;0;0;0;0;0;0;0;0;3948;0;0;0;0;0;0;
43274;4035398;567193600;42102784;515682304;0;0;0;0;0;0;0;0;0;0;0;3627;0;0;0;0;0;0;
43275;5127005;567193600;42102784;515682304;0;0;0;0;0;0;0;0;0;0;0;3887;0;0;0;0;0;0;
43276;3797973;567193600;42102784;515682304;0;0;0;0;0;0;0;0;0;0;0;4148;0;0;0;0;0;0;
43277;5314387;567193600;42102784;515682304;0;0;0;0;0;0;0;0;0;0;0;3657;0;0;0;0;0;0;
43278;3963093;567193600;42102784;515682304;0;0;0;0;0;0;0;0;0;0;0;3777;0;0;0;0;0;0;
43279;5050292;567193600;42102784;515682304;0;0;0;0;0;0;0;0;0;0;0;4018;0;0;0;0;0;0;
43280;3844820;567193600;42102784;515682304;0;0;0;0;0;0;0;0;0;0;0;3657;0;0;0;0;0;0;
43281;5048859;567193600;42102784;515682304;0;0;0;0;0;0;0;0;0;0;0;3727;0;0;0;0;0;0;
43282;3761354;567193600;42102784;515682304;0;0;0;0;0;0;0;0;0;0;0;3537;0;0;0;0;0;0;
43283;4961245;567193600;42102784;515682304;0;0;0;0;0;0;0;0;0;0;0;3968;0;0;0;0;0;0;
43284;3987118;567193600;42102784;515682304;0;0;0;0;0;0;0;0;0;0;0;4077;0;0;0;0;0;0;
43285;4969660;567193600;42102784;515682304;0;0;0;0;0;0;0;0;0;0;0;3677;0;0;0;0;0;0;
43286;3977138;567193600;42102784;515682304;0;0;0;0;0;0;0;0;0;0;0;3988;0;0;0;0;0;0;
43287;5011508;567193600;42102784;515682304;0;0;0;0;0;0;0;0;0;0;0;3907;0;0;0;0;0;0;
43288;3690872;567193600;42102784;515682304;0;0;0;0;0;0;0;0;0;0;0;2956;0;0;0;0;0;0;
43289;4870875;567193600;42102784;515682304;0;0;0;0;0;0;0;0;0;0;0;3246;0;0;0;0;0;0;
43290;2715904;567193600;42102784;515682304;0;0;0;0;0;0;0;0;0;0;0;2725;0;0;0;0;0;0;
43291;4706166;567193600;42102784;515682304;0;0;0;0;0;0;0;0;0;0;0;2995;0;0;0;0;0;0;
43292;2643448;567193600;42102784;515682304;0;0;0;0;0;0;0;0;0;0;0;3196;0;0;0;0;0;0;
43293;4981121;567193600;42102784;515682304;0;0;0;0;0;0;0;0;0;0;0;3005;0;0;0;0;0;0;
43294;2773001;567193600;42102784;515682304;0;0;0;0;0;0;0;0;0;0;0;3747;0;0;0;0;0;0;
43295;4679746;567193600;42102784;515682304;0;0;0;0;0;0;0;0;0;0;0;3296;0;0;0;0;0;0;
43296;2699151;567193600;42102784;515682304;0;0;0;0;0;0;0;0;0;0;0;3536;0;0;0;0;0;0;
43297;4728418;567193600;42102784;515682304;0;0;0;0;0;0;0;0;0;0;0;2866;0;0;0;0;0;0;
43298;2652194;567193600;42102784;515682304;0;0;0;0;0;0;0;0;0;0;0;3666;0;0;0;0;0;0;
43299;4775405;567193600;42102784;515682304;0;0;0;0;0;0;0;0;0;0;0;3326;0;0;0;0;0;0;
43300;2922621;567193600;42102784;515682304;0;0;0;0;0;0;0;0;0;0;0;3466;0;0;0;0;0;0;
43301;4768803;567193600;42102784;515682304;0;0;0;0;0;0;0;0;0;0;0;3256;0;0;0;0;0;0;
43302;2718789;567193600;42102784;515682304;0;0;0;0;0;0;0;0;0;0;0;3447;0;0;0;0;0;0;
43303;4764986;567193600;42102784;515682304;0;0;0;0;0;0;0;0;0;0;0;3025;0;0;0;0;0;0;
43304;2738586;567193600;42102784;515682304;0;0;0;0;0;0;0;0;0;0;0;3236;0;0;0;0;0;0;
43305;4768623;567193600;42102784;515682304;0;0;0;0;0;0;0;0;0;0;0;3076;0;0;0;0;0;0;
43306;2730000;567193600;42102784;515682304;0;0;0;0;0;0;0;0;0;0;0;3006;0;0;0;0;0;0;
43307;4802557;567193600;42102784;515682304;0;0;0;0;0;0;0;0;0;0;0;3096;0;0;0;0;0;0;
43308;2682280;567193600;42102784;515682304;0;0;0;0;0;0;0;0;0;0;0;3076;0;0;0;0;0;0;
43309;4792327;567193600;42102784;515682304;0;0;0;0;0;0;0;0;0;0;0;2916;0;0;0;0;0;0;
43310;2612459;567193600;42102784;515682304;0;0;0;0;0;0;0;0;0;0;0;3026;0;0;0;0;0;0;
43311;4761199;567193600;42102784;515682304;0;0;0;0;0;0;0;0;0;0;0;3446;0;0;0;0;0;0;
43312;2531848;567193600;42102784;515682304;0;0;0;0;0;0;0;0;0;0;0;2975;0;0;0;0;0;0;
43313;4723238;567193600;42102784;515682304;0;0;0;0;0;0;0;0;0;0;0;3196;0;0;0;0;0;0;
43314;2663154;567193600;42102784;515682304;0;0;0;0;0;0;0;0;0;0;0;3276;0;0;0;0;0;0;
43315;4679295;567193600;42102784;515682304;0;0;0;0;0;0;0;0;0;0;0;2905;0;0;0;0;0;0;
43316;2690375;567193600;42102784;515682304;0;0;0;0;0;0;0;0;0;0;0;2976;0;0;0;0;0;0;
43317;4813457;567193600;42102784;515682304;0;0;0;0;0;0;0;0;0;0;0;3056;0;0;0;0;0;0;
43318;2691107;567193600;42102784;515682304;0;0;0;0;0;0;0;0;0;0;0;3045;0;0;0;0;0;0;
43319;4792067;567193600;42102784;515682304;0;0;0;0;0;0;0;0;0;0;0;3146;0;0;0;0;0;0;
43320;2664106;567193600;42102784;515682304;0;0;0;0;0;0;0;0;0;0;0;3427;0;0;0;0;0;0;
43321;4689385;567193600;42102784;515682304;0;0;0;0;0;0;0;0;0;0;0;3136;0;0;0;0;0;0;
43322;2652003;567193600;42102784;515682304;0;0;0;0;0;0;0;0;0;0;0;2916;0;0;0;0;0;0;
43323;4709322;567193600;42102784;515682304;0;0;0;0;0;0;0;0;0;0;0;3086;0;0;0;0;0;0;
43324;2706165;567193600;42102784;515682304;0;0;0;0;0;0;0;0;0;0;0;3206;0;0;0;0;0;0;
43325;4780184;567193600;42102784;515682304;0;0;0;0;0;0;0;0;0;0;0;3817;0;0;0;0;0;0;
43326;2641324;567193600;42102784;515682304;0;0;0;0;0;0;0;0;0;0;0;3306;0;0;0;0;0;0;
43327;4746482;567193600;42102784;515682304;0;0;0;0;0;0;0;0;0;0;0;3156;0;0;0;0;0;0;
43328;2758383;567193600;42102784;515682304;0;0;0;0;0;0;0;0;0;0;0;2986;0;0;0;0;0;0;
43329;4698200;567193600;42102784;515682304;0;0;0;0;0;0;0;0;0;0;0;2895;0;0;0;0;0;0;
43330;2592181;567193600;42102784;515682304;0;0;0;0;0;0;0;0;0;0;0;3437;0;0;0;0;0;0;
43331;4736472;567193600;42102784;515682304;0;0;0;0;0;0;0;0;0;0;0;3727;0;0;0;0;0;0;
43332;2923092;567193600;42102784;515682304;0;0;0;0;0;0;0;0;0;0;0;3106;0;0;0;0;0;0;
43333;4676931;567193600;42102784;515682304;0;0;0;0;0;0;0;0;0;0;0;3426;0;0;0;0;0;0;
43334;2751600;567193600;42102784;515682304;0;0;0;0;0;0;0;0;0;0;0;2735;0;0;0;0;0;0;
43335;4697109;567193600;42102784;515682304;0;0;0;0;0;0;0;0;0;0;0;3136;0;0;0;0;0;0;
43336;3186747;567193600;42102784;515682304;0;0;0;0;0;0;0;0;0;0;0;3627;0;0;0;0;0;0;
43337;4941407;567193600;42102784;515682304;0;0;0;0;0;0;0;0;0;0;0;3877;0;0;0;0;0;0;
43338;3980134;567193600;42102784;515682304;0;0;0;0;0;0;0;0;0;0;0;2906;0;0;0;0;0;0;
43339;4983987;567193600;42110976;515690496;0;0;0;0;0;0;0;0;0;0;0;2715;0;0;0;0;0;0;
43340;2969459;567193600;42110976;515690496;0;0;0;0;0;0;0;0;0;0;0;4559;0;0;0;0;0;0;
43341;5048338;567193600;42110976;515690496;0;0;0;0;0;0;0;0;0;0;0;3887;0;0;0;0;0;0;
43342;3764981;567193600;42110976;515690496;0;0;0;0;0;0;0;0;0;0;0;3937;0;0;0;0;0;0;
43343;5161339;567193600;42110976;515690496;0;0;0;0;0;0;0;0;0;0;0;3706;0;0;0;0;0;0;
43344;3839320;567193600;42110976;515690496;0;0;0;0;0;0;0;0;0;0;0;3707;0;0;0;0;0;0;
43345;5224738;567193600;42110976;515690496;0;0;0;0;0;0;0;0;0;0;0;4278;0;0;0;0;0;0;
43346;3954366;567214080;42102784;515682304;0;0;0;0;0;0;0;0;0;0;0;3928;0;0;0;0;0;0;
43347;5030524;567214080;42102784;515682304;0;0;0;0;0;0;0;0;0;0;0;3998;0;0;0;0;0;0;
43348;3893442;567214080;42102784;515682304;0;0;0;0;0;0;0;0;0;0;0;4078;0;0;0;0;0;0;
43349;5008132;567214080;42102784;515682304;0;0;0;0;0;0;0;0;0;0;0;3817;0;0;0;0;0;0;
43350;3823551;567214080;42102784;515682304;0;0;0;0;0;0;0;0;0;0;0;3777;0;0;0;0;0;0;
43351;5008143;567214080;42102784;515682304;0;0;0;0;0;0;0;0;0;0;0;4037;0;0;0;0;0;0;
43352;3790128;567214080;42102784;515682304;0;0;0;0;0;0;0;0;0;0;0;3968;0;0;0;0;0;0;
43353;5107799;567214080;42102784;515682304;0;0;0;0;0;0;0;0;0;0;0;3957;0;0;0;0;0;0;
43354;3854388;567214080;42102784;515682304;0;0;0;0;0;0;0;0;0;0;0;3918;0;0;0;0;0;0;
43355;5122256;567214080;42102784;515682304;0;0;0;0;0;0;0;0;0;0;0;3927;0;0;0;0;0;0;
43356;3808242;567214080;42102784;515682304;0;0;0;0;0;0;0;0;0;0;0;3968;0;0;0;0;0;0;
43357;5097660;567214080;42102784;515682304;0;0;0;0;0;0;0;0;0;0;0;3877;0;0;0;0;0;0;
43358;3860841;567214080;42102784;515682304;0;0;0;0;0;0;0;0;0;0;0;3507;0;0;0;0;0;0;
43359;5087091;567214080;42102784;515682304;0;0;0;0;0;0;0;0;0;0;0;3807;0;0;0;0;0;0;
43360;3740235;567214080;42102784;515682304;0;0;0;0;0;0;0;0;0;0;0;3807;0;0;0;0;0;0;
43361;5092491;567214080;42102784;515682304;0;0;0;0;0;0;0;0;0;0;0;3727;0;0;0;0;0;0;
43362;3820995;567214080;42102784;515682304;0;0;0;0;0;0;0;0;0;0;0;3747;0;0;0;0;0;0;
43363;5065590;567214080;42102784;515682304;0;0;0;0;0;0;0;0;0;0;0;3927;0;0;0;0;0;0;
43364;3786702;567214080;42102784;515682304;0;0;0;0;0;0;0;0;0;0;0;4188;0;0;0;0;0;0;
43365;5115023;567214080;42102784;515682304;0;0;0;0;0;0;0;0;0;0;0;3687;0;0;0;0;0;0;
43366;3983631;567214080;42102784;515682304;0;0;0;0;0;0;0;0;0;0;0;4309;0;0;0;0;0;0;
43367;5138537;567214080;42102784;515682304;0;0;0;0;0;0;0;0;0;0;0;4298;0;0;0;0;0;0;
43368;3799656;567214080;42102784;515682304;0;0;0;0;0;0;0;0;0;0;0;3627;0;0;0;0;0;0;
43369;5048779;567214080;42102784;515682304;0;0;0;0;0;0;0;0;0;0;0;4558;0;0;0;0;0;0;
43370;3985485;567214080;42102784;515682304;0;0;0;0;0;0;0;0;0;0;0;4208;0;0;0;0;0;0;
43371;5046925;567214080;42102784;515682304;0;0;0;0;0;0;0;0;0;0;0;3276;0;0;0;0;0;0;
43372;3866712;567214080;42102784;515682304;0;0;0;0;0;0;0;0;0;0;0;3948;0;0;0;0;0;0;
43373;5082611;567214080;42102784;515682304;0;0;0;0;0;0;0;0;0;0;0;3717;0;0;0;0;0;0;
43374;3789476;567214080;42102784;515682304;0;0;0;0;0;0;0;0;0;0;0;3186;0;0;0;0;0;0;
43375;4747644;567214080;42102784;515682304;0;0;0;0;0;0;0;0;0;0;0;2875;0;0;0;0;0;0;
43376;2697869;567214080;42102784;515682304;0;0;0;0;0;0;0;0;0;0;0;3687;0;0;0;0;0;0;
43377;4792167;567214080;42102784;515682304;0;0;0;0;0;0;0;0;0;0;0;2896;0;0;0;0;0;0;
43378;2714520;567214080;42102784;515682304;0;0;0;0;0;0;0;0;0;0;0;3367;0;0;0;0;0;0;
43379;4797277;567214080;42102784;515682304;0;0;0;0;0;0;0;0;0;0;0;2715;0;0;0;0;0;0;
43380;2645932;567214080;42102784;515682304;0;0;0;0;0;0;0;0;0;0;0;3266;0;0;0;0;0;0;
43381;4801164;567214080;42102784;515682304;0;0;0;0;0;0;0;0;0;0;0;3306;0;0;0;0;0;0;
43382;2755228;567214080;42102784;515682304;0;0;0;0;0;0;0;0;0;0;0;3356;0;0;0;0;0;0;
43383;4782288;567214080;42102784;515682304;0;0;0;0;0;0;0;0;0;0;0;2886;0;0;0;0;0;0;
43384;2683152;567214080;42102784;515682304;0;0;0;0;0;0;0;0;0;0;0;2895;0;0;0;0;0;0;
43385;4772831;567214080;42102784;515682304;0;0;0;0;0;0;0;0;0;0;0;3036;0;0;0;0;0;0;
43386;2643598;567214080;42102784;515682304;0;0;0;0;0;0;0;0;0;0;0;3266;0;0;0;0;0;0;
43387;4718389;567214080;42102784;515682304;0;0;0;0;0;0;0;0;0;0;0;2885;0;0;0;0;0;0;
43388;2801454;567214080;42102784;515682304;0;0;0;0;0;0;0;0;0;0;0;2635;0;0;0;0;0;0;
43389;4740380;567214080;42102784;515682304;0;0;0;0;0;0;0;0;0;0;0;3186;0;0;0;0;0;0;
43390;2825458;567214080;42102784;515682304;0;0;0;0;0;0;0;0;0;0;0;3717;0;0;0;0;0;0;
43391;4727045;567214080;42102784;515682304;0;0;0;0;0;0;0;0;0;0;0;3136;0;0;0;0;0;0;
43392;3030534;567214080;42102784;515682304;0;0;0;0;0;0;0;0;0;0;0;3136;0;0;0;0;0;0;
43393;4831391;567214080;42102784;515682304;0;0;0;0;0;0;0;0;0;0;0;3056;0;0;0;0;0;0;
43394;2755077;567214080;42102784;515682304;0;0;0;0;0;0;0;0;0;0;0;3877;0;0;0;0;0;0;
43395;4752653;567214080;42102784;515682304;0;0;0;0;0;0;0;0;0;0;0;3056;0;0;0;0;0;0;
43396;2772440;567214080;42102784;515682304;0;0;0;0;0;0;0;0;0;0;0;3216;0;0;0;0;0;0;
43397;5043669;567214080;42102784;515682304;0;0;0;0;0;0;0;0;0;0;0;3447;0;0;0;0;0;0;
43398;2609012;567214080;42102784;515682304;0;0;0;0;0;0;0;0;0;0;0;3246;0;0;0;0;0;0;
43399;4777680;567214080;42102784;515682304;0;0;0;0;0;0;0;0;0;0;0;3978;0;0;0;0;0;0;
43400;2685977;567214080;42102784;515682304;0;0;0;0;0;0;0;0;0;0;0;3005;0;0;0;0;0;0;
43401;4827213;567214080;42102784;515682304;0;0;0;0;0;0;0;0;0;0;0;3136;0;0;0;0;0;0;
43402;2635473;567214080;42102784;515682304;0;0;0;0;0;0;0;0;0;0;0;3005;0;0;0;0;0;0;
43403;4760568;567214080;42102784;515682304;0;0;0;0;0;0;0;0;0;0;0;2985;0;0;0;0;0;0;
43404;2593133;567214080;42102784;515682304;0;0;0;0;0;0;0;0;0;0;0;3096;0;0;0;0;0;0;
43405;4775726;567214080;42102784;515682304;0;0;0;0;0;0;0;0;0;0;0;3256;0;0;0;0;0;0;
43406;2912112;567214080;42102784;515682304;0;0;0;0;0;0;0;0;0;0;0;3286;0;0;0;0;0;0;
43407;4729630;567214080;42102784;515682304;0;0;0;0;0;0;0;0;0;0;0;3156;0;0;0;0;0;0;
43408;2802526;567214080;42102784;515682304;0;0;0;0;0;0;0;0;0;0;0;3287;0;0;0;0;0;0;
43409;4701006;567214080;42102784;515682304;0;0;0;0;0;0;0;0;0;0;0;2905;0;0;0;0;0;0;
43410;2760167;567214080;42102784;515682304;0;0;0;0;0;0;0;0;0;0;0;2925;0;0;0;0;0;0;
43411;4703120;567214080;42102784;515682304;0;0;0;0;0;0;0;0;0;0;0;2996;0;0;0;0;0;0;
43412;3444980;567214080;42102784;515682304;0;0;0;0;0;0;0;0;0;0;0;3046;0;0;0;0;0;0;
43413;4726674;567214080;42102784;515682304;0;0;0;0;0;0;0;0;0;0;0;3066;0;0;0;0;0;0;
43414;2884249;567214080;42102784;515682304;0;0;0;0;0;0;0;0;0;0;0;3146;0;0;0;0;0;0;
43415;4776307;567214080;42102784;515682304;0;0;0;0;0;0;0;0;0;0;0;3116;0;0;0;0;0;0;
43416;2722846;567214080;42102784;515682304;0;0;0;0;0;0;0;0;0;0;0;3607;0;0;0;0;0;0;
43417;4700566;567214080;42102784;515682304;0;0;0;0;0;0;0;0;0;0;0;2956;0;0;0;0;0;0;
43418;2669036;567214080;42102784;515682304;0;0;0;0;0;0;0;0;0;0;0;2875;0;0;0;0;0;0;
43419;4855416;567214080;42102784;515682304;0;0;0;0;0;0;0;0;0;0;0;3056;0;0;0;0;0;0;
43420;2608262;567214080;42102784;515682304;0;0;0;0;0;0;0;0;0;0;0;2855;0;0;0;0;0;0;
43421;4675569;567214080;42102784;515682304;0;0;0;0;0;0;0;0;0;0;0;2855;0;0;0;0;0;0;
43422;2780585;567214080;42102784;515682304;0;0;0;0;0;0;0;0;0;0;0;2976;0;0;0;0;0;0;
43423;4824828;567214080;42102784;515682304;0;0;0;0;0;0;0;0;0;0;0;2946;0;0;0;0;0;0;
43424;2704371;567214080;42102784;515682304;0;0;0;0;0;0;0;0;0;0;0;3036;0;0;0;0;0;0;
43425;4847040;567214080;42102784;515682304;0;0;0;0;0;0;0;0;0;0;0;3026;0;0;0;0;0;0;
43426;2642926;567214080;42102784;515682304;0;0;0;0;0;0;0;0;0;0;0;3016;0;0;0;0;0;0;
43427;4835629;567214080;42102784;515682304;0;0;0;0;0;0;0;0;0;0;0;3046;0;0;0;0;0;0;
43428;2795973;567214080;42102784;515682304;0;0;0;0;0;0;0;0;0;0;0;2895;0;0;0;0;0;0;
43429;4711937;567214080;42102784;515682304;0;0;0;0;0;0;0;0;0;0;0;3507;0;0;0;0;0;0;
43430;2687911;567214080;42102784;515682304;0;0;0;0;0;0;0;0;0;0;0;3567;0;0;0;0;0;0;
43431;4736683;567214080;42102784;515682304;0;0;0;0;0;0;0;0;0;0;0;3296;0;0;0;0;0;0;
43432;2644489;567214080;42102784;515682304;0;0;0;0;0;0;0;0;0;0;0;3036;0;0;0;0;0;0;
43433;4699003;567214080;42102784;515682304;0;0;0;0;0;0;0;0;0;0;0;3667;0;0;0;0;0;0;
43434;2749517;567214080;42102784;515682304;0;0;0;0;0;0;0;0;0;0;0;3186;0;0;0;0;0;0;
43435;4767732;567214080;42102784;515682304;0;0;0;0;0;0;0;0;0;0;0;2945;0;0;0;0;0;0;
43436;2699242;567214080;42102784;515682304;0;0;0;0;0;0;0;0;0;0;0;3506;0;0;0;0;0;0;
43437;4865795;567214080;42102784;515682304;0;0;0;0;0;0;0;0;0;0;0;2866;0;0;0;0;0;0;
43438;2799470;567214080;42102784;515682304;0;0;0;0;0;0;0;0;0;0;0;2916;0;0;0;0;0;0;
43439;4834437;567214080;42102784;515682304;0;0;0;0;0;0;0;0;0;0;0;3236;0;0;0;0;0;0;
43440;2625404;567214080;42102784;515682304;0;0;0;0;0;0;0;0;0;0;0;3186;0;0;0;0;0;0;
43441;4852400;567214080;42102784;515682304;0;0;0;0;0;0;0;0;0;0;0;3456;0;0;0;0;0;0;
43442;2555262;567214080;42102784;515682304;0;0;0;0;0;0;0;0;0;0;0;2595;0;0;0;0;0;0;
43443;4822204;567214080;42102784;515682304;0;0;0;0;0;0;0;0;0;0;0;2936;0;0;0;0;0;0;
43444;3315668;567214080;42102784;515682304;0;0;0;0;0;0;0;0;0;0;0;4037;0;0;0;0;0;0;
43445;5022910;567214080;42102784;515682304;0;0;0;0;0;0;0;0;0;0;0;3657;0;0;0;0;0;0;
43446;3957922;567214080;42102784;515682304;0;0;0;0;0;0;0;0;0;0;0;3838;0;0;0;0;0;0;
43447;5000598;567214080;42102784;515682304;0;0;0;0;0;0;0;0;0;0;0;4348;0;0;0;0;0;0;
43448;3762196;567214080;42102784;515682304;0;0;0;0;0;0;0;0;0;0;0;3807;0;0;0;0;0;0;
43449;5081580;567214080;42102784;515682304;0;0;0;0;0;0;0;0;0;0;0;3186;0;0;0;0;0;0;
43450;3787203;567214080;42102784;515682304;0;0;0;0;0;0;0;0;0;0;0;3687;0;0;0;0;0;0;
43451;5032848;567214080;42102784;515682304;0;0;0;0;0;0;0;0;0;0;0;4048;0;0;0;0;0;0;
43452;3810386;567214080;42102784;515682304;0;0;0;0;0;0;0;0;0;0;0;4328;0;0;0;0;0;0;
43453;5025244;567214080;42102784;515682304;0;0;0;0;0;0;0;0;0;0;0;3666;0;0;0;0;0;0;
43454;3914992;567214080;42102784;515682304;0;0;0;0;0;0;0;0;0;0;0;4138;0;0;0;0;0;0;
43455;5034882;567214080;42102784;515682304;0;0;0;0;0;0;0;0;0;0;0;4438;0;0;0;0;0;0;
43456;3854658;567214080;42102784;515682304;0;0;0;0;0;0;0;0;0;0;0;4128;0;0;0;0;0;0;
43457;5053106;567214080;42102784;515682304;0;0;0;0;0;0;0;0;0;0;0;4078;0;0;0;0;0;0;
43458;3801369;567214080;42102784;515682304;0;0;0;0;0;0;0;0;0;0;0;3577;0;0;0;0;0;0;
43459;5362296;567214080;42102784;515682304;0;0;0;0;0;0;0;0;0;0;0;3878;0;0;0;0;0;0;
43460;3750123;567214080;42102784;515682304;0;0;0;0;0;0;0;0;0;0;0;4038;0;0;0;0;0;0;
43461;5181026;567214080;42102784;515682304;0;0;0;0;0;0;0;0;0;0;0;4128;0;0;0;0;0;0;
43462;3805126;567214080;42102784;515682304;0;0;0;0;0;0;0;0;0;0;0;3967;0;0;0;0;0;0;
43463;5122947;567214080;42102784;515682304;0;0;0;0;0;0;0;0;0;0;0;4568;0;0;0;0;0;0;
43464;3772976;567214080;42102784;515682304;0;0;0;0;0;0;0;0;0;0;0;4168;0;0;0;0;0;0;
43465;5224408;567214080;42102784;515682304;0;0;0;0;0;0;0;0;0;0;0;3987;0;0;0;0;0;0;
43466;3788314;567214080;42102784;515682304;0;0;0;0;0;0;0;0;0;0;0;4608;0;0;0;0;0;0;
43467;5060731;567214080;42102784;515682304;0;0;0;0;0;0;0;0;0;0;0;4318;0;0;0;0;0;0;
43468;3799476;567214080;42102784;515682304;0;0;0;0;0;0;0;0;0;0;0;4659;0;0;0;0;0;0;
43469;5036125;567214080;42102784;515682304;0;0;0;0;0;0;0;0;0;0;0;3537;0;0;0;0;0;0;
43470;3780310;567214080;42102784;515682304;0;0;0;0;0;0;0;0;0;0;0;12193;0;0;0;0;0;0;
43471;5070459;567214080;42102784;515682304;0;0;0;0;0;0;0;0;0;0;0;4348;0;0;0;0;0;0;
43472;3834571;567214080;42102784;515682304;0;0;0;0;0;0;0;0;0;0;0;3907;0;0;0;0;0;0;
43473;5273751;567214080;42102784;515682304;0;0;0;0;0;0;0;0;0;0;0;4349;0;0;0;0;0;0;
43474;3855450;567214080;42102784;515682304;0;0;0;0;0;0;0;0;0;0;0;3828;0;0;0;0;0;0;
43475;5079566;567214080;42102784;515682304;0;0;0;0;0;0;0;0;0;0;0;3897;0;0;0;0;0;0;
43476;3868084;567214080;42102784;515682304;0;0;0;0;0;0;0;0;0;0;0;3777;0;0;0;0;0;0;
43477;5265525;567214080;42102784;515682304;0;0;0;0;0;0;0;0;0;0;0;3526;0;0;0;0;0;0;
43478;3917527;567214080;42102784;515682304;0;0;0;0;0;0;0;0;0;0;0;4108;0;0;0;0;0;0;
43479;5050262;567214080;42102784;515682304;0;0;0;0;0;0;0;0;0;0;0;3737;0;0;0;0;0;0;
43480;4007866;567214080;42102784;515682304;0;0;0;0;0;0;0;0;0;0;0;4238;0;0;0;0;0;0;
43481;4951416;567214080;42102784;515682304;0;0;0;0;0;0;0;0;0;0;0;3727;0;0;0;0;0;0;
43482;3998228;567214080;42102784;515682304;0;0;0;0;0;0;0;0;0;0;0;4077;0;0;0;0;0;0;
43483;5019794;567214080;42102784;515682304;0;0;0;0;0;0;0;0;0;0;0;3066;0;0;0;0;0;0;
43484;4002186;567214080;42102784;515682304;0;0;0;0;0;0;0;0;0;0;0;3516;0;0;0;0;0;0;
43485;5108450;567214080;42102784;515682304;0;0;0;0;0;0;0;0;0;0;0;2926;0;0;0;0;0;0;
43486;3287265;567214080;42102784;515682304;0;0;0;0;0;0;0;0;0;0;0;3467;0;0;0;0;0;0;
43487;4823035;567214080;42102784;515682304;0;0;0;0;0;0;0;0;0;0;0;3837;0;0;0;0;0;0;
43488;2779813;567214080;42102784;515682304;0;0;0;0;0;0;0;0;0;0;0;3256;0;0;0;0;0;0;
43489;4683764;567214080;42102784;515682304;0;0;0;0;0;0;0;0;0;0;0;3396;0;0;0;0;0;0;
43490;2726293;567214080;42102784;515682304;0;0;0;0;0;0;0;0;0;0;0;3096;0;0;0;0;0;0;
43491;4721134;567214080;42102784;515682304;0;0;0;0;0;0;0;0;0;0;0;3196;0;0;0;0;0;0;
43492;2790173;567214080;42102784;515682304;0;0;0;0;0;0;0;0;0;0;0;3346;0;0;0;0;0;0;
43493;4713870;567214080;42102784;515682304;0;0;0;0;0;0;0;0;0;0;0;2865;0;0;0;0;0;0;
43494;2705084;567214080;42102784;515682304;0;0;0;0;0;0;0;0;0;0;0;3306;0;0;0;0;0;0;
43495;4712117;567214080;42102784;515682304;0;0;0;0;0;0;0;0;0;0;0;3517;0;0;0;0;0;0;
43496;2697679;567214080;42102784;515682304;0;0;0;0;0;0;0;0;0;0;0;3176;0;0;0;0;0;0;
43497;4676500;567214080;42102784;515682304;0;0;0;0;0;0;0;0;0;0;0;2955;0;0;0;0;0;0;
43498;2780274;567214080;42102784;515682304;0;0;0;0;0;0;0;0;0;0;0;2645;0;0;0;0;0;0;
43499;4720803;567214080;42102784;515682304;0;0;0;0;0;0;0;0;0;0;0;3116;0;0;0;0;0;0;
43500;2616096;567214080;42102784;515682304;0;0;0;0;0;0;0;0;0;0;0;2795;0;0;0;0;0;0;
43501;4651683;567214080;42102784;515682304;0;0;0;0;0;0;0;0;0;0;0;3056;0;0;0;0;0;0;
43502;2938230;567214080;42102784;515682304;0;0;0;0;0;0;0;0;0;0;0;2935;0;0;0;0;0;0;
43503;4636055;567214080;42102784;515682304;0;0;0;0;0;0;0;0;0;0;0;3045;0;0;0;0;0;0;
43504;2767100;567214080;42102784;515682304;0;0;0;0;0;0;0;0;0;0;0;3246;0;0;0;0;0;0;
43505;7772095;567214080;42102784;515682304;0;0;0;0;0;0;0;0;0;0;0;3176;0;0;0;0;0;0;
43506;8908327;567214080;42102784;515682304;0;0;0;0;0;0;0;0;0;0;0;4449;0;0;0;0;0;0;
43507;5043288;567214080;42102784;515682304;0;0;0;0;0;0;0;0;0;0;0;3747;0;0;0;0;0;0;
43508;2708389;567214080;42102784;515682304;0;0;0;0;0;0;0;0;0;0;0;3186;0;0;0;0;0;0;
43509;4721534;567214080;42102784;515682304;0;0;0;0;0;0;0;0;0;0;0;3226;0;0;0;0;0;0;
43510;2740810;567214080;42102784;515682304;0;0;0;0;0;0;0;0;0;0;0;3176;0;0;0;0;0;0;
43511;4733928;567214080;42102784;515682304;0;0;0;0;0;0;0;0;0;0;0;2745;0;0;0;0;0;0;
43512;2673264;567214080;42102784;515682304;0;0;0;0;0;0;0;0;0;0;0;2926;0;0;0;0;0;0;
43513;4715193;567214080;42102784;515682304;0;0;0;0;0;0;0;0;0;0;0;3055;0;0;0;0;0;0;
43514;3512788;567214080;42102784;515682304;0;0;0;0;0;0;0;0;0;0;0;4809;0;0;0;0;0;0;
43515;4989588;567214080;42102784;515682304;0;0;0;0;0;0;0;0;0;0;0;3627;0;0;0;0;0;0;
43516;4062149;567214080;42102784;515682304;0;0;0;0;0;0;0;0;0;0;0;3687;0;0;0;0;0;0;
43517;4957497;567214080;42102784;515682304;0;0;0;0;0;0;0;0;0;0;0;11992;0;0;0;0;0;0;
43518;4004920;567214080;42102784;515682304;0;0;0;0;0;0;0;0;0;0;0;4108;0;0;0;0;0;0;
43519;5005488;567214080;42102784;515682304;0;0;0;0;0;0;0;0;0;0;0;4128;0;0;0;0;0;0;
43520;3747688;567214080;42102784;515682304;0;0;0;0;0;0;0;0;0;0;0;3146;0;0;0;0;0;0;
43521;5112939;567214080;42102784;515682304;0;0;0;0;0;0;0;0;0;0;0;4058;0;0;0;0;0;0;
43522;3732450;567214080;42102784;515682304;0;0;0;0;0;0;0;0;0;0;0;3737;0;0;0;0;0;0;
43523;5186055;567214080;42102784;515682304;0;0;0;0;0;0;0;0;0;0;0;4068;0;0;0;0;0;0;
43524;4013076;567214080;42102784;515682304;0;0;0;0;0;0;0;0;0;0;0;4478;0;0;0;0;0;0;
43525;5280794;567214080;42102784;515682304;0;0;0;0;0;0;0;0;0;0;0;3416;0;0;0;0;0;0;
43526;3851162;567214080;42102784;515682304;0;0;0;0;0;0;0;0;0;0;0;3917;0;0;0;0;0;0;
43527;5061252;567214080;42102784;515682304;0;0;0;0;0;0;0;0;0;0;0;4308;0;0;0;0;0;0;
43528;3788875;567214080;42102784;515682304;0;0;0;0;0;0;0;0;0;0;0;3887;0;0;0;0;0;0;
43529;4976112;567214080;42102784;515682304;0;0;0;0;0;0;0;0;0;0;0;4288;0;0;0;0;0;0;
43530;3861592;567214080;42102784;515682304;0;0;0;0;0;0;0;0;0;0;0;4268;0;0;0;0;0;0;
43531;5004485;567214080;42102784;515682304;0;0;0;0;0;0;0;0;0;0;0;3907;0;0;0;0;0;0;
43532;3778236;567214080;42102784;515682304;0;0;0;0;0;0;0;0;0;0;0;4188;0;0;0;0;0;0;
43533;5005918;567214080;42102784;515682304;0;0;0;0;0;0;0;0;0;0;0;3787;0;0;0;0;0;0;
43534;3792202;567214080;42102784;515682304;0;0;0;0;0;0;0;0;0;0;0;4087;0;0;0;0;0;0;
43535;5187288;567214080;42102784;515682304;0;0;0;0;0;0;0;0;0;0;0;3988;0;0;0;0;0;0;
43536;4029477;567214080;42102784;515682304;0;0;0;0;0;0;0;0;0;0;0;3747;0;0;0;0;0;0;
43537;5077813;567214080;42102784;515682304;0;0;0;0;0;0;0;0;0;0;0;4479;0;0;0;0;0;0;
43538;3771954;567214080;42102784;515682304;0;0;0;0;0;0;0;0;0;0;0;3918;0;0;0;0;0;0;
43539;5056052;567214080;42102784;515682304;0;0;0;0;0;0;0;0;0;0;0;3627;0;0;0;0;0;0;
43540;3866801;567214080;42102784;515682304;0;0;0;0;0;0;0;0;0;0;0;3587;0;0;0;0;0;0;
43541;4991862;567214080;42102784;515682304;0;0;0;0;0;0;0;0;0;0;0;4168;0;0;0;0;0;0;
43542;3899653;567214080;42102784;515682304;0;0;0;0;0;0;0;0;0;0;0;3958;0;0;0;0;0;0;
43543;4932100;567214080;42102784;515682304;0;0;0;0;0;0;0;0;0;0;0;3246;0;0;0;0;0;0;
43544;4194215;567214080;42102784;515682304;0;0;0;0;0;0;0;0;0;0;0;4067;0;0;0;0;0;0;
43545;4946146;567214080;42102784;515682304;0;0;0;0;0;0;0;0;0;0;0;2996;0;0;0;0;0;0;
43546;3920342;567214080;42102784;515682304;0;0;0;0;0;0;0;0;0;0;0;3808;0;0;0;0;0;0;
43547;4962166;567214080;42102784;515682304;0;0;0;0;0;0;0;0;0;0;0;3327;0;0;0;0;0;0;
43548;3923518;567214080;42102784;515682304;0;0;0;0;0;0;0;0;0;0;0;4268;0;0;0;0;0;0;
43549;5046814;567214080;42102784;515682304;0;0;0;0;0;0;0;0;0;0;0;4068;0;0;0;0;0;0;
43550;3883804;567214080;42102784;515682304;0;0;0;0;0;0;0;0;0;0;0;5220;0;0;0;0;0;0;
43551;5050141;567214080;42102784;515682304;0;0;0;0;0;0;0;0;0;0;0;3978;0;0;0;0;0;0;
43552;3830804;567214080;42102784;515682304;0;0;0;0;0;0;0;0;0;0;0;3277;0;0;0;0;0;0;
43553;5281725;567214080;42102784;515682304;0;0;0;0;0;0;0;0;0;0;0;3817;0;0;0;0;0;0;
43554;3043398;567214080;42102784;515682304;0;0;0;0;0;0;0;0;0;0;0;3206;0;0;0;0;0;0;
43555;4649610;567214080;42102784;515682304;0;0;0;0;0;0;0;0;0;0;0;3697;0;0;0;0;0;0;
43556;2809719;567214080;42102784;515682304;0;0;0;0;0;0;0;0;0;0;0;3527;0;0;0;0;0;0;
43557;4879430;567214080;42102784;515682304;0;0;0;0;0;0;0;0;0;0;0;3326;0;0;0;0;0;0;
43558;2687620;567214080;42102784;515682304;0;0;0;0;0;0;0;0;0;0;0;2585;0;0;0;0;0;0;
43559;4803218;567214080;42102784;515682304;0;0;0;0;0;0;0;0;0;0;0;3677;0;0;0;0;0;0;
43560;2842231;567214080;42102784;515682304;0;0;0;0;0;0;0;0;0;0;0;2906;0;0;0;0;0;0;
43561;4706827;567214080;42102784;515682304;0;0;0;0;0;0;0;0;0;0;0;2906;0;0;0;0;0;0;
43562;2760627;567214080;42102784;515682304;0;0;0;0;0;0;0;0;0;0;0;3256;0;0;0;0;0;0;
43563;4704583;567214080;42102784;515682304;0;0;0;0;0;0;0;0;0;0;0;2756;0;0;0;0;0;0;
43564;2810841;567214080;42102784;515682304;0;0;0;0;0;0;0;0;0;0;0;3637;0;0;0;0;0;0;
43565;4796465;567214080;42102784;515682304;0;0;0;0;0;0;0;0;0;0;0;2825;0;0;0;0;0;0;
43566;2842821;567214080;42102784;515682304;0;0;0;0;0;0;0;0;0;0;0;3276;0;0;0;0;0;0;
43567;4679646;567214080;42102784;515682304;0;0;0;0;0;0;0;0;0;0;0;3015;0;0;0;0;0;0;
43568;2680027;567214080;42102784;515682304;0;0;0;0;0;0;0;0;0;0;0;3627;0;0;0;0;0;0;
43569;4853432;567214080;42102784;515682304;0;0;0;0;0;0;0;0;0;0;0;3516;0;0;0;0;0;0;
43570;2639230;567214080;42102784;515682304;0;0;0;0;0;0;0;0;0;0;0;2956;0;0;0;0;0;0;
43571;4788720;567214080;42102784;515682304;0;0;0;0;0;0;0;0;0;0;0;3256;0;0;0;0;0;0;
43572;2807505;567214080;42102784;515682304;0;0;0;0;0;0;0;0;0;0;0;3236;0;0;0;0;0;0;
43573;4723869;567214080;42102784;515682304;0;0;0;0;0;0;0;0;0;0;0;2986;0;0;0;0;0;0;
43574;2790133;567214080;42102784;515682304;0;0;0;0;0;0;0;0;0;0;0;3166;0;0;0;0;0;0;
43575;4818136;567214080;42102784;515682304;0;0;0;0;0;0;0;0;0;0;0;3527;0;0;0;0;0;0;
43576;2601549;567214080;42102784;515682304;0;0;0;0;0;0;0;0;0;0;0;2865;0;0;0;0;0;0;
43577;4792518;567214080;42102784;515682304;0;0;0;0;0;0;0;0;0;0;0;2785;0;0;0;0;0;0;
43578;2749557;567214080;42102784;515682304;0;0;0;0;0;0;0;0;0;0;0;3055;0;0;0;0;0;0;
43579;4702789;567214080;42102784;515682304;0;0;0;0;0;0;0;0;0;0;0;2975;0;0;0;0;0;0;
43580;2815961;567214080;42102784;515682304;0;0;0;0;0;0;0;0;0;0;0;3637;0;0;0;0;0;0;
43581;4768302;567214080;42102784;515682304;0;0;0;0;0;0;0;0;0;0;0;3256;0;0;0;0;0;0;
43582;2690846;567214080;42102784;515682304;0;0;0;0;0;0;0;0;0;0;0;3096;0;0;0;0;0;0;
43583;4776147;567214080;42102784;515682304;0;0;0;0;0;0;0;0;0;0;0;2996;0;0;0;0;0;0;
43584;2801995;567214080;42102784;515682304;0;0;0;0;0;0;0;0;0;0;0;2795;0;0;0;0;0;0;
43585;4893717;567214080;42102784;515682304;0;0;0;0;0;0;0;0;0;0;0;3326;0;0;0;0;0;0;
43586;2579007;567214080;42102784;515682304;0;0;0;0;0;0;0;0;0;0;0;2896;0;0;0;0;0;0;
43587;4726133;567214080;42102784;515682304;0;0;0;0;0;0;0;0;0;0;0;3076;0;0;0;0;0;0;
43588;2739377;567214080;42102784;515682304;0;0;0;0;0;0;0;0;0;0;0;3166;0;0;0;0;0;0;
43589;4756200;567214080;42102784;515682304;0;0;0;0;0;0;0;0;0;0;0;3045;0;0;0;0;0;0;
43590;2954250;567214080;42102784;515682304;0;0;0;0;0;0;0;0;0;0;0;3146;0;0;0;0;0;0;
43591;4780916;567214080;42102784;515682304;0;0;0;0;0;0;0;0;0;0;0;2785;0;0;0;0;0;0;
43592;2752993;567214080;42102784;515682304;0;0;0;0;0;0;0;0;0;0;0;3336;0;0;0;0;0;0;
43593;4719070;567214080;42102784;515682304;0;0;0;0;0;0;0;0;0;0;0;2625;0;0;0;0;0;0;
43594;2773692;567214080;42102784;515682304;0;0;0;0;0;0;0;0;0;0;0;3106;0;0;0;0;0;0;
43595;5080819;567214080;42102784;515682304;0;0;0;0;0;0;0;0;0;0;0;3556;0;0;0;0;0;0;
43596;2561224;567214080;42102784;515682304;0;0;0;0;0;0;0;0;0;0;0;3036;0;0;0;0;0;0;
43597;4772400;567214080;42102784;515682304;0;0;0;0;0;0;0;0;0;0;0;3587;0;0;0;0;0;0;
43598;2651172;567214080;42102784;515682304;0;0;0;0;0;0;0;0;0;0;0;2996;0;0;0;0;0;0;
43599;4663426;567214080;42102784;515682304;0;0;0;0;0;0;0;0;0;0;0;3206;0;0;0;0;0;0;
43600;2995818;567214080;42102784;515682304;0;0;0;0;0;0;0;0;0;0;0;3487;0;0;0;0;0;0;
43601;4751410;567214080;42102784;515682304;0;0;0;0;0;0;0;0;0;0;0;2906;0;0;0;0;0;0;
43602;2797657;567214080;42102784;515682304;0;0;0;0;0;0;0;0;0;0;0;2956;0;0;0;0;0;0;
43603;4740000;567214080;42102784;515682304;0;0;0;0;0;0;0;0;0;0;0;3677;0;0;0;0;0;0;
43604;2777809;567214080;42102784;515682304;0;0;0;0;0;0;0;0;0;0;0;3186;0;0;0;0;0;0;
43605;4870094;567214080;42102784;515682304;0;0;0;0;0;0;0;0;0;0;0;3116;0;0;0;0;0;0;
43606;2916550;567214080;42102784;515682304;0;0;0;0;0;0;0;0;0;0;0;3597;0;0;0;0;0;0;
43607;4798479;567214080;42102784;515682304;0;0;0;0;0;0;0;0;0;0;0;3056;0;0;0;0;0;0;
43608;2885391;567214080;42102784;515682304;0;0;0;0;0;0;0;0;0;0;0;2865;0;0;0;0;0;0;
43609;4839766;567214080;42102784;515682304;0;0;0;0;0;0;0;0;0;0;0;2795;0;0;0;0;0;0;
43610;2770796;567214080;42102784;515682304;0;0;0;0;0;0;0;0;0;0;0;2815;0;0;0;0;0;0;
43611;5011689;567214080;42102784;515682304;0;0;0;0;0;0;0;0;0;0;0;2384;0;0;0;0;0;0;
43612;2841700;567214080;42102784;515682304;0;0;0;0;0;0;0;0;0;0;0;3196;0;0;0;0;0;0;
43613;4999005;567214080;42102784;515682304;0;0;0;0;0;0;0;0;0;0;0;2665;0;0;0;0;0;0;
43614;2661661;567214080;42102784;515682304;0;0;0;0;0;0;0;0;0;0;0;2645;0;0;0;0;0;0;
43615;4890442;567214080;42102784;515682304;0;0;0;0;0;0;0;0;0;0;0;2645;0;0;0;0;0;0;
43616;2679715;567214080;42102784;515682304;0;0;0;0;0;0;0;0;0;0;0;2635;0;0;0;0;0;0;
43617;4706737;567214080;42102784;515682304;0;0;0;0;0;0;0;0;0;0;0;2465;0;0;0;0;0;0;
43618;2824958;567214080;42102784;515682304;0;0;0;0;0;0;0;0;0;0;0;2766;0;0;0;0;0;0;
43619;4698642;567214080;42102784;515682304;0;0;0;0;0;0;0;0;0;0;0;2825;0;0;0;0;0;0;
43620;2886083;567214080;42102784;515682304;0;0;0;0;0;0;0;0;0;0;0;2585;0;0;0;0;0;0;
43621;4806334;567214080;42102784;515682304;0;0;0;0;0;0;0;0;0;0;0;3145;0;0;0;0;0;0;
43622;2842471;567214080;42102784;515682304;0;0;0;0;0;0;0;0;0;0;0;2585;0;0;0;0;0;0;
43623;4864362;567214080;42102784;515682304;0;0;0;0;0;0;0;0;0;0;0;2715;0;0;0;0;0;0;
43624;2699753;567214080;42102784;515682304;0;0;0;0;0;0;0;0;0;0;0;2926;0;0;0;0;0;0;
43625;4979008;567214080;42102784;515682304;0;0;0;0;0;0;0;0;0;0;0;2725;0;0;0;0;0;0;
43626;2764374;567214080;42102784;515682304;0;0;0;0;0;0;0;0;0;0;0;2805;0;0;0;0;0;0;
43627;4852540;567214080;42102784;515682304;0;0;0;0;0;0;0;0;0;0;0;3326;0;0;0;0;0;0;
43628;2973166;567214080;42102784;515682304;0;0;0;0;0;0;0;0;0;0;0;2816;0;0;0;0;0;0;
43629;4707228;567214080;42102784;515682304;0;0;0;0;0;0;0;0;0;0;0;2495;0;0;0;0;0;0;
43630;2658887;567214080;42102784;515682304;0;0;0;0;0;0;0;0;0;0;0;2465;0;0;0;0;0;0;
43631;4681099;567214080;42102784;515682304;0;0;0;0;0;0;0;0;0;0;0;2825;0;0;0;0;0;0;
43632;2804219;567214080;42102784;515682304;0;0;0;0;0;0;0;0;0;0;0;2555;0;0;0;0;0;0;
43633;4663586;567214080;42102784;515682304;0;0;0;0;0;0;0;0;0;0;0;2696;0;0;0;0;0;0;
43634;2961935;567214080;42102784;515682304;0;0;0;0;0;0;0;0;0;0;0;2866;0;0;0;0;0;0;
43635;4780535;567214080;42102784;515682304;0;0;0;0;0;0;0;0;0;0;0;2845;0;0;0;0;0;0;
43636;2900550;567214080;42102784;515682304;0;0;0;0;0;0;0;0;0;0;0;2344;0;0;0;0;0;0;
43637;4828966;567214080;42102784;515682304;0;0;0;0;0;0;0;0;0;0;0;2685;0;0;0;0;0;0;
43638;2912683;567214080;42102784;515682304;0;0;0;0;0;0;0;0;0;0;0;2925;0;0;0;0;0;0;
43639;4736232;567214080;42102784;515682304;0;0;0;0;0;0;0;0;0;0;0;2875;0;0;0;0;0;0;
43640;2792938;567214080;42102784;515682304;0;0;0;0;0;0;0;0;0;0;0;2545;0;0;0;0;0;0;
43641;4863350;567214080;42102784;515682304;0;0;0;0;0;0;0;0;0;0;0;2324;0;0;0;0;0;0;
43642;3073083;567214080;42102784;515682304;0;0;0;0;0;0;0;0;0;0;0;2745;0;0;0;0;0;0;
43643;4701968;567214080;42102784;515682304;0;0;0;0;0;0;0;0;0;0;0;2505;0;0;0;0;0;0;
43644;2889289;567214080;42102784;515682304;0;0;0;0;0;0;0;0;0;0;0;2875;0;0;0;0;0;0;
43645;4998675;567214080;42102784;515682304;0;0;0;0;0;0;0;0;0;0;0;3497;0;0;0;0;0;0;
43646;2797967;567214080;42102784;515682304;0;0;0;0;0;0;0;0;0;0;0;2555;0;0;0;0;0;0;
43647;4842461;567214080;42102784;515682304;0;0;0;0;0;0;0;0;0;0;0;2525;0;0;0;0;0;0;
43648;2979277;567214080;42102784;515682304;0;0;0;0;0;0;0;0;0;0;0;2825;0;0;0;0;0;0;
43649;4769204;567214080;42102784;515682304;0;0;0;0;0;0;0;0;0;0;0;2404;0;0;0;0;0;0;
43650;2756490;567214080;42102784;515682304;0;0;0;0;0;0;0;0;0;0;0;2826;0;0;0;0;0;0;
43651;4847390;567214080;42102784;515682304;0;0;0;0;0;0;0;0;0;0;0;2775;0;0;0;0;0;0;
43652;2853922;567214080;42102784;515682304;0;0;0;0;0;0;0;0;0;0;0;2846;0;0;0;0;0;0;
43653;4894549;567214080;42102784;515682304;0;0;0;0;0;0;0;0;0;0;0;3186;0;0;0;0;0;0;
43654;2891853;567214080;42102784;515682304;0;0;0;0;0;0;0;0;0;0;0;2595;0;0;0;0;0;0;
43655;5134950;567214080;42102784;515682304;0;0;0;0;0;0;0;0;0;0;0;2705;0;0;0;0;0;0;
43656;3344482;567214080;42102784;515682304;0;0;0;0;0;0;0;0;0;0;0;3627;0;0;0;0;0;0;
43657;5353089;567214080;42102784;515682304;0;0;0;0;0;0;0;0;0;0;0;3336;0;0;0;0;0;0;
43658;4037733;567214080;42102784;515682304;0;0;0;0;0;0;0;0;0;0;0;3497;0;0;0;0;0;0;
43659;5264854;567214080;42102784;515682304;0;0;0;0;0;0;0;0;0;0;0;3807;0;0;0;0;0;0;
43660;3845532;567214080;42102784;515682304;0;0;0;0;0;0;0;0;0;0;0;3767;0;0;0;0;0;0;
43661;5187699;567214080;42102784;515682304;0;0;0;0;0;0;0;0;0;0;0;3968;0;0;0;0;0;0;
43662;4032132;567214080;42102784;515682304;0;0;0;0;0;0;0;0;0;0;0;3317;0;0;0;0;0;0;
43663;5375441;567214080;42102784;515682304;0;0;0;0;0;0;0;0;0;0;0;4108;0;0;0;0;0;0;
43664;4171503;567214080;42102784;515682304;0;0;0;0;0;0;0;0;0;0;0;3807;0;0;0;0;0;0;
43665;5311641;567214080;42102784;515682304;0;0;0;0;0;0;0;0;0;0;0;3947;0;0;0;0;0;0;
43666;3972690;567214080;42102784;515682304;0;0;0;0;0;0;0;0;0;0;0;3566;0;0;0;0;0;0;
43667;5207185;567214080;42102784;515682304;0;0;0;0;0;0;0;0;0;0;0;3576;0;0;0;0;0;0;
43668;3891719;567214080;42102784;515682304;0;0;0;0;0;0;0;0;0;0;0;3486;0;0;0;0;0;0;
43669;5225911;567214080;42102784;515682304;0;0;0;0;0;0;0;0;0;0;0;4097;0;0;0;0;0;0;
43670;4015080;567214080;42102784;515682304;0;0;0;0;0;0;0;0;0;0;0;4568;0;0;0;0;0;0;
43671;5133717;567214080;42102784;515682304;0;0;0;0;0;0;0;0;0;0;0;3146;0;0;0;0;0;0;
43672;4093447;567214080;42102784;515682304;0;0;0;0;0;0;0;0;0;0;0;3717;0;0;0;0;0;0;
43673;5106777;567214080;42102784;515682304;0;0;0;0;0;0;0;0;0;0;0;3546;0;0;0;0;0;0;
43674;4111981;567214080;42102784;515682304;0;0;0;0;0;0;0;0;0;0;0;4047;0;0;0;0;0;0;
43675;5226342;567214080;42102784;515682304;0;0;0;0;0;0;0;0;0;0;0;3707;0;0;0;0;0;0;
43676;4093918;567214080;42102784;515682304;0;0;0;0;0;0;0;0;0;0;0;3306;0;0;0;0;0;0;
43677;5192247;567214080;42102784;515682304;0;0;0;0;0;0;0;0;0;0;0;3276;0;0;0;0;0;0;
43678;3837607;567214080;42102784;515682304;0;0;0;0;0;0;0;0;0;0;0;2925;0;0;0;0;0;0;
43679;4827814;567214080;42102784;515682304;0;0;0;0;0;0;0;0;0;0;0;2856;0;0;0;0;0;0;
43680;2756569;567214080;42102784;515682304;0;0;0;0;0;0;0;0;0;0;0;2534;0;0;0;0;0;0;
43681;5010767;567214080;42102784;515682304;0;0;0;0;0;0;0;0;0;0;0;3066;0;0;0;0;0;0;
43682;2754175;567214080;42102784;515682304;0;0;0;0;0;0;0;0;0;0;0;3727;0;0;0;0;0;0;
43683;4961064;567214080;42102784;515682304;0;0;0;0;0;0;0;0;0;0;0;4188;0;0;0;0;0;0;
43684;2819878;567214080;42102784;515682304;0;0;0;0;0;0;0;0;0;0;0;3417;0;0;0;0;0;0;
43685;5062293;567214080;42102784;515682304;0;0;0;0;0;0;0;0;0;0;0;2434;0;0;0;0;0;0;
43686;2822363;567214080;42102784;515682304;0;0;0;0;0;0;0;0;0;0;0;3407;0;0;0;0;0;0;
43687;4716856;567214080;42102784;515682304;0;0;0;0;0;0;0;0;0;0;0;2625;0;0;0;0;0;0;
43688;2664056;567214080;42102784;515682304;0;0;0;0;0;0;0;0;0;0;0;2605;0;0;0;0;0;0;
43689;4769034;567214080;42102784;515682304;0;0;0;0;0;0;0;0;0;0;0;2705;0;0;0;0;0;0;
43690;2843663;567214080;42102784;515682304;0;0;0;0;0;0;0;0;0;0;0;2655;0;0;0;0;0;0;
43691;4780285;567214080;42102784;515682304;0;0;0;0;0;0;0;0;0;0;0;3296;0;0;0;0;0;0;
43692;2696878;567214080;42102784;515682304;0;0;0;0;0;0;0;0;0;0;0;3357;0;0;0;0;0;0;
43693;4746471;567214080;42102784;515682304;0;0;0;0;0;0;0;0;0;0;0;2906;0;0;0;0;0;0;
43694;2843031;567214080;42102784;515682304;0;0;0;0;0;0;0;0;0;0;0;3938;0;0;0;0;0;0;
43695;4800473;567214080;42102784;515682304;0;0;0;0;0;0;0;0;0;0;0;3857;0;0;0;0;0;0;
43696;2859082;567214080;42102784;515682304;0;0;0;0;0;0;0;0;0;0;0;2755;0;0;0;0;0;0;
43697;4895771;567214080;42102784;515682304;0;0;0;0;0;0;0;0;0;0;0;3407;0;0;0;0;0;0;
43698;2754015;567214080;42102784;515682304;0;0;0;0;0;0;0;0;0;0;0;3457;0;0;0;0;0;0;
43699;4848954;567214080;42102784;515682304;0;0;0;0;0;0;0;0;0;0;0;3496;0;0;0;0;0;0;
43700;2824908;567214080;42102784;515682304;0;0;0;0;0;0;0;0;0;0;0;3136;0;0;0;0;0;0;
43701;4835930;567214080;42102784;515682304;0;0;0;0;0;0;0;0;0;0;0;2565;0;0;0;0;0;0;
43702;3090737;567214080;42102784;515682304;0;0;0;0;0;0;0;0;0;0;0;3517;0;0;0;0;0;0;
43703;4754026;567214080;42102784;515682304;0;0;0;0;0;0;0;0;0;0;0;2926;0;0;0;0;0;0;
43704;2737974;567214080;42102784;515682304;0;0;0;0;0;0;0;0;0;0;0;3356;0;0;0;0;0;0;
43705;4727105;567214080;42102784;515682304;0;0;0;0;0;0;0;0;0;0;0;3277;0;0;0;0;0;0;
43706;2818866;567214080;42102784;515682304;0;0;0;0;0;0;0;0;0;0;0;3186;0;0;0;0;0;0;
43707;4779183;567214080;42102784;515682304;0;0;0;0;0;0;0;0;0;0;0;2655;0;0;0;0;0;0;
43708;2818436;567214080;42102784;515682304;0;0;0;0;0;0;0;0;0;0;0;2985;0;0;0;0;0;0;
43709;4792278;567214080;42102784;515682304;0;0;0;0;0;0;0;0;0;0;0;3657;0;0;0;0;0;0;
43710;2707438;567214080;42102784;515682304;0;0;0;0;0;0;0;0;0;0;0;3226;0;0;0;0;0;0;
43711;4761640;567214080;42102784;515682304;0;0;0;0;0;0;0;0;0;0;0;3647;0;0;0;0;0;0;
43712;2655079;567214080;42102784;515682304;0;0;0;0;0;0;0;0;0;0;0;3276;0;0;0;0;0;0;
43713;4929514;567214080;42102784;515682304;0;0;0;0;0;0;0;0;0;0;0;2976;0;0;0;0;0;0;
43714;2694604;567214080;42102784;515682304;0;0;0;0;0;0;0;0;0;0;0;3436;0;0;0;0;0;0;
43715;4922371;567214080;42102784;515682304;0;0;0;0;0;0;0;0;0;0;0;3547;0;0;0;0;0;0;
43716;2668614;567214080;42102784;515682304;0;0;0;0;0;0;0;0;0;0;0;3367;0;0;0;0;0;0;
43717;4789262;567214080;42102784;515682304;0;0;0;0;0;0;0;0;0;0;0;3937;0;0;0;0;0;0;
43718;2877416;567214080;42102784;515682304;0;0;0;0;0;0;0;0;0;0;0;2985;0;0;0;0;0;0;
43719;4964651;567214080;42102784;515682304;0;0;0;0;0;0;0;0;0;0;0;3056;0;0;0;0;0;0;
43720;2883989;567214080;42102784;515682304;0;0;0;0;0;0;0;0;0;0;0;3056;0;0;0;0;0;0;
43721;4849254;567214080;42102784;515682304;0;0;0;0;0;0;0;0;0;0;0;3647;0;0;0;0;0;0;
43722;2856918;567214080;42102784;515682304;0;0;0;0;0;0;0;0;0;0;0;2965;0;0;0;0;0;0;
43723;4815702;567214080;42102784;515682304;0;0;0;0;0;0;0;0;0;0;0;3146;0;0;0;0;0;0;
43724;2745469;567214080;42102784;515682304;0;0;0;0;0;0;0;0;0;0;0;3506;0;0;0;0;0;0;
43725;4867358;567214080;42102784;515682304;0;0;0;0;0;0;0;0;0;0;0;3046;0;0;0;0;0;0;
43726;2794831;567214080;42102784;515682304;0;0;0;0;0;0;0;0;0;0;0;2746;0;0;0;0;0;0;
43727;4832793;567214080;42102784;515682304;0;0;0;0;0;0;0;0;0;0;0;3447;0;0;0;0;0;0;
43728;2709020;567214080;42102784;515682304;0;0;0;0;0;0;0;0;0;0;0;3437;0;0;0;0;0;0;
43729;4815190;567214080;42102784;515682304;0;0;0;0;0;0;0;0;0;0;0;3025;0;0;0;0;0;0;
43730;2832182;567214080;42102784;515682304;0;0;0;0;0;0;0;0;0;0;0;2715;0;0;0;0;0;0;
43731;4870474;567214080;42102784;515682304;0;0;0;0;0;0;0;0;0;0;0;3196;0;0;0;0;0;0;
43732;2822263;567214080;42102784;515682304;0;0;0;0;0;0;0;0;0;0;0;2966;0;0;0;0;0;0;
43733;4831731;567214080;42102784;515682304;0;0;0;0;0;0;0;0;0;0;0;3226;0;0;0;0;0;0;
43734;3618516;567214080;42102784;515682304;0;0;0;0;0;0;0;0;0;0;0;4298;0;0;0;0;0;0;
43735;5281164;567214080;42102784;515682304;0;0;0;0;0;0;0;0;0;0;0;4128;0;0;0;0;0;0;
43736;4022434;567214080;42102784;515682304;0;0;0;0;0;0;0;0;0;0;0;3917;0;0;0;0;0;0;
43737;5064268;567214080;42102784;515682304;0;0;0;0;0;0;0;0;0;0;0;4048;0;0;0;0;0;0;
43738;3864607;567214080;42102784;515682304;0;0;0;0;0;0;0;0;0;0;0;4008;0;0;0;0;0;0;
43739;5086760;567214080;42102784;515682304;0;0;0;0;0;0;0;0;0;0;0;3847;0;0;0;0;0;0;
43740;3880828;567214080;42102784;515682304;0;0;0;0;0;0;0;0;0;0;0;4008;0;0;0;0;0;0;
43741;5223446;567214080;42102784;515682304;0;0;0;0;0;0;0;0;0;0;0;4067;0;0;0;0;0;0;
43742;3898862;567214080;42102784;515682304;0;0;0;0;0;0;0;0;0;0;0;4218;0;0;0;0;0;0;
43743;5127406;567214080;42102784;515682304;0;0;0;0;0;0;0;0;0;0;0;4428;0;0;0;0;0;0;
43744;3969574;567214080;42102784;515682304;0;0;0;0;0;0;0;0;0;0;0;3978;0;0;0;0;0;0;
43745;5114362;567214080;42102784;515682304;0;0;0;0;0;0;0;0;0;0;0;4037;0;0;0;0;0;0;
43746;3295260;567214080;42102784;515682304;0;0;0;0;0;0;0;0;0;0;0;3025;0;0;0;0;0;0;
43747;4764045;567214080;42102784;515682304;0;0;0;0;0;0;0;0;0;0;0;2645;0;0;0;0;0;0;
43748;2904868;567214080;42102784;515682304;0;0;0;0;0;0;0;0;0;0;0;3537;0;0;0;0;0;0;
43749;4853071;567214080;42102784;515682304;0;0;0;0;0;0;0;0;0;0;0;3276;0;0;0;0;0;0;
43750;2769995;567214080;42102784;515682304;0;0;0;0;0;0;0;0;0;0;0;3867;0;0;0;0;0;0;
43751;10821074;567214080;42102784;515682304;0;0;0;0;0;0;0;0;0;0;0;3707;0;0;0;0;0;0;
43752;3652941;567214080;42102784;515682304;0;0;0;0;0;0;0;0;0;0;0;4718;0;0;0;0;0;0;
43753;5344122;567214080;42102784;515682304;0;0;0;0;0;0;0;0;0;0;0;3166;0;0;0;0;0;0;
43754;2717917;567214080;42102784;515682304;0;0;0;0;0;0;0;0;0;0;0;2775;0;0;0;0;0;0;
43755;4763924;567214080;42102784;515682304;0;0;0;0;0;0;0;0;0;0;0;2935;0;0;0;0;0;0;
43756;2691107;567214080;42102784;515682304;0;0;0;0;0;0;0;0;0;0;0;3206;0;0;0;0;0;0;
43757;4784613;567214080;42102784;515682304;0;0;0;0;0;0;0;0;0;0;0;3316;0;0;0;0;0;0;
43758;2759185;567214080;42102784;515682304;0;0;0;0;0;0;0;0;0;0;0;3015;0;0;0;0;0;0;
43759;4822855;567214080;42102784;515682304;0;0;0;0;0;0;0;0;0;0;0;3276;0;0;0;0;0;0;
43760;2815971;567214080;42102784;515682304;0;0;0;0;0;0;0;0;0;0;0;3346;0;0;0;0;0;0;
43761;4749407;567214080;42102784;515682304;0;0;0;0;0;0;0;0;0;0;0;3256;0;0;0;0;0;0;
43762;2872386;567214080;42102784;515682304;0;0;0;0;0;0;0;0;0;0;0;3196;0;0;0;0;0;0;
43763;4806334;567214080;42102784;515682304;0;0;0;0;0;0;0;0;0;0;0;3136;0;0;0;0;0;0;
43764;2753353;567214080;42102784;515682304;0;0;0;0;0;0;0;0;0;0;0;3607;0;0;0;0;0;0;
43765;4917913;567214080;42102784;515682304;0;0;0;0;0;0;0;0;0;0;0;3918;0;0;0;0;0;0;
43766;2738956;567214080;42102784;515682304;0;0;0;0;0;0;0;0;0;0;0;3406;0;0;0;0;0;0;
43767;4915027;567214080;42102784;515682304;0;0;0;0;0;0;0;0;0;0;0;3327;0;0;0;0;0;0;
43768;2619112;567214080;42102784;515682304;0;0;0;0;0;0;0;0;0;0;0;3256;0;0;0;0;0;0;
43769;4963759;567214080;42102784;515682304;0;0;0;0;0;0;0;0;0;0;0;2895;0;0;0;0;0;0;
43770;2727164;567214080;42102784;515682304;0;0;0;0;0;0;0;0;0;0;0;3016;0;0;0;0;0;0;
43771;4715764;567214080;42102784;515682304;0;0;0;0;0;0;0;0;0;0;0;3086;0;0;0;0;0;0;
43772;2842401;567214080;42102784;515682304;0;0;0;0;0;0;0;0;0;0;0;3397;0;0;0;0;0;0;
43773;4684405;567214080;42102784;515682304;0;0;0;0;0;0;0;0;0;0;0;3076;0;0;0;0;0;0;
43774;2952657;567214080;42102784;515682304;0;0;0;0;0;0;0;0;0;0;0;3036;0;0;0;0;0;0;
43775;4732695;567214080;42102784;515682304;0;0;0;0;0;0;0;0;0;0;0;2625;0;0;0;0;0;0;
43776;3078283;567214080;42102784;515682304;0;0;0;0;0;0;0;0;0;0;0;3396;0;0;0;0;0;0;
43777;4734418;567214080;42102784;515682304;0;0;0;0;0;0;0;0;0;0;0;2795;0;0;0;0;0;0;
43778;2639731;567214080;42102784;515682304;0;0;0;0;0;0;0;0;0;0;0;2936;0;0;0;0;0;0;
43779;4775816;567214080;42102784;515682304;0;0;0;0;0;0;0;0;0;0;0;3156;0;0;0;0;0;0;
43780;2655450;567214080;42102784;515682304;0;0;0;0;0;0;0;0;0;0;0;3136;0;0;0;0;0;0;
43781;5202006;567214080;42102784;515682304;0;0;0;0;0;0;0;0;0;0;0;3596;0;0;0;0;0;0;
43782;2944602;567214080;42102784;515682304;0;0;0;0;0;0;0;0;0;0;0;2896;0;0;0;0;0;0;
43783;4814569;567214080;42102784;515682304;0;0;0;0;0;0;0;0;0;0;0;3156;0;0;0;0;0;0;
43784;2697920;567214080;42102784;515682304;0;0;0;0;0;0;0;0;0;0;0;3226;0;0;0;0;0;0;
43785;4768943;567214080;42102784;515682304;0;0;0;0;0;0;0;0;0;0;0;3296;0;0;0;0;0;0;
43786;2664667;567214080;42102784;515682304;0;0;0;0;0;0;0;0;0;0;0;3146;0;0;0;0;0;0;
43787;4787668;567214080;42102784;515682304;0;0;0;0;0;0;0;0;0;0;0;3356;0;0;0;0;0;0;
43788;3064647;567214080;42102784;515682304;0;0;0;0;0;0;0;0;0;0;0;4097;0;0;0;0;0;0;
43789;5075238;567214080;42102784;515682304;0;0;0;0;0;0;0;0;0;0;0;3777;0;0;0;0;0;0;
43790;3401058;567214080;42102784;515682304;0;0;0;0;0;0;0;0;0;0;0;3066;0;0;0;0;0;0;
43791;4768794;567214080;42102784;515682304;0;0;0;0;0;0;0;0;0;0;0;2846;0;0;0;0;0;0;
43792;2851307;567214080;42102784;515682304;0;0;0;0;0;0;0;0;0;0;0;2925;0;0;0;0;0;0;
43793;4807395;567214080;42102784;515682304;0;0;0;0;0;0;0;0;0;0;0;3026;0;0;0;0;0;0;
43794;2836840;567214080;42102784;515682304;0;0;0;0;0;0;0;0;0;0;0;3056;0;0;0;0;0;0;
43795;4874482;567214080;42102784;515682304;0;0;0;0;0;0;0;0;0;0;0;2956;0;0;0;0;0;0;
43796;2834256;567214080;42102784;515682304;0;0;0;0;0;0;0;0;0;0;0;3065;0;0;0;0;0;0;
43797;4926730;567214080;42102784;515682304;0;0;0;0;0;0;0;0;0;0;0;2525;0;0;0;0;0;0;
43798;2775145;567214080;42102784;515682304;0;0;0;0;0;0;0;0;0;0;0;4058;0;0;0;0;0;0;
43799;4841841;567214080;42102784;515682304;0;0;0;0;0;0;0;0;0;0;0;2705;0;0;0;0;0;0;
43800;2673073;567214080;42102784;515682304;0;0;0;0;0;0;0;0;0;0;0;2945;0;0;0;0;0;0;
43801;4786256;567214080;42102784;515682304;0;0;0;0;0;0;0;0;0;0;0;3256;0;0;0;0;0;0;
43802;2630403;567214080;42102784;515682304;0;0;0;0;0;0;0;0;0;0;0;3126;0;0;0;0;0;0;
43803;4814128;567214080;42102784;515682304;0;0;0;0;0;0;0;0;0;0;0;3476;0;0;0;0;0;0;
43804;2900169;567214080;42102784;515682304;0;0;0;0;0;0;0;0;0;0;0;3065;0;0;0;0;0;0;
43805;4669537;567214080;42102784;515682304;0;0;0;0;0;0;0;0;0;0;0;2896;0;0;0;0;0;0;
43806;2745258;567214080;42102784;515682304;0;0;0;0;0;0;0;0;0;0;0;2775;0;0;0;0;0;0;
43807;4806363;567214080;42102784;515682304;0;0;0;0;0;0;0;0;0;0;0;3086;0;0;0;0;0;0;
43808;2745108;567214080;42102784;515682304;0;0;0;0;0;0;0;0;0;0;0;3106;0;0;0;0;0;0;
43809;4719170;567214080;42102784;515682304;0;0;0;0;0;0;0;0;0;0;0;2856;0;0;0;0;0;0;
43810;2697639;567214080;42102784;515682304;0;0;0;0;0;0;0;0;0;0;0;3507;0;0;0;0;0;0;
43811;4889499;567214080;42102784;515682304;0;0;0;0;0;0;0;0;0;0;0;3647;0;0;0;0;0;0;
43812;2663214;567214080;42102784;515682304;0;0;0;0;0;0;0;0;0;0;0;3767;0;0;0;0;0;0;
43813;4735441;567214080;42102784;515682304;0;0;0;0;0;0;0;0;0;0;0;3056;0;0;0;0;0;0;
43814;2749707;567214080;42102784;515682304;0;0;0;0;0;0;0;0;0;0;0;3297;0;0;0;0;0;0;
43815;4856037;567214080;42102784;515682304;0;0;0;0;0;0;0;0;0;0;0;3307;0;0;0;0;0;0;
43816;2680597;567214080;42102784;515682304;0;0;0;0;0;0;0;0;0;0;0;2725;0;0;0;0;0;0;
43817;4791386;567214080;42102784;515682304;0;0;0;0;0;0;0;0;0;0;0;2996;0;0;0;0;0;0;
43818;2814047;567214080;42102784;515682304;0;0;0;0;0;0;0;0;0;0;0;3366;0;0;0;0;0;0;
43819;4744087;567214080;42102784;515682304;0;0;0;0;0;0;0;0;0;0;0;2965;0;0;0;0;0;0;
43820;2897293;567214080;42102784;515682304;0;0;0;0;0;0;0;0;0;0;0;2955;0;0;0;0;0;0;
43821;4788029;567214080;42102784;515682304;0;0;0;0;0;0;0;0;0;0;0;3397;0;0;0;0;0;0;
43822;2804058;567214080;42102784;515682304;0;0;0;0;0;0;0;0;0;0;0;2975;0;0;0;0;0;0;
43823;4777950;567214080;42102784;515682304;0;0;0;0;0;0;0;0;0;0;0;2956;0;0;0;0;0;0;
43824;2834826;567214080;42102784;515682304;0;0;0;0;0;0;0;0;0;0;0;2945;0;0;0;0;0;0;
43825;4882417;567214080;42102784;515682304;0;0;0;0;0;0;0;0;0;0;0;3136;0;0;0;0;0;0;
43826;2867939;567214080;42102784;515682304;0;0;0;0;0;0;0;0;0;0;0;3527;0;0;0;0;0;0;
43827;4794692;567214080;42102784;515682304;0;0;0;0;0;0;0;0;0;0;0;3216;0;0;0;0;0;0;
43828;2706967;567214080;42102784;515682304;0;0;0;0;0;0;0;0;0;0;0;3557;0;0;0;0;0;0;
43829;4893567;567214080;42102784;515682304;0;0;0;0;0;0;0;0;0;0;0;4017;0;0;0;0;0;0;
43830;2747843;567214080;42102784;515682304;0;0;0;0;0;0;0;0;0;0;0;3126;0;0;0;0;0;0;
43831;4960402;567214080;42102784;515682304;0;0;0;0;0;0;0;0;0;0;0;3266;0;0;0;0;0;0;
43832;2703240;567214080;42102784;515682304;0;0;0;0;0;0;0;0;0;0;0;3116;0;0;0;0;0;0;
43833;4984327;567214080;42110976;515690496;0;0;0;0;0;0;0;0;0;0;0;3797;0;0;0;0;0;0;
43834;2649829;567214080;42110976;515690496;0;0;0;0;0;0;0;0;0;0;0;3066;0;0;0;0;0;0;
43835;4760368;567214080;42110976;515690496;0;0;0;0;0;0;0;0;0;0;0;3416;0;0;0;0;0;0;
43836;3185354;567214080;42110976;515690496;0;0;0;0;0;0;0;0;0;0;0;4268;0;0;0;0;0;0;
43837;5195534;567214080;42110976;515690496;0;0;0;0;0;0;0;0;0;0;0;4278;0;0;0;0;0;0;
43838;4098466;567214080;42110976;515690496;0;0;0;0;0;0;0;0;0;0;0;4799;0;0;0;0;0;0;
43839;5131654;567214080;42110976;515690496;0;0;0;0;0;0;0;0;0;0;0;4198;0;0;0;0;0;0;
43840;3900816;567296000;42102784;515682304;0;0;0;0;0;0;0;0;0;0;0;4047;0;0;0;0;0;0;
43841;5117056;567296000;42102784;515682304;0;0;0;0;0;0;0;0;0;0;0;3877;0;0;0;0;0;0;
43842;3923989;567296000;42102784;515682304;0;0;0;0;0;0;0;0;0;0;0;4268;0;0;0;0;0;0;
43843;5232032;567296000;42102784;515682304;0;0;0;0;0;0;0;0;0;0;0;4168;0;0;0;0;0;0;
43844;4063200;567296000;42102784;515682304;0;0;0;0;0;0;0;0;0;0;0;5160;0;0;0;0;0;0;
43845;5315729;567296000;42102784;515682304;0;0;0;0;0;0;0;0;0;0;0;4929;0;0;0;0;0;0;
43846;4154721;567296000;42102784;515682304;0;0;0;0;0;0;0;0;0;0;0;4188;0;0;0;0;0;0;
43847;5296594;567296000;42102784;515682304;0;0;0;0;0;0;0;0;0;0;0;4979;0;0;0;0;0;0;
43848;4091092;567296000;42102784;515682304;0;0;0;0;0;0;0;0;0;0;0;4278;0;0;0;0;0;0;
43849;5288798;567296000;42102784;515682304;0;0;0;0;0;0;0;0;0;0;0;3717;0;0;0;0;0;0;
43850;4387047;567296000;42102784;515682304;0;0;0;0;0;0;0;0;0;0;0;4018;0;0;0;0;0;0;
43851;5281094;567296000;42102784;515682304;0;0;0;0;0;0;0;0;0;0;0;4408;0;0;0;0;0;0;
43852;5041335;567296000;42102784;515682304;0;0;0;0;0;0;0;0;0;0;0;4899;0;0;0;0;0;0;
43853;5412721;567296000;42102784;515682304;0;0;0;0;0;0;0;0;0;0;0;4849;0;0;0;0;0;0;
43854;5204430;567296000;42102784;515682304;0;0;0;0;0;0;0;0;0;0;0;4529;0;0;0;0;0;0;
43855;5214739;567296000;42102784;515682304;0;0;0;0;0;0;0;0;0;0;0;3827;0;0;0;0;0;0;
43856;3199350;567296000;42102784;515682304;0;0;0;0;0;0;0;0;0;0;0;3356;0;0;0;0;0;0;
43857;5002161;567296000;42102784;515682304;0;0;0;0;0;0;0;0;0;0;0;3015;0;0;0;0;0;0;
43858;3152372;567296000;42102784;515682304;0;0;0;0;0;0;0;0;0;0;0;3577;0;0;0;0;0;0;
43859;5009454;567296000;42102784;515682304;0;0;0;0;0;0;0;0;0;0;0;3566;0;0;0;0;0;0;
43860;3113058;567296000;42102784;515682304;0;0;0;0;0;0;0;0;0;0;0;3397;0;0;0;0;0;0;
43861;4921310;567296000;42102784;515682304;0;0;0;0;0;0;0;0;0;0;0;3326;0;0;0;0;0;0;
43862;3325646;567296000;42102784;515682304;0;0;0;0;0;0;0;0;0;0;0;3296;0;0;0;0;0;0;
43863;4991221;567296000;42102784;515682304;0;0;0;0;0;0;0;0;0;0;0;3607;0;0;0;0;0;0;
43864;3011538;567296000;42102784;515682304;0;0;0;0;0;0;0;0;0;0;0;3155;0;0;0;0;0;0;
43865;4941847;567296000;42102784;515682304;0;0;0;0;0;0;0;0;0;0;0;3767;0;0;0;0;0;0;
43866;3198548;567296000;42102784;515682304;0;0;0;0;0;0;0;0;0;0;0;3667;0;0;0;0;0;0;
43867;4883979;567296000;42102784;515682304;0;0;0;0;0;0;0;0;0;0;0;3586;0;0;0;0;0;0;
43868;2851728;567296000;42102784;515682304;0;0;0;0;0;0;0;0;0;0;0;3507;0;0;0;0;0;0;
43869;5066051;567296000;42102784;515682304;0;0;0;0;0;0;0;0;0;0;0;3246;0;0;0;0;0;0;
43870;2988455;567296000;42102784;515682304;0;0;0;0;0;0;0;0;0;0;0;4077;0;0;0;0;0;0;
43871;4936738;567296000;42102784;515682304;0;0;0;0;0;0;0;0;0;0;0;3978;0;0;0;0;0;0;
43872;2839425;567296000;42102784;515682304;0;0;0;0;0;0;0;0;0;0;0;3497;0;0;0;0;0;0;
43873;4918735;567296000;42102784;515682304;0;0;0;0;0;0;0;0;0;0;0;3606;0;0;0;0;0;0;
43874;2919154;567296000;42102784;515682304;0;0;0;0;0;0;0;0;0;0;0;3636;0;0;0;0;0;0;
43875;4970161;567296000;42102784;515682304;0;0;0;0;0;0;0;0;0;0;0;3697;0;0;0;0;0;0;
43876;3016287;567296000;42102784;515682304;0;0;0;0;0;0;0;0;0;0;0;3326;0;0;0;0;0;0;
43877;5053939;567296000;42102784;515682304;0;0;0;0;0;0;0;0;0;0;0;3357;0;0;0;0;0;0;
43878;3103931;567296000;42102784;515682304;0;0;0;0;0;0;0;0;0;0;0;3276;0;0;0;0;0;0;
43879;4910980;567296000;42102784;515682304;0;0;0;0;0;0;0;0;0;0;0;3617;0;0;0;0;0;0;
43880;3119010;567296000;42102784;515682304;0;0;0;0;0;0;0;0;0;0;0;3447;0;0;0;0;0;0;
43881;4901973;567296000;42102784;515682304;0;0;0;0;0;0;0;0;0;0;0;3576;0;0;0;0;0;0;
43882;4572816;567296000;42102784;515682304;0;0;0;0;0;0;0;0;0;0;0;4738;0;0;0;0;0;0;
43883;5316951;567296000;42102784;515682304;0;0;0;0;0;0;0;0;0;0;0;4329;0;0;0;0;0;0;
43884;5445743;567296000;42102784;515682304;0;0;0;0;0;0;0;0;0;0;0;4509;0;0;0;0;0;0;
43885;5465610;567296000;42102784;515682304;0;0;0;0;0;0;0;0;0;0;0;4569;0;0;0;0;0;0;
43886;4333897;567296000;42102784;515682304;0;0;0;0;0;0;0;0;0;0;0;4588;0;0;0;0;0;0;
43887;5344332;567296000;42102784;515682304;0;0;0;0;0;0;0;0;0;0;0;4949;0;0;0;0;0;0;
43888;5281425;567296000;42102784;515682304;0;0;0;0;0;0;0;0;0;0;0;4668;0;0;0;0;0;0;
43889;5415386;567296000;42102784;515682304;0;0;0;0;0;0;0;0;0;0;0;4879;0;0;0;0;0;0;
43890;5287326;567296000;42102784;515682304;0;0;0;0;0;0;0;0;0;0;0;4739;0;0;0;0;0;0;
43891;5294078;567296000;42102784;515682304;0;0;0;0;0;0;0;0;0;0;0;4618;0;0;0;0;0;0;
43892;4438764;567296000;42102784;515682304;0;0;0;0;0;0;0;0;0;0;0;4649;0;0;0;0;0;0;
43893;5214659;567296000;42102784;515682304;0;0;0;0;0;0;0;0;0;0;0;4488;0;0;0;0;0;0;
43894;4100810;567296000;42102784;515682304;0;0;0;0;0;0;0;0;0;0;0;4799;0;0;0;0;0;0;
43895;5155799;567296000;42102784;515682304;0;0;0;0;0;0;0;0;0;0;0;4518;0;0;0;0;0;0;
43896;3946511;567296000;42102784;515682304;0;0;0;0;0;0;0;0;0;0;0;4178;0;0;0;0;0;0;
43897;5088943;567296000;42102784;515682304;0;0;0;0;0;0;0;0;0;0;0;4028;0;0;0;0;0;0;
43898;3947102;567296000;42102784;515682304;0;0;0;0;0;0;0;0;0;0;0;4107;0;0;0;0;0;0;
43899;5053166;567296000;42102784;515682304;0;0;0;0;0;0;0;0;0;0;0;4208;0;0;0;0;0;0;
43900;3893762;567296000;42102784;515682304;0;0;0;0;0;0;0;0;0;0;0;4278;0;0;0;0;0;0;
43901;5198570;567296000;42102784;515682304;0;0;0;0;0;0;0;0;0;0;0;4058;0;0;0;0;0;0;
43902;4128613;567296000;42102784;515682304;0;0;0;0;0;0;0;0;0;0;0;4248;0;0;0;0;0;0;
43903;5101196;567296000;42102784;515682304;0;0;0;0;0;0;0;0;0;0;0;4498;0;0;0;0;0;0;
43904;3991195;567296000;42102784;515682304;0;0;0;0;0;0;0;0;0;0;0;4529;0;0;0;0;0;0;
43905;5108189;567296000;42102784;515682304;0;0;0;0;0;0;0;0;0;0;0;4128;0;0;0;0;0;0;
43906;3905254;567296000;42102784;515682304;0;0;0;0;0;0;0;0;0;0;0;3827;0;0;0;0;0;0;
43907;5104212;567296000;42102784;515682304;0;0;0;0;0;0;0;0;0;0;0;3797;0;0;0;0;0;0;
43908;3852895;567296000;42102784;515682304;0;0;0;0;0;0;0;0;0;0;0;4198;0;0;0;0;0;0;
43909;5113380;567296000;42102784;515682304;0;0;0;0;0;0;0;0;0;0;0;3737;0;0;0;0;0;0;
43910;4022283;567296000;42102784;515682304;0;0;0;0;0;0;0;0;0;0;0;3837;0;0;0;0;0;0;
43911;5206534;567296000;42102784;515682304;0;0;0;0;0;0;0;0;0;0;0;4378;0;0;0;0;0;0;
43912;3107177;567296000;42102784;515682304;0;0;0;0;0;0;0;0;0;0;0;3908;0;0;0;0;0;0;
43913;4807546;567296000;42102784;515682304;0;0;0;0;0;0;0;0;0;0;0;3537;0;0;0;0;0;0;
43914;2713970;567296000;42102784;515682304;0;0;0;0;0;0;0;0;0;0;0;3066;0;0;0;0;0;0;
43915;4927100;567296000;42102784;515682304;0;0;0;0;0;0;0;0;0;0;0;3056;0;0;0;0;0;0;
43916;2750980;567296000;42102784;515682304;0;0;0;0;0;0;0;0;0;0;0;3176;0;0;0;0;0;0;
43917;4796816;567296000;42102784;515682304;0;0;0;0;0;0;0;0;0;0;0;3416;0;0;0;0;0;0;
43918;2799811;567296000;42102784;515682304;0;0;0;0;0;0;0;0;0;0;0;3627;0;0;0;0;0;0;
43919;4776548;567296000;42102784;515682304;0;0;0;0;0;0;0;0;0;0;0;3897;0;0;0;0;0;0;
43920;2823345;567296000;42102784;515682304;0;0;0;0;0;0;0;0;0;0;0;3877;0;0;0;0;0;0;
43921;4856778;567296000;42102784;515682304;0;0;0;0;0;0;0;0;0;0;0;3236;0;0;0;0;0;0;
43922;2776747;567296000;42102784;515682304;0;0;0;0;0;0;0;0;0;0;0;3677;0;0;0;0;0;0;
43923;4841119;567296000;42102784;515682304;0;0;0;0;0;0;0;0;0;0;0;3246;0;0;0;0;0;0;
43924;3138055;567296000;42102784;515682304;0;0;0;0;0;0;0;0;0;0;0;2995;0;0;0;0;0;0;
43925;5040142;567296000;42102784;515682304;0;0;0;0;0;0;0;0;0;0;0;2885;0;0;0;0;0;0;
43926;2843233;567296000;42102784;515682304;0;0;0;0;0;0;0;0;0;0;0;2655;0;0;0;0;0;0;
43927;4799471;567296000;42102784;515682304;0;0;0;0;0;0;0;0;0;0;0;3186;0;0;0;0;0;0;
43928;4998945;567296000;42102784;515682304;0;0;0;0;0;0;0;0;0;0;0;3617;0;0;0;0;0;0;
43929;4760628;567296000;42102784;515682304;0;0;0;0;0;0;0;0;0;0;0;3417;0;0;0;0;0;0;
43930;2913154;567296000;42102784;515682304;0;0;0;0;0;0;0;0;0;0;0;3026;0;0;0;0;0;0;
43931;4884029;567296000;42102784;515682304;0;0;0;0;0;0;0;0;0;0;0;3006;0;0;0;0;0;0;
43932;2842390;567296000;42102784;515682304;0;0;0;0;0;0;0;0;0;0;0;3176;0;0;0;0;0;0;
43933;4881675;567296000;42102784;515682304;0;0;0;0;0;0;0;0;0;0;0;3627;0;0;0;0;0;0;
43934;2882817;567296000;42102784;515682304;0;0;0;0;0;0;0;0;0;0;0;3056;0;0;0;0;0;0;
43935;4652345;567296000;42102784;515682304;0;0;0;0;0;0;0;0;0;0;0;2996;0;0;0;0;0;0;
43936;2786916;567296000;42102784;515682304;0;0;0;0;0;0;0;0;0;0;0;3256;0;0;0;0;0;0;
43937;4771989;567296000;42102784;515682304;0;0;0;0;0;0;0;0;0;0;0;2935;0;0;0;0;0;0;
43938;2844675;567296000;42102784;515682304;0;0;0;0;0;0;0;0;0;0;0;3266;0;0;0;0;0;0;
43939;4762631;567296000;42102784;515682304;0;0;0;0;0;0;0;0;0;0;0;3897;0;0;0;0;0;0;
43940;2740119;567296000;42102784;515682304;0;0;0;0;0;0;0;0;0;0;0;3116;0;0;0;0;0;0;
43941;4807426;567296000;42102784;515682304;0;0;0;0;0;0;0;0;0;0;0;3055;0;0;0;0;0;0;
43942;2838603;567296000;42102784;515682304;0;0;0;0;0;0;0;0;0;0;0;3437;0;0;0;0;0;0;
43943;4870815;567296000;42102784;515682304;0;0;0;0;0;0;0;0;0;0;0;3666;0;0;0;0;0;0;
43944;2820650;567296000;42102784;515682304;0;0;0;0;0;0;0;0;0;0;0;3587;0;0;0;0;0;0;
43945;4707288;567296000;42102784;515682304;0;0;0;0;0;0;0;0;0;0;0;3075;0;0;0;0;0;0;
43946;2938752;567296000;42102784;515682304;0;0;0;0;0;0;0;0;0;0;0;2956;0;0;0;0;0;0;
43947;4866296;567296000;42102784;515682304;0;0;0;0;0;0;0;0;0;0;0;3366;0;0;0;0;0;0;
43948;3158513;567296000;42102784;515682304;0;0;0;0;0;0;0;0;0;0;0;3697;0;0;0;0;0;0;
43949;5266346;567296000;42110976;515690496;0;0;0;0;0;0;0;0;0;0;0;4308;0;0;0;0;0;0;
43950;3928247;567296000;42110976;515690496;0;0;0;0;0;0;0;0;0;0;0;4469;0;0;0;0;0;0;
43951;5095977;567296000;42110976;515690496;0;0;0;0;0;0;0;0;0;0;0;3356;0;0;0;0;0;0;
43952;3899643;567296000;42110976;515690496;0;0;0;0;0;0;0;0;0;0;0;4358;0;0;0;0;0;0;
43953;5076320;567296000;42110976;515690496;0;0;0;0;0;0;0;0;0;0;0;3887;0;0;0;0;0;0;
43954;4238800;567296000;42110976;515690496;0;0;0;0;0;0;0;0;0;0;0;3417;0;0;0;0;0;0;
43955;5090256;567296000;42110976;515690496;0;0;0;0;0;0;0;0;0;0;0;3937;0;0;0;0;0;0;
43956;4195749;567316480;42102784;515682304;0;0;0;0;0;0;0;0;0;0;0;4248;0;0;0;0;0;0;
43957;5243614;567316480;42102784;515682304;0;0;0;0;0;0;0;0;0;0;0;4278;0;0;0;0;0;0;
43958;3940309;567316480;42102784;515682304;0;0;0;0;0;0;0;0;0;0;0;4248;0;0;0;0;0;0;
43959;5320668;567316480;42102784;515682304;0;0;0;0;0;0;0;0;0;0;0;4248;0;0;0;0;0;0;
43960;3165136;567316480;42102784;515682304;0;0;0;0;0;0;0;0;0;0;0;3977;0;0;0;0;0;0;
43961;4787158;567316480;42102784;515682304;0;0;0;0;0;0;0;0;0;0;0;3106;0;0;0;0;0;0;
43962;2805682;567316480;42102784;515682304;0;0;0;0;0;0;0;0;0;0;0;3056;0;0;0;0;0;0;
43963;4937049;567316480;42102784;515682304;0;0;0;0;0;0;0;0;0;0;0;3406;0;0;0;0;0;0;
43964;2872857;567316480;42102784;515682304;0;0;0;0;0;0;0;0;0;0;0;3076;0;0;0;0;0;0;
43965;4734489;567316480;42102784;515682304;0;0;0;0;0;0;0;0;0;0;0;2835;0;0;0;0;0;0;
43966;2825489;567316480;42102784;515682304;0;0;0;0;0;0;0;0;0;0;0;3697;0;0;0;0;0;0;
43967;4787448;567316480;42102784;515682304;0;0;0;0;0;0;0;0;0;0;0;3116;0;0;0;0;0;0;
43968;2747563;567316480;42102784;515682304;0;0;0;0;0;0;0;0;0;0;0;3116;0;0;0;0;0;0;
43969;4808608;567316480;42102784;515682304;0;0;0;0;0;0;0;0;0;0;0;3667;0;0;0;0;0;0;
43970;2777569;567316480;42102784;515682304;0;0;0;0;0;0;0;0;0;0;0;3707;0;0;0;0;0;0;
43971;4818396;567316480;42102784;515682304;0;0;0;0;0;0;0;0;0;0;0;3867;0;0;0;0;0;0;
43972;2867587;567316480;42102784;515682304;0;0;0;0;0;0;0;0;0;0;0;3827;0;0;0;0;0;0;
43973;4752643;567316480;42102784;515682304;0;0;0;0;0;0;0;0;0;0;0;3046;0;0;0;0;0;0;
43974;2783380;567316480;42102784;515682304;0;0;0;0;0;0;0;0;0;0;0;3506;0;0;0;0;0;0;
43975;4893848;567316480;42102784;515682304;0;0;0;0;0;0;0;0;0;0;0;3246;0;0;0;0;0;0;
43976;2780164;567316480;42102784;515682304;0;0;0;0;0;0;0;0;0;0;0;3546;0;0;0;0;0;0;
43977;4727586;567316480;42102784;515682304;0;0;0;0;0;0;0;0;0;0;0;2896;0;0;0;0;0;0;
43978;2771086;567316480;42102784;515682304;0;0;0;0;0;0;0;0;0;0;0;3857;0;0;0;0;0;0;
43979;4830418;567316480;42102784;515682304;0;0;0;0;0;0;0;0;0;0;0;3196;0;0;0;0;0;0;
43980;2648657;567316480;42102784;515682304;0;0;0;0;0;0;0;0;0;0;0;3236;0;0;0;0;0;0;
43981;4813918;567316480;42102784;515682304;0;0;0;0;0;0;0;0;0;0;0;3166;0;0;0;0;0;0;
43982;2594396;567316480;42102784;515682304;0;0;0;0;0;0;0;0;0;0;0;3036;0;0;0;0;0;0;
43983;4872137;567316480;42102784;515682304;0;0;0;0;0;0;0;0;0;0;0;3456;0;0;0;0;0;0;
43984;2730541;567316480;42102784;515682304;0;0;0;0;0;0;0;0;0;0;0;3005;0;0;0;0;0;0;
43985;4798990;567316480;42102784;515682304;0;0;0;0;0;0;0;0;0;0;0;2916;0;0;0;0;0;0;
43986;2926258;567316480;42102784;515682304;0;0;0;0;0;0;0;0;0;0;0;3086;0;0;0;0;0;0;
43987;4797667;567316480;42102784;515682304;0;0;0;0;0;0;0;0;0;0;0;3106;0;0;0;0;0;0;
43988;2698741;567316480;42102784;515682304;0;0;0;0;0;0;0;0;0;0;0;3497;0;0;0;0;0;0;
43989;4926749;567316480;42102784;515682304;0;0;0;0;0;0;0;0;0;0;0;3005;0;0;0;0;0;0;
43990;2815831;567316480;42102784;515682304;0;0;0;0;0;0;0;0;0;0;0;3426;0;0;0;0;0;0;
43991;4814730;567316480;42102784;515682304;0;0;0;0;0;0;0;0;0;0;0;3156;0;0;0;0;0;0;
43992;2755558;567316480;42102784;515682304;0;0;0;0;0;0;0;0;0;0;0;3437;0;0;0;0;0;0;
43993;8086926;567316480;42102784;515682304;0;0;0;0;0;0;0;0;0;0;0;3788;0;0;0;0;0;0;
43994;9174836;567316480;42102784;515682304;0;0;0;0;0;0;0;0;0;0;0;3827;0;0;0;0;0;0;
43995;4985028;567316480;42102784;515682304;0;0;0;0;0;0;0;0;0;0;0;3757;0;0;0;0;0;0;
43996;2705103;567316480;42102784;515682304;0;0;0;0;0;0;0;0;0;0;0;2906;0;0;0;0;0;0;
43997;4857590;567316480;42102784;515682304;0;0;0;0;0;0;0;0;0;0;0;3347;0;0;0;0;0;0;
43998;2993023;567316480;42102784;515682304;0;0;0;0;0;0;0;0;0;0;0;2815;0;0;0;0;0;0;
43999;4761660;567316480;42102784;515682304;0;0;0;0;0;0;0;0;0;0;0;2775;0;0;0;0;0;0;
44000;2873629;567316480;42102784;515682304;0;0;0;0;0;0;0;0;0;0;0;2995;0;0;0;0;0;0;
44001;4708209;567316480;42102784;515682304;0;0;0;0;0;0;0;0;0;0;0;3326;0;0;0;0;0;0;
44002;2822534;567316480;42102784;515682304;0;0;0;0;0;0;0;0;0;0;0;3176;0;0;0;0;0;0;
44003;4766579;567316480;42102784;515682304;0;0;0;0;0;0;0;0;0;0;0;3527;0;0;0;0;0;0;
44004;3023380;567316480;42102784;515682304;0;0;0;0;0;0;0;0;0;0;0;3356;0;0;0;0;0;0;
44005;4790815;567316480;42102784;515682304;0;0;0;0;0;0;0;0;0;0;0;3286;0;0;0;0;0;0;
44006;3277076;567316480;42102784;515682304;0;0;0;0;0;0;0;0;0;0;0;4568;0;0;0;0;0;0;
44007;5076511;567316480;42102784;515682304;0;0;0;0;0;0;0;0;0;0;0;4088;0;0;0;0;0;0;
44008;3955468;567316480;42102784;515682304;0;0;0;0;0;0;0;0;0;0;0;4348;0;0;0;0;0;0;
44009;5055411;567316480;42102784;515682304;0;0;0;0;0;0;0;0;0;0;0;4088;0;0;0;0;0;0;
44010;3959155;567316480;42102784;515682304;0;0;0;0;0;0;0;0;0;0;0;4097;0;0;0;0;0;0;
44011;5034662;567316480;42102784;515682304;0;0;0;0;0;0;0;0;0;0;0;3647;0;0;0;0;0;0;
44012;3834201;567316480;42102784;515682304;0;0;0;0;0;0;0;0;0;0;0;3616;0;0;0;0;0;0;
44013;5027068;567316480;42102784;515682304;0;0;0;0;0;0;0;0;0;0;0;3466;0;0;0;0;0;0;
44014;3928477;567316480;42102784;515682304;0;0;0;0;0;0;0;0;0;0;0;3837;0;0;0;0;0;0;
44015;5056543;567316480;42102784;515682304;0;0;0;0;0;0;0;0;0;0;0;3747;0;0;0;0;0;0;
44016;3783636;567316480;42102784;515682304;0;0;0;0;0;0;0;0;0;0;0;4278;0;0;0;0;0;0;
44017;5105555;567316480;42102784;515682304;0;0;0;0;0;0;0;0;0;0;0;3867;0;0;0;0;0;0;
44018;3954947;567316480;42102784;515682304;0;0;0;0;0;0;0;0;0;0;0;4248;0;0;0;0;0;0;
44019;5060851;567316480;42102784;515682304;0;0;0;0;0;0;0;0;0;0;0;3767;0;0;0;0;0;0;
44020;3858025;567316480;42102784;515682304;0;0;0;0;0;0;0;0;0;0;0;4438;0;0;0;0;0;0;
44021;5056523;567316480;42102784;515682304;0;0;0;0;0;0;0;0;0;0;0;3988;0;0;0;0;0;0;
44022;3888743;567316480;42102784;515682304;0;0;0;0;0;0;0;0;0;0;0;3798;0;0;0;0;0;0;
44023;5047686;567316480;42102784;515682304;0;0;0;0;0;0;0;0;0;0;0;4218;0;0;0;0;0;0;
44024;3862313;567316480;42102784;515682304;0;0;0;0;0;0;0;0;0;0;0;4318;0;0;0;0;0;0;
44025;5156821;567316480;42102784;515682304;0;0;0;0;0;0;0;0;0;0;0;4398;0;0;0;0;0;0;
44026;3828130;567316480;42102784;515682304;0;0;0;0;0;0;0;0;0;0;0;4468;0;0;0;0;0;0;
44027;5143355;567316480;42102784;515682304;0;0;0;0;0;0;0;0;0;0;0;3857;0;0;0;0;0;0;
44028;3789607;567316480;42102784;515682304;0;0;0;0;0;0;0;0;0;0;0;4118;0;0;0;0;0;0;
44029;5227834;567316480;42102784;515682304;0;0;0;0;0;0;0;0;0;0;0;4087;0;0;0;0;0;0;
44030;3866161;567316480;42102784;515682304;0;0;0;0;0;0;0;0;0;0;0;4649;0;0;0;0;0;0;
44031;5222645;567316480;42102784;515682304;0;0;0;0;0;0;0;0;0;0;0;3176;0;0;0;0;0;0;
44032;3189491;567316480;42102784;515682304;0;0;0;0;0;0;0;0;0;0;0;3316;0;0;0;0;0;0;
44033;4803188;567316480;42102784;515682304;0;0;0;0;0;0;0;0;0;0;0;3036;0;0;0;0;0;0;
44034;2825399;567316480;42102784;515682304;0;0;0;0;0;0;0;0;0;0;0;2936;0;0;0;0;0;0;
44035;4786968;567316480;42102784;515682304;0;0;0;0;0;0;0;0;0;0;0;2725;0;0;0;0;0;0;
44036;2853721;567316480;42102784;515682304;0;0;0;0;0;0;0;0;0;0;0;3136;0;0;0;0;0;0;
44037;4877698;567316480;42102784;515682304;0;0;0;0;0;0;0;0;0;0;0;3196;0;0;0;0;0;0;
44038;2792317;567316480;42102784;515682304;0;0;0;0;0;0;0;0;0;0;0;3196;0;0;0;0;0;0;
44039;4965072;567316480;42102784;515682304;0;0;0;0;0;0;0;0;0;0;0;3166;0;0;0;0;0;0;
44040;2730852;567316480;42102784;515682304;0;0;0;0;0;0;0;0;0;0;0;3246;0;0;0;0;0;0;
44041;4893096;567316480;42102784;515682304;0;0;0;0;0;0;0;0;0;0;0;3627;0;0;0;0;0;0;
44042;2817984;567316480;42102784;515682304;0;0;0;0;0;0;0;0;0;0;0;3216;0;0;0;0;0;0;
44043;4931528;567316480;42102784;515682304;0;0;0;0;0;0;0;0;0;0;0;3507;0;0;0;0;0;0;
44044;2740119;567316480;42102784;515682304;0;0;0;0;0;0;0;0;0;0;0;3857;0;0;0;0;0;0;
44045;4744007;567316480;42102784;515682304;0;0;0;0;0;0;0;0;0;0;0;3095;0;0;0;0;0;0;
44046;2991811;567316480;42102784;515682304;0;0;0;0;0;0;0;0;0;0;0;4078;0;0;0;0;0;0;
44047;4910108;567316480;42102784;515682304;0;0;0;0;0;0;0;0;0;0;0;3056;0;0;0;0;0;0;
44048;2674967;567316480;42102784;515682304;0;0;0;0;0;0;0;0;0;0;0;3296;0;0;0;0;0;0;
44049;4935677;567316480;42102784;515682304;0;0;0;0;0;0;0;0;0;0;0;4268;0;0;0;0;0;0;
44050;2667653;567316480;42102784;515682304;0;0;0;0;0;0;0;0;0;0;0;3206;0;0;0;0;0;0;
44051;4786767;567316480;42102784;515682304;0;0;0;0;0;0;0;0;0;0;0;3256;0;0;0;0;0;0;
44052;2734378;567316480;42102784;515682304;0;0;0;0;0;0;0;0;0;0;0;3096;0;0;0;0;0;0;
44053;4709492;567316480;42102784;515682304;0;0;0;0;0;0;0;0;0;0;0;3226;0;0;0;0;0;0;
44054;2927671;567316480;42102784;515682304;0;0;0;0;0;0;0;0;0;0;0;3457;0;0;0;0;0;0;
44055;4702920;567316480;42102784;515682304;0;0;0;0;0;0;0;0;0;0;0;2795;0;0;0;0;0;0;
44056;2840577;567316480;42102784;515682304;0;0;0;0;0;0;0;0;0;0;0;3526;0;0;0;0;0;0;
44057;4773352;567316480;42102784;515682304;0;0;0;0;0;0;0;0;0;0;0;3476;0;0;0;0;0;0;
44058;2956264;567316480;42102784;515682304;0;0;0;0;0;0;0;0;0;0;0;3146;0;0;0;0;0;0;
44059;4840368;567316480;42102784;515682304;0;0;0;0;0;0;0;0;0;0;0;3567;0;0;0;0;0;0;
44060;2720081;567316480;42102784;515682304;0;0;0;0;0;0;0;0;0;0;0;3186;0;0;0;0;0;0;
44061;4830660;567316480;42102784;515682304;0;0;0;0;0;0;0;0;0;0;0;3146;0;0;0;0;0;0;
44062;2781106;567316480;42102784;515682304;0;0;0;0;0;0;0;0;0;0;0;2966;0;0;0;0;0;0;
44063;4849014;567316480;42102784;515682304;0;0;0;0;0;0;0;0;0;0;0;2926;0;0;0;0;0;0;
44064;2690696;567316480;42102784;515682304;0;0;0;0;0;0;0;0;0;0;0;3236;0;0;0;0;0;0;
44065;5067133;567316480;42102784;515682304;0;0;0;0;0;0;0;0;0;0;0;3667;0;0;0;0;0;0;
44066;2768442;567316480;42102784;515682304;0;0;0;0;0;0;0;0;0;0;0;3055;0;0;0;0;0;0;
44067;4823667;567316480;42102784;515682304;0;0;0;0;0;0;0;0;0;0;0;3577;0;0;0;0;0;0;
44068;2797607;567316480;42102784;515682304;0;0;0;0;0;0;0;0;0;0;0;3135;0;0;0;0;0;0;
44069;4817725;567316480;42102784;515682304;0;0;0;0;0;0;0;0;0;0;0;3787;0;0;0;0;0;0;
44070;2870383;567316480;42102784;515682304;0;0;0;0;0;0;0;0;0;0;0;3938;0;0;0;0;0;0;
44071;4795293;567316480;42102784;515682304;0;0;0;0;0;0;0;0;0;0;0;3476;0;0;0;0;0;0;
44072;3029281;567316480;42102784;515682304;0;0;0;0;0;0;0;0;0;0;0;3617;0;0;0;0;0;0;
44073;4903947;567316480;42102784;515682304;0;0;0;0;0;0;0;0;0;0;0;2835;0;0;0;0;0;0;
44074;2896863;567316480;42102784;515682304;0;0;0;0;0;0;0;0;0;0;0;3507;0;0;0;0;0;0;
44075;4892876;567316480;42102784;515682304;0;0;0;0;0;0;0;0;0;0;0;3376;0;0;0;0;0;0;
44076;2811412;567316480;42102784;515682304;0;0;0;0;0;0;0;0;0;0;0;3096;0;0;0;0;0;0;
44077;4747654;567316480;42102784;515682304;0;0;0;0;0;0;0;0;0;0;0;3336;0;0;0;0;0;0;
44078;3012089;567316480;42102784;515682304;0;0;0;0;0;0;0;0;0;0;0;3306;0;0;0;0;0;0;
44079;4891192;567316480;42102784;515682304;0;0;0;0;0;0;0;0;0;0;0;3417;0;0;0;0;0;0;
44080;2897273;567316480;42102784;515682304;0;0;0;0;0;0;0;0;0;0;0;3366;0;0;0;0;0;0;
44081;4860536;567316480;42102784;515682304;0;0;0;0;0;0;0;0;0;0;0;3397;0;0;0;0;0;0;
44082;2710623;567316480;42102784;515682304;0;0;0;0;0;0;0;0;0;0;0;3446;0;0;0;0;0;0;
44083;4799251;567316480;42102784;515682304;0;0;0;0;0;0;0;0;0;0;0;2685;0;0;0;0;0;0;
44084;2791686;567316480;42102784;515682304;0;0;0;0;0;0;0;0;0;0;0;3347;0;0;0;0;0;0;
44085;4778111;567316480;42102784;515682304;0;0;0;0;0;0;0;0;0;0;0;3307;0;0;0;0;0;0;
44086;2911019;567316480;42102784;515682304;0;0;0;0;0;0;0;0;0;0;0;3196;0;0;0;0;0;0;
44087;4984568;567316480;42102784;515682304;0;0;0;0;0;0;0;0;0;0;0;3297;0;0;0;0;0;0;
44088;2776226;567316480;42102784;515682304;0;0;0;0;0;0;0;0;0;0;0;4188;0;0;0;0;0;0;
44089;4871336;567316480;42102784;515682304;0;0;0;0;0;0;0;0;0;0;0;3036;0;0;0;0;0;0;
44090;2710613;567316480;42102784;515682304;0;0;0;0;0;0;0;0;0;0;0;3366;0;0;0;0;0;0;
44091;4907624;567316480;42102784;515682304;0;0;0;0;0;0;0;0;0;0;0;3347;0;0;0;0;0;0;
44092;2703150;567316480;42102784;515682304;0;0;0;0;0;0;0;0;0;0;0;2776;0;0;0;0;0;0;
44093;4847531;567316480;42102784;515682304;0;0;0;0;0;0;0;0;0;0;0;3076;0;0;0;0;0;0;
44094;2754676;567316480;42102784;515682304;0;0;0;0;0;0;0;0;0;0;0;3386;0;0;0;0;0;0;
44095;4876405;567316480;42102784;515682304;0;0;0;0;0;0;0;0;0;0;0;3085;0;0;0;0;0;0;
44096;2819688;567316480;42102784;515682304;0;0;0;0;0;0;0;0;0;0;0;3056;0;0;0;0;0;0;
44097;4727576;567316480;42102784;515682304;0;0;0;0;0;0;0;0;0;0;0;2555;0;0;0;0;0;0;
44098;2887776;567316480;42102784;515682304;0;0;0;0;0;0;0;0;0;0;0;3386;0;0;0;0;0;0;
44099;4861687;567316480;42102784;515682304;0;0;0;0;0;0;0;0;0;0;0;3306;0;0;0;0;0;0;
44100;3139789;567316480;42102784;515682304;0;0;0;0;0;0;0;0;0;0;0;3396;0;0;0;0;0;0;
44101;4912984;567316480;42102784;515682304;0;0;0;0;0;0;0;0;0;0;0;3757;0;0;0;0;0;0;
44102;3097950;567316480;42102784;515682304;0;0;0;0;0;0;0;0;0;0;0;3055;0;0;0;0;0;0;
44103;4751381;567316480;42102784;515682304;0;0;0;0;0;0;0;0;0;0;0;2966;0;0;0;0;0;0;
44104;3139027;567316480;42102784;515682304;0;0;0;0;0;0;0;0;0;0;0;3536;0;0;0;0;0;0;
44105;4808187;567316480;42102784;515682304;0;0;0;0;0;0;0;0;0;0;0;4017;0;0;0;0;0;0;
