Frame Number;Main Thread;System Used Memory;GC Reserved Memory;Total Reserved Memory;ServerFixedUpdate;TerrainGeneration;PlayerTerrainGenCheck;StructureGeneration;TerrainLogicSystem;GetUpdates;ReevaluatePropagateMarker;PropagateLogicState;PropInputBlocks;PropActiveLogicBlocks;CheckGateState;StatisticsSystem;GhostSimulationSystemGroup;PredictedSimulationSystemGroup;Number of Terrain Areas (Client);Number of Terrain Areas (Server);Number of Players (Client);Number of Players (Server);
1;0;472723456;8183808;395780096;0;0;0;0;0;0;0;0;0;0;0;0;0;0;
2;67026939;477999104;8183808;395780096;0;0;0;0;0;0;0;0;0;0;0;229480;0;0;0;0;0;0;
3;5834881;477999104;8183808;395780096;0;0;0;0;0;0;0;0;0;0;0;3696;0;0;0;0;0;0;
4;2953437;477999104;8183808;395780096;0;0;0;0;0;0;0;0;0;0;0;2975;0;0;0;0;0;0;
5;3744792;487329792;8183808;429334528;0;0;0;0;0;0;0;0;0;0;0;2234;0;0;0;0;0;0;
6;1337959;487870464;8183808;429334528;0;0;0;0;0;0;0;0;0;0;0;3296;0;0;0;0;0;0;
7;869130;487870464;8183808;429334528;0;0;0;0;0;0;0;0;0;0;0;2164;0;0;0;0;0;0;
8;1034449;488124416;8183808;429334528;0;0;0;0;0;0;0;0;0;0;0;2204;0;0;0;0;0;0;
9;956063;488124416;8183808;429334528;0;0;0;0;0;0;0;0;0;0;0;2365;0;0;0;0;0;0;
10;889107;488124416;8183808;429334528;0;0;0;0;0;0;0;0;0;0;0;2314;0;0;0;0;0;0;
11;838272;488124416;8183808;429334528;0;0;0;0;0;0;0;0;0;0;0;2164;0;0;0;0;0;0;
12;865483;488124416;8183808;429334528;0;0;0;0;0;0;0;0;0;0;0;2575;0;0;0;0;0;0;
13;911399;488124416;8183808;429334528;0;0;0;0;0;0;0;0;0;0;0;2514;0;0;0;0;0;0;
14;1552471;488124416;8183808;429334528;0;0;0;0;0;0;0;0;0;0;0;2264;0;0;0;0;0;0;
15;1541090;488124416;8183808;429334528;0;0;0;0;0;0;0;0;0;0;0;2535;0;0;0;0;0;0;
16;899737;488124416;8183808;429334528;0;0;0;0;0;0;0;0;0;0;0;2334;0;0;0;0;0;0;
17;858329;488124416;8183808;429334528;0;0;0;0;0;0;0;0;0;0;0;2154;0;0;0;0;0;0;
18;877906;488124416;8183808;429334528;0;0;0;0;0;0;0;0;0;0;0;3937;0;0;0;0;0;0;
19;936466;488800256;8183808;429334528;0;0;0;0;0;0;0;0;0;0;0;2324;0;0;0;0;0;0;
20;939642;488800256;8183808;429334528;0;0;0;0;0;0;0;0;0;0;0;2414;0;0;0;0;0;0;
21;969237;488800256;8183808;429334528;0;0;0;0;0;0;0;0;0;0;0;2285;0;0;0;0;0;0;
22;875973;488800256;8183808;429334528;0;0;0;0;0;0;0;0;0;0;0;2434;0;0;0;0;0;0;
23;1070247;489414656;8183808;429334528;0;0;0;0;0;0;0;0;0;0;0;4218;0;0;0;0;0;0;
24;1182978;489414656;8183808;429334528;0;0;0;0;0;0;0;0;0;0;0;2194;0;0;0;0;0;0;
25;1220198;489414656;8183808;429334528;0;0;0;0;0;0;0;0;0;0;0;2084;0;0;0;0;0;0;
26;903504;490213376;8183808;429334528;0;0;0;0;0;0;0;0;0;0;0;2344;0;0;0;0;0;0;
27;987141;490582016;8183808;429334528;0;0;0;0;0;0;0;0;0;0;0;2144;0;0;0;0;0;0;
28;881483;490582016;8183808;429334528;0;0;0;0;0;0;0;0;0;0;0;2284;0;0;0;0;0;0;
29;975560;490582016;8183808;429334528;0;0;0;0;0;0;0;0;0;0;0;2104;0;0;0;0;0;0;
30;860043;491081728;8183808;429334528;0;0;0;0;0;0;0;0;0;0;0;2354;0;0;0;0;0;0;
31;955141;491081728;8183808;429334528;0;0;0;0;0;0;0;0;0;0;0;2365;0;0;0;0;0;0;
32;807313;491081728;8183808;429334528;0;0;0;0;0;0;0;0;0;0;0;2375;0;0;0;0;0;0;
33;1212904;491081728;8183808;429334528;0;0;0;0;0;0;0;0;0;0;0;2195;0;0;0;0;0;0;
34;823664;491081728;8183808;429334528;0;0;0;0;0;0;0;0;0;0;0;2214;0;0;0;0;0;0;
35;811161;491081728;8183808;429334528;0;0;0;0;0;0;0;0;0;0;0;2475;0;0;0;0;0;0;
36;893716;491081728;8183808;429334528;0;0;0;0;0;0;0;0;0;0;0;2384;0;0;0;0;0;0;
37;857708;491081728;8183808;429334528;0;0;0;0;0;0;0;0;0;0;0;2194;0;0;0;0;0;0;
38;883616;491081728;8183808;429334528;0;0;0;0;0;0;0;0;0;0;0;2205;0;0;0;0;0;0;
39;848121;491081728;8183808;429334528;0;0;0;0;0;0;0;0;0;0;0;2455;0;0;0;0;0;0;
40;840265;491081728;8183808;429334528;0;0;0;0;0;0;0;0;0;0;0;2094;0;0;0;0;0;0;
41;819557;491081728;8183808;429334528;0;0;0;0;0;0;0;0;0;0;0;2204;0;0;0;0;0;0;
42;2925005;491081728;8183808;429334528;0;0;0;0;0;0;0;0;0;0;0;2234;0;0;0;0;0;0;
43;950252;491081728;8183808;429334528;0;0;0;0;0;0;0;0;0;0;0;4127;0;0;0;0;0;0;
44;6269195;491352064;8183808;429334528;0;0;0;0;0;0;0;0;0;0;0;2324;0;0;0;0;0;0;
45;13737268;492109824;8183808;429334528;0;0;0;0;0;0;0;0;0;0;0;3126;0;0;0;0;0;0;
46;1416456;492109824;8183808;429334528;0;0;0;0;0;0;0;0;0;0;0;3076;0;0;0;0;0;0;
47;952075;492109824;8183808;429334528;0;0;0;0;0;0;0;0;0;0;0;2515;0;0;0;0;0;0;
48;998152;492109824;8183808;429334528;0;0;0;0;0;0;0;0;0;0;0;2555;0;0;0;0;0;0;
49;1301590;492109824;8183808;429334528;0;0;0;0;0;0;0;0;0;0;0;2374;0;0;0;0;0;0;
50;1019030;492109824;8183808;429334528;0;0;0;0;0;0;0;0;0;0;0;2525;0;0;0;0;0;0;
51;921888;492109824;8183808;429334528;0;0;0;0;0;0;0;0;0;0;0;2545;0;0;0;0;0;0;
52;996289;492109824;8183808;429334528;0;0;0;0;0;0;0;0;0;0;0;2124;0;0;0;0;0;0;
53;918943;492109824;8183808;429334528;0;0;0;0;0;0;0;0;0;0;0;2435;0;0;0;0;0;0;
54;921317;492109824;8183808;429334528;0;0;0;0;0;0;0;0;0;0;0;2485;0;0;0;0;0;0;
55;881292;492109824;8183808;429334528;0;0;0;0;0;0;0;0;0;0;0;2865;0;0;0;0;0;0;
56;921037;492109824;8183808;429334528;0;0;0;0;0;0;0;0;0;0;0;2435;0;0;0;0;0;0;
57;898325;492109824;8183808;429334528;0;0;0;0;0;0;0;0;0;0;0;2494;0;0;0;0;0;0;
58;954931;492437504;8183808;429334528;0;0;0;0;0;0;0;0;0;0;0;2505;0;0;0;0;0;0;
59;914345;492437504;8183808;429334528;0;0;0;0;0;0;0;0;0;0;0;2545;0;0;0;0;0;0;
60;947898;492437504;8183808;429334528;0;0;0;0;0;0;0;0;0;0;0;2484;0;0;0;0;0;0;
61;904236;492437504;8183808;429334528;0;0;0;0;0;0;0;0;0;0;0;2434;0;0;0;0;0;0;
62;926167;492437504;8183808;429334528;0;0;0;0;0;0;0;0;0;0;0;2394;0;0;0;0;0;0;
63;940824;492437504;8183808;429334528;0;0;0;0;0;0;0;0;0;0;0;2625;0;0;0;0;0;0;
64;905118;492437504;8183808;429334528;0;0;0;0;0;0;0;0;0;0;0;2505;0;0;0;0;0;0;
65;971211;492437504;8183808;429334528;0;0;0;0;0;0;0;0;0;0;0;2504;0;0;0;0;0;0;
66;982973;492437504;8183808;429334528;0;0;0;0;0;0;0;0;0;0;0;2565;0;0;0;0;0;0;
67;892794;492437504;8183808;429334528;0;0;0;0;0;0;0;0;0;0;0;2475;0;0;0;0;0;0;
68;904917;492437504;8183808;429334528;0;0;0;0;0;0;0;0;0;0;0;2495;0;0;0;0;0;0;
69;853019;492437504;8183808;429334528;0;0;0;0;0;0;0;0;0;0;0;2585;0;0;0;0;0;0;
70;900489;492437504;8183808;429334528;0;0;0;0;0;0;0;0;0;0;0;2565;0;0;0;0;0;0;
71;879369;492437504;8183808;429334528;0;0;0;0;0;0;0;0;0;0;0;2485;0;0;0;0;0;0;
72;990778;492437504;8183808;429334528;0;0;0;0;0;0;0;0;0;0;0;2575;0;0;0;0;0;0;
73;942007;492437504;8183808;429334528;0;0;0;0;0;0;0;0;0;0;0;2565;0;0;0;0;0;0;
74;934482;492707840;8183808;429334528;0;0;0;0;0;0;0;0;0;0;0;2534;0;0;0;0;0;0;
75;961022;492707840;8183808;429334528;0;0;0;0;0;0;0;0;0;0;0;2534;0;0;0;0;0;0;
76;907491;492707840;8183808;429334528;0;0;0;0;0;0;0;0;0;0;0;2565;0;0;0;0;0;0;
77;956463;492707840;8183808;429334528;0;0;0;0;0;0;0;0;0;0;0;2525;0;0;0;0;0;0;
78;1408421;492707840;8183808;429334528;0;0;0;0;0;0;0;0;0;0;0;2585;0;0;0;0;0;0;
79;967254;492707840;8183808;429334528;0;0;0;0;0;0;0;0;0;0;0;2444;0;0;0;0;0;0;
80;1063965;492707840;8183808;429334528;0;0;0;0;0;0;0;0;0;0;0;2505;0;0;0;0;0;0;
81;907732;492707840;8183808;429334528;0;0;0;0;0;0;0;0;0;0;0;2494;0;0;0;0;0;0;
82;891031;492707840;8183808;429334528;0;0;0;0;0;0;0;0;0;0;0;2535;0;0;0;0;0;0;
83;1089713;492707840;8183808;429334528;0;0;0;0;0;0;0;0;0;0;0;2605;0;0;0;0;0;0;
84;1132293;492707840;8183808;429334528;0;0;0;0;0;0;0;0;0;0;0;2545;0;0;0;0;0;0;
85;945854;492707840;8183808;429334528;0;0;0;0;0;0;0;0;0;0;0;2535;0;0;0;0;0;0;
86;1058084;492707840;8183808;429334528;0;0;0;0;0;0;0;0;0;0;0;2735;0;0;0;0;0;0;
87;965701;492707840;8183808;429334528;0;0;0;0;0;0;0;0;0;0;0;2524;0;0;0;0;0;0;
88;875491;492707840;8183808;429334528;0;0;0;0;0;0;0;0;0;0;0;2474;0;0;0;0;0;0;
89;899677;492707840;8183808;429334528;0;0;0;0;0;0;0;0;0;0;0;2585;0;0;0;0;0;0;
90;896992;492978176;8183808;429334528;0;0;0;0;0;0;0;0;0;0;0;2615;0;0;0;0;0;0;
91;1527915;497172480;8183808;446111744;0;0;0;0;0;0;0;0;0;0;0;2505;0;0;0;0;0;0;
92;1623264;497172480;8183808;446111744;0;0;0;0;0;0;0;0;0;0;0;2194;0;0;0;0;0;0;
93;957075;497172480;8183808;446111744;0;0;0;0;0;0;0;0;0;0;0;2575;0;0;0;0;0;0;
94;909034;497172480;8183808;446111744;0;0;0;0;0;0;0;0;0;0;0;2525;0;0;0;0;0;0;
95;933580;497172480;8183808;446111744;0;0;0;0;0;0;0;0;0;0;0;2525;0;0;0;0;0;0;
96;921208;497172480;8183808;446111744;0;0;0;0;0;0;0;0;0;0;0;2585;0;0;0;0;0;0;
97;904025;497172480;8183808;446111744;0;0;0;0;0;0;0;0;0;0;0;2554;0;0;0;0;0;0;
98;930355;497172480;8183808;446111744;0;0;0;0;0;0;0;0;0;0;0;2405;0;0;0;0;0;0;
99;920185;497172480;8183808;446111744;0;0;0;0;0;0;0;0;0;0;0;2515;0;0;0;0;0;0;
100;907762;497442816;8183808;446111744;0;0;0;0;0;0;0;0;0;0;0;2475;0;0;0;0;0;0;
101;991279;497442816;8183808;446111744;0;0;0;0;0;0;0;0;0;0;0;2555;0;0;0;0;0;0;
102;905057;497442816;8183808;446111744;0;0;0;0;0;0;0;0;0;0;0;2184;0;0;0;0;0;0;
103;960832;497442816;8183808;446111744;0;0;0;0;0;0;0;0;0;0;0;2274;0;0;0;0;0;0;
104;891622;497442816;8183808;446111744;0;0;0;0;0;0;0;0;0;0;0;10640;0;0;0;0;0;0;
105;933020;497442816;8183808;446111744;0;0;0;0;0;0;0;0;0;0;0;2225;0;0;0;0;0;0;
106;960802;497442816;8183808;446111744;0;0;0;0;0;0;0;0;0;0;0;2214;0;0;0;0;0;0;
107;917831;497442816;8183808;446111744;0;0;0;0;0;0;0;0;0;0;0;2575;0;0;0;0;0;0;
108;998984;497713152;8183808;446111744;0;0;0;0;0;0;0;0;0;0;0;2584;0;0;0;0;0;0;
109;924223;497713152;8183808;446111744;0;0;0;0;0;0;0;0;0;0;0;2564;0;0;0;0;0;0;
110;922900;497713152;8183808;446111744;0;0;0;0;0;0;0;0;0;0;0;2495;0;0;0;0;0;0;
111;888326;497713152;8183808;446111744;0;0;0;0;0;0;0;0;0;0;0;2305;0;0;0;0;0;0;
112;991149;497713152;8183808;446111744;0;0;0;0;0;0;0;0;0;0;0;2564;0;0;0;0;0;0;
113;1282735;497713152;8183808;446111744;0;0;0;0;0;0;0;0;0;0;0;2394;0;0;0;0;0;0;
114;908444;497713152;8183808;446111744;0;0;0;0;0;0;0;0;0;0;0;2555;0;0;0;0;0;0;
115;949049;497983488;8183808;446111744;0;0;0;0;0;0;0;0;0;0;0;2525;0;0;0;0;0;0;
116;922440;497983488;8183808;446111744;0;0;0;0;0;0;0;0;0;0;0;2585;0;0;0;0;0;0;
117;873558;497983488;8183808;446111744;0;0;0;0;0;0;0;0;0;0;0;2555;0;0;0;0;0;0;
118;900308;497983488;8183808;446111744;0;0;0;0;0;0;0;0;0;0;0;2465;0;0;0;0;0;0;
119;980468;497983488;8183808;446111744;0;0;0;0;0;0;0;0;0;0;0;2635;0;0;0;0;0;0;
120;1160967;497983488;10932224;448860160;0;0;0;0;0;0;0;0;0;0;0;2474;0;0;0;0;0;0;
121;1344360;497983488;10932224;448860160;0;0;0;0;0;0;0;0;0;0;0;2435;0;0;0;0;0;0;
122;965440;497983488;10932224;448860160;0;0;0;0;0;0;0;0;0;0;0;2525;0;0;0;0;0;0;
123;944140;498253824;10932224;448860160;0;0;0;0;0;0;0;0;0;0;0;2545;0;0;0;0;0;0;
124;911529;498253824;10932224;448860160;0;0;0;0;0;0;0;0;0;0;0;2535;0;0;0;0;0;0;
125;944731;498253824;10932224;448860160;0;0;0;0;0;0;0;0;0;0;0;2575;0;0;0;0;0;0;
126;959318;498253824;10932224;448860160;0;0;0;0;0;0;0;0;0;0;0;2545;0;0;0;0;0;0;
127;1086027;498253824;10932224;448860160;0;0;0;0;0;0;0;0;0;0;0;2444;0;0;0;0;0;0;
128;984586;498253824;10932224;448860160;0;0;0;0;0;0;0;0;0;0;0;2214;0;0;0;0;0;0;
129;3036373;498253824;10932224;448860160;0;0;0;0;0;0;0;0;0;0;0;3887;0;0;0;0;27;0;
130;1066229;498253824;10932224;448860160;0;0;0;0;0;0;0;0;0;0;0;2645;0;0;0;0;27;0;
131;3115071;498253824;10932224;448860160;0;0;0;0;0;0;0;0;0;0;0;2675;0;0;0;0;27;0;
132;1109039;498253824;10932224;448860160;0;0;0;0;0;0;0;0;0;0;0;2865;0;0;0;0;27;0;
133;982012;498253824;10932224;448860160;0;0;0;0;0;0;0;0;0;0;0;3186;0;0;0;0;27;0;
134;1021606;498253824;10932224;448860160;0;0;0;0;0;0;0;0;0;0;0;2645;0;0;0;0;27;0;
135;1066610;498253824;10932224;448860160;0;0;0;0;0;0;0;0;0;0;0;3095;0;0;0;0;27;0;
136;1105332;498253824;10932224;448860160;0;0;0;0;0;0;0;0;0;0;0;2865;0;0;0;0;27;0;
137;2605856;498253824;10932224;448860160;0;0;0;0;0;0;0;0;0;0;0;2495;0;0;0;0;27;0;
138;1542042;502448128;10932224;465637376;0;0;0;0;0;0;0;0;0;0;0;2525;0;0;0;0;27;0;
139;913713;502448128;10932224;465637376;0;0;0;0;0;0;0;0;0;0;0;2395;0;0;0;0;27;0;
140;860383;502448128;10932224;465637376;0;0;0;0;0;0;0;0;0;0;0;2515;0;0;0;0;27;0;
141;960962;502448128;10932224;465637376;0;0;0;0;0;0;0;0;0;0;0;2254;0;0;0;0;27;0;
142;1013740;502448128;10932224;465637376;0;0;0;0;0;0;0;0;0;0;0;2464;0;0;0;0;27;0;
143;988734;502448128;10932224;465637376;0;0;0;0;0;0;0;0;0;0;0;2214;0;0;0;0;27;0;
144;1035201;502448128;10932224;465637376;0;0;0;0;0;0;0;0;0;0;0;2245;0;0;0;0;27;0;
145;1092559;502448128;10932224;465637376;0;0;0;0;0;0;0;0;0;0;0;2444;0;0;0;0;27;0;
146;794220;502448128;10932224;465637376;0;0;0;0;0;0;0;0;0;0;0;2315;0;0;0;0;27;0;
147;898094;502448128;10932224;465637376;0;0;0;0;0;0;0;0;0;0;0;2385;0;0;0;0;27;0;
148;923621;502448128;10932224;465637376;0;0;0;0;0;0;0;0;0;0;0;2304;0;0;0;0;27;0;
149;885150;502448128;10932224;465637376;0;0;0;0;0;0;0;0;0;0;0;2074;0;0;0;0;27;0;
150;840536;502448128;10932224;465637376;0;0;0;0;0;0;0;0;0;0;0;2384;0;0;0;0;27;0;
151;1753799;502448128;10932224;465637376;0;0;0;0;0;0;0;0;0;0;0;2395;0;0;0;0;27;0;
152;1148834;502702080;10932224;465637376;0;0;0;0;0;0;0;0;0;0;0;2585;0;0;0;0;27;0;
153;841658;502702080;10932224;465637376;0;0;0;0;0;0;0;0;0;0;0;2325;0;0;0;0;27;0;
154;890910;502702080;10932224;465637376;0;0;0;0;0;0;0;0;0;0;0;2174;0;0;0;0;27;0;
155;783188;502702080;10932224;465637376;0;0;0;0;0;0;0;0;0;0;0;2325;0;0;0;0;27;0;
156;918232;502702080;10932224;465637376;0;0;0;0;0;0;0;0;0;0;0;2284;0;0;0;0;27;0;
157;819747;502702080;10932224;465637376;0;0;0;0;0;0;0;0;0;0;0;2325;0;0;0;0;27;0;
158;887374;502702080;10932224;465637376;0;0;0;0;0;0;0;0;0;0;0;2275;0;0;0;0;27;0;
159;777327;502702080;10932224;465637376;0;0;0;0;0;0;0;0;0;0;0;2124;0;0;0;0;27;0;
160;905348;502702080;10932224;465637376;0;0;0;0;0;0;0;0;0;0;0;2154;0;0;0;0;27;0;
161;813485;502702080;10932224;465637376;0;0;0;0;0;0;0;0;0;0;0;2365;0;0;0;0;27;0;
162;821761;502702080;10932224;465637376;0;0;0;0;0;0;0;0;0;0;0;2344;0;0;0;0;27;0;
163;827621;502702080;10932224;465637376;0;0;0;0;0;0;0;0;0;0;0;2194;0;0;0;0;27;0;
164;882795;502702080;10932224;465637376;0;0;0;0;0;0;0;0;0;0;0;2314;0;0;0;0;27;0;
165;823284;502702080;10932224;465637376;0;0;0;0;0;0;0;0;0;0;0;2355;0;0;0;0;27;0;
166;921939;502702080;10932224;465637376;0;0;0;0;0;0;0;0;0;0;0;2385;0;0;0;0;27;0;
167;780774;502702080;10932224;465637376;0;0;0;0;0;0;0;0;0;0;0;2404;0;0;0;0;27;0;
168;869119;502702080;10932224;465637376;0;0;0;0;0;0;0;0;0;0;0;2465;0;0;0;0;27;0;
169;874199;502702080;10932224;465637376;0;0;0;0;0;0;0;0;0;0;0;2414;0;0;0;0;27;0;
170;837841;502702080;10932224;465637376;0;0;0;0;0;0;0;0;0;0;0;2424;0;0;0;0;27;0;
171;874920;502702080;10932224;465637376;0;0;0;0;0;0;0;0;0;0;0;2485;0;0;0;0;27;0;
172;847589;502702080;10932224;465637376;0;0;0;0;0;0;0;0;0;0;0;2445;0;0;0;0;27;0;
173;935855;502702080;10932224;465637376;0;0;0;0;0;0;0;0;0;0;0;2344;0;0;0;0;27;0;
174;826079;502702080;10932224;465637376;0;0;0;0;0;0;0;0;0;0;0;2324;0;0;0;0;27;0;
175;913623;502702080;10932224;465637376;0;0;0;0;0;0;0;0;0;0;0;2234;0;0;0;0;27;0;
176;835817;502702080;10932224;465637376;0;0;0;0;0;0;0;0;0;0;0;2435;0;0;0;0;27;0;
177;3734232;506949632;10932224;465637376;0;0;0;0;0;0;0;0;0;0;0;2535;0;0;1;0;27;0;
178;2226094;511143936;10932224;482414592;0;0;0;0;0;0;0;0;0;0;0;7985;0;0;1;0;27;0;
179;1459938;511143936;10932224;482414592;0;0;0;0;0;0;0;0;0;0;0;2905;0;0;1;0;27;0;
180;1170756;511143936;10932224;482414592;0;0;0;0;0;0;0;0;0;0;0;2284;0;0;1;0;27;0;
181;1883742;511143936;10932224;482414592;0;0;0;0;0;0;0;0;0;0;0;2535;0;0;1;0;27;0;
182;1121843;511520768;10932224;482414592;0;0;0;0;0;0;0;0;0;0;0;2645;0;0;1;0;27;0;
183;1320907;511520768;10932224;482414592;0;0;0;0;0;0;0;0;0;0;0;2604;0;0;1;0;27;0;
184;1148924;511520768;10932224;482414592;0;0;0;0;0;0;0;0;0;0;0;2174;0;0;1;0;27;0;
185;984826;511520768;10932224;482414592;0;0;0;0;0;0;0;0;0;0;0;2164;0;0;1;0;27;0;
186;1004994;511520768;10932224;482414592;0;0;0;0;0;0;0;0;0;0;0;2885;0;0;1;0;27;0;
187;1088381;511520768;10932224;482414592;0;0;0;0;0;0;0;0;0;0;0;2405;0;0;1;0;27;0;
188;3071680;515776512;10932224;482414592;0;0;0;0;0;0;0;0;0;0;0;2584;0;0;2;0;27;0;
189;2535084;515776512;10932224;482414592;0;0;0;0;0;0;0;0;0;0;0;2655;0;0;2;0;27;0;
190;2249628;515776512;10932224;482414592;0;0;0;0;0;0;0;0;0;0;0;2975;0;0;2;0;27;0;
191;1705548;516034560;10932224;482414592;0;0;0;0;0;0;0;0;0;0;0;3126;0;0;2;0;27;0;
192;1219356;516034560;10932224;482414592;0;0;0;0;0;0;0;0;0;0;0;2756;0;0;2;0;27;0;
193;1180413;516034560;10932224;482414592;0;0;0;0;0;0;0;0;0;0;0;3436;0;0;2;0;27;0;
194;1218364;516034560;10932224;482414592;0;0;0;0;0;0;0;0;0;0;0;2966;0;0;2;0;27;0;
195;2344577;516034560;10932224;482414592;0;0;0;0;0;0;0;0;0;0;0;2715;0;0;2;0;27;0;
196;1484414;516034560;10932224;482414592;0;0;0;0;0;0;0;0;0;0;0;3186;0;0;2;0;27;0;
197;3148183;522326016;10932224;499191808;0;0;0;0;0;0;0;0;0;0;0;3817;0;0;3;0;27;0;
198;1405496;522326016;10932224;499191808;0;0;0;0;0;0;0;0;0;0;0;3056;0;0;3;0;27;0;
199;1292172;522326016;10932224;499191808;0;0;0;0;0;0;0;0;0;0;0;2855;0;0;3;0;27;0;
200;2034445;522326016;10932224;499191808;0;0;0;0;0;0;0;0;0;0;0;2695;0;0;3;0;27;0;
201;1649613;522326016;10932224;499191808;0;0;0;0;0;0;0;0;0;0;0;2756;0;0;3;0;27;0;
202;1352786;522326016;10932224;499191808;0;0;0;0;0;0;0;0;0;0;0;2604;0;0;3;0;27;0;
203;1205029;522326016;10932224;499191808;0;0;0;0;0;0;0;0;0;0;0;2886;0;0;3;0;27;0;
204;1236329;522326016;10932224;499191808;0;0;0;0;0;0;0;0;0;0;0;2554;0;0;3;0;27;0;
205;1135729;522326016;10932224;499191808;0;0;0;0;0;0;0;0;0;0;0;2665;0;0;3;0;27;0;
206;1116213;522326016;10932224;499191808;0;0;0;0;0;0;0;0;0;0;0;2605;0;0;3;0;27;0;
207;1205430;522326016;10932224;499191808;0;0;0;0;0;0;0;0;0;0;0;2535;0;0;3;0;27;0;
208;3546280;526548992;10932224;499191808;0;0;0;0;0;0;0;0;0;0;0;2725;0;0;4;0;27;0;
209;1431323;526548992;10932224;499191808;0;0;0;0;0;0;0;0;0;0;0;2204;0;0;4;0;27;0;
210;1183690;526548992;10932224;499191808;0;0;0;0;0;0;0;0;0;0;0;2665;0;0;4;0;27;0;
211;1638472;526548992;10932224;499191808;0;0;0;0;0;0;0;0;0;0;0;2665;0;0;4;0;27;0;
212;2068669;526548992;10932224;499191808;0;0;0;0;0;0;0;0;0;0;0;2585;0;0;4;0;27;0;
213;1225378;526548992;10932224;499191808;0;0;0;0;0;0;0;0;0;0;0;2595;0;0;4;0;27;0;
214;1017087;526548992;10932224;499191808;0;0;0;0;0;0;0;0;0;0;0;2335;0;0;4;0;27;0;
215;1046211;526548992;10932224;499191808;0;0;0;0;0;0;0;0;0;0;0;2565;0;0;4;0;27;0;
216;1147631;526548992;10932224;499191808;0;0;0;0;0;0;0;0;0;0;0;2695;0;0;4;0;27;0;
217;1075136;526548992;10932224;499191808;0;0;0;0;0;0;0;0;0;0;0;2745;0;0;4;0;27;0;
218;1121924;526548992;10932224;499191808;0;0;0;0;0;0;0;0;0;0;0;2215;0;0;4;0;27;0;
219;1223353;526548992;10932224;499191808;0;0;0;0;0;0;0;0;0;0;0;2595;0;0;4;0;27;0;
220;3124859;532840448;10932224;515969024;0;0;0;0;0;0;0;0;0;0;0;3517;0;0;5;0;27;0;
221;1160496;532840448;10932224;515969024;0;0;0;0;0;0;0;0;0;0;0;2595;0;0;5;0;27;0;
222;1420664;532840448;10932224;515969024;0;0;0;0;0;0;0;0;0;0;0;2605;0;0;5;0;27;0;
223;1180093;532840448;10932224;515969024;0;0;0;0;0;0;0;0;0;0;0;2505;0;0;5;0;27;0;
224;1384536;532840448;10932224;515969024;0;0;0;0;0;0;0;0;0;0;0;2444;0;0;5;0;27;0;
225;4364785;532840448;10932224;515969024;0;0;0;0;0;0;0;0;0;0;0;5680;0;0;5;0;28;0;
226;4542437;532840448;10932224;515969024;0;0;0;0;0;0;0;0;0;0;0;4308;0;0;5;0;28;0;
227;3760922;535662592;10932224;515969024;0;0;0;0;0;0;0;0;0;0;0;3035;0;0;6;0;28;0;
228;1280300;535662592;10932224;515969024;0;0;0;0;0;0;0;0;0;0;0;2695;0;0;6;0;28;0;
229;1781059;535662592;10932224;515969024;0;0;0;0;0;0;0;0;0;0;0;2474;0;0;6;0;28;0;
230;3004664;535662592;10932224;515969024;0;0;0;0;0;0;0;0;0;0;0;3095;0;0;6;0;28;0;
231;2277851;535928832;10932224;515969024;0;0;0;0;0;0;0;0;0;0;0;3026;0;0;6;0;28;0;
232;1713423;535928832;10932224;515969024;0;0;0;0;0;0;0;0;0;0;0;2935;0;0;6;0;28;0;
233;3168070;535928832;10932224;515969024;0;0;0;0;0;0;0;0;0;0;0;3677;0;0;6;0;28;0;
234;3685270;540180480;10932224;515969024;0;0;0;0;0;0;0;0;0;0;0;3367;0;0;7;0;28;0;
235;1345713;540180480;10932224;515969024;0;0;0;0;0;0;0;0;0;0;0;2625;0;0;7;0;28;0;
236;1272036;540180480;10932224;515969024;0;0;0;0;0;0;0;0;0;0;0;2494;0;0;7;0;28;0;
237;1388644;540180480;10932224;515969024;0;0;0;0;0;0;0;0;0;0;0;2886;0;0;7;0;28;0;
238;2189806;540180480;10932224;515969024;0;0;0;0;0;0;0;0;0;0;0;2896;0;0;7;0;28;0;
239;1534197;540180480;10932224;515969024;0;0;0;0;0;0;0;0;0;0;0;3306;0;0;7;0;28;0;
240;1584330;540180480;10932224;515969024;0;0;0;0;0;0;0;0;0;0;0;2615;0;0;7;0;28;0;
241;1216260;540180480;10932224;515969024;0;0;0;0;0;0;0;0;0;0;0;2545;0;0;7;0;28;0;
242;1284288;540180480;10932224;515969024;0;0;0;0;0;0;0;0;0;0;0;2786;0;0;7;0;28;0;
243;1611892;540180480;10932224;515969024;0;0;0;0;0;0;0;0;0;0;0;4568;0;0;7;0;30;0;
244;1596734;540180480;10932224;515969024;0;0;0;0;0;0;0;0;0;0;0;2645;0;0;7;0;30;0;
245;1309295;540180480;10932224;515969024;0;0;0;0;0;0;0;0;0;0;0;2956;0;0;7;0;30;0;
246;1323432;540180480;10932224;515969024;0;0;0;0;0;0;0;0;0;0;0;2455;0;0;7;0;30;0;
247;1365941;540180480;10932224;515969024;0;0;0;0;0;0;0;0;0;0;0;2905;0;0;7;0;30;0;
248;1380058;540180480;10932224;515969024;0;0;0;0;0;0;0;0;0;0;0;2685;0;0;7;0;30;0;
249;1432727;540180480;10932224;515969024;0;0;0;0;0;0;0;0;0;0;0;2434;0;0;7;0;30;0;
250;1236428;540180480;10932224;515969024;0;0;0;0;0;0;0;0;0;0;0;2434;0;0;7;0;30;0;
251;1321988;540180480;10932224;515969024;0;0;0;0;0;0;0;0;0;0;0;2394;0;0;7;0;30;0;
252;1463334;540180480;10932224;515969024;0;0;0;0;0;0;0;0;0;0;0;2866;0;0;7;0;30;0;
253;1556829;540180480;10932224;515969024;0;0;0;0;0;0;0;0;0;0;0;2484;0;0;7;0;30;0;
254;1173350;540180480;10932224;515969024;0;0;0;0;0;0;0;0;0;0;0;2615;0;0;7;0;30;0;
255;2930876;546471936;10932224;532746240;0;0;0;0;0;0;0;0;0;0;0;3176;0;0;8;0;30;0;
256;1584641;546471936;10932224;532746240;0;0;0;0;0;0;0;0;0;0;0;2665;0;0;8;0;30;0;
257;1374828;546471936;10932224;532746240;0;0;0;0;0;0;0;0;0;0;0;2966;0;0;8;0;30;0;
258;1526633;546471936;10932224;532746240;0;0;0;0;0;0;0;0;0;0;0;2966;0;0;8;0;30;0;
259;1817368;546471936;10932224;532746240;0;0;0;0;0;0;0;0;0;0;0;3005;0;0;8;0;30;0;
260;1471228;546471936;10932224;532746240;0;0;0;0;0;0;0;0;0;0;0;2494;0;0;8;0;30;0;
261;1228273;546471936;10932224;532746240;0;0;0;0;0;0;0;0;0;0;0;2474;0;0;8;0;30;0;
262;1287243;546471936;10932224;532746240;0;0;0;0;0;0;0;0;0;0;0;2875;0;0;8;0;30;0;
263;1362154;546471936;10932224;532746240;0;0;0;0;0;0;0;0;0;0;0;2685;0;0;8;0;30;0;
264;1355702;546471936;10932224;532746240;0;0;0;0;0;0;0;0;0;0;0;2946;0;0;8;0;30;0;
265;1270903;546471936;10932224;532746240;0;0;0;0;0;0;0;0;0;0;0;2895;0;0;8;0;30;0;
266;3332419;550703104;10932224;532746240;0;0;0;0;0;0;0;0;0;0;0;2926;0;0;9;0;30;0;
267;1502657;550703104;10932224;532746240;0;0;0;0;0;0;0;0;0;0;0;2525;0;0;9;0;30;0;
268;1335023;550703104;10932224;532746240;0;0;0;0;0;0;0;0;0;0;0;2826;0;0;9;0;30;0;
269;1293385;550703104;10932224;532746240;0;0;0;0;0;0;0;0;0;0;0;2865;0;0;9;0;30;0;
270;1305207;550703104;10932224;532746240;0;0;0;0;0;0;0;0;0;0;0;2936;0;0;9;0;30;0;
271;2219742;550703104;10932224;532746240;0;0;0;0;0;0;0;0;0;0;0;2815;0;0;9;0;30;0;
272;1285651;550703104;10932224;532746240;0;0;0;0;0;0;0;0;0;0;0;2865;0;0;9;0;30;0;
273;1283787;550703104;10932224;532746240;0;0;0;0;0;0;0;0;0;0;0;2234;0;0;9;0;30;0;
274;1295008;550703104;10932224;532746240;0;0;0;0;0;0;0;0;0;0;0;2625;0;0;9;0;30;0;
275;1192145;550703104;10932224;532746240;0;0;0;0;0;0;0;0;0;0;0;2775;0;0;9;0;30;0;
276;2188273;550703104;10932224;532746240;0;0;0;0;0;0;0;0;0;0;0;3246;0;0;9;0;30;0;
277;1503580;550703104;10932224;532746240;0;0;0;0;0;0;0;0;0;0;0;2645;0;0;9;0;30;0;
278;1453004;550703104;10932224;532746240;0;0;0;0;0;0;0;0;0;0;0;2565;0;0;9;0;30;0;
279;1606032;550703104;10932224;532746240;0;0;0;0;0;0;0;0;0;0;0;2936;0;0;9;0;30;0;
280;1345322;550703104;10932224;532746240;0;0;0;0;0;0;0;0;0;0;0;2796;0;0;9;0;30;0;
281;1182978;550703104;10932224;532746240;0;0;0;0;0;0;0;0;0;0;0;2525;0;0;9;0;30;0;
282;1166979;550703104;10932224;532746240;0;0;0;0;0;0;0;0;0;0;0;2695;0;0;9;0;30;0;
283;1190443;550703104;10932224;532746240;0;0;0;0;0;0;0;0;0;0;0;2485;0;0;9;0;30;0;
284;1183749;550703104;10932224;532746240;0;0;0;0;0;0;0;0;0;0;0;2465;0;0;9;0;30;0;
285;1393974;550703104;10932224;532746240;0;0;0;0;0;0;0;0;0;0;0;2514;0;0;9;0;30;0;
286;1249203;550703104;10932224;532746240;0;0;0;0;0;0;0;0;0;0;0;2545;0;0;9;0;30;0;
287;15658751;550703104;10932224;532746240;0;0;0;0;0;0;0;0;0;0;0;3096;0;0;9;0;30;0;
288;1672696;550703104;10932224;532746240;0;0;0;0;0;0;0;0;0;0;0;2745;0;0;9;0;30;0;
289;3771983;554954752;10932224;532746240;0;0;0;0;0;0;0;0;0;0;0;2856;0;0;10;0;30;0;
290;1684849;554954752;10932224;532746240;0;0;0;0;0;0;0;0;0;0;0;2655;0;0;10;0;30;0;
291;1831494;554954752;10932224;532746240;0;0;0;0;0;0;0;0;0;0;0;2735;0;0;10;0;30;0;
292;1465538;554954752;10932224;532746240;0;0;0;0;0;0;0;0;0;0;0;2935;0;0;10;0;30;0;
293;1404734;554954752;10932224;532746240;0;0;0;0;0;0;0;0;0;0;0;2404;0;0;10;0;30;0;
294;1419020;554954752;10932224;532746240;0;0;0;0;0;0;0;0;0;0;0;2856;0;0;10;0;30;0;
295;1459516;554954752;10932224;532746240;0;0;0;0;0;0;0;0;0;0;0;2885;0;0;10;0;30;0;
296;1574091;554954752;10932224;532746240;0;0;0;0;0;0;0;0;0;0;0;2625;0;0;10;0;30;0;
297;1807128;554954752;10932224;532746240;0;0;0;0;0;0;0;0;0;0;0;2525;0;0;10;0;30;0;
298;1565345;554954752;10932224;532746240;0;0;0;0;0;0;0;0;0;0;0;2424;0;0;10;0;30;0;
299;1610039;554954752;10932224;532746240;0;0;0;0;0;0;0;0;0;0;0;2505;0;0;10;0;30;0;
300;1470347;554954752;10932224;532746240;0;0;0;0;0;0;0;0;0;0;0;3016;0;0;10;0;30;0;
301;1338490;554954752;10932224;532746240;0;0;0;0;0;0;0;0;0;0;0;2635;0;0;10;0;30;0;
302;1513838;554954752;10932224;532746240;0;0;0;0;0;0;0;0;0;0;0;2915;0;0;10;0;30;0;
303;1545959;554954752;10932224;532746240;0;0;0;0;0;0;0;0;0;0;0;2705;0;0;10;0;30;0;
304;2576271;554954752;10932224;532746240;0;0;0;0;0;0;0;0;0;0;0;2594;0;0;10;0;30;0;
305;1729092;554954752;10932224;532746240;0;0;0;0;0;0;0;0;0;0;0;2645;0;0;10;0;30;0;
306;1500112;554954752;10932224;532746240;0;0;0;0;0;0;0;0;0;0;0;2705;0;0;10;0;30;0;
307;1405235;554954752;10932224;532746240;0;0;0;0;0;0;0;0;0;0;0;2224;0;0;10;0;30;0;
308;1305148;554954752;10932224;532746240;0;0;0;0;0;0;0;0;0;0;0;2825;0;0;10;0;30;0;
309;1458174;554954752;10932224;532746240;0;0;0;0;0;0;0;0;0;0;0;2815;0;0;10;0;30;0;
310;1306940;554954752;10932224;532746240;0;0;0;0;0;0;0;0;0;0;0;2675;0;0;10;0;30;0;
311;1317931;554954752;10932224;532746240;0;0;0;0;0;0;0;0;0;0;0;2946;0;0;10;0;30;0;
312;1323872;554954752;10932224;532746240;0;0;0;0;0;0;0;0;0;0;0;2185;0;0;10;0;30;0;
313;1405265;554954752;10932224;532746240;0;0;0;0;0;0;0;0;0;0;0;2675;0;0;10;0;30;0;
314;1727890;554954752;10932224;532746240;0;0;0;0;0;0;0;0;0;0;0;2695;0;0;10;0;30;0;
315;1194370;554954752;10932224;532746240;0;0;0;0;0;0;0;0;0;0;0;2705;0;0;10;0;30;0;
316;1426224;554954752;10932224;532746240;0;0;0;0;0;0;0;0;0;0;0;3206;0;0;10;0;30;0;
317;1414242;554954752;10932224;532746240;0;0;0;0;0;0;0;0;0;0;0;2124;0;0;10;0;30;0;
318;1425964;554954752;10932224;532746240;0;0;0;0;0;0;0;0;0;0;0;2915;0;0;10;0;30;0;
319;1393904;554954752;10932224;532746240;0;0;0;0;0;0;0;0;0;0;0;2514;0;0;10;0;30;0;
320;1461019;554954752;10932224;532746240;0;0;0;0;0;0;0;0;0;0;0;2855;0;0;10;0;30;0;
321;1368927;554954752;10932224;532746240;0;0;0;0;0;0;0;0;0;0;0;2415;0;0;10;0;30;0;
322;1294497;554954752;10932224;532746240;0;0;0;0;0;0;0;0;0;0;0;2855;0;0;10;0;30;0;
323;1375068;554954752;10932224;532746240;0;0;0;0;0;0;0;0;0;0;0;2986;0;0;10;0;30;0;
324;1457884;554954752;10932224;532746240;0;0;0;0;0;0;0;0;0;0;0;2435;0;0;10;0;30;0;
325;1283667;554954752;10932224;532746240;0;0;0;0;0;0;0;0;0;0;0;2936;0;0;10;0;30;0;
326;1266915;554954752;10932224;532746240;0;0;0;0;0;0;0;0;0;0;0;2515;0;0;10;0;30;0;
327;1494262;554954752;10932224;532746240;0;0;0;0;0;0;0;0;0;0;0;2445;0;0;10;0;30;0;
328;1283798;554954752;10932224;532746240;0;0;0;0;0;0;0;0;0;0;0;2625;0;0;10;0;30;0;
329;1498660;554954752;10932224;532746240;0;0;0;0;0;0;0;0;0;0;0;2434;0;0;10;0;30;0;
330;1312161;554954752;10932224;532746240;0;0;0;0;0;0;0;0;0;0;0;2585;0;0;10;0;30;0;
331;1534938;554954752;10932224;532746240;0;0;0;0;0;0;0;0;0;0;0;2715;0;0;10;0;30;0;
332;1468844;554954752;10932224;532746240;0;0;0;0;0;0;0;0;0;0;0;2635;0;0;10;0;30;0;
333;1563642;555225088;10932224;532746240;0;0;0;0;0;0;0;0;0;0;0;2846;0;0;10;0;30;0;
334;2936196;555225088;10932224;532746240;0;0;0;0;0;0;0;0;0;0;0;2625;0;0;10;0;30;0;
335;1345733;555225088;10932224;532746240;0;0;0;0;0;0;0;0;0;0;0;2715;0;0;10;0;30;0;
336;1289788;555225088;10932224;532746240;0;0;0;0;0;0;0;0;0;0;0;2705;0;0;10;0;30;0;
337;1590132;555225088;10932224;532746240;0;0;0;0;0;0;0;0;0;0;0;2595;0;0;10;0;30;0;
338;1346305;555225088;10932224;532746240;0;0;0;0;0;0;0;0;0;0;0;2595;0;0;10;0;30;0;
339;1305107;555225088;10932224;532746240;0;0;0;0;0;0;0;0;0;0;0;2775;0;0;10;0;30;0;
340;1423248;555225088;10932224;532746240;0;0;0;0;0;0;0;0;0;0;0;2495;0;0;10;0;30;0;
341;1239665;555225088;10932224;532746240;0;0;0;0;0;0;0;0;0;0;0;2676;0;0;10;0;30;0;
342;1436463;555225088;10932224;532746240;0;0;0;0;0;0;0;0;0;0;0;2434;0;0;10;0;30;0;
343;1369017;555225088;10932224;532746240;0;0;0;0;0;0;0;0;0;0;0;2755;0;0;10;0;30;0;
344;1444939;555225088;10932224;532746240;0;0;0;0;0;0;0;0;0;0;0;2675;0;0;10;0;30;0;
345;1646187;555225088;10932224;532746240;0;0;0;0;0;0;0;0;0;0;0;2725;0;0;10;0;30;0;
346;1511925;555225088;10932224;532746240;0;0;0;0;0;0;0;0;0;0;0;3096;0;0;10;0;30;0;
347;1541029;555225088;10932224;532746240;0;0;0;0;0;0;0;0;0;0;0;2325;0;0;10;0;30;0;
348;1356673;555225088;10932224;532746240;0;0;0;0;0;0;0;0;0;0;0;2936;0;0;10;0;30;0;
349;1395717;555225088;10932224;532746240;0;0;0;0;0;0;0;0;0;0;0;2895;0;0;10;0;30;0;
350;1390156;555225088;10932224;532746240;0;0;0;0;0;0;0;0;0;0;0;2745;0;0;10;0;30;0;
351;1254162;555225088;10932224;532746240;0;0;0;0;0;0;0;0;0;0;0;2715;0;0;10;0;30;0;
352;1324333;555225088;10932224;532746240;0;0;0;0;0;0;0;0;0;0;0;2525;0;0;10;0;30;0;
353;1298304;555225088;10932224;532746240;0;0;0;0;0;0;0;0;0;0;0;2565;0;0;10;0;30;0;
354;1565486;555225088;10932224;532746240;0;0;0;0;0;0;0;0;0;0;0;2404;0;0;10;0;30;0;
355;1348228;555225088;10932224;532746240;0;0;0;0;0;0;0;0;0;0;0;2544;0;0;10;0;30;0;
356;1254492;555225088;10932224;532746240;0;0;0;0;0;0;0;0;0;0;0;2595;0;0;10;0;30;0;
357;1220078;555225088;10932224;532746240;0;0;0;0;0;0;0;0;0;0;0;2965;0;0;10;0;30;0;
358;1427256;555225088;10932224;532746240;0;0;0;0;0;0;0;0;0;0;0;2785;0;0;10;0;30;0;
359;1605490;555225088;10932224;532746240;0;0;0;0;0;0;0;0;0;0;0;2345;0;0;10;0;30;0;
360;1814091;555225088;10932224;532746240;0;0;0;0;0;0;0;0;0;0;0;2565;0;0;10;0;30;0;
361;1845400;555225088;10932224;532746240;0;0;0;0;0;0;0;0;0;0;0;2825;0;0;10;0;30;0;
362;3144276;555470848;10821632;532635648;0;0;0;0;0;0;0;0;0;0;0;2525;0;0;10;0;30;0;
363;1423810;555470848;10821632;532635648;0;0;0;0;0;0;0;0;0;0;0;2565;0;0;10;0;30;0;
364;1776711;555470848;10821632;532635648;0;0;0;0;0;0;0;0;0;0;0;2525;0;0;10;0;30;0;
365;1476018;555470848;10821632;532635648;0;0;0;0;0;0;0;0;0;0;0;2404;0;0;10;0;30;0;
366;1794344;555470848;10821632;532635648;0;0;0;0;0;0;0;0;0;0;0;2254;0;0;10;0;30;0;
367;1878432;555470848;10821632;532635648;0;0;0;0;0;0;0;0;0;0;0;3146;0;0;10;0;30;0;
368;2175890;555470848;10821632;532635648;0;0;0;0;0;0;0;0;0;0;0;2465;0;0;10;0;30;0;
369;2574137;555470848;10821632;532635648;0;0;0;0;0;0;0;0;0;0;0;3146;0;0;10;0;30;0;
370;2063669;555470848;10821632;532635648;0;0;0;0;0;0;0;0;0;0;0;2375;0;0;10;0;30;0;
371;1507126;555470848;10821632;532635648;0;0;0;0;0;0;0;0;0;0;0;2475;0;0;10;0;30;0;
372;2143068;555470848;10821632;532635648;0;0;0;0;0;0;0;0;0;0;0;2475;0;0;10;0;30;0;
373;1916344;555470848;10821632;532635648;0;0;0;0;0;0;0;0;0;0;0;2394;0;0;10;0;30;0;
374;1638432;555470848;10821632;532635648;0;0;0;0;0;0;0;0;0;0;0;2755;0;0;10;0;30;0;
375;1722069;555470848;10821632;532635648;0;0;0;0;0;0;0;0;0;0;0;2575;0;0;10;0;30;0;
376;1713583;555470848;10821632;532635648;0;0;0;0;0;0;0;0;0;0;0;2475;0;0;10;0;30;0;
377;1719574;555470848;10821632;532635648;0;0;0;0;0;0;0;0;0;0;0;2394;0;0;10;0;30;0;
378;1579452;555470848;10821632;532635648;0;0;0;0;0;0;0;0;0;0;0;2515;0;0;10;0;30;0;
379;1743649;555470848;10821632;532635648;0;0;0;0;0;0;0;0;0;0;0;2444;0;0;10;0;30;0;
380;1882250;555470848;10821632;532635648;0;0;0;0;0;0;0;0;0;0;0;2625;0;0;10;0;30;0;
381;1546240;555470848;10821632;532635648;0;0;0;0;0;0;0;0;0;0;0;2555;0;0;10;0;30;0;
382;2087484;555470848;10821632;532635648;0;0;0;0;0;0;0;0;0;0;0;2495;0;0;10;0;30;0;
383;1443296;555470848;10821632;532635648;0;0;0;0;0;0;0;0;0;0;0;2595;0;0;10;0;30;0;
384;1894863;555470848;10821632;532635648;0;0;0;0;0;0;0;0;0;0;0;2805;0;0;10;0;30;0;
385;1415604;555470848;10821632;532635648;0;0;0;0;0;0;0;0;0;0;0;2495;0;0;10;0;30;0;
386;1521142;555470848;10821632;532635648;0;0;0;0;0;0;0;0;0;0;0;2394;0;0;10;0;30;0;
387;1368306;555470848;10821632;532635648;0;0;0;0;0;0;0;0;0;0;0;2614;0;0;10;0;30;0;
388;4574818;555470848;10821632;532635648;0;0;0;0;0;0;0;0;0;0;0;2735;0;0;10;0;30;0;
389;4277861;555446272;10534912;532348928;0;0;0;0;0;0;0;0;0;0;0;2535;0;0;10;0;30;0;
390;1380790;555446272;10534912;532348928;0;0;0;0;0;0;0;0;0;0;0;2375;0;0;10;0;30;0;
391;1381680;555446272;10534912;532348928;0;0;0;0;0;0;0;0;0;0;0;2415;0;0;10;0;30;0;
392;1413430;555446272;10534912;532348928;0;0;0;0;0;0;0;0;0;0;0;2385;0;0;10;0;30;0;
393;1468233;555446272;10534912;532348928;0;0;0;0;0;0;0;0;0;0;0;2455;0;0;10;0;30;0;
394;1561818;555446272;10534912;532348928;0;0;0;0;0;0;0;0;0;0;0;2414;0;0;10;0;30;0;
395;1402189;555446272;10534912;532348928;0;0;0;0;0;0;0;0;0;0;0;2404;0;0;10;0;30;0;
396;1273918;555446272;10534912;532348928;0;0;0;0;0;0;0;0;0;0;0;2484;0;0;10;0;30;0;
397;1365310;555446272;10534912;532348928;0;0;0;0;0;0;0;0;0;0;0;2504;0;0;10;0;30;0;
398;1413760;555446272;10534912;532348928;0;0;0;0;0;0;0;0;0;0;0;2524;0;0;10;0;30;0;
399;2044524;555446272;10534912;532348928;0;0;0;0;0;0;0;0;0;0;0;11532;0;0;10;0;30;0;
400;1977357;555446272;10534912;532348928;0;0;0;0;0;0;0;0;0;0;0;2665;0;0;10;0;30;0;
401;1343810;555446272;10534912;532348928;0;0;0;0;0;0;0;0;0;0;0;2695;0;0;10;0;30;0;
402;1379086;555446272;10534912;532348928;0;0;0;0;0;0;0;0;0;0;0;2434;0;0;10;0;30;0;
403;1411987;555446272;10534912;532348928;0;0;0;0;0;0;0;0;0;0;0;2686;0;0;10;0;30;0;
404;1445510;555446272;10534912;532348928;0;0;0;0;0;0;0;0;0;0;0;2665;0;0;10;0;30;0;
405;1440671;555712512;10534912;532348928;0;0;0;0;0;0;0;0;0;0;0;2565;0;0;10;0;30;0;
406;1379086;555712512;10534912;532348928;0;0;0;0;0;0;0;0;0;0;0;2685;0;0;10;0;30;0;
407;1440742;555712512;10534912;532348928;0;0;0;0;0;0;0;0;0;0;0;2395;0;0;10;0;30;0;
408;1443316;555712512;10534912;532348928;0;0;0;0;0;0;0;0;0;0;0;2655;0;0;10;0;30;0;
409;1600020;555982848;10534912;532348928;0;0;0;0;0;0;0;0;0;0;0;2565;0;0;10;0;30;0;
410;1399023;555982848;10534912;532348928;0;0;0;0;0;0;0;0;0;0;0;2605;0;0;10;0;30;0;
411;1382873;555982848;10534912;532348928;0;0;0;0;0;0;0;0;0;0;0;3066;0;0;10;0;30;0;
412;1444619;556253184;10534912;532348928;0;0;0;0;0;0;0;0;0;0;0;2495;0;0;10;0;30;0;
413;2110077;556285952;10489856;532303872;0;0;0;0;0;0;0;0;0;0;0;2094;0;0;10;0;30;0;
414;1268087;556285952;10489856;532303872;0;0;0;0;0;0;0;0;0;0;0;2235;0;0;10;0;30;0;
415;1336396;556285952;10489856;532303872;0;0;0;0;0;0;0;0;0;0;0;2645;0;0;10;0;30;0;
416;1267427;556285952;10489856;532303872;0;0;0;0;0;0;0;0;0;0;0;2705;0;0;10;0;30;0;
417;1806086;556285952;10489856;532303872;0;0;0;0;0;0;0;0;0;0;0;2394;0;0;10;0;30;0;
418;1437565;556285952;10489856;532303872;0;0;0;0;0;0;0;0;0;0;0;2485;0;0;10;0;30;0;
419;1499882;556285952;10489856;532303872;0;0;0;0;0;0;0;0;0;0;0;2465;0;0;10;0;30;0;
420;1269721;556285952;10489856;532303872;0;0;0;0;0;0;0;0;0;0;0;2385;0;0;10;0;30;0;
421;1267267;556285952;10489856;532303872;0;0;0;0;0;0;0;0;0;0;0;2424;0;0;10;0;30;0;
422;1447625;556285952;10489856;532303872;0;0;0;0;0;0;0;0;0;0;0;2535;0;0;10;0;30;0;
423;1884944;556285952;10489856;532303872;0;0;0;0;0;0;0;0;0;0;0;2475;0;0;10;0;30;0;
424;1446683;556285952;10489856;532303872;0;0;0;0;0;0;0;0;0;0;0;2595;0;0;10;0;30;0;
425;1521863;556285952;10489856;532303872;0;0;0;0;0;0;0;0;0;0;0;2815;0;0;10;0;30;0;
426;1599929;556285952;10489856;532303872;0;0;0;0;0;0;0;0;0;0;0;2675;0;0;10;0;30;0;
427;1252058;556285952;10489856;532303872;0;0;0;0;0;0;0;0;0;0;0;2425;0;0;10;0;30;0;
428;1287784;556285952;10489856;532303872;0;0;0;0;0;0;0;0;0;0;0;2875;0;0;10;0;30;0;
429;1666605;556285952;10489856;532303872;0;0;0;0;0;0;0;0;0;0;0;2585;0;0;10;0;30;0;
430;1373916;556285952;10489856;532303872;0;0;0;0;0;0;0;0;0;0;0;2634;0;0;10;0;30;0;
431;1383594;556285952;10489856;532303872;0;0;0;0;0;0;0;0;0;0;0;2585;0;0;10;0;30;0;
432;1446863;556285952;10489856;532303872;0;0;0;0;0;0;0;0;0;0;0;2464;0;0;10;0;30;0;
433;1691632;556285952;10489856;532303872;0;0;0;0;0;0;0;0;0;0;0;2475;0;0;10;0;30;0;
434;1334883;556285952;10489856;532303872;0;0;0;0;0;0;0;0;0;0;0;2875;0;0;10;0;30;0;
435;1335905;556285952;10489856;532303872;0;0;0;0;0;0;0;0;0;0;0;3005;0;0;10;0;30;0;
436;2221396;556417024;10412032;532226048;0;0;0;0;0;0;0;0;0;0;0;2324;0;0;10;0;30;0;
437;1541040;556417024;10412032;532226048;0;0;0;0;0;0;0;0;0;0;0;2675;0;0;10;0;30;0;
438;1925160;556417024;10412032;532226048;0;0;0;0;0;0;0;0;0;0;0;2544;0;0;10;0;30;0;
439;1385719;556417024;10412032;532226048;0;0;0;0;0;0;0;0;0;0;0;2615;0;0;10;0;30;0;
440;1355151;556417024;10412032;532226048;0;0;0;0;0;0;0;0;0;0;0;2434;0;0;10;0;30;0;
441;1367203;556417024;10412032;532226048;0;0;0;0;0;0;0;0;0;0;0;2796;0;0;10;0;30;0;
442;1405325;556417024;10412032;532226048;0;0;0;0;0;0;0;0;0;0;0;2846;0;0;10;0;30;0;
443;1387672;556417024;10412032;532226048;0;0;0;0;0;0;0;0;0;0;0;2775;0;0;10;0;30;0;
444;1510662;556417024;10412032;532226048;0;0;0;0;0;0;0;0;0;0;0;3116;0;0;10;0;30;0;
445;1536280;556417024;10412032;532226048;0;0;0;0;0;0;0;0;0;0;0;3346;0;0;10;0;30;0;
446;1438758;556417024;10412032;532226048;0;0;0;0;0;0;0;0;0;0;0;2565;0;0;10;0;30;0;
447;1270873;556417024;10412032;532226048;0;0;0;0;0;0;0;0;0;0;0;2404;0;0;10;0;30;0;
448;1551899;556417024;10412032;532226048;0;0;0;0;0;0;0;0;0;0;0;2425;0;0;10;0;30;0;
449;1349219;556417024;10412032;532226048;0;0;0;0;0;0;0;0;0;0;0;2505;0;0;10;0;30;0;
450;1324694;556417024;10412032;532226048;0;0;0;0;0;0;0;0;0;0;0;2825;0;0;10;0;30;0;
451;1269721;556417024;10412032;532226048;0;0;0;0;0;0;0;0;0;0;0;2755;0;0;10;0;30;0;
452;1256706;556417024;10412032;532226048;0;0;0;0;0;0;0;0;0;0;0;2685;0;0;10;0;30;0;
453;1346855;556417024;10412032;532226048;0;0;0;0;0;0;0;0;0;0;0;2805;0;0;10;0;30;0;
454;1361012;556417024;10412032;532226048;0;0;0;0;0;0;0;0;0;0;0;2865;0;0;10;0;30;0;
455;1396940;556417024;10412032;532226048;0;0;0;0;0;0;0;0;0;0;0;2524;0;0;10;0;30;0;
456;1377784;556417024;10412032;532226048;0;0;0;0;0;0;0;0;0;0;0;2835;0;0;10;0;30;0;
457;1463865;556417024;10412032;532226048;0;0;0;0;0;0;0;0;0;0;0;2885;0;0;10;0;30;0;
458;2578625;556380160;10362880;532176896;0;0;0;0;0;0;0;0;0;0;0;2785;0;0;10;0;30;0;
459;1859667;556380160;10362880;532176896;0;0;0;0;0;0;0;0;0;0;0;2434;0;0;10;0;30;0;
460;1394815;556380160;10362880;532176896;0;0;0;0;0;0;0;0;0;0;0;2524;0;0;10;0;30;0;
461;1419551;556380160;10362880;532176896;0;0;0;0;0;0;0;0;0;0;0;2565;0;0;10;0;30;0;
462;1428920;556380160;10362880;532176896;0;0;0;0;0;0;0;0;0;0;0;2735;0;0;10;0;30;0;
463;1407600;556380160;10362880;532176896;0;0;0;0;0;0;0;0;0;0;0;2915;0;0;10;0;30;0;
464;1370019;556380160;10362880;532176896;0;0;0;0;0;0;0;0;0;0;0;2885;0;0;10;0;30;0;
465;1447054;556380160;10362880;532176896;0;0;0;0;0;0;0;0;0;0;0;2866;0;0;10;0;30;0;
466;1328942;556380160;10362880;532176896;0;0;0;0;0;0;0;0;0;0;0;2384;0;0;10;0;30;0;
467;1399925;556380160;10362880;532176896;0;0;0;0;0;0;0;0;0;0;0;2865;0;0;10;0;30;0;
468;2093515;556380160;10362880;532176896;0;0;0;0;0;0;0;0;0;0;0;3005;0;0;10;0;30;0;
469;1502046;556380160;10362880;532176896;0;0;0;0;0;0;0;0;0;0;0;2715;0;0;10;0;30;0;
470;1252899;556380160;10362880;532176896;0;0;0;0;0;0;0;0;0;0;0;2855;0;0;10;0;30;0;
471;1308834;556380160;10362880;532176896;0;0;0;0;0;0;0;0;0;0;0;2835;0;0;10;0;30;0;
472;1468444;556380160;10362880;532176896;0;0;0;0;0;0;0;0;0;0;0;2585;0;0;10;0;30;0;
473;1371111;556380160;10362880;532176896;0;0;0;0;0;0;0;0;0;0;0;2595;0;0;10;0;30;0;
474;1230296;556380160;10362880;532176896;0;0;0;0;0;0;0;0;0;0;0;2766;0;0;10;0;30;0;
475;1466340;556380160;10362880;532176896;0;0;0;0;0;0;0;0;0;0;0;2996;0;0;10;0;30;0;
476;1306129;556380160;10362880;532176896;0;0;0;0;0;0;0;0;0;0;0;2785;0;0;10;0;30;0;
477;1408501;556380160;10362880;532176896;0;0;0;0;0;0;0;0;0;0;0;2635;0;0;10;0;30;0;
478;1458164;556380160;10362880;532176896;0;0;0;0;0;0;0;0;0;0;0;2524;0;0;10;0;30;0;
479;2066435;556380160;10362880;532176896;0;0;0;0;0;0;0;0;0;0;0;2945;0;0;10;0;30;0;
480;1303364;556380160;10362880;532176896;0;0;0;0;0;0;0;0;0;0;0;2895;0;0;10;0;30;0;
481;1386099;556380160;10362880;532176896;0;0;0;0;0;0;0;0;0;0;0;2765;0;0;10;0;30;0;
482;1346925;556380160;10362880;532176896;0;0;0;0;0;0;0;0;0;0;0;2404;0;0;10;0;30;0;
483;1264641;556380160;10362880;532176896;0;0;0;0;0;0;0;0;0;0;0;2614;0;0;10;0;30;0;
484;1430622;556380160;10362880;532176896;0;0;0;0;0;0;0;0;0;0;0;2885;0;0;10;0;30;0;
485;1407128;556380160;10362880;532176896;0;0;0;0;0;0;0;0;0;0;0;2665;0;0;10;0;30;0;
486;1333039;556380160;10362880;532176896;0;0;0;0;0;0;0;0;0;0;0;2475;0;0;10;0;30;0;
487;1314354;556380160;10362880;532176896;0;0;0;0;0;0;0;0;0;0;0;2725;0;0;10;0;30;0;
488;1402921;556380160;10362880;532176896;0;0;0;0;0;0;0;0;0;0;0;2745;0;0;10;0;30;0;
489;1386179;556380160;10362880;532176896;0;0;0;0;0;0;0;0;0;0;0;2776;0;0;10;0;30;0;
490;1238593;556380160;10362880;532176896;0;0;0;0;0;0;0;0;0;0;0;2735;0;0;10;0;30;0;
491;1318131;556380160;10362880;532176896;0;0;0;0;0;0;0;0;0;0;0;2816;0;0;10;0;30;0;
492;1498710;556380160;10362880;532176896;0;0;0;0;0;0;0;0;0;0;0;2665;0;0;10;0;30;0;
493;1339642;556380160;10362880;532176896;0;0;0;0;0;0;0;0;0;0;0;2795;0;0;10;0;30;0;
494;1289408;556380160;10362880;532176896;0;0;0;0;0;0;0;0;0;0;0;2876;0;0;10;0;30;0;
495;1469134;556380160;10362880;532176896;0;0;0;0;0;0;0;0;0;0;0;2675;0;0;10;0;30;0;
496;1333811;556380160;10362880;532176896;0;0;0;0;0;0;0;0;0;0;0;3076;0;0;10;0;30;0;
497;1562820;556380160;10362880;532176896;0;0;0;0;0;0;0;0;0;0;0;2564;0;0;10;0;30;0;
498;1416195;556380160;10362880;532176896;0;0;0;0;0;0;0;0;0;0;0;3015;0;0;10;0;30;0;
499;1922224;556355584;10313728;532127744;0;0;0;0;0;0;0;0;0;0;0;2906;0;0;10;0;30;0;
500;1557710;556355584;10313728;532127744;0;0;0;0;0;0;0;0;0;0;0;3046;0;0;10;0;30;0;
501;1503168;556355584;10313728;532127744;0;0;0;0;0;0;0;0;0;0;0;3696;0;0;10;0;30;0;
502;1407599;556355584;10313728;532127744;0;0;0;0;0;0;0;0;0;0;0;2956;0;0;10;0;30;0;
503;1560596;556355584;10313728;532127744;0;0;0;0;0;0;0;0;0;0;0;3156;0;0;10;0;30;0;
504;1545548;556355584;10313728;532127744;0;0;0;0;0;0;0;0;0;0;0;2885;0;0;10;0;30;0;
505;3377382;562647040;10313728;548904960;0;0;0;0;0;0;0;0;0;0;0;3887;0;0;11;0;30;0;
506;1597215;562647040;10313728;548904960;0;0;0;0;0;0;0;0;0;0;0;2955;0;0;11;0;30;0;
507;1645535;562647040;10313728;548904960;0;0;0;0;0;0;0;0;0;0;0;2946;0;0;11;0;30;0;
508;1552251;562647040;10313728;548904960;0;0;0;0;0;0;0;0;0;0;0;2856;0;0;11;0;30;0;
509;1569874;562647040;10313728;548904960;0;0;0;0;0;0;0;0;0;0;0;2805;0;0;11;0;30;0;
510;1592055;562647040;10313728;548904960;0;0;0;0;0;0;0;0;0;0;0;2946;0;0;11;0;30;0;
511;1539807;562647040;10313728;548904960;0;0;0;0;0;0;0;0;0;0;0;3537;0;0;11;0;30;0;
512;2256742;562647040;10313728;548904960;0;0;0;0;0;0;0;0;0;0;0;2876;0;0;11;0;30;0;
513;1730224;562647040;10313728;548904960;0;0;0;0;0;0;0;0;0;0;0;2404;0;0;11;0;30;0;
514;1453486;562647040;10313728;548904960;0;0;0;0;0;0;0;0;0;0;0;2544;0;0;11;0;30;0;
515;1290810;562647040;10313728;548904960;0;0;0;0;0;0;0;0;0;0;0;2675;0;0;11;0;30;0;
516;1472281;562647040;10313728;548904960;0;0;0;0;0;0;0;0;0;0;0;2535;0;0;11;0;30;0;
517;1389055;562647040;10313728;548904960;0;0;0;0;0;0;0;0;0;0;0;2525;0;0;11;0;30;0;
518;2481954;562647040;10313728;548904960;0;0;0;0;0;0;0;0;0;0;0;2665;0;0;11;0;30;0;
519;1523758;562647040;10313728;548904960;0;0;0;0;0;0;0;0;0;0;0;2685;0;0;11;0;30;0;
520;1434650;562647040;10313728;548904960;0;0;0;0;0;0;0;0;0;0;0;3086;0;0;11;0;30;0;
521;1360120;562647040;10313728;548904960;0;0;0;0;0;0;0;0;0;0;0;2565;0;0;11;0;30;0;
522;1329032;562647040;10313728;548904960;0;0;0;0;0;0;0;0;0;0;0;2465;0;0;11;0;30;0;
523;1541290;562647040;10313728;548904960;0;0;0;0;0;0;0;0;0;0;0;2504;0;0;11;0;30;0;
524;1405876;562647040;10313728;548904960;0;0;0;0;0;0;0;0;0;0;0;2615;0;0;11;0;30;0;
525;1394785;562647040;10313728;548904960;0;0;0;0;0;0;0;0;0;0;0;2394;0;0;11;0;30;0;
526;1256566;562647040;10313728;548904960;0;0;0;0;0;0;0;0;0;0;0;2495;0;0;11;0;30;0;
527;1471369;562647040;10313728;548904960;0;0;0;0;0;0;0;0;0;0;0;2484;0;0;11;0;30;0;
528;1462432;562647040;10313728;548904960;0;0;0;0;0;0;0;0;0;0;0;2545;0;0;11;0;30;0;
529;1498119;562647040;10313728;548904960;0;0;0;0;0;0;0;0;0;0;0;2164;0;0;11;0;30;0;
530;1299898;562647040;10313728;548904960;0;0;0;0;0;0;0;0;0;0;0;2505;0;0;11;0;30;0;
531;1471469;562647040;10313728;548904960;0;0;0;0;0;0;0;0;0;0;0;2545;0;0;11;0;30;0;
532;1408361;562647040;10313728;548904960;0;0;0;0;0;0;0;0;0;0;0;2485;0;0;11;0;30;0;
533;1408811;562647040;10313728;548904960;0;0;0;0;0;0;0;0;0;0;0;2565;0;0;11;0;30;0;
534;1449819;562647040;10313728;548904960;0;0;0;0;0;0;0;0;0;0;0;2465;0;0;11;0;30;0;
535;1434700;562647040;10313728;548904960;0;0;0;0;0;0;0;0;0;0;0;2545;0;0;11;0;30;0;
536;1348258;562647040;10313728;548904960;0;0;0;0;0;0;0;0;0;0;0;2415;0;0;11;0;30;0;
537;2181651;562552832;10194944;548786176;0;0;0;0;0;0;0;0;0;0;0;2515;0;0;11;0;30;0;
538;1322630;562552832;10194944;548786176;0;0;0;0;0;0;0;0;0;0;0;3026;0;0;11;0;30;0;
539;1252188;562552832;10194944;548786176;0;0;0;0;0;0;0;0;0;0;0;2404;0;0;11;0;30;0;
540;1356032;562552832;10194944;548786176;0;0;0;0;0;0;0;0;0;0;0;3086;0;0;11;0;30;0;
541;1343479;562552832;10194944;548786176;0;0;0;0;0;0;0;0;0;0;0;2565;0;0;11;0;30;0;
542;1314124;562552832;10194944;548786176;0;0;0;0;0;0;0;0;0;0;0;2394;0;0;11;0;30;0;
543;1267507;562552832;10194944;548786176;0;0;0;0;0;0;0;0;0;0;0;2575;0;0;11;0;30;0;
544;2525846;562552832;10194944;548786176;0;0;0;0;0;0;0;0;0;0;0;2765;0;0;11;0;30;0;
545;1735354;562552832;10194944;548786176;0;0;0;0;0;0;0;0;0;0;0;2505;0;0;11;0;30;0;
546;3154645;566796288;10194944;548786176;0;0;0;0;0;0;0;0;0;0;0;3466;0;0;12;0;30;0;
547;1316959;566796288;10194944;548786176;0;0;0;0;0;0;0;0;0;0;0;2735;0;0;12;0;30;0;
548;1403331;566796288;10194944;548786176;0;0;0;0;0;0;0;0;0;0;0;2645;0;0;12;0;30;0;
549;1296221;566796288;10194944;548786176;0;0;0;0;0;0;0;0;0;0;0;2454;0;0;12;0;30;0;
550;1470628;566796288;10194944;548786176;0;0;0;0;0;0;0;0;0;0;0;2505;0;0;12;0;30;0;
551;1461761;566796288;10194944;548786176;0;0;0;0;0;0;0;0;0;0;0;2525;0;0;12;0;30;0;
552;1334402;566796288;10194944;548786176;0;0;0;0;0;0;0;0;0;0;0;2034;0;0;12;0;30;0;
553;1359580;566796288;10194944;548786176;0;0;0;0;0;0;0;0;0;0;0;2515;0;0;12;0;30;0;
554;1432486;566796288;10194944;548786176;0;0;0;0;0;0;0;0;0;0;0;2485;0;0;12;0;30;0;
555;2179837;566751232;10108928;548700160;0;0;0;0;0;0;0;0;0;0;0;2796;0;0;12;0;30;0;
556;1500493;566751232;10108928;548700160;0;0;0;0;0;0;0;0;0;0;0;2465;0;0;12;0;30;0;
557;2026409;566751232;10108928;548700160;0;0;0;0;0;0;0;0;0;0;0;2474;0;0;12;0;30;0;
558;1579973;566751232;10108928;548700160;0;0;0;0;0;0;0;0;0;0;0;2144;0;0;12;0;30;0;
559;1486407;566751232;10108928;548700160;0;0;0;0;0;0;0;0;0;0;0;2515;0;0;12;0;30;0;
560;1606813;566751232;10108928;548700160;0;0;0;0;0;0;0;0;0;0;0;2845;0;0;12;0;30;0;
561;1404384;566751232;10108928;548700160;0;0;0;0;0;0;0;0;0;0;0;2424;0;0;12;0;30;0;
562;1413401;566751232;10108928;548700160;0;0;0;0;0;0;0;0;0;0;0;2715;0;0;12;0;30;0;
563;1404885;566751232;10108928;548700160;0;0;0;0;0;0;0;0;0;0;0;2665;0;0;12;0;30;0;
564;1308484;566751232;10108928;548700160;0;0;0;0;0;0;0;0;0;0;0;2956;0;0;12;0;30;0;
565;1567870;566751232;10108928;548700160;0;0;0;0;0;0;0;0;0;0;0;2434;0;0;12;0;30;0;
566;2262312;566751232;10108928;548700160;0;0;0;0;0;0;0;0;0;0;0;2545;0;0;12;0;30;0;
567;2026430;570945536;10108928;565477376;0;0;0;0;0;0;0;0;0;0;0;2865;0;0;12;0;30;0;
568;1287044;570945536;10108928;565477376;0;0;0;0;0;0;0;0;0;0;0;2795;0;0;12;0;30;0;
569;1372754;570945536;10108928;565477376;0;0;0;0;0;0;0;0;0;0;0;2695;0;0;12;0;30;0;
570;1322651;570945536;10108928;565477376;0;0;0;0;0;0;0;0;0;0;0;2675;0;0;12;0;30;0;
571;1491828;570945536;10108928;565477376;0;0;0;0;0;0;0;0;0;0;0;2344;0;0;12;0;30;0;
572;1369739;570945536;10108928;565477376;0;0;0;0;0;0;0;0;0;0;0;2345;0;0;12;0;30;0;
573;2205726;570880000;10039296;565407744;0;0;0;0;0;0;0;0;0;0;0;2845;0;0;12;0;30;0;
574;1348899;570880000;10039296;565407744;0;0;0;0;0;0;0;0;0;0;0;2505;0;0;12;0;30;0;
575;3243111;574861312;10039296;565407744;0;0;0;0;0;0;0;0;0;0;0;2485;0;0;13;0;30;0;
576;2589776;574861312;10039296;565407744;0;0;0;0;0;0;0;0;0;0;0;2976;0;0;13;0;30;0;
577;1788974;575119360;10039296;565407744;0;0;0;0;0;0;0;0;0;0;0;2856;0;0;13;0;30;0;
578;1533305;575119360;10039296;565407744;0;0;0;0;0;0;0;0;0;0;0;2956;0;0;13;0;30;0;
579;1583059;575119360;10039296;565407744;0;0;0;0;0;0;0;0;0;0;0;2865;0;0;13;0;30;0;
580;1525791;575119360;10039296;565407744;0;0;0;0;0;0;0;0;0;0;0;2915;0;0;13;0;30;0;
581;1500764;575119360;10039296;565407744;0;0;0;0;0;0;0;0;0;0;0;2926;0;0;13;0;30;0;
582;1374377;575119360;10039296;565407744;0;0;0;0;0;0;0;0;0;0;0;2885;0;0;13;0;30;0;
583;1279900;575119360;10039296;565407744;0;0;0;0;0;0;0;0;0;0;0;2755;0;0;13;0;30;0;
584;2915637;581410816;10039296;582184960;0;0;0;0;0;0;0;0;0;0;0;3317;0;0;14;0;30;0;
585;1393032;581410816;10039296;582184960;0;0;0;0;0;0;0;0;0;0;0;2384;0;0;14;0;30;0;
586;2020969;581410816;10039296;582184960;0;0;0;0;0;0;0;0;0;0;0;2805;0;0;14;0;30;0;
587;1477210;581410816;10039296;582184960;0;0;0;0;0;0;0;0;0;0;0;2575;0;0;14;0;30;0;
588;1250264;581410816;10039296;582184960;0;0;0;0;0;0;0;0;0;0;0;2715;0;0;14;0;30;0;
589;1445150;581410816;10039296;582184960;0;0;0;0;0;0;0;0;0;0;0;2605;0;0;14;0;30;0;
590;2350848;581443584;10018816;582164480;0;0;0;0;0;0;0;0;0;0;0;2856;0;0;14;0;30;0;
591;1433448;581443584;10018816;582164480;0;0;0;0;0;0;0;0;0;0;0;2886;0;0;14;0;30;0;
592;1437015;581443584;10018816;582164480;0;0;0;0;0;0;0;0;0;0;0;2975;0;0;14;0;30;0;
593;1481859;581443584;10018816;582164480;0;0;0;0;0;0;0;0;0;0;0;2865;0;0;14;0;30;0;
594;3881358;585424896;10018816;582164480;0;0;0;0;0;0;0;0;0;0;0;3867;0;0;15;0;30;0;
595;2402725;585424896;10018816;582164480;0;0;0;0;0;0;0;0;0;0;0;3086;0;0;15;0;30;0;
596;1775439;585682944;10018816;582164480;0;0;0;0;0;0;0;0;0;0;0;2906;0;0;15;0;30;0;
597;1573280;585682944;10018816;582164480;0;0;0;0;0;0;0;0;0;0;0;2835;0;0;15;0;30;0;
598;1852804;585682944;10018816;582164480;0;0;0;0;0;0;0;0;0;0;0;3026;0;0;15;0;30;0;
599;1516413;585682944;10018816;582164480;0;0;0;0;0;0;0;0;0;0;0;2845;0;0;15;0;30;0;
600;1505723;585682944;10018816;582164480;0;0;0;0;0;0;0;0;0;0;0;2725;0;0;15;0;30;0;
601;1479975;585682944;10018816;582164480;0;0;0;0;0;0;0;0;0;0;0;2875;0;0;15;0;30;0;
602;3448737;591974400;10018816;598941696;0;0;0;0;0;0;0;0;0;0;0;3297;0;0;16;0;30;0;
603;1655083;591974400;10018816;598941696;0;0;0;0;0;0;0;0;0;0;0;2786;0;0;16;0;30;0;
604;2578725;591974400;10018816;598941696;0;0;0;0;0;0;0;0;0;0;0;2565;0;0;16;0;30;0;
605;1888281;591974400;10018816;598941696;0;0;0;0;0;0;0;0;0;0;0;2455;0;0;16;0;30;0;
606;1632702;591974400;10018816;598941696;0;0;0;0;0;0;0;0;0;0;0;2885;0;0;16;0;30;0;
607;2550953;591949824;9940992;598863872;0;0;0;0;0;0;0;0;0;0;0;3005;0;0;16;0;30;0;
608;1635016;591949824;9940992;598863872;0;0;0;0;0;0;0;0;0;0;0;2765;0;0;16;0;30;0;
609;4374102;595931136;9940992;598863872;0;0;0;0;0;0;0;0;0;0;0;3877;0;0;17;0;30;0;
610;1801979;595931136;9940992;598863872;0;0;0;0;0;0;0;0;0;0;0;2875;0;0;17;0;30;0;
611;1518567;595931136;9940992;598863872;0;0;0;0;0;0;0;0;0;0;0;2806;0;0;17;0;30;0;
612;1484884;595931136;9940992;598863872;0;0;0;0;0;0;0;0;0;0;0;2885;0;0;17;0;30;0;
613;1618174;595931136;9940992;598863872;0;0;0;0;0;0;0;0;0;0;0;2875;0;0;17;0;30;0;
614;1870858;595931136;9940992;598863872;0;0;0;0;0;0;0;0;0;0;0;2835;0;0;17;0;30;0;
615;1537884;595931136;9940992;598863872;0;0;0;0;0;0;0;0;0;0;0;2755;0;0;17;0;30;0;
616;1540468;595931136;9940992;598863872;0;0;0;0;0;0;0;0;0;0;0;2846;0;0;17;0;30;0;
617;1533626;595931136;9940992;598863872;0;0;0;0;0;0;0;0;0;0;0;2776;0;0;17;0;30;0;
618;3782382;600174592;9940992;598863872;0;0;0;0;0;0;0;0;0;0;0;2906;0;0;18;0;30;0;
619;1648361;600174592;9940992;598863872;0;0;0;0;0;0;0;0;0;0;0;2905;0;0;18;0;30;0;
620;1564413;600174592;9940992;598863872;0;0;0;0;0;0;0;0;0;0;0;2926;0;0;18;0;30;0;
621;1710507;600174592;9940992;598863872;0;0;0;0;0;0;0;0;0;0;0;2815;0;0;18;0;30;0;
622;2390463;600174592;9940992;598863872;0;0;0;0;0;0;0;0;0;0;0;3106;0;0;18;0;30;0;
623;2572664;600322048;9916416;598839296;0;0;0;0;0;0;0;0;0;0;0;3446;0;0;18;0;30;0;
624;1526703;600322048;9916416;598839296;0;0;0;0;0;0;0;0;0;0;0;2946;0;0;18;0;30;0;
625;3231499;606613504;9916416;615616512;0;0;0;0;0;0;0;0;0;0;0;3997;0;0;19;0;30;0;
626;1739331;606613504;9916416;615616512;0;0;0;0;0;0;0;0;0;0;0;3036;0;0;19;0;30;0;
627;1653290;606613504;9916416;615616512;0;0;0;0;0;0;0;0;0;0;0;2886;0;0;19;0;30;0;
628;1709325;606613504;9916416;615616512;0;0;0;0;0;0;0;0;0;0;0;3036;0;0;19;0;30;0;
629;1790498;606613504;9916416;615616512;0;0;0;0;0;0;0;0;0;0;0;3055;0;0;19;0;30;0;
630;2000060;606613504;9916416;615616512;0;0;0;0;0;0;0;0;0;0;0;2846;0;0;19;0;30;0;
631;1624717;606613504;9916416;615616512;0;0;0;0;0;0;0;0;0;0;0;2675;0;0;19;0;30;0;
632;1487730;606613504;9916416;615616512;0;0;0;0;0;0;0;0;0;0;0;2976;0;0;19;0;30;0;
633;1540959;606613504;9916416;615616512;0;0;0;0;0;0;0;0;0;0;0;3065;0;0;19;0;30;0;
634;4594796;610648064;9916416;615616512;0;0;0;0;0;0;0;0;0;0;0;3406;0;0;20;0;30;0;
635;1747977;610648064;9916416;615616512;0;0;0;0;0;0;0;0;0;0;0;10850;0;0;20;0;30;0;
636;1973340;610648064;9916416;615616512;0;0;0;0;0;0;0;0;0;0;0;2965;0;0;20;0;30;0;
637;2728917;610648064;13668352;619368448;0;0;0;0;0;0;0;0;0;0;0;2746;0;0;20;0;30;0;
638;1677175;610918400;13668352;619368448;0;0;0;0;0;0;0;0;0;0;0;3156;0;0;20;0;30;0;
639;2665237;610979840;13582336;619282432;0;0;0;0;0;0;0;0;0;0;0;3246;0;0;20;0;30;0;
640;1597045;610979840;13582336;619282432;0;0;0;0;0;0;0;0;0;0;0;2745;0;0;20;0;30;0;
641;3593879;614961152;13582336;619282432;0;0;0;0;0;0;0;0;0;0;0;3115;0;0;21;0;30;0;
642;1780449;614961152;13582336;619282432;0;0;0;0;0;0;0;0;0;0;0;2725;0;0;21;0;30;0;
643;2537067;614961152;13582336;619282432;0;0;0;0;0;0;0;0;0;0;0;3136;0;0;21;0;30;0;
644;1963212;614961152;13582336;619282432;0;0;0;0;0;0;0;0;0;0;0;2856;0;0;21;0;30;0;
645;1668078;614961152;13582336;619282432;0;0;0;0;0;0;0;0;0;0;0;2855;0;0;21;0;30;0;
646;1684048;614961152;13582336;619282432;0;0;0;0;0;0;0;0;0;0;0;2965;0;0;21;0;30;0;
647;1751645;614961152;13582336;619282432;0;0;0;0;0;0;0;0;0;0;0;2785;0;0;21;0;30;0;
648;1521663;614961152;13582336;619282432;0;0;0;0;0;0;0;0;0;0;0;2745;0;0;21;0;30;0;
649;1543975;614961152;13582336;619282432;0;0;0;0;0;0;0;0;0;0;0;3166;0;0;21;0;30;0;
650;2858610;614961152;13582336;619282432;0;0;0;0;0;0;0;0;0;0;0;2745;0;0;21;0;30;0;
651;1908478;615223296;13582336;619282432;0;0;0;0;0;0;0;0;0;0;0;2785;0;0;21;0;30;0;
652;1680101;615223296;13582336;619282432;0;0;0;0;0;0;0;0;0;0;0;3307;0;0;21;0;30;0;
653;1722620;615223296;13582336;619282432;0;0;0;0;0;0;0;0;0;0;0;2816;0;0;21;0;30;0;
654;1611091;615223296;13582336;619282432;0;0;0;0;0;0;0;0;0;0;0;2756;0;0;21;0;30;0;
655;2611757;615223296;13582336;619282432;0;0;0;0;0;0;0;0;0;0;0;2875;0;0;21;0;30;0;
656;1525991;615223296;13582336;619282432;0;0;0;0;0;0;0;0;0;0;0;2885;0;0;21;0;30;0;
657;3283015;621780992;13582336;636059648;0;0;0;0;0;0;0;0;0;0;0;3397;0;0;22;0;30;0;
658;1564644;621780992;13582336;636059648;0;0;0;0;0;0;0;0;0;0;0;3176;0;0;22;0;30;0;
659;2386125;621780992;13582336;636059648;0;0;0;0;0;0;0;0;0;0;0;2735;0;0;22;0;30;0;
660;1919189;621780992;13582336;636059648;0;0;0;0;0;0;0;0;0;0;0;2705;0;0;22;0;30;0;
661;1535670;621780992;13582336;636059648;0;0;0;0;0;0;0;0;0;0;0;2726;0;0;22;0;30;0;
662;1524909;621780992;13582336;636059648;0;0;0;0;0;0;0;0;0;0;0;3457;0;0;22;0;30;0;
663;1635888;621780992;13582336;636059648;0;0;0;0;0;0;0;0;0;0;0;2775;0;0;22;0;30;0;
664;1700859;621780992;13582336;636059648;0;0;0;0;0;0;0;0;0;0;0;3416;0;0;22;0;30;0;
665;1669350;621780992;13582336;636059648;0;0;0;0;0;0;0;0;0;0;0;2846;0;0;22;0;30;0;
666;3617533;625754112;13582336;636059648;0;0;0;0;0;0;0;0;0;0;0;3055;0;0;23;0;30;0;
667;2546134;625754112;13582336;636059648;0;0;0;0;0;0;0;0;0;0;0;3035;0;0;23;0;30;0;
668;1876749;625754112;13582336;636059648;0;0;0;0;0;0;0;0;0;0;0;3347;0;0;23;0;30;0;
669;2217507;628113408;13582336;636059648;0;0;0;0;0;0;0;0;0;0;0;2885;0;0;23;0;30;0;
670;2312075;628113408;13582336;636059648;0;0;0;0;0;0;0;0;0;0;0;3136;0;0;23;0;30;0;
671;1733581;628113408;13582336;636059648;0;0;0;0;0;0;0;0;0;0;0;3336;0;0;23;0;30;0;
672;1527053;628113408;13582336;636059648;0;0;0;0;0;0;0;0;0;0;0;3306;0;0;23;0;30;0;
673;3770149;632360960;13582336;636059648;0;0;0;0;0;0;0;0;0;0;0;4869;0;0;24;0;32;0;
674;2480451;632360960;13582336;636059648;0;0;0;0;0;0;0;0;0;0;0;3196;0;0;24;0;32;0;
675;1787492;632360960;13582336;636059648;0;0;0;0;0;0;0;0;0;0;0;2996;0;0;24;0;32;0;
676;1921703;632360960;13582336;636059648;0;0;0;0;0;0;0;0;0;0;0;3006;0;0;24;0;32;0;
677;1556218;632360960;13582336;636059648;0;0;0;0;0;0;0;0;0;0;0;2946;0;0;24;0;32;0;
678;1514840;632360960;13582336;636059648;0;0;0;0;0;0;0;0;0;0;0;3306;0;0;24;0;32;0;
679;1525661;632360960;13582336;636059648;0;0;0;0;0;0;0;0;0;0;0;3266;0;0;24;0;32;0;
680;1722480;632360960;13582336;636059648;0;0;0;0;0;0;0;0;0;0;0;2945;0;0;24;0;32;0;
681;3584621;638652416;13582336;652836864;0;0;0;0;0;0;0;0;0;0;0;3817;0;0;25;0;32;0;
682;1582548;638652416;13582336;652836864;0;0;0;0;0;0;0;0;0;0;0;2825;0;0;25;0;32;0;
683;2513684;639184896;13582336;652836864;0;0;0;0;0;0;0;0;0;0;0;2705;0;0;25;0;32;0;
684;1677435;639184896;13582336;652836864;0;0;0;0;0;0;0;0;0;0;0;2765;0;0;25;0;32;0;
685;2588303;639184896;13582336;652836864;0;0;0;0;0;0;0;0;0;0;0;2705;0;0;25;0;32;0;
686;1549987;639184896;13582336;652836864;0;0;0;0;0;0;0;0;0;0;0;2805;0;0;25;0;32;0;
687;1858465;639184896;13582336;652836864;0;0;0;0;0;0;0;0;0;0;0;2705;0;0;25;0;32;0;
688;1389385;639184896;13582336;652836864;0;0;0;0;0;0;0;0;0;0;0;2856;0;0;25;0;32;0;
689;4391414;643223552;13582336;652836864;0;0;0;0;0;0;0;0;0;0;0;2995;0;0;26;0;32;0;
690;1828889;643223552;13582336;652836864;0;0;0;0;0;0;0;0;0;0;0;2775;0;0;26;0;32;0;
691;2770966;643223552;13582336;652836864;0;0;0;0;0;0;0;0;0;0;0;2795;0;0;26;0;32;0;
692;1775800;643223552;13582336;652836864;0;0;0;0;0;0;0;0;0;0;0;2675;0;0;26;0;32;0;
693;1896837;643223552;13582336;652836864;0;0;0;0;0;0;0;0;0;0;0;2926;0;0;26;0;32;0;
694;1627983;643223552;13582336;652836864;0;0;0;0;0;0;0;0;0;0;0;3096;0;0;26;0;32;0;
695;1765640;643223552;13582336;652836864;0;0;0;0;0;0;0;0;0;0;0;2976;0;0;26;0;32;0;
696;3582147;647475200;13582336;652836864;0;0;0;0;0;0;0;0;0;0;0;3036;0;0;27;0;32;0;
697;1618214;647475200;13582336;652836864;0;0;0;0;0;0;0;0;0;0;0;2605;0;0;27;0;32;0;
698;1408010;647475200;13582336;652836864;0;0;0;0;0;0;0;0;0;0;0;3086;0;0;27;0;32;0;
699;1442104;647475200;13582336;652836864;0;0;0;0;0;0;0;0;0;0;0;2926;0;0;27;0;32;0;
700;3314475;647475200;13582336;652836864;0;0;0;0;0;0;0;0;0;0;0;3126;0;0;27;0;32;0;
701;1765701;647475200;13582336;652836864;0;0;0;0;0;0;0;0;0;0;0;2655;0;0;27;0;32;0;
702;1542422;647475200;13582336;652836864;0;0;0;0;0;0;0;0;0;0;0;2705;0;0;27;0;32;0;
703;1561838;647475200;13582336;652836864;0;0;0;0;0;0;0;0;0;0;0;2705;0;0;27;0;32;0;
704;1905814;647475200;13582336;652836864;0;0;0;0;0;0;0;0;0;0;0;2595;0;0;27;0;32;0;
705;1638152;647475200;13582336;652836864;0;0;0;0;0;0;0;0;0;0;0;2685;0;0;27;0;32;0;
706;1967199;649572352;13582336;654934016;0;0;0;0;0;0;0;0;0;0;0;2705;0;0;27;0;32;0;
707;2382066;649572352;13582336;654934016;0;0;0;0;0;0;0;0;0;0;0;2866;0;0;27;0;32;0;
708;2003897;649572352;13582336;654934016;0;0;0;0;0;0;0;0;0;0;0;2675;0;0;27;0;32;0;
709;1515642;649572352;13582336;654934016;0;0;0;0;0;0;0;0;0;0;0;2755;0;0;27;0;32;0;
710;1512796;649572352;13582336;654934016;0;0;0;0;0;0;0;0;0;0;0;2755;0;0;27;0;32;0;
711;1703734;649572352;13582336;654934016;0;0;0;0;0;0;0;0;0;0;0;2845;0;0;27;0;32;0;
712;1575353;649572352;13582336;654934016;0;0;0;0;0;0;0;0;0;0;0;2825;0;0;27;0;32;0;
713;1483021;649572352;13582336;654934016;0;0;0;0;0;0;0;0;0;0;0;2715;0;0;27;0;32;0;
714;3494633;655863808;13582336;671711232;0;0;0;0;0;0;0;0;0;0;0;4148;0;0;28;0;32;0;
715;2526738;655876096;13459456;671588352;0;0;0;0;0;0;0;0;0;0;0;3005;0;0;28;0;32;0;
716;2407574;655876096;13459456;671588352;0;0;0;0;0;0;0;0;0;0;0;2875;0;0;28;0;32;0;
717;1651396;655876096;13459456;671588352;0;0;0;0;0;0;0;0;0;0;0;2836;0;0;28;0;32;0;
718;1714635;655876096;13459456;671588352;0;0;0;0;0;0;0;0;0;0;0;2956;0;0;28;0;32;0;
719;1559504;655876096;13459456;671588352;0;0;0;0;0;0;0;0;0;0;0;2655;0;0;28;0;32;0;
720;1578159;655876096;13459456;671588352;0;0;0;0;0;0;0;0;0;0;0;2755;0;0;28;0;32;0;
721;1608326;655876096;13459456;671588352;0;0;0;0;0;0;0;0;0;0;0;3015;0;0;28;0;32;0;
722;3312631;659857408;13459456;671588352;0;0;0;0;0;0;0;0;0;0;0;3005;0;0;29;0;32;0;
723;2673272;659857408;13459456;671588352;0;0;0;0;0;0;0;0;0;0;0;3386;0;0;29;0;32;0;
724;1492108;659857408;13459456;671588352;0;0;0;0;0;0;0;0;0;0;0;3036;0;0;29;0;32;0;
725;1817949;659857408;13459456;671588352;0;0;0;0;0;0;0;0;0;0;0;2725;0;0;29;0;32;0;
726;1618043;659857408;13459456;671588352;0;0;0;0;0;0;0;0;0;0;0;2765;0;0;29;0;32;0;
727;1486377;659857408;13459456;671588352;0;0;0;0;0;0;0;0;0;0;0;2645;0;0;29;0;32;0;
728;1510562;659857408;13459456;671588352;0;0;0;0;0;0;0;0;0;0;0;2785;0;0;29;0;32;0;
729;4446006;659857408;13459456;671588352;0;0;0;0;0;0;0;0;0;0;0;2645;0;0;29;0;32;0;
730;7759460;664100864;13459456;671588352;0;0;0;0;0;0;0;0;0;0;0;4318;0;0;30;0;32;0;
731;1912827;664100864;13459456;671588352;0;0;0;0;0;0;0;0;0;0;0;2665;0;0;30;0;32;0;
732;1579262;664100864;13459456;671588352;0;0;0;0;0;0;0;0;0;0;0;2455;0;0;30;0;32;0;
733;1600391;664100864;13459456;671588352;0;0;0;0;0;0;0;0;0;0;0;2925;0;0;30;0;32;0;
734;1457362;664100864;13459456;671588352;0;0;0;0;0;0;0;0;0;0;0;2765;0;0;30;0;32;0;
735;2778871;670392320;13459456;688365568;0;0;0;0;0;0;0;0;0;0;0;4007;0;0;31;0;32;0;
736;1677305;670392320;13459456;688365568;0;0;0;0;0;0;0;0;0;0;0;2915;0;0;31;0;32;0;
737;2336421;670392320;13459456;688365568;0;0;0;0;0;0;0;0;0;0;0;2745;0;0;31;0;32;0;
738;1766172;670392320;13459456;688365568;0;0;0;0;0;0;0;0;0;0;0;2805;0;0;31;0;32;0;
739;1817357;670392320;13459456;688365568;0;0;0;0;0;0;0;0;0;0;0;2455;0;0;31;0;32;0;
740;2115146;670392320;13459456;688365568;0;0;0;0;0;0;0;0;0;0;0;2635;0;0;31;0;32;0;
741;1476068;670392320;13459456;688365568;0;0;0;0;0;0;0;0;0;0;0;2585;0;0;31;0;32;0;
742;1518677;670392320;13459456;688365568;0;0;0;0;0;0;0;0;0;0;0;2675;0;0;31;0;32;0;
743;4128752;674430976;13459456;688365568;0;0;0;0;0;0;0;0;0;0;0;3246;0;0;32;0;32;0;
744;2644539;674430976;13459456;688365568;0;0;0;0;0;0;0;0;0;0;0;2565;0;0;32;0;32;0;
745;1692333;674430976;13459456;688365568;0;0;0;0;0;0;0;0;0;0;0;2605;0;0;32;0;32;0;
746;1847023;674430976;13459456;688365568;0;0;0;0;0;0;0;0;0;0;0;2715;0;0;32;0;32;0;
747;1524880;674430976;13459456;688365568;0;0;0;0;0;0;0;0;0;0;0;2605;0;0;32;0;32;0;
748;1429691;674430976;13459456;688365568;0;0;0;0;0;0;0;0;0;0;0;2695;0;0;32;0;32;0;
749;1582166;674430976;13459456;688365568;0;0;0;0;0;0;0;0;0;0;0;2956;0;0;32;0;32;0;
750;1517926;674430976;13459456;688365568;0;0;0;0;0;0;0;0;0;0;0;2454;0;0;32;0;32;0;
751;3826244;678756352;13459456;688365568;0;0;0;0;0;0;0;0;0;0;0;3046;0;0;33;0;32;0;
752;1631048;678756352;13459456;688365568;0;0;0;0;0;0;0;0;0;0;0;2895;0;0;33;0;32;0;
753;1453735;678756352;13459456;688365568;0;0;0;0;0;0;0;0;0;0;0;2555;0;0;33;0;32;0;
754;2450896;678756352;13459456;688365568;0;0;0;0;0;0;0;0;0;0;0;2835;0;0;33;0;32;0;
755;1471008;678756352;13459456;688365568;0;0;0;0;0;0;0;0;0;0;0;3095;0;0;33;0;32;0;
756;1381240;678756352;13459456;688365568;0;0;0;0;0;0;0;0;0;0;0;3577;0;0;33;0;32;0;
757;2197961;678690816;13352960;688259072;0;0;0;0;0;0;0;0;0;0;0;14537;0;0;33;0;32;0;
758;1514309;678690816;13352960;688259072;0;0;0;0;0;0;0;0;0;0;0;2755;0;0;33;0;32;0;
759;1651988;678690816;13352960;688259072;0;0;0;0;0;0;0;0;0;0;0;2785;0;0;33;0;32;0;
760;1450720;678690816;13352960;688259072;0;0;0;0;0;0;0;0;0;0;0;2515;0;0;33;0;32;0;
761;1638542;678690816;13352960;688259072;0;0;0;0;0;0;0;0;0;0;0;2555;0;0;33;0;32;0;
762;1367534;678690816;13352960;688259072;0;0;0;0;0;0;0;0;0;0;0;2585;0;0;33;0;32;0;
763;2467247;678690816;13352960;688259072;0;0;0;0;0;0;0;0;0;0;0;2574;0;0;33;0;32;0;
764;1690289;678690816;13352960;688259072;0;0;0;0;0;0;0;0;0;0;0;2655;0;0;33;0;32;0;
765;1409714;678690816;13352960;688259072;0;0;0;0;0;0;0;0;0;0;0;2765;0;0;33;0;32;0;
766;1560787;678690816;13352960;688259072;0;0;0;0;0;0;0;0;0;0;0;2856;0;0;33;0;32;0;
767;1574032;678690816;13352960;688259072;0;0;0;0;0;0;0;0;0;0;0;2735;0;0;33;0;32;0;
768;1475347;678690816;13352960;688259072;0;0;0;0;0;0;0;0;0;0;0;2765;0;0;33;0;32;0;
769;1543975;678690816;13352960;688259072;0;0;0;0;0;0;0;0;0;0;0;2525;0;0;33;0;32;0;
770;5301711;682934272;13352960;688259072;0;0;0;0;0;0;0;0;0;0;0;3507;0;0;34;0;32;0;
771;1938755;682934272;13352960;688259072;0;0;0;0;0;0;0;0;0;0;0;3176;0;0;34;0;32;0;
772;1434811;682934272;13352960;688259072;0;0;0;0;0;0;0;0;0;0;0;2604;0;0;34;0;32;0;
773;1505563;682934272;13352960;688259072;0;0;0;0;0;0;0;0;0;0;0;2685;0;0;34;0;32;0;
774;1849869;682934272;13352960;688259072;0;0;0;0;0;0;0;0;0;0;0;2575;0;0;34;0;32;0;
775;1632160;682934272;13352960;688259072;0;0;0;0;0;0;0;0;0;0;0;2725;0;0;34;0;32;0;
776;1467591;682934272;13352960;688259072;0;0;0;0;0;0;0;0;0;0;0;2415;0;0;34;0;32;0;
777;1441392;682934272;13352960;688259072;0;0;0;0;0;0;0;0;0;0;0;2524;0;0;34;0;32;0;
778;4075382;689225728;13352960;705036288;0;0;0;0;0;0;0;0;0;0;0;3586;0;0;35;0;32;0;
779;1817308;689225728;13352960;705036288;0;0;0;0;0;0;0;0;0;0;0;2554;0;0;35;0;32;0;
780;1504461;689225728;13352960;705036288;0;0;0;0;0;0;0;0;0;0;0;2455;0;0;35;0;32;0;
781;1454667;689225728;13352960;705036288;0;0;0;0;0;0;0;0;0;0;0;2495;0;0;35;0;32;0;
782;1442124;689225728;13352960;705036288;0;0;0;0;0;0;0;0;0;0;0;2495;0;0;35;0;32;0;
783;2190357;689225728;13352960;705036288;0;0;0;0;0;0;0;0;0;0;0;2605;0;0;35;0;32;0;
784;2309400;689225728;13352960;705036288;0;0;0;0;0;0;0;0;0;0;0;2495;0;0;35;0;32;0;
785;1800285;689225728;13352960;705036288;0;0;0;0;0;0;0;0;0;0;0;2645;0;0;35;0;32;0;
786;1406156;689225728;13352960;705036288;0;0;0;0;0;0;0;0;0;0;0;2966;0;0;35;0;32;0;
787;2982382;695742464;13352960;721813504;0;0;0;0;0;0;0;0;0;0;0;3597;0;0;36;0;32;0;
788;1674089;695742464;13352960;721813504;0;0;0;0;0;0;0;0;0;0;0;2845;0;0;36;0;32;0;
789;1682004;695742464;13352960;721813504;0;0;0;0;0;0;0;0;0;0;0;2565;0;0;36;0;32;0;
790;1358707;695742464;13352960;721813504;0;0;0;0;0;0;0;0;0;0;0;2685;0;0;36;0;32;0;
791;1563050;695742464;13352960;721813504;0;0;0;0;0;0;0;0;0;0;0;2695;0;0;36;0;32;0;
792;1868854;695742464;13352960;721813504;0;0;0;0;0;0;0;0;0;0;0;2465;0;0;36;0;32;0;
793;1686402;695742464;13352960;721813504;0;0;0;0;0;0;0;0;0;0;0;2504;0;0;36;0;32;0;
794;2433363;695742464;13352960;721813504;0;0;0;0;0;0;0;0;0;0;0;2485;0;0;36;0;32;0;
795;1723491;695742464;13352960;721813504;0;0;0;0;0;0;0;0;0;0;0;2575;0;0;36;0;32;0;
796;4101651;699727872;13352960;721813504;0;0;0;0;0;0;0;0;0;0;0;2985;0;0;37;0;32;0;
797;1509440;699727872;13352960;721813504;0;0;0;0;0;0;0;0;0;0;0;2585;0;0;37;0;32;0;
798;1686683;699727872;13352960;721813504;0;0;0;0;0;0;0;0;0;0;0;2415;0;0;37;0;32;0;
799;1535419;699727872;13352960;721813504;0;0;0;0;0;0;0;0;0;0;0;2435;0;0;37;0;32;0;
800;1512836;699727872;13352960;721813504;0;0;0;0;0;0;0;0;0;0;0;2705;0;0;37;0;32;0;
801;1431494;699727872;13352960;721813504;0;0;0;0;0;0;0;0;0;0;0;2615;0;0;37;0;32;0;
802;1336416;699727872;13352960;721813504;0;0;0;0;0;0;0;0;0;0;0;2876;0;0;37;0;32;0;
803;2922300;700456960;13352960;721813504;0;0;0;0;0;0;0;0;0;0;0;2725;0;0;37;0;32;0;
804;3388604;704696320;13352960;721813504;0;0;0;0;0;0;0;0;0;0;0;2845;0;0;38;0;32;0;
805;1699536;704696320;13352960;721813504;0;0;0;0;0;0;0;0;0;0;0;2976;0;0;38;0;32;0;
806;2315953;704696320;13352960;721813504;0;0;0;0;0;0;0;0;0;0;0;2815;0;0;38;0;32;0;
807;1531482;704696320;13352960;721813504;0;0;0;0;0;0;0;0;0;0;0;2956;0;0;38;0;32;0;
808;1350042;704696320;13352960;721813504;0;0;0;0;0;0;0;0;0;0;0;3096;0;0;38;0;32;0;
809;2387707;703725568;11186176;719646720;0;0;0;0;0;0;0;0;0;0;0;3116;0;0;38;0;32;0;
810;1538785;703725568;11186176;719646720;0;0;0;0;0;0;0;0;0;0;0;3076;0;0;38;0;32;0;
811;1361933;703725568;11186176;719646720;0;0;0;0;0;0;0;0;0;0;0;3176;0;0;38;0;32;0;
812;1324013;703725568;11186176;719646720;0;0;0;0;0;0;0;0;0;0;0;2715;0;0;38;0;32;0;
813;3793873;707776512;11186176;719646720;0;0;0;0;0;0;0;0;0;0;0;3176;0;0;39;0;32;0;
814;1481308;707776512;11186176;719646720;0;0;0;0;0;0;0;0;0;0;0;2895;0;0;39;0;32;0;
815;1798572;707776512;11186176;719646720;0;0;0;0;0;0;0;0;0;0;0;2475;0;0;39;0;32;0;
816;1400326;707776512;11186176;719646720;0;0;0;0;0;0;0;0;0;0;0;2925;0;0;39;0;32;0;
817;1581535;707776512;11186176;719646720;0;0;0;0;0;0;0;0;0;0;0;2444;0;0;39;0;32;0;
818;1409563;707776512;11186176;719646720;0;0;0;0;0;0;0;0;0;0;0;2595;0;0;39;0;32;0;
819;1562019;707776512;11186176;719646720;0;0;0;0;0;0;0;0;0;0;0;3006;0;0;39;0;32;0;
820;1521673;707776512;11186176;719646720;0;0;0;0;0;0;0;0;0;0;0;2655;0;0;39;0;32;0;
821;2065262;707776512;11186176;719646720;0;0;0;0;0;0;0;0;0;0;0;2294;0;0;39;0;32;0;
822;2521989;707686400;11034624;719495168;0;0;0;0;0;0;0;0;0;0;0;2224;0;0;39;0;32;0;
823;1457774;707686400;11034624;719495168;0;0;0;0;0;0;0;0;0;0;0;2675;0;0;39;0;32;0;
824;1467081;707686400;11034624;719495168;0;0;0;0;0;0;0;0;0;0;0;2855;0;0;39;0;32;0;
825;1338680;707686400;11034624;719495168;0;0;0;0;0;0;0;0;0;0;0;2464;0;0;39;0;32;0;
826;1742377;707686400;11034624;719495168;0;0;0;0;0;0;0;0;0;0;0;2515;0;0;39;0;32;0;
827;1326998;707686400;11034624;719495168;0;0;0;0;0;0;0;0;0;0;0;2855;0;0;39;0;32;0;
828;1433698;707686400;11034624;719495168;0;0;0;0;0;0;0;0;0;0;0;2855;0;0;39;0;32;0;
829;1479675;707686400;11034624;719495168;0;0;0;0;0;0;0;0;0;0;0;2624;0;0;39;0;32;0;
830;2227577;707686400;11034624;719495168;0;0;0;0;0;0;0;0;0;0;0;2185;0;0;39;0;32;0;
831;1976336;711880704;11034624;736272384;0;0;0;0;0;0;0;0;0;0;0;2665;0;0;39;0;32;0;
832;3097257;715849728;11034624;736272384;0;0;0;0;0;0;0;0;0;0;0;2605;0;0;40;0;32;0;
833;1399754;715849728;11034624;736272384;0;0;0;0;0;0;0;0;0;0;0;2625;0;0;40;0;32;0;
834;6733506;715849728;11034624;736272384;0;0;0;0;0;0;0;0;0;0;0;5480;0;0;40;0;32;0;
835;1851642;716111872;11034624;736272384;0;0;0;0;0;0;0;0;0;0;0;2204;0;0;40;0;32;0;
836;1503940;716111872;11034624;736272384;0;0;0;0;0;0;0;0;0;0;0;1794;0;0;40;0;32;0;
837;1287895;716111872;11034624;736272384;0;0;0;0;0;0;0;0;0;0;0;1693;0;0;40;0;32;0;
838;1806928;716111872;11034624;736272384;0;0;0;0;0;0;0;0;0;0;0;3026;0;0;40;0;32;0;
839;4301225;722403328;11034624;753049600;0;0;0;0;0;0;0;0;0;0;0;3807;0;0;41;0;32;0;
840;1798362;722403328;11034624;753049600;0;0;0;0;0;0;0;0;0;0;0;2976;0;0;41;0;32;0;
841;1618595;722403328;11034624;753049600;0;0;0;0;0;0;0;0;0;0;0;3196;0;0;41;0;32;0;
842;1612934;722403328;11034624;753049600;0;0;0;0;0;0;0;0;0;0;0;2815;0;0;41;0;32;0;
843;1450560;722403328;11034624;753049600;0;0;0;0;0;0;0;0;0;0;0;2645;0;0;41;0;32;0;
844;1414232;722403328;11034624;753049600;0;0;0;0;0;0;0;0;0;0;0;2895;0;0;41;0;32;0;
845;1551900;722403328;11034624;753049600;0;0;0;0;0;0;0;0;0;0;0;2886;0;0;41;0;32;0;
846;2316003;722403328;11034624;753049600;0;0;0;0;0;0;0;0;0;0;0;2655;0;0;41;0;32;0;
847;3780068;726634496;11034624;753049600;0;0;0;0;0;0;0;0;0;0;0;3257;0;0;42;0;32;0;
848;1543535;726634496;11034624;753049600;0;0;0;0;0;0;0;0;0;0;0;2796;0;0;42;0;32;0;
849;1435882;726634496;11034624;753049600;0;0;0;0;0;0;0;0;0;0;0;2555;0;0;42;0;32;0;
850;1437987;726634496;11034624;753049600;0;0;0;0;0;0;0;0;0;0;0;2595;0;0;42;0;32;0;
851;1423129;726634496;11034624;753049600;0;0;0;0;0;0;0;0;0;0;0;2906;0;0;42;0;32;0;
852;1395597;726634496;11034624;753049600;0;0;0;0;0;0;0;0;0;0;0;2936;0;0;42;0;32;0;
853;2254146;726634496;11034624;753049600;0;0;0;0;0;0;0;0;0;0;0;2785;0;0;42;0;32;0;
854;2145032;726634496;11034624;753049600;0;0;0;0;0;0;0;0;0;0;0;2775;0;0;42;0;32;0;
855;1692894;726634496;11034624;753049600;0;0;0;0;0;0;0;0;0;0;0;2545;0;0;42;0;32;0;
856;3258670;732925952;11034624;769826816;0;0;0;0;0;0;0;0;0;0;0;3757;0;0;43;0;32;0;
857;1567810;732925952;11034624;769826816;0;0;0;0;0;0;0;0;0;0;0;2855;0;0;43;0;32;0;
858;2413255;732925952;11034624;769826816;0;0;0;0;0;0;0;0;0;0;0;2615;0;0;43;0;32;0;
859;1447914;732925952;11034624;769826816;0;0;0;0;0;0;0;0;0;0;0;2705;0;0;43;0;32;0;
860;1991134;732925952;11034624;769826816;0;0;0;0;0;0;0;0;0;0;0;2605;0;0;43;0;32;0;
861;1534047;732925952;11034624;769826816;0;0;0;0;0;0;0;0;0;0;0;2625;0;0;43;0;32;0;
862;1402961;732925952;11034624;769826816;0;0;0;0;0;0;0;0;0;0;0;2595;0;0;43;0;32;0;
863;1491967;732925952;11034624;769826816;0;0;0;0;0;0;0;0;0;0;0;2635;0;0;43;0;32;0;
864;1621841;732925952;11034624;769826816;0;0;0;0;0;0;0;0;0;0;0;2645;0;0;43;0;32;0;
865;4543960;736956416;11034624;769826816;0;0;0;0;0;0;0;0;0;0;0;3216;0;0;44;0;32;0;
866;1617513;736956416;11034624;769826816;0;0;0;0;0;0;0;0;0;0;0;2575;0;0;44;0;32;0;
867;1614267;736956416;11034624;769826816;0;0;0;0;0;0;0;0;0;0;0;2605;0;0;44;0;32;0;
868;1505002;736956416;11034624;769826816;0;0;0;0;0;0;0;0;0;0;0;2926;0;0;44;0;32;0;
869;2284734;736956416;11034624;769826816;0;0;0;0;0;0;0;0;0;0;0;2615;0;0;44;0;32;0;
870;2164900;737038336;10907648;769699840;0;0;0;0;0;0;0;0;0;0;0;2565;0;0;44;0;32;0;
871;2589185;737038336;10907648;769699840;0;0;0;0;0;0;0;0;0;0;0;2595;0;0;44;0;32;0;
872;4145293;741015552;10907648;769699840;0;0;0;0;0;0;0;0;0;0;0;3025;0;0;45;0;32;0;
873;1444599;741015552;10907648;769699840;0;0;0;0;0;0;0;0;0;0;0;2665;0;0;45;0;32;0;
874;1487950;741015552;10907648;769699840;0;0;0;0;0;0;0;0;0;0;0;2786;0;0;45;0;32;0;
875;1470147;741015552;10907648;769699840;0;0;0;0;0;0;0;0;0;0;0;2504;0;0;45;0;32;0;
876;1301059;741015552;10907648;769699840;0;0;0;0;0;0;0;0;0;0;0;2645;0;0;45;0;32;0;
877;1460990;741015552;10907648;769699840;0;0;0;0;0;0;0;0;0;0;0;2855;0;0;45;0;32;0;
878;2788188;741015552;10907648;769699840;0;0;0;0;0;0;0;0;0;0;0;2825;0;0;45;0;32;0;
879;1686552;741015552;10907648;769699840;0;0;0;0;0;0;0;0;0;0;0;2535;0;0;45;0;32;0;
880;1398522;741015552;10907648;769699840;0;0;0;0;0;0;0;0;0;0;0;2595;0;0;45;0;32;0;
881;1437846;741015552;10907648;769699840;0;0;0;0;0;0;0;0;0;0;0;2665;0;0;45;0;32;0;
882;2141265;741015552;10907648;769699840;0;0;0;0;0;0;0;0;0;0;0;2765;0;0;45;0;32;0;
883;2414457;741015552;10907648;769699840;0;0;0;0;0;0;0;0;0;0;0;2695;0;0;45;0;32;0;
884;1630477;741277696;10907648;769699840;0;0;0;0;0;0;0;0;0;0;0;2925;0;0;45;0;32;0;
885;1267406;741277696;10907648;769699840;0;0;0;0;0;0;0;0;0;0;0;2795;0;0;45;0;32;0;
886;1321358;741277696;10907648;769699840;0;0;0;0;0;0;0;0;0;0;0;2866;0;0;45;0;32;0;
887;1501385;741277696;10907648;769699840;0;0;0;0;0;0;0;0;0;0;0;2565;0;0;45;0;32;0;
888;1864777;741277696;10907648;769699840;0;0;0;0;0;0;0;0;0;0;0;2365;0;0;45;0;32;0;
889;1292925;741277696;10907648;769699840;0;0;0;0;0;0;0;0;0;0;0;2575;0;0;45;0;32;0;
890;1497668;741277696;10907648;769699840;0;0;0;0;0;0;0;0;0;0;0;2715;0;0;45;0;32;0;
891;2942768;747569152;10907648;786477056;0;0;0;0;0;0;0;0;0;0;0;3707;0;0;46;0;32;0;
892;1848426;747569152;10907648;786477056;0;0;0;0;0;0;0;0;0;0;0;2715;0;0;46;0;32;0;
893;1444359;747569152;13074432;788643840;0;0;0;0;0;0;0;0;0;0;0;2845;0;0;46;0;32;0;
894;2626034;747655168;12812288;788381696;0;0;0;0;0;0;0;0;0;0;0;2986;0;0;46;0;32;0;
895;1846963;747655168;12812288;788381696;0;0;0;0;0;0;0;0;0;0;0;4699;0;0;46;0;32;0;
896;2054533;747655168;12812288;788381696;0;0;0;0;0;0;0;0;0;0;0;5079;0;0;46;0;32;0;
897;1762845;747655168;12812288;788381696;0;0;0;0;0;0;0;0;0;0;0;3336;0;0;46;0;32;0;
898;1538154;747655168;12812288;788381696;0;0;0;0;0;0;0;0;0;0;0;2695;0;0;46;0;32;0;
899;5000186;751706112;12812288;788381696;0;0;0;0;0;0;0;0;0;0;0;3597;0;0;47;0;32;0;
900;1652709;751706112;12812288;788381696;0;0;0;0;0;0;0;0;0;0;0;3226;0;0;47;0;32;0;
901;1498751;751706112;12812288;788381696;0;0;0;0;0;0;0;0;0;0;0;3106;0;0;47;0;32;0;
902;1585022;751706112;12812288;788381696;0;0;0;0;0;0;0;0;0;0;0;2945;0;0;47;0;32;0;
903;1383054;751706112;12812288;788381696;0;0;0;0;0;0;0;0;0;0;0;2905;0;0;47;0;32;0;
904;1587597;751706112;12812288;788381696;0;0;0;0;0;0;0;0;0;0;0;3206;0;0;47;0;32;0;
905;1359188;751706112;12812288;788381696;0;0;0;0;0;0;0;0;0;0;0;2585;0;0;47;0;32;0;
906;5000646;751706112;12812288;788381696;0;0;0;0;0;0;0;0;0;0;0;4118;0;0;47;0;32;0;
907;6919264;756224000;12816384;788385792;0;0;0;0;0;0;0;0;0;0;0;5010;0;0;48;0;32;0;
908;3235236;756224000;12816384;788385792;0;0;0;0;0;0;0;0;0;0;0;4328;0;0;48;0;32;0;
909;2351570;756224000;12816384;788385792;0;0;0;0;0;0;0;0;0;0;0;4709;0;0;48;0;32;0;
910;3036343;756224000;12816384;788385792;0;0;0;0;0;0;0;0;0;0;0;4819;0;0;48;0;32;0;
911;3827036;762515456;12816384;805163008;0;0;0;0;0;0;0;0;0;0;0;4128;0;0;49;0;32;0;
912;3157560;762515456;12816384;805163008;0;0;0;0;0;0;0;0;0;0;0;4880;0;0;49;0;32;0;
913;1767263;762515456;12816384;805163008;0;0;0;0;0;0;0;0;0;0;0;3467;0;0;49;0;32;0;
914;1435762;762515456;12816384;805163008;0;0;0;0;0;0;0;0;0;0;0;3757;0;0;49;0;32;0;
915;1692283;762515456;12816384;805163008;0;0;0;0;0;0;0;0;0;0;0;2856;0;0;49;0;32;0;
916;1528205;762515456;12816384;805163008;0;0;0;0;0;0;0;0;0;0;0;3076;0;0;49;0;32;0;
917;2175479;762515456;12816384;805163008;0;0;0;0;0;0;0;0;0;0;0;3186;0;0;49;0;32;0;
918;2564248;762515456;12816384;805163008;0;0;0;0;0;0;0;0;0;0;0;3517;0;0;49;0;32;0;
919;3621451;766742528;12816384;805163008;0;0;0;0;0;0;0;0;0;0;0;4649;0;0;50;0;32;0;
920;2038863;766742528;12816384;805163008;0;0;0;0;0;0;0;0;0;0;0;3857;0;0;50;0;32;0;
921;1653100;766742528;12816384;805163008;0;0;0;0;0;0;0;0;0;0;0;4198;0;0;50;0;32;0;
922;1522355;766742528;12816384;805163008;0;0;0;0;0;0;0;0;0;0;0;3166;0;0;50;0;32;0;
923;1464416;766742528;12816384;805163008;0;0;0;0;0;0;0;0;0;0;0;4087;0;0;50;0;32;0;
924;1497377;766742528;12816384;805163008;0;0;0;0;0;0;0;0;0;0;0;2735;0;0;50;0;32;0;
925;1652859;766742528;12816384;805163008;0;0;0;0;0;0;0;0;0;0;0;2605;0;0;50;0;32;0;
926;1506285;766742528;12816384;805163008;0;0;0;0;0;0;0;0;0;0;0;2725;0;0;50;0;32;0;
927;3933125;770793472;12816384;805163008;0;0;0;0;0;0;0;0;0;0;0;4309;0;0;51;0;32;0;
928;1612424;770793472;12816384;805163008;0;0;0;0;0;0;0;0;0;0;0;3527;0;0;51;0;32;0;
929;2112411;770793472;12816384;805163008;0;0;0;0;0;0;0;0;0;0;0;3576;0;0;51;0;32;0;
930;1510913;770793472;12816384;805163008;0;0;0;0;0;0;0;0;0;0;0;3647;0;0;51;0;32;0;
931;1441833;770793472;12816384;805163008;0;0;0;0;0;0;0;0;0;0;0;3045;0;0;51;0;32;0;
932;1753959;770793472;12816384;805163008;0;0;0;0;0;0;0;0;0;0;0;3587;0;0;51;0;32;0;
933;1634815;770793472;12816384;805163008;0;0;0;0;0;0;0;0;0;0;0;3025;0;0;51;0;32;0;
934;2024286;770793472;12816384;805163008;0;0;0;0;0;0;0;0;0;0;0;2184;0;0;51;0;32;0;
935;2797385;777347072;12816384;821940224;0;0;0;0;0;0;0;0;0;0;0;3146;0;0;52;0;32;0;
936;1252168;777347072;12816384;821940224;0;0;0;0;0;0;0;0;0;0;0;1903;0;0;52;0;32;0;
937;1045581;777347072;12816384;821940224;0;0;0;0;0;0;0;0;0;0;0;1923;0;0;52;0;32;0;
938;930315;777347072;12816384;821940224;0;0;0;0;0;0;0;0;0;0;0;1634;0;0;52;0;32;0;
939;962114;777347072;12816384;821940224;0;0;0;0;0;0;0;0;0;0;0;1954;0;0;52;0;32;0;
940;1630578;777347072;12816384;821940224;0;0;0;0;0;0;0;0;0;0;0;2184;0;0;52;0;32;0;
941;976371;777347072;12816384;821940224;0;0;0;0;0;0;0;0;0;0;0;1733;0;0;52;0;32;0;
942;985017;777347072;12816384;821940224;0;0;0;0;0;0;0;0;0;0;0;1603;0;0;52;0;32;0;
943;1126532;777347072;12816384;821940224;0;0;0;0;0;0;0;0;0;0;0;1683;0;0;52;0;32;0;
944;1082610;777347072;12816384;821940224;0;0;0;0;0;0;0;0;0;0;0;1724;0;0;52;0;32;0;
945;1087209;777347072;12816384;821940224;0;0;0;0;0;0;0;0;0;0;0;1653;0;0;52;0;32;0;
946;1000576;777347072;12816384;821940224;0;0;0;0;0;0;0;0;0;0;0;1633;0;0;52;0;32;0;
947;974618;777347072;12816384;821940224;0;0;0;0;0;0;0;0;0;0;0;1863;0;0;52;0;32;0;
948;1785447;777347072;12816384;821940224;0;0;0;0;0;0;0;0;0;0;0;2956;0;0;52;0;32;0;
949;4058129;781389824;12816384;821940224;0;0;0;0;0;0;0;0;0;0;0;3597;0;0;53;0;32;0;
950;1619096;781389824;12816384;821940224;0;0;0;0;0;0;0;0;0;0;0;2644;0;0;53;0;32;0;
951;2077426;781389824;12816384;821940224;0;0;0;0;0;0;0;0;0;0;0;2605;0;0;53;0;32;0;
952;1465268;781389824;12816384;821940224;0;0;0;0;0;0;0;0;0;0;0;3026;0;0;53;0;32;0;
953;1506445;781389824;12816384;821940224;0;0;0;0;0;0;0;0;0;0;0;2595;0;0;53;0;32;0;
954;1436293;781389824;12816384;821940224;0;0;0;0;0;0;0;0;0;0;0;2545;0;0;53;0;32;0;
955;1275331;781389824;12816384;821940224;0;0;0;0;0;0;0;0;0;0;0;2545;0;0;53;0;32;0;
956;2429084;781389824;12816384;821940224;0;0;0;0;0;0;0;0;0;0;0;2635;0;0;53;0;32;0;
957;1670763;781656064;12816384;821940224;0;0;0;0;0;0;0;0;0;0;0;2635;0;0;53;0;32;0;
958;1456361;781656064;12816384;821940224;0;0;0;0;0;0;0;0;0;0;0;2635;0;0;53;0;32;0;
959;1462362;781656064;12816384;821940224;0;0;0;0;0;0;0;0;0;0;0;2615;0;0;53;0;32;0;
960;1578579;781656064;12816384;821940224;0;0;0;0;0;0;0;0;0;0;0;2645;0;0;53;0;32;0;
961;1575634;781656064;12816384;821940224;0;0;0;0;0;0;0;0;0;0;0;2996;0;0;53;0;32;0;
962;2033363;781926400;12816384;821940224;0;0;0;0;0;0;0;0;0;0;0;2996;0;0;53;0;32;0;
963;1408511;781926400;12816384;821940224;0;0;0;0;0;0;0;0;0;0;0;2726;0;0;53;0;32;0;
964;1608426;781926400;12816384;821940224;0;0;0;0;0;0;0;0;0;0;0;2845;0;0;53;0;32;0;
965;1628263;781926400;12816384;821940224;0;0;0;0;0;0;0;0;0;0;0;2705;0;0;53;0;32;0;
966;1551228;781926400;12816384;821940224;0;0;0;0;0;0;0;0;0;0;0;2625;0;0;53;0;32;0;
967;4093205;786178048;12816384;821940224;0;0;0;0;0;0;0;0;0;0;0;3286;0;0;54;0;32;0;
968;2141385;786178048;12816384;821940224;0;0;0;0;0;0;0;0;0;0;0;2866;0;0;54;0;32;0;
969;2241463;786178048;12816384;821940224;0;0;0;0;0;0;0;0;0;0;0;2695;0;0;54;0;32;0;
970;1633974;786178048;12816384;821940224;0;0;0;0;0;0;0;0;0;0;0;2615;0;0;54;0;32;0;
971;1409553;786178048;12816384;821940224;0;0;0;0;0;0;0;0;0;0;0;2716;0;0;54;0;32;0;
972;1648721;786178048;12816384;821940224;0;0;0;0;0;0;0;0;0;0;0;2745;0;0;54;0;32;0;
973;2640241;786178048;12816384;821940224;0;0;0;0;0;0;0;0;0;0;0;1603;0;0;54;0;32;0;
974;1371842;786178048;12816384;821940224;0;0;0;0;0;0;0;0;0;0;0;1512;0;0;54;0;32;0;
975;1182918;786178048;12816384;821940224;0;0;0;0;0;0;0;0;0;0;0;1573;0;0;54;0;32;0;
976;1284158;786178048;12816384;821940224;0;0;0;0;0;0;0;0;0;0;0;1322;0;0;54;0;32;0;
977;1100123;786178048;12816384;821940224;0;0;0;0;0;0;0;0;0;0;0;1422;0;0;54;0;32;0;
978;1116614;786178048;12816384;821940224;0;0;0;0;0;0;0;0;0;0;0;1443;0;0;54;0;32;0;
979;1099101;786178048;12816384;821940224;0;0;0;0;0;0;0;0;0;0;0;1693;0;0;54;0;32;0;
980;1013700;786178048;12816384;821940224;0;0;0;0;0;0;0;0;0;0;0;1353;0;0;54;0;32;0;
981;1699065;786178048;12816384;821940224;0;0;0;0;0;0;0;0;0;0;0;91682;0;0;54;0;32;0;
982;1538435;786178048;12816384;821940224;0;0;0;0;0;0;0;0;0;0;0;1442;0;0;54;0;32;0;
983;1485556;786448384;12816384;821940224;0;0;0;0;0;0;0;0;0;0;0;1623;0;0;54;0;32;0;
984;2805040;784838656;10936320;820060160;0;0;0;0;0;0;0;0;0;0;0;2815;0;0;54;0;32;0;
985;2801803;784838656;10936320;820060160;0;0;0;0;0;0;0;0;0;0;0;2725;0;0;54;0;32;0;
986;4572564;793001984;10936320;836837376;0;0;0;0;0;0;0;0;0;0;0;5239;0;0;55;0;32;0;
987;1983029;793001984;10936320;836837376;0;0;0;0;0;0;0;0;0;0;0;2926;0;0;55;0;32;0;
988;1705248;793001984;10936320;836837376;0;0;0;0;0;0;0;0;0;0;0;2555;0;0;55;0;32;0;
989;2157305;793001984;10936320;836837376;0;0;0;0;0;0;0;0;0;0;0;2585;0;0;55;0;32;0;
990;2255730;793001984;10936320;836837376;0;0;0;0;0;0;0;0;0;0;0;2575;0;0;55;0;32;0;
991;1895454;793260032;10936320;836837376;0;0;0;0;0;0;0;0;0;0;0;2645;0;0;55;0;32;0;
992;2885380;799551488;10936320;853614592;0;0;0;0;0;0;0;0;0;0;0;4488;0;0;56;0;32;0;
993;1802019;799551488;10936320;853614592;0;0;0;0;0;0;0;0;0;0;0;2995;0;0;56;0;32;0;
994;1488972;799551488;10936320;853614592;0;0;0;0;0;0;0;0;0;0;0;2595;0;0;56;0;32;0;
995;2480912;799551488;10936320;853614592;0;0;0;0;0;0;0;0;0;0;0;2615;0;0;56;0;32;0;
996;1548103;799551488;10936320;853614592;0;0;0;0;0;0;0;0;0;0;0;2624;0;0;56;0;32;0;
997;1639044;799551488;10936320;853614592;0;0;0;0;0;0;0;0;0;0;0;2806;0;0;56;0;32;0;
998;1608626;799551488;10936320;853614592;0;0;0;0;0;0;0;0;0;0;0;2846;0;0;56;0;32;0;
999;1376682;799551488;10936320;853614592;0;0;0;0;0;0;0;0;0;0;0;2475;0;0;56;0;32;0;
1000;1609979;799551488;10936320;853614592;0;0;0;0;0;0;0;0;0;0;0;2625;0;0;56;0;32;0;
1001;2663554;799551488;10936320;853614592;0;0;0;0;0;0;0;0;0;0;0;2415;0;0;56;0;32;0;
1002;1686783;799551488;10936320;853614592;0;0;0;0;0;0;0;0;0;0;0;2755;0;0;56;0;32;0;
1003;1587226;799805440;10936320;853614592;0;0;0;0;0;0;0;0;0;0;0;3026;0;0;56;0;32;0;
1004;1590222;800075776;10936320;853614592;0;0;0;0;0;0;0;0;0;0;0;3497;0;0;56;0;32;0;
1005;2117581;800075776;10936320;853614592;0;0;0;0;0;0;0;0;0;0;0;2915;0;0;56;0;32;0;
1006;1585272;800075776;10936320;853614592;0;0;0;0;0;0;0;0;0;0;0;3035;0;0;56;0;32;0;
1007;1426014;800075776;10936320;853614592;0;0;0;0;0;0;0;0;0;0;0;3096;0;0;56;0;32;0;
1008;1574011;800075776;10936320;853614592;0;0;0;0;0;0;0;0;0;0;0;3176;0;0;56;0;32;0;
1009;1634134;800075776;10936320;853614592;0;0;0;0;0;0;0;0;0;0;0;3246;0;0;56;0;32;0;
1010;4637365;804061184;10936320;853614592;0;0;0;0;0;0;0;0;0;0;0;4548;0;0;57;0;32;0;
1011;1711679;804319232;10936320;853614592;0;0;0;0;0;0;0;0;0;0;0;2925;0;0;57;0;32;0;
1012;1342547;804319232;10936320;853614592;0;0;0;0;0;0;0;0;0;0;0;2915;0;0;57;0;32;0;
1013;1509130;804319232;10936320;853614592;0;0;0;0;0;0;0;0;0;0;0;2825;0;0;57;0;32;0;
1014;1410895;804319232;10936320;853614592;0;0;0;0;0;0;0;0;0;0;0;3066;0;0;57;0;32;0;
1015;2795642;804319232;12812288;855490560;0;0;0;0;0;0;0;0;0;0;0;2795;0;0;57;0;32;0;
1016;1675462;804319232;12812288;855490560;0;0;0;0;0;0;0;0;0;0;0;2564;0;0;57;0;32;0;
1017;3846332;810868736;12812288;872267776;0;0;0;0;0;0;0;0;0;0;0;4067;0;0;58;0;32;0;
1018;1913849;810868736;12812288;872267776;0;0;0;0;0;0;0;0;0;0;0;2706;0;0;58;0;32;0;
1019;1500213;810868736;12812288;872267776;0;0;0;0;0;0;0;0;0;0;0;2665;0;0;58;0;32;0;
1020;1521443;810868736;12812288;872267776;0;0;0;0;0;0;0;0;0;0;0;2785;0;0;58;0;32;0;
1021;1356884;810868736;12812288;872267776;0;0;0;0;0;0;0;0;0;0;0;3006;0;0;58;0;32;0;
1022;1471309;810868736;12812288;872267776;0;0;0;0;0;0;0;0;0;0;0;3036;0;0;58;0;32;0;
1023;1716309;810868736;12812288;872267776;0;0;0;0;0;0;0;0;0;0;0;3066;0;0;58;0;32;0;
1024;1816386;810868736;12812288;872267776;0;0;0;0;0;0;0;0;0;0;0;3116;0;0;58;0;32;0;
1025;2236524;810897408;12656640;872112128;0;0;0;0;0;0;0;0;0;0;0;2655;0;0;58;0;32;0;
1026;4505648;814878720;12656640;872112128;0;0;0;0;0;0;0;0;0;0;0;3146;0;0;59;0;32;0;
1027;1573681;814878720;12656640;872112128;0;0;0;0;0;0;0;0;0;0;0;2985;0;0;59;0;32;0;
1028;1862091;814878720;12656640;872112128;0;0;0;0;0;0;0;0;0;0;0;2996;0;0;59;0;32;0;
1029;1331907;814878720;12656640;872112128;0;0;0;0;0;0;0;0;0;0;0;2825;0;0;59;0;32;0;
1030;1452774;814878720;12656640;872112128;0;0;0;0;0;0;0;0;0;0;0;3085;0;0;59;0;32;0;
1031;1510072;814878720;12656640;872112128;0;0;0;0;0;0;0;0;0;0;0;2765;0;0;59;0;32;0;
1032;1620248;814878720;12656640;872112128;0;0;0;0;0;0;0;0;0;0;0;2926;0;0;59;0;32;0;
1033;1630357;814878720;12656640;872112128;0;0;0;0;0;0;0;0;0;0;0;3105;0;0;59;0;32;0;
1034;3538485;819122176;12656640;872112128;0;0;0;0;0;0;0;0;0;0;0;3838;0;0;60;0;32;0;
1035;5033097;819392512;12660736;872116224;0;0;0;0;0;0;0;0;0;0;0;3256;0;0;60;0;32;0;
1036;3767094;819392512;12668928;872124416;0;0;0;0;0;0;0;0;0;0;0;2965;0;0;60;0;32;0;
1037;1221490;819392512;12668928;872124416;0;0;0;0;0;0;0;0;0;0;0;1363;0;0;60;0;32;0;
1038;1326036;819392512;12668928;872124416;0;0;0;0;0;0;0;0;0;0;0;1363;0;0;60;0;32;0;
1039;2095519;819392512;12668928;872124416;0;0;0;0;0;0;0;0;0;0;0;2675;0;0;60;0;32;0;
1040;3278697;825942016;12668928;888901632;0;0;0;0;0;0;0;0;0;0;0;3707;0;0;61;0;32;0;
1041;1784155;825942016;12668928;888901632;0;0;0;0;0;0;0;0;0;0;0;2875;0;0;61;0;32;0;
1042;1465718;825942016;12668928;888901632;0;0;0;0;0;0;0;0;0;0;0;2635;0;0;61;0;32;0;
1043;1553593;825942016;12668928;888901632;0;0;0;0;0;0;0;0;0;0;0;2695;0;0;61;0;32;0;
1044;1555106;825942016;12668928;888901632;0;0;0;0;0;0;0;0;0;0;0;3376;0;0;61;0;32;0;
1045;1368105;825942016;12668928;888901632;0;0;0;0;0;0;0;0;0;0;0;2565;0;0;61;0;32;0;
1046;2148309;825942016;12668928;888901632;0;0;0;0;0;0;0;0;0;0;0;2555;0;0;61;0;32;0;
1047;1367384;825942016;12668928;888901632;0;0;0;0;0;0;0;0;0;0;0;1643;0;0;61;0;32;0;
1048;3142172;829992960;12668928;888901632;0;0;0;0;0;0;0;0;0;0;0;2004;0;0;62;0;32;0;
1049;1124859;829992960;12668928;888901632;0;0;0;0;0;0;0;0;0;0;0;1663;0;0;62;0;32;0;
1050;1883672;829992960;12668928;888901632;0;0;0;0;0;0;0;0;0;0;0;1492;0;0;62;0;32;0;
1051;1231389;829992960;12668928;888901632;0;0;0;0;0;0;0;0;0;0;0;1663;0;0;62;0;32;0;
1052;1065518;829992960;12668928;888901632;0;0;0;0;0;0;0;0;0;0;0;1392;0;0;62;0;32;0;
1053;1198577;829992960;12668928;888901632;0;0;0;0;0;0;0;0;0;0;0;1393;0;0;62;0;32;0;
1054;1136060;829992960;12668928;888901632;0;0;0;0;0;0;0;0;0;0;0;1473;0;0;62;0;32;0;
1055;1002650;829992960;12668928;888901632;0;0;0;0;0;0;0;0;0;0;0;1533;0;0;62;0;32;0;
1056;2069620;829992960;12668928;888901632;0;0;0;0;0;0;0;0;0;0;0;1453;0;0;62;0;32;0;
1057;1534547;829992960;12668928;888901632;0;0;0;0;0;0;0;0;0;0;0;2715;0;0;62;0;32;0;
1058;1348518;829992960;12668928;888901632;0;0;0;0;0;0;0;0;0;0;0;2706;0;0;62;0;32;0;
1059;1383103;829992960;12668928;888901632;0;0;0;0;0;0;0;0;0;0;0;2625;0;0;62;0;32;0;
1060;1370319;829992960;12668928;888901632;0;0;0;0;0;0;0;0;0;0;0;2655;0;0;62;0;32;0;
1061;2054793;829992960;12668928;888901632;0;0;0;0;0;0;0;0;0;0;0;2715;0;0;62;0;32;0;
1062;1673799;830263296;12668928;888901632;0;0;0;0;0;0;0;0;0;0;0;2545;0;0;62;0;32;0;
1063;1338721;830263296;12668928;888901632;0;0;0;0;0;0;0;0;0;0;0;2595;0;0;62;0;32;0;
1064;1358647;830263296;12668928;888901632;0;0;0;0;0;0;0;0;0;0;0;2725;0;0;62;0;32;0;
1065;1507046;830263296;12668928;888901632;0;0;0;0;0;0;0;0;0;0;0;2665;0;0;62;0;32;0;
1066;2194745;830263296;12668928;888901632;0;0;0;0;0;0;0;0;0;0;0;2765;0;0;62;0;32;0;
1067;2337714;830263296;12668928;888901632;0;0;0;0;0;0;0;0;0;0;0;2685;0;0;62;0;32;0;
1068;2507562;830263296;12668928;888901632;0;0;0;0;0;0;0;0;0;0;0;2675;0;0;62;0;32;0;
1069;3226229;836816896;12668928;905678848;0;0;0;0;0;0;0;0;0;0;0;4569;0;0;63;0;32;0;
1070;1843486;836816896;12668928;905678848;0;0;0;0;0;0;0;0;0;0;0;2775;0;0;63;0;32;0;
1071;1812999;836816896;12668928;905678848;0;0;0;0;0;0;0;0;0;0;0;2826;0;0;63;0;32;0;
1072;1530220;836816896;12668928;905678848;0;0;0;0;0;0;0;0;0;0;0;2565;0;0;63;0;32;0;
1073;1430522;836816896;12668928;905678848;0;0;0;0;0;0;0;0;0;0;0;2515;0;0;63;0;32;0;
1074;1598427;836816896;12668928;905678848;0;0;0;0;0;0;0;0;0;0;0;2755;0;0;63;0;32;0;
1075;1652529;836816896;12668928;905678848;0;0;0;0;0;0;0;0;0;0;0;2785;0;0;63;0;32;0;
1076;2550973;837070848;12668928;905678848;0;0;0;0;0;0;0;0;0;0;0;1733;0;0;63;0;32;0;
1077;4000712;841125888;12668928;905678848;0;0;0;0;0;0;0;0;0;0;0;2595;0;0;64;0;32;0;
1078;1524899;841125888;12668928;905678848;0;0;0;0;0;0;0;0;0;0;0;1603;0;0;64;0;32;0;
1079;1239464;841125888;12668928;905678848;0;0;0;0;0;0;0;0;0;0;0;1452;0;0;64;0;32;0;
1080;951484;841125888;12668928;905678848;0;0;0;0;0;0;0;0;0;0;0;1643;0;0;64;0;32;0;
1081;1148243;841125888;12668928;905678848;0;0;0;0;0;0;0;0;0;0;0;1463;0;0;64;0;32;0;
1082;1131511;841125888;12668928;905678848;0;0;0;0;0;0;0;0;0;0;0;1402;0;0;64;0;32;0;
1083;1206983;841125888;12668928;905678848;0;0;0;0;0;0;0;0;0;0;0;1392;0;0;64;0;32;0;
1084;1043677;841125888;12668928;905678848;0;0;0;0;0;0;0;0;0;0;0;1413;0;0;64;0;32;0;
1085;992260;841125888;12668928;905678848;0;0;0;0;0;0;0;0;0;0;0;1593;0;0;64;0;32;0;
1086;2652524;841396224;12668928;905678848;0;0;0;0;0;0;0;0;0;0;0;2495;0;0;64;0;32;0;
1087;3859847;845381632;12668928;905678848;0;0;0;0;0;0;0;0;0;0;0;2244;0;0;65;0;32;0;
1088;1274139;845639680;12668928;905678848;0;0;0;0;0;0;0;0;0;0;0;1733;0;0;65;0;32;0;
1089;1118146;845639680;12668928;905678848;0;0;0;0;0;0;0;0;0;0;0;1403;0;0;65;0;32;0;
1090;1428599;845639680;12668928;905678848;0;0;0;0;0;0;0;0;0;0;0;1523;0;0;65;0;32;0;
1091;1026465;845639680;12668928;905678848;0;0;0;0;0;0;0;0;0;0;0;1422;0;0;65;0;32;0;
1092;1518287;845639680;12668928;905678848;0;0;0;0;0;0;0;0;0;0;0;1633;0;0;65;0;32;0;
1093;1117646;845639680;12668928;905678848;0;0;0;0;0;0;0;0;0;0;0;1773;0;0;65;0;32;0;
1094;1158663;845639680;12668928;905678848;0;0;0;0;0;0;0;0;0;0;0;1423;0;0;65;0;32;0;
1095;911128;845639680;12668928;905678848;0;0;0;0;0;0;0;0;0;0;0;1713;0;0;65;0;32;0;
1096;1611502;845639680;12668928;905678848;0;0;0;0;0;0;0;0;0;0;0;1373;0;0;65;0;32;0;
1097;3102628;852201472;12668928;922456064;0;0;0;0;0;0;0;0;0;0;0;4689;0;0;66;0;32;0;
1098;1944657;852201472;12668928;922456064;0;0;0;0;0;0;0;0;0;0;0;2545;0;0;66;0;32;0;
1099;1375679;852201472;12668928;922456064;0;0;0;0;0;0;0;0;0;0;0;2936;0;0;66;0;32;0;
1100;1352777;852201472;12668928;922456064;0;0;0;0;0;0;0;0;0;0;0;2575;0;0;66;0;32;0;
1101;1837886;852201472;12668928;922456064;0;0;0;0;0;0;0;0;0;0;0;2675;0;0;66;0;32;0;
1102;2335479;852201472;12668928;922456064;0;0;0;0;0;0;0;0;0;0;0;2665;0;0;66;0;32;0;
1103;1758527;852201472;12668928;922456064;0;0;0;0;0;0;0;0;0;0;0;2525;0;0;66;0;32;0;
1104;1493310;852201472;12668928;922456064;0;0;0;0;0;0;0;0;0;0;0;2535;0;0;66;0;32;0;
1105;1368917;852201472;12668928;922456064;0;0;0;0;0;0;0;0;0;0;0;2805;0;0;66;0;32;0;
1106;4869992;856498176;12656640;922443776;0;0;0;0;0;0;0;0;0;0;0;3817;0;0;67;0;32;0;
1107;1941460;856498176;12656640;922443776;0;0;0;0;0;0;0;0;0;0;0;1874;0;0;67;0;32;0;
1108;1183599;856498176;12656640;922443776;0;0;0;0;0;0;0;0;0;0;0;1463;0;0;67;0;32;0;
1109;1108619;856498176;12656640;922443776;0;0;0;0;0;0;0;0;0;0;0;1453;0;0;67;0;32;0;
1110;1129899;856498176;12656640;922443776;0;0;0;0;0;0;0;0;0;0;0;1633;0;0;67;0;32;0;
1111;937899;856498176;12656640;922443776;0;0;0;0;0;0;0;0;0;0;0;1522;0;0;67;0;32;0;
1112;982382;856498176;12656640;922443776;0;0;0;0;0;0;0;0;0;0;0;1333;0;0;67;0;32;0;
1113;1006738;856498176;12656640;922443776;0;0;0;0;0;0;0;0;0;0;0;1663;0;0;67;0;32;0;
1114;955462;856498176;12656640;922443776;0;0;0;0;0;0;0;0;0;0;0;1633;0;0;67;0;32;0;
1115;2134061;856338432;12484608;922271744;0;0;0;0;0;0;0;0;0;0;0;2985;0;0;67;0;32;0;
1116;3451361;860315648;12484608;922271744;0;0;0;0;0;0;0;0;0;0;0;3516;0;0;68;0;32;0;
1117;2031780;860315648;12484608;922271744;0;0;0;0;0;0;0;0;0;0;0;3055;0;0;68;0;32;0;
1118;2633297;860315648;12484608;922271744;0;0;0;0;0;0;0;0;0;0;0;2945;0;0;68;0;32;0;
1119;1675482;860315648;12484608;922271744;0;0;0;0;0;0;0;0;0;0;0;3005;0;0;68;0;32;0;
1120;1486868;860315648;12484608;922271744;0;0;0;0;0;0;0;0;0;0;0;2775;0;0;68;0;32;0;
1121;1396919;860315648;12484608;922271744;0;0;0;0;0;0;0;0;0;0;0;2935;0;0;68;0;32;0;
1122;1336256;860315648;12484608;922271744;0;0;0;0;0;0;0;0;0;0;0;3056;0;0;68;0;32;0;
1123;1451572;860581888;12484608;922271744;0;0;0;0;0;0;0;0;0;0;0;2745;0;0;68;0;32;0;
1124;2607940;860581888;12484608;922271744;0;0;0;0;0;0;0;0;0;0;0;2985;0;0;68;0;32;0;
1125;1775810;860581888;12484608;922271744;0;0;0;0;0;0;0;0;0;0;0;3066;0;0;68;0;32;0;
1126;1413690;860581888;12484608;922271744;0;0;0;0;0;0;0;0;0;0;0;2966;0;0;68;0;32;0;
1127;1576516;860581888;12484608;922271744;0;0;0;0;0;0;0;0;0;0;0;3216;0;0;68;0;32;0;
1128;1691803;860581888;12484608;922271744;0;0;0;0;0;0;0;0;0;0;0;3126;0;0;68;0;32;0;
1129;1446211;860581888;12484608;922271744;0;0;0;0;0;0;0;0;0;0;0;2685;0;0;68;0;32;0;
1130;1567298;860581888;12484608;922271744;0;0;0;0;0;0;0;0;0;0;0;3006;0;0;68;0;32;0;
1131;1504291;860581888;12484608;922271744;0;0;0;0;0;0;0;0;0;0;0;3155;0;0;68;0;32;0;
1132;1442084;860581888;12484608;922271744;0;0;0;0;0;0;0;0;0;0;0;2765;0;0;68;0;32;0;
1133;2088726;860581888;12484608;922271744;0;0;0;0;0;0;0;0;0;0;0;2675;0;0;68;0;32;0;
1134;4024757;866873344;12484608;939048960;0;0;0;0;0;0;0;0;0;0;0;4739;0;0;69;0;32;0;
1135;1729743;866873344;12484608;939048960;0;0;0;0;0;0;0;0;0;0;0;3196;0;0;69;0;32;0;
1136;1371392;866873344;12484608;939048960;0;0;0;0;0;0;0;0;0;0;0;2184;0;0;69;0;32;0;
1137;1508909;866873344;12484608;939048960;0;0;0;0;0;0;0;0;0;0;0;2725;0;0;69;0;32;0;
1138;1518798;866873344;12484608;939048960;0;0;0;0;0;0;0;0;0;0;0;2555;0;0;69;0;32;0;
1139;1301190;866873344;12484608;939048960;0;0;0;0;0;0;0;0;0;0;0;2635;0;0;69;0;32;0;
1140;1432737;866873344;12484608;939048960;0;0;0;0;0;0;0;0;0;0;0;2835;0;0;69;0;32;0;
1141;1394806;866873344;12484608;939048960;0;0;0;0;0;0;0;0;0;0;0;2535;0;0;69;0;32;0;
1142;4342553;866873344;12484608;939048960;0;0;0;0;0;0;0;0;0;0;0;2945;0;0;69;0;32;0;
1143;6803818;871108608;12496896;939061248;0;0;0;0;0;0;0;0;0;0;0;3907;0;0;70;0;32;0;
1144;2036819;871108608;12496896;939061248;0;0;0;0;0;0;0;0;0;0;0;3146;0;0;70;0;32;0;
1145;1486818;871108608;12496896;939061248;0;0;0;0;0;0;0;0;0;0;0;2916;0;0;70;0;32;0;
1146;1502186;871108608;12496896;939061248;0;0;0;0;0;0;0;0;0;0;0;2585;0;0;70;0;32;0;
1147;1529859;871108608;12496896;939061248;0;0;0;0;0;0;0;0;0;0;0;2655;0;0;70;0;32;0;
1148;3548804;875352064;12496896;939061248;0;0;0;0;0;0;0;0;0;0;0;4118;0;0;71;0;32;0;
1149;2831048;875352064;12496896;939061248;0;0;0;0;0;0;0;0;0;0;0;3106;0;0;71;0;32;0;
1150;1908769;875352064;12496896;939061248;0;0;0;0;0;0;0;0;0;0;0;2695;0;0;71;0;32;0;
1151;1660103;875352064;12496896;939061248;0;0;0;0;0;0;0;0;0;0;0;2815;0;0;71;0;32;0;
1152;2084749;875352064;12496896;939061248;0;0;0;0;0;0;0;0;0;0;0;3006;0;0;71;0;32;0;
1153;1217573;875352064;12496896;939061248;0;0;0;0;0;0;0;0;0;0;0;1503;0;0;71;0;32;0;
1154;1116403;875352064;12496896;939061248;0;0;0;0;0;0;0;0;0;0;0;1422;0;0;71;0;32;0;
1155;1076588;875352064;12496896;939061248;0;0;0;0;0;0;0;0;0;0;0;1463;0;0;71;0;32;0;
1156;1046413;875352064;12496896;939061248;0;0;0;0;0;0;0;0;0;0;0;1383;0;0;71;0;32;0;
1157;3117395;881643520;12496896;955838464;0;0;0;0;0;0;0;0;0;0;0;3998;0;0;72;0;32;0;
1158;1707341;881643520;12496896;955838464;0;0;0;0;0;0;0;0;0;0;0;3016;0;0;72;0;32;0;
1159;2161914;881643520;12496896;955838464;0;0;0;0;0;0;0;0;0;0;0;3016;0;0;72;0;32;0;
1160;1694077;881643520;12496896;955838464;0;0;0;0;0;0;0;0;0;0;0;3046;0;0;72;0;32;0;
1161;2969939;881643520;12496896;955838464;0;0;0;0;0;0;0;0;0;0;0;3006;0;0;72;0;32;0;
1162;1719845;881643520;12496896;955838464;0;0;0;0;0;0;0;0;0;0;0;3066;0;0;72;0;32;0;
1163;1669671;881643520;12496896;955838464;0;0;0;0;0;0;0;0;0;0;0;2856;0;0;72;0;32;0;
1164;1477981;881643520;12496896;955838464;0;0;0;0;0;0;0;0;0;0;0;2986;0;0;72;0;32;0;
1165;3483252;885882880;12496896;955838464;0;0;0;0;0;0;0;0;0;0;0;3006;0;0;73;0;32;0;
1166;1871849;885882880;12496896;955838464;0;0;0;0;0;0;0;0;0;0;0;2635;0;0;73;0;32;0;
1167;1519189;885882880;12496896;955838464;0;0;0;0;0;0;0;0;0;0;0;2745;0;0;73;0;32;0;
1168;1599579;885882880;12496896;955838464;0;0;0;0;0;0;0;0;0;0;0;3096;0;0;73;0;32;0;
1169;1541210;885882880;12496896;955838464;0;0;0;0;0;0;0;0;0;0;0;2625;0;0;73;0;32;0;
1170;2673653;885882880;12496896;955838464;0;0;0;0;0;0;0;0;0;0;0;2605;0;0;73;0;32;0;
1171;1281924;885882880;12496896;955838464;0;0;0;0;0;0;0;0;0;0;0;1303;0;0;73;0;32;0;
1172;985618;885882880;12496896;955838464;0;0;0;0;0;0;0;0;0;0;0;1603;0;0;73;0;32;0;
1173;1134187;885882880;12496896;955838464;0;0;0;0;0;0;0;0;0;0;0;1553;0;0;73;0;32;0;
1174;3022668;889933824;12496896;955838464;0;0;0;0;0;0;0;0;0;0;0;2796;0;0;74;0;32;0;
1175;1346886;889933824;12496896;955838464;0;0;0;0;0;0;0;0;0;0;0;1623;0;0;74;0;32;0;
1176;1253190;889933824;12496896;955838464;0;0;0;0;0;0;0;0;0;0;0;1493;0;0;74;0;32;0;
1177;1204719;889933824;12496896;955838464;0;0;0;0;0;0;0;0;0;0;0;1463;0;0;74;0;32;0;
1178;1108379;889933824;12496896;955838464;0;0;0;0;0;0;0;0;0;0;0;1593;0;0;74;0;32;0;
1179;1840932;889933824;12496896;955838464;0;0;0;0;0;0;0;0;0;0;0;1613;0;0;74;0;32;0;
1180;964639;889933824;12496896;955838464;0;0;0;0;0;0;0;0;0;0;0;1924;0;0;74;0;32;0;
1181;1039860;889933824;12496896;955838464;0;0;0;0;0;0;0;0;0;0;0;1552;0;0;74;0;32;0;
1182;1205861;889933824;12496896;955838464;0;0;0;0;0;0;0;0;0;0;0;1343;0;0;74;0;32;0;
1183;1084293;889933824;12496896;955838464;0;0;0;0;0;0;0;0;0;0;0;1373;0;0;74;0;32;0;
1184;1101826;889933824;12496896;955838464;0;0;0;0;0;0;0;0;0;0;0;1663;0;0;74;0;32;0;
1185;946625;889933824;12496896;955838464;0;0;0;0;0;0;0;0;0;0;0;1413;0;0;74;0;32;0;
1186;3194100;894259200;12496896;955838464;0;0;0;0;0;0;0;0;0;0;0;1773;0;0;75;0;32;0;
1187;1100513;894259200;12496896;955838464;0;0;0;0;0;0;0;0;0;0;0;1322;0;0;75;0;32;0;
1188;1796759;894259200;12496896;955838464;0;0;0;0;0;0;0;0;0;0;0;1393;0;0;75;0;32;0;
1189;1214817;894259200;12496896;955838464;0;0;0;0;0;0;0;0;0;0;0;1383;0;0;75;0;32;0;
1190;966742;894259200;12496896;955838464;0;0;0;0;0;0;0;0;0;0;0;1533;0;0;75;0;32;0;
1191;990347;894259200;12496896;955838464;0;0;0;0;0;0;0;0;0;0;0;1593;0;0;75;0;32;0;
1192;1091747;894259200;12496896;955838464;0;0;0;0;0;0;0;0;0;0;0;1903;0;0;75;0;32;0;
1193;1886347;894259200;12496896;955838464;0;0;0;0;0;0;0;0;0;0;0;2615;0;0;75;0;32;0;
1194;1417177;894259200;12496896;955838464;0;0;0;0;0;0;0;0;0;0;0;2675;0;0;75;0;32;0;
1195;1444178;894259200;12496896;955838464;0;0;0;0;0;0;0;0;0;0;0;2645;0;0;75;0;32;0;
1196;1490985;894259200;12496896;955838464;0;0;0;0;0;0;0;0;0;0;0;2985;0;0;75;0;32;0;
1197;2122029;894259200;12496896;955838464;0;0;0;0;0;0;0;0;0;0;0;2525;0;0;75;0;32;0;
1198;1594791;894259200;12496896;955838464;0;0;0;0;0;0;0;0;0;0;0;2605;0;0;75;0;32;0;
1199;1700499;894259200;12496896;955838464;0;0;0;0;0;0;0;0;0;0;0;2575;0;0;75;0;32;0;
1200;1476298;894259200;12496896;955838464;0;0;0;0;0;0;0;0;0;0;0;2665;0;0;75;0;32;0;
1201;1624757;894259200;12496896;955838464;0;0;0;0;0;0;0;0;0;0;0;2645;0;0;75;0;32;0;
1202;1488742;894259200;12496896;955838464;0;0;0;0;0;0;0;0;0;0;0;2624;0;0;75;0;32;0;
1203;1479624;894259200;12496896;955838464;0;0;0;0;0;0;0;0;0;0;0;2565;0;0;75;0;32;0;
1204;1665893;894259200;12496896;955838464;0;0;0;0;0;0;0;0;0;0;0;2655;0;0;75;0;32;0;
1205;1565836;894259200;12496896;955838464;0;0;0;0;0;0;0;0;0;0;0;2595;0;0;75;0;32;0;
1206;2027552;894275584;12492800;955834368;0;0;0;0;0;0;0;0;0;0;0;2786;0;0;75;0;32;0;
1207;1385679;894275584;12492800;955834368;0;0;0;0;0;0;0;0;0;0;0;2555;0;0;75;0;32;0;
1208;1490274;894275584;12492800;955834368;0;0;0;0;0;0;0;0;0;0;0;2534;0;0;75;0;32;0;
1209;1550898;894275584;12492800;955834368;0;0;0;0;0;0;0;0;0;0;0;2614;0;0;75;0;32;0;
1210;1463986;894275584;12492800;955834368;0;0;0;0;0;0;0;0;0;0;0;2695;0;0;75;0;32;0;
1211;1359639;894275584;12492800;955834368;0;0;0;0;0;0;0;0;0;0;0;2625;0;0;75;0;32;0;
1212;1425593;894275584;12492800;955834368;0;0;0;0;0;0;0;0;0;0;0;2575;0;0;75;0;32;0;
1213;1516273;894275584;12492800;955834368;0;0;0;0;0;0;0;0;0;0;0;2545;0;0;75;0;32;0;
1214;1383824;894275584;12492800;955834368;0;0;0;0;0;0;0;0;0;0;0;2535;0;0;75;0;32;0;
1215;2010690;894275584;12492800;955834368;0;0;0;0;0;0;0;0;0;0;0;2525;0;0;75;0;32;0;
1216;1509621;894275584;12492800;955834368;0;0;0;0;0;0;0;0;0;0;0;2565;0;0;75;0;32;0;
1217;1657648;894275584;12492800;955834368;0;0;0;0;0;0;0;0;0;0;0;2575;0;0;75;0;32;0;
1218;1390307;894275584;12492800;955834368;0;0;0;0;0;0;0;0;0;0;0;2605;0;0;75;0;32;0;
1219;1727098;894275584;12492800;955834368;0;0;0;0;0;0;0;0;0;0;0;2575;0;0;75;0;32;0;
1220;1462633;894275584;12492800;955834368;0;0;0;0;0;0;0;0;0;0;0;2565;0;0;75;0;32;0;
1221;1321518;894275584;12492800;955834368;0;0;0;0;0;0;0;0;0;0;0;2885;0;0;75;0;32;0;
1222;1707822;894275584;12492800;955834368;0;0;0;0;0;0;0;0;0;0;0;2965;0;0;75;0;32;0;
1223;1465619;894275584;12492800;955834368;0;0;0;0;0;0;0;0;0;0;0;2505;0;0;75;0;32;0;
1224;2715582;894210048;12419072;955760640;0;0;0;0;0;0;0;0;0;0;0;2735;0;0;75;0;32;0;
1225;1546570;894210048;12419072;955760640;0;0;0;0;0;0;0;0;0;0;0;2665;0;0;75;0;32;0;
1226;1517696;894210048;12419072;955760640;0;0;0;0;0;0;0;0;0;0;0;2805;0;0;75;0;32;0;
1227;1607965;894210048;12419072;955760640;0;0;0;0;0;0;0;0;0;0;0;2805;0;0;75;0;32;0;
1228;1360491;894210048;12419072;955760640;0;0;0;0;0;0;0;0;0;0;0;2925;0;0;75;0;32;0;
1229;1365540;894210048;12419072;955760640;0;0;0;0;0;0;0;0;0;0;0;3206;0;0;75;0;32;0;
1230;1508138;894210048;12419072;955760640;0;0;0;0;0;0;0;0;0;0;0;2795;0;0;75;0;32;0;
1231;1485716;894210048;12419072;955760640;0;0;0;0;0;0;0;0;0;0;0;2665;0;0;75;0;32;0;
1232;1288206;894210048;12419072;955760640;0;0;0;0;0;0;0;0;0;0;0;2264;0;0;75;0;32;0;
1233;4730169;894210048;12419072;955760640;0;0;0;0;0;0;0;0;0;0;0;2915;0;0;75;0;32;0;
1234;3634014;894210048;12427264;955768832;0;0;0;0;0;0;0;0;0;0;0;2976;0;0;75;0;32;0;
1235;1450730;894210048;12427264;955768832;0;0;0;0;0;0;0;0;0;0;0;3396;0;0;75;0;32;0;
1236;1800876;894210048;12427264;955768832;0;0;0;0;0;0;0;0;0;0;0;2915;0;0;75;0;32;0;
1237;1380218;894210048;12427264;955768832;0;0;0;0;0;0;0;0;0;0;0;3026;0;0;75;0;32;0;
1238;1764729;894210048;12427264;955768832;0;0;0;0;0;0;0;0;0;0;0;3156;0;0;75;0;32;0;
1239;1387702;894210048;12427264;955768832;0;0;0;0;0;0;0;0;0;0;0;2905;0;0;75;0;32;0;
1240;1434499;894210048;12427264;955768832;0;0;0;0;0;0;0;0;0;0;0;2965;0;0;75;0;32;0;
1241;1381872;894210048;12427264;955768832;0;0;0;0;0;0;0;0;0;0;0;2865;0;0;75;0;32;0;
1242;2078247;894210048;12427264;955768832;0;0;0;0;0;0;0;0;0;0;0;2946;0;0;75;0;32;0;
1243;1040851;894210048;12427264;955768832;0;0;0;0;0;0;0;0;0;0;0;2234;0;0;75;0;32;0;
1244;1074615;894210048;12427264;955768832;0;0;0;0;0;0;0;0;0;0;0;1623;0;0;75;0;32;0;
1245;1110423;894210048;12427264;955768832;0;0;0;0;0;0;0;0;0;0;0;1303;0;0;75;0;32;0;
1246;1530870;894210048;12427264;955768832;0;0;0;0;0;0;0;0;0;0;0;1683;0;0;75;0;32;0;
1247;1276604;894210048;12427264;955768832;0;0;0;0;0;0;0;0;0;0;0;2083;0;0;75;0;32;0;
1248;1056642;894210048;12427264;955768832;0;0;0;0;0;0;0;0;0;0;0;1804;0;0;75;0;32;0;
1249;1109961;894210048;12427264;955768832;0;0;0;0;0;0;0;0;0;0;0;1393;0;0;75;0;32;0;
1250;1572078;894210048;12427264;955768832;0;0;0;0;0;0;0;0;0;0;0;1593;0;0;75;0;32;0;
1251;1082870;894210048;12427264;955768832;0;0;0;0;0;0;0;0;0;0;0;1704;0;0;75;0;32;0;
1252;1427346;894210048;12427264;955768832;0;0;0;0;0;0;0;0;0;0;0;1453;0;0;75;0;32;0;
1253;1315126;894210048;12427264;955768832;0;0;0;0;0;0;0;0;0;0;0;1553;0;0;75;0;32;0;
1254;996147;894210048;12427264;955768832;0;0;0;0;0;0;0;0;0;0;0;1583;0;0;75;0;32;0;
1255;1127103;894210048;12427264;955768832;0;0;0;0;0;0;0;0;0;0;0;1543;0;0;75;0;32;0;
1256;1128686;894210048;12427264;955768832;0;0;0;0;0;0;0;0;0;0;0;1222;0;0;75;0;32;0;
1257;1115932;894210048;12427264;955768832;0;0;0;0;0;0;0;0;0;0;0;1512;0;0;75;0;32;0;
1258;1626119;894210048;12427264;955768832;0;0;0;0;0;0;0;0;0;0;0;1233;0;0;75;0;32;0;
1259;1008420;894210048;12427264;955768832;0;0;0;0;0;0;0;0;0;0;0;1312;0;0;75;0;32;0;
1260;1351354;894210048;12427264;955768832;0;0;0;0;0;0;0;0;0;0;0;1593;0;0;75;0;32;0;
1261;1244373;894210048;12427264;955768832;0;0;0;0;0;0;0;0;0;0;0;1473;0;0;75;0;32;0;
1262;923141;894210048;12427264;955768832;0;0;0;0;0;0;0;0;0;0;0;1172;0;0;75;0;32;0;
1263;960391;894210048;12427264;955768832;0;0;0;0;0;0;0;0;0;0;0;1213;0;0;75;0;32;0;
1264;1059115;894210048;12427264;955768832;0;0;0;0;0;0;0;0;0;0;0;1714;0;0;75;0;32;0;
1265;1199529;894210048;12427264;955768832;0;0;0;0;0;0;0;0;0;0;0;1543;0;0;75;0;32;0;
1266;2236443;894210048;12427264;955768832;0;0;0;0;0;0;0;0;0;0;0;1222;0;0;75;0;32;0;
1267;1604709;894210048;12427264;955768832;0;0;0;0;0;0;0;0;0;0;0;3437;0;0;75;0;32;0;
1268;1692233;894210048;12427264;955768832;0;0;0;0;0;0;0;0;0;0;0;2324;0;0;75;0;32;0;
1269;1382282;894210048;12427264;955768832;0;0;0;0;0;0;0;0;0;0;0;10991;0;0;75;0;32;0;
1270;1359790;894210048;12427264;955768832;0;0;0;0;0;0;0;0;0;0;0;2975;0;0;75;0;32;0;
1271;1437195;894210048;12427264;955768832;0;0;0;0;0;0;0;0;0;0;0;2866;0;0;75;0;32;0;
1272;1423259;894210048;12427264;955768832;0;0;0;0;0;0;0;0;0;0;0;3066;0;0;75;0;32;0;
1273;1434961;894210048;12427264;955768832;0;0;0;0;0;0;0;0;0;0;0;2806;0;0;75;0;32;0;
1274;2533470;894210048;12427264;955768832;0;0;0;0;0;0;0;0;0;0;0;2956;0;0;75;0;32;0;
1275;1642159;894210048;12427264;955768832;0;0;0;0;0;0;0;0;0;0;0;2595;0;0;75;0;32;0;
1276;2088386;894210048;12427264;955768832;0;0;0;0;0;0;0;0;0;0;0;3025;0;0;75;0;32;0;
1277;1711459;894210048;12427264;955768832;0;0;0;0;0;0;0;0;0;0;0;2855;0;0;75;0;32;0;
1278;1498640;894210048;12427264;955768832;0;0;0;0;0;0;0;0;0;0;0;3246;0;0;75;0;32;0;
1279;1581626;894210048;12427264;955768832;0;0;0;0;0;0;0;0;0;0;0;2885;0;0;75;0;32;0;
1280;2013886;894210048;12427264;955768832;0;0;0;0;0;0;0;0;0;0;0;3005;0;0;75;0;32;0;
1281;1649382;894210048;12427264;955768832;0;0;0;0;0;0;0;0;0;0;0;2806;0;0;75;0;32;0;
1282;2019347;894210048;12427264;955768832;0;0;0;0;0;0;0;0;0;0;0;1563;0;0;75;0;32;0;
1283;1611091;894210048;12427264;955768832;0;0;0;0;0;0;0;0;0;0;0;3146;0;0;75;0;32;0;
1284;2337854;894210048;12427264;955768832;0;0;0;0;0;0;0;0;0;0;0;2755;0;0;75;0;32;0;
1285;1747617;894210048;12427264;955768832;0;0;0;0;0;0;0;0;0;0;0;2876;0;0;75;0;32;0;
1286;1588449;894210048;12427264;955768832;0;0;0;0;0;0;0;0;0;0;0;3246;0;0;75;0;32;0;
1287;1633664;894210048;12427264;955768832;0;0;0;0;0;0;0;0;0;0;0;3256;0;0;75;0;32;0;
1288;1599980;894210048;12427264;955768832;0;0;0;0;0;0;0;0;0;0;0;3376;0;0;75;0;32;0;
1289;1542412;894210048;12427264;955768832;0;0;0;0;0;0;0;0;0;0;0;2825;0;0;75;0;32;0;
1290;2275968;894210048;12419072;955760640;0;0;0;0;0;0;0;0;0;0;0;2966;0;0;75;0;32;0;
1291;1554074;894210048;12419072;955760640;0;0;0;0;0;0;0;0;0;0;0;3287;0;0;75;0;32;0;
1292;1685371;894210048;12419072;955760640;0;0;0;0;0;0;0;0;0;0;0;3106;0;0;75;0;32;0;
1293;1461119;894210048;12419072;955760640;0;0;0;0;0;0;0;0;0;0;0;2985;0;0;75;0;32;0;
1294;1872752;894210048;12419072;955760640;0;0;0;0;0;0;0;0;0;0;0;2986;0;0;75;0;32;0;
1295;1884433;894210048;12419072;955760640;0;0;0;0;0;0;0;0;0;0;0;3286;0;0;75;0;32;0;
1296;1376821;894210048;12419072;955760640;0;0;0;0;0;0;0;0;0;0;0;3155;0;0;75;0;32;0;
1297;1365059;894210048;12419072;955760640;0;0;0;0;0;0;0;0;0;0;0;3075;0;0;75;0;32;0;
1298;2498154;894005248;12214272;955555840;0;0;0;0;0;0;0;0;0;0;0;2695;0;0;75;0;32;0;
1299;1433648;894005248;12214272;955555840;0;0;0;0;0;0;0;0;0;0;0;3496;0;0;75;0;32;0;
1300;1450089;894005248;12214272;955555840;0;0;0;0;0;0;0;0;0;0;0;3096;0;0;75;0;32;0;
1301;1677405;894005248;12214272;955555840;0;0;0;0;0;0;0;0;0;0;0;2956;0;0;75;0;32;0;
1302;1387642;894005248;12214272;955555840;0;0;0;0;0;0;0;0;0;0;0;2956;0;0;75;0;32;0;
1303;1350262;894005248;12214272;955555840;0;0;0;0;0;0;0;0;0;0;0;2725;0;0;75;0;32;0;
1304;1680481;894005248;12214272;955555840;0;0;0;0;0;0;0;0;0;0;0;2965;0;0;75;0;32;0;
1305;1733921;894005248;12214272;955555840;0;0;0;0;0;0;0;0;0;0;0;2745;0;0;75;0;32;0;
1306;1947391;894005248;12214272;955555840;0;0;0;0;0;0;0;0;0;0;0;3086;0;0;75;0;32;0;
1307;1112566;894005248;12214272;955555840;0;0;0;0;0;0;0;0;0;0;0;1713;0;0;75;0;32;0;
1308;1111023;894005248;12214272;955555840;0;0;0;0;0;0;0;0;0;0;0;1583;0;0;75;0;32;0;
1309;1027176;894005248;12214272;955555840;0;0;0;0;0;0;0;0;0;0;0;1283;0;0;75;0;32;0;
1310;1074044;894005248;12214272;955555840;0;0;0;0;0;0;0;0;0;0;0;1263;0;0;75;0;32;0;
1311;1025593;894005248;12214272;955555840;0;0;0;0;0;0;0;0;0;0;0;1513;0;0;75;0;32;0;
1312;989145;894005248;12214272;955555840;0;0;0;0;0;0;0;0;0;0;0;1593;0;0;75;0;32;0;
1313;1126061;894005248;12214272;955555840;0;0;0;0;0;0;0;0;0;0;0;1603;0;0;75;0;32;0;
1314;4387086;894005248;12214272;955555840;0;0;0;0;0;0;0;0;0;0;0;1292;0;0;75;0;32;0;
1315;3746756;893689856;12050432;955392000;0;0;0;0;0;0;0;0;0;0;0;3166;0;0;75;0;32;0;
1316;1512226;893689856;12050432;955392000;0;0;0;0;0;0;0;0;0;0;0;3116;0;0;75;0;32;0;
1317;1461971;893956096;12394496;955736064;0;0;0;0;0;0;0;0;0;0;0;2936;0;0;75;0;32;0;
1318;1637600;893956096;12857344;956198912;0;0;0;0;0;0;0;0;0;0;0;2946;0;0;75;0;32;0;
1319;1496246;894226432;12857344;956198912;0;0;0;0;0;0;0;0;0;0;0;3387;0;0;75;0;32;0;
1320;1760000;894496768;13422592;956764160;0;0;0;0;0;0;0;0;0;0;0;2946;0;0;75;0;32;0;
1321;1447494;894767104;13422592;956764160;0;0;0;0;0;0;0;0;0;0;0;3016;0;0;75;0;32;0;
1322;1580985;894767104;13422592;956764160;0;0;0;0;0;0;0;0;0;0;0;2795;0;0;75;0;32;0;
1323;2743314;894767104;13422592;956764160;0;0;0;0;0;0;0;0;0;0;0;2836;0;0;75;0;32;0;
1324;1558643;894767104;13422592;956764160;0;0;0;0;0;0;0;0;0;0;0;2786;0;0;75;0;32;0;
1325;1320566;894767104;13422592;956764160;0;0;0;0;0;0;0;0;0;0;0;3026;0;0;75;0;32;0;
1326;1486838;894767104;13422592;956764160;0;0;0;0;0;0;0;0;0;0;0;3216;0;0;75;0;32;0;
1327;1379877;894767104;13422592;956764160;0;0;0;0;0;0;0;0;0;0;0;3056;0;0;75;0;32;0;
1328;1453084;895037440;13422592;956764160;0;0;0;0;0;0;0;0;0;0;0;3076;0;0;75;0;32;0;
1329;1468734;895037440;13422592;956764160;0;0;0;0;0;0;0;0;0;0;0;2785;0;0;75;0;32;0;
1330;1530830;895037440;13422592;956764160;0;0;0;0;0;0;0;0;0;0;0;2986;0;0;75;0;32;0;
1331;2475652;895037440;13422592;956764160;0;0;0;0;0;0;0;0;0;0;0;2946;0;0;75;0;32;0;
1332;1018991;895037440;13422592;956764160;0;0;0;0;0;0;0;0;0;0;0;1403;0;0;75;0;32;0;
1333;1541661;895037440;13422592;956764160;0;0;0;0;0;0;0;0;0;0;0;1433;0;0;75;0;32;0;
1334;1111915;895037440;13422592;956764160;0;0;0;0;0;0;0;0;0;0;0;1132;0;0;75;0;32;0;
1335;1182788;895037440;13422592;956764160;0;0;0;0;0;0;0;0;0;0;0;1323;0;0;75;0;32;0;
1336;1235727;895037440;13422592;956764160;0;0;0;0;0;0;0;0;0;0;0;1323;0;0;75;0;32;0;
1337;1191745;895037440;13422592;956764160;0;0;0;0;0;0;0;0;0;0;0;1633;0;0;75;0;32;0;
1338;1335063;895037440;13422592;956764160;0;0;0;0;0;0;0;0;0;0;0;1302;0;0;75;0;32;0;
1339;1649032;895037440;13422592;956764160;0;0;0;0;0;0;0;0;0;0;0;1653;0;0;75;0;32;0;
1340;1152220;895037440;13422592;956764160;0;0;0;0;0;0;0;0;0;0;0;1613;0;0;75;0;32;0;
1341;1271343;895037440;13422592;956764160;0;0;0;0;0;0;0;0;0;0;0;1593;0;0;75;0;32;0;
1342;1086497;895037440;13422592;956764160;0;0;0;0;0;0;0;0;0;0;0;1343;0;0;75;0;32;0;
1343;1285690;895037440;13422592;956764160;0;0;0;0;0;0;0;0;0;0;0;1352;0;0;75;0;32;0;
1344;1776802;895037440;13422592;956764160;0;0;0;0;0;0;0;0;0;0;0;2956;0;0;75;0;32;0;
1345;1517846;895037440;13422592;956764160;0;0;0;0;0;0;0;0;0;0;0;2976;0;0;75;0;32;0;
1346;1534597;895037440;13422592;956764160;0;0;0;0;0;0;0;0;0;0;0;2966;0;0;75;0;32;0;
1347;2170600;895037440;13422592;956764160;0;0;0;0;0;0;0;0;0;0;0;2826;0;0;75;0;32;0;
1348;1531522;895037440;13422592;956764160;0;0;0;0;0;0;0;0;0;0;0;3206;0;0;75;0;32;0;
1349;1595010;895037440;13422592;956764160;0;0;0;0;0;0;0;0;0;0;0;3086;0;0;75;0;32;0;
1350;1794104;895037440;13422592;956764160;0;0;0;0;0;0;0;0;0;0;0;3046;0;0;75;0;32;0;
1351;1532243;895037440;13422592;956764160;0;0;0;0;0;0;0;0;0;0;0;2946;0;0;75;0;32;0;
1352;1532303;895037440;13422592;956764160;0;0;0;0;0;0;0;0;0;0;0;3266;0;0;75;0;32;0;
1353;1581686;895037440;13422592;956764160;0;0;0;0;0;0;0;0;0;0;0;2715;0;0;75;0;32;0;
1354;1876128;895037440;13422592;956764160;0;0;0;0;0;0;0;0;0;0;0;3046;0;0;75;0;32;0;
1355;2494247;895037440;13422592;956764160;0;0;0;0;0;0;0;0;0;0;0;3066;0;0;75;0;32;0;
1356;1637540;895037440;13422592;956764160;0;0;0;0;0;0;0;0;0;0;0;2925;0;0;75;0;32;0;
1357;1755692;895037440;13422592;956764160;0;0;0;0;0;0;0;0;0;0;0;2785;0;0;75;0;32;0;
1358;1665964;895037440;13422592;956764160;0;0;0;0;0;0;0;0;0;0;0;2595;0;0;75;0;32;0;
1359;1416396;895037440;13422592;956764160;0;0;0;0;0;0;0;0;0;0;0;2555;0;0;75;0;32;0;
1360;1465889;895037440;13422592;956764160;0;0;0;0;0;0;0;0;0;0;0;2595;0;0;75;0;32;0;
1361;1551238;895037440;13422592;956764160;0;0;0;0;0;0;0;0;0;0;0;2575;0;0;75;0;32;0;
1362;1935118;895037440;13422592;956764160;0;0;0;0;0;0;0;0;0;0;0;2665;0;0;75;0;32;0;
1363;2168636;895242240;13393920;956735488;0;0;0;0;0;0;0;0;0;0;0;3116;0;0;75;0;32;0;
1364;1582197;895242240;13393920;956735488;0;0;0;0;0;0;0;0;0;0;0;2625;0;0;75;0;32;0;
1365;1749781;895242240;13393920;956735488;0;0;0;0;0;0;0;0;0;0;0;2515;0;0;75;0;32;0;
1366;1487710;895242240;13393920;956735488;0;0;0;0;0;0;0;0;0;0;0;2595;0;0;75;0;32;0;
1367;1940028;895242240;13393920;956735488;0;0;0;0;0;0;0;0;0;0;0;2555;0;0;75;0;32;0;
1368;1612874;895242240;13393920;956735488;0;0;0;0;0;0;0;0;0;0;0;119343;0;0;75;0;32;0;
1369;1589630;895242240;13393920;956735488;0;0;0;0;0;0;0;0;0;0;0;2505;0;0;75;0;32;0;
1370;1559343;895242240;13393920;956735488;0;0;0;0;0;0;0;0;0;0;0;2865;0;0;75;0;32;0;
1371;2386846;895021056;13172736;956514304;0;0;0;0;0;0;0;0;0;0;0;2515;0;0;75;0;32;0;
1372;1601263;895021056;13172736;956514304;0;0;0;0;0;0;0;0;0;0;0;2594;0;0;75;0;32;0;
1373;1792852;895021056;13172736;956514304;0;0;0;0;0;0;0;0;0;0;0;2525;0;0;75;0;32;0;
1374;1602474;895021056;13172736;956514304;0;0;0;0;0;0;0;0;0;0;0;2535;0;0;75;0;32;0;
1375;1466991;895021056;13172736;956514304;0;0;0;0;0;0;0;0;0;0;0;1533;0;0;75;0;32;0;
1376;1724303;895021056;13172736;956514304;0;0;0;0;0;0;0;0;0;0;0;11191;0;0;75;0;32;0;
1377;1514240;895021056;13172736;956514304;0;0;0;0;0;0;0;0;0;0;0;3296;0;0;75;0;32;0;
1378;1644994;895021056;13172736;956514304;0;0;0;0;0;0;0;0;0;0;0;2915;0;0;75;0;32;0;
1379;2056947;895021056;13172736;956514304;0;0;0;0;0;0;0;0;0;0;0;3216;0;0;75;0;32;0;
1380;1554825;895021056;13172736;956514304;0;0;0;0;0;0;0;0;0;0;0;2936;0;0;75;0;32;0;
1381;1468243;895021056;13172736;956514304;0;0;0;0;0;0;0;0;0;0;0;2865;0;0;75;0;32;0;
1382;1487880;895021056;13172736;956514304;0;0;0;0;0;0;0;0;0;0;0;3586;0;0;75;0;32;0;
1383;1732088;895021056;13172736;956514304;0;0;0;0;0;0;0;0;0;0;0;2715;0;0;75;0;32;0;
1384;1550026;895021056;13172736;956514304;0;0;0;0;0;0;0;0;0;0;0;2665;0;0;75;0;32;0;
1385;1683928;895021056;13172736;956514304;0;0;0;0;0;0;0;0;0;0;0;2535;0;0;75;0;32;0;
1386;1582858;895021056;13172736;956514304;0;0;0;0;0;0;0;0;0;0;0;2635;0;0;75;0;32;0;
1387;4633018;895021056;13172736;956514304;0;0;0;0;0;0;0;0;0;0;0;2955;0;0;75;0;32;0;
1388;2446768;895021056;13176832;956518400;0;0;0;0;0;0;0;0;0;0;0;1733;0;0;75;0;32;0;
1389;1706790;895021056;13176832;956518400;0;0;0;0;0;0;0;0;0;0;0;2595;0;0;75;0;32;0;
1390;1478853;895021056;13176832;956518400;0;0;0;0;0;0;0;0;0;0;0;2675;0;0;75;0;32;0;
1391;1883242;895021056;13176832;956518400;0;0;0;0;0;0;0;0;0;0;0;2895;0;0;75;0;32;0;
1392;1514170;895021056;13176832;956518400;0;0;0;0;0;0;0;0;0;0;0;2585;0;0;75;0;32;0;
1393;1491356;895021056;13176832;956518400;0;0;0;0;0;0;0;0;0;0;0;2655;0;0;75;0;32;0;
1394;1746415;895021056;13176832;956518400;0;0;0;0;0;0;0;0;0;0;0;2585;0;0;75;0;32;0;
1395;2019948;895021056;13176832;956518400;0;0;0;0;0;0;0;0;0;0;0;2535;0;0;75;0;32;0;
1396;1133245;895021056;13176832;956518400;0;0;0;0;0;0;0;0;0;0;0;1703;0;0;75;0;32;0;
1397;1047985;895021056;13176832;956518400;0;0;0;0;0;0;0;0;0;0;0;1413;0;0;75;0;32;0;
1398;1669932;895021056;13176832;956518400;0;0;0;0;0;0;0;0;0;0;0;1292;0;0;75;0;32;0;
1399;1195522;895021056;13176832;956518400;0;0;0;0;0;0;0;0;0;0;0;1733;0;0;75;0;32;0;
1400;1250225;895021056;13176832;956518400;0;0;0;0;0;0;0;0;0;0;0;1563;0;0;75;0;32;0;
1401;1476558;895021056;13176832;956518400;0;0;0;0;0;0;0;0;0;0;0;1743;0;0;75;0;32;0;
1402;1906014;895021056;13176832;956518400;0;0;0;0;0;0;0;0;0;0;0;1593;0;0;75;0;32;0;
1403;1092248;895021056;13176832;956518400;0;0;0;0;0;0;0;0;0;0;0;1443;0;0;75;0;32;0;
1404;1146670;895021056;13176832;956518400;0;0;0;0;0;0;0;0;0;0;0;1282;0;0;75;0;32;0;
1405;1057573;895021056;13176832;956518400;0;0;0;0;0;0;0;0;0;0;0;1142;0;0;75;0;32;0;
1406;1102177;895021056;13176832;956518400;0;0;0;0;0;0;0;0;0;0;0;1613;0;0;75;0;32;0;
1407;1122054;895021056;13176832;956518400;0;0;0;0;0;0;0;0;0;0;0;1152;0;0;75;0;32;0;
1408;1105403;895021056;13176832;956518400;0;0;0;0;0;0;0;0;0;0;0;1653;0;0;75;0;32;0;
1409;2077735;895021056;13176832;956518400;0;0;0;0;0;0;0;0;0;0;0;1292;0;0;75;0;32;0;
1410;1719765;895021056;13176832;956518400;0;0;0;0;0;0;0;0;0;0;0;3086;0;0;75;0;32;0;
1411;1373125;895021056;13176832;956518400;0;0;0;0;0;0;0;0;0;0;0;3136;0;0;75;0;32;0;
1412;1495594;895021056;13176832;956518400;0;0;0;0;0;0;0;0;0;0;0;2935;0;0;75;0;32;0;
1413;2137918;895021056;13176832;956518400;0;0;0;0;0;0;0;0;0;0;0;2795;0;0;75;0;32;0;
1414;1543214;895021056;13176832;956518400;0;0;0;0;0;0;0;0;0;0;0;2204;0;0;75;0;32;0;
1415;1528626;895021056;13176832;956518400;0;0;0;0;0;0;0;0;0;0;0;3026;0;0;75;0;32;0;
1416;2136025;895021056;13176832;956518400;0;0;0;0;0;0;0;0;0;0;0;2805;0;0;75;0;32;0;
1417;1833168;895021056;13176832;956518400;0;0;0;0;0;0;0;0;0;0;0;2846;0;0;75;0;32;0;
1418;1598317;895021056;13176832;956518400;0;0;0;0;0;0;0;0;0;0;0;2775;0;0;75;0;32;0;
1419;1507907;895021056;13176832;956518400;0;0;0;0;0;0;0;0;0;0;0;2886;0;0;75;0;32;0;
1420;1474244;895021056;13176832;956518400;0;0;0;0;0;0;0;0;0;0;0;3256;0;0;75;0;32;0;
1421;1558702;895021056;13176832;956518400;0;0;0;0;0;0;0;0;0;0;0;2815;0;0;75;0;32;0;
1422;1702712;895021056;13176832;956518400;0;0;0;0;0;0;0;0;0;0;0;2695;0;0;75;0;32;0;
1423;2063609;895021056;13176832;956518400;0;0;0;0;0;0;0;0;0;0;0;2645;0;0;75;0;32;0;
1424;1418700;895021056;13176832;956518400;0;0;0;0;0;0;0;0;0;0;0;2625;0;0;75;0;32;0;
1425;1542753;895021056;13176832;956518400;0;0;0;0;0;0;0;0;0;0;0;2504;0;0;75;0;32;0;
1426;1644744;895021056;13176832;956518400;0;0;0;0;0;0;0;0;0;0;0;2525;0;0;75;0;32;0;
1427;1601713;895021056;13176832;956518400;0;0;0;0;0;0;0;0;0;0;0;2484;0;0;75;0;32;0;
1428;1402980;895021056;13176832;956518400;0;0;0;0;0;0;0;0;0;0;0;3106;0;0;75;0;32;0;
1429;1539267;895021056;13176832;956518400;0;0;0;0;0;0;0;0;0;0;0;2585;0;0;75;0;32;0;
1430;1883642;895021056;13176832;956518400;0;0;0;0;0;0;0;0;0;0;0;2524;0;0;75;0;32;0;
1431;1176946;895021056;13176832;956518400;0;0;0;0;0;0;0;0;0;0;0;1553;0;0;75;0;32;0;
1432;1262567;895021056;13176832;956518400;0;0;0;0;0;0;0;0;0;0;0;1523;0;0;75;0;32;0;
1433;1036864;895021056;13176832;956518400;0;0;0;0;0;0;0;0;0;0;0;1533;0;0;75;0;32;0;
1434;1280541;895021056;13176832;956518400;0;0;0;0;0;0;0;0;0;0;0;1623;0;0;75;0;32;0;
1435;1354069;895021056;13176832;956518400;0;0;0;0;0;0;0;0;0;0;0;1533;0;0;75;0;32;0;
1436;1466660;895021056;13176832;956518400;0;0;0;0;0;0;0;0;0;0;0;1443;0;0;75;0;32;0;
1437;1091066;895021056;13176832;956518400;0;0;0;0;0;0;0;0;0;0;0;1493;0;0;75;0;32;0;
1438;2377208;894693376;12845056;956186624;0;0;0;0;0;0;0;0;0;0;0;2746;0;0;75;0;32;0;
1439;1470417;894693376;12845056;956186624;0;0;0;0;0;0;0;0;0;0;0;2695;0;0;75;0;32;0;
1440;1444439;894693376;12845056;956186624;0;0;0;0;0;0;0;0;0;0;0;2665;0;0;75;0;32;0;
1441;1556419;894693376;12845056;956186624;0;0;0;0;0;0;0;0;0;0;0;2675;0;0;75;0;32;0;
1442;1551499;894693376;12845056;956186624;0;0;0;0;0;0;0;0;0;0;0;2585;0;0;75;0;32;0;
1443;1751044;894693376;12845056;956186624;0;0;0;0;0;0;0;0;0;0;0;2605;0;0;75;0;32;0;
1444;1425453;894693376;12845056;956186624;0;0;0;0;0;0;0;0;0;0;0;2575;0;0;75;0;32;0;
1445;2233077;894693376;12845056;956186624;0;0;0;0;0;0;0;0;0;0;0;2625;0;0;75;0;32;0;
1446;1519119;894693376;12845056;956186624;0;0;0;0;0;0;0;0;0;0;0;1453;0;0;75;0;32;0;
1447;1111324;894693376;12845056;956186624;0;0;0;0;0;0;0;0;0;0;0;1573;0;0;75;0;32;0;
1448;1699758;894693376;12845056;956186624;0;0;0;0;0;0;0;0;0;0;0;1744;0;0;75;0;32;0;
1449;1147171;894693376;12845056;956186624;0;0;0;0;0;0;0;0;0;0;0;1553;0;0;75;0;32;0;
1450;1099552;894693376;12845056;956186624;0;0;0;0;0;0;0;0;0;0;0;1353;0;0;75;0;32;0;
1451;1099401;894693376;12845056;956186624;0;0;0;0;0;0;0;0;0;0;0;1673;0;0;75;0;32;0;
1452;1054387;894693376;12845056;956186624;0;0;0;0;0;0;0;0;0;0;0;1503;0;0;75;0;32;0;
1453;4089428;894693376;12845056;956186624;0;0;0;0;0;0;0;0;0;0;0;1423;0;0;75;0;32;0;
1454;3916644;894693376;12849152;956190720;0;0;0;0;0;0;0;0;0;0;0;2925;0;0;75;0;32;0;
1455;1549926;894693376;12849152;956190720;0;0;0;0;0;0;0;0;0;0;0;3116;0;0;75;0;32;0;
1456;1644904;894693376;12849152;956190720;0;0;0;0;0;0;0;0;0;0;0;2655;0;0;75;0;32;0;
1457;1583530;894693376;12849152;956190720;0;0;0;0;0;0;0;0;0;0;0;2965;0;0;75;0;32;0;
1458;1762936;894693376;12849152;956190720;0;0;0;0;0;0;0;0;0;0;0;2715;0;0;75;0;32;0;
1459;1846512;894693376;12849152;956190720;0;0;0;0;0;0;0;0;0;0;0;3026;0;0;75;0;32;0;
1460;1539537;894693376;12849152;956190720;0;0;0;0;0;0;0;0;0;0;0;3096;0;0;75;0;32;0;
1461;2561283;894693376;12849152;956190720;0;0;0;0;0;0;0;0;0;0;0;2975;0;0;75;0;32;0;
1462;1709205;894693376;12849152;956190720;0;0;0;0;0;0;0;0;0;0;0;3055;0;0;75;0;32;0;
1463;1920982;894693376;12849152;956190720;0;0;0;0;0;0;0;0;0;0;0;1312;0;0;75;0;32;0;
1464;1350172;894693376;12849152;956190720;0;0;0;0;0;0;0;0;0;0;0;1583;0;0;75;0;32;0;
1465;1113467;894693376;12849152;956190720;0;0;0;0;0;0;0;0;0;0;0;1503;0;0;75;0;32;0;
1466;1220638;894693376;12849152;956190720;0;0;0;0;0;0;0;0;0;0;0;1562;0;0;75;0;32;0;
1467;1052113;894693376;12849152;956190720;0;0;0;0;0;0;0;0;0;0;0;1623;0;0;75;0;32;0;
1468;1865578;894693376;12849152;956190720;0;0;0;0;0;0;0;0;0;0;0;1674;0;0;75;0;32;0;
1469;1592756;894693376;12849152;956190720;0;0;0;0;0;0;0;0;0;0;0;3286;0;0;75;0;32;0;
1470;1580744;894693376;12849152;956190720;0;0;0;0;0;0;0;0;0;0;0;3106;0;0;75;0;32;0;
1471;1533365;894693376;12849152;956190720;0;0;0;0;0;0;0;0;0;0;0;2855;0;0;75;0;32;0;
1472;1509119;894693376;12849152;956190720;0;0;0;0;0;0;0;0;0;0;0;2986;0;0;75;0;32;0;
1473;1582077;894693376;12849152;956190720;0;0;0;0;0;0;0;0;0;0;0;3116;0;0;75;0;32;0;
1474;1360311;894693376;12849152;956190720;0;0;0;0;0;0;0;0;0;0;0;3146;0;0;75;0;32;0;
1475;2379001;894693376;12849152;956190720;0;0;0;0;0;0;0;0;0;0;0;3045;0;0;75;0;32;0;
1476;2400672;894693376;12849152;956190720;0;0;0;0;0;0;0;0;0;0;0;3006;0;0;75;0;32;0;
1477;2082475;894693376;12849152;956190720;0;0;0;0;0;0;0;0;0;0;0;2826;0;0;75;0;32;0;
1478;1603317;894693376;12849152;956190720;0;0;0;0;0;0;0;0;0;0;0;2665;0;0;75;0;32;0;
1479;1390908;894693376;12849152;956190720;0;0;0;0;0;0;0;0;0;0;0;2645;0;0;75;0;32;0;
1480;1469265;894693376;12849152;956190720;0;0;0;0;0;0;0;0;0;0;0;2986;0;0;75;0;32;0;
1481;1763647;894693376;12849152;956190720;0;0;0;0;0;0;0;0;0;0;0;3126;0;0;75;0;32;0;
1482;2651501;894693376;12849152;956190720;0;0;0;0;0;0;0;0;0;0;0;2695;0;0;75;0;32;0;
1483;2127228;894693376;12849152;956190720;0;0;0;0;0;0;0;0;0;0;0;1452;0;0;75;0;32;0;
1484;2084368;898887680;12849152;972967936;0;0;0;0;0;0;0;0;0;0;0;1873;0;0;75;0;32;0;
1485;1237791;898887680;12849152;972967936;0;0;0;0;0;0;0;0;0;0;0;1734;0;0;75;0;32;0;
1486;1215910;898887680;12849152;972967936;0;0;0;0;0;0;0;0;0;0;0;1463;0;0;75;0;32;0;
1487;1257818;898887680;12849152;972967936;0;0;0;0;0;0;0;0;0;0;0;1613;0;0;75;0;32;0;
1488;1164694;898887680;12849152;972967936;0;0;0;0;0;0;0;0;0;0;0;1613;0;0;75;0;32;0;
1489;1870818;898887680;12849152;972967936;0;0;0;0;0;0;0;0;0;0;0;1954;0;0;75;0;32;0;
1490;2897543;903118848;12849152;972967936;0;0;0;0;0;0;0;0;0;0;0;2755;0;0;76;0;32;0;
1491;1199058;903118848;12849152;972967936;0;0;0;0;0;0;0;0;0;0;0;1583;0;0;76;0;32;0;
1492;1190412;903118848;12849152;972967936;0;0;0;0;0;0;0;0;0;0;0;1664;0;0;76;0;32;0;
1493;1803071;903118848;12849152;972967936;0;0;0;0;0;0;0;0;0;0;0;2926;0;0;76;0;32;0;
1494;3381710;903118848;12849152;972967936;0;0;0;0;0;0;0;0;0;0;0;1452;0;0;76;0;32;0;
1495;1240556;903118848;12849152;972967936;0;0;0;0;0;0;0;0;0;0;0;1393;0;0;76;0;32;0;
1496;1965776;903118848;12849152;972967936;0;0;0;0;0;0;0;0;0;0;0;1573;0;0;76;0;32;0;
1497;1677997;903118848;12849152;972967936;0;0;0;0;0;0;0;0;0;0;0;2625;0;0;76;0;32;0;
1498;1573651;903118848;12849152;972967936;0;0;0;0;0;0;0;0;0;0;0;2605;0;0;76;0;32;0;
1499;4240812;907169792;12849152;972967936;0;0;0;0;0;0;0;0;0;0;0;3997;0;0;77;0;32;0;
1500;2215133;907169792;12849152;972967936;0;0;0;0;0;0;0;0;0;0;0;2675;0;0;77;0;32;0;
1501;2113062;907169792;12849152;972967936;0;0;0;0;0;0;0;0;0;0;0;2765;0;0;77;0;32;0;
1502;1705287;907169792;12849152;972967936;0;0;0;0;0;0;0;0;0;0;0;2836;0;0;77;0;32;0;
1503;2676960;907325440;12845056;972963840;0;0;0;0;0;0;0;0;0;0;0;2706;0;0;77;0;32;0;
1504;1628875;907325440;12845056;972963840;0;0;0;0;0;0;0;0;0;0;0;2826;0;0;77;0;32;0;
1505;1716999;907325440;12845056;972963840;0;0;0;0;0;0;0;0;0;0;0;2895;0;0;77;0;32;0;
1506;3664542;911298560;12845056;972963840;0;0;0;0;0;0;0;0;0;0;0;3767;0;0;78;0;32;0;
1507;1446061;911298560;12845056;972963840;0;0;0;0;0;0;0;0;0;0;0;2585;0;0;78;0;32;0;
1508;1392902;911298560;12845056;972963840;0;0;0;0;0;0;0;0;0;0;0;2535;0;0;78;0;32;0;
1509;1621180;911298560;12845056;972963840;0;0;0;0;0;0;0;0;0;0;0;2655;0;0;78;0;32;0;
1510;4547076;911298560;12845056;972963840;0;0;0;0;0;0;0;0;0;0;0;3036;0;0;78;0;32;0;
1511;3861861;911298560;12849152;972967936;0;0;0;0;0;0;0;0;0;0;0;2585;0;0;78;0;32;0;
1512;1724774;911298560;12849152;972967936;0;0;0;0;0;0;0;0;0;0;0;2755;0;0;78;0;32;0;
1513;1610469;911298560;12849152;972967936;0;0;0;0;0;0;0;0;0;0;0;2765;0;0;78;0;32;0;
1514;1836904;911298560;12849152;972967936;0;0;0;0;0;0;0;0;0;0;0;2735;0;0;78;0;32;0;
1515;2997190;911298560;12849152;972967936;0;0;0;0;0;0;0;0;0;0;0;2785;0;0;78;0;32;0;
1516;1743169;911298560;12849152;972967936;0;0;0;0;0;0;0;0;0;0;0;2635;0;0;78;0;32;0;
1517;1943153;911298560;12849152;972967936;0;0;0;0;0;0;0;0;0;0;0;2675;0;0;78;0;32;0;
1518;1912436;911298560;12849152;972967936;0;0;0;0;0;0;0;0;0;0;0;2505;0;0;78;0;32;0;
1519;1289108;911298560;12849152;972967936;0;0;0;0;0;0;0;0;0;0;0;1492;0;0;78;0;32;0;
1520;1168751;911298560;12849152;972967936;0;0;0;0;0;0;0;0;0;0;0;1763;0;0;78;0;32;0;
1521;2973937;917590016;12849152;989745152;0;0;0;0;0;0;0;0;0;0;0;3156;0;0;79;0;32;0;
1522;1287364;917590016;12849152;989745152;0;0;0;0;0;0;0;0;0;0;0;1583;0;0;79;0;32;0;
1523;981661;917590016;12849152;989745152;0;0;0;0;0;0;0;0;0;0;0;1663;0;0;79;0;32;0;
1524;1244694;917590016;12849152;989745152;0;0;0;0;0;0;0;0;0;0;0;1603;0;0;79;0;32;0;
1525;1551519;917590016;12849152;989745152;0;0;0;0;0;0;0;0;0;0;0;1854;0;0;79;0;32;0;
1526;1238453;917590016;12849152;989745152;0;0;0;0;0;0;0;0;0;0;0;1292;0;0;79;0;32;0;
1527;1128997;917590016;12849152;989745152;0;0;0;0;0;0;0;0;0;0;0;1252;0;0;79;0;32;0;
1528;1468383;917590016;12849152;989745152;0;0;0;0;0;0;0;0;0;0;0;1653;0;0;79;0;32;0;
1529;1031764;917590016;12849152;989745152;0;0;0;0;0;0;0;0;0;0;0;1563;0;0;79;0;32;0;
1530;1096436;917590016;12849152;989745152;0;0;0;0;0;0;0;0;0;0;0;1633;0;0;79;0;32;0;
1531;1249353;917590016;12849152;989745152;0;0;0;0;0;0;0;0;0;0;0;1263;0;0;79;0;32;0;
1532;1670051;917590016;12849152;989745152;0;0;0;0;0;0;0;0;0;0;0;1152;0;0;79;0;32;0;
1533;1417347;917590016;12849152;989745152;0;0;0;0;0;0;0;0;0;0;0;2975;0;0;79;0;32;0;
1534;1455318;917590016;12849152;989745152;0;0;0;0;0;0;0;0;0;0;0;2645;0;0;79;0;32;0;
1535;2855083;917590016;12849152;989745152;0;0;0;0;0;0;0;0;0;0;0;2785;0;0;79;0;32;0;
1536;2084859;917843968;12849152;989745152;0;0;0;0;0;0;0;0;0;0;0;2756;0;0;79;0;32;0;
1537;2266230;917843968;12849152;989745152;0;0;0;0;0;0;0;0;0;0;0;2955;0;0;79;0;32;0;
1538;1524318;917843968;12849152;989745152;0;0;0;0;0;0;0;0;0;0;0;2715;0;0;79;0;32;0;
1539;2262523;917843968;12849152;989745152;0;0;0;0;0;0;0;0;0;0;0;2575;0;0;79;0;32;0;
1540;1808762;917843968;12849152;989745152;0;0;0;0;0;0;0;0;0;0;0;2715;0;0;79;0;32;0;
1541;1383474;917843968;12849152;989745152;0;0;0;0;0;0;0;0;0;0;0;2695;0;0;79;0;32;0;
1542;1767374;917843968;12849152;989745152;0;0;0;0;0;0;0;0;0;0;0;2835;0;0;79;0;32;0;
1543;1584350;917843968;12849152;989745152;0;0;0;0;0;0;0;0;0;0;0;2675;0;0;79;0;32;0;
1544;1363557;917843968;12849152;989745152;0;0;0;0;0;0;0;0;0;0;0;2665;0;0;79;0;32;0;
1545;1583560;917843968;12849152;989745152;0;0;0;0;0;0;0;0;0;0;0;2675;0;0;79;0;32;0;
1546;1869446;917843968;12849152;989745152;0;0;0;0;0;0;0;0;0;0;0;2685;0;0;79;0;32;0;
1547;2082495;917843968;12849152;989745152;0;0;0;0;0;0;0;0;0;0;0;1773;0;0;79;0;32;0;
1548;1469986;917843968;12849152;989745152;0;0;0;0;0;0;0;0;0;0;0;1553;0;0;79;0;32;0;
1549;1015635;917843968;12849152;989745152;0;0;0;0;0;0;0;0;0;0;0;1573;0;0;79;0;32;0;
1550;1032606;917843968;12849152;989745152;0;0;0;0;0;0;0;0;0;0;0;1373;0;0;79;0;32;0;
1551;946395;917843968;12849152;989745152;0;0;0;0;0;0;0;0;0;0;0;1733;0;0;79;0;32;0;
1552;1014722;917843968;12849152;989745152;0;0;0;0;0;0;0;0;0;0;0;1392;0;0;79;0;32;0;
1553;3533916;922091520;12849152;989745152;0;0;0;0;0;0;0;0;0;0;0;2505;0;0;80;0;32;0;
1554;1515482;922091520;12849152;989745152;0;0;0;0;0;0;0;0;0;0;0;2735;0;0;80;0;32;0;
1555;1780468;922091520;12849152;989745152;0;0;0;0;0;0;0;0;0;0;0;2595;0;0;80;0;32;0;
1556;1582778;922091520;12849152;989745152;0;0;0;0;0;0;0;0;0;0;0;2815;0;0;80;0;32;0;
1557;1466360;922091520;12849152;989745152;0;0;0;0;0;0;0;0;0;0;0;2655;0;0;80;0;32;0;
1558;1466129;922091520;12849152;989745152;0;0;0;0;0;0;0;0;0;0;0;2685;0;0;80;0;32;0;
1559;1374056;922091520;12849152;989745152;0;0;0;0;0;0;0;0;0;0;0;2735;0;0;80;0;32;0;
1560;2216827;922136576;12840960;989736960;0;0;0;0;0;0;0;0;0;0;0;2585;0;0;80;0;32;0;
1561;2955121;922136576;12840960;989736960;0;0;0;0;0;0;0;0;0;0;0;2815;0;0;80;0;32;0;
1562;1426074;922136576;12840960;989736960;0;0;0;0;0;0;0;0;0;0;0;3236;0;0;80;0;32;0;
1563;1661436;922136576;12840960;989736960;0;0;0;0;0;0;0;0;0;0;0;2695;0;0;80;0;32;0;
1564;1442545;922136576;12840960;989736960;0;0;0;0;0;0;0;0;0;0;0;2956;0;0;80;0;32;0;
1565;1431554;922136576;12840960;989736960;0;0;0;0;0;0;0;0;0;0;0;3015;0;0;80;0;32;0;
1566;1419121;922136576;12840960;989736960;0;0;0;0;0;0;0;0;0;0;0;2976;0;0;80;0;32;0;
1567;4976982;922136576;12845056;989741056;0;0;0;0;0;0;0;0;0;0;0;2835;0;0;80;0;32;0;
1568;3823630;922136576;12849152;989745152;0;0;0;0;0;0;0;0;0;0;0;2846;0;0;80;0;32;0;
1569;4866184;926183424;12849152;989745152;0;0;0;0;0;0;0;0;0;0;0;3397;0;0;81;0;32;0;
1570;2206357;926183424;12849152;989745152;0;0;0;0;0;0;0;0;0;0;0;2996;0;0;81;0;32;0;
1571;2202600;930377728;12849152;1006522368;0;0;0;0;0;0;0;0;0;0;0;2625;0;0;81;0;32;0;
1572;1592165;930377728;12849152;1006522368;0;0;0;0;0;0;0;0;0;0;0;2925;0;0;81;0;32;0;
1573;1435311;930377728;12849152;1006522368;0;0;0;0;0;0;0;0;0;0;0;2515;0;0;81;0;32;0;
1574;1607615;930377728;12849152;1006522368;0;0;0;0;0;0;0;0;0;0;0;2805;0;0;81;0;32;0;
1575;2360066;930377728;12849152;1006522368;0;0;0;0;0;0;0;0;0;0;0;2645;0;0;81;0;32;0;
1576;1588780;930377728;12849152;1006522368;0;0;0;0;0;0;0;0;0;0;0;2665;0;0;81;0;32;0;
1577;1392571;930377728;12849152;1006522368;0;0;0;0;0;0;0;0;0;0;0;2845;0;0;81;0;32;0;
1578;1435943;930377728;12849152;1006522368;0;0;0;0;0;0;0;0;0;0;0;2665;0;0;81;0;32;0;
1579;2651471;930377728;12849152;1006522368;0;0;0;0;0;0;0;0;0;0;0;2785;0;0;81;0;32;0;
1580;2405521;930377728;12849152;1006522368;0;0;0;0;0;0;0;0;0;0;0;2265;0;0;81;0;32;0;
1581;1859546;930377728;12849152;1006522368;0;0;0;0;0;0;0;0;0;0;0;3116;0;0;81;0;32;0;
1582;2109866;930377728;12849152;1006522368;0;0;0;0;0;0;0;0;0;0;0;2244;0;0;81;0;32;0;
1583;1478472;930377728;12849152;1006522368;0;0;0;0;0;0;0;0;0;0;0;2825;0;0;81;0;32;0;
1584;1460699;930377728;12849152;1006522368;0;0;0;0;0;0;0;0;0;0;0;3116;0;0;81;0;32;0;
1585;1481638;930377728;12849152;1006522368;0;0;0;0;0;0;0;0;0;0;0;2945;0;0;81;0;32;0;
1586;1391169;930377728;12849152;1006522368;0;0;0;0;0;0;0;0;0;0;0;3146;0;0;81;0;32;0;
1587;1552992;930377728;12849152;1006522368;0;0;0;0;0;0;0;0;0;0;0;1573;0;0;81;0;32;0;
1588;1754419;930377728;12849152;1006522368;0;0;0;0;0;0;0;0;0;0;0;1563;0;0;81;0;32;0;
1589;1742478;930627584;12849152;1006522368;0;0;0;0;0;0;0;0;0;0;0;1342;0;0;81;0;32;0;
1590;985408;930627584;12849152;1006522368;0;0;0;0;0;0;0;0;0;0;0;1754;0;0;81;0;32;0;
1591;1227352;930627584;12849152;1006522368;0;0;0;0;0;0;0;0;0;0;0;1673;0;0;81;0;32;0;
1592;1089653;930627584;12849152;1006522368;0;0;0;0;0;0;0;0;0;0;0;1423;0;0;81;0;32;0;
1593;1901395;930627584;12849152;1006522368;0;0;0;0;0;0;0;0;0;0;0;2695;0;0;81;0;32;0;
1594;1488822;930627584;12849152;1006522368;0;0;0;0;0;0;0;0;0;0;0;2675;0;0;81;0;32;0;
1595;1368486;930627584;12849152;1006522368;0;0;0;0;0;0;0;0;0;0;0;2605;0;0;81;0;32;0;
1596;3920972;936919040;12849152;1023299584;0;0;0;0;0;0;0;0;0;0;0;5069;0;0;82;0;32;0;
1597;1760000;936919040;12849152;1023299584;0;0;0;0;0;0;0;0;0;0;0;2896;0;0;82;0;32;0;
1598;1513989;936919040;12849152;1023299584;0;0;0;0;0;0;0;0;0;0;0;2625;0;0;82;0;32;0;
1599;2039373;936919040;12849152;1023299584;0;0;0;0;0;0;0;0;0;0;0;2625;0;0;82;0;32;0;
1600;2409428;936919040;12849152;1023299584;0;0;0;0;0;0;0;0;0;0;0;2715;0;0;82;0;32;0;
1601;1591735;936919040;12849152;1023299584;0;0;0;0;0;0;0;0;0;0;0;2624;0;0;82;0;32;0;
1602;1827667;936919040;12849152;1023299584;0;0;0;0;0;0;0;0;0;0;0;2584;0;0;82;0;32;0;
1603;2238557;936919040;12849152;1023299584;0;0;0;0;0;0;0;0;0;0;0;3026;0;0;82;0;32;0;
1604;3820393;941142016;12849152;1023299584;0;0;0;0;0;0;0;0;0;0;0;2945;0;0;83;0;32;0;
1605;2822172;941142016;12849152;1023299584;0;0;0;0;0;0;0;0;0;0;0;2795;0;0;83;0;32;0;
1606;1954966;941142016;12849152;1023299584;0;0;0;0;0;0;0;0;0;0;0;2695;0;0;83;0;32;0;
1607;1676894;941142016;12849152;1023299584;0;0;0;0;0;0;0;0;0;0;0;2655;0;0;83;0;32;0;
1608;1675872;941142016;12849152;1023299584;0;0;0;0;0;0;0;0;0;0;0;2665;0;0;83;0;32;0;
1609;1664661;941142016;12849152;1023299584;0;0;0;0;0;0;0;0;0;0;0;2615;0;0;83;0;32;0;
1610;2052819;941142016;12849152;1023299584;0;0;0;0;0;0;0;0;0;0;0;2695;0;0;83;0;32;0;
1611;2814237;947433472;12849152;1040076800;0;0;0;0;0;0;0;0;0;0;0;2755;0;0;84;0;32;0;
1612;1245195;947433472;12849152;1040076800;0;0;0;0;0;0;0;0;0;0;0;1733;0;0;84;0;32;0;
1613;1357395;947433472;12849152;1040076800;0;0;0;0;0;0;0;0;0;0;0;1824;0;0;84;0;32;0;
1614;1004314;947433472;12849152;1040076800;0;0;0;0;0;0;0;0;0;0;0;1573;0;0;84;0;32;0;
1615;1322820;947433472;12849152;1040076800;0;0;0;0;0;0;0;0;0;0;0;1432;0;0;84;0;32;0;
1616;1373025;947433472;12849152;1040076800;0;0;0;0;0;0;0;0;0;0;0;1412;0;0;84;0;32;0;
1617;1961979;947556352;12845056;1040072704;0;0;0;0;0;0;0;0;0;0;0;1413;0;0;84;0;32;0;
1618;1152812;947556352;12845056;1040072704;0;0;0;0;0;0;0;0;0;0;0;1523;0;0;84;0;32;0;
1619;1025322;947556352;12845056;1040072704;0;0;0;0;0;0;0;0;0;0;0;1603;0;0;84;0;32;0;
1620;1072441;947556352;12845056;1040072704;0;0;0;0;0;0;0;0;0;0;0;1393;0;0;84;0;32;0;
1621;1150828;947556352;12845056;1040072704;0;0;0;0;0;0;0;0;0;0;0;1423;0;0;84;0;32;0;
1622;1107587;947556352;12845056;1040072704;0;0;0;0;0;0;0;0;0;0;0;1262;0;0;84;0;32;0;
1623;3168090;951603200;12845056;1040072704;0;0;0;0;0;0;0;0;0;0;0;2184;0;0;85;0;32;0;
1624;4576280;951603200;12849152;1040076800;0;0;0;0;0;0;0;0;0;0;0;1643;0;0;85;0;32;0;
1625;3002019;951603200;12861440;1040089088;0;0;0;0;0;0;0;0;0;0;0;2014;0;0;85;0;32;0;
1626;1929028;951603200;12861440;1040089088;0;0;0;0;0;0;0;0;0;0;0;2886;0;0;85;0;32;0;
1627;1517235;951603200;12861440;1040089088;0;0;0;0;0;0;0;0;0;0;0;3076;0;0;85;0;32;0;
1628;1534437;951603200;12861440;1040089088;0;0;0;0;0;0;0;0;0;0;0;3016;0;0;85;0;32;0;
1629;1484874;951603200;12861440;1040089088;0;0;0;0;0;0;0;0;0;0;0;2354;0;0;85;0;32;0;
1630;3931642;955854848;12861440;1040089088;0;0;0;0;0;0;0;0;0;0;0;4478;0;0;86;0;32;0;
1631;2465233;955854848;12861440;1040089088;0;0;0;0;0;0;0;0;0;0;0;3086;0;0;86;0;32;0;
1632;2549240;955854848;12861440;1040089088;0;0;0;0;0;0;0;0;0;0;0;2355;0;0;86;0;32;0;
1633;2132769;955854848;12861440;1040089088;0;0;0;0;0;0;0;0;0;0;0;2955;0;0;86;0;32;0;
1634;1562009;955854848;12861440;1040089088;0;0;0;0;0;0;0;0;0;0;0;3136;0;0;86;0;32;0;
1635;1590082;955854848;12861440;1040089088;0;0;0;0;0;0;0;0;0;0;0;2635;0;0;86;0;32;0;
1636;1836584;955854848;12861440;1040089088;0;0;0;0;0;0;0;0;0;0;0;2905;0;0;86;0;32;0;
1637;2296306;955854848;12861440;1040089088;0;0;0;0;0;0;0;0;0;0;0;2845;0;0;86;0;32;0;
1638;3431254;962146304;12861440;1056866304;0;0;0;0;0;0;0;0;0;0;0;5080;0;0;87;0;32;0;
1639;1707542;962146304;12861440;1056866304;0;0;0;0;0;0;0;0;0;0;0;3056;0;0;87;0;32;0;
1640;1758978;962146304;12861440;1056866304;0;0;0;0;0;0;0;0;0;0;0;1242;0;0;87;0;32;0;
1641;1333089;962146304;12861440;1056866304;0;0;0;0;0;0;0;0;0;0;0;1563;0;0;87;0;32;0;
1642;1064957;962146304;12861440;1056866304;0;0;0;0;0;0;0;0;0;0;0;1443;0;0;87;0;32;0;
1643;2043251;962146304;12861440;1056866304;0;0;0;0;0;0;0;0;0;0;0;1723;0;0;87;0;32;0;
1644;1081758;962146304;12861440;1056866304;0;0;0;0;0;0;0;0;0;0;0;1773;0;0;87;0;32;0;
1645;1209067;962146304;12861440;1056866304;0;0;0;0;0;0;0;0;0;0;0;1493;0;0;87;0;32;0;
1646;1170395;962146304;12861440;1056866304;0;0;0;0;0;0;0;0;0;0;0;1833;0;0;87;0;32;0;
1647;3051642;966377472;12861440;1056866304;0;0;0;0;0;0;0;0;0;0;0;2004;0;0;88;0;32;0;
1648;1330364;966377472;12861440;1056866304;0;0;0;0;0;0;0;0;0;0;0;1683;0;0;88;0;32;0;
1649;1344411;966377472;12861440;1056866304;0;0;0;0;0;0;0;0;0;0;0;1654;0;0;88;0;32;0;
1650;2336010;966377472;12861440;1056866304;0;0;0;0;0;0;0;0;0;0;0;1613;0;0;88;0;32;0;
1651;1355792;966377472;12861440;1056866304;0;0;0;0;0;0;0;0;0;0;0;1543;0;0;88;0;32;0;
1652;1502487;966377472;12861440;1056866304;0;0;0;0;0;0;0;0;0;0;0;1493;0;0;88;0;32;0;
1653;1082149;966377472;12861440;1056866304;0;0;0;0;0;0;0;0;0;0;0;1583;0;0;88;0;32;0;
1654;1087429;966377472;12861440;1056866304;0;0;0;0;0;0;0;0;0;0;0;1513;0;0;88;0;32;0;
1655;1199880;966377472;12861440;1056866304;0;0;0;0;0;0;0;0;0;0;0;1673;0;0;88;0;32;0;
1656;2732013;966377472;12861440;1056866304;0;0;0;0;0;0;0;0;0;0;0;3015;0;0;88;0;32;0;
1657;2173245;966377472;12861440;1056866304;0;0;0;0;0;0;0;0;0;0;0;2705;0;0;88;0;32;0;
1658;2545713;966377472;12861440;1056866304;0;0;0;0;0;0;0;0;0;0;0;1633;0;0;88;0;32;0;
1659;1317200;966377472;12861440;1056866304;0;0;0;0;0;0;0;0;0;0;0;1493;0;0;88;0;32;0;
1660;1152762;966377472;12861440;1056866304;0;0;0;0;0;0;0;0;0;0;0;1723;0;0;88;0;32;0;
1661;1253200;966377472;12861440;1056866304;0;0;0;0;0;0;0;0;0;0;0;1553;0;0;88;0;32;0;
1662;1118677;966377472;12861440;1056866304;0;0;0;0;0;0;0;0;0;0;0;1553;0;0;88;0;32;0;
1663;1096186;966377472;12861440;1056866304;0;0;0;0;0;0;0;0;0;0;0;1583;0;0;88;0;32;0;
1664;1820964;966377472;12861440;1056866304;0;0;0;0;0;0;0;0;0;0;0;1633;0;0;88;0;32;0;
1665;1716238;966377472;12861440;1056866304;0;0;0;0;0;0;0;0;0;0;0;2676;0;0;88;0;32;0;
1666;1504662;966377472;12861440;1056866304;0;0;0;0;0;0;0;0;0;0;0;2935;0;0;88;0;32;0;
1667;1606863;966377472;12861440;1056866304;0;0;0;0;0;0;0;0;0;0;0;2585;0;0;88;0;32;0;
1668;3218675;972668928;12861440;1073643520;0;0;0;0;0;0;0;0;0;0;0;4288;0;0;89;0;32;0;
1669;1709025;972668928;12861440;1073643520;0;0;0;0;0;0;0;0;0;0;0;3176;0;0;89;0;32;0;
1670;1595863;972668928;12861440;1073643520;0;0;0;0;0;0;0;0;0;0;0;3306;0;0;89;0;32;0;
1671;2498474;972898304;12845056;1073627136;0;0;0;0;0;0;0;0;0;0;0;2795;0;0;89;0;32;0;
1672;1542232;972898304;12845056;1073627136;0;0;0;0;0;0;0;0;0;0;0;2926;0;0;89;0;32;0;
1673;1655133;972898304;12845056;1073627136;0;0;0;0;0;0;0;0;0;0;0;2725;0;0;89;0;32;0;
1674;1600952;972898304;12845056;1073627136;0;0;0;0;0;0;0;0;0;0;0;2595;0;0;89;0;32;0;
1675;1523086;972898304;12845056;1073627136;0;0;0;0;0;0;0;0;0;0;0;2655;0;0;89;0;32;0;
1676;4343544;976949248;12845056;1073627136;0;0;0;0;0;0;0;0;0;0;0;4078;0;0;90;0;32;0;
1677;1464717;976949248;12845056;1073627136;0;0;0;0;0;0;0;0;0;0;0;2836;0;0;90;0;32;0;
1678;5552602;976949248;12849152;1073631232;0;0;0;0;0;0;0;0;0;0;0;1823;0;0;90;0;32;0;
1679;3211682;976949248;12861440;1073643520;0;0;0;0;0;0;0;0;0;0;0;1844;0;0;90;0;32;0;
1680;1172529;976949248;12861440;1073643520;0;0;0;0;0;0;0;0;0;0;0;1844;0;0;90;0;32;0;
1681;1170515;976949248;12861440;1073643520;0;0;0;0;0;0;0;0;0;0;0;1793;0;0;90;0;32;0;
1682;2662212;981196800;12861440;1073643520;0;0;0;0;0;0;0;0;0;0;0;1794;0;0;91;0;32;0;
1683;1153783;981196800;12861440;1073643520;0;0;0;0;0;0;0;0;0;0;0;1423;0;0;91;0;32;0;
1684;1068924;981196800;12861440;1073643520;0;0;0;0;0;0;0;0;0;0;0;1613;0;0;91;0;32;0;
1685;2270287;981196800;12861440;1073643520;0;0;0;0;0;0;0;0;0;0;0;2745;0;0;91;0;32;0;
1686;1962980;981196800;12861440;1073643520;0;0;0;0;0;0;0;0;0;0;0;2765;0;0;91;0;32;0;
1687;1393172;981196800;12861440;1073643520;0;0;0;0;0;0;0;0;0;0;0;2585;0;0;91;0;32;0;
1688;1524959;981196800;12861440;1073643520;0;0;0;0;0;0;0;0;0;0;0;2555;0;0;91;0;32;0;
1689;1399604;981196800;12861440;1073643520;0;0;0;0;0;0;0;0;0;0;0;2665;0;0;91;0;32;0;
1690;1338550;981196800;12861440;1073643520;0;0;0;0;0;0;0;0;0;0;0;2615;0;0;91;0;32;0;
1691;2109686;981196800;12861440;1073643520;0;0;0;0;0;0;0;0;0;0;0;2695;0;0;91;0;32;0;
1692;1657638;981196800;12861440;1073643520;0;0;0;0;0;0;0;0;0;0;0;2695;0;0;91;0;32;0;
1693;1520742;981196800;12861440;1073643520;0;0;0;0;0;0;0;0;0;0;0;2625;0;0;91;0;32;0;
1694;2076543;981196800;12861440;1073643520;0;0;0;0;0;0;0;0;0;0;0;2605;0;0;91;0;32;0;
1695;1496546;981196800;12861440;1073643520;0;0;0;0;0;0;0;0;0;0;0;2655;0;0;91;0;32;0;
1696;1864546;981196800;12861440;1073643520;0;0;0;0;0;0;0;0;0;0;0;2996;0;0;91;0;32;0;
1697;2316614;981196800;12861440;1073643520;0;0;0;0;0;0;0;0;0;0;0;2785;0;0;91;0;32;0;
1698;2437280;981196800;12861440;1073643520;0;0;0;0;0;0;0;0;0;0;0;6422;0;0;91;0;32;0;
1699;1605581;981196800;12861440;1073643520;0;0;0;0;0;0;0;0;0;0;0;2876;0;0;91;0;32;0;
1700;1559504;981196800;12861440;1073643520;0;0;0;0;0;0;0;0;0;0;0;2795;0;0;91;0;32;0;
1701;5062292;985251840;12861440;1073643520;0;0;0;0;0;0;0;0;0;0;0;3777;0;0;92;0;32;0;
1702;1781320;985251840;12861440;1073643520;0;0;0;0;0;0;0;0;0;0;0;2865;0;0;92;0;32;0;
1703;2490129;985251840;12861440;1073643520;0;0;0;0;0;0;0;0;0;0;0;2825;0;0;92;0;32;0;
1704;1515431;985251840;12861440;1073643520;0;0;0;0;0;0;0;0;0;0;0;2394;0;0;92;0;32;0;
1705;1486898;985251840;12861440;1073643520;0;0;0;0;0;0;0;0;0;0;0;3206;0;0;92;0;32;0;
1706;1705177;985251840;12861440;1073643520;0;0;0;0;0;0;0;0;0;0;0;3196;0;0;92;0;32;0;
1707;2026480;985251840;12861440;1073643520;0;0;0;0;0;0;0;0;0;0;0;3106;0;0;92;0;32;0;
1708;2089618;985251840;12861440;1073643520;0;0;0;0;0;0;0;0;0;0;0;3166;0;0;92;0;32;0;
1709;2405851;985251840;12861440;1073643520;0;0;0;0;0;0;0;0;0;0;0;2785;0;0;92;0;32;0;
1710;1551750;985251840;12861440;1073643520;0;0;0;0;0;0;0;0;0;0;0;2885;0;0;92;0;32;0;
1711;1660844;985251840;12861440;1073643520;0;0;0;0;0;0;0;0;0;0;0;3036;0;0;92;0;32;0;
1712;1747476;985251840;12861440;1073643520;0;0;0;0;0;0;0;0;0;0;0;2895;0;0;92;0;32;0;
1713;1750422;985251840;12861440;1073643520;0;0;0;0;0;0;0;0;0;0;0;2765;0;0;92;0;32;0;
1714;1731687;985251840;12861440;1073643520;0;0;0;0;0;0;0;0;0;0;0;2955;0;0;92;0;32;0;
1715;2246533;985251840;12861440;1073643520;0;0;0;0;0;0;0;0;0;0;0;2775;0;0;92;0;32;0;
1716;1574792;985251840;12861440;1073643520;0;0;0;0;0;0;0;0;0;0;0;2434;0;0;92;0;32;0;
1717;1262337;985251840;12861440;1073643520;0;0;0;0;0;0;0;0;0;0;0;2264;0;0;92;0;32;0;
1718;1281233;985251840;12861440;1073643520;0;0;0;0;0;0;0;0;0;0;0;2164;0;0;92;0;32;0;
1719;1838908;985251840;12861440;1073643520;0;0;0;0;0;0;0;0;0;0;0;2855;0;0;92;0;32;0;
1720;1591705;985251840;12861440;1073643520;0;0;0;0;0;0;0;0;0;0;0;3095;0;0;92;0;32;0;
1721;4738455;985251840;12861440;1073643520;0;0;0;0;0;0;0;0;0;0;0;3236;0;0;92;0;32;0;
1722;4151384;985378816;12857344;1073639424;0;0;0;0;0;0;0;0;0;0;0;3076;0;0;92;0;32;0;
1723;2074439;985378816;12857344;1073639424;0;0;0;0;0;0;0;0;0;0;0;3276;0;0;92;0;32;0;
1724;2224140;985378816;12857344;1073639424;0;0;0;0;0;0;0;0;0;0;0;4529;0;0;92;0;34;0;
1725;1658190;985378816;12857344;1073639424;0;0;0;0;0;0;0;0;0;0;0;2715;0;0;92;0;34;0;
1726;1698494;985378816;12857344;1073639424;0;0;0;0;0;0;0;0;0;0;0;2946;0;0;92;0;34;0;
1727;1587777;985378816;12857344;1073639424;0;0;0;0;0;0;0;0;0;0;0;3186;0;0;92;0;34;0;
1728;3620519;985378816;12857344;1073639424;0;0;0;0;0;0;0;0;0;0;0;2765;0;0;92;0;34;0;
1729;1940759;985378816;12857344;1073639424;0;0;0;0;0;0;0;0;0;0;0;3396;0;0;92;0;34;0;
1730;1677515;985378816;12857344;1073639424;0;0;0;0;0;0;0;0;0;0;0;3387;0;0;92;0;34;0;
1731;1566457;985378816;12857344;1073639424;0;0;0;0;0;0;0;0;0;0;0;3156;0;0;92;0;34;0;
1732;1786239;985378816;12857344;1073639424;0;0;0;0;0;0;0;0;0;0;0;2876;0;0;92;0;34;0;
1733;1713202;985378816;12857344;1073639424;0;0;0;0;0;0;0;0;0;0;0;2966;0;0;92;0;34;0;
1734;2490870;985378816;12857344;1073639424;0;0;0;0;0;0;0;0;0;0;0;2776;0;0;92;0;34;0;
1735;1566608;985378816;12857344;1073639424;0;0;0;0;0;0;0;0;0;0;0;2304;0;0;92;0;34;0;
1736;1428679;985378816;12857344;1073639424;0;0;0;0;0;0;0;0;0;0;0;1953;0;0;92;0;34;0;
1737;1367534;985378816;12857344;1073639424;0;0;0;0;0;0;0;0;0;0;0;2134;0;0;92;0;34;0;
1738;2015138;985378816;12857344;1073639424;0;0;0;0;0;0;0;0;0;0;0;2876;0;0;92;0;34;0;
1739;1832516;985378816;12857344;1073639424;0;0;0;0;0;0;0;0;0;0;0;2835;0;0;92;0;34;0;
1740;2487784;985378816;12857344;1073639424;0;0;0;0;0;0;0;0;0;0;0;2805;0;0;92;0;34;0;
1741;1665873;985378816;12857344;1073639424;0;0;0;0;0;0;0;0;0;0;0;3727;0;0;92;0;34;0;
1742;1552250;985378816;12857344;1073639424;0;0;0;0;0;0;0;0;0;0;0;1633;0;0;92;0;34;0;
1743;1117425;985378816;12857344;1073639424;0;0;0;0;0;0;0;0;0;0;0;1563;0;0;92;0;34;0;
1744;1307862;985378816;12857344;1073639424;0;0;0;0;0;0;0;0;0;0;0;1713;0;0;92;0;34;0;
1745;1369047;985378816;12857344;1073639424;0;0;0;0;0;0;0;0;0;0;0;1402;0;0;92;0;34;0;
1746;2190868;985378816;12857344;1073639424;0;0;0;0;0;0;0;0;0;0;0;1673;0;0;92;0;34;0;
1747;1680441;985378816;12857344;1073639424;0;0;0;0;0;0;0;0;0;0;0;3236;0;0;92;0;34;0;
1748;1617773;985378816;12857344;1073639424;0;0;0;0;0;0;0;0;0;0;0;3056;0;0;92;0;34;0;
1749;1580894;985378816;12857344;1073639424;0;0;0;0;0;0;0;0;0;0;0;2875;0;0;92;0;34;0;
1750;1686673;985378816;12857344;1073639424;0;0;0;0;0;0;0;0;0;0;0;2966;0;0;92;0;34;0;
1751;4007515;989356032;12857344;1073639424;0;0;0;0;0;0;0;0;0;0;0;3817;0;0;93;0;34;0;
1752;2706685;989356032;12857344;1073639424;0;0;0;0;0;0;0;0;0;0;0;2896;0;0;93;0;34;0;
1753;1958593;989356032;12857344;1073639424;0;0;0;0;0;0;0;0;0;0;0;3016;0;0;93;0;34;0;
1754;1643611;989356032;12857344;1073639424;0;0;0;0;0;0;0;0;0;0;0;2895;0;0;93;0;34;0;
1755;1593458;989356032;12857344;1073639424;0;0;0;0;0;0;0;0;0;0;0;2905;0;0;93;0;34;0;
1756;1745774;989356032;12857344;1073639424;0;0;0;0;0;0;0;0;0;0;0;3076;0;0;93;0;34;0;
1757;1683016;989356032;12857344;1073639424;0;0;0;0;0;0;0;0;0;0;0;3176;0;0;93;0;34;0;
1758;2643837;989356032;12857344;1073639424;0;0;0;0;0;0;0;0;0;0;0;3056;0;0;93;0;34;0;
1759;1659892;989356032;12857344;1073639424;0;0;0;0;0;0;0;0;0;0;0;3046;0;0;93;0;34;0;
1760;2414057;989356032;12857344;1073639424;0;0;0;0;0;0;0;0;0;0;0;3086;0;0;93;0;34;0;
1761;2716994;989356032;12857344;1073639424;0;0;0;0;0;0;0;0;0;0;0;2786;0;0;93;0;34;0;
1762;1954524;989356032;12857344;1073639424;0;0;0;0;0;0;0;0;0;0;0;1663;0;0;93;0;34;0;
1763;1760120;989356032;12857344;1073639424;0;0;0;0;0;0;0;0;0;0;0;2785;0;0;93;0;34;0;
1764;5169352;989356032;12857344;1073639424;0;0;0;0;0;0;0;0;0;0;0;2795;0;0;93;0;34;0;
1765;4333435;989356032;12857344;1073639424;0;0;0;0;0;0;0;0;0;0;0;2605;0;0;93;0;34;0;
1766;1966868;989356032;12857344;1073639424;0;0;0;0;0;0;0;0;0;0;0;3166;0;0;93;0;34;0;
1767;2412333;989356032;12857344;1073639424;0;0;0;0;0;0;0;0;0;0;0;2685;0;0;93;0;34;0;
1768;1979923;989356032;12857344;1073639424;0;0;0;0;0;0;0;0;0;0;0;3056;0;0;93;0;34;0;
1769;1480065;989356032;12857344;1073639424;0;0;0;0;0;0;0;0;0;0;0;2705;0;0;93;0;34;0;
1770;1528325;989356032;12857344;1073639424;0;0;0;0;0;0;0;0;0;0;0;2815;0;0;93;0;34;0;
1771;2485871;989356032;12857344;1073639424;0;0;0;0;0;0;0;0;0;0;0;2905;0;0;93;0;34;0;
1772;1738960;989356032;12857344;1073639424;0;0;0;0;0;0;0;0;0;0;0;2785;0;0;93;0;34;0;
1773;1771652;989356032;12857344;1073639424;0;0;0;0;0;0;0;0;0;0;0;2875;0;0;93;0;34;0;
1774;1750703;989356032;12857344;1073639424;0;0;0;0;0;0;0;0;0;0;0;3036;0;0;93;0;34;0;
1775;1848206;989356032;12857344;1073639424;0;0;0;0;0;0;0;0;0;0;0;3246;0;0;93;0;34;0;
1776;1780238;989356032;12857344;1073639424;0;0;0;0;0;0;0;0;0;0;0;2725;0;0;93;0;34;0;
1777;2813586;989356032;12857344;1073639424;0;0;0;0;0;0;0;0;0;0;0;2835;0;0;93;0;34;0;
1778;2449222;989356032;12857344;1073639424;0;0;0;0;0;0;0;0;0;0;0;3586;0;0;93;0;34;0;
1779;1625849;989356032;12857344;1073639424;0;0;0;0;0;0;0;0;0;0;0;2895;0;0;93;0;34;0;
1780;3610610;995647488;12857344;1090416640;0;0;0;0;0;0;0;0;0;0;0;5000;0;0;94;0;34;0;
1781;1559214;995647488;12857344;1090416640;0;0;0;0;0;0;0;0;0;0;0;2886;0;0;94;0;34;0;
1782;1578509;995647488;12857344;1090416640;0;0;0;0;0;0;0;0;0;0;0;2345;0;0;94;0;34;0;
1783;2204624;995647488;12857344;1090416640;0;0;0;0;0;0;0;0;0;0;0;2655;0;0;94;0;34;0;
1784;1684127;995647488;12857344;1090416640;0;0;0;0;0;0;0;0;0;0;0;1553;0;0;94;0;34;0;
1785;1244364;995647488;12857344;1090416640;0;0;0;0;0;0;0;0;0;0;0;1743;0;0;94;0;34;0;
1786;1054938;995647488;12857344;1090416640;0;0;0;0;0;0;0;0;0;0;0;1603;0;0;94;0;34;0;
1787;1255565;995647488;12857344;1090416640;0;0;0;0;0;0;0;0;0;0;0;1402;0;0;94;0;34;0;
1788;1521213;995647488;12857344;1090416640;0;0;0;0;0;0;0;0;0;0;0;1663;0;0;94;0;34;0;
1789;1858655;995647488;12857344;1090416640;0;0;0;0;0;0;0;0;0;0;0;1873;0;0;94;0;34;0;
1790;2154961;995901440;12857344;1090416640;0;0;0;0;0;0;0;0;0;0;0;4739;0;0;94;0;41;0;
1791;1434870;995901440;12857344;1090416640;0;0;0;0;0;0;0;0;0;0;0;2735;0;0;94;0;41;0;
1792;1900854;995901440;12857344;1090416640;0;0;0;0;0;0;0;0;0;0;0;2875;0;0;94;0;41;0;
1793;1590312;995901440;12857344;1090416640;0;0;0;0;0;0;0;0;0;0;0;2655;0;0;94;0;41;0;
1794;1993278;995901440;12857344;1090416640;0;0;0;0;0;0;0;0;0;0;0;2114;0;0;94;0;41;0;
1795;1970255;995901440;12857344;1090416640;0;0;0;0;0;0;0;0;0;0;0;1654;0;0;94;0;41;0;
1796;1527734;995901440;12857344;1090416640;0;0;0;0;0;0;0;0;0;0;0;2725;0;0;94;0;41;0;
1797;1474044;995901440;12857344;1090416640;0;0;0;0;0;0;0;0;0;0;0;2425;0;0;94;0;41;0;
1798;1653571;995901440;12857344;1090416640;0;0;0;0;0;0;0;0;0;0;0;2494;0;0;94;0;41;0;
1799;1761042;995901440;12857344;1090416640;0;0;0;0;0;0;0;0;0;0;0;2465;0;0;94;0;41;0;
1800;1400005;995901440;12857344;1090416640;0;0;0;0;0;0;0;0;0;0;0;2624;0;0;94;0;41;0;
1801;2282500;995901440;12857344;1090416640;0;0;0;0;0;0;0;0;0;0;0;2765;0;0;94;0;41;0;
1802;1720996;995901440;12857344;1090416640;0;0;0;0;0;0;0;0;0;0;0;2624;0;0;94;0;41;0;
1803;1425874;995901440;12857344;1090416640;0;0;0;0;0;0;0;0;0;0;0;2845;0;0;94;0;41;0;
1804;1562530;995901440;12857344;1090416640;0;0;0;0;0;0;0;0;0;0;0;3146;0;0;94;0;41;0;
1805;1499992;995901440;12857344;1090416640;0;0;0;0;0;0;0;0;0;0;0;2415;0;0;94;0;41;0;
1806;1929287;995901440;12857344;1090416640;0;0;0;0;0;0;0;0;0;0;0;2705;0;0;94;0;41;0;
1807;4545974;995901440;12857344;1090416640;0;0;0;0;0;0;0;0;0;0;0;1553;0;0;94;0;41;0;
1808;3049478;995901440;12857344;1090416640;0;0;0;0;0;0;0;0;0;0;0;1753;0;0;94;0;41;0;
1809;1895785;995901440;12857344;1090416640;0;0;0;0;0;0;0;0;0;0;0;2966;0;0;94;0;41;0;
1810;1639093;995901440;12857344;1090416640;0;0;0;0;0;0;0;0;0;0;0;2475;0;0;94;0;41;0;
1811;2476464;995901440;12857344;1090416640;0;0;0;0;0;0;0;0;0;0;0;2515;0;0;94;0;41;0;
1812;1824962;995901440;12857344;1090416640;0;0;0;0;0;0;0;0;0;0;0;2545;0;0;94;0;41;0;
1813;1438607;995901440;12857344;1090416640;0;0;0;0;0;0;0;0;0;0;0;2485;0;0;94;0;41;0;
1814;2182142;995901440;12857344;1090416640;0;0;0;0;0;0;0;0;0;0;0;2454;0;0;94;0;41;0;
1815;1676383;995901440;12857344;1090416640;0;0;0;0;0;0;0;0;0;0;0;2565;0;0;94;0;41;0;
1816;1412979;995901440;12857344;1090416640;0;0;0;0;0;0;0;0;0;0;0;2525;0;0;94;0;41;0;
1817;2261200;995901440;12857344;1090416640;0;0;0;0;0;0;0;0;0;0;0;2886;0;0;94;0;41;0;
1818;1784787;995901440;12857344;1090416640;0;0;0;0;0;0;0;0;0;0;0;2725;0;0;94;0;41;0;
1819;1866640;995901440;12857344;1090416640;0;0;0;0;0;0;0;0;0;0;0;2465;0;0;94;0;41;0;
1820;2258565;995901440;12857344;1090416640;0;0;0;0;0;0;0;0;0;0;0;2615;0;0;94;0;41;0;
1821;1561148;995901440;12857344;1090416640;0;0;0;0;0;0;0;0;0;0;0;2535;0;0;94;0;41;0;
1822;1453255;995901440;12857344;1090416640;0;0;0;0;0;0;0;0;0;0;0;2655;0;0;94;0;41;0;
1823;1381700;995901440;12857344;1090416640;0;0;0;0;0;0;0;0;0;0;0;2685;0;0;94;0;41;0;
1824;1842945;995901440;12857344;1090416640;0;0;0;0;0;0;0;0;0;0;0;2515;0;0;94;0;41;0;
1825;1479314;995901440;12857344;1090416640;0;0;0;0;0;0;0;0;0;0;0;2605;0;0;94;0;41;0;
1826;2340128;995901440;12857344;1090416640;0;0;0;0;0;0;0;0;0;0;0;2555;0;0;94;0;41;0;
1827;1646126;995901440;12857344;1090416640;0;0;0;0;0;0;0;0;0;0;0;2946;0;0;94;0;41;0;
1828;2606918;995901440;12857344;1090416640;0;0;0;0;0;0;0;0;0;0;0;2534;0;0;94;0;41;0;
1829;1950747;995901440;12857344;1090416640;0;0;0;0;0;0;0;0;0;0;0;2966;0;0;94;0;41;0;
1830;1520330;995901440;12857344;1090416640;0;0;0;0;0;0;0;0;0;0;0;2765;0;0;94;0;41;0;
1831;1591033;995901440;12857344;1090416640;0;0;0;0;0;0;0;0;0;0;0;2846;0;0;94;0;41;0;
1832;2495820;995901440;12857344;1090416640;0;0;0;0;0;0;0;0;0;0;0;2695;0;0;94;0;41;0;
1833;4375925;1002192896;12857344;1107193856;0;0;0;0;0;0;0;0;0;0;0;5110;0;0;95;0;41;0;
1834;1942984;1002192896;12857344;1107193856;0;0;0;0;0;0;0;0;0;0;0;2625;0;0;95;0;41;0;
1835;1656706;1002192896;12857344;1107193856;0;0;0;0;0;0;0;0;0;0;0;2554;0;0;95;0;41;0;
1836;2260058;1002192896;12857344;1107193856;0;0;0;0;0;0;0;0;0;0;0;2706;0;0;95;0;41;0;
1837;2205566;1002192896;12857344;1107193856;0;0;0;0;0;0;0;0;0;0;0;2675;0;0;95;0;41;0;
1838;2289343;1002192896;12857344;1107193856;0;0;0;0;0;0;0;0;0;0;0;2615;0;0;95;0;41;0;
1839;1442545;1002192896;12857344;1107193856;0;0;0;0;0;0;0;0;0;0;0;1613;0;0;95;0;41;0;
1840;3502397;1006424064;12857344;1107193856;0;0;0;0;0;0;0;0;0;0;0;2334;0;0;96;0;41;0;
1841;1650215;1006424064;12857344;1107193856;0;0;0;0;0;0;0;0;0;0;0;1683;0;0;96;0;41;0;
1842;2195467;1006424064;12857344;1107193856;0;0;0;0;0;0;0;0;0;0;0;1603;0;0;96;0;41;0;
1843;1887299;1006424064;12857344;1107193856;0;0;0;0;0;0;0;0;0;0;0;2435;0;0;96;0;41;0;
1844;2569698;1006424064;12857344;1107193856;0;0;0;0;0;0;0;0;0;0;0;3026;0;0;96;0;41;0;
1845;1604829;1006424064;12857344;1107193856;0;0;0;0;0;0;0;0;0;0;0;2414;0;0;96;0;41;0;
1846;1511073;1006424064;12857344;1107193856;0;0;0;0;0;0;0;0;0;0;0;2424;0;0;96;0;41;0;
1847;1811296;1006424064;12857344;1107193856;0;0;0;0;0;0;0;0;0;0;0;2444;0;0;96;0;41;0;
1848;4025398;1010663424;12857344;1107193856;0;0;0;0;0;0;0;0;0;0;0;3457;0;0;97;0;41;0;
1849;1603717;1010663424;12857344;1107193856;0;0;0;0;0;0;0;0;0;0;0;2484;0;0;97;0;41;0;
1850;6036198;1010663424;12857344;1107193856;0;0;0;0;0;0;0;0;0;0;0;2594;0;0;97;0;41;0;
1851;3680351;1010663424;12861440;1107197952;0;0;0;0;0;0;0;0;0;0;0;2555;0;0;97;0;41;0;
1852;2139381;1010663424;12861440;1107197952;0;0;0;0;0;0;0;0;0;0;0;3035;0;0;97;0;41;0;
1853;4343445;1014718464;12861440;1107197952;0;0;0;0;0;0;0;0;0;0;0;4909;0;0;98;0;41;0;
1854;2438712;1014718464;12861440;1107197952;0;0;0;0;0;0;0;0;0;0;0;2625;0;0;98;0;41;0;
1855;2064781;1014718464;12861440;1107197952;0;0;0;0;0;0;0;0;0;0;0;2535;0;0;98;0;41;0;
1856;1737959;1014718464;12861440;1107197952;0;0;0;0;0;0;0;0;0;0;0;2886;0;0;98;0;41;0;
1857;2415659;1014718464;12861440;1107197952;0;0;0;0;0;0;0;0;0;0;0;2514;0;0;98;0;41;0;
1858;1633833;1014718464;12861440;1107197952;0;0;0;0;0;0;0;0;0;0;0;2514;0;0;98;0;41;0;
1859;1758979;1014718464;12861440;1107197952;0;0;0;0;0;0;0;0;0;0;0;2845;0;0;98;0;41;0;
1860;1981275;1014718464;12861440;1107197952;0;0;0;0;0;0;0;0;0;0;0;2926;0;0;98;0;41;0;
1861;2052228;1014718464;12861440;1107197952;0;0;0;0;0;0;0;0;0;0;0;2665;0;0;98;0;41;0;
1862;2580940;1014718464;12861440;1107197952;0;0;0;0;0;0;0;0;0;0;0;2575;0;0;98;0;41;0;
1863;3555246;1018912768;12861440;1123975168;0;0;0;0;0;0;0;0;0;0;0;2996;0;0;98;0;41;0;
1864;2310182;1018912768;12861440;1123975168;0;0;0;0;0;0;0;0;0;0;0;3186;0;0;98;0;41;0;
1865;1414201;1018912768;12861440;1123975168;0;0;0;0;0;0;0;0;0;0;0;1824;0;0;98;0;41;0;
1866;1588067;1018912768;12861440;1123975168;0;0;0;0;0;0;0;0;0;0;0;1553;0;0;98;0;41;0;
1867;3227763;1023156224;12861440;1123975168;0;0;0;0;0;0;0;0;0;0;0;2615;0;0;99;0;41;0;
1868;1278908;1023156224;12861440;1123975168;0;0;0;0;0;0;0;0;0;0;0;1984;0;0;99;0;41;0;
1869;2727424;1023156224;12861440;1123975168;0;0;0;0;0;0;0;0;0;0;0;1603;0;0;99;0;41;0;
1870;1623084;1023156224;12861440;1123975168;0;0;0;0;0;0;0;0;0;0;0;11642;0;0;99;0;41;0;
1871;1270171;1023156224;12861440;1123975168;0;0;0;0;0;0;0;0;0;0;0;1883;0;0;99;0;41;0;
1872;1317421;1023156224;12861440;1123975168;0;0;0;0;0;0;0;0;0;0;0;1633;0;0;99;0;41;0;
1873;1173531;1023156224;12861440;1123975168;0;0;0;0;0;0;0;0;0;0;0;1613;0;0;99;0;41;0;
1874;1804474;1023156224;12861440;1123975168;0;0;0;0;0;0;0;0;0;0;0;2565;0;0;99;0;41;0;
1875;2437430;1023156224;12861440;1123975168;0;0;0;0;0;0;0;0;0;0;0;3116;0;0;99;0;41;0;
1876;3562119;1027403776;12861440;1123975168;0;0;0;0;0;0;0;0;0;0;0;4027;0;0;100;0;41;0;
1877;1895344;1027403776;12861440;1123975168;0;0;0;0;0;0;0;0;0;0;0;2865;0;0;100;0;41;0;
1878;2784561;1027403776;12861440;1123975168;0;0;0;0;0;0;0;0;0;0;0;2645;0;0;100;0;41;0;
1879;1837154;1027403776;12861440;1123975168;0;0;0;0;0;0;0;0;0;0;0;2575;0;0;100;0;41;0;
1880;1463424;1027403776;12861440;1123975168;0;0;0;0;0;0;0;0;0;0;0;2605;0;0;100;0;41;0;
1881;2529593;1027403776;12861440;1123975168;0;0;0;0;0;0;0;0;0;0;0;2565;0;0;100;0;41;0;
1882;1681984;1027403776;12861440;1123975168;0;0;0;0;0;0;0;0;0;0;0;2786;0;0;100;0;41;0;
1883;4511679;1031454720;12861440;1123975168;0;0;0;0;0;0;0;0;0;0;0;4459;0;0;101;0;41;0;
1884;1637861;1031454720;12861440;1123975168;0;0;0;0;0;0;0;0;0;0;0;2715;0;0;101;0;41;0;
1885;1900754;1031454720;12861440;1123975168;0;0;0;0;0;0;0;0;0;0;0;2575;0;0;101;0;41;0;
1886;1588349;1031454720;12861440;1123975168;0;0;0;0;0;0;0;0;0;0;0;2225;0;0;101;0;41;0;
1887;2499898;1031454720;12861440;1123975168;0;0;0;0;0;0;0;0;0;0;0;3136;0;0;101;0;41;0;
1888;1574913;1031454720;12861440;1123975168;0;0;0;0;0;0;0;0;0;0;0;3166;0;0;101;0;41;0;
1889;1416476;1031454720;12861440;1123975168;0;0;0;0;0;0;0;0;0;0;0;2785;0;0;101;0;41;0;
1890;1594660;1031454720;12861440;1123975168;0;0;0;0;0;0;0;0;0;0;0;2505;0;0;101;0;41;0;
1891;1840261;1031454720;12861440;1123975168;0;0;0;0;0;0;0;0;0;0;0;2595;0;0;101;0;41;0;
1892;1863194;1031454720;12861440;1123975168;0;0;0;0;0;0;0;0;0;0;0;2995;0;0;101;0;41;0;
1893;5077901;1031454720;12861440;1123975168;0;0;0;0;0;0;0;0;0;0;0;2725;0;0;101;0;41;0;
1894;6408777;1031454720;12861440;1123975168;0;0;0;0;0;0;0;0;0;0;0;1573;0;0;101;0;41;0;
1895;1988348;1035649024;12861440;1140752384;0;0;0;0;0;0;0;0;0;0;0;2003;0;0;101;0;41;0;
1896;1600090;1035907072;12861440;1140752384;0;0;0;0;0;0;0;0;0;0;0;2645;0;0;101;0;42;0;
1897;1261735;1035907072;12861440;1140752384;0;0;0;0;0;0;0;0;0;0;0;1744;0;0;101;0;42;0;
1898;1534807;1035907072;12861440;1140752384;0;0;0;0;0;0;0;0;0;0;0;1563;0;0;101;0;42;0;
1899;1624316;1035907072;12861440;1140752384;0;0;0;0;0;0;0;0;0;0;0;2053;0;0;101;0;42;0;
1900;5955537;1035907072;12861440;1140752384;0;0;0;0;0;0;0;0;0;0;0;1643;0;0;101;0;42;0;
1901;2106159;1035907072;12861440;1140752384;0;0;0;0;0;0;0;0;0;0;0;1703;0;0;101;0;42;0;
1902;1602495;1035907072;12861440;1140752384;0;0;0;0;0;0;0;0;0;0;0;1893;0;0;101;0;42;0;
1903;1402931;1035907072;12861440;1140752384;0;0;0;0;0;0;0;0;0;0;0;1613;0;0;101;0;42;0;
1904;1283336;1035907072;12861440;1140752384;0;0;0;0;0;0;0;0;0;0;0;1763;0;0;101;0;42;0;
1905;1363656;1035907072;12861440;1140752384;0;0;0;0;0;0;0;0;0;0;0;1443;0;0;101;0;42;0;
1906;2223489;1035907072;12861440;1140752384;0;0;0;0;0;0;0;0;0;0;0;1803;0;0;101;0;42;0;
1907;1974383;1035907072;12861440;1140752384;0;0;0;0;0;0;0;0;0;0;0;2004;0;0;101;0;42;0;
1908;1472301;1035907072;12861440;1140752384;0;0;0;0;0;0;0;0;0;0;0;2094;0;0;101;0;42;0;
1909;1347727;1035907072;12861440;1140752384;0;0;0;0;0;0;0;0;0;0;0;1853;0;0;101;0;42;0;
1910;1214407;1035907072;12861440;1140752384;0;0;0;0;0;0;0;0;0;0;0;2003;0;0;101;0;42;0;
1911;1202425;1035907072;12861440;1140752384;0;0;0;0;0;0;0;0;0;0;0;2184;0;0;101;0;42;0;
1912;2358462;1035907072;12861440;1140752384;0;0;0;0;0;0;0;0;0;0;0;2906;0;0;101;0;42;0;
1913;1585493;1035907072;12861440;1140752384;0;0;0;0;0;0;0;0;0;0;0;2906;0;0;101;0;42;0;
1914;4785703;1040150528;12861440;1140752384;0;0;0;0;0;0;0;0;0;0;0;4137;0;0;102;0;42;0;
1915;2249608;1040150528;12861440;1140752384;0;0;0;0;0;0;0;0;0;0;0;2635;0;0;102;0;42;0;
1916;2164088;1040150528;12861440;1140752384;0;0;0;0;0;0;0;0;0;0;0;3116;0;0;102;0;42;0;
1917;1936090;1040150528;12861440;1140752384;0;0;0;0;0;0;0;0;0;0;0;2976;0;0;102;0;42;0;
1918;2467507;1040150528;12861440;1140752384;0;0;0;0;0;0;0;0;0;0;0;2675;0;0;102;0;42;0;
1919;1745042;1040150528;12861440;1140752384;0;0;0;0;0;0;0;0;0;0;0;2114;0;0;102;0;42;0;
1920;3550357;1046441984;12861440;1157529600;0;0;0;0;0;0;0;0;0;0;0;2835;0;0;103;0;42;0;
1921;1953162;1046441984;12861440;1157529600;0;0;0;0;0;0;0;0;0;0;0;3346;0;0;103;0;42;0;
1922;2800040;1046441984;12861440;1157529600;0;0;0;0;0;0;0;0;0;0;0;2735;0;0;103;0;42;0;
1923;1846022;1046441984;12861440;1157529600;0;0;0;0;0;0;0;0;0;0;0;2725;0;0;103;0;42;0;
1924;3010996;1046441984;12861440;1157529600;0;0;0;0;0;0;0;0;0;0;0;2575;0;0;103;0;42;0;
1925;1536982;1046441984;12861440;1157529600;0;0;0;0;0;0;0;0;0;0;0;2775;0;0;103;0;42;0;
1926;1649322;1046441984;12861440;1157529600;0;0;0;0;0;0;0;0;0;0;0;2856;0;0;103;0;42;0;
1927;1851031;1046441984;12861440;1157529600;0;0;0;0;0;0;0;0;0;0;0;2675;0;0;103;0;42;0;
1928;1635797;1046441984;12861440;1157529600;0;0;0;0;0;0;0;0;0;0;0;2675;0;0;103;0;42;0;
1929;1939287;1046441984;12861440;1157529600;0;0;0;0;0;0;0;0;0;0;0;2976;0;0;103;0;42;0;
1930;2851096;1046441984;12861440;1157529600;0;0;0;0;0;0;0;0;0;0;0;2735;0;0;103;0;42;0;
1931;2739166;1046708224;12861440;1157529600;0;0;0;0;0;0;0;0;0;0;0;1633;0;0;103;0;42;0;
1932;1530259;1046708224;12861440;1157529600;0;0;0;0;0;0;0;0;0;0;0;1653;0;0;103;0;42;0;
1933;1678398;1046708224;12861440;1157529600;0;0;0;0;0;0;0;0;0;0;0;1764;0;0;103;0;42;0;
1934;2186149;1046708224;12861440;1157529600;0;0;0;0;0;0;0;0;0;0;0;2284;0;0;103;0;42;0;
1935;2291377;1046708224;12861440;1157529600;0;0;0;0;0;0;0;0;0;0;0;1964;0;0;103;0;42;0;
1936;5760071;1046708224;12861440;1157529600;0;0;0;0;0;0;0;0;0;0;0;5220;0;0;103;0;42;0;
1937;3497949;1046708224;12861440;1157529600;0;0;0;0;0;0;0;0;0;0;0;2766;0;0;103;0;42;0;
1938;2079850;1046708224;12861440;1157529600;0;0;0;0;0;0;0;0;0;0;0;2144;0;0;103;0;42;0;
1939;1333330;1046708224;12861440;1157529600;0;0;0;0;0;0;0;0;0;0;0;2114;0;0;103;0;42;0;
1940;1180864;1046708224;12861440;1157529600;0;0;0;0;0;0;0;0;0;0;0;2164;0;0;103;0;42;0;
1941;1278668;1046708224;12861440;1157529600;0;0;0;0;0;0;0;0;0;0;0;2074;0;0;103;0;42;0;
1942;2882835;1050939392;12861440;1157529600;0;0;0;0;0;0;0;0;0;0;0;2525;0;0;104;0;42;0;
1943;1959213;1050939392;12861440;1157529600;0;0;0;0;0;0;0;0;0;0;0;2033;0;0;104;0;42;0;
1944;1508919;1050939392;12861440;1157529600;0;0;0;0;0;0;0;0;0;0;0;2094;0;0;104;0;42;0;
1945;2205094;1050939392;12861440;1157529600;0;0;0;0;0;0;0;0;0;0;0;2054;0;0;104;0;42;0;
1946;2014417;1050939392;12861440;1157529600;0;0;0;0;0;0;0;0;0;0;0;2966;0;0;104;0;42;0;
1947;1394014;1050939392;12861440;1157529600;0;0;0;0;0;0;0;0;0;0;0;2114;0;0;104;0;42;0;
1948;2289724;1050939392;12861440;1157529600;0;0;0;0;0;0;0;0;0;0;0;1994;0;0;104;0;42;0;
1949;2018846;1050939392;12861440;1157529600;0;0;0;0;0;0;0;0;0;0;0;2816;0;0;104;0;42;0;
1950;1650174;1050939392;12861440;1157529600;0;0;0;0;0;0;0;0;0;0;0;2856;0;0;104;0;42;0;
1951;1577057;1050939392;12861440;1157529600;0;0;0;0;0;0;0;0;0;0;0;2945;0;0;104;0;42;0;
1952;1795156;1050939392;12861440;1157529600;0;0;0;0;0;0;0;0;0;0;0;2846;0;0;104;0;42;0;
1953;1530480;1050939392;12861440;1157529600;0;0;0;0;0;0;0;0;0;0;0;2865;0;0;104;0;42;0;
1954;2391815;1050939392;12861440;1157529600;0;0;0;0;0;0;0;0;0;0;0;2846;0;0;104;0;42;0;
1955;2644078;1050939392;12861440;1157529600;0;0;0;0;0;0;0;0;0;0;0;2885;0;0;104;0;42;0;
1956;2087024;1050939392;12861440;1157529600;0;0;0;0;0;0;0;0;0;0;0;2685;0;0;104;0;42;0;
1957;1620568;1050939392;12861440;1157529600;0;0;0;0;0;0;0;0;0;0;0;2745;0;0;104;0;42;0;
1958;1947432;1050939392;12861440;1157529600;0;0;0;0;0;0;0;0;0;0;0;2855;0;0;104;0;42;0;
1959;1810615;1050939392;12861440;1157529600;0;0;0;0;0;0;0;0;0;0;0;2765;0;0;104;0;42;0;
1960;2445776;1050939392;12861440;1157529600;0;0;0;0;0;0;0;0;0;0;0;2835;0;0;104;0;42;0;
1961;1788684;1050939392;12861440;1157529600;0;0;0;0;0;0;0;0;0;0;0;3206;0;0;104;0;42;0;
1962;1604047;1050939392;12861440;1157529600;0;0;0;0;0;0;0;0;0;0;0;2815;0;0;104;0;42;0;
1963;1646948;1050939392;12861440;1157529600;0;0;0;0;0;0;0;0;0;0;0;2936;0;0;104;0;42;0;
1964;1709285;1050939392;12861440;1157529600;0;0;0;0;0;0;0;0;0;0;0;2976;0;0;104;0;42;0;
1965;1557230;1050939392;12861440;1157529600;0;0;0;0;0;0;0;0;0;0;0;2956;0;0;104;0;42;0;
1966;2439905;1050939392;12861440;1157529600;0;0;0;0;0;0;0;0;0;0;0;2825;0;0;104;0;42;0;
1967;1633523;1050939392;12861440;1157529600;0;0;0;0;0;0;0;0;0;0;0;2936;0;0;104;0;42;0;
1968;3463063;1057230848;12861440;1174306816;0;0;0;0;0;0;0;0;0;0;0;3547;0;0;105;0;42;0;
1969;2122279;1057230848;12861440;1174306816;0;0;0;0;0;0;0;0;0;0;0;3006;0;0;105;0;42;0;
1970;1870377;1057230848;12861440;1174306816;0;0;0;0;0;0;0;0;0;0;0;2835;0;0;105;0;42;0;
1971;1607875;1057230848;12861440;1174306816;0;0;0;0;0;0;0;0;0;0;0;3145;0;0;105;0;42;0;
1972;2688551;1057230848;12861440;1174306816;0;0;0;0;0;0;0;0;0;0;0;4058;0;0;105;0;42;0;
1973;1428688;1057230848;12861440;1174306816;0;0;0;0;0;0;0;0;0;0;0;2265;0;0;105;0;42;0;
1974;1662206;1057230848;12861440;1174306816;0;0;0;0;0;0;0;0;0;0;0;1713;0;0;105;0;42;0;
1975;1676944;1057230848;12861440;1174306816;0;0;0;0;0;0;0;0;0;0;0;1933;0;0;105;0;42;0;
1976;3280832;1061261312;12861440;1174306816;0;0;0;0;0;0;0;0;0;0;0;2615;0;0;106;0;42;0;
1977;1605420;1061261312;12861440;1174306816;0;0;0;0;0;0;0;0;0;0;0;1813;0;0;106;0;42;0;
1978;5677466;1061261312;12861440;1174306816;0;0;0;0;0;0;0;0;0;0;0;1683;0;0;106;0;42;0;
1979;3097588;1061261312;12861440;1174306816;0;0;0;0;0;0;0;0;0;0;0;2735;0;0;106;0;42;0;
1980;1801408;1061261312;12861440;1174306816;0;0;0;0;0;0;0;0;0;0;0;2895;0;0;106;0;42;0;
1981;1723362;1061261312;12861440;1174306816;0;0;0;0;0;0;0;0;0;0;0;2756;0;0;106;0;42;0;
1982;1541540;1061261312;12861440;1174306816;0;0;0;0;0;0;0;0;0;0;0;1793;0;0;106;0;42;0;
1983;1567710;1061261312;12861440;1174306816;0;0;0;0;0;0;0;0;0;0;0;1723;0;0;106;0;42;0;
1984;1648341;1061261312;12861440;1174306816;0;0;0;0;0;0;0;0;0;0;0;2024;0;0;106;0;42;0;
1985;1955967;1061261312;12861440;1174306816;0;0;0;0;0;0;0;0;0;0;0;1863;0;0;106;0;42;0;
1986;1387171;1061261312;12861440;1174306816;0;0;0;0;0;0;0;0;0;0;0;1914;0;0;106;0;42;0;
1987;1793733;1061261312;12861440;1174306816;0;0;0;0;0;0;0;0;0;0;0;1733;0;0;106;0;42;0;
1988;1845110;1061261312;12861440;1174306816;0;0;0;0;0;0;0;0;0;0;0;1683;0;0;106;0;42;0;
1989;1876669;1061261312;12861440;1174306816;0;0;0;0;0;0;0;0;0;0;0;1643;0;0;106;0;42;0;
1990;1546880;1061261312;12861440;1174306816;0;0;0;0;0;0;0;0;0;0;0;1923;0;0;106;0;42;0;
1991;1367995;1061261312;12861440;1174306816;0;0;0;0;0;0;0;0;0;0;0;1793;0;0;106;0;42;0;
1992;1161027;1061261312;12861440;1174306816;0;0;0;0;0;0;0;0;0;0;0;1623;0;0;106;0;42;0;
1993;2138319;1061261312;12861440;1174306816;0;0;0;0;0;0;0;0;0;0;0;1673;0;0;106;0;42;0;
1994;1524789;1061261312;12861440;1174306816;0;0;0;0;0;0;0;0;0;0;0;1753;0;0;106;0;42;0;
1995;1365280;1061261312;12861440;1174306816;0;0;0;0;0;0;0;0;0;0;0;1613;0;0;106;0;42;0;
1996;1206142;1061261312;12861440;1174306816;0;0;0;0;0;0;0;0;0;0;0;1733;0;0;106;0;42;0;
1997;1950758;1061261312;12861440;1174306816;0;0;0;0;0;0;0;0;0;0;0;1793;0;0;106;0;42;0;
1998;2176310;1061261312;12861440;1174306816;0;0;0;0;0;0;0;0;0;0;0;1813;0;0;106;0;42;0;
1999;1630137;1061261312;12861440;1174306816;0;0;0;0;0;0;0;0;0;0;0;2775;0;0;106;0;42;0;
2000;1647590;1061261312;12861440;1174306816;0;0;0;0;0;0;0;0;0;0;0;2654;0;0;106;0;42;0;
2001;1139066;1061261312;12861440;1174306816;0;0;0;0;0;0;0;0;0;0;0;1623;0;0;106;0;42;0;
2002;1253130;1061261312;12861440;1174306816;0;0;0;0;0;0;0;0;0;0;0;1964;0;0;106;0;42;0;
2003;2588112;1061261312;12861440;1174306816;0;0;0;0;0;0;0;0;0;0;0;1803;0;0;106;0;42;0;
2004;1619988;1061261312;12861440;1174306816;0;0;0;0;0;0;0;0;0;0;0;2806;0;0;106;0;42;0;
2005;2044112;1061261312;12861440;1174306816;0;0;0;0;0;0;0;0;0;0;0;2685;0;0;106;0;42;0;
2006;1780419;1061527552;12861440;1174306816;0;0;0;0;0;0;0;0;0;0;0;2705;0;0;106;0;42;0;
2007;1564203;1061527552;12861440;1174306816;0;0;0;0;0;0;0;0;0;0;0;2765;0;0;106;0;42;0;
2008;2294803;1061527552;12861440;1174306816;0;0;0;0;0;0;0;0;0;0;0;3266;0;0;106;0;42;0;
2009;1534668;1061527552;12861440;1174306816;0;0;0;0;0;0;0;0;0;0;0;2806;0;0;106;0;42;0;
2010;1478682;1061527552;12861440;1174306816;0;0;0;0;0;0;0;0;0;0;0;2645;0;0;106;0;42;0;
2011;1658790;1061527552;12861440;1174306816;0;0;0;0;0;0;0;0;0;0;0;2725;0;0;106;0;42;0;
2012;1615720;1061527552;12861440;1174306816;0;0;0;0;0;0;0;0;0;0;0;10911;0;0;106;0;42;0;
2013;1677906;1061527552;12861440;1174306816;0;0;0;0;0;0;0;0;0;0;0;2715;0;0;106;0;42;0;
2014;5689468;1061527552;12861440;1174306816;0;0;0;0;0;0;0;0;0;0;0;2986;0;0;106;0;42;0;
2015;4677691;1061527552;12865536;1174310912;0;0;0;0;0;0;0;0;0;0;0;2455;0;0;106;0;42;0;
2016;3939156;1067819008;12865536;1191088128;0;0;0;0;0;0;0;0;0;0;0;6072;0;0;107;0;42;0;
2017;2957085;1067819008;12865536;1191088128;0;0;0;0;0;0;0;0;0;0;0;2174;0;0;107;0;42;0;
2018;2239960;1067819008;12865536;1191088128;0;0;0;0;0;0;0;0;0;0;0;1694;0;0;107;0;42;0;
2019;2101100;1067819008;12865536;1191088128;0;0;0;0;0;0;0;0;0;0;0;1473;0;0;107;0;42;0;
2020;2418805;1067819008;12865536;1191088128;0;0;0;0;0;0;0;0;0;0;0;1934;0;0;107;0;42;0;
2021;1601002;1067819008;12865536;1191088128;0;0;0;0;0;0;0;0;0;0;0;2926;0;0;107;0;42;0;
2022;1638202;1067819008;12865536;1191088128;0;0;0;0;0;0;0;0;0;0;0;2705;0;0;107;0;42;0;
2023;3909620;1072054272;12865536;1191088128;0;0;0;0;0;0;0;0;0;0;0;3797;0;0;108;0;42;0;
2024;1975584;1072054272;12865536;1191088128;0;0;0;0;0;0;0;0;0;0;0;2785;0;0;108;0;42;0;
2025;2580599;1072054272;12865536;1191088128;0;0;0;0;0;0;0;0;0;0;0;2736;0;0;108;0;42;0;
2026;2456145;1072312320;12865536;1191088128;0;0;0;0;0;0;0;0;0;0;0;2735;0;0;108;0;42;0;
2027;1789385;1072312320;12865536;1191088128;0;0;0;0;0;0;0;0;0;0;0;2705;0;0;108;0;42;0;
2028;1852835;1072312320;12865536;1191088128;0;0;0;0;0;0;0;0;0;0;0;2675;0;0;108;0;42;0;
2029;1910443;1072312320;12865536;1191088128;0;0;0;0;0;0;0;0;0;0;0;2725;0;0;108;0;42;0;
2030;5497338;1076551680;12865536;1191088128;0;0;0;0;0;0;0;0;0;0;0;3126;0;0;109;0;42;0;
2031;2088626;1076551680;12865536;1191088128;0;0;0;0;0;0;0;0;0;0;0;2805;0;0;109;0;42;0;
2032;1607855;1076551680;12865536;1191088128;0;0;0;0;0;0;0;0;0;0;0;3036;0;0;109;0;42;0;
2033;1773064;1076551680;12865536;1191088128;0;0;0;0;0;0;0;0;0;0;0;2785;0;0;109;0;42;0;
2034;1696331;1076551680;12865536;1191088128;0;0;0;0;0;0;0;0;0;0;0;2765;0;0;109;0;42;0;
2035;2424596;1076551680;12865536;1191088128;0;0;0;0;0;0;0;0;0;0;0;2164;0;0;109;0;42;0;
2036;1904401;1076551680;12865536;1191088128;0;0;0;0;0;0;0;0;0;0;0;2785;0;0;109;0;42;0;
2037;4986179;1080606720;12865536;1191088128;0;0;0;0;0;0;0;0;0;0;0;3677;0;0;110;0;42;0;
2038;2100339;1080606720;12865536;1191088128;0;0;0;0;0;0;0;0;0;0;0;2705;0;0;110;0;42;0;
2039;2354806;1080606720;12865536;1191088128;0;0;0;0;0;0;0;0;0;0;0;2745;0;0;110;0;42;0;
2040;2831108;1080606720;12865536;1191088128;0;0;0;0;0;0;0;0;0;0;0;2715;0;0;110;0;42;0;
2041;2160440;1080606720;12865536;1191088128;0;0;0;0;0;0;0;0;0;0;0;2796;0;0;110;0;42;0;
2042;2218320;1080606720;12865536;1191088128;0;0;0;0;0;0;0;0;0;0;0;2424;0;0;110;0;42;0;
2043;2019306;1080606720;12865536;1191088128;0;0;0;0;0;0;0;0;0;0;0;2835;0;0;110;0;42;0;
2044;2766938;1080606720;12865536;1191088128;0;0;0;0;0;0;0;0;0;0;0;2845;0;0;110;0;42;0;
2045;3564253;1080606720;12865536;1191088128;0;0;0;0;0;0;0;0;0;0;0;2755;0;0;110;0;42;0;
2046;2048511;1080606720;12865536;1191088128;0;0;0;0;0;0;0;0;0;0;0;2705;0;0;110;0;42;0;
2047;1781310;1080606720;12865536;1191088128;0;0;0;0;0;0;0;0;0;0;0;1773;0;0;110;0;42;0;
2048;1362615;1080606720;12865536;1191088128;0;0;0;0;0;0;0;0;0;0;0;1733;0;0;110;0;42;0;
2049;1251296;1080606720;12865536;1191088128;0;0;0;0;0;0;0;0;0;0;0;2023;0;0;110;0;42;0;
2050;4247584;1080606720;12865536;1191088128;0;0;0;0;0;0;0;0;0;0;0;1663;0;0;110;0;42;0;
2051;4530294;1080823808;12849152;1191071744;0;0;0;0;0;0;0;0;0;0;0;3015;0;0;110;0;42;0;
2052;2143810;1080823808;12849152;1191071744;0;0;0;0;0;0;0;0;0;0;0;3035;0;0;110;0;42;0;
2053;2699552;1080823808;12849152;1191071744;0;0;0;0;0;0;0;0;0;0;0;3276;0;0;110;0;42;0;
2054;2596198;1085018112;12849152;1207848960;0;0;0;0;0;0;0;0;0;0;0;3397;0;0;110;0;42;0;
2055;1939687;1085018112;12849152;1207848960;0;0;0;0;0;0;0;0;0;0;0;3026;0;0;110;0;42;0;
2056;4873808;1088987136;12849152;1207848960;0;0;0;0;0;0;0;0;0;0;0;3276;0;0;111;0;42;0;
2057;2656421;1088987136;12849152;1207848960;0;0;0;0;0;0;0;0;0;0;0;2986;0;0;111;0;42;0;
2058;2213350;1088987136;12849152;1207848960;0;0;0;0;0;0;0;0;0;0;0;2875;0;0;111;0;42;0;
2059;2053570;1088987136;12849152;1207848960;0;0;0;0;0;0;0;0;0;0;0;2855;0;0;111;0;42;0;
2060;2265928;1088987136;12849152;1207848960;0;0;0;0;0;0;0;0;0;0;0;3105;0;0;111;0;42;0;
2061;3321468;1088987136;12849152;1207848960;0;0;0;0;0;0;0;0;0;0;0;2705;0;0;111;0;42;0;
2062;5341395;1093308416;12849152;1207848960;0;0;0;0;0;0;0;0;0;0;0;3196;0;0;112;0;42;0;
2063;1761664;1093308416;12849152;1207848960;0;0;0;0;0;0;0;0;0;0;0;1914;0;0;112;0;42;0;
2064;1582507;1093308416;12849152;1207848960;0;0;0;0;0;0;0;0;0;0;0;1773;0;0;112;0;42;0;
2065;1619897;1093308416;12849152;1207848960;0;0;0;0;0;0;0;0;0;0;0;1673;0;0;112;0;42;0;
2066;2645220;1093308416;12849152;1207848960;0;0;0;0;0;0;0;0;0;0;0;1683;0;0;112;0;42;0;
2067;1844869;1093308416;12849152;1207848960;0;0;0;0;0;0;0;0;0;0;0;3427;0;0;112;0;42;0;
2068;2032060;1093308416;12849152;1207848960;0;0;0;0;0;0;0;0;0;0;0;2895;0;0;112;0;42;0;
2069;4222898;1097555968;12849152;1207848960;0;0;0;0;0;0;0;0;0;0;0;3626;0;0;113;0;42;0;
2070;1830372;1097555968;12849152;1207848960;0;0;0;0;0;0;0;0;0;0;0;2935;0;0;113;0;42;0;
2071;5096385;1097822208;12849152;1207848960;0;0;0;0;0;0;0;0;0;0;0;2895;0;0;113;0;42;0;
2072;2130615;1097822208;12849152;1207848960;0;0;0;0;0;0;0;0;0;0;0;3466;0;0;113;0;42;0;
2073;1926733;1097822208;12849152;1207848960;0;0;0;0;0;0;0;0;0;0;0;2795;0;0;113;0;42;0;
2074;3663810;1104113664;12849152;1224626176;0;0;0;0;0;0;0;0;0;0;0;4989;0;0;114;0;42;0;
2075;3113388;1104113664;12849152;1224626176;0;0;0;0;0;0;0;0;0;0;0;2845;0;0;114;0;42;0;
2076;2798518;1104113664;12849152;1224626176;0;0;0;0;0;0;0;0;0;0;0;2926;0;0;114;0;42;0;
2077;1299387;1104113664;12849152;1224626176;0;0;0;0;0;0;0;0;0;0;0;2134;0;0;114;0;42;0;
2078;1922104;1104113664;12849152;1224626176;0;0;0;0;0;0;0;0;0;0;0;2004;0;0;114;0;42;0;
2079;1163661;1104113664;12849152;1224626176;0;0;0;0;0;0;0;0;0;0;0;1954;0;0;114;0;42;0;
2080;2886613;1104113664;12849152;1224626176;0;0;0;0;0;0;0;0;0;0;0;1673;0;0;114;0;42;0;
2081;4602200;1104113664;12849152;1224626176;0;0;0;0;0;0;0;0;0;0;0;1803;0;0;114;0;42;0;
2082;5003181;1104113664;12849152;1224626176;0;0;0;0;0;0;0;0;0;0;0;2916;0;0;114;0;42;0;
2083;1882320;1104113664;12849152;1224626176;0;0;0;0;0;0;0;0;0;0;0;1763;0;0;114;0;42;0;
2084;1561518;1104113664;12849152;1224626176;0;0;0;0;0;0;0;0;0;0;0;2023;0;0;114;0;42;0;
2085;2201939;1104113664;12849152;1224626176;0;0;0;0;0;0;0;0;0;0;0;3267;0;0;114;0;42;0;
2086;2111489;1104113664;12849152;1224626176;0;0;0;0;0;0;0;0;0;0;0;3156;0;0;114;0;42;0;
2087;4798577;1110650880;12845056;1241399296;0;0;0;0;0;0;0;0;0;0;0;4458;0;0;115;0;42;0;
2088;2733355;1110650880;12845056;1241399296;0;0;0;0;0;0;0;0;0;0;0;3086;0;0;115;0;42;0;
2089;1423279;1110650880;12845056;1241399296;0;0;0;0;0;0;0;0;0;0;0;3026;0;0;115;0;42;0;
2090;1968391;1110650880;12845056;1241399296;0;0;0;0;0;0;0;0;0;0;0;2365;0;0;115;0;42;0;
2091;1497037;1110650880;12845056;1241399296;0;0;0;0;0;0;0;0;0;0;0;2365;0;0;115;0;42;0;
2092;2442961;1110650880;12845056;1241399296;0;0;0;0;0;0;0;0;0;0;0;2575;0;0;115;0;42;0;
2093;1668749;1110650880;12845056;1241399296;0;0;0;0;0;0;0;0;0;0;0;2094;0;0;115;0;42;0;
2094;1261646;1110650880;12845056;1241399296;0;0;0;0;0;0;0;0;0;0;0;1713;0;0;115;0;42;0;
2095;2789982;1112535040;12845056;1241399296;0;0;0;0;0;0;0;0;0;0;0;3297;0;0;116;0;42;0;
2096;1462493;1112535040;12845056;1241399296;0;0;0;0;0;0;0;0;0;0;0;1773;0;0;116;0;42;0;
2097;1849889;1112535040;12845056;1241399296;0;0;0;0;0;0;0;0;0;0;0;2084;0;0;116;0;42;0;
2098;1498299;1112535040;12845056;1241399296;0;0;0;0;0;0;0;0;0;0;0;2454;0;0;116;0;42;0;
2099;2410540;1112535040;12845056;1241399296;0;0;0;0;0;0;0;0;0;0;0;2495;0;0;116;0;42;0;
2100;1831304;1112801280;12845056;1241399296;0;0;0;0;0;0;0;0;0;0;0;2955;0;0;116;0;42;0;
2101;1532644;1112801280;12845056;1241399296;0;0;0;0;0;0;0;0;0;0;0;2745;0;0;116;0;42;0;
2102;2446477;1112801280;12845056;1241399296;0;0;0;0;0;0;0;0;0;0;0;2816;0;0;116;0;42;0;
2103;4073068;1117048832;12845056;1241399296;0;0;0;0;0;0;0;0;0;0;0;3987;0;0;117;0;42;0;
2104;1890274;1117048832;12845056;1241399296;0;0;0;0;0;0;0;0;0;0;0;2785;0;0;117;0;42;0;
2105;2914114;1117048832;12845056;1241399296;0;0;0;0;0;0;0;0;0;0;0;69200;0;0;117;0;42;0;
2106;1747557;1117048832;12845056;1241399296;0;0;0;0;0;0;0;0;0;0;0;2295;0;0;117;0;42;0;
2107;2364593;1117048832;12845056;1241399296;0;0;0;0;0;0;0;0;0;0;0;2625;0;0;117;0;42;0;
2108;1619316;1117048832;12845056;1241399296;0;0;0;0;0;0;0;0;0;0;0;2665;0;0;117;0;42;0;
2109;1999409;1117048832;12845056;1241399296;0;0;0;0;0;0;0;0;0;0;0;2695;0;0;117;0;42;0;
2110;1759550;1117048832;12845056;1241399296;0;0;0;0;0;0;0;0;0;0;0;3106;0;0;117;0;42;0;
2111;1665583;1117048832;12845056;1241399296;0;0;0;0;0;0;0;0;0;0;0;2755;0;0;117;0;42;0;
2112;4991650;1117048832;12845056;1241399296;0;0;0;0;0;0;0;0;0;0;0;2956;0;0;117;0;42;0;
2113;3556619;1117048832;12845056;1241399296;0;0;0;0;0;0;0;0;0;0;0;3095;0;0;117;0;42;0;
2114;2356249;1117048832;12845056;1241399296;0;0;0;0;0;0;0;0;0;0;0;2945;0;0;117;0;42;0;
2115;1971827;1117048832;12845056;1241399296;0;0;0;0;0;0;0;0;0;0;0;2485;0;0;117;0;42;0;
2116;4892474;1121099776;12845056;1241399296;0;0;0;0;0;0;0;0;0;0;0;3156;0;0;118;0;42;0;
2117;2834625;1121099776;12845056;1241399296;0;0;0;0;0;0;0;0;0;0;0;2544;0;0;118;0;42;0;
2118;2464881;1121099776;12845056;1241399296;0;0;0;0;0;0;0;0;0;0;0;2525;0;0;118;0;42;0;
2119;1747677;1121099776;12845056;1241399296;0;0;0;0;0;0;0;0;0;0;0;2896;0;0;118;0;42;0;
2120;1604168;1121099776;12845056;1241399296;0;0;0;0;0;0;0;0;0;0;0;2635;0;0;118;0;42;0;
2121;1543644;1121099776;12845056;1241399296;0;0;0;0;0;0;0;0;0;0;0;2525;0;0;118;0;42;0;
2122;1519068;1121099776;12845056;1241399296;0;0;0;0;0;0;0;0;0;0;0;2715;0;0;118;0;42;0;
2123;3882129;1127391232;12845056;1258176512;0;0;0;0;0;0;0;0;0;0;0;4579;0;0;119;0;42;0;
2124;1947381;1127391232;12845056;1258176512;0;0;0;0;0;0;0;0;0;0;0;2154;0;0;119;0;42;0;
2125;1496085;1127391232;12845056;1258176512;0;0;0;0;0;0;0;0;0;0;0;1893;0;0;119;0;42;0;
2126;1378445;1127391232;12845056;1258176512;0;0;0;0;0;0;0;0;0;0;0;1523;0;0;119;0;42;0;
2127;2848672;1127391232;12845056;1258176512;0;0;0;0;0;0;0;0;0;0;0;2154;0;0;119;0;42;0;
2128;2217528;1127391232;12845056;1258176512;0;0;0;0;0;0;0;0;0;0;0;2063;0;0;119;0;42;0;
2129;1886918;1127391232;12845056;1258176512;0;0;0;0;0;0;0;0;0;0;0;1914;0;0;119;0;42;0;
2130;1620999;1127391232;12845056;1258176512;0;0;0;0;0;0;0;0;0;0;0;2024;0;0;119;0;42;0;
2131;1232922;1127391232;12845056;1258176512;0;0;0;0;0;0;0;0;0;0;0;1963;0;0;119;0;42;0;
2132;1423319;1127391232;12845056;1258176512;0;0;0;0;0;0;0;0;0;0;0;1964;0;0;119;0;42;0;
2133;2356970;1127391232;12845056;1258176512;0;0;0;0;0;0;0;0;0;0;0;1904;0;0;119;0;42;0;
2134;2126718;1127391232;12845056;1258176512;0;0;0;0;0;0;0;0;0;0;0;2936;0;0;119;0;42;0;
2135;2013145;1127636992;12845056;1258176512;0;0;0;0;0;0;0;0;0;0;0;3466;0;0;119;0;42;0;
2136;1680380;1127636992;12845056;1258176512;0;0;0;0;0;0;0;0;0;0;0;2524;0;0;119;0;42;0;
2137;1604849;1127636992;12845056;1258176512;0;0;0;0;0;0;0;0;0;0;0;2805;0;0;119;0;42;0;
2138;2384832;1127636992;12845056;1258176512;0;0;0;0;0;0;0;0;0;0;0;2885;0;0;119;0;42;0;
2139;1723361;1127636992;12845056;1258176512;0;0;0;0;0;0;0;0;0;0;0;2575;0;0;119;0;42;0;
2140;1698745;1127636992;12845056;1258176512;0;0;0;0;0;0;0;0;0;0;0;2595;0;0;119;0;42;0;
2141;1680140;1127636992;12845056;1258176512;0;0;0;0;0;0;0;0;0;0;0;2796;0;0;119;0;42;0;
2142;1617743;1127636992;12845056;1258176512;0;0;0;0;0;0;0;0;0;0;0;2696;0;0;119;0;42;0;
2143;4593824;1127636992;12845056;1258176512;0;0;0;0;0;0;0;0;0;0;0;2695;0;0;119;0;42;0;
2144;5061761;1127800832;13144064;1258475520;0;0;0;0;0;0;0;0;0;0;0;2415;0;0;119;0;42;0;
2145;2996989;1132265472;13623296;1275731968;0;0;0;0;0;0;0;0;0;0;0;3506;0;0;119;0;42;0;
2146;4149601;1136508928;13623296;1275731968;0;0;0;0;0;0;0;0;0;0;0;3266;0;0;120;0;42;0;
2147;2038362;1136508928;13623296;1275731968;0;0;0;0;0;0;0;0;0;0;0;3075;0;0;120;0;42;0;
2148;2286116;1136508928;13623296;1275731968;0;0;0;0;0;0;0;0;0;0;0;2023;0;0;120;0;42;0;
2149;2145753;1136508928;13623296;1275731968;0;0;0;0;0;0;0;0;0;0;0;2104;0;0;120;0;42;0;
2150;1508469;1136508928;13623296;1275731968;0;0;0;0;0;0;0;0;0;0;0;1923;0;0;120;0;42;0;
2151;1901495;1136508928;13623296;1275731968;0;0;0;0;0;0;0;0;0;0;0;1913;0;0;120;0;42;0;
2152;2223749;1136508928;13623296;1275731968;0;0;0;0;0;0;0;0;0;0;0;2044;0;0;120;0;42;0;
2153;4214813;1140748288;13623296;1275731968;0;0;0;0;0;0;0;0;0;0;0;3016;0;0;121;0;42;0;
2154;3409634;1140748288;13623296;1275731968;0;0;0;0;0;0;0;0;0;0;0;7795;0;0;121;0;42;0;
2155;2109425;1140748288;13623296;1275731968;0;0;0;0;0;0;0;0;0;0;0;2625;0;0;121;0;42;0;
2156;1882520;1140748288;13623296;1275731968;0;0;0;0;0;0;0;0;0;0;0;2885;0;0;121;0;42;0;
2157;1789245;1140748288;13623296;1275731968;0;0;0;0;0;0;0;0;0;0;0;2775;0;0;121;0;42;0;
2158;1806186;1140748288;13623296;1275731968;0;0;0;0;0;0;0;0;0;0;0;2846;0;0;121;0;42;0;
2159;8693952;1144799232;13623296;1275731968;0;0;0;0;0;0;0;0;0;0;0;4629;0;0;122;0;42;0;
2160;2299682;1144799232;13623296;1275731968;0;0;0;0;0;0;0;0;0;0;0;3026;0;0;122;0;42;0;
2161;2155892;1144799232;13623296;1275731968;0;0;0;0;0;0;0;0;0;0;0;2825;0;0;122;0;42;0;
2162;1765290;1144799232;13623296;1275731968;0;0;0;0;0;0;0;0;0;0;0;2805;0;0;122;0;42;0;
2163;2752772;1144799232;13623296;1275731968;0;0;0;0;0;0;0;0;0;0;0;2695;0;0;122;0;42;0;
2164;2741531;1144799232;13623296;1275731968;0;0;0;0;0;0;0;0;0;0;0;3346;0;0;122;0;42;0;
2165;2397285;1144799232;13623296;1275731968;0;0;0;0;0;0;0;0;0;0;0;3516;0;0;122;0;42;0;
2166;1823799;1144799232;13623296;1275731968;0;0;0;0;0;0;0;0;0;0;0;2796;0;0;122;0;42;0;
2167;2324088;1144799232;13623296;1275731968;0;0;0;0;0;0;0;0;0;0;0;3146;0;0;122;0;42;0;
2168;1959334;1144799232;13623296;1275731968;0;0;0;0;0;0;0;0;0;0;0;2875;0;0;122;0;42;0;
2169;2552246;1144799232;13623296;1275731968;0;0;0;0;0;0;0;0;0;0;0;2896;0;0;122;0;42;0;
2170;1785788;1144799232;13623296;1275731968;0;0;0;0;0;0;0;0;0;0;0;3025;0;0;122;0;42;0;
2171;2023814;1144799232;13623296;1275731968;0;0;0;0;0;0;0;0;0;0;0;3015;0;0;122;0;42;0;
2172;1666846;1144799232;13623296;1275731968;0;0;0;0;0;0;0;0;0;0;0;3116;0;0;122;0;42;0;
2173;1815795;1144799232;13623296;1275731968;0;0;0;0;0;0;0;0;0;0;0;2775;0;0;122;0;42;0;
2174;6813576;1144799232;13623296;1275731968;0;0;0;0;0;0;0;0;0;0;0;2895;0;0;122;0;42;0;
2175;5364128;1145397248;13623296;1275731968;0;0;0;0;0;0;0;0;0;0;0;3226;0;0;122;0;42;0;
2176;3994530;1151688704;13623296;1292509184;0;0;0;0;0;0;0;0;0;0;0;4899;0;0;123;0;42;0;
2177;3072581;1151688704;13623296;1292509184;0;0;0;0;0;0;0;0;0;0;0;3486;0;0;123;0;42;0;
2178;2169468;1151688704;13623296;1292509184;0;0;0;0;0;0;0;0;0;0;0;3076;0;0;123;0;42;0;
2179;1949696;1151688704;13623296;1292509184;0;0;0;0;0;0;0;0;0;0;0;2996;0;0;123;0;42;0;
2180;2554960;1151942656;13623296;1292509184;0;0;0;0;0;0;0;0;0;0;0;2925;0;0;123;0;42;0;
2181;2333546;1151942656;13623296;1292509184;0;0;0;0;0;0;0;0;0;0;0;2745;0;0;123;0;42;0;
2182;1622251;1151942656;13623296;1292509184;0;0;0;0;0;0;0;0;0;0;0;2786;0;0;123;0;42;0;
2183;1936551;1151942656;13623296;1292509184;0;0;0;0;0;0;0;0;0;0;0;2514;0;0;123;0;42;0;
2184;2192471;1151942656;13623296;1292509184;0;0;0;0;0;0;0;0;0;0;0;2825;0;0;123;0;42;0;
2185;2623560;1151942656;13623296;1292509184;0;0;0;0;0;0;0;0;0;0;0;2996;0;0;123;0;42;0;
2186;1965194;1151942656;13623296;1292509184;0;0;0;0;0;0;0;0;0;0;0;3066;0;0;123;0;42;0;
2187;1698465;1151942656;13623296;1292509184;0;0;0;0;0;0;0;0;0;0;0;2806;0;0;123;0;42;0;
2188;1672606;1151942656;13623296;1292509184;0;0;0;0;0;0;0;0;0;0;0;2505;0;0;123;0;42;0;
2189;1497688;1151942656;13623296;1292509184;0;0;0;0;0;0;0;0;0;0;0;1773;0;0;123;0;42;0;
2190;2375354;1151942656;13623296;1292509184;0;0;0;0;0;0;0;0;0;0;0;2034;0;0;123;0;42;0;
2191;1148564;1151942656;13623296;1292509184;0;0;0;0;0;0;0;0;0;0;0;1953;0;0;123;0;42;0;
2192;1710999;1151942656;13623296;1292509184;0;0;0;0;0;0;0;0;0;0;0;1913;0;0;123;0;42;0;
2193;1386449;1151942656;13623296;1292509184;0;0;0;0;0;0;0;0;0;0;0;1984;0;0;123;0;42;0;
2194;1871980;1151942656;13623296;1292509184;0;0;0;0;0;0;0;0;0;0;0;2515;0;0;123;0;42;0;
2195;2630132;1151942656;13623296;1292509184;0;0;0;0;0;0;0;0;0;0;0;2695;0;0;123;0;42;0;
2196;1776911;1151942656;13623296;1292509184;0;0;0;0;0;0;0;0;0;0;0;2535;0;0;123;0;42;0;
2197;1383344;1151942656;13623296;1292509184;0;0;0;0;0;0;0;0;0;0;0;2655;0;0;123;0;42;0;
2198;1390577;1151942656;13623296;1292509184;0;0;0;0;0;0;0;0;0;0;0;2475;0;0;123;0;42;0;
2199;3697543;1152208896;13623296;1292509184;0;0;0;0;0;0;0;0;0;0;0;2625;0;0;123;0;42;0;
2200;4748083;1156456448;13623296;1292509184;0;0;0;0;0;0;0;0;0;0;0;2876;0;0;124;0;42;0;
2201;1732309;1156456448;13623296;1292509184;0;0;0;0;0;0;0;0;0;0;0;2625;0;0;124;0;42;0;
2202;1559564;1156456448;13623296;1292509184;0;0;0;0;0;0;0;0;0;0;0;2384;0;0;124;0;42;0;
2203;1694146;1156456448;13623296;1292509184;0;0;0;0;0;0;0;0;0;0;0;2474;0;0;124;0;42;0;
2204;2805741;1156456448;13623296;1292509184;0;0;0;0;0;0;0;0;0;0;0;4248;0;0;124;0;42;0;
2205;4475211;1156456448;13623296;1292509184;0;0;0;0;0;0;0;0;0;0;0;2755;0;0;124;0;42;0;
2206;3487670;1156456448;13623296;1292509184;0;0;0;0;0;0;0;0;0;0;0;1753;0;0;124;0;42;0;
2207;1420323;1156456448;13623296;1292509184;0;0;0;0;0;0;0;0;0;0;0;1804;0;0;124;0;42;0;
2208;1645044;1156456448;13623296;1292509184;0;0;0;0;0;0;0;0;0;0;0;2034;0;0;124;0;42;0;
2209;1436624;1156456448;13623296;1292509184;0;0;0;0;0;0;0;0;0;0;0;2054;0;0;124;0;42;0;
2210;1384076;1156456448;13623296;1292509184;0;0;0;0;0;0;0;0;0;0;0;1844;0;0;124;0;42;0;
2211;2281298;1156620288;13619200;1292505088;0;0;0;0;0;0;0;0;0;0;0;1973;0;0;124;0;42;0;
2212;1417538;1156620288;13619200;1292505088;0;0;0;0;0;0;0;0;0;0;0;1774;0;0;124;0;42;0;
2213;1350773;1156620288;13619200;1292505088;0;0;0;0;0;0;0;0;0;0;0;1713;0;0;124;0;42;0;
2214;1366802;1156620288;13619200;1292505088;0;0;0;0;0;0;0;0;0;0;0;1743;0;0;124;0;42;0;
2215;4575168;1160396800;13619200;1292505088;0;0;0;0;0;0;0;0;0;0;0;2926;0;0;125;0;42;0;
2216;3179993;1160396800;13619200;1292505088;0;0;0;0;0;0;0;0;0;0;0;2044;0;0;125;0;42;0;
2217;1691121;1160396800;13619200;1292505088;0;0;0;0;0;0;0;0;0;0;0;2645;0;0;125;0;42;0;
2218;1419221;1160396800;13619200;1292505088;0;0;0;0;0;0;0;0;0;0;0;2955;0;0;125;0;42;0;
2219;1768486;1160396800;13619200;1292505088;0;0;0;0;0;0;0;0;0;0;0;2735;0;0;125;0;42;0;
2220;1565425;1160396800;13619200;1292505088;0;0;0;0;0;0;0;0;0;0;0;2415;0;0;125;0;42;0;
2221;2017633;1160396800;13619200;1292505088;0;0;0;0;0;0;0;0;0;0;0;2665;0;0;125;0;42;0;
2222;1432837;1160396800;13619200;1292505088;0;0;0;0;0;0;0;0;0;0;0;1753;0;0;125;0;42;0;
2223;1630528;1160396800;13619200;1292505088;0;0;0;0;0;0;0;0;0;0;0;1723;0;0;125;0;42;0;
2224;1129828;1160396800;13619200;1292505088;0;0;0;0;0;0;0;0;0;0;0;1793;0;0;125;0;42;0;
2225;1054267;1160396800;13619200;1292505088;0;0;0;0;0;0;0;0;0;0;0;1843;0;0;125;0;42;0;
2226;2084128;1160396800;13619200;1292505088;0;0;0;0;0;0;0;0;0;0;0;1784;0;0;125;0;42;0;
2227;1871229;1160396800;13619200;1292505088;0;0;0;0;0;0;0;0;0;0;0;2525;0;0;125;0;42;0;
2228;1586534;1160396800;13619200;1292505088;0;0;0;0;0;0;0;0;0;0;0;2695;0;0;125;0;42;0;
2229;1639675;1160396800;13619200;1292505088;0;0;0;0;0;0;0;0;0;0;0;2454;0;0;125;0;42;0;
2230;1610890;1160396800;13619200;1292505088;0;0;0;0;0;0;0;0;0;0;0;2575;0;0;125;0;42;0;
2231;2061105;1160396800;13619200;1292505088;0;0;0;0;0;0;0;0;0;0;0;2565;0;0;125;0;42;0;
2232;1476689;1160396800;13619200;1292505088;0;0;0;0;0;0;0;0;0;0;0;2575;0;0;125;0;42;0;
2233;1862162;1160396800;13619200;1292505088;0;0;0;0;0;0;0;0;0;0;0;2765;0;0;125;0;42;0;
2234;1963241;1160396800;13619200;1292505088;0;0;0;0;0;0;0;0;0;0;0;2525;0;0;125;0;42;0;
2235;2050515;1160396800;13619200;1292505088;0;0;0;0;0;0;0;0;0;0;0;2574;0;0;125;0;42;0;
2236;4819176;1160396800;13619200;1292505088;0;0;0;0;0;0;0;0;0;0;0;2504;0;0;125;0;42;0;
2237;3595071;1160396800;13619200;1292505088;0;0;0;0;0;0;0;0;0;0;0;2575;0;0;125;0;42;0;
2238;1818400;1160396800;13619200;1292505088;0;0;0;0;0;0;0;0;0;0;0;2034;0;0;125;0;42;0;
2239;1367554;1160396800;13619200;1292505088;0;0;0;0;0;0;0;0;0;0;0;1963;0;0;125;0;42;0;
2240;1213566;1160396800;13619200;1292505088;0;0;0;0;0;0;0;0;0;0;0;1814;0;0;125;0;42;0;
2241;1164263;1160396800;13619200;1292505088;0;0;0;0;0;0;0;0;0;0;0;1733;0;0;125;0;42;0;
2242;1577197;1160396800;13619200;1292505088;0;0;0;0;0;0;0;0;0;0;0;1934;0;0;125;0;42;0;
2243;1389625;1160396800;13619200;1292505088;0;0;0;0;0;0;0;0;0;0;0;2194;0;0;125;0;42;0;
2244;926477;1160396800;13619200;1292505088;0;0;0;0;0;0;0;0;0;0;0;1693;0;0;125;0;42;0;
2245;1074324;1160396800;13619200;1292505088;0;0;0;0;0;0;0;0;0;0;0;1894;0;0;125;0;42;0;
2246;1253270;1160396800;13619200;1292505088;0;0;0;0;0;0;0;0;0;0;0;1713;0;0;125;0;42;0;
2247;1535990;1160396800;13619200;1292505088;0;0;0;0;0;0;0;0;0;0;0;1694;0;0;125;0;42;0;
2248;1000436;1160396800;13619200;1292505088;0;0;0;0;0;0;0;0;0;0;0;1814;0;0;125;0;42;0;
2249;1167970;1160396800;13619200;1292505088;0;0;0;0;0;0;0;0;0;0;0;1954;0;0;125;0;42;0;
2250;1036533;1160396800;13619200;1292505088;0;0;0;0;0;0;0;0;0;0;0;1934;0;0;125;0;42;0;
2251;1398702;1160396800;13619200;1292505088;0;0;0;0;0;0;0;0;0;0;0;1793;0;0;125;0;42;0;
2252;1745122;1160396800;13619200;1292505088;0;0;0;0;0;0;0;0;0;0;0;1713;0;0;125;0;42;0;
2253;1166197;1160396800;13619200;1292505088;0;0;0;0;0;0;0;0;0;0;0;1993;0;0;125;0;42;0;
2254;1223625;1160396800;13619200;1292505088;0;0;0;0;0;0;0;0;0;0;0;1763;0;0;125;0;42;0;
2255;1355812;1160396800;13619200;1292505088;0;0;0;0;0;0;0;0;0;0;0;1774;0;0;125;0;42;0;
2256;1213826;1160396800;13619200;1292505088;0;0;0;0;0;0;0;0;0;0;0;1743;0;0;125;0;42;0;
2257;1892369;1160396800;13619200;1292505088;0;0;0;0;0;0;0;0;0;0;0;1954;0;0;125;0;42;0;
2258;1395436;1160396800;13619200;1292505088;0;0;0;0;0;0;0;0;0;0;0;2605;0;0;125;0;42;0;
2259;1389716;1160396800;13619200;1292505088;0;0;0;0;0;0;0;0;0;0;0;2705;0;0;125;0;42;0;
2260;1466820;1160396800;13619200;1292505088;0;0;0;0;0;0;0;0;0;0;0;2595;0;0;125;0;42;0;
2261;1128607;1160396800;13619200;1292505088;0;0;0;0;0;0;0;0;0;0;0;1893;0;0;125;0;42;0;
2262;1839810;1160396800;13619200;1292505088;0;0;0;0;0;0;0;0;0;0;0;2004;0;0;125;0;42;0;
2263;1674400;1160396800;13619200;1292505088;0;0;0;0;0;0;0;0;0;0;0;2715;0;0;125;0;42;0;
2264;1282134;1160396800;13619200;1292505088;0;0;0;0;0;0;0;0;0;0;0;2555;0;0;125;0;42;0;
2265;1687414;1160396800;13619200;1292505088;0;0;0;0;0;0;0;0;0;0;0;2575;0;0;125;0;42;0;
2266;1488150;1160396800;13619200;1292505088;0;0;0;0;0;0;0;0;0;0;0;2515;0;0;125;0;42;0;
2267;4540774;1160396800;13619200;1292505088;0;0;0;0;0;0;0;0;0;0;0;2415;0;0;125;0;42;0;
2268;3440511;1160396800;13619200;1292505088;0;0;0;0;0;0;0;0;0;0;0;2885;0;0;125;0;42;0;
2269;1435060;1160396800;13619200;1292505088;0;0;0;0;0;0;0;0;0;0;0;2756;0;0;125;0;42;0;
2270;1398472;1160396800;13619200;1292505088;0;0;0;0;0;0;0;0;0;0;0;2465;0;0;125;0;42;0;
2271;1458374;1160396800;13619200;1292505088;0;0;0;0;0;0;0;0;0;0;0;2585;0;0;125;0;42;0;
2272;1347237;1160396800;13619200;1292505088;0;0;0;0;0;0;0;0;0;0;0;2465;0;0;125;0;42;0;
2273;2263925;1160396800;13619200;1292505088;0;0;0;0;0;0;0;0;0;0;0;2455;0;0;125;0;42;0;
2274;1555737;1160396800;13619200;1292505088;0;0;0;0;0;0;0;0;0;0;0;2525;0;0;125;0;42;0;
2275;1685821;1160396800;13619200;1292505088;0;0;0;0;0;0;0;0;0;0;0;2525;0;0;125;0;42;0;
2276;1517906;1160396800;13619200;1292505088;0;0;0;0;0;0;0;0;0;0;0;2715;0;0;125;0;42;0;
2277;1363196;1160396800;13619200;1292505088;0;0;0;0;0;0;0;0;0;0;0;2605;0;0;125;0;42;0;
2278;2231905;1160396800;13619200;1292505088;0;0;0;0;0;0;0;0;0;0;0;2575;0;0;125;0;42;0;
2279;1487068;1160396800;13619200;1292505088;0;0;0;0;0;0;0;0;0;0;0;1924;0;0;125;0;42;0;
2280;1308444;1160396800;13619200;1292505088;0;0;0;0;0;0;0;0;0;0;0;1954;0;0;125;0;42;0;
2281;1172118;1160396800;13619200;1292505088;0;0;0;0;0;0;0;0;0;0;0;2064;0;0;125;0;42;0;
2282;1237030;1160396800;13619200;1292505088;0;0;0;0;0;0;0;0;0;0;0;1774;0;0;125;0;42;0;
2283;2044875;1160396800;13619200;1292505088;0;0;0;0;0;0;0;0;0;0;0;1823;0;0;125;0;42;0;
2284;1892038;1160396800;13619200;1292505088;0;0;0;0;0;0;0;0;0;0;0;2585;0;0;125;0;42;0;
2285;1575854;1160396800;13619200;1292505088;0;0;0;0;0;0;0;0;0;0;0;2615;0;0;125;0;42;0;
2286;1657819;1160396800;13619200;1292505088;0;0;0;0;0;0;0;0;0;0;0;2585;0;0;125;0;42;0;
2287;2012584;1160396800;13619200;1292505088;0;0;0;0;0;0;0;0;0;0;0;2635;0;0;125;0;42;0;
2288;2155551;1160396800;13619200;1292505088;0;0;0;0;0;0;0;0;0;0;0;2595;0;0;125;0;42;0;
2289;1396960;1160396800;13619200;1292505088;0;0;0;0;0;0;0;0;0;0;0;1934;0;0;125;0;42;0;
2290;1219065;1160396800;13619200;1292505088;0;0;0;0;0;0;0;0;0;0;0;1714;0;0;125;0;42;0;
2291;1107697;1160396800;13619200;1292505088;0;0;0;0;0;0;0;0;0;0;0;1783;0;0;125;0;42;0;
2292;1342327;1160396800;13619200;1292505088;0;0;0;0;0;0;0;0;0;0;0;1853;0;0;125;0;42;0;
2293;2044774;1160396800;13619200;1292505088;0;0;0;0;0;0;0;0;0;0;0;2054;0;0;125;0;42;0;
2294;1432356;1160396800;13619200;1292505088;0;0;0;0;0;0;0;0;0;0;0;1834;0;0;125;0;42;0;
2295;1288746;1160396800;13619200;1292505088;0;0;0;0;0;0;0;0;0;0;0;1903;0;0;125;0;42;0;
2296;980468;1160396800;13619200;1292505088;0;0;0;0;0;0;0;0;0;0;0;2033;0;0;125;0;42;0;
2297;1088050;1160396800;13619200;1292505088;0;0;0;0;0;0;0;0;0;0;0;1673;0;0;125;0;42;0;
2298;4137028;1160396800;13619200;1292505088;0;0;0;0;0;0;0;0;0;0;0;1713;0;0;125;0;42;0;
2299;3681853;1160396800;13619200;1292505088;0;0;0;0;0;0;0;0;0;0;0;2825;0;0;125;0;42;0;
2300;2396163;1160396800;13619200;1292505088;0;0;0;0;0;0;0;0;0;0;0;2775;0;0;125;0;42;0;
2301;1584922;1160396800;13619200;1292505088;0;0;0;0;0;0;0;0;0;0;0;2495;0;0;125;0;42;0;
2302;2085992;1160396800;13619200;1292505088;0;0;0;0;0;0;0;0;0;0;0;2675;0;0;125;0;42;0;
2303;2015289;1160396800;13619200;1292505088;0;0;0;0;0;0;0;0;0;0;0;2735;0;0;125;0;42;0;
2304;2370535;1160396800;13619200;1292505088;0;0;0;0;0;0;0;0;0;0;0;2485;0;0;125;0;42;0;
2305;1708533;1160396800;13619200;1292505088;0;0;0;0;0;0;0;0;0;0;0;2595;0;0;125;0;42;0;
2306;1884644;1160396800;13619200;1292505088;0;0;0;0;0;0;0;0;0;0;0;2885;0;0;125;0;42;0;
2307;2248466;1160396800;13619200;1292505088;0;0;0;0;0;0;0;0;0;0;0;2515;0;0;125;0;42;0;
2308;1558201;1160396800;13619200;1292505088;0;0;0;0;0;0;0;0;0;0;0;2545;0;0;125;0;42;0;
2309;2495420;1160396800;13619200;1292505088;0;0;0;0;0;0;0;0;0;0;0;2845;0;0;125;0;42;0;
2310;2495599;1160396800;13619200;1292505088;0;0;0;0;0;0;0;0;0;0;0;2575;0;0;125;0;42;0;
2311;1733921;1160396800;13619200;1292505088;0;0;0;0;0;0;0;0;0;0;0;3276;0;0;125;0;42;0;
2312;1767334;1160396800;13619200;1292505088;0;0;0;0;0;0;0;0;0;0;0;2795;0;0;125;0;42;0;
2313;1682034;1160396800;13619200;1292505088;0;0;0;0;0;0;0;0;0;0;0;2865;0;0;125;0;42;0;
2314;2491131;1160396800;13619200;1292505088;0;0;0;0;0;0;0;0;0;0;0;2945;0;0;125;0;42;0;
2315;1626940;1160396800;13619200;1292505088;0;0;0;0;0;0;0;0;0;0;0;2945;0;0;125;0;42;0;
2316;2240682;1160396800;13619200;1292505088;0;0;0;0;0;0;0;0;0;0;0;1623;0;0;125;0;42;0;
2317;1496847;1160396800;13619200;1292505088;0;0;0;0;0;0;0;0;0;0;0;3547;0;0;125;0;42;0;
2318;1402300;1160396800;13619200;1292505088;0;0;0;0;0;0;0;0;0;0;0;1844;0;0;125;0;42;0;
2319;2415550;1160396800;13619200;1292505088;0;0;0;0;0;0;0;0;0;0;0;2625;0;0;125;0;42;0;
2320;1569754;1160667136;13619200;1292505088;0;0;0;0;0;0;0;0;0;0;0;1833;0;0;125;0;42;0;
2321;1289938;1160667136;13619200;1292505088;0;0;0;0;0;0;0;0;0;0;0;1753;0;0;125;0;42;0;
2322;1285180;1160667136;13619200;1292505088;0;0;0;0;0;0;0;0;0;0;0;1804;0;0;125;0;42;0;
2323;1147662;1160667136;13619200;1292505088;0;0;0;0;0;0;0;0;0;0;0;2144;0;0;125;0;42;0;
2324;2016622;1160667136;13619200;1292505088;0;0;0;0;0;0;0;0;0;0;0;2164;0;0;125;0;42;0;
2325;1740804;1160667136;13619200;1292505088;0;0;0;0;0;0;0;0;0;0;0;2735;0;0;125;0;42;0;
2326;2225223;1160667136;13619200;1292505088;0;0;0;0;0;0;0;0;0;0;0;2745;0;0;125;0;42;0;
2327;1657868;1160667136;13619200;1292505088;0;0;0;0;0;0;0;0;0;0;0;2665;0;0;125;0;42;0;
2328;1435872;1160667136;13619200;1292505088;0;0;0;0;0;0;0;0;0;0;0;2865;0;0;125;0;42;0;
2329;4946936;1160667136;13619200;1292505088;0;0;0;0;0;0;0;0;0;0;0;2455;0;0;125;0;42;0;
2330;3806818;1160667136;13619200;1292505088;0;0;0;0;0;0;0;0;0;0;0;3026;0;0;125;0;42;0;
2331;1723932;1160667136;13619200;1292505088;0;0;0;0;0;0;0;0;0;0;0;2836;0;0;125;0;42;0;
2332;1554865;1160667136;13619200;1292505088;0;0;0;0;0;0;0;0;0;0;0;2825;0;0;125;0;42;0;
2333;1743500;1160667136;13619200;1292505088;0;0;0;0;0;0;0;0;0;0;0;2785;0;0;125;0;42;0;
2334;1562831;1160667136;13619200;1292505088;0;0;0;0;0;0;0;0;0;0;0;2916;0;0;125;0;42;0;
2335;2211477;1160667136;13619200;1292505088;0;0;0;0;0;0;0;0;0;0;0;2906;0;0;125;0;42;0;
2336;1641257;1160667136;13619200;1292505088;0;0;0;0;0;0;0;0;0;0;0;2875;0;0;125;0;42;0;
2337;1508128;1160667136;13619200;1292505088;0;0;0;0;0;0;0;0;0;0;0;2624;0;0;125;0;42;0;
2338;1748809;1160667136;13619200;1292505088;0;0;0;0;0;0;0;0;0;0;0;3006;0;0;125;0;42;0;
2339;2269395;1160667136;13619200;1292505088;0;0;0;0;0;0;0;0;0;0;0;2775;0;0;125;0;42;0;
2340;2649418;1160667136;13619200;1292505088;0;0;0;0;0;0;0;0;0;0;0;2855;0;0;125;0;42;0;
2341;1290330;1160667136;13619200;1292505088;0;0;0;0;0;0;0;0;0;0;0;2765;0;0;125;0;42;0;
2342;1366592;1160667136;13619200;1292505088;0;0;0;0;0;0;0;0;0;0;0;2565;0;0;125;0;42;0;
2343;1527364;1160667136;13619200;1292505088;0;0;0;0;0;0;0;0;0;0;0;2915;0;0;125;0;42;0;
2344;1364268;1160667136;13619200;1292505088;0;0;0;0;0;0;0;0;0;0;0;2595;0;0;125;0;42;0;
2345;2360105;1160667136;13619200;1292505088;0;0;0;0;0;0;0;0;0;0;0;2765;0;0;125;0;42;0;
2346;1475266;1160667136;13619200;1292505088;0;0;0;0;0;0;0;0;0;0;0;2996;0;0;125;0;42;0;
2347;1457814;1160667136;13619200;1292505088;0;0;0;0;0;0;0;0;0;0;0;2665;0;0;125;0;42;0;
2348;1603567;1160667136;13619200;1292505088;0;0;0;0;0;0;0;0;0;0;0;2655;0;0;125;0;42;0;
2349;2365395;1160667136;13619200;1292505088;0;0;0;0;0;0;0;0;0;0;0;2645;0;0;125;0;42;0;
2350;1988598;1160667136;13619200;1292505088;0;0;0;0;0;0;0;0;0;0;0;2615;0;0;125;0;42;0;
2351;1652478;1160667136;13619200;1292505088;0;0;0;0;0;0;0;0;0;0;0;2545;0;0;125;0;42;0;
2352;1207935;1160667136;13619200;1292505088;0;0;0;0;0;0;0;0;0;0;0;2775;0;0;125;0;42;0;
2353;1499652;1160667136;13619200;1292505088;0;0;0;0;0;0;0;0;0;0;0;2605;0;0;125;0;42;0;
2354;1262157;1160667136;13619200;1292505088;0;0;0;0;0;0;0;0;0;0;0;2765;0;0;125;0;42;0;
2355;2141786;1160667136;13619200;1292505088;0;0;0;0;0;0;0;0;0;0;0;2605;0;0;125;0;42;0;
2356;1460578;1160667136;13619200;1292505088;0;0;0;0;0;0;0;0;0;0;0;2865;0;0;125;0;42;0;
2357;1221741;1160667136;13619200;1292505088;0;0;0;0;0;0;0;0;0;0;0;1814;0;0;125;0;42;0;
2358;1162620;1160667136;13619200;1292505088;0;0;0;0;0;0;0;0;0;0;0;1984;0;0;125;0;42;0;
2359;1363847;1160667136;13619200;1292505088;0;0;0;0;0;0;0;0;0;0;0;2004;0;0;125;0;42;0;
2360;9802209;1160667136;13619200;1292505088;0;0;0;0;0;0;0;0;0;0;0;1744;0;0;125;0;42;0;
2361;3165636;1160667136;13619200;1292505088;0;0;0;0;0;0;0;0;0;0;0;2084;0;0;125;0;42;0;
2362;2163817;1160667136;13619200;1292505088;0;0;0;0;0;0;0;0;0;0;0;2054;0;0;125;0;42;0;
2363;1271293;1160667136;13619200;1292505088;0;0;0;0;0;0;0;0;0;0;0;2174;0;0;125;0;42;0;
2364;1151610;1160667136;13619200;1292505088;0;0;0;0;0;0;0;0;0;0;0;1823;0;0;125;0;42;0;
2365;1295259;1160667136;13619200;1292505088;0;0;0;0;0;0;0;0;0;0;0;2154;0;0;125;0;42;0;
2366;2481342;1160667136;13619200;1292505088;0;0;0;0;0;0;0;0;0;0;0;1844;0;0;125;0;42;0;
2367;1162770;1160667136;13619200;1292505088;0;0;0;0;0;0;0;0;0;0;0;2294;0;0;125;0;42;0;
2368;1223304;1160667136;13619200;1292505088;0;0;0;0;0;0;0;0;0;0;0;2044;0;0;125;0;42;0;
2369;1139406;1160667136;13619200;1292505088;0;0;0;0;0;0;0;0;0;0;0;1963;0;0;125;0;42;0;
2370;1172558;1160667136;13619200;1292505088;0;0;0;0;0;0;0;0;0;0;0;1924;0;0;125;0;42;0;
2371;3035421;1160667136;13619200;1292505088;0;0;0;0;0;0;0;0;0;0;0;2013;0;0;125;0;42;0;
2372;3108177;1160667136;13619200;1292505088;0;0;0;0;0;0;0;0;0;0;0;6753;0;0;125;0;42;0;
2373;1774948;1160667136;13619200;1292505088;0;0;0;0;0;0;0;0;0;0;0;3267;0;0;125;0;42;0;
2374;1557500;1160667136;13619200;1292505088;0;0;0;0;0;0;0;0;0;0;0;2715;0;0;125;0;42;0;
2375;1905223;1160667136;13619200;1292505088;0;0;0;0;0;0;0;0;0;0;0;2736;0;0;125;0;42;0;
2376;2725039;1160667136;13619200;1292505088;0;0;0;0;0;0;0;0;0;0;0;2605;0;0;125;0;42;0;
2377;1519519;1160667136;13619200;1292505088;0;0;0;0;0;0;0;0;0;0;0;2735;0;0;125;0;42;0;
2378;1644884;1160667136;13619200;1292505088;0;0;0;0;0;0;0;0;0;0;0;2685;0;0;125;0;42;0;
2379;1654673;1160667136;13619200;1292505088;0;0;0;0;0;0;0;0;0;0;0;2474;0;0;125;0;42;0;
2380;2396824;1160667136;13619200;1292505088;0;0;0;0;0;0;0;0;0;0;0;2635;0;0;125;0;42;0;
2381;3245365;1160667136;13619200;1292505088;0;0;0;0;0;0;0;0;0;0;0;2585;0;0;125;0;42;0;
2382;1757947;1160667136;13619200;1292505088;0;0;0;0;0;0;0;0;0;0;0;2274;0;0;125;0;42;0;
2383;1430883;1160667136;13619200;1292505088;0;0;0;0;0;0;0;0;0;0;0;3026;0;0;125;0;42;0;
2384;2182032;1160667136;13619200;1292505088;0;0;0;0;0;0;0;0;0;0;0;3016;0;0;125;0;42;0;
2385;2018595;1160667136;13619200;1292505088;0;0;0;0;0;0;0;0;0;0;0;3096;0;0;125;0;42;0;
2386;3045180;1160667136;13619200;1292505088;0;0;0;0;0;0;0;0;0;0;0;3226;0;0;125;0;42;0;
2387;1535569;1160667136;13619200;1292505088;0;0;0;0;0;0;0;0;0;0;0;2705;0;0;125;0;42;0;
2388;1760070;1160667136;13619200;1292505088;0;0;0;0;0;0;0;0;0;0;0;2785;0;0;125;0;42;0;
2389;1621160;1160667136;13619200;1292505088;0;0;0;0;0;0;0;0;0;0;0;2806;0;0;125;0;42;0;
2390;1628553;1160667136;13619200;1292505088;0;0;0;0;0;0;0;0;0;0;0;2635;0;0;125;0;42;0;
2391;4760036;1160667136;13619200;1292505088;0;0;0;0;0;0;0;0;0;0;0;2855;0;0;125;0;42;0;
2392;5654432;1160667136;13619200;1292505088;0;0;0;0;0;0;0;0;0;0;0;5179;0;0;125;0;42;0;
2393;2123883;1160667136;13619200;1292505088;0;0;0;0;0;0;0;0;0;0;0;3416;0;0;125;0;42;0;
2394;2130064;1160667136;13619200;1292505088;0;0;0;0;0;0;0;0;0;0;0;2525;0;0;125;0;42;0;
2395;1434439;1160667136;13619200;1292505088;0;0;0;0;0;0;0;0;0;0;0;2475;0;0;125;0;42;0;
2396;1616171;1160667136;13619200;1292505088;0;0;0;0;0;0;0;0;0;0;0;2856;0;0;125;0;42;0;
2397;2717465;1160667136;13619200;1292505088;0;0;0;0;0;0;0;0;0;0;0;2755;0;0;125;0;42;0;
2398;1804303;1160667136;13619200;1292505088;0;0;0;0;0;0;0;0;0;0;0;2845;0;0;125;0;42;0;
2399;1963071;1160667136;13619200;1292505088;0;0;0;0;0;0;0;0;0;0;0;2916;0;0;125;0;42;0;
2400;2039674;1160667136;13619200;1292505088;0;0;0;0;0;0;0;0;0;0;0;2685;0;0;125;0;42;0;
2401;1433969;1160667136;13619200;1292505088;0;0;0;0;0;0;0;0;0;0;0;2725;0;0;125;0;42;0;
2402;2553528;1160667136;13619200;1292505088;0;0;0;0;0;0;0;0;0;0;0;2875;0;0;125;0;42;0;
2403;1668428;1160667136;13619200;1292505088;0;0;0;0;0;0;0;0;0;0;0;2604;0;0;125;0;42;0;
2404;2131266;1160667136;13619200;1292505088;0;0;0;0;0;0;0;0;0;0;0;3497;0;0;125;0;42;0;
2405;1832225;1160667136;13619200;1292505088;0;0;0;0;0;0;0;0;0;0;0;3296;0;0;125;0;42;0;
2406;1949115;1160667136;13619200;1292505088;0;0;0;0;0;0;0;0;0;0;0;3236;0;0;125;0;42;0;
2407;3601073;1160667136;13619200;1292505088;0;0;0;0;0;0;0;0;0;0;0;2825;0;0;125;0;42;0;
2408;1927605;1160667136;13619200;1292505088;0;0;0;0;0;0;0;0;0;0;0;2966;0;0;125;0;42;0;
2409;1470467;1160667136;13619200;1292505088;0;0;0;0;0;0;0;0;0;0;0;2255;0;0;125;0;42;0;
2410;1440781;1160667136;13619200;1292505088;0;0;0;0;0;0;0;0;0;0;0;2625;0;0;125;0;42;0;
2411;1729974;1160667136;13619200;1292505088;0;0;0;0;0;0;0;0;0;0;0;2504;0;0;125;0;42;0;
2412;2696295;1160667136;13619200;1292505088;0;0;0;0;0;0;0;0;0;0;0;2494;0;0;125;0;42;0;
2413;1964474;1160667136;13619200;1292505088;0;0;0;0;0;0;0;0;0;0;0;3196;0;0;125;0;42;0;
2414;1767775;1160667136;13619200;1292505088;0;0;0;0;0;0;0;0;0;0;0;3085;0;0;125;0;42;0;
2415;1819883;1160667136;13619200;1292505088;0;0;0;0;0;0;0;0;0;0;0;3025;0;0;125;0;42;0;
2416;1425463;1160667136;13619200;1292505088;0;0;0;0;0;0;0;0;0;0;0;2735;0;0;125;0;42;0;
2417;2674044;1160667136;13619200;1292505088;0;0;0;0;0;0;0;0;0;0;0;2405;0;0;125;0;42;0;
2418;2148789;1160667136;13619200;1292505088;0;0;0;0;0;0;0;0;0;0;0;2535;0;0;125;0;42;0;
2419;2095479;1160667136;13619200;1292505088;0;0;0;0;0;0;0;0;0;0;0;3466;0;0;125;0;42;0;
2420;2268183;1160667136;13619200;1292505088;0;0;0;0;0;0;0;0;0;0;0;3676;0;0;125;0;42;0;
2421;2109846;1160667136;13619200;1292505088;0;0;0;0;0;0;0;0;0;0;0;3697;0;0;125;0;42;0;
2422;5446803;1160667136;13619200;1292505088;0;0;0;0;0;0;0;0;0;0;0;3917;0;0;125;0;42;0;
2423;7324183;1160667136;13619200;1292505088;0;0;0;0;0;0;0;0;0;0;0;4158;0;0;125;0;42;0;
2424;2990357;1160667136;13619200;1292505088;0;0;0;0;0;0;0;0;0;0;0;6102;0;0;125;0;42;0;
2425;1878903;1160667136;13619200;1292505088;0;0;0;0;0;0;0;0;0;0;0;1924;0;0;125;0;42;0;
2426;1339612;1160667136;13619200;1292505088;0;0;0;0;0;0;0;0;0;0;0;2054;0;0;125;0;42;0;
2427;2892063;1160667136;13619200;1292505088;0;0;0;0;0;0;0;0;0;0;0;3637;0;0;125;0;42;0;
2428;1675271;1160667136;13619200;1292505088;0;0;0;0;0;0;0;0;0;0;0;3287;0;0;125;0;42;0;
2429;1903079;1160667136;13619200;1292505088;0;0;0;0;0;0;0;0;0;0;0;3015;0;0;125;0;42;0;
2430;1610720;1160667136;13619200;1292505088;0;0;0;0;0;0;0;0;0;0;0;3065;0;0;125;0;42;0;
2431;1869545;1160667136;13619200;1292505088;0;0;0;0;0;0;0;0;0;0;0;2735;0;0;125;0;42;0;
2432;2930034;1160667136;13619200;1292505088;0;0;0;0;0;0;0;0;0;0;0;2846;0;0;125;0;42;0;
2433;2582974;1160667136;13619200;1292505088;0;0;0;0;0;0;0;0;0;0;0;2715;0;0;125;0;42;0;
2434;1431995;1160667136;13619200;1292505088;0;0;0;0;0;0;0;0;0;0;0;2114;0;0;125;0;42;0;
2435;1392571;1160667136;13619200;1292505088;0;0;0;0;0;0;0;0;0;0;0;1853;0;0;125;0;42;0;
2436;1133966;1160667136;13619200;1292505088;0;0;0;0;0;0;0;0;0;0;0;2344;0;0;125;0;42;0;
2437;2552937;1160667136;13619200;1292505088;0;0;0;0;0;0;0;0;0;0;0;2084;0;0;125;0;42;0;
2438;1683687;1160667136;13619200;1292505088;0;0;0;0;0;0;0;0;0;0;0;2905;0;0;125;0;42;0;
2439;1856321;1160667136;13619200;1292505088;0;0;0;0;0;0;0;0;0;0;0;2945;0;0;125;0;42;0;
2440;1930359;1160667136;13619200;1292505088;0;0;0;0;0;0;0;0;0;0;0;3206;0;0;125;0;42;0;
2441;2424837;1160667136;13619200;1292505088;0;0;0;0;0;0;0;0;0;0;0;3055;0;0;125;0;42;0;
2442;4528882;1160667136;13619200;1292505088;0;0;0;0;0;0;0;0;0;0;0;3016;0;0;125;0;42;0;
2443;3975294;1160667136;13619200;1292505088;0;0;0;0;0;0;0;0;0;0;0;7865;0;0;125;0;42;0;
2444;3724243;1160667136;13619200;1292505088;0;0;0;0;0;0;0;0;0;0;0;7524;0;0;125;0;42;0;
2445;2536576;1160667136;13619200;1292505088;0;0;0;0;0;0;0;0;0;0;0;2244;0;0;125;0;42;0;
2446;1832587;1160667136;13619200;1292505088;0;0;0;0;0;0;0;0;0;0;0;2364;0;0;125;0;42;0;
2447;2954550;1160667136;13619200;1292505088;0;0;0;0;0;0;0;0;0;0;0;2795;0;0;125;0;42;0;
2448;1936832;1160667136;13619200;1292505088;0;0;0;0;0;0;0;0;0;0;0;3026;0;0;125;0;42;0;
2449;1804464;1160667136;13619200;1292505088;0;0;0;0;0;0;0;0;0;0;0;3096;0;0;125;0;42;0;
2450;2838553;1160667136;13619200;1292505088;0;0;0;0;0;0;0;0;0;0;0;3136;0;0;125;0;42;0;
2451;1635397;1160667136;13619200;1292505088;0;0;0;0;0;0;0;0;0;0;0;2445;0;0;125;0;42;0;
2452;5002400;1160667136;13619200;1292505088;0;0;0;0;0;0;0;0;0;0;0;2885;0;0;125;0;42;0;
2453;4478958;1160667136;13619200;1292505088;0;0;0;0;0;0;0;0;0;0;0;2665;0;0;125;0;42;0;
2454;1626540;1160667136;13619200;1292505088;0;0;0;0;0;0;0;0;0;0;0;2965;0;0;125;0;42;0;
2455;2411061;1160667136;13619200;1292505088;0;0;0;0;0;0;0;0;0;0;0;2926;0;0;125;0;42;0;
2456;2177133;1160667136;13619200;1292505088;0;0;0;0;0;0;0;0;0;0;0;2845;0;0;125;0;42;0;
2457;3115131;1160667136;13619200;1292505088;0;0;0;0;0;0;0;0;0;0;0;2775;0;0;125;0;42;0;
2458;1866179;1160667136;13619200;1292505088;0;0;0;0;0;0;0;0;0;0;0;2885;0;0;125;0;42;0;
2459;1888892;1160667136;13619200;1292505088;0;0;0;0;0;0;0;0;0;0;0;3065;0;0;125;0;42;0;
2460;2346750;1160667136;13619200;1292505088;0;0;0;0;0;0;0;0;0;0;0;3176;0;0;125;0;42;0;
2461;2425147;1160667136;13619200;1292505088;0;0;0;0;0;0;0;0;0;0;0;3146;0;0;125;0;42;0;
2462;1610590;1160667136;13619200;1292505088;0;0;0;0;0;0;0;0;0;0;0;2906;0;0;125;0;42;0;
2463;1693275;1160667136;13619200;1292505088;0;0;0;0;0;0;0;0;0;0;0;3357;0;0;125;0;42;0;
2464;1568471;1160667136;13619200;1292505088;0;0;0;0;0;0;0;0;0;0;0;2765;0;0;125;0;42;0;
2465;1557891;1160667136;13619200;1292505088;0;0;0;0;0;0;0;0;0;0;0;2665;0;0;125;0;42;0;
2466;3052464;1160667136;13619200;1292505088;0;0;0;0;0;0;0;0;0;0;0;2404;0;0;125;0;42;0;
2467;1849347;1160667136;13619200;1292505088;0;0;0;0;0;0;0;0;0;0;0;2855;0;0;125;0;42;0;
2468;1763106;1160667136;13619200;1292505088;0;0;0;0;0;0;0;0;0;0;0;2715;0;0;125;0;42;0;
2469;1475166;1160667136;13619200;1292505088;0;0;0;0;0;0;0;0;0;0;0;2885;0;0;125;0;42;0;
2470;1864897;1160667136;13619200;1292505088;0;0;0;0;0;0;0;0;0;0;0;2675;0;0;125;0;42;0;
2471;3497678;1160667136;13619200;1292505088;0;0;0;0;0;0;0;0;0;0;0;2625;0;0;125;0;42;0;
2472;1864416;1160667136;13619200;1292505088;0;0;0;0;0;0;0;0;0;0;0;2364;0;0;125;0;42;0;
2473;1604679;1160667136;13619200;1292505088;0;0;0;0;0;0;0;0;0;0;0;2315;0;0;125;0;42;0;
2474;1474835;1160667136;13619200;1292505088;0;0;0;0;0;0;0;0;0;0;0;2314;0;0;125;0;42;0;
2475;2265808;1160667136;13619200;1292505088;0;0;0;0;0;0;0;0;0;0;0;3306;0;0;125;0;42;0;
2476;2646312;1160667136;13619200;1292505088;0;0;0;0;0;0;0;0;0;0;0;2635;0;0;125;0;42;0;
2477;2139942;1160667136;13619200;1292505088;0;0;0;0;0;0;0;0;0;0;0;2835;0;0;125;0;42;0;
2478;1719374;1160667136;13619200;1292505088;0;0;0;0;0;0;0;0;0;0;0;3116;0;0;125;0;42;0;
2479;1666044;1160667136;13619200;1292505088;0;0;0;0;0;0;0;0;0;0;0;3226;0;0;125;0;42;0;
2480;1484954;1160667136;13619200;1292505088;0;0;0;0;0;0;0;0;0;0;0;3156;0;0;125;0;42;0;
2481;4688561;1160667136;13619200;1292505088;0;0;0;0;0;0;0;0;0;0;0;3166;0;0;125;0;42;0;
2482;3782282;1160667136;13619200;1292505088;0;0;0;0;0;0;0;0;0;0;0;2985;0;0;125;0;42;0;
2483;2148919;1160667136;13619200;1292505088;0;0;0;0;0;0;0;0;0;0;0;3266;0;0;125;0;42;0;
2484;2041709;1160667136;13619200;1292505088;0;0;0;0;0;0;0;0;0;0;0;2836;0;0;125;0;42;0;
2485;1815484;1160667136;13619200;1292505088;0;0;0;0;0;0;0;0;0;0;0;3126;0;0;125;0;42;0;
2486;2226305;1160667136;13619200;1292505088;0;0;0;0;0;0;0;0;0;0;0;3427;0;0;125;0;42;0;
2487;1421675;1160667136;13619200;1292505088;0;0;0;0;0;0;0;0;0;0;0;2866;0;0;125;0;42;0;
2488;1850099;1160667136;13619200;1292505088;0;0;0;0;0;0;0;0;0;0;0;2976;0;0;125;0;42;0;
2489;2141465;1160667136;13619200;1292505088;0;0;0;0;0;0;0;0;0;0;0;2856;0;0;125;0;42;0;
2490;1937573;1160667136;13619200;1292505088;0;0;0;0;0;0;0;0;0;0;0;2765;0;0;125;0;42;0;
2491;1459026;1160667136;13619200;1292505088;0;0;0;0;0;0;0;0;0;0;0;2224;0;0;125;0;42;0;
2492;1954525;1160667136;13619200;1292505088;0;0;0;0;0;0;0;0;0;0;0;2485;0;0;125;0;42;0;
2493;1301069;1160667136;13619200;1292505088;0;0;0;0;0;0;0;0;0;0;0;2575;0;0;125;0;42;0;
2494;2792927;1160667136;13619200;1292505088;0;0;0;0;0;0;0;0;0;0;0;2325;0;0;125;0;42;0;
2495;1502698;1160667136;13619200;1292505088;0;0;0;0;0;0;0;0;0;0;0;2755;0;0;125;0;42;0;
2496;1209989;1160667136;13619200;1292505088;0;0;0;0;0;0;0;0;0;0;0;2565;0;0;125;0;42;0;
2497;1289868;1160667136;13619200;1292505088;0;0;0;0;0;0;0;0;0;0;0;2224;0;0;125;0;42;0;
2498;2338485;1160667136;13619200;1292505088;0;0;0;0;0;0;0;0;0;0;0;2504;0;0;125;0;42;0;
2499;2045696;1160667136;13619200;1292505088;0;0;0;0;0;0;0;0;0;0;0;3005;0;0;125;0;42;0;
2500;2169959;1160667136;13619200;1292505088;0;0;0;0;0;0;0;0;0;0;0;3546;0;0;125;0;42;0;
2501;2052318;1160667136;13619200;1292505088;0;0;0;0;0;0;0;0;0;0;0;3286;0;0;125;0;42;0;
2502;1847705;1160667136;13619200;1292505088;0;0;0;0;0;0;0;0;0;0;0;2775;0;0;125;0;42;0;
2503;2412804;1160667136;13619200;1292505088;0;0;0;0;0;0;0;0;0;0;0;2786;0;0;125;0;42;0;
2504;2455314;1160667136;13619200;1292505088;0;0;0;0;0;0;0;0;0;0;0;2805;0;0;125;0;42;0;
2505;1693375;1160667136;13619200;1292505088;0;0;0;0;0;0;0;0;0;0;0;2805;0;0;125;0;42;0;
2506;2001824;1160667136;13619200;1292505088;0;0;0;0;0;0;0;0;0;0;0;2775;0;0;125;0;42;0;
2507;1921092;1160667136;13619200;1292505088;0;0;0;0;0;0;0;0;0;0;0;2775;0;0;125;0;42;0;
2508;4840686;1160667136;13619200;1292505088;0;0;0;0;0;0;0;0;0;0;0;2926;0;0;125;0;42;0;
2509;3945428;1160667136;13619200;1292505088;0;0;0;0;0;0;0;0;0;0;0;2395;0;0;125;0;42;0;
2510;1393963;1160667136;13619200;1292505088;0;0;0;0;0;0;0;0;0;0;0;2264;0;0;125;0;42;0;
2511;1668088;1160667136;13619200;1292505088;0;0;0;0;0;0;0;0;0;0;0;2534;0;0;125;0;42;0;
2512;1468904;1160667136;13619200;1292505088;0;0;0;0;0;0;0;0;0;0;0;2374;0;0;125;0;42;0;
2513;2318938;1160667136;13619200;1292505088;0;0;0;0;0;0;0;0;0;0;0;3026;0;0;125;0;42;0;
2514;1945959;1160667136;13619200;1292505088;0;0;0;0;0;0;0;0;0;0;0;2926;0;0;125;0;42;0;
2515;1974352;1160667136;13619200;1292505088;0;0;0;0;0;0;0;0;0;0;0;3025;0;0;125;0;42;0;
2516;1566978;1160667136;13619200;1292505088;0;0;0;0;0;0;0;0;0;0;0;2876;0;0;125;0;42;0;
2517;2559559;1160667136;13619200;1292505088;0;0;0;0;0;0;0;0;0;0;0;2705;0;0;125;0;42;0;
2518;1531672;1160667136;13619200;1292505088;0;0;0;0;0;0;0;0;0;0;0;2956;0;0;125;0;42;0;
2519;1747907;1160667136;13619200;1292505088;0;0;0;0;0;0;0;0;0;0;0;2765;0;0;125;0;42;0;
2520;1911404;1160667136;13619200;1292505088;0;0;0;0;0;0;0;0;0;0;0;2785;0;0;125;0;42;0;
2521;2465633;1160667136;13619200;1292505088;0;0;0;0;0;0;0;0;0;0;0;2905;0;0;125;0;42;0;
2522;1646757;1160667136;13619200;1292505088;0;0;0;0;0;0;0;0;0;0;0;2775;0;0;125;0;42;0;
2523;1998387;1160667136;13619200;1292505088;0;0;0;0;0;0;0;0;0;0;0;2776;0;0;125;0;42;0;
2524;2120647;1160667136;13619200;1292505088;0;0;0;0;0;0;0;0;0;0;0;2846;0;0;125;0;42;0;
2525;2515337;1160667136;13619200;1292505088;0;0;0;0;0;0;0;0;0;0;0;3156;0;0;125;0;42;0;
2526;1802750;1160667136;13619200;1292505088;0;0;0;0;0;0;0;0;0;0;0;2725;0;0;125;0;42;0;
2527;1575173;1160667136;13619200;1292505088;0;0;0;0;0;0;0;0;0;0;0;2846;0;0;125;0;42;0;
2528;1495634;1160667136;13619200;1292505088;0;0;0;0;0;0;0;0;0;0;0;2925;0;0;125;0;42;0;
2529;2241363;1160667136;13619200;1292505088;0;0;0;0;0;0;0;0;0;0;0;2815;0;0;125;0;42;0;
2530;1657137;1160667136;13619200;1292505088;0;0;0;0;0;0;0;0;0;0;0;2344;0;0;125;0;42;0;
2531;1493120;1160667136;13619200;1292505088;0;0;0;0;0;0;0;0;0;0;0;2474;0;0;125;0;42;0;
2532;1904421;1160667136;13619200;1292505088;0;0;0;0;0;0;0;0;0;0;0;2554;0;0;125;0;42;0;
2533;1371351;1160667136;13619200;1292505088;0;0;0;0;0;0;0;0;0;0;0;2274;0;0;125;0;42;0;
2534;5020654;1160667136;13619200;1292505088;0;0;0;0;0;0;0;0;0;0;0;2304;0;0;125;0;42;0;
2535;4517230;1160667136;13619200;1292505088;0;0;0;0;0;0;0;0;0;0;0;2685;0;0;125;0;42;0;
2536;1765631;1160667136;13619200;1292505088;0;0;0;0;0;0;0;0;0;0;0;2745;0;0;125;0;42;0;
2537;2107101;1160667136;13619200;1292505088;0;0;0;0;0;0;0;0;0;0;0;2655;0;0;125;0;42;0;
2538;1700138;1160667136;13619200;1292505088;0;0;0;0;0;0;0;0;0;0;0;2966;0;0;125;0;42;0;
2539;2465122;1160667136;13619200;1292505088;0;0;0;0;0;0;0;0;0;0;0;2816;0;0;125;0;42;0;
2540;2016662;1160667136;13619200;1292505088;0;0;0;0;0;0;0;0;0;0;0;2896;0;0;125;0;42;0;
2541;1681473;1160667136;13619200;1292505088;0;0;0;0;0;0;0;0;0;0;0;3156;0;0;125;0;42;0;
2542;2041618;1160667136;13619200;1292505088;0;0;0;0;0;0;0;0;0;0;0;3777;0;0;125;0;42;0;
2543;2989726;1160667136;13619200;1292505088;0;0;0;0;0;0;0;0;0;0;0;3035;0;0;125;0;42;0;
2544;1851912;1160667136;13619200;1292505088;0;0;0;0;0;0;0;0;0;0;0;2936;0;0;125;0;42;0;
2545;1788594;1160667136;13619200;1292505088;0;0;0;0;0;0;0;0;0;0;0;2675;0;0;125;0;42;0;
2546;2308588;1160667136;13619200;1292505088;0;0;0;0;0;0;0;0;0;0;0;2715;0;0;125;0;42;0;
2547;2665938;1160667136;13619200;1292505088;0;0;0;0;0;0;0;0;0;0;0;3176;0;0;125;0;42;0;
2548;1900804;1160667136;13619200;1292505088;0;0;0;0;0;0;0;0;0;0;0;2785;0;0;125;0;42;0;
2549;1863133;1160667136;13619200;1292505088;0;0;0;0;0;0;0;0;0;0;0;2906;0;0;125;0;42;0;
2550;2677500;1160667136;13619200;1292505088;0;0;0;0;0;0;0;0;0;0;0;2815;0;0;125;0;42;0;
2551;2417603;1160667136;13619200;1292505088;0;0;0;0;0;0;0;0;0;0;0;2785;0;0;125;0;42;0;
2552;1781420;1160667136;13619200;1292505088;0;0;0;0;0;0;0;0;0;0;0;2915;0;0;125;0;42;0;
2553;2478377;1160667136;13619200;1292505088;0;0;0;0;0;0;0;0;0;0;0;2745;0;0;125;0;42;0;
2554;2135203;1160667136;13619200;1292505088;0;0;0;0;0;0;0;0;0;0;0;2756;0;0;125;0;42;0;
2555;4598693;1160667136;13619200;1292505088;0;0;0;0;0;0;0;0;0;0;0;2815;0;0;125;0;42;0;
2556;3930560;1160667136;13623296;1292509184;0;0;0;0;0;0;0;0;0;0;0;2294;0;0;125;0;42;0;
2557;2038182;1160667136;13623296;1292509184;0;0;0;0;0;0;0;0;0;0;0;2815;0;0;125;0;42;0;
2558;2007284;1160667136;13623296;1292509184;0;0;0;0;0;0;0;0;0;0;0;2806;0;0;125;0;42;0;
2559;2306896;1160667136;13623296;1292509184;0;0;0;0;0;0;0;0;0;0;0;2956;0;0;125;0;42;0;
2560;2289342;1160667136;13623296;1292509184;0;0;0;0;0;0;0;0;0;0;0;2795;0;0;125;0;42;0;
2561;1432777;1160667136;13623296;1292509184;0;0;0;0;0;0;0;0;0;0;0;2805;0;0;125;0;42;0;
2562;2213972;1160667136;13623296;1292509184;0;0;0;0;0;0;0;0;0;0;0;2855;0;0;125;0;42;0;
2563;1701791;1160667136;13623296;1292509184;0;0;0;0;0;0;0;0;0;0;0;2806;0;0;125;0;42;0;
2564;2279675;1160667136;13623296;1292509184;0;0;0;0;0;0;0;0;0;0;0;3476;0;0;125;0;42;0;
2565;1715837;1160667136;13623296;1292509184;0;0;0;0;0;0;0;0;0;0;0;2796;0;0;125;0;42;0;
2566;1677515;1160667136;13623296;1292509184;0;0;0;0;0;0;0;0;0;0;0;3196;0;0;125;0;42;0;
2567;1976315;1160667136;13623296;1292509184;0;0;0;0;0;0;0;0;0;0;0;3006;0;0;125;0;42;0;
2568;2452930;1160667136;13623296;1292509184;0;0;0;0;0;0;0;0;0;0;0;2755;0;0;125;0;42;0;
2569;1761944;1160667136;13623296;1292509184;0;0;0;0;0;0;0;0;0;0;0;3196;0;0;125;0;42;0;
2570;1691843;1160667136;13623296;1292509184;0;0;0;0;0;0;0;0;0;0;0;3206;0;0;125;0;42;0;
2571;1475166;1160667136;13623296;1292509184;0;0;0;0;0;0;0;0;0;0;0;2856;0;0;125;0;42;0;
2572;3357315;1160667136;13623296;1292509184;0;0;0;0;0;0;0;0;0;0;0;3066;0;0;125;0;42;0;
2573;2956042;1160667136;13623296;1292509184;0;0;0;0;0;0;0;0;0;0;0;7955;0;0;125;0;42;0;
2574;1880967;1160667136;13623296;1292509184;0;0;0;0;0;0;0;0;0;0;0;3025;0;0;125;0;42;0;
2575;1785838;1160667136;13623296;1292509184;0;0;0;0;0;0;0;0;0;0;0;2554;0;0;125;0;42;0;
2576;4493997;1160667136;13623296;1292509184;0;0;0;0;0;0;0;0;0;0;0;2825;0;0;125;0;42;0;
2577;7050320;1160667136;13623296;1292509184;0;0;0;0;0;0;0;0;0;0;0;3006;0;0;125;0;42;0;
2578;2416341;1160667136;13623296;1292509184;0;0;0;0;0;0;0;0;0;0;0;4719;0;0;125;0;42;0;
2579;2461616;1160667136;13623296;1292509184;0;0;0;0;0;0;0;0;0;0;0;3276;0;0;125;0;42;0;
2580;1751725;1160667136;13623296;1292509184;0;0;0;0;0;0;0;0;0;0;0;2915;0;0;125;0;42;0;
2581;2453160;1160667136;13623296;1292509184;0;0;0;0;0;0;0;0;0;0;0;2765;0;0;125;0;42;0;
2582;2084879;1160667136;13623296;1292509184;0;0;0;0;0;0;0;0;0;0;0;2515;0;0;125;0;42;0;
2583;2539292;1160667136;13623296;1292509184;0;0;0;0;0;0;0;0;0;0;0;2485;0;0;125;0;42;0;
2584;1683146;1160667136;13623296;1292509184;0;0;0;0;0;0;0;0;0;0;0;2805;0;0;125;0;42;0;
2585;3087809;1160716288;13619200;1292505088;0;0;0;0;0;0;0;0;0;0;0;2705;0;0;125;0;42;0;
2586;2284624;1160716288;13619200;1292505088;0;0;0;0;0;0;0;0;0;0;0;3486;0;0;125;0;42;0;
2587;1815074;1160716288;13619200;1292505088;0;0;0;0;0;0;0;0;0;0;0;2605;0;0;125;0;42;0;
2588;1586585;1160716288;13619200;1292505088;0;0;0;0;0;0;0;0;0;0;0;2805;0;0;125;0;42;0;
2589;3283266;1160716288;13619200;1292505088;0;0;0;0;0;0;0;0;0;0;0;2796;0;0;125;0;42;0;
2590;2427843;1160716288;13619200;1292505088;0;0;0;0;0;0;0;0;0;0;0;2926;0;0;125;0;42;0;
2591;1828509;1160716288;13619200;1292505088;0;0;0;0;0;0;0;0;0;0;0;2605;0;0;125;0;42;0;
2592;2212609;1160716288;13619200;1292505088;0;0;0;0;0;0;0;0;0;0;0;2585;0;0;125;0;42;0;
2593;2612128;1160716288;13619200;1292505088;0;0;0;0;0;0;0;0;0;0;0;2575;0;0;125;0;42;0;
2594;1861380;1160716288;13619200;1292505088;0;0;0;0;0;0;0;0;0;0;0;2745;0;0;125;0;42;0;
2595;1578490;1160716288;13619200;1292505088;0;0;0;0;0;0;0;0;0;0;0;2665;0;0;125;0;42;0;
2596;1759399;1160716288;13619200;1292505088;0;0;0;0;0;0;0;0;0;0;0;2785;0;0;125;0;42;0;
2597;4654708;1160716288;13619200;1292505088;0;0;0;0;0;0;0;0;0;0;0;2655;0;0;125;0;42;0;
2598;5020253;1160716288;13619200;1292505088;0;0;0;0;0;0;0;0;0;0;0;2996;0;0;125;0;42;0;
2599;2511839;1160716288;13619200;1292505088;0;0;0;0;0;0;0;0;0;0;0;3106;0;0;125;0;42;0;
2600;2435667;1160716288;13619200;1292505088;0;0;0;0;0;0;0;0;0;0;0;2855;0;0;125;0;42;0;
2601;2358763;1160716288;13619200;1292505088;0;0;0;0;0;0;0;0;0;0;0;2735;0;0;125;0;42;0;
2602;3155887;1160716288;13619200;1292505088;0;0;0;0;0;0;0;0;0;0;0;2776;0;0;125;0;42;0;
2603;2830026;1160716288;13619200;1292505088;0;0;0;0;0;0;0;0;0;0;0;131577;0;0;125;0;42;0;
2604;2058120;1160716288;13619200;1292505088;0;0;0;0;0;0;0;0;0;0;0;2585;0;0;125;0;42;0;
2605;2756498;1160716288;13619200;1292505088;0;0;0;0;0;0;0;0;0;0;0;216927;0;0;125;0;42;0;
2606;3360130;1160716288;13619200;1292505088;0;0;0;0;0;0;0;0;0;0;0;2705;0;0;125;0;42;0;
2607;2254407;1160716288;13619200;1292505088;0;0;0;0;0;0;0;0;0;0;0;3096;0;0;125;0;42;0;
2608;2920276;1160716288;13619200;1292505088;0;0;0;0;0;0;0;0;0;0;0;3757;0;0;125;0;42;0;
2609;2046657;1160716288;13619200;1292505088;0;0;0;0;0;0;0;0;0;0;0;2374;0;0;125;0;42;0;
2610;3769879;1160716288;13619200;1292505088;0;0;0;0;0;0;0;0;0;0;0;2795;0;0;125;0;42;0;
2611;2421510;1160716288;13619200;1292505088;0;0;0;0;0;0;0;0;0;0;0;3317;0;0;125;0;42;0;
2612;2613200;1160716288;13619200;1292505088;0;0;0;0;0;0;0;0;0;0;0;2996;0;0;125;0;42;0;
2613;2657543;1160716288;13619200;1292505088;0;0;0;0;0;0;0;0;0;0;0;3427;0;0;125;0;42;0;
2614;3161108;1160716288;13619200;1292505088;0;0;0;0;0;0;0;0;0;0;0;3085;0;0;125;0;42;0;
2615;2385744;1160716288;13619200;1292505088;0;0;0;0;0;0;0;0;0;0;0;2515;0;0;125;0;42;0;
2616;1582998;1160716288;13619200;1292505088;0;0;0;0;0;0;0;0;0;0;0;2505;0;0;125;0;42;0;
2617;1594820;1160716288;13619200;1292505088;0;0;0;0;0;0;0;0;0;0;0;2675;0;0;125;0;42;0;
2618;4977944;1160716288;13619200;1292505088;0;0;0;0;0;0;0;0;0;0;0;3125;0;0;125;0;42;0;
2619;4920416;1160716288;13619200;1292505088;0;0;0;0;0;0;0;0;0;0;0;2726;0;0;125;0;42;0;
2620;2411582;1160716288;13619200;1292505088;0;0;0;0;0;0;0;0;0;0;0;2545;0;0;125;0;42;0;
2621;1790798;1160716288;13619200;1292505088;0;0;0;0;0;0;0;0;0;0;0;2995;0;0;125;0;42;0;
2622;2152807;1160716288;13619200;1292505088;0;0;0;0;0;0;0;0;0;0;0;2394;0;0;125;0;42;0;
2623;3054397;1160716288;13619200;1292505088;0;0;0;0;0;0;0;0;0;0;0;2455;0;0;125;0;42;0;
2624;1963662;1160716288;13619200;1292505088;0;0;0;0;0;0;0;0;0;0;0;2475;0;0;125;0;42;0;
2625;1982548;1160716288;13619200;1292505088;0;0;0;0;0;0;0;0;0;0;0;2816;0;0;125;0;42;0;
2626;2056305;1160716288;13619200;1292505088;0;0;0;0;0;0;0;0;0;0;0;3297;0;0;125;0;42;0;
2627;3437145;1160716288;13619200;1292505088;0;0;0;0;0;0;0;0;0;0;0;2965;0;0;125;0;42;0;
2628;2337152;1160716288;13619200;1292505088;0;0;0;0;0;0;0;0;0;0;0;179186;0;0;125;0;42;0;
2629;2233888;1160716288;13619200;1292505088;0;0;0;0;0;0;0;0;0;0;0;2635;0;0;125;0;42;0;
2630;2114084;1160716288;13619200;1292505088;0;0;0;0;0;0;0;0;0;0;0;2415;0;0;125;0;42;0;
2631;2367720;1160716288;13619200;1292505088;0;0;0;0;0;0;0;0;0;0;0;2635;0;0;125;0;42;0;
2632;2328746;1160716288;13619200;1292505088;0;0;0;0;0;0;0;0;0;0;0;3506;0;0;125;0;42;0;
2633;2002895;1160716288;13619200;1292505088;0;0;0;0;0;0;0;0;0;0;0;3055;0;0;125;0;42;0;
2634;2643116;1160716288;13619200;1292505088;0;0;0;0;0;0;0;0;0;0;0;3417;0;0;125;0;42;0;
2635;3601704;1160716288;13619200;1292505088;0;0;0;0;0;0;0;0;0;0;0;2926;0;0;125;0;42;0;
2636;2065323;1160716288;13619200;1292505088;0;0;0;0;0;0;0;0;0;0;0;2495;0;0;125;0;42;0;
2637;1481578;1160716288;13619200;1292505088;0;0;0;0;0;0;0;0;0;0;0;2414;0;0;125;0;42;0;
2638;1772744;1160716288;13619200;1292505088;0;0;0;0;0;0;0;0;0;0;0;2455;0;0;125;0;42;0;
2639;5646517;1160716288;13619200;1292505088;0;0;0;0;0;0;0;0;0;0;0;2735;0;0;125;0;42;0;
2640;4217688;1160716288;13619200;1292505088;0;0;0;0;0;0;0;0;0;0;0;2465;0;0;125;0;42;0;
2641;2622327;1160716288;13619200;1292505088;0;0;0;0;0;0;0;0;0;0;0;2635;0;0;125;0;42;0;
2642;2039264;1160716288;13619200;1292505088;0;0;0;0;0;0;0;0;0;0;0;2494;0;0;125;0;42;0;
2643;2057788;1160716288;13619200;1292505088;0;0;0;0;0;0;0;0;0;0;0;3286;0;0;125;0;42;0;
2644;2595917;1160716288;13619200;1292505088;0;0;0;0;0;0;0;0;0;0;0;2665;0;0;125;0;42;0;
2645;2092674;1160716288;13619200;1292505088;0;0;0;0;0;0;0;0;0;0;0;2855;0;0;125;0;42;0;
2646;1587356;1160716288;13619200;1292505088;0;0;0;0;0;0;0;0;0;0;0;2395;0;0;125;0;42;0;
2647;1827777;1160716288;13619200;1292505088;0;0;0;0;0;0;0;0;0;0;0;2405;0;0;125;0;42;0;
2648;2295885;1160716288;13619200;1292505088;0;0;0;0;0;0;0;0;0;0;0;2515;0;0;125;0;42;0;
2649;2051968;1160716288;13619200;1292505088;0;0;0;0;0;0;0;0;0;0;0;2464;0;0;125;0;42;0;
2650;1644203;1160716288;13619200;1292505088;0;0;0;0;0;0;0;0;0;0;0;2464;0;0;125;0;42;0;
2651;1607825;1160716288;13619200;1292505088;0;0;0;0;0;0;0;0;0;0;0;2495;0;0;125;0;42;0;
2652;2248035;1160716288;13619200;1292505088;0;0;0;0;0;0;0;0;0;0;0;2415;0;0;125;0;42;0;
2653;2180829;1160716288;13619200;1292505088;0;0;0;0;0;0;0;0;0;0;0;3326;0;0;125;0;42;0;
2654;2207409;1160716288;13619200;1292505088;0;0;0;0;0;0;0;0;0;0;0;2885;0;0;125;0;42;0;
2655;1703214;1160716288;13619200;1292505088;0;0;0;0;0;0;0;0;0;0;0;2945;0;0;125;0;42;0;
2656;2997330;1160716288;13619200;1292505088;0;0;0;0;0;0;0;0;0;0;0;3055;0;0;125;0;42;0;
2657;1652038;1160716288;13619200;1292505088;0;0;0;0;0;0;0;0;0;0;0;2935;0;0;125;0;42;0;
2658;1748188;1160716288;13619200;1292505088;0;0;0;0;0;0;0;0;0;0;0;2966;0;0;125;0;42;0;
2659;1948133;1160716288;13619200;1292505088;0;0;0;0;0;0;0;0;0;0;0;2865;0;0;125;0;42;0;
2660;4706205;1160716288;13619200;1292505088;0;0;0;0;0;0;0;0;0;0;0;2985;0;0;125;0;42;0;
2661;3924619;1160716288;13619200;1292505088;0;0;0;0;0;0;0;0;0;0;0;2515;0;0;125;0;42;0;
2662;2926497;1160716288;13619200;1292505088;0;0;0;0;0;0;0;0;0;0;0;2945;0;0;125;0;42;0;
2663;2084259;1160716288;13619200;1292505088;0;0;0;0;0;0;0;0;0;0;0;2996;0;0;125;0;42;0;
2664;1614477;1160716288;13619200;1292505088;0;0;0;0;0;0;0;0;0;0;0;2766;0;0;125;0;42;0;
2665;2199083;1160716288;13619200;1292505088;0;0;0;0;0;0;0;0;0;0;0;3025;0;0;125;0;42;0;
2666;2022041;1160716288;13619200;1292505088;0;0;0;0;0;0;0;0;0;0;0;2915;0;0;125;0;42;0;
2667;1634335;1160716288;13619200;1292505088;0;0;0;0;0;0;0;0;0;0;0;2875;0;0;125;0;42;0;
2668;2067868;1160716288;13619200;1292505088;0;0;0;0;0;0;0;0;0;0;0;2895;0;0;125;0;42;0;
2669;2827972;1160716288;13619200;1292505088;0;0;0;0;0;0;0;0;0;0;0;2956;0;0;125;0;42;0;
2670;1720546;1160716288;13619200;1292505088;0;0;0;0;0;0;0;0;0;0;0;3085;0;0;125;0;42;0;
2671;2509365;1160716288;13619200;1292505088;0;0;0;0;0;0;0;0;0;0;0;2885;0;0;125;0;42;0;
2672;2393758;1160716288;13619200;1292505088;0;0;0;0;0;0;0;0;0;0;0;3136;0;0;125;0;42;0;
2673;2584035;1160716288;13619200;1292505088;0;0;0;0;0;0;0;0;0;0;0;3156;0;0;125;0;42;0;
2674;2039274;1160716288;13619200;1292505088;0;0;0;0;0;0;0;0;0;0;0;3397;0;0;125;0;42;0;
2675;1639594;1160716288;13619200;1292505088;0;0;0;0;0;0;0;0;0;0;0;2875;0;0;125;0;42;0;
2676;1874665;1160716288;13619200;1292505088;0;0;0;0;0;0;0;0;0;0;0;3237;0;0;125;0;42;0;
2677;2812043;1160716288;13619200;1292505088;0;0;0;0;0;0;0;0;0;0;0;3086;0;0;125;0;42;0;
2678;2185097;1160716288;13619200;1292505088;0;0;0;0;0;0;0;0;0;0;0;3006;0;0;125;0;42;0;
2679;2680035;1160716288;13619200;1292505088;0;0;0;0;0;0;0;0;0;0;0;2885;0;0;125;0;42;0;
2680;1725525;1160716288;13619200;1292505088;0;0;0;0;0;0;0;0;0;0;0;2935;0;0;125;0;42;0;
2681;4922510;1160716288;13619200;1292505088;0;0;0;0;0;0;0;0;0;0;0;2896;0;0;125;0;42;0;
2682;6869280;1160716288;13619200;1292505088;0;0;0;0;0;0;0;0;0;0;0;7724;0;0;125;0;42;0;
2683;3235126;1160716288;13619200;1292505088;0;0;0;0;0;0;0;0;0;0;0;2895;0;0;125;0;42;0;
2684;3075297;1160716288;13619200;1292505088;0;0;0;0;0;0;0;0;0;0;0;3326;0;0;125;0;42;0;
2685;2517230;1160716288;13619200;1292505088;0;0;0;0;0;0;0;0;0;0;0;2435;0;0;125;0;42;0;
2686;3268880;1160716288;13619200;1292505088;0;0;0;0;0;0;0;0;0;0;0;3006;0;0;125;0;42;0;
2687;2551475;1160716288;13619200;1292505088;0;0;0;0;0;0;0;0;0;0;0;3066;0;0;125;0;42;0;
2688;2536797;1160716288;13619200;1292505088;0;0;0;0;0;0;0;0;0;0;0;2935;0;0;125;0;42;0;
2689;2486653;1160716288;13619200;1292505088;0;0;0;0;0;0;0;0;0;0;0;2946;0;0;125;0;42;0;
2690;3125691;1160716288;13619200;1292505088;0;0;0;0;0;0;0;0;0;0;0;3276;0;0;125;0;42;0;
2691;2841999;1160716288;13619200;1292505088;0;0;0;0;0;0;0;0;0;0;0;3477;0;0;125;0;42;0;
2692;2389050;1160716288;13619200;1292505088;0;0;0;0;0;0;0;0;0;0;0;2946;0;0;125;0;42;0;
2693;2236333;1160716288;13619200;1292505088;0;0;0;0;0;0;0;0;0;0;0;2835;0;0;125;0;42;0;
2694;3298114;1160716288;13619200;1292505088;0;0;0;0;0;0;0;0;0;0;0;2965;0;0;125;0;42;0;
2695;1797149;1160716288;13619200;1292505088;0;0;0;0;0;0;0;0;0;0;0;2525;0;0;125;0;42;0;
2696;2182292;1160716288;13619200;1292505088;0;0;0;0;0;0;0;0;0;0;0;2695;0;0;125;0;42;0;
2697;2038131;1160716288;13619200;1292505088;0;0;0;0;0;0;0;0;0;0;0;2725;0;0;125;0;42;0;
2698;4045466;1160716288;13619200;1292505088;0;0;0;0;0;0;0;0;0;0;0;3246;0;0;125;0;42;0;
2699;3348629;1160716288;13619200;1292505088;0;0;0;0;0;0;0;0;0;0;0;4067;0;0;125;0;42;0;
2700;1979101;1160716288;13619200;1292505088;0;0;0;0;0;0;0;0;0;0;0;2805;0;0;125;0;42;0;
2701;2909786;1160716288;13619200;1292505088;0;0;0;0;0;0;0;0;0;0;0;6592;0;0;125;0;42;0;
2702;5872902;1160716288;13619200;1292505088;0;0;0;0;0;0;0;0;0;0;0;2545;0;0;125;0;42;0;
2703;4641793;1160716288;13619200;1292505088;0;0;0;0;0;0;0;0;0;0;0;2855;0;0;125;0;42;0;
2704;2276378;1160716288;13619200;1292505088;0;0;0;0;0;0;0;0;0;0;0;3036;0;0;125;0;42;0;
2705;2298630;1160716288;13619200;1292505088;0;0;0;0;0;0;0;0;0;0;0;3045;0;0;125;0;42;0;
2706;1991545;1160716288;13619200;1292505088;0;0;0;0;0;0;0;0;0;0;0;2895;0;0;125;0;42;0;
2707;2876072;1160716288;13619200;1292505088;0;0;0;0;0;0;0;0;0;0;0;7725;0;0;125;0;42;0;
2708;2716644;1160716288;13619200;1292505088;0;0;0;0;0;0;0;0;0;0;0;2985;0;0;125;0;42;0;
2709;1946650;1160716288;13619200;1292505088;0;0;0;0;0;0;0;0;0;0;0;2534;0;0;125;0;42;0;
2710;2332032;1160716288;13619200;1292505088;0;0;0;0;0;0;0;0;0;0;0;2826;0;0;125;0;42;0;
2711;3214978;1160716288;13619200;1292505088;0;0;0;0;0;0;0;0;0;0;0;2895;0;0;125;0;42;0;
2712;2775765;1160716288;13619200;1292505088;0;0;0;0;0;0;0;0;0;0;0;3046;0;0;125;0;42;0;
2713;1967469;1160716288;13619200;1292505088;0;0;0;0;0;0;0;0;0;0;0;2936;0;0;125;0;42;0;
2714;1732218;1160716288;13619200;1292505088;0;0;0;0;0;0;0;0;0;0;0;2896;0;0;125;0;42;0;
2715;3052043;1160716288;13619200;1292505088;0;0;0;0;0;0;0;0;0;0;0;2916;0;0;125;0;42;0;
2716;2767489;1160716288;13619200;1292505088;0;0;0;0;0;0;0;0;0;0;0;2925;0;0;125;0;42;0;
2717;1694157;1160716288;13619200;1292505088;0;0;0;0;0;0;0;0;0;0;0;2925;0;0;125;0;42;0;
2718;2508093;1160716288;13619200;1292505088;0;0;0;0;0;0;0;0;0;0;0;2975;0;0;125;0;42;0;
2719;3958392;1160716288;13619200;1292505088;0;0;0;0;0;0;0;0;0;0;0;2975;0;0;125;0;42;0;
2720;1943434;1160716288;13619200;1292505088;0;0;0;0;0;0;0;0;0;0;0;3106;0;0;125;0;42;0;
2721;1660894;1160716288;13619200;1292505088;0;0;0;0;0;0;0;0;0;0;0;3116;0;0;125;0;42;0;
2722;2196829;1160716288;13619200;1292505088;0;0;0;0;0;0;0;0;0;0;0;3006;0;0;125;0;42;0;
2723;4674234;1160716288;13619200;1292505088;0;0;0;0;0;0;0;0;0;0;0;3026;0;0;125;0;42;0;
2724;5152141;1160716288;13619200;1292505088;0;0;0;0;0;0;0;0;0;0;0;2655;0;0;125;0;42;0;
2725;1924308;1160716288;13619200;1292505088;0;0;0;0;0;0;0;0;0;0;0;2485;0;0;125;0;42;0;
2726;1771271;1160716288;13619200;1292505088;0;0;0;0;0;0;0;0;0;0;0;2925;0;0;125;0;42;0;
2727;1348298;1160716288;13619200;1292505088;0;0;0;0;0;0;0;0;0;0;0;2635;0;0;125;0;42;0;
2728;2753352;1160716288;13619200;1292505088;0;0;0;0;0;0;0;0;0;0;0;3015;0;0;125;0;42;0;
2729;1874866;1160716288;13619200;1292505088;0;0;0;0;0;0;0;0;0;0;0;2915;0;0;125;0;42;0;
2730;2249688;1160716288;13619200;1292505088;0;0;0;0;0;0;0;0;0;0;0;2956;0;0;125;0;42;0;
2731;1526453;1160716288;13619200;1292505088;0;0;0;0;0;0;0;0;0;0;0;3156;0;0;125;0;42;0;
2732;3367104;1160740864;13615104;1292500992;0;0;0;0;0;0;0;0;0;0;0;2514;0;0;125;0;42;0;
2733;1944987;1160740864;13615104;1292500992;0;0;0;0;0;0;0;0;0;0;0;2575;0;0;125;0;42;0;
2734;2016812;1160740864;13615104;1292500992;0;0;0;0;0;0;0;0;0;0;0;3075;0;0;125;0;42;0;
2735;2916017;1160740864;13615104;1292500992;0;0;0;0;0;0;0;0;0;0;0;3016;0;0;125;0;42;0;
2736;3428609;1160740864;13615104;1292500992;0;0;0;0;0;0;0;0;0;0;0;2976;0;0;125;0;42;0;
2737;2759333;1160740864;13615104;1292500992;0;0;0;0;0;0;0;0;0;0;0;3025;0;0;125;0;42;0;
2738;1805245;1160740864;13615104;1292500992;0;0;0;0;0;0;0;0;0;0;0;3236;0;0;125;0;42;0;
2739;2627217;1160740864;13615104;1292500992;0;0;0;0;0;0;0;0;0;0;0;3236;0;0;125;0;42;0;
2740;3362415;1160740864;13615104;1292500992;0;0;0;0;0;0;0;0;0;0;0;2855;0;0;125;0;42;0;
2741;3672196;1160740864;13615104;1292500992;0;0;0;0;0;0;0;0;0;0;0;7935;0;0;125;0;42;0;
2742;1964724;1160740864;13615104;1292500992;0;0;0;0;0;0;0;0;0;0;0;2806;0;0;125;0;42;0;
2743;1925471;1160740864;13615104;1292500992;0;0;0;0;0;0;0;0;0;0;0;2835;0;0;125;0;42;0;
2744;4760446;1160740864;13615104;1292500992;0;0;0;0;0;0;0;0;0;0;0;2635;0;0;125;0;42;0;
2745;5203877;1160740864;13615104;1292500992;0;0;0;0;0;0;0;0;0;0;0;2695;0;0;125;0;42;0;
2746;2580709;1160740864;13615104;1292500992;0;0;0;0;0;0;0;0;0;0;0;2776;0;0;125;0;42;0;
2747;2114916;1160740864;13615104;1292500992;0;0;0;0;0;0;0;0;0;0;0;2645;0;0;125;0;42;0;
2748;1952130;1160740864;13615104;1292500992;0;0;0;0;0;0;0;0;0;0;0;2685;0;0;125;0;42;0;
2749;2268724;1160740864;13615104;1292500992;0;0;0;0;0;0;0;0;0;0;0;2264;0;0;125;0;42;0;
2750;1253300;1160740864;13615104;1292500992;0;0;0;0;0;0;0;0;0;0;0;2174;0;0;125;0;42;0;
2751;2199434;1160740864;13615104;1292500992;0;0;0;0;0;0;0;0;0;0;0;2424;0;0;125;0;42;0;
2752;1521283;1160740864;13615104;1292500992;0;0;0;0;0;0;0;0;0;0;0;2405;0;0;125;0;42;0;
2753;2172865;1160740864;13615104;1292500992;0;0;0;0;0;0;0;0;0;0;0;2375;0;0;125;0;42;0;
2754;1860038;1160740864;13615104;1292500992;0;0;0;0;0;0;0;0;0;0;0;2334;0;0;125;0;42;0;
2755;1778805;1160740864;13615104;1292500992;0;0;0;0;0;0;0;0;0;0;0;3046;0;0;125;0;42;0;
2756;1840230;1160740864;13615104;1292500992;0;0;0;0;0;0;0;0;0;0;0;2665;0;0;125;0;42;0;
2757;2577793;1160740864;13615104;1292500992;0;0;0;0;0;0;0;0;0;0;0;2756;0;0;125;0;42;0;
2758;1905383;1160740864;13615104;1292500992;0;0;0;0;0;0;0;0;0;0;0;2605;0;0;125;0;42;0;
2759;2100799;1160740864;13615104;1292500992;0;0;0;0;0;0;0;0;0;0;0;2955;0;0;125;0;42;0;
2760;2119784;1160740864;13615104;1292500992;0;0;0;0;0;0;0;0;0;0;0;2655;0;0;125;0;42;0;
2761;2777347;1160740864;13615104;1292500992;0;0;0;0;0;0;0;0;0;0;0;2625;0;0;125;0;42;0;
2762;2249859;1160740864;13615104;1292500992;0;0;0;0;0;0;0;0;0;0;0;2655;0;0;125;0;42;0;
2763;2318047;1160740864;13615104;1292500992;0;0;0;0;0;0;0;0;0;0;0;2645;0;0;125;0;42;0;
2764;2212519;1160740864;13615104;1292500992;0;0;0;0;0;0;0;0;0;0;0;2675;0;0;125;0;42;0;
2765;5472401;1160740864;13615104;1292500992;0;0;0;0;0;0;0;0;0;0;0;2965;0;0;125;0;42;0;
2766;4727093;1160740864;13619200;1292505088;0;0;0;0;0;0;0;0;0;0;0;2795;0;0;125;0;42;0;
2767;2513893;1160740864;13619200;1292505088;0;0;0;0;0;0;0;0;0;0;0;2695;0;0;125;0;42;0;
2768;2435647;1160740864;13619200;1292505088;0;0;0;0;0;0;0;0;0;0;0;2685;0;0;125;0;42;0;
2769;1832336;1160740864;13619200;1292505088;0;0;0;0;0;0;0;0;0;0;0;2634;0;0;125;0;42;0;
2770;8986540;1160740864;13619200;1292505088;0;0;0;0;0;0;0;0;0;0;0;58359;0;0;125;0;42;0;
2771;1776972;1160740864;13619200;1292505088;0;0;0;0;0;0;0;0;0;0;0;2555;0;0;125;0;42;0;
2772;1630257;1160740864;13619200;1292505088;0;0;0;0;0;0;0;0;0;0;0;2094;0;0;125;0;42;0;
2773;2451667;1160740864;13619200;1292505088;0;0;0;0;0;0;0;0;0;0;0;1883;0;0;125;0;42;0;
2774;2502512;1160740864;13619200;1292505088;0;0;0;0;0;0;0;0;0;0;0;2064;0;0;125;0;42;0;
2775;2096020;1160740864;13619200;1292505088;0;0;0;0;0;0;0;0;0;0;0;2725;0;0;125;0;42;0;
2776;1596533;1160740864;13619200;1292505088;0;0;0;0;0;0;0;0;0;0;0;2435;0;0;125;0;42;0;
2777;1616591;1160740864;13619200;1292505088;0;0;0;0;0;0;0;0;0;0;0;2295;0;0;125;0;42;0;
2778;3243211;1160740864;13619200;1292505088;0;0;0;0;0;0;0;0;0;0;0;2625;0;0;125;0;42;0;
2779;1661174;1160740864;13619200;1292505088;0;0;0;0;0;0;0;0;0;0;0;2444;0;0;125;0;42;0;
2780;1526913;1160740864;13619200;1292505088;0;0;0;0;0;0;0;0;0;0;0;2605;0;0;125;0;42;0;
2781;1608085;1160740864;13619200;1292505088;0;0;0;0;0;0;0;0;0;0;0;2384;0;0;125;0;42;0;
2782;2339436;1160740864;13619200;1292505088;0;0;0;0;0;0;0;0;0;0;0;2544;0;0;125;0;42;0;
2783;1611462;1160740864;13619200;1292505088;0;0;0;0;0;0;0;0;0;0;0;2634;0;0;125;0;42;0;
2784;1756654;1160740864;13619200;1292505088;0;0;0;0;0;0;0;0;0;0;0;3106;0;0;125;0;42;0;
2785;2176421;1160740864;13619200;1292505088;0;0;0;0;0;0;0;0;0;0;0;2895;0;0;125;0;42;0;
2786;25601324;1160740864;13619200;1292505088;0;0;0;0;0;0;0;0;0;0;0;4549;0;0;125;0;42;0;
2787;4738956;1160740864;13619200;1292505088;0;0;0;0;0;0;0;0;0;0;0;2925;0;0;125;0;42;0;
2788;1876919;1160740864;13619200;1292505088;0;0;0;0;0;0;0;0;0;0;0;3216;0;0;125;0;42;0;
2789;2260709;1160740864;13619200;1292505088;0;0;0;0;0;0;0;0;0;0;0;2705;0;0;125;0;42;0;
2790;1940669;1160740864;13619200;1292505088;0;0;0;0;0;0;0;0;0;0;0;2865;0;0;125;0;42;0;
2791;4289974;1160740864;13619200;1292505088;0;0;0;0;0;0;0;0;0;0;0;8616;0;0;125;0;42;0;
2792;2245740;1160740864;13619200;1292505088;0;0;0;0;0;0;0;0;0;0;0;3397;0;0;125;0;42;0;
2793;1591915;1160740864;13619200;1292505088;0;0;0;0;0;0;0;0;0;0;0;2064;0;0;125;0;42;0;
2794;1528617;1160740864;13619200;1292505088;0;0;0;0;0;0;0;0;0;0;0;1894;0;0;125;0;42;0;
2795;3096476;1160339456;13152256;1292038144;0;0;0;0;0;0;0;0;0;0;0;1903;0;0;125;0;42;0;
2796;2069881;1160339456;13152256;1292038144;0;0;0;0;0;0;0;0;0;0;0;2765;0;0;125;0;42;0;
2797;1723060;1160339456;13152256;1292038144;0;0;0;0;0;0;0;0;0;0;0;2855;0;0;125;0;42;0;
2798;1824411;1160339456;13152256;1292038144;0;0;0;0;0;0;0;0;0;0;0;3176;0;0;125;0;42;0;
2799;3753027;1160339456;13152256;1292038144;0;0;0;0;0;0;0;0;0;0;0;3026;0;0;125;0;42;0;
2800;2954991;1160339456;13152256;1292038144;0;0;0;0;0;0;0;0;0;0;0;6072;0;0;125;0;42;0;
2801;1278968;1160339456;13152256;1292038144;0;0;0;0;0;0;0;0;0;0;0;1533;0;0;125;0;42;0;
2802;1481618;1160339456;13152256;1292038144;0;0;0;0;0;0;0;0;0;0;0;1462;0;0;125;0;42;0;
2803;3581545;1160339456;13152256;1292038144;0;0;0;0;0;0;0;0;0;0;0;1613;0;0;125;0;42;0;
2804;2549210;1160339456;13152256;1292038144;0;0;0;0;0;0;0;0;0;0;0;2405;0;0;125;0;42;0;
2805;1749771;1160339456;13152256;1292038144;0;0;0;0;0;0;0;0;0;0;0;1933;0;0;125;0;42;0;
2806;1551429;1160339456;13152256;1292038144;0;0;0;0;0;0;0;0;0;0;0;1874;0;0;125;0;42;0;
2807;4490450;1160339456;13152256;1292038144;0;0;0;0;0;0;0;0;0;0;0;1834;0;0;125;0;42;0;
2808;4611858;1160339456;13160448;1292046336;0;0;0;0;0;0;0;0;0;0;0;89808;0;0;125;0;42;0;
2809;2149481;1160339456;13160448;1292046336;0;0;0;0;0;0;0;0;0;0;0;2946;0;0;125;0;42;0;
2810;1542092;1160339456;13160448;1292046336;0;0;0;0;0;0;0;0;0;0;0;3116;0;0;125;0;42;0;
2811;1797500;1160339456;13160448;1292046336;0;0;0;0;0;0;0;0;0;0;0;2895;0;0;125;0;42;0;
2812;2891402;1160339456;13160448;1292046336;0;0;0;0;0;0;0;0;0;0;0;2134;0;0;125;0;42;0;
2813;1952611;1160339456;13160448;1292046336;0;0;0;0;0;0;0;0;0;0;0;2154;0;0;125;0;42;0;
2814;1427617;1160339456;13160448;1292046336;0;0;0;0;0;0;0;0;0;0;0;1904;0;0;125;0;42;0;
2815;1850971;1160339456;13160448;1292046336;0;0;0;0;0;0;0;0;0;0;0;1874;0;0;125;0;42;0;
2816;3151059;1160339456;13160448;1292046336;0;0;0;0;0;0;0;0;0;0;0;2806;0;0;125;0;42;0;
2817;2456316;1160339456;13160448;1292046336;0;0;0;0;0;0;0;0;0;0;0;2815;0;0;125;0;42;0;
2818;1864827;1160339456;13160448;1292046336;0;0;0;0;0;0;0;0;0;0;0;3186;0;0;125;0;42;0;
2819;1999990;1160339456;13160448;1292046336;0;0;0;0;0;0;0;0;0;0;0;2975;0;0;125;0;42;0;
2820;2815268;1160339456;13160448;1292046336;0;0;0;0;0;0;0;0;0;0;0;2866;0;0;125;0;42;0;
2821;1852945;1160339456;13160448;1292046336;0;0;0;0;0;0;0;0;0;0;0;1914;0;0;125;0;42;0;
2822;1590692;1160339456;13160448;1292046336;0;0;0;0;0;0;0;0;0;0;0;1924;0;0;125;0;42;0;
2823;1781019;1160339456;13160448;1292046336;0;0;0;0;0;0;0;0;0;0;0;2164;0;0;125;0;42;0;
2824;2139101;1160339456;13160448;1292046336;0;0;0;0;0;0;0;0;0;0;0;2104;0;0;125;0;42;0;
2825;2573345;1160339456;13160448;1292046336;0;0;0;0;0;0;0;0;0;0;0;3226;0;0;125;0;42;0;
2826;2099086;1160339456;13160448;1292046336;0;0;0;0;0;0;0;0;0;0;0;3156;0;0;125;0;42;0;
2827;2799849;1160339456;13160448;1292046336;0;0;0;0;0;0;0;0;0;0;0;3317;0;0;125;0;42;0;
2828;5702763;1160339456;13160448;1292046336;0;0;0;0;0;0;0;0;0;0;0;2535;0;0;125;0;42;0;
2829;5278597;1160339456;13160448;1292046336;0;0;0;0;0;0;0;0;0;0;0;3887;0;0;125;0;42;0;
2830;2597049;1160339456;13160448;1292046336;0;0;0;0;0;0;0;0;0;0;0;3297;0;0;125;0;42;0;
2831;2129313;1160339456;13160448;1292046336;0;0;0;0;0;0;0;0;0;0;0;3086;0;0;125;0;42;0;
2832;1833869;1160339456;13160448;1292046336;0;0;0;0;0;0;0;0;0;0;0;2886;0;0;125;0;42;0;
2833;3093060;1160339456;13160448;1292046336;0;0;0;0;0;0;0;0;0;0;0;3757;0;0;125;0;42;0;
2834;2051697;1160339456;13160448;1292046336;0;0;0;0;0;0;0;0;0;0;0;3546;0;0;125;0;42;0;
2835;2610956;1160339456;13160448;1292046336;0;0;0;0;0;0;0;0;0;0;0;2796;0;0;125;0;42;0;
2836;2563227;1160339456;13160448;1292046336;0;0;0;0;0;0;0;0;0;0;0;2915;0;0;125;0;42;0;
2837;3234555;1160339456;13152256;1292038144;0;0;0;0;0;0;0;0;0;0;0;2765;0;0;125;0;42;0;
2838;2015049;1160339456;13152256;1292038144;0;0;0;0;0;0;0;0;0;0;0;2785;0;0;125;0;42;0;
2839;1957690;1160339456;13152256;1292038144;0;0;0;0;0;0;0;0;0;0;0;2735;0;0;125;0;42;0;
2840;1974984;1160339456;13152256;1292038144;0;0;0;0;0;0;0;0;0;0;0;2745;0;0;125;0;42;0;
2841;2760115;1160339456;13152256;1292038144;0;0;0;0;0;0;0;0;0;0;0;2725;0;0;125;0;42;0;
2842;2445625;1160339456;13152256;1292038144;0;0;0;0;0;0;0;0;0;0;0;4589;0;0;125;0;42;0;
2843;2013686;1160339456;13152256;1292038144;0;0;0;0;0;0;0;0;0;0;0;1694;0;0;125;0;42;0;
2844;1688025;1160339456;13152256;1292038144;0;0;0;0;0;0;0;0;0;0;0;1403;0;0;125;0;42;0;
2845;2461726;1160339456;13152256;1292038144;0;0;0;0;0;0;0;0;0;0;0;1653;0;0;125;0;42;0;
2846;1506685;1160339456;13152256;1292038144;0;0;0;0;0;0;0;0;0;0;0;1393;0;0;125;0;42;0;
2847;1397872;1160339456;13152256;1292038144;0;0;0;0;0;0;0;0;0;0;0;1633;0;0;125;0;42;0;
2848;1183810;1160339456;13152256;1292038144;0;0;0;0;0;0;0;0;0;0;0;1373;0;0;125;0;42;0;
2849;4176301;1160339456;13152256;1292038144;0;0;0;0;0;0;0;0;0;0;0;1443;0;0;125;0;42;0;
2850;3172559;1160339456;13152256;1292038144;0;0;0;0;0;0;0;0;0;0;0;1814;0;0;125;0;42;0;
2851;2037550;1160339456;13152256;1292038144;0;0;0;0;0;0;0;0;0;0;0;1492;0;0;125;0;42;0;
2852;1918017;1160339456;13152256;1292038144;0;0;0;0;0;0;0;0;0;0;0;1633;0;0;125;0;42;0;
2853;2139873;1160339456;13152256;1292038144;0;0;0;0;0;0;0;0;0;0;0;1934;0;0;125;0;42;0;
2854;1334442;1160339456;13152256;1292038144;0;0;0;0;0;0;0;0;0;0;0;1663;0;0;125;0;42;0;
2855;939432;1160339456;13152256;1292038144;0;0;0;0;0;0;0;0;0;0;0;1643;0;0;125;0;42;0;
2856;1331957;1160339456;13152256;1292038144;0;0;0;0;0;0;0;0;0;0;0;1423;0;0;125;0;42;0;
2857;2300123;1160339456;13152256;1292038144;0;0;0;0;0;0;0;0;0;0;0;1392;0;0;125;0;42;0;
2858;1682986;1160339456;13152256;1292038144;0;0;0;0;0;0;0;0;0;0;0;2083;0;0;125;0;42;0;
2859;1851742;1160339456;13152256;1292038144;0;0;0;0;0;0;0;0;0;0;0;2224;0;0;125;0;42;0;
2860;1576696;1160339456;13152256;1292038144;0;0;0;0;0;0;0;0;0;0;0;2124;0;0;125;0;42;0;
2861;2460663;1160339456;13152256;1292038144;0;0;0;0;0;0;0;0;0;0;0;2334;0;0;125;0;42;0;
2862;2822663;1160339456;13152256;1292038144;0;0;0;0;0;0;0;0;0;0;0;2385;0;0;125;0;42;0;
2863;1414933;1160339456;13152256;1292038144;0;0;0;0;0;0;0;0;0;0;0;1904;0;0;125;0;42;0;
2864;1381611;1160339456;13152256;1292038144;0;0;0;0;0;0;0;0;0;0;0;2154;0;0;125;0;42;0;
2865;2712025;1160339456;13152256;1292038144;0;0;0;0;0;0;0;0;0;0;0;2164;0;0;125;0;42;0;
2866;1796008;1160339456;13152256;1292038144;0;0;0;0;0;0;0;0;0;0;0;2154;0;0;125;0;42;0;
2867;1683847;1160339456;13152256;1292038144;0;0;0;0;0;0;0;0;0;0;0;2094;0;0;125;0;42;0;
2868;1205881;1160339456;13152256;1292038144;0;0;0;0;0;0;0;0;0;0;0;2074;0;0;125;0;42;0;
2869;4595867;1160339456;13152256;1292038144;0;0;0;0;0;0;0;0;0;0;0;2525;0;0;125;0;42;0;
2870;3413541;1160339456;13152256;1292038144;0;0;0;0;0;0;0;0;0;0;0;2154;0;0;125;0;42;0;
2871;1246688;1160339456;13152256;1292038144;0;0;0;0;0;0;0;0;0;0;0;1472;0;0;125;0;42;0;
2872;1694256;1160339456;13152256;1292038144;0;0;0;0;0;0;0;0;0;0;0;1674;0;0;125;0;42;0;
2873;1248832;1160339456;13152256;1292038144;0;0;0;0;0;0;0;0;0;0;0;1563;0;0;125;0;42;0;
2874;2191569;1160339456;13152256;1292038144;0;0;0;0;0;0;0;0;0;0;0;1573;0;0;125;0;42;0;
2875;1152771;1160339456;13152256;1292038144;0;0;0;0;0;0;0;0;0;0;0;1674;0;0;125;0;42;0;
2876;1382943;1160339456;13152256;1292038144;0;0;0;0;0;0;0;0;0;0;0;1472;0;0;125;0;42;0;
2877;1064386;1160339456;13152256;1292038144;0;0;0;0;0;0;0;0;0;0;0;1613;0;0;125;0;42;0;
2878;2010540;1160339456;13152256;1292038144;0;0;0;0;0;0;0;0;0;0;0;1392;0;0;125;0;42;0;
2879;2110447;1160339456;13152256;1292038144;0;0;0;0;0;0;0;0;0;0;0;3016;0;0;125;0;42;0;
2880;1702732;1160339456;13152256;1292038144;0;0;0;0;0;0;0;0;0;0;0;2245;0;0;125;0;42;0;
2881;1227712;1160339456;13152256;1292038144;0;0;0;0;0;0;0;0;0;0;0;2064;0;0;125;0;42;0;
2882;3027757;1160339456;13152256;1292038144;0;0;0;0;0;0;0;0;0;0;0;2114;0;0;125;0;42;0;
2883;1879665;1160339456;13152256;1292038144;0;0;0;0;0;0;0;0;0;0;0;2956;0;0;125;0;42;0;
2884;1892238;1160339456;13152256;1292038144;0;0;0;0;0;0;0;0;0;0;0;2695;0;0;125;0;42;0;
2885;1793804;1160339456;13152256;1292038144;0;0;0;0;0;0;0;0;0;0;0;2665;0;0;125;0;42;0;
2886;2494337;1160339456;13152256;1292038144;0;0;0;0;0;0;0;0;0;0;0;2695;0;0;125;0;42;0;
2887;1490755;1160339456;13152256;1292038144;0;0;0;0;0;0;0;0;0;0;0;2926;0;0;125;0;42;0;
2888;1817728;1160339456;13152256;1292038144;0;0;0;0;0;0;0;0;0;0;0;2785;0;0;125;0;42;0;
2889;1714895;1160339456;13152256;1292038144;0;0;0;0;0;0;0;0;0;0;0;2695;0;0;125;0;42;0;
2890;4674375;1160339456;13152256;1292038144;0;0;0;0;0;0;0;0;0;0;0;2876;0;0;125;0;42;0;
2891;5493000;1160339456;13152256;1292038144;0;0;0;0;0;0;0;0;0;0;0;3046;0;0;125;0;42;0;
2892;1470477;1160339456;13152256;1292038144;0;0;0;0;0;0;0;0;0;0;0;2074;0;0;125;0;42;0;
2893;1602966;1160339456;13152256;1292038144;0;0;0;0;0;0;0;0;0;0;0;1943;0;0;125;0;42;0;
2894;1574863;1160339456;13152256;1292038144;0;0;0;0;0;0;0;0;0;0;0;1873;0;0;125;0;42;0;
2895;3138696;1160339456;13152256;1292038144;0;0;0;0;0;0;0;0;0;0;0;2745;0;0;125;0;42;0;
2896;1892218;1160339456;13152256;1292038144;0;0;0;0;0;0;0;0;0;0;0;2755;0;0;125;0;42;0;
2897;1999409;1160339456;13152256;1292038144;0;0;0;0;0;0;0;0;0;0;0;2675;0;0;125;0;42;0;
2898;1762575;1160339456;13152256;1292038144;0;0;0;0;0;0;0;0;0;0;0;2766;0;0;125;0;42;0;
2899;2907592;1160339456;13152256;1292038144;0;0;0;0;0;0;0;0;0;0;0;2715;0;0;125;0;42;0;
2900;2593072;1160339456;13152256;1292038144;0;0;0;0;0;0;0;0;0;0;0;2355;0;0;125;0;42;0;
2901;1812990;1160339456;13152256;1292038144;0;0;0;0;0;0;0;0;0;0;0;2074;0;0;125;0;42;0;
2902;1569573;1160339456;13152256;1292038144;0;0;0;0;0;0;0;0;0;0;0;1974;0;0;125;0;42;0;
2903;1976316;1160339456;13152256;1292038144;0;0;0;0;0;0;0;0;0;0;0;2204;0;0;125;0;42;0;
2904;1189350;1160339456;13152256;1292038144;0;0;0;0;0;0;0;0;0;0;0;2374;0;0;125;0;42;0;
2905;2515747;1160339456;13152256;1292038144;0;0;0;0;0;0;0;0;0;0;0;3126;0;0;125;0;42;0;
2906;1610039;1160339456;13152256;1292038144;0;0;0;0;0;0;0;0;0;0;0;2735;0;0;125;0;42;0;
2907;1954155;1160339456;13152256;1292038144;0;0;0;0;0;0;0;0;0;0;0;2795;0;0;125;0;42;0;
2908;1504942;1160339456;13152256;1292038144;0;0;0;0;0;0;0;0;0;0;0;2795;0;0;125;0;42;0;
2909;1688817;1160339456;13152256;1292038144;0;0;0;0;0;0;0;0;0;0;0;2836;0;0;125;0;42;0;
2910;1436634;1160339456;13152256;1292038144;0;0;0;0;0;0;0;0;0;0;0;3166;0;0;125;0;42;0;
2911;5039339;1160339456;13152256;1292038144;0;0;0;0;0;0;0;0;0;0;0;2826;0;0;125;0;42;0;
2912;3345844;1160339456;13152256;1292038144;0;0;0;0;0;0;0;0;0;0;0;3246;0;0;125;0;43;0;
2913;1870387;1160339456;13152256;1292038144;0;0;0;0;0;0;0;0;0;0;0;1974;0;0;125;0;43;0;
2914;1346315;1160339456;13152256;1292038144;0;0;0;0;0;0;0;0;0;0;0;1924;0;0;125;0;43;0;
2915;1330033;1160339456;13152256;1292038144;0;0;0;0;0;0;0;0;0;0;0;2214;0;0;125;0;43;0;
2916;2253285;1160339456;13152256;1292038144;0;0;0;0;0;0;0;0;0;0;0;2044;0;0;125;0;43;0;
2917;1661115;1160339456;13152256;1292038144;0;0;0;0;0;0;0;0;0;0;0;1944;0;0;125;0;43;0;
2918;1524979;1160339456;13152256;1292038144;0;0;0;0;0;0;0;0;0;0;0;1953;0;0;125;0;43;0;
2919;1753007;1160339456;13152256;1292038144;0;0;0;0;0;0;0;0;0;0;0;1963;0;0;125;0;43;0;
2920;2395131;1160339456;13152256;1292038144;0;0;0;0;0;0;0;0;0;0;0;1933;0;0;125;0;43;0;
2921;1640416;1160339456;13152256;1292038144;0;0;0;0;0;0;0;0;0;0;0;2796;0;0;125;0;43;0;
2922;1506585;1160339456;13152256;1292038144;0;0;0;0;0;0;0;0;0;0;0;2003;0;0;125;0;43;0;
2923;1995251;1160339456;13152256;1292038144;0;0;0;0;0;0;0;0;0;0;0;2916;0;0;125;0;43;0;
2924;2785213;1160339456;13152256;1292038144;0;0;0;0;0;0;0;0;0;0;0;2855;0;0;125;0;43;0;
2925;1549365;1160339456;13152256;1292038144;0;0;0;0;0;0;0;0;0;0;0;2865;0;0;125;0;43;0;
2926;1379607;1160339456;13152256;1292038144;0;0;0;0;0;0;0;0;0;0;0;2735;0;0;125;0;43;0;
2927;1892779;1160339456;13152256;1292038144;0;0;0;0;0;0;0;0;0;0;0;2825;0;0;125;0;43;0;
2928;2518271;1160339456;13152256;1292038144;0;0;0;0;0;0;0;0;0;0;0;2836;0;0;125;0;43;0;
2929;1432717;1160339456;13152256;1292038144;0;0;0;0;0;0;0;0;0;0;0;2846;0;0;125;0;43;0;
2930;1709064;1160339456;13152256;1292038144;0;0;0;0;0;0;0;0;0;0;0;2735;0;0;125;0;43;0;
2931;1657037;1160339456;13152256;1292038144;0;0;0;0;0;0;0;0;0;0;0;2835;0;0;125;0;43;0;
2932;4969698;1160339456;13152256;1292038144;0;0;0;0;0;0;0;0;0;0;0;2895;0;0;125;0;43;0;
2933;3017789;1160339456;13152256;1292038144;0;0;0;0;0;0;0;0;0;0;0;3136;0;0;125;0;43;0;
2934;1413681;1160339456;13152256;1292038144;0;0;0;0;0;0;0;0;0;0;0;2825;0;0;125;0;43;0;
2935;1512496;1160339456;13152256;1292038144;0;0;0;0;0;0;0;0;0;0;0;2955;0;0;125;0;43;0;
2936;2338345;1160339456;13152256;1292038144;0;0;0;0;0;0;0;0;0;0;0;2906;0;0;125;0;43;0;
2937;1700849;1160339456;13152256;1292038144;0;0;0;0;0;0;0;0;0;0;0;2765;0;0;125;0;43;0;
2938;1472892;1160339456;13152256;1292038144;0;0;0;0;0;0;0;0;0;0;0;2785;0;0;125;0;43;0;
2939;1932453;1160339456;13152256;1292038144;0;0;0;0;0;0;0;0;0;0;0;2555;0;0;125;0;43;0;
2940;2330800;1160339456;13152256;1292038144;0;0;0;0;0;0;0;0;0;0;0;2845;0;0;125;0;43;0;
2941;1863444;1160339456;13152256;1292038144;0;0;0;0;0;0;0;0;0;0;0;2846;0;0;125;0;43;0;
2942;1544776;1160339456;13152256;1292038144;0;0;0;0;0;0;0;0;0;0;0;3125;0;0;125;0;43;0;
2943;1671183;1160339456;13152256;1292038144;0;0;0;0;0;0;0;0;0;0;0;2755;0;0;125;0;43;0;
2944;2255639;1160339456;13152256;1292038144;0;0;0;0;0;0;0;0;0;0;0;2895;0;0;125;0;43;0;
2945;1558953;1160339456;13152256;1292038144;0;0;0;0;0;0;0;0;0;0;0;2846;0;0;125;0;43;0;
2946;1744100;1160339456;13152256;1292038144;0;0;0;0;0;0;0;0;0;0;0;2895;0;0;125;0;43;0;
2947;1536992;1160339456;13152256;1292038144;0;0;0;0;0;0;0;0;0;0;0;2985;0;0;125;0;43;0;
2948;2285816;1160339456;13152256;1292038144;0;0;0;0;0;0;0;0;0;0;0;2895;0;0;125;0;43;0;
2949;1746645;1160339456;13152256;1292038144;0;0;0;0;0;0;0;0;0;0;0;2805;0;0;125;0;43;0;
2950;1715096;1160339456;13152256;1292038144;0;0;0;0;0;0;0;0;0;0;0;2896;0;0;125;0;43;0;
2951;2052649;1160339456;13152256;1292038144;0;0;0;0;0;0;0;0;0;0;0;2805;0;0;125;0;43;0;
2952;4504266;1160339456;13152256;1292038144;0;0;0;0;0;0;0;0;0;0;0;2956;0;0;125;0;43;0;
2953;4324168;1160339456;13152256;1292038144;0;0;0;0;0;0;0;0;0;0;0;3787;0;0;125;0;43;0;
2954;2871854;1160339456;13152256;1292038144;0;0;0;0;0;0;0;0;0;0;0;3516;0;0;125;0;43;0;
2955;1929999;1160339456;13152256;1292038144;0;0;0;0;0;0;0;0;0;0;0;3116;0;0;125;0;43;0;
2956;2525466;1160339456;13152256;1292038144;0;0;0;0;0;0;0;0;0;0;0;3036;0;0;125;0;43;0;
2957;3179191;1160339456;13152256;1292038144;0;0;0;0;0;0;0;0;0;0;0;1994;0;0;125;0;43;0;
2958;1479284;1160339456;13152256;1292038144;0;0;0;0;0;0;0;0;0;0;0;2064;0;0;125;0;43;0;
2959;1654753;1160339456;13152256;1292038144;0;0;0;0;0;0;0;0;0;0;0;2134;0;0;125;0;43;0;
2960;1573962;1160339456;13152256;1292038144;0;0;0;0;0;0;0;0;0;0;0;2114;0;0;125;0;43;0;
2961;3025843;1160339456;13152256;1292038144;0;0;0;0;0;0;0;0;0;0;0;2354;0;0;125;0;43;0;
2962;1622091;1160339456;13152256;1292038144;0;0;0;0;0;0;0;0;0;0;0;2184;0;0;125;0;43;0;
2963;1244954;1160339456;13152256;1292038144;0;0;0;0;0;0;0;0;0;0;0;2184;0;0;125;0;43;0;
2964;1704176;1160339456;13152256;1292038144;0;0;0;0;0;0;0;0;0;0;0;1833;0;0;125;0;43;0;
2965;2160841;1160339456;13152256;1292038144;0;0;0;0;0;0;0;0;0;0;0;2074;0;0;125;0;43;0;
2966;1126953;1160339456;13152256;1292038144;0;0;0;0;0;0;0;0;0;0;0;2134;0;0;125;0;43;0;
2967;1125991;1160339456;13152256;1292038144;0;0;0;0;0;0;0;0;0;0;0;1964;0;0;125;0;43;0;
2968;1240696;1160339456;13152256;1292038144;0;0;0;0;0;0;0;0;0;0;0;1954;0;0;125;0;43;0;
2969;2518172;1160339456;13152256;1292038144;0;0;0;0;0;0;0;0;0;0;0;2284;0;0;125;0;43;0;
2970;1687514;1160339456;13152256;1292038144;0;0;0;0;0;0;0;0;0;0;0;3436;0;0;125;0;45;0;
2971;1519660;1160339456;13152256;1292038144;0;0;0;0;0;0;0;0;0;0;0;1974;0;0;125;0;45;0;
2972;1971146;1160339456;13152256;1292038144;0;0;0;0;0;0;0;0;0;0;0;2104;0;0;125;0;45;0;
2973;4559629;1160339456;13152256;1292038144;0;0;0;0;0;0;0;0;0;0;0;2124;0;0;125;0;45;0;
2974;3318863;1160339456;13152256;1292038144;0;0;0;0;0;0;0;0;0;0;0;2635;0;0;125;0;45;0;
2975;1352737;1160339456;13152256;1292038144;0;0;0;0;0;0;0;0;0;0;0;2083;0;0;125;0;45;0;
2976;1398532;1160339456;13152256;1292038144;0;0;0;0;0;0;0;0;0;0;0;1853;0;0;125;0;45;0;
2977;2949911;1160339456;13152256;1292038144;0;0;0;0;0;0;0;0;0;0;0;3236;0;0;125;0;45;0;
2978;2651041;1160339456;13152256;1292038144;0;0;0;0;0;0;0;0;0;0;0;2775;0;0;125;0;45;0;
2979;3566748;1160339456;13152256;1292038144;0;0;0;0;0;0;0;0;0;0;0;2655;0;0;125;0;45;0;
2980;2007023;1160339456;13152256;1292038144;0;0;0;0;0;0;0;0;0;0;0;2725;0;0;125;0;45;0;
2981;3150998;1160380416;13148160;1292034048;0;0;0;0;0;0;0;0;0;0;0;3006;0;0;125;0;45;0;
2982;2337653;1160380416;13148160;1292034048;0;0;0;0;0;0;0;0;0;0;0;2945;0;0;125;0;45;0;
2983;2532328;1160380416;13148160;1292034048;0;0;0;0;0;0;0;0;0;0;0;4439;0;0;125;0;46;0;
2984;2372158;1160380416;13148160;1292034048;0;0;0;0;0;0;0;0;0;0;0;2965;0;0;125;0;46;0;
2985;3087600;1160380416;13148160;1292034048;0;0;0;0;0;0;0;0;0;0;0;2705;0;0;125;0;46;0;
2986;2107582;1160380416;13148160;1292034048;0;0;0;0;0;0;0;0;0;0;0;2936;0;0;125;0;46;0;
2987;1841964;1160380416;13148160;1292034048;0;0;0;0;0;0;0;0;0;0;0;2775;0;0;125;0;46;0;
2988;1888982;1160380416;13148160;1292034048;0;0;0;0;0;0;0;0;0;0;0;3115;0;0;125;0;46;0;
2989;2455113;1160380416;13148160;1292034048;0;0;0;0;0;0;0;0;0;0;0;2995;0;0;125;0;46;0;
2990;2130895;1160380416;13148160;1292034048;0;0;0;0;0;0;0;0;0;0;0;2925;0;0;125;0;46;0;
2991;2013616;1160380416;13148160;1292034048;0;0;0;0;0;0;0;0;0;0;0;2956;0;0;125;0;46;0;
2992;1814592;1160380416;13148160;1292034048;0;0;0;0;0;0;0;0;0;0;0;2885;0;0;125;0;46;0;
2993;4731492;1160380416;13148160;1292034048;0;0;0;0;0;0;0;0;0;0;0;3075;0;0;125;0;46;0;
2994;4386425;1160380416;13152256;1292038144;0;0;0;0;0;0;0;0;0;0;0;2875;0;0;125;0;46;0;
2995;1930660;1160380416;13152256;1292038144;0;0;0;0;0;0;0;0;0;0;0;3086;0;0;125;0;46;0;
2996;2244057;1160380416;13152256;1292038144;0;0;0;0;0;0;0;0;0;0;0;4439;0;0;125;0;47;0;
2997;2225002;1160380416;13152256;1292038144;0;0;0;0;0;0;0;0;0;0;0;2875;0;0;125;0;47;0;
2998;2366357;1160380416;13152256;1292038144;0;0;0;0;0;0;0;0;0;0;0;2826;0;0;125;0;47;0;
2999;1814933;1160380416;13152256;1292038144;0;0;0;0;0;0;0;0;0;0;0;2886;0;0;125;0;47;0;
3000;1780498;1160380416;13152256;1292038144;0;0;0;0;0;0;0;0;0;0;0;2725;0;0;125;0;47;0;
3001;1790126;1160380416;13152256;1292038144;0;0;0;0;0;0;0;0;0;0;0;2835;0;0;125;0;47;0;
3002;2640531;1160380416;13152256;1292038144;0;0;0;0;0;0;0;0;0;0;0;2815;0;0;125;0;47;0;
3003;2773240;1160380416;13152256;1292038144;0;0;0;0;0;0;0;0;0;0;0;3486;0;0;125;0;50;0;
3004;1912617;1160380416;13152256;1292038144;0;0;0;0;0;0;0;0;0;0;0;2414;0;0;125;0;50;0;
3005;1639574;1160380416;13152256;1292038144;0;0;0;0;0;0;0;0;0;0;0;2735;0;0;125;0;50;0;
3006;3950527;1160380416;13152256;1292038144;0;0;0;0;0;0;0;0;0;0;0;2415;0;0;125;0;50;0;
3007;3048456;1160380416;13152256;1292038144;0;0;0;0;0;0;0;0;0;0;0;2585;0;0;125;0;50;0;
3008;2040316;1160380416;13152256;1292038144;0;0;0;0;0;0;0;0;0;0;0;2385;0;0;125;0;50;0;
3009;1763798;1160380416;13152256;1292038144;0;0;0;0;0;0;0;0;0;0;0;2615;0;0;125;0;50;0;
3010;2829285;1160380416;13152256;1292038144;0;0;0;0;0;0;0;0;0;0;0;2494;0;0;125;0;50;0;
3011;2462708;1160380416;13152256;1292038144;0;0;0;0;0;0;0;0;0;0;0;2424;0;0;125;0;50;0;
3012;1283848;1160380416;13152256;1292038144;0;0;0;0;0;0;0;0;0;0;0;2635;0;0;125;0;50;0;
3013;2316173;1160380416;13152256;1292038144;0;0;0;0;0;0;0;0;0;0;0;2435;0;0;125;0;50;0;
3014;5548794;1160380416;13152256;1292038144;0;0;0;0;0;0;0;0;0;0;0;2886;0;0;125;0;50;0;
3015;3689007;1160380416;13152256;1292038144;0;0;0;0;0;0;0;0;0;0;0;2475;0;0;125;0;50;0;
3016;1805506;1160380416;13152256;1292038144;0;0;0;0;0;0;0;0;0;0;0;2495;0;0;125;0;50;0;
3017;2502352;1160380416;13152256;1292038144;0;0;0;0;0;0;0;0;0;0;0;2525;0;0;125;0;50;0;
3018;2012424;1160380416;13152256;1292038144;0;0;0;0;0;0;0;0;0;0;0;2454;0;0;125;0;50;0;
3019;2664896;1160380416;13152256;1292038144;0;0;0;0;0;0;0;0;0;0;0;2515;0;0;125;0;50;0;
3020;1965275;1160380416;13152256;1292038144;0;0;0;0;0;0;0;0;0;0;0;2875;0;0;125;0;50;0;
3021;1851722;1160380416;13152256;1292038144;0;0;0;0;0;0;0;0;0;0;0;2745;0;0;125;0;50;0;
3022;1573089;1160380416;13152256;1292038144;0;0;0;0;0;0;0;0;0;0;0;2895;0;0;125;0;50;0;
3023;2878888;1160380416;13152256;1292038144;0;0;0;0;0;0;0;0;0;0;0;2795;0;0;125;0;50;0;
3024;2774292;1160380416;13152256;1292038144;0;0;0;0;0;0;0;0;0;0;0;2484;0;0;125;0;50;0;
3025;2210845;1160380416;13152256;1292038144;0;0;0;0;0;0;0;0;0;0;0;2404;0;0;125;0;50;0;
3026;1673127;1160380416;13152256;1292038144;0;0;0;0;0;0;0;0;0;0;0;2354;0;0;125;0;50;0;
3027;2779501;1160380416;13152256;1292038144;0;0;0;0;0;0;0;0;0;0;0;2475;0;0;125;0;50;0;
3028;2475291;1160380416;13152256;1292038144;0;0;0;0;0;0;0;0;0;0;0;2515;0;0;125;0;50;0;
3029;1843467;1160380416;13152256;1292038144;0;0;0;0;0;0;0;0;0;0;0;2465;0;0;125;0;50;0;
3030;2167404;1160380416;13152256;1292038144;0;0;0;0;0;0;0;0;0;0;0;94617;0;0;125;0;50;0;
3031;2434515;1160380416;13152256;1292038144;0;0;0;0;0;0;0;0;0;0;0;2334;0;0;125;0;50;0;
3032;1592536;1160380416;13152256;1292038144;0;0;0;0;0;0;0;0;0;0;0;2134;0;0;125;0;50;0;
3033;1593528;1160380416;13152256;1292038144;0;0;0;0;0;0;0;0;0;0;0;1963;0;0;125;0;50;0;
3034;1861991;1160380416;13152256;1292038144;0;0;0;0;0;0;0;0;0;0;0;1884;0;0;125;0;50;0;
3035;4253556;1160380416;13152256;1292038144;0;0;0;0;0;0;0;0;0;0;0;2254;0;0;125;0;50;0;
3036;4468609;1160916992;18558976;1297444864;0;0;0;0;0;0;0;0;0;0;0;2064;0;0;125;0;50;0;
3037;1737117;1160916992;18558976;1297444864;0;0;0;0;0;0;0;0;0;0;0;4117;0;0;125;0;51;0;
3038;1787942;1160916992;18558976;1297444864;0;0;0;0;0;0;0;0;0;0;0;2765;0;0;125;0;51;0;
3039;2715421;1160916992;18558976;1297444864;0;0;0;0;0;0;0;0;0;0;0;2965;0;0;125;0;51;0;
3040;2677791;1160916992;18558976;1297444864;0;0;0;0;0;0;0;0;0;0;0;2114;0;0;125;0;51;0;
3041;1419652;1160916992;18558976;1297444864;0;0;0;0;0;0;0;0;0;0;0;1923;0;0;125;0;51;0;
3042;1741615;1160916992;18558976;1297444864;0;0;0;0;0;0;0;0;0;0;0;1893;0;0;125;0;51;0;
3043;1284820;1160916992;18558976;1297444864;0;0;0;0;0;0;0;0;0;0;0;2154;0;0;125;0;51;0;
3044;2613581;1160916992;18558976;1297444864;0;0;0;0;0;0;0;0;0;0;0;2024;0;0;125;0;51;0;
3045;1540608;1160916992;18558976;1297444864;0;0;0;0;0;0;0;0;0;0;0;2084;0;0;125;0;51;0;
3046;1384556;1160916992;18558976;1297444864;0;0;0;0;0;0;0;0;0;0;0;2114;0;0;125;0;51;0;
3047;2117630;1160916992;18558976;1297444864;0;0;0;0;0;0;0;0;0;0;0;2004;0;0;125;0;51;0;
3048;2041388;1160916992;18558976;1297444864;0;0;0;0;0;0;0;0;0;0;0;1974;0;0;125;0;51;0;
3049;1798743;1160916992;18558976;1297444864;0;0;0;0;0;0;0;0;0;0;0;2275;0;0;125;0;51;0;
3050;1754420;1160916992;18558976;1297444864;0;0;0;0;0;0;0;0;0;0;0;2034;0;0;125;0;51;0;
3051;1738530;1160916992;18558976;1297444864;0;0;0;0;0;0;0;0;0;0;0;3337;0;0;125;0;52;0;
3052;2091081;1160916992;18558976;1297444864;0;0;0;0;0;0;0;0;0;0;0;1974;0;0;125;0;52;0;
3053;1912717;1160916992;18558976;1297444864;0;0;0;0;0;0;0;0;0;0;0;2144;0;0;125;0;52;0;
3054;2322695;1160916992;18558976;1297444864;0;0;0;0;0;0;0;0;0;0;0;2816;0;0;125;0;52;0;
3055;1627742;1160916992;18558976;1297444864;0;0;0;0;0;0;0;0;0;0;0;3066;0;0;125;0;52;0;
3056;5707822;1160916992;18558976;1297444864;0;0;0;0;0;0;0;0;0;0;0;2444;0;0;125;0;52;0;
3057;3562500;1160916992;18558976;1297444864;0;0;0;0;0;0;0;0;0;0;0;2395;0;0;125;0;52;0;
3058;2965941;1160916992;18558976;1297444864;0;0;0;0;0;0;0;0;0;0;0;2545;0;0;125;0;52;0;
3059;1640385;1163014144;18558976;1297444864;0;0;0;0;0;0;0;0;0;0;0;2394;0;0;125;0;52;0;
3060;1728902;1163014144;18558976;1297444864;0;0;0;0;0;0;0;0;0;0;0;2485;0;0;125;0;52;0;
3061;2469300;1163014144;18558976;1297444864;0;0;0;0;0;0;0;0;0;0;0;2425;0;0;125;0;52;0;
3062;2173926;1163014144;18558976;1297444864;0;0;0;0;0;0;0;0;0;0;0;2885;0;0;125;0;52;0;
3063;1784747;1163014144;18558976;1297444864;0;0;0;0;0;0;0;0;0;0;0;1924;0;0;125;0;52;0;
3064;1810194;1163014144;18558976;1297444864;0;0;0;0;0;0;0;0;0;0;0;1984;0;0;125;0;52;0;
3065;2141555;1163014144;18558976;1297444864;0;0;0;0;0;0;0;0;0;0;0;1973;0;0;125;0;52;0;
3066;1502086;1163014144;18558976;1297444864;0;0;0;0;0;0;0;0;0;0;0;2465;0;0;125;0;52;0;
3067;1894713;1163014144;18558976;1297444864;0;0;0;0;0;0;0;0;0;0;0;2374;0;0;125;0;52;0;
3068;1662838;1163014144;18558976;1297444864;0;0;0;0;0;0;0;0;0;0;0;2434;0;0;125;0;52;0;
3069;2947377;1165111296;18558976;1297444864;0;0;0;0;0;0;0;0;0;0;0;2355;0;0;125;0;52;0;
3070;1415474;1165111296;18558976;1297444864;0;0;0;0;0;0;0;0;0;0;0;2505;0;0;125;0;52;0;
3071;1611091;1165111296;18558976;1297444864;0;0;0;0;0;0;0;0;0;0;0;2444;0;0;125;0;52;0;
3072;1888421;1165111296;18558976;1297444864;0;0;0;0;0;0;0;0;0;0;0;2394;0;0;125;0;52;0;
3073;2383520;1165111296;18558976;1297444864;0;0;0;0;0;0;0;0;0;0;0;2385;0;0;125;0;52;0;
3074;1366462;1165111296;18558976;1297444864;0;0;0;0;0;0;0;0;0;0;0;2364;0;0;125;0;52;0;
3075;1417068;1165111296;18558976;1297444864;0;0;0;0;0;0;0;0;0;0;0;2454;0;0;125;0;52;0;
3076;1186445;1165111296;18558976;1297444864;0;0;0;0;0;0;0;0;0;0;0;2354;0;0;125;0;52;0;
3077;4524614;1165111296;18558976;1297444864;0;0;0;0;0;0;0;0;0;0;0;2535;0;0;125;0;52;0;
3078;3533526;1165643776;18558976;1297444864;0;0;0;0;0;0;0;0;0;0;0;3096;0;0;125;0;52;0;
3079;1688596;1165643776;18558976;1297444864;0;0;0;0;0;0;0;0;0;0;0;2435;0;0;125;0;52;0;
3080;1913057;1165643776;18558976;1297444864;0;0;0;0;0;0;0;0;0;0;0;2425;0;0;125;0;52;0;
3081;2436319;1165643776;18558976;1297444864;0;0;0;0;0;0;0;0;0;0;0;2004;0;0;125;0;52;0;
3082;1282966;1165643776;18558976;1297444864;0;0;0;0;0;0;0;0;0;0;0;2093;0;0;125;0;52;0;
3083;1803863;1165643776;18558976;1297444864;0;0;0;0;0;0;0;0;0;0;0;69170;0;0;125;0;52;0;
3084;1619637;1165643776;18558976;1297444864;0;0;0;0;0;0;0;0;0;0;0;2104;0;0;125;0;52;0;
3085;2123722;1165643776;18558976;1297444864;0;0;0;0;0;0;0;0;0;0;0;1963;0;0;125;0;52;0;
3086;1831535;1165643776;18558976;1297444864;0;0;0;0;0;0;0;0;0;0;0;1924;0;0;125;0;52;0;
3087;1473363;1165643776;18558976;1297444864;0;0;0;0;0;0;0;0;0;0;0;1923;0;0;125;0;52;0;
3088;1486237;1165643776;18558976;1297444864;0;0;0;0;0;0;0;0;0;0;0;1943;0;0;125;0;52;0;
3089;2021571;1165643776;18558976;1297444864;0;0;0;0;0;0;0;0;0;0;0;2094;0;0;125;0;52;0;
3090;1434711;1165643776;18558976;1297444864;0;0;0;0;0;0;0;0;0;0;0;1914;0;0;125;0;52;0;
3091;1306179;1165643776;18558976;1297444864;0;0;0;0;0;0;0;0;0;0;0;2023;0;0;125;0;52;0;
3092;1259021;1165643776;18558976;1297444864;0;0;0;0;0;0;0;0;0;0;0;2074;0;0;125;0;52;0;
3093;2855775;1165643776;18558976;1297444864;0;0;0;0;0;0;0;0;0;0;0;2043;0;0;125;0;52;0;
3094;1768506;1165643776;18558976;1297444864;0;0;0;0;0;0;0;0;0;0;0;2174;0;0;125;0;52;0;
3095;1725756;1165643776;18558976;1297444864;0;0;0;0;0;0;0;0;0;0;0;2144;0;0;125;0;52;0;
3096;1576005;1165643776;18558976;1297444864;0;0;0;0;0;0;0;0;0;0;0;2315;0;0;125;0;52;0;
3097;4366698;1165643776;18558976;1297444864;0;0;0;0;0;0;0;0;0;0;0;1923;0;0;125;0;52;0;
3098;2849302;1165643776;18558976;1297444864;0;0;0;0;0;0;0;0;0;0;0;47669;0;0;125;0;52;0;
3099;1461170;1165643776;18558976;1297444864;0;0;0;0;0;0;0;0;0;0;0;75972;0;0;125;0;52;0;
3100;1556558;1165643776;18558976;1297444864;0;0;0;0;0;0;0;0;0;0;0;2084;0;0;125;0;52;0;
3101;2543669;1165643776;18558976;1297444864;0;0;0;0;0;0;0;0;0;0;0;2404;0;0;125;0;52;0;
3102;1406647;1165643776;18558976;1297444864;0;0;0;0;0;0;0;0;0;0;0;2415;0;0;125;0;52;0;
3103;1419301;1165643776;18558976;1297444864;0;0;0;0;0;0;0;0;0;0;0;2475;0;0;125;0;52;0;
3104;1952832;1165643776;18558976;1297444864;0;0;0;0;0;0;0;0;0;0;0;2635;0;0;125;0;52;0;
3105;2371918;1165643776;18558976;1297444864;0;0;0;0;0;0;0;0;0;0;0;2745;0;0;125;0;52;0;
3106;1738951;1165643776;18558976;1297444864;0;0;0;0;0;0;0;0;0;0;0;2605;0;0;125;0;52;0;
3107;2294653;1165643776;18558976;1297444864;0;0;0;0;0;0;0;0;0;0;0;2494;0;0;125;0;52;0;
3108;1827787;1165643776;18558976;1297444864;0;0;0;0;0;0;0;0;0;0;0;2384;0;0;125;0;52;0;
3109;2465904;1165643776;18558976;1297444864;0;0;0;0;0;0;0;0;0;0;0;2375;0;0;125;0;52;0;
3110;2059712;1165643776;18558976;1297444864;0;0;0;0;0;0;0;0;0;0;0;2324;0;0;125;0;52;0;
3111;1549656;1165643776;18558976;1297444864;0;0;0;0;0;0;0;0;0;0;0;2334;0;0;125;0;52;0;
3112;1489142;1165643776;18558976;1297444864;0;0;0;0;0;0;0;0;0;0;0;2565;0;0;125;0;52;0;
3113;2360236;1165643776;18558976;1297444864;0;0;0;0;0;0;0;0;0;0;0;2375;0;0;125;0;52;0;
3114;1304796;1165643776;18558976;1297444864;0;0;0;0;0;0;0;0;0;0;0;2635;0;0;125;0;52;0;
3115;1314034;1165643776;18558976;1297444864;0;0;0;0;0;0;0;0;0;0;0;2364;0;0;125;0;52;0;
3116;1483542;1165643776;18558976;1297444864;0;0;0;0;0;0;0;0;0;0;0;2775;0;0;125;0;52;0;
3117;4926377;1165643776;18558976;1297444864;0;0;0;0;0;0;0;0;0;0;0;2484;0;0;125;0;52;0;
3118;5787231;1165643776;18558976;1297444864;0;0;0;0;0;0;0;0;0;0;0;14156;0;0;125;0;52;0;
3119;2479710;1165643776;18558976;1297444864;0;0;0;0;0;0;0;0;0;0;0;2936;0;0;125;0;52;0;
3120;2264797;1165643776;18558976;1297444864;0;0;0;0;0;0;0;0;0;0;0;2464;0;0;125;0;52;0;
3121;2185748;1165643776;18558976;1297444864;0;0;0;0;0;0;0;0;0;0;0;2305;0;0;125;0;52;0;
3122;2633408;1165643776;18558976;1297444864;0;0;0;0;0;0;0;0;0;0;0;2494;0;0;125;0;52;0;
3123;1452483;1165643776;18558976;1297444864;0;0;0;0;0;0;0;0;0;0;0;2324;0;0;125;0;52;0;
3124;1599820;1165643776;18558976;1297444864;0;0;0;0;0;0;0;0;0;0;0;2455;0;0;125;0;52;0;
3125;1577908;1165643776;18558976;1297444864;0;0;0;0;0;0;0;0;0;0;0;2254;0;0;125;0;52;0;
3126;2777829;1165643776;18558976;1297444864;0;0;0;0;0;0;0;0;0;0;0;2575;0;0;125;0;52;0;
3127;2194374;1165643776;18558976;1297444864;0;0;0;0;0;0;0;0;0;0;0;2334;0;0;125;0;52;0;
3128;1923988;1165643776;18558976;1297444864;0;0;0;0;0;0;0;0;0;0;0;2365;0;0;125;0;52;0;
3129;1565265;1165643776;18558976;1297444864;0;0;0;0;0;0;0;0;0;0;0;2395;0;0;125;0;52;0;
3130;2490500;1165643776;18558976;1297444864;0;0;0;0;0;0;0;0;0;0;0;2355;0;0;125;0;52;0;
3131;2144751;1165643776;18558976;1297444864;0;0;0;0;0;0;0;0;0;0;0;2375;0;0;125;0;52;0;
3132;1484934;1165643776;18558976;1297444864;0;0;0;0;0;0;0;0;0;0;0;2344;0;0;125;0;52;0;
3133;1395647;1165643776;18558976;1297444864;0;0;0;0;0;0;0;0;0;0;0;2485;0;0;125;0;52;0;
3134;2243317;1165643776;18558976;1297444864;0;0;0;0;0;0;0;0;0;0;0;2425;0;0;125;0;52;0;
3135;1963993;1165643776;18558976;1297444864;0;0;0;0;0;0;0;0;0;0;0;2415;0;0;125;0;52;0;
3136;1545117;1165643776;18558976;1297444864;0;0;0;0;0;0;0;0;0;0;0;2435;0;0;125;0;52;0;
3137;1732018;1165643776;18558976;1297444864;0;0;0;0;0;0;0;0;0;0;0;2385;0;0;125;0;52;0;
3138;4494828;1165643776;18558976;1297444864;0;0;0;0;0;0;0;0;0;0;0;2484;0;0;125;0;52;0;
3139;3683437;1165643776;18558976;1297444864;0;0;0;0;0;0;0;0;0;0;0;2284;0;0;125;0;52;0;
3140;1522945;1165643776;18558976;1297444864;0;0;0;0;0;0;0;0;0;0;0;2224;0;0;125;0;52;0;
3141;1068603;1165643776;18558976;1297444864;0;0;0;0;0;0;0;0;0;0;0;1964;0;0;125;0;52;0;
3142;1697704;1165643776;18558976;1297444864;0;0;0;0;0;0;0;0;0;0;0;2074;0;0;125;0;52;0;
3143;1706079;1165643776;18558976;1297444864;0;0;0;0;0;0;0;0;0;0;0;2044;0;0;125;0;52;0;
3144;1572919;1165643776;18558976;1297444864;0;0;0;0;0;0;0;0;0;0;0;1984;0;0;125;0;52;0;
3145;1124959;1165643776;18558976;1297444864;0;0;0;0;0;0;0;0;0;0;0;2315;0;0;125;0;52;0;
3146;1207684;1165643776;18558976;1297444864;0;0;0;0;0;0;0;0;0;0;0;2194;0;0;125;0;52;0;
3147;2236865;1165643776;18558976;1297444864;0;0;0;0;0;0;0;0;0;0;0;1863;0;0;125;0;52;0;
3148;1447774;1165643776;18558976;1297444864;0;0;0;0;0;0;0;0;0;0;0;1983;0;0;125;0;52;0;
3149;1378444;1165643776;18558976;1297444864;0;0;0;0;0;0;0;0;0;0;0;2084;0;0;125;0;52;0;
3150;2100719;1165643776;18558976;1297444864;0;0;0;0;0;0;0;0;0;0;0;1913;0;0;125;0;52;0;
3151;2102152;1165643776;18558976;1297444864;0;0;0;0;0;0;0;0;0;0;0;2114;0;0;125;0;52;0;
3152;1544957;1165643776;18558976;1297444864;0;0;0;0;0;0;0;0;0;0;0;2325;0;0;125;0;52;0;
3153;1332668;1165643776;18558976;1297444864;0;0;0;0;0;0;0;0;0;0;0;2474;0;0;125;0;52;0;
3154;1514179;1165643776;18558976;1297444864;0;0;0;0;0;0;0;0;0;0;0;2354;0;0;125;0;52;0;
3155;1986515;1165643776;18558976;1297444864;0;0;0;0;0;0;0;0;0;0;0;2655;0;0;125;0;52;0;
3156;1723501;1165643776;18558976;1297444864;0;0;0;0;0;0;0;0;0;0;0;2004;0;0;125;0;52;0;
3157;1615519;1165643776;18558976;1297444864;0;0;0;0;0;0;0;0;0;0;0;1934;0;0;125;0;52;0;
3158;1233993;1165643776;18558976;1297444864;0;0;0;0;0;0;0;0;0;0;0;2144;0;0;125;0;52;0;
3159;4320772;1165643776;18558976;1297444864;0;0;0;0;0;0;0;0;0;0;0;2014;0;0;125;0;52;0;
3160;4359675;1165643776;18558976;1297444864;0;0;0;0;0;0;0;0;0;0;0;3036;0;0;125;0;52;0;
3161;2379992;1165643776;18558976;1297444864;0;0;0;0;0;0;0;0;0;0;0;2574;0;0;125;0;52;0;
3162;1937984;1165643776;18558976;1297444864;0;0;0;0;0;0;0;0;0;0;0;1903;0;0;125;0;52;0;
3163;2230552;1165643776;18558976;1297444864;0;0;0;0;0;0;0;0;0;0;0;2324;0;0;125;0;52;0;
3164;2596648;1165643776;18558976;1297444864;0;0;0;0;0;0;0;0;0;0;0;2745;0;0;125;0;52;0;
3165;1594360;1165643776;18558976;1297444864;0;0;0;0;0;0;0;0;0;0;0;2515;0;0;125;0;52;0;
3166;2561103;1165643776;18558976;1297444864;0;0;0;0;0;0;0;0;0;0;0;2725;0;0;125;0;52;0;
3167;1633794;1165643776;18558976;1297444864;0;0;0;0;0;0;0;0;0;0;0;2294;0;0;125;0;52;0;
3168;2249799;1165643776;18558976;1297444864;0;0;0;0;0;0;0;0;0;0;0;2354;0;0;125;0;52;0;
3169;1650124;1165643776;18558976;1297444864;0;0;0;0;0;0;0;0;0;0;0;2495;0;0;125;0;52;0;
3170;1653229;1165643776;18558976;1297444864;0;0;0;0;0;0;0;0;0;0;0;2445;0;0;125;0;52;0;
3171;2521368;1165643776;18558976;1297444864;0;0;0;0;0;0;0;0;0;0;0;2775;0;0;125;0;52;0;
3172;2586159;1165643776;18558976;1297444864;0;0;0;0;0;0;0;0;0;0;0;2144;0;0;125;0;52;0;
3173;1891377;1165643776;18558976;1297444864;0;0;0;0;0;0;0;0;0;0;0;2504;0;0;125;0;52;0;
3174;1450129;1165643776;18558976;1297444864;0;0;0;0;0;0;0;0;0;0;0;2635;0;0;125;0;52;0;
3175;1247550;1165643776;18558976;1297444864;0;0;0;0;0;0;0;0;0;0;0;2585;0;0;125;0;52;0;
3176;3742638;1166082048;18558976;1297444864;0;0;0;0;0;0;0;0;0;0;0;2515;0;0;125;0;52;0;
3177;1614207;1166082048;18558976;1297444864;0;0;0;0;0;0;0;0;0;0;0;2054;0;0;125;0;52;0;
3178;1501856;1166082048;18558976;1297444864;0;0;0;0;0;0;0;0;0;0;0;1794;0;0;125;0;52;0;
3179;1358357;1166082048;18558976;1297444864;0;0;0;0;0;0;0;0;0;0;0;2154;0;0;125;0;52;0;
3180;4394440;1166082048;18558976;1297444864;0;0;0;0;0;0;0;0;0;0;0;1964;0;0;125;0;52;0;
3181;3449738;1166082048;18558976;1297444864;0;0;0;0;0;0;0;0;0;0;0;2715;0;0;125;0;52;0;
3182;1443136;1166082048;18558976;1297444864;0;0;0;0;0;0;0;0;0;0;0;1964;0;0;125;0;52;0;
3183;1922215;1166082048;18558976;1297444864;0;0;0;0;0;0;0;0;0;0;0;2224;0;0;125;0;52;0;
3184;1881347;1166082048;18558976;1297444864;0;0;0;0;0;0;0;0;0;0;0;2094;0;0;125;0;52;0;
3185;2448491;1166082048;18558976;1297444864;0;0;0;0;0;0;0;0;0;0;0;3106;0;0;125;0;52;0;
3186;1726517;1166082048;18558976;1297444864;0;0;0;0;0;0;0;0;0;0;0;2604;0;0;125;0;52;0;
3187;1705377;1166082048;18558976;1297444864;0;0;0;0;0;0;0;0;0;0;0;2695;0;0;125;0;52;0;
3188;1493450;1166082048;18558976;1297444864;0;0;0;0;0;0;0;0;0;0;0;2465;0;0;125;0;52;0;
3189;3172810;1166082048;18558976;1297444864;0;0;0;0;0;0;0;0;0;0;0;2294;0;0;125;0;52;0;
3190;1854567;1166082048;18558976;1297444864;0;0;0;0;0;0;0;0;0;0;0;2525;0;0;125;0;52;0;
3191;1292624;1166082048;18558976;1297444864;0;0;0;0;0;0;0;0;0;0;0;2354;0;0;125;0;52;0;
3192;1760561;1166082048;18558976;1297444864;0;0;0;0;0;0;0;0;0;0;0;2374;0;0;125;0;52;0;
3193;3354590;1166082048;18558976;1297444864;0;0;0;0;0;0;0;0;0;0;0;2655;0;0;125;0;52;0;
3194;1728782;1166082048;18558976;1297444864;0;0;0;0;0;0;0;0;0;0;0;2525;0;0;125;0;52;0;
3195;1930500;1166082048;18558976;1297444864;0;0;0;0;0;0;0;0;0;0;0;2465;0;0;125;0;52;0;
3196;2089307;1166082048;18558976;1297444864;0;0;0;0;0;0;0;0;0;0;0;2575;0;0;125;0;52;0;
3197;3019612;1166082048;18558976;1297444864;0;0;0;0;0;0;0;0;0;0;0;2575;0;0;125;0;52;0;
3198;1196864;1166082048;18558976;1297444864;0;0;0;0;0;0;0;0;0;0;0;1944;0;0;125;0;52;0;
3199;1310667;1166082048;18558976;1297444864;0;0;0;0;0;0;0;0;0;0;0;2174;0;0;125;0;52;0;
3200;1338750;1166082048;18558976;1297444864;0;0;0;0;0;0;0;0;0;0;0;1913;0;0;125;0;52;0;
3201;4049223;1166082048;18558976;1297444864;0;0;0;0;0;0;0;0;0;0;0;1944;0;0;125;0;52;0;
3202;3491006;1166082048;18558976;1297444864;0;0;0;0;0;0;0;0;0;0;0;2013;0;0;125;0;52;0;
3203;1445219;1166082048;18558976;1297444864;0;0;0;0;0;0;0;0;0;0;0;2525;0;0;125;0;52;0;
3204;2084128;1166082048;18558976;1297444864;0;0;0;0;0;0;0;0;0;0;0;2855;0;0;125;0;52;0;
3205;1986956;1166082048;18558976;1297444864;0;0;0;0;0;0;0;0;0;0;0;2355;0;0;125;0;52;0;
3206;2121117;1166082048;18558976;1297444864;0;0;0;0;0;0;0;0;0;0;0;2484;0;0;125;0;52;0;
3207;2002224;1166082048;18558976;1297444864;0;0;0;0;0;0;0;0;0;0;0;2335;0;0;125;0;52;0;
3208;1342517;1166082048;18558976;1297444864;0;0;0;0;0;0;0;0;0;0;0;2314;0;0;125;0;52;0;
3209;1307492;1166082048;18558976;1297444864;0;0;0;0;0;0;0;0;0;0;0;2384;0;0;125;0;52;0;
3210;7821796;1166082048;18558976;1297444864;0;0;0;0;0;0;0;0;0;0;0;2534;0;0;125;0;52;0;
3211;2458790;1166082048;18558976;1297444864;0;0;0;0;0;0;0;0;0;0;0;2394;0;0;125;0;52;0;
3212;1723642;1166082048;18558976;1297444864;0;0;0;0;0;0;0;0;0;0;0;2354;0;0;125;0;52;0;
3213;1873633;1166082048;18558976;1297444864;0;0;0;0;0;0;0;0;0;0;0;2505;0;0;125;0;52;0;
3214;1938094;1166082048;18558976;1297444864;0;0;0;0;0;0;0;0;0;0;0;2515;0;0;125;0;52;0;
3215;1468213;1166082048;18558976;1297444864;0;0;0;0;0;0;0;0;0;0;0;2355;0;0;125;0;52;0;
3216;2961603;1166082048;18558976;1297444864;0;0;0;0;0;0;0;0;0;0;0;2445;0;0;125;0;52;0;
3217;2190266;1166082048;18558976;1297444864;0;0;0;0;0;0;0;0;0;0;0;2375;0;0;125;0;52;0;
3218;2913162;1166082048;18558976;1297444864;0;0;0;0;0;0;0;0;0;0;0;2404;0;0;125;0;52;0;
3219;3876097;1166082048;18558976;1297444864;0;0;0;0;0;0;0;0;0;0;0;2474;0;0;125;0;52;0;
3220;2545103;1166082048;18558976;1297444864;0;0;0;0;0;0;0;0;0;0;0;2474;0;0;125;0;52;0;
3221;1639835;1166082048;18558976;1297444864;0;0;0;0;0;0;0;0;0;0;0;2294;0;0;125;0;52;0;
3222;5667126;1166082048;18558976;1297444864;0;0;0;0;0;0;0;0;0;0;0;2444;0;0;125;0;52;0;
3223;4078888;1166082048;18558976;1297444864;0;0;0;0;0;0;0;0;0;0;0;2364;0;0;125;0;52;0;
3224;2213140;1166082048;18558976;1297444864;0;0;0;0;0;0;0;0;0;0;0;2445;0;0;125;0;52;0;
3225;3003522;1166082048;18558976;1297444864;0;0;0;0;0;0;0;0;0;0;0;2555;0;0;125;0;52;0;
3226;2308468;1166082048;18558976;1297444864;0;0;0;0;0;0;0;0;0;0;0;2154;0;0;125;0;52;0;
3227;2696396;1166082048;18558976;1297444864;0;0;0;0;0;0;0;0;0;0;0;2475;0;0;125;0;52;0;
3228;2206267;1166082048;18558976;1297444864;0;0;0;0;0;0;0;0;0;0;0;2314;0;0;125;0;52;0;
3229;2624612;1166082048;18558976;1297444864;0;0;0;0;0;0;0;0;0;0;0;2474;0;0;125;0;52;0;
3230;3256186;1166082048;18558976;1297444864;0;0;0;0;0;0;0;0;0;0;0;2545;0;0;125;0;52;0;
3231;2396984;1166082048;18558976;1297444864;0;0;0;0;0;0;0;0;0;0;0;2455;0;0;125;0;52;0;
3232;3055890;1166082048;18558976;1297444864;0;0;0;0;0;0;0;0;0;0;0;2355;0;0;125;0;52;0;
3233;3192175;1166082048;18558976;1297444864;0;0;0;0;0;0;0;0;0;0;0;2484;0;0;125;0;52;0;
3234;4473297;1166082048;18558976;1297444864;0;0;0;0;0;0;0;0;0;0;0;2555;0;0;125;0;52;0;
3235;2106440;1166082048;18558976;1297444864;0;0;0;0;0;0;0;0;0;0;0;2375;0;0;125;0;52;0;
3236;2710011;1166082048;18558976;1297444864;0;0;0;0;0;0;0;0;0;0;0;2635;0;0;125;0;52;0;
3237;3118507;1166082048;18558976;1297444864;0;0;0;0;0;0;0;0;0;0;0;2445;0;0;125;0;52;0;
3238;4346180;1166082048;18558976;1297444864;0;0;0;0;0;0;0;0;0;0;0;2595;0;0;125;0;52;0;
3239;2825357;1166082048;18558976;1297444864;0;0;0;0;0;0;0;0;0;0;0;2685;0;0;125;0;52;0;
3240;2876854;1166082048;18558976;1297444864;0;0;0;0;0;0;0;0;0;0;0;2645;0;0;125;0;52;0;
3241;2880471;1166082048;18558976;1297444864;0;0;0;0;0;0;0;0;0;0;0;2225;0;0;125;0;52;0;
3242;5654823;1166082048;18558976;1297444864;0;0;0;0;0;0;0;0;0;0;0;2004;0;0;125;0;52;0;
3243;4846267;1166082048;18558976;1297444864;0;0;0;0;0;0;0;0;0;0;0;3066;0;0;125;0;52;0;
3244;3004784;1166082048;18558976;1297444864;0;0;0;0;0;0;0;0;0;0;0;2595;0;0;125;0;52;0;
3245;2023394;1166082048;18558976;1297444864;0;0;0;0;0;0;0;0;0;0;0;2524;0;0;125;0;52;0;
3246;2331822;1166082048;18558976;1297444864;0;0;0;0;0;0;0;0;0;0;0;2856;0;0;125;0;52;0;
3247;1987426;1166082048;18558976;1297444864;0;0;0;0;0;0;0;0;0;0;0;2484;0;0;125;0;52;0;
3248;1638713;1166082048;18558976;1297444864;0;0;0;0;0;0;0;0;0;0;0;2615;0;0;125;0;52;0;
3249;1894211;1166082048;18558976;1297444864;0;0;0;0;0;0;0;0;0;0;0;2384;0;0;125;0;52;0;
3250;3591915;1166082048;18558976;1297444864;0;0;0;0;0;0;0;0;0;0;0;2605;0;0;125;0;52;0;
3251;3393203;1166082048;18558976;1297444864;0;0;0;0;0;0;0;0;0;0;0;2745;0;0;125;0;52;0;
3252;2853380;1166348288;18558976;1297444864;0;0;0;0;0;0;0;0;0;0;0;2635;0;0;125;0;52;0;
3253;2224070;1166348288;18558976;1297444864;0;0;0;0;0;0;0;0;0;0;0;2726;0;0;125;0;52;0;
3254;3336326;1166348288;18558976;1297444864;0;0;0;0;0;0;0;0;0;0;0;2655;0;0;125;0;52;0;
3255;2485741;1166348288;18558976;1297444864;0;0;0;0;0;0;0;0;0;0;0;2394;0;0;125;0;52;0;
3256;1596163;1166348288;18558976;1297444864;0;0;0;0;0;0;0;0;0;0;0;2355;0;0;125;0;52;0;
3257;1798652;1166348288;18558976;1297444864;0;0;0;0;0;0;0;0;0;0;0;2455;0;0;125;0;52;0;
3258;3478583;1166348288;18558976;1297444864;0;0;0;0;0;0;0;0;0;0;0;2294;0;0;125;0;52;0;
3259;3139026;1166348288;18558976;1297444864;0;0;0;0;0;0;0;0;0;0;0;2084;0;0;125;0;52;0;
3260;1934588;1166348288;18558976;1297444864;0;0;0;0;0;0;0;0;0;0;0;2344;0;0;125;0;52;0;
3261;1534317;1166348288;18558976;1297444864;0;0;0;0;0;0;0;0;0;0;0;2385;0;0;125;0;52;0;
3262;4658976;1166348288;18558976;1297444864;0;0;0;0;0;0;0;0;0;0;0;2394;0;0;125;0;52;0;
3263;4072366;1166348288;18558976;1297444864;0;0;0;0;0;0;0;0;0;0;0;2214;0;0;125;0;52;0;
3264;1552772;1166348288;18558976;1297444864;0;0;0;0;0;0;0;0;0;0;0;1713;0;0;125;0;52;0;
3265;1289458;1166348288;18558976;1297444864;0;0;0;0;0;0;0;0;0;0;0;1934;0;0;125;0;52;0;
3266;2385673;1166348288;18558976;1297444864;0;0;0;0;0;0;0;0;0;0;0;1913;0;0;125;0;52;0;
3267;1210350;1166348288;18558976;1297444864;0;0;0;0;0;0;0;0;0;0;0;2014;0;0;125;0;52;0;
3268;1317431;1166348288;18558976;1297444864;0;0;0;0;0;0;0;0;0;0;0;1944;0;0;125;0;52;0;
3269;1865077;1166348288;18558976;1297444864;0;0;0;0;0;0;0;0;0;0;0;2214;0;0;125;0;52;0;
3270;2052168;1166348288;18558976;1297444864;0;0;0;0;0;0;0;0;0;0;0;2515;0;0;125;0;52;0;
3271;2026921;1166348288;18558976;1297444864;0;0;0;0;0;0;0;0;0;0;0;2315;0;0;125;0;52;0;
3272;2272872;1166348288;18558976;1297444864;0;0;0;0;0;0;0;0;0;0;0;2404;0;0;125;0;52;0;
3273;2246151;1166348288;18558976;1297444864;0;0;0;0;0;0;0;0;0;0;0;2575;0;0;125;0;52;0;
3274;2012163;1166348288;18558976;1297444864;0;0;0;0;0;0;0;0;0;0;0;2444;0;0;125;0;52;0;
3275;1893992;1166348288;18558976;1297444864;0;0;0;0;0;0;0;0;0;0;0;2435;0;0;125;0;52;0;
3276;1614467;1166348288;18558976;1297444864;0;0;0;0;0;0;0;0;0;0;0;2344;0;0;125;0;52;0;
3277;2378250;1166348288;18558976;1297444864;0;0;0;0;0;0;0;0;0;0;0;2495;0;0;125;0;52;0;
3278;2446256;1166348288;18558976;1297444864;0;0;0;0;0;0;0;0;0;0;0;2304;0;0;125;0;52;0;
3279;1655224;1166348288;18558976;1297444864;0;0;0;0;0;0;0;0;0;0;0;2735;0;0;125;0;52;0;
3280;2231835;1166348288;18558976;1297444864;0;0;0;0;0;0;0;0;0;0;0;2384;0;0;125;0;52;0;
3281;4479409;1166348288;18558976;1297444864;0;0;0;0;0;0;0;0;0;0;0;1973;0;0;125;0;52;0;
3282;2497823;1166348288;18558976;1297444864;0;0;0;0;0;0;0;0;0;0;0;2064;0;0;125;0;52;0;
3283;1374417;1166348288;18558976;1297444864;0;0;0;0;0;0;0;0;0;0;0;2004;0;0;125;0;52;0;
3284;2124884;1166348288;18558976;1297444864;0;0;0;0;0;0;0;0;0;0;0;2305;0;0;125;0;52;0;
3285;1739121;1166348288;18558976;1297444864;0;0;0;0;0;0;0;0;0;0;0;2364;0;0;125;0;52;0;
3286;1869705;1166348288;18558976;1297444864;0;0;0;0;0;0;0;0;0;0;0;2485;0;0;125;0;52;0;
3287;2466014;1161134080;13152256;1292038144;0;0;0;0;0;0;0;0;0;0;0;2064;0;0;125;0;52;0;
3288;1598647;1161134080;13152256;1292038144;0;0;0;0;0;0;0;0;0;0;0;101109;0;0;125;0;52;0;
3289;1570996;1161134080;13152256;1292038144;0;0;0;0;0;0;0;0;0;0;0;1954;0;0;125;0;52;0;
3290;2886633;1161134080;13152256;1292038144;0;0;0;0;0;0;0;0;0;0;0;2565;0;0;125;0;52;0;
3291;2924864;1161134080;13152256;1292038144;0;0;0;0;0;0;0;0;0;0;0;6031;0;0;125;0;52;0;
3292;2267001;1161134080;13152256;1292038144;0;0;0;0;0;0;0;0;0;0;0;1794;0;0;125;0;52;0;
3293;1877400;1161134080;13152256;1292038144;0;0;0;0;0;0;0;0;0;0;0;1663;0;0;125;0;52;0;
3294;2514885;1161134080;13152256;1292038144;0;0;0;0;0;0;0;0;0;0;0;1342;0;0;125;0;52;0;
3295;1506284;1161134080;13152256;1292038144;0;0;0;0;0;0;0;0;0;0;0;1523;0;0;125;0;52;0;
3296;1258710;1161134080;13152256;1292038144;0;0;0;0;0;0;0;0;0;0;0;1402;0;0;125;0;52;0;
3297;830146;1161134080;13152256;1292038144;0;0;0;0;0;0;0;0;0;0;0;1403;0;0;125;0;52;0;
3298;4295734;1161134080;13152256;1292038144;0;0;0;0;0;0;0;0;0;0;0;1443;0;0;125;0;52;0;
3299;4444243;1161670656;18558976;1297444864;0;0;0;0;0;0;0;0;0;0;0;3306;0;0;125;0;52;0;
3300;2733696;1161670656;18558976;1297444864;0;0;0;0;0;0;0;0;0;0;0;2515;0;0;125;0;52;0;
3301;2741360;1161670656;18558976;1297444864;0;0;0;0;0;0;0;0;0;0;0;2455;0;0;125;0;52;0;
3302;3139637;1161670656;18558976;1297444864;0;0;0;0;0;0;0;0;0;0;0;2354;0;0;125;0;52;0;
3303;1581917;1161670656;18558976;1297444864;0;0;0;0;0;0;0;0;0;0;0;2414;0;0;125;0;52;0;
3304;2167234;1161670656;18558976;1297444864;0;0;0;0;0;0;0;0;0;0;0;2345;0;0;125;0;52;0;
3305;2487995;1161670656;18558976;1297444864;0;0;0;0;0;0;0;0;0;0;0;2475;0;0;125;0;52;0;
3306;1525540;1161670656;18558976;1297444864;0;0;0;0;0;0;0;0;0;0;0;2344;0;0;125;0;52;0;
3307;2188453;1161670656;18558976;1297444864;0;0;0;0;0;0;0;0;0;0;0;2304;0;0;125;0;52;0;
3308;2012875;1161670656;18558976;1297444864;0;0;0;0;0;0;0;0;0;0;0;2405;0;0;125;0;52;0;
3309;3052985;1161670656;18558976;1297444864;0;0;0;0;0;0;0;0;0;0;0;2615;0;0;125;0;52;0;
3310;1453706;1161670656;18558976;1297444864;0;0;0;0;0;0;0;0;0;0;0;2435;0;0;125;0;52;0;
3311;2126708;1161670656;18558976;1297444864;0;0;0;0;0;0;0;0;0;0;0;2544;0;0;125;0;52;0;
3312;1460970;1161670656;18558976;1297444864;0;0;0;0;0;0;0;0;0;0;0;2365;0;0;125;0;52;0;
3313;2264987;1161670656;18558976;1297444864;0;0;0;0;0;0;0;0;0;0;0;2265;0;0;125;0;52;0;
3314;1292604;1161670656;18558976;1297444864;0;0;0;0;0;0;0;0;0;0;0;2334;0;0;125;0;52;0;
3315;1611732;1161670656;18558976;1297444864;0;0;0;0;0;0;0;0;0;0;0;2305;0;0;125;0;52;0;
3316;2750337;1161670656;18558976;1297444864;0;0;0;0;0;0;0;0;0;0;0;2014;0;0;125;0;52;0;
3317;6936506;1161670656;18558976;1297444864;0;0;0;0;0;0;0;0;0;0;0;6973;0;0;125;0;52;0;
3318;4346410;1163767808;18558976;1297444864;0;0;0;0;0;0;0;0;0;0;0;4859;0;0;125;0;52;0;
3319;1783514;1163767808;18558976;1297444864;0;0;0;0;0;0;0;0;0;0;0;2205;0;0;125;0;52;0;
3320;1416766;1163767808;18558976;1297444864;0;0;0;0;0;0;0;0;0;0;0;1954;0;0;125;0;52;0;
3321;2604805;1163767808;18558976;1297444864;0;0;0;0;0;0;0;0;0;0;0;1673;0;0;125;0;52;0;
3322;1766933;1163767808;18558976;1297444864;0;0;0;0;0;0;0;0;0;0;0;1753;0;0;125;0;52;0;
3323;1131641;1163767808;18558976;1297444864;0;0;0;0;0;0;0;0;0;0;0;2104;0;0;125;0;52;0;
3324;2210935;1163767808;18558976;1297444864;0;0;0;0;0;0;0;0;0;0;0;2184;0;0;125;0;52;0;
3325;1920181;1163767808;18558976;1297444864;0;0;0;0;0;0;0;0;0;0;0;1954;0;0;125;0;52;0;
3326;1609138;1163767808;18558976;1297444864;0;0;0;0;0;0;0;0;0;0;0;2004;0;0;125;0;52;0;
3327;2734988;1163767808;18558976;1297444864;0;0;0;0;0;0;0;0;0;0;0;2034;0;0;125;0;52;0;
3328;2753102;1163767808;18558976;1297444864;0;0;0;0;0;0;0;0;0;0;0;5010;0;0;125;0;52;0;
3329;1976766;1163767808;18558976;1297444864;0;0;0;0;0;0;0;0;0;0;0;1853;0;0;125;0;52;0;
3330;1868113;1165864960;18558976;1297444864;0;0;0;0;0;0;0;0;0;0;0;1813;0;0;125;0;52;0;
3331;3014592;1165864960;18558976;1297444864;0;0;0;0;0;0;0;0;0;0;0;1653;0;0;125;0;52;0;
3332;1698234;1165864960;18558976;1297444864;0;0;0;0;0;0;0;0;0;0;0;1933;0;0;125;0;52;0;
3333;2695063;1165864960;18558976;1297444864;0;0;0;0;0;0;0;0;0;0;0;1683;0;0;125;0;52;0;
3334;2300904;1165864960;18558976;1297444864;0;0;0;0;0;0;0;0;0;0;0;1924;0;0;125;0;52;0;
3335;5019301;1166127104;18558976;1297444864;0;0;0;0;0;0;0;0;0;0;0;1974;0;0;125;0;52;0;
3336;5153644;1166389248;18558976;1297444864;0;0;0;0;0;0;0;0;0;0;0;2745;0;0;125;0;52;0;
3337;1612514;1166389248;18558976;1297444864;0;0;0;0;0;0;0;0;0;0;0;2475;0;0;125;0;52;0;
3338;2492173;1166389248;18558976;1297444864;0;0;0;0;0;0;0;0;0;0;0;2614;0;0;125;0;52;0;
3339;5053866;1166389248;18558976;1297444864;0;0;0;0;0;0;0;0;0;0;0;2605;0;0;125;0;52;0;
3340;3508369;1166389248;18558976;1297444864;0;0;0;0;0;0;0;0;0;0;0;3086;0;0;125;0;52;0;
3341;2472286;1166389248;18558976;1297444864;0;0;0;0;0;0;0;0;0;0;0;2384;0;0;125;0;52;0;
3342;2561172;1166389248;18558976;1297444864;0;0;0;0;0;0;0;0;0;0;0;2635;0;0;125;0;52;0;
3343;1444278;1166389248;18558976;1297444864;0;0;0;0;0;0;0;0;0;0;0;2394;0;0;125;0;52;0;
3344;1475987;1166389248;18558976;1297444864;0;0;0;0;0;0;0;0;0;0;0;2185;0;0;125;0;52;0;
3345;1857603;1166389248;18558976;1297444864;0;0;0;0;0;0;0;0;0;0;0;2214;0;0;125;0;52;0;
3346;1424771;1166389248;18558976;1297444864;0;0;0;0;0;0;0;0;0;0;0;2494;0;0;125;0;52;0;
3347;2265608;1166389248;18558976;1297444864;0;0;0;0;0;0;0;0;0;0;0;2104;0;0;125;0;52;0;
3348;1492218;1166389248;18558976;1297444864;0;0;0;0;0;0;0;0;0;0;0;2164;0;0;125;0;52;0;
3349;3008802;1166389248;18558976;1297444864;0;0;0;0;0;0;0;0;0;0;0;2204;0;0;125;0;52;0;
3350;1971477;1166389248;18558976;1297444864;0;0;0;0;0;0;0;0;0;0;0;2414;0;0;125;0;52;0;
3351;1219927;1166389248;18558976;1297444864;0;0;0;0;0;0;0;0;0;0;0;2114;0;0;125;0;52;0;
3352;1541922;1166389248;18558976;1297444864;0;0;0;0;0;0;0;0;0;0;0;2354;0;0;125;0;52;0;
3353;4327374;1166389248;18558976;1297444864;0;0;0;0;0;0;0;0;0;0;0;2194;0;0;125;0;52;0;
3354;5121894;1166389248;18558976;1297444864;0;0;0;0;0;0;0;0;0;0;0;2605;0;0;125;0;52;0;
3355;2067446;1166389248;18558976;1297444864;0;0;0;0;0;0;0;0;0;0;0;1963;0;0;125;0;52;0;
3356;1676714;1166389248;18558976;1297444864;0;0;0;0;0;0;0;0;0;0;0;2275;0;0;125;0;52;0;
3357;2850164;1166389248;18558976;1297444864;0;0;0;0;0;0;0;0;0;0;0;2074;0;0;125;0;52;0;
3358;1143815;1166389248;18558976;1297444864;0;0;0;0;0;0;0;0;0;0;0;1693;0;0;125;0;52;0;
3359;1115291;1166389248;18558976;1297444864;0;0;0;0;0;0;0;0;0;0;0;1633;0;0;125;0;52;0;
3360;3575615;1166389248;18558976;1297444864;0;0;0;0;0;0;0;0;0;0;0;8346;0;0;125;0;52;0;
3361;2975579;1166389248;18558976;1297444864;0;0;0;0;0;0;0;0;0;0;0;3236;0;0;125;0;52;0;
3362;3009433;1166389248;18558976;1297444864;0;0;0;0;0;0;0;0;0;0;0;2946;0;0;125;0;52;0;
3363;2827291;1166389248;18558976;1297444864;0;0;0;0;0;0;0;0;0;0;0;2615;0;0;125;0;52;0;
3364;2209392;1166389248;18558976;1297444864;0;0;0;0;0;0;0;0;0;0;0;2905;0;0;125;0;52;0;
3365;1971486;1166389248;18558976;1297444864;0;0;0;0;0;0;0;0;0;0;0;2605;0;0;125;0;52;0;
3366;1774367;1166389248;18558976;1297444864;0;0;0;0;0;0;0;0;0;0;0;2635;0;0;125;0;52;0;
3367;2303169;1166389248;18558976;1297444864;0;0;0;0;0;0;0;0;0;0;0;2705;0;0;125;0;52;0;
3368;3211351;1166389248;18558976;1297444864;0;0;0;0;0;0;0;0;0;0;0;3226;0;0;125;0;52;0;
3369;1975885;1166389248;18558976;1297444864;0;0;0;0;0;0;0;0;0;0;0;2755;0;0;125;0;52;0;
3370;8004629;1166389248;18558976;1297444864;0;0;0;0;0;0;0;0;0;0;0;2795;0;0;125;0;52;0;
3371;6756859;1166389248;18558976;1297444864;0;0;0;0;0;0;0;0;0;0;0;7184;0;0;125;0;52;0;
3372;3492488;1166389248;18558976;1297444864;0;0;0;0;0;0;0;0;0;0;0;3737;0;0;125;0;52;0;
3373;2805991;1166389248;18558976;1297444864;0;0;0;0;0;0;0;0;0;0;0;2845;0;0;125;0;52;0;
3374;3264181;1166389248;18558976;1297444864;0;0;0;0;0;0;0;0;0;0;0;2224;0;0;125;0;52;0;
3375;2583223;1166389248;18558976;1297444864;0;0;0;0;0;0;0;0;0;0;0;2725;0;0;125;0;52;0;
3376;2680105;1166389248;18558976;1297444864;0;0;0;0;0;0;0;0;0;0;0;3035;0;0;125;0;52;0;
3377;4316755;1166389248;18558976;1297444864;0;0;0;0;0;0;0;0;0;0;0;2785;0;0;125;0;52;0;
3378;2694182;1166389248;18558976;1297444864;0;0;0;0;0;0;0;0;0;0;0;3416;0;0;125;0;52;0;
3379;3166197;1166389248;18558976;1297444864;0;0;0;0;0;0;0;0;0;0;0;2755;0;0;125;0;52;0;
3380;3715647;1166389248;18558976;1297444864;0;0;0;0;0;0;0;0;0;0;0;2575;0;0;125;0;52;0;
3381;2428082;1166389248;18558976;1297444864;0;0;0;0;0;0;0;0;0;0;0;2885;0;0;125;0;52;0;
3382;2387216;1166389248;18558976;1297444864;0;0;0;0;0;0;0;0;0;0;0;2735;0;0;125;0;52;0;
3383;3809343;1166389248;18558976;1297444864;0;0;0;0;0;0;0;0;0;0;0;2655;0;0;125;0;52;0;
3384;2374573;1166389248;18558976;1297444864;0;0;0;0;0;0;0;0;0;0;0;2665;0;0;125;0;52;0;
3385;3613466;1166389248;18558976;1297444864;0;0;0;0;0;0;0;0;0;0;0;2665;0;0;125;0;52;0;
3386;2961072;1166389248;18558976;1297444864;0;0;0;0;0;0;0;0;0;0;0;2485;0;0;125;0;52;0;
3387;5983148;1166389248;18558976;1297444864;0;0;0;0;0;0;0;0;0;0;0;2615;0;0;125;0;52;0;
3388;5811076;1166389248;18558976;1297444864;0;0;0;0;0;0;0;0;0;0;0;3677;0;0;125;0;52;0;
3389;2211897;1166389248;18558976;1297444864;0;0;0;0;0;0;0;0;0;0;0;2304;0;0;125;0;52;0;
3390;2922400;1166389248;18558976;1297444864;0;0;0;0;0;0;0;0;0;0;0;2735;0;0;125;0;52;0;
3391;4615625;1166389248;18558976;1297444864;0;0;0;0;0;0;0;0;0;0;0;105718;0;0;125;0;52;0;
3392;3435141;1166389248;18558976;1297444864;0;0;0;0;0;0;0;0;0;0;0;3096;0;0;125;0;52;0;
3393;3534177;1166389248;18558976;1297444864;0;0;0;0;0;0;0;0;0;0;0;3106;0;0;125;0;52;0;
3394;3022478;1166389248;18558976;1297444864;0;0;0;0;0;0;0;0;0;0;0;2424;0;0;125;0;52;0;
3395;2131276;1166389248;18558976;1297444864;0;0;0;0;0;0;0;0;0;0;0;2615;0;0;125;0;52;0;
3396;3471088;1166389248;18558976;1297444864;0;0;0;0;0;0;0;0;0;0;0;2875;0;0;125;0;52;0;
3397;3365370;1166389248;18558976;1297444864;0;0;0;0;0;0;0;0;0;0;0;2344;0;0;125;0;52;0;
3398;2480922;1166389248;18558976;1297444864;0;0;0;0;0;0;0;0;0;0;0;2525;0;0;125;0;52;0;
3399;3347126;1166389248;18558976;1297444864;0;0;0;0;0;0;0;0;0;0;0;2896;0;0;125;0;52;0;
3400;5981506;1166389248;18558976;1297444864;0;0;0;0;0;0;0;0;0;0;0;2625;0;0;125;0;52;0;
3401;5851322;1166389248;18567168;1297453056;0;0;0;0;0;0;0;0;0;0;0;3547;0;0;125;0;52;0;
3402;3302462;1166389248;18567168;1297453056;0;0;0;0;0;0;0;0;0;0;0;3126;0;0;125;0;52;0;
3403;2868007;1166389248;18567168;1297453056;0;0;0;0;0;0;0;0;0;0;0;3105;0;0;125;0;52;0;
3404;2923892;1166389248;18567168;1297453056;0;0;0;0;0;0;0;0;0;0;0;3216;0;0;125;0;52;0;
3405;3353919;1166389248;18567168;1297453056;0;0;0;0;0;0;0;0;0;0;0;2805;0;0;125;0;52;0;
3406;3346084;1166655488;18567168;1297453056;0;0;0;0;0;0;0;0;0;0;0;3136;0;0;125;0;52;0;
3407;2965871;1166655488;18567168;1297453056;0;0;0;0;0;0;0;0;0;0;0;3076;0;0;125;0;52;0;
3408;2391644;1166655488;18567168;1297453056;0;0;0;0;0;0;0;0;0;0;0;3166;0;0;125;0;52;0;
3409;3472782;1166655488;18567168;1297453056;0;0;0;0;0;0;0;0;0;0;0;3236;0;0;125;0;52;0;
3410;3872381;1161670656;13160448;1292046336;0;0;0;0;0;0;0;0;0;0;0;3135;0;0;125;0;52;0;
3411;3554054;1161670656;13160448;1292046336;0;0;0;0;0;0;0;0;0;0;0;3487;0;0;125;0;52;0;
3412;3908108;1161670656;13160448;1292046336;0;0;0;0;0;0;0;0;0;0;0;3186;0;0;125;0;52;0;
3413;6243798;1161670656;13160448;1292046336;0;0;0;0;0;0;0;0;0;0;0;3116;0;0;125;0;52;0;
3414;5773616;1161670656;13160448;1292046336;0;0;0;0;0;0;0;0;0;0;0;3006;0;0;125;0;52;0;
3415;4201969;1161670656;13160448;1292046336;0;0;0;0;0;0;0;0;0;0;0;3306;0;0;125;0;52;0;
3416;4081503;1161670656;13160448;1292046336;0;0;0;0;0;0;0;0;0;0;0;3146;0;0;125;0;52;0;
3417;5238532;1161670656;13160448;1292046336;0;0;0;0;0;0;0;0;0;0;0;3126;0;0;125;0;52;0;
3418;4076944;1161670656;13160448;1292046336;0;0;0;0;0;0;0;0;0;0;0;2765;0;0;125;0;52;0;
3419;2535354;1161670656;13160448;1292046336;0;0;0;0;0;0;0;0;0;0;0;2806;0;0;125;0;52;0;
3420;4120476;1161670656;13160448;1292046336;0;0;0;0;0;0;0;0;0;0;0;2705;0;0;125;0;52;0;
3421;3909500;1161670656;13160448;1292046336;0;0;0;0;0;0;0;0;0;0;0;3146;0;0;125;0;52;0;
3422;3741435;1161670656;13160448;1292046336;0;0;0;0;0;0;0;0;0;0;0;3196;0;0;125;0;52;0;
3423;3956198;1161670656;13160448;1292046336;0;0;0;0;0;0;0;0;0;0;0;3086;0;0;125;0;52;0;
3424;2917010;1161670656;13160448;1292046336;0;0;0;0;0;0;0;0;0;0;0;2595;0;0;125;0;52;0;
3425;3574362;1161670656;13160448;1292046336;0;0;0;0;0;0;0;0;0;0;0;2514;0;0;125;0;52;0;
3426;7331346;1161670656;13160448;1292046336;0;0;0;0;0;0;0;0;0;0;0;3336;0;0;125;0;52;0;
3427;5440351;1161670656;13168640;1292054528;0;0;0;0;0;0;0;0;0;0;0;3276;0;0;125;0;52;0;
3428;3433198;1161670656;13168640;1292054528;0;0;0;0;0;0;0;0;0;0;0;2615;0;0;125;0;52;0;
3429;4266720;1161670656;13168640;1292054528;0;0;0;0;0;0;0;0;0;0;0;3406;0;0;125;0;52;0;
3430;5153694;1161670656;13168640;1292054528;0;0;0;0;0;0;0;0;0;0;0;49964;0;0;125;0;52;0;
3431;4312026;1161670656;13168640;1292054528;0;0;0;0;0;0;0;0;0;0;0;3046;0;0;125;0;52;0;
3432;3959234;1161670656;13168640;1292054528;0;0;0;0;0;0;0;0;0;0;0;3246;0;0;125;0;52;0;
3433;3336997;1161670656;13168640;1292054528;0;0;0;0;0;0;0;0;0;0;0;2975;0;0;125;0;52;0;
3434;3176355;1161670656;13168640;1292054528;0;0;0;0;0;0;0;0;0;0;0;2525;0;0;125;0;52;0;
3435;2689573;1161670656;13168640;1292054528;0;0;0;0;0;0;0;0;0;0;0;2705;0;0;125;0;52;0;
3436;4278462;1161670656;13168640;1292054528;0;0;0;0;0;0;0;0;0;0;0;2625;0;0;125;0;52;0;
3437;1886668;1161670656;13168640;1292054528;0;0;0;0;0;0;0;0;0;0;0;2565;0;0;125;0;52;0;
3438;2776716;1161670656;13168640;1292054528;0;0;0;0;0;0;0;0;0;0;0;2494;0;0;125;0;52;0;
3439;5034700;1161670656;13168640;1292054528;0;0;0;0;0;0;0;0;0;0;0;2434;0;0;125;0;52;0;
3440;7411888;1161670656;13168640;1292054528;0;0;0;0;0;0;0;0;0;0;0;2825;0;0;125;0;52;0;
3441;2766377;1161670656;13168640;1292054528;0;0;0;0;0;0;0;0;0;0;0;2605;0;0;125;0;52;0;
3442;2563236;1161670656;13168640;1292054528;0;0;0;0;0;0;0;0;0;0;0;2415;0;0;125;0;52;0;
3443;4696978;1161670656;13168640;1292054528;0;0;0;0;0;0;0;0;0;0;0;2504;0;0;125;0;52;0;
3444;3601193;1161670656;13168640;1292054528;0;0;0;0;0;0;0;0;0;0;0;3086;0;0;125;0;52;0;
3445;2812083;1161670656;13168640;1292054528;0;0;0;0;0;0;0;0;0;0;0;2995;0;0;125;0;52;0;
3446;5154876;1161670656;13168640;1292054528;0;0;0;0;0;0;0;0;0;0;0;3266;0;0;125;0;52;0;
3447;5816467;1161670656;13168640;1292054528;0;0;0;0;0;0;0;0;0;0;0;3056;0;0;125;0;52;0;
3448;3989139;1161670656;13168640;1292054528;0;0;0;0;0;0;0;0;0;0;0;3045;0;0;125;0;52;0;
3449;3952321;1161670656;13160448;1292046336;0;0;0;0;0;0;0;0;0;0;0;2625;0;0;125;0;52;0;
3450;4223679;1161670656;13160448;1292046336;0;0;0;0;0;0;0;0;0;0;0;2515;0;0;125;0;52;0;
3451;3273097;1161670656;13160448;1292046336;0;0;0;0;0;0;0;0;0;0;0;2615;0;0;125;0;52;0;
3452;5494132;1161670656;13160448;1292046336;0;0;0;0;0;0;0;0;0;0;0;2926;0;0;125;0;52;0;
3453;4754815;1161670656;13160448;1292046336;0;0;0;0;0;0;0;0;0;0;0;2785;0;0;125;0;52;0;
3454;2685265;1161670656;13160448;1292046336;0;0;0;0;0;0;0;0;0;0;0;2194;0;0;125;0;52;0;
3455;3139126;1161670656;13160448;1292046336;0;0;0;0;0;0;0;0;0;0;0;2715;0;0;125;0;52;0;
3456;5001549;1161670656;13160448;1292046336;0;0;0;0;0;0;0;0;0;0;0;2575;0;0;125;0;52;0;
3457;3866550;1161670656;13160448;1292046336;0;0;0;0;0;0;0;0;0;0;0;3056;0;0;125;0;52;0;
3458;3911234;1161670656;13160448;1292046336;0;0;0;0;0;0;0;0;0;0;0;3347;0;0;125;0;52;0;
3459;3312491;1161670656;13160448;1292046336;0;0;0;0;0;0;0;0;0;0;0;2635;0;0;125;0;52;0;
3460;4101310;1161670656;13160448;1292046336;0;0;0;0;0;0;0;0;0;0;0;3096;0;0;125;0;52;0;
3461;4516288;1161670656;13160448;1292046336;0;0;0;0;0;0;0;0;0;0;0;2996;0;0;125;0;52;0;
3462;4298039;1161670656;13160448;1292046336;0;0;0;0;0;0;0;0;0;0;0;3056;0;0;125;0;52;0;
3463;2982002;1161670656;13160448;1292046336;0;0;0;0;0;0;0;0;0;0;0;2614;0;0;125;0;52;0;
3464;4366678;1161670656;13160448;1292046336;0;0;0;0;0;0;0;0;0;0;0;10259;0;0;125;0;52;0;
3465;5597185;1161670656;13160448;1292046336;0;0;0;0;0;0;0;0;0;0;0;2555;0;0;125;0;52;0;
3466;4799259;1161670656;13160448;1292046336;0;0;0;0;0;0;0;0;0;0;0;2936;0;0;125;0;52;0;
3467;2941305;1161670656;13160448;1292046336;0;0;0;0;0;0;0;0;0;0;0;2635;0;0;125;0;52;0;
3468;4731672;1161670656;13160448;1292046336;0;0;0;0;0;0;0;0;0;0;0;2685;0;0;125;0;52;0;
3469;3973781;1161670656;13160448;1292046336;0;0;0;0;0;0;0;0;0;0;0;2485;0;0;125;0;52;0;
3470;5204438;1161670656;13160448;1292046336;0;0;0;0;0;0;0;0;0;0;0;2525;0;0;125;0;52;0;
3471;3696371;1161670656;13160448;1292046336;0;0;0;0;0;0;0;0;0;0;0;2445;0;0;125;0;52;0;
3472;4157306;1161670656;13160448;1292046336;0;0;0;0;0;0;0;0;0;0;0;2515;0;0;125;0;52;0;
3473;4780554;1161670656;13160448;1292046336;0;0;0;0;0;0;0;0;0;0;0;2535;0;0;125;0;52;0;
3474;3781590;1161670656;13160448;1292046336;0;0;0;0;0;0;0;0;0;0;0;2505;0;0;125;0;52;0;
3475;4635241;1161670656;13160448;1292046336;0;0;0;0;0;0;0;0;0;0;0;2534;0;0;125;0;52;0;
3476;2855064;1161670656;13160448;1292046336;0;0;0;0;0;0;0;0;0;0;0;3196;0;0;125;0;52;0;
3477;3123898;1161670656;13160448;1292046336;0;0;0;0;0;0;0;0;0;0;0;3046;0;0;125;0;52;0;
3478;4441127;1161670656;13160448;1292046336;0;0;0;0;0;0;0;0;0;0;0;2835;0;0;125;0;52;0;
3479;6890250;1162207232;18567168;1297453056;0;0;0;0;0;0;0;0;0;0;0;3066;0;0;125;0;52;0;
3480;3097638;1162207232;18567168;1297453056;0;0;0;0;0;0;0;0;0;0;0;7484;0;0;125;0;52;0;
3481;2228439;1162207232;18567168;1297453056;0;0;0;0;0;0;0;0;0;0;0;3327;0;0;125;0;52;0;
3482;4266570;1162207232;18567168;1297453056;0;0;0;0;0;0;0;0;0;0;0;2305;0;0;125;0;52;0;
3483;2283502;1162207232;18567168;1297453056;0;0;0;0;0;0;0;0;0;0;0;1843;0;0;125;0;52;0;
3484;2375083;1162207232;18567168;1297453056;0;0;0;0;0;0;0;0;0;0;0;1603;0;0;125;0;52;0;
3485;2858771;1162207232;18567168;1297453056;0;0;0;0;0;0;0;0;0;0;0;2094;0;0;125;0;52;0;
3486;2144411;1162207232;18567168;1297453056;0;0;0;0;0;0;0;0;0;0;0;1843;0;0;125;0;52;0;
3487;2596789;1162207232;18567168;1297453056;0;0;0;0;0;0;0;0;0;0;0;1954;0;0;125;0;52;0;
3488;2865432;1162207232;18567168;1297453056;0;0;0;0;0;0;0;0;0;0;0;2124;0;0;125;0;52;0;
3489;1619086;1162207232;18567168;1297453056;0;0;0;0;0;0;0;0;0;0;0;1553;0;0;125;0;52;0;
3490;1176947;1162207232;18567168;1297453056;0;0;0;0;0;0;0;0;0;0;0;1452;0;0;125;0;52;0;
3491;4773010;1162207232;18567168;1297453056;0;0;0;0;0;0;0;0;0;0;0;1402;0;0;125;0;52;0;
3492;2967033;1162207232;18567168;1297453056;0;0;0;0;0;0;0;0;0;0;0;2154;0;0;125;0;52;0;
3493;1727259;1162207232;18567168;1297453056;0;0;0;0;0;0;0;0;0;0;0;1423;0;0;125;0;52;0;
3494;2721944;1162207232;18567168;1297453056;0;0;0;0;0;0;0;0;0;0;0;1373;0;0;125;0;52;0;
3495;1494653;1162207232;18567168;1297453056;0;0;0;0;0;0;0;0;0;0;0;1493;0;0;125;0;52;0;
3496;2245330;1162207232;18567168;1297453056;0;0;0;0;0;0;0;0;0;0;0;1583;0;0;125;0;52;0;
3497;1772414;1162207232;18567168;1297453056;0;0;0;0;0;0;0;0;0;0;0;1943;0;0;125;0;52;0;
3498;1505573;1162207232;18567168;1297453056;0;0;0;0;0;0;0;0;0;0;0;1333;0;0;125;0;52;0;
3499;2170480;1162207232;18567168;1297453056;0;0;0;0;0;0;0;0;0;0;0;1633;0;0;125;0;52;0;
3500;2054102;1162207232;18567168;1297453056;0;0;0;0;0;0;0;0;0;0;0;1472;0;0;125;0;52;0;
3501;2193804;1162207232;18567168;1297453056;0;0;0;0;0;0;0;0;0;0;0;1222;0;0;125;0;52;0;
3502;1567349;1162207232;18567168;1297453056;0;0;0;0;0;0;0;0;0;0;0;1713;0;0;125;0;52;0;
3503;4962835;1162207232;18567168;1297453056;0;0;0;0;0;0;0;0;0;0;0;1813;0;0;125;0;52;0;
3504;2049523;1162207232;18571264;1297457152;0;0;0;0;0;0;0;0;0;0;0;1774;0;0;125;0;52;0;
3505;2735449;1162207232;18571264;1297457152;0;0;0;0;0;0;0;0;0;0;0;1453;0;0;125;0;52;0;
3506;2861616;1162207232;18571264;1297457152;0;0;0;0;0;0;0;0;0;0;0;1473;0;0;125;0;52;0;
3507;1175194;1162207232;18571264;1297457152;0;0;0;0;0;0;0;0;0;0;0;1412;0;0;125;0;52;0;
3508;1998417;1162207232;18571264;1297457152;0;0;0;0;0;0;0;0;0;0;0;1453;0;0;125;0;52;0;
3509;2703098;1162207232;18571264;1297457152;0;0;0;0;0;0;0;0;0;0;0;1823;0;0;125;0;52;0;
3510;1730956;1162207232;18571264;1297457152;0;0;0;0;0;0;0;0;0;0;0;1303;0;0;125;0;52;0;
3511;2110608;1162207232;18571264;1297457152;0;0;0;0;0;0;0;0;0;0;0;1432;0;0;125;0;52;0;
3512;2242405;1161674752;13164544;1292050432;0;0;0;0;0;0;0;0;0;0;0;1513;0;0;125;0;52;0;
3513;1602485;1161674752;13164544;1292050432;0;0;0;0;0;0;0;0;0;0;0;1473;0;0;125;0;52;0;
3514;2031439;1161674752;13164544;1292050432;0;0;0;0;0;0;0;0;0;0;0;1203;0;0;125;0;52;0;
3515;4263815;1161674752;13164544;1292050432;0;0;0;0;0;0;0;0;0;0;0;1453;0;0;125;0;52;0;
3516;3005516;1161674752;13164544;1292050432;0;0;0;0;0;0;0;0;0;0;0;1673;0;0;125;0;52;0;
3517;2028954;1161674752;13164544;1292050432;0;0;0;0;0;0;0;0;0;0;0;1803;0;0;125;0;52;0;
3518;2849473;1161674752;13164544;1292050432;0;0;0;0;0;0;0;0;0;0;0;1543;0;0;125;0;52;0;
3519;1297893;1161674752;13164544;1292050432;0;0;0;0;0;0;0;0;0;0;0;1503;0;0;125;0;52;0;
3520;994795;1161674752;13164544;1292050432;0;0;0;0;0;0;0;0;0;0;0;1633;0;0;125;0;52;0;
3521;2342021;1161674752;13164544;1292050432;0;0;0;0;0;0;0;0;0;0;0;1403;0;0;125;0;52;0;
3522;1334292;1161674752;13164544;1292050432;0;0;0;0;0;0;0;0;0;0;0;1453;0;0;125;0;52;0;
3523;1462061;1161674752;13164544;1292050432;0;0;0;0;0;0;0;0;0;0;0;1322;0;0;125;0;52;0;
3524;1841032;1161674752;13164544;1292050432;0;0;0;0;0;0;0;0;0;0;0;1373;0;0;125;0;52;0;
3525;1099271;1161674752;13164544;1292050432;0;0;0;0;0;0;0;0;0;0;0;1463;0;0;125;0;52;0;
3526;1669741;1161674752;13164544;1292050432;0;0;0;0;0;0;0;0;0;0;0;1683;0;0;125;0;52;0;
3527;4582903;1161674752;13164544;1292050432;0;0;0;0;0;0;0;0;0;0;0;1423;0;0;125;0;52;0;
3528;3517125;1161674752;13164544;1292050432;0;0;0;0;0;0;0;0;0;0;0;3126;0;0;125;0;52;0;
3529;1344191;1161674752;13164544;1292050432;0;0;0;0;0;0;0;0;0;0;0;1533;0;0;125;0;52;0;
3530;2106510;1161674752;13164544;1292050432;0;0;0;0;0;0;0;0;0;0;0;1643;0;0;125;0;52;0;
3531;2019377;1161674752;13164544;1292050432;0;0;0;0;0;0;0;0;0;0;0;2004;0;0;125;0;52;0;
3532;1979241;1161674752;13164544;1292050432;0;0;0;0;0;0;0;0;0;0;0;2074;0;0;125;0;52;0;
3533;4747923;1161674752;13164544;1292050432;0;0;0;0;0;0;0;0;0;0;0;6883;0;0;125;0;52;0;
3534;2001152;1161674752;13164544;1292050432;0;0;0;0;0;0;0;0;0;0;0;2504;0;0;125;0;52;0;
3535;1770039;1161674752;13164544;1292050432;0;0;0;0;0;0;0;0;0;0;0;1573;0;0;125;0;52;0;
3536;3705839;1161674752;13164544;1292050432;0;0;0;0;0;0;0;0;0;0;0;1673;0;0;125;0;52;0;
3537;2230643;1161674752;13164544;1292050432;0;0;0;0;0;0;0;0;0;0;0;6071;0;0;125;0;52;0;
3538;2503744;1161674752;13164544;1292050432;0;0;0;0;0;0;0;0;0;0;0;1653;0;0;125;0;52;0;
3539;4299051;1161674752;13164544;1292050432;0;0;0;0;0;0;0;0;0;0;0;1643;0;0;125;0;52;0;
3540;5126723;1161674752;13164544;1292050432;0;0;0;0;0;0;0;0;0;0;0;3737;0;0;125;0;52;0;
3541;2124794;1161674752;13164544;1292050432;0;0;0;0;0;0;0;0;0;0;0;1913;0;0;125;0;52;0;
3542;2244087;1161674752;13164544;1292050432;0;0;0;0;0;0;0;0;0;0;0;2084;0;0;125;0;52;0;
3543;9289849;1161674752;13164544;1292050432;0;0;0;0;0;0;0;0;0;0;0;1924;0;0;125;0;52;0;
3544;2358191;1161674752;13164544;1292050432;0;0;0;0;0;0;0;0;0;0;0;4148;0;0;125;0;52;0;
3545;2336601;1161674752;13164544;1292050432;0;0;0;0;0;0;0;0;0;0;0;2134;0;0;125;0;52;0;
3546;3060278;1161674752;13164544;1292050432;0;0;0;0;0;0;0;0;0;0;0;2004;0;0;125;0;52;0;
3547;2270808;1161674752;13164544;1292050432;0;0;0;0;0;0;0;0;0;0;0;1573;0;0;125;0;52;0;
3548;2137588;1161674752;13164544;1292050432;0;0;0;0;0;0;0;0;0;0;0;1793;0;0;125;0;52;0;
3549;2600015;1161674752;13164544;1292050432;0;0;0;0;0;0;0;0;0;0;0;1553;0;0;125;0;52;0;
3550;1145258;1161674752;13164544;1292050432;0;0;0;0;0;0;0;0;0;0;0;1793;0;0;125;0;52;0;
3551;2351549;1161674752;13164544;1292050432;0;0;0;0;0;0;0;0;0;0;0;1683;0;0;125;0;52;0;
3552;4700093;1161674752;13164544;1292050432;0;0;0;0;0;0;0;0;0;0;0;1764;0;0;125;0;52;0;
3553;4880030;1161674752;13164544;1292050432;0;0;0;0;0;0;0;0;0;0;0;3908;0;0;125;0;52;0;
3554;1507728;1161674752;13164544;1292050432;0;0;0;0;0;0;0;0;0;0;0;2214;0;0;125;0;52;0;
3555;1461670;1161674752;13164544;1292050432;0;0;0;0;0;0;0;0;0;0;0;1693;0;0;125;0;52;0;
3556;3871399;1161674752;13164544;1292050432;0;0;0;0;0;0;0;0;0;0;0;1543;0;0;125;0;52;0;
3557;3911194;1161674752;13164544;1292050432;0;0;0;0;0;0;0;0;0;0;0;1833;0;0;125;0;52;0;
3558;2758983;1161674752;13164544;1292050432;0;0;0;0;0;0;0;0;0;0;0;1623;0;0;125;0;52;0;
3559;2589115;1161674752;13164544;1292050432;0;0;0;0;0;0;0;0;0;0;0;1864;0;0;125;0;52;0;
3560;1662918;1161674752;13164544;1292050432;0;0;0;0;0;0;0;0;0;0;0;1603;0;0;125;0;52;0;
3561;2083707;1161674752;13164544;1292050432;0;0;0;0;0;0;0;0;0;0;0;1643;0;0;125;0;52;0;
3562;2392937;1161670656;13160448;1292046336;0;0;0;0;0;0;0;0;0;0;0;1723;0;0;125;0;52;0;
3563;3978661;1161670656;13160448;1292046336;0;0;0;0;0;0;0;0;0;0;0;2334;0;0;125;0;52;0;
3564;3417528;1161670656;13160448;1292046336;0;0;0;0;0;0;0;0;0;0;0;2574;0;0;125;0;52;0;
3565;7258250;1161670656;13160448;1292046336;0;0;0;0;0;0;0;0;0;0;0;4147;0;0;125;0;52;0;
3566;5344551;1161670656;13160448;1292046336;0;0;0;0;0;0;0;0;0;0;0;4108;0;0;125;0;52;0;
3567;3011116;1161670656;13160448;1292046336;0;0;0;0;0;0;0;0;0;0;0;2404;0;0;125;0;52;0;
3568;2565992;1161670656;13160448;1292046336;0;0;0;0;0;0;0;0;0;0;0;81122;0;0;125;0;52;0;
3569;3359480;1161670656;13160448;1292046336;0;0;0;0;0;0;0;0;0;0;0;1713;0;0;125;0;52;0;
3570;3282174;1161670656;13160448;1292046336;0;0;0;0;0;0;0;0;0;0;0;1814;0;0;125;0;52;0;
3571;2166292;1161670656;13160448;1292046336;0;0;0;0;0;0;0;0;0;0;0;1503;0;0;125;0;52;0;
3572;2378369;1161670656;13160448;1292046336;0;0;0;0;0;0;0;0;0;0;0;1804;0;0;125;0;52;0;
3573;1922625;1161670656;13160448;1292046336;0;0;0;0;0;0;0;0;0;0;0;1513;0;0;125;0;52;0;
3574;1638002;1161670656;13160448;1292046336;0;0;0;0;0;0;0;0;0;0;0;1593;0;0;125;0;52;0;
3575;2248586;1161670656;13160448;1292046336;0;0;0;0;0;0;0;0;0;0;0;1533;0;0;125;0;52;0;
3576;1736075;1161670656;13160448;1292046336;0;0;0;0;0;0;0;0;0;0;0;1703;0;0;125;0;52;0;
3577;1084634;1161670656;13160448;1292046336;0;0;0;0;0;0;0;0;0;0;0;1473;0;0;125;0;52;0;
3578;4402245;1161670656;13160448;1292046336;0;0;0;0;0;0;0;0;0;0;0;1694;0;0;125;0;52;0;
3579;3240947;1161670656;13160448;1292046336;0;0;0;0;0;0;0;0;0;0;0;1923;0;0;125;0;52;0;
3580;2372459;1161670656;13160448;1292046336;0;0;0;0;0;0;0;0;0;0;0;1553;0;0;125;0;52;0;
3581;1856041;1161670656;13160448;1292046336;0;0;0;0;0;0;0;0;0;0;0;1713;0;0;125;0;52;0;
3582;1969954;1161670656;13160448;1292046336;0;0;0;0;0;0;0;0;0;0;0;1593;0;0;125;0;52;0;
3583;1968481;1161670656;13160448;1292046336;0;0;0;0;0;0;0;0;0;0;0;1543;0;0;125;0;52;0;
3584;4648386;1161670656;13160448;1292046336;0;0;0;0;0;0;0;0;0;0;0;6713;0;0;125;0;52;0;
3585;2183705;1161670656;13160448;1292046336;0;0;0;0;0;0;0;0;0;0;0;2044;0;0;125;0;52;0;
3586;1811797;1161670656;13160448;1292046336;0;0;0;0;0;0;0;0;0;0;0;1683;0;0;125;0;52;0;
3587;2035287;1161670656;13160448;1292046336;0;0;0;0;0;0;0;0;0;0;0;1623;0;0;125;0;52;0;
3588;1522194;1161670656;13160448;1292046336;0;0;0;0;0;0;0;0;0;0;0;1703;0;0;125;0;52;0;
3589;1330815;1161670656;13160448;1292046336;0;0;0;0;0;0;0;0;0;0;0;1903;0;0;125;0;52;0;
3590;4894297;1161670656;13160448;1292046336;0;0;0;0;0;0;0;0;0;0;0;1903;0;0;125;0;52;0;
3591;3753398;1161670656;13164544;1292050432;0;0;0;0;0;0;0;0;0;0;0;2214;0;0;125;0;52;0;
3592;1598818;1161670656;13164544;1292050432;0;0;0;0;0;0;0;0;0;0;0;1814;0;0;125;0;52;0;
3593;1630086;1161670656;13164544;1292050432;0;0;0;0;0;0;0;0;0;0;0;1683;0;0;125;0;52;0;
3594;2178455;1161670656;13164544;1292050432;0;0;0;0;0;0;0;0;0;0;0;1703;0;0;125;0;52;0;
3595;1731266;1161670656;13164544;1292050432;0;0;0;0;0;0;0;0;0;0;0;2274;0;0;125;0;52;0;
3596;2015799;1161670656;13164544;1292050432;0;0;0;0;0;0;0;0;0;0;0;1814;0;0;125;0;52;0;
3597;2643336;1161670656;13164544;1292050432;0;0;0;0;0;0;0;0;0;0;0;1954;0;0;125;0;52;0;
3598;2564578;1161670656;13164544;1292050432;0;0;0;0;0;0;0;0;0;0;0;1843;0;0;125;0;52;0;
3599;1279068;1161670656;13164544;1292050432;0;0;0;0;0;0;0;0;0;0;0;1864;0;0;125;0;52;0;
3600;2233979;1161670656;13164544;1292050432;0;0;0;0;0;0;0;0;0;0;0;1743;0;0;125;0;52;0;
3601;1464686;1161670656;13164544;1292050432;0;0;0;0;0;0;0;0;0;0;0;1963;0;0;125;0;52;0;
3602;2068809;1161670656;13164544;1292050432;0;0;0;0;0;0;0;0;0;0;0;1713;0;0;125;0;52;0;
3603;4380503;1161670656;13164544;1292050432;0;0;0;0;0;0;0;0;0;0;0;1694;0;0;125;0;52;0;
3604;2977553;1161670656;13164544;1292050432;0;0;0;0;0;0;0;0;0;0;0;2204;0;0;125;0;52;0;
3605;1900203;1161670656;13164544;1292050432;0;0;0;0;0;0;0;0;0;0;0;1834;0;0;125;0;52;0;
3606;2416962;1161670656;13164544;1292050432;0;0;0;0;0;0;0;0;0;0;0;2034;0;0;125;0;52;0;
3607;1223244;1161670656;13164544;1292050432;0;0;0;0;0;0;0;0;0;0;0;1693;0;0;125;0;52;0;
3608;1373094;1161670656;13164544;1292050432;0;0;0;0;0;0;0;0;0;0;0;1733;0;0;125;0;52;0;
3609;1606683;1161670656;13164544;1292050432;0;0;0;0;0;0;0;0;0;0;0;1963;0;0;125;0;52;0;
3610;2139181;1161670656;13164544;1292050432;0;0;0;0;0;0;0;0;0;0;0;1563;0;0;125;0;52;0;
3611;1023319;1161670656;13164544;1292050432;0;0;0;0;0;0;0;0;0;0;0;1633;0;0;125;0;52;0;
3612;1486628;1161670656;13160448;1292046336;0;0;0;0;0;0;0;0;0;0;0;1793;0;0;125;0;52;0;
3613;1311359;1161670656;13160448;1292046336;0;0;0;0;0;0;0;0;0;0;0;1894;0;0;125;0;52;0;
3614;1708714;1161670656;13160448;1292046336;0;0;0;0;0;0;0;0;0;0;0;1693;0;0;125;0;52;0;
3615;4515717;1161670656;13160448;1292046336;0;0;0;0;0;0;0;0;0;0;0;1623;0;0;125;0;52;0;
3616;1913448;1161670656;13164544;1292050432;0;0;0;0;0;0;0;0;0;0;0;2215;0;0;125;0;52;0;
3617;1126653;1161670656;13164544;1292050432;0;0;0;0;0;0;0;0;0;0;0;1733;0;0;125;0;52;0;
3618;1557029;1161670656;13164544;1292050432;0;0;0;0;0;0;0;0;0;0;0;1663;0;0;125;0;52;0;
3619;1165996;1161670656;13164544;1292050432;0;0;0;0;0;0;0;0;0;0;0;1773;0;0;125;0;52;0;
3620;1135689;1161670656;13164544;1292050432;0;0;0;0;0;0;0;0;0;0;0;1823;0;0;125;0;52;0;
3621;1423098;1161670656;13164544;1292050432;0;0;0;0;0;0;0;0;0;0;0;1703;0;0;125;0;52;0;
3622;1088561;1161670656;13164544;1292050432;0;0;0;0;0;0;0;0;0;0;0;1673;0;0;125;0;52;0;
3623;843733;1161670656;13164544;1292050432;0;0;0;0;0;0;0;0;0;0;0;1724;0;0;125;0;52;0;
3624;1775159;1161670656;13164544;1292050432;0;0;0;0;0;0;0;0;0;0;0;1733;0;0;125;0;52;0;
3625;1410255;1161670656;13164544;1292050432;0;0;0;0;0;0;0;0;0;0;0;1833;0;0;125;0;52;0;
3626;1432406;1161670656;13164544;1292050432;0;0;0;0;0;0;0;0;0;0;0;1673;0;0;125;0;52;0;
3627;4346179;1161670656;13164544;1292050432;0;0;0;0;0;0;0;0;0;0;0;1713;0;0;125;0;52;0;
3628;2106890;1161670656;13164544;1292050432;0;0;0;0;0;0;0;0;0;0;0;1984;0;0;125;0;52;0;
3629;1513247;1161670656;13164544;1292050432;0;0;0;0;0;0;0;0;0;0;0;1753;0;0;125;0;52;0;
3630;1568381;1161670656;13164544;1292050432;0;0;0;0;0;0;0;0;0;0;0;1664;0;0;125;0;52;0;
3631;1326978;1161670656;13164544;1292050432;0;0;0;0;0;0;0;0;0;0;0;1733;0;0;125;0;52;0;
3632;1079063;1161670656;13164544;1292050432;0;0;0;0;0;0;0;0;0;0;0;1623;0;0;125;0;52;0;
3633;1742588;1161670656;13164544;1292050432;0;0;0;0;0;0;0;0;0;0;0;1714;0;0;125;0;52;0;
3634;1342237;1161670656;13164544;1292050432;0;0;0;0;0;0;0;0;0;0;0;1744;0;0;125;0;52;0;
3635;1184581;1161670656;13164544;1292050432;0;0;0;0;0;0;0;0;0;0;0;1824;0;0;125;0;52;0;
3636;1883712;1161670656;13164544;1292050432;0;0;0;0;0;0;0;0;0;0;0;1724;0;0;125;0;52;0;
3637;1649914;1161670656;13164544;1292050432;0;0;0;0;0;0;0;0;0;0;0;3246;0;0;125;0;52;0;
3638;1312481;1161670656;13164544;1292050432;0;0;0;0;0;0;0;0;0;0;0;1663;0;0;125;0;52;0;
3639;4274405;1161670656;13164544;1292050432;0;0;0;0;0;0;0;0;0;0;0;1623;0;0;125;0;52;0;
3640;2317556;1161670656;13164544;1292050432;0;0;0;0;0;0;0;0;0;0;0;1523;0;0;125;0;52;0;
3641;1794013;1161670656;13164544;1292050432;0;0;0;0;0;0;0;0;0;0;0;1983;0;0;125;0;52;0;
3642;1592276;1161670656;13164544;1292050432;0;0;0;0;0;0;0;0;0;0;0;1663;0;0;125;0;52;0;
3643;2092404;1161670656;13164544;1292050432;0;0;0;0;0;0;0;0;0;0;0;1553;0;0;125;0;52;0;
3644;935584;1161670656;13164544;1292050432;0;0;0;0;0;0;0;0;0;0;0;1773;0;0;125;0;52;0;
3645;998612;1161670656;13164544;1292050432;0;0;0;0;0;0;0;0;0;0;0;1833;0;0;125;0;52;0;
3646;1526352;1161670656;13164544;1292050432;0;0;0;0;0;0;0;0;0;0;0;1903;0;0;125;0;52;0;
3647;945864;1161670656;13164544;1292050432;0;0;0;0;0;0;0;0;0;0;0;1833;0;0;125;0;52;0;
3648;976611;1161670656;13164544;1292050432;0;0;0;0;0;0;0;0;0;0;0;1623;0;0;125;0;52;0;
3649;1497919;1161670656;13164544;1292050432;0;0;0;0;0;0;0;0;0;0;0;1824;0;0;125;0;52;0;
3650;1147292;1161670656;13164544;1292050432;0;0;0;0;0;0;0;0;0;0;0;1633;0;0;125;0;52;0;
3651;1075126;1161670656;13164544;1292050432;0;0;0;0;0;0;0;0;0;0;0;1753;0;0;125;0;52;0;
3652;4074730;1161670656;13164544;1292050432;0;0;0;0;0;0;0;0;0;0;0;1783;0;0;125;0;52;0;
3653;2287008;1161670656;13164544;1292050432;0;0;0;0;0;0;0;0;0;0;0;1583;0;0;125;0;52;0;
3654;1531451;1161670656;13164544;1292050432;0;0;0;0;0;0;0;0;0;0;0;1693;0;0;125;0;52;0;
3655;1462722;1161670656;13164544;1292050432;0;0;0;0;0;0;0;0;0;0;0;1823;0;0;125;0;52;0;
3656;1299607;1161670656;13164544;1292050432;0;0;0;0;0;0;0;0;0;0;0;1703;0;0;125;0;52;0;
3657;1574082;1161670656;13164544;1292050432;0;0;0;0;0;0;0;0;0;0;0;1593;0;0;125;0;52;0;
3658;1776691;1161670656;13164544;1292050432;0;0;0;0;0;0;0;0;0;0;0;1823;0;0;125;0;52;0;
3659;1311169;1161670656;13164544;1292050432;0;0;0;0;0;0;0;0;0;0;0;1673;0;0;125;0;52;0;
3660;1036644;1161670656;13164544;1292050432;0;0;0;0;0;0;0;0;0;0;0;1703;0;0;125;0;52;0;
3661;2039274;1161670656;13160448;1292046336;0;0;0;0;0;0;0;0;0;0;0;1453;0;0;125;0;52;0;
3662;1134417;1161670656;13160448;1292046336;0;0;0;0;0;0;0;0;0;0;0;2013;0;0;125;0;52;0;
3663;972554;1161670656;13160448;1292046336;0;0;0;0;0;0;0;0;0;0;0;1653;0;0;125;0;52;0;
3664;4050615;1161670656;13160448;1292046336;0;0;0;0;0;0;0;0;0;0;0;1603;0;0;125;0;52;0;
3665;2362590;1161670656;13164544;1292050432;0;0;0;0;0;0;0;0;0;0;0;1823;0;0;125;0;52;0;
3666;2850635;1161670656;13164544;1292050432;0;0;0;0;0;0;0;0;0;0;0;2625;0;0;125;0;52;0;
3667;2122960;1161670656;13164544;1292050432;0;0;0;0;0;0;0;0;0;0;0;1453;0;0;125;0;52;0;
3668;1852975;1161670656;13164544;1292050432;0;0;0;0;0;0;0;0;0;0;0;1553;0;0;125;0;52;0;
3669;1183279;1161670656;13164544;1292050432;0;0;0;0;0;0;0;0;0;0;0;1453;0;0;125;0;52;0;
3670;2035927;1161670656;13164544;1292050432;0;0;0;0;0;0;0;0;0;0;0;1873;0;0;125;0;52;0;
3671;1549886;1161670656;13164544;1292050432;0;0;0;0;0;0;0;0;0;0;0;1773;0;0;125;0;52;0;
3672;1405015;1161670656;13164544;1292050432;0;0;0;0;0;0;0;0;0;0;0;1783;0;0;125;0;52;0;
3673;1497829;1161670656;13164544;1292050432;0;0;0;0;0;0;0;0;0;0;0;1764;0;0;125;0;52;0;
3674;1009804;1161670656;13164544;1292050432;0;0;0;0;0;0;0;0;0;0;0;1613;0;0;125;0;52;0;
3675;867036;1161670656;13164544;1292050432;0;0;0;0;0;0;0;0;0;0;0;1212;0;0;125;0;52;0;
3676;3990863;1161670656;13164544;1292050432;0;0;0;0;0;0;0;0;0;0;0;1723;0;0;125;0;52;0;
3677;3559013;1161670656;13164544;1292050432;0;0;0;0;0;0;0;0;0;0;0;2495;0;0;125;0;52;0;
3678;1576727;1161670656;13164544;1292050432;0;0;0;0;0;0;0;0;0;0;0;1462;0;0;125;0;52;0;
3679;2198041;1161670656;13164544;1292050432;0;0;0;0;0;0;0;0;0;0;0;1443;0;0;125;0;52;0;
3680;2019397;1161670656;13164544;1292050432;0;0;0;0;0;0;0;0;0;0;0;1774;0;0;125;0;52;0;
3681;1154034;1161670656;13164544;1292050432;0;0;0;0;0;0;0;0;0;0;0;1603;0;0;125;0;52;0;
3682;2666940;1161670656;13164544;1292050432;0;0;0;0;0;0;0;0;0;0;0;1542;0;0;125;0;52;0;
3683;1094232;1161670656;13164544;1292050432;0;0;0;0;0;0;0;0;0;0;0;1553;0;0;125;0;52;0;
3684;851206;1161670656;13164544;1292050432;0;0;0;0;0;0;0;0;0;0;0;1634;0;0;125;0;52;0;
3685;1414131;1161670656;13164544;1292050432;0;0;0;0;0;0;0;0;0;0;0;1713;0;0;125;0;52;0;
3686;965971;1161670656;13164544;1292050432;0;0;0;0;0;0;0;0;0;0;0;1423;0;0;125;0;52;0;
3687;889668;1161670656;13164544;1292050432;0;0;0;0;0;0;0;0;0;0;0;1453;0;0;125;0;52;0;
3688;4374602;1161670656;13164544;1292050432;0;0;0;0;0;0;0;0;0;0;0;1383;0;0;125;0;52;0;
3689;2868549;1161670656;13164544;1292050432;0;0;0;0;0;0;0;0;0;0;0;2204;0;0;125;0;52;0;
3690;1820454;1161670656;13164544;1292050432;0;0;0;0;0;0;0;0;0;0;0;1483;0;0;125;0;52;0;
3691;1007288;1161670656;13164544;1292050432;0;0;0;0;0;0;0;0;0;0;0;1523;0;0;125;0;52;0;
3692;2794530;1161670656;13164544;1292050432;0;0;0;0;0;0;0;0;0;0;0;1493;0;0;125;0;52;0;
3693;1507386;1161670656;13164544;1292050432;0;0;0;0;0;0;0;0;0;0;0;2404;0;0;125;0;52;0;
3694;1297883;1161670656;13164544;1292050432;0;0;0;0;0;0;0;0;0;0;0;1472;0;0;125;0;52;0;
3695;1621350;1161670656;13164544;1292050432;0;0;0;0;0;0;0;0;0;0;0;1483;0;0;125;0;52;0;
3696;1051151;1161670656;13164544;1292050432;0;0;0;0;0;0;0;0;0;0;0;1392;0;0;125;0;52;0;
3697;1110993;1161670656;13164544;1292050432;0;0;0;0;0;0;0;0;0;0;0;1493;0;0;125;0;52;0;
3698;2119173;1161670656;13164544;1292050432;0;0;0;0;0;0;0;0;0;0;0;1182;0;0;125;0;52;0;
3699;2393097;1161670656;13164544;1292050432;0;0;0;0;0;0;0;0;0;0;0;2946;0;0;125;0;52;0;
3700;1321769;1161670656;13164544;1292050432;0;0;0;0;0;0;0;0;0;0;0;1472;0;0;125;0;52;0;
3701;4434866;1161670656;13164544;1292050432;0;0;0;0;0;0;0;0;0;0;0;1482;0;0;125;0;52;0;
3702;3495224;1161670656;13164544;1292050432;0;0;0;0;0;0;0;0;0;0;0;2114;0;0;125;0;52;0;
3703;1037796;1161670656;13164544;1292050432;0;0;0;0;0;0;0;0;0;0;0;1493;0;0;125;0;52;0;
3704;1557480;1161670656;13164544;1292050432;0;0;0;0;0;0;0;0;0;0;0;1623;0;0;125;0;52;0;
3705;1636208;1161670656;13164544;1292050432;0;0;0;0;0;0;0;0;0;0;0;1974;0;0;125;0;52;0;
3706;1785829;1161670656;13164544;1292050432;0;0;0;0;0;0;0;0;0;0;0;1553;0;0;125;0;52;0;
3707;3321178;1161670656;13164544;1292050432;0;0;0;0;0;0;0;0;0;0;0;1553;0;0;125;0;52;0;
3708;1586405;1161670656;13164544;1292050432;0;0;0;0;0;0;0;0;0;0;0;2314;0;0;125;0;52;0;
3709;1249533;1161670656;13164544;1292050432;0;0;0;0;0;0;0;0;0;0;0;1423;0;0;125;0;52;0;
3710;1981715;1161670656;13160448;1292046336;0;0;0;0;0;0;0;0;0;0;0;1302;0;0;125;0;52;0;
3711;1206843;1161670656;13160448;1292046336;0;0;0;0;0;0;0;0;0;0;0;1603;0;0;125;0;52;0;
3712;887975;1161670656;13160448;1292046336;0;0;0;0;0;0;0;0;0;0;0;1653;0;0;125;0;52;0;
3713;4989495;1161670656;13160448;1292046336;0;0;0;0;0;0;0;0;0;0;0;1773;0;0;125;0;52;0;
3714;2667512;1161670656;13164544;1292050432;0;0;0;0;0;0;0;0;0;0;0;1763;0;0;125;0;52;0;
3715;1716879;1161670656;13164544;1292050432;0;0;0;0;0;0;0;0;0;0;0;1442;0;0;125;0;52;0;
3716;1804434;1161670656;13164544;1292050432;0;0;0;0;0;0;0;0;0;0;0;1532;0;0;125;0;52;0;
3717;1176937;1161670656;13164544;1292050432;0;0;0;0;0;0;0;0;0;0;0;1392;0;0;125;0;52;0;
3718;806782;1161670656;13164544;1292050432;0;0;0;0;0;0;0;0;0;0;0;1372;0;0;125;0;52;0;
3719;2022232;1161670656;13164544;1292050432;0;0;0;0;0;0;0;0;0;0;0;1573;0;0;125;0;52;0;
3720;1471639;1161670656;13164544;1292050432;0;0;0;0;0;0;0;0;0;0;0;1482;0;0;125;0;52;0;
3721;1280131;1161670656;13164544;1292050432;0;0;0;0;0;0;0;0;0;0;0;1363;0;0;125;0;52;0;
3722;1945287;1161670656;13164544;1292050432;0;0;0;0;0;0;0;0;0;0;0;1613;0;0;125;0;52;0;
3723;2577613;1161670656;13164544;1292050432;0;0;0;0;0;0;0;0;0;0;0;3537;0;0;125;0;52;0;
3724;1482880;1161670656;13164544;1292050432;0;0;0;0;0;0;0;0;0;0;0;1372;0;0;125;0;52;0;
3725;4445345;1161670656;13164544;1292050432;0;0;0;0;0;0;0;0;0;0;0;1593;0;0;125;0;52;0;
3726;1688987;1161670656;13164544;1292050432;0;0;0;0;0;0;0;0;0;0;0;1533;0;0;125;0;52;0;
3727;1230527;1161670656;13164544;1292050432;0;0;0;0;0;0;0;0;0;0;0;1433;0;0;125;0;52;0;
3728;2185598;1161670656;13164544;1292050432;0;0;0;0;0;0;0;0;0;0;0;1583;0;0;125;0;52;0;
3729;2158337;1161670656;13164544;1292050432;0;0;0;0;0;0;0;0;0;0;0;2184;0;0;125;0;52;0;
3730;1896686;1161670656;13164544;1292050432;0;0;0;0;0;0;0;0;0;0;0;1372;0;0;125;0;52;0;
3731;2837791;1161670656;13164544;1292050432;0;0;0;0;0;0;0;0;0;0;0;1723;0;0;125;0;52;0;
3732;1772063;1161670656;13164544;1292050432;0;0;0;0;0;0;0;0;0;0;0;1453;0;0;125;0;52;0;
3733;1547582;1161670656;13164544;1292050432;0;0;0;0;0;0;0;0;0;0;0;1814;0;0;125;0;52;0;
3734;2372939;1161670656;13164544;1292050432;0;0;0;0;0;0;0;0;0;0;0;1583;0;0;125;0;52;0;
3735;1466490;1161670656;13164544;1292050432;0;0;0;0;0;0;0;0;0;0;0;1933;0;0;125;0;52;0;
3736;1306530;1161670656;13164544;1292050432;0;0;0;0;0;0;0;0;0;0;0;1503;0;0;125;0;52;0;
3737;4869461;1161670656;13164544;1292050432;0;0;0;0;0;0;0;0;0;0;0;1613;0;0;125;0;52;0;
3738;2806192;1161670656;13164544;1292050432;0;0;0;0;0;0;0;0;0;0;0;1573;0;0;125;0;52;0;
3739;1323842;1161670656;13164544;1292050432;0;0;0;0;0;0;0;0;0;0;0;1483;0;0;125;0;52;0;
3740;1605841;1161670656;13164544;1292050432;0;0;0;0;0;0;0;0;0;0;0;1463;0;0;125;0;52;0;
3741;1239033;1161670656;13164544;1292050432;0;0;0;0;0;0;0;0;0;0;0;1713;0;0;125;0;52;0;
3742;960552;1161670656;13164544;1292050432;0;0;0;0;0;0;0;0;0;0;0;1693;0;0;125;0;52;0;
3743;1832065;1161670656;13164544;1292050432;0;0;0;0;0;0;0;0;0;0;0;1542;0;0;125;0;52;0;
3744;1126111;1161670656;13164544;1292050432;0;0;0;0;0;0;0;0;0;0;0;1383;0;0;125;0;52;0;
3745;999955;1161670656;13164544;1292050432;0;0;0;0;0;0;0;0;0;0;0;1593;0;0;125;0;52;0;
3746;2413836;1161670656;13164544;1292050432;0;0;0;0;0;0;0;0;0;0;0;1352;0;0;125;0;52;0;
3747;1131682;1161670656;13164544;1292050432;0;0;0;0;0;0;0;0;0;0;0;1372;0;0;125;0;52;0;
3748;1065719;1161670656;13164544;1292050432;0;0;0;0;0;0;0;0;0;0;0;1493;0;0;125;0;52;0;
3749;4522981;1161670656;13164544;1292050432;0;0;0;0;0;0;0;0;0;0;0;1362;0;0;125;0;52;0;
3750;1891376;1161670656;13164544;1292050432;0;0;0;0;0;0;0;0;0;0;0;1923;0;0;125;0;52;0;
3751;1176536;1161670656;13164544;1292050432;0;0;0;0;0;0;0;0;0;0;0;1593;0;0;125;0;52;0;
3752;1709375;1161670656;13164544;1292050432;0;0;0;0;0;0;0;0;0;0;0;1553;0;0;125;0;52;0;
3753;1198949;1161670656;13164544;1292050432;0;0;0;0;0;0;0;0;0;0;0;1383;0;0;125;0;52;0;
3754;962355;1161670656;13164544;1292050432;0;0;0;0;0;0;0;0;0;0;0;1493;0;0;125;0;52;0;
3755;1759749;1161670656;13164544;1292050432;0;0;0;0;0;0;0;0;0;0;0;1393;0;0;125;0;52;0;
3756;963818;1161670656;13164544;1292050432;0;0;0;0;0;0;0;0;0;0;0;1482;0;0;125;0;52;0;
3757;1070246;1161670656;13164544;1292050432;0;0;0;0;0;0;0;0;0;0;0;1613;0;0;125;0;52;0;
3758;1551289;1161670656;13164544;1292050432;0;0;0;0;0;0;0;0;0;0;0;1442;0;0;125;0;52;0;
3759;1626821;1161670656;13164544;1292050432;0;0;0;0;0;0;0;0;0;0;0;1663;0;0;125;0;52;0;
3760;983204;1161670656;13164544;1292050432;0;0;0;0;0;0;0;0;0;0;0;1483;0;0;125;0;52;0;
3761;5458074;1161670656;13164544;1292050432;0;0;0;0;0;0;0;0;0;0;0;1353;0;0;125;0;52;0;
3762;2487123;1161670656;13164544;1292050432;0;0;0;0;0;0;0;0;0;0;0;1523;0;0;125;0;52;0;
3763;2057788;1161670656;13164544;1292050432;0;0;0;0;0;0;0;0;0;0;0;1753;0;0;125;0;52;0;
3764;1419933;1161670656;13164544;1292050432;0;0;0;0;0;0;0;0;0;0;0;1733;0;0;125;0;52;0;
3765;2107742;1161670656;13164544;1292050432;0;0;0;0;0;0;0;0;0;0;0;1873;0;0;125;0;52;0;
3766;1271404;1161670656;13164544;1292050432;0;0;0;0;0;0;0;0;0;0;0;1954;0;0;125;0;52;0;
3767;1359129;1161670656;13164544;1292050432;0;0;0;0;0;0;0;0;0;0;0;2024;0;0;125;0;52;0;
3768;1656045;1161670656;13164544;1292050432;0;0;0;0;0;0;0;0;0;0;0;1433;0;0;125;0;52;0;
3769;1095845;1161670656;13164544;1292050432;0;0;0;0;0;0;0;0;0;0;0;1653;0;0;125;0;52;0;
3770;1549435;1161670656;13164544;1292050432;0;0;0;0;0;0;0;0;0;0;0;1342;0;0;125;0;52;0;
3771;1397901;1161670656;13164544;1292050432;0;0;0;0;0;0;0;0;0;0;0;1513;0;0;125;0;52;0;
3772;1903520;1161670656;13164544;1292050432;0;0;0;0;0;0;0;0;0;0;0;1814;0;0;125;0;52;0;
3773;1294417;1161670656;13164544;1292050432;0;0;0;0;0;0;0;0;0;0;0;1593;0;0;125;0;52;0;
3774;4298801;1161670656;13164544;1292050432;0;0;0;0;0;0;0;0;0;0;0;1323;0;0;125;0;52;0;
3775;1651597;1162207232;18571264;1297457152;0;0;0;0;0;0;0;0;0;0;0;1723;0;0;125;0;52;0;
3776;1685430;1164304384;18571264;1297457152;0;0;0;0;0;0;0;0;0;0;0;1583;0;0;125;0;52;0;
3777;1732960;1164304384;18571264;1297457152;0;0;0;0;0;0;0;0;0;0;0;1383;0;0;125;0;52;0;
3778;1181836;1164304384;18571264;1297457152;0;0;0;0;0;0;0;0;0;0;0;1503;0;0;125;0;52;0;
3779;867076;1164304384;18571264;1297457152;0;0;0;0;0;0;0;0;0;0;0;1543;0;0;125;0;52;0;
3780;1769388;1166401536;18571264;1297457152;0;0;0;0;0;0;0;0;0;0;0;1843;0;0;125;0;52;0;
3781;1254011;1166401536;18571264;1297457152;0;0;0;0;0;0;0;0;0;0;0;1693;0;0;125;0;52;0;
3782;1131923;1166401536;18571264;1297457152;0;0;0;0;0;0;0;0;0;0;0;1363;0;0;125;0;52;0;
3783;2275918;1166589952;18554880;1297440768;0;0;0;0;0;0;0;0;0;0;0;1733;0;0;125;0;52;0;
3784;1238422;1166589952;18554880;1297440768;0;0;0;0;0;0;0;0;0;0;0;1522;0;0;125;0;52;0;
3785;1469435;1166589952;18554880;1297440768;0;0;0;0;0;0;0;0;0;0;0;1944;0;0;125;0;52;0;
3786;4253265;1166589952;18554880;1297440768;0;0;0;0;0;0;0;0;0;0;0;1643;0;0;125;0;52;0;
3787;1927153;1166589952;18567168;1297453056;0;0;0;0;0;0;0;0;0;0;0;1703;0;0;125;0;52;0;
3788;1209467;1166589952;18567168;1297453056;0;0;0;0;0;0;0;0;0;0;0;1874;0;0;125;0;52;0;
3789;1483913;1166589952;18567168;1297453056;0;0;0;0;0;0;0;0;0;0;0;1523;0;0;125;0;52;0;
3790;1249112;1166589952;18567168;1297453056;0;0;0;0;0;0;0;0;0;0;0;1593;0;0;125;0;52;0;
3791;1562660;1166589952;18567168;1297453056;0;0;0;0;0;0;0;0;0;0;0;1773;0;0;125;0;52;0;
3792;1865067;1166589952;18567168;1297453056;0;0;0;0;0;0;0;0;0;0;0;1934;0;0;125;0;52;0;
3793;1098810;1166589952;18567168;1297453056;0;0;0;0;0;0;0;0;0;0;0;1663;0;0;125;0;52;0;
3794;1975635;1166589952;18567168;1297453056;0;0;0;0;0;0;0;0;0;0;0;2805;0;0;125;0;52;0;
3795;1994089;1166589952;18567168;1297453056;0;0;0;0;0;0;0;0;0;0;0;1392;0;0;125;0;52;0;
3796;1462332;1166589952;18567168;1297453056;0;0;0;0;0;0;0;0;0;0;0;1413;0;0;125;0;52;0;
3797;1150508;1166589952;18567168;1297453056;0;0;0;0;0;0;0;0;0;0;0;1613;0;0;125;0;52;0;
3798;4113163;1166589952;18567168;1297453056;0;0;0;0;0;0;0;0;0;0;0;1503;0;0;125;0;52;0;
3799;3244464;1166589952;18571264;1297457152;0;0;0;0;0;0;0;0;0;0;0;2905;0;0;125;0;52;0;
3800;1335354;1166589952;18571264;1297457152;0;0;0;0;0;0;0;0;0;0;0;1834;0;0;125;0;52;0;
3801;2639870;1166589952;18571264;1297457152;0;0;0;0;0;0;0;0;0;0;0;1703;0;0;125;0;52;0;
3802;1324884;1166589952;18571264;1297457152;0;0;0;0;0;0;0;0;0;0;0;1653;0;0;125;0;52;0;
3803;1341645;1166589952;18571264;1297457152;0;0;0;0;0;0;0;0;0;0;0;1683;0;0;125;0;52;0;
3804;1820343;1166589952;18571264;1297457152;0;0;0;0;0;0;0;0;0;0;0;1443;0;0;125;0;52;0;
3805;1410104;1166589952;18571264;1297457152;0;0;0;0;0;0;0;0;0;0;0;1703;0;0;125;0;52;0;
3806;1494873;1166589952;18571264;1297457152;0;0;0;0;0;0;0;0;0;0;0;1423;0;0;125;0;52;0;
3807;3451011;1160355840;12075008;1290960896;0;0;0;0;0;0;0;0;0;0;0;1383;0;0;125;0;52;0;
3808;2629691;1160355840;12075008;1290960896;0;0;0;0;0;0;0;0;0;0;0;6222;0;0;125;0;52;0;
3809;1850319;1160355840;12075008;1290960896;0;0;0;0;0;0;0;0;0;0;0;1763;0;0;125;0;52;0;
3810;4870292;1162985472;18571264;1297457152;0;0;0;0;0;0;0;0;0;0;0;1943;0;0;125;0;52;0;
3811;4294843;1162985472;18571264;1297457152;0;0;0;0;0;0;0;0;0;0;0;4359;0;0;125;0;52;0;
3812;1796579;1162985472;18571264;1297457152;0;0;0;0;0;0;0;0;0;0;0;1984;0;0;125;0;52;0;
3813;2369122;1162985472;18571264;1297457152;0;0;0;0;0;0;0;0;0;0;0;1994;0;0;125;0;52;0;
3814;1558572;1162985472;18571264;1297457152;0;0;0;0;0;0;0;0;0;0;0;1733;0;0;125;0;52;0;
3815;1452253;1162985472;18571264;1297457152;0;0;0;0;0;0;0;0;0;0;0;1844;0;0;125;0;52;0;
3816;2313437;1162985472;18571264;1297457152;0;0;0;0;0;0;0;0;0;0;0;1533;0;0;125;0;52;0;
3817;1314665;1162985472;18571264;1297457152;0;0;0;0;0;0;0;0;0;0;0;2033;0;0;125;0;52;0;
3818;2025969;1162985472;18571264;1297457152;0;0;0;0;0;0;0;0;0;0;0;1823;0;0;125;0;52;0;
3819;3699847;1162985472;18571264;1297457152;0;0;0;0;0;0;0;0;0;0;0;1904;0;0;125;0;52;0;
3820;1238533;1162985472;18571264;1297457152;0;0;0;0;0;0;0;0;0;0;0;1422;0;0;125;0;52;0;
3821;1929968;1162985472;18571264;1297457152;0;0;0;0;0;0;0;0;0;0;0;2675;0;0;125;0;52;0;
3822;4794991;1162985472;18571264;1297457152;0;0;0;0;0;0;0;0;0;0;0;3005;0;0;125;0;52;0;
3823;4218049;1162985472;18571264;1297457152;0;0;0;0;0;0;0;0;0;0;0;1643;0;0;125;0;52;0;
3824;1769047;1162985472;18571264;1297457152;0;0;0;0;0;0;0;0;0;0;0;1533;0;0;125;0;52;0;
3825;1578730;1162985472;18571264;1297457152;0;0;0;0;0;0;0;0;0;0;0;1674;0;0;125;0;52;0;
3826;1963051;1162985472;18571264;1297457152;0;0;0;0;0;0;0;0;0;0;0;1493;0;0;125;0;52;0;
3827;1767073;1162985472;18571264;1297457152;0;0;0;0;0;0;0;0;0;0;0;1533;0;0;125;0;52;0;
3828;1831835;1162985472;18571264;1297457152;0;0;0;0;0;0;0;0;0;0;0;1482;0;0;125;0;52;0;
3829;2059030;1162985472;18571264;1297457152;0;0;0;0;0;0;0;0;0;0;0;1342;0;0;125;0;52;0;
3830;1090104;1162985472;18571264;1297457152;0;0;0;0;0;0;0;0;0;0;0;1422;0;0;125;0;52;0;
3831;1492548;1162985472;18571264;1297457152;0;0;0;0;0;0;0;0;0;0;0;1663;0;0;125;0;52;0;
3832;1926142;1162985472;18571264;1297457152;0;0;0;0;0;0;0;0;0;0;0;1653;0;0;125;0;52;0;
3833;1530149;1162985472;18571264;1297457152;0;0;0;0;0;0;0;0;0;0;0;1473;0;0;125;0;52;0;
3834;1481578;1162985472;18571264;1297457152;0;0;0;0;0;0;0;0;0;0;0;1613;0;0;125;0;52;0;
3835;3899191;1162985472;18571264;1297457152;0;0;0;0;0;0;0;0;0;0;0;1533;0;0;125;0;52;0;
3836;3993548;1162985472;18571264;1297457152;0;0;0;0;0;0;0;0;0;0;0;3066;0;0;125;0;52;0;
3837;1792651;1162985472;18571264;1297457152;0;0;0;0;0;0;0;0;0;0;0;1472;0;0;125;0;52;0;
3838;1544345;1162985472;18571264;1297457152;0;0;0;0;0;0;0;0;0;0;0;1733;0;0;125;0;52;0;
3839;2852939;1165082624;18571264;1297457152;0;0;0;0;0;0;0;0;0;0;0;1684;0;0;125;0;52;0;
3840;1610360;1165082624;18571264;1297457152;0;0;0;0;0;0;0;0;0;0;0;2023;0;0;125;0;52;0;
3841;2348102;1165082624;18571264;1297457152;0;0;0;0;0;0;0;0;0;0;0;1463;0;0;125;0;52;0;
3842;2468278;1165082624;18571264;1297457152;0;0;0;0;0;0;0;0;0;0;0;1442;0;0;125;0;52;0;
3843;1498660;1165082624;18571264;1297457152;0;0;0;0;0;0;0;0;0;0;0;1573;0;0;125;0;52;0;
3844;1282806;1165082624;18571264;1297457152;0;0;0;0;0;0;0;0;0;0;0;1673;0;0;125;0;52;0;
3845;2016821;1165213696;18567168;1297453056;0;0;0;0;0;0;0;0;0;0;0;1483;0;0;125;0;52;0;
3846;1178600;1165213696;18567168;1297453056;0;0;0;0;0;0;0;0;0;0;0;1603;0;0;125;0;52;0;
3847;1489703;1165213696;18567168;1297453056;0;0;0;0;0;0;0;0;0;0;0;1553;0;0;125;0;52;0;
3848;4530565;1165479936;18567168;1297453056;0;0;0;0;0;0;0;0;0;0;0;1403;0;0;125;0;52;0;
3849;4567815;1166290944;18571264;1297457152;0;0;0;0;0;0;0;0;0;0;0;4599;0;0;125;0;52;0;
3850;1785828;1166290944;18571264;1297457152;0;0;0;0;0;0;0;0;0;0;0;2114;0;0;125;0;52;0;
3851;2800722;1166290944;18571264;1297457152;0;0;0;0;0;0;0;0;0;0;0;2295;0;0;125;0;52;0;
3852;1669530;1166290944;18571264;1297457152;0;0;0;0;0;0;0;0;0;0;0;1573;0;0;125;0;52;0;
3853;1593738;1166290944;18571264;1297457152;0;0;0;0;0;0;0;0;0;0;0;1493;0;0;125;0;52;0;
3854;2010149;1166290944;18571264;1297457152;0;0;0;0;0;0;0;0;0;0;0;1754;0;0;125;0;52;0;
3855;1562960;1166290944;18571264;1297457152;0;0;0;0;0;0;0;0;0;0;0;1673;0;0;125;0;52;0;
3856;1076729;1166290944;18571264;1297457152;0;0;0;0;0;0;0;0;0;0;0;1733;0;0;125;0;52;0;
3857;2313198;1161080832;13164544;1292050432;0;0;0;0;0;0;0;0;0;0;0;1673;0;0;125;0;52;0;
3858;2230012;1161080832;13164544;1292050432;0;0;0;0;0;0;0;0;0;0;0;4479;0;0;125;0;52;0;
3859;2059291;1161080832;13164544;1292050432;0;0;0;0;0;0;0;0;0;0;0;3597;0;0;125;0;52;0;
3860;4881223;1161080832;13164544;1292050432;0;0;0;0;0;0;0;0;0;0;0;1573;0;0;125;0;52;0;
3861;5376330;1161080832;13168640;1292054528;0;0;0;0;0;0;0;0;0;0;0;3456;0;0;125;0;52;0;
3862;1701490;1161080832;13168640;1292054528;0;0;0;0;0;0;0;0;0;0;0;1834;0;0;125;0;52;0;
3863;2349986;1161080832;13168640;1292054528;0;0;0;0;0;0;0;0;0;0;0;1904;0;0;125;0;52;0;
3864;2220754;1161080832;13168640;1292054528;0;0;0;0;0;0;0;0;0;0;0;1383;0;0;125;0;52;0;
3865;1916904;1161080832;13168640;1292054528;0;0;0;0;0;0;0;0;0;0;0;1563;0;0;125;0;52;0;
3866;1680551;1161080832;13168640;1292054528;0;0;0;0;0;0;0;0;0;0;0;1432;0;0;125;0;52;0;
3867;1528025;1161080832;13168640;1292054528;0;0;0;0;0;0;0;0;0;0;0;1563;0;0;125;0;52;0;
3868;1032687;1161080832;13168640;1292054528;0;0;0;0;0;0;0;0;0;0;0;1533;0;0;125;0;52;0;
3869;1600180;1161080832;13168640;1292054528;0;0;0;0;0;0;0;0;0;0;0;1733;0;0;125;0;52;0;
3870;1307802;1161080832;13168640;1292054528;0;0;0;0;0;0;0;0;0;0;0;1373;0;0;125;0;52;0;
3871;1488701;1161080832;13168640;1292054528;0;0;0;0;0;0;0;0;0;0;0;1663;0;0;125;0;52;0;
3872;4235231;1161080832;13168640;1292054528;0;0;0;0;0;0;0;0;0;0;0;1573;0;0;125;0;52;0;
3873;2097522;1161080832;13168640;1292054528;0;0;0;0;0;0;0;0;0;0;0;3617;0;0;125;0;52;0;
3874;1539737;1161080832;13168640;1292054528;0;0;0;0;0;0;0;0;0;0;0;2465;0;0;125;0;52;0;
3875;1669480;1161080832;13168640;1292054528;0;0;0;0;0;0;0;0;0;0;0;2064;0;0;125;0;52;0;
3876;1440270;1161080832;13168640;1292054528;0;0;0;0;0;0;0;0;0;0;0;1493;0;0;125;0;52;0;
3877;1387312;1161080832;13168640;1292054528;0;0;0;0;0;0;0;0;0;0;0;1442;0;0;125;0;52;0;
3878;1286322;1161080832;13168640;1292054528;0;0;0;0;0;0;0;0;0;0;0;1453;0;0;125;0;52;0;
3879;1283717;1161080832;13168640;1292054528;0;0;0;0;0;0;0;0;0;0;0;1694;0;0;125;0;52;0;
3880;1409603;1161080832;13168640;1292054528;0;0;0;0;0;0;0;0;0;0;0;1693;0;0;125;0;52;0;
3881;1175554;1161080832;13168640;1292054528;0;0;0;0;0;0;0;0;0;0;0;1913;0;0;125;0;52;0;
3882;1753949;1161080832;13168640;1292054528;0;0;0;0;0;0;0;0;0;0;0;1582;0;0;125;0;52;0;
3883;1413200;1161080832;13168640;1292054528;0;0;0;0;0;0;0;0;0;0;0;1403;0;0;125;0;52;0;
3884;1538615;1161080832;13168640;1292054528;0;0;0;0;0;0;0;0;0;0;0;82776;0;0;125;0;52;0;
3885;4368592;1161080832;13168640;1292054528;0;0;0;0;0;0;0;0;0;0;0;1473;0;0;125;0;52;0;
3886;2749886;1161080832;13168640;1292054528;0;0;0;0;0;0;0;0;0;0;0;2555;0;0;125;0;52;0;
3887;1561758;1161080832;13168640;1292054528;0;0;0;0;0;0;0;0;0;0;0;1843;0;0;125;0;52;0;
3888;2240281;1161080832;13168640;1292054528;0;0;0;0;0;0;0;0;0;0;0;1884;0;0;125;0;52;0;
3889;1280131;1161080832;13168640;1292054528;0;0;0;0;0;0;0;0;0;0;0;2014;0;0;125;0;52;0;
3890;1206111;1161080832;13168640;1292054528;0;0;0;0;0;0;0;0;0;0;0;1834;0;0;125;0;52;0;
3891;1740052;1161080832;13168640;1292054528;0;0;0;0;0;0;0;0;0;0;0;1613;0;0;125;0;52;0;
3892;1035883;1161080832;13168640;1292054528;0;0;0;0;0;0;0;0;0;0;0;1533;0;0;125;0;52;0;
3893;1487239;1161080832;13168640;1292054528;0;0;0;0;0;0;0;0;0;0;0;1904;0;0;125;0;52;0;
3894;2235932;1161121792;13164544;1292050432;0;0;0;0;0;0;0;0;0;0;0;1793;0;0;125;0;52;0;
3895;1298284;1161121792;13164544;1292050432;0;0;0;0;0;0;0;0;0;0;0;2094;0;0;125;0;52;0;
3896;1865779;1161121792;13164544;1292050432;0;0;0;0;0;0;0;0;0;0;0;1954;0;0;125;0;52;0;
3897;4007153;1161121792;13164544;1292050432;0;0;0;0;0;0;0;0;0;0;0;1643;0;0;125;0;52;0;
3898;2485560;1161121792;13168640;1292054528;0;0;0;0;0;0;0;0;0;0;0;2525;0;0;125;0;52;0;
3899;1190672;1161121792;13168640;1292054528;0;0;0;0;0;0;0;0;0;0;0;1913;0;0;125;0;52;0;
3900;2046518;1161121792;13168640;1292054528;0;0;0;0;0;0;0;0;0;0;0;1794;0;0;125;0;52;0;
3901;1314916;1161121792;13168640;1292054528;0;0;0;0;0;0;0;0;0;0;0;1673;0;0;125;0;52;0;
3902;1046963;1161121792;13168640;1292054528;0;0;0;0;0;0;0;0;0;0;0;1623;0;0;125;0;52;0;
3903;1678027;1161121792;13168640;1292054528;0;0;0;0;0;0;0;0;0;0;0;1803;0;0;125;0;52;0;
3904;1435622;1161121792;13168640;1292054528;0;0;0;0;0;0;0;0;0;0;0;1803;0;0;125;0;52;0;
3905;1406467;1161121792;13168640;1292054528;0;0;0;0;0;0;0;0;0;0;0;2023;0;0;125;0;52;0;
3906;2172284;1161121792;13168640;1292054528;0;0;0;0;0;0;0;0;0;0;0;1813;0;0;125;0;52;0;
3907;1371021;1161121792;13168640;1292054528;0;0;0;0;0;0;0;0;0;0;0;1823;0;0;125;0;52;0;
3908;843441;1161121792;13168640;1292054528;0;0;0;0;0;0;0;0;0;0;0;1492;0;0;125;0;52;0;
3909;4052920;1161121792;13168640;1292054528;0;0;0;0;0;0;0;0;0;0;0;1543;0;0;125;0;52;0;
3910;1929348;1161121792;13168640;1292054528;0;0;0;0;0;0;0;0;0;0;0;2605;0;0;125;0;52;0;
3911;904376;1161121792;13168640;1292054528;0;0;0;0;0;0;0;0;0;0;0;1493;0;0;125;0;52;0;
3912;2075101;1161121792;13168640;1292054528;0;0;0;0;0;0;0;0;0;0;0;1453;0;0;125;0;52;0;
3913;1408761;1161121792;13168640;1292054528;0;0;0;0;0;0;0;0;0;0;0;2264;0;0;125;0;52;0;
3914;1159414;1161121792;13168640;1292054528;0;0;0;0;0;0;0;0;0;0;0;1914;0;0;125;0;52;0;
3915;2004739;1161121792;13168640;1292054528;0;0;0;0;0;0;0;0;0;0;0;1783;0;0;125;0;52;0;
3916;1241849;1161121792;13168640;1292054528;0;0;0;0;0;0;0;0;0;0;0;1423;0;0;125;0;52;0;
3917;847269;1161121792;13168640;1292054528;0;0;0;0;0;0;0;0;0;0;0;1473;0;0;125;0;52;0;
3918;1792031;1161121792;13168640;1292054528;0;0;0;0;0;0;0;0;0;0;0;1413;0;0;125;0;52;0;
3919;775665;1161121792;13168640;1292054528;0;0;0;0;0;0;0;0;0;0;0;1413;0;0;125;0;52;0;
3920;979046;1161121792;13168640;1292054528;0;0;0;0;0;0;0;0;0;0;0;1443;0;0;125;0;52;0;
3921;4050314;1161121792;13168640;1292054528;0;0;0;0;0;0;0;0;0;0;0;1643;0;0;125;0;52;0;
3922;2417743;1161121792;13168640;1292054528;0;0;0;0;0;0;0;0;0;0;0;39534;0;0;125;0;52;0;
3923;1381260;1161121792;13168640;1292054528;0;0;0;0;0;0;0;0;0;0;0;1663;0;0;125;0;52;0;
3924;1965956;1161121792;13168640;1292054528;0;0;0;0;0;0;0;0;0;0;0;1413;0;0;125;0;52;0;
3925;1507646;1161121792;13168640;1292054528;0;0;0;0;0;0;0;0;0;0;0;2304;0;0;125;0;52;0;
3926;1150608;1161121792;13168640;1292054528;0;0;0;0;0;0;0;0;0;0;0;1443;0;0;125;0;52;0;
3927;2020869;1161121792;13168640;1292054528;0;0;0;0;0;0;0;0;0;0;0;1493;0;0;125;0;52;0;
3928;1278477;1161121792;13168640;1292054528;0;0;0;0;0;0;0;0;0;0;0;1973;0;0;125;0;52;0;
3929;1352356;1161121792;13168640;1292054528;0;0;0;0;0;0;0;0;0;0;0;1543;0;0;125;0;52;0;
3930;2074750;1161121792;13168640;1292054528;0;0;0;0;0;0;0;0;0;0;0;1563;0;0;125;0;52;0;
3931;2682079;1161121792;13168640;1292054528;0;0;0;0;0;0;0;0;0;0;0;1673;0;0;125;0;52;0;
3932;1291251;1161121792;13168640;1292054528;0;0;0;0;0;0;0;0;0;0;0;1463;0;0;125;0;52;0;
3933;4460404;1161121792;13168640;1292054528;0;0;0;0;0;0;0;0;0;0;0;1383;0;0;125;0;52;0;
3934;3549345;1161121792;13168640;1292054528;0;0;0;0;0;0;0;0;0;0;0;1903;0;0;125;0;52;0;
3935;2416381;1161121792;13168640;1292054528;0;0;0;0;0;0;0;0;0;0;0;1934;0;0;125;0;52;0;
3936;1784697;1161121792;13168640;1292054528;0;0;0;0;0;0;0;0;0;0;0;1973;0;0;125;0;52;0;
3937;1781861;1161121792;13168640;1292054528;0;0;0;0;0;0;0;0;0;0;0;1883;0;0;125;0;52;0;
3938;873087;1161121792;13168640;1292054528;0;0;0;0;0;0;0;0;0;0;0;1994;0;0;125;0;52;0;
3939;1081007;1161121792;13168640;1292054528;0;0;0;0;0;0;0;0;0;0;0;1873;0;0;125;0;52;0;
3940;2269275;1161121792;13168640;1292054528;0;0;0;0;0;0;0;0;0;0;0;1954;0;0;125;0;52;0;
3941;1961448;1161121792;13168640;1292054528;0;0;0;0;0;0;0;0;0;0;0;1372;0;0;125;0;52;0;
3942;1661365;1161121792;13168640;1292054528;0;0;0;0;0;0;0;0;0;0;0;1543;0;0;125;0;52;0;
3943;1919509;1161121792;13168640;1292054528;0;0;0;0;0;0;0;0;0;0;0;1693;0;0;125;0;52;0;
3944;1299637;1161121792;13168640;1292054528;0;0;0;0;0;0;0;0;0;0;0;4138;0;0;125;0;52;0;
3945;1046953;1161121792;13168640;1292054528;0;0;0;0;0;0;0;0;0;0;0;1522;0;0;125;0;52;0;
3946;4614983;1161658368;18575360;1297461248;0;0;0;0;0;0;0;0;0;0;0;1603;0;0;125;0;52;0;
3947;3604328;1164021760;18575360;1297461248;0;0;0;0;0;0;0;0;0;0;0;4859;0;0;125;0;52;0;
3948;1607284;1164021760;18575360;1297461248;0;0;0;0;0;0;0;0;0;0;0;1954;0;0;125;0;52;0;
3949;1270993;1164021760;18575360;1297461248;0;0;0;0;0;0;0;0;0;0;0;1673;0;0;125;0;52;0;
3950;2016701;1166118912;18575360;1297461248;0;0;0;0;0;0;0;0;0;0;0;1593;0;0;125;0;52;0;
3951;1349360;1166118912;18575360;1297461248;0;0;0;0;0;0;0;0;0;0;0;1493;0;0;125;0;52;0;
3952;933681;1166118912;18575360;1297461248;0;0;0;0;0;0;0;0;0;0;0;2445;0;0;125;0;52;0;
3953;1463805;1166118912;18575360;1297461248;0;0;0;0;0;0;0;0;0;0;0;1773;0;0;125;0;52;0;
3954;1167679;1166118912;18575360;1297461248;0;0;0;0;0;0;0;0;0;0;0;1433;0;0;125;0;52;0;
3955;1257348;1166118912;18575360;1297461248;0;0;0;0;0;0;0;0;0;0;0;1462;0;0;125;0;52;0;
3956;2381896;1166155776;18571264;1297457152;0;0;0;0;0;0;0;0;0;0;0;1423;0;0;125;0;52;0;
3957;1655154;1166422016;18571264;1297457152;0;0;0;0;0;0;0;0;0;0;0;1653;0;0;125;0;52;0;
3958;913543;1166422016;18571264;1297457152;0;0;0;0;0;0;0;0;0;0;0;1352;0;0;125;0;52;0;
3959;3910673;1166422016;18571264;1297457152;0;0;0;0;0;0;0;0;0;0;0;1543;0;0;125;0;52;0;
3960;3768837;1166422016;18571264;1297457152;0;0;0;0;0;0;0;0;0;0;0;2625;0;0;125;0;52;0;
3961;1391389;1166422016;18571264;1297457152;0;0;0;0;0;0;0;0;0;0;0;1793;0;0;125;0;52;0;
3962;1780398;1166422016;18571264;1297457152;0;0;0;0;0;0;0;0;0;0;0;1724;0;0;125;0;52;0;
3963;1269150;1166422016;18571264;1297457152;0;0;0;0;0;0;0;0;0;0;0;1743;0;0;125;0;52;0;
3964;1060869;1166422016;18571264;1297457152;0;0;0;0;0;0;0;0;0;0;0;1804;0;0;125;0;52;0;
3965;1900894;1166422016;18571264;1297457152;0;0;0;0;0;0;0;0;0;0;0;1433;0;0;125;0;52;0;
3966;1358497;1166422016;18571264;1297457152;0;0;0;0;0;0;0;0;0;0;0;1423;0;0;125;0;52;0;
3967;1386460;1166422016;18571264;1297457152;0;0;0;0;0;0;0;0;0;0;0;1653;0;0;125;0;52;0;
3968;2079399;1160585216;12075008;1290960896;0;0;0;0;0;0;0;0;0;0;0;1443;0;0;125;0;52;0;
3969;1182247;1160585216;12075008;1290960896;0;0;0;0;0;0;0;0;0;0;0;1643;0;0;125;0;52;0;
3970;1251767;1160585216;12075008;1290960896;0;0;0;0;0;0;0;0;0;0;0;1412;0;0;125;0;52;0;
3971;4284584;1163214848;18571264;1297457152;0;0;0;0;0;0;0;0;0;0;0;1563;0;0;125;0;52;0;
3972;2461405;1163214848;18575360;1297461248;0;0;0;0;0;0;0;0;0;0;0;1693;0;0;125;0;52;0;
3973;1616501;1163214848;18575360;1297461248;0;0;0;0;0;0;0;0;0;0;0;2284;0;0;125;0;52;0;
3974;2125836;1163214848;18575360;1297461248;0;0;0;0;0;0;0;0;0;0;0;1813;0;0;125;0;52;0;
3975;2453421;1165312000;18575360;1297461248;0;0;0;0;0;0;0;0;0;0;0;1863;0;0;125;0;52;0;
3976;1083121;1165312000;18575360;1297461248;0;0;0;0;0;0;0;0;0;0;0;1603;0;0;125;0;52;0;
3977;1096476;1165312000;18575360;1297461248;0;0;0;0;0;0;0;0;0;0;0;1623;0;0;125;0;52;0;
3978;1722129;1165312000;18575360;1297461248;0;0;0;0;0;0;0;0;0;0;0;1793;0;0;125;0;52;0;
3979;1599409;1165312000;18575360;1297461248;0;0;0;0;0;0;0;0;0;0;0;1402;0;0;125;0;52;0;
3980;1322129;1165312000;18575360;1297461248;0;0;0;0;0;0;0;0;0;0;0;1493;0;0;125;0;52;0;
3981;1987196;1165312000;18575360;1297461248;0;0;0;0;0;0;0;0;0;0;0;1733;0;0;125;0;52;0;
3982;1133395;1165312000;18575360;1297461248;0;0;0;0;0;0;0;0;0;0;0;1423;0;0;125;0;52;0;
3983;1085245;1165312000;18575360;1297461248;0;0;0;0;0;0;0;0;0;0;0;1413;0;0;125;0;52;0;
3984;4613781;1165848576;18575360;1297461248;0;0;0;0;0;0;0;0;0;0;0;1724;0;0;125;0;52;0;
3985;2665528;1166659584;18575360;1297461248;0;0;0;0;0;0;0;0;0;0;0;2544;0;0;125;0;52;0;
3986;1176596;1166659584;18575360;1297461248;0;0;0;0;0;0;0;0;0;0;0;1683;0;0;125;0;52;0;
3987;1744882;1166659584;18575360;1297461248;0;0;0;0;0;0;0;0;0;0;0;1593;0;0;125;0;52;0;
3988;1251948;1166659584;18575360;1297461248;0;0;0;0;0;0;0;0;0;0;0;1763;0;0;125;0;52;0;
3989;997791;1166659584;18575360;1297461248;0;0;0;0;0;0;0;0;0;0;0;1342;0;0;125;0;52;0;
3990;1622182;1166659584;18575360;1297461248;0;0;0;0;0;0;0;0;0;0;0;2134;0;0;125;0;52;0;
3991;1162860;1166659584;18575360;1297461248;0;0;0;0;0;0;0;0;0;0;0;1703;0;0;125;0;52;0;
3992;1417668;1166659584;18575360;1297461248;0;0;0;0;0;0;0;0;0;0;0;1914;0;0;125;0;52;0;
3993;2054061;1161302016;13164544;1292050432;0;0;0;0;0;0;0;0;0;0;0;1814;0;0;125;0;52;0;
3994;1512807;1161302016;13164544;1292050432;0;0;0;0;0;0;0;0;0;0;0;1583;0;0;125;0;52;0;
3995;1543063;1161302016;13164544;1292050432;0;0;0;0;0;0;0;0;0;0;0;1532;0;0;125;0;52;0;
3996;4102001;1161302016;13164544;1292050432;0;0;0;0;0;0;0;0;0;0;0;1503;0;0;125;0;52;0;
3997;3088261;1161302016;13168640;1292054528;0;0;0;0;0;0;0;0;0;0;0;1733;0;0;125;0;52;0;
3998;1678167;1161302016;13168640;1292054528;0;0;0;0;0;0;0;0;0;0;0;1593;0;0;125;0;52;0;
3999;1981976;1161302016;13168640;1292054528;0;0;0;0;0;0;0;0;0;0;0;1483;0;0;125;0;52;0;
4000;1303093;1161302016;13168640;1292054528;0;0;0;0;0;0;0;0;0;0;0;1482;0;0;125;0;52;0;
4001;1349600;1161302016;13168640;1292054528;0;0;0;0;0;0;0;0;0;0;0;1353;0;0;125;0;52;0;
4002;1359970;1161302016;13168640;1292054528;0;0;0;0;0;0;0;0;0;0;0;1373;0;0;125;0;52;0;
4003;866966;1161302016;13168640;1292054528;0;0;0;0;0;0;0;0;0;0;0;1503;0;0;125;0;52;0;
4004;792306;1161302016;13168640;1292054528;0;0;0;0;0;0;0;0;0;0;0;1644;0;0;125;0;52;0;
4005;1588117;1161302016;13168640;1292054528;0;0;0;0;0;0;0;0;0;0;0;1393;0;0;125;0;52;0;
4006;1230357;1161302016;13168640;1292054528;0;0;0;0;0;0;0;0;0;0;0;1473;0;0;125;0;52;0;
4007;889478;1161302016;13168640;1292054528;0;0;0;0;0;0;0;0;0;0;0;1844;0;0;125;0;52;0;
4008;3917877;1161302016;13168640;1292054528;0;0;0;0;0;0;0;0;0;0;0;1413;0;0;125;0;52;0;
4009;1984110;1161302016;13168640;1292054528;0;0;0;0;0;0;0;0;0;0;0;2465;0;0;125;0;52;0;
4010;1520170;1161302016;13168640;1292054528;0;0;0;0;0;0;0;0;0;0;0;2014;0;0;125;0;52;0;
4011;2350317;1161302016;13168640;1292054528;0;0;0;0;0;0;0;0;0;0;0;1683;0;0;125;0;52;0;
4012;1746255;1161302016;13168640;1292054528;0;0;0;0;0;0;0;0;0;0;0;1433;0;0;125;0;52;0;
4013;1657037;1161302016;13168640;1292054528;0;0;0;0;0;0;0;0;0;0;0;1573;0;0;125;0;52;0;
4014;2107882;1161302016;13168640;1292054528;0;0;0;0;0;0;0;0;0;0;0;1964;0;0;125;0;52;0;
4015;1587426;1161302016;13168640;1292054528;0;0;0;0;0;0;0;0;0;0;0;2004;0;0;125;0;52;0;
4016;1605400;1161302016;13168640;1292054528;0;0;0;0;0;0;0;0;0;0;0;1793;0;0;125;0;52;0;
4017;2577954;1161302016;13168640;1292054528;0;0;0;0;0;0;0;0;0;0;0;1653;0;0;125;0;52;0;
4018;1367073;1161302016;13168640;1292054528;0;0;0;0;0;0;0;0;0;0;0;1703;0;0;125;0;52;0;
4019;1361703;1161302016;13168640;1292054528;0;0;0;0;0;0;0;0;0;0;0;1833;0;0;125;0;52;0;
4020;4639219;1161302016;13168640;1292054528;0;0;0;0;0;0;0;0;0;0;0;1744;0;0;125;0;52;0;
4021;3309596;1161302016;13168640;1292054528;0;0;0;0;0;0;0;0;0;0;0;2645;0;0;125;0;52;0;
4022;1968231;1161302016;13168640;1292054528;0;0;0;0;0;0;0;0;0;0;0;1704;0;0;125;0;52;0;
4023;2367319;1161302016;13168640;1292054528;0;0;0;0;0;0;0;0;0;0;0;1713;0;0;125;0;52;0;
4024;1941631;1161302016;13168640;1292054528;0;0;0;0;0;0;0;0;0;0;0;1473;0;0;125;0;52;0;
4025;2070973;1161302016;13168640;1292054528;0;0;0;0;0;0;0;0;0;0;0;1683;0;0;125;0;52;0;
4026;1992225;1161302016;13168640;1292054528;0;0;0;0;0;0;0;0;0;0;0;1683;0;0;125;0;52;0;
4027;1622993;1161302016;13168640;1292054528;0;0;0;0;0;0;0;0;0;0;0;1393;0;0;125;0;52;0;
4028;1457413;1161302016;13168640;1292054528;0;0;0;0;0;0;0;0;0;0;0;1633;0;0;125;0;52;0;
4029;2670056;1161302016;13168640;1292054528;0;0;0;0;0;0;0;0;0;0;0;1373;0;0;125;0;52;0;
4030;2957135;1161302016;13168640;1292054528;0;0;0;0;0;0;0;0;0;0;0;7324;0;0;125;0;52;0;
4031;1576055;1161302016;13168640;1292054528;0;0;0;0;0;0;0;0;0;0;0;2936;0;0;125;0;52;0;
4032;8477626;1161302016;13168640;1292054528;0;0;0;0;0;0;0;0;0;0;0;1934;0;0;125;0;52;0;
4033;6547306;1161302016;13168640;1292054528;0;0;0;0;0;0;0;0;0;0;0;1883;0;0;125;0;52;0;
4034;2185077;1161302016;13168640;1292054528;0;0;0;0;0;0;0;0;0;0;0;1824;0;0;125;0;52;0;
4035;1707031;1161302016;13168640;1292054528;0;0;0;0;0;0;0;0;0;0;0;2083;0;0;125;0;52;0;
4036;2206607;1161302016;13168640;1292054528;0;0;0;0;0;0;0;0;0;0;0;1733;0;0;125;0;52;0;
4037;1772944;1161302016;13168640;1292054528;0;0;0;0;0;0;0;0;0;0;0;1893;0;0;125;0;52;0;
4038;2284183;1161302016;13168640;1292054528;0;0;0;0;0;0;0;0;0;0;0;1784;0;0;125;0;52;0;
4039;2921168;1161302016;13168640;1292054528;0;0;0;0;0;0;0;0;0;0;0;1413;0;0;125;0;52;0;
4040;1951469;1161302016;13168640;1292054528;0;0;0;0;0;0;0;0;0;0;0;2465;0;0;125;0;52;0;
4041;1873423;1161302016;13168640;1292054528;0;0;0;0;0;0;0;0;0;0;0;2144;0;0;125;0;52;0;
4042;2559620;1161302016;13168640;1292054528;0;0;0;0;0;0;0;0;0;0;0;2114;0;0;125;0;52;0;
4043;2357460;1161302016;13168640;1292054528;0;0;0;0;0;0;0;0;0;0;0;2124;0;0;125;0;52;0;
4044;3166678;1161302016;13168640;1292054528;0;0;0;0;0;0;0;0;0;0;0;2054;0;0;125;0;52;0;
4045;6252013;1161838592;18575360;1297461248;0;0;0;0;0;0;0;0;0;0;0;2194;0;0;125;0;52;0;
4046;5294227;1164201984;18575360;1297461248;0;0;0;0;0;0;0;0;0;0;0;145462;0;0;125;0;52;0;
4047;2480110;1164201984;18575360;1297461248;0;0;0;0;0;0;0;0;0;0;0;2124;0;0;125;0;52;0;
4048;1414282;1164201984;18575360;1297461248;0;0;0;0;0;0;0;0;0;0;0;2044;0;0;125;0;52;0;
4049;2403817;1166299136;18575360;1297461248;0;0;0;0;0;0;0;0;0;0;0;2244;0;0;125;0;52;0;
4050;2104025;1166299136;18575360;1297461248;0;0;0;0;0;0;0;0;0;0;0;2315;0;0;125;0;52;0;
4051;2043992;1166299136;18575360;1297461248;0;0;0;0;0;0;0;0;0;0;0;1964;0;0;125;0;52;0;
4052;2918473;1166299136;18575360;1297461248;0;0;0;0;0;0;0;0;0;0;0;2054;0;0;125;0;52;0;
4053;1463715;1166299136;18575360;1297461248;0;0;0;0;0;0;0;0;0;0;0;2214;0;0;125;0;52;0;
4054;1520581;1166299136;18575360;1297461248;0;0;0;0;0;0;0;0;0;0;0;2074;0;0;125;0;52;0;
4055;2210174;1166303232;18571264;1297457152;0;0;0;0;0;0;0;0;0;0;0;2004;0;0;125;0;52;0;
4056;1751985;1166303232;18571264;1297457152;0;0;0;0;0;0;0;0;0;0;0;2034;0;0;125;0;52;0;
4057;1998698;1166303232;18571264;1297457152;0;0;0;0;0;0;0;0;0;0;0;2054;0;0;125;0;52;0;
4058;5076679;1166303232;18571264;1297457152;0;0;0;0;0;0;0;0;0;0;0;2254;0;0;125;0;52;0;
4059;3704055;1166303232;18571264;1297457152;0;0;0;0;0;0;0;0;0;0;0;1492;0;0;125;0;52;0;
4060;1383474;1166303232;18571264;1297457152;0;0;0;0;0;0;0;0;0;0;0;1854;0;0;125;0;52;0;
4061;1808711;1166303232;18571264;1297457152;0;0;0;0;0;0;0;0;0;0;0;1373;0;0;125;0;52;0;
4062;1927124;1166303232;18571264;1297457152;0;0;0;0;0;0;0;0;0;0;0;1212;0;0;125;0;52;0;
4063;1487800;1166303232;18571264;1297457152;0;0;0;0;0;0;0;0;0;0;0;1453;0;0;125;0;52;0;
4064;1656577;1166303232;18571264;1297457152;0;0;0;0;0;0;0;0;0;0;0;1463;0;0;125;0;52;0;
4065;2646672;1166303232;18571264;1297457152;0;0;0;0;0;0;0;0;0;0;0;1472;0;0;125;0;52;0;
4066;1582167;1166303232;18571264;1297457152;0;0;0;0;0;0;0;0;0;0;0;1453;0;0;125;0;52;0;
4067;1563411;1166303232;18571264;1297457152;0;0;0;0;0;0;0;0;0;0;0;1824;0;0;125;0;52;0;
4068;2462898;1166303232;18571264;1297457152;0;0;0;0;0;0;0;0;0;0;0;1493;0;0;125;0;52;0;
4069;1400316;1166303232;18571264;1297457152;0;0;0;0;0;0;0;0;0;0;0;1403;0;0;125;0;52;0;
4070;1386570;1166303232;18571264;1297457152;0;0;0;0;0;0;0;0;0;0;0;1402;0;0;125;0;52;0;
4071;4951635;1166303232;18571264;1297457152;0;0;0;0;0;0;0;0;0;0;0;1473;0;0;125;0;52;0;
4072;2684563;1166303232;18571264;1297457152;0;0;0;0;0;0;0;0;0;0;0;1603;0;0;125;0;52;0;
4073;2004308;1166303232;18571264;1297457152;0;0;0;0;0;0;0;0;0;0;0;1493;0;0;125;0;52;0;
4074;1640436;1166303232;18571264;1297457152;0;0;0;0;0;0;0;0;0;0;0;1483;0;0;125;0;52;0;
4075;1327810;1166303232;18571264;1297457152;0;0;0;0;0;0;0;0;0;0;0;1363;0;0;125;0;52;0;
4076;1352937;1166303232;18571264;1297457152;0;0;0;0;0;0;0;0;0;0;0;1463;0;0;125;0;52;0;
4077;2081714;1166303232;18571264;1297457152;0;0;0;0;0;0;0;0;0;0;0;1503;0;0;125;0;52;0;
4078;1721658;1166303232;18571264;1297457152;0;0;0;0;0;0;0;0;0;0;0;1433;0;0;125;0;52;0;
4079;1346284;1166303232;18571264;1297457152;0;0;0;0;0;0;0;0;0;0;0;1392;0;0;125;0;52;0;
4080;2111289;1161433088;13164544;1292050432;0;0;0;0;0;0;0;0;0;0;0;1383;0;0;125;0;52;0;
4081;1606933;1161433088;13164544;1292050432;0;0;0;0;0;0;0;0;0;0;0;1353;0;0;125;0;52;0;
4082;1564744;1161433088;13164544;1292050432;0;0;0;0;0;0;0;0;0;0;0;1664;0;0;125;0;52;0;
4083;3983510;1161433088;13164544;1292050432;0;0;0;0;0;0;0;0;0;0;0;1422;0;0;125;0;52;0;
4084;2708398;1161433088;13164544;1292050432;0;0;0;0;0;0;0;0;0;0;0;1774;0;0;125;0;52;0;
4085;2040066;1161433088;13164544;1292050432;0;0;0;0;0;0;0;0;0;0;0;1483;0;0;125;0;52;0;
4086;1994880;1161433088;13164544;1292050432;0;0;0;0;0;0;0;0;0;0;0;1433;0;0;125;0;52;0;
4087;1491797;1161433088;13164544;1292050432;0;0;0;0;0;0;0;0;0;0;0;1623;0;0;125;0;52;0;
4088;1435531;1161433088;13164544;1292050432;0;0;0;0;0;0;0;0;0;0;0;1412;0;0;125;0;52;0;
4089;1883672;1161433088;13164544;1292050432;0;0;0;0;0;0;0;0;0;0;0;2285;0;0;125;0;52;0;
4090;1848355;1161433088;13164544;1292050432;0;0;0;0;0;0;0;0;0;0;0;2225;0;0;125;0;52;0;
4091;2057227;1161433088;13164544;1292050432;0;0;0;0;0;0;0;0;0;0;0;2134;0;0;125;0;52;0;
4092;2199494;1161433088;13164544;1292050432;0;0;0;0;0;0;0;0;0;0;0;2023;0;0;125;0;52;0;
4093;1871078;1161433088;13164544;1292050432;0;0;0;0;0;0;0;0;0;0;0;2054;0;0;125;0;52;0;
4094;1563772;1161433088;13164544;1292050432;0;0;0;0;0;0;0;0;0;0;0;2064;0;0;125;0;52;0;
4095;4370705;1161433088;13164544;1292050432;0;0;0;0;0;0;0;0;0;0;0;2104;0;0;125;0;52;0;
4096;2837040;1161433088;13164544;1292050432;0;0;0;0;0;0;0;0;0;0;0;2014;0;0;125;0;52;0;
4097;2018524;1161433088;13164544;1292050432;0;0;0;0;0;0;0;0;0;0;0;1914;0;0;125;0;52;0;
4098;2347842;1161433088;13164544;1292050432;0;0;0;0;0;0;0;0;0;0;0;2023;0;0;125;0;52;0;
4099;1494522;1161433088;13164544;1292050432;0;0;0;0;0;0;0;0;0;0;0;2033;0;0;125;0;52;0;
4100;1445119;1161433088;13164544;1292050432;0;0;0;0;0;0;0;0;0;0;0;2134;0;0;125;0;52;0;
4101;1938214;1161433088;13164544;1292050432;0;0;0;0;0;0;0;0;0;0;0;2034;0;0;125;0;52;0;
4102;1861420;1161433088;13164544;1292050432;0;0;0;0;0;0;0;0;0;0;0;2074;0;0;125;0;52;0;
4103;1390197;1161433088;13164544;1292050432;0;0;0;0;0;0;0;0;0;0;0;2314;0;0;125;0;52;0;
4104;2052629;1161433088;13164544;1292050432;0;0;0;0;0;0;0;0;0;0;0;1973;0;0;125;0;52;0;
4105;1559765;1161433088;13164544;1292050432;0;0;0;0;0;0;0;0;0;0;0;1743;0;0;125;0;52;0;
4106;1597365;1161433088;13164544;1292050432;0;0;0;0;0;0;0;0;0;0;0;1784;0;0;125;0;52;0;
4107;4751409;1161433088;13164544;1292050432;0;0;0;0;0;0;0;0;0;0;0;1763;0;0;125;0;52;0;
4108;2698620;1161433088;13168640;1292054528;0;0;0;0;0;0;0;0;0;0;0;2094;0;0;125;0;52;0;
4109;1511665;1161433088;13168640;1292054528;0;0;0;0;0;0;0;0;0;0;0;1754;0;0;125;0;52;0;
4110;2188794;1161433088;13168640;1292054528;0;0;0;0;0;0;0;0;0;0;0;1793;0;0;125;0;52;0;
4111;1616602;1161433088;13168640;1292054528;0;0;0;0;0;0;0;0;0;0;0;1764;0;0;125;0;52;0;
4112;1125601;1161433088;13168640;1292054528;0;0;0;0;0;0;0;0;0;0;0;1743;0;0;125;0;52;0;
4113;2094517;1161433088;13168640;1292054528;0;0;0;0;0;0;0;0;0;0;0;1813;0;0;125;0;52;0;
4114;1451081;1161433088;13168640;1292054528;0;0;0;0;0;0;0;0;0;0;0;1993;0;0;125;0;52;0;
4115;1084153;1161433088;13168640;1292054528;0;0;0;0;0;0;0;0;0;0;0;1834;0;0;125;0;52;0;
4116;1934477;1161433088;13168640;1292054528;0;0;0;0;0;0;0;0;0;0;0;1443;0;0;125;0;52;0;
4117;1040381;1161433088;13168640;1292054528;0;0;0;0;0;0;0;0;0;0;0;1433;0;0;125;0;52;0;
4118;1156248;1161433088;13168640;1292054528;0;0;0;0;0;0;0;0;0;0;0;1383;0;0;125;0;52;0;
4119;4579687;1161433088;13168640;1292054528;0;0;0;0;0;0;0;0;0;0;0;1362;0;0;125;0;52;0;
4120;2377508;1161433088;13168640;1292054528;0;0;0;0;0;0;0;0;0;0;0;2425;0;0;125;0;52;0;
4121;1451522;1161433088;13168640;1292054528;0;0;0;0;0;0;0;0;0;0;0;2224;0;0;125;0;52;0;
4122;1878953;1161433088;13168640;1292054528;0;0;0;0;0;0;0;0;0;0;0;2064;0;0;125;0;52;0;
4123;1300859;1161433088;13168640;1292054528;0;0;0;0;0;0;0;0;0;0;0;1493;0;0;125;0;52;0;
4124;1085535;1161433088;13168640;1292054528;0;0;0;0;0;0;0;0;0;0;0;1363;0;0;125;0;52;0;
4125;1940979;1161433088;13168640;1292054528;0;0;0;0;0;0;0;0;0;0;0;2044;0;0;125;0;52;0;
4126;1056230;1161433088;13168640;1292054528;0;0;0;0;0;0;0;0;0;0;0;1392;0;0;125;0;52;0;
4127;1455178;1161433088;13168640;1292054528;0;0;0;0;0;0;0;0;0;0;0;1352;0;0;125;0;52;0;
4128;2317595;1161433088;13168640;1292054528;0;0;0;0;0;0;0;0;0;0;0;1442;0;0;125;0;52;0;
4129;1697483;1161433088;13168640;1292054528;0;0;0;0;0;0;0;0;0;0;0;1523;0;0;125;0;52;0;
4130;1108148;1161433088;13168640;1292054528;0;0;0;0;0;0;0;0;0;0;0;1493;0;0;125;0;52;0;
4131;4423264;1161433088;13168640;1292054528;0;0;0;0;0;0;0;0;0;0;0;1503;0;0;125;0;52;0;
4132;2903094;1161433088;13168640;1292054528;0;0;0;0;0;0;0;0;0;0;0;2064;0;0;125;0;52;0;
4133;1281092;1161433088;13168640;1292054528;0;0;0;0;0;0;0;0;0;0;0;2224;0;0;125;0;52;0;
4134;1030963;1161433088;13168640;1292054528;0;0;0;0;0;0;0;0;0;0;0;2274;0;0;125;0;52;0;
4135;1862953;1161433088;13168640;1292054528;0;0;0;0;0;0;0;0;0;0;0;2084;0;0;125;0;52;0;
4136;1182006;1161433088;13168640;1292054528;0;0;0;0;0;0;0;0;0;0;0;2044;0;0;125;0;52;0;
4137;1149565;1161433088;13168640;1292054528;0;0;0;0;0;0;0;0;0;0;0;2044;0;0;125;0;52;0;
4138;1558562;1161433088;13168640;1292054528;0;0;0;0;0;0;0;0;0;0;0;1613;0;0;125;0;52;0;
4139;1009253;1161433088;13168640;1292054528;0;0;0;0;0;0;0;0;0;0;0;1342;0;0;125;0;52;0;
4140;1235837;1161433088;13168640;1292054528;0;0;0;0;0;0;0;0;0;0;0;1402;0;0;125;0;52;0;
4141;2469130;1161433088;13168640;1292054528;0;0;0;0;0;0;0;0;0;0;0;1342;0;0;125;0;52;0;
4142;1080917;1161433088;13168640;1292054528;0;0;0;0;0;0;0;0;0;0;0;1413;0;0;125;0;52;0;
4143;891672;1161433088;13168640;1292054528;0;0;0;0;0;0;0;0;0;0;0;1503;0;0;125;0;52;0;
4144;3988990;1161433088;13168640;1292054528;0;0;0;0;0;0;0;0;0;0;0;1393;0;0;125;0;52;0;
4145;2803106;1161433088;13168640;1292054528;0;0;0;0;0;0;0;0;0;0;0;2695;0;0;125;0;52;0;
4146;2034064;1161433088;13168640;1292054528;0;0;0;0;0;0;0;0;0;0;0;1944;0;0;125;0;52;0;
4147;2627566;1161433088;13168640;1292054528;0;0;0;0;0;0;0;0;0;0;0;1984;0;0;125;0;52;0;
4148;1658460;1161433088;13168640;1292054528;0;0;0;0;0;0;0;0;0;0;0;1803;0;0;125;0;52;0;
4149;2020789;1161433088;13168640;1292054528;0;0;0;0;0;0;0;0;0;0;0;1833;0;0;125;0;52;0;
4150;1985383;1161433088;13168640;1292054528;0;0;0;0;0;0;0;0;0;0;0;1563;0;0;125;0;52;0;
4151;1766803;1161433088;13168640;1292054528;0;0;0;0;0;0;0;0;0;0;0;1423;0;0;125;0;52;0;
4152;1262548;1161433088;13168640;1292054528;0;0;0;0;0;0;0;0;0;0;0;1363;0;0;125;0;52;0;
4153;1744952;1161527296;13164544;1292050432;0;0;0;0;0;0;0;0;0;0;0;1803;0;0;125;0;52;0;
4154;1353769;1161527296;13164544;1292050432;0;0;0;0;0;0;0;0;0;0;0;1744;0;0;125;0;52;0;
4155;1283176;1161527296;13164544;1292050432;0;0;0;0;0;0;0;0;0;0;0;1933;0;0;125;0;52;0;
4156;4436889;1161527296;13164544;1292050432;0;0;0;0;0;0;0;0;0;0;0;1743;0;0;125;0;52;0;
4157;3448707;1161527296;13168640;1292054528;0;0;0;0;0;0;0;0;0;0;0;1423;0;0;125;0;52;0;
4158;2371868;1161527296;13168640;1292054528;0;0;0;0;0;0;0;0;0;0;0;1363;0;0;125;0;52;0;
4159;1666695;1161527296;13168640;1292054528;0;0;0;0;0;0;0;0;0;0;0;1593;0;0;125;0;52;0;
4160;1900413;1161527296;13168640;1292054528;0;0;0;0;0;0;0;0;0;0;0;1643;0;0;125;0;52;0;
4161;1952951;1161527296;13168640;1292054528;0;0;0;0;0;0;0;0;0;0;0;1363;0;0;125;0;52;0;
4162;1161487;1161527296;13168640;1292054528;0;0;0;0;0;0;0;0;0;0;0;1362;0;0;125;0;52;0;
4163;2897122;1161527296;13168640;1292054528;0;0;0;0;0;0;0;0;0;0;0;2064;0;0;125;0;52;0;
4164;2060163;1161527296;13168640;1292054528;0;0;0;0;0;0;0;0;0;0;0;2054;0;0;125;0;52;0;
4165;1938705;1161527296;13168640;1292054528;0;0;0;0;0;0;0;0;0;0;0;1994;0;0;125;0;52;0;
4166;3137132;1161527296;13168640;1292054528;0;0;0;0;0;0;0;0;0;0;0;2103;0;0;125;0;52;0;
4167;2182272;1161527296;13168640;1292054528;0;0;0;0;0;0;0;0;0;0;0;2184;0;0;125;0;52;0;
4168;1676193;1161527296;13168640;1292054528;0;0;0;0;0;0;0;0;0;0;0;2023;0;0;125;0;52;0;
4169;4532228;1161527296;13168640;1292054528;0;0;0;0;0;0;0;0;0;0;0;2034;0;0;125;0;52;0;
4170;3955867;1161527296;13168640;1292054528;0;0;0;0;0;0;0;0;0;0;0;2895;0;0;125;0;54;0;
4171;2300844;1161527296;13168640;1292054528;0;0;0;0;0;0;0;0;0;0;0;2224;0;0;125;0;54;0;
4172;2854292;1161527296;13168640;1292054528;0;0;0;0;0;0;0;0;0;0;0;2124;0;0;125;0;54;0;
4173;2161103;1161527296;13168640;1292054528;0;0;0;0;0;0;0;0;0;0;0;2074;0;0;125;0;54;0;
4174;1754230;1161527296;13168640;1292054528;0;0;0;0;0;0;0;0;0;0;0;2234;0;0;125;0;54;0;
4175;3195482;1161527296;13168640;1292054528;0;0;0;0;0;0;0;0;0;0;0;2154;0;0;125;0;54;0;
4176;2200856;1161527296;13168640;1292054528;0;0;0;0;0;0;0;0;0;0;0;3346;0;0;125;0;55;0;
4177;2039003;1161527296;13168640;1292054528;0;0;0;0;0;0;0;0;0;0;0;2074;0;0;125;0;55;0;
4178;3280060;1161584640;13164544;1292050432;0;0;0;0;0;0;0;0;0;0;0;2084;0;0;125;0;55;0;
4179;2449132;1161584640;13164544;1292050432;0;0;0;0;0;0;0;0;0;0;0;1844;0;0;125;0;55;0;
4180;2089118;1161584640;13164544;1292050432;0;0;0;0;0;0;0;0;0;0;0;2074;0;0;125;0;55;0;
4181;5246197;1161584640;13164544;1292050432;0;0;0;0;0;0;0;0;0;0;0;2144;0;0;125;0;55;0;
4182;3904762;1162121216;18575360;1297461248;0;0;0;0;0;0;0;0;0;0;0;2214;0;0;125;0;55;0;
4183;2807714;1164218368;18575360;1297461248;0;0;0;0;0;0;0;0;0;0;0;2484;0;0;125;0;55;0;
4184;2740679;1164218368;18575360;1297461248;0;0;0;0;0;0;0;0;0;0;0;2294;0;0;125;0;55;0;
4185;1840922;1164218368;18575360;1297461248;0;0;0;0;0;0;0;0;0;0;0;1482;0;0;125;0;55;0;
4186;1644243;1164218368;18575360;1297461248;0;0;0;0;0;0;0;0;0;0;0;1563;0;0;125;0;55;0;
4187;2691817;1166315520;18575360;1297461248;0;0;0;0;0;0;0;0;0;0;0;1924;0;0;125;0;55;0;
4188;1578199;1166315520;18575360;1297461248;0;0;0;0;0;0;0;0;0;0;0;1764;0;0;125;0;55;0;
4189;2686527;1166315520;18575360;1297461248;0;0;0;0;0;0;0;0;0;0;0;1773;0;0;125;0;55;0;
4190;2887184;1166315520;18575360;1297461248;0;0;0;0;0;0;0;0;0;0;0;1783;0;0;125;0;55;0;
4191;2000431;1166315520;18575360;1297461248;0;0;0;0;0;0;0;0;0;0;0;1753;0;0;125;0;55;0;
4192;2461866;1166315520;18575360;1297461248;0;0;0;0;0;0;0;0;0;0;0;1943;0;0;125;0;55;0;
4193;5249563;1166315520;18575360;1297461248;0;0;0;0;0;0;0;0;0;0;0;1873;0;0;125;0;55;0;
4194;4059041;1166577664;18575360;1297461248;0;0;0;0;0;0;0;0;0;0;0;1783;0;0;125;0;55;0;
4195;3209378;1166577664;18575360;1297461248;0;0;0;0;0;0;0;0;0;0;0;1934;0;0;125;0;55;0;
4196;3003942;1166577664;18575360;1297461248;0;0;0;0;0;0;0;0;0;0;0;1813;0;0;125;0;55;0;
4197;3192787;1166577664;18575360;1297461248;0;0;0;0;0;0;0;0;0;0;0;1814;0;0;125;0;55;0;
4198;2431690;1166577664;18575360;1297461248;0;0;0;0;0;0;0;0;0;0;0;1893;0;0;125;0;55;0;
4199;2842631;1166577664;18575360;1297461248;0;0;0;0;0;0;0;0;0;0;0;1793;0;0;125;0;55;0;
4200;4753844;1166577664;18575360;1297461248;0;0;0;0;0;0;0;0;0;0;0;1824;0;0;125;0;55;0;
4201;2809868;1166577664;18575360;1297461248;0;0;0;0;0;0;0;0;0;0;0;1603;0;0;125;0;55;0;
4202;2531296;1166577664;18575360;1297461248;0;0;0;0;0;0;0;0;0;0;0;1844;0;0;125;0;55;0;
4203;3283116;1166577664;18575360;1297461248;0;0;0;0;0;0;0;0;0;0;0;2004;0;0;125;0;55;0;
4204;2982182;1166577664;18575360;1297461248;0;0;0;0;0;0;0;0;0;0;0;2905;0;0;125;0;56;0;
4205;2928752;1166577664;18575360;1297461248;0;0;0;0;0;0;0;0;0;0;0;1493;0;0;125;0;56;0;
4206;5995602;1166577664;18575360;1297461248;0;0;0;0;0;0;0;0;0;0;0;1873;0;0;125;0;56;0;
4207;4001483;1166577664;18575360;1297461248;0;0;0;0;0;0;0;0;0;0;0;1563;0;0;125;0;56;0;
4208;2963387;1166577664;18575360;1297461248;0;0;0;0;0;0;0;0;0;0;0;2394;0;0;125;0;56;0;
4209;2565240;1166577664;18575360;1297461248;0;0;0;0;0;0;0;0;0;0;0;1913;0;0;125;0;56;0;
4210;3162940;1166577664;18575360;1297461248;0;0;0;0;0;0;0;0;0;0;0;1853;0;0;125;0;56;0;
4211;2318898;1166577664;18575360;1297461248;0;0;0;0;0;0;0;0;0;0;0;1803;0;0;125;0;56;0;
4212;2208061;1166577664;18575360;1297461248;0;0;0;0;0;0;0;0;0;0;0;1463;0;0;125;0;56;0;
4213;2466896;1166577664;18575360;1297461248;0;0;0;0;0;0;0;0;0;0;0;1392;0;0;125;0;56;0;
4214;3080215;1166577664;18575360;1297461248;0;0;0;0;0;0;0;0;0;0;0;2374;0;0;125;0;57;0;
4215;2031269;1166577664;18575360;1297461248;0;0;0;0;0;0;0;0;0;0;0;1423;0;0;125;0;57;0;
4216;2888296;1166655488;18571264;1297457152;0;0;0;0;0;0;0;0;0;0;0;1413;0;0;125;0;57;0;
4217;3115772;1166655488;18571264;1297457152;0;0;0;0;0;0;0;0;0;0;0;1733;0;0;125;0;57;0;
4218;2512091;1166655488;18571264;1297457152;0;0;0;0;0;0;0;0;0;0;0;29445;0;0;125;0;57;0;
4219;5668228;1166655488;18571264;1297457152;0;0;0;0;0;0;0;0;0;0;0;2043;0;0;125;0;57;0;
4220;5232350;1166655488;18571264;1297457152;0;0;0;0;0;0;0;0;0;0;0;5190;0;0;125;0;58;0;
4221;2282209;1166655488;18571264;1297457152;0;0;0;0;0;0;0;0;0;0;0;1804;0;0;125;0;58;0;
4222;2093766;1166655488;18571264;1297457152;0;0;0;0;0;0;0;0;0;0;0;1723;0;0;125;0;58;0;
4223;3358327;1166655488;18571264;1297457152;0;0;0;0;0;0;0;0;0;0;0;1813;0;0;125;0;58;0;
4224;2945713;1166655488;18571264;1297457152;0;0;0;0;0;0;0;0;0;0;0;1774;0;0;125;0;58;0;
4225;3033268;1166655488;18571264;1297457152;0;0;0;0;0;0;0;0;0;0;0;1884;0;0;125;0;58;0;
4226;3366713;1166655488;18571264;1297457152;0;0;0;0;0;0;0;0;0;0;0;1783;0;0;125;0;58;0;
4227;2217027;1166655488;18571264;1297457152;0;0;0;0;0;0;0;0;0;0;0;1954;0;0;125;0;58;0;
4228;2976711;1166655488;18571264;1297457152;0;0;0;0;0;0;0;0;0;0;0;1784;0;0;125;0;58;0;
4229;3767805;1161707520;13164544;1292050432;0;0;0;0;0;0;0;0;0;0;0;1733;0;0;125;0;58;0;
4230;2712887;1161707520;13164544;1292050432;0;0;0;0;0;0;0;0;0;0;0;3317;0;0;125;0;59;0;
4231;3392581;1161707520;13164544;1292050432;0;0;0;0;0;0;0;0;0;0;0;1903;0;0;125;0;59;0;
4232;6606308;1162244096;18571264;1297457152;0;0;0;0;0;0;0;0;0;0;0;2074;0;0;125;0;59;0;
4233;5270312;1164341248;18571264;1297457152;0;0;0;0;0;0;0;0;0;0;0;2224;0;0;125;0;59;0;
4234;2034525;1164341248;18571264;1297457152;0;0;0;0;0;0;0;0;0;0;0;2886;0;0;125;0;60;0;
4235;3042525;1166438400;18571264;1297457152;0;0;0;0;0;0;0;0;0;0;0;1453;0;0;125;0;60;0;
4236;3260434;1166438400;18571264;1297457152;0;0;0;0;0;0;0;0;0;0;0;1572;0;0;125;0;60;0;
4237;2053200;1166438400;18571264;1297457152;0;0;0;0;0;0;0;0;0;0;0;1533;0;0;125;0;60;0;
4238;2823884;1166438400;18571264;1297457152;0;0;0;0;0;0;0;0;0;0;0;1523;0;0;125;0;60;0;
4239;3247970;1166438400;18571264;1297457152;0;0;0;0;0;0;0;0;0;0;0;1503;0;0;125;0;60;0;
4240;2878788;1166700544;18571264;1297457152;0;0;0;0;0;0;0;0;0;0;0;3075;0;0;125;0;61;0;
4241;2434234;1166700544;18571264;1297457152;0;0;0;0;0;0;0;0;0;0;0;1573;0;0;125;0;61;0;
4242;3158633;1166700544;18571264;1297457152;0;0;0;0;0;0;0;0;0;0;0;1503;0;0;125;0;61;0;
4243;2487153;1166700544;18571264;1297457152;0;0;0;0;0;0;0;0;0;0;0;1433;0;0;125;0;61;0;
4244;2909877;1166700544;18571264;1297457152;0;0;0;0;0;0;0;0;0;0;0;1443;0;0;125;0;61;0;
4245;6321844;1166700544;18571264;1297457152;0;0;0;0;0;0;0;0;0;0;0;1673;0;0;125;0;61;0;
4246;5154465;1166700544;18571264;1297457152;0;0;0;0;0;0;0;0;0;0;0;2435;0;0;125;0;61;0;
4247;2343244;1166700544;18571264;1297457152;0;0;0;0;0;0;0;0;0;0;0;1763;0;0;125;0;61;0;
4248;2377948;1166700544;18571264;1297457152;0;0;0;0;0;0;0;0;0;0;0;1452;0;0;125;0;61;0;
4249;3506134;1166700544;18571264;1297457152;0;0;0;0;0;0;0;0;0;0;0;1502;0;0;125;0;61;0;
4250;2654798;1166700544;18571264;1297457152;0;0;0;0;0;0;0;0;0;0;0;1844;0;0;125;0;61;0;
4251;2248175;1166700544;18571264;1297457152;0;0;0;0;0;0;0;0;0;0;0;1793;0;0;125;0;61;0;
4252;2392456;1166700544;18571264;1297457152;0;0;0;0;0;0;0;0;0;0;0;1844;0;0;125;0;61;0;
4253;2074971;1166700544;18571264;1297457152;0;0;0;0;0;0;0;0;0;0;0;1503;0;0;125;0;61;0;
4254;2039234;1166700544;18571264;1297457152;0;0;0;0;0;0;0;0;0;0;0;1513;0;0;125;0;61;0;
4255;3165676;1166700544;18571264;1297457152;0;0;0;0;0;0;0;0;0;0;0;1462;0;0;125;0;61;0;
4256;2178445;1166700544;18571264;1297457152;0;0;0;0;0;0;0;0;0;0;0;3036;0;0;125;0;62;0;
4257;2830648;1166700544;18571264;1297457152;0;0;0;0;0;0;0;0;0;0;0;1422;0;0;125;0;62;0;
4258;6503094;1166700544;18571264;1297457152;0;0;0;0;0;0;0;0;0;0;0;1442;0;0;125;0;62;0;
4259;3191514;1166700544;18571264;1297457152;0;0;0;0;0;0;0;0;0;0;0;1884;0;0;125;0;62;0;
4260;2658405;1166700544;18571264;1297457152;0;0;0;0;0;0;0;0;0;0;0;1813;0;0;125;0;62;0;
4261;2334197;1166700544;18571264;1297457152;0;0;0;0;0;0;0;0;0;0;0;1754;0;0;125;0;62;0;
4262;2785623;1166700544;18571264;1297457152;0;0;0;0;0;0;0;0;0;0;0;1773;0;0;125;0;62;0;
4263;2606036;1166700544;18571264;1297457152;0;0;0;0;0;0;0;0;0;0;0;1953;0;0;125;0;62;0;
4264;2108243;1166700544;18571264;1297457152;0;0;0;0;0;0;0;0;0;0;0;1833;0;0;125;0;62;0;
4265;2855985;1166700544;18571264;1297457152;0;0;0;0;0;0;0;0;0;0;0;1753;0;0;125;0;62;0;
4266;2389961;1166700544;18571264;1297457152;0;0;0;0;0;0;0;0;0;0;0;1793;0;0;125;0;62;0;
4267;2516369;1166700544;18571264;1297457152;0;0;0;0;0;0;0;0;0;0;0;1573;0;0;125;0;62;0;
4268;3093090;1166700544;18571264;1297457152;0;0;0;0;0;0;0;0;0;0;0;1784;0;0;125;0;62;0;
4269;2568346;1166700544;18571264;1297457152;0;0;0;0;0;0;0;0;0;0;0;1864;0;0;125;0;62;0;
4270;2387487;1166700544;18571264;1297457152;0;0;0;0;0;0;0;0;0;0;0;1764;0;0;125;0;62;0;
4271;5334282;1166700544;18571264;1297457152;0;0;0;0;0;0;0;0;0;0;0;29034;0;0;125;0;62;0;
4272;4675146;1166700544;18571264;1297457152;0;0;0;0;0;0;0;0;0;0;0;1824;0;0;125;0;62;0;
4273;2388208;1166700544;18571264;1297457152;0;0;0;0;0;0;0;0;0;0;0;1863;0;0;125;0;62;0;
4274;3137863;1166700544;18571264;1297457152;0;0;0;0;0;0;0;0;0;0;0;1943;0;0;125;0;62;0;
4275;3439820;1166700544;18571264;1297457152;0;0;0;0;0;0;0;0;0;0;0;1843;0;0;125;0;62;0;
4276;3050480;1166700544;18571264;1297457152;0;0;0;0;0;0;0;0;0;0;0;2034;0;0;125;0;62;0;
4277;2525956;1166700544;18571264;1297457152;0;0;0;0;0;0;0;0;0;0;0;1773;0;0;125;0;62;0;
4278;2709891;1166700544;18571264;1297457152;0;0;0;0;0;0;0;0;0;0;0;1913;0;0;125;0;62;0;
4279;2597631;1166700544;18571264;1297457152;0;0;0;0;0;0;0;0;0;0;0;1723;0;0;125;0;62;0;
4280;2920847;1166700544;18571264;1297457152;0;0;0;0;0;0;0;0;0;0;0;1864;0;0;125;0;62;0;
4281;3717671;1166700544;18571264;1297457152;0;0;0;0;0;0;0;0;0;0;0;1744;0;0;125;0;62;0;
4282;2275577;1166700544;18571264;1297457152;0;0;0;0;0;0;0;0;0;0;0;1803;0;0;125;0;62;0;
4283;2467476;1166700544;18571264;1297457152;0;0;0;0;0;0;0;0;0;0;0;1863;0;0;125;0;62;0;
4284;5718883;1166700544;18571264;1297457152;0;0;0;0;0;0;0;0;0;0;0;1814;0;0;125;0;62;0;
4285;3389636;1166700544;18571264;1297457152;0;0;0;0;0;0;0;0;0;0;0;1943;0;0;125;0;62;0;
4286;1770550;1166700544;18571264;1297457152;0;0;0;0;0;0;0;0;0;0;0;1754;0;0;125;0;62;0;
4287;3055429;1166700544;18571264;1297457152;0;0;0;0;0;0;0;0;0;0;0;1774;0;0;125;0;62;0;
4288;3168832;1166700544;18571264;1297457152;0;0;0;0;0;0;0;0;0;0;0;1723;0;0;125;0;62;0;
4289;1934207;1166700544;18571264;1297457152;0;0;0;0;0;0;0;0;0;0;0;1904;0;0;125;0;62;0;
4290;2594205;1166700544;18571264;1297457152;0;0;0;0;0;0;0;0;0;0;0;1854;0;0;125;0;62;0;
4291;2361447;1166700544;18571264;1297457152;0;0;0;0;0;0;0;0;0;0;0;1743;0;0;125;0;62;0;
4292;2885951;1166700544;18571264;1297457152;0;0;0;0;0;0;0;0;0;0;0;1803;0;0;125;0;62;0;
4293;1431194;1166700544;18571264;1297457152;0;0;0;0;0;0;0;0;0;0;0;1824;0;0;125;0;62;0;
4294;2478908;1166700544;18571264;1297457152;0;0;0;0;0;0;0;0;0;0;0;1803;0;0;125;0;62;0;
4295;2612879;1166700544;18571264;1297457152;0;0;0;0;0;0;0;0;0;0;0;1814;0;0;125;0;62;0;
4296;3131632;1166700544;18571264;1297457152;0;0;0;0;0;0;0;0;0;0;0;1784;0;0;125;0;62;0;
4297;4929914;1166700544;18571264;1297457152;0;0;0;0;0;0;0;0;0;0;0;1783;0;0;125;0;62;0;
4298;4551935;1166700544;18571264;1297457152;0;0;0;0;0;0;0;0;0;0;0;2605;0;0;125;0;62;0;
4299;2182201;1166700544;18571264;1297457152;0;0;0;0;0;0;0;0;0;0;0;1784;0;0;125;0;62;0;
4300;3723151;1166700544;18571264;1297457152;0;0;0;0;0;0;0;0;0;0;0;1723;0;0;125;0;62;0;
4301;2650440;1166700544;18571264;1297457152;0;0;0;0;0;0;0;0;0;0;0;1723;0;0;125;0;62;0;
4302;2799359;1166700544;18571264;1297457152;0;0;0;0;0;0;0;0;0;0;0;2074;0;0;125;0;62;0;
4303;3763126;1166700544;18571264;1297457152;0;0;0;0;0;0;0;0;0;0;0;1834;0;0;125;0;62;0;
4304;1827326;1166700544;18571264;1297457152;0;0;0;0;0;0;0;0;0;0;0;1873;0;0;125;0;62;0;
4305;1872711;1166700544;18571264;1297457152;0;0;0;0;0;0;0;0;0;0;0;1883;0;0;125;0;62;0;
4306;3255273;1166700544;18571264;1297457152;0;0;0;0;0;0;0;0;0;0;0;1774;0;0;125;0;62;0;
4307;2285325;1166700544;18571264;1297457152;0;0;0;0;0;0;0;0;0;0;0;1824;0;0;125;0;62;0;
4308;2841368;1166700544;18571264;1297457152;0;0;0;0;0;0;0;0;0;0;0;1963;0;0;125;0;62;0;
4309;6363642;1166700544;18571264;1297457152;0;0;0;0;0;0;0;0;0;0;0;1743;0;0;125;0;62;0;
4310;3692394;1166700544;18575360;1297461248;0;0;0;0;0;0;0;0;0;0;0;1863;0;0;125;0;62;0;
4311;2569779;1166700544;18575360;1297461248;0;0;0;0;0;0;0;0;0;0;0;1743;0;0;125;0;62;0;
4312;3003783;1166700544;18575360;1297461248;0;0;0;0;0;0;0;0;0;0;0;1793;0;0;125;0;62;0;
4313;3470648;1166700544;18575360;1297461248;0;0;0;0;0;0;0;0;0;0;0;1833;0;0;125;0;62;0;
4314;1967419;1166700544;18575360;1297461248;0;0;0;0;0;0;0;0;0;0;0;1844;0;0;125;0;62;0;
4315;2247975;1166700544;18575360;1297461248;0;0;0;0;0;0;0;0;0;0;0;1814;0;0;125;0;62;0;
4316;3031124;1166700544;18575360;1297461248;0;0;0;0;0;0;0;0;0;0;0;1833;0;0;125;0;62;0;
4317;2425077;1166700544;18575360;1297461248;0;0;0;0;0;0;0;0;0;0;0;1774;0;0;125;0;62;0;
4318;1934477;1166700544;18575360;1297461248;0;0;0;0;0;0;0;0;0;0;0;1783;0;0;125;0;62;0;
4319;2879439;1166700544;18575360;1297461248;0;0;0;0;0;0;0;0;0;0;0;1813;0;0;125;0;62;0;
4320;3191795;1166700544;18575360;1297461248;0;0;0;0;0;0;0;0;0;0;0;1834;0;0;125;0;62;0;
4321;1970304;1166700544;18575360;1297461248;0;0;0;0;0;0;0;0;0;0;0;1793;0;0;125;0;62;0;
4322;5615890;1166700544;18575360;1297461248;0;0;0;0;0;0;0;0;0;0;0;1944;0;0;125;0;62;0;
4323;2847639;1166700544;18575360;1297461248;0;0;0;0;0;0;0;0;0;0;0;2294;0;0;125;0;62;0;
4324;3351575;1166700544;18575360;1297461248;0;0;0;0;0;0;0;0;0;0;0;1703;0;0;125;0;62;0;
4325;2946996;1166700544;18575360;1297461248;0;0;0;0;0;0;0;0;0;0;0;1764;0;0;125;0;62;0;
4326;2461495;1166700544;18575360;1297461248;0;0;0;0;0;0;0;0;0;0;0;2174;0;0;125;0;62;0;
4327;2561213;1166700544;18575360;1297461248;0;0;0;0;0;0;0;0;0;0;0;1783;0;0;125;0;62;0;
4328;2282811;1166700544;18575360;1297461248;0;0;0;0;0;0;0;0;0;0;0;1623;0;0;125;0;62;0;
4329;2628909;1166700544;18575360;1297461248;0;0;0;0;0;0;0;0;0;0;0;1513;0;0;125;0;62;0;
4330;2225694;1166700544;18575360;1297461248;0;0;0;0;0;0;0;0;0;0;0;1744;0;0;125;0;62;0;
4331;2747892;1166917632;18571264;1297457152;0;0;0;0;0;0;0;0;0;0;0;1793;0;0;125;0;62;0;
4332;2257102;1166917632;18571264;1297457152;0;0;0;0;0;0;0;0;0;0;0;1873;0;0;125;0;62;0;
4333;2611707;1166917632;18571264;1297457152;0;0;0;0;0;0;0;0;0;0;0;1814;0;0;125;0;62;0;
4334;5024681;1166917632;18571264;1297457152;0;0;0;0;0;0;0;0;0;0;0;92464;0;0;125;0;62;0;
4335;4044995;1166917632;18575360;1297461248;0;0;0;0;0;0;0;0;0;0;0;2034;0;0;125;0;62;0;
4336;2341481;1166917632;18575360;1297461248;0;0;0;0;0;0;0;0;0;0;0;1533;0;0;125;0;62;0;
4337;3435512;1166917632;18575360;1297461248;0;0;0;0;0;0;0;0;0;0;0;1633;0;0;125;0;62;0;
4338;3137633;1166917632;18575360;1297461248;0;0;0;0;0;0;0;0;0;0;0;1884;0;0;125;0;62;0;
4339;2474559;1166917632;18575360;1297461248;0;0;0;0;0;0;0;0;0;0;0;1473;0;0;125;0;62;0;
4340;3024020;1166917632;18575360;1297461248;0;0;0;0;0;0;0;0;0;0;0;1814;0;0;125;0;62;0;
4341;2262683;1166917632;18575360;1297461248;0;0;0;0;0;0;0;0;0;0;0;1803;0;0;125;0;62;0;
4342;1994790;1166917632;18575360;1297461248;0;0;0;0;0;0;0;0;0;0;0;1894;0;0;125;0;62;0;
4343;3512616;1166917632;18575360;1297461248;0;0;0;0;0;0;0;0;0;0;0;1493;0;0;125;0;62;0;
4344;2452749;1166917632;18575360;1297461248;0;0;0;0;0;0;0;0;0;0;0;1713;0;0;125;0;62;0;
4345;2395091;1166917632;18575360;1297461248;0;0;0;0;0;0;0;0;0;0;0;1804;0;0;125;0;62;0;
4346;4794791;1166917632;18575360;1297461248;0;0;0;0;0;0;0;0;0;0;0;1934;0;0;125;0;62;0;
4347;3491076;1166917632;18575360;1297461248;0;0;0;0;0;0;0;0;0;0;0;2324;0;0;125;0;62;0;
4348;2626084;1166917632;18575360;1297461248;0;0;0;0;0;0;0;0;0;0;0;1513;0;0;125;0;62;0;
4349;2351409;1166917632;18575360;1297461248;0;0;0;0;0;0;0;0;0;0;0;23654;0;0;125;0;62;0;
4350;2484959;1166917632;18575360;1297461248;0;0;0;0;0;0;0;0;0;0;0;2004;0;0;125;0;62;0;
4351;2480921;1166917632;18575360;1297461248;0;0;0;0;0;0;0;0;0;0;0;1803;0;0;125;0;62;0;
4352;2813836;1166917632;18575360;1297461248;0;0;0;0;0;0;0;0;0;0;0;1452;0;0;125;0;62;0;
4353;1600050;1166917632;18575360;1297461248;0;0;0;0;0;0;0;0;0;0;0;1422;0;0;125;0;62;0;
4354;2754164;1166917632;18575360;1297461248;0;0;0;0;0;0;0;0;0;0;0;1503;0;0;125;0;62;0;
4355;2337092;1166917632;18575360;1297461248;0;0;0;0;0;0;0;0;0;0;0;1382;0;0;125;0;62;0;
4356;2036779;1166917632;18575360;1297461248;0;0;0;0;0;0;0;0;0;0;0;1423;0;0;125;0;62;0;
4357;2045385;1166917632;18575360;1297461248;0;0;0;0;0;0;0;0;0;0;0;1493;0;0;125;0;62;0;
4358;4930435;1166917632;18575360;1297461248;0;0;0;0;0;0;0;0;0;0;0;1392;0;0;125;0;62;0;
4359;3651187;1166917632;18575360;1297461248;0;0;0;0;0;0;0;0;0;0;0;2915;0;0;125;0;62;0;
4360;2311614;1166917632;18575360;1297461248;0;0;0;0;0;0;0;0;0;0;0;1603;0;0;125;0;62;0;
4361;3979632;1166917632;18575360;1297461248;0;0;0;0;0;0;0;0;0;0;0;1493;0;0;125;0;62;0;
4362;3334192;1166917632;18575360;1297461248;0;0;0;0;0;0;0;0;0;0;0;2875;0;0;125;0;62;0;
4363;3049157;1166917632;18575360;1297461248;0;0;0;0;0;0;0;0;0;0;0;2595;0;0;125;0;62;0;
4364;3362855;1166917632;18575360;1297461248;0;0;0;0;0;0;0;0;0;0;0;2485;0;0;125;0;62;0;
4365;1803191;1166917632;18575360;1297461248;0;0;0;0;0;0;0;0;0;0;0;6121;0;0;125;0;62;0;
4366;2422222;1166917632;18575360;1297461248;0;0;0;0;0;0;0;0;0;0;0;1432;0;0;125;0;62;0;
4367;1991795;1166917632;18575360;1297461248;0;0;0;0;0;0;0;0;0;0;0;1423;0;0;125;0;62;0;
4368;2479489;1166917632;18575360;1297461248;0;0;0;0;0;0;0;0;0;0;0;1854;0;0;125;0;62;0;
4369;2927359;1166917632;18575360;1297461248;0;0;0;0;0;0;0;0;0;0;0;1473;0;0;125;0;62;0;
4370;5658790;1166917632;18575360;1297461248;0;0;0;0;0;0;0;0;0;0;0;1573;0;0;125;0;62;0;
4371;4198583;1166917632;18575360;1297461248;0;0;0;0;0;0;0;0;0;0;0;3126;0;0;125;0;62;0;
4372;1332649;1166917632;18575360;1297461248;0;0;0;0;0;0;0;0;0;0;0;2255;0;0;125;0;62;0;
4373;2089378;1166917632;18575360;1297461248;0;0;0;0;0;0;0;0;0;0;0;1532;0;0;125;0;62;0;
4374;2554309;1166917632;18575360;1297461248;0;0;0;0;0;0;0;0;0;0;0;1373;0;0;125;0;62;0;
4375;3232912;1167179776;18575360;1297461248;0;0;0;0;0;0;0;0;0;0;0;1543;0;0;125;0;62;0;
4376;1921242;1167179776;18575360;1297461248;0;0;0;0;0;0;0;0;0;0;0;1492;0;0;125;0;62;0;
4377;2210495;1167179776;18575360;1297461248;0;0;0;0;0;0;0;0;0;0;0;1964;0;0;125;0;62;0;
4378;2750116;1167179776;18575360;1297461248;0;0;0;0;0;0;0;0;0;0;0;2114;0;0;125;0;62;0;
4379;2771297;1167179776;18575360;1297461248;0;0;0;0;0;0;0;0;0;0;0;1863;0;0;125;0;62;0;
4380;2973385;1167179776;18575360;1297461248;0;0;0;0;0;0;0;0;0;0;0;1884;0;0;125;0;62;0;
4381;2312726;1167179776;18575360;1297461248;0;0;0;0;0;0;0;0;0;0;0;1834;0;0;125;0;62;0;
4382;2032832;1167179776;18575360;1297461248;0;0;0;0;0;0;0;0;0;0;0;1643;0;0;125;0;62;0;
4383;6090400;1167179776;18575360;1297461248;0;0;0;0;0;0;0;0;0;0;0;1864;0;0;125;0;62;0;
4384;4194044;1167179776;18575360;1297461248;0;0;0;0;0;0;0;0;0;0;0;2946;0;0;125;0;62;0;
4385;2490840;1167179776;18575360;1297461248;0;0;0;0;0;0;0;0;0;0;0;1893;0;0;125;0;62;0;
4386;2733044;1167179776;18575360;1297461248;0;0;0;0;0;0;0;0;0;0;0;1623;0;0;125;0;62;0;
4387;3213155;1167179776;18575360;1297461248;0;0;0;0;0;0;0;0;0;0;0;1493;0;0;125;0;62;0;
4388;2225793;1167179776;18575360;1297461248;0;0;0;0;0;0;0;0;0;0;0;138630;0;0;125;0;62;0;
4389;2399289;1167179776;18575360;1297461248;0;0;0;0;0;0;0;0;0;0;0;1943;0;0;125;0;62;0;
4390;2999013;1167179776;18575360;1297461248;0;0;0;0;0;0;0;0;0;0;0;1783;0;0;125;0;62;0;
4391;2147587;1167179776;18575360;1297461248;0;0;0;0;0;0;0;0;0;0;0;1814;0;0;125;0;62;0;
4392;2907101;1167179776;18575360;1297461248;0;0;0;0;0;0;0;0;0;0;0;1753;0;0;125;0;62;0;
4393;3607404;1167241216;18571264;1297457152;0;0;0;0;0;0;0;0;0;0;0;1733;0;0;125;0;62;0;
4394;2667853;1167241216;18571264;1297457152;0;0;0;0;0;0;0;0;0;0;0;1593;0;0;125;0;62;0;
4395;1895504;1167241216;18571264;1297457152;0;0;0;0;0;0;0;0;0;0;0;1433;0;0;125;0;62;0;
4396;4655399;1167241216;18571264;1297457152;0;0;0;0;0;0;0;0;0;0;0;1433;0;0;125;0;62;0;
4397;3511845;1167241216;18571264;1297457152;0;0;0;0;0;0;0;0;0;0;0;2484;0;0;125;0;62;0;
4398;2113493;1167241216;18571264;1297457152;0;0;0;0;0;0;0;0;0;0;0;1783;0;0;125;0;62;0;
4399;2935875;1167241216;18571264;1297457152;0;0;0;0;0;0;0;0;0;0;0;1754;0;0;125;0;62;0;
4400;2187482;1167241216;18571264;1297457152;0;0;0;0;0;0;0;0;0;0;0;1883;0;0;125;0;62;0;
4401;1941731;1167241216;18571264;1297457152;0;0;0;0;0;0;0;0;0;0;0;1793;0;0;125;0;62;0;
4402;9361453;1167241216;18571264;1297457152;0;0;0;0;0;0;0;0;0;0;0;1803;0;0;125;0;62;0;
4403;2459511;1167241216;18571264;1297457152;0;0;0;0;0;0;0;0;0;0;0;1854;0;0;125;0;62;0;
4404;2789541;1167241216;18571264;1297457152;0;0;0;0;0;0;0;0;0;0;0;1804;0;0;125;0;62;0;
4405;2986059;1167241216;18571264;1297457152;0;0;0;0;0;0;0;0;0;0;0;1854;0;0;125;0;62;0;
4406;2063168;1167241216;18571264;1297457152;0;0;0;0;0;0;0;0;0;0;0;1914;0;0;125;0;62;0;
4407;1877841;1167241216;18571264;1297457152;0;0;0;0;0;0;0;0;0;0;0;1322;0;0;125;0;62;0;
4408;5011998;1167241216;18571264;1297457152;0;0;0;0;0;0;0;0;0;0;0;1413;0;0;125;0;62;0;
4409;4874580;1167241216;18575360;1297461248;0;0;0;0;0;0;0;0;0;0;0;4930;0;0;125;0;62;0;
4410;2050315;1167241216;18575360;1297461248;0;0;0;0;0;0;0;0;0;0;0;2144;0;0;125;0;62;0;
4411;1915882;1167241216;18575360;1297461248;0;0;0;0;0;0;0;0;0;0;0;1903;0;0;125;0;62;0;
4412;2448341;1167241216;18575360;1297461248;0;0;0;0;0;0;0;0;0;0;0;1924;0;0;125;0;62;0;
4413;1947231;1167241216;18575360;1297461248;0;0;0;0;0;0;0;0;0;0;0;2194;0;0;125;0;62;0;
4414;1928987;1167241216;18575360;1297461248;0;0;0;0;0;0;0;0;0;0;0;1984;0;0;125;0;62;0;
4415;2544571;1167241216;18575360;1297461248;0;0;0;0;0;0;0;0;0;0;0;2114;0;0;125;0;62;0;
4416;1573370;1167241216;18575360;1297461248;0;0;0;0;0;0;0;0;0;0;0;1673;0;0;125;0;62;0;
4417;2692018;1167241216;18575360;1297461248;0;0;0;0;0;0;0;0;0;0;0;1844;0;0;125;0;62;0;
4418;2826259;1167241216;18575360;1297461248;0;0;0;0;0;0;0;0;0;0;0;1944;0;0;125;0;62;0;
4419;2344877;1167241216;18575360;1297461248;0;0;0;0;0;0;0;0;0;0;0;1943;0;0;125;0;62;0;
4420;2041959;1167241216;18575360;1297461248;0;0;0;0;0;0;0;0;0;0;0;1653;0;0;125;0;62;0;
4421;5560807;1167241216;18575360;1297461248;0;0;0;0;0;0;0;0;0;0;0;1503;0;0;125;0;62;0;
4422;3496506;1167241216;18575360;1297461248;0;0;0;0;0;0;0;0;0;0;0;2955;0;0;125;0;62;0;
4423;2461065;1167241216;18575360;1297461248;0;0;0;0;0;0;0;0;0;0;0;3066;0;0;125;0;62;0;
4424;1693746;1167241216;18575360;1297461248;0;0;0;0;0;0;0;0;0;0;0;1342;0;0;125;0;62;0;
4425;2404749;1167241216;18575360;1297461248;0;0;0;0;0;0;0;0;0;0;0;1432;0;0;125;0;62;0;
4426;1657638;1167241216;18575360;1297461248;0;0;0;0;0;0;0;0;0;0;0;1733;0;0;125;0;62;0;
4427;1582458;1167241216;18575360;1297461248;0;0;0;0;0;0;0;0;0;0;0;1423;0;0;125;0;62;0;
4428;1649353;1167241216;18575360;1297461248;0;0;0;0;0;0;0;0;0;0;0;1543;0;0;125;0;62;0;
4429;1693926;1167241216;18575360;1297461248;0;0;0;0;0;0;0;0;0;0;0;1412;0;0;125;0;62;0;
4430;1820483;1167241216;18575360;1297461248;0;0;0;0;0;0;0;0;0;0;0;96581;0;0;125;0;62;0;
4431;2132789;1167286272;18571264;1297457152;0;0;0;0;0;0;0;0;0;0;0;45135;0;0;125;0;62;0;
4432;2934322;1167286272;18571264;1297457152;0;0;0;0;0;0;0;0;0;0;0;1373;0;0;125;0;62;0;
4433;1934878;1167286272;18571264;1297457152;0;0;0;0;0;0;0;0;0;0;0;1573;0;0;125;0;62;0;
4434;5194109;1167286272;18571264;1297457152;0;0;0;0;0;0;0;0;0;0;0;1293;0;0;125;0;62;0;
4435;3139687;1167286272;18571264;1297457152;0;0;0;0;0;0;0;0;0;0;0;1783;0;0;125;0;62;0;
4436;1707632;1167286272;18571264;1297457152;0;0;0;0;0;0;0;0;0;0;0;1503;0;0;125;0;62;0;
4437;3378775;1167286272;18571264;1297457152;0;0;0;0;0;0;0;0;0;0;0;1343;0;0;125;0;62;0;
4438;2649548;1167286272;18571264;1297457152;0;0;0;0;0;0;0;0;0;0;0;1462;0;0;125;0;62;0;
4439;1018189;1167286272;18571264;1297457152;0;0;0;0;0;0;0;0;0;0;0;1773;0;0;125;0;62;0;
4440;907992;1167286272;18571264;1297457152;0;0;0;0;0;0;0;0;0;0;0;1733;0;0;125;0;62;0;
4441;1588839;1167286272;18571264;1297457152;0;0;0;0;0;0;0;0;0;0;0;1944;0;0;125;0;62;0;
4442;967093;1167286272;18571264;1297457152;0;0;0;0;0;0;0;0;0;0;0;1733;0;0;125;0;62;0;
4443;1990312;1167286272;18571264;1297457152;0;0;0;0;0;0;0;0;0;0;0;1863;0;0;125;0;62;0;
4444;2850244;1167552512;18571264;1297457152;0;0;0;0;0;0;0;0;0;0;0;1743;0;0;125;0;62;0;
4445;1670422;1167552512;18571264;1297457152;0;0;0;0;0;0;0;0;0;0;0;1543;0;0;125;0;62;0;
4446;2039484;1167552512;18571264;1297457152;0;0;0;0;0;0;0;0;0;0;0;1463;0;0;125;0;62;0;
4447;4679585;1167552512;18571264;1297457152;0;0;0;0;0;0;0;0;0;0;0;1854;0;0;125;0;62;0;
4448;1930380;1167552512;18571264;1297457152;0;0;0;0;0;0;0;0;0;0;0;1583;0;0;125;0;62;0;
4449;2187822;1167552512;18571264;1297457152;0;0;0;0;0;0;0;0;0;0;0;1453;0;0;125;0;62;0;
4450;1849057;1167552512;18571264;1297457152;0;0;0;0;0;0;0;0;0;0;0;73558;0;0;125;0;62;0;
4451;2092303;1167552512;18571264;1297457152;0;0;0;0;0;0;0;0;0;0;0;1482;0;0;125;0;62;0;
4452;1857783;1167552512;18571264;1297457152;0;0;0;0;0;0;0;0;0;0;0;1503;0;0;125;0;62;0;
4453;2006091;1167552512;18571264;1297457152;0;0;0;0;0;0;0;0;0;0;0;26861;0;0;125;0;62;0;
4454;2125195;1167552512;18571264;1297457152;0;0;0;0;0;0;0;0;0;0;0;1473;0;0;125;0;62;0;
4455;2106750;1167552512;18571264;1297457152;0;0;0;0;0;0;0;0;0;0;0;1463;0;0;125;0;62;0;
4456;2077947;1167552512;18571264;1297457152;0;0;0;0;0;0;0;0;0;0;0;1492;0;0;125;0;62;0;
4457;2505077;1167552512;18571264;1297457152;0;0;0;0;0;0;0;0;0;0;0;1312;0;0;125;0;62;0;
4458;1900814;1167552512;18571264;1297457152;0;0;0;0;0;0;0;0;0;0;0;1503;0;0;125;0;62;0;
4459;1924158;1167552512;18571264;1297457152;0;0;0;0;0;0;0;0;0;0;0;1433;0;0;125;0;62;0;
4460;5091446;1167552512;18571264;1297457152;0;0;0;0;0;0;0;0;0;0;0;1233;0;0;125;0;62;0;
4461;2282029;1167552512;18571264;1297457152;0;0;0;0;0;0;0;0;0;0;0;1563;0;0;125;0;62;0;
4462;1954474;1167552512;18571264;1297457152;0;0;0;0;0;0;0;0;0;0;0;1373;0;0;125;0;62;0;
4463;1924769;1167552512;18571264;1297457152;0;0;0;0;0;0;0;0;0;0;0;1443;0;0;125;0;62;0;
4464;2240301;1167552512;18571264;1297457152;0;0;0;0;0;0;0;0;0;0;0;1443;0;0;125;0;62;0;
4465;1875447;1167552512;18571264;1297457152;0;0;0;0;0;0;0;0;0;0;0;1242;0;0;125;0;62;0;
4466;1534387;1167552512;18571264;1297457152;0;0;0;0;0;0;0;0;0;0;0;1463;0;0;125;0;62;0;
4467;1672436;1167552512;18571264;1297457152;0;0;0;0;0;0;0;0;0;0;0;1423;0;0;125;0;62;0;
4468;1786991;1167552512;18571264;1297457152;0;0;0;0;0;0;0;0;0;0;0;1403;0;0;125;0;62;0;
4469;1506745;1167552512;18571264;1297457152;0;0;0;0;0;0;0;0;0;0;0;1502;0;0;125;0;62;0;
4470;2129173;1167552512;18571264;1297457152;0;0;0;0;0;0;0;0;0;0;0;1413;0;0;125;0;62;0;
4471;1971557;1167552512;18571264;1297457152;0;0;0;0;0;0;0;0;0;0;0;1533;0;0;125;0;62;0;
4472;1703494;1167552512;18571264;1297457152;0;0;0;0;0;0;0;0;0;0;0;1432;0;0;125;0;62;0;
4473;5245025;1167552512;18571264;1297457152;0;0;0;0;0;0;0;0;0;0;0;1403;0;0;125;0;62;0;
4474;3667346;1167552512;18571264;1297457152;0;0;0;0;0;0;0;0;0;0;0;1814;0;0;125;0;62;0;
4475;1857243;1167552512;18571264;1297457152;0;0;0;0;0;0;0;0;0;0;0;1793;0;0;125;0;62;0;
4476;2846157;1167552512;18571264;1297457152;0;0;0;0;0;0;0;0;0;0;0;1803;0;0;125;0;62;0;
4477;2558067;1167552512;18571264;1297457152;0;0;0;0;0;0;0;0;0;0;0;1403;0;0;125;0;62;0;
4478;2780243;1167552512;18571264;1297457152;0;0;0;0;0;0;0;0;0;0;0;1453;0;0;125;0;62;0;
4479;1603487;1167552512;18571264;1297457152;0;0;0;0;0;0;0;0;0;0;0;1382;0;0;125;0;62;0;
4480;1991825;1167552512;18571264;1297457152;0;0;0;0;0;0;0;0;0;0;0;1403;0;0;125;0;62;0;
4481;2090059;1167552512;18571264;1297457152;0;0;0;0;0;0;0;0;0;0;0;1333;0;0;125;0;62;0;
4482;1787802;1167552512;18571264;1297457152;0;0;0;0;0;0;0;0;0;0;0;1412;0;0;125;0;62;0;
4483;2375123;1167552512;18571264;1297457152;0;0;0;0;0;0;0;0;0;0;0;1422;0;0;125;0;62;0;
4484;2268674;1167552512;18571264;1297457152;0;0;0;0;0;0;0;0;0;0;0;1473;0;0;125;0;62;0;
4485;1552701;1167552512;18571264;1297457152;0;0;0;0;0;0;0;0;0;0;0;1683;0;0;125;0;62;0;
4486;4691216;1167552512;18571264;1297457152;0;0;0;0;0;0;0;0;0;0;0;1423;0;0;125;0;62;0;
4487;3329253;1167552512;18571264;1297457152;0;0;0;0;0;0;0;0;0;0;0;1603;0;0;125;0;62;0;
4488;2166692;1167552512;18571264;1297457152;0;0;0;0;0;0;0;0;0;0;0;1523;0;0;125;0;62;0;
4489;1503559;1167552512;18571264;1297457152;0;0;0;0;0;0;0;0;0;0;0;1403;0;0;125;0;62;0;
4490;3063745;1167552512;18571264;1297457152;0;0;0;0;0;0;0;0;0;0;0;1593;0;0;125;0;62;0;
4491;2250650;1167552512;18571264;1297457152;0;0;0;0;0;0;0;0;0;0;0;1894;0;0;125;0;62;0;
4492;1126432;1167552512;18571264;1297457152;0;0;0;0;0;0;0;0;0;0;0;1333;0;0;125;0;62;0;
4493;2019697;1167552512;18571264;1297457152;0;0;0;0;0;0;0;0;0;0;0;1472;0;0;125;0;62;0;
4494;1932363;1167552512;18571264;1297457152;0;0;0;0;0;0;0;0;0;0;0;1653;0;0;125;0;62;0;
4495;1832206;1167552512;18571264;1297457152;0;0;0;0;0;0;0;0;0;0;0;1643;0;0;125;0;62;0;
4496;2248506;1167552512;18571264;1297457152;0;0;0;0;0;0;0;0;0;0;0;1433;0;0;125;0;62;0;
4497;2150252;1167552512;18571264;1297457152;0;0;0;0;0;0;0;0;0;0;0;1633;0;0;125;0;62;0;
4498;2008175;1167552512;18571264;1297457152;0;0;0;0;0;0;0;0;0;0;0;1453;0;0;125;0;62;0;
4499;4991810;1167552512;18571264;1297457152;0;0;0;0;0;0;0;0;0;0;0;1512;0;0;125;0;62;0;
4500;2429916;1167552512;18571264;1297457152;0;0;0;0;0;0;0;0;0;0;0;1944;0;0;125;0;62;0;
4501;2003927;1167552512;18571264;1297457152;0;0;0;0;0;0;0;0;0;0;0;1443;0;0;125;0;62;0;
4502;2200817;1167552512;18571264;1297457152;0;0;0;0;0;0;0;0;0;0;0;1442;0;0;125;0;62;0;
4503;1438697;1167552512;18571264;1297457152;0;0;0;0;0;0;0;0;0;0;0;1433;0;0;125;0;62;0;
4504;1646417;1167552512;18571264;1297457152;0;0;0;0;0;0;0;0;0;0;0;1503;0;0;125;0;62;0;
4505;2694813;1167552512;18571264;1297457152;0;0;0;0;0;0;0;0;0;0;0;130104;0;0;125;0;62;0;
4506;1978640;1167552512;18571264;1297457152;0;0;0;0;0;0;0;0;0;0;0;1432;0;0;125;0;62;0;
4507;1783965;1167552512;18571264;1297457152;0;0;0;0;0;0;0;0;0;0;0;1433;0;0;125;0;62;0;
4508;2808216;1167552512;18571264;1297457152;0;0;0;0;0;0;0;0;0;0;0;1443;0;0;125;0;62;0;
4509;2538930;1167552512;18571264;1297457152;0;0;0;0;0;0;0;0;0;0;0;1944;0;0;125;0;62;0;
4510;2045446;1167552512;18571264;1297457152;0;0;0;0;0;0;0;0;0;0;0;1432;0;0;125;0;62;0;
4511;4820319;1167552512;18571264;1297457152;0;0;0;0;0;0;0;0;0;0;0;1402;0;0;125;0;62;0;
4512;2809097;1167552512;18575360;1297461248;0;0;0;0;0;0;0;0;0;0;0;2134;0;0;125;0;62;0;
4513;1278197;1167552512;18575360;1297461248;0;0;0;0;0;0;0;0;0;0;0;1382;0;0;125;0;62;0;
4514;2591680;1167552512;18575360;1297461248;0;0;0;0;0;0;0;0;0;0;0;1423;0;0;125;0;62;0;
4515;2320341;1167552512;18575360;1297461248;0;0;0;0;0;0;0;0;0;0;0;1453;0;0;125;0;62;0;
4516;2095589;1167552512;18575360;1297461248;0;0;0;0;0;0;0;0;0;0;0;1543;0;0;125;0;62;0;
4517;2641353;1167552512;18575360;1297461248;0;0;0;0;0;0;0;0;0;0;0;1834;0;0;125;0;62;0;
4518;2043892;1167552512;18575360;1297461248;0;0;0;0;0;0;0;0;0;0;0;2084;0;0;125;0;62;0;
4519;2086232;1167552512;18575360;1297461248;0;0;0;0;0;0;0;0;0;0;0;1422;0;0;125;0;62;0;
4520;2412093;1167552512;18575360;1297461248;0;0;0;0;0;0;0;0;0;0;0;1443;0;0;125;0;62;0;
4521;2192781;1167552512;18575360;1297461248;0;0;0;0;0;0;0;0;0;0;0;1553;0;0;125;0;62;0;
4522;2212669;1167552512;18575360;1297461248;0;0;0;0;0;0;0;0;0;0;0;1583;0;0;125;0;62;0;
4523;4659096;1167552512;18575360;1297461248;0;0;0;0;0;0;0;0;0;0;0;1453;0;0;125;0;62;0;
4524;3073733;1167552512;18575360;1297461248;0;0;0;0;0;0;0;0;0;0;0;1453;0;0;125;0;62;0;
4525;1631038;1167552512;18575360;1297461248;0;0;0;0;0;0;0;0;0;0;0;1513;0;0;125;0;62;0;
4526;2099998;1167552512;18575360;1297461248;0;0;0;0;0;0;0;0;0;0;0;1643;0;0;125;0;62;0;
4527;2034254;1167552512;18575360;1297461248;0;0;0;0;0;0;0;0;0;0;0;1463;0;0;125;0;62;0;
4528;2395021;1167822848;18575360;1297461248;0;0;0;0;0;0;0;0;0;0;0;2014;0;0;125;0;62;0;
4529;2200186;1167822848;18575360;1297461248;0;0;0;0;0;0;0;0;0;0;0;1433;0;0;125;0;62;0;
4530;2169027;1167822848;18575360;1297461248;0;0;0;0;0;0;0;0;0;0;0;1663;0;0;125;0;62;0;
4531;861976;1167822848;18575360;1297461248;0;0;0;0;0;0;0;0;0;0;0;1352;0;0;125;0;62;0;
4532;2111008;1167822848;18575360;1297461248;0;0;0;0;0;0;0;0;0;0;0;1403;0;0;125;0;62;0;
4533;1721779;1167822848;18575360;1297461248;0;0;0;0;0;0;0;0;0;0;0;1342;0;0;125;0;62;0;
4534;979346;1167822848;18575360;1297461248;0;0;0;0;0;0;0;0;0;0;0;1573;0;0;125;0;62;0;
4535;2542156;1167822848;18575360;1297461248;0;0;0;0;0;0;0;0;0;0;0;1423;0;0;125;0;62;0;
4536;4990938;1167822848;18575360;1297461248;0;0;0;0;0;0;0;0;0;0;0;1473;0;0;125;0;62;0;
4537;3610129;1167822848;18575360;1297461248;0;0;0;0;0;0;0;0;0;0;0;1834;0;0;125;0;62;0;
4538;2105939;1167822848;18575360;1297461248;0;0;0;0;0;0;0;0;0;0;0;1623;0;0;125;0;62;0;
4539;1223123;1167822848;18575360;1297461248;0;0;0;0;0;0;0;0;0;0;0;1493;0;0;125;0;62;0;
4540;2382177;1167822848;18575360;1297461248;0;0;0;0;0;0;0;0;0;0;0;1683;0;0;125;0;62;0;
4541;1755912;1167822848;18575360;1297461248;0;0;0;0;0;0;0;0;0;0;0;1442;0;0;125;0;62;0;
4542;1144336;1167822848;18575360;1297461248;0;0;0;0;0;0;0;0;0;0;0;1413;0;0;125;0;62;0;
4543;2061475;1167822848;18575360;1297461248;0;0;0;0;0;0;0;0;0;0;0;1674;0;0;125;0;62;0;
4544;2178375;1167822848;18575360;1297461248;0;0;0;0;0;0;0;0;0;0;0;1463;0;0;125;0;62;0;
4545;1536421;1167822848;18575360;1297461248;0;0;0;0;0;0;0;0;0;0;0;1472;0;0;125;0;62;0;
4546;1795747;1167941632;18571264;1297457152;0;0;0;0;0;0;0;0;0;0;0;1393;0;0;125;0;62;0;
4547;1730054;1167941632;18571264;1297457152;0;0;0;0;0;0;0;0;0;0;0;1443;0;0;125;0;62;0;
4548;1602815;1167941632;18571264;1297457152;0;0;0;0;0;0;0;0;0;0;0;1443;0;0;125;0;62;0;
4549;4439704;1167941632;18571264;1297457152;0;0;0;0;0;0;0;0;0;0;0;1392;0;0;125;0;62;0;
4550;2109897;1167941632;18571264;1297457152;0;0;0;0;0;0;0;0;0;0;0;1954;0;0;125;0;62;0;
4551;2016571;1167941632;18571264;1297457152;0;0;0;0;0;0;0;0;0;0;0;1423;0;0;125;0;62;0;
4552;2501811;1167941632;18571264;1297457152;0;0;0;0;0;0;0;0;0;0;0;1593;0;0;125;0;62;0;
4553;1741786;1167941632;18571264;1297457152;0;0;0;0;0;0;0;0;0;0;0;1443;0;0;125;0;62;0;
4554;1950337;1167941632;18571264;1297457152;0;0;0;0;0;0;0;0;0;0;0;1403;0;0;125;0;62;0;
4555;1922575;1167941632;18571264;1297457152;0;0;0;0;0;0;0;0;0;0;0;1443;0;0;125;0;62;0;
4556;1349270;1167941632;18571264;1297457152;0;0;0;0;0;0;0;0;0;0;0;1423;0;0;125;0;62;0;
4557;1309245;1167941632;18571264;1297457152;0;0;0;0;0;0;0;0;0;0;0;1482;0;0;125;0;62;0;
4558;2134703;1167941632;18571264;1297457152;0;0;0;0;0;0;0;0;0;0;0;1643;0;0;125;0;62;0;
4559;1110442;1167941632;18571264;1297457152;0;0;0;0;0;0;0;0;0;0;0;1452;0;0;125;0;62;0;
4560;1266515;1167941632;18571264;1297457152;0;0;0;0;0;0;0;0;0;0;0;1553;0;0;125;0;62;0;
4561;4240060;1167941632;18571264;1297457152;0;0;0;0;0;0;0;0;0;0;0;1803;0;0;125;0;62;0;
4562;3766613;1167941632;18575360;1297461248;0;0;0;0;0;0;0;0;0;0;0;2084;0;0;125;0;62;0;
4563;2502172;1167941632;18575360;1297461248;0;0;0;0;0;0;0;0;0;0;0;1483;0;0;125;0;62;0;
4564;1707121;1167941632;18575360;1297461248;0;0;0;0;0;0;0;0;0;0;0;1683;0;0;125;0;62;0;
4565;1975274;1167941632;18575360;1297461248;0;0;0;0;0;0;0;0;0;0;0;1382;0;0;125;0;62;0;
4566;1295690;1167941632;18575360;1297461248;0;0;0;0;0;0;0;0;0;0;0;1543;0;0;125;0;62;0;
4567;1365450;1167941632;18575360;1297461248;0;0;0;0;0;0;0;0;0;0;0;1743;0;0;125;0;62;0;
4568;1816706;1167941632;18575360;1297461248;0;0;0;0;0;0;0;0;0;0;0;1613;0;0;125;0;62;0;
4569;1067772;1167941632;18575360;1297461248;0;0;0;0;0;0;0;0;0;0;0;1373;0;0;125;0;62;0;
4570;885841;1167941632;18575360;1297461248;0;0;0;0;0;0;0;0;0;0;0;1503;0;0;125;0;62;0;
4571;1842374;1167941632;18575360;1297461248;0;0;0;0;0;0;0;0;0;0;0;1423;0;0;125;0;62;0;
4572;1306109;1167941632;18575360;1297461248;0;0;0;0;0;0;0;0;0;0;0;1853;0;0;125;0;62;0;
4573;930725;1167941632;18575360;1297461248;0;0;0;0;0;0;0;0;0;0;0;1794;0;0;125;0;62;0;
4574;6294944;1167941632;18575360;1297461248;0;0;0;0;0;0;0;0;0;0;0;1723;0;0;125;0;62;0;
4575;3307953;1167941632;18575360;1297461248;0;0;0;0;0;0;0;0;0;0;0;3517;0;0;125;0;62;0;
4576;2007885;1167941632;18575360;1297461248;0;0;0;0;0;0;0;0;0;0;0;1643;0;0;125;0;62;0;
4577;1413310;1167941632;18575360;1297461248;0;0;0;0;0;0;0;0;0;0;0;1393;0;0;125;0;62;0;
4578;2333516;1167941632;18575360;1297461248;0;0;0;0;0;0;0;0;0;0;0;1442;0;0;125;0;62;0;
4579;1462863;1167941632;18575360;1297461248;0;0;0;0;0;0;0;0;0;0;0;1953;0;0;125;0;62;0;
4580;869150;1167941632;18575360;1297461248;0;0;0;0;0;0;0;0;0;0;0;1453;0;0;125;0;62;0;
4581;1527394;1167941632;18575360;1297461248;0;0;0;0;0;0;0;0;0;0;0;1383;0;0;125;0;62;0;
4582;1221611;1167941632;18575360;1297461248;0;0;0;0;0;0;0;0;0;0;0;1363;0;0;125;0;62;0;
4583;1687945;1167941632;18575360;1297461248;0;0;0;0;0;0;0;0;0;0;0;1473;0;0;125;0;62;0;
4584;1622542;1167941632;18571264;1297457152;0;0;0;0;0;0;0;0;0;0;0;1432;0;0;125;0;62;0;
4585;1220880;1167941632;18571264;1297457152;0;0;0;0;0;0;0;0;0;0;0;1272;0;0;125;0;62;0;
4586;1178771;1167941632;18571264;1297457152;0;0;0;0;0;0;0;0;0;0;0;1723;0;0;125;0;62;0;
4587;4538981;1167941632;18571264;1297457152;0;0;0;0;0;0;0;0;0;0;0;1903;0;0;125;0;62;0;
4588;1573821;1167941632;18571264;1297457152;0;0;0;0;0;0;0;0;0;0;0;1634;0;0;125;0;62;0;
4589;1126262;1167941632;18571264;1297457152;0;0;0;0;0;0;0;0;0;0;0;1473;0;0;125;0;62;0;
4590;2265989;1167941632;18571264;1297457152;0;0;0;0;0;0;0;0;0;0;0;1353;0;0;125;0;62;0;
4591;1748018;1167941632;18571264;1297457152;0;0;0;0;0;0;0;0;0;0;0;1873;0;0;125;0;62;0;
4592;1126483;1167941632;18571264;1297457152;0;0;0;0;0;0;0;0;0;0;0;1603;0;0;125;0;62;0;
4593;1477310;1167941632;18571264;1297457152;0;0;0;0;0;0;0;0;0;0;0;1423;0;0;125;0;62;0;
4594;895709;1167941632;18571264;1297457152;0;0;0;0;0;0;0;0;0;0;0;1322;0;0;125;0;62;0;
4595;767139;1167941632;18571264;1297457152;0;0;0;0;0;0;0;0;0;0;0;1533;0;0;125;0;62;0;
4596;1560767;1167941632;18571264;1297457152;0;0;0;0;0;0;0;0;0;0;0;1373;0;0;125;0;62;0;
4597;998312;1167941632;18571264;1297457152;0;0;0;0;0;0;0;0;0;0;0;1793;0;0;125;0;62;0;
4598;892935;1167941632;18571264;1297457152;0;0;0;0;0;0;0;0;0;0;0;1713;0;0;125;0;62;0;
4599;4822082;1167941632;18571264;1297457152;0;0;0;0;0;0;0;0;0;0;0;1523;0;0;125;0;62;0;
4600;1687624;1167941632;18575360;1297461248;0;0;0;0;0;0;0;0;0;0;0;2184;0;0;125;0;62;0;
4601;1718853;1167941632;18575360;1297461248;0;0;0;0;0;0;0;0;0;0;0;1814;0;0;125;0;62;0;
4602;950773;1167941632;18575360;1297461248;0;0;0;0;0;0;0;0;0;0;0;1763;0;0;125;0;62;0;
4603;1983269;1167941632;18575360;1297461248;0;0;0;0;0;0;0;0;0;0;0;1413;0;0;125;0;62;0;
4604;1423509;1167941632;18575360;1297461248;0;0;0;0;0;0;0;0;0;0;0;1934;0;0;125;0;62;0;
4605;938589;1167941632;18575360;1297461248;0;0;0;0;0;0;0;0;0;0;0;1452;0;0;125;0;62;0;
4606;1221390;1167941632;18575360;1297461248;0;0;0;0;0;0;0;0;0;0;0;1503;0;0;125;0;62;0;
4607;1228984;1167941632;18575360;1297461248;0;0;0;0;0;0;0;0;0;0;0;1403;0;0;125;0;62;0;
4608;1524579;1167941632;18575360;1297461248;0;0;0;0;0;0;0;0;0;0;0;1533;0;0;125;0;62;0;
4609;1259001;1167941632;18575360;1297461248;0;0;0;0;0;0;0;0;0;0;0;1643;0;0;125;0;62;0;
4610;1149566;1167941632;18575360;1297461248;0;0;0;0;0;0;0;0;0;0;0;1483;0;0;125;0;62;0;
4611;1471039;1167941632;18575360;1297461248;0;0;0;0;0;0;0;0;0;0;0;1422;0;0;125;0;62;0;
4612;4524203;1167941632;18575360;1297461248;0;0;0;0;0;0;0;0;0;0;0;1884;0;0;125;0;62;0;
4613;2169858;1167941632;18575360;1297461248;0;0;0;0;0;0;0;0;0;0;0;1292;0;0;125;0;62;0;
4614;934452;1167941632;18575360;1297461248;0;0;0;0;0;0;0;0;0;0;0;1843;0;0;125;0;62;0;
4615;1086598;1167941632;18575360;1297461248;0;0;0;0;0;0;0;0;0;0;0;1843;0;0;125;0;62;0;
4616;2149470;1167941632;18575360;1297461248;0;0;0;0;0;0;0;0;0;0;0;1573;0;0;125;0;62;0;
4617;1573410;1167941632;18575360;1297461248;0;0;0;0;0;0;0;0;0;0;0;1983;0;0;125;0;62;0;
4618;1330275;1167941632;18575360;1297461248;0;0;0;0;0;0;0;0;0;0;0;1533;0;0;125;0;62;0;
4619;1571096;1167941632;18575360;1297461248;0;0;0;0;0;0;0;0;0;0;0;1542;0;0;125;0;62;0;
4620;1440771;1167941632;18575360;1297461248;0;0;0;0;0;0;0;0;0;0;0;1543;0;0;125;0;62;0;
4621;991328;1167941632;18575360;1297461248;0;0;0;0;0;0;0;0;0;0;0;1623;0;0;125;0;62;0;
4622;1930160;1167941632;18571264;1297457152;0;0;0;0;0;0;0;0;0;0;0;1703;0;0;125;0;62;0;
4623;1082029;1167941632;18571264;1297457152;0;0;0;0;0;0;0;0;0;0;0;1442;0;0;125;0;62;0;
4624;1435722;1167941632;18571264;1297457152;0;0;0;0;0;0;0;0;0;0;0;1533;0;0;125;0;62;0;
4625;4204533;1167941632;18571264;1297457152;0;0;0;0;0;0;0;0;0;0;0;1563;0;0;125;0;62;0;
4626;1866780;1167941632;18571264;1297457152;0;0;0;0;0;0;0;0;0;0;0;2454;0;0;125;0;62;0;
4627;1569062;1168207872;18571264;1297457152;0;0;0;0;0;0;0;0;0;0;0;1903;0;0;125;0;62;0;
4628;1035201;1168207872;18571264;1297457152;0;0;0;0;0;0;0;0;0;0;0;1974;0;0;125;0;62;0;
4629;2091201;1168207872;18571264;1297457152;0;0;0;0;0;0;0;0;0;0;0;1473;0;0;125;0;62;0;
4630;1916874;1168207872;18571264;1297457152;0;0;0;0;0;0;0;0;0;0;0;3586;0;0;125;0;62;0;
4631;916047;1168207872;18571264;1297457152;0;0;0;0;0;0;0;0;0;0;0;1683;0;0;125;0;62;0;
4632;1908588;1168207872;18571264;1297457152;0;0;0;0;0;0;0;0;0;0;0;1623;0;0;125;0;62;0;
4633;1598658;1168207872;18571264;1297457152;0;0;0;0;0;0;0;0;0;0;0;1663;0;0;125;0;62;0;
4634;1101896;1168207872;18571264;1297457152;0;0;0;0;0;0;0;0;0;0;0;1643;0;0;125;0;62;0;
4635;1880616;1168207872;18571264;1297457152;0;0;0;0;0;0;0;0;0;0;0;1653;0;0;125;0;62;0;
4636;1123797;1168207872;18571264;1297457152;0;0;0;0;0;0;0;0;0;0;0;1733;0;0;125;0;62;0;
4637;1994811;1168207872;18571264;1297457152;0;0;0;0;0;0;0;0;0;0;0;1643;0;0;125;0;62;0;
4638;4355547;1168207872;18571264;1297457152;0;0;0;0;0;0;0;0;0;0;0;1563;0;0;125;0;62;0;
4639;2790161;1168207872;18571264;1297457152;0;0;0;0;0;0;0;0;0;0;0;1563;0;0;125;0;62;0;
4640;1219737;1168207872;18571264;1297457152;0;0;0;0;0;0;0;0;0;0;0;1472;0;0;125;0;62;0;
4641;3153934;1168207872;18571264;1297457152;0;0;0;0;0;0;0;0;0;0;0;1693;0;0;125;0;62;0;
4642;1966367;1168207872;18571264;1297457152;0;0;0;0;0;0;0;0;0;0;0;1573;0;0;125;0;62;0;
4643;921528;1168207872;18571264;1297457152;0;0;0;0;0;0;0;0;0;0;0;1442;0;0;125;0;62;0;
4644;1476058;1168207872;18571264;1297457152;0;0;0;0;0;0;0;0;0;0;0;1423;0;0;125;0;62;0;
4645;1080787;1168207872;18571264;1297457152;0;0;0;0;0;0;0;0;0;0;0;1443;0;0;125;0;62;0;
4646;865473;1168207872;18571264;1297457152;0;0;0;0;0;0;0;0;0;0;0;1423;0;0;125;0;62;0;
4647;1814272;1168207872;18571264;1297457152;0;0;0;0;0;0;0;0;0;0;0;1363;0;0;125;0;62;0;
4648;1245636;1168207872;18571264;1297457152;0;0;0;0;0;0;0;0;0;0;0;1382;0;0;125;0;62;0;
4649;1331136;1168207872;18571264;1297457152;0;0;0;0;0;0;0;0;0;0;0;1363;0;0;125;0;62;0;
4650;4439163;1168207872;18571264;1297457152;0;0;0;0;0;0;0;0;0;0;0;1613;0;0;125;0;62;0;
4651;3133305;1168207872;18575360;1297461248;0;0;0;0;0;0;0;0;0;0;0;2184;0;0;125;0;62;0;
4652;1549325;1168207872;18575360;1297461248;0;0;0;0;0;0;0;0;0;0;0;1443;0;0;125;0;62;0;
4653;1688125;1168207872;18575360;1297461248;0;0;0;0;0;0;0;0;0;0;0;1483;0;0;125;0;62;0;
4654;2452759;1168207872;18575360;1297461248;0;0;0;0;0;0;0;0;0;0;0;1533;0;0;125;0;62;0;
4655;934472;1168207872;18575360;1297461248;0;0;0;0;0;0;0;0;0;0;0;1433;0;0;125;0;62;0;
4656;1456761;1168207872;18575360;1297461248;0;0;0;0;0;0;0;0;0;0;0;1453;0;0;125;0;62;0;
4657;2696877;1168207872;18575360;1297461248;0;0;0;0;0;0;0;0;0;0;0;1422;0;0;125;0;62;0;
4658;1092479;1168207872;18575360;1297461248;0;0;0;0;0;0;0;0;0;0;0;1312;0;0;125;0;62;0;
4659;1186424;1168207872;18575360;1297461248;0;0;0;0;0;0;0;0;0;0;0;1593;0;0;125;0;62;0;
4660;3260163;1168207872;18575360;1297461248;0;0;0;0;0;0;0;0;0;0;0;1473;0;0;125;0;62;0;
4661;1684559;1168207872;18575360;1297461248;0;0;0;0;0;0;0;0;0;0;0;2235;0;0;125;0;62;0;
4662;1129297;1168207872;18575360;1297461248;0;0;0;0;0;0;0;0;0;0;0;1573;0;0;125;0;62;0;
4663;4199063;1168207872;18575360;1297461248;0;0;0;0;0;0;0;0;0;0;0;1372;0;0;125;0;62;0;
4664;3779056;1168207872;18575360;1297461248;0;0;0;0;0;0;0;0;0;0;0;1873;0;0;125;0;62;0;
4665;2163116;1168207872;18575360;1297461248;0;0;0;0;0;0;0;0;0;0;0;1863;0;0;125;0;62;0;
4666;1618164;1168207872;18575360;1297461248;0;0;0;0;0;0;0;0;0;0;0;1413;0;0;125;0;62;0;
4667;1840371;1168207872;18575360;1297461248;0;0;0;0;0;0;0;0;0;0;0;1363;0;0;125;0;62;0;
4668;1301871;1168207872;18575360;1297461248;0;0;0;0;0;0;0;0;0;0;0;1442;0;0;125;0;62;0;
4669;1007469;1168207872;18575360;1297461248;0;0;0;0;0;0;0;0;0;0;0;1393;0;0;125;0;62;0;
4670;1695048;1168207872;18575360;1297461248;0;0;0;0;0;0;0;0;0;0;0;1423;0;0;125;0;62;0;
4671;1787512;1168207872;18575360;1297461248;0;0;0;0;0;0;0;0;0;0;0;1763;0;0;125;0;62;0;
4672;1488071;1168207872;18575360;1297461248;0;0;0;0;0;0;0;0;0;0;0;1653;0;0;125;0;62;0;
4673;2728907;1168207872;18571264;1297457152;0;0;0;0;0;0;0;0;0;0;0;1753;0;0;125;0;62;0;
4674;2590818;1168207872;18571264;1297457152;0;0;0;0;0;0;0;0;0;0;0;6472;0;0;125;0;62;0;
4675;1456020;1168207872;18571264;1297457152;0;0;0;0;0;0;0;0;0;0;0;1523;0;0;125;0;62;0;
4676;4325620;1168207872;18571264;1297457152;0;0;0;0;0;0;0;0;0;0;0;1563;0;0;125;0;62;0;
4677;2308308;1168207872;18571264;1297457152;0;0;0;0;0;0;0;0;0;0;0;2064;0;0;125;0;62;0;
4678;924504;1168207872;18571264;1297457152;0;0;0;0;0;0;0;0;0;0;0;1562;0;0;125;0;62;0;
4679;1321048;1168207872;18571264;1297457152;0;0;0;0;0;0;0;0;0;0;0;1413;0;0;125;0;62;0;
4680;1479264;1168207872;18571264;1297457152;0;0;0;0;0;0;0;0;0;0;0;1422;0;0;125;0;62;0;
4681;1017307;1168207872;18571264;1297457152;0;0;0;0;0;0;0;0;0;0;0;1313;0;0;125;0;62;0;
4682;2319089;1168207872;18571264;1297457152;0;0;0;0;0;0;0;0;0;0;0;1944;0;0;125;0;62;0;
4683;1832776;1168207872;18571264;1297457152;0;0;0;0;0;0;0;0;0;0;0;1473;0;0;125;0;62;0;
4684;958097;1168207872;18571264;1297457152;0;0;0;0;0;0;0;0;0;0;0;1352;0;0;125;0;62;0;
4685;1359218;1168207872;18571264;1297457152;0;0;0;0;0;0;0;0;0;0;0;1403;0;0;125;0;62;0;
4686;1309065;1168207872;18571264;1297457152;0;0;0;0;0;0;0;0;0;0;0;1513;0;0;125;0;62;0;
4687;1083491;1168207872;18571264;1297457152;0;0;0;0;0;0;0;0;0;0;0;1503;0;0;125;0;62;0;
4688;4573996;1168207872;18571264;1297457152;0;0;0;0;0;0;0;0;0;0;0;1363;0;0;125;0;62;0;
4689;1643922;1168207872;18575360;1297461248;0;0;0;0;0;0;0;0;0;0;0;1884;0;0;125;0;62;0;
4690;1133014;1168207872;18575360;1297461248;0;0;0;0;0;0;0;0;0;0;0;1453;0;0;125;0;62;0;
4691;1463474;1168207872;18575360;1297461248;0;0;0;0;0;0;0;0;0;0;0;1563;0;0;125;0;62;0;
4692;908484;1168207872;18575360;1297461248;0;0;0;0;0;0;0;0;0;0;0;1392;0;0;125;0;62;0;
4693;992150;1168207872;18575360;1297461248;0;0;0;0;0;0;0;0;0;0;0;1492;0;0;125;0;62;0;
4694;1213015;1168207872;18575360;1297461248;0;0;0;0;0;0;0;0;0;0;0;1703;0;0;125;0;62;0;
4695;1166146;1168207872;18575360;1297461248;0;0;0;0;0;0;0;0;0;0;0;1462;0;0;125;0;62;0;
4696;1490815;1168207872;18575360;1297461248;0;0;0;0;0;0;0;0;0;0;0;1924;0;0;125;0;62;0;
4697;1992586;1168207872;18575360;1297461248;0;0;0;0;0;0;0;0;0;0;0;1563;0;0;125;0;62;0;
4698;940133;1168207872;18575360;1297461248;0;0;0;0;0;0;0;0;0;0;0;1643;0;0;125;0;62;0;
4699;837901;1168207872;18575360;1297461248;0;0;0;0;0;0;0;0;0;0;0;1503;0;0;125;0;62;0;
4700;3858275;1168207872;18575360;1297461248;0;0;0;0;0;0;0;0;0;0;0;1453;0;0;125;0;62;0;
4701;1785639;1168207872;18575360;1297461248;0;0;0;0;0;0;0;0;0;0;0;1944;0;0;125;0;62;0;
4702;875972;1168207872;18575360;1297461248;0;0;0;0;0;0;0;0;0;0;0;1984;0;0;125;0;62;0;
4703;1436374;1168207872;18575360;1297461248;0;0;0;0;0;0;0;0;0;0;0;1783;0;0;125;0;62;0;
4704;1705258;1168207872;18575360;1297461248;0;0;0;0;0;0;0;0;0;0;0;1453;0;0;125;0;62;0;
4705;796373;1168207872;18575360;1297461248;0;0;0;0;0;0;0;0;0;0;0;1382;0;0;125;0;62;0;
4706;1974452;1168207872;18575360;1297461248;0;0;0;0;0;0;0;0;0;0;0;3867;0;0;125;0;62;0;
4707;1592626;1168207872;18575360;1297461248;0;0;0;0;0;0;0;0;0;0;0;1864;0;0;125;0;62;0;
4708;918392;1168207872;18575360;1297461248;0;0;0;0;0;0;0;0;0;0;0;1493;0;0;125;0;62;0;
4709;1612474;1168207872;18575360;1297461248;0;0;0;0;0;0;0;0;0;0;0;1633;0;0;125;0;62;0;
4710;798157;1168207872;18575360;1297461248;0;0;0;0;0;0;0;0;0;0;0;1443;0;0;125;0;62;0;
4711;825158;1168207872;18575360;1297461248;0;0;0;0;0;0;0;0;0;0;0;1233;0;0;125;0;62;0;
4712;4127920;1168207872;18575360;1297461248;0;0;0;0;0;0;0;0;0;0;0;1463;0;0;125;0;62;0;
4713;1879174;1168207872;18575360;1297461248;0;0;0;0;0;0;0;0;0;0;0;1673;0;0;125;0;62;0;
4714;1245194;1168207872;18575360;1297461248;0;0;0;0;0;0;0;0;0;0;0;1573;0;0;125;0;62;0;
4715;1226821;1168207872;18575360;1297461248;0;0;0;0;0;0;0;0;0;0;0;1412;0;0;125;0;62;0;
4716;1384336;1168207872;18575360;1297461248;0;0;0;0;0;0;0;0;0;0;0;1703;0;0;125;0;62;0;
4717;1241758;1168207872;18575360;1297461248;0;0;0;0;0;0;0;0;0;0;0;1693;0;0;125;0;62;0;
4718;1198287;1168207872;18575360;1297461248;0;0;0;0;0;0;0;0;0;0;0;1512;0;0;125;0;62;0;
4719;2326993;1168207872;18575360;1297461248;0;0;0;0;0;0;0;0;0;0;0;3616;0;0;125;0;62;0;
4720;1203457;1168207872;18575360;1297461248;0;0;0;0;0;0;0;0;0;0;0;1753;0;0;125;0;62;0;
4721;931206;1168207872;18575360;1297461248;0;0;0;0;0;0;0;0;0;0;0;1543;0;0;125;0;62;0;
4722;1489082;1168207872;18571264;1297457152;0;0;0;0;0;0;0;0;0;0;0;1593;0;0;125;0;62;0;
4723;1191704;1168207872;18571264;1297457152;0;0;0;0;0;0;0;0;0;0;0;1613;0;0;125;0;62;0;
4724;913724;1168207872;18571264;1297457152;0;0;0;0;0;0;0;0;0;0;0;1492;0;0;125;0;62;0;
4725;3976466;1168207872;18571264;1297457152;0;0;0;0;0;0;0;0;0;0;0;1402;0;0;125;0;62;0;
4726;1987948;1168207872;18571264;1297457152;0;0;0;0;0;0;0;0;0;0;0;1633;0;0;125;0;62;0;
4727;1465187;1168207872;18571264;1297457152;0;0;0;0;0;0;0;0;0;0;0;1483;0;0;125;0;62;0;
4728;890239;1168207872;18571264;1297457152;0;0;0;0;0;0;0;0;0;0;0;1342;0;0;125;0;62;0;
4729;1510933;1168207872;18571264;1297457152;0;0;0;0;0;0;0;0;0;0;0;1492;0;0;125;0;62;0;
4730;920787;1168207872;18571264;1297457152;0;0;0;0;0;0;0;0;0;0;0;1744;0;0;125;0;62;0;
4731;1228143;1168207872;18571264;1297457152;0;0;0;0;0;0;0;0;0;0;0;1443;0;0;125;0;62;0;
4732;1659842;1168207872;18571264;1297457152;0;0;0;0;0;0;0;0;0;0;0;1543;0;0;125;0;62;0;
4733;784932;1168207872;18571264;1297457152;0;0;0;0;0;0;0;0;0;0;0;1473;0;0;125;0;62;0;
4734;953568;1168207872;18571264;1297457152;0;0;0;0;0;0;0;0;0;0;0;1563;0;0;125;0;62;0;
4735;1777483;1168203776;18567168;1297453056;0;0;0;0;0;0;0;0;0;0;0;1413;0;0;125;0;62;0;
4736;1060759;1168203776;18567168;1297453056;0;0;0;0;0;0;0;0;0;0;0;1332;0;0;125;0;62;0;
4737;1389135;1168203776;18567168;1297453056;0;0;0;0;0;0;0;0;0;0;0;1513;0;0;125;0;62;0;
4738;4257102;1168203776;18567168;1297453056;0;0;0;0;0;0;0;0;0;0;0;1523;0;0;125;0;62;0;
4739;2555702;1168203776;18567168;1297453056;0;0;0;0;0;0;0;0;0;0;0;3055;0;0;125;0;62;0;
4740;1351985;1168203776;18567168;1297453056;0;0;0;0;0;0;0;0;0;0;0;1713;0;0;125;0;62;0;
4741;1699176;1168203776;18567168;1297453056;0;0;0;0;0;0;0;0;0;0;0;1483;0;0;125;0;62;0;
4742;1051261;1168203776;18567168;1297453056;0;0;0;0;0;0;0;0;0;0;0;1663;0;0;125;0;62;0;
4743;1143234;1168203776;18567168;1297453056;0;0;0;0;0;0;0;0;0;0;0;1483;0;0;125;0;62;0;
4744;2005550;1168203776;18567168;1297453056;0;0;0;0;0;0;0;0;0;0;0;1613;0;0;125;0;62;0;
4745;1467862;1168203776;18567168;1297453056;0;0;0;0;0;0;0;0;0;0;0;1783;0;0;125;0;62;0;
4746;2014748;1168203776;18567168;1297453056;0;0;0;0;0;0;0;0;0;0;0;1563;0;0;125;0;62;0;
4747;4975439;1168203776;18567168;1297453056;0;0;0;0;0;0;0;0;0;0;0;5070;0;0;125;0;62;0;
4748;2646332;1168203776;18567168;1297453056;0;0;0;0;0;0;0;0;0;0;0;3026;0;0;125;0;62;0;
4749;1127594;1168203776;18567168;1297453056;0;0;0;0;0;0;0;0;0;0;0;1613;0;0;125;0;62;0;
4750;7479945;1168203776;18567168;1297453056;0;0;0;0;0;0;0;0;0;0;0;1433;0;0;125;0;62;0;
4751;4864912;1168203776;18571264;1297457152;0;0;0;0;0;0;0;0;0;0;0;3637;0;0;125;0;62;0;
4752;1375920;1168203776;18571264;1297457152;0;0;0;0;0;0;0;0;0;0;0;2364;0;0;125;0;62;0;
4753;1114700;1168203776;18571264;1297457152;0;0;0;0;0;0;0;0;0;0;0;1634;0;0;125;0;62;0;
4754;2000731;1168203776;18571264;1297457152;0;0;0;0;0;0;0;0;0;0;0;1874;0;0;125;0;62;0;
4755;1403972;1168203776;18571264;1297457152;0;0;0;0;0;0;0;0;0;0;0;2154;0;0;125;0;62;0;
4756;1416316;1168203776;18571264;1297457152;0;0;0;0;0;0;0;0;0;0;0;2014;0;0;125;0;62;0;
4757;2385543;1168203776;18571264;1297457152;0;0;0;0;0;0;0;0;0;0;0;2164;0;0;125;0;62;0;
4758;1586565;1168203776;18571264;1297457152;0;0;0;0;0;0;0;0;0;0;0;2043;0;0;125;0;62;0;
4759;1981125;1168203776;18571264;1297457152;0;0;0;0;0;0;0;0;0;0;0;2434;0;0;125;0;62;0;
4760;2412103;1168203776;18571264;1297457152;0;0;0;0;0;0;0;0;0;0;0;2174;0;0;125;0;62;0;
4761;1622042;1168203776;18571264;1297457152;0;0;0;0;0;0;0;0;0;0;0;2164;0;0;125;0;62;0;
4762;1322400;1168203776;18571264;1297457152;0;0;0;0;0;0;0;0;0;0;0;1773;0;0;125;0;62;0;
4763;4882125;1168203776;18571264;1297457152;0;0;0;0;0;0;0;0;0;0;0;1974;0;0;125;0;62;0;
4764;2932779;1168203776;18571264;1297457152;0;0;0;0;0;0;0;0;0;0;0;2324;0;0;125;0;62;0;
4765;1780148;1168203776;18571264;1297457152;0;0;0;0;0;0;0;0;0;0;0;2294;0;0;125;0;62;0;
4766;1347858;1168203776;18571264;1297457152;0;0;0;0;0;0;0;0;0;0;0;1973;0;0;125;0;62;0;
4767;2450805;1168203776;18571264;1297457152;0;0;0;0;0;0;0;0;0;0;0;1623;0;0;125;0;62;0;
4768;1842825;1168203776;18571264;1297457152;0;0;0;0;0;0;0;0;0;0;0;2093;0;0;125;0;62;0;
4769;1068584;1168203776;18571264;1297457152;0;0;0;0;0;0;0;0;0;0;0;1693;0;0;125;0;62;0;
4770;1682815;1168203776;18571264;1297457152;0;0;0;0;0;0;0;0;0;0;0;1503;0;0;125;0;62;0;
4771;1054968;1168203776;18571264;1297457152;0;0;0;0;0;0;0;0;0;0;0;1443;0;0;125;0;62;0;
4772;974978;1168203776;18571264;1297457152;0;0;0;0;0;0;0;0;0;0;0;1673;0;0;125;0;62;0;
4773;1552731;1168203776;18567168;1297453056;0;0;0;0;0;0;0;0;0;0;0;1503;0;0;125;0;62;0;
4774;1288506;1168203776;18567168;1297453056;0;0;0;0;0;0;0;0;0;0;0;1813;0;0;125;0;62;0;
4775;1470287;1168203776;18567168;1297453056;0;0;0;0;0;0;0;0;0;0;0;1753;0;0;125;0;62;0;
4776;4307877;1168203776;18567168;1297453056;0;0;0;0;0;0;0;0;0;0;0;1593;0;0;125;0;62;0;
4777;2881162;1168203776;18567168;1297453056;0;0;0;0;0;0;0;0;0;0;0;3507;0;0;125;0;62;0;
4778;1554655;1168203776;18567168;1297453056;0;0;0;0;0;0;0;0;0;0;0;1984;0;0;125;0;62;0;
4779;1694697;1168203776;18567168;1297453056;0;0;0;0;0;0;0;0;0;0;0;1813;0;0;125;0;62;0;
4780;2088527;1168203776;18567168;1297453056;0;0;0;0;0;0;0;0;0;0;0;55123;0;0;125;0;62;0;
4781;1763607;1168203776;18567168;1297453056;0;0;0;0;0;0;0;0;0;0;0;2194;0;0;125;0;62;0;
4782;1967078;1168203776;18567168;1297453056;0;0;0;0;0;0;0;0;0;0;0;1813;0;0;125;0;62;0;
4783;2538519;1168203776;18567168;1297453056;0;0;0;0;0;0;0;0;0;0;0;3476;0;0;125;0;62;0;
4784;2086842;1168203776;18567168;1297453056;0;0;0;0;0;0;0;0;0;0;0;2124;0;0;125;0;62;0;
4785;1210360;1168203776;18567168;1297453056;0;0;0;0;0;0;0;0;0;0;0;1613;0;0;125;0;62;0;
4786;2149651;1168203776;18567168;1297453056;0;0;0;0;0;0;0;0;0;0;0;1683;0;0;125;0;62;0;
4787;1058395;1168203776;18567168;1297453056;0;0;0;0;0;0;0;0;0;0;0;1623;0;0;125;0;62;0;
4788;1977568;1168203776;18567168;1297453056;0;0;0;0;0;0;0;0;0;0;0;1653;0;0;125;0;62;0;
4789;5139927;1168203776;18567168;1297453056;0;0;0;0;0;0;0;0;0;0;0;2074;0;0;125;0;62;0;
4790;2572363;1168203776;18567168;1297453056;0;0;0;0;0;0;0;0;0;0;0;2555;0;0;125;0;62;0;
4791;1927504;1168203776;18567168;1297453056;0;0;0;0;0;0;0;0;0;0;0;2414;0;0;125;0;62;0;
4792;1934487;1168203776;18567168;1297453056;0;0;0;0;0;0;0;0;0;0;0;2534;0;0;125;0;62;0;
4793;2405371;1168203776;18567168;1297453056;0;0;0;0;0;0;0;0;0;0;0;1814;0;0;125;0;62;0;
4794;2062468;1168203776;18567168;1297453056;0;0;0;0;0;0;0;0;0;0;0;2064;0;0;125;0;62;0;
4795;1426745;1168203776;18567168;1297453056;0;0;0;0;0;0;0;0;0;0;0;1663;0;0;125;0;62;0;
4796;1681062;1168203776;18567168;1297453056;0;0;0;0;0;0;0;0;0;0;0;2034;0;0;125;0;62;0;
4797;1682144;1168203776;18567168;1297453056;0;0;0;0;0;0;0;0;0;0;0;1593;0;0;125;0;62;0;
4798;1292934;1168203776;18567168;1297453056;0;0;0;0;0;0;0;0;0;0;0;1392;0;0;125;0;62;0;
4799;2311524;1168203776;18567168;1297453056;0;0;0;0;0;0;0;0;0;0;0;1703;0;0;125;0;62;0;
4800;1671925;1168203776;18567168;1297453056;0;0;0;0;0;0;0;0;0;0;0;2074;0;0;125;0;62;0;
4801;1224245;1168203776;18567168;1297453056;0;0;0;0;0;0;0;0;0;0;0;1643;0;0;125;0;62;0;
4802;5105724;1168203776;18567168;1297453056;0;0;0;0;0;0;0;0;0;0;0;1543;0;0;125;0;62;0;
4803;4056857;1168203776;18567168;1297453056;0;0;0;0;0;0;0;0;0;0;0;3277;0;0;125;0;62;0;
4804;1768587;1168203776;18567168;1297453056;0;0;0;0;0;0;0;0;0;0;0;2094;0;0;125;0;62;0;
4805;1292834;1168203776;18567168;1297453056;0;0;0;0;0;0;0;0;0;0;0;1403;0;0;125;0;62;0;
4806;2301476;1168203776;18567168;1297453056;0;0;0;0;0;0;0;0;0;0;0;1953;0;0;125;0;62;0;
4807;2050114;1168203776;18567168;1297453056;0;0;0;0;0;0;0;0;0;0;0;2355;0;0;125;0;62;0;
4808;1938064;1168203776;18567168;1297453056;0;0;0;0;0;0;0;0;0;0;0;1503;0;0;125;0;62;0;
4809;2321864;1168203776;18567168;1297453056;0;0;0;0;0;0;0;0;0;0;0;1953;0;0;125;0;62;0;
4810;1379427;1168203776;18567168;1297453056;0;0;0;0;0;0;0;0;0;0;0;1963;0;0;125;0;62;0;
4811;2004228;1168203776;18567168;1297453056;0;0;0;0;0;0;0;0;0;0;0;1673;0;0;125;0;62;0;
4812;2892323;1168203776;18567168;1297453056;0;0;0;0;0;0;0;0;0;0;0;1883;0;0;125;0;62;0;
4813;2270267;1168203776;18567168;1297453056;0;0;0;0;0;0;0;0;0;0;0;1913;0;0;125;0;62;0;
4814;1654973;1168203776;18567168;1297453056;0;0;0;0;0;0;0;0;0;0;0;1664;0;0;125;0;62;0;
4815;4921498;1168203776;18567168;1297453056;0;0;0;0;0;0;0;0;0;0;0;1433;0;0;125;0;62;0;
4816;3040030;1168203776;18567168;1297453056;0;0;0;0;0;0;0;0;0;0;0;2374;0;0;125;0;62;0;
4817;1588568;1168203776;18567168;1297453056;0;0;0;0;0;0;0;0;0;0;0;2063;0;0;125;0;62;0;
4818;1708023;1168203776;18567168;1297453056;0;0;0;0;0;0;0;0;0;0;0;1754;0;0;125;0;62;0;
4819;1724383;1168203776;18567168;1297453056;0;0;0;0;0;0;0;0;0;0;0;1463;0;0;125;0;62;0;
4820;1475707;1168203776;18567168;1297453056;0;0;0;0;0;0;0;0;0;0;0;1552;0;0;125;0;62;0;
4821;1307411;1168203776;18567168;1297453056;0;0;0;0;0;0;0;0;0;0;0;1382;0;0;125;0;62;0;
4822;2221846;1168203776;18567168;1297453056;0;0;0;0;0;0;0;0;0;0;0;1443;0;0;125;0;62;0;
4823;1462442;1168203776;18567168;1297453056;0;0;0;0;0;0;0;0;0;0;0;1412;0;0;125;0;62;0;
4824;1099361;1168203776;18567168;1297453056;0;0;0;0;0;0;0;0;0;0;0;1442;0;0;125;0;62;0;
4825;2072827;1168203776;18567168;1297453056;0;0;0;0;0;0;0;0;0;0;0;1432;0;0;125;0;62;0;
4826;1726608;1168203776;18567168;1297453056;0;0;0;0;0;0;0;0;0;0;0;1573;0;0;125;0;62;0;
4827;1419682;1168203776;18567168;1297453056;0;0;0;0;0;0;0;0;0;0;0;1273;0;0;125;0;62;0;
4828;4651251;1168203776;18567168;1297453056;0;0;0;0;0;0;0;0;0;0;0;1403;0;0;125;0;62;0;
4829;2226314;1168203776;18567168;1297453056;0;0;0;0;0;0;0;0;0;0;0;1252;0;0;125;0;62;0;
4830;1819842;1168203776;18567168;1297453056;0;0;0;0;0;0;0;0;0;0;0;1443;0;0;125;0;62;0;
4831;1626189;1168203776;18567168;1297453056;0;0;0;0;0;0;0;0;0;0;0;1473;0;0;125;0;62;0;
4832;2427081;1168203776;18567168;1297453056;0;0;0;0;0;0;0;0;0;0;0;1753;0;0;125;0;62;0;
4833;1797751;1168203776;18567168;1297453056;0;0;0;0;0;0;0;0;0;0;0;1433;0;0;125;0;62;0;
4834;1429791;1168203776;18567168;1297453056;0;0;0;0;0;0;0;0;0;0;0;1533;0;0;125;0;62;0;
4835;1847414;1168203776;18567168;1297453056;0;0;0;0;0;0;0;0;0;0;0;1513;0;0;125;0;62;0;
4836;2331401;1168195584;18558976;1297444864;0;0;0;0;0;0;0;0;0;0;0;1522;0;0;125;0;62;0;
4837;2067937;1168195584;18558976;1297444864;0;0;0;0;0;0;0;0;0;0;0;1483;0;0;125;0;62;0;
4838;1331046;1168195584;18558976;1297444864;0;0;0;0;0;0;0;0;0;0;0;1463;0;0;125;0;62;0;
4839;4288201;1168195584;18558976;1297444864;0;0;0;0;0;0;0;0;0;0;0;1563;0;0;125;0;62;0;
4840;1801719;1168195584;18563072;1297448960;0;0;0;0;0;0;0;0;0;0;0;1522;0;0;125;0;62;0;
4841;1810886;1168195584;18563072;1297448960;0;0;0;0;0;0;0;0;0;0;0;1833;0;0;125;0;62;0;
4842;1301781;1168195584;18563072;1297448960;0;0;0;0;0;0;0;0;0;0;0;1493;0;0;125;0;62;0;
4843;918402;1168195584;18563072;1297448960;0;0;0;0;0;0;0;0;0;0;0;1513;0;0;125;0;62;0;
4844;1770009;1168195584;18563072;1297448960;0;0;0;0;0;0;0;0;0;0;0;1744;0;0;125;0;62;0;
4845;1385158;1168195584;18563072;1297448960;0;0;0;0;0;0;0;0;0;0;0;1373;0;0;125;0;62;0;
4846;1155988;1168195584;18563072;1297448960;0;0;0;0;0;0;0;0;0;0;0;1453;0;0;125;0;62;0;
4847;1742637;1168195584;18563072;1297448960;0;0;0;0;0;0;0;0;0;0;0;1413;0;0;125;0;62;0;
4848;928070;1168195584;18563072;1297448960;0;0;0;0;0;0;0;0;0;0;0;1403;0;0;125;0;62;0;
4849;1122735;1168195584;18563072;1297448960;0;0;0;0;0;0;0;0;0;0;0;1393;0;0;125;0;62;0;
4850;4391004;1168195584;18563072;1297448960;0;0;0;0;0;0;0;0;0;0;0;1413;0;0;125;0;62;0;
4851;2106760;1168195584;18567168;1297453056;0;0;0;0;0;0;0;0;0;0;0;2124;0;0;125;0;62;0;
4852;1915192;1168195584;18567168;1297453056;0;0;0;0;0;0;0;0;0;0;0;1753;0;0;125;0;62;0;
4853;1637871;1168195584;18567168;1297453056;0;0;0;0;0;0;0;0;0;0;0;1413;0;0;125;0;62;0;
4854;1517094;1168195584;18567168;1297453056;0;0;0;0;0;0;0;0;0;0;0;1383;0;0;125;0;62;0;
4855;1560476;1168195584;18567168;1297453056;0;0;0;0;0;0;0;0;0;0;0;1623;0;0;125;0;62;0;
4856;1180233;1168195584;18567168;1297453056;0;0;0;0;0;0;0;0;0;0;0;1463;0;0;125;0;62;0;
4857;1528737;1168195584;18567168;1297453056;0;0;0;0;0;0;0;0;0;0;0;1623;0;0;125;0;62;0;
4858;1086157;1168195584;18567168;1297453056;0;0;0;0;0;0;0;0;0;0;0;1392;0;0;125;0;62;0;
4859;1208055;1168195584;18567168;1297453056;0;0;0;0;0;0;0;0;0;0;0;1353;0;0;125;0;62;0;
4860;1691401;1168195584;18567168;1297453056;0;0;0;0;0;0;0;0;0;0;0;1393;0;0;125;0;62;0;
4861;1513067;1168195584;18567168;1297453056;0;0;0;0;0;0;0;0;0;0;0;1502;0;0;125;0;62;0;
4862;1271745;1168195584;18567168;1297453056;0;0;0;0;0;0;0;0;0;0;0;1423;0;0;125;0;62;0;
4863;4210776;1168195584;18567168;1297453056;0;0;0;0;0;0;0;0;0;0;0;1503;0;0;125;0;62;0;
4864;1437515;1168195584;18567168;1297453056;0;0;0;0;0;0;0;0;0;0;0;1423;0;0;125;0;62;0;
4865;1267216;1168195584;18567168;1297453056;0;0;0;0;0;0;0;0;0;0;0;1814;0;0;125;0;62;0;
4866;1190702;1168195584;18567168;1297453056;0;0;0;0;0;0;0;0;0;0;0;1403;0;0;125;0;62;0;
4867;1268458;1168195584;18567168;1297453056;0;0;0;0;0;0;0;0;0;0;0;1332;0;0;125;0;62;0;
4868;1153603;1168195584;18567168;1297453056;0;0;0;0;0;0;0;0;0;0;0;1393;0;0;125;0;62;0;
4869;1235176;1168195584;18567168;1297453056;0;0;0;0;0;0;0;0;0;0;0;1342;0;0;125;0;62;0;
4870;1488841;1168195584;18567168;1297453056;0;0;0;0;0;0;0;0;0;0;0;1403;0;0;125;0;62;0;
4871;1392992;1168195584;18567168;1297453056;0;0;0;0;0;0;0;0;0;0;0;1593;0;0;125;0;62;0;
4872;811892;1168195584;18567168;1297453056;0;0;0;0;0;0;0;0;0;0;0;1343;0;0;125;0;62;0;
4873;1188449;1168195584;18567168;1297453056;0;0;0;0;0;0;0;0;0;0;0;1583;0;0;125;0;62;0;
4874;1299346;1168195584;18567168;1297453056;0;0;0;0;0;0;0;0;0;0;0;1572;0;0;125;0;62;0;
4875;1435441;1168195584;18567168;1297453056;0;0;0;0;0;0;0;0;0;0;0;1413;0;0;125;0;62;0;
4876;3877721;1168195584;18567168;1297453056;0;0;0;0;0;0;0;0;0;0;0;1503;0;0;125;0;62;0;
4877;2689353;1168195584;18567168;1297453056;0;0;0;0;0;0;0;0;0;0;0;1613;0;0;125;0;62;0;
4878;1786409;1168195584;18567168;1297453056;0;0;0;0;0;0;0;0;0;0;0;1563;0;0;125;0;62;0;
4879;931757;1168195584;18567168;1297453056;0;0;0;0;0;0;0;0;0;0;0;1382;0;0;125;0;62;0;
4880;1542312;1168195584;18567168;1297453056;0;0;0;0;0;0;0;0;0;0;0;1502;0;0;125;0;62;0;
4881;1396940;1168195584;18567168;1297453056;0;0;0;0;0;0;0;0;0;0;0;1472;0;0;125;0;62;0;
4882;1919439;1168195584;18567168;1297453056;0;0;0;0;0;0;0;0;0;0;0;1413;0;0;125;0;62;0;
4883;1647119;1168195584;18567168;1297453056;0;0;0;0;0;0;0;0;0;0;0;1363;0;0;125;0;62;0;
4884;1115271;1168195584;18567168;1297453056;0;0;0;0;0;0;0;0;0;0;0;1413;0;0;125;0;62;0;
4885;1299427;1168195584;18567168;1297453056;0;0;0;0;0;0;0;0;0;0;0;1372;0;0;125;0;62;0;
4886;4412523;1168195584;18567168;1297453056;0;0;0;0;0;0;0;0;0;0;0;1633;0;0;125;0;62;0;
4887;2967574;1168195584;18571264;1297457152;0;0;0;0;0;0;0;0;0;0;0;1793;0;0;125;0;62;0;
4888;1789736;1168195584;18571264;1297457152;0;0;0;0;0;0;0;0;0;0;0;1723;0;0;125;0;62;0;
4889;1684709;1168195584;18571264;1297457152;0;0;0;0;0;0;0;0;0;0;0;1443;0;0;125;0;62;0;
4890;1617453;1168195584;18571264;1297457152;0;0;0;0;0;0;0;0;0;0;0;1663;0;0;125;0;62;0;
4891;1533185;1168195584;18571264;1297457152;0;0;0;0;0;0;0;0;0;0;0;1273;0;0;125;0;62;0;
4892;915808;1168195584;18571264;1297457152;0;0;0;0;0;0;0;0;0;0;0;1363;0;0;125;0;62;0;
4893;7577569;1168195584;18571264;1297457152;0;0;0;0;0;0;0;0;0;0;0;1493;0;0;125;0;62;0;
4894;1802340;1168195584;18571264;1297457152;0;0;0;0;0;0;0;0;0;0;0;1463;0;0;125;0;62;0;
4895;1304566;1168195584;18571264;1297457152;0;0;0;0;0;0;0;0;0;0;0;1212;0;0;125;0;62;0;
4896;4246172;1168195584;18571264;1297457152;0;0;0;0;0;0;0;0;0;0;0;1403;0;0;125;0;62;0;
4897;2488857;1168195584;18571264;1297457152;0;0;0;0;0;0;0;0;0;0;0;1743;0;0;125;0;62;0;
4898;2162355;1168195584;18571264;1297457152;0;0;0;0;0;0;0;0;0;0;0;1382;0;0;125;0;62;0;
4899;1007389;1168195584;18571264;1297457152;0;0;0;0;0;0;0;0;0;0;0;1693;0;0;125;0;62;0;
4900;1723051;1168195584;18571264;1297457152;0;0;0;0;0;0;0;0;0;0;0;1352;0;0;125;0;62;0;
4901;1262077;1168195584;18571264;1297457152;0;0;0;0;0;0;0;0;0;0;0;1323;0;0;125;0;62;0;
4902;967114;1168195584;18571264;1297457152;0;0;0;0;0;0;0;0;0;0;0;1693;0;0;125;0;62;0;
4903;1537122;1168203776;18567168;1297453056;0;0;0;0;0;0;0;0;0;0;0;1513;0;0;125;0;62;0;
4904;1510382;1168203776;18567168;1297453056;0;0;0;0;0;0;0;0;0;0;0;1422;0;0;125;0;62;0;
4905;1253400;1168203776;18567168;1297453056;0;0;0;0;0;0;0;0;0;0;0;1593;0;0;125;0;62;0;
4906;4285807;1168203776;18567168;1297453056;0;0;0;0;0;0;0;0;0;0;0;1423;0;0;125;0;62;0;
4907;2090700;1168203776;18571264;1297457152;0;0;0;0;0;0;0;0;0;0;0;1783;0;0;125;0;62;0;
4908;2096481;1168203776;18571264;1297457152;0;0;0;0;0;0;0;0;0;0;0;1784;0;0;125;0;62;0;
4909;1249714;1168203776;18571264;1297457152;0;0;0;0;0;0;0;0;0;0;0;1463;0;0;125;0;62;0;
4910;1641337;1168203776;18571264;1297457152;0;0;0;0;0;0;0;0;0;0;0;1613;0;0;125;0;62;0;
4911;1048896;1168203776;18571264;1297457152;0;0;0;0;0;0;0;0;0;0;0;1393;0;0;125;0;62;0;
4912;1195902;1168203776;18571264;1297457152;0;0;0;0;0;0;0;0;0;0;0;1343;0;0;125;0;62;0;
4913;1803782;1168203776;18571264;1297457152;0;0;0;0;0;0;0;0;0;0;0;1392;0;0;125;0;62;0;
4914;1775279;1168203776;18571264;1297457152;0;0;0;0;0;0;0;0;0;0;0;1713;0;0;125;0;62;0;
4915;1421135;1168203776;18571264;1297457152;0;0;0;0;0;0;0;0;0;0;0;1573;0;0;125;0;62;0;
4916;4183804;1168203776;18571264;1297457152;0;0;0;0;0;0;0;0;0;0;0;1392;0;0;125;0;62;0;
4917;1970825;1168203776;18571264;1297457152;0;0;0;0;0;0;0;0;0;0;0;1442;0;0;125;0;62;0;
4918;1678077;1168203776;18571264;1297457152;0;0;0;0;0;0;0;0;0;0;0;1443;0;0;125;0;62;0;
4919;1373415;1168203776;18571264;1297457152;0;0;0;0;0;0;0;0;0;0;0;1663;0;0;125;0;62;0;
4920;1516564;1168203776;18571264;1297457152;0;0;0;0;0;0;0;0;0;0;0;1342;0;0;125;0;62;0;
4921;1262197;1168203776;18571264;1297457152;0;0;0;0;0;0;0;0;0;0;0;6482;0;0;125;0;62;0;
4922;1326237;1168203776;18571264;1297457152;0;0;0;0;0;0;0;0;0;0;0;1573;0;0;125;0;62;0;
4923;1525991;1168203776;18571264;1297457152;0;0;0;0;0;0;0;0;0;0;0;1383;0;0;125;0;62;0;
4924;1604178;1168203776;18571264;1297457152;0;0;0;0;0;0;0;0;0;0;0;1493;0;0;125;0;62;0;
4925;1391870;1168203776;18571264;1297457152;0;0;0;0;0;0;0;0;0;0;0;1413;0;0;125;0;62;0;
4926;4362520;1168203776;18571264;1297457152;0;0;0;0;0;0;0;0;0;0;0;1513;0;0;125;0;62;0;
4927;2300072;1168203776;18571264;1297457152;0;0;0;0;0;0;0;0;0;0;0;1473;0;0;125;0;62;0;
4928;1625718;1168203776;18571264;1297457152;0;0;0;0;0;0;0;0;0;0;0;1403;0;0;125;0;62;0;
4929;1385398;1168203776;18571264;1297457152;0;0;0;0;0;0;0;0;0;0;0;1583;0;0;125;0;62;0;
4930;2192421;1168203776;18571264;1297457152;0;0;0;0;0;0;0;0;0;0;0;1383;0;0;125;0;62;0;
4931;1367875;1168203776;18571264;1297457152;0;0;0;0;0;0;0;0;0;0;0;1352;0;0;125;0;62;0;
4932;935484;1168203776;18571264;1297457152;0;0;0;0;0;0;0;0;0;0;0;1473;0;0;125;0;62;0;
4933;1887128;1168203776;18571264;1297457152;0;0;0;0;0;0;0;0;0;0;0;1372;0;0;125;0;62;0;
4934;1396158;1168203776;18571264;1297457152;0;0;0;0;0;0;0;0;0;0;0;1393;0;0;125;0;62;0;
4935;1187907;1168203776;18571264;1297457152;0;0;0;0;0;0;0;0;0;0;0;1453;0;0;125;0;62;0;
4936;4183053;1168203776;18571264;1297457152;0;0;0;0;0;0;0;0;0;0;0;1383;0;0;125;0;62;0;
4937;2431158;1168203776;18571264;1297457152;0;0;0;0;0;0;0;0;0;0;0;1583;0;0;125;0;62;0;
4938;1971186;1168203776;18571264;1297457152;0;0;0;0;0;0;0;0;0;0;0;1383;0;0;125;0;62;0;
4939;1072501;1168203776;18571264;1297457152;0;0;0;0;0;0;0;0;0;0;0;1623;0;0;125;0;62;0;
4940;2247494;1168203776;18571264;1297457152;0;0;0;0;0;0;0;0;0;0;0;1483;0;0;125;0;62;0;
4941;1444358;1168203776;18571264;1297457152;0;0;0;0;0;0;0;0;0;0;0;1363;0;0;125;0;62;0;
4942;1176405;1168203776;18571264;1297457152;0;0;0;0;0;0;0;0;0;0;0;1393;0;0;125;0;62;0;
4943;1809924;1168203776;18571264;1297457152;0;0;0;0;0;0;0;0;0;0;0;1403;0;0;125;0;62;0;
4944;1102167;1168203776;18571264;1297457152;0;0;0;0;0;0;0;0;0;0;0;1483;0;0;125;0;62;0;
4945;951324;1168203776;18571264;1297457152;0;0;0;0;0;0;0;0;0;0;0;1413;0;0;125;0;62;0;
4946;3733480;1168203776;18571264;1297457152;0;0;0;0;0;0;0;0;0;0;0;1543;0;0;125;0;62;0;
4947;2180970;1168203776;18571264;1297457152;0;0;0;0;0;0;0;0;0;0;0;1864;0;0;125;0;62;0;
4948;1560847;1168203776;18571264;1297457152;0;0;0;0;0;0;0;0;0;0;0;1413;0;0;125;0;62;0;
4949;1385608;1168203776;18571264;1297457152;0;0;0;0;0;0;0;0;0;0;0;1383;0;0;125;0;62;0;
4950;1852704;1168203776;18571264;1297457152;0;0;0;0;0;0;0;0;0;0;0;1433;0;0;125;0;62;0;
4951;1387442;1168203776;18571264;1297457152;0;0;0;0;0;0;0;0;0;0;0;1703;0;0;125;0;62;0;
4952;1408511;1168203776;18571264;1297457152;0;0;0;0;0;0;0;0;0;0;0;1433;0;0;125;0;62;0;
4953;1608055;1162813440;13164544;1292050432;0;0;0;0;0;0;0;0;0;0;0;1353;0;0;125;0;62;0;
4954;1431835;1162813440;13164544;1292050432;0;0;0;0;0;0;0;0;0;0;0;1443;0;0;125;0;62;0;
4955;1515562;1162813440;13164544;1292050432;0;0;0;0;0;0;0;0;0;0;0;1543;0;0;125;0;62;0;
4956;4489137;1165443072;18571264;1297457152;0;0;0;0;0;0;0;0;0;0;0;1522;0;0;125;0;62;0;
4957;3011617;1165443072;18579456;1297465344;0;0;0;0;0;0;0;0;0;0;0;1723;0;0;125;0;62;0;
4958;1244243;1165443072;18579456;1297465344;0;0;0;0;0;0;0;0;0;0;0;1643;0;0;125;0;62;0;
4959;1466991;1167540224;18579456;1297465344;0;0;0;0;0;0;0;0;0;0;0;5721;0;0;125;0;62;0;
4960;992571;1167540224;18579456;1297465344;0;0;0;0;0;0;0;0;0;0;0;1383;0;0;125;0;62;0;
4961;1818049;1167540224;18579456;1297465344;0;0;0;0;0;0;0;0;0;0;0;1372;0;0;125;0;62;0;
4962;2146795;1167806464;18579456;1297465344;0;0;0;0;0;0;0;0;0;0;0;1493;0;0;125;0;62;0;
4963;1357195;1167806464;18579456;1297465344;0;0;0;0;0;0;0;0;0;0;0;1463;0;0;125;0;62;0;
4964;1305098;1167806464;18579456;1297465344;0;0;0;0;0;0;0;0;0;0;0;1383;0;0;125;0;62;0;
4965;1979722;1167806464;18579456;1297465344;0;0;0;0;0;0;0;0;0;0;0;1343;0;0;125;0;62;0;
4966;1258059;1167806464;18579456;1297465344;0;0;0;0;0;0;0;0;0;0;0;1393;0;0;125;0;62;0;
4967;1432135;1167806464;18579456;1297465344;0;0;0;0;0;0;0;0;0;0;0;1453;0;0;125;0;62;0;
4968;4982292;1167806464;18579456;1297465344;0;0;0;0;0;0;0;0;0;0;0;1352;0;0;125;0;62;0;
4969;3379006;1167806464;18579456;1297465344;0;0;0;0;0;0;0;0;0;0;0;1693;0;0;125;0;62;0;
4970;1866770;1167806464;18579456;1297465344;0;0;0;0;0;0;0;0;0;0;0;1683;0;0;125;0;62;0;
4971;1392902;1167806464;18579456;1297465344;0;0;0;0;0;0;0;0;0;0;0;1383;0;0;125;0;62;0;
4972;2122190;1167806464;18579456;1297465344;0;0;0;0;0;0;0;0;0;0;0;1453;0;0;125;0;62;0;
4973;1411607;1167806464;18579456;1297465344;0;0;0;0;0;0;0;0;0;0;0;1383;0;0;125;0;62;0;
4974;1770720;1167806464;18579456;1297465344;0;0;0;0;0;0;0;0;0;0;0;1443;0;0;125;0;62;0;
4975;2191028;1167921152;18567168;1297453056;0;0;0;0;0;0;0;0;0;0;0;1363;0;0;125;0;62;0;
4976;1405726;1167921152;18567168;1297453056;0;0;0;0;0;0;0;0;0;0;0;1633;0;0;125;0;62;0;
4977;1666575;1167921152;18567168;1297453056;0;0;0;0;0;0;0;0;0;0;0;1422;0;0;125;0;62;0;
4978;4060654;1167921152;18567168;1297453056;0;0;0;0;0;0;0;0;0;0;0;1563;0;0;125;0;62;0;
4979;2893315;1167921152;18571264;1297457152;0;0;0;0;0;0;0;0;0;0;0;1502;0;0;125;0;62;0;
4980;2172985;1167921152;18571264;1297457152;0;0;0;0;0;0;0;0;0;0;0;1623;0;0;125;0;62;0;
4981;1463384;1167921152;18571264;1297457152;0;0;0;0;0;0;0;0;0;0;0;1382;0;0;125;0;62;0;
4982;1586635;1167921152;18571264;1297457152;0;0;0;0;0;0;0;0;0;0;0;1353;0;0;125;0;62;0;
4983;1231188;1167921152;18571264;1297457152;0;0;0;0;0;0;0;0;0;0;0;1423;0;0;125;0;62;0;
4984;1305418;1167921152;18571264;1297457152;0;0;0;0;0;0;0;0;0;0;0;1352;0;0;125;0;62;0;
4985;4505748;1167921152;18571264;1297457152;0;0;0;0;0;0;0;0;0;0;0;1914;0;0;125;0;62;0;
4986;1910142;1167921152;18571264;1297457152;0;0;0;0;0;0;0;0;0;0;0;1582;0;0;125;0;62;0;
4987;1869245;1167921152;18571264;1297457152;0;0;0;0;0;0;0;0;0;0;0;1703;0;0;125;0;62;0;
4988;1485035;1167921152;18571264;1297457152;0;0;0;0;0;0;0;0;0;0;0;1693;0;0;125;0;62;0;
4989;1711910;1167921152;18571264;1297457152;0;0;0;0;0;0;0;0;0;0;0;1533;0;0;125;0;62;0;
4990;1461100;1167921152;18571264;1297457152;0;0;0;0;0;0;0;0;0;0;0;1442;0;0;125;0;62;0;
4991;1283787;1167921152;18571264;1297457152;0;0;0;0;0;0;0;0;0;0;0;1693;0;0;125;0;62;0;
4992;1720807;1167921152;18571264;1297457152;0;0;0;0;0;0;0;0;0;0;0;1673;0;0;125;0;62;0;
4993;1139266;1167921152;18571264;1297457152;0;0;0;0;0;0;0;0;0;0;0;1443;0;0;125;0;62;0;
4994;1385288;1167921152;18571264;1297457152;0;0;0;0;0;0;0;0;0;0;0;1393;0;0;125;0;62;0;
4995;4580850;1167921152;18571264;1297457152;0;0;0;0;0;0;0;0;0;0;0;1463;0;0;125;0;62;0;
4996;2668664;1167921152;18571264;1297457152;0;0;0;0;0;0;0;0;0;0;0;1904;0;0;125;0;62;0;
4997;1946009;1167921152;18571264;1297457152;0;0;0;0;0;0;0;0;0;0;0;1503;0;0;125;0;62;0;
4998;1206402;1167921152;18571264;1297457152;0;0;0;0;0;0;0;0;0;0;0;1402;0;0;125;0;62;0;
4999;2095940;1167921152;18571264;1297457152;0;0;0;0;0;0;0;0;0;0;0;1452;0;0;125;0;62;0;
5000;1190332;1167921152;18571264;1297457152;0;0;0;0;0;0;0;0;0;0;0;1412;0;0;125;0;62;0;
5001;2042860;1167921152;18567168;1297453056;0;0;0;0;0;0;0;0;0;0;0;1432;0;0;125;0;62;0;
5002;994234;1167921152;18567168;1297453056;0;0;0;0;0;0;0;0;0;0;0;1924;0;0;125;0;62;0;
5003;851136;1167921152;18567168;1297453056;0;0;0;0;0;0;0;0;0;0;0;1643;0;0;125;0;62;0;
5004;3847594;1167921152;18567168;1297453056;0;0;0;0;0;0;0;0;0;0;0;1432;0;0;125;0;62;0;
5005;2426129;1167921152;18567168;1297453056;0;0;0;0;0;0;0;0;0;0;0;1593;0;0;125;0;62;0;
5006;2216106;1167921152;18567168;1297453056;0;0;0;0;0;0;0;0;0;0;0;1943;0;0;125;0;62;0;
5007;1018450;1167921152;18567168;1297453056;0;0;0;0;0;0;0;0;0;0;0;1743;0;0;125;0;62;0;
5008;2545733;1167921152;18567168;1297453056;0;0;0;0;0;0;0;0;0;0;0;1463;0;0;125;0;62;0;
5009;996018;1167921152;18567168;1297453056;0;0;0;0;0;0;0;0;0;0;0;1634;0;0;125;0;62;0;
5010;4780103;1167921152;18567168;1297453056;0;0;0;0;0;0;0;0;0;0;0;1713;0;0;125;0;62;0;
5011;1744771;1167921152;18567168;1297453056;0;0;0;0;0;0;0;0;0;0;0;1403;0;0;125;0;62;0;
5012;1612995;1167921152;18567168;1297453056;0;0;0;0;0;0;0;0;0;0;0;1383;0;0;125;0;62;0;
5013;1706650;1167921152;18567168;1297453056;0;0;0;0;0;0;0;0;0;0;0;1493;0;0;125;0;62;0;
5014;1593949;1167921152;18567168;1297453056;0;0;0;0;0;0;0;0;0;0;0;1522;0;0;125;0;62;0;
5015;1448527;1167921152;18567168;1297453056;0;0;0;0;0;0;0;0;0;0;0;1463;0;0;125;0;62;0;
5016;4357471;1167921152;18567168;1297453056;0;0;0;0;0;0;0;0;0;0;0;1873;0;0;125;0;62;0;
5017;2001814;1167921152;18567168;1297453056;0;0;0;0;0;0;0;0;0;0;0;1503;0;0;125;0;62;0;
5018;1967839;1167966208;18563072;1297448960;0;0;0;0;0;0;0;0;0;0;0;1463;0;0;125;0;62;0;
5019;1486427;1167966208;18563072;1297448960;0;0;0;0;0;0;0;0;0;0;0;1262;0;0;125;0;62;0;
5020;1607424;1167966208;18563072;1297448960;0;0;0;0;0;0;0;0;0;0;0;1432;0;0;125;0;62;0;
5021;1353488;1167966208;18563072;1297448960;0;0;0;0;0;0;0;0;0;0;0;1472;0;0;125;0;62;0;
5022;4097362;1167966208;18563072;1297448960;0;0;0;0;0;0;0;0;0;0;0;1423;0;0;125;0;62;0;
5023;970780;1167966208;18563072;1297448960;0;0;0;0;0;0;0;0;0;0;0;1713;0;0;125;0;62;0;
5024;1481609;1161478144;12066816;1290952704;0;0;0;0;0;0;0;0;0;0;0;1363;0;0;125;0;62;0;
5025;1354891;1161478144;12066816;1290952704;0;0;0;0;0;0;0;0;0;0;0;1593;0;0;125;0;62;0;
5026;1581365;1161478144;12066816;1290952704;0;0;0;0;0;0;0;0;0;0;0;1423;0;0;125;0;62;0;
5027;1746675;1161478144;12066816;1290952704;0;0;0;0;0;0;0;0;0;0;0;1473;0;0;125;0;62;0;
5028;4678412;1161478144;12066816;1290952704;0;0;0;0;0;0;0;0;0;0;0;1423;0;0;125;0;62;0;
5029;3348489;1164107776;18563072;1297448960;0;0;0;0;0;0;0;0;0;0;0;1834;0;0;125;0;62;0;
5030;2037520;1164107776;18563072;1297448960;0;0;0;0;0;0;0;0;0;0;0;1523;0;0;125;0;62;0;
5031;1940038;1164206080;18558976;1297444864;0;0;0;0;0;0;0;0;0;0;0;1422;0;0;125;0;62;0;
5032;1499933;1164206080;18558976;1297444864;0;0;0;0;0;0;0;0;0;0;0;1582;0;0;125;0;62;0;
5033;1925931;1164206080;18558976;1297444864;0;0;0;0;0;0;0;0;0;0;0;1423;0;0;125;0;62;0;
5034;1563401;1164206080;18558976;1297444864;0;0;0;0;0;0;0;0;0;0;0;1724;0;0;125;0;62;0;
5035;999304;1164206080;18558976;1297444864;0;0;0;0;0;0;0;0;0;0;0;1463;0;0;125;0;62;0;
5036;1702532;1164206080;18558976;1297444864;0;0;0;0;0;0;0;0;0;0;0;1553;0;0;125;0;62;0;
5037;1209248;1164206080;18558976;1297444864;0;0;0;0;0;0;0;0;0;0;0;1362;0;0;125;0;62;0;
5038;1006397;1164206080;18558976;1297444864;0;0;0;0;0;0;0;0;0;0;0;1413;0;0;125;0;62;0;
5039;4219683;1164206080;18558976;1297444864;0;0;0;0;0;0;0;0;0;0;0;1412;0;0;125;0;62;0;
5040;2945243;1164206080;18567168;1297453056;0;0;0;0;0;0;0;0;0;0;0;1813;0;0;125;0;62;0;
5041;1701861;1164206080;18567168;1297453056;0;0;0;0;0;0;0;0;0;0;0;1363;0;0;125;0;62;0;
5042;1355402;1164206080;18567168;1297453056;0;0;0;0;0;0;0;0;0;0;0;1674;0;0;125;0;62;0;
5043;2583043;1166303232;18567168;1297453056;0;0;0;0;0;0;0;0;0;0;0;1382;0;0;125;0;62;0;
5044;1731917;1166303232;18567168;1297453056;0;0;0;0;0;0;0;0;0;0;0;1382;0;0;125;0;62;0;
5045;4743023;1166303232;18567168;1297453056;0;0;0;0;0;0;0;0;0;0;0;1383;0;0;125;0;62;0;
5046;3304646;1166565376;18567168;1297453056;0;0;0;0;0;0;0;0;0;0;0;1393;0;0;125;0;62;0;
5047;1803692;1167376384;18567168;1297453056;0;0;0;0;0;0;0;0;0;0;0;1272;0;0;125;0;62;0;
5048;1755682;1167376384;18567168;1297453056;0;0;0;0;0;0;0;0;0;0;0;1473;0;0;125;0;62;0;
5049;1367403;1167376384;18567168;1297453056;0;0;0;0;0;0;0;0;0;0;0;1593;0;0;125;0;62;0;
5050;1836113;1167376384;18567168;1297453056;0;0;0;0;0;0;0;0;0;0;0;1383;0;0;125;0;62;0;
5051;1540077;1167376384;18567168;1297453056;0;0;0;0;0;0;0;0;0;0;0;1422;0;0;125;0;62;0;
5052;1891046;1167376384;18567168;1297453056;0;0;0;0;0;0;0;0;0;0;0;1713;0;0;125;0;62;0;
5053;2584206;1167376384;18567168;1297453056;0;0;0;0;0;0;0;0;0;0;0;1382;0;0;125;0;62;0;
5054;1660614;1167376384;18567168;1297453056;0;0;0;0;0;0;0;0;0;0;0;1423;0;0;125;0;62;0;
5055;2358202;1167376384;18567168;1297453056;0;0;0;0;0;0;0;0;0;0;0;1583;0;0;125;0;62;0;
5056;4569067;1167376384;18567168;1297453056;0;0;0;0;0;0;0;0;0;0;0;1403;0;0;125;0;62;0;
5057;3710748;1167376384;18567168;1297453056;0;0;0;0;0;0;0;0;0;0;0;1633;0;0;125;0;62;0;
5058;1762014;1167376384;18567168;1297453056;0;0;0;0;0;0;0;0;0;0;0;1453;0;0;125;0;62;0;
5059;1441413;1167376384;18567168;1297453056;0;0;0;0;0;0;0;0;0;0;0;1393;0;0;125;0;62;0;
5060;1328731;1167376384;18567168;1297453056;0;0;0;0;0;0;0;0;0;0;0;1403;0;0;125;0;62;0;
5061;2528431;1167376384;18567168;1297453056;0;0;0;0;0;0;0;0;0;0;0;1483;0;0;125;0;62;0;
5062;1434881;1167376384;18567168;1297453056;0;0;0;0;0;0;0;0;0;0;0;1573;0;0;125;0;62;0;
5063;1707561;1167376384;18567168;1297453056;0;0;0;0;0;0;0;0;0;0;0;1593;0;0;125;0;62;0;
5064;2406743;1167376384;18567168;1297453056;0;0;0;0;0;0;0;0;0;0;0;1393;0;0;125;0;62;0;
5065;1382873;1167376384;18567168;1297453056;0;0;0;0;0;0;0;0;0;0;0;1513;0;0;125;0;62;0;
5066;1688516;1167376384;18567168;1297453056;0;0;0;0;0;0;0;0;0;0;0;103324;0;0;125;0;62;0;
5067;4535805;1167376384;18567168;1297453056;0;0;0;0;0;0;0;0;0;0;0;1593;0;0;125;0;62;0;
5068;2386274;1167376384;18567168;1297453056;0;0;0;0;0;0;0;0;0;0;0;2354;0;0;125;0;62;0;
5069;1699046;1167376384;18567168;1297453056;0;0;0;0;0;0;0;0;0;0;0;1583;0;0;125;0;62;0;
5070;2330640;1167376384;18567168;1297453056;0;0;0;0;0;0;0;0;0;0;0;1403;0;0;125;0;62;0;
5071;2307577;1167376384;18567168;1297453056;0;0;0;0;0;0;0;0;0;0;0;1513;0;0;125;0;62;0;
5072;2181921;1167376384;18567168;1297453056;0;0;0;0;0;0;0;0;0;0;0;1663;0;0;125;0;62;0;
5073;1954405;1167376384;18567168;1297453056;0;0;0;0;0;0;0;0;0;0;0;1402;0;0;125;0;62;0;
5074;1363597;1167376384;18567168;1297453056;0;0;0;0;0;0;0;0;0;0;0;1382;0;0;125;0;62;0;
5075;1586876;1167376384;18567168;1297453056;0;0;0;0;0;0;0;0;0;0;0;1362;0;0;125;0;62;0;
5076;1267597;1167376384;18567168;1297453056;0;0;0;0;0;0;0;0;0;0;0;1532;0;0;125;0;62;0;
5077;1081458;1167376384;18567168;1297453056;0;0;0;0;0;0;0;0;0;0;0;1412;0;0;125;0;62;0;
5078;4086893;1167376384;18567168;1297453056;0;0;0;0;0;0;0;0;0;0;0;1472;0;0;125;0;62;0;
5079;1769208;1167376384;18567168;1297453056;0;0;0;0;0;0;0;0;0;0;0;1402;0;0;125;0;62;0;
5080;2084659;1167376384;18567168;1297453056;0;0;0;0;0;0;0;0;0;0;0;1503;0;0;125;0;62;0;
5081;2141897;1167376384;18567168;1297453056;0;0;0;0;0;0;0;0;0;0;0;2945;0;0;125;0;62;0;
5082;2047770;1167376384;18567168;1297453056;0;0;0;0;0;0;0;0;0;0;0;1403;0;0;125;0;62;0;
5083;1202464;1167376384;18567168;1297453056;0;0;0;0;0;0;0;0;0;0;0;1403;0;0;125;0;62;0;
5084;4525786;1167376384;18567168;1297453056;0;0;0;0;0;0;0;0;0;0;0;1382;0;0;125;0;62;0;
5085;3056031;1167376384;18567168;1297453056;0;0;0;0;0;0;0;0;0;0;0;1653;0;0;125;0;62;0;
5086;2570770;1167376384;18567168;1297453056;0;0;0;0;0;0;0;0;0;0;0;1733;0;0;125;0;62;0;
5087;2418424;1167376384;18567168;1297453056;0;0;0;0;0;0;0;0;0;0;0;2175;0;0;125;0;62;0;
5088;2119715;1167376384;18567168;1297453056;0;0;0;0;0;0;0;0;0;0;0;1463;0;0;125;0;62;0;
5089;1437656;1167376384;18567168;1297453056;0;0;0;0;0;0;0;0;0;0;0;1452;0;0;125;0;62;0;
5090;4433553;1167376384;18567168;1297453056;0;0;0;0;0;0;0;0;0;0;0;1553;0;0;125;0;62;0;
5091;2231113;1167376384;18567168;1297453056;0;0;0;0;0;0;0;0;0;0;0;2114;0;0;125;0;62;0;
5092;2108894;1161551872;12066816;1290952704;0;0;0;0;0;0;0;0;0;0;0;1563;0;0;125;0;62;0;
5093;1480105;1161551872;12066816;1290952704;0;0;0;0;0;0;0;0;0;0;0;1473;0;0;125;0;62;0;
5094;2103564;1161551872;12066816;1290952704;0;0;0;0;0;0;0;0;0;0;0;1413;0;0;125;0;62;0;
5095;1785468;1161551872;12066816;1290952704;0;0;0;0;0;0;0;0;0;0;0;1573;0;0;125;0;62;0;
5096;5052614;1161551872;12066816;1290952704;0;0;0;0;0;0;0;0;0;0;0;1532;0;0;125;0;62;0;
5097;2460684;1161551872;12066816;1290952704;0;0;0;0;0;0;0;0;0;0;0;1804;0;0;125;0;62;0;
5098;1255895;1161551872;12066816;1290952704;0;0;0;0;0;0;0;0;0;0;0;1483;0;0;125;0;62;0;
5099;2162846;1161551872;12066816;1290952704;0;0;0;0;0;0;0;0;0;0;0;1402;0;0;125;0;62;0;
5100;1070146;1161551872;12066816;1290952704;0;0;0;0;0;0;0;0;0;0;0;1864;0;0;125;0;62;0;
5101;1911625;1161551872;12066816;1290952704;0;0;0;0;0;0;0;0;0;0;0;1623;0;0;125;0;62;0;
5102;1444168;1161551872;12066816;1290952704;0;0;0;0;0;0;0;0;0;0;0;1563;0;0;125;0;62;0;
5103;2589575;1164181504;18563072;1297448960;0;0;0;0;0;0;0;0;0;0;0;1934;0;0;125;0;62;0;
5104;3028478;1164181504;18563072;1297448960;0;0;0;0;0;0;0;0;0;0;0;1473;0;0;125;0;62;0;
5105;1354400;1164181504;18563072;1297448960;0;0;0;0;0;0;0;0;0;0;0;1443;0;0;125;0;62;0;
5106;4970821;1164181504;18563072;1297448960;0;0;0;0;0;0;0;0;0;0;0;1563;0;0;125;0;62;0;
5107;3181355;1164181504;18567168;1297453056;0;0;0;0;0;0;0;0;0;0;0;1803;0;0;125;0;62;0;
5108;2590377;1164181504;18567168;1297453056;0;0;0;0;0;0;0;0;0;0;0;1583;0;0;125;0;62;0;
5109;2368250;1164181504;18567168;1297453056;0;0;0;0;0;0;0;0;0;0;0;1452;0;0;125;0;62;0;
5110;3286142;1166278656;18567168;1297453056;0;0;0;0;0;0;0;0;0;0;0;1803;0;0;125;0;62;0;
5111;2137528;1166278656;18567168;1297453056;0;0;0;0;0;0;0;0;0;0;0;1863;0;0;125;0;62;0;
5112;4891181;1166278656;18567168;1297453056;0;0;0;0;0;0;0;0;0;0;0;1503;0;0;125;0;62;0;
5113;3742968;1166544896;18567168;1297453056;0;0;0;0;0;0;0;0;0;0;0;1703;0;0;125;0;62;0;
5114;3355933;1167626240;18567168;1297453056;0;0;0;0;0;0;0;0;0;0;0;1633;0;0;125;0;62;0;
5115;1476238;1167626240;18567168;1297453056;0;0;0;0;0;0;0;0;0;0;0;1533;0;0;125;0;62;0;
5116;3240245;1167626240;18567168;1297453056;0;0;0;0;0;0;0;0;0;0;0;1423;0;0;125;0;62;0;
5117;2575379;1167626240;18567168;1297453056;0;0;0;0;0;0;0;0;0;0;0;1864;0;0;125;0;62;0;
5118;4896281;1167626240;18567168;1297453056;0;0;0;0;0;0;0;0;0;0;0;1563;0;0;125;0;62;0;
5119;5609969;1167626240;18567168;1297453056;0;0;0;0;0;0;0;0;0;0;0;2174;0;0;125;0;62;0;
5120;2973485;1162452992;13156352;1292042240;0;0;0;0;0;0;0;0;0;0;0;1262;0;0;125;0;62;0;
5121;1571877;1162452992;13156352;1292042240;0;0;0;0;0;0;0;0;0;0;0;1623;0;0;125;0;62;0;
5122;4341190;1162452992;13156352;1292042240;0;0;0;0;0;0;0;0;0;0;0;1382;0;0;125;0;62;0;
5123;1428078;1162452992;13156352;1292042240;0;0;0;0;0;0;0;0;0;0;0;1553;0;0;125;0;62;0;
5124;4922811;1162452992;13156352;1292042240;0;0;0;0;0;0;0;0;0;0;0;1433;0;0;125;0;62;0;
5125;3529137;1162452992;13156352;1292042240;0;0;0;0;0;0;0;0;0;0;0;1503;0;0;125;0;62;0;
5126;2803717;1162452992;13156352;1292042240;0;0;0;0;0;0;0;0;0;0;0;1824;0;0;125;0;62;0;
5127;2252684;1162452992;13156352;1292042240;0;0;0;0;0;0;0;0;0;0;0;1553;0;0;125;0;62;0;
5128;2613681;1162452992;13156352;1292042240;0;0;0;0;0;0;0;0;0;0;0;1623;0;0;125;0;62;0;
5129;2382347;1162452992;13156352;1292042240;0;0;0;0;0;0;0;0;0;0;0;1432;0;0;125;0;62;0;
5130;5986315;1162452992;13156352;1292042240;0;0;0;0;0;0;0;0;0;0;0;1723;0;0;125;0;62;0;
5131;2900949;1162452992;13156352;1292042240;0;0;0;0;0;0;0;0;0;0;0;1553;0;0;125;0;62;0;
5132;3000797;1162452992;13156352;1292042240;0;0;0;0;0;0;0;0;0;0;0;1633;0;0;125;0;62;0;
5133;1724293;1162452992;13156352;1292042240;0;0;0;0;0;0;0;0;0;0;0;1473;0;0;125;0;62;0;
5134;2819517;1162452992;13156352;1292042240;0;0;0;0;0;0;0;0;0;0;0;1433;0;0;125;0;62;0;
5135;2678723;1162452992;13156352;1292042240;0;0;0;0;0;0;0;0;0;0;0;1423;0;0;125;0;62;0;
5136;5032957;1162452992;13156352;1292042240;0;0;0;0;0;0;0;0;0;0;0;1964;0;0;125;0;62;0;
5137;2946765;1162452992;13156352;1292042240;0;0;0;0;0;0;0;0;0;0;0;1774;0;0;125;0;62;0;
5138;3123116;1162452992;13156352;1292042240;0;0;0;0;0;0;0;0;0;0;0;1563;0;0;125;0;62;0;
5139;2501370;1162452992;13156352;1292042240;0;0;0;0;0;0;0;0;0;0;0;1593;0;0;125;0;62;0;
5140;2557115;1162452992;13156352;1292042240;0;0;0;0;0;0;0;0;0;0;0;1513;0;0;125;0;62;0;
5141;3296962;1162452992;13156352;1292042240;0;0;0;0;0;0;0;0;0;0;0;1503;0;0;125;0;62;0;
5142;5522565;1162452992;13156352;1292042240;0;0;0;0;0;0;0;0;0;0;0;1824;0;0;125;0;62;0;
5143;3336796;1162452992;13156352;1292042240;0;0;0;0;0;0;0;0;0;0;0;1623;0;0;125;0;62;0;
5144;3061421;1162452992;13156352;1292042240;0;0;0;0;0;0;0;0;0;0;0;1924;0;0;125;0;62;0;
5145;2832782;1162452992;13156352;1292042240;0;0;0;0;0;0;0;0;0;0;0;1443;0;0;125;0;62;0;
5146;2218289;1162452992;13156352;1292042240;0;0;0;0;0;0;0;0;0;0;0;1523;0;0;125;0;62;0;
5147;2656751;1162452992;13156352;1292042240;0;0;0;0;0;0;0;0;0;0;0;1443;0;0;125;0;62;0;
5148;2820599;1162452992;13156352;1292042240;0;0;0;0;0;0;0;0;0;0;0;2114;0;0;125;0;62;0;
5149;5479354;1162452992;13156352;1292042240;0;0;0;0;0;0;0;0;0;0;0;1793;0;0;125;0;62;0;
5150;3316669;1165082624;18563072;1297448960;0;0;0;0;0;0;0;0;0;0;0;2284;0;0;125;0;62;0;
5151;2563287;1165082624;18563072;1297448960;0;0;0;0;0;0;0;0;0;0;0;1934;0;0;125;0;62;0;
5152;2649438;1165082624;18563072;1297448960;0;0;0;0;0;0;0;0;0;0;0;1463;0;0;125;0;62;0;
5153;2051697;1165082624;18563072;1297448960;0;0;0;0;0;0;0;0;0;0;0;1603;0;0;125;0;62;0;
5154;3268498;1167179776;18563072;1297448960;0;0;0;0;0;0;0;0;0;0;0;2654;0;0;125;0;62;0;
5155;1959885;1167179776;18563072;1297448960;0;0;0;0;0;0;0;0;0;0;0;1563;0;0;125;0;62;0;
5156;5200641;1167179776;18563072;1297448960;0;0;0;0;0;0;0;0;0;0;0;1253;0;0;125;0;62;0;
5157;3466530;1167716352;18563072;1297448960;0;0;0;0;0;0;0;0;0;0;0;1573;0;0;125;0;62;0;
5158;3092428;1167716352;18563072;1297448960;0;0;0;0;0;0;0;0;0;0;0;2625;0;0;125;0;62;0;
5159;3520561;1167802368;18558976;1297444864;0;0;0;0;0;0;0;0;0;0;0;1523;0;0;125;0;62;0;
5160;2298530;1167802368;18558976;1297444864;0;0;0;0;0;0;0;0;0;0;0;1473;0;0;125;0;62;0;
5161;3814352;1167802368;18558976;1297444864;0;0;0;0;0;0;0;0;0;0;0;1943;0;0;125;0;62;0;
5162;2684904;1167802368;18558976;1297444864;0;0;0;0;0;0;0;0;0;0;0;1853;0;0;125;0;62;0;
5163;6189295;1167802368;18563072;1297448960;0;0;0;0;0;0;0;0;0;0;0;1693;0;0;125;0;62;0;
5164;3398612;1167802368;18567168;1297453056;0;0;0;0;0;0;0;0;0;0;0;1914;0;0;125;0;62;0;
5165;2336331;1167802368;18567168;1297453056;0;0;0;0;0;0;0;0;0;0;0;1432;0;0;125;0;62;0;
5166;3365821;1167802368;18567168;1297453056;0;0;0;0;0;0;0;0;0;0;0;1513;0;0;125;0;62;0;
5167;2313447;1167802368;18567168;1297453056;0;0;0;0;0;0;0;0;0;0;0;1613;0;0;125;0;62;0;
5168;3777774;1167802368;18567168;1297453056;0;0;0;0;0;0;0;0;0;0;0;1503;0;0;125;0;62;0;
5169;3162951;1167802368;18567168;1297453056;0;0;0;0;0;0;0;0;0;0;0;1643;0;0;125;0;62;0;
5170;1295690;1167802368;18567168;1297453056;0;0;0;0;0;0;0;0;0;0;0;1423;0;0;125;0;62;0;
5171;3584782;1167802368;18567168;1297453056;0;0;0;0;0;0;0;0;0;0;0;1443;0;0;125;0;62;0;
5172;2291597;1167802368;18567168;1297453056;0;0;0;0;0;0;0;0;0;0;0;1423;0;0;125;0;62;0;
5173;1941290;1167802368;18567168;1297453056;0;0;0;0;0;0;0;0;0;0;0;1433;0;0;125;0;62;0;
5174;6520045;1167802368;18567168;1297453056;0;0;0;0;0;0;0;0;0;0;0;1483;0;0;125;0;62;0;
5175;4149541;1167802368;18567168;1297453056;0;0;0;0;0;0;0;0;0;0;0;2274;0;0;125;0;62;0;
5176;2868419;1167802368;18567168;1297453056;0;0;0;0;0;0;0;0;0;0;0;2244;0;0;125;0;62;0;
5177;2509827;1167802368;18567168;1297453056;0;0;0;0;0;0;0;0;0;0;0;1473;0;0;125;0;62;0;
5178;1705307;1167802368;18567168;1297453056;0;0;0;0;0;0;0;0;0;0;0;1382;0;0;125;0;62;0;
5179;2641473;1167802368;18567168;1297453056;0;0;0;0;0;0;0;0;0;0;0;1583;0;0;125;0;62;0;
5180;3045490;1167802368;18567168;1297453056;0;0;0;0;0;0;0;0;0;0;0;1673;0;0;125;0;62;0;
5181;5387472;1167802368;18567168;1297453056;0;0;0;0;0;0;0;0;0;0;0;1503;0;0;125;0;62;0;
5182;4556464;1167802368;18567168;1297453056;0;0;0;0;0;0;0;0;0;0;0;1623;0;0;125;0;62;0;
5183;3443487;1167802368;18567168;1297453056;0;0;0;0;0;0;0;0;0;0;0;1694;0;0;125;0;62;0;
5184;2885641;1167802368;18567168;1297453056;0;0;0;0;0;0;0;0;0;0;0;1573;0;0;125;0;62;0;
5185;2178805;1167802368;18567168;1297453056;0;0;0;0;0;0;0;0;0;0;0;1553;0;0;125;0;62;0;
5186;3275742;1167802368;18567168;1297453056;0;0;0;0;0;0;0;0;0;0;0;1432;0;0;125;0;62;0;
5187;2288701;1167802368;18567168;1297453056;0;0;0;0;0;0;0;0;0;0;0;1883;0;0;125;0;62;0;
5188;6700063;1167802368;18567168;1297453056;0;0;0;0;0;0;0;0;0;0;0;1543;0;0;125;0;62;0;
5189;3691171;1167802368;18567168;1297453056;0;0;0;0;0;0;0;0;0;0;0;1953;0;0;125;0;62;0;
5190;1987857;1167802368;18567168;1297453056;0;0;0;0;0;0;0;0;0;0;0;1463;0;0;125;0;62;0;
5191;2608712;1167863808;18558976;1297444864;0;0;0;0;0;0;0;0;0;0;0;1493;0;0;125;0;62;0;
5192;2362269;1167863808;18558976;1297444864;0;0;0;0;0;0;0;0;0;0;0;1724;0;0;125;0;62;0;
5193;2289362;1167863808;18558976;1297444864;0;0;0;0;0;0;0;0;0;0;0;1433;0;0;125;0;62;0;
5194;2427481;1167863808;18558976;1297444864;0;0;0;0;0;0;0;0;0;0;0;1573;0;0;125;0;62;0;
5195;5518788;1167863808;18558976;1297444864;0;0;0;0;0;0;0;0;0;0;0;1392;0;0;125;0;62;0;
5196;3418840;1167863808;18558976;1297444864;0;0;0;0;0;0;0;0;0;0;0;2565;0;0;125;0;62;0;
5197;1405265;1167863808;18558976;1297444864;0;0;0;0;0;0;0;0;0;0;0;1613;0;0;125;0;62;0;
5198;2127158;1167863808;18558976;1297444864;0;0;0;0;0;0;0;0;0;0;0;1363;0;0;125;0;62;0;
5199;1936160;1167863808;18558976;1297444864;0;0;0;0;0;0;0;0;0;0;0;1433;0;0;125;0;62;0;
5200;3015945;1167863808;18558976;1297444864;0;0;0;0;0;0;0;0;0;0;0;109996;0;0;125;0;62;0;
5201;2494347;1167863808;18558976;1297444864;0;0;0;0;0;0;0;0;0;0;0;1914;0;0;125;0;62;0;
5202;4655820;1167863808;18558976;1297444864;0;0;0;0;0;0;0;0;0;0;0;1503;0;0;125;0;62;0;
5203;2809257;1167863808;18558976;1297444864;0;0;0;0;0;0;0;0;0;0;0;1633;0;0;125;0;62;0;
5204;2712747;1167863808;18558976;1297444864;0;0;0;0;0;0;0;0;0;0;0;1743;0;0;125;0;62;0;
5205;2512952;1167863808;18558976;1297444864;0;0;0;0;0;0;0;0;0;0;0;1613;0;0;125;0;62;0;
5206;2229009;1167863808;18558976;1297444864;0;0;0;0;0;0;0;0;0;0;0;1433;0;0;125;0;62;0;
5207;2855925;1167863808;18558976;1297444864;0;0;0;0;0;0;0;0;0;0;0;1222;0;0;125;0;62;0;
5208;2268463;1167863808;18558976;1297444864;0;0;0;0;0;0;0;0;0;0;0;1984;0;0;125;0;62;0;
5209;5120921;1167863808;18558976;1297444864;0;0;0;0;0;0;0;0;0;0;0;1673;0;0;125;0;62;0;
5210;3168191;1167863808;18558976;1297444864;0;0;0;0;0;0;0;0;0;0;0;1713;0;0;125;0;62;0;
5211;3126392;1167863808;18558976;1297444864;0;0;0;0;0;0;0;0;0;0;0;1934;0;0;125;0;62;0;
5212;2765365;1162563584;13152256;1292038144;0;0;0;0;0;0;0;0;0;0;0;1694;0;0;125;0;62;0;
5213;1441283;1162563584;13152256;1292038144;0;0;0;0;0;0;0;0;0;0;0;1323;0;0;125;0;62;0;
5214;2346670;1162563584;13152256;1292038144;0;0;0;0;0;0;0;0;0;0;0;1523;0;0;125;0;62;0;
5215;2008676;1162563584;13152256;1292038144;0;0;0;0;0;0;0;0;0;0;0;1543;0;0;125;0;62;0;
5216;5414442;1165193216;18558976;1297444864;0;0;0;0;0;0;0;0;0;0;0;1713;0;0;125;0;62;0;
5217;3155808;1165193216;18558976;1297444864;0;0;0;0;0;0;0;0;0;0;0;2514;0;0;125;0;62;0;
5218;1919940;1165193216;18558976;1297444864;0;0;0;0;0;0;0;0;0;0;0;1453;0;0;125;0;62;0;
5219;4108143;1167290368;18558976;1297444864;0;0;0;0;0;0;0;0;0;0;0;9267;0;0;125;0;62;0;
5220;3124639;1167290368;18558976;1297444864;0;0;0;0;0;0;0;0;0;0;0;4899;0;0;125;0;62;0;
5221;3074235;1167290368;18558976;1297444864;0;0;0;0;0;0;0;0;0;0;0;2164;0;0;125;0;62;0;
5222;2687138;1167290368;18558976;1297444864;0;0;0;0;0;0;0;0;0;0;0;2164;0;0;125;0;62;0;
5223;6193493;1167826944;18558976;1297444864;0;0;0;0;0;0;0;0;0;0;0;3036;0;0;125;0;62;0;
5224;3046512;1167826944;18558976;1297444864;0;0;0;0;0;0;0;0;0;0;0;3116;0;0;125;0;62;0;
5225;2906180;1167826944;18558976;1297444864;0;0;0;0;0;0;0;0;0;0;0;3096;0;0;125;0;62;0;
5226;3594049;1167826944;18558976;1297444864;0;0;0;0;0;0;0;0;0;0;0;2344;0;0;125;0;62;0;
5227;2275417;1167826944;18558976;1297444864;0;0;0;0;0;0;0;0;0;0;0;2174;0;0;125;0;62;0;
5228;2516569;1167826944;18558976;1297444864;0;0;0;0;0;0;0;0;0;0;0;2385;0;0;125;0;62;0;
5229;1989330;1167826944;18558976;1297444864;0;0;0;0;0;0;0;0;0;0;0;2224;0;0;125;0;62;0;
5230;5363066;1167826944;18558976;1297444864;0;0;0;0;0;0;0;0;0;0;0;2194;0;0;125;0;62;0;
5231;3570234;1167826944;18558976;1297444864;0;0;0;0;0;0;0;0;0;0;0;3536;0;0;125;0;62;0;
5232;1980673;1167826944;18558976;1297444864;0;0;0;0;0;0;0;0;0;0;0;2796;0;0;125;0;62;0;
5233;2202339;1167826944;18558976;1297444864;0;0;0;0;0;0;0;0;0;0;0;1944;0;0;125;0;62;0;
5234;1759920;1167826944;18558976;1297444864;0;0;0;0;0;0;0;0;0;0;0;2034;0;0;125;0;62;0;
5235;3328210;1167826944;18558976;1297444864;0;0;0;0;0;0;0;0;0;0;0;3156;0;0;125;0;62;0;
5236;1253310;1167826944;18558976;1297444864;0;0;0;0;0;0;0;0;0;0;0;2545;0;0;125;0;62;0;
5237;5359950;1167826944;18558976;1297444864;0;0;0;0;0;0;0;0;0;0;0;4458;0;0;125;0;62;0;
5238;2211326;1167826944;18558976;1297444864;0;0;0;0;0;0;0;0;0;0;0;2365;0;0;125;0;62;0;
5239;1553894;1167826944;18558976;1297444864;0;0;0;0;0;0;0;0;0;0;0;1502;0;0;125;0;62;0;
5240;1726517;1167826944;18558976;1297444864;0;0;0;0;0;0;0;0;0;0;0;1423;0;0;125;0;62;0;
5241;1617963;1167826944;18558976;1297444864;0;0;0;0;0;0;0;0;0;0;0;1913;0;0;125;0;62;0;
5242;2474790;1167826944;18558976;1297444864;0;0;0;0;0;0;0;0;0;0;0;1623;0;0;125;0;62;0;
5243;1359730;1167826944;18558976;1297444864;0;0;0;0;0;0;0;0;0;0;0;1613;0;0;125;0;62;0;
5244;5780669;1167826944;18558976;1297444864;0;0;0;0;0;0;0;0;0;0;0;1573;0;0;125;0;62;0;
5245;2544261;1167826944;18558976;1297444864;0;0;0;0;0;0;0;0;0;0;0;2405;0;0;125;0;62;0;
5246;1943674;1167826944;18558976;1297444864;0;0;0;0;0;0;0;0;0;0;0;1502;0;0;125;0;62;0;
5247;2280075;1167826944;18558976;1297444864;0;0;0;0;0;0;0;0;0;0;0;1443;0;0;125;0;62;0;
5248;1874014;1167826944;18558976;1297444864;0;0;0;0;0;0;0;0;0;0;0;1562;0;0;125;0;62;0;
5249;3788534;1167826944;18558976;1297444864;0;0;0;0;0;0;0;0;0;0;0;3707;0;0;125;0;62;0;
5250;1892668;1167826944;18558976;1297444864;0;0;0;0;0;0;0;0;0;0;0;2504;0;0;125;0;62;0;
5251;3985824;1167826944;18558976;1297444864;0;0;0;0;0;0;0;0;0;0;0;1673;0;0;125;0;62;0;
5252;4499778;1167826944;18558976;1297444864;0;0;0;0;0;0;0;0;0;0;0;3226;0;0;125;0;62;0;
5253;2761037;1167826944;18558976;1297444864;0;0;0;0;0;0;0;0;0;0;0;1724;0;0;125;0;62;0;
5254;1501115;1167826944;18558976;1297444864;0;0;0;0;0;0;0;0;0;0;0;1532;0;0;125;0;62;0;
5255;1695459;1167826944;18558976;1297444864;0;0;0;0;0;0;0;0;0;0;0;1543;0;0;125;0;62;0;
5256;1086838;1167826944;18558976;1297444864;0;0;0;0;0;0;0;0;0;0;0;1483;0;0;125;0;62;0;
5257;5355902;1167826944;18558976;1297444864;0;0;0;0;0;0;0;0;0;0;0;1603;0;0;125;0;62;0;
5258;4029355;1167826944;18563072;1297448960;0;0;0;0;0;0;0;0;0;0;0;2625;0;0;125;0;62;0;
5259;1835733;1167826944;18563072;1297448960;0;0;0;0;0;0;0;0;0;0;0;1233;0;0;125;0;62;0;
5260;2596268;1167826944;18563072;1297448960;0;0;0;0;0;0;0;0;0;0;0;1432;0;0;125;0;62;0;
5261;2160191;1167826944;18563072;1297448960;0;0;0;0;0;0;0;0;0;0;0;1833;0;0;125;0;62;0;
5262;2098235;1167826944;18563072;1297448960;0;0;0;0;0;0;0;0;0;0;0;1393;0;0;125;0;62;0;
5263;1080777;1167826944;18563072;1297448960;0;0;0;0;0;0;0;0;0;0;0;1463;0;0;125;0;62;0;
5264;5929398;1167826944;18563072;1297448960;0;0;0;0;0;0;0;0;0;0;0;1353;0;0;125;0;62;0;
5265;3579202;1167826944;18563072;1297448960;0;0;0;0;0;0;0;0;0;0;0;2244;0;0;125;0;62;0;
5266;2142718;1167826944;18563072;1297448960;0;0;0;0;0;0;0;0;0;0;0;1463;0;0;125;0;62;0;
5267;1715347;1167826944;18563072;1297448960;0;0;0;0;0;0;0;0;0;0;0;1573;0;0;125;0;62;0;
5268;2511549;1167826944;18563072;1297448960;0;0;0;0;0;0;0;0;0;0;0;1704;0;0;125;0;62;0;
5269;1837035;1167826944;18563072;1297448960;0;0;0;0;0;0;0;0;0;0;0;1994;0;0;125;0;62;0;
5270;1546149;1167826944;18563072;1297448960;0;0;0;0;0;0;0;0;0;0;0;1433;0;0;125;0;62;0;
5271;4656762;1167826944;18563072;1297448960;0;0;0;0;0;0;0;0;0;0;0;1343;0;0;125;0;62;0;
5272;3085024;1167826944;18563072;1297448960;0;0;0;0;0;0;0;0;0;0;0;2445;0;0;125;0;62;0;
5273;1875336;1168056320;18558976;1297444864;0;0;0;0;0;0;0;0;0;0;0;1532;0;0;125;0;62;0;
5274;1317701;1168056320;18558976;1297444864;0;0;0;0;0;0;0;0;0;0;0;1422;0;0;125;0;62;0;
5275;2237315;1168056320;18558976;1297444864;0;0;0;0;0;0;0;0;0;0;0;1382;0;0;125;0;62;0;
5276;2379081;1168056320;18558976;1297444864;0;0;0;0;0;0;0;0;0;0;0;1603;0;0;125;0;62;0;
5277;4676750;1168056320;18558976;1297444864;0;0;0;0;0;0;0;0;0;0;0;1483;0;0;125;0;62;0;
5278;2057228;1168056320;18563072;1297448960;0;0;0;0;0;0;0;0;0;0;0;2354;0;0;125;0;62;0;
5279;1990141;1162653696;13156352;1292042240;0;0;0;0;0;0;0;0;0;0;0;1523;0;0;125;0;62;0;
5280;1214447;1162653696;13156352;1292042240;0;0;0;0;0;0;0;0;0;0;0;1503;0;0;125;0;62;0;
5281;2828934;1162653696;13156352;1292042240;0;0;0;0;0;0;0;0;0;0;0;1593;0;0;125;0;62;0;
5282;1813611;1162653696;13156352;1292042240;0;0;0;0;0;0;0;0;0;0;0;1914;0;0;125;0;62;0;
5283;4502333;1162653696;13156352;1292042240;0;0;0;0;0;0;0;0;0;0;0;1553;0;0;125;0;62;0;
5284;1907337;1162653696;13156352;1292042240;0;0;0;0;0;0;0;0;0;0;0;1773;0;0;125;0;62;0;
5285;3357676;1162653696;13156352;1292042240;0;0;0;0;0;0;0;0;0;0;0;1563;0;0;125;0;62;0;
5286;2146485;1162653696;13156352;1292042240;0;0;0;0;0;0;0;0;0;0;0;1413;0;0;125;0;62;0;
5287;2347432;1162653696;13156352;1292042240;0;0;0;0;0;0;0;0;0;0;0;1583;0;0;125;0;62;0;
5288;1071058;1162653696;13156352;1292042240;0;0;0;0;0;0;0;0;0;0;0;1393;0;0;125;0;62;0;
5289;5540388;1162653696;13156352;1292042240;0;0;0;0;0;0;0;0;0;0;0;1453;0;0;125;0;62;0;
5290;9715467;1165283328;18563072;1297448960;0;0;0;0;0;0;0;0;0;0;0;2795;0;0;125;0;62;0;
5291;2338265;1165283328;18563072;1297448960;0;0;0;0;0;0;0;0;0;0;0;2054;0;0;125;0;62;0;
5292;2300704;1165283328;18563072;1297448960;0;0;0;0;0;0;0;0;0;0;0;1513;0;0;125;0;62;0;
5293;1584851;1165283328;18563072;1297448960;0;0;0;0;0;0;0;0;0;0;0;1583;0;0;125;0;62;0;
5294;2584556;1165283328;18563072;1297448960;0;0;0;0;0;0;0;0;0;0;0;1844;0;0;125;0;62;0;
5295;1421215;1165283328;18563072;1297448960;0;0;0;0;0;0;0;0;0;0;0;2034;0;0;125;0;62;0;
5296;4845385;1165283328;18563072;1297448960;0;0;0;0;0;0;0;0;0;0;0;1453;0;0;125;0;62;0;
5297;3061510;1165283328;18563072;1297448960;0;0;0;0;0;0;0;0;0;0;0;1533;0;0;125;0;62;0;
5298;2266069;1165283328;18563072;1297448960;0;0;0;0;0;0;0;0;0;0;0;2084;0;0;125;0;62;0;
5299;2147426;1165283328;18563072;1297448960;0;0;0;0;0;0;0;0;0;0;0;1362;0;0;125;0;62;0;
5300;1303344;1165283328;18563072;1297448960;0;0;0;0;0;0;0;0;0;0;0;1593;0;0;125;0;62;0;
5301;2275677;1165283328;18563072;1297448960;0;0;0;0;0;0;0;0;0;0;0;1442;0;0;125;0;62;0;
5302;2027942;1165283328;18563072;1297448960;0;0;0;0;0;0;0;0;0;0;0;1563;0;0;125;0;62;0;
5303;5293967;1165283328;18563072;1297448960;0;0;0;0;0;0;0;0;0;0;0;1623;0;0;125;0;62;0;
5304;3522355;1165283328;18563072;1297448960;0;0;0;0;0;0;0;0;0;0;0;3306;0;0;125;0;62;0;
5305;2879900;1165283328;18563072;1297448960;0;0;0;0;0;0;0;0;0;0;0;2044;0;0;125;0;62;0;
5306;3574903;1165512704;18558976;1297444864;0;0;0;0;0;0;0;0;0;0;0;1573;0;0;125;0;62;0;
5307;2164037;1165512704;18558976;1297444864;0;0;0;0;0;0;0;0;0;0;0;1443;0;0;125;0;62;0;
5308;2361228;1165512704;18558976;1297444864;0;0;0;0;0;0;0;0;0;0;0;1553;0;0;125;0;62;0;
5309;2734848;1165512704;18558976;1297444864;0;0;0;0;0;0;0;0;0;0;0;1392;0;0;125;0;62;0;
5310;5918498;1165512704;18558976;1297444864;0;0;0;0;0;0;0;0;0;0;0;1623;0;0;125;0;62;0;
5311;3764027;1165512704;18558976;1297444864;0;0;0;0;0;0;0;0;0;0;0;2284;0;0;125;0;62;0;
5312;1648922;1165512704;18558976;1297444864;0;0;0;0;0;0;0;0;0;0;0;1644;0;0;125;0;62;0;
5313;3195521;1165512704;18558976;1297444864;0;0;0;0;0;0;0;0;0;0;0;1633;0;0;125;0;62;0;
5314;2532549;1165512704;18558976;1297444864;0;0;0;0;0;0;0;0;0;0;0;1603;0;0;125;0;62;0;
5315;2699572;1167609856;18558976;1297444864;0;0;0;0;0;0;0;0;0;0;0;1573;0;0;125;0;62;0;
5316;1681263;1167609856;18558976;1297444864;0;0;0;0;0;0;0;0;0;0;0;1503;0;0;125;0;62;0;
5317;5453625;1167609856;18558976;1297444864;0;0;0;0;0;0;0;0;0;0;0;1422;0;0;125;0;62;0;
5318;3037746;1167609856;18558976;1297444864;0;0;0;0;0;0;0;0;0;0;0;2505;0;0;125;0;62;0;
5319;1491116;1167609856;18558976;1297444864;0;0;0;0;0;0;0;0;0;0;0;1623;0;0;125;0;62;0;
5320;2107622;1167609856;18558976;1297444864;0;0;0;0;0;0;0;0;0;0;0;1433;0;0;125;0;62;0;
5321;2643857;1167609856;18558976;1297444864;0;0;0;0;0;0;0;0;0;0;0;1412;0;0;125;0;62;0;
5322;2492704;1167609856;18558976;1297444864;0;0;0;0;0;0;0;0;0;0;0;1573;0;0;125;0;62;0;
5323;2047068;1167609856;18558976;1297444864;0;0;0;0;0;0;0;0;0;0;0;1964;0;0;125;0;62;0;
5324;4322766;1167609856;18558976;1297444864;0;0;0;0;0;0;0;0;0;0;0;1433;0;0;125;0;62;0;
5325;3955055;1167609856;18558976;1297444864;0;0;0;0;0;0;0;0;0;0;0;2715;0;0;125;0;62;0;
5326;1914780;1167609856;18558976;1297444864;0;0;0;0;0;0;0;0;0;0;0;1814;0;0;125;0;62;0;
5327;1172789;1167609856;18558976;1297444864;0;0;0;0;0;0;0;0;0;0;0;1483;0;0;125;0;62;0;
5328;1941821;1167609856;18558976;1297444864;0;0;0;0;0;0;0;0;0;0;0;1512;0;0;125;0;62;0;
5329;1523917;1167609856;18558976;1297444864;0;0;0;0;0;0;0;0;0;0;0;1383;0;0;125;0;62;0;
5330;4833613;1167609856;18558976;1297444864;0;0;0;0;0;0;0;0;0;0;0;1433;0;0;125;0;62;0;
5331;2382457;1167609856;18563072;1297448960;0;0;0;0;0;0;0;0;0;0;0;2575;0;0;125;0;62;0;
5332;1438788;1167609856;18563072;1297448960;0;0;0;0;0;0;0;0;0;0;0;7264;0;0;125;0;62;0;
5333;2626665;1167609856;18563072;1297448960;0;0;0;0;0;0;0;0;0;0;0;1372;0;0;125;0;62;0;
5334;1335524;1167609856;18563072;1297448960;0;0;0;0;0;0;0;0;0;0;0;1353;0;0;125;0;62;0;
5335;2982142;1167609856;18563072;1297448960;0;0;0;0;0;0;0;0;0;0;0;2033;0;0;125;0;62;0;
5336;871433;1167609856;18563072;1297448960;0;0;0;0;0;0;0;0;0;0;0;1643;0;0;125;0;62;0;
5337;4312647;1167609856;18563072;1297448960;0;0;0;0;0;0;0;0;0;0;0;1422;0;0;125;0;62;0;
5338;1933746;1167609856;18563072;1297448960;0;0;0;0;0;0;0;0;0;0;0;1803;0;0;125;0;62;0;
5339;2566693;1167609856;18563072;1297448960;0;0;0;0;0;0;0;0;0;0;0;1363;0;0;125;0;62;0;
5340;2097834;1167609856;18563072;1297448960;0;0;0;0;0;0;0;0;0;0;0;1582;0;0;125;0;62;0;
5341;2036989;1167609856;18563072;1297448960;0;0;0;0;0;0;0;0;0;0;0;1433;0;0;125;0;62;0;
5342;1217904;1167609856;18563072;1297448960;0;0;0;0;0;0;0;0;0;0;0;1523;0;0;125;0;62;0;
5343;4867667;1167609856;18563072;1297448960;0;0;0;0;0;0;0;0;0;0;0;1493;0;0;125;0;62;0;
5344;3401427;1167609856;18563072;1297448960;0;0;0;0;0;0;0;0;0;0;0;3446;0;0;125;0;62;0;
5345;2227386;1167609856;18563072;1297448960;0;0;0;0;0;0;0;0;0;0;0;1453;0;0;125;0;62;0;
5346;1327980;1167609856;18563072;1297448960;0;0;0;0;0;0;0;0;0;0;0;1473;0;0;125;0;62;0;
5347;1544386;1167609856;18563072;1297448960;0;0;0;0;0;0;0;0;0;0;0;1353;0;0;125;0;62;0;
5348;1099061;1167609856;18563072;1297448960;0;0;0;0;0;0;0;0;0;0;0;1453;0;0;125;0;62;0;
5349;5528456;1167609856;18563072;1297448960;0;0;0;0;0;0;0;0;0;0;0;1393;0;0;125;0;62;0;
5350;2625543;1167609856;18563072;1297448960;0;0;0;0;0;0;0;0;0;0;0;2154;0;0;125;0;62;0;
5351;1626820;1167609856;18563072;1297448960;0;0;0;0;0;0;0;0;0;0;0;1653;0;0;125;0;62;0;
5352;3387863;1162735616;13156352;1292042240;0;0;0;0;0;0;0;0;0;0;0;1593;0;0;125;0;62;0;
5353;2930174;1162735616;13156352;1292042240;0;0;0;0;0;0;0;0;0;0;0;4539;0;0;125;0;62;0;
5354;3140970;1162735616;13156352;1292042240;0;0;0;0;0;0;0;0;0;0;0;1713;0;0;125;0;62;0;
5355;1248821;1162735616;13156352;1292042240;0;0;0;0;0;0;0;0;0;0;0;1713;0;0;125;0;62;0;
5356;6313117;1162735616;13156352;1292042240;0;0;0;0;0;0;0;0;0;0;0;1222;0;0;125;0;62;0;
5357;4335710;1162735616;13156352;1292042240;0;0;0;0;0;0;0;0;0;0;0;7003;0;0;125;0;62;0;
5358;1489613;1162735616;13156352;1292042240;0;0;0;0;0;0;0;0;0;0;0;2494;0;0;125;0;62;0;
5359;2009969;1162735616;13156352;1292042240;0;0;0;0;0;0;0;0;0;0;0;1673;0;0;125;0;62;0;
5360;1160506;1162735616;13156352;1292042240;0;0;0;0;0;0;0;0;0;0;0;1694;0;0;125;0;62;0;
5361;1803431;1162735616;13156352;1292042240;0;0;0;0;0;0;0;0;0;0;0;1523;0;0;125;0;62;0;
5362;991019;1162735616;13156352;1292042240;0;0;0;0;0;0;0;0;0;0;0;1703;0;0;125;0;62;0;
5363;4049002;1162735616;13156352;1292042240;0;0;0;0;0;0;0;0;0;0;0;1603;0;0;125;0;62;0;
5364;3027307;1162735616;13156352;1292042240;0;0;0;0;0;0;0;0;0;0;0;2224;0;0;125;0;62;0;
5365;3267797;1162739712;13152256;1292038144;0;0;0;0;0;0;0;0;0;0;0;1362;0;0;125;0;62;0;
5366;1081367;1162739712;13152256;1292038144;0;0;0;0;0;0;0;0;0;0;0;1823;0;0;125;0;62;0;
5367;2309971;1162739712;13152256;1292038144;0;0;0;0;0;0;0;0;0;0;0;1633;0;0;125;0;62;0;
5368;2613952;1162739712;13152256;1292038144;0;0;0;0;0;0;0;0;0;0;0;5280;0;0;125;0;62;0;
5369;6342823;1162739712;13152256;1292038144;0;0;0;0;0;0;0;0;0;0;0;1663;0;0;125;0;62;0;
5370;2922610;1162739712;13156352;1292042240;0;0;0;0;0;0;0;0;0;0;0;2585;0;0;125;0;62;0;
5371;1997375;1162739712;13156352;1292042240;0;0;0;0;0;0;0;0;0;0;0;1743;0;0;125;0;62;0;
5372;1724654;1162739712;13156352;1292042240;0;0;0;0;0;0;0;0;0;0;0;1513;0;0;125;0;62;0;
5373;1676142;1162739712;13156352;1292042240;0;0;0;0;0;0;0;0;0;0;0;1453;0;0;125;0;62;0;
5374;3082039;1162739712;13156352;1292042240;0;0;0;0;0;0;0;0;0;0;0;1894;0;0;125;0;62;0;
5375;1389085;1162739712;13156352;1292042240;0;0;0;0;0;0;0;0;0;0;0;1533;0;0;125;0;62;0;
5376;5409493;1162739712;13156352;1292042240;0;0;0;0;0;0;0;0;0;0;0;1483;0;0;125;0;62;0;
5377;3415824;1162739712;13156352;1292042240;0;0;0;0;0;0;0;0;0;0;0;2044;0;0;125;0;62;0;
5378;2094778;1162739712;13156352;1292042240;0;0;0;0;0;0;0;0;0;0;0;1573;0;0;125;0;62;0;
5379;2308438;1162739712;13156352;1292042240;0;0;0;0;0;0;0;0;0;0;0;1623;0;0;125;0;62;0;
5380;2221365;1162739712;13156352;1292042240;0;0;0;0;0;0;0;0;0;0;0;1603;0;0;125;0;62;0;
5381;2620434;1162739712;13156352;1292042240;0;0;0;0;0;0;0;0;0;0;0;1553;0;0;125;0;62;0;
5382;1519539;1162739712;13156352;1292042240;0;0;0;0;0;0;0;0;0;0;0;2004;0;0;125;0;62;0;
5383;5107196;1162739712;13156352;1292042240;0;0;0;0;0;0;0;0;0;0;0;1533;0;0;125;0;62;0;
5384;3311850;1165369344;18563072;1297448960;0;0;0;0;0;0;0;0;0;0;0;2395;0;0;125;0;62;0;
5385;2213861;1165611008;18558976;1297444864;0;0;0;0;0;0;0;0;0;0;0;1352;0;0;125;0;62;0;
5386;1893450;1165611008;18558976;1297444864;0;0;0;0;0;0;0;0;0;0;0;1774;0;0;125;0;62;0;
5387;3345904;1165611008;18558976;1297444864;0;0;0;0;0;0;0;0;0;0;0;2144;0;0;125;0;62;0;
5388;2241943;1165611008;18558976;1297444864;0;0;0;0;0;0;0;0;0;0;0;1833;0;0;125;0;62;0;
5389;5364770;1167708160;18558976;1297444864;0;0;0;0;0;0;0;0;0;0;0;1543;0;0;125;0;62;0;
5390;2678813;1167708160;18563072;1297448960;0;0;0;0;0;0;0;0;0;0;0;2154;0;0;125;0;62;0;
5391;1707491;1167708160;18563072;1297448960;0;0;0;0;0;0;0;0;0;0;0;30538;0;0;125;0;62;0;
5392;2173665;1167708160;18563072;1297448960;0;0;0;0;0;0;0;0;0;0;0;1674;0;0;125;0;62;0;
5393;1549295;1167708160;18563072;1297448960;0;0;0;0;0;0;0;0;0;0;0;1633;0;0;125;0;62;0;
5394;2855975;1167708160;18563072;1297448960;0;0;0;0;0;0;0;0;0;0;0;1463;0;0;125;0;62;0;
5395;2229100;1167708160;18563072;1297448960;0;0;0;0;0;0;0;0;0;0;0;1913;0;0;125;0;62;0;
5396;4743504;1167708160;18563072;1297448960;0;0;0;0;0;0;0;0;0;0;0;1923;0;0;125;0;62;0;
5397;3075227;1167708160;18563072;1297448960;0;0;0;0;0;0;0;0;0;0;0;1803;0;0;125;0;62;0;
5398;2372358;1167708160;18563072;1297448960;0;0;0;0;0;0;0;0;0;0;0;1663;0;0;125;0;62;0;
5399;1895634;1167708160;18563072;1297448960;0;0;0;0;0;0;0;0;0;0;0;1793;0;0;125;0;62;0;
5400;2055073;1167708160;18563072;1297448960;0;0;0;0;0;0;0;0;0;0;0;1493;0;0;125;0;62;0;
5401;1288376;1167708160;18563072;1297448960;0;0;0;0;0;0;0;0;0;0;0;1393;0;0;125;0;62;0;
5402;4283412;1167708160;18563072;1297448960;0;0;0;0;0;0;0;0;0;0;0;1633;0;0;125;0;62;0;
5403;2714189;1167708160;18563072;1297448960;0;0;0;0;0;0;0;0;0;0;0;2405;0;0;125;0;62;0;
5404;1656806;1167708160;18563072;1297448960;0;0;0;0;0;0;0;0;0;0;0;1433;0;0;125;0;62;0;
5405;1549937;1167708160;18563072;1297448960;0;0;0;0;0;0;0;0;0;0;0;1453;0;0;125;0;62;0;
5406;1706640;1167708160;18563072;1297448960;0;0;0;0;0;0;0;0;0;0;0;2004;0;0;125;0;62;0;
5407;2422933;1167708160;18563072;1297448960;0;0;0;0;0;0;0;0;0;0;0;2725;0;0;125;0;63;0;
5408;1900434;1167708160;18563072;1297448960;0;0;0;0;0;0;0;0;0;0;0;2584;0;0;125;0;63;0;
5409;4452719;1167708160;18563072;1297448960;0;0;0;0;0;0;0;0;0;0;0;1583;0;0;125;0;63;0;
5410;4372658;1167708160;18563072;1297448960;0;0;0;0;0;0;0;0;0;0;0;3046;0;0;125;0;63;0;
5411;2817062;1167708160;18563072;1297448960;0;0;0;0;0;0;0;0;0;0;0;1943;0;0;125;0;63;0;
5412;2095129;1167708160;18563072;1297448960;0;0;0;0;0;0;0;0;0;0;0;1973;0;0;125;0;63;0;
5413;3065158;1167708160;18563072;1297448960;0;0;0;0;0;0;0;0;0;0;0;1944;0;0;125;0;63;0;
5414;1024992;1167708160;18563072;1297448960;0;0;0;0;0;0;0;0;0;0;0;1483;0;0;125;0;63;0;
5415;4804399;1167708160;18563072;1297448960;0;0;0;0;0;0;0;0;0;0;0;1433;0;0;125;0;63;0;
5416;2533240;1167708160;18563072;1297448960;0;0;0;0;0;0;0;0;0;0;0;2725;0;0;125;0;63;0;
5417;1541360;1167708160;18563072;1297448960;0;0;0;0;0;0;0;0;0;0;0;1733;0;0;125;0;63;0;
5418;1868284;1167708160;18563072;1297448960;0;0;0;0;0;0;0;0;0;0;0;1563;0;0;125;0;63;0;
5419;1576185;1167708160;18563072;1297448960;0;0;0;0;0;0;0;0;0;0;0;1603;0;0;125;0;63;0;
5420;2196398;1167708160;18563072;1297448960;0;0;0;0;0;0;0;0;0;0;0;2244;0;0;125;0;64;0;
5421;1298575;1167708160;18563072;1297448960;0;0;0;0;0;0;0;0;0;0;0;1422;0;0;125;0;64;0;
5422;5699928;1167708160;18563072;1297448960;0;0;0;0;0;0;0;0;0;0;0;1974;0;0;125;0;64;0;
5423;2669826;1167708160;18563072;1297448960;0;0;0;0;0;0;0;0;0;0;0;1843;0;0;125;0;64;0;
5424;1699246;1167708160;18563072;1297448960;0;0;0;0;0;0;0;0;0;0;0;1463;0;0;125;0;64;0;
5425;2454983;1167708160;18563072;1297448960;0;0;0;0;0;0;0;0;0;0;0;1633;0;0;125;0;64;0;
5426;2425568;1167708160;18563072;1297448960;0;0;0;0;0;0;0;0;0;0;0;3376;0;0;125;0;64;0;
5427;2270918;1167708160;18563072;1297448960;0;0;0;0;0;0;0;0;0;0;0;1342;0;0;125;0;64;0;
5428;1659972;1167708160;18563072;1297448960;0;0;0;0;0;0;0;0;0;0;0;1744;0;0;125;0;64;0;
5429;4551023;1167708160;18563072;1297448960;0;0;0;0;0;0;0;0;0;0;0;1774;0;0;125;0;64;0;
5430;2089147;1167708160;18563072;1297448960;0;0;0;0;0;0;0;0;0;0;0;2495;0;0;125;0;64;0;
5431;1767073;1167708160;18563072;1297448960;0;0;0;0;0;0;0;0;0;0;0;1684;0;0;125;0;64;0;
5432;1730274;1167708160;18558976;1297444864;0;0;0;0;0;0;0;0;0;0;0;1533;0;0;125;0;64;0;
5433;2732945;1167708160;18558976;1297444864;0;0;0;0;0;0;0;0;0;0;0;2114;0;0;125;0;64;0;
5434;1760441;1167708160;18558976;1297444864;0;0;0;0;0;0;0;0;0;0;0;1372;0;0;125;0;64;0;
5435;1505753;1167708160;18558976;1297444864;0;0;0;0;0;0;0;0;0;0;0;1522;0;0;125;0;64;0;
5436;6037079;1167708160;18558976;1297444864;0;0;0;0;0;0;0;0;0;0;0;1462;0;0;125;0;64;0;
5437;3336656;1167708160;18558976;1297444864;0;0;0;0;0;0;0;0;0;0;0;2494;0;0;125;0;64;0;
5438;2382798;1167708160;18558976;1297444864;0;0;0;0;0;0;0;0;0;0;0;2315;0;0;125;0;64;0;
5439;3476478;1167708160;18558976;1297444864;0;0;0;0;0;0;0;0;0;0;0;1734;0;0;125;0;64;0;
5440;2230903;1167708160;18558976;1297444864;0;0;0;0;0;0;0;0;0;0;0;2405;0;0;125;0;64;0;
5441;2762299;1167708160;18558976;1297444864;0;0;0;0;0;0;0;0;0;0;0;2003;0;0;125;0;64;0;
5442;3091046;1167708160;18558976;1297444864;0;0;0;0;0;0;0;0;0;0;0;2054;0;0;125;0;64;0;
5443;5925831;1167708160;18558976;1297444864;0;0;0;0;0;0;0;0;0;0;0;1943;0;0;125;0;64;0;
5444;4498865;1167708160;18558976;1297444864;0;0;0;0;0;0;0;0;0;0;0;2695;0;0;125;0;64;0;
5445;2720891;1167708160;18558976;1297444864;0;0;0;0;0;0;0;0;0;0;0;3417;0;0;125;0;66;0;
5446;3211411;1167708160;18558976;1297444864;0;0;0;0;0;0;0;0;0;0;0;2194;0;0;125;0;66;0;
5447;2502502;1167708160;18558976;1297444864;0;0;0;0;0;0;0;0;0;0;0;2114;0;0;125;0;66;0;
5448;3653340;1167708160;18558976;1297444864;0;0;0;0;0;0;0;0;0;0;0;1783;0;0;125;0;66;0;
5449;2828203;1167708160;18558976;1297444864;0;0;0;0;0;0;0;0;0;0;0;2775;0;0;125;0;66;0;
5450;6000892;1167708160;18558976;1297444864;0;0;0;0;0;0;0;0;0;0;0;2295;0;0;125;0;66;0;
5451;5190763;1167708160;18558976;1297444864;0;0;0;0;0;0;0;0;0;0;0;2175;0;0;125;0;66;0;
5452;3448957;1167708160;18558976;1297444864;0;0;0;0;0;0;0;0;0;0;0;2214;0;0;125;0;66;0;
5453;3913838;1167708160;18558976;1297444864;0;0;0;0;0;0;0;0;0;0;0;1804;0;0;125;0;66;0;
5454;2434365;1167708160;18558976;1297444864;0;0;0;0;0;0;0;0;0;0;0;1793;0;0;125;0;66;0;
5455;3821726;1167708160;18558976;1297444864;0;0;0;0;0;0;0;0;0;0;0;1613;0;0;125;0;66;0;
5456;2854993;1167708160;18558976;1297444864;0;0;0;0;0;0;0;0;0;0;0;2054;0;0;125;0;66;0;
5457;6800000;1167708160;18558976;1297444864;0;0;0;0;0;0;0;0;0;0;0;1533;0;0;125;0;66;0;
5458;3947070;1167708160;18558976;1297444864;0;0;0;0;0;0;0;0;0;0;0;2334;0;0;125;0;66;0;
5459;2737994;1167708160;18558976;1297444864;0;0;0;0;0;0;0;0;0;0;0;1473;0;0;125;0;66;0;
5460;2180388;1167708160;18558976;1297444864;0;0;0;0;0;0;0;0;0;0;0;1903;0;0;125;0;66;0;
5461;2651693;1167708160;18558976;1297444864;0;0;0;0;0;0;0;0;0;0;0;1603;0;0;125;0;66;0;
5462;3529669;1167708160;18558976;1297444864;0;0;0;0;0;0;0;0;0;0;0;1572;0;0;125;0;66;0;
5463;3516253;1167708160;18558976;1297444864;0;0;0;0;0;0;0;0;0;0;0;2094;0;0;125;0;66;0;
5464;5238693;1167708160;18558976;1297444864;0;0;0;0;0;0;0;0;0;0;0;1603;0;0;125;0;66;0;
5465;3690680;1167708160;18558976;1297444864;0;0;0;0;0;0;0;0;0;0;0;2324;0;0;125;0;66;0;
5466;2069982;1167708160;18558976;1297444864;0;0;0;0;0;0;0;0;0;0;0;1723;0;0;125;0;66;0;
5467;1961428;1167708160;18558976;1297444864;0;0;0;0;0;0;0;0;0;0;0;1242;0;0;125;0;66;0;
5468;1651226;1167708160;18558976;1297444864;0;0;0;0;0;0;0;0;0;0;0;1403;0;0;125;0;66;0;
5469;2285205;1167708160;18558976;1297444864;0;0;0;0;0;0;0;0;0;0;0;1252;0;0;125;0;66;0;
5470;1261886;1167708160;18558976;1297444864;0;0;0;0;0;0;0;0;0;0;0;1503;0;0;125;0;66;0;
5471;5180323;1167708160;18558976;1297444864;0;0;0;0;0;0;0;0;0;0;0;1472;0;0;125;0;66;0;
5472;5080055;1167708160;18558976;1297444864;0;0;0;0;0;0;0;0;0;0;0;1673;0;0;125;0;66;0;
5473;2394219;1167708160;18558976;1297444864;0;0;0;0;0;0;0;0;0;0;0;1402;0;0;125;0;66;0;
5474;2298680;1167708160;18558976;1297444864;0;0;0;0;0;0;0;0;0;0;0;1523;0;0;125;0;66;0;
5475;1758256;1167708160;18558976;1297444864;0;0;0;0;0;0;0;0;0;0;0;1413;0;0;125;0;66;0;
5476;2031509;1167708160;18558976;1297444864;0;0;0;0;0;0;0;0;0;0;0;1283;0;0;125;0;66;0;
5477;2000652;1167708160;18558976;1297444864;0;0;0;0;0;0;0;0;0;0;0;1443;0;0;125;0;66;0;
5478;4697367;1167708160;18558976;1297444864;0;0;0;0;0;0;0;0;0;0;0;1402;0;0;125;0;66;0;
5479;3731446;1167708160;18558976;1297444864;0;0;0;0;0;0;0;0;0;0;0;1754;0;0;125;0;66;0;
5480;2011291;1167708160;18558976;1297444864;0;0;0;0;0;0;0;0;0;0;0;2515;0;0;125;0;67;0;
5481;2340078;1167708160;18558976;1297444864;0;0;0;0;0;0;0;0;0;0;0;1453;0;0;125;0;67;0;
5482;1657859;1167708160;18558976;1297444864;0;0;0;0;0;0;0;0;0;0;0;1513;0;0;125;0;67;0;
5483;2215784;1167708160;18558976;1297444864;0;0;0;0;0;0;0;0;0;0;0;1383;0;0;125;0;67;0;
5484;1873533;1167708160;18558976;1297444864;0;0;0;0;0;0;0;0;0;0;0;1423;0;0;125;0;67;0;
5485;5015605;1167708160;18558976;1297444864;0;0;0;0;0;0;0;0;0;0;0;1212;0;0;125;0;67;0;
5486;3012699;1167708160;18558976;1297444864;0;0;0;0;0;0;0;0;0;0;0;1483;0;0;125;0;67;0;
5487;1719294;1167708160;18558976;1297444864;0;0;0;0;0;0;0;0;0;0;0;1533;0;0;125;0;67;0;
5488;2393197;1167708160;18558976;1297444864;0;0;0;0;0;0;0;0;0;0;0;1242;0;0;125;0;67;0;
5489;1983500;1167708160;18558976;1297444864;0;0;0;0;0;0;0;0;0;0;0;1563;0;0;125;0;67;0;
5490;1968722;1167708160;18558976;1297444864;0;0;0;0;0;0;0;0;0;0;0;1473;0;0;125;0;67;0;
5491;1598407;1167708160;18558976;1297444864;0;0;0;0;0;0;0;0;0;0;0;1463;0;0;125;0;67;0;
5492;4308468;1167708160;18558976;1297444864;0;0;0;0;0;0;0;0;0;0;0;1202;0;0;125;0;67;0;
5493;3199009;1167708160;18558976;1297444864;0;0;0;0;0;0;0;0;0;0;0;1433;0;0;125;0;67;0;
5494;2187352;1167708160;18558976;1297444864;0;0;0;0;0;0;0;0;0;0;0;1583;0;0;125;0;67;0;
5495;1711049;1167708160;18558976;1297444864;0;0;0;0;0;0;0;0;0;0;0;1222;0;0;125;0;67;0;
5496;2241332;1167708160;18558976;1297444864;0;0;0;0;0;0;0;0;0;0;0;1523;0;0;125;0;67;0;
5497;1879784;1167708160;18558976;1297444864;0;0;0;0;0;0;0;0;0;0;0;1723;0;0;125;0;67;0;
5498;4868779;1167708160;18558976;1297444864;0;0;0;0;0;0;0;0;0;0;0;1563;0;0;125;0;67;0;
5499;4189145;1167708160;18563072;1297448960;0;0;0;0;0;0;0;0;0;0;0;2514;0;0;125;0;67;0;
5500;2698911;1167708160;18563072;1297448960;0;0;0;0;0;0;0;0;0;0;0;1944;0;0;125;0;67;0;
5501;2546094;1167708160;18563072;1297448960;0;0;0;0;0;0;0;0;0;0;0;1483;0;0;125;0;67;0;
5502;1808621;1167708160;18563072;1297448960;0;0;0;0;0;0;0;0;0;0;0;1432;0;0;125;0;67;0;
5503;2355196;1167708160;18563072;1297448960;0;0;0;0;0;0;0;0;0;0;0;1463;0;0;125;0;67;0;
5504;1554084;1167708160;18563072;1297448960;0;0;0;0;0;0;0;0;0;0;0;1463;0;0;125;0;67;0;
5505;5118167;1167708160;18563072;1297448960;0;0;0;0;0;0;0;0;0;0;0;1583;0;0;125;0;67;0;
5506;3559374;1167708160;18563072;1297448960;0;0;0;0;0;0;0;0;0;0;0;1563;0;0;125;0;67;0;
5507;1438317;1167708160;18563072;1297448960;0;0;0;0;0;0;0;0;0;0;0;1473;0;0;125;0;67;0;
5508;2106079;1167708160;18563072;1297448960;0;0;0;0;0;0;0;0;0;0;0;1362;0;0;125;0;67;0;
5509;1930810;1167708160;18563072;1297448960;0;0;0;0;0;0;0;0;0;0;0;1664;0;0;125;0;67;0;
5510;2581270;1167708160;18563072;1297448960;0;0;0;0;0;0;0;0;0;0;0;1473;0;0;125;0;67;0;
5511;2383409;1167708160;18563072;1297448960;0;0;0;0;0;0;0;0;0;0;0;1492;0;0;125;0;67;0;
5512;5316268;1167708160;18563072;1297448960;0;0;0;0;0;0;0;0;0;0;0;1503;0;0;125;0;67;0;
5513;3885675;1167708160;18567168;1297453056;0;0;0;0;0;0;0;0;0;0;0;1643;0;0;125;0;67;0;
5514;2371066;1167708160;18567168;1297453056;0;0;0;0;0;0;0;0;0;0;0;1543;0;0;125;0;67;0;
5515;2810320;1167708160;18567168;1297453056;0;0;0;0;0;0;0;0;0;0;0;139020;0;0;125;0;67;0;
5516;2380333;1167708160;18567168;1297453056;0;0;0;0;0;0;0;0;0;0;0;1433;0;0;125;0;67;0;
5517;2623459;1167708160;18567168;1297453056;0;0;0;0;0;0;0;0;0;0;0;1393;0;0;125;0;67;0;
5518;2294853;1167708160;18567168;1297453056;0;0;0;0;0;0;0;0;0;0;0;1462;0;0;125;0;67;0;
5519;6649298;1167708160;18567168;1297453056;0;0;0;0;0;0;0;0;0;0;0;1593;0;0;125;0;67;0;
5520;4447139;1167708160;18567168;1297453056;0;0;0;0;0;0;0;0;0;0;0;3497;0;0;125;0;67;0;
5521;2409618;1167708160;18567168;1297453056;0;0;0;0;0;0;0;0;0;0;0;2214;0;0;125;0;67;0;
5522;3027597;1167708160;18567168;1297453056;0;0;0;0;0;0;0;0;0;0;0;1562;0;0;125;0;67;0;
5523;1522064;1167708160;18567168;1297453056;0;0;0;0;0;0;0;0;0;0;0;1442;0;0;125;0;67;0;
5524;1999499;1167708160;18567168;1297453056;0;0;0;0;0;0;0;0;0;0;0;1483;0;0;125;0;67;0;
5525;2036068;1167708160;18567168;1297453056;0;0;0;0;0;0;0;0;0;0;0;1512;0;0;125;0;67;0;
5526;4879960;1167708160;18567168;1297453056;0;0;0;0;0;0;0;0;0;0;0;1553;0;0;125;0;67;0;
5527;2725661;1167708160;18567168;1297453056;0;0;0;0;0;0;0;0;0;0;0;1803;0;0;125;0;67;0;
5528;2025578;1167757312;18558976;1297444864;0;0;0;0;0;0;0;0;0;0;0;1412;0;0;125;0;67;0;
5529;1800346;1167757312;18558976;1297444864;0;0;0;0;0;0;0;0;0;0;0;1533;0;0;125;0;67;0;
5530;2344316;1167757312;18558976;1297444864;0;0;0;0;0;0;0;0;0;0;0;1442;0;0;125;0;67;0;
5531;1447053;1167757312;18558976;1297444864;0;0;0;0;0;0;0;0;0;0;0;1413;0;0;125;0;67;0;
5532;4679875;1167757312;18558976;1297444864;0;0;0;0;0;0;0;0;0;0;0;1433;0;0;125;0;67;0;
5533;3419151;1167757312;18563072;1297448960;0;0;0;0;0;0;0;0;0;0;0;2054;0;0;125;0;67;0;
5534;2143058;1167757312;18563072;1297448960;0;0;0;0;0;0;0;0;0;0;0;1422;0;0;125;0;67;0;
5535;1654101;1167757312;18563072;1297448960;0;0;0;0;0;0;0;0;0;0;0;1583;0;0;125;0;67;0;
5536;2679724;1167757312;18563072;1297448960;0;0;0;0;0;0;0;0;0;0;0;1473;0;0;125;0;67;0;
5537;2348944;1167757312;18563072;1297448960;0;0;0;0;0;0;0;0;0;0;0;3576;0;0;125;0;72;0;
5538;5349882;1167757312;18563072;1297448960;0;0;0;0;0;0;0;0;0;0;0;1583;0;0;125;0;72;0;
5539;4051337;1167757312;18563072;1297448960;0;0;0;0;0;0;0;0;0;0;0;1533;0;0;125;0;72;0;
5540;2193222;1167757312;18563072;1297448960;0;0;0;0;0;0;0;0;0;0;0;1563;0;0;125;0;72;0;
5541;2523622;1167757312;18563072;1297448960;0;0;0;0;0;0;0;0;0;0;0;1533;0;0;125;0;72;0;
5542;1593417;1167757312;18563072;1297448960;0;0;0;0;0;0;0;0;0;0;0;1694;0;0;125;0;72;0;
5543;1919840;1167757312;18563072;1297448960;0;0;0;0;0;0;0;0;0;0;0;1804;0;0;125;0;72;0;
5544;1463715;1167757312;18563072;1297448960;0;0;0;0;0;0;0;0;0;0;0;1623;0;0;125;0;72;0;
5545;5185483;1167757312;18563072;1297448960;0;0;0;0;0;0;0;0;0;0;0;1733;0;0;125;0;72;0;
5546;3514089;1167757312;18563072;1297448960;0;0;0;0;0;0;0;0;0;0;0;1723;0;0;125;0;72;0;
5547;2183785;1167757312;18563072;1297448960;0;0;0;0;0;0;0;0;0;0;0;1724;0;0;125;0;72;0;
5548;1740233;1167757312;18563072;1297448960;0;0;0;0;0;0;0;0;0;0;0;1613;0;0;125;0;72;0;
5549;1675211;1167757312;18563072;1297448960;0;0;0;0;0;0;0;0;0;0;0;1422;0;0;125;0;72;0;
5550;1954424;1167757312;18563072;1297448960;0;0;0;0;0;0;0;0;0;0;0;1452;0;0;125;0;72;0;
5551;1723121;1167757312;18563072;1297448960;0;0;0;0;0;0;0;0;0;0;0;1412;0;0;125;0;72;0;
5552;5531281;1167757312;18563072;1297448960;0;0;0;0;0;0;0;0;0;0;0;1232;0;0;125;0;72;0;
5553;3179762;1167757312;18563072;1297448960;0;0;0;0;0;0;0;0;0;0;0;2405;0;0;125;0;72;0;
5554;1826695;1167757312;18563072;1297448960;0;0;0;0;0;0;0;0;0;0;0;1422;0;0;125;0;72;0;
5555;2418835;1167790080;18558976;1297444864;0;0;0;0;0;0;0;0;0;0;0;1393;0;0;125;0;72;0;
5556;1603296;1167790080;18558976;1297444864;0;0;0;0;0;0;0;0;0;0;0;1182;0;0;125;0;72;0;
5557;2081142;1167790080;18558976;1297444864;0;0;0;0;0;0;0;0;0;0;0;1192;0;0;125;0;72;0;
5558;1653390;1167790080;18558976;1297444864;0;0;0;0;0;0;0;0;0;0;0;1663;0;0;125;0;72;0;
5559;5200471;1167790080;18558976;1297444864;0;0;0;0;0;0;0;0;0;0;0;1422;0;0;125;0;72;0;
5560;4381435;1167790080;18558976;1297444864;0;0;0;0;0;0;0;0;0;0;0;1573;0;0;125;0;72;0;
5561;2593793;1167790080;18558976;1297444864;0;0;0;0;0;0;0;0;0;0;0;1473;0;0;125;0;72;0;
5562;2579196;1167790080;18558976;1297444864;0;0;0;0;0;0;0;0;0;0;0;1593;0;0;125;0;72;0;
5563;2312957;1167790080;18558976;1297444864;0;0;0;0;0;0;0;0;0;0;0;1353;0;0;125;0;72;0;
5564;1976326;1167790080;18558976;1297444864;0;0;0;0;0;0;0;0;0;0;0;1353;0;0;125;0;72;0;
5565;4964539;1167790080;18558976;1297444864;0;0;0;0;0;0;0;0;0;0;0;1402;0;0;125;0;72;0;
5566;3029601;1167790080;18563072;1297448960;0;0;0;0;0;0;0;0;0;0;0;2074;0;0;125;0;72;0;
5567;1755923;1167790080;18563072;1297448960;0;0;0;0;0;0;0;0;0;0;0;1383;0;0;125;0;72;0;
5568;1585512;1167790080;18563072;1297448960;0;0;0;0;0;0;0;0;0;0;0;1573;0;0;125;0;72;0;
5569;1751414;1167790080;18563072;1297448960;0;0;0;0;0;0;0;0;0;0;0;1693;0;0;125;0;72;0;
5570;2320170;1167790080;18563072;1297448960;0;0;0;0;0;0;0;0;0;0;0;1573;0;0;125;0;72;0;
5571;1856521;1167790080;18563072;1297448960;0;0;0;0;0;0;0;0;0;0;0;1663;0;0;125;0;72;0;
5572;5029842;1167790080;18563072;1297448960;0;0;0;0;0;0;0;0;0;0;0;1643;0;0;125;0;72;0;
5573;18576221;1167790080;18563072;1297448960;0;0;0;0;0;0;0;0;0;0;0;3387;0;0;125;0;72;0;
5574;3026986;1167790080;18563072;1297448960;0;0;0;0;0;0;0;0;0;0;0;2534;0;0;125;0;72;0;
5575;2638908;1167790080;18563072;1297448960;0;0;0;0;0;0;0;0;0;0;0;1613;0;0;125;0;72;0;
5576;2057959;1167790080;18563072;1297448960;0;0;0;0;0;0;0;0;0;0;0;1463;0;0;125;0;72;0;
5577;2750698;1167790080;18563072;1297448960;0;0;0;0;0;0;0;0;0;0;0;1473;0;0;125;0;72;0;
5578;1996704;1167790080;18563072;1297448960;0;0;0;0;0;0;0;0;0;0;0;1673;0;0;125;0;72;0;
5579;4942177;1167790080;18563072;1297448960;0;0;0;0;0;0;0;0;0;0;0;1382;0;0;125;0;72;0;
5580;3745142;1167790080;18563072;1297448960;0;0;0;0;0;0;0;0;0;0;0;2054;0;0;125;0;72;0;
5581;1806998;1167790080;18563072;1297448960;0;0;0;0;0;0;0;0;0;0;0;1673;0;0;125;0;72;0;
5582;2150181;1167790080;18558976;1297444864;0;0;0;0;0;0;0;0;0;0;0;1533;0;0;125;0;72;0;
5583;1948894;1167790080;18558976;1297444864;0;0;0;0;0;0;0;0;0;0;0;1573;0;0;125;0;72;0;
5584;2822913;1167790080;18558976;1297444864;0;0;0;0;0;0;0;0;0;0;0;1443;0;0;125;0;72;0;
5585;2425278;1167790080;18558976;1297444864;0;0;0;0;0;0;0;0;0;0;0;1994;0;0;125;0;72;0;
5586;5460018;1167790080;18558976;1297444864;0;0;0;0;0;0;0;0;0;0;0;1583;0;0;125;0;72;0;
5587;3305919;1167790080;18558976;1297444864;0;0;0;0;0;0;0;0;0;0;0;2544;0;0;125;0;72;0;
5588;2764043;1167790080;18558976;1297444864;0;0;0;0;0;0;0;0;0;0;0;1784;0;0;125;0;72;0;
5589;2441148;1167790080;18558976;1297444864;0;0;0;0;0;0;0;0;0;0;0;1753;0;0;125;0;72;0;
5590;2036268;1167790080;18558976;1297444864;0;0;0;0;0;0;0;0;0;0;0;43371;0;0;125;0;72;0;
5591;3039450;1167790080;18558976;1297444864;0;0;0;0;0;0;0;0;0;0;0;1393;0;0;125;0;72;0;
5592;1773515;1167790080;18558976;1297444864;0;0;0;0;0;0;0;0;0;0;0;1263;0;0;125;0;72;0;
5593;6129613;1167790080;18558976;1297444864;0;0;0;0;0;0;0;0;0;0;0;1413;0;0;125;0;72;0;
5594;3553623;1167790080;18558976;1297444864;0;0;0;0;0;0;0;0;0;0;0;2695;0;0;125;0;72;0;
5595;2028213;1167790080;18558976;1297444864;0;0;0;0;0;0;0;0;0;0;0;1683;0;0;125;0;72;0;
5596;2130205;1167790080;18558976;1297444864;0;0;0;0;0;0;0;0;0;0;0;1443;0;0;125;0;72;0;
5597;1785067;1167790080;18558976;1297444864;0;0;0;0;0;0;0;0;0;0;0;1473;0;0;125;0;72;0;
5598;2162003;1167790080;18558976;1297444864;0;0;0;0;0;0;0;0;0;0;0;1473;0;0;125;0;72;0;
5599;1888601;1167790080;18558976;1297444864;0;0;0;0;0;0;0;0;0;0;0;1403;0;0;125;0;72;0;
5600;5243041;1167790080;18558976;1297444864;0;0;0;0;0;0;0;0;0;0;0;1543;0;0;125;0;72;0;
5601;2676669;1167790080;18558976;1297444864;0;0;0;0;0;0;0;0;0;0;0;2044;0;0;125;0;72;0;
5602;3503450;1167790080;18558976;1297444864;0;0;0;0;0;0;0;0;0;0;0;1533;0;0;125;0;72;0;
5603;1693655;1167790080;18558976;1297444864;0;0;0;0;0;0;0;0;0;0;0;1864;0;0;125;0;72;0;
5604;3248651;1167790080;18558976;1297444864;0;0;0;0;0;0;0;0;0;0;0;1573;0;0;125;0;72;0;
5605;2977153;1167790080;18558976;1297444864;0;0;0;0;0;0;0;0;0;0;0;2776;0;0;125;0;72;0;
5606;6023093;1168060416;18558976;1297444864;0;0;0;0;0;0;0;0;0;0;0;2515;0;0;125;0;72;0;
5607;3530149;1168060416;18563072;1297448960;0;0;0;0;0;0;0;0;0;0;0;2404;0;0;125;0;72;0;
5608;2469531;1168060416;18563072;1297448960;0;0;0;0;0;0;0;0;0;0;0;2164;0;0;125;0;72;0;
5609;3523147;1168060416;18563072;1297448960;0;0;0;0;0;0;0;0;0;0;0;1813;0;0;125;0;72;0;
5610;2397105;1168060416;18563072;1297448960;0;0;0;0;0;0;0;0;0;0;0;1723;0;0;125;0;72;0;
5611;2601938;1168060416;18563072;1297448960;0;0;0;0;0;0;0;0;0;0;0;1353;0;0;125;0;72;0;
5612;2162495;1168060416;18563072;1297448960;0;0;0;0;0;0;0;0;0;0;0;1624;0;0;125;0;72;0;
5613;5131212;1168060416;18563072;1297448960;0;0;0;0;0;0;0;0;0;0;0;1473;0;0;125;0;72;0;
5614;2742192;1168060416;18563072;1297448960;0;0;0;0;0;0;0;0;0;0;0;1743;0;0;125;0;72;0;
5615;1563692;1168060416;18563072;1297448960;0;0;0;0;0;0;0;0;0;0;0;1913;0;0;125;0;72;0;
5616;2338034;1168060416;18563072;1297448960;0;0;0;0;0;0;0;0;0;0;0;1713;0;0;125;0;72;0;
5617;1726818;1168060416;18563072;1297448960;0;0;0;0;0;0;0;0;0;0;0;1804;0;0;125;0;72;0;
5618;2253215;1168060416;18563072;1297448960;0;0;0;0;0;0;0;0;0;0;0;1654;0;0;125;0;72;0;
5619;1274190;1168060416;18563072;1297448960;0;0;0;0;0;0;0;0;0;0;0;1653;0;0;125;0;72;0;
5620;4926417;1168060416;18563072;1297448960;0;0;0;0;0;0;0;0;0;0;0;1793;0;0;125;0;72;0;
5621;2717004;1168060416;18563072;1297448960;0;0;0;0;0;0;0;0;0;0;0;1974;0;0;125;0;72;0;
5622;2466285;1168060416;18563072;1297448960;0;0;0;0;0;0;0;0;0;0;0;1843;0;0;125;0;72;0;
5623;2656471;1168060416;18558976;1297444864;0;0;0;0;0;0;0;0;0;0;0;1623;0;0;125;0;72;0;
5624;1890705;1168060416;18558976;1297444864;0;0;0;0;0;0;0;0;0;0;0;1663;0;0;125;0;72;0;
5625;2212830;1168060416;18558976;1297444864;0;0;0;0;0;0;0;0;0;0;0;1563;0;0;125;0;72;0;
5626;2887825;1168060416;18558976;1297444864;0;0;0;0;0;0;0;0;0;0;0;1433;0;0;125;0;72;0;
5627;5896987;1168060416;18558976;1297444864;0;0;0;0;0;0;0;0;0;0;0;1492;0;0;125;0;72;0;
5628;3072060;1168060416;18558976;1297444864;0;0;0;0;0;0;0;0;0;0;0;1763;0;0;125;0;72;0;
5629;2112902;1168060416;18558976;1297444864;0;0;0;0;0;0;0;0;0;0;0;1443;0;0;125;0;72;0;
5630;4142878;1168060416;18558976;1297444864;0;0;0;0;0;0;0;0;0;0;0;1523;0;0;125;0;72;0;
5631;2137779;1168060416;18558976;1297444864;0;0;0;0;0;0;0;0;0;0;0;1542;0;0;125;0;72;0;
5632;2324439;1168060416;18558976;1297444864;0;0;0;0;0;0;0;0;0;0;0;1453;0;0;125;0;72;0;
5633;2121268;1168060416;18558976;1297444864;0;0;0;0;0;0;0;0;0;0;0;1884;0;0;125;0;72;0;
5634;4932799;1168060416;18558976;1297444864;0;0;0;0;0;0;0;0;0;0;0;1463;0;0;125;0;72;0;
5635;2649458;1168060416;18558976;1297444864;0;0;0;0;0;0;0;0;0;0;0;1684;0;0;125;0;72;0;
5636;2195477;1168060416;18558976;1297444864;0;0;0;0;0;0;0;0;0;0;0;1493;0;0;125;0;72;0;
5637;8872246;1168060416;18558976;1297444864;0;0;0;0;0;0;0;0;0;0;0;1373;0;0;125;0;72;0;
5638;4421230;1168060416;18558976;1297444864;0;0;0;0;0;0;0;0;0;0;0;7805;0;0;125;0;72;0;
5639;2634940;1168060416;18558976;1297444864;0;0;0;0;0;0;0;0;0;0;0;2465;0;0;125;0;72;0;
5640;2579677;1168060416;18558976;1297444864;0;0;0;0;0;0;0;0;0;0;0;3968;0;0;125;0;72;0;
5641;5986626;1168060416;18558976;1297444864;0;0;0;0;0;0;0;0;0;0;0;1623;0;0;125;0;72;0;
5642;3374578;1168060416;18558976;1297444864;0;0;0;0;0;0;0;0;0;0;0;1834;0;0;125;0;72;0;
5643;2958417;1168060416;18558976;1297444864;0;0;0;0;0;0;0;0;0;0;0;1693;0;0;125;0;72;0;
5644;3011257;1168060416;18558976;1297444864;0;0;0;0;0;0;0;0;0;0;0;1503;0;0;125;0;72;0;
5645;2297208;1168060416;18558976;1297444864;0;0;0;0;0;0;0;0;0;0;0;1573;0;0;125;0;72;0;
5646;3532213;1168060416;18558976;1297444864;0;0;0;0;0;0;0;0;0;0;0;1433;0;0;125;0;72;0;
5647;2996568;1168601088;18558976;1297444864;0;0;0;0;0;0;0;0;0;0;0;1793;0;0;125;0;72;0;
5648;5135930;1168601088;18558976;1297444864;0;0;0;0;0;0;0;0;0;0;0;1653;0;0;125;0;72;0;
5649;3706600;1168601088;18558976;1297444864;0;0;0;0;0;0;0;0;0;0;0;5510;0;0;125;0;72;0;
5650;4774071;1168601088;18558976;1297444864;0;0;0;0;0;0;0;0;0;0;0;1964;0;0;125;0;72;0;
5651;2917841;1168601088;18558976;1297444864;0;0;0;0;0;0;0;0;0;0;0;2746;0;0;125;0;72;0;
5652;2534983;1168601088;18558976;1297444864;0;0;0;0;0;0;0;0;0;0;0;1723;0;0;125;0;72;0;
5653;952877;1168601088;18558976;1297444864;0;0;0;0;0;0;0;0;0;0;0;1563;0;0;125;0;72;0;
5654;4493967;1168601088;18558976;1297444864;0;0;0;0;0;0;0;0;0;0;0;1663;0;0;125;0;72;0;
5655;3531732;1168601088;18563072;1297448960;0;0;0;0;0;0;0;0;0;0;0;2785;0;0;125;0;72;0;
5656;2843181;1168601088;18563072;1297448960;0;0;0;0;0;0;0;0;0;0;0;1573;0;0;125;0;72;0;
5657;2424956;1168601088;18563072;1297448960;0;0;0;0;0;0;0;0;0;0;0;1513;0;0;125;0;72;0;
5658;3179983;1168601088;18563072;1297448960;0;0;0;0;0;0;0;0;0;0;0;2034;0;0;125;0;72;0;
5659;2213490;1168601088;18563072;1297448960;0;0;0;0;0;0;0;0;0;0;0;1854;0;0;125;0;72;0;
5660;5613526;1168601088;18563072;1297448960;0;0;0;0;0;0;0;0;0;0;0;1884;0;0;125;0;72;0;
5661;3015875;1168601088;18563072;1297448960;0;0;0;0;0;0;0;0;0;0;0;1663;0;0;125;0;72;0;
5662;2826920;1168601088;18563072;1297448960;0;0;0;0;0;0;0;0;0;0;0;1523;0;0;125;0;72;0;
5663;2707597;1168601088;18563072;1297448960;0;0;0;0;0;0;0;0;0;0;0;1493;0;0;125;0;72;0;
5664;2642525;1168601088;18563072;1297448960;0;0;0;0;0;0;0;0;0;0;0;57238;0;0;125;0;72;0;
5665;2046598;1168601088;18563072;1297448960;0;0;0;0;0;0;0;0;0;0;0;1573;0;0;125;0;72;0;
5666;3014973;1168601088;18563072;1297448960;0;0;0;0;0;0;0;0;0;0;0;1974;0;0;125;0;72;0;
5667;6549631;1168601088;18563072;1297448960;0;0;0;0;0;0;0;0;0;0;0;2014;0;0;125;0;72;0;
5668;4428363;1168601088;18563072;1297448960;0;0;0;0;0;0;0;0;0;0;0;2114;0;0;125;0;72;0;
5669;3520120;1168601088;18563072;1297448960;0;0;0;0;0;0;0;0;0;0;0;2836;0;0;125;0;72;0;
5670;2540023;1168601088;18563072;1297448960;0;0;0;0;0;0;0;0;0;0;0;1904;0;0;125;0;72;0;
5671;2327244;1168601088;18563072;1297448960;0;0;0;0;0;0;0;0;0;0;0;2215;0;0;125;0;72;0;
5672;3660463;1168601088;18563072;1297448960;0;0;0;0;0;0;0;0;0;0;0;2124;0;0;125;0;72;0;
5673;2830086;1168601088;18563072;1297448960;0;0;0;0;0;0;0;0;0;0;0;3016;0;0;125;0;72;0;
5674;5573370;1168601088;18563072;1297448960;0;0;0;0;0;0;0;0;0;0;0;1874;0;0;125;0;72;0;
5675;3589180;1168601088;18567168;1297453056;0;0;0;0;0;0;0;0;0;0;0;1693;0;0;125;0;72;0;
5676;3848817;1168601088;18567168;1297453056;0;0;0;0;0;0;0;0;0;0;0;2245;0;0;125;0;72;0;
5677;2032451;1168601088;18567168;1297453056;0;0;0;0;0;0;0;0;0;0;0;1973;0;0;125;0;72;0;
5678;2920886;1168601088;18567168;1297453056;0;0;0;0;0;0;0;0;0;0;0;1233;0;0;125;0;72;0;
5679;2965320;1168601088;18567168;1297453056;0;0;0;0;0;0;0;0;0;0;0;1483;0;0;125;0;72;0;
5680;5091527;1168601088;18567168;1297453056;0;0;0;0;0;0;0;0;0;0;0;1834;0;0;125;0;72;0;
5681;2381806;1168601088;18567168;1297453056;0;0;0;0;0;0;0;0;0;0;0;1583;0;0;125;0;72;0;
5682;1621711;1168601088;18567168;1297453056;0;0;0;0;0;0;0;0;0;0;0;1502;0;0;125;0;72;0;
5683;2474520;1168601088;18567168;1297453056;0;0;0;0;0;0;0;0;0;0;0;1453;0;0;125;0;72;0;
5684;2732844;1168601088;18567168;1297453056;0;0;0;0;0;0;0;0;0;0;0;1803;0;0;125;0;72;0;
5685;2345027;1168601088;18567168;1297453056;0;0;0;0;0;0;0;0;0;0;0;1573;0;0;125;0;72;0;
5686;5853526;1168601088;18567168;1297453056;0;0;0;0;0;0;0;0;0;0;0;1352;0;0;125;0;72;0;
5687;3554665;1168601088;18567168;1297453056;0;0;0;0;0;0;0;0;0;0;0;2214;0;0;125;0;72;0;
5688;2521548;1168601088;18567168;1297453056;0;0;0;0;0;0;0;0;0;0;0;1664;0;0;125;0;72;0;
5689;2388618;1168605184;18563072;1297448960;0;0;0;0;0;0;0;0;0;0;0;1764;0;0;125;0;72;0;
5690;1842054;1168605184;18563072;1297448960;0;0;0;0;0;0;0;0;0;0;0;1393;0;0;125;0;72;0;
5691;2778650;1168605184;18563072;1297448960;0;0;0;0;0;0;0;0;0;0;0;1714;0;0;125;0;72;0;
5692;3129648;1168605184;18563072;1297448960;0;0;0;0;0;0;0;0;0;0;0;2004;0;0;125;0;72;0;
5693;4495559;1168605184;18563072;1297448960;0;0;0;0;0;0;0;0;0;0;0;1422;0;0;125;0;72;0;
5694;2333346;1168605184;18563072;1297448960;0;0;0;0;0;0;0;0;0;0;0;1713;0;0;125;0;72;0;
5695;3505332;1168605184;18563072;1297448960;0;0;0;0;0;0;0;0;0;0;0;1733;0;0;125;0;72;0;
5696;1817498;1168605184;18563072;1297448960;0;0;0;0;0;0;0;0;0;0;0;1723;0;0;125;0;72;0;
5697;2973997;1168605184;18563072;1297448960;0;0;0;0;0;0;0;0;0;0;0;1473;0;0;125;0;72;0;
5698;1374627;1168605184;18563072;1297448960;0;0;0;0;0;0;0;0;0;0;0;1874;0;0;125;0;72;0;
5699;5264040;1168605184;18563072;1297448960;0;0;0;0;0;0;0;0;0;0;0;1553;0;0;125;0;72;0;
5700;3081989;1168605184;18563072;1297448960;0;0;0;0;0;0;0;0;0;0;0;2565;0;0;125;0;72;0;
5701;2270077;1168605184;18563072;1297448960;0;0;0;0;0;0;0;0;0;0;0;1593;0;0;125;0;72;0;
5702;2625974;1163673600;13156352;1292042240;0;0;0;0;0;0;0;0;0;0;0;1563;0;0;125;0;72;0;
5703;2588032;1163673600;13156352;1292042240;0;0;0;0;0;0;0;0;0;0;0;2675;0;0;125;0;72;0;
5704;2776125;1163673600;13156352;1292042240;0;0;0;0;0;0;0;0;0;0;0;1683;0;0;125;0;72;0;
5705;1474505;1163673600;13156352;1292042240;0;0;0;0;0;0;0;0;0;0;0;1493;0;0;125;0;72;0;
5706;4715241;1163673600;13156352;1292042240;0;0;0;0;0;0;0;0;0;0;0;1402;0;0;125;0;72;0;
5707;4579407;1166303232;18563072;1297448960;0;0;0;0;0;0;0;0;0;0;0;5069;0;0;125;0;72;0;
5708;2090399;1166303232;18563072;1297448960;0;0;0;0;0;0;0;0;0;0;0;1633;0;0;125;0;72;0;
5709;3370289;1168400384;18563072;1297448960;0;0;0;0;0;0;0;0;0;0;0;1453;0;0;125;0;72;0;
5710;2293250;1168400384;18563072;1297448960;0;0;0;0;0;0;0;0;0;0;0;2184;0;0;125;0;72;0;
5711;2408826;1168400384;18563072;1297448960;0;0;0;0;0;0;0;0;0;0;0;1704;0;0;125;0;72;0;
5712;1823659;1168400384;18563072;1297448960;0;0;0;0;0;0;0;0;0;0;0;1403;0;0;125;0;72;0;
5713;4403377;1168400384;18563072;1297448960;0;0;0;0;0;0;0;0;0;0;0;1443;0;0;125;0;72;0;
5714;3405135;1168400384;18563072;1297448960;0;0;0;0;0;0;0;0;0;0;0;2665;0;0;125;0;72;0;
5715;1959083;1168400384;18563072;1297448960;0;0;0;0;0;0;0;0;0;0;0;1613;0;0;125;0;72;0;
5716;2429546;1168601088;18558976;1297444864;0;0;0;0;0;0;0;0;0;0;0;1422;0;0;125;0;72;0;
5717;2506550;1168601088;18558976;1297444864;0;0;0;0;0;0;0;0;0;0;0;1412;0;0;125;0;72;0;
5718;2635461;1168601088;18558976;1297444864;0;0;0;0;0;0;0;0;0;0;0;2385;0;0;125;0;72;0;
5719;1454758;1168601088;18558976;1297444864;0;0;0;0;0;0;0;0;0;0;0;1873;0;0;125;0;72;0;
5720;4702057;1168601088;18558976;1297444864;0;0;0;0;0;0;0;0;0;0;0;1473;0;0;125;0;72;0;
5721;3141671;1168601088;18558976;1297444864;0;0;0;0;0;0;0;0;0;0;0;1843;0;0;125;0;72;0;
5722;2719740;1168601088;18558976;1297444864;0;0;0;0;0;0;0;0;0;0;0;2033;0;0;125;0;72;0;
5723;1937482;1168601088;18558976;1297444864;0;0;0;0;0;0;0;0;0;0;0;1543;0;0;125;0;72;0;
5724;2199254;1168601088;18558976;1297444864;0;0;0;0;0;0;0;0;0;0;0;1382;0;0;125;0;72;0;
5725;1279550;1168601088;18558976;1297444864;0;0;0;0;0;0;0;0;0;0;0;1553;0;0;125;0;72;0;
5726;5737909;1168601088;18558976;1297444864;0;0;0;0;0;0;0;0;0;0;0;1483;0;0;125;0;72;0;
5727;2867336;1168601088;18563072;1297448960;0;0;0;0;0;0;0;0;0;0;0;2004;0;0;125;0;72;0;
5728;2139011;1168601088;18563072;1297448960;0;0;0;0;0;0;0;0;0;0;0;1453;0;0;125;0;72;0;
5729;2928812;1163673600;13156352;1292042240;0;0;0;0;0;0;0;0;0;0;0;1513;0;0;125;0;72;0;
5730;2401634;1163673600;13156352;1292042240;0;0;0;0;0;0;0;0;0;0;0;2615;0;0;125;0;72;0;
5731;2619692;1163673600;13156352;1292042240;0;0;0;0;0;0;0;0;0;0;0;1432;0;0;125;0;72;0;
5732;1409663;1163673600;13156352;1292042240;0;0;0;0;0;0;0;0;0;0;0;1613;0;0;125;0;72;0;
5733;5187387;1163673600;13156352;1292042240;0;0;0;0;0;0;0;0;0;0;0;1543;0;0;125;0;72;0;
5734;4193012;1166303232;18563072;1297448960;0;0;0;0;0;0;0;0;0;0;0;2515;0;0;125;0;72;0;
5735;1869635;1166303232;18563072;1297448960;0;0;0;0;0;0;0;0;0;0;0;1653;0;0;125;0;72;0;
5736;2625764;1168400384;18563072;1297448960;0;0;0;0;0;0;0;0;0;0;0;1533;0;0;125;0;72;0;
5737;3568451;1168400384;18563072;1297448960;0;0;0;0;0;0;0;0;0;0;0;3737;0;0;125;0;72;0;
5738;3376751;1168400384;18563072;1297448960;0;0;0;0;0;0;0;0;0;0;0;2305;0;0;125;0;72;0;
5739;2013766;1168400384;18563072;1297448960;0;0;0;0;0;0;0;0;0;0;0;1883;0;0;125;0;72;0;
5740;6264496;1168400384;18563072;1297448960;0;0;0;0;0;0;0;0;0;0;0;1473;0;0;125;0;72;0;
5741;3508880;1168400384;18563072;1297448960;0;0;0;0;0;0;0;0;0;0;0;2545;0;0;125;0;72;0;
5742;4698079;1168400384;18563072;1297448960;0;0;0;0;0;0;0;0;0;0;0;3276;0;0;125;0;72;0;
5743;4090440;1168605184;18558976;1297444864;0;0;0;0;0;0;0;0;0;0;0;2645;0;0;125;0;72;0;
5744;2808887;1168605184;18558976;1297444864;0;0;0;0;0;0;0;0;0;0;0;1403;0;0;125;0;72;0;
5745;2227506;1168605184;18558976;1297444864;0;0;0;0;0;0;0;0;0;0;0;1603;0;0;125;0;72;0;
5746;2699521;1168605184;18558976;1297444864;0;0;0;0;0;0;0;0;0;0;0;2194;0;0;125;0;72;0;
5747;6550132;1168605184;18558976;1297444864;0;0;0;0;0;0;0;0;0;0;0;2064;0;0;125;0;72;0;
5748;4241112;1168605184;18558976;1297444864;0;0;0;0;0;0;0;0;0;0;0;2825;0;0;125;0;72;0;
5749;3318793;1168605184;18558976;1297444864;0;0;0;0;0;0;0;0;0;0;0;2385;0;0;125;0;72;0;
5750;4049743;1168605184;18558976;1297444864;0;0;0;0;0;0;0;0;0;0;0;2274;0;0;125;0;72;0;
5751;2208471;1168605184;18558976;1297444864;0;0;0;0;0;0;0;0;0;0;0;2324;0;0;125;0;72;0;
5752;1874655;1168605184;18558976;1297444864;0;0;0;0;0;0;0;0;0;0;0;2003;0;0;125;0;72;0;
5753;1862252;1168605184;18558976;1297444864;0;0;0;0;0;0;0;0;0;0;0;2024;0;0;125;0;72;0;
5754;5929688;1168605184;18558976;1297444864;0;0;0;0;0;0;0;0;0;0;0;2033;0;0;125;0;72;0;
5755;3270692;1168605184;18558976;1297444864;0;0;0;0;0;0;0;0;0;0;0;2004;0;0;125;0;72;0;
5756;2253214;1168605184;18558976;1297444864;0;0;0;0;0;0;0;0;0;0;0;1754;0;0;125;0;72;0;
5757;2190848;1168605184;18558976;1297444864;0;0;0;0;0;0;0;0;0;0;0;1392;0;0;125;0;72;0;
5758;2816211;1168605184;18558976;1297444864;0;0;0;0;0;0;0;0;0;0;0;2645;0;0;125;0;72;0;
5759;3497148;1168605184;18558976;1297444864;0;0;0;0;0;0;0;0;0;0;0;2344;0;0;125;0;72;0;
5760;2072887;1168605184;18558976;1297444864;0;0;0;0;0;0;0;0;0;0;0;2024;0;0;125;0;72;0;
5761;4575880;1168605184;18558976;1297444864;0;0;0;0;0;0;0;0;0;0;0;1963;0;0;125;0;72;0;
5762;4070362;1168605184;18558976;1297444864;0;0;0;0;0;0;0;0;0;0;0;2325;0;0;125;0;72;0;
5763;2658104;1168605184;18558976;1297444864;0;0;0;0;0;0;0;0;0;0;0;1753;0;0;125;0;72;0;
5764;2366036;1168875520;18558976;1297444864;0;0;0;0;0;0;0;0;0;0;0;2334;0;0;125;0;72;0;
5765;2754124;1168875520;18558976;1297444864;0;0;0;0;0;0;0;0;0;0;0;1763;0;0;125;0;72;0;
5766;3001518;1168875520;18558976;1297444864;0;0;0;0;0;0;0;0;0;0;0;2054;0;0;125;0;72;0;
5767;5094492;1168875520;18558976;1297444864;0;0;0;0;0;0;0;0;0;0;0;2325;0;0;125;0;72;0;
5768;4403587;1168875520;18563072;1297448960;0;0;0;0;0;0;0;0;0;0;0;2815;0;0;125;0;72;0;
5769;2945312;1168875520;18563072;1297448960;0;0;0;0;0;0;0;0;0;0;0;2114;0;0;125;0;72;0;
5770;2504085;1168875520;18563072;1297448960;0;0;0;0;0;0;0;0;0;0;0;2154;0;0;125;0;72;0;
5771;3005044;1168875520;18563072;1297448960;0;0;0;0;0;0;0;0;0;0;0;2264;0;0;125;0;72;0;
5772;3160406;1168875520;18563072;1297448960;0;0;0;0;0;0;0;0;0;0;0;2315;0;0;125;0;72;0;
5773;5082961;1168875520;18563072;1297448960;0;0;0;0;0;0;0;0;0;0;0;2003;0;0;125;0;72;0;
5774;5971627;1169141760;18563072;1297448960;0;0;0;0;0;0;0;0;0;0;0;2344;0;0;125;0;72;0;
5775;2874720;1169141760;18563072;1297448960;0;0;0;0;0;0;0;0;0;0;0;118703;0;0;125;0;72;0;
5776;3332088;1164210176;13156352;1292042240;0;0;0;0;0;0;0;0;0;0;0;2144;0;0;125;0;72;0;
5777;3852544;1164210176;13156352;1292042240;0;0;0;0;0;0;0;0;0;0;0;1974;0;0;125;0;72;0;
5778;2839995;1164210176;13156352;1292042240;0;0;0;0;0;0;0;0;0;0;0;1673;0;0;125;0;72;0;
5779;2233107;1164210176;13156352;1292042240;0;0;0;0;0;0;0;0;0;0;0;2023;0;0;125;0;72;0;
5780;5899803;1164210176;13156352;1292042240;0;0;0;0;0;0;0;0;0;0;0;289222;0;0;125;0;72;0;
5781;4711334;1166839808;18563072;1297448960;0;0;0;0;0;0;0;0;0;0;0;45656;0;0;125;0;72;0;
5782;2514104;1166839808;18563072;1297448960;0;0;0;0;0;0;0;0;0;0;0;2405;0;0;125;0;72;0;
5783;3659812;1168936960;18563072;1297448960;0;0;0;0;0;0;0;0;0;0;0;2344;0;0;125;0;72;0;
5784;2560391;1168936960;18563072;1297448960;0;0;0;0;0;0;0;0;0;0;0;2194;0;0;125;0;72;0;
5785;3590883;1168936960;18563072;1297448960;0;0;0;0;0;0;0;0;0;0;0;1733;0;0;125;0;72;0;
5786;2232556;1168936960;18563072;1297448960;0;0;0;0;0;0;0;0;0;0;0;1883;0;0;125;0;72;0;
5787;5290630;1168936960;18563072;1297448960;0;0;0;0;0;0;0;0;0;0;0;1794;0;0;125;0;72;0;
5788;3917505;1168936960;18563072;1297448960;0;0;0;0;0;0;0;0;0;0;0;4167;0;0;125;0;72;0;
5789;1857823;1169182720;18558976;1297444864;0;0;0;0;0;0;0;0;0;0;0;2294;0;0;125;0;72;0;
5790;2377558;1169182720;18558976;1297444864;0;0;0;0;0;0;0;0;0;0;0;2434;0;0;125;0;72;0;
5791;2596649;1169182720;18558976;1297444864;0;0;0;0;0;0;0;0;0;0;0;1533;0;0;125;0;72;0;
5792;1836764;1169182720;18558976;1297444864;0;0;0;0;0;0;0;0;0;0;0;1432;0;0;125;0;72;0;
5793;4861175;1169182720;18558976;1297444864;0;0;0;0;0;0;0;0;0;0;0;1382;0;0;125;0;72;0;
5794;3858846;1169182720;18563072;1297448960;0;0;0;0;0;0;0;0;0;0;0;2534;0;0;125;0;72;0;
5795;2899847;1169182720;18563072;1297448960;0;0;0;0;0;0;0;0;0;0;0;1583;0;0;125;0;72;0;
5796;2249227;1169182720;18563072;1297448960;0;0;0;0;0;0;0;0;0;0;0;1553;0;0;125;0;72;0;
5797;2507312;1169182720;18563072;1297448960;0;0;0;0;0;0;0;0;0;0;0;1433;0;0;125;0;72;0;
5798;2219271;1169182720;18563072;1297448960;0;0;0;0;0;0;0;0;0;0;0;1693;0;0;125;0;72;0;
5799;5751084;1169182720;18563072;1297448960;0;0;0;0;0;0;0;0;0;0;0;33853;0;0;125;0;72;0;
5800;2640341;1169182720;18563072;1297448960;0;0;0;0;0;0;0;0;0;0;0;1823;0;0;125;0;72;0;
5801;2337172;1169182720;18563072;1297448960;0;0;0;0;0;0;0;0;0;0;0;2044;0;0;125;0;72;0;
5802;2269977;1169182720;18563072;1297448960;0;0;0;0;0;0;0;0;0;0;0;1814;0;0;125;0;72;0;
5803;2683262;1169182720;18563072;1297448960;0;0;0;0;0;0;0;0;0;0;0;2265;0;0;125;0;72;0;
5804;2473739;1169182720;18563072;1297448960;0;0;0;0;0;0;0;0;0;0;0;1773;0;0;125;0;72;0;
5805;2282039;1169182720;18563072;1297448960;0;0;0;0;0;0;0;0;0;0;0;1673;0;0;125;0;72;0;
5806;5339262;1169182720;18563072;1297448960;0;0;0;0;0;0;0;0;0;0;0;1403;0;0;125;0;72;0;
5807;3721448;1169182720;18563072;1297448960;0;0;0;0;0;0;0;0;0;0;0;1613;0;0;125;0;72;0;
5808;2733766;1169182720;18563072;1297448960;0;0;0;0;0;0;0;0;0;0;0;1573;0;0;125;0;72;0;
5809;2803136;1169182720;18563072;1297448960;0;0;0;0;0;0;0;0;0;0;0;1463;0;0;125;0;72;0;
5810;3262618;1169182720;18563072;1297448960;0;0;0;0;0;0;0;0;0;0;0;1773;0;0;125;0;72;0;
5811;3602806;1169182720;18563072;1297448960;0;0;0;0;0;0;0;0;0;0;0;2023;0;0;125;0;72;0;
5812;3361272;1169182720;18563072;1297448960;0;0;0;0;0;0;0;0;0;0;0;2345;0;0;125;0;72;0;
5813;5883491;1169182720;18563072;1297448960;0;0;0;0;0;0;0;0;0;0;0;1824;0;0;125;0;72;0;
5814;4682159;1169182720;18563072;1297448960;0;0;0;0;0;0;0;0;0;0;0;2424;0;0;125;0;72;0;
5815;3541561;1169182720;18558976;1297444864;0;0;0;0;0;0;0;0;0;0;0;1764;0;0;125;0;72;0;
5816;3901265;1169182720;18558976;1297444864;0;0;0;0;0;0;0;0;0;0;0;1783;0;0;125;0;72;0;
5817;3616831;1169182720;18558976;1297444864;0;0;0;0;0;0;0;0;0;0;0;1744;0;0;125;0;72;0;
5818;2094518;1169182720;18558976;1297444864;0;0;0;0;0;0;0;0;0;0;0;1964;0;0;125;0;72;0;
5819;5406337;1169182720;18558976;1297444864;0;0;0;0;0;0;0;0;0;0;0;1753;0;0;125;0;72;0;
5820;4853331;1169182720;18563072;1297448960;0;0;0;0;0;0;0;0;0;0;0;1944;0;0;125;0;72;0;
5821;3190813;1169182720;18563072;1297448960;0;0;0;0;0;0;0;0;0;0;0;1893;0;0;125;0;72;0;
5822;3151279;1169182720;18563072;1297448960;0;0;0;0;0;0;0;0;0;0;0;1563;0;0;125;0;72;0;
5823;3207343;1169182720;18563072;1297448960;0;0;0;0;0;0;0;0;0;0;0;2054;0;0;125;0;72;0;
5824;3179652;1169182720;18563072;1297448960;0;0;0;0;0;0;0;0;0;0;0;1873;0;0;125;0;72;0;
5825;3206292;1169182720;18563072;1297448960;0;0;0;0;0;0;0;0;0;0;0;1743;0;0;125;0;72;0;
5826;5641508;1169182720;18563072;1297448960;0;0;0;0;0;0;0;0;0;0;0;1402;0;0;125;0;72;0;
5827;5296401;1169182720;18563072;1297448960;0;0;0;0;0;0;0;0;0;0;0;10259;0;0;125;0;72;0;
5828;3186204;1169182720;18563072;1297448960;0;0;0;0;0;0;0;0;0;0;0;4168;0;0;125;0;72;0;
5829;3189430;1169182720;18563072;1297448960;0;0;0;0;0;0;0;0;0;0;0;2004;0;0;125;0;72;0;
5830;2056105;1169182720;18563072;1297448960;0;0;0;0;0;0;0;0;0;0;0;2715;0;0;125;0;72;0;
5831;2709410;1169182720;18563072;1297448960;0;0;0;0;0;0;0;0;0;0;0;2675;0;0;125;0;72;0;
5832;3538945;1169182720;18563072;1297448960;0;0;0;0;0;0;0;0;0;0;0;3336;0;0;125;0;72;0;
5833;4918933;1169182720;18563072;1297448960;0;0;0;0;0;0;0;0;0;0;0;2254;0;0;125;0;72;0;
5834;6349485;1169182720;18563072;1297448960;0;0;0;0;0;0;0;0;0;0;0;5100;0;0;125;0;72;0;
5835;1849267;1169182720;18563072;1297448960;0;0;0;0;0;0;0;0;0;0;0;2325;0;0;125;0;72;0;
5836;4478548;1169207296;18558976;1297444864;0;0;0;0;0;0;0;0;0;0;0;3186;0;0;125;0;72;0;
5837;2470322;1169207296;18558976;1297444864;0;0;0;0;0;0;0;0;0;0;0;2505;0;0;125;0;72;0;
5838;3522645;1169207296;18558976;1297444864;0;0;0;0;0;0;0;0;0;0;0;2515;0;0;125;0;72;0;
5839;2378069;1169207296;18558976;1297444864;0;0;0;0;0;0;0;0;0;0;0;2475;0;0;125;0;72;0;
5840;6484769;1169207296;18558976;1297444864;0;0;0;0;0;0;0;0;0;0;0;1223;0;0;125;0;72;0;
5841;5130109;1169207296;18558976;1297444864;0;0;0;0;0;0;0;0;0;0;0;3447;0;0;125;0;72;0;
5842;2106931;1169207296;18558976;1297444864;0;0;0;0;0;0;0;0;0;0;0;2655;0;0;125;0;72;0;
5843;3774156;1169207296;18558976;1297444864;0;0;0;0;0;0;0;0;0;0;0;2335;0;0;125;0;72;0;
5844;2599053;1169207296;18558976;1297444864;0;0;0;0;0;0;0;0;0;0;0;2685;0;0;125;0;72;0;
5845;3169483;1169207296;18558976;1297444864;0;0;0;0;0;0;0;0;0;0;0;2495;0;0;125;0;72;0;
5846;1668649;1169207296;18558976;1297444864;0;0;0;0;0;0;0;0;0;0;0;1462;0;0;125;0;72;0;
5847;8542167;1169207296;18558976;1297444864;0;0;0;0;0;0;0;0;0;0;0;3005;0;0;125;0;72;0;
5848;5539267;1169207296;18558976;1297444864;0;0;0;0;0;0;0;0;0;0;0;4638;0;0;125;0;72;0;
5849;1956619;1169207296;18558976;1297444864;0;0;0;0;0;0;0;0;0;0;0;1583;0;0;125;0;72;0;
5850;3263259;1169207296;18558976;1297444864;0;0;0;0;0;0;0;0;0;0;0;1593;0;0;125;0;72;0;
5851;1669560;1169207296;18558976;1297444864;0;0;0;0;0;0;0;0;0;0;0;1944;0;0;125;0;72;0;
5852;3252679;1169207296;18558976;1297444864;0;0;0;0;0;0;0;0;0;0;0;1603;0;0;125;0;72;0;
5853;2157546;1169207296;18558976;1297444864;0;0;0;0;0;0;0;0;0;0;0;1593;0;0;125;0;72;0;
5854;5708884;1169207296;18558976;1297444864;0;0;0;0;0;0;0;0;0;0;0;1332;0;0;125;0;72;0;
5855;3602294;1169207296;18558976;1297444864;0;0;0;0;0;0;0;0;0;0;0;2014;0;0;125;0;72;0;
5856;2505128;1169207296;18558976;1297444864;0;0;0;0;0;0;0;0;0;0;0;1714;0;0;125;0;72;0;
5857;2847109;1169207296;18558976;1297444864;0;0;0;0;0;0;0;0;0;0;0;1593;0;0;125;0;72;0;
5858;2586039;1169207296;18558976;1297444864;0;0;0;0;0;0;0;0;0;0;0;1773;0;0;125;0;72;0;
5859;3675442;1169207296;18558976;1297444864;0;0;0;0;0;0;0;0;0;0;0;2154;0;0;125;0;72;0;
5860;2097894;1169207296;18558976;1297444864;0;0;0;0;0;0;0;0;0;0;0;1473;0;0;125;0;72;0;
5861;4945593;1169207296;18558976;1297444864;0;0;0;0;0;0;0;0;0;0;0;1593;0;0;125;0;72;0;
5862;3072421;1169207296;18558976;1297444864;0;0;0;0;0;0;0;0;0;0;0;2405;0;0;125;0;72;0;
5863;2207609;1169207296;18558976;1297444864;0;0;0;0;0;0;0;0;0;0;0;1293;0;0;125;0;72;0;
5864;2447389;1169207296;18558976;1297444864;0;0;0;0;0;0;0;0;0;0;0;1573;0;0;125;0;72;0;
5865;2477105;1169207296;18558976;1297444864;0;0;0;0;0;0;0;0;0;0;0;1463;0;0;125;0;72;0;
5866;2955121;1169207296;18558976;1297444864;0;0;0;0;0;0;0;0;0;0;0;1222;0;0;125;0;72;0;
5867;1739422;1169207296;18558976;1297444864;0;0;0;0;0;0;0;0;0;0;0;397124;0;0;125;0;72;0;
5868;5518056;1169207296;18558976;1297444864;0;0;0;0;0;0;0;0;0;0;0;1403;0;0;125;0;72;0;
5869;4110057;1169207296;18558976;1297444864;0;0;0;0;0;0;0;0;0;0;0;2625;0;0;125;0;72;0;
5870;2599164;1169207296;18558976;1297444864;0;0;0;0;0;0;0;0;0;0;0;1443;0;0;125;0;72;0;
5871;2883286;1169207296;18558976;1297444864;0;0;0;0;0;0;0;0;0;0;0;1813;0;0;125;0;72;0;
5872;1587076;1169207296;18558976;1297444864;0;0;0;0;0;0;0;0;0;0;0;1924;0;0;125;0;72;0;
5873;2376126;1169207296;18558976;1297444864;0;0;0;0;0;0;0;0;0;0;0;1453;0;0;125;0;72;0;
5874;2485500;1169207296;18558976;1297444864;0;0;0;0;0;0;0;0;0;0;0;1663;0;0;125;0;72;0;
5875;5732309;1169207296;18558976;1297444864;0;0;0;0;0;0;0;0;0;0;0;1373;0;0;125;0;72;0;
5876;3411427;1169207296;18558976;1297444864;0;0;0;0;0;0;0;0;0;0;0;2766;0;0;125;0;72;0;
5877;2460924;1169207296;18558976;1297444864;0;0;0;0;0;0;0;0;0;0;0;2134;0;0;125;0;72;0;
5878;2466154;1169207296;18558976;1297444864;0;0;0;0;0;0;0;0;0;0;0;1463;0;0;125;0;72;0;
5879;2253235;1169207296;18558976;1297444864;0;0;0;0;0;0;0;0;0;0;0;42820;0;0;125;0;72;0;
5880;2715662;1169207296;18558976;1297444864;0;0;0;0;0;0;0;0;0;0;0;1944;0;0;125;0;72;0;
5881;1672757;1169207296;18558976;1297444864;0;0;0;0;0;0;0;0;0;0;0;1713;0;0;125;0;72;0;
5882;4572905;1169207296;18558976;1297444864;0;0;0;0;0;0;0;0;0;0;0;1432;0;0;125;0;72;0;
5883;3242920;1169207296;18558976;1297444864;0;0;0;0;0;0;0;0;0;0;0;2595;0;0;125;0;72;0;
5884;2956714;1169207296;18558976;1297444864;0;0;0;0;0;0;0;0;0;0;0;1714;0;0;125;0;72;0;
5885;1889252;1169207296;18558976;1297444864;0;0;0;0;0;0;0;0;0;0;0;1994;0;0;125;0;72;0;
5886;3683006;1169207296;18558976;1297444864;0;0;0;0;0;0;0;0;0;0;0;1543;0;0;125;0;72;0;
5887;2896471;1169207296;18558976;1297444864;0;0;0;0;0;0;0;0;0;0;0;2034;0;0;125;0;72;0;
5888;5627041;1169207296;18558976;1297444864;0;0;0;0;0;0;0;0;0;0;0;2064;0;0;125;0;72;0;
5889;3301911;1169207296;18563072;1297448960;0;0;0;0;0;0;0;0;0;0;0;3086;0;0;125;0;72;0;
5890;1752356;1169207296;18563072;1297448960;0;0;0;0;0;0;0;0;0;0;0;1904;0;0;125;0;72;0;
5891;2570470;1164210176;13156352;1292042240;0;0;0;0;0;0;0;0;0;0;0;1453;0;0;125;0;72;0;
5892;2241844;1164210176;13156352;1292042240;0;0;0;0;0;0;0;0;0;0;0;1553;0;0;125;0;72;0;
5893;2908764;1164210176;13156352;1292042240;0;0;0;0;0;0;0;0;0;0;0;1703;0;0;125;0;72;0;
5894;3076248;1164210176;13156352;1292042240;0;0;0;0;0;0;0;0;0;0;0;2093;0;0;125;0;72;0;
5895;6086342;1164210176;13156352;1292042240;0;0;0;0;0;0;0;0;0;0;0;3126;0;0;125;0;72;0;
5896;3854056;1166839808;18563072;1297448960;0;0;0;0;0;0;0;0;0;0;0;3226;0;0;125;0;72;0;
5897;2924052;1166839808;18563072;1297448960;0;0;0;0;0;0;0;0;0;0;0;1653;0;0;125;0;72;0;
5898;2742212;1168936960;18563072;1297448960;0;0;0;0;0;0;0;0;0;0;0;2014;0;0;125;0;72;0;
5899;2374773;1168936960;18563072;1297448960;0;0;0;0;0;0;0;0;0;0;0;1883;0;0;125;0;72;0;
5900;3044489;1169203200;18563072;1297448960;0;0;0;0;0;0;0;0;0;0;0;1473;0;0;125;0;72;0;
5901;2845857;1169203200;18563072;1297448960;0;0;0;0;0;0;0;0;0;0;0;1573;0;0;125;0;72;0;
5902;7738861;1169203200;18563072;1297448960;0;0;0;0;0;0;0;0;0;0;0;2044;0;0;125;0;72;0;
5903;4049013;1169203200;18563072;1297448960;0;0;0;0;0;0;0;0;0;0;0;3076;0;0;125;0;72;0;
5904;1949686;1169203200;18563072;1297448960;0;0;0;0;0;0;0;0;0;0;0;1513;0;0;125;0;72;0;
5905;2386565;1169276928;18558976;1297444864;0;0;0;0;0;0;0;0;0;0;0;1824;0;0;125;0;72;0;
5906;2137468;1169276928;18558976;1297444864;0;0;0;0;0;0;0;0;0;0;0;1663;0;0;125;0;72;0;
5907;2905788;1169276928;18558976;1297444864;0;0;0;0;0;0;0;0;0;0;0;1502;0;0;125;0;72;0;
5908;2128141;1169276928;18558976;1297444864;0;0;0;0;0;0;0;0;0;0;0;2003;0;0;125;0;72;0;
5909;5225407;1169276928;18558976;1297444864;0;0;0;0;0;0;0;0;0;0;0;1533;0;0;125;0;72;0;
5910;4442069;1169276928;18558976;1297444864;0;0;0;0;0;0;0;0;0;0;0;3777;0;0;125;0;72;0;
5911;2163036;1169276928;18558976;1297444864;0;0;0;0;0;0;0;0;0;0;0;1793;0;0;125;0;72;0;
5912;1934517;1169276928;18558976;1297444864;0;0;0;0;0;0;0;0;0;0;0;1483;0;0;125;0;72;0;
5913;1387782;1169276928;18558976;1297444864;0;0;0;0;0;0;0;0;0;0;0;1473;0;0;125;0;72;0;
5914;2304731;1169276928;18558976;1297444864;0;0;0;0;0;0;0;0;0;0;0;1684;0;0;125;0;72;0;
5915;2018785;1169276928;18558976;1297444864;0;0;0;0;0;0;0;0;0;0;0;1694;0;0;125;0;72;0;
5916;5490345;1169276928;18558976;1297444864;0;0;0;0;0;0;0;0;0;0;0;1774;0;0;125;0;72;0;
5917;4982553;1169276928;18558976;1297444864;0;0;0;0;0;0;0;0;0;0;0;2916;0;0;125;0;72;0;
5918;2601067;1169276928;18558976;1297444864;0;0;0;0;0;0;0;0;0;0;0;2515;0;0;125;0;72;0;
5919;2962846;1169276928;18558976;1297444864;0;0;0;0;0;0;0;0;0;0;0;2044;0;0;125;0;72;0;
5920;1875256;1169276928;18558976;1297444864;0;0;0;0;0;0;0;0;0;0;0;2094;0;0;125;0;72;0;
5921;3441693;1169276928;18558976;1297444864;0;0;0;0;0;0;0;0;0;0;0;2214;0;0;125;0;72;0;
5922;2971822;1169276928;18558976;1297444864;0;0;0;0;0;0;0;0;0;0;0;2284;0;0;125;0;72;0;
5923;5815705;1169276928;18558976;1297444864;0;0;0;0;0;0;0;0;0;0;0;1873;0;0;125;0;72;0;
5924;4811762;1169276928;18558976;1297444864;0;0;0;0;0;0;0;0;0;0;0;4248;0;0;125;0;72;0;
5925;4204774;1169276928;18558976;1297444864;0;0;0;0;0;0;0;0;0;0;0;3085;0;0;125;0;72;0;
5926;2916258;1169276928;18558976;1297444864;0;0;0;0;0;0;0;0;0;0;0;1994;0;0;125;0;72;0;
5927;2251431;1169276928;18558976;1297444864;0;0;0;0;0;0;0;0;0;0;0;1453;0;0;125;0;72;0;
5928;3625808;1169276928;18558976;1297444864;0;0;0;0;0;0;0;0;0;0;0;1973;0;0;125;0;72;0;
5929;2831419;1169276928;18558976;1297444864;0;0;0;0;0;0;0;0;0;0;0;3626;0;0;125;0;72;0;
5930;6101090;1169276928;18558976;1297444864;0;0;0;0;0;0;0;0;0;0;0;2174;0;0;125;0;72;0;
5931;4603932;1169276928;18558976;1297444864;0;0;0;0;0;0;0;0;0;0;0;4559;0;0;125;0;72;0;
5932;3158132;1169276928;18558976;1297444864;0;0;0;0;0;0;0;0;0;0;0;3145;0;0;125;0;72;0;
5933;2593593;1169276928;18558976;1297444864;0;0;0;0;0;0;0;0;0;0;0;1442;0;0;125;0;72;0;
5934;2087785;1169276928;18558976;1297444864;0;0;0;0;0;0;0;0;0;0;0;1843;0;0;125;0;72;0;
5935;2845415;1169276928;18558976;1297444864;0;0;0;0;0;0;0;0;0;0;0;2605;0;0;125;0;72;0;
5936;2183434;1169276928;18558976;1297444864;0;0;0;0;0;0;0;0;0;0;0;2475;0;0;125;0;72;0;
5937;8960782;1169276928;18558976;1297444864;0;0;0;0;0;0;0;0;0;0;0;2735;0;0;125;0;72;0;
5938;7110293;1169276928;18558976;1297444864;0;0;0;0;0;0;0;0;0;0;0;4589;0;0;125;0;72;0;
5939;3686683;1169276928;18558976;1297444864;0;0;0;0;0;0;0;0;0;0;0;2965;0;0;125;0;72;0;
5940;3295439;1169276928;18558976;1297444864;0;0;0;0;0;0;0;0;0;0;0;2595;0;0;125;0;72;0;
5941;2904026;1169276928;18558976;1297444864;0;0;0;0;0;0;0;0;0;0;0;2124;0;0;125;0;72;0;
5942;2820398;1169276928;18558976;1297444864;0;0;0;0;0;0;0;0;0;0;0;1552;0;0;125;0;72;0;
5943;1839650;1169276928;18558976;1297444864;0;0;0;0;0;0;0;0;0;0;0;1763;0;0;125;0;72;0;
5944;5952401;1169276928;18558976;1297444864;0;0;0;0;0;0;0;0;0;0;0;1914;0;0;125;0;72;0;
5945;3611993;1169276928;18558976;1297444864;0;0;0;0;0;0;0;0;0;0;0;2745;0;0;125;0;72;0;
5946;2653696;1169276928;18558976;1297444864;0;0;0;0;0;0;0;0;0;0;0;1864;0;0;125;0;72;0;
5947;2788699;1169276928;18558976;1297444864;0;0;0;0;0;0;0;0;0;0;0;1563;0;0;125;0;72;0;
5948;2614141;1169276928;18558976;1297444864;0;0;0;0;0;0;0;0;0;0;0;2354;0;0;125;0;72;0;
5949;4030627;1169276928;18558976;1297444864;0;0;0;0;0;0;0;0;0;0;0;2495;0;0;125;0;72;0;
5950;2410009;1169276928;18558976;1297444864;0;0;0;0;0;0;0;0;0;0;0;2324;0;0;125;0;72;0;
5951;5849057;1169276928;18558976;1297444864;0;0;0;0;0;0;0;0;0;0;0;1773;0;0;125;0;72;0;
5952;3214598;1169276928;18558976;1297444864;0;0;0;0;0;0;0;0;0;0;0;2054;0;0;125;0;72;0;
5953;2908213;1169276928;18558976;1297444864;0;0;0;0;0;0;0;0;0;0;0;2444;0;0;125;0;72;0;
5954;3868153;1169276928;18558976;1297444864;0;0;0;0;0;0;0;0;0;0;0;2134;0;0;125;0;72;0;
5955;2594295;1169276928;18558976;1297444864;0;0;0;0;0;0;0;0;0;0;0;2164;0;0;125;0;72;0;
5956;2792255;1169276928;18558976;1297444864;0;0;0;0;0;0;0;0;0;0;0;1442;0;0;125;0;72;0;
5957;2503535;1169276928;18558976;1297444864;0;0;0;0;0;0;0;0;0;0;0;2214;0;0;125;0;72;0;
5958;5979892;1169276928;18558976;1297444864;0;0;0;0;0;0;0;0;0;0;0;2063;0;0;125;0;72;0;
5959;4097673;1169276928;18558976;1297444864;0;0;0;0;0;0;0;0;0;0;0;2725;0;0;125;0;72;0;
5960;2264035;1169276928;18558976;1297444864;0;0;0;0;0;0;0;0;0;0;0;2295;0;0;125;0;72;0;
5961;2280616;1169276928;18558976;1297444864;0;0;0;0;0;0;0;0;0;0;0;1493;0;0;125;0;72;0;
5962;3723401;1169276928;18558976;1297444864;0;0;0;0;0;0;0;0;0;0;0;2224;0;0;125;0;72;0;
5963;2660729;1169276928;18558976;1297444864;0;0;0;0;0;0;0;0;0;0;0;1704;0;0;125;0;72;0;
5964;2290975;1169276928;18558976;1297444864;0;0;0;0;0;0;0;0;0;0;0;1714;0;0;125;0;72;0;
5965;6339056;1169276928;18558976;1297444864;0;0;0;0;0;0;0;0;0;0;0;24215;0;0;125;0;72;0;
5966;3639044;1169276928;18558976;1297444864;0;0;0;0;0;0;0;0;0;0;0;2275;0;0;125;0;72;0;
5967;2768020;1169276928;18558976;1297444864;0;0;0;0;0;0;0;0;0;0;0;2224;0;0;125;0;72;0;
5968;2896120;1169276928;18558976;1297444864;0;0;0;0;0;0;0;0;0;0;0;2073;0;0;125;0;72;0;
5969;2533611;1169276928;18558976;1297444864;0;0;0;0;0;0;0;0;0;0;0;2194;0;0;125;0;72;0;
5970;3443907;1169276928;18558976;1297444864;0;0;0;0;0;0;0;0;0;0;0;1793;0;0;125;0;72;0;
5971;2988483;1169276928;18558976;1297444864;0;0;0;0;0;0;0;0;0;0;0;2334;0;0;125;0;72;0;
5972;5102808;1169276928;18558976;1297444864;0;0;0;0;0;0;0;0;0;0;0;2194;0;0;125;0;72;0;
5973;3074454;1169276928;18558976;1297444864;0;0;0;0;0;0;0;0;0;0;0;2675;0;0;125;0;72;0;
5974;2567805;1169276928;18558976;1297444864;0;0;0;0;0;0;0;0;0;0;0;2004;0;0;125;0;72;0;
5975;3143324;1169276928;18558976;1297444864;0;0;0;0;0;0;0;0;0;0;0;2315;0;0;125;0;72;0;
5976;1315827;1169276928;18558976;1297444864;0;0;0;0;0;0;0;0;0;0;0;1904;0;0;125;0;72;0;
5977;2608742;1169276928;18558976;1297444864;0;0;0;0;0;0;0;0;0;0;0;1553;0;0;125;0;72;0;
5978;2136576;1169276928;18558976;1297444864;0;0;0;0;0;0;0;0;0;0;0;10069;0;0;125;0;72;0;
5979;7168591;1169276928;18558976;1297444864;0;0;0;0;0;0;0;0;0;0;0;3497;0;0;125;0;72;0;
5980;4207058;1169276928;18558976;1297444864;0;0;0;0;0;0;0;0;0;0;0;3497;0;0;125;0;72;0;
5981;1941450;1169276928;18558976;1297444864;0;0;0;0;0;0;0;0;0;0;0;1894;0;0;125;0;72;0;
5982;2707116;1169276928;18558976;1297444864;0;0;0;0;0;0;0;0;0;0;0;1573;0;0;125;0;72;0;
5983;1611051;1169276928;18558976;1297444864;0;0;0;0;0;0;0;0;0;0;0;1483;0;0;125;0;72;0;
5984;2517010;1169276928;18558976;1297444864;0;0;0;0;0;0;0;0;0;0;0;1523;0;0;125;0;72;0;
5985;2243116;1169276928;18558976;1297444864;0;0;0;0;0;0;0;0;0;0;0;1954;0;0;125;0;72;0;
5986;5246107;1169276928;18558976;1297444864;0;0;0;0;0;0;0;0;0;0;0;1563;0;0;125;0;72;0;
5987;4079099;1169276928;18558976;1297444864;0;0;0;0;0;0;0;0;0;0;0;3086;0;0;125;0;72;0;
5988;2319780;1169276928;18558976;1297444864;0;0;0;0;0;0;0;0;0;0;0;2675;0;0;125;0;72;0;
5989;2700854;1169276928;18558976;1297444864;0;0;0;0;0;0;0;0;0;0;0;2073;0;0;125;0;72;0;
5990;1989561;1169276928;18558976;1297444864;0;0;0;0;0;0;0;0;0;0;0;1974;0;0;125;0;72;0;
5991;2993503;1169276928;18558976;1297444864;0;0;0;0;0;0;0;0;0;0;0;1733;0;0;125;0;72;0;
5992;2209323;1169276928;18558976;1297444864;0;0;0;0;0;0;0;0;0;0;0;1653;0;0;125;0;72;0;
5993;5513739;1169276928;18558976;1297444864;0;0;0;0;0;0;0;0;0;0;0;1443;0;0;125;0;72;0;
5994;4860483;1169276928;18558976;1297444864;0;0;0;0;0;0;0;0;0;0;0;3857;0;0;125;0;72;0;
5995;2633829;1169276928;18558976;1297444864;0;0;0;0;0;0;0;0;0;0;0;2725;0;0;125;0;72;0;
5996;3475828;1169276928;18558976;1297444864;0;0;0;0;0;0;0;0;0;0;0;2355;0;0;125;0;72;0;
5997;1992926;1169276928;18558976;1297444864;0;0;0;0;0;0;0;0;0;0;0;2254;0;0;125;0;72;0;
5998;2325150;1169276928;18558976;1297444864;0;0;0;0;0;0;0;0;0;0;0;1983;0;0;125;0;72;0;
5999;1913087;1169276928;18558976;1297444864;0;0;0;0;0;0;0;0;0;0;0;1893;0;0;125;0;72;0;
6000;4949681;1169276928;18558976;1297444864;0;0;0;0;0;0;0;0;0;0;0;1703;0;0;125;0;72;0;
6001;4384552;1169276928;18558976;1297444864;0;0;0;0;0;0;0;0;0;0;0;5109;0;0;125;0;72;0;
6002;2420208;1169276928;18558976;1297444864;0;0;0;0;0;0;0;0;0;0;0;3687;0;0;125;0;72;0;
6003;3143174;1169276928;18558976;1297444864;0;0;0;0;0;0;0;0;0;0;0;2024;0;0;125;0;72;0;
6004;2252814;1169276928;18558976;1297444864;0;0;0;0;0;0;0;0;0;0;0;3818;0;0;125;0;72;0;
6005;2793187;1169276928;18558976;1297444864;0;0;0;0;0;0;0;0;0;0;0;1663;0;0;125;0;72;0;
6006;1974633;1169276928;18558976;1297444864;0;0;0;0;0;0;0;0;0;0;0;2335;0;0;125;0;72;0;
6007;4560973;1169276928;18558976;1297444864;0;0;0;0;0;0;0;0;0;0;0;1433;0;0;125;0;72;0;
6008;3201763;1169276928;18558976;1297444864;0;0;0;0;0;0;0;0;0;0;0;2575;0;0;125;0;72;0;
6009;1636579;1169276928;18558976;1297444864;0;0;0;0;0;0;0;0;0;0;0;2044;0;0;125;0;72;0;
6010;2189866;1169276928;18558976;1297444864;0;0;0;0;0;0;0;0;0;0;0;1493;0;0;125;0;72;0;
6011;1373214;1169276928;18558976;1297444864;0;0;0;0;0;0;0;0;0;0;0;1793;0;0;125;0;72;0;
6012;1496095;1169276928;18558976;1297444864;0;0;0;0;0;0;0;0;0;0;0;1623;0;0;125;0;72;0;
6013;997380;1169276928;18558976;1297444864;0;0;0;0;0;0;0;0;0;0;0;1383;0;0;125;0;72;0;
6014;4687098;1169276928;18558976;1297444864;0;0;0;0;0;0;0;0;0;0;0;1462;0;0;125;0;72;0;
6015;2863038;1169276928;18558976;1297444864;0;0;0;0;0;0;0;0;0;0;0;2234;0;0;125;0;72;0;
6016;1876298;1169276928;18558976;1297444864;0;0;0;0;0;0;0;0;0;0;0;1543;0;0;125;0;72;0;
6017;1537984;1169276928;18558976;1297444864;0;0;0;0;0;0;0;0;0;0;0;1393;0;0;125;0;72;0;
6018;2061545;1169276928;18558976;1297444864;0;0;0;0;0;0;0;0;0;0;0;1493;0;0;125;0;72;0;
6019;2040106;1169276928;18558976;1297444864;0;0;0;0;0;0;0;0;0;0;0;1884;0;0;125;0;72;0;
6020;1514560;1169276928;18558976;1297444864;0;0;0;0;0;0;0;0;0;0;0;1633;0;0;125;0;72;0;
6021;4920135;1169276928;18558976;1297444864;0;0;0;0;0;0;0;0;0;0;0;1353;0;0;125;0;72;0;
6022;2564018;1169276928;18558976;1297444864;0;0;0;0;0;0;0;0;0;0;0;2284;0;0;125;0;72;0;
6023;2025307;1169276928;18558976;1297444864;0;0;0;0;0;0;0;0;0;0;0;1473;0;0;125;0;72;0;
6024;1787472;1169276928;18558976;1297444864;0;0;0;0;0;0;0;0;0;0;0;1423;0;0;125;0;72;0;
6025;1663850;1169276928;18558976;1297444864;0;0;0;0;0;0;0;0;0;0;0;1222;0;0;125;0;72;0;
6026;1573670;1169276928;18558976;1297444864;0;0;0;0;0;0;0;0;0;0;0;1593;0;0;125;0;72;0;
6027;4957726;1169276928;18558976;1297444864;0;0;0;0;0;0;0;0;0;0;0;1403;0;0;125;0;72;0;
6028;2869851;1169276928;18563072;1297448960;0;0;0;0;0;0;0;0;0;0;0;2174;0;0;125;0;72;0;
6029;2853931;1169276928;18563072;1297448960;0;0;0;0;0;0;0;0;0;0;0;1523;0;0;125;0;72;0;
6030;1633984;1169276928;18563072;1297448960;0;0;0;0;0;0;0;0;0;0;0;1362;0;0;125;0;72;0;
6031;1821495;1169276928;18563072;1297448960;0;0;0;0;0;0;0;0;0;0;0;1583;0;0;125;0;72;0;
6032;1718532;1169276928;18563072;1297448960;0;0;0;0;0;0;0;0;0;0;0;1863;0;0;125;0;72;0;
6033;5285230;1169276928;18563072;1297448960;0;0;0;0;0;0;0;0;0;0;0;1613;0;0;125;0;72;0;
6034;2598402;1169276928;18563072;1297448960;0;0;0;0;0;0;0;0;0;0;0;2275;0;0;125;0;72;0;
6035;2647595;1169276928;18563072;1297448960;0;0;0;0;0;0;0;0;0;0;0;1543;0;0;125;0;72;0;
6036;2578645;1169276928;18563072;1297448960;0;0;0;0;0;0;0;0;0;0;0;1633;0;0;125;0;72;0;
6037;2333435;1169276928;18563072;1297448960;0;0;0;0;0;0;0;0;0;0;0;1543;0;0;125;0;72;0;
6038;1908448;1169276928;18563072;1297448960;0;0;0;0;0;0;0;0;0;0;0;1694;0;0;125;0;72;0;
6039;5134127;1169276928;18563072;1297448960;0;0;0;0;0;0;0;0;0;0;0;1573;0;0;125;0;72;0;
6040;3493771;1169276928;18563072;1297448960;0;0;0;0;0;0;0;0;0;0;0;1874;0;0;125;0;72;0;
6041;2608591;1169276928;18563072;1297448960;0;0;0;0;0;0;0;0;0;0;0;1603;0;0;125;0;72;0;
6042;2344526;1169276928;18563072;1297448960;0;0;0;0;0;0;0;0;0;0;0;1793;0;0;125;0;72;0;
6043;2430517;1169276928;18563072;1297448960;0;0;0;0;0;0;0;0;0;0;0;1703;0;0;125;0;72;0;
6044;2584176;1169276928;18563072;1297448960;0;0;0;0;0;0;0;0;0;0;0;1793;0;0;125;0;72;0;
6045;5417237;1169276928;18563072;1297448960;0;0;0;0;0;0;0;0;0;0;0;1923;0;0;125;0;72;0;
6046;3772704;1169276928;18563072;1297448960;0;0;0;0;0;0;0;0;0;0;0;2445;0;0;125;0;72;0;
6047;3054607;1169276928;18563072;1297448960;0;0;0;0;0;0;0;0;0;0;0;1613;0;0;125;0;72;0;
6048;1755942;1169276928;18563072;1297448960;0;0;0;0;0;0;0;0;0;0;0;1633;0;0;125;0;72;0;
6049;2626465;1169276928;18563072;1297448960;0;0;0;0;0;0;0;0;0;0;0;1683;0;0;125;0;72;0;
6050;1335063;1169276928;18563072;1297448960;0;0;0;0;0;0;0;0;0;0;0;1403;0;0;125;0;72;0;
6051;4378350;1169276928;18563072;1297448960;0;0;0;0;0;0;0;0;0;0;0;1432;0;0;125;0;72;0;
6052;2823584;1169276928;18563072;1297448960;0;0;0;0;0;0;0;0;0;0;0;3046;0;0;125;0;72;0;
6053;2651070;1169276928;18563072;1297448960;0;0;0;0;0;0;0;0;0;0;0;1503;0;0;125;0;72;0;
6054;2217167;1169276928;18563072;1297448960;0;0;0;0;0;0;0;0;0;0;0;1843;0;0;125;0;72;0;
6055;2304060;1169276928;18563072;1297448960;0;0;0;0;0;0;0;0;0;0;0;1443;0;0;125;0;72;0;
6056;1957650;1169276928;18563072;1297448960;0;0;0;0;0;0;0;0;0;0;0;1583;0;0;125;0;72;0;
6057;5271695;1169276928;18563072;1297448960;0;0;0;0;0;0;0;0;0;0;0;1413;0;0;125;0;72;0;
6058;2858590;1169276928;18563072;1297448960;0;0;0;0;0;0;0;0;0;0;0;2485;0;0;125;0;72;0;
6059;2326081;1169276928;18563072;1297448960;0;0;0;0;0;0;0;0;0;0;0;1513;0;0;125;0;72;0;
6060;1524128;1169276928;18563072;1297448960;0;0;0;0;0;0;0;0;0;0;0;1352;0;0;125;0;72;0;
6061;2262132;1169276928;18563072;1297448960;0;0;0;0;0;0;0;0;0;0;0;1422;0;0;125;0;72;0;
6062;2028985;1169276928;18563072;1297448960;0;0;0;0;0;0;0;0;0;0;0;1392;0;0;125;0;72;0;
6063;4844995;1169276928;18563072;1297448960;0;0;0;0;0;0;0;0;0;0;0;1783;0;0;125;0;72;0;
6064;3351895;1169276928;18563072;1297448960;0;0;0;0;0;0;0;0;0;0;0;2465;0;0;125;0;72;0;
6065;2706745;1169276928;18563072;1297448960;0;0;0;0;0;0;0;0;0;0;0;1733;0;0;125;0;72;0;
6066;2325540;1169276928;18563072;1297448960;0;0;0;0;0;0;0;0;0;0;0;1693;0;0;125;0;72;0;
6067;1952772;1169276928;18563072;1297448960;0;0;0;0;0;0;0;0;0;0;0;1443;0;0;125;0;72;0;
6068;1769308;1169276928;18563072;1297448960;0;0;0;0;0;0;0;0;0;0;0;1623;0;0;125;0;72;0;
6069;5399555;1169276928;18563072;1297448960;0;0;0;0;0;0;0;0;0;0;0;1733;0;0;125;0;72;0;
6070;2361528;1169276928;18563072;1297448960;0;0;0;0;0;0;0;0;0;0;0;2645;0;0;125;0;72;0;
6071;2103795;1169276928;18563072;1297448960;0;0;0;0;0;0;0;0;0;0;0;1563;0;0;125;0;72;0;
6072;1655554;1169276928;18563072;1297448960;0;0;0;0;0;0;0;0;0;0;0;1263;0;0;125;0;72;0;
6073;1806718;1169276928;18563072;1297448960;0;0;0;0;0;0;0;0;0;0;0;1443;0;0;125;0;72;0;
6074;1499031;1169276928;18563072;1297448960;0;0;0;0;0;0;0;0;0;0;0;1914;0;0;125;0;72;0;
6075;5143164;1169276928;18563072;1297448960;0;0;0;0;0;0;0;0;0;0;0;1442;0;0;125;0;72;0;
6076;3393032;1169276928;18563072;1297448960;0;0;0;0;0;0;0;0;0;0;0;111669;0;0;125;0;72;0;
6077;2019226;1169276928;18563072;1297448960;0;0;0;0;0;0;0;0;0;0;0;1793;0;0;125;0;72;0;
6078;1332228;1169276928;18563072;1297448960;0;0;0;0;0;0;0;0;0;0;0;1503;0;0;125;0;72;0;
6079;1804223;1169276928;18563072;1297448960;0;0;0;0;0;0;0;0;0;0;0;1522;0;0;125;0;72;0;
6080;1681192;1169276928;18563072;1297448960;0;0;0;0;0;0;0;0;0;0;0;1463;0;0;125;0;72;0;
6081;4181100;1169276928;18563072;1297448960;0;0;0;0;0;0;0;0;0;0;0;1533;0;0;125;0;72;0;
6082;2350738;1169276928;18563072;1297448960;0;0;0;0;0;0;0;0;0;0;0;1833;0;0;125;0;72;0;
6083;2629961;1162969088;12066816;1290952704;0;0;0;0;0;0;0;0;0;0;0;1864;0;0;125;0;72;0;
6084;1944586;1162969088;12066816;1290952704;0;0;0;0;0;0;0;0;0;0;0;1613;0;0;125;0;72;0;
6085;3520822;1162969088;12066816;1290952704;0;0;0;0;0;0;0;0;0;0;0;1483;0;0;125;0;72;0;
6086;1982147;1162969088;12066816;1290952704;0;0;0;0;0;0;0;0;0;0;0;1482;0;0;125;0;72;0;
6087;5321188;1165598720;18563072;1297448960;0;0;0;0;0;0;0;0;0;0;0;2324;0;0;125;0;72;0;
6088;3696511;1165598720;18563072;1297448960;0;0;0;0;0;0;0;0;0;0;0;2975;0;0;125;0;72;0;
6089;2777618;1165598720;18563072;1297448960;0;0;0;0;0;0;0;0;0;0;0;1643;0;0;125;0;72;0;
6090;2149751;1165598720;18563072;1297448960;0;0;0;0;0;0;0;0;0;0;0;1713;0;0;125;0;72;0;
6091;3740243;1165598720;18563072;1297448960;0;0;0;0;0;0;0;0;0;0;0;1844;0;0;125;0;72;0;
6092;2453480;1165598720;18563072;1297448960;0;0;0;0;0;0;0;0;0;0;0;1633;0;0;125;0;72;0;
6093;5601693;1165598720;18563072;1297448960;0;0;0;0;0;0;0;0;0;0;0;1553;0;0;125;0;72;0;
6094;3538505;1165598720;18563072;1297448960;0;0;0;0;0;0;0;0;0;0;0;3467;0;0;125;0;72;0;
6095;3045861;1165598720;18563072;1297448960;0;0;0;0;0;0;0;0;0;0;0;2284;0;0;125;0;72;0;
6096;2359163;1165598720;18563072;1297448960;0;0;0;0;0;0;0;0;0;0;0;2104;0;0;125;0;72;0;
6097;3058434;1165598720;18563072;1297448960;0;0;0;0;0;0;0;0;0;0;0;1643;0;0;125;0;72;0;
6098;3570876;1165598720;18563072;1297448960;0;0;0;0;0;0;0;0;0;0;0;1894;0;0;125;0;72;0;
6099;7050410;1165598720;18563072;1297448960;0;0;0;0;0;0;0;0;0;0;0;2334;0;0;125;0;72;0;
6100;3900573;1165598720;18563072;1297448960;0;0;0;0;0;0;0;0;0;0;0;2965;0;0;125;0;72;0;
6101;3430472;1165598720;18563072;1297448960;0;0;0;0;0;0;0;0;0;0;0;1693;0;0;125;0;72;0;
6102;1586775;1165598720;18563072;1297448960;0;0;0;0;0;0;0;0;0;0;0;1442;0;0;125;0;72;0;
6103;2616156;1165598720;18563072;1297448960;0;0;0;0;0;0;0;0;0;0;0;1573;0;0;125;0;72;0;
6104;1966166;1165598720;18563072;1297448960;0;0;0;0;0;0;0;0;0;0;0;1673;0;0;125;0;72;0;
6105;5493541;1165598720;18563072;1297448960;0;0;0;0;0;0;0;0;0;0;0;1593;0;0;125;0;72;0;
6106;3179331;1165598720;18563072;1297448960;0;0;0;0;0;0;0;0;0;0;0;3206;0;0;125;0;72;0;
6107;2481453;1162989568;12066816;1290952704;0;0;0;0;0;0;0;0;0;0;0;1423;0;0;125;0;72;0;
6108;2709440;1162989568;12066816;1290952704;0;0;0;0;0;0;0;0;0;0;0;1903;0;0;125;0;72;0;
6109;2534041;1162989568;12066816;1290952704;0;0;0;0;0;0;0;0;0;0;0;1473;0;0;125;0;72;0;
6110;2364454;1162989568;12066816;1290952704;0;0;0;0;0;0;0;0;0;0;0;1714;0;0;125;0;72;0;
6111;6417063;1165619200;18563072;1297448960;0;0;0;0;0;0;0;0;0;0;0;2575;0;0;125;0;72;0;
6112;4247935;1165619200;18563072;1297448960;0;0;0;0;0;0;0;0;0;0;0;2695;0;0;125;0;72;0;
6113;2424877;1165619200;18563072;1297448960;0;0;0;0;0;0;0;0;0;0;0;1503;0;0;125;0;72;0;
6114;1892789;1165619200;18563072;1297448960;0;0;0;0;0;0;0;0;0;0;0;1522;0;0;125;0;72;0;
6115;3701531;1165619200;18563072;1297448960;0;0;0;0;0;0;0;0;0;0;0;1743;0;0;125;0;72;0;
6116;2143238;1165619200;18563072;1297448960;0;0;0;0;0;0;0;0;0;0;0;1723;0;0;125;0;72;0;
6117;5913208;1165619200;18563072;1297448960;0;0;0;0;0;0;0;0;0;0;0;1413;0;0;125;0;72;0;
6118;3912195;1165619200;18563072;1297448960;0;0;0;0;0;0;0;0;0;0;0;3146;0;0;125;0;72;0;
6119;3162781;1165619200;18563072;1297448960;0;0;0;0;0;0;0;0;0;0;0;2394;0;0;125;0;72;0;
6120;2682119;1165619200;18563072;1297448960;0;0;0;0;0;0;0;0;0;0;0;1613;0;0;125;0;72;0;
6121;3534097;1165619200;18563072;1297448960;0;0;0;0;0;0;0;0;0;0;0;1462;0;0;125;0;72;0;
6122;2415429;1165619200;18563072;1297448960;0;0;0;0;0;0;0;0;0;0;0;1523;0;0;125;0;72;0;
6123;6095128;1165619200;18563072;1297448960;0;0;0;0;0;0;0;0;0;0;0;1243;0;0;125;0;72;0;
6124;5234145;1165619200;18563072;1297448960;0;0;0;0;0;0;0;0;0;0;0;317345;0;0;125;0;72;0;
6125;2559509;1165619200;18563072;1297448960;0;0;0;0;0;0;0;0;0;0;0;1874;0;0;125;0;72;0;
6126;2412143;1165619200;18563072;1297448960;0;0;0;0;0;0;0;0;0;0;0;2174;0;0;125;0;72;0;
6127;2462487;1165619200;18563072;1297448960;0;0;0;0;0;0;0;0;0;0;0;1383;0;0;125;0;72;0;
6128;982031;1165619200;18563072;1297448960;0;0;0;0;0;0;0;0;0;0;0;1723;0;0;125;0;72;0;
6129;5869445;1165619200;18563072;1297448960;0;0;0;0;0;0;0;0;0;0;0;2244;0;0;125;0;72;0;
6130;2894006;1165619200;18563072;1297448960;0;0;0;0;0;0;0;0;0;0;0;2304;0;0;125;0;72;0;
6131;2690646;1163010048;12066816;1290952704;0;0;0;0;0;0;0;0;0;0;0;1503;0;0;125;0;72;0;
6132;2323286;1163010048;12066816;1290952704;0;0;0;0;0;0;0;0;0;0;0;2024;0;0;125;0;72;0;
6133;3041894;1163010048;12066816;1290952704;0;0;0;0;0;0;0;0;0;0;0;2194;0;0;125;0;72;0;
6134;2332453;1163010048;12066816;1290952704;0;0;0;0;0;0;0;0;0;0;0;2325;0;0;125;0;72;0;
6135;5665704;1165639680;18563072;1297448960;0;0;0;0;0;0;0;0;0;0;0;1964;0;0;125;0;72;0;
6136;3002680;1165639680;18563072;1297448960;0;0;0;0;0;0;0;0;0;0;0;2735;0;0;125;0;72;0;
6137;2854052;1165639680;18563072;1297448960;0;0;0;0;0;0;0;0;0;0;0;1864;0;0;125;0;72;0;
6138;2516349;1165639680;18563072;1297448960;0;0;0;0;0;0;0;0;0;0;0;1563;0;0;125;0;72;0;
6139;2701405;1165639680;18563072;1297448960;0;0;0;0;0;0;0;0;0;0;0;1623;0;0;125;0;72;0;
6140;1896576;1165639680;18563072;1297448960;0;0;0;0;0;0;0;0;0;0;0;1623;0;0;125;0;72;0;
6141;5763096;1165639680;18563072;1297448960;0;0;0;0;0;0;0;0;0;0;0;1572;0;0;125;0;72;0;
6142;3149626;1165639680;18563072;1297448960;0;0;0;0;0;0;0;0;0;0;0;2063;0;0;125;0;72;0;
6143;2516900;1165639680;18563072;1297448960;0;0;0;0;0;0;0;0;0;0;0;1643;0;0;125;0;72;0;
6144;1409964;1165639680;18563072;1297448960;0;0;0;0;0;0;0;0;0;0;0;1373;0;0;125;0;72;0;
6145;2619001;1165639680;18563072;1297448960;0;0;0;0;0;0;0;0;0;0;0;1543;0;0;125;0;72;0;
6146;1886186;1165639680;18563072;1297448960;0;0;0;0;0;0;0;0;0;0;0;1393;0;0;125;0;72;0;
6147;4919475;1165639680;18563072;1297448960;0;0;0;0;0;0;0;0;0;0;0;1563;0;0;125;0;72;0;
6148;2015168;1165639680;18563072;1297448960;0;0;0;0;0;0;0;0;0;0;0;1923;0;0;125;0;72;0;
6149;2273914;1165639680;18563072;1297448960;0;0;0;0;0;0;0;0;0;0;0;1473;0;0;125;0;72;0;
6150;2274976;1165639680;18563072;1297448960;0;0;0;0;0;0;0;0;0;0;0;1463;0;0;125;0;72;0;
6151;2139942;1165639680;18563072;1297448960;0;0;0;0;0;0;0;0;0;0;0;1433;0;0;125;0;72;0;
6152;1842565;1165639680;18563072;1297448960;0;0;0;0;0;0;0;0;0;0;0;1503;0;0;125;0;72;0;
6153;4337433;1165639680;18563072;1297448960;0;0;0;0;0;0;0;0;0;0;0;1442;0;0;125;0;72;0;
6154;2188674;1165639680;18563072;1297448960;0;0;0;0;0;0;0;0;0;0;0;2074;0;0;125;0;72;0;
6155;2872126;1163030528;12066816;1290952704;0;0;0;0;0;0;0;0;0;0;0;1442;0;0;125;0;72;0;
6156;2323045;1163030528;12066816;1290952704;0;0;0;0;0;0;0;0;0;0;0;1492;0;0;125;0;72;0;
6157;2546575;1163030528;12066816;1290952704;0;0;0;0;0;0;0;0;0;0;0;1513;0;0;125;0;72;0;
6158;1670132;1163030528;12066816;1290952704;0;0;0;0;0;0;0;0;0;0;0;1834;0;0;125;0;72;0;
6159;5091277;1165660160;18563072;1297448960;0;0;0;0;0;0;0;0;0;0;0;1774;0;0;125;0;72;0;
6160;3054817;1165660160;18563072;1297448960;0;0;0;0;0;0;0;0;0;0;0;2214;0;0;125;0;72;0;
6161;2695795;1165660160;18563072;1297448960;0;0;0;0;0;0;0;0;0;0;0;1593;0;0;125;0;72;0;
6162;2010940;1165660160;18563072;1297448960;0;0;0;0;0;0;0;0;0;0;0;1864;0;0;125;0;72;0;
6163;2680967;1165660160;18563072;1297448960;0;0;0;0;0;0;0;0;0;0;0;1272;0;0;125;0;72;0;
6164;1933405;1165660160;18563072;1297448960;0;0;0;0;0;0;0;0;0;0;0;1723;0;0;125;0;72;0;
6165;4706955;1165660160;18563072;1297448960;0;0;0;0;0;0;0;0;0;0;0;1403;0;0;125;0;72;0;
6166;1847744;1165660160;18563072;1297448960;0;0;0;0;0;0;0;0;0;0;0;1513;0;0;125;0;72;0;
6167;2433924;1165660160;18563072;1297448960;0;0;0;0;0;0;0;0;0;0;0;1473;0;0;125;0;72;0;
6168;2058059;1165660160;18563072;1297448960;0;0;0;0;0;0;0;0;0;0;0;1442;0;0;125;0;72;0;
6169;2540954;1165660160;18563072;1297448960;0;0;0;0;0;0;0;0;0;0;0;1392;0;0;125;0;72;0;
6170;1632942;1165660160;18563072;1297448960;0;0;0;0;0;0;0;0;0;0;0;1433;0;0;125;0;72;0;
6171;4619672;1165660160;18563072;1297448960;0;0;0;0;0;0;0;0;0;0;0;1482;0;0;125;0;72;0;
6172;2010059;1165660160;18563072;1297448960;0;0;0;0;0;0;0;0;0;0;0;1473;0;0;125;0;72;0;
6173;2331522;1165774848;18558976;1297444864;0;0;0;0;0;0;0;0;0;0;0;1453;0;0;125;0;72;0;
6174;1657398;1165774848;18558976;1297444864;0;0;0;0;0;0;0;0;0;0;0;1433;0;0;125;0;72;0;
6175;2474300;1165774848;18558976;1297444864;0;0;0;0;0;0;0;0;0;0;0;1393;0;0;125;0;72;0;
6176;1868023;1165774848;18558976;1297444864;0;0;0;0;0;0;0;0;0;0;0;1493;0;0;125;0;72;0;
6177;4156894;1165774848;18558976;1297444864;0;0;0;0;0;0;0;0;0;0;0;1452;0;0;125;0;72;0;
6178;2328827;1165774848;18558976;1297444864;0;0;0;0;0;0;0;0;0;0;0;1553;0;0;125;0;72;0;
6179;2686858;1163046912;12062720;1290948608;0;0;0;0;0;0;0;0;0;0;0;1472;0;0;125;0;72;0;
6180;1525571;1163046912;12062720;1290948608;0;0;0;0;0;0;0;0;0;0;0;1503;0;0;125;0;72;0;
6181;2407023;1163046912;12062720;1290948608;0;0;0;0;0;0;0;0;0;0;0;1462;0;0;125;0;72;0;
6182;1794454;1163046912;12062720;1290948608;0;0;0;0;0;0;0;0;0;0;0;1493;0;0;125;0;72;0;
6183;5105524;1165676544;18558976;1297444864;0;0;0;0;0;0;0;0;0;0;0;1462;0;0;125;0;72;0;
6184;2225694;1165676544;18563072;1297448960;0;0;0;0;0;0;0;0;0;0;0;1623;0;0;125;0;72;0;
6185;2144040;1165676544;18563072;1297448960;0;0;0;0;0;0;0;0;0;0;0;1553;0;0;125;0;72;0;
6186;1567920;1165676544;18563072;1297448960;0;0;0;0;0;0;0;0;0;0;0;1453;0;0;125;0;72;0;
6187;2398548;1165676544;18563072;1297448960;0;0;0;0;0;0;0;0;0;0;0;1412;0;0;125;0;72;0;
6188;1689127;1165676544;18563072;1297448960;0;0;0;0;0;0;0;0;0;0;0;1713;0;0;125;0;72;0;
6189;4568596;1165676544;18563072;1297448960;0;0;0;0;0;0;0;0;0;0;0;1533;0;0;125;0;72;0;
6190;2473788;1165676544;18563072;1297448960;0;0;0;0;0;0;0;0;0;0;0;1553;0;0;125;0;72;0;
6191;2272771;1165676544;18563072;1297448960;0;0;0;0;0;0;0;0;0;0;0;1493;0;0;125;0;72;0;
6192;764544;1165676544;18563072;1297448960;0;0;0;0;0;0;0;0;0;0;0;1453;0;0;125;0;72;0;
6193;1380328;1165676544;18563072;1297448960;0;0;0;0;0;0;0;0;0;0;0;1553;0;0;125;0;72;0;
6194;2063950;1165676544;18563072;1297448960;0;0;0;0;0;0;0;0;0;0;0;1563;0;0;125;0;72;0;
6195;4017062;1165676544;18563072;1297448960;0;0;0;0;0;0;0;0;0;0;0;1402;0;0;125;0;72;0;
6196;2332043;1165676544;18563072;1297448960;0;0;0;0;0;0;0;0;0;0;0;1693;0;0;125;0;72;0;
6197;2644268;1165795328;18558976;1297444864;0;0;0;0;0;0;0;0;0;0;0;1423;0;0;125;0;72;0;
6198;1248781;1165795328;18558976;1297444864;0;0;0;0;0;0;0;0;0;0;0;1473;0;0;125;0;72;0;
6199;2748664;1165795328;18558976;1297444864;0;0;0;0;0;0;0;0;0;0;0;1492;0;0;125;0;72;0;
6200;1462472;1165795328;18558976;1297444864;0;0;0;0;0;0;0;0;0;0;0;1483;0;0;125;0;72;0;
6201;4965571;1165795328;18558976;1297444864;0;0;0;0;0;0;0;0;0;0;0;1743;0;0;125;0;72;0;
6202;2676739;1165795328;18563072;1297448960;0;0;0;0;0;0;0;0;0;0;0;1583;0;0;125;0;72;0;
6203;2690404;1163071488;12066816;1290952704;0;0;0;0;0;0;0;0;0;0;0;1423;0;0;125;0;72;0;
6204;1832466;1163071488;12066816;1290952704;0;0;0;0;0;0;0;0;0;0;0;1433;0;0;125;0;72;0;
6205;2214332;1163071488;12066816;1290952704;0;0;0;0;0;0;0;0;0;0;0;1493;0;0;125;0;72;0;
6206;1676684;1163071488;12066816;1290952704;0;0;0;0;0;0;0;0;0;0;0;1473;0;0;125;0;72;0;
6207;5226290;1165701120;18563072;1297448960;0;0;0;0;0;0;0;0;0;0;0;1452;0;0;125;0;72;0;
6208;3152211;1165701120;18563072;1297448960;0;0;0;0;0;0;0;0;0;0;0;1673;0;0;125;0;72;0;
6209;2360296;1165701120;18563072;1297448960;0;0;0;0;0;0;0;0;0;0;0;1423;0;0;125;0;72;0;
6210;2160702;1165701120;18563072;1297448960;0;0;0;0;0;0;0;0;0;0;0;1442;0;0;125;0;72;0;
6211;2470071;1165701120;18563072;1297448960;0;0;0;0;0;0;0;0;0;0;0;1543;0;0;125;0;72;0;
6212;1502077;1165701120;18563072;1297448960;0;0;0;0;0;0;0;0;0;0;0;1483;0;0;125;0;72;0;
6213;5266305;1165701120;18563072;1297448960;0;0;0;0;0;0;0;0;0;0;0;1483;0;0;125;0;72;0;
6214;2257593;1165701120;18563072;1297448960;0;0;0;0;0;0;0;0;0;0;0;1623;0;0;125;0;72;0;
6215;2693139;1165701120;18563072;1297448960;0;0;0;0;0;0;0;0;0;0;0;1533;0;0;125;0;72;0;
6216;1991194;1165701120;18563072;1297448960;0;0;0;0;0;0;0;0;0;0;0;1664;0;0;125;0;72;0;
6217;2052949;1165701120;18563072;1297448960;0;0;0;0;0;0;0;0;0;0;0;1453;0;0;125;0;72;0;
6218;1447193;1165701120;18563072;1297448960;0;0;0;0;0;0;0;0;0;0;0;1443;0;0;125;0;72;0;
6219;5360752;1165701120;18563072;1297448960;0;0;0;0;0;0;0;0;0;0;0;1493;0;0;125;0;72;0;
6220;3342156;1165701120;18563072;1297448960;0;0;0;0;0;0;0;0;0;0;0;1994;0;0;125;0;72;0;
6221;2442429;1165701120;18563072;1297448960;0;0;0;0;0;0;0;0;0;0;0;1373;0;0;125;0;72;0;
6222;2609964;1165701120;18563072;1297448960;0;0;0;0;0;0;0;0;0;0;0;1713;0;0;125;0;72;0;
6223;2675557;1165701120;18563072;1297448960;0;0;0;0;0;0;0;0;0;0;0;1593;0;0;125;0;72;0;
6224;2141205;1165701120;18563072;1297448960;0;0;0;0;0;0;0;0;0;0;0;1593;0;0;125;0;72;0;
6225;4874059;1165701120;18563072;1297448960;0;0;0;0;0;0;0;0;0;0;0;1463;0;0;125;0;72;0;
6226;3639995;1165701120;18563072;1297448960;0;0;0;0;0;0;0;0;0;0;0;2565;0;0;125;0;72;0;
6227;2684814;1163091968;12066816;1290952704;0;0;0;0;0;0;0;0;0;0;0;1563;0;0;125;0;72;0;
6228;2113313;1163091968;12066816;1290952704;0;0;0;0;0;0;0;0;0;0;0;1644;0;0;125;0;72;0;
6229;2771426;1163091968;12066816;1290952704;0;0;0;0;0;0;0;0;0;0;0;1402;0;0;125;0;72;0;
6230;2529743;1163091968;12066816;1290952704;0;0;0;0;0;0;0;0;0;0;0;1272;0;0;125;0;72;0;
6231;4838232;1165721600;18563072;1297448960;0;0;0;0;0;0;0;0;0;0;0;1543;0;0;125;0;72;0;
6232;2009859;1165721600;18563072;1297448960;0;0;0;0;0;0;0;0;0;0;0;1553;0;0;125;0;72;0;
6233;1724363;1165721600;18563072;1297448960;0;0;0;0;0;0;0;0;0;0;0;1412;0;0;125;0;72;0;
6234;2277841;1165721600;18563072;1297448960;0;0;0;0;0;0;0;0;0;0;0;8306;0;0;125;0;72;0;
6235;2491883;1165721600;18563072;1297448960;0;0;0;0;0;0;0;0;0;0;0;1493;0;0;125;0;72;0;
6236;1480476;1165721600;18563072;1297448960;0;0;0;0;0;0;0;0;0;0;0;1493;0;0;125;0;72;0;
6237;5034109;1165721600;18563072;1297448960;0;0;0;0;0;0;0;0;0;0;0;1463;0;0;125;0;72;0;
6238;2607600;1165721600;18563072;1297448960;0;0;0;0;0;0;0;0;0;0;0;1383;0;0;125;0;72;0;
6239;2158077;1165721600;18563072;1297448960;0;0;0;0;0;0;0;0;0;0;0;1493;0;0;125;0;72;0;
6240;2002495;1165721600;18563072;1297448960;0;0;0;0;0;0;0;0;0;0;0;1423;0;0;125;0;72;0;
6241;1645285;1165721600;18563072;1297448960;0;0;0;0;0;0;0;0;0;0;0;1503;0;0;125;0;72;0;
6242;1449828;1165721600;18563072;1297448960;0;0;0;0;0;0;0;0;0;0;0;1412;0;0;125;0;72;0;
6243;4777999;1165721600;18563072;1297448960;0;0;0;0;0;0;0;0;0;0;0;1533;0;0;125;0;72;0;
6244;2918142;1165721600;18563072;1297448960;0;0;0;0;0;0;0;0;0;0;0;1292;0;0;125;0;72;0;
6245;2415209;1165721600;18563072;1297448960;0;0;0;0;0;0;0;0;0;0;0;1513;0;0;125;0;72;0;
6246;1718963;1165721600;18563072;1297448960;0;0;0;0;0;0;0;0;0;0;0;1433;0;0;125;0;72;0;
6247;2667682;1165721600;18563072;1297448960;0;0;0;0;0;0;0;0;0;0;0;1483;0;0;125;0;72;0;
6248;2196589;1165721600;18563072;1297448960;0;0;0;0;0;0;0;0;0;0;0;1593;0;0;125;0;72;0;
6249;5157651;1165721600;18563072;1297448960;0;0;0;0;0;0;0;0;0;0;0;1262;0;0;125;0;72;0;
6250;2910637;1165721600;18563072;1297448960;0;0;0;0;0;0;0;0;0;0;0;1733;0;0;125;0;72;0;
6251;1962710;1163112448;12066816;1290952704;0;0;0;0;0;0;0;0;0;0;0;1463;0;0;125;0;72;0;
6252;1759028;1163112448;12066816;1290952704;0;0;0;0;0;0;0;0;0;0;0;1433;0;0;125;0;72;0;
6253;2653976;1163112448;12066816;1290952704;0;0;0;0;0;0;0;0;0;0;0;1233;0;0;125;0;72;0;
6254;2251873;1163112448;12066816;1290952704;0;0;0;0;0;0;0;0;0;0;0;1293;0;0;125;0;72;0;
6255;5699748;1165742080;18563072;1297448960;0;0;0;0;0;0;0;0;0;0;0;1603;0;0;125;0;72;0;
6256;3429971;1165742080;18563072;1297448960;0;0;0;0;0;0;0;0;0;0;0;1934;0;0;125;0;72;0;
6257;2483256;1165742080;18563072;1297448960;0;0;0;0;0;0;0;0;0;0;0;1542;0;0;125;0;72;0;
6258;2115066;1165742080;18563072;1297448960;0;0;0;0;0;0;0;0;0;0;0;1604;0;0;125;0;72;0;
6259;2293290;1165742080;18563072;1297448960;0;0;0;0;0;0;0;0;0;0;0;1523;0;0;125;0;72;0;
6260;1959314;1165742080;18563072;1297448960;0;0;0;0;0;0;0;0;0;0;0;1533;0;0;125;0;72;0;
6261;4832702;1165742080;18563072;1297448960;0;0;0;0;0;0;0;0;0;0;0;1663;0;0;125;0;72;0;
6262;2456937;1165742080;18563072;1297448960;0;0;0;0;0;0;0;0;0;0;0;2324;0;0;125;0;72;0;
6263;1968190;1165742080;18563072;1297448960;0;0;0;0;0;0;0;0;0;0;0;1643;0;0;125;0;72;0;
6264;1685140;1165742080;18563072;1297448960;0;0;0;0;0;0;0;0;0;0;0;23213;0;0;125;0;72;0;
6265;2261340;1165742080;18563072;1297448960;0;0;0;0;0;0;0;0;0;0;0;1492;0;0;125;0;72;0;
6266;1379757;1165742080;18563072;1297448960;0;0;0;0;0;0;0;0;0;0;0;1412;0;0;125;0;72;0;
6267;4815349;1165742080;18563072;1297448960;0;0;0;0;0;0;0;0;0;0;0;1473;0;0;125;0;72;0;
6268;2510848;1165742080;18563072;1297448960;0;0;0;0;0;0;0;0;0;0;0;1903;0;0;125;0;72;0;
6269;1971938;1165856768;18558976;1297444864;0;0;0;0;0;0;0;0;0;0;0;1603;0;0;125;0;72;0;
6270;1520511;1165856768;18558976;1297444864;0;0;0;0;0;0;0;0;0;0;0;1493;0;0;125;0;72;0;
6271;3001858;1165856768;18558976;1297444864;0;0;0;0;0;0;0;0;0;0;0;1593;0;0;125;0;72;0;
6272;1639134;1165856768;18558976;1297444864;0;0;0;0;0;0;0;0;0;0;0;1583;0;0;125;0;72;0;
6273;5103660;1165856768;18558976;1297444864;0;0;0;0;0;0;0;0;0;0;0;1433;0;0;125;0;72;0;
6274;1984340;1165856768;18558976;1297444864;0;0;0;0;0;0;0;0;0;0;0;1683;0;0;125;0;72;0;
6275;2309430;1163132928;12062720;1290948608;0;0;0;0;0;0;0;0;0;0;0;1523;0;0;125;0;72;0;
6276;1812127;1163132928;12062720;1290948608;0;0;0;0;0;0;0;0;0;0;0;1442;0;0;125;0;72;0;
6277;1785718;1163132928;12062720;1290948608;0;0;0;0;0;0;0;0;0;0;0;1532;0;0;125;0;72;0;
6278;1700569;1163132928;12062720;1290948608;0;0;0;0;0;0;0;0;0;0;0;1472;0;0;125;0;72;0;
6279;5516424;1165762560;18558976;1297444864;0;0;0;0;0;0;0;0;0;0;0;1623;0;0;125;0;72;0;
6280;2597170;1165762560;18563072;1297448960;0;0;0;0;0;0;0;0;0;0;0;1603;0;0;125;0;72;0;
6281;8156264;1165762560;18563072;1297448960;0;0;0;0;0;0;0;0;0;0;0;1422;0;0;125;0;72;0;
6282;1855019;1165762560;18563072;1297448960;0;0;0;0;0;0;0;0;0;0;0;1673;0;0;125;0;72;0;
6283;2109625;1165762560;18563072;1297448960;0;0;0;0;0;0;0;0;0;0;0;1492;0;0;125;0;72;0;
6284;2427732;1165762560;18563072;1297448960;0;0;0;0;0;0;0;0;0;0;0;1593;0;0;125;0;72;0;
6285;5039078;1165762560;18563072;1297448960;0;0;0;0;0;0;0;0;0;0;0;1442;0;0;125;0;72;0;
6286;2848682;1165762560;18563072;1297448960;0;0;0;0;0;0;0;0;0;0;0;2174;0;0;125;0;72;0;
6287;2791033;1165762560;18563072;1297448960;0;0;0;0;0;0;0;0;0;0;0;1893;0;0;125;0;72;0;
6288;2063278;1165762560;18563072;1297448960;0;0;0;0;0;0;0;0;0;0;0;1823;0;0;125;0;72;0;
6289;2354726;1165762560;18563072;1297448960;0;0;0;0;0;0;0;0;0;0;0;1363;0;0;125;0;72;0;
6290;2426880;1165762560;18563072;1297448960;0;0;0;0;0;0;0;0;0;0;0;2004;0;0;125;0;72;0;
6291;5253862;1165762560;18563072;1297448960;0;0;0;0;0;0;0;0;0;0;0;1973;0;0;125;0;72;0;
6292;3672306;1165762560;18563072;1297448960;0;0;0;0;0;0;0;0;0;0;0;3266;0;0;125;0;72;0;
6293;3416376;1165762560;18563072;1297448960;0;0;0;0;0;0;0;0;0;0;0;2004;0;0;125;0;72;0;
6294;2151865;1165762560;18563072;1297448960;0;0;0;0;0;0;0;0;0;0;0;2054;0;0;125;0;72;0;
6295;2721533;1165762560;18563072;1297448960;0;0;0;0;0;0;0;0;0;0;0;1573;0;0;125;0;72;0;
6296;2329908;1165762560;18563072;1297448960;0;0;0;0;0;0;0;0;0;0;0;1703;0;0;125;0;72;0;
6297;5790387;1165762560;18563072;1297448960;0;0;0;0;0;0;0;0;0;0;0;1413;0;0;125;0;72;0;
6298;3932874;1165762560;18563072;1297448960;0;0;0;0;0;0;0;0;0;0;0;3807;0;0;125;0;72;0;
6299;3258700;1163153408;12066816;1290952704;0;0;0;0;0;0;0;0;0;0;0;1623;0;0;125;0;72;0;
6300;1991424;1163153408;12066816;1290952704;0;0;0;0;0;0;0;0;0;0;0;128792;0;0;125;0;72;0;
6301;3702993;1165783040;18563072;1297448960;0;0;0;0;0;0;0;0;0;0;0;1974;0;0;125;0;72;0;
6302;2343955;1165783040;18563072;1297448960;0;0;0;0;0;0;0;0;0;0;0;1433;0;0;125;0;72;0;
6303;5789025;1165783040;18563072;1297448960;0;0;0;0;0;0;0;0;0;0;0;1533;0;0;125;0;72;0;
6304;3304065;1165783040;18563072;1297448960;0;0;0;0;0;0;0;0;0;0;0;2455;0;0;125;0;72;0;
6305;3397240;1167880192;18563072;1297448960;0;0;0;0;0;0;0;0;0;0;0;1783;0;0;125;0;72;0;
6306;2220513;1167880192;18563072;1297448960;0;0;0;0;0;0;0;0;0;0;0;1583;0;0;125;0;72;0;
6307;2763972;1167880192;18563072;1297448960;0;0;0;0;0;0;0;0;0;0;0;1483;0;0;125;0;72;0;
6308;1345422;1167880192;18563072;1297448960;0;0;0;0;0;0;0;0;0;0;0;1272;0;0;125;0;72;0;
6309;5321407;1168416768;18563072;1297448960;0;0;0;0;0;0;0;0;0;0;0;1462;0;0;125;0;72;0;
6310;2582372;1168416768;18563072;1297448960;0;0;0;0;0;0;0;0;0;0;0;2154;0;0;125;0;72;0;
6311;2825498;1168416768;18563072;1297448960;0;0;0;0;0;0;0;0;0;0;0;1763;0;0;125;0;72;0;
6312;2953598;1168416768;18563072;1297448960;0;0;0;0;0;0;0;0;0;0;0;1803;0;0;125;0;72;0;
6313;2857848;1168416768;18563072;1297448960;0;0;0;0;0;0;0;0;0;0;0;2094;0;0;125;0;72;0;
6314;2515827;1168416768;18563072;1297448960;0;0;0;0;0;0;0;0;0;0;0;1883;0;0;125;0;72;0;
6315;5684559;1168416768;18563072;1297448960;0;0;0;0;0;0;0;0;0;0;0;1643;0;0;125;0;72;0;
6316;3183309;1168416768;18563072;1297448960;0;0;0;0;0;0;0;0;0;0;0;2064;0;0;125;0;72;0;
6317;3209438;1163173888;13156352;1292042240;0;0;0;0;0;0;0;0;0;0;0;1392;0;0;125;0;72;0;
6318;1750232;1163173888;13156352;1292042240;0;0;0;0;0;0;0;0;0;0;0;1593;0;0;125;0;72;0;
6319;2995546;1163173888;13156352;1292042240;0;0;0;0;0;0;0;0;0;0;0;1482;0;0;125;0;72;0;
6320;2459812;1163173888;13156352;1292042240;0;0;0;0;0;0;0;0;0;0;0;1813;0;0;125;0;72;0;
6321;5238372;1163173888;13156352;1292042240;0;0;0;0;0;0;0;0;0;0;0;2024;0;0;125;0;72;0;
6322;2956483;1163173888;13156352;1292042240;0;0;0;0;0;0;0;0;0;0;0;2214;0;0;125;0;72;0;
6323;3096756;1163173888;13156352;1292042240;0;0;0;0;0;0;0;0;0;0;0;1503;0;0;125;0;72;0;
6324;2621676;1163173888;13156352;1292042240;0;0;0;0;0;0;0;0;0;0;0;1733;0;0;125;0;72;0;
6325;2511269;1163173888;13156352;1292042240;0;0;0;0;0;0;0;0;0;0;0;1503;0;0;125;0;72;0;
6326;2156063;1163173888;13156352;1292042240;0;0;0;0;0;0;0;0;0;0;0;1573;0;0;125;0;72;0;
6327;4987362;1165803520;18563072;1297448960;0;0;0;0;0;0;0;0;0;0;0;1713;0;0;125;0;72;0;
6328;2781115;1165803520;18563072;1297448960;0;0;0;0;0;0;0;0;0;0;0;2034;0;0;125;0;72;0;
6329;2573646;1167900672;18563072;1297448960;0;0;0;0;0;0;0;0;0;0;0;1894;0;0;125;0;72;0;
6330;2440205;1167900672;18563072;1297448960;0;0;0;0;0;0;0;0;0;0;0;1593;0;0;125;0;72;0;
6331;2086923;1167900672;18563072;1297448960;0;0;0;0;0;0;0;0;0;0;0;1723;0;0;125;0;72;0;
6332;2369884;1167900672;18563072;1297448960;0;0;0;0;0;0;0;0;0;0;0;1733;0;0;125;0;72;0;
6333;5643391;1167900672;18563072;1297448960;0;0;0;0;0;0;0;0;0;0;0;1513;0;0;125;0;72;0;
6334;2507853;1167900672;18563072;1297448960;0;0;0;0;0;0;0;0;0;0;0;2324;0;0;125;0;72;0;
6335;2331772;1167900672;18563072;1297448960;0;0;0;0;0;0;0;0;0;0;0;1412;0;0;125;0;72;0;
6336;2099206;1167900672;18563072;1297448960;0;0;0;0;0;0;0;0;0;0;0;1623;0;0;125;0;72;0;
6337;2963357;1167900672;18563072;1297448960;0;0;0;0;0;0;0;0;0;0;0;1372;0;0;125;0;72;0;
6338;2681107;1167900672;18563072;1297448960;0;0;0;0;0;0;0;0;0;0;0;1733;0;0;125;0;72;0;
6339;5462783;1167900672;18563072;1297448960;0;0;0;0;0;0;0;0;0;0;0;2044;0;0;125;0;72;0;
6340;3692404;1167900672;18563072;1297448960;0;0;0;0;0;0;0;0;0;0;0;2515;0;0;125;0;72;0;
6341;2567945;1167900672;18563072;1297448960;0;0;0;0;0;0;0;0;0;0;0;1423;0;0;125;0;72;0;
6342;1913167;1167900672;18563072;1297448960;0;0;0;0;0;0;0;0;0;0;0;1493;0;0;125;0;72;0;
6343;2979266;1167900672;18563072;1297448960;0;0;0;0;0;0;0;0;0;0;0;1553;0;0;125;0;72;0;
6344;2617467;1167900672;18563072;1297448960;0;0;0;0;0;0;0;0;0;0;0;31619;0;0;125;0;72;0;
6345;5607214;1167900672;18563072;1297448960;0;0;0;0;0;0;0;0;0;0;0;1533;0;0;125;0;72;0;
6346;3920341;1167900672;18563072;1297448960;0;0;0;0;0;0;0;0;0;0;0;57017;0;0;125;0;72;0;
6347;2835166;1167900672;18563072;1297448960;0;0;0;0;0;0;0;0;0;0;0;1964;0;0;125;0;72;0;
6348;1776050;1167900672;18563072;1297448960;0;0;0;0;0;0;0;0;0;0;0;1733;0;0;125;0;72;0;
6349;2396814;1167900672;18563072;1297448960;0;0;0;0;0;0;0;0;0;0;0;1563;0;0;125;0;72;0;
6350;2245801;1167900672;18563072;1297448960;0;0;0;0;0;0;0;0;0;0;0;1362;0;0;125;0;72;0;
6351;5630588;1167900672;18563072;1297448960;0;0;0;0;0;0;0;0;0;0;0;1382;0;0;125;0;72;0;
6352;3983629;1167900672;18563072;1297448960;0;0;0;0;0;0;0;0;0;0;0;2044;0;0;125;0;72;0;
6353;2138229;1167900672;18563072;1297448960;0;0;0;0;0;0;0;0;0;0;0;1453;0;0;125;0;72;0;
6354;1455569;1167900672;18563072;1297448960;0;0;0;0;0;0;0;0;0;0;0;1593;0;0;125;0;72;0;
6355;2272992;1167900672;18563072;1297448960;0;0;0;0;0;0;0;0;0;0;0;1694;0;0;125;0;72;0;
6356;3736195;1167900672;18563072;1297448960;0;0;0;0;0;0;0;0;0;0;0;1633;0;0;125;0;72;0;
6357;5139257;1167900672;18563072;1297448960;0;0;0;0;0;0;0;0;0;0;0;1413;0;0;125;0;72;0;
6358;3215339;1167900672;18563072;1297448960;0;0;0;0;0;0;0;0;0;0;0;2144;0;0;125;0;72;0;
6359;2782167;1163214848;13156352;1292042240;0;0;0;0;0;0;0;0;0;0;0;1683;0;0;125;0;72;0;
6360;1871879;1163214848;13156352;1292042240;0;0;0;0;0;0;0;0;0;0;0;1483;0;0;125;0;72;0;
6361;3125841;1163214848;13156352;1292042240;0;0;0;0;0;0;0;0;0;0;0;2675;0;0;125;0;73;0;
6362;1702472;1163214848;13156352;1292042240;0;0;0;0;0;0;0;0;0;0;0;1713;0;0;125;0;73;0;
6363;5384627;1163214848;13156352;1292042240;0;0;0;0;0;0;0;0;0;0;0;1423;0;0;125;0;73;0;
6364;2385352;1163214848;13156352;1292042240;0;0;0;0;0;0;0;0;0;0;0;2485;0;0;125;0;73;0;
6365;1944476;1163214848;13156352;1292042240;0;0;0;0;0;0;0;0;0;0;0;1443;0;0;125;0;73;0;
6366;1539086;1163214848;13156352;1292042240;0;0;0;0;0;0;0;0;0;0;0;1393;0;0;125;0;73;0;
6367;2216426;1163214848;13156352;1292042240;0;0;0;0;0;0;0;0;0;0;0;1583;0;0;125;0;73;0;
6368;1535299;1163214848;13156352;1292042240;0;0;0;0;0;0;0;0;0;0;0;1653;0;0;125;0;73;0;
6369;5435031;1165844480;18563072;1297448960;0;0;0;0;0;0;0;0;0;0;0;1783;0;0;125;0;73;0;
6370;2374121;1165844480;18563072;1297448960;0;0;0;0;0;0;0;0;0;0;0;1944;0;0;125;0;73;0;
6371;2402876;1167941632;18563072;1297448960;0;0;0;0;0;0;0;0;0;0;0;1573;0;0;125;0;73;0;
6372;1863995;1167941632;18563072;1297448960;0;0;0;0;0;0;0;0;0;0;0;1543;0;0;125;0;73;0;
6373;2408276;1167941632;18563072;1297448960;0;0;0;0;0;0;0;0;0;0;0;1573;0;0;125;0;73;0;
6374;1627812;1167941632;18563072;1297448960;0;0;0;0;0;0;0;0;0;0;0;1793;0;0;125;0;73;0;
6375;5438147;1167941632;18563072;1297448960;0;0;0;0;0;0;0;0;0;0;0;1784;0;0;125;0;73;0;
6376;3793593;1167941632;18563072;1297448960;0;0;0;0;0;0;0;0;0;0;0;2344;0;0;125;0;73;0;
6377;2464832;1167941632;18563072;1297448960;0;0;0;0;0;0;0;0;0;0;0;1873;0;0;125;0;73;0;
6378;2167013;1167941632;18563072;1297448960;0;0;0;0;0;0;0;0;0;0;0;1613;0;0;125;0;73;0;
6379;2481513;1167941632;18563072;1297448960;0;0;0;0;0;0;0;0;0;0;0;1663;0;0;125;0;73;0;
6380;1589911;1167941632;18563072;1297448960;0;0;0;0;0;0;0;0;0;0;0;1472;0;0;125;0;73;0;
6381;4825859;1167941632;18563072;1297448960;0;0;0;0;0;0;0;0;0;0;0;1433;0;0;125;0;73;0;
6382;2769132;1167941632;18563072;1297448960;0;0;0;0;0;0;0;0;0;0;0;2154;0;0;125;0;73;0;
6383;3027487;1167941632;18563072;1297448960;0;0;0;0;0;0;0;0;0;0;0;1823;0;0;125;0;73;0;
6384;1299898;1167941632;18563072;1297448960;0;0;0;0;0;0;0;0;0;0;0;1583;0;0;125;0;73;0;
6385;2335779;1167941632;18563072;1297448960;0;0;0;0;0;0;0;0;0;0;0;1522;0;0;125;0;73;0;
6386;2057979;1167941632;18563072;1297448960;0;0;0;0;0;0;0;0;0;0;0;1713;0;0;125;0;73;0;
6387;4349385;1167941632;18563072;1297448960;0;0;0;0;0;0;0;0;0;0;0;1443;0;0;125;0;73;0;
6388;2956213;1167941632;18563072;1297448960;0;0;0;0;0;0;0;0;0;0;0;1793;0;0;125;0;73;0;
6389;2845345;1163235328;13156352;1292042240;0;0;0;0;0;0;0;0;0;0;0;1462;0;0;125;0;73;0;
6390;1741976;1163235328;13156352;1292042240;0;0;0;0;0;0;0;0;0;0;0;1513;0;0;125;0;73;0;
6391;2603361;1163235328;13156352;1292042240;0;0;0;0;0;0;0;0;0;0;0;2505;0;0;125;0;75;0;
6392;2300072;1163235328;13156352;1292042240;0;0;0;0;0;0;0;0;0;0;0;131607;0;0;125;0;75;0;
6393;5410665;1165864960;18563072;1297448960;0;0;0;0;0;0;0;0;0;0;0;1503;0;0;125;0;75;0;
6394;3341486;1165864960;18563072;1297448960;0;0;0;0;0;0;0;0;0;0;0;1713;0;0;125;0;75;0;
6395;3232992;1167962112;18563072;1297448960;0;0;0;0;0;0;0;0;0;0;0;1663;0;0;125;0;75;0;
6396;2233167;1167962112;18563072;1297448960;0;0;0;0;0;0;0;0;0;0;0;1954;0;0;125;0;75;0;
6397;3303093;1167962112;18563072;1297448960;0;0;0;0;0;0;0;0;0;0;0;1834;0;0;125;0;75;0;
6398;2079810;1167962112;18563072;1297448960;0;0;0;0;0;0;0;0;0;0;0;1563;0;0;125;0;75;0;
6399;5461671;1167962112;18563072;1297448960;0;0;0;0;0;0;0;0;0;0;0;1462;0;0;125;0;75;0;
6400;3921624;1167962112;18563072;1297448960;0;0;0;0;0;0;0;0;0;0;0;1714;0;0;125;0;75;0;
6401;2468299;1167962112;18563072;1297448960;0;0;0;0;0;0;0;0;0;0;0;1643;0;0;125;0;75;0;
6402;1583940;1167962112;18563072;1297448960;0;0;0;0;0;0;0;0;0;0;0;1273;0;0;125;0;75;0;
6403;2398668;1167962112;18563072;1297448960;0;0;0;0;0;0;0;0;0;0;0;1443;0;0;125;0;75;0;
6404;1968982;1167962112;18563072;1297448960;0;0;0;0;0;0;0;0;0;0;0;1483;0;0;125;0;75;0;
6405;5537162;1167962112;18563072;1297448960;0;0;0;0;0;0;0;0;0;0;0;1523;0;0;125;0;75;0;
6406;2569999;1167962112;18563072;1297448960;0;0;0;0;0;0;0;0;0;0;0;1433;0;0;125;0;75;0;
6407;2157967;1167962112;18563072;1297448960;0;0;0;0;0;0;0;0;0;0;0;1513;0;0;125;0;75;0;
6408;1922455;1167962112;18563072;1297448960;0;0;0;0;0;0;0;0;0;0;0;1964;0;0;125;0;75;0;
6409;2045886;1167962112;18563072;1297448960;0;0;0;0;0;0;0;0;0;0;0;1573;0;0;125;0;75;0;
6410;1320426;1167962112;18563072;1297448960;0;0;0;0;0;0;0;0;0;0;0;1633;0;0;125;0;75;0;
6411;5901786;1167962112;18563072;1297448960;0;0;0;0;0;0;0;0;0;0;0;83657;0;0;125;0;75;0;
6412;2629179;1167962112;18563072;1297448960;0;0;0;0;0;0;0;0;0;0;0;1553;0;0;125;0;75;0;
6413;2904466;1163264000;13156352;1292042240;0;0;0;0;0;0;0;0;0;0;0;2194;0;0;125;0;78;0;
6414;1854096;1163264000;13156352;1292042240;0;0;0;0;0;0;0;0;0;0;0;1573;0;0;125;0;78;0;
6415;2695905;1163264000;13156352;1292042240;0;0;0;0;0;0;0;0;0;0;0;1573;0;0;125;0;78;0;
6416;1789526;1163264000;13156352;1292042240;0;0;0;0;0;0;0;0;0;0;0;1693;0;0;125;0;78;0;
6417;5957510;1165893632;18563072;1297448960;0;0;0;0;0;0;0;0;0;0;0;1603;0;0;125;0;78;0;
6418;3154124;1165893632;18563072;1297448960;0;0;0;0;0;0;0;0;0;0;0;1844;0;0;125;0;78;0;
6419;3129648;1168195584;18558976;1297444864;0;0;0;0;0;0;0;0;0;0;0;1733;0;0;125;0;78;0;
6420;2417774;1168195584;18558976;1297444864;0;0;0;0;0;0;0;0;0;0;0;1663;0;0;125;0;78;0;
6421;3020484;1168195584;18558976;1297444864;0;0;0;0;0;0;0;0;0;0;0;1633;0;0;125;0;78;0;
6422;2375674;1168195584;18558976;1297444864;0;0;0;0;0;0;0;0;0;0;0;1543;0;0;125;0;78;0;
6423;5508629;1168195584;18558976;1297444864;0;0;0;0;0;0;0;0;0;0;0;1563;0;0;125;0;78;0;
6424;2526717;1168195584;18563072;1297448960;0;0;0;0;0;0;0;0;0;0;0;1803;0;0;125;0;78;0;
6425;2882304;1168195584;18563072;1297448960;0;0;0;0;0;0;0;0;0;0;0;1684;0;0;125;0;78;0;
6426;1696631;1168195584;18563072;1297448960;0;0;0;0;0;0;0;0;0;0;0;1794;0;0;125;0;78;0;
6427;2727965;1168195584;18563072;1297448960;0;0;0;0;0;0;0;0;0;0;0;1643;0;0;125;0;78;0;
6428;2052458;1168195584;18563072;1297448960;0;0;0;0;0;0;0;0;0;0;0;1503;0;0;125;0;78;0;
6429;5242500;1168195584;18563072;1297448960;0;0;0;0;0;0;0;0;0;0;0;1783;0;0;125;0;78;0;
6430;3250204;1168195584;18563072;1297448960;0;0;0;0;0;0;0;0;0;0;0;1683;0;0;125;0;78;0;
6431;2361007;1168195584;18563072;1297448960;0;0;0;0;0;0;0;0;0;0;0;1703;0;0;125;0;78;0;
6432;2321764;1168195584;18563072;1297448960;0;0;0;0;0;0;0;0;0;0;0;1573;0;0;125;0;78;0;
6433;2239730;1168195584;18563072;1297448960;0;0;0;0;0;0;0;0;0;0;0;22702;0;0;125;0;78;0;
6434;2192111;1168195584;18563072;1297448960;0;0;0;0;0;0;0;0;0;0;0;23504;0;0;125;0;78;0;
6435;5295730;1168195584;18563072;1297448960;0;0;0;0;0;0;0;0;0;0;0;2254;0;0;125;0;80;0;
6436;3824531;1168195584;18563072;1297448960;0;0;0;0;0;0;0;0;0;0;0;2515;0;0;125;0;80;0;
6437;2992641;1163284480;13156352;1292042240;0;0;0;0;0;0;0;0;0;0;0;1904;0;0;125;0;80;0;
6438;2090670;1163284480;13156352;1292042240;0;0;0;0;0;0;0;0;0;0;0;2314;0;0;125;0;80;0;
6439;2560040;1163284480;13156352;1292042240;0;0;0;0;0;0;0;0;0;0;0;1783;0;0;125;0;80;0;
6440;1883582;1163284480;13156352;1292042240;0;0;0;0;0;0;0;0;0;0;0;1563;0;0;125;0;80;0;
6441;5942161;1165914112;18563072;1297448960;0;0;0;0;0;0;0;0;0;0;0;1974;0;0;125;0;80;0;
6442;2578725;1165914112;18563072;1297448960;0;0;0;0;0;0;0;0;0;0;0;64812;0;0;125;0;80;0;
6443;2164628;1168011264;18563072;1297448960;0;0;0;0;0;0;0;0;0;0;0;1442;0;0;125;0;80;0;
6444;2148108;1168011264;18563072;1297448960;0;0;0;0;0;0;0;0;0;0;0;2014;0;0;125;0;80;0;
6445;2661210;1168011264;18563072;1297448960;0;0;0;0;0;0;0;0;0;0;0;1643;0;0;125;0;80;0;
6446;1675792;1168011264;18563072;1297448960;0;0;0;0;0;0;0;0;0;0;0;1623;0;0;125;0;80;0;
6447;5199339;1168011264;18563072;1297448960;0;0;0;0;0;0;0;0;0;0;0;1823;0;0;125;0;80;0;
6448;2952426;1168011264;18563072;1297448960;0;0;0;0;0;0;0;0;0;0;0;1653;0;0;125;0;80;0;
6449;2406873;1168011264;18563072;1297448960;0;0;0;0;0;0;0;0;0;0;0;1472;0;0;125;0;80;0;
6450;2772329;1168011264;18563072;1297448960;0;0;0;0;0;0;0;0;0;0;0;1814;0;0;125;0;80;0;
6451;2673894;1168011264;18563072;1297448960;0;0;0;0;0;0;0;0;0;0;0;1734;0;0;125;0;80;0;
6452;2086442;1168011264;18563072;1297448960;0;0;0;0;0;0;0;0;0;0;0;2524;0;0;125;0;80;0;
6453;5602265;1168011264;18563072;1297448960;0;0;0;0;0;0;0;0;0;0;0;2104;0;0;125;0;80;0;
6454;2605856;1168011264;18563072;1297448960;0;0;0;0;0;0;0;0;0;0;0;1603;0;0;125;0;80;0;
6455;2358212;1168011264;18563072;1297448960;0;0;0;0;0;0;0;0;0;0;0;1903;0;0;125;0;80;0;
6456;2265187;1168011264;18563072;1297448960;0;0;0;0;0;0;0;0;0;0;0;1463;0;0;125;0;80;0;
6457;2917250;1168011264;18563072;1297448960;0;0;0;0;0;0;0;0;0;0;0;2665;0;0;125;0;81;0;
6458;2575339;1168011264;18563072;1297448960;0;0;0;0;0;0;0;0;0;0;0;1653;0;0;125;0;81;0;
6459;5030693;1168011264;18563072;1297448960;0;0;0;0;0;0;0;0;0;0;0;1663;0;0;125;0;81;0;
6460;3029230;1168011264;18563072;1297448960;0;0;0;0;0;0;0;0;0;0;0;3086;0;0;125;0;81;0;
6461;3152491;1163304960;13156352;1292042240;0;0;0;0;0;0;0;0;0;0;0;1683;0;0;125;0;81;0;
6462;2427171;1163304960;13156352;1292042240;0;0;0;0;0;0;0;0;0;0;0;1773;0;0;125;0;81;0;
6463;2604193;1163304960;13156352;1292042240;0;0;0;0;0;0;0;0;0;0;0;1603;0;0;125;0;81;0;
6464;2325911;1163304960;13156352;1292042240;0;0;0;0;0;0;0;0;0;0;0;1813;0;0;125;0;81;0;
6465;5814833;1165934592;18563072;1297448960;0;0;0;0;0;0;0;0;0;0;0;2224;0;0;125;0;81;0;
6466;3840962;1165934592;18563072;1297448960;0;0;0;0;0;0;0;0;0;0;0;2465;0;0;125;0;81;0;
6467;3251657;1168031744;18563072;1297448960;0;0;0;0;0;0;0;0;0;0;0;2936;0;0;125;0;81;0;
6468;2327684;1168031744;18563072;1297448960;0;0;0;0;0;0;0;0;0;0;0;1863;0;0;125;0;81;0;
6469;2401663;1168031744;18563072;1297448960;0;0;0;0;0;0;0;0;0;0;0;2144;0;0;125;0;81;0;
6470;2541004;1168031744;18563072;1297448960;0;0;0;0;0;0;0;0;0;0;0;2114;0;0;125;0;81;0;
6471;6050385;1168031744;18563072;1297448960;0;0;0;0;0;0;0;0;0;0;0;2294;0;0;125;0;81;0;
6472;3521123;1168031744;18563072;1297448960;0;0;0;0;0;0;0;0;0;0;0;2776;0;0;125;0;81;0;
6473;3221921;1168031744;18563072;1297448960;0;0;0;0;0;0;0;0;0;0;0;1924;0;0;125;0;81;0;
6474;2133951;1168031744;18563072;1297448960;0;0;0;0;0;0;0;0;0;0;0;1914;0;0;125;0;81;0;
6475;3035872;1168031744;18563072;1297448960;0;0;0;0;0;0;0;0;0;0;0;1603;0;0;125;0;81;0;
6476;2593052;1168031744;18563072;1297448960;0;0;0;0;0;0;0;0;0;0;0;1954;0;0;125;0;81;0;
6477;6326162;1168031744;18563072;1297448960;0;0;0;0;0;0;0;0;0;0;0;2004;0;0;125;0;81;0;
6478;3551940;1168031744;18563072;1297448960;0;0;0;0;0;0;0;0;0;0;0;1953;0;0;125;0;81;0;
6479;3137123;1168031744;18563072;1297448960;0;0;0;0;0;0;0;0;0;0;0;2215;0;0;125;0;81;0;
6480;1733351;1168031744;18563072;1297448960;0;0;0;0;0;0;0;0;0;0;0;1483;0;0;125;0;81;0;
6481;2143740;1168031744;18563072;1297448960;0;0;0;0;0;0;0;0;0;0;0;1563;0;0;125;0;81;0;
6482;2320141;1168031744;18563072;1297448960;0;0;0;0;0;0;0;0;0;0;0;1744;0;0;125;0;81;0;
6483;5285681;1168031744;18563072;1297448960;0;0;0;0;0;0;0;0;0;0;0;1473;0;0;125;0;81;0;
6484;2732544;1168031744;18563072;1297448960;0;0;0;0;0;0;0;0;0;0;0;1714;0;0;125;0;81;0;
6485;2478617;1163325440;13156352;1292042240;0;0;0;0;0;0;0;0;0;0;0;1553;0;0;125;0;81;0;
6486;1912516;1163325440;13156352;1292042240;0;0;0;0;0;0;0;0;0;0;0;2264;0;0;125;0;81;0;
6487;2857948;1163325440;13156352;1292042240;0;0;0;0;0;0;0;0;0;0;0;2204;0;0;125;0;81;0;
6488;2077987;1163325440;13156352;1292042240;0;0;0;0;0;0;0;0;0;0;0;2434;0;0;125;0;81;0;
6489;5610109;1165955072;18563072;1297448960;0;0;0;0;0;0;0;0;0;0;0;1874;0;0;125;0;81;0;
6490;2783088;1165955072;18563072;1297448960;0;0;0;0;0;0;0;0;0;0;0;1913;0;0;125;0;81;0;
6491;3076017;1168052224;18563072;1297448960;0;0;0;0;0;0;0;0;0;0;0;1773;0;0;125;0;81;0;
6492;1755522;1168052224;18563072;1297448960;0;0;0;0;0;0;0;0;0;0;0;1673;0;0;125;0;81;0;
6493;3310116;1168052224;18563072;1297448960;0;0;0;0;0;0;0;0;0;0;0;2184;0;0;125;0;81;0;
6494;2361719;1168052224;18563072;1297448960;0;0;0;0;0;0;0;0;0;0;0;2735;0;0;125;0;82;0;
6495;5228434;1168052224;18563072;1297448960;0;0;0;0;0;0;0;0;0;0;0;1653;0;0;125;0;82;0;
6496;2759134;1168052224;18563072;1297448960;0;0;0;0;0;0;0;0;0;0;0;1754;0;0;125;0;82;0;
6497;2819426;1168052224;18563072;1297448960;0;0;0;0;0;0;0;0;0;0;0;1744;0;0;125;0;82;0;
6498;2434575;1168052224;18563072;1297448960;0;0;0;0;0;0;0;0;0;0;0;1874;0;0;125;0;82;0;
6499;2222628;1168052224;18563072;1297448960;0;0;0;0;0;0;0;0;0;0;0;1763;0;0;125;0;82;0;
6500;1902477;1168052224;18563072;1297448960;0;0;0;0;0;0;0;0;0;0;0;1904;0;0;125;0;82;0;
6501;5298315;1168052224;18563072;1297448960;0;0;0;0;0;0;0;0;0;0;0;1763;0;0;125;0;82;0;
6502;2908874;1168052224;18563072;1297448960;0;0;0;0;0;0;0;0;0;0;0;2766;0;0;125;0;82;0;
6503;3037475;1168052224;18563072;1297448960;0;0;0;0;0;0;0;0;0;0;0;1753;0;0;125;0;82;0;
6504;2244940;1168052224;18563072;1297448960;0;0;0;0;0;0;0;0;0;0;0;1693;0;0;125;0;82;0;
6505;2675747;1168052224;18563072;1297448960;0;0;0;0;0;0;0;0;0;0;0;1754;0;0;125;0;82;0;
6506;2195987;1168052224;18563072;1297448960;0;0;0;0;0;0;0;0;0;0;0;1733;0;0;125;0;82;0;
6507;5434230;1168052224;18563072;1297448960;0;0;0;0;0;0;0;0;0;0;0;1803;0;0;125;0;82;0;
6508;3614959;1168052224;18563072;1297448960;0;0;0;0;0;0;0;0;0;0;0;2615;0;0;125;0;82;0;
6509;2493305;1163345920;13156352;1292042240;0;0;0;0;0;0;0;0;0;0;0;1783;0;0;125;0;82;0;
6510;1911765;1163345920;13156352;1292042240;0;0;0;0;0;0;0;0;0;0;0;1864;0;0;125;0;82;0;
6511;2656681;1163345920;13156352;1292042240;0;0;0;0;0;0;0;0;0;0;0;25157;0;0;125;0;82;0;
6512;2219110;1163345920;13156352;1292042240;0;0;0;0;0;0;0;0;0;0;0;2395;0;0;125;0;82;0;
6513;6106460;1165975552;18563072;1297448960;0;0;0;0;0;0;0;0;0;0;0;1944;0;0;125;0;82;0;
6514;3893781;1165975552;18563072;1297448960;0;0;0;0;0;0;0;0;0;0;0;2165;0;0;125;0;82;0;
6515;3581856;1168072704;18563072;1297448960;0;0;0;0;0;0;0;0;0;0;0;2575;0;0;125;0;82;0;
6516;2709841;1168072704;18563072;1297448960;0;0;0;0;0;0;0;0;0;0;0;1312;0;0;125;0;82;0;
6517;2668583;1168072704;18563072;1297448960;0;0;0;0;0;0;0;0;0;0;0;1493;0;0;125;0;82;0;
6518;2137447;1168072704;18563072;1297448960;0;0;0;0;0;0;0;0;0;0;0;1503;0;0;125;0;82;0;
6519;5205450;1168072704;18563072;1297448960;0;0;0;0;0;0;0;0;0;0;0;1593;0;0;125;0;82;0;
6520;4290505;1168072704;18563072;1297448960;0;0;0;0;0;0;0;0;0;0;0;1813;0;0;125;0;82;0;
6521;3097318;1168072704;18563072;1297448960;0;0;0;0;0;0;0;0;0;0;0;1503;0;0;125;0;82;0;
6522;2056887;1168072704;18563072;1297448960;0;0;0;0;0;0;0;0;0;0;0;1312;0;0;125;0;82;0;
6523;2518412;1168072704;18563072;1297448960;0;0;0;0;0;0;0;0;0;0;0;1512;0;0;125;0;82;0;
6524;1992436;1168072704;18563072;1297448960;0;0;0;0;0;0;0;0;0;0;0;1463;0;0;125;0;82;0;
6525;4778059;1168072704;18563072;1297448960;0;0;0;0;0;0;0;0;0;0;0;1493;0;0;125;0;82;0;
6526;3533265;1168072704;18563072;1297448960;0;0;0;0;0;0;0;0;0;0;0;1703;0;0;125;0;82;0;
6527;2379010;1168072704;18563072;1297448960;0;0;0;0;0;0;0;0;0;0;0;1453;0;0;125;0;82;0;
6528;1719995;1168072704;18563072;1297448960;0;0;0;0;0;0;0;0;0;0;0;1213;0;0;125;0;82;0;
6529;2524273;1168072704;18563072;1297448960;0;0;0;0;0;0;0;0;0;0;0;1262;0;0;125;0;82;0;
6530;1866219;1168072704;18563072;1297448960;0;0;0;0;0;0;0;0;0;0;0;1472;0;0;125;0;82;0;
6531;4659307;1168072704;18563072;1297448960;0;0;0;0;0;0;0;0;0;0;0;23504;0;0;125;0;82;0;
6532;3257468;1168072704;18563072;1297448960;0;0;0;0;0;0;0;0;0;0;0;1993;0;0;125;0;82;0;
6533;4081964;1163366400;13156352;1292042240;0;0;0;0;0;0;0;0;0;0;0;1573;0;0;125;0;82;0;
6534;1771321;1163366400;13156352;1292042240;0;0;0;0;0;0;0;0;0;0;0;1473;0;0;125;0;82;0;
6535;2132068;1163366400;13156352;1292042240;0;0;0;0;0;0;0;0;0;0;0;1513;0;0;125;0;82;0;
6536;2302207;1163366400;13156352;1292042240;0;0;0;0;0;0;0;0;0;0;0;1512;0;0;125;0;82;0;
6537;5607594;1165996032;18563072;1297448960;0;0;0;0;0;0;0;0;0;0;0;2234;0;0;125;0;82;0;
6538;2290114;1165996032;18563072;1297448960;0;0;0;0;0;0;0;0;0;0;0;1663;0;0;125;0;82;0;
6539;2311163;1168093184;18563072;1297448960;0;0;0;0;0;0;0;0;0;0;0;1453;0;0;125;0;82;0;
6540;1868954;1168093184;18563072;1297448960;0;0;0;0;0;0;0;0;0;0;0;121007;0;0;125;0;82;0;
6541;3190372;1168093184;18563072;1297448960;0;0;0;0;0;0;0;0;0;0;0;1523;0;0;125;0;82;0;
6542;2392696;1168093184;18563072;1297448960;0;0;0;0;0;0;0;0;0;0;0;1603;0;0;125;0;82;0;
6543;5849608;1168093184;18563072;1297448960;0;0;0;0;0;0;0;0;0;0;0;1482;0;0;125;0;82;0;
6544;3414352;1168093184;18563072;1297448960;0;0;0;0;0;0;0;0;0;0;0;1744;0;0;125;0;82;0;
6545;2520667;1168093184;18563072;1297448960;0;0;0;0;0;0;0;0;0;0;0;1513;0;0;125;0;82;0;
6546;1440101;1168093184;18563072;1297448960;0;0;0;0;0;0;0;0;0;0;0;1743;0;0;125;0;82;0;
6547;2332143;1168093184;18563072;1297448960;0;0;0;0;0;0;0;0;0;0;0;1503;0;0;125;0;82;0;
6548;1938785;1168093184;18563072;1297448960;0;0;0;0;0;0;0;0;0;0;0;1924;0;0;125;0;82;0;
6549;6075251;1168093184;18563072;1297448960;0;0;0;0;0;0;0;0;0;0;0;2084;0;0;125;0;82;0;
6550;2549701;1168093184;18563072;1297448960;0;0;0;0;0;0;0;0;0;0;0;2074;0;0;125;0;82;0;
6551;2564618;1168093184;18563072;1297448960;0;0;0;0;0;0;0;0;0;0;0;1693;0;0;125;0;82;0;
6552;2320942;1168093184;18563072;1297448960;0;0;0;0;0;0;0;0;0;0;0;83396;0;0;125;0;82;0;
6553;3107146;1168093184;18563072;1297448960;0;0;0;0;0;0;0;0;0;0;0;1753;0;0;125;0;82;0;
6554;2391705;1168093184;18563072;1297448960;0;0;0;0;0;0;0;0;0;0;0;1903;0;0;125;0;82;0;
6555;5459417;1168093184;18563072;1297448960;0;0;0;0;0;0;0;0;0;0;0;1623;0;0;125;0;82;0;
6556;3176275;1168093184;18563072;1297448960;0;0;0;0;0;0;0;0;0;0;0;2605;0;0;125;0;82;0;
6557;2770194;1163386880;13156352;1292042240;0;0;0;0;0;0;0;0;0;0;0;1924;0;0;125;0;82;0;
6558;2189565;1163386880;13156352;1292042240;0;0;0;0;0;0;0;0;0;0;0;1984;0;0;125;0;82;0;
6559;2378901;1163386880;13156352;1292042240;0;0;0;0;0;0;0;0;0;0;0;1533;0;0;125;0;82;0;
6560;1636379;1163386880;13156352;1292042240;0;0;0;0;0;0;0;0;0;0;0;2134;0;0;125;0;82;0;
6561;6012584;1166016512;18563072;1297448960;0;0;0;0;0;0;0;0;0;0;0;1543;0;0;125;0;82;0;
6562;3612424;1166016512;18563072;1297448960;0;0;0;0;0;0;0;0;0;0;0;2986;0;0;125;0;82;0;
6563;2836509;1168113664;18563072;1297448960;0;0;0;0;0;0;0;0;0;0;0;1714;0;0;125;0;82;0;
6564;2960631;1168113664;18563072;1297448960;0;0;0;0;0;0;0;0;0;0;0;1673;0;0;125;0;82;0;
6565;2536135;1168113664;18563072;1297448960;0;0;0;0;0;0;0;0;0;0;0;1563;0;0;125;0;82;0;
6566;2484388;1168113664;18563072;1297448960;0;0;0;0;0;0;0;0;0;0;0;1994;0;0;125;0;82;0;
6567;5872741;1168113664;18563072;1297448960;0;0;0;0;0;0;0;0;0;0;0;1873;0;0;125;0;82;0;
6568;3844909;1168113664;18563072;1297448960;0;0;0;0;0;0;0;0;0;0;0;3076;0;0;125;0;82;0;
6569;2992301;1168113664;18563072;1297448960;0;0;0;0;0;0;0;0;0;0;0;2044;0;0;125;0;82;0;
6570;2117721;1168113664;18563072;1297448960;0;0;0;0;0;0;0;0;0;0;0;31809;0;0;125;0;82;0;
6571;3015043;1168113664;18563072;1297448960;0;0;0;0;0;0;0;0;0;0;0;1663;0;0;125;0;82;0;
6572;2699482;1168113664;18563072;1297448960;0;0;0;0;0;0;0;0;0;0;0;1653;0;0;125;0;82;0;
6573;5380309;1168113664;18563072;1297448960;0;0;0;0;0;0;0;0;0;0;0;1462;0;0;125;0;82;0;
6574;4426780;1168113664;18563072;1297448960;0;0;0;0;0;0;0;0;0;0;0;2605;0;0;125;0;82;0;
6575;3074826;1168113664;18563072;1297448960;0;0;0;0;0;0;0;0;0;0;0;1663;0;0;125;0;82;0;
6576;2114615;1168113664;18563072;1297448960;0;0;0;0;0;0;0;0;0;0;0;2124;0;0;125;0;82;0;
6577;2788248;1168113664;18563072;1297448960;0;0;0;0;0;0;0;0;0;0;0;1493;0;0;125;0;82;0;
6578;1699998;1168113664;18563072;1297448960;0;0;0;0;0;0;0;0;0;0;0;1803;0;0;125;0;82;0;
6579;5098520;1168113664;18563072;1297448960;0;0;0;0;0;0;0;0;0;0;0;1503;0;0;125;0;82;0;
6580;3414683;1168113664;18563072;1297448960;0;0;0;0;0;0;0;0;0;0;0;2816;0;0;125;0;82;0;
6581;2799500;1163411456;13156352;1292042240;0;0;0;0;0;0;0;0;0;0;0;1743;0;0;125;0;82;0;
6582;2209584;1163411456;13156352;1292042240;0;0;0;0;0;0;0;0;0;0;0;1503;0;0;125;0;82;0;
6583;2976841;1163411456;13156352;1292042240;0;0;0;0;0;0;0;0;0;0;0;1422;0;0;125;0;82;0;
6584;2341661;1163411456;13156352;1292042240;0;0;0;0;0;0;0;0;0;0;0;1623;0;0;125;0;82;0;
6585;5885085;1166041088;18563072;1297448960;0;0;0;0;0;0;0;0;0;0;0;2134;0;0;125;0;82;0;
6586;5365711;1166307328;18563072;1297448960;0;0;0;0;0;0;0;0;0;0;0;4038;0;0;125;0;82;0;
6587;3681713;1168404480;18563072;1297448960;0;0;0;0;0;0;0;0;0;0;0;3206;0;0;125;0;82;0;
6588;2750167;1168404480;18563072;1297448960;0;0;0;0;0;0;0;0;0;0;0;3075;0;0;125;0;82;0;
6589;2790823;1168404480;18563072;1297448960;0;0;0;0;0;0;0;0;0;0;0;1703;0;0;125;0;82;0;
6590;968245;1168404480;18563072;1297448960;0;0;0;0;0;0;0;0;0;0;0;1844;0;0;125;0;82;0;
6591;5791850;1168404480;18563072;1297448960;0;0;0;0;0;0;0;0;0;0;0;1482;0;0;125;0;82;0;
6592;3606372;1168404480;18563072;1297448960;0;0;0;0;0;0;0;0;0;0;0;3035;0;0;125;0;82;0;
6593;2519825;1168404480;18563072;1297448960;0;0;0;0;0;0;0;0;0;0;0;1503;0;0;125;0;82;0;
6594;2225583;1168404480;18563072;1297448960;0;0;0;0;0;0;0;0;0;0;0;1653;0;0;125;0;82;0;
6595;2768251;1168404480;18563072;1297448960;0;0;0;0;0;0;0;0;0;0;0;1613;0;0;125;0;82;0;
6596;2634951;1168404480;18563072;1297448960;0;0;0;0;0;0;0;0;0;0;0;1924;0;0;125;0;82;0;
6597;4974147;1168404480;18563072;1297448960;0;0;0;0;0;0;0;0;0;0;0;1633;0;0;125;0;82;0;
6598;4227517;1168404480;18563072;1297448960;0;0;0;0;0;0;0;0;0;0;0;4338;0;0;125;0;82;0;
6599;1998388;1168404480;18563072;1297448960;0;0;0;0;0;0;0;0;0;0;0;2755;0;0;125;0;82;0;
6600;2284694;1168404480;18563072;1297448960;0;0;0;0;0;0;0;0;0;0;0;2224;0;0;125;0;82;0;
6601;2999544;1168404480;18563072;1297448960;0;0;0;0;0;0;0;0;0;0;0;1503;0;0;125;0;82;0;
6602;1684739;1168404480;18563072;1297448960;0;0;0;0;0;0;0;0;0;0;0;1563;0;0;125;0;82;0;
6603;10951505;1168404480;18563072;1297448960;0;0;0;0;0;0;0;0;0;0;0;1462;0;0;125;0;82;0;
6604;4640702;1168404480;18563072;1297448960;0;0;0;0;0;0;0;0;0;0;0;2264;0;0;125;0;82;0;
6605;3462652;1163698176;13156352;1292042240;0;0;0;0;0;0;0;0;0;0;0;311845;0;0;125;0;82;0;
6606;2548329;1163698176;13156352;1292042240;0;0;0;0;0;0;0;0;0;0;0;2956;0;0;125;0;82;0;
6607;3950417;1163698176;13156352;1292042240;0;0;0;0;0;0;0;0;0;0;0;2414;0;0;125;0;82;0;
6608;3815264;1163968512;13156352;1292042240;0;0;0;0;0;0;0;0;0;0;0;2434;0;0;125;0;82;0;
6609;8314620;1166598144;18563072;1297448960;0;0;0;0;0;0;0;0;0;0;0;2786;0;0;125;0;82;0;
6610;6599835;1166598144;18563072;1297448960;0;0;0;0;0;0;0;0;0;0;0;3597;0;0;125;0;82;0;
6611;4182733;1168695296;18563072;1297448960;0;0;0;0;0;0;0;0;0;0;0;2955;0;0;125;0;82;0;
6612;3156779;1168695296;18563072;1297448960;0;0;0;0;0;0;0;0;0;0;0;2245;0;0;125;0;82;0;
6613;3917676;1168695296;18563072;1297448960;0;0;0;0;0;0;0;0;0;0;0;1804;0;0;125;0;82;0;
6614;3279479;1168695296;18563072;1297448960;0;0;0;0;0;0;0;0;0;0;0;2004;0;0;125;0;82;0;
6615;6038933;1168695296;18563072;1297448960;0;0;0;0;0;0;0;0;0;0;0;1433;0;0;125;0;82;0;
6616;4683582;1168695296;18563072;1297448960;0;0;0;0;0;0;0;0;0;0;0;2234;0;0;125;0;82;0;
6617;3196072;1168695296;18563072;1297448960;0;0;0;0;0;0;0;0;0;0;0;1974;0;0;125;0;82;0;
6618;2095539;1168695296;18563072;1297448960;0;0;0;0;0;0;0;0;0;0;0;1824;0;0;125;0;82;0;
6619;3653480;1168695296;18563072;1297448960;0;0;0;0;0;0;0;0;0;0;0;1964;0;0;125;0;82;0;
6620;2820118;1168695296;18563072;1297448960;0;0;0;0;0;0;0;0;0;0;0;1923;0;0;125;0;82;0;
6621;5583218;1168695296;18563072;1297448960;0;0;0;0;0;0;0;0;0;0;0;1824;0;0;125;0;82;0;
6622;3595722;1168695296;18563072;1297448960;0;0;0;0;0;0;0;0;0;0;0;2845;0;0;125;0;82;0;
6623;3116684;1168695296;18563072;1297448960;0;0;0;0;0;0;0;0;0;0;0;1643;0;0;125;0;82;0;
6624;2276899;1168695296;18563072;1297448960;0;0;0;0;0;0;0;0;0;0;0;1593;0;0;125;0;82;0;
6625;2694452;1168695296;18563072;1297448960;0;0;0;0;0;0;0;0;0;0;0;1423;0;0;125;0;82;0;
6626;2215615;1168695296;18563072;1297448960;0;0;0;0;0;0;0;0;0;0;0;1543;0;0;125;0;82;0;
6627;5840421;1168695296;18563072;1297448960;0;0;0;0;0;0;0;0;0;0;0;1532;0;0;125;0;82;0;
6628;3461621;1168695296;18563072;1297448960;0;0;0;0;0;0;0;0;0;0;0;1814;0;0;125;0;82;0;
6629;2987151;1168695296;18563072;1297448960;0;0;0;0;0;0;0;0;0;0;0;1573;0;0;125;0;82;0;
6630;2172684;1168695296;18563072;1297448960;0;0;0;0;0;0;0;0;0;0;0;1513;0;0;125;0;82;0;
6631;2284623;1168695296;18563072;1297448960;0;0;0;0;0;0;0;0;0;0;0;1433;0;0;125;0;82;0;
6632;3453356;1168695296;18563072;1297448960;0;0;0;0;0;0;0;0;0;0;0;1933;0;0;125;0;82;0;
6633;6246082;1168695296;18563072;1297448960;0;0;0;0;0;0;0;0;0;0;0;1653;0;0;125;0;82;0;
6634;4529793;1168695296;18563072;1297448960;0;0;0;0;0;0;0;0;0;0;0;1894;0;0;125;0;82;0;
6635;3031274;1168695296;18563072;1297448960;0;0;0;0;0;0;0;0;0;0;0;1252;0;0;125;0;82;0;
6636;1764979;1168695296;18563072;1297448960;0;0;0;0;0;0;0;0;0;0;0;1233;0;0;125;0;82;0;
6637;2475351;1168695296;18563072;1297448960;0;0;0;0;0;0;0;0;0;0;0;1523;0;0;125;0;82;0;
6638;3071850;1168695296;18563072;1297448960;0;0;0;0;0;0;0;0;0;0;0;1452;0;0;125;0;82;0;
6639;5855700;1168695296;18563072;1297448960;0;0;0;0;0;0;0;0;0;0;0;1613;0;0;125;0;82;0;
6640;3557691;1168695296;18563072;1297448960;0;0;0;0;0;0;0;0;0;0;0;1623;0;0;125;0;82;0;
6641;3461290;1168695296;18563072;1297448960;0;0;0;0;0;0;0;0;0;0;0;1343;0;0;125;0;82;0;
6642;2600466;1168695296;18563072;1297448960;0;0;0;0;0;0;0;0;0;0;0;1443;0;0;125;0;82;0;
6643;2216306;1168695296;18563072;1297448960;0;0;0;0;0;0;0;0;0;0;0;1432;0;0;125;0;82;0;
6644;1932203;1168695296;18563072;1297448960;0;0;0;0;0;0;0;0;0;0;0;1392;0;0;125;0;82;0;
6645;5319865;1168695296;18563072;1297448960;0;0;0;0;0;0;0;0;0;0;0;1372;0;0;125;0;82;0;
6646;5256927;1168695296;18563072;1297448960;0;0;0;0;0;0;0;0;0;0;0;2505;0;0;125;0;82;0;
6647;3806016;1164005376;13156352;1292042240;0;0;0;0;0;0;0;0;0;0;0;1653;0;0;125;0;82;0;
6648;3077190;1164005376;13156352;1292042240;0;0;0;0;0;0;0;0;0;0;0;1954;0;0;125;0;82;0;
6649;3043577;1164005376;13156352;1292042240;0;0;0;0;0;0;0;0;0;0;0;1743;0;0;125;0;82;0;
6650;2316374;1164005376;13156352;1292042240;0;0;0;0;0;0;0;0;0;0;0;1653;0;0;125;0;82;0;
6651;6231404;1164005376;13156352;1292042240;0;0;0;0;0;0;0;0;0;0;0;1613;0;0;125;0;82;0;
6652;4512001;1164005376;13156352;1292042240;0;0;0;0;0;0;0;0;0;0;0;1914;0;0;125;0;82;0;
6653;3518007;1164005376;13156352;1292042240;0;0;0;0;0;0;0;0;0;0;0;1412;0;0;125;0;82;0;
6654;2991359;1164005376;13156352;1292042240;0;0;0;0;0;0;0;0;0;0;0;1503;0;0;125;0;82;0;
6655;2469570;1164005376;13156352;1292042240;0;0;0;0;0;0;0;0;0;0;0;1473;0;0;125;0;82;0;
6656;2369242;1164005376;13156352;1292042240;0;0;0;0;0;0;0;0;0;0;0;1673;0;0;125;0;82;0;
6657;5932714;1166635008;18563072;1297448960;0;0;0;0;0;0;0;0;0;0;0;1643;0;0;125;0;82;0;
6658;3700418;1166635008;18563072;1297448960;0;0;0;0;0;0;0;0;0;0;0;2194;0;0;125;0;82;0;
6659;3181405;1168732160;18563072;1297448960;0;0;0;0;0;0;0;0;0;0;0;1463;0;0;125;0;82;0;
6660;2711565;1168732160;18563072;1297448960;0;0;0;0;0;0;0;0;0;0;0;1443;0;0;125;0;82;0;
6661;3801037;1168732160;18563072;1297448960;0;0;0;0;0;0;0;0;0;0;0;1794;0;0;125;0;82;0;
6662;2697969;1168732160;18563072;1297448960;0;0;0;0;0;0;0;0;0;0;0;1493;0;0;125;0;82;0;
6663;6031169;1168732160;18563072;1297448960;0;0;0;0;0;0;0;0;0;0;0;1493;0;0;125;0;82;0;
6664;3791570;1168732160;18563072;1297448960;0;0;0;0;0;0;0;0;0;0;0;2034;0;0;125;0;82;0;
6665;3636869;1168732160;18563072;1297448960;0;0;0;0;0;0;0;0;0;0;0;1483;0;0;125;0;82;0;
6666;3090715;1168732160;18563072;1297448960;0;0;0;0;0;0;0;0;0;0;0;1483;0;0;125;0;82;0;
6667;4203422;1168732160;18563072;1297448960;0;0;0;0;0;0;0;0;0;0;0;1453;0;0;125;0;82;0;
6668;2778550;1168732160;18563072;1297448960;0;0;0;0;0;0;0;0;0;0;0;1432;0;0;125;0;82;0;
6669;4965310;1168732160;18563072;1297448960;0;0;0;0;0;0;0;0;0;0;0;1724;0;0;125;0;82;0;
6670;3934628;1168994304;18563072;1297448960;0;0;0;0;0;0;0;0;0;0;0;2965;0;0;125;0;82;0;
6671;3268599;1168994304;18563072;1297448960;0;0;0;0;0;0;0;0;0;0;0;1523;0;0;125;0;82;0;
6672;2748163;1168994304;18563072;1297448960;0;0;0;0;0;0;0;0;0;0;0;1413;0;0;125;0;82;0;
6673;3463915;1168994304;18563072;1297448960;0;0;0;0;0;0;0;0;0;0;0;1443;0;0;125;0;82;0;
6674;3165415;1168994304;18563072;1297448960;0;0;0;0;0;0;0;0;0;0;0;1784;0;0;125;0;82;0;
6675;5419352;1168994304;18563072;1297448960;0;0;0;0;0;0;0;0;0;0;0;1593;0;0;125;0;82;0;
6676;4036539;1168994304;18563072;1297448960;0;0;0;0;0;0;0;0;0;0;0;2334;0;0;125;0;82;0;
6677;2764984;1168994304;18563072;1297448960;0;0;0;0;0;0;0;0;0;0;0;1473;0;0;125;0;82;0;
6678;2317435;1168994304;18563072;1297448960;0;0;0;0;0;0;0;0;0;0;0;1944;0;0;125;0;82;0;
6679;3364338;1168994304;18563072;1297448960;0;0;0;0;0;0;0;0;0;0;0;1663;0;0;125;0;82;0;
6680;2468078;1168994304;18563072;1297448960;0;0;0;0;0;0;0;0;0;0;0;2515;0;0;125;0;82;0;
6681;5244614;1168994304;18563072;1297448960;0;0;0;0;0;0;0;0;0;0;0;1603;0;0;125;0;82;0;
6682;3791810;1168994304;18563072;1297448960;0;0;0;0;0;0;0;0;0;0;0;2023;0;0;125;0;82;0;
6683;3109971;1168994304;18563072;1297448960;0;0;0;0;0;0;0;0;0;0;0;1573;0;0;125;0;82;0;
6684;2062377;1168994304;18563072;1297448960;0;0;0;0;0;0;0;0;0;0;0;1613;0;0;125;0;82;0;
6685;3159645;1168994304;18563072;1297448960;0;0;0;0;0;0;0;0;0;0;0;1463;0;0;125;0;82;0;
6686;2351369;1168994304;18563072;1297448960;0;0;0;0;0;0;0;0;0;0;0;1523;0;0;125;0;82;0;
6687;5498370;1168994304;18563072;1297448960;0;0;0;0;0;0;0;0;0;0;0;1473;0;0;125;0;82;0;
6688;3709335;1168994304;18563072;1297448960;0;0;0;0;0;0;0;0;0;0;0;2564;0;0;125;0;82;0;
6689;3650295;1168994304;18563072;1297448960;0;0;0;0;0;0;0;0;0;0;0;2384;0;0;125;0;82;0;
6690;2220774;1168994304;18563072;1297448960;0;0;0;0;0;0;0;0;0;0;0;2024;0;0;125;0;82;0;
6691;3065308;1168994304;18563072;1297448960;0;0;0;0;0;0;0;0;0;0;0;1693;0;0;125;0;82;0;
6692;2214583;1168994304;18563072;1297448960;0;0;0;0;0;0;0;0;0;0;0;1694;0;0;125;0;82;0;
6693;5006277;1168994304;18563072;1297448960;0;0;0;0;0;0;0;0;0;0;0;1413;0;0;125;0;82;0;
6694;3466230;1169264640;18563072;1297448960;0;0;0;0;0;0;0;0;0;0;0;2584;0;0;125;0;82;0;
6695;2881102;1164578816;13156352;1292042240;0;0;0;0;0;0;0;0;0;0;0;1343;0;0;125;0;82;0;
6696;2531988;1164578816;13156352;1292042240;0;0;0;0;0;0;0;0;0;0;0;1513;0;0;125;0;82;0;
6697;2529453;1164578816;13156352;1292042240;0;0;0;0;0;0;0;0;0;0;0;1713;0;0;125;0;82;0;
6698;1913819;1164578816;13156352;1292042240;0;0;0;0;0;0;0;0;0;0;0;1443;0;0;125;0;82;0;
6699;5899863;1167208448;18563072;1297448960;0;0;0;0;0;0;0;0;0;0;0;1633;0;0;125;0;82;0;
6700;3178931;1167208448;18563072;1297448960;0;0;0;0;0;0;0;0;0;0;0;1713;0;0;125;0;82;0;
6701;2788259;1169305600;18563072;1297448960;0;0;0;0;0;0;0;0;0;0;0;2024;0;0;125;0;82;0;
6702;1991063;1169305600;18563072;1297448960;0;0;0;0;0;0;0;0;0;0;0;1663;0;0;125;0;82;0;
6703;2659527;1169305600;18563072;1297448960;0;0;0;0;0;0;0;0;0;0;0;1442;0;0;125;0;82;0;
6704;2138790;1169305600;18563072;1297448960;0;0;0;0;0;0;0;0;0;0;0;1503;0;0;125;0;82;0;
6705;4965270;1169305600;18563072;1297448960;0;0;0;0;0;0;0;0;0;0;0;1513;0;0;125;0;82;0;
6706;1807720;1169305600;18563072;1297448960;0;0;0;0;0;0;0;0;0;0;0;1843;0;0;125;0;82;0;
6707;2420018;1169305600;18563072;1297448960;0;0;0;0;0;0;0;0;0;0;0;1543;0;0;125;0;82;0;
6708;1685761;1169305600;18563072;1297448960;0;0;0;0;0;0;0;0;0;0;0;1673;0;0;125;0;82;0;
6709;2754786;1169305600;18563072;1297448960;0;0;0;0;0;0;0;0;0;0;0;1563;0;0;125;0;82;0;
6710;1920451;1169305600;18563072;1297448960;0;0;0;0;0;0;0;0;0;0;0;1383;0;0;125;0;82;0;
6711;5107266;1169305600;18563072;1297448960;0;0;0;0;0;0;0;0;0;0;0;1403;0;0;125;0;82;0;
6712;1115943;1169305600;18563072;1297448960;0;0;0;0;0;0;0;0;0;0;0;1743;0;0;125;0;82;0;
6713;2405901;1169305600;18563072;1297448960;0;0;0;0;0;0;0;0;0;0;0;1553;0;0;125;0;82;0;
6714;2320080;1169305600;18563072;1297448960;0;0;0;0;0;0;0;0;0;0;0;1473;0;0;125;0;82;0;
6715;1869395;1169305600;18563072;1297448960;0;0;0;0;0;0;0;0;0;0;0;1413;0;0;125;0;82;0;
6716;2021871;1169305600;18563072;1297448960;0;0;0;0;0;0;0;0;0;0;0;1502;0;0;125;0;82;0;
6717;5248952;1169305600;18563072;1297448960;0;0;0;0;0;0;0;0;0;0;0;1443;0;0;125;0;82;0;
6718;2311915;1169305600;18563072;1297448960;0;0;0;0;0;0;0;0;0;0;0;1803;0;0;125;0;82;0;
6719;2735419;1164595200;13152256;1292038144;0;0;0;0;0;0;0;0;0;0;0;1673;0;0;125;0;82;0;
6720;1999028;1164595200;13152256;1292038144;0;0;0;0;0;0;0;0;0;0;0;1623;0;0;125;0;82;0;
6721;2126558;1164595200;13152256;1292038144;0;0;0;0;0;0;0;0;0;0;0;1483;0;0;125;0;82;0;
6722;2451426;1164595200;13152256;1292038144;0;0;0;0;0;0;0;0;0;0;0;1713;0;0;125;0;82;0;
6723;6801072;1167224832;18558976;1297444864;0;0;0;0;0;0;0;0;0;0;0;1673;0;0;125;0;82;0;
6724;6736992;1167495168;18563072;1297448960;0;0;0;0;0;0;0;0;0;0;0;5019;0;0;125;0;82;0;
6725;3539226;1169592320;18563072;1297448960;0;0;0;0;0;0;0;0;0;0;0;1963;0;0;125;0;82;0;
6726;3192376;1169592320;18563072;1297448960;0;0;0;0;0;0;0;0;0;0;0;1813;0;0;125;0;82;0;
6727;3224867;1169592320;18563072;1297448960;0;0;0;0;0;0;0;0;0;0;0;1713;0;0;125;0;82;0;
6728;2773140;1169592320;18563072;1297448960;0;0;0;0;0;0;0;0;0;0;0;1573;0;0;125;0;82;0;
6729;5372013;1169592320;18563072;1297448960;0;0;0;0;0;0;0;0;0;0;0;1383;0;0;125;0;82;0;
6730;5983810;1169592320;18563072;1297448960;0;0;0;0;0;0;0;0;0;0;0;2104;0;0;125;0;82;0;
6731;2964219;1169592320;18563072;1297448960;0;0;0;0;0;0;0;0;0;0;0;1442;0;0;125;0;82;0;
6732;2611136;1169592320;18563072;1297448960;0;0;0;0;0;0;0;0;0;0;0;1363;0;0;125;0;82;0;
6733;2768311;1169592320;18563072;1297448960;0;0;0;0;0;0;0;0;0;0;0;1373;0;0;125;0;82;0;
6734;2567825;1169592320;18563072;1297448960;0;0;0;0;0;0;0;0;0;0;0;2755;0;0;125;0;82;0;
6735;5944507;1169592320;18563072;1297448960;0;0;0;0;0;0;0;0;0;0;0;1473;0;0;125;0;82;0;
6736;3813661;1169592320;18563072;1297448960;0;0;0;0;0;0;0;0;0;0;0;2465;0;0;125;0;82;0;
6737;3804975;1169592320;18563072;1297448960;0;0;0;0;0;0;0;0;0;0;0;1603;0;0;125;0;82;0;
6738;1979872;1169592320;18563072;1297448960;0;0;0;0;0;0;0;0;0;0;0;1793;0;0;125;0;82;0;
6739;3072080;1169592320;18563072;1297448960;0;0;0;0;0;0;0;0;0;0;0;2154;0;0;125;0;82;0;
6740;2348784;1169592320;18563072;1297448960;0;0;0;0;0;0;0;0;0;0;0;1272;0;0;125;0;82;0;
6741;5503740;1169592320;18563072;1297448960;0;0;0;0;0;0;0;0;0;0;0;1453;0;0;125;0;82;0;
6742;3984671;1169592320;18563072;1297448960;0;0;0;0;0;0;0;0;0;0;0;2324;0;0;125;0;82;0;
6743;2998603;1164890112;13156352;1292042240;0;0;0;0;0;0;0;0;0;0;0;1392;0;0;125;0;82;0;
6744;1973400;1164890112;13156352;1292042240;0;0;0;0;0;0;0;0;0;0;0;8235;0;0;125;0;82;0;
6745;2309370;1164890112;13156352;1292042240;0;0;0;0;0;0;0;0;0;0;0;1472;0;0;125;0;82;0;
6746;1625508;1164890112;13156352;1292042240;0;0;0;0;0;0;0;0;0;0;0;1523;0;0;125;0;82;0;
6747;7319344;1167519744;18563072;1297448960;0;0;0;0;0;0;0;0;0;0;0;1813;0;0;125;0;82;0;
6748;4274355;1167519744;18563072;1297448960;0;0;0;0;0;0;0;0;0;0;0;2685;0;0;125;0;82;0;
6749;3505784;1169616896;18563072;1297448960;0;0;0;0;0;0;0;0;0;0;0;1753;0;0;125;0;82;0;
6750;2633528;1169616896;18563072;1297448960;0;0;0;0;0;0;0;0;0;0;0;1393;0;0;125;0;82;0;
6751;2953618;1169616896;18563072;1297448960;0;0;0;0;0;0;0;0;0;0;0;1423;0;0;125;0;82;0;
6752;2393989;1169616896;18563072;1297448960;0;0;0;0;0;0;0;0;0;0;0;1473;0;0;125;0;82;0;
6753;5790738;1169616896;18563072;1297448960;0;0;0;0;0;0;0;0;0;0;0;1463;0;0;125;0;82;0;
6754;6336611;1169616896;18563072;1297448960;0;0;0;0;0;0;0;0;0;0;0;3476;0;0;125;0;82;0;
6755;3320245;1169616896;18563072;1297448960;0;0;0;0;0;0;0;0;0;0;0;1443;0;0;125;0;82;0;
6756;1612052;1169616896;18563072;1297448960;0;0;0;0;0;0;0;0;0;0;0;1413;0;0;125;0;82;0;
6757;3825803;1169616896;18563072;1297448960;0;0;0;0;0;0;0;0;0;0;0;1773;0;0;125;0;82;0;
6758;2618260;1169616896;18563072;1297448960;0;0;0;0;0;0;0;0;0;0;0;1442;0;0;125;0;82;0;
6759;4170640;1169616896;18563072;1297448960;0;0;0;0;0;0;0;0;0;0;0;1473;0;0;125;0;82;0;
6760;2985819;1169616896;18563072;1297448960;0;0;0;0;0;0;0;0;0;0;0;2665;0;0;125;0;82;0;
6761;1716859;1169616896;18563072;1297448960;0;0;0;0;0;0;0;0;0;0;0;1442;0;0;125;0;82;0;
6762;1427918;1169616896;18563072;1297448960;0;0;0;0;0;0;0;0;0;0;0;1442;0;0;125;0;82;0;
6763;2080832;1169616896;18563072;1297448960;0;0;0;0;0;0;0;0;0;0;0;1403;0;0;125;0;82;0;
6764;2557165;1169616896;18563072;1297448960;0;0;0;0;0;0;0;0;0;0;0;1603;0;0;125;0;82;0;
6765;4997541;1169616896;18563072;1297448960;0;0;0;0;0;0;0;0;0;0;0;1503;0;0;125;0;82;0;
6766;3832506;1169616896;18563072;1297448960;0;0;0;0;0;0;0;0;0;0;0;2635;0;0;125;0;82;0;
6767;3237811;1165180928;13156352;1292042240;0;0;0;0;0;0;0;0;0;0;0;2154;0;0;125;0;82;0;
6768;1962320;1165180928;13156352;1292042240;0;0;0;0;0;0;0;0;0;0;0;1603;0;0;125;0;82;0;
6769;3089133;1165180928;13156352;1292042240;0;0;0;0;0;0;0;0;0;0;0;1783;0;0;125;0;82;0;
6770;2651942;1165180928;13156352;1292042240;0;0;0;0;0;0;0;0;0;0;0;2164;0;0;125;0;82;0;
6771;5520601;1167810560;18563072;1297448960;0;0;0;0;0;0;0;0;0;0;0;2013;0;0;125;0;82;0;
6772;2410189;1167810560;18563072;1297448960;0;0;0;0;0;0;0;0;0;0;0;2174;0;0;125;0;82;0;
6773;2568466;1169907712;18563072;1297448960;0;0;0;0;0;0;0;0;0;0;0;1653;0;0;125;0;82;0;
6774;2835426;1169907712;18563072;1297448960;0;0;0;0;0;0;0;0;0;0;0;1834;0;0;125;0;82;0;
6775;2880721;1169907712;18563072;1297448960;0;0;0;0;0;0;0;0;0;0;0;1443;0;0;125;0;82;0;
6776;2449683;1169907712;18563072;1297448960;0;0;0;0;0;0;0;0;0;0;0;1794;0;0;125;0;82;0;
6777;5507547;1169907712;18563072;1297448960;0;0;0;0;0;0;0;0;0;0;0;1864;0;0;125;0;82;0;
6778;2054913;1169907712;18563072;1297448960;0;0;0;0;0;0;0;0;0;0;0;1833;0;0;125;0;82;0;
6779;2608100;1169907712;18563072;1297448960;0;0;0;0;0;0;0;0;0;0;0;1463;0;0;125;0;82;0;
6780;2399600;1169907712;18563072;1297448960;0;0;0;0;0;0;0;0;0;0;0;1613;0;0;125;0;82;0;
6781;3411386;1169907712;18563072;1297448960;0;0;0;0;0;0;0;0;0;0;0;1543;0;0;125;0;82;0;
6782;2674315;1169907712;18563072;1297448960;0;0;0;0;0;0;0;0;0;0;0;1954;0;0;125;0;82;0;
6783;5839159;1169907712;18563072;1297448960;0;0;0;0;0;0;0;0;0;0;0;5040;0;0;125;0;82;0;
6784;3659642;1169907712;18563072;1297448960;0;0;0;0;0;0;0;0;0;0;0;3567;0;0;125;0;82;0;
6785;2442880;1169907712;18563072;1297448960;0;0;0;0;0;0;0;0;0;0;0;2234;0;0;125;0;82;0;
6786;1097248;1169907712;18563072;1297448960;0;0;0;0;0;0;0;0;0;0;0;1482;0;0;125;0;82;0;
6787;2703580;1169907712;18563072;1297448960;0;0;0;0;0;0;0;0;0;0;0;1834;0;0;125;0;82;0;
6788;2443251;1169907712;18563072;1297448960;0;0;0;0;0;0;0;0;0;0;0;1894;0;0;125;0;82;0;
6789;6797175;1169907712;18563072;1297448960;0;0;0;0;0;0;0;0;0;0;0;2184;0;0;125;0;82;0;
6790;5747527;1169907712;18563072;1297448960;0;0;0;0;0;0;0;0;0;0;0;5310;0;0;125;0;82;0;
6791;3125560;1165201408;13156352;1292042240;0;0;0;0;0;0;0;0;0;0;0;2264;0;0;125;0;82;0;
6792;3553112;1165201408;13156352;1292042240;0;0;0;0;0;0;0;0;0;0;0;1903;0;0;125;0;82;0;
6793;3843998;1165201408;13156352;1292042240;0;0;0;0;0;0;0;0;0;0;0;1243;0;0;125;0;82;0;
6794;2574257;1165201408;13156352;1292042240;0;0;0;0;0;0;0;0;0;0;0;1563;0;0;125;0;82;0;
6795;6429145;1167831040;18563072;1297448960;0;0;0;0;0;0;0;0;0;0;0;2414;0;0;125;0;82;0;
6796;6087755;1167831040;18563072;1297448960;0;0;0;0;0;0;0;0;0;0;0;2504;0;0;125;0;82;0;
6797;3936722;1169928192;18563072;1297448960;0;0;0;0;0;0;0;0;0;0;0;1783;0;0;125;0;82;0;
6798;4519234;1169928192;18563072;1297448960;0;0;0;0;0;0;0;0;0;0;0;1853;0;0;125;0;82;0;
6799;3093150;1169928192;18563072;1297448960;0;0;0;0;0;0;0;0;0;0;0;1333;0;0;125;0;82;0;
6800;1916954;1169928192;18563072;1297448960;0;0;0;0;0;0;0;0;0;0;0;1503;0;0;125;0;82;0;
6801;6722715;1169928192;18563072;1297448960;0;0;0;0;0;0;0;0;0;0;0;1553;0;0;125;0;82;0;
6802;4330089;1169928192;18563072;1297448960;0;0;0;0;0;0;0;0;0;0;0;2324;0;0;125;0;82;0;
6803;2878527;1169928192;18563072;1297448960;0;0;0;0;0;0;0;0;0;0;0;1372;0;0;125;0;82;0;
6804;2120927;1169928192;18563072;1297448960;0;0;0;0;0;0;0;0;0;0;0;1403;0;0;125;0;82;0;
6805;2617718;1169928192;18563072;1297448960;0;0;0;0;0;0;0;0;0;0;0;1373;0;0;125;0;82;0;
6806;2276308;1169928192;18563072;1297448960;0;0;0;0;0;0;0;0;0;0;0;1934;0;0;125;0;82;0;
6807;5325446;1169928192;18563072;1297448960;0;0;0;0;0;0;0;0;0;0;0;1673;0;0;125;0;82;0;
6808;3632220;1169928192;18563072;1297448960;0;0;0;0;0;0;0;0;0;0;0;2254;0;0;125;0;82;0;
6809;2301105;1169928192;18563072;1297448960;0;0;0;0;0;0;0;0;0;0;0;1533;0;0;125;0;82;0;
6810;2526959;1169928192;18563072;1297448960;0;0;0;0;0;0;0;0;0;0;0;1723;0;0;125;0;82;0;
6811;2867737;1169928192;18563072;1297448960;0;0;0;0;0;0;0;0;0;0;0;1643;0;0;125;0;82;0;
6812;2494167;1169928192;18563072;1297448960;0;0;0;0;0;0;0;0;0;0;0;1783;0;0;125;0;82;0;
6813;5154315;1169928192;18563072;1297448960;0;0;0;0;0;0;0;0;0;0;0;1643;0;0;125;0;82;0;
6814;3480486;1169928192;18563072;1297448960;0;0;0;0;0;0;0;0;0;0;0;2525;0;0;125;0;82;0;
6815;3240486;1165221888;13156352;1292042240;0;0;0;0;0;0;0;0;0;0;0;2094;0;0;125;0;82;0;
6816;2235922;1165221888;13156352;1292042240;0;0;0;0;0;0;0;0;0;0;0;1783;0;0;125;0;82;0;
6817;3612474;1165221888;13156352;1292042240;0;0;0;0;0;0;0;0;0;0;0;1874;0;0;125;0;82;0;
6818;3090725;1165221888;13156352;1292042240;0;0;0;0;0;0;0;0;0;0;0;1894;0;0;125;0;82;0;
6819;5583389;1167851520;18563072;1297448960;0;0;0;0;0;0;0;0;0;0;0;1954;0;0;125;0;82;0;
6820;4016922;1167851520;18563072;1297448960;0;0;0;0;0;0;0;0;0;0;0;2024;0;0;125;0;82;0;
6821;2321653;1169948672;18563072;1297448960;0;0;0;0;0;0;0;0;0;0;0;2274;0;0;125;0;82;0;
6822;2547026;1169948672;18563072;1297448960;0;0;0;0;0;0;0;0;0;0;0;1483;0;0;125;0;82;0;
6823;2994956;1169948672;18563072;1297448960;0;0;0;0;0;0;0;0;0;0;0;1463;0;0;125;0;82;0;
6824;2768150;1169948672;18563072;1297448960;0;0;0;0;0;0;0;0;0;0;0;1703;0;0;125;0;82;0;
6825;5499171;1169948672;18563072;1297448960;0;0;0;0;0;0;0;0;0;0;0;1743;0;0;125;0;82;0;
6826;3277535;1169948672;18563072;1297448960;0;0;0;0;0;0;0;0;0;0;0;2345;0;0;125;0;82;0;
6827;3174482;1169948672;18563072;1297448960;0;0;0;0;0;0;0;0;0;0;0;1633;0;0;125;0;82;0;
6828;3188529;1169948672;18563072;1297448960;0;0;0;0;0;0;0;0;0;0;0;2335;0;0;125;0;82;0;
6829;2533280;1169948672;18563072;1297448960;0;0;0;0;0;0;0;0;0;0;0;1753;0;0;125;0;82;0;
6830;2380323;1169948672;18563072;1297448960;0;0;0;0;0;0;0;0;0;0;0;2144;0;0;125;0;82;0;
6831;6124303;1169948672;18563072;1297448960;0;0;0;0;0;0;0;0;0;0;0;2064;0;0;125;0;82;0;
6832;2684443;1169948672;18563072;1297448960;0;0;0;0;0;0;0;0;0;0;0;1844;0;0;125;0;82;0;
6833;4773059;1169948672;18563072;1297448960;0;0;0;0;0;0;0;0;0;0;0;2074;0;0;125;0;82;0;
6834;3256766;1169948672;18563072;1297448960;0;0;0;0;0;0;0;0;0;0;0;3226;0;0;125;0;82;0;
6835;3354360;1169948672;18563072;1297448960;0;0;0;0;0;0;0;0;0;0;0;1974;0;0;125;0;82;0;
6836;2488025;1169948672;18563072;1297448960;0;0;0;0;0;0;0;0;0;0;0;1843;0;0;125;0;82;0;
6837;6272772;1169948672;18563072;1297448960;0;0;0;0;0;0;0;0;0;0;0;139531;0;0;125;0;82;0;
6838;3823139;1169948672;18563072;1297448960;0;0;0;0;0;0;0;0;0;0;0;2364;0;0;125;0;82;0;
6839;4595476;1165242368;13156352;1292042240;0;0;0;0;0;0;0;0;0;0;0;2043;0;0;125;0;82;0;
6840;3373766;1165242368;13156352;1292042240;0;0;0;0;0;0;0;0;0;0;0;2304;0;0;125;0;82;0;
6841;3811717;1165242368;13156352;1292042240;0;0;0;0;0;0;0;0;0;0;0;1783;0;0;125;0;82;0;
6842;2306716;1165242368;13156352;1292042240;0;0;0;0;0;0;0;0;0;0;0;2334;0;0;125;0;82;0;
6843;5384937;1167872000;18563072;1297448960;0;0;0;0;0;0;0;0;0;0;0;90690;0;0;125;0;82;0;
6844;3836664;1167872000;18563072;1297448960;0;0;0;0;0;0;0;0;0;0;0;2535;0;0;125;0;82;0;
6845;3684057;1169969152;18563072;1297448960;0;0;0;0;0;0;0;0;0;0;0;2264;0;0;125;0;82;0;
6846;2985668;1169969152;18563072;1297448960;0;0;0;0;0;0;0;0;0;0;0;2364;0;0;125;0;82;0;
6847;2776736;1169969152;18563072;1297448960;0;0;0;0;0;0;0;0;0;0;0;1763;0;0;125;0;82;0;
6848;1429581;1169969152;18563072;1297448960;0;0;0;0;0;0;0;0;0;0;0;1593;0;0;125;0;82;0;
6849;4493886;1169969152;18563072;1297448960;0;0;0;0;0;0;0;0;0;0;0;1523;0;0;125;0;82;0;
6850;3125150;1169969152;18563072;1297448960;0;0;0;0;0;0;0;0;0;0;0;1833;0;0;125;0;82;0;
6851;2505678;1169969152;18563072;1297448960;0;0;0;0;0;0;0;0;0;0;0;1513;0;0;125;0;82;0;
6852;1451832;1169969152;18563072;1297448960;0;0;0;0;0;0;0;0;0;0;0;1633;0;0;125;0;82;0;
6853;2289603;1169969152;18563072;1297448960;0;0;0;0;0;0;0;0;0;0;0;1593;0;0;125;0;82;0;
6854;2155251;1169969152;18563072;1297448960;0;0;0;0;0;0;0;0;0;0;0;1453;0;0;125;0;82;0;
6855;4800071;1169969152;18563072;1297448960;0;0;0;0;0;0;0;0;0;0;0;2054;0;0;125;0;82;0;
6856;2473928;1169969152;18563072;1297448960;0;0;0;0;0;0;0;0;0;0;0;1983;0;0;125;0;82;0;
6857;2259287;1169969152;18563072;1297448960;0;0;0;0;0;0;0;0;0;0;0;1613;0;0;125;0;82;0;
6858;1924619;1169969152;18563072;1297448960;0;0;0;0;0;0;0;0;0;0;0;1422;0;0;125;0;82;0;
6859;2755637;1169969152;18563072;1297448960;0;0;0;0;0;0;0;0;0;0;0;1432;0;0;125;0;82;0;
6860;1960987;1169969152;18563072;1297448960;0;0;0;0;0;0;0;0;0;0;0;1603;0;0;125;0;82;0;
6861;5530390;1169969152;18563072;1297448960;0;0;0;0;0;0;0;0;0;0;0;1523;0;0;125;0;82;0;
6862;3395387;1169969152;18563072;1297448960;0;0;0;0;0;0;0;0;0;0;0;2595;0;0;125;0;82;0;
6863;2891492;1165262848;13156352;1292042240;0;0;0;0;0;0;0;0;0;0;0;1933;0;0;125;0;82;0;
6864;2122460;1165262848;13156352;1292042240;0;0;0;0;0;0;0;0;0;0;0;1563;0;0;125;0;82;0;
6865;1965204;1165262848;13156352;1292042240;0;0;0;0;0;0;0;0;0;0;0;1824;0;0;125;0;82;0;
6866;1636188;1165262848;13156352;1292042240;0;0;0;0;0;0;0;0;0;0;0;1593;0;0;125;0;82;0;
6867;5774798;1167892480;18563072;1297448960;0;0;0;0;0;0;0;0;0;0;0;1693;0;0;125;0;82;0;
6868;3446352;1167892480;18563072;1297448960;0;0;0;0;0;0;0;0;0;0;0;2154;0;0;125;0;82;0;
6869;4119013;1169989632;18563072;1297448960;0;0;0;0;0;0;0;0;0;0;0;2525;0;0;125;0;82;0;
6870;2874781;1169989632;18563072;1297448960;0;0;0;0;0;0;0;0;0;0;0;2054;0;0;125;0;82;0;
6871;3024712;1169989632;18563072;1297448960;0;0;0;0;0;0;0;0;0;0;0;1623;0;0;125;0;82;0;
6872;2771977;1169989632;18563072;1297448960;0;0;0;0;0;0;0;0;0;0;0;1513;0;0;125;0;82;0;
6873;5076919;1169989632;18563072;1297448960;0;0;0;0;0;0;0;0;0;0;0;1693;0;0;125;0;82;0;
6874;2293581;1169989632;18563072;1297448960;0;0;0;0;0;0;0;0;0;0;0;2274;0;0;125;0;82;0;
6875;2997270;1169989632;18563072;1297448960;0;0;0;0;0;0;0;0;0;0;0;1473;0;0;125;0;82;0;
6876;2940263;1169989632;18563072;1297448960;0;0;0;0;0;0;0;0;0;0;0;3066;0;0;125;0;82;0;
6877;2901490;1169989632;18563072;1297448960;0;0;0;0;0;0;0;0;0;0;0;1723;0;0;125;0;82;0;
6878;2173947;1169989632;18563072;1297448960;0;0;0;0;0;0;0;0;0;0;0;1673;0;0;125;0;82;0;
6879;5249924;1169989632;18563072;1297448960;0;0;0;0;0;0;0;0;0;0;0;1593;0;0;125;0;82;0;
6880;4469771;1169989632;18563072;1297448960;0;0;0;0;0;0;0;0;0;0;0;3828;0;0;125;0;82;0;
6881;3414973;1169989632;18563072;1297448960;0;0;0;0;0;0;0;0;0;0;0;2154;0;0;125;0;82;0;
6882;2376135;1169989632;18563072;1297448960;0;0;0;0;0;0;0;0;0;0;0;2214;0;0;125;0;82;0;
6883;3398562;1169989632;18563072;1297448960;0;0;0;0;0;0;0;0;0;0;0;1954;0;0;125;0;82;0;
6884;2609654;1169989632;18563072;1297448960;0;0;0;0;0;0;0;0;0;0;0;1974;0;0;125;0;82;0;
6885;5662768;1169989632;18563072;1297448960;0;0;0;0;0;0;0;0;0;0;0;1533;0;0;125;0;82;0;
6886;5451592;1169989632;18563072;1297448960;0;0;0;0;0;0;0;0;0;0;0;2645;0;0;125;0;82;0;
6887;3191043;1165287424;13156352;1292042240;0;0;0;0;0;0;0;0;0;0;0;1864;0;0;125;0;82;0;
6888;2074049;1165287424;13156352;1292042240;0;0;0;0;0;0;0;0;0;0;0;1724;0;0;125;0;82;0;
6889;2170480;1165287424;13156352;1292042240;0;0;0;0;0;0;0;0;0;0;0;1383;0;0;125;0;82;0;
6890;1373275;1165287424;13156352;1292042240;0;0;0;0;0;0;0;0;0;0;0;1513;0;0;125;0;82;0;
6891;7486438;1167917056;18563072;1297448960;0;0;0;0;0;0;0;0;0;0;0;1342;0;0;125;0;82;0;
6892;10570760;1167917056;18563072;1297448960;0;0;0;0;0;0;0;0;0;0;0;3085;0;0;125;0;82;0;
6893;2746790;1170014208;18563072;1297448960;0;0;0;0;0;0;0;0;0;0;0;2375;0;0;125;0;82;0;
6894;2934092;1170014208;18563072;1297448960;0;0;0;0;0;0;0;0;0;0;0;2004;0;0;125;0;82;0;
6895;2660198;1170014208;18563072;1297448960;0;0;0;0;0;0;0;0;0;0;0;1873;0;0;125;0;82;0;
6896;1872411;1170014208;18563072;1297448960;0;0;0;0;0;0;0;0;0;0;0;1443;0;0;125;0;82;0;
6897;5574492;1170014208;18563072;1297448960;0;0;0;0;0;0;0;0;0;0;0;1262;0;0;125;0;82;0;
6898;2039854;1170014208;18563072;1297448960;0;0;0;0;0;0;0;0;0;0;0;1793;0;0;125;0;82;0;
6899;2926908;1170014208;18563072;1297448960;0;0;0;0;0;0;0;0;0;0;0;1843;0;0;125;0;82;0;
6900;2900709;1170014208;18563072;1297448960;0;0;0;0;0;0;0;0;0;0;0;1803;0;0;125;0;82;0;
6901;3165175;1170014208;18563072;1297448960;0;0;0;0;0;0;0;0;0;0;0;1593;0;0;125;0;82;0;
6902;2755967;1170014208;18563072;1297448960;0;0;0;0;0;0;0;0;0;0;0;1503;0;0;125;0;82;0;
6903;5125129;1170014208;18563072;1297448960;0;0;0;0;0;0;0;0;0;0;0;1262;0;0;125;0;82;0;
6904;3045932;1170014208;18563072;1297448960;0;0;0;0;0;0;0;0;0;0;0;2375;0;0;125;0;82;0;
6905;2995477;1170014208;18563072;1297448960;0;0;0;0;0;0;0;0;0;0;0;1583;0;0;125;0;82;0;
6906;2432652;1170014208;18563072;1297448960;0;0;0;0;0;0;0;0;0;0;0;1493;0;0;125;0;82;0;
6907;2872506;1170014208;18563072;1297448960;0;0;0;0;0;0;0;0;0;0;0;1453;0;0;125;0;82;0;
6908;2695965;1170014208;18563072;1297448960;0;0;0;0;0;0;0;0;0;0;0;1473;0;0;125;0;82;0;
6909;5703545;1170014208;18563072;1297448960;0;0;0;0;0;0;0;0;0;0;0;1462;0;0;125;0;82;0;
6910;4208191;1170014208;18563072;1297448960;0;0;0;0;0;0;0;0;0;0;0;55945;0;0;125;0;82;0;
6911;2758042;1165307904;13156352;1292042240;0;0;0;0;0;0;0;0;0;0;0;1533;0;0;125;0;82;0;
6912;2356098;1165307904;13156352;1292042240;0;0;0;0;0;0;0;0;0;0;0;1613;0;0;125;0;82;0;
6913;3226349;1165307904;13156352;1292042240;0;0;0;0;0;0;0;0;0;0;0;1723;0;0;125;0;82;0;
6914;2216587;1165307904;13156352;1292042240;0;0;0;0;0;0;0;0;0;0;0;1503;0;0;125;0;82;0;
6915;5430242;1167937536;18563072;1297448960;0;0;0;0;0;0;0;0;0;0;0;1653;0;0;125;0;82;0;
6916;3672586;1167937536;18563072;1297448960;0;0;0;0;0;0;0;0;0;0;0;1613;0;0;125;0;82;0;
6917;2817573;1170034688;18563072;1297448960;0;0;0;0;0;0;0;0;0;0;0;1603;0;0;125;0;82;0;
6918;1996804;1170034688;18563072;1297448960;0;0;0;0;0;0;0;0;0;0;0;1483;0;0;125;0;82;0;
6919;2602450;1170034688;18563072;1297448960;0;0;0;0;0;0;0;0;0;0;0;1563;0;0;125;0;82;0;
6920;2034996;1170034688;18563072;1297448960;0;0;0;0;0;0;0;0;0;0;0;1412;0;0;125;0;82;0;
6921;5074846;1170034688;18563072;1297448960;0;0;0;0;0;0;0;0;0;0;0;1583;0;0;125;0;82;0;
6922;2364203;1170034688;18563072;1297448960;0;0;0;0;0;0;0;0;0;0;0;2285;0;0;125;0;82;0;
6923;3103259;1170034688;18563072;1297448960;0;0;0;0;0;0;0;0;0;0;0;1473;0;0;125;0;82;0;
6924;2017113;1170034688;18563072;1297448960;0;0;0;0;0;0;0;0;0;0;0;1783;0;0;125;0;82;0;
6925;3061721;1170034688;18563072;1297448960;0;0;0;0;0;0;0;0;0;0;0;1553;0;0;125;0;82;0;
6926;2249558;1170034688;18563072;1297448960;0;0;0;0;0;0;0;0;0;0;0;1734;0;0;125;0;82;0;
6927;6313778;1170034688;18563072;1297448960;0;0;0;0;0;0;0;0;0;0;0;1673;0;0;125;0;82;0;
6928;3907387;1170034688;18563072;1297448960;0;0;0;0;0;0;0;0;0;0;0;2815;0;0;125;0;82;0;
6929;2440977;1170034688;18563072;1297448960;0;0;0;0;0;0;0;0;0;0;0;1353;0;0;125;0;82;0;
6930;2585097;1170034688;18563072;1297448960;0;0;0;0;0;0;0;0;0;0;0;1924;0;0;125;0;82;0;
6931;3033057;1170034688;18563072;1297448960;0;0;0;0;0;0;0;0;0;0;0;1463;0;0;125;0;82;0;
6932;2001633;1170034688;18563072;1297448960;0;0;0;0;0;0;0;0;0;0;0;1213;0;0;125;0;82;0;
6933;5709696;1170034688;18563072;1297448960;0;0;0;0;0;0;0;0;0;0;0;1442;0;0;125;0;82;0;
6934;4656511;1170034688;18563072;1297448960;0;0;0;0;0;0;0;0;0;0;0;4679;0;0;125;0;82;0;
6935;2668674;1170034688;18563072;1297448960;0;0;0;0;0;0;0;0;0;0;0;1923;0;0;125;0;82;0;
6936;2051837;1170034688;18563072;1297448960;0;0;0;0;0;0;0;0;0;0;0;1432;0;0;125;0;82;0;
6937;3545328;1170034688;18563072;1297448960;0;0;0;0;0;0;0;0;0;0;0;2134;0;0;125;0;82;0;
6938;2462017;1170034688;18563072;1297448960;0;0;0;0;0;0;0;0;0;0;0;1674;0;0;125;0;82;0;
6939;4923912;1170034688;18563072;1297448960;0;0;0;0;0;0;0;0;0;0;0;1183;0;0;125;0;82;0;
6940;4035186;1170034688;18563072;1297448960;0;0;0;0;0;0;0;0;0;0;0;4479;0;0;125;0;82;0;
6941;3279460;1170034688;18563072;1297448960;0;0;0;0;0;0;0;0;0;0;0;1403;0;0;125;0;82;0;
6942;2010119;1170034688;18563072;1297448960;0;0;0;0;0;0;0;0;0;0;0;1943;0;0;125;0;82;0;
6943;2947126;1170034688;18563072;1297448960;0;0;0;0;0;0;0;0;0;0;0;1573;0;0;125;0;82;0;
6944;2032270;1170034688;18563072;1297448960;0;0;0;0;0;0;0;0;0;0;0;1723;0;0;125;0;82;0;
6945;4203982;1170034688;18563072;1297448960;0;0;0;0;0;0;0;0;0;0;0;1412;0;0;125;0;82;0;
6946;3630508;1170034688;18563072;1297448960;0;0;0;0;0;0;0;0;0;0;0;3797;0;0;125;0;82;0;
6947;3085626;1170034688;18563072;1297448960;0;0;0;0;0;0;0;0;0;0;0;1653;0;0;125;0;82;0;
6948;2177273;1170034688;18563072;1297448960;0;0;0;0;0;0;0;0;0;0;0;1332;0;0;125;0;82;0;
6949;2265819;1170034688;18563072;1297448960;0;0;0;0;0;0;0;0;0;0;0;1493;0;0;125;0;82;0;
6950;1366101;1170034688;18563072;1297448960;0;0;0;0;0;0;0;0;0;0;0;1463;0;0;125;0;82;0;
6951;5200251;1170034688;18563072;1297448960;0;0;0;0;0;0;0;0;0;0;0;1523;0;0;125;0;82;0;
6952;3129578;1170034688;18563072;1297448960;0;0;0;0;0;0;0;0;0;0;0;1582;0;0;125;0;82;0;
6953;1575895;1165344768;13156352;1292042240;0;0;0;0;0;0;0;0;0;0;0;1423;0;0;125;0;82;0;
6954;1325705;1165344768;13156352;1292042240;0;0;0;0;0;0;0;0;0;0;0;1573;0;0;125;0;82;0;
6955;2417553;1165344768;13156352;1292042240;0;0;0;0;0;0;0;0;0;0;0;1492;0;0;125;0;82;0;
6956;2184597;1165344768;13156352;1292042240;0;0;0;0;0;0;0;0;0;0;0;1573;0;0;125;0;82;0;
6957;4721584;1165344768;13156352;1292042240;0;0;0;0;0;0;0;0;0;0;0;1443;0;0;125;0;82;0;
6958;2676328;1165344768;13156352;1292042240;0;0;0;0;0;0;0;0;0;0;0;1623;0;0;125;0;82;0;
6959;2166973;1165344768;13156352;1292042240;0;0;0;0;0;0;0;0;0;0;0;1423;0;0;125;0;82;0;
6960;1812609;1165344768;13156352;1292042240;0;0;0;0;0;0;0;0;0;0;0;1483;0;0;125;0;82;0;
6961;2133360;1165344768;13156352;1292042240;0;0;0;0;0;0;0;0;0;0;0;1452;0;0;125;0;82;0;
6962;2010219;1165344768;13156352;1292042240;0;0;0;0;0;0;0;0;0;0;0;1413;0;0;125;0;82;0;
6963;5134187;1167974400;18563072;1297448960;0;0;0;0;0;0;0;0;0;0;0;75702;0;0;125;0;82;0;
6964;2587461;1167974400;18563072;1297448960;0;0;0;0;0;0;0;0;0;0;0;1583;0;0;125;0;82;0;
6965;1765901;1170071552;18563072;1297448960;0;0;0;0;0;0;0;0;0;0;0;1403;0;0;125;0;82;0;
6966;1471860;1170071552;18563072;1297448960;0;0;0;0;0;0;0;0;0;0;0;1443;0;0;125;0;82;0;
6967;2312667;1170071552;18563072;1297448960;0;0;0;0;0;0;0;0;0;0;0;1473;0;0;125;0;82;0;
6968;1645125;1170071552;18563072;1297448960;0;0;0;0;0;0;0;0;0;0;0;1493;0;0;125;0;82;0;
6969;4893996;1170071552;18563072;1297448960;0;0;0;0;0;0;0;0;0;0;0;1523;0;0;125;0;82;0;
6970;2890861;1170071552;18563072;1297448960;0;0;0;0;0;0;0;0;0;0;0;2094;0;0;125;0;82;0;
6971;1748228;1170071552;18563072;1297448960;0;0;0;0;0;0;0;0;0;0;0;1723;0;0;125;0;82;0;
6972;2288912;1170071552;18563072;1297448960;0;0;0;0;0;0;0;0;0;0;0;1693;0;0;125;0;82;0;
6973;2366648;1170071552;18563072;1297448960;0;0;0;0;0;0;0;0;0;0;0;1563;0;0;125;0;82;0;
6974;1745383;1170071552;18563072;1297448960;0;0;0;0;0;0;0;0;0;0;0;1533;0;0;125;0;82;0;
6975;4926177;1170071552;18563072;1297448960;0;0;0;0;0;0;0;0;0;0;0;1453;0;0;125;0;82;0;
6976;3074875;1170071552;18563072;1297448960;0;0;0;0;0;0;0;0;0;0;0;2044;0;0;125;0;82;0;
6977;2350477;1170071552;18563072;1297448960;0;0;0;0;0;0;0;0;0;0;0;1533;0;0;125;0;82;0;
6978;2055935;1170071552;18563072;1297448960;0;0;0;0;0;0;0;0;0;0;0;1433;0;0;125;0;82;0;
6979;2500368;1170071552;18563072;1297448960;0;0;0;0;0;0;0;0;0;0;0;1282;0;0;125;0;82;0;
6980;1658971;1170071552;18563072;1297448960;0;0;0;0;0;0;0;0;0;0;0;1473;0;0;125;0;82;0;
6981;4302427;1170071552;18563072;1297448960;0;0;0;0;0;0;0;0;0;0;0;1423;0;0;125;0;82;0;
6982;2597340;1170071552;18563072;1297448960;0;0;0;0;0;0;0;0;0;0;0;1673;0;0;125;0;82;0;
6983;2001202;1170071552;18563072;1297448960;0;0;0;0;0;0;0;0;0;0;0;1473;0;0;125;0;82;0;
6984;1113528;1170071552;18563072;1297448960;0;0;0;0;0;0;0;0;0;0;0;1443;0;0;125;0;82;0;
6985;2471214;1170071552;18563072;1297448960;0;0;0;0;0;0;0;0;0;0;0;1493;0;0;125;0;82;0;
6986;1831574;1170071552;18563072;1297448960;0;0;0;0;0;0;0;0;0;0;0;1563;0;0;125;0;82;0;
6987;5178651;1170071552;18563072;1297448960;0;0;0;0;0;0;0;0;0;0;0;1453;0;0;125;0;82;0;
6988;2042961;1170071552;18563072;1297448960;0;0;0;0;0;0;0;0;0;0;0;1653;0;0;125;0;82;0;
6989;2630082;1170071552;18563072;1297448960;0;0;0;0;0;0;0;0;0;0;0;1462;0;0;125;0;82;0;
6990;1795366;1170071552;18563072;1297448960;0;0;0;0;0;0;0;0;0;0;0;1473;0;0;125;0;82;0;
6991;2306134;1170071552;18563072;1297448960;0;0;0;0;0;0;0;0;0;0;0;1473;0;0;125;0;82;0;
6992;1668057;1170071552;18563072;1297448960;0;0;0;0;0;0;0;0;0;0;0;1393;0;0;125;0;82;0;
6993;5244524;1170071552;18563072;1297448960;0;0;0;0;0;0;0;0;0;0;0;1292;0;0;125;0;82;0;
6994;2978585;1170071552;18563072;1297448960;0;0;0;0;0;0;0;0;0;0;0;1573;0;0;125;0;82;0;
6995;2747221;1170071552;18563072;1297448960;0;0;0;0;0;0;0;0;0;0;0;1242;0;0;125;0;82;0;
6996;2209853;1170071552;18563072;1297448960;0;0;0;0;0;0;0;0;0;0;0;1713;0;0;125;0;82;0;
6997;2249398;1170071552;18563072;1297448960;0;0;0;0;0;0;0;0;0;0;0;1442;0;0;125;0;82;0;
6998;1941801;1170071552;18563072;1297448960;0;0;0;0;0;0;0;0;0;0;0;1613;0;0;125;0;82;0;
6999;4452278;1170071552;18563072;1297448960;0;0;0;0;0;0;0;0;0;0;0;1502;0;0;125;0;82;0;
7000;2962796;1170071552;18563072;1297448960;0;0;0;0;0;0;0;0;0;0;0;1493;0;0;125;0;82;0;
7001;3012699;1165385728;13156352;1292042240;0;0;0;0;0;0;0;0;0;0;0;1483;0;0;125;0;82;0;
7002;2863589;1165385728;13156352;1292042240;0;0;0;0;0;0;0;0;0;0;0;1413;0;0;125;0;82;0;
7003;2284884;1165385728;13156352;1292042240;0;0;0;0;0;0;0;0;0;0;0;1723;0;0;125;0;82;0;
7004;2295644;1165385728;13156352;1292042240;0;0;0;0;0;0;0;0;0;0;0;1393;0;0;125;0;82;0;
7005;5842745;1168015360;18563072;1297448960;0;0;0;0;0;0;0;0;0;0;0;1623;0;0;125;0;82;0;
7006;2170139;1168015360;18563072;1297448960;0;0;0;0;0;0;0;0;0;0;0;1472;0;0;125;0;82;0;
7007;2667352;1170112512;18563072;1297448960;0;0;0;0;0;0;0;0;0;0;0;52999;0;0;125;0;82;0;
7008;1152111;1170112512;18563072;1297448960;0;0;0;0;0;0;0;0;0;0;0;1482;0;0;125;0;82;0;
7009;2698890;1170112512;18563072;1297448960;0;0;0;0;0;0;0;0;0;0;0;1453;0;0;125;0;82;0;
7010;1921212;1170112512;18563072;1297448960;0;0;0;0;0;0;0;0;0;0;0;1743;0;0;125;0;82;0;
7011;5117976;1170112512;18563072;1297448960;0;0;0;0;0;0;0;0;0;0;0;1222;0;0;125;0;82;0;
7012;3669721;1170112512;18563072;1297448960;0;0;0;0;0;0;0;0;0;0;0;1803;0;0;125;0;82;0;
7013;2175549;1170112512;18563072;1297448960;0;0;0;0;0;0;0;0;0;0;0;1613;0;0;125;0;82;0;
7014;1941721;1170112512;18563072;1297448960;0;0;0;0;0;0;0;0;0;0;0;1453;0;0;125;0;82;0;
7015;2870563;1170112512;18563072;1297448960;0;0;0;0;0;0;0;0;0;0;0;1472;0;0;125;0;82;0;
7016;1844429;1170112512;18563072;1297448960;0;0;0;0;0;0;0;0;0;0;0;1463;0;0;125;0;82;0;
7017;5117886;1170112512;18563072;1297448960;0;0;0;0;0;0;0;0;0;0;0;1673;0;0;125;0;82;0;
7018;4194255;1170112512;18563072;1297448960;0;0;0;0;0;0;0;0;0;0;0;2034;0;0;125;0;82;0;
7019;2358582;1170112512;18563072;1297448960;0;0;0;0;0;0;0;0;0;0;0;1503;0;0;125;0;82;0;
7020;1607414;1170112512;18563072;1297448960;0;0;0;0;0;0;0;0;0;0;0;1783;0;0;125;0;82;0;
7021;3169303;1170112512;18563072;1297448960;0;0;0;0;0;0;0;0;0;0;0;1422;0;0;125;0;82;0;
7022;2088236;1170112512;18563072;1297448960;0;0;0;0;0;0;0;0;0;0;0;1593;0;0;125;0;82;0;
7023;4839945;1170112512;18563072;1297448960;0;0;0;0;0;0;0;0;0;0;0;1423;0;0;125;0;82;0;
7024;4039444;1170112512;18563072;1297448960;0;0;0;0;0;0;0;0;0;0;0;1883;0;0;125;0;82;0;
7025;2691005;1165406208;13156352;1292042240;0;0;0;0;0;0;0;0;0;0;0;1243;0;0;125;0;82;0;
7026;1510202;1165406208;13156352;1292042240;0;0;0;0;0;0;0;0;0;0;0;1502;0;0;125;0;82;0;
7027;2611156;1165406208;13156352;1292042240;0;0;0;0;0;0;0;0;0;0;0;1643;0;0;125;0;82;0;
7028;2061696;1165406208;13156352;1292042240;0;0;0;0;0;0;0;0;0;0;0;1453;0;0;125;0;82;0;
7029;5347887;1168035840;18563072;1297448960;0;0;0;0;0;0;0;0;0;0;0;1854;0;0;125;0;82;0;
7030;2519083;1168035840;18563072;1297448960;0;0;0;0;0;0;0;0;0;0;0;2234;0;0;125;0;82;0;
7031;2344817;1170132992;18563072;1297448960;0;0;0;0;0;0;0;0;0;0;0;1674;0;0;125;0;82;0;
7032;1195352;1170132992;18563072;1297448960;0;0;0;0;0;0;0;0;0;0;0;1483;0;0;125;0;82;0;
7033;1581866;1170132992;18563072;1297448960;0;0;0;0;0;0;0;0;0;0;0;1503;0;0;125;0;82;0;
7034;1776461;1170132992;18563072;1297448960;0;0;0;0;0;0;0;0;0;0;0;1462;0;0;125;0;82;0;
7035;4389551;1170132992;18563072;1297448960;0;0;0;0;0;0;0;0;0;0;0;1432;0;0;125;0;82;0;
7036;2007695;1170132992;18563072;1297448960;0;0;0;0;0;0;0;0;0;0;0;1823;0;0;125;0;82;0;
7037;2139411;1170132992;18563072;1297448960;0;0;0;0;0;0;0;0;0;0;0;1433;0;0;125;0;82;0;
7038;1085886;1170132992;18563072;1297448960;0;0;0;0;0;0;0;0;0;0;0;1433;0;0;125;0;82;0;
7039;1731697;1170132992;18563072;1297448960;0;0;0;0;0;0;0;0;0;0;0;1603;0;0;125;0;82;0;
7040;1479504;1170132992;18563072;1297448960;0;0;0;0;0;0;0;0;0;0;0;1533;0;0;125;0;82;0;
7041;4445125;1170132992;18563072;1297448960;0;0;0;0;0;0;0;0;0;0;0;1723;0;0;125;0;82;0;
7042;2452950;1170132992;18563072;1297448960;0;0;0;0;0;0;0;0;0;0;0;1994;0;0;125;0;82;0;
7043;2005531;1170132992;18563072;1297448960;0;0;0;0;0;0;0;0;0;0;0;1533;0;0;125;0;82;0;
7044;1877450;1170132992;18563072;1297448960;0;0;0;0;0;0;0;0;0;0;0;1533;0;0;125;0;82;0;
7045;2076334;1170132992;18563072;1297448960;0;0;0;0;0;0;0;0;0;0;0;1372;0;0;125;0;82;0;
7046;1261315;1170132992;18563072;1297448960;0;0;0;0;0;0;0;0;0;0;0;1433;0;0;125;0;82;0;
7047;4718658;1170132992;18563072;1297448960;0;0;0;0;0;0;0;0;0;0;0;1383;0;0;125;0;82;0;
7048;1151299;1170132992;18563072;1297448960;0;0;0;0;0;0;0;0;0;0;0;1493;0;0;125;0;82;0;
7049;2145583;1165426688;13156352;1292042240;0;0;0;0;0;0;0;0;0;0;0;1493;0;0;125;0;82;0;
7050;2265337;1165426688;13156352;1292042240;0;0;0;0;0;0;0;0;0;0;0;2103;0;0;125;0;82;0;
7051;2167584;1165426688;13156352;1292042240;0;0;0;0;0;0;0;0;0;0;0;1644;0;0;125;0;82;0;
7052;1959834;1165426688;13156352;1292042240;0;0;0;0;0;0;0;0;0;0;0;1432;0;0;125;0;82;0;
7053;5477019;1168056320;18563072;1297448960;0;0;0;0;0;0;0;0;0;0;0;1522;0;0;125;0;82;0;
7054;2920516;1168056320;18563072;1297448960;0;0;0;0;0;0;0;0;0;0;0;2465;0;0;125;0;82;0;
7055;2165070;1170358272;18558976;1297444864;0;0;0;0;0;0;0;0;0;0;0;1983;0;0;125;0;82;0;
7056;1729964;1170358272;18558976;1297444864;0;0;0;0;0;0;0;0;0;0;0;1482;0;0;125;0;82;0;
7057;2794720;1170358272;18558976;1297444864;0;0;0;0;0;0;0;0;0;0;0;1663;0;0;125;0;82;0;
7058;2379472;1170358272;18558976;1297444864;0;0;0;0;0;0;0;0;0;0;0;1683;0;0;125;0;82;0;
7059;5212173;1170358272;18558976;1297444864;0;0;0;0;0;0;0;0;0;0;0;1694;0;0;125;0;82;0;
7060;3138114;1170358272;18563072;1297448960;0;0;0;0;0;0;0;0;0;0;0;2084;0;0;125;0;82;0;
7061;2584206;1170358272;18563072;1297448960;0;0;0;0;0;0;0;0;0;0;0;1583;0;0;125;0;82;0;
7062;1500845;1170358272;18563072;1297448960;0;0;0;0;0;0;0;0;0;0;0;1562;0;0;125;0;82;0;
7063;1864446;1170358272;18563072;1297448960;0;0;0;0;0;0;0;0;0;0;0;1493;0;0;125;0;82;0;
7064;1608035;1170358272;18563072;1297448960;0;0;0;0;0;0;0;0;0;0;0;1283;0;0;125;0;82;0;
7065;4915197;1170358272;18563072;1297448960;0;0;0;0;0;0;0;0;0;0;0;1353;0;0;125;0;82;0;
7066;2601859;1170358272;18563072;1297448960;0;0;0;0;0;0;0;0;0;0;0;1613;0;0;125;0;82;0;
7067;2408757;1170358272;18563072;1297448960;0;0;0;0;0;0;0;0;0;0;0;1472;0;0;125;0;82;0;
7068;1985803;1170358272;18563072;1297448960;0;0;0;0;0;0;0;0;0;0;0;1643;0;0;125;0;82;0;
7069;2705222;1170358272;18563072;1297448960;0;0;0;0;0;0;0;0;0;0;0;1483;0;0;125;0;82;0;
7070;1987647;1170358272;18563072;1297448960;0;0;0;0;0;0;0;0;0;0;0;1483;0;0;125;0;82;0;
7071;4907192;1170358272;18563072;1297448960;0;0;0;0;0;0;0;0;0;0;0;1563;0;0;125;0;82;0;
7072;3088662;1170358272;18563072;1297448960;0;0;0;0;0;0;0;0;0;0;0;1994;0;0;125;0;82;0;
7073;3179301;1165447168;13156352;1292042240;0;0;0;0;0;0;0;0;0;0;0;1562;0;0;125;0;82;0;
7074;3337538;1165447168;13156352;1292042240;0;0;0;0;0;0;0;0;0;0;0;1613;0;0;125;0;82;0;
7075;2132558;1165447168;13156352;1292042240;0;0;0;0;0;0;0;0;0;0;0;1253;0;0;125;0;82;0;
7076;2061104;1165447168;13156352;1292042240;0;0;0;0;0;0;0;0;0;0;0;1463;0;0;125;0;82;0;
7077;5480196;1168076800;18563072;1297448960;0;0;0;0;0;0;0;0;0;0;0;2335;0;0;125;0;82;0;
7078;2891171;1168076800;18563072;1297448960;0;0;0;0;0;0;0;0;0;0;0;2164;0;0;125;0;82;0;
7079;3408301;1170173952;18563072;1297448960;0;0;0;0;0;0;0;0;0;0;0;1593;0;0;125;0;82;0;
7080;2542276;1170173952;18563072;1297448960;0;0;0;0;0;0;0;0;0;0;0;1483;0;0;125;0;82;0;
7081;3113769;1170173952;18563072;1297448960;0;0;0;0;0;0;0;0;0;0;0;1483;0;0;125;0;82;0;
7082;2074149;1170173952;18563072;1297448960;0;0;0;0;0;0;0;0;0;0;0;1333;0;0;125;0;82;0;
7083;4945624;1170173952;18563072;1297448960;0;0;0;0;0;0;0;0;0;0;0;1453;0;0;125;0;82;0;
7084;3518468;1170173952;18563072;1297448960;0;0;0;0;0;0;0;0;0;0;0;2074;0;0;125;0;82;0;
7085;2616926;1170173952;18563072;1297448960;0;0;0;0;0;0;0;0;0;0;0;1623;0;0;125;0;82;0;
7086;2172293;1170173952;18563072;1297448960;0;0;0;0;0;0;0;0;0;0;0;1603;0;0;125;0;82;0;
7087;2920707;1170173952;18563072;1297448960;0;0;0;0;0;0;0;0;0;0;0;1423;0;0;125;0;82;0;
7088;2087975;1170173952;18563072;1297448960;0;0;0;0;0;0;0;0;0;0;0;1573;0;0;125;0;82;0;
7089;5385508;1170173952;18563072;1297448960;0;0;0;0;0;0;0;0;0;0;0;1623;0;0;125;0;82;0;
7090;3559625;1170173952;18563072;1297448960;0;0;0;0;0;0;0;0;0;0;0;2495;0;0;125;0;82;0;
7091;3372493;1170173952;18563072;1297448960;0;0;0;0;0;0;0;0;0;0;0;1523;0;0;125;0;82;0;
7092;1962089;1170173952;18563072;1297448960;0;0;0;0;0;0;0;0;0;0;0;1673;0;0;125;0;82;0;
7093;2511259;1170173952;18563072;1297448960;0;0;0;0;0;0;0;0;0;0;0;1483;0;0;125;0;82;0;
7094;2270708;1170173952;18563072;1297448960;0;0;0;0;0;0;0;0;0;0;0;1633;0;0;125;0;82;0;
7095;5524990;1170173952;18563072;1297448960;0;0;0;0;0;0;0;0;0;0;0;1583;0;0;125;0;82;0;
7096;2507611;1170173952;18563072;1297448960;0;0;0;0;0;0;0;0;0;0;0;1914;0;0;125;0;82;0;
7097;2616155;1165467648;13156352;1292042240;0;0;0;0;0;0;0;0;0;0;0;1463;0;0;125;0;82;0;
7098;2251922;1165467648;13156352;1292042240;0;0;0;0;0;0;0;0;0;0;0;1473;0;0;125;0;82;0;
7099;2362550;1165467648;13156352;1292042240;0;0;0;0;0;0;0;0;0;0;0;1532;0;0;125;0;82;0;
7100;1419151;1165467648;13156352;1292042240;0;0;0;0;0;0;0;0;0;0;0;50665;0;0;125;0;82;0;
7101;5273878;1168097280;18563072;1297448960;0;0;0;0;0;0;0;0;0;0;0;1693;0;0;125;0;82;0;
7102;2554260;1168097280;18563072;1297448960;0;0;0;0;0;0;0;0;0;0;0;1593;0;0;125;0;82;0;
7103;3105854;1170194432;18563072;1297448960;0;0;0;0;0;0;0;0;0;0;0;1563;0;0;125;0;82;0;
7104;2450344;1170194432;18563072;1297448960;0;0;0;0;0;0;0;0;0;0;0;1493;0;0;125;0;82;0;
7105;2398277;1170194432;18563072;1297448960;0;0;0;0;0;0;0;0;0;0;0;1483;0;0;125;0;82;0;
7106;2425238;1170194432;18563072;1297448960;0;0;0;0;0;0;0;0;0;0;0;1573;0;0;125;0;82;0;
7107;5394265;1170194432;18563072;1297448960;0;0;0;0;0;0;0;0;0;0;0;1613;0;0;125;0;82;0;
7108;3065027;1170194432;18563072;1297448960;0;0;0;0;0;0;0;0;0;0;0;2074;0;0;125;0;82;0;
7109;2689844;1170194432;18563072;1297448960;0;0;0;0;0;0;0;0;0;0;0;1423;0;0;125;0;82;0;
7110;1601583;1170194432;18563072;1297448960;0;0;0;0;0;0;0;0;0;0;0;1533;0;0;125;0;82;0;
7111;2856055;1170194432;18563072;1297448960;0;0;0;0;0;0;0;0;0;0;0;1472;0;0;125;0;82;0;
7112;1515311;1170194432;18563072;1297448960;0;0;0;0;0;0;0;0;0;0;0;1433;0;0;125;0;82;0;
7113;5470327;1170194432;18563072;1297448960;0;0;0;0;0;0;0;0;0;0;0;1643;0;0;125;0;82;0;
7114;2954380;1170194432;18563072;1297448960;0;0;0;0;0;0;0;0;0;0;0;1543;0;0;125;0;82;0;
7115;3066590;1170194432;18563072;1297448960;0;0;0;0;0;0;0;0;0;0;0;1603;0;0;125;0;82;0;
7116;1373025;1170194432;18563072;1297448960;0;0;0;0;0;0;0;0;0;0;0;1813;0;0;125;0;82;0;
7117;2402034;1170194432;18563072;1297448960;0;0;0;0;0;0;0;0;0;0;0;1512;0;0;125;0;82;0;
7118;1975374;1170194432;18563072;1297448960;0;0;0;0;0;0;0;0;0;0;0;1533;0;0;125;0;82;0;
7119;5639074;1170194432;18563072;1297448960;0;0;0;0;0;0;0;0;0;0;0;1532;0;0;125;0;82;0;
7120;3221310;1170194432;18563072;1297448960;0;0;0;0;0;0;0;0;0;0;0;1943;0;0;125;0;82;0;
7121;2079990;1165488128;13156352;1292042240;0;0;0;0;0;0;0;0;0;0;0;1513;0;0;125;0;82;0;
7122;3205911;1165488128;13156352;1292042240;0;0;0;0;0;0;0;0;0;0;0;1573;0;0;125;0;82;0;
7123;2975159;1165488128;13156352;1292042240;0;0;0;0;0;0;0;0;0;0;0;1803;0;0;125;0;82;0;
7124;2573917;1165488128;13156352;1292042240;0;0;0;0;0;0;0;0;0;0;0;1733;0;0;125;0;82;0;
7125;5635667;1168117760;18563072;1297448960;0;0;0;0;0;0;0;0;0;0;0;1763;0;0;125;0;82;0;
7126;3432466;1168117760;18563072;1297448960;0;0;0;0;0;0;0;0;0;0;0;2164;0;0;125;0;82;0;
7127;4457187;1170214912;18563072;1297448960;0;0;0;0;0;0;0;0;0;0;0;1873;0;0;125;0;82;0;
7128;2564729;1170214912;18563072;1297448960;0;0;0;0;0;0;0;0;0;0;0;1553;0;0;125;0;82;0;
7129;3484844;1170214912;18563072;1297448960;0;0;0;0;0;0;0;0;0;0;0;1603;0;0;125;0;82;0;
7130;2429585;1170214912;18563072;1297448960;0;0;0;0;0;0;0;0;0;0;0;1533;0;0;125;0;82;0;
7131;5769528;1170214912;18563072;1297448960;0;0;0;0;0;0;0;0;0;0;0;1493;0;0;125;0;82;0;
7132;4045536;1170214912;18563072;1297448960;0;0;0;0;0;0;0;0;0;0;0;2976;0;0;125;0;82;0;
7133;2726092;1170214912;18563072;1297448960;0;0;0;0;0;0;0;0;0;0;0;1433;0;0;125;0;82;0;
7134;2618319;1170214912;18563072;1297448960;0;0;0;0;0;0;0;0;0;0;0;1673;0;0;125;0;82;0;
7135;2848842;1170214912;18563072;1297448960;0;0;0;0;0;0;0;0;0;0;0;1422;0;0;125;0;82;0;
7136;2191870;1170214912;18563072;1297448960;0;0;0;0;0;0;0;0;0;0;0;1463;0;0;125;0;82;0;
7137;5476619;1170214912;18563072;1297448960;0;0;0;0;0;0;0;0;0;0;0;1373;0;0;125;0;82;0;
7138;3487369;1170214912;18563072;1297448960;0;0;0;0;0;0;0;0;0;0;0;1783;0;0;125;0;82;0;
7139;3172489;1170214912;18563072;1297448960;0;0;0;0;0;0;0;0;0;0;0;1733;0;0;125;0;82;0;
7140;1781330;1170214912;18563072;1297448960;0;0;0;0;0;0;0;0;0;0;0;1563;0;0;125;0;82;0;
7141;2419868;1170214912;18563072;1297448960;0;0;0;0;0;0;0;0;0;0;0;1533;0;0;125;0;82;0;
7142;1926252;1170214912;18563072;1297448960;0;0;0;0;0;0;0;0;0;0;0;1713;0;0;125;0;82;0;
7143;5457794;1170214912;18563072;1297448960;0;0;0;0;0;0;0;0;0;0;0;1473;0;0;125;0;82;0;
7144;2464101;1170214912;18563072;1297448960;0;0;0;0;0;0;0;0;0;0;0;1714;0;0;125;0;82;0;
7145;1924940;1165508608;13156352;1292042240;0;0;0;0;0;0;0;0;0;0;0;1382;0;0;125;0;82;0;
7146;1985864;1165508608;13156352;1292042240;0;0;0;0;0;0;0;0;0;0;0;1643;0;0;125;0;82;0;
7147;2641153;1165508608;13156352;1292042240;0;0;0;0;0;0;0;0;0;0;0;1402;0;0;125;0;82;0;
7148;1346094;1165508608;13156352;1292042240;0;0;0;0;0;0;0;0;0;0;0;1683;0;0;125;0;82;0;
7149;5425313;1168138240;18563072;1297448960;0;0;0;0;0;0;0;0;0;0;0;1713;0;0;125;0;82;0;
7150;1880727;1168138240;18563072;1297448960;0;0;0;0;0;0;0;0;0;0;0;1553;0;0;125;0;82;0;
7151;2903534;1170235392;18563072;1297448960;0;0;0;0;0;0;0;0;0;0;0;1523;0;0;125;0;82;0;
7152;2134763;1170235392;18563072;1297448960;0;0;0;0;0;0;0;0;0;0;0;1483;0;0;125;0;82;0;
7153;3075788;1170235392;18563072;1297448960;0;0;0;0;0;0;0;0;0;0;0;1633;0;0;125;0;82;0;
7154;1909831;1170235392;18563072;1297448960;0;0;0;0;0;0;0;0;0;0;0;1944;0;0;125;0;82;0;
7155;5091847;1170235392;18563072;1297448960;0;0;0;0;0;0;0;0;0;0;0;1583;0;0;125;0;82;0;
7156;2532979;1170235392;18563072;1297448960;0;0;0;0;0;0;0;0;0;0;0;1713;0;0;125;0;82;0;
7157;2871604;1170440192;18558976;1297444864;0;0;0;0;0;0;0;0;0;0;0;1603;0;0;125;0;82;0;
7158;2324188;1170440192;18558976;1297444864;0;0;0;0;0;0;0;0;0;0;0;1463;0;0;125;0;82;0;
7159;2746169;1170440192;18558976;1297444864;0;0;0;0;0;0;0;0;0;0;0;1633;0;0;125;0;82;0;
7160;1748849;1170440192;18558976;1297444864;0;0;0;0;0;0;0;0;0;0;0;1433;0;0;125;0;82;0;
7161;5573521;1170440192;18558976;1297444864;0;0;0;0;0;0;0;0;0;0;0;1583;0;0;125;0;82;0;
7162;2742422;1170440192;18563072;1297448960;0;0;0;0;0;0;0;0;0;0;0;2104;0;0;125;0;82;0;
7163;1866179;1170440192;18563072;1297448960;0;0;0;0;0;0;0;0;0;0;0;1803;0;0;125;0;82;0;
7164;2538971;1170440192;18563072;1297448960;0;0;0;0;0;0;0;0;0;0;0;1723;0;0;125;0;82;0;
7165;2129974;1170440192;18563072;1297448960;0;0;0;0;0;0;0;0;0;0;0;1533;0;0;125;0;82;0;
7166;1880105;1170440192;18563072;1297448960;0;0;0;0;0;0;0;0;0;0;0;1633;0;0;125;0;82;0;
7167;4175920;1170440192;18563072;1297448960;0;0;0;0;0;0;0;0;0;0;0;1483;0;0;125;0;82;0;
7168;2153328;1170440192;18563072;1297448960;0;0;0;0;0;0;0;0;0;0;0;1553;0;0;125;0;82;0;
7169;2304140;1165529088;13156352;1292042240;0;0;0;0;0;0;0;0;0;0;0;1552;0;0;125;0;82;0;
7170;2018335;1165529088;13156352;1292042240;0;0;0;0;0;0;0;0;0;0;0;1593;0;0;125;0;82;0;
7171;2890470;1165529088;13156352;1292042240;0;0;0;0;0;0;0;0;0;0;0;1573;0;0;125;0;82;0;
7172;1973099;1165529088;13156352;1292042240;0;0;0;0;0;0;0;0;0;0;0;1723;0;0;125;0;82;0;
7173;5152962;1168158720;18563072;1297448960;0;0;0;0;0;0;0;0;0;0;0;1753;0;0;125;0;82;0;
7174;2833353;1168158720;18563072;1297448960;0;0;0;0;0;0;0;0;0;0;0;2766;0;0;125;0;82;0;
7175;3127774;1170255872;18563072;1297448960;0;0;0;0;0;0;0;0;0;0;0;1864;0;0;125;0;82;0;
7176;2156554;1170255872;18563072;1297448960;0;0;0;0;0;0;0;0;0;0;0;2124;0;0;125;0;82;0;
7177;2437190;1170255872;18563072;1297448960;0;0;0;0;0;0;0;0;0;0;0;1854;0;0;125;0;82;0;
7178;2667883;1170255872;18563072;1297448960;0;0;0;0;0;0;0;0;0;0;0;2184;0;0;125;0;82;0;
7179;5709175;1170255872;18563072;1297448960;0;0;0;0;0;0;0;0;0;0;0;2054;0;0;125;0;82;0;
7180;4260800;1170255872;18563072;1297448960;0;0;0;0;0;0;0;0;0;0;0;2765;0;0;125;0;82;0;
7181;2633979;1170255872;18563072;1297448960;0;0;0;0;0;0;0;0;0;0;0;95690;0;0;125;0;82;0;
7182;1986725;1170255872;18563072;1297448960;0;0;0;0;0;0;0;0;0;0;0;2104;0;0;125;0;82;0;
7183;2599515;1170255872;18563072;1297448960;0;0;0;0;0;0;0;0;0;0;0;1483;0;0;125;0;82;0;
7184;2627997;1170255872;18563072;1297448960;0;0;0;0;0;0;0;0;0;0;0;1773;0;0;125;0;82;0;
7185;4558267;1170255872;18563072;1297448960;0;0;0;0;0;0;0;0;0;0;0;1443;0;0;125;0;82;0;
7186;3468564;1170255872;18563072;1297448960;0;0;0;0;0;0;0;0;0;0;0;1663;0;0;125;0;82;0;
7187;1808781;1170255872;18563072;1297448960;0;0;0;0;0;0;0;0;0;0;0;1653;0;0;125;0;82;0;
7188;1986855;1170255872;18563072;1297448960;0;0;0;0;0;0;0;0;0;0;0;1713;0;0;125;0;82;0;
7189;2577884;1170255872;18563072;1297448960;0;0;0;0;0;0;0;0;0;0;0;1402;0;0;125;0;82;0;
7190;1376531;1170255872;18563072;1297448960;0;0;0;0;0;0;0;0;0;0;0;1543;0;0;125;0;82;0;
7191;4735880;1170255872;18563072;1297448960;0;0;0;0;0;0;0;0;0;0;0;1483;0;0;125;0;82;0;
7192;1911073;1170255872;18563072;1297448960;0;0;0;0;0;0;0;0;0;0;0;1613;0;0;125;0;82;0;
7193;2401353;1165553664;13156352;1292042240;0;0;0;0;0;0;0;0;0;0;0;1532;0;0;125;0;82;0;
7194;2034335;1165553664;13156352;1292042240;0;0;0;0;0;0;0;0;0;0;0;1593;0;0;125;0;82;0;
7195;2692840;1165553664;13156352;1292042240;0;0;0;0;0;0;0;0;0;0;0;1492;0;0;125;0;82;0;
7196;1670512;1165553664;13156352;1292042240;0;0;0;0;0;0;0;0;0;0;0;1623;0;0;125;0;82;0;
7197;5533726;1168183296;18563072;1297448960;0;0;0;0;0;0;0;0;0;0;0;1663;0;0;125;0;82;0;
7198;3088330;1168183296;18563072;1297448960;0;0;0;0;0;0;0;0;0;0;0;28082;0;0;125;0;82;0;
7199;2843753;1170280448;18563072;1297448960;0;0;0;0;0;0;0;0;0;0;0;1694;0;0;125;0;82;0;
7200;1786029;1170280448;18563072;1297448960;0;0;0;0;0;0;0;0;0;0;0;1863;0;0;125;0;82;0;
7201;2243517;1170280448;18563072;1297448960;0;0;0;0;0;0;0;0;0;0;0;1573;0;0;125;0;82;0;
7202;1894522;1170280448;18563072;1297448960;0;0;0;0;0;0;0;0;0;0;0;1393;0;0;125;0;82;0;
7203;4810390;1170280448;18563072;1297448960;0;0;0;0;0;0;0;0;0;0;0;1673;0;0;125;0;82;0;
7204;2805390;1170280448;18563072;1297448960;0;0;0;0;0;0;0;0;0;0;0;1913;0;0;125;0;82;0;
7205;2687459;1170280448;18563072;1297448960;0;0;0;0;0;0;0;0;0;0;0;1543;0;0;125;0;82;0;
7206;1856551;1170280448;18563072;1297448960;0;0;0;0;0;0;0;0;0;0;0;1803;0;0;125;0;82;0;
7207;2439455;1170280448;18563072;1297448960;0;0;0;0;0;0;0;0;0;0;0;1463;0;0;125;0;82;0;
7208;2111890;1170280448;18563072;1297448960;0;0;0;0;0;0;0;0;0;0;0;1733;0;0;125;0;82;0;
7209;5007469;1170280448;18563072;1297448960;0;0;0;0;0;0;0;0;0;0;0;1543;0;0;125;0;82;0;
7210;3042225;1170280448;18563072;1297448960;0;0;0;0;0;0;0;0;0;0;0;2234;0;0;125;0;82;0;
7211;2878818;1170280448;18563072;1297448960;0;0;0;0;0;0;0;0;0;0;0;1613;0;0;125;0;82;0;
7212;2487785;1170280448;18563072;1297448960;0;0;0;0;0;0;0;0;0;0;0;1863;0;0;125;0;82;0;
7213;1831153;1170280448;18563072;1297448960;0;0;0;0;0;0;0;0;0;0;0;1413;0;0;125;0;82;0;
7214;1779657;1170280448;18563072;1297448960;0;0;0;0;0;0;0;0;0;0;0;1402;0;0;125;0;82;0;
7215;4874269;1170280448;18563072;1297448960;0;0;0;0;0;0;0;0;0;0;0;1643;0;0;125;0;82;0;
7216;2381445;1170280448;18563072;1297448960;0;0;0;0;0;0;0;0;0;0;0;1943;0;0;125;0;82;0;
7217;2617227;1165574144;13156352;1292042240;0;0;0;0;0;0;0;0;0;0;0;1443;0;0;125;0;82;0;
7218;1557751;1165574144;13156352;1292042240;0;0;0;0;0;0;0;0;0;0;0;44874;0;0;125;0;82;0;
7219;3383494;1165574144;13156352;1292042240;0;0;0;0;0;0;0;0;0;0;0;1863;0;0;125;0;82;0;
7220;2310042;1165574144;13156352;1292042240;0;0;0;0;0;0;0;0;0;0;0;1683;0;0;125;0;82;0;
7221;5930059;1168203776;18563072;1297448960;0;0;0;0;0;0;0;0;0;0;0;1953;0;0;125;0;82;0;
7222;3384867;1168203776;18563072;1297448960;0;0;0;0;0;0;0;0;0;0;0;2775;0;0;125;0;82;0;
7223;3515723;1170300928;18563072;1297448960;0;0;0;0;0;0;0;0;0;0;0;23975;0;0;125;0;82;0;
7224;2053571;1170300928;18563072;1297448960;0;0;0;0;0;0;0;0;0;0;0;1954;0;0;125;0;82;0;
7225;3076228;1170300928;18563072;1297448960;0;0;0;0;0;0;0;0;0;0;0;1663;0;0;125;0;82;0;
7226;3389205;1170300928;18563072;1297448960;0;0;0;0;0;0;0;0;0;0;0;1913;0;0;125;0;82;0;
7227;5340724;1170300928;18563072;1297448960;0;0;0;0;0;0;0;0;0;0;0;1943;0;0;125;0;82;0;
7228;4149341;1170300928;18563072;1297448960;0;0;0;0;0;0;0;0;0;0;0;3085;0;0;125;0;82;0;
7229;2702077;1170300928;18563072;1297448960;0;0;0;0;0;0;0;0;0;0;0;1744;0;0;125;0;82;0;
7230;2815108;1170300928;18563072;1297448960;0;0;0;0;0;0;0;0;0;0;0;1833;0;0;125;0;82;0;
7231;9600442;1170300928;18563072;1297448960;0;0;0;0;0;0;0;0;0;0;0;1923;0;0;125;0;82;0;
7232;2426420;1170300928;18563072;1297448960;0;0;0;0;0;0;0;0;0;0;0;2284;0;0;125;0;82;0;
7233;5411136;1170567168;18563072;1297448960;0;0;0;0;0;0;0;0;0;0;0;1934;0;0;125;0;82;0;
7234;3437215;1170567168;18563072;1297448960;0;0;0;0;0;0;0;0;0;0;0;2655;0;0;125;0;82;0;
7235;3267396;1170567168;18563072;1297448960;0;0;0;0;0;0;0;0;0;0;0;1814;0;0;125;0;82;0;
7236;2663273;1170567168;18563072;1297448960;0;0;0;0;0;0;0;0;0;0;0;2014;0;0;125;0;82;0;
7237;2343154;1170567168;18563072;1297448960;0;0;0;0;0;0;0;0;0;0;0;1773;0;0;125;0;82;0;
7238;2150973;1170567168;18563072;1297448960;0;0;0;0;0;0;0;0;0;0;0;1623;0;0;125;0;82;0;
7239;5789345;1170567168;18563072;1297448960;0;0;0;0;0;0;0;0;0;0;0;2074;0;0;125;0;82;0;
7240;3710728;1170567168;18563072;1297448960;0;0;0;0;0;0;0;0;0;0;0;2154;0;0;125;0;82;0;
7241;2421982;1170567168;18563072;1297448960;0;0;0;0;0;0;0;0;0;0;0;1834;0;0;125;0;82;0;
7242;2264015;1170567168;18563072;1297448960;0;0;0;0;0;0;0;0;0;0;0;1773;0;0;125;0;82;0;
7243;2381966;1170567168;18563072;1297448960;0;0;0;0;0;0;0;0;0;0;0;1533;0;0;125;0;82;0;
7244;2370906;1170567168;18563072;1297448960;0;0;0;0;0;0;0;0;0;0;0;1763;0;0;125;0;82;0;
7245;5997776;1170567168;18563072;1297448960;0;0;0;0;0;0;0;0;0;0;0;1914;0;0;125;0;82;0;
7246;3296180;1170567168;18563072;1297448960;0;0;0;0;0;0;0;0;0;0;0;2445;0;0;125;0;82;0;
7247;3335674;1170567168;18563072;1297448960;0;0;0;0;0;0;0;0;0;0;0;2074;0;0;125;0;82;0;
7248;2289964;1170567168;18563072;1297448960;0;0;0;0;0;0;0;0;0;0;0;1903;0;0;125;0;82;0;
7249;3242159;1170567168;18563072;1297448960;0;0;0;0;0;0;0;0;0;0;0;1893;0;0;125;0;82;0;
7250;2021650;1170567168;18563072;1297448960;0;0;0;0;0;0;0;0;0;0;0;2294;0;0;125;0;82;0;
7251;5690620;1170567168;18563072;1297448960;0;0;0;0;0;0;0;0;0;0;0;1824;0;0;125;0;82;0;
7252;3473994;1170567168;18563072;1297448960;0;0;0;0;0;0;0;0;0;0;0;2985;0;0;125;0;82;0;
7253;3771812;1170567168;18563072;1297448960;0;0;0;0;0;0;0;0;0;0;0;2395;0;0;125;0;82;0;
7254;2270477;1170567168;18563072;1297448960;0;0;0;0;0;0;0;0;0;0;0;152546;0;0;125;0;82;0;
7255;2340909;1170567168;18563072;1297448960;0;0;0;0;0;0;0;0;0;0;0;2044;0;0;125;0;82;0;
7256;2960802;1170567168;18563072;1297448960;0;0;0;0;0;0;0;0;0;0;0;2104;0;0;125;0;82;0;
7257;5379677;1170567168;18563072;1297448960;0;0;0;0;0;0;0;0;0;0;0;1773;0;0;125;0;82;0;
7258;5201914;1170567168;18563072;1297448960;0;0;0;0;0;0;0;0;0;0;0;3928;0;0;125;0;82;0;
7259;4349666;1165611008;13156352;1292042240;0;0;0;0;0;0;0;0;0;0;0;3096;0;0;125;0;82;0;
7260;2927269;1165611008;13156352;1292042240;0;0;0;0;0;0;0;0;0;0;0;2425;0;0;125;0;82;0;
7261;2906460;1165611008;13156352;1292042240;0;0;0;0;0;0;0;0;0;0;0;1723;0;0;125;0;82;0;
7262;1904772;1165611008;13156352;1292042240;0;0;0;0;0;0;0;0;0;0;0;2405;0;0;125;0;82;0;
7263;5409774;1165611008;13156352;1292042240;0;0;0;0;0;0;0;0;0;0;0;2074;0;0;125;0;82;0;
7264;2950732;1165611008;13156352;1292042240;0;0;0;0;0;0;0;0;0;0;0;3026;0;0;125;0;82;0;
7265;3513609;1165611008;13156352;1292042240;0;0;0;0;0;0;0;0;0;0;0;8055;0;0;125;0;82;0;
7266;2033483;1165611008;13156352;1292042240;0;0;0;0;0;0;0;0;0;0;0;2314;0;0;125;0;82;0;
7267;2248696;1165611008;13156352;1292042240;0;0;0;0;0;0;0;0;0;0;0;1483;0;0;125;0;82;0;
7268;2202630;1165611008;13156352;1292042240;0;0;0;0;0;0;0;0;0;0;0;1873;0;0;125;0;82;0;
7269;6092343;1168240640;18563072;1297448960;0;0;0;0;0;0;0;0;0;0;0;1733;0;0;125;0;82;0;
7270;4483977;1168240640;18563072;1297448960;0;0;0;0;0;0;0;0;0;0;0;3106;0;0;125;0;82;0;
7271;3954494;1170337792;18563072;1297448960;0;0;0;0;0;0;0;0;0;0;0;2575;0;0;125;0;82;0;
7272;4221416;1170337792;18563072;1297448960;0;0;0;0;0;0;0;0;0;0;0;2826;0;0;125;0;82;0;
7273;3386400;1170604032;18563072;1297448960;0;0;0;0;0;0;0;0;0;0;0;2234;0;0;125;0;82;0;
7274;3228674;1170604032;18563072;1297448960;0;0;0;0;0;0;0;0;0;0;0;2224;0;0;125;0;82;0;
7275;5500814;1170604032;18563072;1297448960;0;0;0;0;0;0;0;0;0;0;0;1763;0;0;125;0;82;0;
7276;4761899;1170604032;18567168;1297453056;0;0;0;0;0;0;0;0;0;0;0;3256;0;0;125;0;82;0;
7277;3171757;1170604032;18567168;1297453056;0;0;0;0;0;0;0;0;0;0;0;2204;0;0;125;0;82;0;
7278;3277987;1170604032;18567168;1297453056;0;0;0;0;0;0;0;0;0;0;0;2855;0;0;125;0;82;0;
7279;3461240;1170604032;18567168;1297453056;0;0;0;0;0;0;0;0;0;0;0;2755;0;0;125;0;82;0;
7280;1913628;1170604032;18567168;1297453056;0;0;0;0;0;0;0;0;0;0;0;2144;0;0;125;0;82;0;
7281;5146320;1170604032;18567168;1297453056;0;0;0;0;0;0;0;0;0;0;0;1633;0;0;125;0;82;0;
7282;3449939;1170604032;18567168;1297453056;0;0;0;0;0;0;0;0;0;0;0;2715;0;0;125;0;82;0;
7283;2298590;1170604032;18567168;1297453056;0;0;0;0;0;0;0;0;0;0;0;1533;0;0;125;0;82;0;
7284;2126327;1170604032;18567168;1297453056;0;0;0;0;0;0;0;0;0;0;0;1553;0;0;125;0;82;0;
7285;1768636;1170604032;18567168;1297453056;0;0;0;0;0;0;0;0;0;0;0;1493;0;0;125;0;82;0;
7286;1673147;1170604032;18567168;1297453056;0;0;0;0;0;0;0;0;0;0;0;1533;0;0;125;0;82;0;
7287;3901134;1170604032;18567168;1297453056;0;0;0;0;0;0;0;0;0;0;0;1392;0;0;125;0;82;0;
7288;2676489;1170604032;18567168;1297453056;0;0;0;0;0;0;0;0;0;0;0;1573;0;0;125;0;82;0;
7289;2428183;1170644992;18563072;1297448960;0;0;0;0;0;0;0;0;0;0;0;1452;0;0;125;0;82;0;
7290;2818454;1170644992;18563072;1297448960;0;0;0;0;0;0;0;0;0;0;0;1633;0;0;125;0;82;0;
7291;2816380;1170644992;18563072;1297448960;0;0;0;0;0;0;0;0;0;0;0;1613;0;0;125;0;82;0;
7292;2722785;1170644992;18563072;1297448960;0;0;0;0;0;0;0;0;0;0;0;2144;0;0;125;0;82;0;
7293;4935123;1170644992;18563072;1297448960;0;0;0;0;0;0;0;0;0;0;0;1513;0;0;125;0;82;0;
7294;4512401;1170644992;18563072;1297448960;0;0;0;0;0;0;0;0;0;0;0;4158;0;0;125;0;83;0;
7295;2718538;1170644992;18563072;1297448960;0;0;0;0;0;0;0;0;0;0;0;1432;0;0;125;0;83;0;
7296;2563827;1170644992;18563072;1297448960;0;0;0;0;0;0;0;0;0;0;0;1583;0;0;125;0;83;0;
7297;2728176;1170644992;18563072;1297448960;0;0;0;0;0;0;0;0;0;0;0;114033;0;0;125;0;83;0;
7298;2821250;1170644992;18563072;1297448960;0;0;0;0;0;0;0;0;0;0;0;1422;0;0;125;0;83;0;
7299;4708208;1170644992;18563072;1297448960;0;0;0;0;0;0;0;0;0;0;0;1563;0;0;125;0;83;0;
7300;2804960;1170644992;18563072;1297448960;0;0;0;0;0;0;0;0;0;0;0;121978;0;0;125;0;84;0;
7301;3912837;1170644992;18563072;1297448960;0;0;0;0;0;0;0;0;0;0;0;1784;0;0;125;0;84;0;
7302;1913458;1170644992;18563072;1297448960;0;0;0;0;0;0;0;0;0;0;0;1774;0;0;125;0;84;0;
7303;2479258;1170644992;18563072;1297448960;0;0;0;0;0;0;0;0;0;0;0;1623;0;0;125;0;84;0;
7304;2346059;1170644992;18563072;1297448960;0;0;0;0;0;0;0;0;0;0;0;1713;0;0;125;0;84;0;
7305;5169293;1170644992;18563072;1297448960;0;0;0;0;0;0;0;0;0;0;0;1432;0;0;125;0;84;0;
7306;2743404;1170644992;18563072;1297448960;0;0;0;0;0;0;0;0;0;0;0;2885;0;0;125;0;84;0;
7307;3068984;1165656064;13156352;1292042240;0;0;0;0;0;0;0;0;0;0;0;51968;0;0;125;0;84;0;
7308;2011111;1165656064;13156352;1292042240;0;0;0;0;0;0;0;0;0;0;0;1533;0;0;125;0;84;0;
7309;2651782;1165656064;13156352;1292042240;0;0;0;0;0;0;0;0;0;0;0;1473;0;0;125;0;84;0;
7310;2299812;1165656064;13156352;1292042240;0;0;0;0;0;0;0;0;0;0;0;1803;0;0;125;0;84;0;
7311;5524649;1168285696;18563072;1297448960;0;0;0;0;0;0;0;0;0;0;0;1944;0;0;125;0;84;0;
7312;3625819;1168285696;18563072;1297448960;0;0;0;0;0;0;0;0;0;0;0;1944;0;0;125;0;84;0;
7313;2770925;1170382848;18563072;1297448960;0;0;0;0;0;0;0;0;0;0;0;1764;0;0;125;0;84;0;
7314;3044919;1170382848;18563072;1297448960;0;0;0;0;0;0;0;0;0;0;0;1613;0;0;125;0;84;0;
7315;3028920;1170649088;18563072;1297448960;0;0;0;0;0;0;0;0;0;0;0;1552;0;0;125;0;84;0;
7316;2350488;1170649088;18563072;1297448960;0;0;0;0;0;0;0;0;0;0;0;1653;0;0;125;0;84;0;
7317;4746309;1170649088;18563072;1297448960;0;0;0;0;0;0;0;0;0;0;0;1573;0;0;125;0;84;0;
7318;2696405;1170649088;18563072;1297448960;0;0;0;0;0;0;0;0;0;0;0;59432;0;0;125;0;84;0;
7319;1911945;1170649088;18563072;1297448960;0;0;0;0;0;0;0;0;0;0;0;1532;0;0;125;0;84;0;
7320;1609738;1170649088;18563072;1297448960;0;0;0;0;0;0;0;0;0;0;0;1513;0;0;125;0;84;0;
7321;2663925;1170649088;18563072;1297448960;0;0;0;0;0;0;0;0;0;0;0;2414;0;0;125;0;85;0;
7322;2732463;1170649088;18563072;1297448960;0;0;0;0;0;0;0;0;0;0;0;1783;0;0;125;0;85;0;
7323;4748313;1170649088;18563072;1297448960;0;0;0;0;0;0;0;0;0;0;0;1232;0;0;125;0;85;0;
7324;3287003;1170649088;18563072;1297448960;0;0;0;0;0;0;0;0;0;0;0;2435;0;0;125;0;85;0;
7325;4357210;1170649088;18563072;1297448960;0;0;0;0;0;0;0;0;0;0;0;1833;0;0;125;0;85;0;
7326;3132794;1170649088;18563072;1297448960;0;0;0;0;0;0;0;0;0;0;0;1744;0;0;125;0;85;0;
7327;2882184;1170649088;18563072;1297448960;0;0;0;0;0;0;0;0;0;0;0;1442;0;0;125;0;85;0;
7328;3192636;1170649088;18563072;1297448960;0;0;0;0;0;0;0;0;0;0;0;1583;0;0;125;0;85;0;
7329;7039359;1170649088;18563072;1297448960;0;0;0;0;0;0;0;0;0;0;0;1603;0;0;125;0;85;0;
7330;4962064;1170649088;18563072;1297448960;0;0;0;0;0;0;0;0;0;0;0;2755;0;0;125;0;85;0;
7331;3496647;1165676544;13156352;1292042240;0;0;0;0;0;0;0;0;0;0;0;2184;0;0;125;0;85;0;
7332;2680997;1165676544;13156352;1292042240;0;0;0;0;0;0;0;0;0;0;0;2124;0;0;125;0;85;0;
7333;2715843;1165676544;13156352;1292042240;0;0;0;0;0;0;0;0;0;0;0;1403;0;0;125;0;85;0;
7334;3098239;1165676544;13156352;1292042240;0;0;0;0;0;0;0;0;0;0;0;1553;0;0;125;0;85;0;
7335;6158698;1168306176;18563072;1297448960;0;0;0;0;0;0;0;0;0;0;0;1883;0;0;125;0;85;0;
7336;3197566;1168306176;18563072;1297448960;0;0;0;0;0;0;0;0;0;0;0;2164;0;0;125;0;85;0;
7337;2114655;1170403328;18563072;1297448960;0;0;0;0;0;0;0;0;0;0;0;1483;0;0;125;0;85;0;
7338;2021230;1170403328;18563072;1297448960;0;0;0;0;0;0;0;0;0;0;0;1613;0;0;125;0;85;0;
7339;1978290;1170669568;18563072;1297448960;0;0;0;0;0;0;0;0;0;0;0;1562;0;0;125;0;85;0;
7340;2074980;1170669568;18563072;1297448960;0;0;0;0;0;0;0;0;0;0;0;1543;0;0;125;0;85;0;
7341;4131707;1170669568;18563072;1297448960;0;0;0;0;0;0;0;0;0;0;0;1413;0;0;125;0;85;0;
7342;2799098;1170669568;18563072;1297448960;0;0;0;0;0;0;0;0;0;0;0;2284;0;0;125;0;85;0;
7343;3137703;1170669568;18563072;1297448960;0;0;0;0;0;0;0;0;0;0;0;31118;0;0;125;0;85;0;
7344;2514195;1170669568;18563072;1297448960;0;0;0;0;0;0;0;0;0;0;0;1493;0;0;125;0;85;0;
7345;2277330;1170669568;18563072;1297448960;0;0;0;0;0;0;0;0;0;0;0;1372;0;0;125;0;85;0;
7346;1781430;1170669568;18563072;1297448960;0;0;0;0;0;0;0;0;0;0;0;1613;0;0;125;0;85;0;
7347;5374227;1170669568;18563072;1297448960;0;0;0;0;0;0;0;0;0;0;0;1443;0;0;125;0;85;0;
7348;2440586;1170669568;18563072;1297448960;0;0;0;0;0;0;0;0;0;0;0;1703;0;0;125;0;85;0;
7349;3277295;1170669568;18563072;1297448960;0;0;0;0;0;0;0;0;0;0;0;1673;0;0;125;0;85;0;
7350;1985583;1170669568;18563072;1297448960;0;0;0;0;0;0;0;0;0;0;0;1794;0;0;125;0;85;0;
7351;2674214;1170669568;18563072;1297448960;0;0;0;0;0;0;0;0;0;0;0;1523;0;0;125;0;85;0;
7352;2608772;1170669568;18563072;1297448960;0;0;0;0;0;0;0;0;0;0;0;1894;0;0;125;0;85;0;
7353;5304326;1170669568;18563072;1297448960;0;0;0;0;0;0;0;0;0;0;0;1513;0;0;125;0;85;0;
7354;3693315;1170669568;18563072;1297448960;0;0;0;0;0;0;0;0;0;0;0;1833;0;0;125;0;85;0;
7355;2595246;1165697024;13156352;1292042240;0;0;0;0;0;0;0;0;0;0;0;2414;0;0;125;0;88;0;
7356;1744341;1165697024;13156352;1292042240;0;0;0;0;0;0;0;0;0;0;0;1433;0;0;125;0;88;0;
7357;1856632;1165697024;13156352;1292042240;0;0;0;0;0;0;0;0;0;0;0;1583;0;0;125;0;88;0;
7358;1208636;1165697024;13156352;1292042240;0;0;0;0;0;0;0;0;0;0;0;1834;0;0;125;0;88;0;
7359;5657799;1168326656;18563072;1297448960;0;0;0;0;0;0;0;0;0;0;0;1603;0;0;125;0;88;0;
7360;2459502;1168326656;18563072;1297448960;0;0;0;0;0;0;0;0;0;0;0;1954;0;0;125;0;88;0;
7361;2574838;1170423808;18563072;1297448960;0;0;0;0;0;0;0;0;0;0;0;1914;0;0;125;0;88;0;
7362;1671985;1170423808;18563072;1297448960;0;0;0;0;0;0;0;0;0;0;0;1783;0;0;125;0;88;0;
7363;2285315;1170690048;18563072;1297448960;0;0;0;0;0;0;0;0;0;0;0;1472;0;0;125;0;88;0;
7364;1708503;1170690048;18563072;1297448960;0;0;0;0;0;0;0;0;0;0;0;1443;0;0;125;0;88;0;
7365;5419151;1170690048;18563072;1297448960;0;0;0;0;0;0;0;0;0;0;0;1262;0;0;125;0;88;0;
7366;2171773;1170690048;18563072;1297448960;0;0;0;0;0;0;0;0;0;0;0;1874;0;0;125;0;88;0;
7367;2290865;1170690048;18563072;1297448960;0;0;0;0;0;0;0;0;0;0;0;1583;0;0;125;0;88;0;
7368;1647780;1170690048;18563072;1297448960;0;0;0;0;0;0;0;0;0;0;0;1674;0;0;125;0;88;0;
7369;2610966;1170690048;18563072;1297448960;0;0;0;0;0;0;0;0;0;0;0;1693;0;0;125;0;88;0;
7370;1993999;1170690048;18563072;1297448960;0;0;0;0;0;0;0;0;0;0;0;1493;0;0;125;0;88;0;
7371;5124058;1170690048;18563072;1297448960;0;0;0;0;0;0;0;0;0;0;0;1453;0;0;125;0;88;0;
7372;4783228;1170690048;18563072;1297448960;0;0;0;0;0;0;0;0;0;0;0;2234;0;0;125;0;88;0;
7373;2106089;1170690048;18563072;1297448960;0;0;0;0;0;0;0;0;0;0;0;1553;0;0;125;0;88;0;
7374;1693105;1170690048;18563072;1297448960;0;0;0;0;0;0;0;0;0;0;0;1513;0;0;125;0;88;0;
7375;2317095;1170690048;18563072;1297448960;0;0;0;0;0;0;0;0;0;0;0;1743;0;0;125;0;88;0;
7376;2134202;1170690048;18563072;1297448960;0;0;0;0;0;0;0;0;0;0;0;1533;0;0;125;0;88;0;
7377;5316328;1170690048;18563072;1297448960;0;0;0;0;0;0;0;0;0;0;0;1342;0;0;125;0;88;0;
7378;2740338;1170690048;18563072;1297448960;0;0;0;0;0;0;0;0;0;0;0;1603;0;0;125;0;88;0;
7379;2426991;1165717504;13156352;1292042240;0;0;0;0;0;0;0;0;0;0;0;1413;0;0;125;0;88;0;
7380;2223038;1165717504;13156352;1292042240;0;0;0;0;0;0;0;0;0;0;0;1513;0;0;125;0;88;0;
7381;2310612;1165717504;13156352;1292042240;0;0;0;0;0;0;0;0;0;0;0;1613;0;0;125;0;88;0;
7382;1619967;1165717504;13156352;1292042240;0;0;0;0;0;0;0;0;0;0;0;1212;0;0;125;0;88;0;
7383;5508980;1168347136;18563072;1297448960;0;0;0;0;0;0;0;0;0;0;0;1653;0;0;125;0;88;0;
7384;2608111;1168347136;18563072;1297448960;0;0;0;0;0;0;0;0;0;0;0;1873;0;0;125;0;88;0;
7385;2697598;1170444288;18563072;1297448960;0;0;0;0;0;0;0;0;0;0;0;1432;0;0;125;0;88;0;
7386;1553283;1170444288;18563072;1297448960;0;0;0;0;0;0;0;0;0;0;0;1773;0;0;125;0;88;0;
7387;2209984;1170710528;18563072;1297448960;0;0;0;0;0;0;0;0;0;0;0;1192;0;0;125;0;88;0;
7388;1995111;1170710528;18563072;1297448960;0;0;0;0;0;0;0;0;0;0;0;1482;0;0;125;0;88;0;
7389;4969859;1170710528;18563072;1297448960;0;0;0;0;0;0;0;0;0;0;0;1643;0;0;125;0;88;0;
7390;2799018;1170710528;18563072;1297448960;0;0;0;0;0;0;0;0;0;0;0;1633;0;0;125;0;88;0;
7391;2743565;1170710528;18563072;1297448960;0;0;0;0;0;0;0;0;0;0;0;1443;0;0;125;0;88;0;
7392;1773946;1170710528;18563072;1297448960;0;0;0;0;0;0;0;0;0;0;0;1733;0;0;125;0;88;0;
7393;2367389;1170710528;18563072;1297448960;0;0;0;0;0;0;0;0;0;0;0;1422;0;0;125;0;88;0;
7394;2023384;1170710528;18563072;1297448960;0;0;0;0;0;0;0;0;0;0;0;1553;0;0;125;0;88;0;
7395;4968927;1170710528;18563072;1297448960;0;0;0;0;0;0;0;0;0;0;0;1462;0;0;125;0;88;0;
7396;2763332;1170710528;18563072;1297448960;0;0;0;0;0;0;0;0;0;0;0;1693;0;0;125;0;88;0;
7397;2624040;1170710528;18563072;1297448960;0;0;0;0;0;0;0;0;0;0;0;1513;0;0;125;0;88;0;
7398;2081853;1170710528;18563072;1297448960;0;0;0;0;0;0;0;0;0;0;0;1573;0;0;125;0;88;0;
7399;2405481;1170710528;18563072;1297448960;0;0;0;0;0;0;0;0;0;0;0;1443;0;0;125;0;88;0;
7400;2088816;1170710528;18563072;1297448960;0;0;0;0;0;0;0;0;0;0;0;1553;0;0;125;0;88;0;
7401;5264120;1170710528;18563072;1297448960;0;0;0;0;0;0;0;0;0;0;0;1633;0;0;125;0;88;0;
7402;3453886;1170710528;18563072;1297448960;0;0;0;0;0;0;0;0;0;0;0;1543;0;0;125;0;88;0;
7403;2411772;1165737984;13156352;1292042240;0;0;0;0;0;0;0;0;0;0;0;1462;0;0;125;0;88;0;
7404;2544100;1165737984;13156352;1292042240;0;0;0;0;0;0;0;0;0;0;0;1613;0;0;125;0;88;0;
7405;2928952;1165737984;13156352;1292042240;0;0;0;0;0;0;0;0;0;0;0;2565;0;0;125;0;90;0;
7406;2033623;1165737984;13156352;1292042240;0;0;0;0;0;0;0;0;0;0;0;1513;0;0;125;0;90;0;
7407;5990272;1168367616;18563072;1297448960;0;0;0;0;0;0;0;0;0;0;0;1623;0;0;125;0;90;0;
7408;3373295;1168367616;18563072;1297448960;0;0;0;0;0;0;0;0;0;0;0;1884;0;0;125;0;90;0;
7409;2541916;1170464768;18563072;1297448960;0;0;0;0;0;0;0;0;0;0;0;1432;0;0;125;0;90;0;
7410;2389581;1170464768;18563072;1297448960;0;0;0;0;0;0;0;0;0;0;0;1583;0;0;125;0;90;0;
7411;2561673;1170731008;18563072;1297448960;0;0;0;0;0;0;0;0;0;0;0;1603;0;0;125;0;90;0;
7412;1971577;1170731008;18563072;1297448960;0;0;0;0;0;0;0;0;0;0;0;1503;0;0;125;0;90;0;
7413;5433598;1170731008;18563072;1297448960;0;0;0;0;0;0;0;0;0;0;0;1442;0;0;125;0;90;0;
7414;3959233;1170731008;18563072;1297448960;0;0;0;0;0;0;0;0;0;0;0;3737;0;0;125;0;90;0;
7415;2844664;1170731008;18563072;1297448960;0;0;0;0;0;0;0;0;0;0;0;1533;0;0;125;0;90;0;
7416;2003667;1170731008;18563072;1297448960;0;0;0;0;0;0;0;0;0;0;0;1523;0;0;125;0;90;0;
7417;2841788;1170731008;18563072;1297448960;0;0;0;0;0;0;0;0;0;0;0;1533;0;0;125;0;90;0;
7418;1480677;1170731008;18563072;1297448960;0;0;0;0;0;0;0;0;0;0;0;1533;0;0;125;0;90;0;
7419;5368055;1170731008;18563072;1297448960;0;0;0;0;0;0;0;0;0;0;0;1623;0;0;125;0;90;0;
7420;3793112;1170731008;18563072;1297448960;0;0;0;0;0;0;0;0;0;0;0;1874;0;0;125;0;90;0;
7421;2594154;1170731008;18563072;1297448960;0;0;0;0;0;0;0;0;0;0;0;1483;0;0;125;0;90;0;
7422;2081964;1170731008;18563072;1297448960;0;0;0;0;0;0;0;0;0;0;0;1533;0;0;125;0;90;0;
7423;2747471;1170731008;18563072;1297448960;0;0;0;0;0;0;0;0;0;0;0;1512;0;0;125;0;90;0;
7424;1809573;1170731008;18563072;1297448960;0;0;0;0;0;0;0;0;0;0;0;1843;0;0;125;0;90;0;
7425;5099682;1170731008;18563072;1297448960;0;0;0;0;0;0;0;0;0;0;0;1463;0;0;125;0;90;0;
7426;2485150;1170731008;18563072;1297448960;0;0;0;0;0;0;0;0;0;0;0;1573;0;0;125;0;90;0;
7427;6936456;1165774848;13156352;1292042240;0;0;0;0;0;0;0;0;0;0;0;1523;0;0;125;0;90;0;
7428;3515412;1165774848;13156352;1292042240;0;0;0;0;0;0;0;0;0;0;0;2034;0;0;125;0;90;0;
7429;3433277;1165774848;13156352;1292042240;0;0;0;0;0;0;0;0;0;0;0;1713;0;0;125;0;90;0;
7430;2784561;1165774848;13156352;1292042240;0;0;0;0;0;0;0;0;0;0;0;1783;0;0;125;0;90;0;
7431;5803421;1168404480;18563072;1297448960;0;0;0;0;0;0;0;0;0;0;0;1734;0;0;125;0;90;0;
7432;3853475;1168404480;18563072;1297448960;0;0;0;0;0;0;0;0;0;0;0;2525;0;0;125;0;90;0;
7433;2698740;1170706432;18558976;1297444864;0;0;0;0;0;0;0;0;0;0;0;1884;0;0;125;0;90;0;
7434;1974352;1170706432;18558976;1297444864;0;0;0;0;0;0;0;0;0;0;0;1713;0;0;125;0;90;0;
7435;3295750;1170706432;18558976;1297444864;0;0;0;0;0;0;0;0;0;0;0;1784;0;0;125;0;90;0;
7436;2792526;1170706432;18558976;1297444864;0;0;0;0;0;0;0;0;0;0;0;1743;0;0;125;0;90;0;
7437;5511694;1170706432;18558976;1297444864;0;0;0;0;0;0;0;0;0;0;0;1413;0;0;125;0;90;0;
7438;2453771;1170706432;18563072;1297448960;0;0;0;0;0;0;0;0;0;0;0;1713;0;0;125;0;90;0;
7439;2798918;1170706432;18563072;1297448960;0;0;0;0;0;0;0;0;0;0;0;1433;0;0;125;0;90;0;
7440;1361633;1170706432;18563072;1297448960;0;0;0;0;0;0;0;0;0;0;0;1523;0;0;125;0;90;0;
7441;2277040;1170706432;18563072;1297448960;0;0;0;0;0;0;0;0;0;0;0;1493;0;0;125;0;90;0;
7442;1713213;1170706432;18563072;1297448960;0;0;0;0;0;0;0;0;0;0;0;1483;0;0;125;0;90;0;
7443;5073923;1170706432;18563072;1297448960;0;0;0;0;0;0;0;0;0;0;0;1563;0;0;125;0;90;0;
7444;2687308;1170706432;18563072;1297448960;0;0;0;0;0;0;0;0;0;0;0;1653;0;0;125;0;90;0;
7445;2561183;1170706432;18563072;1297448960;0;0;0;0;0;0;0;0;0;0;0;1423;0;0;125;0;90;0;
7446;2402725;1170706432;18563072;1297448960;0;0;0;0;0;0;0;0;0;0;0;1232;0;0;125;0;90;0;
7447;2680626;1170706432;18563072;1297448960;0;0;0;0;0;0;0;0;0;0;0;1733;0;0;125;0;90;0;
7448;2611166;1170706432;18563072;1297448960;0;0;0;0;0;0;0;0;0;0;0;1814;0;0;125;0;90;0;
7449;5507367;1170706432;18563072;1297448960;0;0;0;0;0;0;0;0;0;0;0;1603;0;0;125;0;90;0;
7450;2457909;1170706432;18563072;1297448960;0;0;0;0;0;0;0;0;0;0;0;2885;0;0;125;0;90;0;
7451;2224061;1165795328;13156352;1292042240;0;0;0;0;0;0;0;0;0;0;0;1784;0;0;125;0;90;0;
7452;2132999;1165795328;13156352;1292042240;0;0;0;0;0;0;0;0;0;0;0;1713;0;0;125;0;90;0;
7453;2097824;1165795328;13156352;1292042240;0;0;0;0;0;0;0;0;0;0;0;1483;0;0;125;0;90;0;
7454;1798282;1165795328;13156352;1292042240;0;0;0;0;0;0;0;0;0;0;0;1573;0;0;125;0;90;0;
7455;5318032;1168424960;18563072;1297448960;0;0;0;0;0;0;0;0;0;0;0;2164;0;0;125;0;90;0;
7456;3142072;1168424960;18563072;1297448960;0;0;0;0;0;0;0;0;0;0;0;2835;0;0;125;0;90;0;
7457;3464776;1170522112;18563072;1297448960;0;0;0;0;0;0;0;0;0;0;0;1934;0;0;125;0;90;0;
7458;2419507;1170522112;18563072;1297448960;0;0;0;0;0;0;0;0;0;0;0;2154;0;0;125;0;90;0;
7459;3361893;1170788352;18563072;1297448960;0;0;0;0;0;0;0;0;0;0;0;2225;0;0;125;0;90;0;
7460;2713217;1170788352;18563072;1297448960;0;0;0;0;0;0;0;0;0;0;0;2294;0;0;125;0;90;0;
7461;6355957;1170788352;18563072;1297448960;0;0;0;0;0;0;0;0;0;0;0;1994;0;0;125;0;90;0;
7462;2956664;1170788352;18563072;1297448960;0;0;0;0;0;0;0;0;0;0;0;2374;0;0;125;0;90;0;
7463;4353653;1170788352;18563072;1297448960;0;0;0;0;0;0;0;0;0;0;0;1954;0;0;125;0;90;0;
7464;2619873;1170788352;18563072;1297448960;0;0;0;0;0;0;0;0;0;0;0;2505;0;0;125;0;90;0;
7465;2607369;1170788352;18563072;1297448960;0;0;0;0;0;0;0;0;0;0;0;2495;0;0;125;0;90;0;
7466;2242454;1170788352;18563072;1297448960;0;0;0;0;0;0;0;0;0;0;0;2134;0;0;125;0;90;0;
7467;5664732;1170788352;18563072;1297448960;0;0;0;0;0;0;0;0;0;0;0;2725;0;0;125;0;92;0;
7468;2955402;1170788352;18563072;1297448960;0;0;0;0;0;0;0;0;0;0;0;2445;0;0;125;0;92;0;
7469;3224156;1170788352;18563072;1297448960;0;0;0;0;0;0;0;0;0;0;0;1944;0;0;125;0;92;0;
7470;2590056;1170788352;18563072;1297448960;0;0;0;0;0;0;0;0;0;0;0;2054;0;0;125;0;92;0;
7471;3191604;1170788352;18563072;1297448960;0;0;0;0;0;0;0;0;0;0;0;1964;0;0;125;0;92;0;
7472;2408897;1170788352;18563072;1297448960;0;0;0;0;0;0;0;0;0;0;0;1944;0;0;125;0;92;0;
7473;5615188;1170788352;18563072;1297448960;0;0;0;0;0;0;0;0;0;0;0;1833;0;0;125;0;92;0;
7474;3164604;1170788352;18563072;1297448960;0;0;0;0;0;0;0;0;0;0;0;3136;0;0;125;0;92;0;
7475;2883687;1165815808;13156352;1292042240;0;0;0;0;0;0;0;0;0;0;0;2154;0;0;125;0;92;0;
7476;2103714;1165815808;13156352;1292042240;0;0;0;0;0;0;0;0;0;0;0;1773;0;0;125;0;92;0;
7477;2150893;1165815808;13156352;1292042240;0;0;0;0;0;0;0;0;0;0;0;1853;0;0;125;0;92;0;
7478;2923402;1165815808;13156352;1292042240;0;0;0;0;0;0;0;0;0;0;0;1933;0;0;125;0;92;0;
7479;6954009;1168445440;18563072;1297448960;0;0;0;0;0;0;0;0;0;0;0;2044;0;0;125;0;92;0;
7480;4787857;1168445440;18563072;1297448960;0;0;0;0;0;0;0;0;0;0;0;4989;0;0;125;0;92;0;
7481;2925646;1170542592;18563072;1297448960;0;0;0;0;0;0;0;0;0;0;0;2364;0;0;125;0;92;0;
7482;2110207;1170542592;18563072;1297448960;0;0;0;0;0;0;0;0;0;0;0;2094;0;0;125;0;92;0;
7483;2938530;1170808832;18563072;1297448960;0;0;0;0;0;0;0;0;0;0;0;1923;0;0;125;0;92;0;
7484;2036269;1170808832;18563072;1297448960;0;0;0;0;0;0;0;0;0;0;0;2144;0;0;125;0;92;0;
7485;5136000;1170808832;18563072;1297448960;0;0;0;0;0;0;0;0;0;0;0;1643;0;0;125;0;92;0;
7486;3302793;1170808832;18563072;1297448960;0;0;0;0;0;0;0;0;0;0;0;2144;0;0;125;0;92;0;
7487;2796273;1170808832;18563072;1297448960;0;0;0;0;0;0;0;0;0;0;0;2134;0;0;125;0;92;0;
7488;2724147;1170808832;18563072;1297448960;0;0;0;0;0;0;0;0;0;0;0;2154;0;0;125;0;92;0;
7489;3020785;1170808832;18563072;1297448960;0;0;0;0;0;0;0;0;0;0;0;2074;0;0;125;0;92;0;
7490;1956138;1170808832;18563072;1297448960;0;0;0;0;0;0;0;0;0;0;0;1873;0;0;125;0;92;0;
7491;5619317;1170808832;18563072;1297448960;0;0;0;0;0;0;0;0;0;0;0;1803;0;0;125;0;92;0;
7492;4655870;1170808832;18563072;1297448960;0;0;0;0;0;0;0;0;0;0;0;3456;0;0;125;0;92;0;
7493;3122926;1170808832;18563072;1297448960;0;0;0;0;0;0;0;0;0;0;0;2394;0;0;125;0;92;0;
7494;2913343;1170808832;18563072;1297448960;0;0;0;0;0;0;0;0;0;0;0;1994;0;0;125;0;92;0;
7495;2663524;1170808832;18563072;1297448960;0;0;0;0;0;0;0;0;0;0;0;1543;0;0;125;0;92;0;
7496;1766222;1170808832;18563072;1297448960;0;0;0;0;0;0;0;0;0;0;0;1713;0;0;125;0;92;0;
7497;5356624;1170808832;18563072;1297448960;0;0;0;0;0;0;0;0;0;0;0;1974;0;0;125;0;92;0;
7498;2909947;1170808832;18563072;1297448960;0;0;0;0;0;0;0;0;0;0;0;4017;0;0;125;0;92;0;
7499;3455489;1165840384;13156352;1292042240;0;0;0;0;0;0;0;0;0;0;0;3287;0;0;125;0;92;0;
7500;2886953;1165840384;13156352;1292042240;0;0;0;0;0;0;0;0;0;0;0;2926;0;0;125;0;92;0;
7501;3523046;1165840384;13156352;1292042240;0;0;0;0;0;0;0;0;0;0;0;3196;0;0;125;0;92;0;
7502;2794240;1165840384;13156352;1292042240;0;0;0;0;0;0;0;0;0;0;0;2865;0;0;125;0;92;0;
7503;5761312;1168470016;18563072;1297448960;0;0;0;0;0;0;0;0;0;0;0;2985;0;0;125;0;92;0;
7504;2986840;1168470016;18563072;1297448960;0;0;0;0;0;0;0;0;0;0;0;3156;0;0;125;0;92;0;
7505;3559544;1170567168;18563072;1297448960;0;0;0;0;0;0;0;0;0;0;0;2455;0;0;125;0;92;0;
7506;2778610;1170567168;18563072;1297448960;0;0;0;0;0;0;0;0;0;0;0;2284;0;0;125;0;92;0;
7507;2869139;1170833408;18563072;1297448960;0;0;0;0;0;0;0;0;0;0;0;1974;0;0;125;0;92;0;
7508;2150502;1170833408;18563072;1297448960;0;0;0;0;0;0;0;0;0;0;0;1934;0;0;125;0;92;0;
7509;6008606;1170833408;18563072;1297448960;0;0;0;0;0;0;0;0;0;0;0;2114;0;0;125;0;92;0;
7510;3586615;1170833408;18563072;1297448960;0;0;0;0;0;0;0;0;0;0;0;4348;0;0;125;0;92;0;
7511;2653886;1170833408;18563072;1297448960;0;0;0;0;0;0;0;0;0;0;0;1463;0;0;125;0;92;0;
7512;1376431;1170833408;18563072;1297448960;0;0;0;0;0;0;0;0;0;0;0;1212;0;0;125;0;92;0;
7513;2681208;1170833408;18563072;1297448960;0;0;0;0;0;0;0;0;0;0;0;1453;0;0;125;0;92;0;
7514;1732288;1170833408;18563072;1297448960;0;0;0;0;0;0;0;0;0;0;0;1593;0;0;125;0;92;0;
7515;5354230;1170833408;18563072;1297448960;0;0;0;0;0;0;0;0;0;0;0;1553;0;0;125;0;92;0;
7516;2956443;1170833408;18563072;1297448960;0;0;0;0;0;0;0;0;0;0;0;1793;0;0;125;0;92;0;
7517;2701535;1170833408;18563072;1297448960;0;0;0;0;0;0;0;0;0;0;0;1462;0;0;125;0;92;0;
7518;1374327;1170833408;18563072;1297448960;0;0;0;0;0;0;0;0;0;0;0;1553;0;0;125;0;92;0;
7519;2613861;1170833408;18563072;1297448960;0;0;0;0;0;0;0;0;0;0;0;1623;0;0;125;0;92;0;
7520;2265277;1170833408;18563072;1297448960;0;0;0;0;0;0;0;0;0;0;0;1643;0;0;125;0;92;0;
7521;5165225;1170833408;18563072;1297448960;0;0;0;0;0;0;0;0;0;0;0;1603;0;0;125;0;92;0;
7522;2790171;1170833408;18563072;1297448960;0;0;0;0;0;0;0;0;0;0;0;1844;0;0;125;0;92;0;
7523;3198357;1165860864;13156352;1292042240;0;0;0;0;0;0;0;0;0;0;0;1734;0;0;125;0;92;0;
7524;1944196;1165860864;13156352;1292042240;0;0;0;0;0;0;0;0;0;0;0;1613;0;0;125;0;92;0;
7525;2912431;1165860864;13156352;1292042240;0;0;0;0;0;0;0;0;0;0;0;1863;0;0;125;0;92;0;
7526;2167514;1165860864;13156352;1292042240;0;0;0;0;0;0;0;0;0;0;0;1863;0;0;125;0;92;0;
7527;5497048;1168490496;18563072;1297448960;0;0;0;0;0;0;0;0;0;0;0;1853;0;0;125;0;92;0;
7528;3142462;1168490496;18563072;1297448960;0;0;0;0;0;0;0;0;0;0;0;2255;0;0;125;0;92;0;
7529;3465438;1170587648;18563072;1297448960;0;0;0;0;0;0;0;0;0;0;0;2084;0;0;125;0;92;0;
7530;2131587;1170587648;18563072;1297448960;0;0;0;0;0;0;0;0;0;0;0;1863;0;0;125;0;92;0;
7531;2882776;1170853888;18563072;1297448960;0;0;0;0;0;0;0;0;0;0;0;1844;0;0;125;0;92;0;
7532;1952411;1170853888;18563072;1297448960;0;0;0;0;0;0;0;0;0;0;0;1834;0;0;125;0;92;0;
7533;5681123;1170853888;18563072;1297448960;0;0;0;0;0;0;0;0;0;0;0;1854;0;0;125;0;92;0;
7534;3273178;1170853888;18563072;1297448960;0;0;0;0;0;0;0;0;0;0;0;2745;0;0;125;0;92;0;
7535;2917861;1170853888;18563072;1297448960;0;0;0;0;0;0;0;0;0;0;0;1723;0;0;125;0;92;0;
7536;2041057;1170853888;18563072;1297448960;0;0;0;0;0;0;0;0;0;0;0;1804;0;0;125;0;92;0;
7537;2428073;1170853888;18563072;1297448960;0;0;0;0;0;0;0;0;0;0;0;2003;0;0;125;0;92;0;
7538;2191169;1170853888;18563072;1297448960;0;0;0;0;0;0;0;0;0;0;0;1724;0;0;125;0;92;0;
7539;5555667;1170853888;18563072;1297448960;0;0;0;0;0;0;0;0;0;0;0;1933;0;0;125;0;92;0;
7540;3734433;1170853888;18563072;1297448960;0;0;0;0;0;0;0;0;0;0;0;3286;0;0;125;0;92;0;
7541;5975635;1170853888;18563072;1297448960;0;0;0;0;0;0;0;0;0;0;0;2104;0;0;125;0;92;0;
7542;2780804;1170853888;18563072;1297448960;0;0;0;0;0;0;0;0;0;0;0;2224;0;0;125;0;92;0;
7543;5691471;1170853888;18563072;1297448960;0;0;0;0;0;0;0;0;0;0;0;1533;0;0;125;0;92;0;
7544;2853731;1170853888;18563072;1297448960;0;0;0;0;0;0;0;0;0;0;0;2846;0;0;125;0;92;0;
7545;6147527;1170853888;18563072;1297448960;0;0;0;0;0;0;0;0;0;0;0;1683;0;0;125;0;92;0;
7546;4599475;1170853888;18563072;1297448960;0;0;0;0;0;0;0;0;0;0;0;4027;0;0;125;0;92;0;
7547;3575865;1171070976;18558976;1297444864;0;0;0;0;0;0;0;0;0;0;0;2164;0;0;125;0;92;0;
7548;2030908;1171070976;18558976;1297444864;0;0;0;0;0;0;0;0;0;0;0;9467;0;0;125;0;92;0;
7549;3995201;1171070976;18558976;1297444864;0;0;0;0;0;0;0;0;0;0;0;2284;0;0;125;0;92;0;
7550;2578054;1171070976;18558976;1297444864;0;0;0;0;0;0;0;0;0;0;0;2494;0;0;125;0;92;0;
7551;6029306;1171070976;18558976;1297444864;0;0;0;0;0;0;0;0;0;0;0;2434;0;0;125;0;92;0;
7552;3644905;1171070976;18563072;1297448960;0;0;0;0;0;0;0;0;0;0;0;2655;0;0;125;0;92;0;
7553;2902893;1171070976;18563072;1297448960;0;0;0;0;0;0;0;0;0;0;0;1934;0;0;125;0;92;0;
7554;3418550;1171337216;18563072;1297448960;0;0;0;0;0;0;0;0;0;0;0;3166;0;0;125;0;92;0;
7555;3231409;1171337216;18563072;1297448960;0;0;0;0;0;0;0;0;0;0;0;2705;0;0;125;0;92;0;
7556;2509095;1171337216;18563072;1297448960;0;0;0;0;0;0;0;0;0;0;0;2314;0;0;125;0;92;0;
7557;4933310;1171337216;18563072;1297448960;0;0;0;0;0;0;0;0;0;0;0;1513;0;0;125;0;92;0;
7558;3005676;1171337216;18563072;1297448960;0;0;0;0;0;0;0;0;0;0;0;3126;0;0;125;0;92;0;
7559;2155732;1171337216;18563072;1297448960;0;0;0;0;0;0;0;0;0;0;0;1633;0;0;125;0;92;0;
7560;3242199;1171337216;18563072;1297448960;0;0;0;0;0;0;0;0;0;0;0;2425;0;0;125;0;92;0;
7561;3780930;1171337216;18563072;1297448960;0;0;0;0;0;0;0;0;0;0;0;2224;0;0;125;0;92;0;
7562;3437525;1171337216;18563072;1297448960;0;0;0;0;0;0;0;0;0;0;0;2765;0;0;125;0;92;0;
7563;6543009;1171337216;18563072;1297448960;0;0;0;0;0;0;0;0;0;0;0;2504;0;0;125;0;92;0;
7564;4260258;1171337216;18563072;1297448960;0;0;0;0;0;0;0;0;0;0;0;2705;0;0;125;0;92;0;
7565;2619752;1171337216;18563072;1297448960;0;0;0;0;0;0;0;0;0;0;0;1703;0;0;125;0;92;0;
7566;1724604;1171337216;18563072;1297448960;0;0;0;0;0;0;0;0;0;0;0;1623;0;0;125;0;92;0;
7567;2808696;1171337216;18563072;1297448960;0;0;0;0;0;0;0;0;0;0;0;1894;0;0;125;0;92;0;
7568;2386646;1171337216;18563072;1297448960;0;0;0;0;0;0;0;0;0;0;0;2114;0;0;125;0;92;0;
7569;7850531;1171337216;18563072;1297448960;0;0;0;0;0;0;0;0;0;0;0;1954;0;0;125;0;92;0;
7570;4470332;1171337216;18563072;1297448960;0;0;0;0;0;0;0;0;0;0;0;2755;0;0;125;0;92;0;
7571;3539016;1171337216;18563072;1297448960;0;0;0;0;0;0;0;0;0;0;0;3196;0;0;125;0;92;0;
7572;1771181;1171337216;18563072;1297448960;0;0;0;0;0;0;0;0;0;0;0;2454;0;0;125;0;92;0;
7573;2646422;1171337216;18563072;1297448960;0;0;0;0;0;0;0;0;0;0;0;2004;0;0;125;0;92;0;
7574;2518011;1171337216;18563072;1297448960;0;0;0;0;0;0;0;0;0;0;0;2524;0;0;125;0;92;0;
7575;6830117;1171337216;18563072;1297448960;0;0;0;0;0;0;0;0;0;0;0;2404;0;0;125;0;92;0;
7576;5773446;1171337216;18563072;1297448960;0;0;0;0;0;0;0;0;0;0;0;4038;0;0;125;0;92;0;
7577;4120546;1171337216;18563072;1297448960;0;0;0;0;0;0;0;0;0;0;0;2335;0;0;125;0;92;0;
7578;1961067;1171337216;18563072;1297448960;0;0;0;0;0;0;0;0;0;0;0;79789;0;0;125;0;92;0;
7579;2893346;1171337216;18563072;1297448960;0;0;0;0;0;0;0;0;0;0;0;1533;0;0;125;0;92;0;
7580;2750347;1171337216;18563072;1297448960;0;0;0;0;0;0;0;0;0;0;0;2304;0;0;125;0;92;0;
7581;6973816;1171337216;18563072;1297448960;0;0;0;0;0;0;0;0;0;0;0;1954;0;0;125;0;92;0;
7582;4764534;1171337216;18563072;1297448960;0;0;0;0;0;0;0;0;0;0;0;3196;0;0;125;0;92;0;
7583;2388669;1171337216;18563072;1297448960;0;0;0;0;0;0;0;0;0;0;0;2034;0;0;125;0;92;0;
7584;2474851;1171337216;18563072;1297448960;0;0;0;0;0;0;0;0;0;0;0;2204;0;0;125;0;92;0;
7585;2816310;1171337216;18563072;1297448960;0;0;0;0;0;0;0;0;0;0;0;1833;0;0;125;0;92;0;
7586;3020794;1171337216;18563072;1297448960;0;0;0;0;0;0;0;0;0;0;0;2595;0;0;125;0;92;0;
7587;5873292;1171337216;18563072;1297448960;0;0;0;0;0;0;0;0;0;0;0;2655;0;0;125;0;92;0;
7588;4436358;1171337216;18563072;1297448960;0;0;0;0;0;0;0;0;0;0;0;3667;0;0;125;0;92;0;
7589;3287374;1171337216;18563072;1297448960;0;0;0;0;0;0;0;0;0;0;0;2384;0;0;125;0;92;0;
7590;2257123;1171337216;18563072;1297448960;0;0;0;0;0;0;0;0;0;0;0;2204;0;0;125;0;92;0;
7591;3378334;1171337216;18563072;1297448960;0;0;0;0;0;0;0;0;0;0;0;2334;0;0;125;0;92;0;
7592;1683216;1171337216;18563072;1297448960;0;0;0;0;0;0;0;0;0;0;0;2104;0;0;125;0;92;0;
7593;5967680;1171337216;18563072;1297448960;0;0;0;0;0;0;0;0;0;0;0;2234;0;0;125;0;92;0;
7594;3044649;1171337216;18563072;1297448960;0;0;0;0;0;0;0;0;0;0;0;2174;0;0;125;0;92;0;
7595;3009223;1171337216;18563072;1297448960;0;0;0;0;0;0;0;0;0;0;0;2465;0;0;125;0;92;0;
7596;2178856;1171337216;18563072;1297448960;0;0;0;0;0;0;0;0;0;0;0;2034;0;0;125;0;92;0;
7597;2216887;1171337216;18563072;1297448960;0;0;0;0;0;0;0;0;0;0;0;1834;0;0;125;0;92;0;
7598;1307642;1171337216;18563072;1297448960;0;0;0;0;0;0;0;0;0;0;0;1783;0;0;125;0;92;0;
7599;6651422;1171337216;18563072;1297448960;0;0;0;0;0;0;0;0;0;0;0;2134;0;0;125;0;92;0;
7600;4761207;1171337216;18563072;1297448960;0;0;0;0;0;0;0;0;0;0;0;2935;0;0;125;0;92;0;
7601;3607514;1171337216;18563072;1297448960;0;0;0;0;0;0;0;0;0;0;0;2214;0;0;125;0;92;0;
7602;2946074;1171337216;18563072;1297448960;0;0;0;0;0;0;0;0;0;0;0;2455;0;0;125;0;92;0;
7603;3675521;1171337216;18563072;1297448960;0;0;0;0;0;0;0;0;0;0;0;2635;0;0;125;0;92;0;
7604;1537883;1171337216;18563072;1297448960;0;0;0;0;0;0;0;0;0;0;0;1693;0;0;125;0;92;0;
7605;4771727;1171337216;18563072;1297448960;0;0;0;0;0;0;0;0;0;0;0;1563;0;0;125;0;92;0;
7606;4763141;1171337216;18563072;1297448960;0;0;0;0;0;0;0;0;0;0;0;3507;0;0;125;0;92;0;
7607;3293015;1171337216;18563072;1297448960;0;0;0;0;0;0;0;0;0;0;0;3296;0;0;125;0;92;0;
7608;2270116;1171337216;18563072;1297448960;0;0;0;0;0;0;0;0;0;0;0;2504;0;0;125;0;92;0;
7609;3206002;1171337216;18563072;1297448960;0;0;0;0;0;0;0;0;0;0;0;2074;0;0;125;0;92;0;
7610;2656622;1171337216;18563072;1297448960;0;0;0;0;0;0;0;0;0;0;0;2594;0;0;125;0;92;0;
7611;6096041;1171337216;18563072;1297448960;0;0;0;0;0;0;0;0;0;0;0;1763;0;0;125;0;92;0;
7612;3799534;1171337216;18563072;1297448960;0;0;0;0;0;0;0;0;0;0;0;2875;0;0;125;0;92;0;
7613;3731987;1171337216;18563072;1297448960;0;0;0;0;0;0;0;0;0;0;0;3176;0;0;125;0;92;0;
7614;2393578;1171337216;18563072;1297448960;0;0;0;0;0;0;0;0;0;0;0;2194;0;0;125;0;92;0;
7615;2808977;1171337216;18563072;1297448960;0;0;0;0;0;0;0;0;0;0;0;2094;0;0;125;0;92;0;
7616;2798006;1171337216;18563072;1297448960;0;0;0;0;0;0;0;0;0;0;0;2094;0;0;125;0;92;0;
7617;5111885;1171337216;18563072;1297448960;0;0;0;0;0;0;0;0;0;0;0;1663;0;0;125;0;92;0;
7618;3267426;1171337216;18563072;1297448960;0;0;0;0;0;0;0;0;0;0;0;3306;0;0;125;0;92;0;
7619;3179061;1171337216;18563072;1297448960;0;0;0;0;0;0;0;0;0;0;0;2515;0;0;125;0;92;0;
7620;2214533;1171337216;18563072;1297448960;0;0;0;0;0;0;0;0;0;0;0;2084;0;0;125;0;92;0;
7621;3266034;1171337216;18563072;1297448960;0;0;0;0;0;0;0;0;0;0;0;2234;0;0;125;0;92;0;
7622;2365735;1171337216;18563072;1297448960;0;0;0;0;0;0;0;0;0;0;0;2515;0;0;125;0;92;0;
7623;6240862;1171337216;18563072;1297448960;0;0;0;0;0;0;0;0;0;0;0;2474;0;0;125;0;92;0;
7624;4009318;1171337216;18563072;1297448960;0;0;0;0;0;0;0;0;0;0;0;3637;0;0;125;0;92;0;
7625;2639459;1171337216;18563072;1297448960;0;0;0;0;0;0;0;0;0;0;0;1743;0;0;125;0;92;0;
7626;2118192;1171337216;18563072;1297448960;0;0;0;0;0;0;0;0;0;0;0;2335;0;0;125;0;92;0;
7627;4470603;1171337216;18563072;1297448960;0;0;0;0;0;0;0;0;0;0;0;56826;0;0;125;0;92;0;
7628;3459176;1171337216;18563072;1297448960;0;0;0;0;0;0;0;0;0;0;0;2474;0;0;125;0;92;0;
7629;6872306;1171337216;18563072;1297448960;0;0;0;0;0;0;0;0;0;0;0;2284;0;0;125;0;92;0;
7630;4124103;1171337216;18563072;1297448960;0;0;0;0;0;0;0;0;0;0;0;3337;0;0;125;0;92;0;
7631;2954600;1171337216;18563072;1297448960;0;0;0;0;0;0;0;0;0;0;0;1804;0;0;125;0;92;0;
7632;2856637;1171607552;18563072;1297448960;0;0;0;0;0;0;0;0;0;0;0;2535;0;0;125;0;92;0;
7633;3260594;1171607552;18563072;1297448960;0;0;0;0;0;0;0;0;0;0;0;2936;0;0;125;0;92;0;
7634;2231353;1171607552;18563072;1297448960;0;0;0;0;0;0;0;0;0;0;0;2164;0;0;125;0;92;0;
7635;6228840;1171607552;18563072;1297448960;0;0;0;0;0;0;0;0;0;0;0;2895;0;0;125;0;92;0;
7636;3219637;1171607552;18563072;1297448960;0;0;0;0;0;0;0;0;0;0;0;2435;0;0;125;0;92;0;
7637;3715306;1171607552;18563072;1297448960;0;0;0;0;0;0;0;0;0;0;0;2845;0;0;125;0;92;0;
7638;2845015;1171607552;18563072;1297448960;0;0;0;0;0;0;0;0;0;0;0;2675;0;0;125;0;92;0;
7639;3606692;1171607552;18563072;1297448960;0;0;0;0;0;0;0;0;0;0;0;2154;0;0;125;0;92;0;
7640;3026194;1171607552;18563072;1297448960;0;0;0;0;0;0;0;0;0;0;0;3337;0;0;125;0;92;0;
7641;6702788;1171607552;18563072;1297448960;0;0;0;0;0;0;0;0;0;0;0;2355;0;0;125;0;92;0;
7642;3368656;1171607552;18563072;1297448960;0;0;0;0;0;0;0;0;0;0;0;2715;0;0;125;0;92;0;
7643;2411171;1171607552;18563072;1297448960;0;0;0;0;0;0;0;0;0;0;0;1533;0;0;125;0;92;0;
7644;2081183;1171607552;18563072;1297448960;0;0;0;0;0;0;0;0;0;0;0;1743;0;0;125;0;92;0;
7645;2800340;1171607552;18563072;1297448960;0;0;0;0;0;0;0;0;0;0;0;1884;0;0;125;0;92;0;
7646;2922691;1171607552;18563072;1297448960;0;0;0;0;0;0;0;0;0;0;0;2375;0;0;125;0;92;0;
7647;6943169;1171607552;18563072;1297448960;0;0;0;0;0;0;0;0;0;0;0;2876;0;0;125;0;92;0;
7648;3621381;1171607552;18563072;1297448960;0;0;0;0;0;0;0;0;0;0;0;2585;0;0;125;0;92;0;
7649;2459301;1171607552;18563072;1297448960;0;0;0;0;0;0;0;0;0;0;0;2064;0;0;125;0;92;0;
7650;1691953;1171607552;18563072;1297448960;0;0;0;0;0;0;0;0;0;0;0;1763;0;0;125;0;92;0;
7651;3467943;1171607552;18563072;1297448960;0;0;0;0;0;0;0;0;0;0;0;2033;0;0;125;0;92;0;
7652;3675031;1171607552;18563072;1297448960;0;0;0;0;0;0;0;0;0;0;0;3006;0;0;125;0;92;0;
7653;6151645;1171607552;18563072;1297448960;0;0;0;0;0;0;0;0;0;0;0;2104;0;0;125;0;92;0;
7654;2733275;1171607552;18563072;1297448960;0;0;0;0;0;0;0;0;0;0;0;2264;0;0;125;0;92;0;
7655;2037641;1171607552;18563072;1297448960;0;0;0;0;0;0;0;0;0;0;0;1503;0;0;125;0;92;0;
7656;2245821;1171607552;18563072;1297448960;0;0;0;0;0;0;0;0;0;0;0;1814;0;0;125;0;92;0;
7657;3121773;1171607552;18563072;1297448960;0;0;0;0;0;0;0;0;0;0;0;1673;0;0;125;0;92;0;
7658;1900794;1171607552;18563072;1297448960;0;0;0;0;0;0;0;0;0;0;0;1693;0;0;125;0;92;0;
7659;6459783;1171607552;18563072;1297448960;0;0;0;0;0;0;0;0;0;0;0;1724;0;0;125;0;92;0;
7660;3208586;1171607552;18563072;1297448960;0;0;0;0;0;0;0;0;0;0;0;3266;0;0;125;0;92;0;
7661;2564529;1171607552;18563072;1297448960;0;0;0;0;0;0;0;0;0;0;0;1443;0;0;125;0;92;0;
7662;2042910;1171607552;18563072;1297448960;0;0;0;0;0;0;0;0;0;0;0;1623;0;0;125;0;92;0;
7663;2986189;1171607552;18563072;1297448960;0;0;0;0;0;0;0;0;0;0;0;2194;0;0;125;0;92;0;
7664;1786891;1171607552;18563072;1297448960;0;0;0;0;0;0;0;0;0;0;0;1493;0;0;125;0;92;0;
7665;5032507;1171607552;18563072;1297448960;0;0;0;0;0;0;0;0;0;0;0;1543;0;0;125;0;92;0;
7666;4827562;1171607552;18563072;1297448960;0;0;0;0;0;0;0;0;0;0;0;3106;0;0;125;0;92;0;
7667;2434965;1171607552;18563072;1297448960;0;0;0;0;0;0;0;0;0;0;0;1833;0;0;125;0;92;0;
7668;1408812;1171607552;18563072;1297448960;0;0;0;0;0;0;0;0;0;0;0;1713;0;0;125;0;92;0;
7669;2085721;1171607552;18563072;1297448960;0;0;0;0;0;0;0;0;0;0;0;1983;0;0;125;0;92;0;
7670;2039283;1171607552;18563072;1297448960;0;0;0;0;0;0;0;0;0;0;0;2063;0;0;125;0;92;0;
7671;5938635;1171607552;18563072;1297448960;0;0;0;0;0;0;0;0;0;0;0;1763;0;0;125;0;92;0;
7672;5332568;1171607552;18563072;1297448960;0;0;0;0;0;0;0;0;0;0;0;3246;0;0;125;0;92;0;
7673;2871494;1171607552;18563072;1297448960;0;0;0;0;0;0;0;0;0;0;0;1573;0;0;125;0;92;0;
7674;1944706;1171607552;18563072;1297448960;0;0;0;0;0;0;0;0;0;0;0;1703;0;0;125;0;92;0;
7675;1993357;1171607552;18563072;1297448960;0;0;0;0;0;0;0;0;0;0;0;1573;0;0;125;0;92;0;
7676;2238377;1171607552;18563072;1297448960;0;0;0;0;0;0;0;0;0;0;0;1743;0;0;125;0;92;0;
7677;6309160;1171607552;18563072;1297448960;0;0;0;0;0;0;0;0;0;0;0;1643;0;0;125;0;92;0;
7678;3179031;1171607552;18563072;1297448960;0;0;0;0;0;0;0;0;0;0;0;2915;0;0;125;0;92;0;
7679;2568296;1171607552;18563072;1297448960;0;0;0;0;0;0;0;0;0;0;0;2134;0;0;125;0;92;0;
7680;1722921;1171607552;18563072;1297448960;0;0;0;0;0;0;0;0;0;0;0;2034;0;0;125;0;92;0;
7681;1956879;1171607552;18563072;1297448960;0;0;0;0;0;0;0;0;0;0;0;1463;0;0;125;0;92;0;
7682;1359078;1171607552;18563072;1297448960;0;0;0;0;0;0;0;0;0;0;0;1593;0;0;125;0;92;0;
7683;4975449;1171607552;18563072;1297448960;0;0;0;0;0;0;0;0;0;0;0;1663;0;0;125;0;92;0;
7684;3312771;1171607552;18563072;1297448960;0;0;0;0;0;0;0;0;0;0;0;2795;0;0;125;0;92;0;
7685;2404298;1171607552;18563072;1297448960;0;0;0;0;0;0;0;0;0;0;0;1643;0;0;125;0;92;0;
7686;1797971;1171607552;18563072;1297448960;0;0;0;0;0;0;0;0;0;0;0;2615;0;0;125;0;92;0;
7687;2243587;1171607552;18563072;1297448960;0;0;0;0;0;0;0;0;0;0;0;1703;0;0;125;0;92;0;
7688;1234204;1171607552;18563072;1297448960;0;0;0;0;0;0;0;0;0;0;0;1563;0;0;125;0;92;0;
7689;4799119;1171607552;18563072;1297448960;0;0;0;0;0;0;0;0;0;0;0;1523;0;0;125;0;92;0;
7690;4094798;1171607552;18563072;1297448960;0;0;0;0;0;0;0;0;0;0;0;2645;0;0;125;0;92;0;
7691;3191694;1171607552;18563072;1297448960;0;0;0;0;0;0;0;0;0;0;0;2404;0;0;125;0;92;0;
7692;1981576;1171607552;18563072;1297448960;0;0;0;0;0;0;0;0;0;0;0;2505;0;0;125;0;92;0;
7693;2023114;1171607552;18563072;1297448960;0;0;0;0;0;0;0;0;0;0;0;1443;0;0;125;0;92;0;
7694;1340013;1171607552;18563072;1297448960;0;0;0;0;0;0;0;0;0;0;0;1583;0;0;125;0;92;0;
7695;6120707;1171607552;18563072;1297448960;0;0;0;0;0;0;0;0;0;0;0;1523;0;0;125;0;92;0;
7696;3393333;1171607552;18563072;1297448960;0;0;0;0;0;0;0;0;0;0;0;2835;0;0;125;0;92;0;
7697;2238557;1171607552;18563072;1297448960;0;0;0;0;0;0;0;0;0;0;0;1804;0;0;125;0;92;0;
7698;2439895;1171607552;18563072;1297448960;0;0;0;0;0;0;0;0;0;0;0;2435;0;0;125;0;92;0;
7699;2323156;1171607552;18563072;1297448960;0;0;0;0;0;0;0;0;0;0;0;1463;0;0;125;0;92;0;
7700;1606492;1171607552;18563072;1297448960;0;0;0;0;0;0;0;0;0;0;0;1463;0;0;125;0;92;0;
7701;7005666;1171607552;18563072;1297448960;0;0;0;0;0;0;0;0;0;0;0;1623;0;0;125;0;92;0;
7702;3450419;1171607552;18563072;1297448960;0;0;0;0;0;0;0;0;0;0;0;2976;0;0;125;0;92;0;
7703;3006718;1171607552;18563072;1297448960;0;0;0;0;0;0;0;0;0;0;0;2315;0;0;125;0;92;0;
7704;1958352;1171607552;18563072;1297448960;0;0;0;0;0;0;0;0;0;0;0;1623;0;0;125;0;92;0;
7705;2787506;1171607552;18563072;1297448960;0;0;0;0;0;0;0;0;0;0;0;1954;0;0;125;0;92;0;
7706;3249644;1171607552;18563072;1297448960;0;0;0;0;0;0;0;0;0;0;0;2926;0;0;125;0;92;0;
7707;6941876;1171607552;18563072;1297448960;0;0;0;0;0;0;0;0;0;0;0;1823;0;0;125;0;92;0;
7708;5492929;1171607552;18563072;1297448960;0;0;0;0;0;0;0;0;0;0;0;3557;0;0;125;0;92;0;
7709;2420699;1171607552;18563072;1297448960;0;0;0;0;0;0;0;0;0;0;0;2164;0;0;125;0;92;0;
7710;1906064;1171607552;18563072;1297448960;0;0;0;0;0;0;0;0;0;0;0;2204;0;0;125;0;92;0;
7711;4804799;1171607552;18563072;1297448960;0;0;0;0;0;0;0;0;0;0;0;1654;0;0;125;0;92;0;
7712;2871043;1171607552;18563072;1297448960;0;0;0;0;0;0;0;0;0;0;0;1583;0;0;125;0;92;0;
7713;6336171;1171607552;18563072;1297448960;0;0;0;0;0;0;0;0;0;0;0;1694;0;0;125;0;92;0;
7714;4659156;1172414464;18563072;1297448960;0;0;0;0;0;0;0;0;0;0;0;3757;0;0;125;0;92;0;
7715;3201133;1172414464;18563072;1297448960;0;0;0;0;0;0;0;0;0;0;0;2154;0;0;125;0;92;0;
7716;2147777;1172414464;18563072;1297448960;0;0;0;0;0;0;0;0;0;0;0;1703;0;0;125;0;92;0;
7717;3296911;1172414464;18563072;1297448960;0;0;0;0;0;0;0;0;0;0;0;1793;0;0;125;0;92;0;
7718;2889238;1172414464;18563072;1297448960;0;0;0;0;0;0;0;0;0;0;0;2104;0;0;125;0;92;0;
7719;7017779;1172414464;18563072;1297448960;0;0;0;0;0;0;0;0;0;0;0;2044;0;0;125;0;92;0;
7720;4600567;1172414464;18563072;1297448960;0;0;0;0;0;0;0;0;0;0;0;2294;0;0;125;0;92;0;
7721;2895059;1172414464;18563072;1297448960;0;0;0;0;0;0;0;0;0;0;0;1593;0;0;125;0;92;0;
7722;2652934;1172414464;18563072;1297448960;0;0;0;0;0;0;0;0;0;0;0;1803;0;0;125;0;92;0;
7723;2756318;1172414464;18563072;1297448960;0;0;0;0;0;0;0;0;0;0;0;1783;0;0;125;0;92;0;
7724;2290936;1172414464;18563072;1297448960;0;0;0;0;0;0;0;0;0;0;0;1402;0;0;125;0;92;0;
7725;5647900;1172414464;18563072;1297448960;0;0;0;0;0;0;0;0;0;0;0;1593;0;0;125;0;92;0;
7726;3860569;1172414464;18563072;1297448960;0;0;0;0;0;0;0;0;0;0;0;2795;0;0;125;0;92;0;
7727;3356263;1172414464;18563072;1297448960;0;0;0;0;0;0;0;0;0;0;0;2053;0;0;125;0;92;0;
7728;1875507;1172414464;18563072;1297448960;0;0;0;0;0;0;0;0;0;0;0;1643;0;0;125;0;92;0;
7729;1905152;1172414464;18563072;1297448960;0;0;0;0;0;0;0;0;0;0;0;1423;0;0;125;0;92;0;
7730;2109706;1172414464;18563072;1297448960;0;0;0;0;0;0;0;0;0;0;0;1684;0;0;125;0;92;0;
7731;6372398;1172414464;18563072;1297448960;0;0;0;0;0;0;0;0;0;0;0;1563;0;0;125;0;92;0;
7732;4292799;1172414464;18567168;1297453056;0;0;0;0;0;0;0;0;0;0;0;2625;0;0;125;0;92;0;
7733;3071099;1172414464;18567168;1297453056;0;0;0;0;0;0;0;0;0;0;0;1914;0;0;125;0;92;0;
7734;1962180;1172414464;18567168;1297453056;0;0;0;0;0;0;0;0;0;0;0;1553;0;0;125;0;92;0;
7735;1429149;1172414464;18567168;1297453056;0;0;0;0;0;0;0;0;0;0;0;1462;0;0;125;0;92;0;
7736;973926;1172414464;18567168;1297453056;0;0;0;0;0;0;0;0;0;0;0;1543;0;0;125;0;92;0;
7737;5986465;1172414464;18567168;1297453056;0;0;0;0;0;0;0;0;0;0;0;1563;0;0;125;0;92;0;
7738;3576846;1172414464;18567168;1297453056;0;0;0;0;0;0;0;0;0;0;0;2815;0;0;125;0;92;0;
7739;2415579;1172414464;18567168;1297453056;0;0;0;0;0;0;0;0;0;0;0;1593;0;0;125;0;92;0;
7740;2166062;1172414464;18567168;1297453056;0;0;0;0;0;0;0;0;0;0;0;1933;0;0;125;0;92;0;
7741;2151975;1172414464;18567168;1297453056;0;0;0;0;0;0;0;0;0;0;0;1412;0;0;125;0;92;0;
7742;1295499;1172414464;18567168;1297453056;0;0;0;0;0;0;0;0;0;0;0;1543;0;0;125;0;92;0;
7743;5134858;1172414464;18567168;1297453056;0;0;0;0;0;0;0;0;0;0;0;1402;0;0;125;0;92;0;
7744;6013345;1172414464;18567168;1297453056;0;0;0;0;0;0;0;0;0;0;0;4608;0;0;125;0;92;0;
7745;3532774;1172566016;18563072;1297448960;0;0;0;0;0;0;0;0;0;0;0;1903;0;0;125;0;92;0;
7746;2378670;1172566016;18563072;1297448960;0;0;0;0;0;0;0;0;0;0;0;2395;0;0;125;0;92;0;
7747;2291286;1172566016;18563072;1297448960;0;0;0;0;0;0;0;0;0;0;0;1814;0;0;125;0;92;0;
7748;1650344;1172566016;18563072;1297448960;0;0;0;0;0;0;0;0;0;0;0;1623;0;0;125;0;92;0;
7749;5044940;1172566016;18563072;1297448960;0;0;0;0;0;0;0;0;0;0;0;1262;0;0;125;0;92;0;
7750;4634290;1172566016;18563072;1297448960;0;0;0;0;0;0;0;0;0;0;0;2545;0;0;125;0;92;0;
7751;2948428;1172566016;18563072;1297448960;0;0;0;0;0;0;0;0;0;0;0;1643;0;0;125;0;92;0;
7752;3122895;1172566016;18563072;1297448960;0;0;0;0;0;0;0;0;0;0;0;2305;0;0;125;0;92;0;
7753;3509100;1172566016;18563072;1297448960;0;0;0;0;0;0;0;0;0;0;0;2004;0;0;125;0;92;0;
7754;1592747;1172566016;18563072;1297448960;0;0;0;0;0;0;0;0;0;0;0;1452;0;0;125;0;92;0;
7755;6522750;1172836352;18563072;1297448960;0;0;0;0;0;0;0;0;0;0;0;1492;0;0;125;0;92;0;
7756;4723416;1172836352;18563072;1297448960;0;0;0;0;0;0;0;0;0;0;0;2845;0;0;125;0;92;0;
7757;4681418;1172836352;18563072;1297448960;0;0;0;0;0;0;0;0;0;0;0;2324;0;0;125;0;92;0;
7758;2642745;1172836352;18563072;1297448960;0;0;0;0;0;0;0;0;0;0;0;2284;0;0;125;0;92;0;
7759;3014642;1172836352;18563072;1297448960;0;0;0;0;0;0;0;0;0;0;0;1443;0;0;125;0;92;0;
7760;1997124;1172836352;18563072;1297448960;0;0;0;0;0;0;0;0;0;0;0;1853;0;0;125;0;92;0;
7761;5833047;1172836352;18563072;1297448960;0;0;0;0;0;0;0;0;0;0;0;1794;0;0;125;0;92;0;
7762;4174067;1172836352;18563072;1297448960;0;0;0;0;0;0;0;0;0;0;0;2374;0;0;125;0;92;0;
7763;2922179;1172836352;18563072;1297448960;0;0;0;0;0;0;0;0;0;0;0;1934;0;0;125;0;92;0;
7764;1527114;1172836352;18563072;1297448960;0;0;0;0;0;0;0;0;0;0;0;1603;0;0;125;0;92;0;
7765;2613400;1172836352;18563072;1297448960;0;0;0;0;0;0;0;0;0;0;0;1403;0;0;125;0;92;0;
7766;3206552;1172836352;18563072;1297448960;0;0;0;0;0;0;0;0;0;0;0;2305;0;0;125;0;92;0;
7767;5951289;1172836352;18563072;1297448960;0;0;0;0;0;0;0;0;0;0;0;1563;0;0;125;0;92;0;
7768;4374122;1172836352;18563072;1297448960;0;0;0;0;0;0;0;0;0;0;0;3096;0;0;125;0;92;0;
7769;2427612;1172836352;18563072;1297448960;0;0;0;0;0;0;0;0;0;0;0;1573;0;0;125;0;92;0;
7770;2722726;1172836352;18563072;1297448960;0;0;0;0;0;0;0;0;0;0;0;2595;0;0;125;0;92;0;
7771;4086963;1172836352;18563072;1297448960;0;0;0;0;0;0;0;0;0;0;0;7464;0;0;125;0;92;0;
7772;2318187;1172836352;18563072;1297448960;0;0;0;0;0;0;0;0;0;0;0;2314;0;0;125;0;92;0;
7773;7091727;1172836352;18563072;1297448960;0;0;0;0;0;0;0;0;0;0;0;1984;0;0;125;0;92;0;
7774;2477716;1172836352;18563072;1297448960;0;0;0;0;0;0;0;0;0;0;0;2245;0;0;125;0;92;0;
7775;3975755;1172836352;18563072;1297448960;0;0;0;0;0;0;0;0;0;0;0;2614;0;0;125;0;92;0;
7776;2486372;1172836352;18563072;1297448960;0;0;0;0;0;0;0;0;0;0;0;2164;0;0;125;0;92;0;
7777;4828574;1172836352;18563072;1297448960;0;0;0;0;0;0;0;0;0;0;0;2485;0;0;125;0;92;0;
7778;2177834;1172836352;18563072;1297448960;0;0;0;0;0;0;0;0;0;0;0;2825;0;0;125;0;92;0;
7779;6606267;1172836352;18563072;1297448960;0;0;0;0;0;0;0;0;0;0;0;2535;0;0;125;0;92;0;
7780;3519269;1172836352;18563072;1297448960;0;0;0;0;0;0;0;0;0;0;0;3557;0;0;125;0;92;0;
7781;3615208;1172836352;18563072;1297448960;0;0;0;0;0;0;0;0;0;0;0;2224;0;0;125;0;92;0;
7782;2182242;1172836352;18563072;1297448960;0;0;0;0;0;0;0;0;0;0;0;2545;0;0;125;0;92;0;
7783;3575504;1172836352;18563072;1297448960;0;0;0;0;0;0;0;0;0;0;0;2004;0;0;125;0;92;0;
7784;2675166;1172836352;18563072;1297448960;0;0;0;0;0;0;0;0;0;0;0;2034;0;0;125;0;92;0;
7785;5696461;1172836352;18563072;1297448960;0;0;0;0;0;0;0;0;0;0;0;2194;0;0;125;0;92;0;
7786;4628469;1172836352;18563072;1297448960;0;0;0;0;0;0;0;0;0;0;0;4429;0;0;125;0;92;0;
7787;3147932;1172836352;18563072;1297448960;0;0;0;0;0;0;0;0;0;0;0;2044;0;0;125;0;92;0;
7788;3367294;1172836352;18563072;1297448960;0;0;0;0;0;0;0;0;0;0;0;2825;0;0;125;0;92;0;
7789;3280190;1172836352;18563072;1297448960;0;0;0;0;0;0;0;0;0;0;0;1483;0;0;125;0;92;0;
7790;3651236;1172836352;18563072;1297448960;0;0;0;0;0;0;0;0;0;0;0;2475;0;0;125;0;92;0;
7791;4842601;1172836352;18563072;1297448960;0;0;0;0;0;0;0;0;0;0;0;1744;0;0;125;0;92;0;
7792;5499362;1172836352;18563072;1297448960;0;0;0;0;0;0;0;0;0;0;0;4088;0;0;125;0;92;0;
7793;4848331;1172836352;18563072;1297448960;0;0;0;0;0;0;0;0;0;0;0;128260;0;0;125;0;92;0;
7794;5558533;1172836352;18563072;1297448960;0;0;0;0;0;0;0;0;0;0;0;3607;0;0;125;0;92;0;
7795;1939787;1172836352;18563072;1297448960;0;0;0;0;0;0;0;0;0;0;0;2234;0;0;125;0;92;0;
7796;1322710;1172836352;18563072;1297448960;0;0;0;0;0;0;0;0;0;0;0;1463;0;0;125;0;92;0;
7797;6279494;1172836352;18563072;1297448960;0;0;0;0;0;0;0;0;0;0;0;1393;0;0;125;0;92;0;
7798;5561418;1172836352;18563072;1297448960;0;0;0;0;0;0;0;0;0;0;0;4929;0;0;125;0;92;0;
7799;4107892;1172836352;18563072;1297448960;0;0;0;0;0;0;0;0;0;0;0;1814;0;0;125;0;92;0;
7800;2684824;1172836352;18563072;1297448960;0;0;0;0;0;0;0;0;0;0;0;2184;0;0;125;0;92;0;
7801;3512527;1172836352;18563072;1297448960;0;0;0;0;0;0;0;0;0;0;0;1764;0;0;125;0;92;0;
7802;4061064;1172836352;18563072;1297448960;0;0;0;0;0;0;0;0;0;0;0;3336;0;0;125;0;92;0;
7803;6833954;1172836352;18563072;1297448960;0;0;0;0;0;0;0;0;0;0;0;2004;0;0;125;0;92;0;
7804;4303038;1172836352;18563072;1297448960;0;0;0;0;0;0;0;0;0;0;0;3407;0;0;125;0;92;0;
7805;2987021;1172836352;18563072;1297448960;0;0;0;0;0;0;0;0;0;0;0;2585;0;0;125;0;92;0;
7806;2497242;1172836352;18563072;1297448960;0;0;0;0;0;0;0;0;0;0;0;1773;0;0;125;0;92;0;
7807;2512611;1172836352;18563072;1297448960;0;0;0;0;0;0;0;0;0;0;0;1663;0;0;125;0;92;0;
7808;2040476;1172836352;18563072;1297448960;0;0;0;0;0;0;0;0;0;0;0;2034;0;0;125;0;92;0;
7809;7652619;1172836352;18563072;1297448960;0;0;0;0;0;0;0;0;0;0;0;1764;0;0;125;0;92;0;
7810;3929578;1172836352;18563072;1297448960;0;0;0;0;0;0;0;0;0;0;0;2695;0;0;125;0;92;0;
7811;4030056;1172836352;18563072;1297448960;0;0;0;0;0;0;0;0;0;0;0;2124;0;0;125;0;92;0;
7812;1993969;1172836352;18563072;1297448960;0;0;0;0;0;0;0;0;0;0;0;2124;0;0;125;0;92;0;
7813;2140273;1172836352;18563072;1297448960;0;0;0;0;0;0;0;0;0;0;0;1543;0;0;125;0;92;0;
7814;1567699;1172836352;18563072;1297448960;0;0;0;0;0;0;0;0;0;0;0;1603;0;0;125;0;92;0;
7815;6643056;1172836352;18563072;1297448960;0;0;0;0;0;0;0;0;0;0;0;1463;0;0;125;0;92;0;
7816;4170249;1172836352;18563072;1297448960;0;0;0;0;0;0;0;0;0;0;0;2465;0;0;125;0;92;0;
7817;3793343;1172836352;18563072;1297448960;0;0;0;0;0;0;0;0;0;0;0;2695;0;0;125;0;92;0;
7818;3195872;1172836352;18563072;1297448960;0;0;0;0;0;0;0;0;0;0;0;2995;0;0;125;0;92;0;
7819;3302853;1172836352;18563072;1297448960;0;0;0;0;0;0;0;0;0;0;0;2224;0;0;125;0;92;0;
7820;1823039;1172836352;18563072;1297448960;0;0;0;0;0;0;0;0;0;0;0;1754;0;0;125;0;92;0;
7821;6204163;1172836352;18563072;1297448960;0;0;0;0;0;0;0;0;0;0;0;1413;0;0;125;0;92;0;
7822;5402911;1172836352;18563072;1297448960;0;0;0;0;0;0;0;0;0;0;0;3406;0;0;125;0;92;0;
7823;8750567;1172836352;18563072;1297448960;0;0;0;0;0;0;0;0;0;0;0;1463;0;0;125;0;92;0;
7824;3039449;1172836352;18563072;1297448960;0;0;0;0;0;0;0;0;0;0;0;2775;0;0;125;0;92;0;
7825;2574537;1172836352;18563072;1297448960;0;0;0;0;0;0;0;0;0;0;0;1783;0;0;125;0;92;0;
7826;2707827;1172836352;18563072;1297448960;0;0;0;0;0;0;0;0;0;0;0;1854;0;0;125;0;92;0;
7827;6363372;1172836352;18563072;1297448960;0;0;0;0;0;0;0;0;0;0;0;2004;0;0;125;0;92;0;
7828;4659507;1172836352;18563072;1297448960;0;0;0;0;0;0;0;0;0;0;0;4880;0;0;125;0;92;0;
7829;4709761;1172836352;18563072;1297448960;0;0;0;0;0;0;0;0;0;0;0;3347;0;0;125;0;92;0;
7830;2797997;1172836352;18563072;1297448960;0;0;0;0;0;0;0;0;0;0;0;2364;0;0;125;0;92;0;
7831;2688662;1172836352;18563072;1297448960;0;0;0;0;0;0;0;0;0;0;0;1884;0;0;125;0;92;0;
7832;2510287;1172836352;18563072;1297448960;0;0;0;0;0;0;0;0;0;0;0;2084;0;0;125;0;92;0;
7833;7310157;1172836352;18563072;1297448960;0;0;0;0;0;0;0;0;0;0;0;2114;0;0;125;0;92;0;
7834;3888221;1172836352;18563072;1297448960;0;0;0;0;0;0;0;0;0;0;0;3276;0;0;125;0;92;0;
7835;3841433;1172836352;18563072;1297448960;0;0;0;0;0;0;0;0;0;0;0;2044;0;0;125;0;92;0;
7836;2337724;1172836352;18563072;1297448960;0;0;0;0;0;0;0;0;0;0;0;2164;0;0;125;0;92;0;
7837;2064281;1172836352;18563072;1297448960;0;0;0;0;0;0;0;0;0;0;0;1803;0;0;125;0;92;0;
7838;2662272;1172836352;18563072;1297448960;0;0;0;0;0;0;0;0;0;0;0;1663;0;0;125;0;92;0;
7839;6600075;1172836352;18563072;1297448960;0;0;0;0;0;0;0;0;0;0;0;1733;0;0;125;0;92;0;
7840;4843742;1172836352;18563072;1297448960;0;0;0;0;0;0;0;0;0;0;0;3697;0;0;125;0;92;0;
7841;4534432;1172836352;18563072;1297448960;0;0;0;0;0;0;0;0;0;0;0;3186;0;0;125;0;92;0;
7842;1453455;1172836352;18563072;1297448960;0;0;0;0;0;0;0;0;0;0;0;1643;0;0;125;0;92;0;
7843;2081914;1172836352;18563072;1297448960;0;0;0;0;0;0;0;0;0;0;0;1252;0;0;125;0;92;0;
7844;1772704;1172836352;18563072;1297448960;0;0;0;0;0;0;0;0;0;0;0;1233;0;0;125;0;92;0;
7845;6024045;1172836352;18563072;1297448960;0;0;0;0;0;0;0;0;0;0;0;1492;0;0;125;0;92;0;
7846;4395351;1172836352;18563072;1297448960;0;0;0;0;0;0;0;0;0;0;0;3066;0;0;125;0;92;0;
7847;3874314;1172836352;18563072;1297448960;0;0;0;0;0;0;0;0;0;0;0;1954;0;0;125;0;92;0;
7848;3067051;1172836352;18563072;1297448960;0;0;0;0;0;0;0;0;0;0;0;1903;0;0;125;0;92;0;
7849;2067226;1172836352;18563072;1297448960;0;0;0;0;0;0;0;0;0;0;0;1443;0;0;125;0;92;0;
7850;1849899;1172836352;18563072;1297448960;0;0;0;0;0;0;0;0;0;0;0;1533;0;0;125;0;92;0;
7851;6346090;1172836352;18563072;1297448960;0;0;0;0;0;0;0;0;0;0;0;1954;0;0;125;0;92;0;
7852;3404724;1172836352;18563072;1297448960;0;0;0;0;0;0;0;0;0;0;0;2525;0;0;125;0;92;0;
7853;3429200;1172836352;18563072;1297448960;0;0;0;0;0;0;0;0;0;0;0;2023;0;0;125;0;92;0;
7854;2364544;1172836352;18563072;1297448960;0;0;0;0;0;0;0;0;0;0;0;2034;0;0;125;0;92;0;
7855;3933265;1172836352;18563072;1297448960;0;0;0;0;0;0;0;0;0;0;0;1853;0;0;125;0;92;0;
7856;1810766;1172836352;18563072;1297448960;0;0;0;0;0;0;0;0;0;0;0;2044;0;0;125;0;92;0;
7857;5145608;1172836352;18563072;1297448960;0;0;0;0;0;0;0;0;0;0;0;1293;0;0;125;0;92;0;
7858;3810364;1172836352;18563072;1297448960;0;0;0;0;0;0;0;0;0;0;0;2775;0;0;125;0;92;0;
7859;3802430;1172836352;18563072;1297448960;0;0;0;0;0;0;0;0;0;0;0;2084;0;0;125;0;92;0;
7860;2124223;1172836352;18563072;1297448960;0;0;0;0;0;0;0;0;0;0;0;2053;0;0;125;0;92;0;
7861;4427953;1172836352;18563072;1297448960;0;0;0;0;0;0;0;0;0;0;0;1753;0;0;125;0;92;0;
7862;2278011;1172836352;18563072;1297448960;0;0;0;0;0;0;0;0;0;0;0;1694;0;0;125;0;92;0;
7863;5505143;1172836352;18563072;1297448960;0;0;0;0;0;0;0;0;0;0;0;1523;0;0;125;0;92;0;
7864;5515913;1172836352;18563072;1297448960;0;0;0;0;0;0;0;0;0;0;0;3637;0;0;125;0;92;0;
7865;3823639;1172836352;18563072;1297448960;0;0;0;0;0;0;0;0;0;0;0;2825;0;0;125;0;92;0;
7866;3104591;1172836352;18563072;1297448960;0;0;0;0;0;0;0;0;0;0;0;1984;0;0;125;0;92;0;
7867;3636749;1172836352;18563072;1297448960;0;0;0;0;0;0;0;0;0;0;0;2715;0;0;125;0;92;0;
7868;2961774;1172836352;18563072;1297448960;0;0;0;0;0;0;0;0;0;0;0;1954;0;0;125;0;92;0;
7869;4781906;1172836352;18563072;1297448960;0;0;0;0;0;0;0;0;0;0;0;1613;0;0;125;0;92;0;
7870;4670447;1172836352;18563072;1297448960;0;0;0;0;0;0;0;0;0;0;0;2895;0;0;125;0;92;0;
7871;3773245;1172836352;18563072;1297448960;0;0;0;0;0;0;0;0;0;0;0;1733;0;0;125;0;92;0;
7872;2926657;1172836352;18563072;1297448960;0;0;0;0;0;0;0;0;0;0;0;2355;0;0;125;0;92;0;
7873;3334432;1172836352;18563072;1297448960;0;0;0;0;0;0;0;0;0;0;0;2084;0;0;125;0;92;0;
7874;2481503;1172836352;18563072;1297448960;0;0;0;0;0;0;0;0;0;0;0;1613;0;0;125;0;92;0;
7875;5561899;1172836352;18563072;1297448960;0;0;0;0;0;0;0;0;0;0;0;1403;0;0;125;0;92;0;
7876;3457403;1172836352;18563072;1297448960;0;0;0;0;0;0;0;0;0;0;0;2455;0;0;125;0;92;0;
7877;2901220;1172836352;18563072;1297448960;0;0;0;0;0;0;0;0;0;0;0;2174;0;0;125;0;92;0;
7878;2397606;1172836352;18563072;1297448960;0;0;0;0;0;0;0;0;0;0;0;2485;0;0;125;0;92;0;
7879;2851347;1172836352;18563072;1297448960;0;0;0;0;0;0;0;0;0;0;0;1974;0;0;125;0;92;0;
7880;2589866;1172836352;18563072;1297448960;0;0;0;0;0;0;0;0;0;0;0;2033;0;0;125;0;92;0;
7881;6869771;1172836352;18563072;1297448960;0;0;0;0;0;0;0;0;0;0;0;1563;0;0;125;0;92;0;
7882;4086322;1172836352;18563072;1297448960;0;0;0;0;0;0;0;0;0;0;0;2755;0;0;125;0;92;0;
7883;3175774;1172836352;18563072;1297448960;0;0;0;0;0;0;0;0;0;0;0;2024;0;0;125;0;92;0;
7884;2205595;1172836352;18563072;1297448960;0;0;0;0;0;0;0;0;0;0;0;1904;0;0;125;0;92;0;
7885;3652138;1172836352;18563072;1297448960;0;0;0;0;0;0;0;0;0;0;0;1864;0;0;125;0;92;0;
7886;2082796;1172836352;18563072;1297448960;0;0;0;0;0;0;0;0;0;0;0;1693;0;0;125;0;92;0;
7887;5975505;1172836352;18563072;1297448960;0;0;0;0;0;0;0;0;0;0;0;1844;0;0;125;0;92;0;
7888;4700093;1172836352;18563072;1297448960;0;0;0;0;0;0;0;0;0;0;0;3086;0;0;125;0;92;0;
7889;3780028;1172836352;18563072;1297448960;0;0;0;0;0;0;0;0;0;0;0;2385;0;0;125;0;92;0;
7890;2257914;1172836352;18563072;1297448960;0;0;0;0;0;0;0;0;0;0;0;2565;0;0;125;0;92;0;
7891;3738039;1172836352;18563072;1297448960;0;0;0;0;0;0;0;0;0;0;0;2374;0;0;125;0;92;0;
7892;1665032;1172836352;18563072;1297448960;0;0;0;0;0;0;0;0;0;0;0;1723;0;0;125;0;92;0;
7893;4462738;1172836352;18563072;1297448960;0;0;0;0;0;0;0;0;0;0;0;1393;0;0;125;0;92;0;
7894;4228849;1172836352;18563072;1297448960;0;0;0;0;0;0;0;0;0;0;0;2785;0;0;125;0;92;0;
7895;4065854;1172836352;18563072;1297448960;0;0;0;0;0;0;0;0;0;0;0;1854;0;0;125;0;92;0;
7896;2569788;1172836352;18563072;1297448960;0;0;0;0;0;0;0;0;0;0;0;2866;0;0;125;0;92;0;
7897;3258079;1172836352;18563072;1297448960;0;0;0;0;0;0;0;0;0;0;0;1933;0;0;125;0;92;0;
7898;2729378;1172836352;18563072;1297448960;0;0;0;0;0;0;0;0;0;0;0;1823;0;0;125;0;92;0;
7899;6239359;1172836352;18563072;1297448960;0;0;0;0;0;0;0;0;0;0;0;1353;0;0;125;0;92;0;
7900;3938275;1172836352;18563072;1297448960;0;0;0;0;0;0;0;0;0;0;0;3236;0;0;125;0;92;0;
7901;2761568;1172836352;18563072;1297448960;0;0;0;0;0;0;0;0;0;0;0;1783;0;0;125;0;92;0;
7902;2173235;1172836352;18563072;1297448960;0;0;0;0;0;0;0;0;0;0;0;1914;0;0;125;0;92;0;
7903;2499887;1172836352;18563072;1297448960;0;0;0;0;0;0;0;0;0;0;0;1533;0;0;125;0;92;0;
7904;1519840;1172836352;18563072;1297448960;0;0;0;0;0;0;0;0;0;0;0;1763;0;0;125;0;92;0;
7905;5004804;1172836352;18563072;1297448960;0;0;0;0;0;0;0;0;0;0;0;1603;0;0;125;0;92;0;
7906;3935590;1172836352;18563072;1297448960;0;0;0;0;0;0;0;0;0;0;0;2195;0;0;125;0;92;0;
7907;3589250;1172836352;18563072;1297448960;0;0;0;0;0;0;0;0;0;0;0;2044;0;0;125;0;92;0;
7908;1684478;1172836352;18563072;1297448960;0;0;0;0;0;0;0;0;0;0;0;1893;0;0;125;0;92;0;
7909;2693791;1172836352;18563072;1297448960;0;0;0;0;0;0;0;0;0;0;0;1934;0;0;125;0;92;0;
7910;1691812;1172836352;18563072;1297448960;0;0;0;0;0;0;0;0;0;0;0;1583;0;0;125;0;92;0;
7911;5153994;1172836352;18563072;1297448960;0;0;0;0;0;0;0;0;0;0;0;1503;0;0;125;0;92;0;
7912;3670943;1172836352;18563072;1297448960;0;0;0;0;0;0;0;0;0;0;0;3026;0;0;125;0;92;0;
7913;3308033;1172836352;18563072;1297448960;0;0;0;0;0;0;0;0;0;0;0;1893;0;0;125;0;92;0;
7914;2482505;1172836352;18563072;1297448960;0;0;0;0;0;0;0;0;0;0;0;2495;0;0;125;0;92;0;
7915;2312696;1172836352;18563072;1297448960;0;0;0;0;0;0;0;0;0;0;0;1493;0;0;125;0;92;0;
7916;1831674;1172836352;18563072;1297448960;0;0;0;0;0;0;0;0;0;0;0;1583;0;0;125;0;92;0;
7917;6629601;1172836352;18563072;1297448960;0;0;0;0;0;0;0;0;0;0;0;1623;0;0;125;0;92;0;
7918;5136231;1172836352;18563072;1297448960;0;0;0;0;0;0;0;0;0;0;0;3286;0;0;125;0;92;0;
7919;2296005;1172836352;18563072;1297448960;0;0;0;0;0;0;0;0;0;0;0;1773;0;0;125;0;92;0;
7920;1564403;1172836352;18563072;1297448960;0;0;0;0;0;0;0;0;0;0;0;1513;0;0;125;0;92;0;
7921;2589144;1172836352;18563072;1297448960;0;0;0;0;0;0;0;0;0;0;0;1482;0;0;125;0;92;0;
7922;2611988;1172836352;18563072;1297448960;0;0;0;0;0;0;0;0;0;0;0;2244;0;0;125;0;92;0;
7923;5592125;1172836352;18563072;1297448960;0;0;0;0;0;0;0;0;0;0;0;3727;0;0;125;0;92;0;
7924;4294672;1172836352;18563072;1297448960;0;0;0;0;0;0;0;0;0;0;0;2515;0;0;125;0;92;0;
7925;1926252;1172836352;18563072;1297448960;0;0;0;0;0;0;0;0;0;0;0;1603;0;0;125;0;92;0;
7926;1291742;1172836352;18563072;1297448960;0;0;0;0;0;0;0;0;0;0;0;1393;0;0;125;0;92;0;
7927;2256711;1172836352;18563072;1297448960;0;0;0;0;0;0;0;0;0;0;0;1543;0;0;125;0;92;0;
7928;3054548;1172836352;18563072;1297448960;0;0;0;0;0;0;0;0;0;0;0;2735;0;0;125;0;92;0;
7929;6129252;1172836352;18563072;1297448960;0;0;0;0;0;0;0;0;0;0;0;2004;0;0;125;0;92;0;
7930;2945143;1172836352;18563072;1297448960;0;0;0;0;0;0;0;0;0;0;0;2314;0;0;125;0;92;0;
7931;1919399;1172836352;18563072;1297448960;0;0;0;0;0;0;0;0;0;0;0;1483;0;0;125;0;92;0;
7932;2360165;1172836352;18563072;1297448960;0;0;0;0;0;0;0;0;0;0;0;1803;0;0;125;0;92;0;
7933;2779391;1172836352;18563072;1297448960;0;0;0;0;0;0;0;0;0;0;0;1673;0;0;125;0;92;0;
7934;2331322;1172836352;18563072;1297448960;0;0;0;0;0;0;0;0;0;0;0;1844;0;0;125;0;92;0;
7935;5874124;1172836352;18563072;1297448960;0;0;0;0;0;0;0;0;0;0;0;1974;0;0;125;0;92;0;
7936;3085576;1172836352;18563072;1297448960;0;0;0;0;0;0;0;0;0;0;0;3186;0;0;125;0;92;0;
7937;1838968;1172836352;18563072;1297448960;0;0;0;0;0;0;0;0;0;0;0;1473;0;0;125;0;92;0;
7938;2484499;1172836352;18563072;1297448960;0;0;0;0;0;0;0;0;0;0;0;1644;0;0;125;0;92;0;
7939;2722936;1172836352;18563072;1297448960;0;0;0;0;0;0;0;0;0;0;0;1844;0;0;125;0;92;0;
7940;2432320;1172836352;18563072;1297448960;0;0;0;0;0;0;0;0;0;0;0;2334;0;0;125;0;92;0;
7941;6254337;1172836352;18563072;1297448960;0;0;0;0;0;0;0;0;0;0;0;2044;0;0;125;0;92;0;
7942;2278993;1172836352;18563072;1297448960;0;0;0;0;0;0;0;0;0;0;0;2274;0;0;125;0;92;0;
7943;1872170;1172836352;18563072;1297448960;0;0;0;0;0;0;0;0;0;0;0;1573;0;0;125;0;92;0;
7944;1525430;1172836352;18563072;1297448960;0;0;0;0;0;0;0;0;0;0;0;1583;0;0;125;0;92;0;
7945;2799830;1172836352;18563072;1297448960;0;0;0;0;0;0;0;0;0;0;0;1764;0;0;125;0;92;0;
7946;2222828;1172836352;18563072;1297448960;0;0;0;0;0;0;0;0;0;0;0;1753;0;0;125;0;92;0;
7947;5487430;1172836352;18563072;1297448960;0;0;0;0;0;0;0;0;0;0;0;1684;0;0;125;0;92;0;
7948;2806442;1172836352;18563072;1297448960;0;0;0;0;0;0;0;0;0;0;0;2615;0;0;125;0;92;0;
7949;2202861;1172836352;18563072;1297448960;0;0;0;0;0;0;0;0;0;0;0;1603;0;0;125;0;92;0;
7950;1704386;1172836352;18563072;1297448960;0;0;0;0;0;0;0;0;0;0;0;1623;0;0;125;0;92;0;
7951;2646052;1172836352;18563072;1297448960;0;0;0;0;0;0;0;0;0;0;0;1814;0;0;125;0;92;0;
7952;2432701;1172836352;18563072;1297448960;0;0;0;0;0;0;0;0;0;0;0;1884;0;0;125;0;92;0;
7953;5274911;1172836352;18563072;1297448960;0;0;0;0;0;0;0;0;0;0;0;1513;0;0;125;0;92;0;
7954;3415284;1172836352;18563072;1297448960;0;0;0;0;0;0;0;0;0;0;0;2264;0;0;125;0;92;0;
7955;2751710;1172836352;18563072;1297448960;0;0;0;0;0;0;0;0;0;0;0;1723;0;0;125;0;92;0;
7956;1532063;1172836352;18563072;1297448960;0;0;0;0;0;0;0;0;0;0;0;1563;0;0;125;0;92;0;
7957;1950297;1172836352;18563072;1297448960;0;0;0;0;0;0;0;0;0;0;0;1473;0;0;125;0;92;0;
7958;1589040;1172836352;18563072;1297448960;0;0;0;0;0;0;0;0;0;0;0;1843;0;0;125;0;92;0;
7959;6629370;1172836352;18563072;1297448960;0;0;0;0;0;0;0;0;0;0;0;1593;0;0;125;0;92;0;
7960;4122240;1172836352;18563072;1297448960;0;0;0;0;0;0;0;0;0;0;0;3176;0;0;125;0;92;0;
7961;2214873;1172836352;18563072;1297448960;0;0;0;0;0;0;0;0;0;0;0;1653;0;0;125;0;92;0;
7962;1640276;1172836352;18563072;1297448960;0;0;0;0;0;0;0;0;0;0;0;1442;0;0;125;0;92;0;
7963;2253275;1172836352;18563072;1297448960;0;0;0;0;0;0;0;0;0;0;0;1543;0;0;125;0;92;0;
7964;1462021;1172836352;18563072;1297448960;0;0;0;0;0;0;0;0;0;0;0;1382;0;0;125;0;92;0;
7965;6415770;1172836352;18563072;1297448960;0;0;0;0;0;0;0;0;0;0;0;1793;0;0;125;0;92;0;
7966;5262718;1172836352;18563072;1297448960;0;0;0;0;0;0;0;0;0;0;0;5120;0;0;125;0;92;0;
7967;2036929;1172836352;18563072;1297448960;0;0;0;0;0;0;0;0;0;0;0;1282;0;0;125;0;92;0;
7968;1672366;1172836352;18563072;1297448960;0;0;0;0;0;0;0;0;0;0;0;1283;0;0;125;0;92;0;
7969;3100173;1172836352;18563072;1297448960;0;0;0;0;0;0;0;0;0;0;0;1483;0;0;125;0;92;0;
7970;2632847;1172836352;18563072;1297448960;0;0;0;0;0;0;0;0;0;0;0;1593;0;0;125;0;92;0;
7971;6547848;1172836352;18563072;1297448960;0;0;0;0;0;0;0;0;0;0;0;2294;0;0;125;0;92;0;
7972;3891737;1172836352;18563072;1297448960;0;0;0;0;0;0;0;0;0;0;0;2925;0;0;125;0;92;0;
7973;2246984;1172836352;18563072;1297448960;0;0;0;0;0;0;0;0;0;0;0;1443;0;0;125;0;92;0;
7974;1795076;1172836352;18563072;1297448960;0;0;0;0;0;0;0;0;0;0;0;1493;0;0;125;0;92;0;
7975;2218240;1172836352;18563072;1297448960;0;0;0;0;0;0;0;0;0;0;0;1593;0;0;125;0;92;0;
7976;2471765;1172836352;18563072;1297448960;0;0;0;0;0;0;0;0;0;0;0;1663;0;0;125;0;92;0;
7977;6205095;1172836352;18563072;1297448960;0;0;0;0;0;0;0;0;0;0;0;1583;0;0;125;0;92;0;
7978;3750492;1172836352;18563072;1297448960;0;0;0;0;0;0;0;0;0;0;0;2515;0;0;125;0;92;0;
7979;2261310;1172836352;18563072;1297448960;0;0;0;0;0;0;0;0;0;0;0;1593;0;0;125;0;92;0;
7980;1935940;1172836352;18563072;1297448960;0;0;0;0;0;0;0;0;0;0;0;1553;0;0;125;0;92;0;
7981;2840445;1172836352;18563072;1297448960;0;0;0;0;0;0;0;0;0;0;0;1803;0;0;125;0;92;0;
7982;2453320;1172836352;18563072;1297448960;0;0;0;0;0;0;0;0;0;0;0;2364;0;0;125;0;92;0;
7983;5120661;1172836352;18563072;1297448960;0;0;0;0;0;0;0;0;0;0;0;1824;0;0;125;0;92;0;
7984;3713423;1172836352;18563072;1297448960;0;0;0;0;0;0;0;0;0;0;0;2896;0;0;125;0;92;0;
7985;2673973;1172836352;18563072;1297448960;0;0;0;0;0;0;0;0;0;0;0;6331;0;0;125;0;92;0;
7986;2322956;1172836352;18563072;1297448960;0;0;0;0;0;0;0;0;0;0;0;1673;0;0;125;0;92;0;
7987;3307813;1172836352;18563072;1297448960;0;0;0;0;0;0;0;0;0;0;0;2094;0;0;125;0;92;0;
7988;2545112;1172836352;18563072;1297448960;0;0;0;0;0;0;0;0;0;0;0;2254;0;0;125;0;92;0;
7989;5762164;1172836352;18563072;1297448960;0;0;0;0;0;0;0;0;0;0;0;1333;0;0;125;0;92;0;
7990;2994314;1172836352;18563072;1297448960;0;0;0;0;0;0;0;0;0;0;0;2425;0;0;125;0;92;0;
7991;2864100;1172836352;18563072;1297448960;0;0;0;0;0;0;0;0;0;0;0;1653;0;0;125;0;92;0;
7992;2805811;1172836352;18563072;1297448960;0;0;0;0;0;0;0;0;0;0;0;2114;0;0;125;0;92;0;
7993;2928291;1172836352;18563072;1297448960;0;0;0;0;0;0;0;0;0;0;0;1714;0;0;125;0;92;0;
7994;2328195;1172836352;18563072;1297448960;0;0;0;0;0;0;0;0;0;0;0;1883;0;0;125;0;92;0;
7995;6236684;1172836352;18563072;1297448960;0;0;0;0;0;0;0;0;0;0;0;1562;0;0;125;0;92;0;
7996;3253911;1172836352;18563072;1297448960;0;0;0;0;0;0;0;0;0;0;0;2124;0;0;125;0;92;0;
7997;3191955;1172836352;18563072;1297448960;0;0;0;0;0;0;0;0;0;0;0;2184;0;0;125;0;92;0;
7998;2327424;1172836352;18563072;1297448960;0;0;0;0;0;0;0;0;0;0;0;1953;0;0;125;0;92;0;
7999;3683316;1172836352;18563072;1297448960;0;0;0;0;0;0;0;0;0;0;0;2785;0;0;125;0;92;0;
8000;3227601;1172836352;18563072;1297448960;0;0;0;0;0;0;0;0;0;0;0;2305;0;0;125;0;92;0;
8001;6274885;1172836352;18563072;1297448960;0;0;0;0;0;0;0;0;0;0;0;1804;0;0;125;0;92;0;
8002;4539953;1172836352;18563072;1297448960;0;0;0;0;0;0;0;0;0;0;0;3627;0;0;125;0;92;0;
8003;3119689;1172836352;18563072;1297448960;0;0;0;0;0;0;0;0;0;0;0;1913;0;0;125;0;92;0;
8004;1973060;1172836352;18563072;1297448960;0;0;0;0;0;0;0;0;0;0;0;2094;0;0;125;0;92;0;
8005;4458840;1172836352;18563072;1297448960;0;0;0;0;0;0;0;0;0;0;0;1523;0;0;125;0;92;0;
8006;2798097;1172836352;18563072;1297448960;0;0;0;0;0;0;0;0;0;0;0;1834;0;0;125;0;92;0;
8007;5884023;1172836352;18563072;1297448960;0;0;0;0;0;0;0;0;0;0;0;8866;0;0;125;0;92;0;
8008;3556478;1172836352;18563072;1297448960;0;0;0;0;0;0;0;0;0;0;0;2134;0;0;125;0;92;0;
8009;3443757;1172836352;18563072;1297448960;0;0;0;0;0;0;0;0;0;0;0;1904;0;0;125;0;92;0;
8010;3338901;1172836352;18563072;1297448960;0;0;0;0;0;0;0;0;0;0;0;2655;0;0;125;0;92;0;
8011;2576492;1172836352;18563072;1297448960;0;0;0;0;0;0;0;0;0;0;0;1593;0;0;125;0;92;0;
8012;2469360;1172836352;18563072;1297448960;0;0;0;0;0;0;0;0;0;0;0;2505;0;0;125;0;92;0;
8013;5723712;1172836352;18563072;1297448960;0;0;0;0;0;0;0;0;0;0;0;1272;0;0;125;0;92;0;
8014;3781400;1172836352;18563072;1297448960;0;0;0;0;0;0;0;0;0;0;0;2464;0;0;125;0;92;0;
8015;2801844;1172836352;18563072;1297448960;0;0;0;0;0;0;0;0;0;0;0;1793;0;0;125;0;92;0;
8016;2125456;1172836352;18563072;1297448960;0;0;0;0;0;0;0;0;0;0;0;1814;0;0;125;0;92;0;
8017;2159609;1172836352;18563072;1297448960;0;0;0;0;0;0;0;0;0;0;0;1513;0;0;125;0;92;0;
8018;2273132;1172836352;18563072;1297448960;0;0;0;0;0;0;0;0;0;0;0;2124;0;0;125;0;92;0;
8019;5706130;1172836352;18563072;1297448960;0;0;0;0;0;0;0;0;0;0;0;1754;0;0;125;0;92;0;
8020;3291271;1172836352;18563072;1297448960;0;0;0;0;0;0;0;0;0;0;0;2504;0;0;125;0;92;0;
8021;2752982;1172836352;18563072;1297448960;0;0;0;0;0;0;0;0;0;0;0;1613;0;0;125;0;92;0;
8022;1829009;1172836352;18563072;1297448960;0;0;0;0;0;0;0;0;0;0;0;1754;0;0;125;0;92;0;
8023;2735429;1172836352;18563072;1297448960;0;0;0;0;0;0;0;0;0;0;0;1343;0;0;125;0;92;0;
8024;1753338;1172836352;18563072;1297448960;0;0;0;0;0;0;0;0;0;0;0;1724;0;0;125;0;92;0;
8025;5041593;1172836352;18563072;1297448960;0;0;0;0;0;0;0;0;0;0;0;1403;0;0;125;0;92;0;
8026;2342412;1172836352;18563072;1297448960;0;0;0;0;0;0;0;0;0;0;0;2144;0;0;125;0;92;0;
8027;2437010;1172836352;18563072;1297448960;0;0;0;0;0;0;0;0;0;0;0;1874;0;0;125;0;92;0;
8028;2061796;1172836352;18563072;1297448960;0;0;0;0;0;0;0;0;0;0;0;2154;0;0;125;0;92;0;
8029;2466935;1172836352;18563072;1297448960;0;0;0;0;0;0;0;0;0;0;0;1633;0;0;125;0;92;0;
8030;2438893;1172836352;18563072;1297448960;0;0;0;0;0;0;0;0;0;0;0;1893;0;0;125;0;92;0;
8031;5094613;1172836352;18563072;1297448960;0;0;0;0;0;0;0;0;0;0;0;1703;0;0;125;0;92;0;
8032;3633132;1172836352;18563072;1297448960;0;0;0;0;0;0;0;0;0;0;0;2735;0;0;125;0;92;0;
8033;3268939;1172836352;18563072;1297448960;0;0;0;0;0;0;0;0;0;0;0;2054;0;0;125;0;92;0;
8034;2956954;1172836352;18563072;1297448960;0;0;0;0;0;0;0;0;0;0;0;2084;0;0;125;0;92;0;
8035;2806663;1172836352;18563072;1297448960;0;0;0;0;0;0;0;0;0;0;0;1644;0;0;125;0;92;0;
8036;2508173;1172836352;18563072;1297448960;0;0;0;0;0;0;0;0;0;0;0;2965;0;0;125;0;92;0;
8037;5447243;1172836352;18563072;1297448960;0;0;0;0;0;0;0;0;0;0;0;1513;0;0;125;0;92;0;
8038;3132935;1172836352;18563072;1297448960;0;0;0;0;0;0;0;0;0;0;0;3086;0;0;125;0;92;0;
8039;3487900;1172836352;18563072;1297448960;0;0;0;0;0;0;0;0;0;0;0;2224;0;0;125;0;92;0;
8040;3683847;1172836352;18563072;1297448960;0;0;0;0;0;0;0;0;0;0;0;2825;0;0;125;0;92;0;
8041;3419041;1172836352;18563072;1297448960;0;0;0;0;0;0;0;0;0;0;0;1843;0;0;125;0;92;0;
8042;2185989;1172836352;18563072;1297448960;0;0;0;0;0;0;0;0;0;0;0;2214;0;0;125;0;92;0;
8043;6872776;1172836352;18563072;1297448960;0;0;0;0;0;0;0;0;0;0;0;1864;0;0;125;0;92;0;
8044;5320766;1172836352;18563072;1297448960;0;0;0;0;0;0;0;0;0;0;0;2705;0;0;125;0;92;0;
8045;3042014;1172836352;18563072;1297448960;0;0;0;0;0;0;0;0;0;0;0;1713;0;0;125;0;92;0;
8046;3153332;1172836352;18563072;1297448960;0;0;0;0;0;0;0;0;0;0;0;2605;0;0;125;0;92;0;
8047;3177478;1172836352;18563072;1297448960;0;0;0;0;0;0;0;0;0;0;0;2304;0;0;125;0;92;0;
8048;3945218;1172836352;18563072;1297448960;0;0;0;0;0;0;0;0;0;0;0;2144;0;0;125;0;92;0;
8049;7168762;1172836352;18563072;1297448960;0;0;0;0;0;0;0;0;0;0;0;2836;0;0;125;0;92;0;
8050;5116454;1172836352;18563072;1297448960;0;0;0;0;0;0;0;0;0;0;0;3156;0;0;125;0;92;0;
8051;6537809;1172836352;18563072;1297448960;0;0;0;0;0;0;0;0;0;0;0;3656;0;0;125;0;92;0;
8052;3022688;1172836352;18563072;1297448960;0;0;0;0;0;0;0;0;0;0;0;2835;0;0;125;0;92;0;
8053;4101881;1172836352;18563072;1297448960;0;0;0;0;0;0;0;0;0;0;0;2715;0;0;125;0;92;0;
8054;3519900;1172836352;18563072;1297448960;0;0;0;0;0;0;0;0;0;0;0;1974;0;0;125;0;92;0;
8055;6993213;1172836352;18563072;1297448960;0;0;0;0;0;0;0;0;0;0;0;3046;0;0;125;0;92;0;
8056;5177027;1172836352;18563072;1297448960;0;0;0;0;0;0;0;0;0;0;0;2996;0;0;125;0;92;0;
8057;4581480;1172836352;18563072;1297448960;0;0;0;0;0;0;0;0;0;0;0;1874;0;0;125;0;92;0;
8058;5500744;1172836352;18563072;1297448960;0;0;0;0;0;0;0;0;0;0;0;2805;0;0;125;0;92;0;
8059;5696081;1172836352;18563072;1297448960;0;0;0;0;0;0;0;0;0;0;0;4499;0;0;125;0;92;0;
8060;2709801;1172836352;18563072;1297448960;0;0;0;0;0;0;0;0;0;0;0;4237;0;0;125;0;92;0;
8061;6188594;1172836352;18563072;1297448960;0;0;0;0;0;0;0;0;0;0;0;1684;0;0;125;0;92;0;
8062;5801899;1172836352;18563072;1297448960;0;0;0;0;0;0;0;0;0;0;0;5751;0;0;125;0;92;0;
8063;3987187;1172836352;18563072;1297448960;0;0;0;0;0;0;0;0;0;0;0;2665;0;0;125;0;92;0;
8064;2857168;1172836352;18563072;1297448960;0;0;0;0;0;0;0;0;0;0;0;2044;0;0;125;0;92;0;
8065;3410074;1172836352;18563072;1297448960;0;0;0;0;0;0;0;0;0;0;0;2084;0;0;125;0;92;0;
8066;3535379;1172836352;18563072;1297448960;0;0;0;0;0;0;0;0;0;0;0;2294;0;0;125;0;92;0;
8067;6502282;1172836352;18563072;1297448960;0;0;0;0;0;0;0;0;0;0;0;1724;0;0;125;0;92;0;
8068;4515988;1172836352;18563072;1297448960;0;0;0;0;0;0;0;0;0;0;0;2905;0;0;125;0;92;0;
8069;4243527;1172836352;18563072;1297448960;0;0;0;0;0;0;0;0;0;0;0;2795;0;0;125;0;92;0;
8070;3897949;1172836352;18563072;1297448960;0;0;0;0;0;0;0;0;0;0;0;2876;0;0;125;0;92;0;
8071;2043041;1172836352;18563072;1297448960;0;0;0;0;0;0;0;0;0;0;0;1834;0;0;125;0;92;0;
8072;1817768;1172836352;18563072;1297448960;0;0;0;0;0;0;0;0;0;0;0;1293;0;0;125;0;92;0;
8073;7289358;1172836352;18563072;1297448960;0;0;0;0;0;0;0;0;0;0;0;1823;0;0;125;0;92;0;
8074;4828123;1172836352;18563072;1297448960;0;0;0;0;0;0;0;0;0;0;0;3056;0;0;125;0;92;0;
8075;5689708;1172836352;18563072;1297448960;0;0;0;0;0;0;0;0;0;0;0;2846;0;0;125;0;92;0;
8076;2731121;1172836352;18563072;1297448960;0;0;0;0;0;0;0;0;0;0;0;55484;0;0;125;0;92;0;
8077;2556173;1172836352;18563072;1297448960;0;0;0;0;0;0;0;0;0;0;0;1353;0;0;125;0;92;0;
8078;2304551;1172836352;18563072;1297448960;0;0;0;0;0;0;0;0;0;0;0;2144;0;0;125;0;92;0;
8079;7532063;1172836352;18563072;1297448960;0;0;0;0;0;0;0;0;0;0;0;1763;0;0;125;0;92;0;
8080;4762711;1172836352;18563072;1297448960;0;0;0;0;0;0;0;0;0;0;0;2485;0;0;125;0;92;0;
8081;5304376;1172836352;18563072;1297448960;0;0;0;0;0;0;0;0;0;0;0;2825;0;0;125;0;92;0;
8082;1944075;1172836352;18563072;1297448960;0;0;0;0;0;0;0;0;0;0;0;1923;0;0;125;0;92;0;
8083;1983749;1172836352;18563072;1297448960;0;0;0;0;0;0;0;0;0;0;0;1653;0;0;125;0;92;0;
8084;2290846;1172836352;18563072;1297448960;0;0;0;0;0;0;0;0;0;0;0;2084;0;0;125;0;92;0;
8085;6848000;1172836352;18563072;1297448960;0;0;0;0;0;0;0;0;0;0;0;1723;0;0;125;0;92;0;
8086;3820503;1172836352;18563072;1297448960;0;0;0;0;0;0;0;0;0;0;0;2906;0;0;125;0;92;0;
8087;2360216;1172836352;18563072;1297448960;0;0;0;0;0;0;0;0;0;0;0;1693;0;0;125;0;92;0;
8088;1358497;1172836352;18563072;1297448960;0;0;0;0;0;0;0;0;0;0;0;1543;0;0;125;0;92;0;
8089;2044634;1172836352;18563072;1297448960;0;0;0;0;0;0;0;0;0;0;0;1333;0;0;125;0;92;0;
8090;2636624;1172836352;18563072;1297448960;0;0;0;0;0;0;0;0;0;0;0;2064;0;0;125;0;92;0;
8091;6544701;1172836352;18563072;1297448960;0;0;0;0;0;0;0;0;0;0;0;1693;0;0;125;0;92;0;
8092;3927565;1172836352;18563072;1297448960;0;0;0;0;0;0;0;0;0;0;0;3376;0;0;125;0;92;0;
8093;3140498;1172836352;18563072;1297448960;0;0;0;0;0;0;0;0;0;0;0;1904;0;0;125;0;92;0;
8094;2888546;1172836352;18563072;1297448960;0;0;0;0;0;0;0;0;0;0;0;1954;0;0;125;0;92;0;
8095;2648606;1172836352;18563072;1297448960;0;0;0;0;0;0;0;0;0;0;0;1533;0;0;125;0;92;0;
8096;3287324;1172836352;18563072;1297448960;0;0;0;0;0;0;0;0;0;0;0;1623;0;0;125;0;92;0;
8097;6847610;1172836352;18563072;1297448960;0;0;0;0;0;0;0;0;0;0;0;1734;0;0;125;0;92;0;
8098;3064937;1172836352;18563072;1297448960;0;0;0;0;0;0;0;0;0;0;0;2375;0;0;125;0;92;0;
8099;2265829;1172836352;18563072;1297448960;0;0;0;0;0;0;0;0;0;0;0;1583;0;0;125;0;92;0;
8100;1424872;1172836352;18563072;1297448960;0;0;0;0;0;0;0;0;0;0;0;1513;0;0;125;0;92;0;
8101;3499802;1172836352;18563072;1297448960;0;0;0;0;0;0;0;0;0;0;0;1783;0;0;125;0;92;0;
8102;1723091;1172836352;18563072;1297448960;0;0;0;0;0;0;0;0;0;0;0;2334;0;0;125;0;92;0;
8103;5787973;1172836352;18563072;1297448960;0;0;0;0;0;0;0;0;0;0;0;1793;0;0;125;0;92;0;
8104;2909877;1172836352;18563072;1297448960;0;0;0;0;0;0;0;0;0;0;0;2665;0;0;125;0;92;0;
8105;7592466;1172836352;18563072;1297448960;0;0;0;0;0;0;0;0;0;0;0;1583;0;0;125;0;92;0;
8106;2475011;1172836352;18563072;1297448960;0;0;0;0;0;0;0;0;0;0;0;3647;0;0;125;0;92;0;
8107;1933626;1172836352;18563072;1297448960;0;0;0;0;0;0;0;0;0;0;0;2003;0;0;125;0;92;0;
8108;2528841;1172836352;18563072;1297448960;0;0;0;0;0;0;0;0;0;0;0;2435;0;0;125;0;92;0;
8109;7444299;1172836352;18563072;1297448960;0;0;0;0;0;0;0;0;0;0;0;1894;0;0;125;0;92;0;
8110;3971827;1172836352;18563072;1297448960;0;0;0;0;0;0;0;0;0;0;0;4248;0;0;125;0;92;0;
8111;1643221;1172836352;18563072;1297448960;0;0;0;0;0;0;0;0;0;0;0;1673;0;0;125;0;92;0;
8112;1463134;1172836352;18563072;1297448960;0;0;0;0;0;0;0;0;0;0;0;1563;0;0;125;0;92;0;
8113;3293485;1172836352;18563072;1297448960;0;0;0;0;0;0;0;0;0;0;0;1483;0;0;125;0;92;0;
8114;1841102;1172836352;18563072;1297448960;0;0;0;0;0;0;0;0;0;0;0;2745;0;0;125;0;92;0;
8115;5544466;1172836352;18563072;1297448960;0;0;0;0;0;0;0;0;0;0;0;2625;0;0;125;0;92;0;
8116;5788484;1172836352;18563072;1297448960;0;0;0;0;0;0;0;0;0;0;0;2946;0;0;125;0;92;0;
8117;3190993;1172836352;18563072;1297448960;0;0;0;0;0;0;0;0;0;0;0;2104;0;0;125;0;92;0;
8118;1903329;1172836352;18563072;1297448960;0;0;0;0;0;0;0;0;0;0;0;2204;0;0;125;0;92;0;
8119;1789365;1172836352;18563072;1297448960;0;0;0;0;0;0;0;0;0;0;0;1654;0;0;125;0;92;0;
8120;1241508;1172836352;18563072;1297448960;0;0;0;0;0;0;0;0;0;0;0;1583;0;0;125;0;92;0;
8121;5948434;1172836352;18563072;1297448960;0;0;0;0;0;0;0;0;0;0;0;1693;0;0;125;0;92;0;
8122;4876383;1172836352;18563072;1297448960;0;0;0;0;0;0;0;0;0;0;0;3256;0;0;125;0;92;0;
8123;2991740;1172836352;18563072;1297448960;0;0;0;0;0;0;0;0;0;0;0;2295;0;0;125;0;92;0;
8124;3396969;1172836352;18563072;1297448960;0;0;0;0;0;0;0;0;0;0;0;5411;0;0;125;0;92;0;
8125;4939121;1172836352;18563072;1297448960;0;0;0;0;0;0;0;0;0;0;0;4328;0;0;125;0;92;0;
8126;2526808;1172836352;18563072;1297448960;0;0;0;0;0;0;0;0;0;0;0;3817;0;0;125;0;92;0;
8127;6261841;1172836352;18563072;1297448960;0;0;0;0;0;0;0;0;0;0;0;2134;0;0;125;0;92;0;
8128;5718202;1172836352;18563072;1297448960;0;0;0;0;0;0;0;0;0;0;0;3406;0;0;125;0;92;0;
8129;4740048;1172836352;18563072;1297448960;0;0;0;0;0;0;0;0;0;0;0;3086;0;0;125;0;92;0;
8130;3894673;1172836352;18563072;1297448960;0;0;0;0;0;0;0;0;0;0;0;2585;0;0;125;0;92;0;
8131;2855324;1172836352;18563072;1297448960;0;0;0;0;0;0;0;0;0;0;0;2094;0;0;125;0;92;0;
8132;2833513;1172836352;18563072;1297448960;0;0;0;0;0;0;0;0;0;0;0;2124;0;0;125;0;92;0;
8133;6097633;1172836352;18563072;1297448960;0;0;0;0;0;0;0;0;0;0;0;2244;0;0;125;0;92;0;
8134;5706209;1172836352;18563072;1297448960;0;0;0;0;0;0;0;0;0;0;0;2705;0;0;125;0;92;0;
8135;4537599;1172836352;18563072;1297448960;0;0;0;0;0;0;0;0;0;0;0;2845;0;0;125;0;92;0;
8136;3623384;1172836352;18563072;1297448960;0;0;0;0;0;0;0;0;0;0;0;2595;0;0;125;0;92;0;
8137;4295043;1172836352;18563072;1297448960;0;0;0;0;0;0;0;0;0;0;0;2334;0;0;125;0;92;0;
8138;3259792;1172836352;18563072;1297448960;0;0;0;0;0;0;0;0;0;0;0;2454;0;0;125;0;92;0;
8139;7978961;1172836352;18563072;1297448960;0;0;0;0;0;0;0;0;0;0;0;2575;0;0;125;0;92;0;
8140;4369383;1172836352;18563072;1297448960;0;0;0;0;0;0;0;0;0;0;0;3226;0;0;125;0;92;0;
8141;3495635;1172836352;18563072;1297448960;0;0;0;0;0;0;0;0;0;0;0;2495;0;0;125;0;92;0;
8142;1926793;1172836352;18563072;1297448960;0;0;0;0;0;0;0;0;0;0;0;2184;0;0;125;0;92;0;
8143;2877927;1172836352;18563072;1297448960;0;0;0;0;0;0;0;0;0;0;0;2344;0;0;125;0;92;0;
8144;3634395;1172836352;18563072;1297448960;0;0;0;0;0;0;0;0;0;0;0;4058;0;0;125;0;92;0;
8145;9380870;1172836352;18563072;1297448960;0;0;0;0;0;0;0;0;0;0;0;3066;0;0;125;0;92;0;
8146;4443843;1172836352;18563072;1297448960;0;0;0;0;0;0;0;0;0;0;0;3437;0;0;125;0;92;0;
8147;5560076;1172836352;18563072;1297448960;0;0;0;0;0;0;0;0;0;0;0;3136;0;0;125;0;92;0;
8148;4705182;1172836352;18563072;1297448960;0;0;0;0;0;0;0;0;0;0;0;3707;0;0;125;0;92;0;
8149;5224616;1172836352;18563072;1297448960;0;0;0;0;0;0;0;0;0;0;0;3427;0;0;125;0;92;0;
8150;3961328;1172836352;18563072;1297448960;0;0;0;0;0;0;0;0;0;0;0;4629;0;0;125;0;92;0;
8151;6617298;1172836352;18563072;1297448960;0;0;0;0;0;0;0;0;0;0;0;3336;0;0;125;0;92;0;
8152;3783755;1172836352;18563072;1297448960;0;0;0;0;0;0;0;0;0;0;0;3136;0;0;125;0;92;0;
8153;2684383;1172836352;18563072;1297448960;0;0;0;0;0;0;0;0;0;0;0;2194;0;0;125;0;92;0;
8154;2906209;1172836352;18563072;1297448960;0;0;0;0;0;0;0;0;0;0;0;2815;0;0;125;0;92;0;
8155;3241247;1172836352;18563072;1297448960;0;0;0;0;0;0;0;0;0;0;0;3226;0;0;125;0;92;0;
8156;2894197;1172836352;18563072;1297448960;0;0;0;0;0;0;0;0;0;0;0;2404;0;0;125;0;92;0;
8157;5872161;1172836352;18563072;1297448960;0;0;0;0;0;0;0;0;0;0;0;2274;0;0;125;0;92;0;
8158;4411101;1172836352;18563072;1297448960;0;0;0;0;0;0;0;0;0;0;0;2975;0;0;125;0;92;0;
8159;3832916;1172836352;18563072;1297448960;0;0;0;0;0;0;0;0;0;0;0;3146;0;0;125;0;92;0;
8160;4408686;1172836352;18563072;1297448960;0;0;0;0;0;0;0;0;0;0;0;2635;0;0;125;0;92;0;
8161;2984075;1172836352;18563072;1297448960;0;0;0;0;0;0;0;0;0;0;0;2435;0;0;125;0;92;0;
8162;2869330;1172836352;18563072;1297448960;0;0;0;0;0;0;0;0;0;0;0;3076;0;0;125;0;92;0;
8163;6163427;1172836352;18563072;1297448960;0;0;0;0;0;0;0;0;0;0;0;3226;0;0;125;0;92;0;
8164;4896621;1172836352;18563072;1297448960;0;0;0;0;0;0;0;0;0;0;0;2865;0;0;125;0;92;0;
8165;3990092;1172836352;18563072;1297448960;0;0;0;0;0;0;0;0;0;0;0;2214;0;0;125;0;92;0;
8166;3281914;1172836352;18563072;1297448960;0;0;0;0;0;0;0;0;0;0;0;3326;0;0;125;0;92;0;
8167;2262201;1172836352;18563072;1297448960;0;0;0;0;0;0;0;0;0;0;0;3106;0;0;125;0;92;0;
8168;2355467;1172836352;18563072;1297448960;0;0;0;0;0;0;0;0;0;0;0;2675;0;0;125;0;92;0;
8169;6921348;1172836352;18563072;1297448960;0;0;0;0;0;0;0;0;0;0;0;2695;0;0;125;0;92;0;
8170;4730620;1172836352;18563072;1297448960;0;0;0;0;0;0;0;0;0;0;0;3146;0;0;125;0;92;0;
8171;2968867;1172836352;18563072;1297448960;0;0;0;0;0;0;0;0;0;0;0;2404;0;0;125;0;92;0;
8172;2938661;1172836352;18563072;1297448960;0;0;0;0;0;0;0;0;0;0;0;3717;0;0;125;0;96;0;
8173;3390287;1172836352;18563072;1297448960;0;0;0;0;0;0;0;0;0;0;0;2434;0;0;125;0;96;0;
8174;2943479;1172836352;18563072;1297448960;0;0;0;0;0;0;0;0;0;0;0;3056;0;0;125;0;96;0;
8175;6911479;1172836352;18563072;1297448960;0;0;0;0;0;0;0;0;0;0;0;2595;0;0;125;0;96;0;
8176;6981701;1172836352;18563072;1297448960;0;0;0;0;0;0;0;0;0;0;0;5360;0;0;125;0;96;0;
8177;3631629;1172836352;18563072;1297448960;0;0;0;0;0;0;0;0;0;0;0;2194;0;0;125;0;96;0;
8178;3477330;1172836352;18563072;1297448960;0;0;0;0;0;0;0;0;0;0;0;2836;0;0;125;0;96;0;
8179;3868834;1172836352;18563072;1297448960;0;0;0;0;0;0;0;0;0;0;0;3256;0;0;125;0;96;0;
8180;4455233;1172836352;18563072;1297448960;0;0;0;0;0;0;0;0;0;0;0;3476;0;0;125;0;96;0;
8181;7348399;1172836352;18563072;1297448960;0;0;0;0;0;0;0;0;0;0;0;3126;0;0;125;0;96;0;
8182;5184792;1172836352;18563072;1297448960;0;0;0;0;0;0;0;0;0;0;0;3476;0;0;125;0;96;0;
8183;3696081;1172836352;18563072;1297448960;0;0;0;0;0;0;0;0;0;0;0;2855;0;0;125;0;96;0;
8184;3663128;1172836352;18563072;1297448960;0;0;0;0;0;0;0;0;0;0;0;3466;0;0;125;0;96;0;
8185;3577317;1172836352;18563072;1297448960;0;0;0;0;0;0;0;0;0;0;0;2555;0;0;125;0;96;0;
8186;3402199;1172836352;18563072;1297448960;0;0;0;0;0;0;0;0;0;0;0;2985;0;0;125;0;96;0;
8187;6652223;1172836352;18563072;1297448960;0;0;0;0;0;0;0;0;0;0;0;2695;0;0;125;0;96;0;
8188;4203653;1172836352;18563072;1297448960;0;0;0;0;0;0;0;0;0;0;0;4087;0;0;125;0;96;0;
8189;3318462;1172836352;18563072;1297448960;0;0;0;0;0;0;0;0;0;0;0;2595;0;0;125;0;96;0;
8190;2584786;1172836352;18563072;1297448960;0;0;0;0;0;0;0;0;0;0;0;2695;0;0;125;0;96;0;
8191;3426454;1172836352;18563072;1297448960;0;0;0;0;0;0;0;0;0;0;0;2705;0;0;125;0;96;0;
8192;2081984;1172836352;18563072;1297448960;0;0;0;0;0;0;0;0;0;0;0;2595;0;0;125;0;96;0;
8193;6804529;1172836352;18563072;1297448960;0;0;0;0;0;0;0;0;0;0;0;2525;0;0;125;0;96;0;
8194;4397035;1172836352;18563072;1297448960;0;0;0;0;0;0;0;0;0;0;0;2665;0;0;125;0;96;0;
8195;4237766;1172836352;18563072;1297448960;0;0;0;0;0;0;0;0;0;0;0;3807;0;0;125;0;97;0;
8196;2703960;1172836352;18563072;1297448960;0;0;0;0;0;0;0;0;0;0;0;3426;0;0;125;0;97;0;
8197;2196559;1172836352;18563072;1297448960;0;0;0;0;0;0;0;0;0;0;0;2214;0;0;125;0;97;0;
8198;2572754;1172836352;18563072;1297448960;0;0;0;0;0;0;0;0;0;0;0;2424;0;0;125;0;97;0;
8199;5421786;1172836352;18563072;1297448960;0;0;0;0;0;0;0;0;0;0;0;2354;0;0;125;0;97;0;
8200;4166983;1172836352;18563072;1297448960;0;0;0;0;0;0;0;0;0;0;0;3036;0;0;125;0;97;0;
8201;2784061;1172836352;18563072;1297448960;0;0;0;0;0;0;0;0;0;0;0;2304;0;0;125;0;97;0;
8202;2449703;1172836352;18563072;1297448960;0;0;0;0;0;0;0;0;0;0;0;2675;0;0;125;0;97;0;
8203;2618099;1172836352;18563072;1297448960;0;0;0;0;0;0;0;0;0;0;0;1653;0;0;125;0;97;0;
8204;2066464;1172836352;18563072;1297448960;0;0;0;0;0;0;0;0;0;0;0;1933;0;0;125;0;97;0;
8205;6190698;1172836352;18563072;1297448960;0;0;0;0;0;0;0;0;0;0;0;1873;0;0;125;0;97;0;
8206;3887850;1172836352;18563072;1297448960;0;0;0;0;0;0;0;0;0;0;0;2795;0;0;125;0;97;0;
8207;3928185;1172836352;18563072;1297448960;0;0;0;0;0;0;0;0;0;0;0;2144;0;0;125;0;97;0;
8208;2671579;1172836352;18563072;1297448960;0;0;0;0;0;0;0;0;0;0;0;4047;0;0;125;0;97;0;
8209;3672245;1172836352;18563072;1297448960;0;0;0;0;0;0;0;0;0;0;0;2675;0;0;125;0;97;0;
8210;2294151;1172836352;18563072;1297448960;0;0;0;0;0;0;0;0;0;0;0;3075;0;0;125;0;97;0;
8211;6967965;1172836352;18563072;1297448960;0;0;0;0;0;0;0;0;0;0;0;2204;0;0;125;0;97;0;
8212;8097644;1172836352;18563072;1297448960;0;0;0;0;0;0;0;0;0;0;0;3416;0;0;125;0;97;0;
8213;6789370;1172836352;18563072;1297448960;0;0;0;0;0;0;0;0;0;0;0;3146;0;0;125;0;97;0;
8214;3683807;1172836352;18563072;1297448960;0;0;0;0;0;0;0;0;0;0;0;2916;0;0;125;0;97;0;
8215;3593288;1172836352;18563072;1297448960;0;0;0;0;0;0;0;0;0;0;0;3126;0;0;125;0;97;0;
8216;3564885;1172836352;18563072;1297448960;0;0;0;0;0;0;0;0;0;0;0;3136;0;0;125;0;97;0;
8217;7666394;1172836352;18563072;1297448960;0;0;0;0;0;0;0;0;0;0;0;3206;0;0;125;0;97;0;
8218;4660168;1172836352;18563072;1297448960;0;0;0;0;0;0;0;0;0;0;0;3356;0;0;125;0;97;0;
8219;4900619;1172836352;18563072;1297448960;0;0;0;0;0;0;0;0;0;0;0;3126;0;0;125;0;97;0;
8220;3122605;1172836352;18563072;1297448960;0;0;0;0;0;0;0;0;0;0;0;2334;0;0;125;0;97;0;
8221;3891417;1172836352;18563072;1297448960;0;0;0;0;0;0;0;0;0;0;0;3307;0;0;125;0;97;0;
8222;1638563;1172836352;18563072;1297448960;0;0;0;0;0;0;0;0;0;0;0;2194;0;0;125;0;97;0;
8223;5227081;1172836352;18563072;1297448960;0;0;0;0;0;0;0;0;0;0;0;2124;0;0;125;0;97;0;
8224;1935719;1172836352;18563072;1297448960;0;0;0;0;0;0;0;0;0;0;0;2635;0;0;125;0;97;0;
8225;1860018;1172836352;18563072;1297448960;0;0;0;0;0;0;0;0;0;0;0;1673;0;0;125;0;97;0;
8226;1966808;1172836352;18563072;1297448960;0;0;0;0;0;0;0;0;0;0;0;2064;0;0;125;0;97;0;
8227;3440942;1172836352;18563072;1297448960;0;0;0;0;0;0;0;0;0;0;0;2124;0;0;125;0;97;0;
8228;2896331;1172836352;18563072;1297448960;0;0;0;0;0;0;0;0;0;0;0;2735;0;0;125;0;97;0;
8229;6238327;1172836352;18563072;1297448960;0;0;0;0;0;0;0;0;0;0;0;1793;0;0;125;0;97;0;
8230;4104135;1172836352;18563072;1297448960;0;0;0;0;0;0;0;0;0;0;0;2895;0;0;125;0;97;0;
8231;3128837;1172836352;18563072;1297448960;0;0;0;0;0;0;0;0;0;0;0;1743;0;0;125;0;97;0;
8232;2119234;1172836352;18563072;1297448960;0;0;0;0;0;0;0;0;0;0;0;2134;0;0;125;0;97;0;
8233;2336681;1172836352;18563072;1297448960;0;0;0;0;0;0;0;0;0;0;0;1523;0;0;125;0;97;0;
8234;1778925;1172836352;18563072;1297448960;0;0;0;0;0;0;0;0;0;0;0;1834;0;0;125;0;97;0;
8235;5565245;1172836352;18563072;1297448960;0;0;0;0;0;0;0;0;0;0;0;1913;0;0;125;0;97;0;
8236;2750578;1172836352;18563072;1297448960;0;0;0;0;0;0;0;0;0;0;0;3006;0;0;125;0;97;0;
8237;3321387;1172836352;18563072;1297448960;0;0;0;0;0;0;0;0;0;0;0;2074;0;0;125;0;97;0;
8238;2702467;1172836352;18563072;1297448960;0;0;0;0;0;0;0;0;0;0;0;1994;0;0;125;0;97;0;
8239;3091837;1172836352;18563072;1297448960;0;0;0;0;0;0;0;0;0;0;0;1904;0;0;125;0;97;0;
8240;3153302;1172836352;18563072;1297448960;0;0;0;0;0;0;0;0;0;0;0;2364;0;0;125;0;97;0;
8241;6771497;1172836352;18563072;1297448960;0;0;0;0;0;0;0;0;0;0;0;2164;0;0;125;0;97;0;
8242;3776942;1172836352;18563072;1297448960;0;0;0;0;0;0;0;0;0;0;0;2926;0;0;125;0;97;0;
8243;3864056;1172836352;18563072;1297448960;0;0;0;0;0;0;0;0;0;0;0;1923;0;0;125;0;97;0;
8244;1488842;1172836352;18563072;1297448960;0;0;0;0;0;0;0;0;0;0;0;2104;0;0;125;0;97;0;
8245;2433332;1172836352;18563072;1297448960;0;0;0;0;0;0;0;0;0;0;0;1823;0;0;125;0;97;0;
8246;2201408;1172836352;18563072;1297448960;0;0;0;0;0;0;0;0;0;0;0;2354;0;0;125;0;97;0;
8247;7054327;1172836352;18563072;1297448960;0;0;0;0;0;0;0;0;0;0;0;1893;0;0;125;0;97;0;
8248;4755166;1172836352;18563072;1297448960;0;0;0;0;0;0;0;0;0;0;0;3015;0;0;125;0;97;0;
8249;3325326;1172836352;18563072;1297448960;0;0;0;0;0;0;0;0;0;0;0;2444;0;0;125;0;97;0;
8250;2490981;1172836352;18563072;1297448960;0;0;0;0;0;0;0;0;0;0;0;2054;0;0;125;0;97;0;
8251;3430553;1172836352;18563072;1297448960;0;0;0;0;0;0;0;0;0;0;0;2063;0;0;125;0;97;0;
8252;3212013;1172836352;18563072;1297448960;0;0;0;0;0;0;0;0;0;0;0;1933;0;0;125;0;97;0;
8253;5610440;1172836352;18563072;1297448960;0;0;0;0;0;0;0;0;0;0;0;2304;0;0;125;0;97;0;
8254;3087048;1172836352;18563072;1297448960;0;0;0;0;0;0;0;0;0;0;0;2625;0;0;125;0;97;0;
8255;3713763;1172836352;18563072;1297448960;0;0;0;0;0;0;0;0;0;0;0;1974;0;0;125;0;97;0;
8256;2623068;1172836352;18563072;1297448960;0;0;0;0;0;0;0;0;0;0;0;1984;0;0;125;0;97;0;
8257;3807188;1172836352;18563072;1297448960;0;0;0;0;0;0;0;0;0;0;0;2545;0;0;125;0;97;0;
8258;2226716;1172836352;18563072;1297448960;0;0;0;0;0;0;0;0;0;0;0;2224;0;0;125;0;97;0;
8259;7868654;1172836352;18563072;1297448960;0;0;0;0;0;0;0;0;0;0;0;1824;0;0;125;0;97;0;
8260;4571743;1172836352;18563072;1297448960;0;0;0;0;0;0;0;0;0;0;0;2315;0;0;125;0;97;0;
8261;3460418;1172836352;18563072;1297448960;0;0;0;0;0;0;0;0;0;0;0;1824;0;0;125;0;97;0;
8262;2187652;1172836352;18563072;1297448960;0;0;0;0;0;0;0;0;0;0;0;2605;0;0;125;0;97;0;
8263;3275602;1172836352;18563072;1297448960;0;0;0;0;0;0;0;0;0;0;0;2505;0;0;125;0;97;0;
8264;2397445;1172836352;18563072;1297448960;0;0;0;0;0;0;0;0;0;0;0;1983;0;0;125;0;97;0;
8265;6425619;1172836352;18563072;1297448960;0;0;0;0;0;0;0;0;0;0;0;1864;0;0;125;0;97;0;
8266;4201488;1172836352;18563072;1297448960;0;0;0;0;0;0;0;0;0;0;0;2224;0;0;125;0;97;0;
8267;3149976;1172836352;18563072;1297448960;0;0;0;0;0;0;0;0;0;0;0;1973;0;0;125;0;97;0;
8268;2152055;1172836352;18563072;1297448960;0;0;0;0;0;0;0;0;0;0;0;1733;0;0;125;0;97;0;
8269;2293340;1172836352;18563072;1297448960;0;0;0;0;0;0;0;0;0;0;0;2064;0;0;125;0;97;0;
8270;1810835;1172836352;18563072;1297448960;0;0;0;0;0;0;0;0;0;0;0;2234;0;0;125;0;97;0;
8271;6195697;1172836352;18563072;1297448960;0;0;0;0;0;0;0;0;0;0;0;2013;0;0;125;0;97;0;
8272;3962861;1172836352;18563072;1297448960;0;0;0;0;0;0;0;0;0;0;0;2214;0;0;125;0;97;0;
8273;3761203;1172836352;18563072;1297448960;0;0;0;0;0;0;0;0;0;0;0;2154;0;0;125;0;97;0;
8274;2656632;1172836352;18563072;1297448960;0;0;0;0;0;0;0;0;0;0;0;3287;0;0;125;0;97;0;
8275;2057678;1172836352;18563072;1297448960;0;0;0;0;0;0;0;0;0;0;0;1904;0;0;125;0;97;0;
8276;1819001;1172836352;18563072;1297448960;0;0;0;0;0;0;0;0;0;0;0;6742;0;0;125;0;97;0;
8277;6051988;1172836352;18563072;1297448960;0;0;0;0;0;0;0;0;0;0;0;1884;0;0;125;0;97;0;
8278;3256846;1172836352;18563072;1297448960;0;0;0;0;0;0;0;0;0;0;0;2064;0;0;125;0;97;0;
8279;2562155;1172836352;18563072;1297448960;0;0;0;0;0;0;0;0;0;0;0;2274;0;0;125;0;97;0;
8280;2321743;1172836352;18563072;1297448960;0;0;0;0;0;0;0;0;0;0;0;1813;0;0;125;0;97;0;
8281;2601438;1172836352;18563072;1297448960;0;0;0;0;0;0;0;0;0;0;0;1824;0;0;125;0;97;0;
8282;2049543;1172836352;18563072;1297448960;0;0;0;0;0;0;0;0;0;0;0;1914;0;0;125;0;97;0;
8283;5039209;1172836352;18563072;1297448960;0;0;0;0;0;0;0;0;0;0;0;1873;0;0;125;0;97;0;
8284;3005385;1172836352;18563072;1297448960;0;0;0;0;0;0;0;0;0;0;0;1913;0;0;125;0;97;0;
8285;1880787;1172836352;18563072;1297448960;0;0;0;0;0;0;0;0;0;0;0;1874;0;0;125;0;97;0;
8286;2120476;1172836352;18563072;1297448960;0;0;0;0;0;0;0;0;0;0;0;2014;0;0;125;0;97;0;
8287;2515566;1172836352;18563072;1297448960;0;0;0;0;0;0;0;0;0;0;0;2033;0;0;125;0;97;0;
8288;2309581;1172836352;18563072;1297448960;0;0;0;0;0;0;0;0;0;0;0;2384;0;0;125;0;97;0;
8289;5355953;1172836352;18563072;1297448960;0;0;0;0;0;0;0;0;0;0;0;1773;0;0;125;0;97;0;
8290;3496757;1172836352;18563072;1297448960;0;0;0;0;0;0;0;0;0;0;0;2044;0;0;125;0;97;0;
8291;2667753;1172836352;18563072;1297448960;0;0;0;0;0;0;0;0;0;0;0;2335;0;0;125;0;97;0;
8292;2009268;1172836352;18563072;1297448960;0;0;0;0;0;0;0;0;0;0;0;2444;0;0;125;0;97;0;
8293;3864065;1172836352;18563072;1297448960;0;0;0;0;0;0;0;0;0;0;0;2485;0;0;125;0;97;0;
8294;3261506;1172836352;18563072;1297448960;0;0;0;0;0;0;0;0;0;0;0;2685;0;0;125;0;97;0;
8295;4837651;1172836352;18563072;1297448960;0;0;0;0;0;0;0;0;0;0;0;2284;0;0;125;0;97;0;
8296;2765065;1172836352;18563072;1297448960;0;0;0;0;0;0;0;0;0;0;0;2795;0;0;125;0;97;0;
8297;4229650;1172836352;18563072;1297448960;0;0;0;0;0;0;0;0;0;0;0;2675;0;0;125;0;97;0;
8298;3365530;1172836352;18563072;1297448960;0;0;0;0;0;0;0;0;0;0;0;2425;0;0;125;0;97;0;
8299;3150077;1172836352;18563072;1297448960;0;0;0;0;0;0;0;0;0;0;0;1693;0;0;125;0;97;0;
8300;2142196;1172836352;18563072;1297448960;0;0;0;0;0;0;0;0;0;0;0;1964;0;0;125;0;97;0;
8301;6012885;1172836352;18563072;1297448960;0;0;0;0;0;0;0;0;0;0;0;2435;0;0;125;0;97;0;
8302;3948924;1172836352;18563072;1297448960;0;0;0;0;0;0;0;0;0;0;0;3106;0;0;125;0;97;0;
8303;4468418;1172836352;18563072;1297448960;0;0;0;0;0;0;0;0;0;0;0;1944;0;0;125;0;97;0;
8304;3116554;1172836352;18563072;1297448960;0;0;0;0;0;0;0;0;0;0;0;2524;0;0;125;0;97;0;
8305;4011251;1172836352;18563072;1297448960;0;0;0;0;0;0;0;0;0;0;0;1963;0;0;125;0;97;0;
8306;2701716;1172836352;18563072;1297448960;0;0;0;0;0;0;0;0;0;0;0;2264;0;0;125;0;97;0;
8307;6035517;1172836352;18563072;1297448960;0;0;0;0;0;0;0;0;0;0;0;2204;0;0;125;0;97;0;
8308;2732534;1172836352;18563072;1297448960;0;0;0;0;0;0;0;0;0;0;0;2796;0;0;125;0;97;0;
8309;3330374;1172836352;18563072;1297448960;0;0;0;0;0;0;0;0;0;0;0;2004;0;0;125;0;97;0;
8310;3125370;1172836352;18563072;1297448960;0;0;0;0;0;0;0;0;0;0;0;3557;0;0;125;0;97;0;
8311;3080677;1172836352;18563072;1297448960;0;0;0;0;0;0;0;0;0;0;0;2154;0;0;125;0;97;0;
8312;2132919;1172836352;18563072;1297448960;0;0;0;0;0;0;0;0;0;0;0;1743;0;0;125;0;97;0;
8313;6005321;1172836352;18563072;1297448960;0;0;0;0;0;0;0;0;0;0;0;1683;0;0;125;0;97;0;
8314;3389345;1172836352;18563072;1297448960;0;0;0;0;0;0;0;0;0;0;0;2885;0;0;125;0;97;0;
8315;3290530;1172836352;18563072;1297448960;0;0;0;0;0;0;0;0;0;0;0;2555;0;0;125;0;97;0;
8316;3577989;1172836352;18563072;1297448960;0;0;0;0;0;0;0;0;0;0;0;3386;0;0;125;0;98;0;
8317;3385217;1172836352;18563072;1297448960;0;0;0;0;0;0;0;0;0;0;0;1994;0;0;125;0;98;0;
8318;2287429;1172836352;18563072;1297448960;0;0;0;0;0;0;0;0;0;0;0;154129;0;0;125;0;98;0;
8319;6500990;1172836352;18563072;1297448960;0;0;0;0;0;0;0;0;0;0;0;2585;0;0;125;0;98;0;
8320;5597525;1172836352;18563072;1297448960;0;0;0;0;0;0;0;0;0;0;0;3928;0;0;125;0;98;0;
8321;2772488;1172836352;18563072;1297448960;0;0;0;0;0;0;0;0;0;0;0;2935;0;0;125;0;98;0;
8322;2956253;1172836352;18563072;1297448960;0;0;0;0;0;0;0;0;0;0;0;2265;0;0;125;0;98;0;
8323;4167013;1172836352;18563072;1297448960;0;0;0;0;0;0;0;0;0;0;0;2715;0;0;125;0;98;0;
8324;4438442;1172836352;18563072;1297448960;0;0;0;0;0;0;0;0;0;0;0;3647;0;0;125;0;98;0;
8325;6423404;1172836352;18563072;1297448960;0;0;0;0;0;0;0;0;0;0;0;3126;0;0;125;0;98;0;
8326;5543614;1172836352;18563072;1297448960;0;0;0;0;0;0;0;0;0;0;0;2655;0;0;125;0;98;0;
8327;4383940;1172836352;18563072;1297448960;0;0;0;0;0;0;0;0;0;0;0;3467;0;0;125;0;98;0;
8328;3964825;1172836352;18563072;1297448960;0;0;0;0;0;0;0;0;0;0;0;3617;0;0;125;0;98;0;
8329;3869346;1172836352;18563072;1297448960;0;0;0;0;0;0;0;0;0;0;0;2866;0;0;125;0;98;0;
8330;3159734;1172836352;18563072;1297448960;0;0;0;0;0;0;0;0;0;0;0;2535;0;0;125;0;98;0;
8331;7845321;1172836352;18563072;1297448960;0;0;0;0;0;0;0;0;0;0;0;2284;0;0;125;0;98;0;
8332;4602560;1172836352;18563072;1297448960;0;0;0;0;0;0;0;0;0;0;0;2655;0;0;125;0;98;0;
8333;3367274;1172836352;18563072;1297448960;0;0;0;0;0;0;0;0;0;0;0;1723;0;0;125;0;98;0;
8334;2597130;1172836352;18563072;1297448960;0;0;0;0;0;0;0;0;0;0;0;1834;0;0;125;0;98;0;
8335;5672346;1172836352;18563072;1297448960;0;0;0;0;0;0;0;0;0;0;0;2435;0;0;125;0;98;0;
8336;2442480;1172836352;18563072;1297448960;0;0;0;0;0;0;0;0;0;0;0;1763;0;0;125;0;98;0;
8337;6205195;1172836352;18563072;1297448960;0;0;0;0;0;0;0;0;0;0;0;2224;0;0;125;0;98;0;
8338;6274746;1172836352;18563072;1297448960;0;0;0;0;0;0;0;0;0;0;0;3436;0;0;125;0;98;0;
8339;4323577;1172836352;18563072;1297448960;0;0;0;0;0;0;0;0;0;0;0;2395;0;0;125;0;98;0;
8340;2892784;1172836352;18563072;1297448960;0;0;0;0;0;0;0;0;0;0;0;2235;0;0;125;0;98;0;
8341;3858916;1172836352;18563072;1297448960;0;0;0;0;0;0;0;0;0;0;0;1974;0;0;125;0;98;0;
8342;3161549;1172836352;18563072;1297448960;0;0;0;0;0;0;0;0;0;0;0;3416;0;0;125;0;98;0;
8343;6132439;1172836352;18563072;1297448960;0;0;0;0;0;0;0;0;0;0;0;2255;0;0;125;0;98;0;
8344;4226034;1172836352;18563072;1297448960;0;0;0;0;0;0;0;0;0;0;0;2986;0;0;125;0;98;0;
8345;3297453;1172836352;18563072;1297448960;0;0;0;0;0;0;0;0;0;0;0;2435;0;0;125;0;98;0;
8346;3497799;1172836352;18563072;1297448960;0;0;0;0;0;0;0;0;0;0;0;2365;0;0;125;0;98;0;
8347;3321668;1172836352;18563072;1297448960;0;0;0;0;0;0;0;0;0;0;0;2134;0;0;125;0;98;0;
8348;2298190;1172836352;18563072;1297448960;0;0;0;0;0;0;0;0;0;0;0;2495;0;0;125;0;98;0;
8349;4461356;1172836352;18563072;1297448960;0;0;0;0;0;0;0;0;0;0;0;1764;0;0;125;0;98;0;
8350;3605601;1172836352;18563072;1297448960;0;0;0;0;0;0;0;0;0;0;0;3066;0;0;125;0;98;0;
8351;1731767;1172836352;18563072;1297448960;0;0;0;0;0;0;0;0;0;0;0;1713;0;0;125;0;98;0;
8352;3192326;1172836352;18563072;1297448960;0;0;0;0;0;0;0;0;0;0;0;2024;0;0;125;0;98;0;
8353;3715276;1172836352;18563072;1297448960;0;0;0;0;0;0;0;0;0;0;0;2756;0;0;125;0;98;0;
8354;3468264;1172836352;18563072;1297448960;0;0;0;0;0;0;0;0;0;0;0;2515;0;0;125;0;98;0;
8355;7054578;1172836352;18563072;1297448960;0;0;0;0;0;0;0;0;0;0;0;2104;0;0;125;0;98;0;
8356;4554159;1172836352;18563072;1297448960;0;0;0;0;0;0;0;0;0;0;0;3667;0;0;125;0;98;0;
8357;3251567;1172836352;18563072;1297448960;0;0;0;0;0;0;0;0;0;0;0;1954;0;0;125;0;98;0;
8358;2444955;1172836352;18563072;1297448960;0;0;0;0;0;0;0;0;0;0;0;2365;0;0;125;0;98;0;
8359;3058054;1172836352;18563072;1297448960;0;0;0;0;0;0;0;0;0;0;0;2134;0;0;125;0;98;0;
8360;3180093;1172836352;18563072;1297448960;0;0;0;0;0;0;0;0;0;0;0;2074;0;0;125;0;98;0;
8361;10057098;1172836352;18563072;1297448960;0;0;0;0;0;0;0;0;0;0;0;1783;0;0;125;0;98;0;
8362;13014293;1172836352;18563072;1297448960;0;0;0;0;0;0;0;0;0;0;0;4248;0;0;125;0;98;0;
8363;6321363;1172836352;18563072;1297448960;0;0;0;0;0;0;0;0;0;0;0;2775;0;0;125;0;98;0;
8364;4419717;1172836352;18563072;1297448960;0;0;0;0;0;0;0;0;0;0;0;3256;0;0;125;0;98;0;
8365;5340804;1172836352;18563072;1297448960;0;0;0;0;0;0;0;0;0;0;0;2415;0;0;125;0;98;0;
8366;3182257;1172836352;18563072;1297448960;0;0;0;0;0;0;0;0;0;0;0;2604;0;0;125;0;98;0;
8367;5054187;1172836352;18563072;1297448960;0;0;0;0;0;0;0;0;0;0;0;1804;0;0;125;0;98;0;
8368;4140243;1172836352;18563072;1297448960;0;0;0;0;0;0;0;0;0;0;0;2344;0;0;125;0;98;0;
8369;2149671;1172836352;18563072;1297448960;0;0;0;0;0;0;0;0;0;0;0;1633;0;0;125;0;98;0;
8370;2459502;1172836352;18563072;1297448960;0;0;0;0;0;0;0;0;0;0;0;1392;0;0;125;0;98;0;
8371;3222442;1172836352;18563072;1297448960;0;0;0;0;0;0;0;0;0;0;0;1593;0;0;125;0;98;0;
8372;2466235;1172836352;18563072;1297448960;0;0;0;0;0;0;0;0;0;0;0;1884;0;0;125;0;98;0;
8373;6423694;1172836352;18563072;1297448960;0;0;0;0;0;0;0;0;0;0;0;2064;0;0;125;0;98;0;
8374;5045721;1172836352;18563072;1297448960;0;0;0;0;0;0;0;0;0;0;0;2746;0;0;125;0;98;0;
8375;4188413;1172836352;18563072;1297448960;0;0;0;0;0;0;0;0;0;0;0;2114;0;0;125;0;98;0;
8376;4044935;1172836352;18563072;1297448960;0;0;0;0;0;0;0;0;0;0;0;2154;0;0;125;0;98;0;
8377;3664792;1172836352;18563072;1297448960;0;0;0;0;0;0;0;0;0;0;0;1794;0;0;125;0;98;0;
8378;3093551;1172836352;18563072;1297448960;0;0;0;0;0;0;0;0;0;0;0;2014;0;0;125;0;98;0;
8379;5326898;1172836352;18563072;1297448960;0;0;0;0;0;0;0;0;0;0;0;1763;0;0;125;0;98;0;
8380;4178786;1172836352;18563072;1297448960;0;0;0;0;0;0;0;0;0;0;0;2935;0;0;125;0;98;0;
8381;4149981;1172836352;18563072;1297448960;0;0;0;0;0;0;0;0;0;0;0;1964;0;0;125;0;98;0;
8382;2468248;1172836352;18563072;1297448960;0;0;0;0;0;0;0;0;0;0;0;1934;0;0;125;0;98;0;
8383;3630557;1172836352;18563072;1297448960;0;0;0;0;0;0;0;0;0;0;0;1723;0;0;125;0;98;0;
8384;3079804;1172836352;18563072;1297448960;0;0;0;0;0;0;0;0;0;0;0;2044;0;0;125;0;98;0;
8385;6462548;1172836352;18563072;1297448960;0;0;0;0;0;0;0;0;0;0;0;1603;0;0;125;0;98;0;
8386;4983154;1172836352;18563072;1297448960;0;0;0;0;0;0;0;0;0;0;0;3166;0;0;125;0;98;0;
8387;4064091;1172836352;18563072;1297448960;0;0;0;0;0;0;0;0;0;0;0;2775;0;0;125;0;99;0;
8388;2240130;1172836352;18563072;1297448960;0;0;0;0;0;0;0;0;0;0;0;1613;0;0;125;0;99;0;
8389;4115347;1172836352;18563072;1297448960;0;0;0;0;0;0;0;0;0;0;0;1823;0;0;125;0;99;0;
8390;3128486;1172836352;18563072;1297448960;0;0;0;0;0;0;0;0;0;0;0;2314;0;0;125;0;99;0;
8391;7179572;1172836352;18563072;1297448960;0;0;0;0;0;0;0;0;0;0;0;2334;0;0;125;0;99;0;
8392;6455835;1172836352;18563072;1297448960;0;0;0;0;0;0;0;0;0;0;0;3085;0;0;125;0;99;0;
8393;4923953;1172836352;18563072;1297448960;0;0;0;0;0;0;0;0;0;0;0;2845;0;0;125;0;99;0;
8394;5235116;1172836352;18563072;1297448960;0;0;0;0;0;0;0;0;0;0;0;2956;0;0;125;0;99;0;
8395;4572233;1172836352;18563072;1297448960;0;0;0;0;0;0;0;0;0;0;0;1994;0;0;125;0;99;0;
8396;3195882;1172836352;18563072;1297448960;0;0;0;0;0;0;0;0;0;0;0;2475;0;0;125;0;99;0;
8397;6139031;1172836352;18563072;1297448960;0;0;0;0;0;0;0;0;0;0;0;2284;0;0;125;0;99;0;
8398;6202250;1172836352;18563072;1297448960;0;0;0;0;0;0;0;0;0;0;0;3377;0;0;125;0;99;0;
8399;4892023;1172836352;18563072;1297448960;0;0;0;0;0;0;0;0;0;0;0;3537;0;0;125;0;99;0;
8400;4000171;1172836352;18563072;1297448960;0;0;0;0;0;0;0;0;0;0;0;2615;0;0;125;0;99;0;
8401;5154264;1172836352;18563072;1297448960;0;0;0;0;0;0;0;0;0;0;0;3006;0;0;125;0;99;0;
8402;3878322;1172836352;18563072;1297448960;0;0;0;0;0;0;0;0;0;0;0;2414;0;0;125;0;99;0;
8403;7097247;1172836352;18563072;1297448960;0;0;0;0;0;0;0;0;0;0;0;2284;0;0;125;0;99;0;
8404;3935449;1172836352;18563072;1297448960;0;0;0;0;0;0;0;0;0;0;0;3186;0;0;125;0;99;0;
8405;4711835;1172836352;18563072;1297448960;0;0;0;0;0;0;0;0;0;0;0;2545;0;0;125;0;99;0;
8406;2139551;1172836352;18563072;1297448960;0;0;0;0;0;0;0;0;0;0;0;2174;0;0;125;0;99;0;
8407;2079178;1172836352;18563072;1297448960;0;0;0;0;0;0;0;0;0;0;0;1763;0;0;125;0;99;0;
8408;2559940;1172836352;18563072;1297448960;0;0;0;0;0;0;0;0;0;0;0;1693;0;0;125;0;99;0;
8409;6131467;1172836352;18563072;1297448960;0;0;0;0;0;0;0;0;0;0;0;1693;0;0;125;0;99;0;
8410;2188824;1172836352;18563072;1297448960;0;0;0;0;0;0;0;0;0;0;0;2825;0;0;125;0;99;0;
8411;1575183;1172836352;18563072;1297448960;0;0;0;0;0;0;0;0;0;0;0;1583;0;0;125;0;99;0;
8412;2982151;1172836352;18563072;1297448960;0;0;0;0;0;0;0;0;0;0;0;1743;0;0;125;0;99;0;
8413;3498600;1172836352;18563072;1297448960;0;0;0;0;0;0;0;0;0;0;0;1814;0;0;125;0;99;0;
8414;1073272;1172836352;18563072;1297448960;0;0;0;0;0;0;0;0;0;0;0;1913;0;0;125;0;99;0;
8415;3938615;1172836352;18563072;1297448960;0;0;0;0;0;0;0;0;0;0;0;1673;0;0;125;0;99;0;
8416;4088616;1172836352;18563072;1297448960;0;0;0;0;0;0;0;0;0;0;0;2975;0;0;125;0;99;0;
8417;2106610;1172836352;18563072;1297448960;0;0;0;0;0;0;0;0;0;0;0;1753;0;0;125;0;99;0;
8418;1268458;1172836352;18563072;1297448960;0;0;0;0;0;0;0;0;0;0;0;1853;0;0;125;0;99;0;
8419;1495754;1172836352;18563072;1297448960;0;0;0;0;0;0;0;0;0;0;0;1483;0;0;125;0;99;0;
8420;2558738;1172836352;18563072;1297448960;0;0;0;0;0;0;0;0;0;0;0;1453;0;0;125;0;99;0;
8421;6368953;1172836352;18563072;1297448960;0;0;0;0;0;0;0;0;0;0;0;1994;0;0;125;0;99;0;
8422;3106274;1173106688;18563072;1297448960;0;0;0;0;0;0;0;0;0;0;0;2104;0;0;125;0;99;0;
8423;3120932;1173106688;18563072;1297448960;0;0;0;0;0;0;0;0;0;0;0;1813;0;0;125;0;99;0;
8424;1846703;1173106688;18563072;1297448960;0;0;0;0;0;0;0;0;0;0;0;1493;0;0;125;0;99;0;
8425;2803567;1173106688;18563072;1297448960;0;0;0;0;0;0;0;0;0;0;0;1443;0;0;125;0;99;0;
8426;1778564;1173106688;18563072;1297448960;0;0;0;0;0;0;0;0;0;0;0;1543;0;0;125;0;99;0;
8427;5740173;1173106688;18563072;1297448960;0;0;0;0;0;0;0;0;0;0;0;1873;0;0;125;0;99;0;
8428;3578881;1173106688;18563072;1297448960;0;0;0;0;0;0;0;0;0;0;0;2505;0;0;125;0;99;0;
8429;3322971;1173106688;18563072;1297448960;0;0;0;0;0;0;0;0;0;0;0;1894;0;0;125;0;99;0;
8430;3280872;1173106688;18563072;1297448960;0;0;0;0;0;0;0;0;0;0;0;1844;0;0;125;0;99;0;
8431;3239664;1173106688;18563072;1297448960;0;0;0;0;0;0;0;0;0;0;0;1683;0;0;125;0;99;0;
8432;2491211;1173106688;18563072;1297448960;0;0;0;0;0;0;0;0;0;0;0;2184;0;0;125;0;99;0;
8433;5911564;1173106688;18563072;1297448960;0;0;0;0;0;0;0;0;0;0;0;1833;0;0;125;0;99;0;
8434;3734162;1173106688;18563072;1297448960;0;0;0;0;0;0;0;0;0;0;0;2835;0;0;125;0;99;0;
8435;3114450;1173106688;18563072;1297448960;0;0;0;0;0;0;0;0;0;0;0;2886;0;0;125;0;102;0;
8436;2414848;1173106688;18563072;1297448960;0;0;0;0;0;0;0;0;0;0;0;2114;0;0;125;0;102;0;
8437;2780123;1173106688;18563072;1297448960;0;0;0;0;0;0;0;0;0;0;0;1763;0;0;125;0;102;0;
8438;1982257;1173106688;18563072;1297448960;0;0;0;0;0;0;0;0;0;0;0;2044;0;0;125;0;102;0;
8439;5243281;1173106688;18563072;1297448960;0;0;0;0;0;0;0;0;0;0;0;2214;0;0;125;0;102;0;
8440;3989811;1173106688;18563072;1297448960;0;0;0;0;0;0;0;0;0;0;0;2846;0;0;125;0;102;0;
8441;4342904;1173106688;18563072;1297448960;0;0;0;0;0;0;0;0;0;0;0;2114;0;0;125;0;102;0;
8442;2371597;1173106688;18563072;1297448960;0;0;0;0;0;0;0;0;0;0;0;2194;0;0;125;0;102;0;
8443;3199219;1173106688;18563072;1297448960;0;0;0;0;0;0;0;0;0;0;0;1823;0;0;125;0;102;0;
8444;2291917;1173106688;18563072;1297448960;0;0;0;0;0;0;0;0;0;0;0;2024;0;0;125;0;102;0;
8445;5794605;1173106688;18563072;1297448960;0;0;0;0;0;0;0;0;0;0;0;1573;0;0;125;0;102;0;
8446;4472436;1173106688;18563072;1297448960;0;0;0;0;0;0;0;0;0;0;0;2745;0;0;125;0;102;0;
8447;2808786;1173106688;18563072;1297448960;0;0;0;0;0;0;0;0;0;0;0;1873;0;0;125;0;102;0;
8448;1904591;1173106688;18563072;1297448960;0;0;0;0;0;0;0;0;0;0;0;1623;0;0;125;0;102;0;
8449;3520261;1173106688;18563072;1297448960;0;0;0;0;0;0;0;0;0;0;0;1713;0;0;125;0;102;0;
8450;2061866;1173106688;18563072;1297448960;0;0;0;0;0;0;0;0;0;0;0;1723;0;0;125;0;102;0;
8451;5126953;1173106688;18563072;1297448960;0;0;0;0;0;0;0;0;0;0;0;1904;0;0;125;0;102;0;
8452;3341586;1173106688;18563072;1297448960;0;0;0;0;0;0;0;0;0;0;0;3246;0;0;125;0;102;0;
8453;3817948;1173106688;18563072;1297448960;0;0;0;0;0;0;0;0;0;0;0;2364;0;0;125;0;102;0;
8454;3464106;1173106688;18563072;1297448960;0;0;0;0;0;0;0;0;0;0;0;2465;0;0;125;0;102;0;
8455;3734713;1173106688;18563072;1297448960;0;0;0;0;0;0;0;0;0;0;0;2194;0;0;125;0;102;0;
8456;3145698;1173106688;18563072;1297448960;0;0;0;0;0;0;0;0;0;0;0;2825;0;0;125;0;102;0;
8457;6832021;1173106688;18563072;1297448960;0;0;0;0;0;0;0;0;0;0;0;1904;0;0;125;0;102;0;
8458;3906685;1173106688;18563072;1297448960;0;0;0;0;0;0;0;0;0;0;0;2866;0;0;125;0;102;0;
8459;3480526;1173106688;18563072;1297448960;0;0;0;0;0;0;0;0;0;0;0;1913;0;0;125;0;102;0;
8460;2610846;1173106688;18563072;1297448960;0;0;0;0;0;0;0;0;0;0;0;2284;0;0;125;0;102;0;
8461;2702157;1173106688;18563072;1297448960;0;0;0;0;0;0;0;0;0;0;0;2154;0;0;125;0;102;0;
8462;2976641;1173106688;18563072;1297448960;0;0;0;0;0;0;0;0;0;0;0;2194;0;0;125;0;102;0;
8463;6402355;1173377024;18563072;1297448960;0;0;0;0;0;0;0;0;0;0;0;2355;0;0;125;0;102;0;
8464;4353914;1173377024;18563072;1297448960;0;0;0;0;0;0;0;0;0;0;0;3146;0;0;125;0;102;0;
8465;4027622;1173377024;18563072;1297448960;0;0;0;0;0;0;0;0;0;0;0;2736;0;0;125;0;102;0;
8466;3280591;1173377024;18563072;1297448960;0;0;0;0;0;0;0;0;0;0;0;2454;0;0;125;0;102;0;
8467;4429936;1173377024;18563072;1297448960;0;0;0;0;0;0;0;0;0;0;0;1814;0;0;125;0;102;0;
8468;2027251;1173377024;18563072;1297448960;0;0;0;0;0;0;0;0;0;0;0;2134;0;0;125;0;102;0;
8469;4362540;1173377024;18563072;1297448960;0;0;0;0;0;0;0;0;0;0;0;1833;0;0;125;0;102;0;
8470;1801208;1173377024;18563072;1297448960;0;0;0;0;0;0;0;0;0;0;0;2605;0;0;125;0;102;0;
8471;3259121;1173377024;18563072;1297448960;0;0;0;0;0;0;0;0;0;0;0;1764;0;0;125;0;102;0;
8472;1265833;1173377024;18563072;1297448960;0;0;0;0;0;0;0;0;0;0;0;2114;0;0;125;0;102;0;
8473;2259757;1173377024;18563072;1297448960;0;0;0;0;0;0;0;0;0;0;0;1924;0;0;125;0;102;0;
8474;1275201;1173377024;18563072;1297448960;0;0;0;0;0;0;0;0;0;0;0;1723;0;0;125;0;102;0;
8475;4660689;1173377024;18563072;1297448960;0;0;0;0;0;0;0;0;0;0;0;1532;0;0;125;0;102;0;
8476;3468674;1173377024;18563072;1297448960;0;0;0;0;0;0;0;0;0;0;0;3136;0;0;125;0;102;0;
8477;2079660;1173377024;18563072;1297448960;0;0;0;0;0;0;0;0;0;0;0;1603;0;0;125;0;102;0;
8478;1273688;1173377024;18563072;1297448960;0;0;0;0;0;0;0;0;0;0;0;1583;0;0;125;0;102;0;
8479;2111569;1173377024;18563072;1297448960;0;0;0;0;0;0;0;0;0;0;0;1793;0;0;125;0;102;0;
8480;1253661;1173377024;18563072;1297448960;0;0;0;0;0;0;0;0;0;0;0;1573;0;0;125;0;102;0;
8481;3958613;1173377024;18563072;1297448960;0;0;0;0;0;0;0;0;0;0;0;1523;0;0;125;0;102;0;
8482;2859862;1173377024;18563072;1297448960;0;0;0;0;0;0;0;0;0;0;0;2785;0;0;125;0;102;0;
8483;3070117;1173377024;18563072;1297448960;0;0;0;0;0;0;0;0;0;0;0;1753;0;0;125;0;102;0;
8484;2641322;1173377024;18563072;1297448960;0;0;0;0;0;0;0;0;0;0;0;2294;0;0;125;0;102;0;
8485;2677861;1173377024;18563072;1297448960;0;0;0;0;0;0;0;0;0;0;0;1913;0;0;125;0;102;0;
8486;2046006;1173377024;18563072;1297448960;0;0;0;0;0;0;0;0;0;0;0;1784;0;0;125;0;102;0;
8487;5422538;1173377024;18563072;1297448960;0;0;0;0;0;0;0;0;0;0;0;1984;0;0;125;0;102;0;
8488;4026109;1173377024;18563072;1297448960;0;0;0;0;0;0;0;0;0;0;0;3266;0;0;125;0;102;0;
8489;2573966;1173377024;18563072;1297448960;0;0;0;0;0;0;0;0;0;0;0;1913;0;0;125;0;102;0;
8490;1770369;1173377024;18563072;1297448960;0;0;0;0;0;0;0;0;0;0;0;2184;0;0;125;0;102;0;
8491;2204463;1173377024;18563072;1297448960;0;0;0;0;0;0;0;0;0;0;0;2184;0;0;125;0;102;0;
8492;3037315;1173377024;18563072;1297448960;0;0;0;0;0;0;0;0;0;0;0;2284;0;0;125;0;102;0;
8493;5191865;1173377024;18563072;1297448960;0;0;0;0;0;0;0;0;0;0;0;1793;0;0;125;0;102;0;
8494;3676955;1173377024;18563072;1297448960;0;0;0;0;0;0;0;0;0;0;0;2275;0;0;125;0;102;0;
8495;2939201;1173377024;18563072;1297448960;0;0;0;0;0;0;0;0;0;0;0;1813;0;0;125;0;102;0;
8496;2254919;1173377024;18563072;1297448960;0;0;0;0;0;0;0;0;0;0;0;1583;0;0;125;0;102;0;
8497;2272992;1173377024;18563072;1297448960;0;0;0;0;0;0;0;0;0;0;0;1543;0;0;125;0;102;0;
8498;1549956;1173377024;18563072;1297448960;0;0;0;0;0;0;0;0;0;0;0;1423;0;0;125;0;102;0;
8499;4757922;1173377024;18563072;1297448960;0;0;0;0;0;0;0;0;0;0;0;1633;0;0;125;0;102;0;
8500;3791930;1173377024;18563072;1297448960;0;0;0;0;0;0;0;0;0;0;0;2364;0;0;125;0;102;0;
8501;2790903;1173377024;18563072;1297448960;0;0;0;0;0;0;0;0;0;0;0;1864;0;0;125;0;102;0;
8502;2621475;1173377024;18563072;1297448960;0;0;0;0;0;0;0;0;0;0;0;1813;0;0;125;0;102;0;
8503;2867757;1173377024;18563072;1297448960;0;0;0;0;0;0;0;0;0;0;0;1873;0;0;125;0;102;0;
8504;2758712;1173377024;18563072;1297448960;0;0;0;0;0;0;0;0;0;0;0;2043;0;0;125;0;102;0;
8505;4801864;1173377024;18563072;1297448960;0;0;0;0;0;0;0;0;0;0;0;1834;0;0;125;0;102;0;
8506;2630442;1173377024;18563072;1297448960;0;0;0;0;0;0;0;0;0;0;0;2295;0;0;125;0;102;0;
8507;2828294;1173377024;18563072;1297448960;0;0;0;0;0;0;0;0;0;0;0;1443;0;0;125;0;102;0;
8508;1985583;1173377024;18563072;1297448960;0;0;0;0;0;0;0;0;0;0;0;1392;0;0;125;0;102;0;
8509;3827977;1173377024;18563072;1297448960;0;0;0;0;0;0;0;0;0;0;0;2254;0;0;125;0;102;0;
8510;3400016;1173377024;18563072;1297448960;0;0;0;0;0;0;0;0;0;0;0;2334;0;0;125;0;102;0;
8511;5650685;1173377024;18563072;1297448960;0;0;0;0;0;0;0;0;0;0;0;1633;0;0;125;0;102;0;
8512;2594224;1173377024;18563072;1297448960;0;0;0;0;0;0;0;0;0;0;0;2645;0;0;125;0;102;0;
8513;2796854;1173377024;18563072;1297448960;0;0;0;0;0;0;0;0;0;0;0;1693;0;0;125;0;102;0;
8514;2557555;1173377024;18563072;1297448960;0;0;0;0;0;0;0;0;0;0;0;1793;0;0;125;0;102;0;
8515;3268919;1173377024;18563072;1297448960;0;0;0;0;0;0;0;0;0;0;0;1613;0;0;125;0;102;0;
8516;2473087;1173377024;18563072;1297448960;0;0;0;0;0;0;0;0;0;0;0;1673;0;0;125;0;102;0;
8517;6358362;1173377024;18563072;1297448960;0;0;0;0;0;0;0;0;0;0;0;1643;0;0;125;0;102;0;
8518;3557220;1173377024;18563072;1297448960;0;0;0;0;0;0;0;0;0;0;0;2034;0;0;125;0;102;0;
8519;3532944;1173377024;18563072;1297448960;0;0;0;0;0;0;0;0;0;0;0;1543;0;0;125;0;102;0;
8520;2544281;1173377024;18563072;1297448960;0;0;0;0;0;0;0;0;0;0;0;2134;0;0;125;0;102;0;
8521;2974818;1173377024;18563072;1297448960;0;0;0;0;0;0;0;0;0;0;0;1503;0;0;125;0;102;0;
8522;2627737;1173377024;18563072;1297448960;0;0;0;0;0;0;0;0;0;0;0;1803;0;0;125;0;102;0;
8523;6162845;1173377024;18563072;1297448960;0;0;0;0;0;0;0;0;0;0;0;1663;0;0;125;0;102;0;
8524;3065588;1173377024;18563072;1297448960;0;0;0;0;0;0;0;0;0;0;0;2194;0;0;125;0;102;0;
8525;3857202;1173377024;18563072;1297448960;0;0;0;0;0;0;0;0;0;0;0;1673;0;0;125;0;102;0;
8526;3791008;1173377024;18563072;1297448960;0;0;0;0;0;0;0;0;0;0;0;1763;0;0;125;0;102;0;
8527;3152260;1173377024;18563072;1297448960;0;0;0;0;0;0;0;0;0;0;0;1914;0;0;125;0;102;0;
8528;2288290;1173377024;18563072;1297448960;0;0;0;0;0;0;0;0;0;0;0;1794;0;0;125;0;102;0;
8529;5278217;1173377024;18563072;1297448960;0;0;0;0;0;0;0;0;0;0;0;1482;0;0;125;0;102;0;
8530;3447945;1173377024;18563072;1297448960;0;0;0;0;0;0;0;0;0;0;0;2385;0;0;125;0;102;0;
8531;2165841;1173377024;18563072;1297448960;0;0;0;0;0;0;0;0;0;0;0;1673;0;0;125;0;102;0;
8532;1636148;1173377024;18563072;1297448960;0;0;0;0;0;0;0;0;0;0;0;1643;0;0;125;0;102;0;
8533;2164789;1173377024;18563072;1297448960;0;0;0;0;0;0;0;0;0;0;0;1613;0;0;125;0;102;0;
8534;2273122;1173377024;18563072;1297448960;0;0;0;0;0;0;0;0;0;0;0;1463;0;0;125;0;102;0;
8535;5997145;1173377024;18563072;1297448960;0;0;0;0;0;0;0;0;0;0;0;1633;0;0;125;0;102;0;
8536;3482470;1173377024;18563072;1297448960;0;0;0;0;0;0;0;0;0;0;0;2305;0;0;125;0;102;0;
8537;3036072;1173377024;18563072;1297448960;0;0;0;0;0;0;0;0;0;0;0;1784;0;0;125;0;102;0;
8538;2028653;1173377024;18563072;1297448960;0;0;0;0;0;0;0;0;0;0;0;1844;0;0;125;0;102;0;
8539;2999655;1173377024;18563072;1297448960;0;0;0;0;0;0;0;0;0;0;0;1512;0;0;125;0;102;0;
8540;3257197;1173377024;18563072;1297448960;0;0;0;0;0;0;0;0;0;0;0;1994;0;0;125;0;102;0;
8541;5559133;1173377024;18563072;1297448960;0;0;0;0;0;0;0;0;0;0;0;1734;0;0;125;0;102;0;
8542;2432501;1173377024;18563072;1297448960;0;0;0;0;0;0;0;0;0;0;0;2365;0;0;125;0;102;0;
8543;1725686;1173377024;18563072;1297448960;0;0;0;0;0;0;0;0;0;0;0;1763;0;0;125;0;102;0;
8544;1358166;1173377024;18563072;1297448960;0;0;0;0;0;0;0;0;0;0;0;1503;0;0;125;0;102;0;
8545;2485611;1173377024;18563072;1297448960;0;0;0;0;0;0;0;0;0;0;0;1573;0;0;125;0;102;0;
8546;1999088;1173377024;18563072;1297448960;0;0;0;0;0;0;0;0;0;0;0;1793;0;0;125;0;102;0;
8547;4706685;1173377024;18563072;1297448960;0;0;0;0;0;0;0;0;0;0;0;1694;0;0;125;0;102;0;
8548;3479414;1173377024;18563072;1297448960;0;0;0;0;0;0;0;0;0;0;0;2184;0;0;125;0;102;0;
8549;3065808;1173377024;18563072;1297448960;0;0;0;0;0;0;0;0;0;0;0;1693;0;0;125;0;102;0;
8550;3154525;1173377024;18563072;1297448960;0;0;0;0;0;0;0;0;0;0;0;2275;0;0;125;0;102;0;
8551;2730490;1173377024;18563072;1297448960;0;0;0;0;0;0;0;0;0;0;0;2014;0;0;125;0;102;0;
8552;2105648;1173377024;18563072;1297448960;0;0;0;0;0;0;0;0;0;0;0;1863;0;0;125;0;102;0;
8553;4490159;1173377024;18563072;1297448960;0;0;0;0;0;0;0;0;0;0;0;1733;0;0;125;0;102;0;
8554;3279008;1173377024;18567168;1297453056;0;0;0;0;0;0;0;0;0;0;0;2074;0;0;125;0;102;0;
8555;3096015;1173377024;18567168;1297453056;0;0;0;0;0;0;0;0;0;0;0;1634;0;0;125;0;102;0;
8556;2547837;1173377024;18567168;1297453056;0;0;0;0;0;0;0;0;0;0;0;1753;0;0;125;0;102;0;
8557;2383088;1173377024;18567168;1297453056;0;0;0;0;0;0;0;0;0;0;0;1623;0;0;125;0;102;0;
8558;2077606;1173377024;18567168;1297453056;0;0;0;0;0;0;0;0;0;0;0;1873;0;0;125;0;102;0;
8559;5810304;1173377024;18567168;1297453056;0;0;0;0;0;0;0;0;0;0;0;1803;0;0;125;0;102;0;
8560;5291362;1173377024;18567168;1297453056;0;0;0;0;0;0;0;0;0;0;0;2655;0;0;125;0;102;0;
8561;2938630;1173377024;18567168;1297453056;0;0;0;0;0;0;0;0;0;0;0;2204;0;0;125;0;102;0;
8562;2038292;1173377024;18567168;1297453056;0;0;0;0;0;0;0;0;0;0;0;1693;0;0;125;0;102;0;
8563;3652328;1173377024;18567168;1297453056;0;0;0;0;0;0;0;0;0;0;0;1663;0;0;125;0;102;0;
8564;2687399;1173377024;18567168;1297453056;0;0;0;0;0;0;0;0;0;0;0;2275;0;0;125;0;102;0;
8565;4254938;1173377024;18567168;1297453056;0;0;0;0;0;0;0;0;0;0;0;1522;0;0;125;0;102;0;
8566;4266329;1173377024;18567168;1297453056;0;0;0;0;0;0;0;0;0;0;0;3116;0;0;125;0;102;0;
8567;4115266;1173442560;18563072;1297448960;0;0;0;0;0;0;0;0;0;0;0;2114;0;0;125;0;102;0;
8568;2249078;1173442560;18563072;1297448960;0;0;0;0;0;0;0;0;0;0;0;2004;0;0;125;0;102;0;
8569;4546886;1173442560;18563072;1297448960;0;0;0;0;0;0;0;0;0;0;0;1974;0;0;125;0;102;0;
8570;3015895;1173442560;18563072;1297448960;0;0;0;0;0;0;0;0;0;0;0;2375;0;0;125;0;102;0;
8571;5290971;1173442560;18563072;1297448960;0;0;0;0;0;0;0;0;0;0;0;2184;0;0;125;0;102;0;
8572;4267922;1173442560;18563072;1297448960;0;0;0;0;0;0;0;0;0;0;0;3196;0;0;125;0;102;0;
8573;3161708;1173442560;18563072;1297448960;0;0;0;0;0;0;0;0;0;0;0;1684;0;0;125;0;102;0;
8574;1710087;1173442560;18563072;1297448960;0;0;0;0;0;0;0;0;0;0;0;1753;0;0;125;0;102;0;
8575;3004795;1173442560;18563072;1297448960;0;0;0;0;0;0;0;0;0;0;0;1763;0;0;125;0;102;0;
8576;1767224;1173442560;18563072;1297448960;0;0;0;0;0;0;0;0;0;0;0;1623;0;0;125;0;102;0;
8577;5070227;1173442560;18563072;1297448960;0;0;0;0;0;0;0;0;0;0;0;1874;0;0;125;0;102;0;
8578;3089052;1173442560;18563072;1297448960;0;0;0;0;0;0;0;0;0;0;0;1974;0;0;125;0;102;0;
8579;3530119;1173442560;18563072;1297448960;0;0;0;0;0;0;0;0;0;0;0;1573;0;0;125;0;102;0;
8580;1189881;1173442560;18563072;1297448960;0;0;0;0;0;0;0;0;0;0;0;1633;0;0;125;0;102;0;
8581;3273929;1173442560;18563072;1297448960;0;0;0;0;0;0;0;0;0;0;0;1733;0;0;125;0;102;0;
8582;3287575;1173442560;18563072;1297448960;0;0;0;0;0;0;0;0;0;0;0;2154;0;0;125;0;102;0;
8583;5405836;1173442560;18563072;1297448960;0;0;0;0;0;0;0;0;0;0;0;1803;0;0;125;0;102;0;
8584;4104486;1173442560;18563072;1297448960;0;0;0;0;0;0;0;0;0;0;0;2735;0;0;125;0;102;0;
8585;3558322;1173442560;18563072;1297448960;0;0;0;0;0;0;0;0;0;0;0;2375;0;0;125;0;102;0;
8586;2989175;1173442560;18563072;1297448960;0;0;0;0;0;0;0;0;0;0;0;2294;0;0;125;0;102;0;
8587;3909912;1173442560;18563072;1297448960;0;0;0;0;0;0;0;0;0;0;0;1714;0;0;125;0;102;0;
8588;2378821;1173442560;18563072;1297448960;0;0;0;0;0;0;0;0;0;0;0;1823;0;0;125;0;102;0;
8589;7196955;1173442560;18563072;1297448960;0;0;0;0;0;0;0;0;0;0;0;2004;0;0;125;0;102;0;
8590;4823995;1173442560;18563072;1297448960;0;0;0;0;0;0;0;0;0;0;0;2614;0;0;125;0;102;0;
8591;4678102;1173442560;18563072;1297448960;0;0;0;0;0;0;0;0;0;0;0;2134;0;0;125;0;102;0;
8592;4493335;1173442560;18563072;1297448960;0;0;0;0;0;0;0;0;0;0;0;2244;0;0;125;0;102;0;
8593;2995106;1173442560;18563072;1297448960;0;0;0;0;0;0;0;0;0;0;0;1784;0;0;125;0;102;0;
8594;2864361;1173442560;18563072;1297448960;0;0;0;0;0;0;0;0;0;0;0;1663;0;0;125;0;102;0;
8595;7458435;1173442560;18563072;1297448960;0;0;0;0;0;0;0;0;0;0;0;1884;0;0;125;0;102;0;
8596;6535705;1173442560;18563072;1297448960;0;0;0;0;0;0;0;0;0;0;0;4177;0;0;125;0;102;0;
8597;3764579;1173442560;18563072;1297448960;0;0;0;0;0;0;0;0;0;0;0;7905;0;0;125;0;102;0;
8598;2968857;1173442560;18563072;1297448960;0;0;0;0;0;0;0;0;0;0;0;1914;0;0;125;0;102;0;
8599;3987457;1173442560;18563072;1297448960;0;0;0;0;0;0;0;0;0;0;0;1803;0;0;125;0;102;0;
8600;3132724;1173442560;18563072;1297448960;0;0;0;0;0;0;0;0;0;0;0;2384;0;0;125;0;102;0;
8601;6615795;1173442560;18563072;1297448960;0;0;0;0;0;0;0;0;0;0;0;1773;0;0;125;0;102;0;
8602;4094908;1173442560;18563072;1297448960;0;0;0;0;0;0;0;0;0;0;0;2815;0;0;125;0;102;0;
8603;2829465;1173442560;18563072;1297448960;0;0;0;0;0;0;0;0;0;0;0;1533;0;0;125;0;102;0;
8604;2140043;1173442560;18563072;1297448960;0;0;0;0;0;0;0;0;0;0;0;1783;0;0;125;0;102;0;
8605;2825748;1173442560;18563072;1297448960;0;0;0;0;0;0;0;0;0;0;0;1513;0;0;125;0;102;0;
8606;2793438;1173442560;18563072;1297448960;0;0;0;0;0;0;0;0;0;0;0;1873;0;0;125;0;102;0;
8607;5769949;1173442560;18563072;1297448960;0;0;0;0;0;0;0;0;0;0;0;1573;0;0;125;0;102;0;
8608;2901861;1173442560;18563072;1297448960;0;0;0;0;0;0;0;0;0;0;0;1884;0;0;125;0;102;0;
8609;3128997;1173442560;18563072;1297448960;0;0;0;0;0;0;0;0;0;0;0;1643;0;0;125;0;102;0;
8610;2336581;1173442560;18563072;1297448960;0;0;0;0;0;0;0;0;0;0;0;1583;0;0;125;0;102;0;
8611;3193257;1173442560;18563072;1297448960;0;0;0;0;0;0;0;0;0;0;0;1553;0;0;125;0;102;0;
8612;2491521;1173442560;18563072;1297448960;0;0;0;0;0;0;0;0;0;0;0;1874;0;0;125;0;102;0;
8613;5678297;1173442560;18563072;1297448960;0;0;0;0;0;0;0;0;0;0;0;1553;0;0;125;0;102;0;
8614;4277611;1173442560;18563072;1297448960;0;0;0;0;0;0;0;0;0;0;0;2635;0;0;125;0;102;0;
8615;4519865;1173442560;18563072;1297448960;0;0;0;0;0;0;0;0;0;0;0;2054;0;0;125;0;102;0;
8616;2856235;1173442560;18563072;1297448960;0;0;0;0;0;0;0;0;0;0;0;2114;0;0;125;0;102;0;
8617;3362445;1173442560;18563072;1297448960;0;0;0;0;0;0;0;0;0;0;0;1994;0;0;125;0;102;0;
8618;2878597;1173442560;18563072;1297448960;0;0;0;0;0;0;0;0;0;0;0;1834;0;0;125;0;102;0;
8619;6896932;1173442560;18563072;1297448960;0;0;0;0;0;0;0;0;0;0;0;1573;0;0;125;0;102;0;
8620;4890079;1173442560;18563072;1297448960;0;0;0;0;0;0;0;0;0;0;0;3006;0;0;125;0;102;0;
8621;3880236;1173442560;18563072;1297448960;0;0;0;0;0;0;0;0;0;0;0;1983;0;0;125;0;102;0;
8622;3141581;1173442560;18563072;1297448960;0;0;0;0;0;0;0;0;0;0;0;2114;0;0;125;0;102;0;
8623;3649382;1173442560;18563072;1297448960;0;0;0;0;0;0;0;0;0;0;0;2385;0;0;125;0;102;0;
8624;4356459;1173442560;18563072;1297448960;0;0;0;0;0;0;0;0;0;0;0;2624;0;0;125;0;102;0;
8625;6739347;1173442560;18563072;1297448960;0;0;0;0;0;0;0;0;0;0;0;2424;0;0;125;0;102;0;
8626;5258180;1173442560;18563072;1297448960;0;0;0;0;0;0;0;0;0;0;0;2826;0;0;125;0;102;0;
8627;4098204;1173442560;18563072;1297448960;0;0;0;0;0;0;0;0;0;0;0;2274;0;0;125;0;102;0;
8628;1536561;1173442560;18563072;1297448960;0;0;0;0;0;0;0;0;0;0;0;2124;0;0;125;0;102;0;
8629;3169713;1173442560;18563072;1297448960;0;0;0;0;0;0;0;0;0;0;0;1523;0;0;125;0;102;0;
8630;2957976;1173442560;18563072;1297448960;0;0;0;0;0;0;0;0;0;0;0;1813;0;0;125;0;102;0;
8631;6188093;1173442560;18563072;1297448960;0;0;0;0;0;0;0;0;0;0;0;1553;0;0;125;0;102;0;
8632;3354730;1173442560;18563072;1297448960;0;0;0;0;0;0;0;0;0;0;0;2294;0;0;125;0;102;0;
8633;2857808;1173442560;18563072;1297448960;0;0;0;0;0;0;0;0;0;0;0;1653;0;0;125;0;102;0;
8634;2586109;1173442560;18563072;1297448960;0;0;0;0;0;0;0;0;0;0;0;2094;0;0;125;0;102;0;
8635;3941560;1173442560;18563072;1297448960;0;0;0;0;0;0;0;0;0;0;0;1854;0;0;125;0;102;0;
8636;4188895;1173442560;18563072;1297448960;0;0;0;0;0;0;0;0;0;0;0;2895;0;0;125;0;102;0;
8637;10324870;1173442560;18563072;1297448960;0;0;0;0;0;0;0;0;0;0;0;1633;0;0;125;0;102;0;
8638;5943965;1173442560;18563072;1297448960;0;0;0;0;0;0;0;0;0;0;0;3006;0;0;125;0;102;0;
8639;3794725;1173442560;18563072;1297448960;0;0;0;0;0;0;0;0;0;0;0;1774;0;0;125;0;102;0;
8640;1061882;1173442560;18563072;1297448960;0;0;0;0;0;0;0;0;0;0;0;1864;0;0;125;0;102;0;
8641;3646508;1173442560;18563072;1297448960;0;0;0;0;0;0;0;0;0;0;0;1543;0;0;125;0;102;0;
8642;1774147;1173442560;18563072;1297448960;0;0;0;0;0;0;0;0;0;0;0;2114;0;0;125;0;102;0;
8643;4732434;1173442560;18563072;1297448960;0;0;0;0;0;0;0;0;0;0;0;2024;0;0;125;0;102;0;
8644;2571912;1173442560;18563072;1297448960;0;0;0;0;0;0;0;0;0;0;0;2224;0;0;125;0;102;0;
8645;3570315;1173442560;18563072;1297448960;0;0;0;0;0;0;0;0;0;0;0;1973;0;0;125;0;102;0;
8646;2151654;1173442560;18563072;1297448960;0;0;0;0;0;0;0;0;0;0;0;1973;0;0;125;0;102;0;
8647;3442745;1173442560;18563072;1297448960;0;0;0;0;0;0;0;0;0;0;0;1763;0;0;125;0;102;0;
8648;2838172;1173442560;18563072;1297448960;0;0;0;0;0;0;0;0;0;0;0;2394;0;0;125;0;102;0;
8649;5820443;1173442560;18563072;1297448960;0;0;0;0;0;0;0;0;0;0;0;2184;0;0;125;0;102;0;
8650;4368512;1173442560;18563072;1297448960;0;0;0;0;0;0;0;0;0;0;0;2635;0;0;125;0;102;0;
8651;3099962;1173442560;18563072;1297448960;0;0;0;0;0;0;0;0;0;0;0;1834;0;0;125;0;102;0;
8652;2329658;1173442560;18563072;1297448960;0;0;0;0;0;0;0;0;0;0;0;1643;0;0;125;0;102;0;
8653;2553668;1173442560;18563072;1297448960;0;0;0;0;0;0;0;0;0;0;0;1573;0;0;125;0;102;0;
8654;2498786;1173442560;18563072;1297448960;0;0;0;0;0;0;0;0;0;0;0;1573;0;0;125;0;102;0;
8655;5048867;1173442560;18563072;1297448960;0;0;0;0;0;0;0;0;0;0;0;1924;0;0;125;0;102;0;
8656;2921958;1173442560;18563072;1297448960;0;0;0;0;0;0;0;0;0;0;0;1954;0;0;125;0;102;0;
8657;2601779;1173442560;18563072;1297448960;0;0;0;0;0;0;0;0;0;0;0;1793;0;0;125;0;102;0;
8658;2469310;1173442560;18563072;1297448960;0;0;0;0;0;0;0;0;0;0;0;1473;0;0;125;0;102;0;
8659;2805971;1173442560;18563072;1297448960;0;0;0;0;0;0;0;0;0;0;0;1412;0;0;125;0;102;0;
8660;2982021;1173442560;18563072;1297448960;0;0;0;0;0;0;0;0;0;0;0;1774;0;0;125;0;102;0;
8661;6312125;1173442560;18563072;1297448960;0;0;0;0;0;0;0;0;0;0;0;1283;0;0;125;0;102;0;
8662;3821826;1173442560;18563072;1297448960;0;0;0;0;0;0;0;0;0;0;0;2485;0;0;125;0;102;0;
8663;2798327;1173442560;18563072;1297448960;0;0;0;0;0;0;0;0;0;0;0;1883;0;0;125;0;102;0;
8664;3094973;1173442560;18563072;1297448960;0;0;0;0;0;0;0;0;0;0;0;1873;0;0;125;0;102;0;
8665;2399199;1173442560;18563072;1297448960;0;0;0;0;0;0;0;0;0;0;0;1443;0;0;125;0;102;0;
8666;1755441;1173442560;18563072;1297448960;0;0;0;0;0;0;0;0;0;0;0;1603;0;0;125;0;102;0;
8667;4758432;1173442560;18563072;1297448960;0;0;0;0;0;0;0;0;0;0;0;1412;0;0;125;0;102;0;
8668;2363021;1173983232;18563072;1297448960;0;0;0;0;0;0;0;0;0;0;0;2014;0;0;125;0;102;0;
8669;1425112;1173983232;18563072;1297448960;0;0;0;0;0;0;0;0;0;0;0;1883;0;0;125;0;102;0;
8670;1620949;1173983232;18563072;1297448960;0;0;0;0;0;0;0;0;0;0;0;1814;0;0;125;0;102;0;
8671;2342913;1173983232;18563072;1297448960;0;0;0;0;0;0;0;0;0;0;0;1613;0;0;125;0;102;0;
8672;1835682;1173983232;18563072;1297448960;0;0;0;0;0;0;0;0;0;0;0;1693;0;0;125;0;102;0;
8673;4723477;1173983232;18563072;1297448960;0;0;0;0;0;0;0;0;0;0;0;1412;0;0;125;0;102;0;
8674;2479479;1173983232;18563072;1297448960;0;0;0;0;0;0;0;0;0;0;0;2375;0;0;125;0;102;0;
8675;2592000;1173983232;18563072;1297448960;0;0;0;0;0;0;0;0;0;0;0;1633;0;0;125;0;102;0;
8676;1648121;1173983232;18563072;1297448960;0;0;0;0;0;0;0;0;0;0;0;1773;0;0;125;0;102;0;
8677;2526768;1173983232;18563072;1297448960;0;0;0;0;0;0;0;0;0;0;0;1723;0;0;125;0;102;0;
8678;1643842;1173983232;18563072;1297448960;0;0;0;0;0;0;0;0;0;0;0;1764;0;0;125;0;102;0;
8679;5139036;1173983232;18563072;1297448960;0;0;0;0;0;0;0;0;0;0;0;1633;0;0;125;0;102;0;
8680;2177492;1173983232;18563072;1297448960;0;0;0;0;0;0;0;0;0;0;0;2404;0;0;125;0;102;0;
8681;2575359;1173983232;18563072;1297448960;0;0;0;0;0;0;0;0;0;0;0;1673;0;0;125;0;102;0;
8682;2156855;1173983232;18563072;1297448960;0;0;0;0;0;0;0;0;0;0;0;2215;0;0;125;0;102;0;
8683;2241714;1173983232;18563072;1297448960;0;0;0;0;0;0;0;0;0;0;0;1773;0;0;125;0;102;0;
8684;2224221;1173983232;18563072;1297448960;0;0;0;0;0;0;0;0;0;0;0;1743;0;0;125;0;102;0;
8685;5061320;1173983232;18563072;1297448960;0;0;0;0;0;0;0;0;0;0;0;1543;0;0;125;0;102;0;
8686;2310462;1173983232;18563072;1297448960;0;0;0;0;0;0;0;0;0;0;0;1823;0;0;125;0;102;0;
8687;2364644;1173983232;18563072;1297448960;0;0;0;0;0;0;0;0;0;0;0;1252;0;0;125;0;102;0;
8688;2021540;1173983232;18563072;1297448960;0;0;0;0;0;0;0;0;0;0;0;1893;0;0;125;0;102;0;
8689;2767800;1173983232;18563072;1297448960;0;0;0;0;0;0;0;0;0;0;0;1613;0;0;125;0;102;0;
8690;1892699;1173983232;18563072;1297448960;0;0;0;0;0;0;0;0;0;0;0;1914;0;0;125;0;102;0;
8691;4574567;1173983232;18563072;1297448960;0;0;0;0;0;0;0;0;0;0;0;1723;0;0;125;0;102;0;
8692;3342748;1173983232;18563072;1297448960;0;0;0;0;0;0;0;0;0;0;0;2314;0;0;125;0;102;0;
8693;2400020;1173983232;18563072;1297448960;0;0;0;0;0;0;0;0;0;0;0;2104;0;0;125;0;102;0;
8694;2375735;1173983232;18563072;1297448960;0;0;0;0;0;0;0;0;0;0;0;1813;0;0;125;0;102;0;
8695;1833447;1173983232;18563072;1297448960;0;0;0;0;0;0;0;0;0;0;0;2124;0;0;125;0;102;0;
8696;1734372;1173983232;18563072;1297448960;0;0;0;0;0;0;0;0;0;0;0;1573;0;0;125;0;102;0;
8697;4602069;1173983232;18563072;1297448960;0;0;0;0;0;0;0;0;0;0;0;1583;0;0;125;0;102;0;
8698;4106861;1173983232;18563072;1297448960;0;0;0;0;0;0;0;0;0;0;0;3066;0;0;125;0;102;0;
8699;3893690;1173983232;18563072;1297448960;0;0;0;0;0;0;0;0;0;0;0;1753;0;0;125;0;102;0;
8700;1819833;1173983232;18563072;1297448960;0;0;0;0;0;0;0;0;0;0;0;1492;0;0;125;0;102;0;
8701;2736191;1173983232;18563072;1297448960;0;0;0;0;0;0;0;0;0;0;0;1593;0;0;125;0;102;0;
8702;1738159;1173983232;18563072;1297448960;0;0;0;0;0;0;0;0;0;0;0;1412;0;0;125;0;102;0;
8703;5312021;1173983232;18563072;1297448960;0;0;0;0;0;0;0;0;0;0;0;1633;0;0;125;0;102;0;
8704;3084885;1173983232;18563072;1297448960;0;0;0;0;0;0;0;0;0;0;0;3106;0;0;125;0;102;0;
8705;4086412;1173983232;18563072;1297448960;0;0;0;0;0;0;0;0;0;0;0;2225;0;0;125;0;102;0;
8706;2467476;1173983232;18563072;1297448960;0;0;0;0;0;0;0;0;0;0;0;1773;0;0;125;0;102;0;
8707;2544691;1173983232;18563072;1297448960;0;0;0;0;0;0;0;0;0;0;0;1393;0;0;125;0;102;0;
8708;1989440;1173983232;18563072;1297448960;0;0;0;0;0;0;0;0;0;0;0;2054;0;0;125;0;102;0;
8709;4805100;1173983232;18563072;1297448960;0;0;0;0;0;0;0;0;0;0;0;2315;0;0;125;0;102;0;
8710;3311489;1173983232;18563072;1297448960;0;0;0;0;0;0;0;0;0;0;0;2234;0;0;125;0;102;0;
8711;2628889;1173983232;18563072;1297448960;0;0;0;0;0;0;0;0;0;0;0;1513;0;0;125;0;102;0;
8712;2670688;1173983232;18563072;1297448960;0;0;0;0;0;0;0;0;0;0;0;2024;0;0;125;0;102;0;
8713;2744886;1173983232;18563072;1297448960;0;0;0;0;0;0;0;0;0;0;0;1553;0;0;125;0;102;0;
8714;1885235;1173983232;18563072;1297448960;0;0;0;0;0;0;0;0;0;0;0;1684;0;0;125;0;102;0;
8715;5340493;1173983232;18563072;1297448960;0;0;0;0;0;0;0;0;0;0;0;1523;0;0;125;0;102;0;
8716;5266946;1173983232;18563072;1297448960;0;0;0;0;0;0;0;0;0;0;0;3406;0;0;125;0;102;0;
8717;3662878;1173983232;18563072;1297448960;0;0;0;0;0;0;0;0;0;0;0;1994;0;0;125;0;102;0;
8718;3025703;1174253568;18563072;1297448960;0;0;0;0;0;0;0;0;0;0;0;3237;0;0;125;0;102;0;
8719;3197616;1174253568;18563072;1297448960;0;0;0;0;0;0;0;0;0;0;0;2685;0;0;125;0;102;0;
8720;1479945;1174253568;18563072;1297448960;0;0;0;0;0;0;0;0;0;0;0;2043;0;0;125;0;102;0;
8721;4759975;1174253568;18563072;1297448960;0;0;0;0;0;0;0;0;0;0;0;1442;0;0;125;0;102;0;
8722;5723962;1174253568;18563072;1297448960;0;0;0;0;0;0;0;0;0;0;0;2915;0;0;125;0;102;0;
8723;3950377;1174253568;18563072;1297448960;0;0;0;0;0;0;0;0;0;0;0;2064;0;0;125;0;102;0;
8724;2045616;1174253568;18563072;1297448960;0;0;0;0;0;0;0;0;0;0;0;1713;0;0;125;0;102;0;
8725;4076123;1174253568;18563072;1297448960;0;0;0;0;0;0;0;0;0;0;0;2134;0;0;125;0;102;0;
8726;4018485;1174253568;18563072;1297448960;0;0;0;0;0;0;0;0;0;0;0;1983;0;0;125;0;102;0;
8727;6761718;1174253568;18563072;1297448960;0;0;0;0;0;0;0;0;0;0;0;2224;0;0;125;0;102;0;
8728;3571377;1174253568;18563072;1297448960;0;0;0;0;0;0;0;0;0;0;0;3246;0;0;125;0;102;0;
8729;3713743;1174253568;18563072;1297448960;0;0;0;0;0;0;0;0;0;0;0;2655;0;0;125;0;102;0;
8730;2427892;1174253568;18563072;1297448960;0;0;0;0;0;0;0;0;0;0;0;2505;0;0;125;0;102;0;
8731;3790557;1174253568;18563072;1297448960;0;0;0;0;0;0;0;0;0;0;0;39494;0;0;125;0;102;0;
8732;2184977;1174253568;18563072;1297448960;0;0;0;0;0;0;0;0;0;0;0;2034;0;0;125;0;102;0;
8733;5933636;1174253568;18563072;1297448960;0;0;0;0;0;0;0;0;0;0;0;2064;0;0;125;0;102;0;
8734;3602805;1174253568;18563072;1297448960;0;0;0;0;0;0;0;0;0;0;0;2535;0;0;125;0;102;0;
8735;4389471;1174253568;18563072;1297448960;0;0;0;0;0;0;0;0;0;0;0;2425;0;0;125;0;102;0;
8736;2878708;1174253568;18563072;1297448960;0;0;0;0;0;0;0;0;0;0;0;2415;0;0;125;0;102;0;
8737;3021145;1174253568;18563072;1297448960;0;0;0;0;0;0;0;0;0;0;0;1724;0;0;125;0;102;0;
8738;3325485;1174253568;18563072;1297448960;0;0;0;0;0;0;0;0;0;0;0;2314;0;0;125;0;102;0;
8739;6010209;1174253568;18563072;1297448960;0;0;0;0;0;0;0;0;0;0;0;2364;0;0;125;0;102;0;
8740;4780454;1174253568;18563072;1297448960;0;0;0;0;0;0;0;0;0;0;0;3647;0;0;125;0;102;0;
8741;2831099;1174253568;18563072;1297448960;0;0;0;0;0;0;0;0;0;0;0;1663;0;0;125;0;102;0;
8742;3179141;1174253568;18563072;1297448960;0;0;0;0;0;0;0;0;0;0;0;2275;0;0;125;0;102;0;
8743;3123096;1174253568;18563072;1297448960;0;0;0;0;0;0;0;0;0;0;0;1884;0;0;125;0;102;0;
8744;1946340;1174253568;18563072;1297448960;0;0;0;0;0;0;0;0;0;0;0;1583;0;0;125;0;102;0;
8745;5314865;1174253568;18563072;1297448960;0;0;0;0;0;0;0;0;0;0;0;1553;0;0;125;0;102;0;
8746;3965696;1174253568;18563072;1297448960;0;0;0;0;0;0;0;0;0;0;0;53120;0;0;125;0;102;0;
8747;3329343;1174253568;18563072;1297448960;0;0;0;0;0;0;0;0;0;0;0;1813;0;0;125;0;102;0;
8748;3317250;1174253568;18563072;1297448960;0;0;0;0;0;0;0;0;0;0;0;2395;0;0;125;0;102;0;
8749;3894372;1174253568;18563072;1297448960;0;0;0;0;0;0;0;0;0;0;0;1893;0;0;125;0;102;0;
8750;3083382;1174253568;18563072;1297448960;0;0;0;0;0;0;0;0;0;0;0;2395;0;0;125;0;102;0;
8751;6999524;1174253568;18563072;1297448960;0;0;0;0;0;0;0;0;0;0;0;2635;0;0;125;0;102;0;
8752;4677761;1174253568;18563072;1297448960;0;0;0;0;0;0;0;0;0;0;0;3416;0;0;125;0;102;0;
8753;3877510;1174253568;18563072;1297448960;0;0;0;0;0;0;0;0;0;0;0;2124;0;0;125;0;102;0;
8754;2944140;1174253568;18563072;1297448960;0;0;0;0;0;0;0;0;0;0;0;2415;0;0;125;0;102;0;
8755;3294648;1174253568;18563072;1297448960;0;0;0;0;0;0;0;0;0;0;0;2365;0;0;125;0;102;0;
8756;2786955;1174253568;18563072;1297448960;0;0;0;0;0;0;0;0;0;0;0;2174;0;0;125;0;102;0;
8757;5628083;1174253568;18563072;1297448960;0;0;0;0;0;0;0;0;0;0;0;1894;0;0;125;0;102;0;
8758;3814423;1174253568;18563072;1297448960;0;0;0;0;0;0;0;0;0;0;0;2294;0;0;125;0;102;0;
8759;3713944;1174253568;18563072;1297448960;0;0;0;0;0;0;0;0;0;0;0;2154;0;0;125;0;102;0;
8760;2633619;1174253568;18563072;1297448960;0;0;0;0;0;0;0;0;0;0;0;2154;0;0;125;0;102;0;
8761;4033753;1174253568;18563072;1297448960;0;0;0;0;0;0;0;0;0;0;0;2185;0;0;125;0;102;0;
8762;1769257;1174253568;18563072;1297448960;0;0;0;0;0;0;0;0;0;0;0;1823;0;0;125;0;102;0;
8763;6643306;1174253568;18563072;1297448960;0;0;0;0;0;0;0;0;0;0;0;1683;0;0;125;0;102;0;
8764;3611522;1174253568;18563072;1297448960;0;0;0;0;0;0;0;0;0;0;0;2635;0;0;125;0;102;0;
8765;3090094;1174253568;18563072;1297448960;0;0;0;0;0;0;0;0;0;0;0;2324;0;0;125;0;102;0;
8766;2716674;1174253568;18563072;1297448960;0;0;0;0;0;0;0;0;0;0;0;2505;0;0;125;0;102;0;
8767;3921533;1174253568;18563072;1297448960;0;0;0;0;0;0;0;0;0;0;0;2494;0;0;125;0;102;0;
8768;2231113;1174253568;18563072;1297448960;0;0;0;0;0;0;0;0;0;0;0;1663;0;0;125;0;102;0;
8769;6686617;1174253568;18563072;1297448960;0;0;0;0;0;0;0;0;0;0;0;1954;0;0;125;0;102;0;
8770;5744702;1174253568;18563072;1297448960;0;0;0;0;0;0;0;0;0;0;0;2405;0;0;125;0;102;0;
8771;3444689;1174253568;18563072;1297448960;0;0;0;0;0;0;0;0;0;0;0;2335;0;0;125;0;102;0;
8772;2923471;1174253568;18563072;1297448960;0;0;0;0;0;0;0;0;0;0;0;1994;0;0;125;0;102;0;
8773;2177422;1174253568;18563072;1297448960;0;0;0;0;0;0;0;0;0;0;0;1473;0;0;125;0;102;0;
8774;2246703;1174253568;18563072;1297448960;0;0;0;0;0;0;0;0;0;0;0;1733;0;0;125;0;102;0;
8775;5756343;1174253568;18563072;1297448960;0;0;0;0;0;0;0;0;0;0;0;1472;0;0;125;0;102;0;
8776;3021896;1174253568;18563072;1297448960;0;0;0;0;0;0;0;0;0;0;0;2855;0;0;125;0;102;0;
8777;3103309;1174253568;18563072;1297448960;0;0;0;0;0;0;0;0;0;0;0;1663;0;0;125;0;102;0;
8778;2310713;1174253568;18563072;1297448960;0;0;0;0;0;0;0;0;0;0;0;1724;0;0;125;0;102;0;
8779;4275176;1174253568;18563072;1297448960;0;0;0;0;0;0;0;0;0;0;0;2094;0;0;125;0;102;0;
8780;2021250;1174253568;18563072;1297448960;0;0;0;0;0;0;0;0;0;0;0;1714;0;0;125;0;102;0;
8781;5279579;1174253568;18563072;1297448960;0;0;0;0;0;0;0;0;0;0;0;1412;0;0;125;0;102;0;
8782;5741155;1174253568;18563072;1297448960;0;0;0;0;0;0;0;0;0;0;0;2745;0;0;125;0;102;0;
8783;4762670;1174253568;18563072;1297448960;0;0;0;0;0;0;0;0;0;0;0;2675;0;0;125;0;102;0;
8784;1928176;1174253568;18563072;1297448960;0;0;0;0;0;0;0;0;0;0;0;2064;0;0;125;0;102;0;
8785;2808686;1174253568;18563072;1297448960;0;0;0;0;0;0;0;0;0;0;0;1473;0;0;125;0;102;0;
8786;942687;1174253568;18563072;1297448960;0;0;0;0;0;0;0;0;0;0;0;1773;0;0;125;0;102;0;
8787;6675587;1174253568;18563072;1297448960;0;0;0;0;0;0;0;0;0;0;0;1513;0;0;125;0;102;0;
8788;3506004;1174253568;18563072;1297448960;0;0;0;0;0;0;0;0;0;0;0;2685;0;0;125;0;102;0;
8789;4848041;1174253568;18563072;1297448960;0;0;0;0;0;0;0;0;0;0;0;2305;0;0;125;0;102;0;
8790;2323306;1174253568;18563072;1297448960;0;0;0;0;0;0;0;0;0;0;0;2544;0;0;125;0;102;0;
8791;2738455;1174253568;18563072;1297448960;0;0;0;0;0;0;0;0;0;0;0;1533;0;0;125;0;102;0;
8792;1928235;1174253568;18563072;1297448960;0;0;0;0;0;0;0;0;0;0;0;1783;0;0;125;0;102;0;
8793;7169513;1174253568;18563072;1297448960;0;0;0;0;0;0;0;0;0;0;0;1863;0;0;125;0;102;0;
8794;3951238;1174253568;18563072;1297448960;0;0;0;0;0;0;0;0;0;0;0;3096;0;0;125;0;102;0;
8795;3654231;1174253568;18563072;1297448960;0;0;0;0;0;0;0;0;0;0;0;2354;0;0;125;0;102;0;
8796;2220734;1174253568;18563072;1297448960;0;0;0;0;0;0;0;0;0;0;0;2324;0;0;125;0;102;0;
8797;3065769;1174253568;18563072;1297448960;0;0;0;0;0;0;0;0;0;0;0;1613;0;0;125;0;102;0;
8798;3202084;1174253568;18563072;1297448960;0;0;0;0;0;0;0;0;0;0;0;2966;0;0;125;0;102;0;
8799;6937959;1174253568;18563072;1297448960;0;0;0;0;0;0;0;0;0;0;0;1933;0;0;125;0;102;0;
8800;3604609;1174253568;18563072;1297448960;0;0;0;0;0;0;0;0;0;0;0;2745;0;0;125;0;102;0;
8801;2495459;1174253568;18563072;1297448960;0;0;0;0;0;0;0;0;0;0;0;1653;0;0;125;0;102;0;
8802;1678998;1174253568;18563072;1297448960;0;0;0;0;0;0;0;0;0;0;0;113683;0;0;125;0;102;0;
8803;3103519;1174253568;18563072;1297448960;0;0;0;0;0;0;0;0;0;0;0;1834;0;0;125;0;102;0;
8804;3298595;1174253568;18563072;1297448960;0;0;0;0;0;0;0;0;0;0;0;3376;0;0;125;0;102;0;
8805;6191980;1174253568;18563072;1297448960;0;0;0;0;0;0;0;0;0;0;0;3297;0;0;125;0;102;0;
8806;3800446;1174253568;18563072;1297448960;0;0;0;0;0;0;0;0;0;0;0;3577;0;0;125;0;102;0;
8807;2403487;1174253568;18563072;1297448960;0;0;0;0;0;0;0;0;0;0;0;1443;0;0;125;0;102;0;
8808;2934673;1174253568;18563072;1297448960;0;0;0;0;0;0;0;0;0;0;0;2615;0;0;125;0;102;0;
8809;2894817;1174253568;18563072;1297448960;0;0;0;0;0;0;0;0;0;0;0;1693;0;0;125;0;102;0;
8810;2777949;1174253568;18563072;1297448960;0;0;0;0;0;0;0;0;0;0;0;2806;0;0;125;0;102;0;
8811;6441308;1174253568;18563072;1297448960;0;0;0;0;0;0;0;0;0;0;0;3016;0;0;125;0;102;0;
8812;5374768;1174253568;18563072;1297448960;0;0;0;0;0;0;0;0;0;0;0;4008;0;0;125;0;102;0;
8813;3982938;1174253568;18563072;1297448960;0;0;0;0;0;0;0;0;0;0;0;2916;0;0;125;0;102;0;
8814;3309375;1174253568;18563072;1297448960;0;0;0;0;0;0;0;0;0;0;0;3045;0;0;125;0;102;0;
8815;6307818;1174253568;18563072;1297448960;0;0;0;0;0;0;0;0;0;0;0;3296;0;0;125;0;102;0;
8816;2732353;1174253568;18563072;1297448960;0;0;0;0;0;0;0;0;0;0;0;3627;0;0;125;0;102;0;
8817;8220824;1174253568;18563072;1297448960;0;0;0;0;0;0;0;0;0;0;0;3666;0;0;125;0;102;0;
8818;4832772;1174253568;18563072;1297448960;0;0;0;0;0;0;0;0;0;0;0;2625;0;0;125;0;102;0;
8819;3774648;1174253568;18563072;1297448960;0;0;0;0;0;0;0;0;0;0;0;2525;0;0;125;0;102;0;
8820;3499301;1174253568;18563072;1297448960;0;0;0;0;0;0;0;0;0;0;0;3176;0;0;125;0;102;0;
8821;3484935;1174253568;18563072;1297448960;0;0;0;0;0;0;0;0;0;0;0;2404;0;0;125;0;102;0;
8822;2218710;1174253568;18563072;1297448960;0;0;0;0;0;0;0;0;0;0;0;2285;0;0;125;0;102;0;
8823;6134964;1174253568;18563072;1297448960;0;0;0;0;0;0;0;0;0;0;0;1402;0;0;125;0;102;0;
8824;6533331;1174253568;18563072;1297448960;0;0;0;0;0;0;0;0;0;0;0;5721;0;0;125;0;102;0;
8825;5109180;1174253568;18563072;1297448960;0;0;0;0;0;0;0;0;0;0;0;4328;0;0;125;0;102;0;
8826;3267727;1174253568;18563072;1297448960;0;0;0;0;0;0;0;0;0;0;0;4128;0;0;125;0;102;0;
8827;4717936;1174253568;18563072;1297448960;0;0;0;0;0;0;0;0;0;0;0;2816;0;0;125;0;102;0;
8828;3172799;1174253568;18563072;1297448960;0;0;0;0;0;0;0;0;0;0;0;2835;0;0;125;0;102;0;
8829;6738185;1174253568;18563072;1297448960;0;0;0;0;0;0;0;0;0;0;0;2765;0;0;125;0;102;0;
8830;4111720;1174253568;18563072;1297448960;0;0;0;0;0;0;0;0;0;0;0;2885;0;0;125;0;102;0;
8831;4064892;1174253568;18563072;1297448960;0;0;0;0;0;0;0;0;0;0;0;2345;0;0;125;0;102;0;
8832;3026905;1174253568;18563072;1297448960;0;0;0;0;0;0;0;0;0;0;0;1873;0;0;125;0;102;0;
8833;3892579;1174253568;18563072;1297448960;0;0;0;0;0;0;0;0;0;0;0;2916;0;0;125;0;102;0;
8834;2642695;1174253568;18563072;1297448960;0;0;0;0;0;0;0;0;0;0;0;2735;0;0;125;0;102;0;
8835;7326668;1174253568;18563072;1297448960;0;0;0;0;0;0;0;0;0;0;0;2565;0;0;125;0;102;0;
8836;2347813;1174253568;18563072;1297448960;0;0;0;0;0;0;0;0;0;0;0;2514;0;0;125;0;102;0;
8837;2069661;1174253568;18563072;1297448960;0;0;0;0;0;0;0;0;0;0;0;1603;0;0;125;0;102;0;
8838;1266615;1174253568;18563072;1297448960;0;0;0;0;0;0;0;0;0;0;0;1562;0;0;125;0;102;0;
8839;2047068;1174253568;18563072;1297448960;0;0;0;0;0;0;0;0;0;0;0;1503;0;0;125;0;102;0;
8840;1708023;1174253568;18563072;1297448960;0;0;0;0;0;0;0;0;0;0;0;1593;0;0;125;0;102;0;
8841;5037345;1174253568;18563072;1297448960;0;0;0;0;0;0;0;0;0;0;0;1633;0;0;125;0;102;0;
8842;3072982;1174253568;18563072;1297448960;0;0;0;0;0;0;0;0;0;0;0;2835;0;0;125;0;102;0;
8843;2148839;1174253568;18563072;1297448960;0;0;0;0;0;0;0;0;0;0;0;1603;0;0;125;0;102;0;
8844;3188769;1174253568;18563072;1297448960;0;0;0;0;0;0;0;0;0;0;0;2134;0;0;125;0;102;0;
8845;2488916;1174253568;18563072;1297448960;0;0;0;0;0;0;0;0;0;0;0;2114;0;0;125;0;102;0;
8846;1308033;1174253568;18563072;1297448960;0;0;0;0;0;0;0;0;0;0;0;1513;0;0;125;0;102;0;
8847;5048967;1174253568;18563072;1297448960;0;0;0;0;0;0;0;0;0;0;0;1523;0;0;125;0;102;0;
8848;2638437;1174253568;18563072;1297448960;0;0;0;0;0;0;0;0;0;0;0;2504;0;0;125;0;102;0;
8849;2753863;1174253568;18563072;1297448960;0;0;0;0;0;0;0;0;0;0;0;2304;0;0;125;0;102;0;
8850;2606157;1174253568;18563072;1297448960;0;0;0;0;0;0;0;0;0;0;0;2234;0;0;125;0;102;0;
8851;2463610;1174253568;18563072;1297448960;0;0;0;0;0;0;0;0;0;0;0;1422;0;0;125;0;102;0;
8852;1453034;1174253568;18563072;1297448960;0;0;0;0;0;0;0;0;0;0;0;1403;0;0;125;0;102;0;
8853;5968531;1174253568;18563072;1297448960;0;0;0;0;0;0;0;0;0;0;0;2124;0;0;125;0;102;0;
8854;2698620;1174253568;18563072;1297448960;0;0;0;0;0;0;0;0;0;0;0;2735;0;0;125;0;102;0;
8855;3395146;1174253568;18563072;1297448960;0;0;0;0;0;0;0;0;0;0;0;1854;0;0;125;0;102;0;
8856;2770254;1174253568;18563072;1297448960;0;0;0;0;0;0;0;0;0;0;0;2315;0;0;125;0;102;0;
8857;2987141;1174253568;18563072;1297448960;0;0;0;0;0;0;0;0;0;0;0;2425;0;0;125;0;102;0;
8858;1872752;1174253568;18563072;1297448960;0;0;0;0;0;0;0;0;0;0;0;1844;0;0;125;0;102;0;
8859;4631824;1174253568;18563072;1297448960;0;0;0;0;0;0;0;0;0;0;0;1442;0;0;125;0;102;0;
8860;2848000;1174253568;18563072;1297448960;0;0;0;0;0;0;0;0;0;0;0;2405;0;0;125;0;102;0;
8861;2311263;1174253568;18563072;1297448960;0;0;0;0;0;0;0;0;0;0;0;2194;0;0;125;0;102;0;
8862;1255645;1174253568;18563072;1297448960;0;0;0;0;0;0;0;0;0;0;0;1624;0;0;125;0;102;0;
8863;2687329;1174253568;18563072;1297448960;0;0;0;0;0;0;0;0;0;0;0;80581;0;0;125;0;102;0;
8864;3063354;1174253568;18563072;1297448960;0;0;0;0;0;0;0;0;0;0;0;2344;0;0;125;0;102;0;
8865;6430056;1174253568;18563072;1297448960;0;0;0;0;0;0;0;0;0;0;0;2745;0;0;125;0;102;0;
8866;3082921;1174253568;18563072;1297448960;0;0;0;0;0;0;0;0;0;0;0;3076;0;0;125;0;102;0;
8867;1500764;1174253568;18563072;1297448960;0;0;0;0;0;0;0;0;0;0;0;1482;0;0;125;0;102;0;
8868;810861;1174253568;18563072;1297448960;0;0;0;0;0;0;0;0;0;0;0;1583;0;0;125;0;102;0;
8869;3354049;1174253568;18563072;1297448960;0;0;0;0;0;0;0;0;0;0;0;1933;0;0;125;0;102;0;
8870;1719835;1174253568;18563072;1297448960;0;0;0;0;0;0;0;0;0;0;0;1332;0;0;125;0;102;0;
8871;5120912;1174253568;18563072;1297448960;0;0;0;0;0;0;0;0;0;0;0;1472;0;0;125;0;102;0;
8872;3149736;1174253568;18563072;1297448960;0;0;0;0;0;0;0;0;0;0;0;3437;0;0;125;0;102;0;
8873;3484503;1174253568;18563072;1297448960;0;0;0;0;0;0;0;0;0;0;0;1763;0;0;125;0;102;0;
8874;2945723;1174253568;18563072;1297448960;0;0;0;0;0;0;0;0;0;0;0;2425;0;0;125;0;102;0;
8875;3132203;1174253568;18563072;1297448960;0;0;0;0;0;0;0;0;0;0;0;2725;0;0;125;0;102;0;
8876;2193493;1174253568;18563072;1297448960;0;0;0;0;0;0;0;0;0;0;0;2635;0;0;125;0;102;0;
8877;5265654;1174253568;18563072;1297448960;0;0;0;0;0;0;0;0;0;0;0;2094;0;0;125;0;102;0;
8878;2584686;1174253568;18563072;1297448960;0;0;0;0;0;0;0;0;0;0;0;1573;0;0;125;0;102;0;
8879;2238237;1174253568;18563072;1297448960;0;0;0;0;0;0;0;0;0;0;0;1783;0;0;125;0;102;0;
8880;1590342;1174253568;18563072;1297448960;0;0;0;0;0;0;0;0;0;0;0;1613;0;0;125;0;102;0;
8881;2488005;1174253568;18563072;1297448960;0;0;0;0;0;0;0;0;0;0;0;1503;0;0;125;0;102;0;
8882;2300243;1174253568;18563072;1297448960;0;0;0;0;0;0;0;0;0;0;0;2505;0;0;125;0;102;0;
8883;5345483;1174253568;18563072;1297448960;0;0;0;0;0;0;0;0;0;0;0;1633;0;0;125;0;102;0;
8884;5678417;1174253568;18563072;1297448960;0;0;0;0;0;0;0;0;0;0;0;3717;0;0;125;0;102;0;
8885;3362855;1174253568;18563072;1297448960;0;0;0;0;0;0;0;0;0;0;0;2294;0;0;125;0;102;0;
8886;2838853;1174253568;18563072;1297448960;0;0;0;0;0;0;0;0;0;0;0;3536;0;0;125;0;102;0;
8887;3654443;1174253568;18563072;1297448960;0;0;0;0;0;0;0;0;0;0;0;1613;0;0;125;0;102;0;
8888;2634520;1174253568;18563072;1297448960;0;0;0;0;0;0;0;0;0;0;0;3346;0;0;125;0;102;0;
8889;5883832;1174253568;18563072;1297448960;0;0;0;0;0;0;0;0;0;0;0;2224;0;0;125;0;102;0;
8890;4607268;1174253568;18563072;1297448960;0;0;0;0;0;0;0;0;0;0;0;3466;0;0;125;0;102;0;
8891;3164303;1174253568;18563072;1297448960;0;0;0;0;0;0;0;0;0;0;0;2154;0;0;125;0;102;0;
8892;1821746;1174253568;18563072;1297448960;0;0;0;0;0;0;0;0;0;0;0;2014;0;0;125;0;102;0;
8893;4097293;1174253568;18563072;1297448960;0;0;0;0;0;0;0;0;0;0;0;2034;0;0;125;0;102;0;
8894;3243933;1174253568;18563072;1297448960;0;0;0;0;0;0;0;0;0;0;0;2785;0;0;125;0;102;0;
8895;6055645;1174253568;18563072;1297448960;0;0;0;0;0;0;0;0;0;0;0;3106;0;0;125;0;102;0;
8896;3652699;1174253568;18563072;1297448960;0;0;0;0;0;0;0;0;0;0;0;2053;0;0;125;0;102;0;
8897;2952707;1174253568;18563072;1297448960;0;0;0;0;0;0;0;0;0;0;0;1452;0;0;125;0;102;0;
8898;1805125;1174253568;18563072;1297448960;0;0;0;0;0;0;0;0;0;0;0;1503;0;0;125;0;102;0;
8899;3316388;1174253568;18563072;1297448960;0;0;0;0;0;0;0;0;0;0;0;2675;0;0;125;0;102;0;
8900;2893966;1174253568;18563072;1297448960;0;0;0;0;0;0;0;0;0;0;0;2795;0;0;125;0;102;0;
8901;5827757;1174253568;18563072;1297448960;0;0;0;0;0;0;0;0;0;0;0;1553;0;0;125;0;102;0;
8902;4141064;1174253568;18563072;1297448960;0;0;0;0;0;0;0;0;0;0;0;3877;0;0;125;0;102;0;
8903;2774803;1174253568;18563072;1297448960;0;0;0;0;0;0;0;0;0;0;0;1854;0;0;125;0;102;0;
8904;2197951;1174253568;18563072;1297448960;0;0;0;0;0;0;0;0;0;0;0;1914;0;0;125;0;102;0;
8905;2581721;1174253568;18563072;1297448960;0;0;0;0;0;0;0;0;0;0;0;2715;0;0;125;0;102;0;
8906;2548308;1174253568;18563072;1297448960;0;0;0;0;0;0;0;0;0;0;0;1663;0;0;125;0;102;0;
8907;5941019;1174253568;18563072;1297448960;0;0;0;0;0;0;0;0;0;0;0;1803;0;0;125;0;102;0;
8908;3791720;1174253568;18563072;1297448960;0;0;0;0;0;0;0;0;0;0;0;2264;0;0;125;0;102;0;
8909;2925706;1174253568;18563072;1297448960;0;0;0;0;0;0;0;0;0;0;0;2064;0;0;125;0;102;0;
8910;2205736;1174253568;18563072;1297448960;0;0;0;0;0;0;0;0;0;0;0;1924;0;0;125;0;102;0;
8911;3289688;1174253568;18563072;1297448960;0;0;0;0;0;0;0;0;0;0;0;1633;0;0;125;0;102;0;
8912;2573426;1174253568;18563072;1297448960;0;0;0;0;0;0;0;0;0;0;0;2304;0;0;125;0;102;0;
8913;5370349;1174253568;18563072;1297448960;0;0;0;0;0;0;0;0;0;0;0;1703;0;0;125;0;102;0;
8914;3967689;1174253568;18563072;1297448960;0;0;0;0;0;0;0;0;0;0;0;3356;0;0;125;0;102;0;
8915;3939998;1174253568;18563072;1297448960;0;0;0;0;0;0;0;0;0;0;0;2164;0;0;125;0;102;0;
8916;2309009;1174253568;18563072;1297448960;0;0;0;0;0;0;0;0;0;0;0;2334;0;0;125;0;102;0;
8917;2822984;1174253568;18563072;1297448960;0;0;0;0;0;0;0;0;0;0;0;1933;0;0;125;0;102;0;
8918;1674510;1174253568;18563072;1297448960;0;0;0;0;0;0;0;0;0;0;0;1683;0;0;125;0;102;0;
8919;5797440;1174253568;18563072;1297448960;0;0;0;0;0;0;0;0;0;0;0;2454;0;0;125;0;102;0;
8920;3735334;1174253568;18563072;1297448960;0;0;0;0;0;0;0;0;0;0;0;2575;0;0;125;0;102;0;
8921;3049608;1174253568;18563072;1297448960;0;0;0;0;0;0;0;0;0;0;0;2144;0;0;125;0;102;0;
8922;2394760;1174253568;18563072;1297448960;0;0;0;0;0;0;0;0;0;0;0;1984;0;0;125;0;102;0;
8923;2638036;1174253568;18563072;1297448960;0;0;0;0;0;0;0;0;0;0;0;1803;0;0;125;0;102;0;
8924;1535770;1174253568;18563072;1297448960;0;0;0;0;0;0;0;0;0;0;0;211186;0;0;125;0;102;0;
8925;11208537;1174253568;18563072;1297448960;0;0;0;0;0;0;0;0;0;0;0;1954;0;0;125;0;102;0;
8926;4816972;1174253568;18563072;1297448960;0;0;0;0;0;0;0;0;0;0;0;3957;0;0;125;0;102;0;
8927;3402350;1174253568;18563072;1297448960;0;0;0;0;0;0;0;0;0;0;0;2805;0;0;125;0;102;0;
8928;2321633;1174253568;18563072;1297448960;0;0;0;0;0;0;0;0;0;0;0;2415;0;0;125;0;102;0;
8929;2909075;1174253568;18563072;1297448960;0;0;0;0;0;0;0;0;0;0;0;1583;0;0;125;0;102;0;
8930;2095940;1174253568;18563072;1297448960;0;0;0;0;0;0;0;0;0;0;0;2043;0;0;125;0;102;0;
8931;5121433;1174253568;18563072;1297448960;0;0;0;0;0;0;0;0;0;0;0;1833;0;0;125;0;102;0;
8932;2993042;1174253568;18563072;1297448960;0;0;0;0;0;0;0;0;0;0;0;2625;0;0;125;0;102;0;
8933;3303043;1174253568;18563072;1297448960;0;0;0;0;0;0;0;0;0;0;0;1653;0;0;125;0;102;0;
8934;2913172;1174253568;18563072;1297448960;0;0;0;0;0;0;0;0;0;0;0;1903;0;0;125;0;102;0;
8935;3352606;1174253568;18563072;1297448960;0;0;0;0;0;0;0;0;0;0;0;2264;0;0;125;0;102;0;
8936;2309140;1174253568;18563072;1297448960;0;0;0;0;0;0;0;0;0;0;0;2485;0;0;125;0;102;0;
8937;6936516;1174253568;18563072;1297448960;0;0;0;0;0;0;0;0;0;0;0;1864;0;0;125;0;102;0;
8938;3592196;1174253568;18563072;1297448960;0;0;0;0;0;0;0;0;0;0;0;3186;0;0;125;0;102;0;
8939;3444118;1174253568;18563072;1297448960;0;0;0;0;0;0;0;0;0;0;0;2084;0;0;125;0;102;0;
8940;2689934;1174253568;18563072;1297448960;0;0;0;0;0;0;0;0;0;0;0;2134;0;0;125;0;102;0;
8941;2362149;1174253568;18563072;1297448960;0;0;0;0;0;0;0;0;0;0;0;1774;0;0;125;0;102;0;
8942;3200862;1174253568;18563072;1297448960;0;0;0;0;0;0;0;0;0;0;0;2004;0;0;125;0;102;0;
8943;5333591;1174253568;18563072;1297448960;0;0;0;0;0;0;0;0;0;0;0;1783;0;0;125;0;102;0;
8944;5148634;1174253568;18563072;1297448960;0;0;0;0;0;0;0;0;0;0;0;3367;0;0;125;0;102;0;
8945;3681062;1174253568;18563072;1297448960;0;0;0;0;0;0;0;0;0;0;0;1643;0;0;125;0;102;0;
8946;2622698;1174253568;18563072;1297448960;0;0;0;0;0;0;0;0;0;0;0;2184;0;0;125;0;102;0;
8947;2410790;1174253568;18563072;1297448960;0;0;0;0;0;0;0;0;0;0;0;1794;0;0;125;0;102;0;
8948;3964264;1174253568;18563072;1297448960;0;0;0;0;0;0;0;0;0;0;0;4479;0;0;125;0;102;0;
8949;5824562;1174253568;18563072;1297448960;0;0;0;0;0;0;0;0;0;0;0;2284;0;0;125;0;102;0;
8950;5569042;1174253568;18563072;1297448960;0;0;0;0;0;0;0;0;0;0;0;3276;0;0;125;0;102;0;
8951;4965069;1174253568;18563072;1297448960;0;0;0;0;0;0;0;0;0;0;0;3266;0;0;125;0;102;0;
8952;4137238;1174253568;18563072;1297448960;0;0;0;0;0;0;0;0;0;0;0;4038;0;0;125;0;102;0;
8953;4417703;1174253568;18563072;1297448960;0;0;0;0;0;0;0;0;0;0;0;2344;0;0;125;0;102;0;
8954;2550813;1174253568;18563072;1297448960;0;0;0;0;0;0;0;0;0;0;0;3176;0;0;125;0;102;0;
8955;4440286;1174253568;18563072;1297448960;0;0;0;0;0;0;0;0;0;0;0;1363;0;0;125;0;102;0;
8956;4021390;1174253568;18563072;1297448960;0;0;0;0;0;0;0;0;0;0;0;3927;0;0;125;0;102;0;
8957;3172318;1174253568;18563072;1297448960;0;0;0;0;0;0;0;0;0;0;0;2655;0;0;125;0;102;0;
8958;2997471;1174253568;18563072;1297448960;0;0;0;0;0;0;0;0;0;0;0;2004;0;0;125;0;102;0;
8959;2744836;1174253568;18563072;1297448960;0;0;0;0;0;0;0;0;0;0;0;1633;0;0;125;0;102;0;
8960;2305402;1174253568;18563072;1297448960;0;0;0;0;0;0;0;0;0;0;0;2235;0;0;125;0;102;0;
8961;5272677;1174253568;18563072;1297448960;0;0;0;0;0;0;0;0;0;0;0;1623;0;0;125;0;102;0;
8962;5404023;1174253568;18563072;1297448960;0;0;0;0;0;0;0;0;0;0;0;12404;0;0;125;0;102;0;
8963;4761778;1174253568;18563072;1297448960;0;0;0;0;0;0;0;0;0;0;0;2545;0;0;125;0;102;0;
8964;3251286;1174253568;18563072;1297448960;0;0;0;0;0;0;0;0;0;0;0;2966;0;0;125;0;102;0;
8965;3383945;1174253568;18563072;1297448960;0;0;0;0;0;0;0;0;0;0;0;2475;0;0;125;0;103;0;
8966;2896821;1174253568;18563072;1297448960;0;0;0;0;0;0;0;0;0;0;0;1723;0;0;125;0;103;0;
8967;5105022;1174253568;18563072;1297448960;0;0;0;0;0;0;0;0;0;0;0;1393;0;0;125;0;103;0;
8968;5234755;1174253568;18563072;1297448960;0;0;0;0;0;0;0;0;0;0;0;3426;0;0;125;0;103;0;
8969;4632496;1174253568;18563072;1297448960;0;0;0;0;0;0;0;0;0;0;0;3056;0;0;125;0;103;0;
8970;4130666;1174253568;18563072;1297448960;0;0;0;0;0;0;0;0;0;0;0;2685;0;0;125;0;103;0;
8971;3122294;1174253568;18563072;1297448960;0;0;0;0;0;0;0;0;0;0;0;2555;0;0;125;0;103;0;
8972;3388233;1174253568;18563072;1297448960;0;0;0;0;0;0;0;0;0;0;0;2495;0;0;125;0;103;0;
8973;7907367;1174253568;18563072;1297448960;0;0;0;0;0;0;0;0;0;0;0;2705;0;0;125;0;103;0;
8974;5710307;1174253568;18563072;1297448960;0;0;0;0;0;0;0;0;0;0;0;4058;0;0;125;0;103;0;
8975;4055053;1174253568;18563072;1297448960;0;0;0;0;0;0;0;0;0;0;0;8566;0;0;125;0;103;0;
8976;3675582;1174253568;18563072;1297448960;0;0;0;0;0;0;0;0;0;0;0;2495;0;0;125;0;103;0;
8977;4335038;1174253568;18563072;1297448960;0;0;0;0;0;0;0;0;0;0;0;3146;0;0;125;0;103;0;
8978;3483522;1174253568;18563072;1297448960;0;0;0;0;0;0;0;0;0;0;0;4449;0;0;125;0;103;0;
8979;7710508;1174253568;18563072;1297448960;0;0;0;0;0;0;0;0;0;0;0;65433;0;0;125;0;103;0;
8980;7032046;1174253568;18563072;1297448960;0;0;0;0;0;0;0;0;0;0;0;3577;0;0;125;0;103;0;
8981;4111659;1174253568;18563072;1297448960;0;0;0;0;0;0;0;0;0;0;0;2555;0;0;125;0;103;0;
8982;2688611;1174253568;18563072;1297448960;0;0;0;0;0;0;0;0;0;0;0;2235;0;0;125;0;103;0;
8983;6353994;1174253568;18563072;1297448960;0;0;0;0;0;0;0;0;0;0;0;2625;0;0;125;0;103;0;
8984;5216170;1174253568;18563072;1297448960;0;0;0;0;0;0;0;0;0;0;0;3186;0;0;125;0;103;0;
8985;9017548;1174253568;18563072;1297448960;0;0;0;0;0;0;0;0;0;0;0;2174;0;0;125;0;103;0;
8986;4665558;1174253568;18563072;1297448960;0;0;0;0;0;0;0;0;0;0;0;3677;0;0;125;0;103;0;
8987;5425223;1174253568;18563072;1297448960;0;0;0;0;0;0;0;0;0;0;0;3387;0;0;125;0;103;0;
8988;2462357;1174253568;18563072;1297448960;0;0;0;0;0;0;0;0;0;0;0;2995;0;0;125;0;103;0;
8989;2995527;1174253568;18563072;1297448960;0;0;0;0;0;0;0;0;0;0;0;2325;0;0;125;0;103;0;
8990;2308860;1174253568;18563072;1297448960;0;0;0;0;0;0;0;0;0;0;0;1873;0;0;125;0;103;0;
8991;6487094;1174253568;18563072;1297448960;0;0;0;0;0;0;0;0;0;0;0;1934;0;0;125;0;103;0;
8992;4205736;1174253568;18563072;1297448960;0;0;0;0;0;0;0;0;0;0;0;2735;0;0;125;0;103;0;
8993;3727920;1174253568;18563072;1297448960;0;0;0;0;0;0;0;0;0;0;0;2003;0;0;125;0;103;0;
8994;2563156;1174253568;18563072;1297448960;0;0;0;0;0;0;0;0;0;0;0;1864;0;0;125;0;103;0;
8995;4533461;1174253568;18563072;1297448960;0;0;0;0;0;0;0;0;0;0;0;2955;0;0;125;0;103;0;
8996;3419061;1174253568;18563072;1297448960;0;0;0;0;0;0;0;0;0;0;0;245971;0;0;125;0;103;0;
8997;9671825;1174253568;18563072;1297448960;0;0;0;0;0;0;0;0;0;0;0;2034;0;0;125;0;103;0;
8998;4733656;1174253568;18563072;1297448960;0;0;0;0;0;0;0;0;0;0;0;3236;0;0;125;0;103;0;
8999;5158532;1174253568;18563072;1297448960;0;0;0;0;0;0;0;0;0;0;0;3477;0;0;125;0;105;0;
9000;3344271;1174253568;18563072;1297448960;0;0;0;0;0;0;0;0;0;0;0;2094;0;0;125;0;105;0;
9001;6153458;1174253568;18563072;1297448960;0;0;0;0;0;0;0;0;0;0;0;3968;0;0;125;0;105;0;
9002;3981566;1174253568;18563072;1297448960;0;0;0;0;0;0;0;0;0;0;0;5501;0;0;125;0;105;0;
9003;7615569;1174253568;18563072;1297448960;0;0;0;0;0;0;0;0;0;0;0;3647;0;0;125;0;105;0;
9004;4200366;1174253568;18563072;1297448960;0;0;0;0;0;0;0;0;0;0;0;2705;0;0;125;0;105;0;
9005;4313228;1174253568;18563072;1297448960;0;0;0;0;0;0;0;0;0;0;0;3046;0;0;125;0;105;0;
9006;3783644;1174253568;18563072;1297448960;0;0;0;0;0;0;0;0;0;0;0;2725;0;0;125;0;105;0;
9007;4760236;1174253568;18563072;1297448960;0;0;0;0;0;0;0;0;0;0;0;2645;0;0;125;0;105;0;
9008;3348468;1174253568;18563072;1297448960;0;0;0;0;0;0;0;0;0;0;0;3877;0;0;125;0;105;0;
9009;8252754;1174253568;18563072;1297448960;0;0;0;0;0;0;0;0;0;0;0;1983;0;0;125;0;105;0;
9010;3674740;1174253568;18563072;1297448960;0;0;0;0;0;0;0;0;0;0;0;3036;0;0;125;0;105;0;
9011;5353018;1174253568;18563072;1297448960;0;0;0;0;0;0;0;0;0;0;0;2054;0;0;125;0;105;0;
9012;4780483;1174253568;18563072;1297448960;0;0;0;0;0;0;0;0;0;0;0;3146;0;0;125;0;105;0;
9013;4133661;1174253568;18563072;1297448960;0;0;0;0;0;0;0;0;0;0;0;3326;0;0;125;0;105;0;
9014;4632546;1174253568;18563072;1297448960;0;0;0;0;0;0;0;0;0;0;0;3306;0;0;125;0;105;0;
9015;6581460;1174253568;18563072;1297448960;0;0;0;0;0;0;0;0;0;0;0;2785;0;0;125;0;105;0;
9016;7341175;1174253568;18563072;1297448960;0;0;0;0;0;0;0;0;0;0;0;3216;0;0;125;0;105;0;
9017;4589225;1174253568;18563072;1297448960;0;0;0;0;0;0;0;0;0;0;0;2164;0;0;125;0;105;0;
9018;5096927;1174253568;18563072;1297448960;0;0;0;0;0;0;0;0;0;0;0;3466;0;0;125;0;105;0;
9019;4177302;1174253568;18563072;1297448960;0;0;0;0;0;0;0;0;0;0;0;2364;0;0;125;0;105;0;
9020;2978084;1174253568;18563072;1297448960;0;0;0;0;0;0;0;0;0;0;0;3707;0;0;125;0;105;0;
9021;6728376;1174253568;18563072;1297448960;0;0;0;0;0;0;0;0;0;0;0;1863;0;0;125;0;105;0;
9022;6233108;1174253568;18563072;1297448960;0;0;0;0;0;0;0;0;0;0;0;5009;0;0;125;0;105;0;
9023;5867662;1174253568;18563072;1297448960;0;0;0;0;0;0;0;0;0;0;0;4218;0;0;125;0;105;0;
9024;2837410;1174253568;18563072;1297448960;0;0;0;0;0;0;0;0;0;0;0;3356;0;0;125;0;105;0;
9025;4480121;1174253568;18563072;1297448960;0;0;0;0;0;0;0;0;0;0;0;2234;0;0;125;0;105;0;
9026;2845726;1174253568;18563072;1297448960;0;0;0;0;0;0;0;0;0;0;0;2665;0;0;125;0;105;0;
9027;9404444;1174253568;18563072;1297448960;0;0;0;0;0;0;0;0;0;0;0;2284;0;0;125;0;105;0;
9028;6663174;1174253568;18563072;1297448960;0;0;0;0;0;0;0;0;0;0;0;3567;0;0;125;0;105;0;
9029;5093741;1174253568;18563072;1297448960;0;0;0;0;0;0;0;0;0;0;0;3155;0;0;125;0;105;0;
9030;4987111;1174253568;18563072;1297448960;0;0;0;0;0;0;0;0;0;0;0;3938;0;0;125;0;105;0;
9031;4914766;1174253568;18563072;1297448960;0;0;0;0;0;0;0;0;0;0;0;2975;0;0;125;0;105;0;
9032;4233257;1174253568;18563072;1297448960;0;0;0;0;0;0;0;0;0;0;0;3597;0;0;125;0;105;0;
9033;9541641;1174253568;18563072;1297448960;0;0;0;0;0;0;0;0;0;0;0;3306;0;0;125;0;105;0;
9034;7316659;1174253568;18563072;1297448960;0;0;0;0;0;0;0;0;0;0;0;3807;0;0;125;0;105;0;
9035;4312026;1174253568;18563072;1297448960;0;0;0;0;0;0;0;0;0;0;0;2525;0;0;125;0;105;0;
9036;3709405;1174253568;18563072;1297448960;0;0;0;0;0;0;0;0;0;0;0;2966;0;0;125;0;105;0;
9037;6146465;1174253568;18563072;1297448960;0;0;0;0;0;0;0;0;0;0;0;2905;0;0;125;0;105;0;
9038;4858550;1174253568;18563072;1297448960;0;0;0;0;0;0;0;0;0;0;0;3827;0;0;125;0;105;0;
9039;6204053;1174253568;18563072;1297448960;0;0;0;0;0;0;0;0;0;0;0;3586;0;0;125;0;105;0;
9040;4401884;1174253568;18563072;1297448960;0;0;0;0;0;0;0;0;0;0;0;3597;0;0;125;0;105;0;
9041;4046538;1174253568;18563072;1297448960;0;0;0;0;0;0;0;0;0;0;0;2435;0;0;125;0;105;0;
9042;3214597;1174253568;18563072;1297448960;0;0;0;0;0;0;0;0;0;0;0;3386;0;0;125;0;105;0;
9043;4655259;1174253568;18563072;1297448960;0;0;0;0;0;0;0;0;0;0;0;2695;0;0;125;0;105;0;
9044;3849328;1174253568;18563072;1297448960;0;0;0;0;0;0;0;0;0;0;0;2535;0;0;125;0;105;0;
9045;6469370;1174253568;18563072;1297448960;0;0;0;0;0;0;0;0;0;0;0;2485;0;0;125;0;105;0;
9046;3599369;1174253568;18563072;1297448960;0;0;0;0;0;0;0;0;0;0;0;2605;0;0;125;0;105;0;
9047;4292388;1174253568;18563072;1297448960;0;0;0;0;0;0;0;0;0;0;0;2555;0;0;125;0;105;0;
9048;3024251;1174253568;18563072;1297448960;0;0;0;0;0;0;0;0;0;0;0;2255;0;0;125;0;105;0;
9049;3959494;1174253568;18563072;1297448960;0;0;0;0;0;0;0;0;0;0;0;2054;0;0;125;0;105;0;
9050;4473398;1174253568;18563072;1297448960;0;0;0;0;0;0;0;0;0;0;0;2866;0;0;125;0;105;0;
9051;7587888;1174253568;18563072;1297448960;0;0;0;0;0;0;0;0;0;0;0;2425;0;0;125;0;105;0;
9052;3579802;1174253568;18563072;1297448960;0;0;0;0;0;0;0;0;0;0;0;3036;0;0;125;0;105;0;
9053;3222112;1174253568;18563072;1297448960;0;0;0;0;0;0;0;0;0;0;0;2665;0;0;125;0;105;0;
9054;2422182;1174253568;18563072;1297448960;0;0;0;0;0;0;0;0;0;0;0;1994;0;0;125;0;105;0;
9055;2900288;1174253568;18563072;1297448960;0;0;0;0;0;0;0;0;0;0;0;2134;0;0;125;0;105;0;
9056;2256681;1174253568;18563072;1297448960;0;0;0;0;0;0;0;0;0;0;0;3026;0;0;125;0;105;0;
9057;6033373;1174253568;18563072;1297448960;0;0;0;0;0;0;0;0;0;0;0;1963;0;0;125;0;105;0;
9058;5069746;1174253568;18563072;1297448960;0;0;0;0;0;0;0;0;0;0;0;3236;0;0;125;0;105;0;
9059;3138295;1174253568;18563072;1297448960;0;0;0;0;0;0;0;0;0;0;0;2305;0;0;125;0;105;0;
9060;3049077;1174253568;18563072;1297448960;0;0;0;0;0;0;0;0;0;0;0;2295;0;0;125;0;105;0;
9061;2862147;1174253568;18563072;1297448960;0;0;0;0;0;0;0;0;0;0;0;2575;0;0;125;0;105;0;
9062;1732138;1174253568;18563072;1297448960;0;0;0;0;0;0;0;0;0;0;0;1643;0;0;125;0;105;0;
9063;7010966;1174253568;18563072;1297448960;0;0;0;0;0;0;0;0;0;0;0;2254;0;0;125;0;105;0;
9064;3485646;1174253568;18563072;1297448960;0;0;0;0;0;0;0;0;0;0;0;3066;0;0;125;0;105;0;
9065;3439950;1174253568;18563072;1297448960;0;0;0;0;0;0;0;0;0;0;0;2224;0;0;125;0;105;0;
9066;2412273;1174253568;18563072;1297448960;0;0;0;0;0;0;0;0;0;0;0;2023;0;0;125;0;105;0;
9067;2098605;1174253568;18563072;1297448960;0;0;0;0;0;0;0;0;0;0;0;1783;0;0;125;0;105;0;
9068;1841012;1174253568;18563072;1297448960;0;0;0;0;0;0;0;0;0;0;0;1673;0;0;125;0;105;0;
9069;8326002;1174253568;18563072;1297448960;0;0;0;0;0;0;0;0;0;0;0;1873;0;0;125;0;105;0;
9070;6842380;1174253568;18563072;1297448960;0;0;0;0;0;0;0;0;0;0;0;3667;0;0;125;0;105;0;
9071;2253977;1174253568;18563072;1297448960;0;0;0;0;0;0;0;0;0;0;0;2184;0;0;125;0;105;0;
9072;1287555;1174253568;18563072;1297448960;0;0;0;0;0;0;0;0;0;0;0;2484;0;0;125;0;105;0;
9073;3535550;1174253568;18563072;1297448960;0;0;0;0;0;0;0;0;0;0;0;2415;0;0;125;0;105;0;
9074;3171236;1174253568;18563072;1297448960;0;0;0;0;0;0;0;0;0;0;0;2355;0;0;125;0;105;0;
9075;8832652;1174253568;18563072;1297448960;0;0;0;0;0;0;0;0;0;0;0;2354;0;0;125;0;105;0;
9076;3933024;1174253568;18563072;1297448960;0;0;0;0;0;0;0;0;0;0;0;3176;0;0;125;0;105;0;
9077;3925430;1174253568;18563072;1297448960;0;0;0;0;0;0;0;0;0;0;0;3116;0;0;125;0;105;0;
9078;4563647;1174253568;18563072;1297448960;0;0;0;0;0;0;0;0;0;0;0;3286;0;0;125;0;105;0;
9079;4315221;1174253568;18563072;1297448960;0;0;0;0;0;0;0;0;0;0;0;3597;0;0;125;0;110;0;
9080;1992636;1174253568;18563072;1297448960;0;0;0;0;0;0;0;0;0;0;0;2745;0;0;125;0;110;0;
9081;5051482;1174253568;18563072;1297448960;0;0;0;0;0;0;0;0;0;0;0;1272;0;0;125;0;110;0;
9082;4176331;1174253568;18563072;1297448960;0;0;0;0;0;0;0;0;0;0;0;2685;0;0;125;0;110;0;
9083;4187952;1174253568;18563072;1297448960;0;0;0;0;0;0;0;0;0;0;0;2865;0;0;125;0;110;0;
9084;3056852;1174253568;18563072;1297448960;0;0;0;0;0;0;0;0;0;0;0;2795;0;0;125;0;110;0;
9085;3530350;1174253568;18563072;1297448960;0;0;0;0;0;0;0;0;0;0;0;2655;0;0;125;0;110;0;
9086;2172654;1174253568;18563072;1297448960;0;0;0;0;0;0;0;0;0;0;0;1894;0;0;125;0;110;0;
9087;6399579;1174253568;18563072;1297448960;0;0;0;0;0;0;0;0;0;0;0;3006;0;0;125;0;110;0;
9088;4663555;1174253568;18563072;1297448960;0;0;0;0;0;0;0;0;0;0;0;3597;0;0;125;0;110;0;
9089;4109135;1174253568;18563072;1297448960;0;0;0;0;0;0;0;0;0;0;0;2214;0;0;125;0;110;0;
9090;2359354;1174253568;18563072;1297448960;0;0;0;0;0;0;0;0;0;0;0;3076;0;0;125;0;110;0;
9091;2284924;1174253568;18563072;1297448960;0;0;0;0;0;0;0;0;0;0;0;2053;0;0;125;0;110;0;
9092;4109164;1174253568;18563072;1297448960;0;0;0;0;0;0;0;0;0;0;0;2565;0;0;125;0;110;0;
9093;6472727;1174253568;18563072;1297448960;0;0;0;0;0;0;0;0;0;0;0;2254;0;0;125;0;110;0;
9094;5506575;1174253568;18563072;1297448960;0;0;0;0;0;0;0;0;0;0;0;2485;0;0;125;0;110;0;
9095;2639600;1174253568;18563072;1297448960;0;0;0;0;0;0;0;0;0;0;0;1783;0;0;125;0;110;0;
9096;1964784;1174253568;18563072;1297448960;0;0;0;0;0;0;0;0;0;0;0;1683;0;0;125;0;110;0;
9097;2689493;1174253568;18563072;1297448960;0;0;0;0;0;0;0;0;0;0;0;1593;0;0;125;0;110;0;
9098;3253871;1174253568;18563072;1297448960;0;0;0;0;0;0;0;0;0;0;0;2625;0;0;125;0;110;0;
9099;6214583;1174253568;18563072;1297448960;0;0;0;0;0;0;0;0;0;0;0;1894;0;0;125;0;110;0;
9100;3651136;1174253568;18563072;1297448960;0;0;0;0;0;0;0;0;0;0;0;3888;0;0;125;0;110;0;
9101;3136892;1174253568;18563072;1297448960;0;0;0;0;0;0;0;0;0;0;0;1824;0;0;125;0;110;0;
9102;1702462;1174253568;18563072;1297448960;0;0;0;0;0;0;0;0;0;0;0;1763;0;0;125;0;110;0;
9103;1916083;1174253568;18563072;1297448960;0;0;0;0;0;0;0;0;0;0;0;1443;0;0;125;0;110;0;
9104;2811401;1174253568;18563072;1297448960;0;0;0;0;0;0;0;0;0;0;0;2574;0;0;125;0;110;0;
9105;8077396;1174253568;18563072;1297448960;0;0;0;0;0;0;0;0;0;0;0;2354;0;0;125;0;110;0;
9106;5167890;1174253568;18563072;1297448960;0;0;0;0;0;0;0;0;0;0;0;3757;0;0;125;0;110;0;
9107;3221962;1174253568;18563072;1297448960;0;0;0;0;0;0;0;0;0;0;0;3817;0;0;125;0;110;0;
9108;2640711;1174253568;18563072;1297448960;0;0;0;0;0;0;0;0;0;0;0;3517;0;0;125;0;110;0;
9109;5245195;1174253568;18563072;1297448960;0;0;0;0;0;0;0;0;0;0;0;4418;0;0;125;0;112;0;
9110;3087600;1174253568;18563072;1297448960;0;0;0;0;0;0;0;0;0;0;0;3276;0;0;125;0;112;0;
9111;10656080;1174253568;18563072;1297448960;0;0;0;0;0;0;0;0;0;0;0;2906;0;0;125;0;112;0;
9112;6028684;1174253568;18563072;1297448960;0;0;0;0;0;0;0;0;0;0;0;3206;0;0;125;0;112;0;
9113;4371186;1174253568;18563072;1297448960;0;0;0;0;0;0;0;0;0;0;0;2715;0;0;125;0;112;0;
9114;2904316;1174253568;18563072;1297448960;0;0;0;0;0;0;0;0;0;0;0;2985;0;0;125;0;112;0;
9115;5046682;1174253568;18563072;1297448960;0;0;0;0;0;0;0;0;0;0;0;2364;0;0;125;0;112;0;
9116;2723176;1174253568;18563072;1297448960;0;0;0;0;0;0;0;0;0;0;0;2785;0;0;125;0;112;0;
9117;6533160;1174253568;18563072;1297448960;0;0;0;0;0;0;0;0;0;0;0;2845;0;0;125;0;112;0;
9118;4898866;1174253568;18563072;1297448960;0;0;0;0;0;0;0;0;0;0;0;2735;0;0;125;0;112;0;
9119;4982252;1174253568;18563072;1297448960;0;0;0;0;0;0;0;0;0;0;0;3156;0;0;125;0;112;0;
9120;2750848;1174253568;18563072;1297448960;0;0;0;0;0;0;0;0;0;0;0;4919;0;0;125;0;112;0;
9121;4496982;1174253568;18563072;1297448960;0;0;0;0;0;0;0;0;0;0;0;1994;0;0;125;0;112;0;
9122;4354224;1174253568;18563072;1297448960;0;0;0;0;0;0;0;0;0;0;0;3988;0;0;125;0;112;0;
9123;7881118;1174253568;18563072;1297448960;0;0;0;0;0;0;0;0;0;0;0;3166;0;0;125;0;112;0;
9124;5521914;1174253568;18563072;1297448960;0;0;0;0;0;0;0;0;0;0;0;3396;0;0;125;0;112;0;
9125;3950307;1174253568;18563072;1297448960;0;0;0;0;0;0;0;0;0;0;0;2325;0;0;125;0;112;0;
9126;3478553;1174253568;18563072;1297448960;0;0;0;0;0;0;0;0;0;0;0;2835;0;0;125;0;112;0;
9127;3564694;1174253568;18563072;1297448960;0;0;0;0;0;0;0;0;0;0;0;3387;0;0;125;0;112;0;
9128;1922534;1174253568;18563072;1297448960;0;0;0;0;0;0;0;0;0;0;0;2504;0;0;125;0;112;0;
9129;7326507;1174253568;18563072;1297448960;0;0;0;0;0;0;0;0;0;0;0;2054;0;0;125;0;112;0;
9130;5318583;1174253568;18563072;1297448960;0;0;0;0;0;0;0;0;0;0;0;3667;0;0;125;0;112;0;
9131;2693381;1174253568;18563072;1297448960;0;0;0;0;0;0;0;0;0;0;0;1973;0;0;125;0;112;0;
9132;2441538;1174253568;18563072;1297448960;0;0;0;0;0;0;0;0;0;0;0;1593;0;0;125;0;112;0;
9133;3018691;1174253568;18563072;1297448960;0;0;0;0;0;0;0;0;0;0;0;2124;0;0;125;0;112;0;
9134;3076037;1174253568;18563072;1297448960;0;0;0;0;0;0;0;0;0;0;0;2645;0;0;125;0;112;0;
9135;7119599;1174253568;18563072;1297448960;0;0;0;0;0;0;0;0;0;0;0;1803;0;0;125;0;112;0;
9136;4590798;1174253568;18563072;1297448960;0;0;0;0;0;0;0;0;0;0;0;2785;0;0;125;0;112;0;
9137;2355517;1174253568;18563072;1297448960;0;0;0;0;0;0;0;0;0;0;0;1834;0;0;125;0;112;0;
9138;2083036;1174253568;18563072;1297448960;0;0;0;0;0;0;0;0;0;0;0;196889;0;0;125;0;112;0;
9139;2513693;1174253568;18563072;1297448960;0;0;0;0;0;0;0;0;0;0;0;1713;0;0;125;0;112;0;
9140;2741741;1174253568;18563072;1297448960;0;0;0;0;0;0;0;0;0;0;0;2284;0;0;125;0;112;0;
9141;7021335;1174253568;18563072;1297448960;0;0;0;0;0;0;0;0;0;0;0;2064;0;0;125;0;112;0;
9142;4409618;1174253568;18563072;1297448960;0;0;0;0;0;0;0;0;0;0;0;3977;0;0;125;0;112;0;
9143;4323116;1174253568;18563072;1297448960;0;0;0;0;0;0;0;0;0;0;0;2574;0;0;125;0;112;0;
9144;2556203;1174253568;18563072;1297448960;0;0;0;0;0;0;0;0;0;0;0;2605;0;0;125;0;112;0;
9145;2459431;1174253568;18563072;1297448960;0;0;0;0;0;0;0;0;0;0;0;2364;0;0;125;0;112;0;
9146;5039680;1174253568;18563072;1297448960;0;0;0;0;0;0;0;0;0;0;0;5000;0;0;125;0;112;0;
9147;9291703;1174253568;18563072;1297448960;0;0;0;0;0;0;0;0;0;0;0;3917;0;0;125;0;112;0;
9148;5413571;1174253568;18563072;1297448960;0;0;0;0;0;0;0;0;0;0;0;2825;0;0;125;0;112;0;
9149;2763792;1174253568;18563072;1297448960;0;0;0;0;0;0;0;0;0;0;0;2194;0;0;125;0;112;0;
9150;1942082;1174253568;18563072;1297448960;0;0;0;0;0;0;0;0;0;0;0;1764;0;0;125;0;112;0;
9151;2234209;1174253568;18563072;1297448960;0;0;0;0;0;0;0;0;0;0;0;1293;0;0;125;0;112;0;
9152;3073593;1174253568;18563072;1297448960;0;0;0;0;0;0;0;0;0;0;0;2124;0;0;125;0;112;0;
9153;10147818;1174253568;18563072;1297448960;0;0;0;0;0;0;0;0;0;0;0;1963;0;0;125;0;112;0;
9154;7846422;1174253568;18563072;1297448960;0;0;0;0;0;0;0;0;0;0;0;3446;0;0;125;0;112;0;
9155;2762490;1174253568;18563072;1297448960;0;0;0;0;0;0;0;0;0;0;0;1954;0;0;125;0;112;0;
9156;1406487;1174253568;18563072;1297448960;0;0;0;0;0;0;0;0;0;0;0;1724;0;0;125;0;112;0;
9157;1550467;1174253568;18563072;1297448960;0;0;0;0;0;0;0;0;0;0;0;1423;0;0;125;0;112;0;
9158;1204118;1174253568;18563072;1297448960;0;0;0;0;0;0;0;0;0;0;0;1944;0;0;125;0;112;0;
9159;6058359;1174253568;18563072;1297448960;0;0;0;0;0;0;0;0;0;0;0;1403;0;0;125;0;112;0;
9160;4289533;1174253568;18563072;1297448960;0;0;0;0;0;0;0;0;0;0;0;3196;0;0;125;0;112;0;
9161;4261210;1174253568;18563072;1297448960;0;0;0;0;0;0;0;0;0;0;0;2595;0;0;125;0;112;0;
9162;2885591;1174253568;18563072;1297448960;0;0;0;0;0;0;0;0;0;0;0;2375;0;0;125;0;112;0;
9163;2333516;1174253568;18563072;1297448960;0;0;0;0;0;0;0;0;0;0;0;1854;0;0;125;0;112;0;
9164;1678417;1174253568;18563072;1297448960;0;0;0;0;0;0;0;0;0;0;0;2034;0;0;125;0;112;0;
9165;6103825;1174253568;18563072;1297448960;0;0;0;0;0;0;0;0;0;0;0;1753;0;0;125;0;112;0;
9166;5137904;1174253568;18563072;1297448960;0;0;0;0;0;0;0;0;0;0;0;2955;0;0;125;0;112;0;
9167;3970134;1174253568;18563072;1297448960;0;0;0;0;0;0;0;0;0;0;0;2344;0;0;125;0;112;0;
9168;2121207;1174253568;18563072;1297448960;0;0;0;0;0;0;0;0;0;0;0;2776;0;0;125;0;112;0;
9169;2602470;1174253568;18563072;1297448960;0;0;0;0;0;0;0;0;0;0;0;1433;0;0;125;0;112;0;
9170;2668724;1174253568;18563072;1297448960;0;0;0;0;0;0;0;0;0;0;0;2195;0;0;125;0;112;0;
9171;8480752;1174253568;18563072;1297448960;0;0;0;0;0;0;0;0;0;0;0;1943;0;0;125;0;112;0;
9172;6786184;1174253568;18563072;1297448960;0;0;0;0;0;0;0;0;0;0;0;4699;0;0;125;0;112;0;
9173;2888896;1174253568;18563072;1297448960;0;0;0;0;0;0;0;0;0;0;0;1713;0;0;125;0;112;0;
9174;1679930;1174253568;18563072;1297448960;0;0;0;0;0;0;0;0;0;0;0;1653;0;0;125;0;112;0;
9175;2244980;1174253568;18563072;1297448960;0;0;0;0;0;0;0;0;0;0;0;1773;0;0;125;0;112;0;
9176;3706580;1174253568;18563072;1297448960;0;0;0;0;0;0;0;0;0;0;0;2305;0;0;125;0;112;0;
9177;7982628;1174253568;18563072;1297448960;0;0;0;0;0;0;0;0;0;0;0;2675;0;0;125;0;112;0;
9178;3726618;1174253568;18563072;1297448960;0;0;0;0;0;0;0;0;0;0;0;2946;0;0;125;0;112;0;
9179;3392531;1174253568;18563072;1297448960;0;0;0;0;0;0;0;0;0;0;0;2435;0;0;125;0;112;0;
9180;3221851;1174253568;18563072;1297448960;0;0;0;0;0;0;0;0;0;0;0;2545;0;0;125;0;112;0;
9181;4423785;1174253568;18563072;1297448960;0;0;0;0;0;0;0;0;0;0;0;2485;0;0;125;0;112;0;
9182;2141245;1174253568;18563072;1297448960;0;0;0;0;0;0;0;0;0;0;0;2274;0;0;125;0;112;0;
9183;6040947;1174253568;18563072;1297448960;0;0;0;0;0;0;0;0;0;0;0;2255;0;0;125;0;112;0;
9184;3286061;1174253568;18563072;1297448960;0;0;0;0;0;0;0;0;0;0;0;2395;0;0;125;0;112;0;
9185;3622552;1174253568;18563072;1297448960;0;0;0;0;0;0;0;0;0;0;0;2505;0;0;125;0;112;0;
9186;2359183;1174253568;18563072;1297448960;0;0;0;0;0;0;0;0;0;0;0;2475;0;0;125;0;112;0;
9187;3284078;1174253568;18563072;1297448960;0;0;0;0;0;0;0;0;0;0;0;1723;0;0;125;0;112;0;
9188;3365420;1174253568;18563072;1297448960;0;0;0;0;0;0;0;0;0;0;0;2615;0;0;125;0;112;0;
9189;5907197;1174253568;18563072;1297448960;0;0;0;0;0;0;0;0;0;0;0;2244;0;0;125;0;112;0;
9190;3677225;1174253568;18563072;1297448960;0;0;0;0;0;0;0;0;0;0;0;2675;0;0;125;0;112;0;
9191;2163987;1174253568;18563072;1297448960;0;0;0;0;0;0;0;0;0;0;0;1663;0;0;125;0;112;0;
9192;1332819;1174253568;18563072;1297448960;0;0;0;0;0;0;0;0;0;0;0;1452;0;0;125;0;112;0;
9193;2687660;1174253568;18563072;1297448960;0;0;0;0;0;0;0;0;0;0;0;1352;0;0;125;0;112;0;
9194;3387531;1174253568;18563072;1297448960;0;0;0;0;0;0;0;0;0;0;0;2184;0;0;125;0;112;0;
9195;8042601;1174253568;18563072;1297448960;0;0;0;0;0;0;0;0;0;0;0;9117;0;0;125;0;112;0;
9196;4121248;1174253568;18563072;1297448960;0;0;0;0;0;0;0;0;0;0;0;3647;0;0;125;0;112;0;
9197;2340829;1174253568;18563072;1297448960;0;0;0;0;0;0;0;0;0;0;0;1663;0;0;125;0;112;0;
9198;2649969;1174253568;18563072;1297448960;0;0;0;0;0;0;0;0;0;0;0;2244;0;0;125;0;112;0;
9199;3678848;1174253568;18563072;1297448960;0;0;0;0;0;0;0;0;0;0;0;2074;0;0;125;0;112;0;
9200;2573716;1174253568;18563072;1297448960;0;0;0;0;0;0;0;0;0;0;0;2404;0;0;125;0;112;0;
9201;9174693;1174253568;18563072;1297448960;0;0;0;0;0;0;0;0;0;0;0;2956;0;0;125;0;112;0;
9202;4611998;1174253568;18563072;1297448960;0;0;0;0;0;0;0;0;0;0;0;3337;0;0;125;0;112;0;
9203;3725025;1174253568;18563072;1297448960;0;0;0;0;0;0;0;0;0;0;0;2214;0;0;125;0;112;0;
9204;4219512;1174253568;18563072;1297448960;0;0;0;0;0;0;0;0;0;0;0;3206;0;0;125;0;112;0;
9205;4893265;1174253568;18563072;1297448960;0;0;0;0;0;0;0;0;0;0;0;2946;0;0;125;0;112;0;
9206;3750592;1174253568;18563072;1297448960;0;0;0;0;0;0;0;0;0;0;0;3035;0;0;125;0;112;0;
9207;6594294;1174253568;18563072;1297448960;0;0;0;0;0;0;0;0;0;0;0;2765;0;0;125;0;112;0;
9208;3118958;1174253568;18563072;1297448960;0;0;0;0;0;0;0;0;0;0;0;2965;0;0;125;0;112;0;
9209;3446072;1174253568;18563072;1297448960;0;0;0;0;0;0;0;0;0;0;0;2696;0;0;125;0;112;0;
9210;4618701;1174523904;18563072;1297448960;0;0;0;0;0;0;0;0;0;0;0;3427;0;0;125;0;112;0;
9211;4132458;1174523904;18563072;1297448960;0;0;0;0;0;0;0;0;0;0;0;2805;0;0;125;0;112;0;
9212;4117180;1174523904;18563072;1297448960;0;0;0;0;0;0;0;0;0;0;0;2935;0;0;125;0;112;0;
9213;6543709;1174523904;18563072;1297448960;0;0;0;0;0;0;0;0;0;0;0;3176;0;0;125;0;112;0;
9214;4068779;1174523904;18563072;1297448960;0;0;0;0;0;0;0;0;0;0;0;3407;0;0;125;0;112;0;
9215;3500223;1174523904;18563072;1297448960;0;0;0;0;0;0;0;0;0;0;0;2515;0;0;125;0;112;0;
9216;3334092;1174523904;18563072;1297448960;0;0;0;0;0;0;0;0;0;0;0;2364;0;0;125;0;112;0;
9217;3412850;1174523904;18563072;1297448960;0;0;0;0;0;0;0;0;0;0;0;2675;0;0;125;0;112;0;
9218;2531156;1174523904;18563072;1297448960;0;0;0;0;0;0;0;0;0;0;0;2816;0;0;125;0;112;0;
9219;7132053;1174523904;18563072;1297448960;0;0;0;0;0;0;0;0;0;0;0;1853;0;0;125;0;112;0;
9220;4373641;1174523904;18563072;1297448960;0;0;0;0;0;0;0;0;0;0;0;3026;0;0;125;0;112;0;
9221;3644463;1174523904;18563072;1297448960;0;0;0;0;0;0;0;0;0;0;0;2264;0;0;125;0;112;0;
9222;3504281;1174523904;18563072;1297448960;0;0;0;0;0;0;0;0;0;0;0;2725;0;0;125;0;112;0;
9223;3432616;1174523904;18563072;1297448960;0;0;0;0;0;0;0;0;0;0;0;2635;0;0;125;0;112;0;
9224;2546264;1174523904;18563072;1297448960;0;0;0;0;0;0;0;0;0;0;0;2605;0;0;125;0;112;0;
9225;7972278;1174523904;18563072;1297448960;0;0;0;0;0;0;0;0;0;0;0;2184;0;0;125;0;112;0;
9226;4279815;1174523904;18563072;1297448960;0;0;0;0;0;0;0;0;0;0;0;2975;0;0;125;0;112;0;
9227;2642846;1174523904;18563072;1297448960;0;0;0;0;0;0;0;0;0;0;0;2034;0;0;125;0;112;0;
9228;1708063;1174523904;18563072;1297448960;0;0;0;0;0;0;0;0;0;0;0;2044;0;0;125;0;112;0;
9229;5755271;1174523904;18563072;1297448960;0;0;0;0;0;0;0;0;0;0;0;2806;0;0;125;0;112;0;
9230;2304862;1174523904;18563072;1297448960;0;0;0;0;0;0;0;0;0;0;0;3857;0;0;125;0;112;0;
9231;5706890;1174523904;18563072;1297448960;0;0;0;0;0;0;0;0;0;0;0;1884;0;0;125;0;112;0;
9232;4393197;1174523904;18563072;1297448960;0;0;0;0;0;0;0;0;0;0;0;2905;0;0;125;0;112;0;
9233;3291191;1174523904;18563072;1297448960;0;0;0;0;0;0;0;0;0;0;0;2575;0;0;125;0;112;0;
9234;4895940;1174523904;18563072;1297448960;0;0;0;0;0;0;0;0;0;0;0;3366;0;0;125;0;112;0;
9235;2953418;1174523904;18563072;1297448960;0;0;0;0;0;0;0;0;0;0;0;2344;0;0;125;0;112;0;
9236;2700514;1174523904;18563072;1297448960;0;0;0;0;0;0;0;0;0;0;0;2364;0;0;125;0;112;0;
9237;8031159;1174523904;18563072;1297448960;0;0;0;0;0;0;0;0;0;0;0;2375;0;0;125;0;112;0;
9238;4743324;1174523904;18563072;1297448960;0;0;0;0;0;0;0;0;0;0;0;3226;0;0;125;0;112;0;
9239;3004283;1174523904;18563072;1297448960;0;0;0;0;0;0;0;0;0;0;0;2585;0;0;125;0;112;0;
9240;2396293;1174523904;18563072;1297448960;0;0;0;0;0;0;0;0;0;0;0;2244;0;0;125;0;112;0;
9241;3493470;1174523904;18563072;1297448960;0;0;0;0;0;0;0;0;0;0;0;2054;0;0;125;0;112;0;
9242;2775514;1174523904;18563072;1297448960;0;0;0;0;0;0;0;0;0;0;0;2665;0;0;125;0;112;0;
9243;6504416;1174523904;18563072;1297448960;0;0;0;0;0;0;0;0;0;0;0;2204;0;0;125;0;112;0;
9244;4185888;1174523904;18563072;1297448960;0;0;0;0;0;0;0;0;0;0;0;3286;0;0;125;0;112;0;
9245;4620073;1174523904;18563072;1297448960;0;0;0;0;0;0;0;0;0;0;0;2795;0;0;125;0;112;0;
9246;1694087;1174523904;18563072;1297448960;0;0;0;0;0;0;0;0;0;0;0;2304;0;0;125;0;112;0;
9247;4873287;1174523904;18563072;1297448960;0;0;0;0;0;0;0;0;0;0;0;2705;0;0;125;0;112;0;
9248;3920862;1174523904;18563072;1297448960;0;0;0;0;0;0;0;0;0;0;0;3376;0;0;125;0;112;0;
9249;7498580;1174523904;18563072;1297448960;0;0;0;0;0;0;0;0;0;0;0;3206;0;0;125;0;112;0;
9250;4707045;1174523904;18563072;1297448960;0;0;0;0;0;0;0;0;0;0;0;4047;0;0;125;0;112;0;
9251;3414142;1174523904;18563072;1297448960;0;0;0;0;0;0;0;0;0;0;0;2735;0;0;125;0;112;0;
9252;3034600;1174523904;18563072;1297448960;0;0;0;0;0;0;0;0;0;0;0;2264;0;0;125;0;112;0;
9253;3905002;1174523904;18563072;1297448960;0;0;0;0;0;0;0;0;0;0;0;2976;0;0;125;0;112;0;
9254;5030973;1174523904;18563072;1297448960;0;0;0;0;0;0;0;0;0;0;0;3497;0;0;125;0;112;0;
9255;9013872;1174523904;18563072;1297448960;0;0;0;0;0;0;0;0;0;0;0;3426;0;0;125;0;112;0;
9256;4852037;1174523904;18563072;1297448960;0;0;0;0;0;0;0;0;0;0;0;2775;0;0;125;0;112;0;
9257;3720115;1174523904;18563072;1297448960;0;0;0;0;0;0;0;0;0;0;0;1724;0;0;125;0;112;0;
9258;4104306;1174523904;18563072;1297448960;0;0;0;0;0;0;0;0;0;0;0;3516;0;0;125;0;112;0;
9259;5807158;1174523904;18563072;1297448960;0;0;0;0;0;0;0;0;0;0;0;2845;0;0;125;0;112;0;
9260;2950502;1174523904;18563072;1297448960;0;0;0;0;0;0;0;0;0;0;0;2605;0;0;125;0;112;0;
9261;7307001;1174523904;18563072;1297448960;0;0;0;0;0;0;0;0;0;0;0;2624;0;0;125;0;112;0;
9262;3796739;1174523904;18563072;1297448960;0;0;0;0;0;0;0;0;0;0;0;2575;0;0;125;0;112;0;
9263;3392482;1174523904;18563072;1297448960;0;0;0;0;0;0;0;0;0;0;0;2595;0;0;125;0;112;0;
9264;3332148;1174523904;18563072;1297448960;0;0;0;0;0;0;0;0;0;0;0;2856;0;0;125;0;112;0;
9265;3838177;1174523904;18563072;1297448960;0;0;0;0;0;0;0;0;0;0;0;3216;0;0;125;0;112;0;
9266;2995035;1174523904;18563072;1297448960;0;0;0;0;0;0;0;0;0;0;0;2615;0;0;125;0;112;0;
9267;9522094;1174523904;18563072;1297448960;0;0;0;0;0;0;0;0;0;0;0;2755;0;0;125;0;112;0;
9268;3443476;1174523904;18563072;1297448960;0;0;0;0;0;0;0;0;0;0;0;2785;0;0;125;0;112;0;
9269;4012534;1174523904;18563072;1297448960;0;0;0;0;0;0;0;0;0;0;0;2124;0;0;125;0;112;0;
9270;3871690;1174523904;18563072;1297448960;0;0;0;0;0;0;0;0;0;0;0;3677;0;0;125;0;112;0;
9271;3195802;1174523904;18563072;1297448960;0;0;0;0;0;0;0;0;0;0;0;2374;0;0;125;0;112;0;
9272;2215495;1174523904;18563072;1297448960;0;0;0;0;0;0;0;0;0;0;0;2144;0;0;125;0;112;0;
9273;7487549;1174523904;18563072;1297448960;0;0;0;0;0;0;0;0;0;0;0;1894;0;0;125;0;112;0;
9274;3319053;1174523904;18563072;1297448960;0;0;0;0;0;0;0;0;0;0;0;5651;0;0;125;0;112;0;
9275;3240085;1174523904;18563072;1297448960;0;0;0;0;0;0;0;0;0;0;0;1854;0;0;125;0;112;0;
9276;2858950;1174523904;18563072;1297448960;0;0;0;0;0;0;0;0;0;0;0;2765;0;0;125;0;112;0;
9277;4266019;1174523904;18563072;1297448960;0;0;0;0;0;0;0;0;0;0;0;1954;0;0;125;0;112;0;
9278;3695069;1174523904;18563072;1297448960;0;0;0;0;0;0;0;0;0;0;0;3055;0;0;125;0;112;0;
9279;7923908;1174523904;18563072;1297448960;0;0;0;0;0;0;0;0;0;0;0;2335;0;0;125;0;112;0;
9280;3913157;1174523904;18563072;1297448960;0;0;0;0;0;0;0;0;0;0;0;2585;0;0;125;0;112;0;
9281;4476394;1174523904;18563072;1297448960;0;0;0;0;0;0;0;0;0;0;0;2965;0;0;125;0;112;0;
9282;3847925;1174523904;18563072;1297448960;0;0;0;0;0;0;0;0;0;0;0;3186;0;0;125;0;112;0;
9283;4671920;1174523904;18563072;1297448960;0;0;0;0;0;0;0;0;0;0;0;2855;0;0;125;0;112;0;
9284;3811928;1174523904;18563072;1297448960;0;0;0;0;0;0;0;0;0;0;0;3125;0;0;125;0;112;0;
9285;6910537;1174523904;18563072;1297448960;0;0;0;0;0;0;0;0;0;0;0;3206;0;0;125;0;112;0;
9286;6702377;1174523904;18563072;1297448960;0;0;0;0;0;0;0;0;0;0;0;3045;0;0;125;0;112;0;
9287;4813485;1174523904;18563072;1297448960;0;0;0;0;0;0;0;0;0;0;0;2575;0;0;125;0;112;0;
9288;3581736;1174523904;18563072;1297448960;0;0;0;0;0;0;0;0;0;0;0;3387;0;0;125;0;112;0;
9289;5878693;1174523904;18563072;1297448960;0;0;0;0;0;0;0;0;0;0;0;156374;0;0;125;0;112;0;
9290;3278948;1174523904;18563072;1297448960;0;0;0;0;0;0;0;0;0;0;0;2625;0;0;125;0;112;0;
9291;6304270;1174523904;18563072;1297448960;0;0;0;0;0;0;0;0;0;0;0;2315;0;0;125;0;112;0;
9292;3884964;1174523904;18563072;1297448960;0;0;0;0;0;0;0;0;0;0;0;3566;0;0;125;0;112;0;
9293;4633728;1174523904;18563072;1297448960;0;0;0;0;0;0;0;0;0;0;0;3046;0;0;125;0;112;0;
9294;3212534;1174523904;18563072;1297448960;0;0;0;0;0;0;0;0;0;0;0;3045;0;0;125;0;112;0;
9295;4879730;1174523904;18563072;1297448960;0;0;0;0;0;0;0;0;0;0;0;3086;0;0;125;0;112;0;
9296;2724168;1174523904;18563072;1297448960;0;0;0;0;0;0;0;0;0;0;0;2735;0;0;125;0;112;0;
9297;5475347;1174523904;18563072;1297448960;0;0;0;0;0;0;0;0;0;0;0;1703;0;0;125;0;112;0;
9298;4423955;1174523904;18563072;1297448960;0;0;0;0;0;0;0;0;0;0;0;2635;0;0;125;0;112;0;
9299;4130545;1174523904;18563072;1297448960;0;0;0;0;0;0;0;0;0;0;0;2605;0;0;125;0;112;0;
9300;3586365;1174523904;18563072;1297448960;0;0;0;0;0;0;0;0;0;0;0;2735;0;0;125;0;112;0;
9301;3718373;1174523904;18563072;1297448960;0;0;0;0;0;0;0;0;0;0;0;2104;0;0;125;0;112;0;
9302;3189321;1174523904;18563072;1297448960;0;0;0;0;0;0;0;0;0;0;0;2414;0;0;125;0;112;0;
9303;7373115;1174523904;18563072;1297448960;0;0;0;0;0;0;0;0;0;0;0;2525;0;0;125;0;112;0;
9304;4078116;1174523904;18563072;1297448960;0;0;0;0;0;0;0;0;0;0;0;2876;0;0;125;0;112;0;
9305;4374262;1174523904;18563072;1297448960;0;0;0;0;0;0;0;0;0;0;0;2244;0;0;125;0;112;0;
9306;2394289;1174523904;18563072;1297448960;0;0;0;0;0;0;0;0;0;0;0;2635;0;0;125;0;112;0;
9307;4026260;1174523904;18563072;1297448960;0;0;0;0;0;0;0;0;0;0;0;2084;0;0;125;0;112;0;
9308;2589976;1174523904;18563072;1297448960;0;0;0;0;0;0;0;0;0;0;0;2735;0;0;125;0;112;0;
9309;6720541;1174523904;18563072;1297448960;0;0;0;0;0;0;0;0;0;0;0;1493;0;0;125;0;112;0;
9310;3338260;1174523904;18563072;1297448960;0;0;0;0;0;0;0;0;0;0;0;2425;0;0;125;0;112;0;
9311;5015043;1174523904;18563072;1297448960;0;0;0;0;0;0;0;0;0;0;0;2004;0;0;125;0;112;0;
9312;3449167;1174523904;18563072;1297448960;0;0;0;0;0;0;0;0;0;0;0;3046;0;0;125;0;112;0;
9313;4237916;1174523904;18563072;1297448960;0;0;0;0;0;0;0;0;0;0;0;3046;0;0;125;0;112;0;
9314;2219261;1174523904;18563072;1297448960;0;0;0;0;0;0;0;0;0;0;0;2405;0;0;125;0;112;0;
9315;8377588;1174523904;18563072;1297448960;0;0;0;0;0;0;0;0;0;0;0;2274;0;0;125;0;112;0;
9316;3349060;1174523904;18563072;1297448960;0;0;0;0;0;0;0;0;0;0;0;3546;0;0;125;0;112;0;
9317;4554289;1174523904;18563072;1297448960;0;0;0;0;0;0;0;0;0;0;0;3717;0;0;125;0;112;0;
9318;4347802;1174523904;18563072;1297448960;0;0;0;0;0;0;0;0;0;0;0;2765;0;0;125;0;112;0;
9319;4562475;1174523904;18563072;1297448960;0;0;0;0;0;0;0;0;0;0;0;2575;0;0;125;0;112;0;
9320;2696897;1174523904;18563072;1297448960;0;0;0;0;0;0;0;0;0;0;0;1944;0;0;125;0;112;0;
9321;7299998;1174523904;18563072;1297448960;0;0;0;0;0;0;0;0;0;0;0;2625;0;0;125;0;112;0;
9322;4965841;1174523904;18563072;1297448960;0;0;0;0;0;0;0;0;0;0;0;2525;0;0;125;0;112;0;
9323;4537638;1174523904;18563072;1297448960;0;0;0;0;0;0;0;0;0;0;0;2114;0;0;125;0;112;0;
9324;3434540;1174523904;18563072;1297448960;0;0;0;0;0;0;0;0;0;0;0;3065;0;0;125;0;112;0;
9325;3648070;1174523904;18563072;1297448960;0;0;0;0;0;0;0;0;0;0;0;2905;0;0;125;0;112;0;
9326;3369758;1174523904;18563072;1297448960;0;0;0;0;0;0;0;0;0;0;0;2935;0;0;125;0;112;0;
9327;6504195;1174523904;18563072;1297448960;0;0;0;0;0;0;0;0;0;0;0;1874;0;0;125;0;112;0;
9328;4475051;1174523904;18563072;1297448960;0;0;0;0;0;0;0;0;0;0;0;3226;0;0;125;0;112;0;
9329;4119695;1174523904;18563072;1297448960;0;0;0;0;0;0;0;0;0;0;0;2445;0;0;125;0;112;0;
9330;2975770;1174523904;18563072;1297448960;0;0;0;0;0;0;0;0;0;0;0;2745;0;0;125;0;112;0;
9331;4093746;1174523904;18563072;1297448960;0;0;0;0;0;0;0;0;0;0;0;2304;0;0;125;0;112;0;
9332;4645951;1174523904;18563072;1297448960;0;0;0;0;0;0;0;0;0;0;0;3556;0;0;125;0;112;0;
9333;7651577;1174523904;18563072;1297448960;0;0;0;0;0;0;0;0;0;0;0;2836;0;0;125;0;112;0;
9334;4098365;1174523904;18563072;1297448960;0;0;0;0;0;0;0;0;0;0;0;2855;0;0;125;0;112;0;
9335;3736466;1174523904;18563072;1297448960;0;0;0;0;0;0;0;0;0;0;0;1903;0;0;125;0;112;0;
9336;3752446;1174523904;18563072;1297448960;0;0;0;0;0;0;0;0;0;0;0;3546;0;0;125;0;112;0;
9337;3753649;1174523904;18563072;1297448960;0;0;0;0;0;0;0;0;0;0;0;10359;0;0;125;0;112;0;
9338;3770691;1174523904;18563072;1297448960;0;0;0;0;0;0;0;0;0;0;0;2354;0;0;125;0;112;0;
9339;8941676;1174523904;18563072;1297448960;0;0;0;0;0;0;0;0;0;0;0;2605;0;0;125;0;112;0;
9340;4754395;1174523904;18563072;1297448960;0;0;0;0;0;0;0;0;0;0;0;3557;0;0;125;0;112;0;
9341;3536350;1174523904;18563072;1297448960;0;0;0;0;0;0;0;0;0;0;0;2334;0;0;125;0;112;0;
9342;3737128;1174523904;18563072;1297448960;0;0;0;0;0;0;0;0;0;0;0;3136;0;0;125;0;112;0;
9343;3985964;1174523904;18563072;1297448960;0;0;0;0;0;0;0;0;0;0;0;2726;0;0;125;0;112;0;
9344;5507366;1174523904;18563072;1297448960;0;0;0;0;0;0;0;0;0;0;0;4288;0;0;125;0;112;0;
9345;8572564;1174523904;18563072;1297448960;0;0;0;0;0;0;0;0;0;0;0;4308;0;0;125;0;112;0;
9346;6580328;1174523904;18563072;1297448960;0;0;0;0;0;0;0;0;0;0;0;3717;0;0;125;0;112;0;
9347;2980278;1174523904;18563072;1297448960;0;0;0;0;0;0;0;0;0;0;0;2124;0;0;125;0;112;0;
9348;1858004;1174523904;18563072;1297448960;0;0;0;0;0;0;0;0;0;0;0;1744;0;0;125;0;112;0;
9349;2756308;1174523904;18563072;1297448960;0;0;0;0;0;0;0;0;0;0;0;5791;0;0;125;0;112;0;
9350;2938189;1174523904;18563072;1297448960;0;0;0;0;0;0;0;0;0;0;0;2675;0;0;125;0;112;0;
9351;7883943;1174523904;18563072;1297448960;0;0;0;0;0;0;0;0;0;0;0;2405;0;0;125;0;112;0;
9352;5322449;1174523904;18563072;1297448960;0;0;0;0;0;0;0;0;0;0;0;3737;0;0;125;0;112;0;
9353;5081108;1174523904;18563072;1297448960;0;0;0;0;0;0;0;0;0;0;0;3005;0;0;125;0;112;0;
9354;3952261;1174523904;18563072;1297448960;0;0;0;0;0;0;0;0;0;0;0;3417;0;0;125;0;112;0;
9355;2576671;1174523904;18563072;1297448960;0;0;0;0;0;0;0;0;0;0;0;1994;0;0;125;0;112;0;
9356;1951569;1174523904;18563072;1297448960;0;0;0;0;0;0;0;0;0;0;0;2204;0;0;125;0;112;0;
9357;6970881;1174523904;18563072;1297448960;0;0;0;0;0;0;0;0;0;0;0;2164;0;0;125;0;112;0;
9358;6666951;1174523904;18563072;1297448960;0;0;0;0;0;0;0;0;0;0;0;4108;0;0;125;0;112;0;
9359;3915452;1174523904;18563072;1297448960;0;0;0;0;0;0;0;0;0;0;0;3296;0;0;125;0;112;0;
9360;3831655;1174523904;18563072;1297448960;0;0;0;0;0;0;0;0;0;0;0;2815;0;0;125;0;112;0;
9361;4348563;1174523904;18563072;1297448960;0;0;0;0;0;0;0;0;0;0;0;2845;0;0;125;0;112;0;
9362;2966733;1174523904;18563072;1297448960;0;0;0;0;0;0;0;0;0;0;0;2063;0;0;125;0;112;0;
9363;8396113;1174523904;18563072;1297448960;0;0;0;0;0;0;0;0;0;0;0;1944;0;0;125;0;112;0;
9364;5442765;1174523904;18563072;1297448960;0;0;0;0;0;0;0;0;0;0;0;3326;0;0;125;0;112;0;
9365;4399630;1174523904;18563072;1297448960;0;0;0;0;0;0;0;0;0;0;0;2785;0;0;125;0;112;0;
9366;3174753;1174523904;18563072;1297448960;0;0;0;0;0;0;0;0;0;0;0;2595;0;0;125;0;112;0;
9367;2436309;1174523904;18563072;1297448960;0;0;0;0;0;0;0;0;0;0;0;1964;0;0;125;0;112;0;
9368;2177994;1174523904;18563072;1297448960;0;0;0;0;0;0;0;0;0;0;0;1833;0;0;125;0;112;0;
9369;8026220;1174523904;18563072;1297448960;0;0;0;0;0;0;0;0;0;0;0;3176;0;0;125;0;112;0;
9370;6170670;1174523904;18563072;1297448960;0;0;0;0;0;0;0;0;0;0;0;2916;0;0;125;0;112;0;
9371;3738961;1174523904;18563072;1297448960;0;0;0;0;0;0;0;0;0;0;0;3016;0;0;125;0;112;0;
9372;3902808;1174523904;18563072;1297448960;0;0;0;0;0;0;0;0;0;0;0;2795;0;0;125;0;112;0;
9373;2814808;1174523904;18563072;1297448960;0;0;0;0;0;0;0;0;0;0;0;1793;0;0;125;0;112;0;
9374;3492167;1174523904;18563072;1297448960;0;0;0;0;0;0;0;0;0;0;0;3596;0;0;125;0;112;0;
9375;7255805;1174523904;18563072;1297448960;0;0;0;0;0;0;0;0;0;0;0;3726;0;0;125;0;112;0;
9376;5333911;1174523904;18563072;1297448960;0;0;0;0;0;0;0;0;0;0;0;2625;0;0;125;0;112;0;
9377;5095625;1174523904;18563072;1297448960;0;0;0;0;0;0;0;0;0;0;0;2635;0;0;125;0;112;0;
9378;2731071;1174523904;18563072;1297448960;0;0;0;0;0;0;0;0;0;0;0;2745;0;0;125;0;112;0;
9379;2374953;1174523904;18563072;1297448960;0;0;0;0;0;0;0;0;0;0;0;1493;0;0;125;0;112;0;
9380;3340183;1174523904;18563072;1297448960;0;0;0;0;0;0;0;0;0;0;0;2454;0;0;125;0;112;0;
9381;8873048;1174523904;18563072;1297448960;0;0;0;0;0;0;0;0;0;0;0;2866;0;0;125;0;112;0;
9382;6175850;1174523904;18563072;1297448960;0;0;0;0;0;0;0;0;0;0;0;2935;0;0;125;0;112;0;
9383;6275778;1174523904;18563072;1297448960;0;0;0;0;0;0;0;0;0;0;0;2274;0;0;125;0;112;0;
9384;2501641;1174523904;18563072;1297448960;0;0;0;0;0;0;0;0;0;0;0;3317;0;0;125;0;112;0;
9385;4421881;1174523904;18563072;1297448960;0;0;0;0;0;0;0;0;0;0;0;1503;0;0;125;0;112;0;
9386;2213240;1174523904;18563072;1297448960;0;0;0;0;0;0;0;0;0;0;0;1893;0;0;125;0;112;0;
9387;8479389;1174523904;18563072;1297448960;0;0;0;0;0;0;0;0;0;0;0;2685;0;0;125;0;112;0;
9388;5406057;1174523904;18563072;1297448960;0;0;0;0;0;0;0;0;0;0;0;3978;0;0;125;0;112;0;
9389;5078402;1174523904;18563072;1297448960;0;0;0;0;0;0;0;0;0;0;0;3256;0;0;125;0;112;0;
9390;3339833;1174523904;18563072;1297448960;0;0;0;0;0;0;0;0;0;0;0;2614;0;0;125;0;112;0;
9391;4004318;1174523904;18563072;1297448960;0;0;0;0;0;0;0;0;0;0;0;2004;0;0;125;0;112;0;
9392;3515882;1174523904;18563072;1297448960;0;0;0;0;0;0;0;0;0;0;0;2725;0;0;125;0;112;0;
9393;7414793;1174523904;18563072;1297448960;0;0;0;0;0;0;0;0;0;0;0;2555;0;0;125;0;112;0;
9394;5021144;1174523904;18563072;1297448960;0;0;0;0;0;0;0;0;0;0;0;3025;0;0;125;0;112;0;
9395;4010529;1174523904;18563072;1297448960;0;0;0;0;0;0;0;0;0;0;0;2464;0;0;125;0;112;0;
9396;3852193;1174523904;18563072;1297448960;0;0;0;0;0;0;0;0;0;0;0;2975;0;0;125;0;112;0;
9397;5740954;1174523904;18563072;1297448960;0;0;0;0;0;0;0;0;0;0;0;3467;0;0;125;0;112;0;
9398;3475396;1174523904;18563072;1297448960;0;0;0;0;0;0;0;0;0;0;0;2244;0;0;125;0;112;0;
9399;7960907;1174523904;18563072;1297448960;0;0;0;0;0;0;0;0;0;0;0;1794;0;0;125;0;112;0;
9400;5532574;1174523904;18563072;1297448960;0;0;0;0;0;0;0;0;0;0;0;3386;0;0;125;0;112;0;
9401;4605185;1174523904;18563072;1297448960;0;0;0;0;0;0;0;0;0;0;0;2715;0;0;125;0;112;0;
9402;3874465;1174523904;18563072;1297448960;0;0;0;0;0;0;0;0;0;0;0;3066;0;0;125;0;112;0;
9403;4112301;1174523904;18563072;1297448960;0;0;0;0;0;0;0;0;0;0;0;1804;0;0;125;0;112;0;
9404;2594494;1174523904;18563072;1297448960;0;0;0;0;0;0;0;0;0;0;0;2946;0;0;125;0;112;0;
9405;5170215;1174523904;18563072;1297448960;0;0;0;0;0;0;0;0;0;0;0;2124;0;0;125;0;112;0;
9406;3967529;1174523904;18563072;1297448960;0;0;0;0;0;0;0;0;0;0;0;3286;0;0;125;0;112;0;
9407;4404759;1174523904;18563072;1297448960;0;0;0;0;0;0;0;0;0;0;0;2815;0;0;125;0;112;0;
9408;3909270;1174523904;18563072;1297448960;0;0;0;0;0;0;0;0;0;0;0;2796;0;0;125;0;112;0;
9409;8048792;1174523904;18563072;1297448960;0;0;0;0;0;0;0;0;0;0;0;2865;0;0;125;0;112;0;
9410;3445281;1174523904;18563072;1297448960;0;0;0;0;0;0;0;0;0;0;0;3226;0;0;125;0;112;0;
9411;7865758;1174523904;18563072;1297448960;0;0;0;0;0;0;0;0;0;0;0;2554;0;0;125;0;112;0;
9412;4694002;1174523904;18563072;1297448960;0;0;0;0;0;0;0;0;0;0;0;3105;0;0;125;0;112;0;
9413;4082755;1174523904;18563072;1297448960;0;0;0;0;0;0;0;0;0;0;0;5180;0;0;125;0;112;0;
9414;3882239;1174523904;18563072;1297448960;0;0;0;0;0;0;0;0;0;0;0;2404;0;0;125;0;112;0;
9415;4333145;1174523904;18563072;1297448960;0;0;0;0;0;0;0;0;0;0;0;2915;0;0;125;0;112;0;
9416;3197726;1174523904;18563072;1297448960;0;0;0;0;0;0;0;0;0;0;0;2455;0;0;125;0;112;0;
9417;6924374;1174523904;18563072;1297448960;0;0;0;0;0;0;0;0;0;0;0;1933;0;0;125;0;112;0;
9418;4539442;1174523904;18563072;1297448960;0;0;0;0;0;0;0;0;0;0;0;3356;0;0;125;0;112;0;
9419;2671981;1174523904;18563072;1297448960;0;0;0;0;0;0;0;0;0;0;0;1583;0;0;125;0;112;0;
9420;2023344;1174523904;18563072;1297448960;0;0;0;0;0;0;0;0;0;0;0;1312;0;0;125;0;112;0;
9421;2178885;1174523904;18563072;1297448960;0;0;0;0;0;0;0;0;0;0;0;1253;0;0;125;0;112;0;
9422;2142558;1174523904;18563072;1297448960;0;0;0;0;0;0;0;0;0;0;0;1513;0;0;125;0;112;0;
9423;7137684;1174523904;18563072;1297448960;0;0;0;0;0;0;0;0;0;0;0;3156;0;0;125;0;112;0;
9424;3831875;1174523904;18563072;1297448960;0;0;0;0;0;0;0;0;0;0;0;3627;0;0;125;0;112;0;
9425;3743199;1174523904;18563072;1297448960;0;0;0;0;0;0;0;0;0;0;0;2224;0;0;125;0;112;0;
9426;3063625;1174523904;18563072;1297448960;0;0;0;0;0;0;0;0;0;0;0;2856;0;0;125;0;112;0;
9427;4426410;1174523904;18563072;1297448960;0;0;0;0;0;0;0;0;0;0;0;179797;0;0;125;0;112;0;
9428;2820098;1174523904;18563072;1297448960;0;0;0;0;0;0;0;0;0;0;0;2916;0;0;125;0;112;0;
9429;6835346;1174523904;18563072;1297448960;0;0;0;0;0;0;0;0;0;0;0;3457;0;0;125;0;112;0;
9430;3769387;1174523904;18563072;1297448960;0;0;0;0;0;0;0;0;0;0;0;2825;0;0;125;0;112;0;
9431;6185147;1174523904;18563072;1297448960;0;0;0;0;0;0;0;0;0;0;0;3166;0;0;125;0;112;0;
9432;2626274;1174523904;18563072;1297448960;0;0;0;0;0;0;0;0;0;0;0;2295;0;0;125;0;112;0;
9433;4778741;1174523904;18563072;1297448960;0;0;0;0;0;0;0;0;0;0;0;2334;0;0;125;0;112;0;
9434;4896251;1174523904;18563072;1297448960;0;0;0;0;0;0;0;0;0;0;0;2455;0;0;125;0;112;0;
9435;7940078;1174523904;18563072;1297448960;0;0;0;0;0;0;0;0;0;0;0;3216;0;0;125;0;112;0;
9436;6201117;1174523904;18563072;1297448960;0;0;0;0;0;0;0;0;0;0;0;5761;0;0;125;0;112;0;
9437;6254988;1174523904;18563072;1297448960;0;0;0;0;0;0;0;0;0;0;0;3066;0;0;125;0;112;0;
9438;3499041;1174523904;18563072;1297448960;0;0;0;0;0;0;0;0;0;0;0;3176;0;0;125;0;112;0;
9439;6235972;1174523904;18563072;1297448960;0;0;0;0;0;0;0;0;0;0;0;2705;0;0;125;0;112;0;
9440;4879620;1174523904;18563072;1297448960;0;0;0;0;0;0;0;0;0;0;0;3066;0;0;125;0;112;0;
9441;6790583;1174523904;18563072;1297448960;0;0;0;0;0;0;0;0;0;0;0;2835;0;0;125;0;112;0;
9442;3807529;1174523904;18563072;1297448960;0;0;0;0;0;0;0;0;0;0;0;3116;0;0;125;0;112;0;
9443;5375680;1174523904;18563072;1297448960;0;0;0;0;0;0;0;0;0;0;0;3747;0;0;125;0;112;0;
9444;5336416;1174523904;18563072;1297448960;0;0;0;0;0;0;0;0;0;0;0;2895;0;0;125;0;112;0;
9445;4171672;1174523904;18563072;1297448960;0;0;0;0;0;0;0;0;0;0;0;2535;0;0;125;0;112;0;
9446;4289312;1174523904;18563072;1297448960;0;0;0;0;0;0;0;0;0;0;0;3306;0;0;125;0;112;0;
9447;8638999;1174523904;18563072;1297448960;0;0;0;0;0;0;0;0;0;0;0;3607;0;0;125;0;112;0;
9448;4660479;1174523904;18563072;1297448960;0;0;0;0;0;0;0;0;0;0;0;2675;0;0;125;0;112;0;
9449;6072316;1174523904;18563072;1297448960;0;0;0;0;0;0;0;0;0;0;0;2815;0;0;125;0;112;0;
9450;3817437;1174523904;18563072;1297448960;0;0;0;0;0;0;0;0;0;0;0;3096;0;0;125;0;112;0;
9451;4193934;1174523904;18563072;1297448960;0;0;0;0;0;0;0;0;0;0;0;2736;0;0;125;0;112;0;
9452;5059246;1174523904;18563072;1297448960;0;0;0;0;0;0;0;0;0;0;0;2745;0;0;125;0;112;0;
9453;6909275;1174523904;18563072;1297448960;0;0;0;0;0;0;0;0;0;0;0;2895;0;0;125;0;112;0;
9454;4565220;1174523904;18563072;1297448960;0;0;0;0;0;0;0;0;0;0;0;3397;0;0;125;0;112;0;
9455;5758627;1174523904;18563072;1297448960;0;0;0;0;0;0;0;0;0;0;0;3106;0;0;125;0;112;0;
9456;3407439;1174523904;18563072;1297448960;0;0;0;0;0;0;0;0;0;0;0;2786;0;0;125;0;112;0;
9457;3306500;1174523904;18563072;1297448960;0;0;0;0;0;0;0;0;0;0;0;1883;0;0;125;0;112;0;
9458;2643346;1174523904;18563072;1297448960;0;0;0;0;0;0;0;0;0;0;0;1984;0;0;125;0;112;0;
9459;8706225;1174523904;18563072;1297448960;0;0;0;0;0;0;0;0;0;0;0;2425;0;0;125;0;112;0;
9460;5475477;1174523904;18563072;1297448960;0;0;0;0;0;0;0;0;0;0;0;2936;0;0;125;0;112;0;
9461;3027567;1174523904;18563072;1297448960;0;0;0;0;0;0;0;0;0;0;0;1764;0;0;125;0;112;0;
9462;4461024;1174523904;18563072;1297448960;0;0;0;0;0;0;0;0;0;0;0;2625;0;0;125;0;112;0;
9463;4895489;1174523904;18563072;1297448960;0;0;0;0;0;0;0;0;0;0;0;2384;0;0;125;0;112;0;
9464;2319810;1174523904;18563072;1297448960;0;0;0;0;0;0;0;0;0;0;0;2044;0;0;125;0;112;0;
9465;7043717;1174523904;18563072;1297448960;0;0;0;0;0;0;0;0;0;0;0;1733;0;0;125;0;112;0;
9466;4532639;1174523904;18563072;1297448960;0;0;0;0;0;0;0;0;0;0;0;2875;0;0;125;0;112;0;
9467;4568246;1174523904;18563072;1297448960;0;0;0;0;0;0;0;0;0;0;0;2155;0;0;125;0;112;0;
9468;4029395;1174523904;18563072;1297448960;0;0;0;0;0;0;0;0;0;0;0;2364;0;0;125;0;112;0;
9469;5645165;1174523904;18563072;1297448960;0;0;0;0;0;0;0;0;0;0;0;2665;0;0;125;0;112;0;
9470;5200221;1174523904;18563072;1297448960;0;0;0;0;0;0;0;0;0;0;0;2795;0;0;125;0;112;0;
9471;7639485;1174523904;18563072;1297448960;0;0;0;0;0;0;0;0;0;0;0;1794;0;0;125;0;112;0;
9472;6788248;1174523904;18563072;1297448960;0;0;0;0;0;0;0;0;0;0;0;2945;0;0;125;0;112;0;
9473;4133420;1174523904;18563072;1297448960;0;0;0;0;0;0;0;0;0;0;0;1994;0;0;125;0;112;0;
9474;3278267;1174523904;18563072;1297448960;0;0;0;0;0;0;0;0;0;0;0;2154;0;0;125;0;112;0;
9475;6925646;1174523904;18563072;1297448960;0;0;0;0;0;0;0;0;0;0;0;2775;0;0;125;0;112;0;
9476;4501230;1174523904;18563072;1297448960;0;0;0;0;0;0;0;0;0;0;0;2905;0;0;125;0;112;0;
9477;10165210;1174523904;18563072;1297448960;0;0;0;0;0;0;0;0;0;0;0;2755;0;0;125;0;112;0;
9478;5781601;1174523904;18563072;1297448960;0;0;0;0;0;0;0;0;0;0;0;3336;0;0;125;0;112;0;
9479;7529508;1174523904;18563072;1297448960;0;0;0;0;0;0;0;0;0;0;0;3006;0;0;125;0;112;0;
9480;4772328;1174523904;18563072;1297448960;0;0;0;0;0;0;0;0;0;0;0;3306;0;0;125;0;112;0;
9481;2807585;1174523904;18563072;1297448960;0;0;0;0;0;0;0;0;0;0;0;1933;0;0;125;0;112;0;
9482;3039569;1174523904;18563072;1297448960;0;0;0;0;0;0;0;0;0;0;0;1814;0;0;125;0;112;0;
9483;8108814;1174523904;18563072;1297448960;0;0;0;0;0;0;0;0;0;0;0;1953;0;0;125;0;112;0;
9484;5092850;1174523904;18563072;1297448960;0;0;0;0;0;0;0;0;0;0;0;2565;0;0;125;0;112;0;
9485;4643347;1174523904;18563072;1297448960;0;0;0;0;0;0;0;0;0;0;0;2555;0;0;125;0;112;0;
9486;6073639;1174523904;18563072;1297448960;0;0;0;0;0;0;0;0;0;0;0;2795;0;0;125;0;112;0;
9487;4762880;1174523904;18563072;1297448960;0;0;0;0;0;0;0;0;0;0;0;2505;0;0;125;0;112;0;
9488;3763677;1174523904;18563072;1297448960;0;0;0;0;0;0;0;0;0;0;0;2174;0;0;125;0;112;0;
9489;8515276;1174523904;18563072;1297448960;0;0;0;0;0;0;0;0;0;0;0;2534;0;0;125;0;112;0;
9490;6257794;1174523904;18563072;1297448960;0;0;0;0;0;0;0;0;0;0;0;4108;0;0;125;0;112;0;
9491;5971506;1174523904;18563072;1297448960;0;0;0;0;0;0;0;0;0;0;0;2535;0;0;125;0;112;0;
9492;4433664;1174523904;18563072;1297448960;0;0;0;0;0;0;0;0;0;0;0;3105;0;0;125;0;112;0;
9493;6531587;1174523904;18563072;1297448960;0;0;0;0;0;0;0;0;0;0;0;2073;0;0;125;0;112;0;
9494;4621536;1174523904;18563072;1297448960;0;0;0;0;0;0;0;0;0;0;0;3487;0;0;125;0;112;0;
9495;9017157;1174523904;18563072;1297448960;0;0;0;0;0;0;0;0;0;0;0;2685;0;0;125;0;112;0;
9496;6942939;1174523904;18563072;1297448960;0;0;0;0;0;0;0;0;0;0;0;2975;0;0;125;0;112;0;
9497;5267738;1174523904;18563072;1297448960;0;0;0;0;0;0;0;0;0;0;0;2665;0;0;125;0;112;0;
9498;4590417;1174523904;18563072;1297448960;0;0;0;0;0;0;0;0;0;0;0;3196;0;0;125;0;112;0;
9499;4557846;1174523904;18563072;1297448960;0;0;0;0;0;0;0;0;0;0;0;2755;0;0;125;0;112;0;
9500;4837020;1174523904;18563072;1297448960;0;0;0;0;0;0;0;0;0;0;0;2665;0;0;125;0;112;0;
9501;7879104;1174523904;18563072;1297448960;0;0;0;0;0;0;0;0;0;0;0;2645;0;0;125;0;112;0;
9502;5842134;1174523904;18563072;1297448960;0;0;0;0;0;0;0;0;0;0;0;9127;0;0;125;0;112;0;
9503;5107246;1174523904;18563072;1297448960;0;0;0;0;0;0;0;0;0;0;0;3376;0;0;125;0;112;0;
9504;4039595;1174523904;18563072;1297448960;0;0;0;0;0;0;0;0;0;0;0;3026;0;0;125;0;112;0;
9505;5438547;1174523904;18563072;1297448960;0;0;0;0;0;0;0;0;0;0;0;2795;0;0;125;0;112;0;
9506;3980684;1174523904;18563072;1297448960;0;0;0;0;0;0;0;0;0;0;0;3236;0;0;125;0;112;0;
9507;7203297;1174523904;18563072;1297448960;0;0;0;0;0;0;0;0;0;0;0;2635;0;0;125;0;112;0;
9508;6134232;1174523904;18563072;1297448960;0;0;0;0;0;0;0;0;0;0;0;2535;0;0;125;0;112;0;
9509;3913257;1174523904;18563072;1297448960;0;0;0;0;0;0;0;0;0;0;0;2735;0;0;125;0;112;0;
9510;3579262;1174523904;18563072;1297448960;0;0;0;0;0;0;0;0;0;0;0;2414;0;0;125;0;112;0;
9511;2967564;1174523904;18563072;1297448960;0;0;0;0;0;0;0;0;0;0;0;1724;0;0;125;0;112;0;
9512;3543745;1174523904;18563072;1297448960;0;0;0;0;0;0;0;0;0;0;0;3446;0;0;125;0;112;0;
9513;7621140;1174523904;18563072;1297448960;0;0;0;0;0;0;0;0;0;0;0;2354;0;0;125;0;112;0;
9514;5180363;1174523904;18563072;1297448960;0;0;0;0;0;0;0;0;0;0;0;2896;0;0;125;0;112;0;
9515;5366302;1174523904;18563072;1297448960;0;0;0;0;0;0;0;0;0;0;0;3136;0;0;125;0;112;0;
9516;3898029;1174523904;18563072;1297448960;0;0;0;0;0;0;0;0;0;0;0;3186;0;0;125;0;112;0;
9517;3223144;1174523904;18563072;1297448960;0;0;0;0;0;0;0;0;0;0;0;1734;0;0;125;0;112;0;
9518;3199750;1174523904;18563072;1297448960;0;0;0;0;0;0;0;0;0;0;0;2364;0;0;125;0;112;0;
9519;9580464;1174523904;18563072;1297448960;0;0;0;0;0;0;0;0;0;0;0;2575;0;0;125;0;112;0;
9520;5417198;1174523904;18563072;1297448960;0;0;0;0;0;0;0;0;0;0;0;3526;0;0;125;0;112;0;
9521;2820288;1174523904;18563072;1297448960;0;0;0;0;0;0;0;0;0;0;0;2324;0;0;125;0;112;0;
9522;1814983;1174523904;18563072;1297448960;0;0;0;0;0;0;0;0;0;0;0;1282;0;0;125;0;112;0;
9523;2109235;1174523904;18563072;1297448960;0;0;0;0;0;0;0;0;0;0;0;1543;0;0;125;0;112;0;
9524;3101535;1174523904;18563072;1297448960;0;0;0;0;0;0;0;0;0;0;0;2144;0;0;125;0;112;0;
9525;9882240;1174523904;18563072;1297448960;0;0;0;0;0;0;0;0;0;0;0;2445;0;0;125;0;112;0;
9526;4941646;1174523904;18563072;1297448960;0;0;0;0;0;0;0;0;0;0;0;3126;0;0;125;0;112;0;
9527;2370235;1174523904;18563072;1297448960;0;0;0;0;0;0;0;0;0;0;0;1673;0;0;125;0;112;0;
9528;1725666;1174523904;18563072;1297448960;0;0;0;0;0;0;0;0;0;0;0;1563;0;0;125;0;112;0;
9529;1849127;1174523904;18563072;1297448960;0;0;0;0;0;0;0;0;0;0;0;1713;0;0;125;0;112;0;
9530;2887694;1174523904;18563072;1297448960;0;0;0;0;0;0;0;0;0;0;0;2415;0;0;125;0;112;0;
9531;9189931;1174523904;18563072;1297448960;0;0;0;0;0;0;0;0;0;0;0;2535;0;0;125;0;112;0;
9532;5234195;1174523904;18563072;1297448960;0;0;0;0;0;0;0;0;0;0;0;3086;0;0;125;0;112;0;
9533;4616477;1174523904;18563072;1297448960;0;0;0;0;0;0;0;0;0;0;0;2084;0;0;125;0;112;0;
9534;3527033;1174523904;18563072;1297448960;0;0;0;0;0;0;0;0;0;0;0;3016;0;0;125;0;112;0;
9535;4916810;1174523904;18563072;1297448960;0;0;0;0;0;0;0;0;0;0;0;2234;0;0;125;0;112;0;
9536;3882981;1174523904;18563072;1297448960;0;0;0;0;0;0;0;0;0;0;0;2254;0;0;125;0;112;0;
9537;8716564;1174523904;18563072;1297448960;0;0;0;0;0;0;0;0;0;0;0;2164;0;0;125;0;112;0;
9538;4323998;1174523904;18563072;1297448960;0;0;0;0;0;0;0;0;0;0;0;4098;0;0;125;0;112;0;
9539;3068984;1174523904;18563072;1297448960;0;0;0;0;0;0;0;0;0;0;0;1653;0;0;125;0;112;0;
9540;3402119;1174523904;18563072;1297448960;0;0;0;0;0;0;0;0;0;0;0;2344;0;0;125;0;112;0;
9541;5348309;1174523904;18563072;1297448960;0;0;0;0;0;0;0;0;0;0;0;1994;0;0;125;0;112;0;
9542;3968682;1174523904;18563072;1297448960;0;0;0;0;0;0;0;0;0;0;0;2345;0;0;125;0;112;0;
9543;7560717;1174523904;18563072;1297448960;0;0;0;0;0;0;0;0;0;0;0;2274;0;0;125;0;112;0;
9544;3893881;1174523904;18563072;1297448960;0;0;0;0;0;0;0;0;0;0;0;3206;0;0;125;0;112;0;
9545;5261626;1174523904;18563072;1297448960;0;0;0;0;0;0;0;0;0;0;0;2335;0;0;125;0;112;0;
9546;2979967;1174523904;18563072;1297448960;0;0;0;0;0;0;0;0;0;0;0;2174;0;0;125;0;112;0;
9547;4452730;1174523904;18563072;1297448960;0;0;0;0;0;0;0;0;0;0;0;1914;0;0;125;0;112;0;
9548;3945939;1174523904;18563072;1297448960;0;0;0;0;0;0;0;0;0;0;0;2485;0;0;125;0;112;0;
9549;7046472;1174523904;18563072;1297448960;0;0;0;0;0;0;0;0;0;0;0;2575;0;0;125;0;112;0;
9550;5492458;1174523904;18563072;1297448960;0;0;0;0;0;0;0;0;0;0;0;2655;0;0;125;0;112;0;
9551;4345768;1174523904;18563072;1297448960;0;0;0;0;0;0;0;0;0;0;0;2204;0;0;125;0;112;0;
9552;3693265;1174523904;18563072;1297448960;0;0;0;0;0;0;0;0;0;0;0;3146;0;0;125;0;112;0;
9553;2766698;1174523904;18563072;1297448960;0;0;0;0;0;0;0;0;0;0;0;1573;0;0;125;0;112;0;
9554;2553357;1174523904;18563072;1297448960;0;0;0;0;0;0;0;0;0;0;0;1793;0;0;125;0;112;0;
9555;6200366;1174523904;18563072;1297448960;0;0;0;0;0;0;0;0;0;0;0;1914;0;0;125;0;112;0;
9556;3473353;1174523904;18563072;1297448960;0;0;0;0;0;0;0;0;0;0;0;2435;0;0;125;0;112;0;
9557;4459010;1174523904;18563072;1297448960;0;0;0;0;0;0;0;0;0;0;0;2054;0;0;125;0;112;0;
9558;2169758;1174523904;18563072;1297448960;0;0;0;0;0;0;0;0;0;0;0;1964;0;0;125;0;112;0;
9559;3326026;1174523904;18563072;1297448960;0;0;0;0;0;0;0;0;0;0;0;1704;0;0;125;0;112;0;
9560;3031614;1174523904;18563072;1297448960;0;0;0;0;0;0;0;0;0;0;0;5220;0;0;125;0;112;0;
9561;7389085;1174523904;18563072;1297448960;0;0;0;0;0;0;0;0;0;0;0;1904;0;0;125;0;112;0;
9562;4420959;1174523904;18563072;1297448960;0;0;0;0;0;0;0;0;0;0;0;3827;0;0;125;0;112;0;
9563;3937483;1174523904;18563072;1297448960;0;0;0;0;0;0;0;0;0;0;0;2033;0;0;125;0;112;0;
9564;2738345;1174523904;18563072;1297448960;0;0;0;0;0;0;0;0;0;0;0;2735;0;0;125;0;112;0;
9565;2938680;1174523904;18563072;1297448960;0;0;0;0;0;0;0;0;0;0;0;1493;0;0;125;0;112;0;
9566;2498095;1174523904;18563072;1297448960;0;0;0;0;0;0;0;0;0;0;0;2054;0;0;125;0;112;0;
9567;6813936;1174523904;18563072;1297448960;0;0;0;0;0;0;0;0;0;0;0;1333;0;0;125;0;112;0;
9568;5625828;1174523904;18563072;1297448960;0;0;0;0;0;0;0;0;0;0;0;2835;0;0;125;0;112;0;
9569;2807494;1174523904;18563072;1297448960;0;0;0;0;0;0;0;0;0;0;0;1683;0;0;125;0;112;0;
9570;1845420;1174523904;18563072;1297448960;0;0;0;0;0;0;0;0;0;0;0;1482;0;0;125;0;112;0;
9571;2053501;1174523904;18563072;1297448960;0;0;0;0;0;0;0;0;0;0;0;1673;0;0;125;0;112;0;
9572;2001372;1174523904;18563072;1297448960;0;0;0;0;0;0;0;0;0;0;0;2094;0;0;125;0;112;0;
9573;7853386;1174523904;18563072;1297448960;0;0;0;0;0;0;0;0;0;0;0;1553;0;0;125;0;112;0;
9574;3547822;1174523904;18563072;1297448960;0;0;0;0;0;0;0;0;0;0;0;2725;0;0;125;0;112;0;
9575;3292955;1174523904;18563072;1297448960;0;0;0;0;0;0;0;0;0;0;0;2144;0;0;125;0;112;0;
9576;2003507;1174523904;18563072;1297448960;0;0;0;0;0;0;0;0;0;0;0;1943;0;0;125;0;112;0;
9577;3081828;1174523904;18563072;1297448960;0;0;0;0;0;0;0;0;0;0;0;1773;0;0;125;0;112;0;
9578;3631619;1174523904;18563072;1297448960;0;0;0;0;0;0;0;0;0;0;0;2244;0;0;125;0;112;0;
9579;5680080;1174523904;18563072;1297448960;0;0;0;0;0;0;0;0;0;0;0;2074;0;0;125;0;112;0;
9580;6026590;1174523904;18563072;1297448960;0;0;0;0;0;0;0;0;0;0;0;2705;0;0;125;0;112;0;
9581;5462012;1174523904;18563072;1297448960;0;0;0;0;0;0;0;0;0;0;0;2755;0;0;125;0;112;0;
9582;3701030;1174523904;18563072;1297448960;0;0;0;0;0;0;0;0;0;0;0;2735;0;0;125;0;112;0;
9583;3674850;1174523904;18563072;1297448960;0;0;0;0;0;0;0;0;0;0;0;2604;0;0;125;0;112;0;
9584;1911344;1174523904;18563072;1297448960;0;0;0;0;0;0;0;0;0;0;0;1674;0;0;125;0;112;0;
9585;6234430;1174523904;18563072;1297448960;0;0;0;0;0;0;0;0;0;0;0;1533;0;0;125;0;112;0;
9586;4795763;1174523904;18563072;1297448960;0;0;0;0;0;0;0;0;0;0;0;3036;0;0;125;0;112;0;
9587;5323211;1174523904;18563072;1297448960;0;0;0;0;0;0;0;0;0;0;0;2414;0;0;125;0;112;0;
9588;3959294;1174523904;18563072;1297448960;0;0;0;0;0;0;0;0;0;0;0;5280;0;0;125;0;112;0;
9589;3082460;1174523904;18563072;1297448960;0;0;0;0;0;0;0;0;0;0;0;1643;0;0;125;0;112;0;
9590;1791749;1174523904;18563072;1297448960;0;0;0;0;0;0;0;0;0;0;0;1362;0;0;125;0;112;0;
9591;5459367;1174523904;18563072;1297448960;0;0;0;0;0;0;0;0;0;0;0;1513;0;0;125;0;112;0;
9592;5095144;1174523904;18563072;1297448960;0;0;0;0;0;0;0;0;0;0;0;3707;0;0;125;0;112;0;
9593;2871604;1174523904;18563072;1297448960;0;0;0;0;0;0;0;0;0;0;0;2084;0;0;125;0;112;0;
9594;2331321;1174523904;18563072;1297448960;0;0;0;0;0;0;0;0;0;0;0;2195;0;0;125;0;112;0;
9595;8795933;1174523904;18563072;1297448960;0;0;0;0;0;0;0;0;0;0;0;1663;0;0;125;0;112;0;
9596;3407479;1174523904;18563072;1297448960;0;0;0;0;0;0;0;0;0;0;0;3236;0;0;125;0;112;0;
9597;5032086;1174523904;18563072;1297448960;0;0;0;0;0;0;0;0;0;0;0;1743;0;0;125;0;112;0;
9598;5553172;1174523904;18563072;1297448960;0;0;0;0;0;0;0;0;0;0;0;2545;0;0;125;0;112;0;
9599;3912837;1174523904;18563072;1297448960;0;0;0;0;0;0;0;0;0;0;0;2104;0;0;125;0;112;0;
9600;2893666;1174523904;18563072;1297448960;0;0;0;0;0;0;0;0;0;0;0;2354;0;0;125;0;112;0;
9601;4413625;1174523904;18563072;1297448960;0;0;0;0;0;0;0;0;0;0;0;2094;0;0;125;0;112;0;
9602;1923718;1174523904;18563072;1297448960;0;0;0;0;0;0;0;0;0;0;0;2314;0;0;125;0;112;0;
9603;5983289;1174523904;18563072;1297448960;0;0;0;0;0;0;0;0;0;0;0;1473;0;0;125;0;112;0;
9604;4930445;1174523904;18563072;1297448960;0;0;0;0;0;0;0;0;0;0;0;2785;0;0;125;0;112;0;
9605;3800707;1174523904;18563072;1297448960;0;0;0;0;0;0;0;0;0;0;0;2385;0;0;125;0;112;0;
9606;4448592;1174523904;18563072;1297448960;0;0;0;0;0;0;0;0;0;0;0;2805;0;0;125;0;112;0;
9607;3586996;1174523904;18563072;1297448960;0;0;0;0;0;0;0;0;0;0;0;1983;0;0;125;0;112;0;
9608;1953523;1174523904;18563072;1297448960;0;0;0;0;0;0;0;0;0;0;0;1583;0;0;125;0;112;0;
9609;8811331;1174523904;18563072;1297448960;0;0;0;0;0;0;0;0;0;0;0;2064;0;0;125;0;112;0;
9610;4785412;1174523904;18563072;1297448960;0;0;0;0;0;0;0;0;0;0;0;2665;0;0;125;0;112;0;
9611;5035602;1174523904;18563072;1297448960;0;0;0;0;0;0;0;0;0;0;0;2024;0;0;125;0;112;0;
9612;2533440;1174523904;18563072;1297448960;0;0;0;0;0;0;0;0;0;0;0;2465;0;0;125;0;112;0;
9613;8070172;1174523904;18563072;1297448960;0;0;0;0;0;0;0;0;0;0;0;284424;0;0;125;0;112;0;
9614;3238212;1174523904;18563072;1297448960;0;0;0;0;0;0;0;0;0;0;0;4419;0;0;125;0;112;0;
9615;10298650;1174523904;18563072;1297448960;0;0;0;0;0;0;0;0;0;0;0;1453;0;0;125;0;112;0;
9616;3695469;1174523904;18563072;1297448960;0;0;0;0;0;0;0;0;0;0;0;3186;0;0;125;0;112;0;
9617;3539246;1174523904;18563072;1297448960;0;0;0;0;0;0;0;0;0;0;0;1863;0;0;125;0;112;0;
9618;5110502;1174523904;18563072;1297448960;0;0;0;0;0;0;0;0;0;0;0;3287;0;0;125;0;112;0;
9619;3417638;1174523904;18563072;1297448960;0;0;0;0;0;0;0;0;0;0;0;2855;0;0;125;0;112;0;
9620;3495394;1174523904;18563072;1297448960;0;0;0;0;0;0;0;0;0;0;0;3196;0;0;125;0;112;0;
9621;7003361;1174523904;18563072;1297448960;0;0;0;0;0;0;0;0;0;0;0;2886;0;0;125;0;112;0;
9622;4468709;1174523904;18563072;1297448960;0;0;0;0;0;0;0;0;0;0;0;3146;0;0;125;0;112;0;
9623;5489062;1174523904;18563072;1297448960;0;0;0;0;0;0;0;0;0;0;0;2695;0;0;125;0;112;0;
9624;4425027;1174523904;18563072;1297448960;0;0;0;0;0;0;0;0;0;0;0;3036;0;0;125;0;112;0;
9625;4020669;1174523904;18563072;1297448960;0;0;0;0;0;0;0;0;0;0;0;3386;0;0;125;0;112;0;
9626;3386811;1174523904;18563072;1297448960;0;0;0;0;0;0;0;0;0;0;0;3036;0;0;125;0;112;0;
9627;6370305;1174523904;18563072;1297448960;0;0;0;0;0;0;0;0;0;0;0;2024;0;0;125;0;112;0;
9628;5370881;1174523904;18563072;1297448960;0;0;0;0;0;0;0;0;0;0;0;3086;0;0;125;0;112;0;
9629;5511775;1174523904;18563072;1297448960;0;0;0;0;0;0;0;0;0;0;0;2175;0;0;125;0;112;0;
9630;3475406;1174523904;18563072;1297448960;0;0;0;0;0;0;0;0;0;0;0;2896;0;0;125;0;112;0;
9631;3423229;1174523904;18563072;1297448960;0;0;0;0;0;0;0;0;0;0;0;1964;0;0;125;0;112;0;
9632;1368005;1174523904;18563072;1297448960;0;0;0;0;0;0;0;0;0;0;0;1643;0;0;125;0;112;0;
9633;6944291;1174523904;18563072;1297448960;0;0;0;0;0;0;0;0;0;0;0;1483;0;0;125;0;112;0;
9634;4996990;1174523904;18563072;1297448960;0;0;0;0;0;0;0;0;0;0;0;3035;0;0;125;0;112;0;
9635;3437134;1174523904;18563072;1297448960;0;0;0;0;0;0;0;0;0;0;0;2184;0;0;125;0;112;0;
9636;3279158;1174523904;18563072;1297448960;0;0;0;0;0;0;0;0;0;0;0;3516;0;0;125;0;112;0;
9637;8982131;1174523904;18563072;1297448960;0;0;0;0;0;0;0;0;0;0;0;3377;0;0;125;0;112;0;
9638;2297007;1174523904;18563072;1297448960;0;0;0;0;0;0;0;0;0;0;0;2415;0;0;125;0;112;0;
9639;8622097;1174523904;18563072;1297448960;0;0;0;0;0;0;0;0;0;0;0;10279;0;0;125;0;112;0;
9640;5763036;1174523904;18567168;1297453056;0;0;0;0;0;0;0;0;0;0;0;3206;0;0;125;0;112;0;
9641;3295469;1174523904;18567168;1297453056;0;0;0;0;0;0;0;0;0;0;0;2304;0;0;125;0;112;0;
9642;3158813;1174523904;18567168;1297453056;0;0;0;0;0;0;0;0;0;0;0;3105;0;0;125;0;112;0;
9643;4292970;1174523904;18567168;1297453056;0;0;0;0;0;0;0;0;0;0;0;2826;0;0;125;0;112;0;
9644;4360556;1174523904;18567168;1297453056;0;0;0;0;0;0;0;0;0;0;0;2856;0;0;125;0;112;0;
9645;7769729;1174523904;18567168;1297453056;0;0;0;0;0;0;0;0;0;0;0;2545;0;0;125;0;112;0;
9646;4888546;1174523904;18567168;1297453056;0;0;0;0;0;0;0;0;0;0;0;3577;0;0;125;0;112;0;
9647;4511209;1174523904;18567168;1297453056;0;0;0;0;0;0;0;0;0;0;0;2594;0;0;125;0;112;0;
9648;3566698;1174523904;18567168;1297453056;0;0;0;0;0;0;0;0;0;0;0;2394;0;0;125;0;112;0;
9649;5864957;1174523904;18567168;1297453056;0;0;0;0;0;0;0;0;0;0;0;2936;0;0;125;0;112;0;
9650;3298615;1174523904;18567168;1297453056;0;0;0;0;0;0;0;0;0;0;0;2204;0;0;125;0;112;0;
9651;6618100;1174523904;18567168;1297453056;0;0;0;0;0;0;0;0;0;0;0;2504;0;0;125;0;112;0;
9652;5441333;1174523904;18567168;1297453056;0;0;0;0;0;0;0;0;0;0;0;3557;0;0;125;0;112;0;
9653;3448806;1174523904;18563072;1297448960;0;0;0;0;0;0;0;0;0;0;0;2134;0;0;125;0;112;0;
9654;3286041;1174523904;18563072;1297448960;0;0;0;0;0;0;0;0;0;0;0;2234;0;0;125;0;112;0;
9655;4030908;1174523904;18563072;1297448960;0;0;0;0;0;0;0;0;0;0;0;2835;0;0;125;0;112;0;
9656;1646968;1174523904;18563072;1297448960;0;0;0;0;0;0;0;0;0;0;0;1953;0;0;125;0;112;0;
9657;7848536;1174523904;18563072;1297448960;0;0;0;0;0;0;0;0;0;0;0;1573;0;0;125;0;112;0;
9658;4450495;1174523904;18563072;1297448960;0;0;0;0;0;0;0;0;0;0;0;3537;0;0;125;0;112;0;
9659;3949295;1174523904;18563072;1297448960;0;0;0;0;0;0;0;0;0;0;0;3216;0;0;125;0;112;0;
9660;4455133;1174523904;18563072;1297448960;0;0;0;0;0;0;0;0;0;0;0;3506;0;0;125;0;112;0;
9661;3977628;1174523904;18563072;1297448960;0;0;0;0;0;0;0;0;0;0;0;4028;0;0;125;0;112;0;
9662;2183244;1174523904;18563072;1297448960;0;0;0;0;0;0;0;0;0;0;0;3186;0;0;125;0;112;0;
9663;4822833;1174523904;18563072;1297448960;0;0;0;0;0;0;0;0;0;0;0;1573;0;0;125;0;112;0;
9664;6894557;1174523904;18563072;1297448960;0;0;0;0;0;0;0;0;0;0;0;3687;0;0;125;0;112;0;
9665;4349044;1174523904;18563072;1297448960;0;0;0;0;0;0;0;0;0;0;0;2655;0;0;125;0;112;0;
9666;4906019;1174523904;18563072;1297448960;0;0;0;0;0;0;0;0;0;0;0;5210;0;0;125;0;113;0;
9667;4279294;1174523904;18563072;1297448960;0;0;0;0;0;0;0;0;0;0;0;3176;0;0;125;0;113;0;
9668;3514841;1174523904;18563072;1297448960;0;0;0;0;0;0;0;0;0;0;0;2945;0;0;125;0;113;0;
9669;6661100;1174523904;18563072;1297448960;0;0;0;0;0;0;0;0;0;0;0;2785;0;0;125;0;113;0;
9670;4713168;1174523904;18563072;1297448960;0;0;0;0;0;0;0;0;0;0;0;3437;0;0;125;0;113;0;
9671;4088015;1174523904;18563072;1297448960;0;0;0;0;0;0;0;0;0;0;0;2945;0;0;125;0;113;0;
9672;1720526;1174523904;18563072;1297448960;0;0;0;0;0;0;0;0;0;0;0;2545;0;0;125;0;113;0;
9673;4420950;1174523904;18563072;1297448960;0;0;0;0;0;0;0;0;0;0;0;3737;0;0;125;0;113;0;
9674;1815675;1174523904;18563072;1297448960;0;0;0;0;0;0;0;0;0;0;0;2525;0;0;125;0;113;0;
9675;4976882;1174523904;18563072;1297448960;0;0;0;0;0;0;0;0;0;0;0;1733;0;0;125;0;113;0;
9676;3634225;1174523904;18563072;1297448960;0;0;0;0;0;0;0;0;0;0;0;3216;0;0;125;0;113;0;
9677;3537303;1174523904;18563072;1297448960;0;0;0;0;0;0;0;0;0;0;0;3036;0;0;125;0;113;0;
9678;3245806;1174523904;18563072;1297448960;0;0;0;0;0;0;0;0;0;0;0;2845;0;0;125;0;113;0;
9679;3832666;1174523904;18563072;1297448960;0;0;0;0;0;0;0;0;0;0;0;2936;0;0;125;0;113;0;
9680;4335670;1174523904;18563072;1297448960;0;0;0;0;0;0;0;0;0;0;0;2725;0;0;125;0;113;0;
9681;7668299;1174523904;18563072;1297448960;0;0;0;0;0;0;0;0;0;0;0;2545;0;0;125;0;113;0;
9682;5730706;1174523904;18563072;1297448960;0;0;0;0;0;0;0;0;0;0;0;3025;0;0;125;0;113;0;
9683;3772383;1174523904;18563072;1297448960;0;0;0;0;0;0;0;0;0;0;0;2846;0;0;125;0;113;0;
9684;4910698;1174523904;18563072;1297448960;0;0;0;0;0;0;0;0;0;0;0;3406;0;0;125;0;113;0;
9685;3282335;1174523904;18563072;1297448960;0;0;0;0;0;0;0;0;0;0;0;3777;0;0;125;0;115;0;
9686;5588810;1174523904;18563072;1297448960;0;0;0;0;0;0;0;0;0;0;0;1783;0;0;125;0;115;0;
9687;5964243;1174523904;18563072;1297448960;0;0;0;0;0;0;0;0;0;0;0;3286;0;0;125;0;115;0;
9688;5395276;1174523904;18563072;1297448960;0;0;0;0;0;0;0;0;0;0;0;3366;0;0;125;0;115;0;
9689;5102517;1174523904;18563072;1297448960;0;0;0;0;0;0;0;0;0;0;0;4058;0;0;125;0;117;0;
9690;5600200;1174523904;18563072;1297448960;0;0;0;0;0;0;0;0;0;0;0;3115;0;0;125;0;117;0;
9691;7938445;1174523904;18563072;1297448960;0;0;0;0;0;0;0;0;0;0;0;2776;0;0;125;0;117;0;
9692;4470182;1174523904;18563072;1297448960;0;0;0;0;0;0;0;0;0;0;0;3356;0;0;125;0;117;0;
9693;3769638;1174523904;18563072;1297448960;0;0;0;0;0;0;0;0;0;0;0;3226;0;0;125;0;117;0;
9694;4870653;1174523904;18563072;1297448960;0;0;0;0;0;0;0;0;0;0;0;2845;0;0;125;0;117;0;
9695;3671565;1174523904;18563072;1297448960;0;0;0;0;0;0;0;0;0;0;0;3056;0;0;125;0;117;0;
9696;7468574;1174523904;18563072;1297448960;0;0;0;0;0;0;0;0;0;0;0;2955;0;0;125;0;117;0;
9697;7108308;1174523904;18567168;1297453056;0;0;0;0;0;0;0;0;0;0;0;3927;0;0;125;0;117;0;
9698;2605315;1174523904;18567168;1297453056;0;0;0;0;0;0;0;0;0;0;0;3075;0;0;125;0;117;0;
9699;4822743;1174523904;18567168;1297453056;0;0;0;0;0;0;0;0;0;0;0;2976;0;0;125;0;117;0;
9700;3788603;1174523904;18567168;1297453056;0;0;0;0;0;0;0;0;0;0;0;2835;0;0;125;0;117;0;
9701;7640627;1174523904;18567168;1297453056;0;0;0;0;0;0;0;0;0;0;0;2926;0;0;125;0;117;0;
9702;5219707;1174523904;18567168;1297453056;0;0;0;0;0;0;0;0;0;0;0;3206;0;0;125;0;117;0;
9703;4177974;1174523904;18567168;1297453056;0;0;0;0;0;0;0;0;0;0;0;3927;0;0;125;0;117;0;
9704;5486637;1174523904;18567168;1297453056;0;0;0;0;0;0;0;0;0;0;0;4509;0;0;125;0;118;0;
9705;3558963;1174523904;18567168;1297453056;0;0;0;0;0;0;0;0;0;0;0;3496;0;0;125;0;118;0;
9706;7554295;1174523904;18567168;1297453056;0;0;0;0;0;0;0;0;0;0;0;3136;0;0;125;0;118;0;
9707;6472336;1174523904;18563072;1297448960;0;0;0;0;0;0;0;0;0;0;0;3897;0;0;125;0;119;0;
9708;3895053;1174523904;18563072;1297448960;0;0;0;0;0;0;0;0;0;0;0;2614;0;0;125;0;119;0;
9709;5094302;1174523904;18563072;1297448960;0;0;0;0;0;0;0;0;0;0;0;3557;0;0;125;0;119;0;
9710;4673162;1174523904;18563072;1297448960;0;0;0;0;0;0;0;0;0;0;0;3276;0;0;125;0;119;0;
9711;6886723;1174523904;18563072;1297448960;0;0;0;0;0;0;0;0;0;0;0;2685;0;0;125;0;119;0;
9712;6587312;1174523904;18563072;1297448960;0;0;0;0;0;0;0;0;0;0;0;3576;0;0;125;0;119;0;
9713;3310487;1174523904;18563072;1297448960;0;0;0;0;0;0;0;0;0;0;0;2605;0;0;125;0;119;0;
9714;4588924;1174523904;18563072;1297448960;0;0;0;0;0;0;0;0;0;0;0;3447;0;0;125;0;119;0;
9715;3704536;1174523904;18563072;1297448960;0;0;0;0;0;0;0;0;0;0;0;3557;0;0;125;0;119;0;
9716;7067752;1174523904;18563072;1297448960;0;0;0;0;0;0;0;0;0;0;0;1783;0;0;125;0;119;0;
9717;4592381;1174523904;18563072;1297448960;0;0;0;0;0;0;0;0;0;0;0;2765;0;0;125;0;119;0;
9718;2026580;1174523904;18563072;1297448960;0;0;0;0;0;0;0;0;0;0;0;1563;0;0;125;0;119;0;
9719;3204639;1174523904;18563072;1297448960;0;0;0;0;0;0;0;0;0;0;0;2535;0;0;125;0;119;0;
9720;3640345;1174523904;18563072;1297448960;0;0;0;0;0;0;0;0;0;0;0;2725;0;0;125;0;119;0;
9721;8714541;1174523904;18563072;1297448960;0;0;0;0;0;0;0;0;0;0;0;2675;0;0;125;0;119;0;
9722;6348103;1174523904;18563072;1297448960;0;0;0;0;0;0;0;0;0;0;0;3016;0;0;125;0;119;0;
9723;4840586;1174523904;18563072;1297448960;0;0;0;0;0;0;0;0;0;0;0;36188;0;0;125;0;119;0;
9724;5725245;1174523904;18563072;1297448960;0;0;0;0;0;0;0;0;0;0;0;3546;0;0;125;0;119;0;
9725;2692258;1174523904;18563072;1297448960;0;0;0;0;0;0;0;0;0;0;0;2315;0;0;125;0;119;0;
9726;6929713;1174523904;18563072;1297448960;0;0;0;0;0;0;0;0;0;0;0;2645;0;0;125;0;119;0;
9727;6105578;1174523904;18563072;1297448960;0;0;0;0;0;0;0;0;0;0;0;2866;0;0;125;0;119;0;
9728;3385728;1174523904;18563072;1297448960;0;0;0;0;0;0;0;0;0;0;0;2985;0;0;125;0;119;0;
9729;6092203;1174523904;18563072;1297448960;0;0;0;0;0;0;0;0;0;0;0;5040;0;0;125;0;119;0;
9730;4081343;1174523904;18563072;1297448960;0;0;0;0;0;0;0;0;0;0;0;2545;0;0;125;0;119;0;
9731;8026590;1174523904;18563072;1297448960;0;0;0;0;0;0;0;0;0;0;0;3035;0;0;125;0;119;0;
9732;5406156;1174523904;18563072;1297448960;0;0;0;0;0;0;0;0;0;0;0;4408;0;0;125;0;120;0;
9733;4282380;1174523904;18563072;1297448960;0;0;0;0;0;0;0;0;0;0;0;3787;0;0;125;0;120;0;
9734;5053045;1174523904;18563072;1297448960;0;0;0;0;0;0;0;0;0;0;0;2645;0;0;125;0;120;0;
9735;2126848;1174523904;18563072;1297448960;0;0;0;0;0;0;0;0;0;0;0;2284;0;0;125;0;120;0;
9736;6619742;1174523904;18563072;1297448960;0;0;0;0;0;0;0;0;0;0;0;1904;0;0;125;0;120;0;
9737;7595782;1174523904;18563072;1297448960;0;0;0;0;0;0;0;0;0;0;0;3517;0;0;125;0;120;0;
9738;4513092;1174523904;18563072;1297448960;0;0;0;0;0;0;0;0;0;0;0;2945;0;0;125;0;120;0;
9739;4724338;1174523904;18563072;1297448960;0;0;0;0;0;0;0;0;0;0;0;2885;0;0;125;0;120;0;
9740;3559854;1174523904;18563072;1297448960;0;0;0;0;0;0;0;0;0;0;0;3046;0;0;125;0;120;0;
9741;10919314;1174523904;18563072;1297448960;0;0;0;0;0;0;0;0;0;0;0;3507;0;0;125;0;120;0;
9742;5980023;1174523904;18571264;1297457152;0;0;0;0;0;0;0;0;0;0;0;3135;0;0;125;0;120;0;
9743;3854958;1174523904;18571264;1297457152;0;0;0;0;0;0;0;0;0;0;0;3527;0;0;125;0;120;0;
9744;5139237;1174523904;18571264;1297457152;0;0;0;0;0;0;0;0;0;0;0;3316;0;0;125;0;120;0;
9745;2098685;1174523904;18571264;1297457152;0;0;0;0;0;0;0;0;0;0;0;2575;0;0;125;0;120;0;
9746;7485004;1174523904;18571264;1297457152;0;0;0;0;0;0;0;0;0;0;0;1994;0;0;125;0;120;0;
9747;7340524;1174523904;18571264;1297457152;0;0;0;0;0;0;0;0;0;0;0;4939;0;0;125;0;120;0;
9748;2805100;1174523904;18571264;1297457152;0;0;0;0;0;0;0;0;0;0;0;4919;0;0;125;0;120;0;
9749;5580002;1174523904;18571264;1297457152;0;0;0;0;0;0;0;0;0;0;0;3486;0;0;125;0;120;0;
9750;3593748;1174523904;18571264;1297457152;0;0;0;0;0;0;0;0;0;0;0;2624;0;0;125;0;120;0;
9751;9359179;1174523904;18571264;1297457152;0;0;0;0;0;0;0;0;0;0;0;2685;0;0;125;0;120;0;
9752;7942383;1174544384;18567168;1297453056;0;0;0;0;0;0;0;0;0;0;0;2865;0;0;125;0;120;0;
9753;4279674;1174544384;18567168;1297453056;0;0;0;0;0;0;0;0;0;0;0;2786;0;0;125;0;120;0;
9754;5750873;1174544384;18567168;1297453056;0;0;0;0;0;0;0;0;0;0;0;3677;0;0;125;0;120;0;
9755;4588624;1174544384;18567168;1297453056;0;0;0;0;0;0;0;0;0;0;0;3086;0;0;125;0;120;0;
9756;6459302;1174544384;18567168;1297453056;0;0;0;0;0;0;0;0;0;0;0;2094;0;0;125;0;120;0;
9757;7258259;1174540288;18563072;1297448960;0;0;0;0;0;0;0;0;0;0;0;3507;0;0;125;0;120;0;
9758;3468073;1174540288;18563072;1297448960;0;0;0;0;0;0;0;0;0;0;0;3247;0;0;125;0;120;0;
9759;4285836;1174540288;18563072;1297448960;0;0;0;0;0;0;0;0;0;0;0;2525;0;0;125;0;120;0;
9760;3449307;1174540288;18563072;1297448960;0;0;0;0;0;0;0;0;0;0;0;3306;0;0;125;0;120;0;
9761;8959199;1174540288;18563072;1297448960;0;0;0;0;0;0;0;0;0;0;0;2865;0;0;125;0;120;0;
9762;7698836;1174540288;18563072;1297448960;0;0;0;0;0;0;0;0;0;0;0;3467;0;0;125;0;120;0;
9763;4664567;1174540288;18563072;1297448960;0;0;0;0;0;0;0;0;0;0;0;3937;0;0;125;0;120;0;
9764;8106199;1174540288;18563072;1297448960;0;0;0;0;0;0;0;0;0;0;0;3316;0;0;125;0;120;0;
9765;4149210;1174540288;18563072;1297448960;0;0;0;0;0;0;0;0;0;0;0;3095;0;0;125;0;120;0;
9766;6685125;1174540288;18563072;1297448960;0;0;0;0;0;0;0;0;0;0;0;2154;0;0;125;0;120;0;
9767;8445445;1174540288;18563072;1297448960;0;0;0;0;0;0;0;0;0;0;0;3527;0;0;125;0;120;0;
9768;4935715;1174540288;18563072;1297448960;0;0;0;0;0;0;0;0;0;0;0;3236;0;0;125;0;120;0;
9769;6384852;1174540288;18563072;1297448960;0;0;0;0;0;0;0;0;0;0;0;3267;0;0;125;0;120;0;
9770;3766493;1174540288;18563072;1297448960;0;0;0;0;0;0;0;0;0;0;0;3346;0;0;125;0;120;0;
9771;7212524;1174540288;18563072;1297448960;0;0;0;0;0;0;0;0;0;0;0;2314;0;0;125;0;120;0;
9772;5939146;1174540288;18563072;1297448960;0;0;0;0;0;0;0;0;0;0;0;2585;0;0;125;0;120;0;
9773;1631088;1174540288;18563072;1297448960;0;0;0;0;0;0;0;0;0;0;0;2224;0;0;125;0;120;0;
9774;3765340;1174540288;18563072;1297448960;0;0;0;0;0;0;0;0;0;0;0;2204;0;0;125;0;120;0;
9775;2573095;1174540288;18563072;1297448960;0;0;0;0;0;0;0;0;0;0;0;2384;0;0;125;0;120;0;
9776;9500605;1174540288;18563072;1297448960;0;0;0;0;0;0;0;0;0;0;0;2996;0;0;125;0;120;0;
9777;4963086;1174540288;18563072;1297448960;0;0;0;0;0;0;0;0;0;0;0;3066;0;0;125;0;120;0;
9778;2660329;1174540288;18563072;1297448960;0;0;0;0;0;0;0;0;0;0;0;2494;0;0;125;0;120;0;
9779;5926222;1174540288;18563072;1297448960;0;0;0;0;0;0;0;0;0;0;0;4288;0;0;125;0;120;0;
9780;4794620;1174540288;18563072;1297448960;0;0;0;0;0;0;0;0;0;0;0;3296;0;0;125;0;120;0;
9781;9828118;1174540288;18563072;1297448960;0;0;0;0;0;0;0;0;0;0;0;2565;0;0;125;0;120;0;
9782;6326132;1174540288;18563072;1297448960;0;0;0;0;0;0;0;0;0;0;0;2976;0;0;125;0;120;0;
9783;3308975;1174540288;18563072;1297448960;0;0;0;0;0;0;0;0;0;0;0;3427;0;0;125;0;120;0;
9784;3481749;1174540288;18563072;1297448960;0;0;0;0;0;0;0;0;0;0;0;2856;0;0;125;0;120;0;
9785;4637936;1174540288;18563072;1297448960;0;0;0;0;0;0;0;0;0;0;0;3407;0;0;125;0;120;0;
9786;11252789;1174540288;18563072;1297448960;0;0;0;0;0;0;0;0;0;0;0;2955;0;0;125;0;120;0;
9787;6434305;1174540288;18563072;1297448960;0;0;0;0;0;0;0;0;0;0;0;3366;0;0;125;0;120;0;
9788;5044649;1174540288;18563072;1297448960;0;0;0;0;0;0;0;0;0;0;0;3547;0;0;125;0;120;0;
9789;5848106;1174540288;18563072;1297448960;0;0;0;0;0;0;0;0;0;0;0;2545;0;0;125;0;120;0;
9790;2308329;1174540288;18563072;1297448960;0;0;0;0;0;0;0;0;0;0;0;2805;0;0;125;0;120;0;
9791;11344472;1174540288;18563072;1297448960;0;0;0;0;0;0;0;0;0;0;0;2595;0;0;125;0;120;0;
9792;12230152;1174540288;18563072;1297448960;0;0;0;0;0;0;0;0;0;0;0;3447;0;0;125;0;120;0;
9793;5787491;1174540288;18563072;1297448960;0;0;0;0;0;0;0;0;0;0;0;3917;0;0;125;0;120;0;
9794;4938570;1174540288;18563072;1297448960;0;0;0;0;0;0;0;0;0;0;0;3747;0;0;125;0;120;0;
9795;2947667;1174540288;18563072;1297448960;0;0;0;0;0;0;0;0;0;0;0;2375;0;0;125;0;120;0;
9796;7930620;1174540288;18563072;1297448960;0;0;0;0;0;0;0;0;0;0;0;2004;0;0;125;0;120;0;
9797;3328521;1174540288;18563072;1297448960;0;0;0;0;0;0;0;0;0;0;0;2534;0;0;125;0;120;0;
9798;1633634;1174540288;18563072;1297448960;0;0;0;0;0;0;0;0;0;0;0;1393;0;0;125;0;120;0;
9799;2845566;1174540288;18563072;1297448960;0;0;0;0;0;0;0;0;0;0;0;1603;0;0;125;0;120;0;
9800;3548003;1174540288;18563072;1297448960;0;0;0;0;0;0;0;0;0;0;0;2404;0;0;125;0;120;0;
9801;7848767;1174540288;18563072;1297448960;0;0;0;0;0;0;0;0;0;0;0;2825;0;0;125;0;120;0;
9802;6636494;1174540288;18563072;1297448960;0;0;0;0;0;0;0;0;0;0;0;3636;0;0;125;0;120;0;
9803;6046277;1174540288;18563072;1297448960;0;0;0;0;0;0;0;0;0;0;0;3126;0;0;125;0;120;0;
9804;4780404;1174540288;18563072;1297448960;0;0;0;0;0;0;0;0;0;0;0;3016;0;0;125;0;120;0;
9805;3963481;1174540288;18563072;1297448960;0;0;0;0;0;0;0;0;0;0;0;4148;0;0;125;0;120;0;
9806;7644704;1174540288;18563072;1297448960;0;0;0;0;0;0;0;0;0;0;0;2144;0;0;125;0;120;0;
9807;7438167;1174540288;18563072;1297448960;0;0;0;0;0;0;0;0;0;0;0;2735;0;0;125;0;120;0;
9808;4620533;1174540288;18563072;1297448960;0;0;0;0;0;0;0;0;0;0;0;3106;0;0;125;0;120;0;
9809;3433959;1174540288;18563072;1297448960;0;0;0;0;0;0;0;0;0;0;0;2715;0;0;125;0;120;0;
9810;2580478;1174540288;18563072;1297448960;0;0;0;0;0;0;0;0;0;0;0;2004;0;0;125;0;120;0;
9811;7153022;1174540288;18563072;1297448960;0;0;0;0;0;0;0;0;0;0;0;2094;0;0;125;0;120;0;
9812;6860013;1174540288;18563072;1297448960;0;0;0;0;0;0;0;0;0;0;0;3276;0;0;125;0;120;0;
9813;3167489;1174540288;18563072;1297448960;0;0;0;0;0;0;0;0;0;0;0;2826;0;0;125;0;120;0;
9814;3899051;1174540288;18563072;1297448960;0;0;0;0;0;0;0;0;0;0;0;2484;0;0;125;0;120;0;
9815;3205851;1174540288;18563072;1297448960;0;0;0;0;0;0;0;0;0;0;0;2634;0;0;125;0;120;0;
9816;6865914;1174540288;18563072;1297448960;0;0;0;0;0;0;0;0;0;0;0;1853;0;0;125;0;120;0;
9817;6235302;1174540288;18563072;1297448960;0;0;0;0;0;0;0;0;0;0;0;2825;0;0;125;0;120;0;
9818;2611647;1174540288;18563072;1297448960;0;0;0;0;0;0;0;0;0;0;0;3125;0;0;125;0;120;0;
9819;3454909;1174540288;18563072;1297448960;0;0;0;0;0;0;0;0;0;0;0;1993;0;0;125;0;120;0;
9820;4084429;1174540288;18563072;1297448960;0;0;0;0;0;0;0;0;0;0;0;2585;0;0;125;0;120;0;
9821;7224978;1174540288;18563072;1297448960;0;0;0;0;0;0;0;0;0;0;0;2624;0;0;125;0;120;0;
9822;7453566;1174540288;18563072;1297448960;0;0;0;0;0;0;0;0;0;0;0;3216;0;0;125;0;120;0;
9823;3836253;1174540288;18563072;1297448960;0;0;0;0;0;0;0;0;0;0;0;3266;0;0;125;0;120;0;
9824;5280121;1174540288;18563072;1297448960;0;0;0;0;0;0;0;0;0;0;0;3286;0;0;125;0;120;0;
9825;3753437;1174540288;18563072;1297448960;0;0;0;0;0;0;0;0;0;0;0;242204;0;0;125;0;120;0;
9826;8565571;1174540288;18563072;1297448960;0;0;0;0;0;0;0;0;0;0;0;2465;0;0;125;0;120;0;
9827;3543975;1174540288;18563072;1297448960;0;0;0;0;0;0;0;0;0;0;0;3125;0;0;125;0;120;0;
9828;1392351;1174540288;18563072;1297448960;0;0;0;0;0;0;0;0;0;0;0;1783;0;0;125;0;120;0;
9829;4091662;1174540288;18563072;1297448960;0;0;0;0;0;0;0;0;0;0;0;1392;0;0;125;0;120;0;
9830;3698795;1174540288;18563072;1297448960;0;0;0;0;0;0;0;0;0;0;0;2615;0;0;125;0;120;0;
9831;10453481;1174540288;18563072;1297448960;0;0;0;0;0;0;0;0;0;0;0;3296;0;0;125;0;120;0;
9832;5954114;1174540288;18571264;1297457152;0;0;0;0;0;0;0;0;0;0;0;3186;0;0;125;0;120;0;
9833;5103639;1174540288;18571264;1297457152;0;0;0;0;0;0;0;0;0;0;0;3116;0;0;125;0;120;0;
9834;4278062;1174540288;18571264;1297457152;0;0;0;0;0;0;0;0;0;0;0;3226;0;0;125;0;120;0;
9835;3309406;1174540288;18571264;1297457152;0;0;0;0;0;0;0;0;0;0;0;2805;0;0;125;0;120;0;
9836;5956459;1174540288;18571264;1297457152;0;0;0;0;0;0;0;0;0;0;0;1884;0;0;125;0;120;0;
9837;4722084;1174540288;18571264;1297457152;0;0;0;0;0;0;0;0;0;0;0;2845;0;0;125;0;120;0;
9838;2985718;1174540288;18571264;1297457152;0;0;0;0;0;0;0;0;0;0;0;2835;0;0;125;0;120;0;
9839;3071630;1174540288;18571264;1297457152;0;0;0;0;0;0;0;0;0;0;0;2305;0;0;125;0;120;0;
9840;2568396;1174540288;18571264;1297457152;0;0;0;0;0;0;0;0;0;0;0;2414;0;0;125;0;120;0;
9841;9104922;1174540288;18571264;1297457152;0;0;0;0;0;0;0;0;0;0;0;2825;0;0;125;0;120;0;
9842;5300679;1174540288;18563072;1297448960;0;0;0;0;0;0;0;0;0;0;0;3116;0;0;125;0;120;0;
9843;4221064;1174540288;18563072;1297448960;0;0;0;0;0;0;0;0;0;0;0;2725;0;0;125;0;120;0;
9844;3488811;1174540288;18563072;1297448960;0;0;0;0;0;0;0;0;0;0;0;2585;0;0;125;0;120;0;
9845;3304346;1174540288;18563072;1297448960;0;0;0;0;0;0;0;0;0;0;0;2845;0;0;125;0;120;0;
9846;10508995;1174540288;18563072;1297448960;0;0;0;0;0;0;0;0;0;0;0;3717;0;0;125;0;120;0;
9847;6762890;1174540288;18563072;1297448960;0;0;0;0;0;0;0;0;0;0;0;3096;0;0;125;0;120;0;
9848;2827371;1174540288;18563072;1297448960;0;0;0;0;0;0;0;0;0;0;0;2725;0;0;125;0;120;0;
9849;4252093;1174540288;18563072;1297448960;0;0;0;0;0;0;0;0;0;0;0;2334;0;0;125;0;120;0;
9850;2769483;1174540288;18563072;1297448960;0;0;0;0;0;0;0;0;0;0;0;2795;0;0;125;0;120;0;
9851;5537583;1174540288;18563072;1297448960;0;0;0;0;0;0;0;0;0;0;0;2425;0;0;125;0;120;0;
9852;4701596;1174540288;18563072;1297448960;0;0;0;0;0;0;0;0;0;0;0;3146;0;0;125;0;120;0;
9853;4694272;1174540288;18563072;1297448960;0;0;0;0;0;0;0;0;0;0;0;2926;0;0;125;0;120;0;
9854;4956584;1174540288;18563072;1297448960;0;0;0;0;0;0;0;0;0;0;0;3106;0;0;125;0;120;0;
9855;1985463;1174540288;18563072;1297448960;0;0;0;0;0;0;0;0;0;0;0;3136;0;0;125;0;121;0;
9856;6175549;1174540288;18563072;1297448960;0;0;0;0;0;0;0;0;0;0;0;1733;0;0;125;0;121;0;
9857;5853205;1174540288;18563072;1297448960;0;0;0;0;0;0;0;0;0;0;0;3266;0;0;125;0;121;0;
9858;3147141;1174540288;18563072;1297448960;0;0;0;0;0;0;0;0;0;0;0;3837;0;0;125;0;121;0;
9859;3215500;1174540288;18563072;1297448960;0;0;0;0;0;0;0;0;0;0;0;2785;0;0;125;0;121;0;
9860;3151539;1174540288;18563072;1297448960;0;0;0;0;0;0;0;0;0;0;0;2515;0;0;125;0;121;0;
9861;11909531;1174540288;18563072;1297448960;0;0;0;0;0;0;0;0;0;0;0;3276;0;0;125;0;121;0;
9862;8061205;1174540288;18563072;1297448960;0;0;0;0;0;0;0;0;0;0;0;3236;0;0;125;0;121;0;
9863;3102457;1174540288;18563072;1297448960;0;0;0;0;0;0;0;0;0;0;0;3256;0;0;125;0;121;0;
9864;3957962;1174540288;18563072;1297448960;0;0;0;0;0;0;0;0;0;0;0;2665;0;0;125;0;121;0;
9865;4337142;1174540288;18563072;1297448960;0;0;0;0;0;0;0;0;0;0;0;3096;0;0;125;0;121;0;
9866;8485050;1174540288;18563072;1297448960;0;0;0;0;0;0;0;0;0;0;0;2935;0;0;125;0;121;0;
9867;5839670;1174540288;18563072;1297448960;0;0;0;0;0;0;0;0;0;0;0;4639;0;0;125;0;121;0;
9868;4135574;1174540288;18563072;1297448960;0;0;0;0;0;0;0;0;0;0;0;2965;0;0;125;0;121;0;
9869;5173891;1174540288;18563072;1297448960;0;0;0;0;0;0;0;0;0;0;0;2214;0;0;125;0;121;0;
9870;2998893;1174540288;18563072;1297448960;0;0;0;0;0;0;0;0;0;0;0;2976;0;0;125;0;121;0;
9871;5936170;1174540288;18563072;1297448960;0;0;0;0;0;0;0;0;0;0;0;2335;0;0;125;0;121;0;
9872;6448943;1174540288;18563072;1297448960;0;0;0;0;0;0;0;0;0;0;0;3497;0;0;125;0;121;0;
9873;3067452;1174540288;18563072;1297448960;0;0;0;0;0;0;0;0;0;0;0;2765;0;0;125;0;121;0;
9874;3984000;1174540288;18563072;1297448960;0;0;0;0;0;0;0;0;0;0;0;3186;0;0;125;0;121;0;
9875;3703705;1174540288;18563072;1297448960;0;0;0;0;0;0;0;0;0;0;0;3096;0;0;125;0;121;0;
9876;6959078;1174540288;18563072;1297448960;0;0;0;0;0;0;0;0;0;0;0;2365;0;0;125;0;121;0;
9877;6937849;1174540288;18563072;1297448960;0;0;0;0;0;0;0;0;0;0;0;3437;0;0;125;0;121;0;
9878;4546234;1174540288;18563072;1297448960;0;0;0;0;0;0;0;0;0;0;0;3466;0;0;125;0;121;0;
9879;6827602;1174540288;18563072;1297448960;0;0;0;0;0;0;0;0;0;0;0;3367;0;0;125;0;121;0;
9880;3213365;1174540288;18563072;1297448960;0;0;0;0;0;0;0;0;0;0;0;3066;0;0;125;0;121;0;
9881;8012854;1174540288;18563072;1297448960;0;0;0;0;0;0;0;0;0;0;0;2865;0;0;125;0;121;0;
9882;6729688;1174540288;18563072;1297448960;0;0;0;0;0;0;0;0;0;0;0;3176;0;0;125;0;121;0;
9883;4005430;1174540288;18563072;1297448960;0;0;0;0;0;0;0;0;0;0;0;3125;0;0;125;0;121;0;
9884;4471805;1174540288;18563072;1297448960;0;0;0;0;0;0;0;0;0;0;0;3506;0;0;125;0;121;0;
9885;4180849;1174540288;18563072;1297448960;0;0;0;0;0;0;0;0;0;0;0;3176;0;0;125;0;121;0;
9886;7607274;1174540288;18563072;1297448960;0;0;0;0;0;0;0;0;0;0;0;2936;0;0;125;0;121;0;
9887;6124694;1174540288;18563072;1297448960;0;0;0;0;0;0;0;0;0;0;0;4057;0;0;125;0;121;0;
9888;3482520;1174540288;18563072;1297448960;0;0;0;0;0;0;0;0;0;0;0;2966;0;0;125;0;121;0;
9889;5498951;1174540288;18563072;1297448960;0;0;0;0;0;0;0;0;0;0;0;3015;0;0;125;0;121;0;
9890;6437280;1174540288;18563072;1297448960;0;0;0;0;0;0;0;0;0;0;0;3106;0;0;125;0;121;0;
9891;7099522;1174540288;18563072;1297448960;0;0;0;0;0;0;0;0;0;0;0;2114;0;0;125;0;121;0;
9892;8068649;1174540288;18563072;1297448960;0;0;0;0;0;0;0;0;0;0;0;3306;0;0;125;0;121;0;
9893;4140324;1174540288;18563072;1297448960;0;0;0;0;0;0;0;0;0;0;0;2936;0;0;125;0;121;0;
9894;4458029;1174540288;18563072;1297448960;0;0;0;0;0;0;0;0;0;0;0;3045;0;0;125;0;121;0;
9895;2745398;1174540288;18563072;1297448960;0;0;0;0;0;0;0;0;0;0;0;2024;0;0;125;0;121;0;
9896;7368036;1174540288;18563072;1297448960;0;0;0;0;0;0;0;0;0;0;0;1943;0;0;125;0;121;0;
9897;6462217;1174540288;18563072;1297448960;0;0;0;0;0;0;0;0;0;0;0;2915;0;0;125;0;121;0;
9898;4348844;1174540288;18563072;1297448960;0;0;0;0;0;0;0;0;0;0;0;3196;0;0;125;0;121;0;
9899;5685080;1174540288;18563072;1297448960;0;0;0;0;0;0;0;0;0;0;0;3497;0;0;125;0;121;0;
9900;3321158;1174540288;18563072;1297448960;0;0;0;0;0;0;0;0;0;0;0;3636;0;0;125;0;121;0;
9901;9533947;1174540288;18563072;1297448960;0;0;0;0;0;0;0;0;0;0;0;3106;0;0;125;0;121;0;
9902;7919620;1174540288;18563072;1297448960;0;0;0;0;0;0;0;0;0;0;0;3286;0;0;125;0;121;0;
9903;2419186;1174540288;18563072;1297448960;0;0;0;0;0;0;0;0;0;0;0;2304;0;0;125;0;121;0;
9904;3998317;1174540288;18563072;1297448960;0;0;0;0;0;0;0;0;0;0;0;2144;0;0;125;0;121;0;
9905;3201714;1174540288;18563072;1297448960;0;0;0;0;0;0;0;0;0;0;0;2775;0;0;125;0;121;0;
9906;7604429;1174540288;18563072;1297448960;0;0;0;0;0;0;0;0;0;0;0;2715;0;0;125;0;121;0;
9907;5667056;1174540288;18563072;1297448960;0;0;0;0;0;0;0;0;0;0;0;3016;0;0;125;0;121;0;
9908;2940513;1174540288;18563072;1297448960;0;0;0;0;0;0;0;0;0;0;0;2866;0;0;125;0;121;0;
9909;4814136;1174540288;18563072;1297448960;0;0;0;0;0;0;0;0;0;0;0;3186;0;0;125;0;121;0;
9910;2958899;1174540288;18563072;1297448960;0;0;0;0;0;0;0;0;0;0;0;4018;0;0;125;0;121;0;
9911;8453901;1174540288;18563072;1297448960;0;0;0;0;0;0;0;0;0;0;0;2385;0;0;125;0;121;0;
9912;6862979;1178734592;18563072;1314226176;0;0;0;0;0;0;0;0;0;0;0;3075;0;0;125;0;121;0;
9913;3239404;1178734592;18563072;1314226176;0;0;0;0;0;0;0;0;0;0;0;2905;0;0;125;0;121;0;
9914;5222523;1178734592;18563072;1314226176;0;0;0;0;0;0;0;0;0;0;0;2285;0;0;125;0;121;0;
9915;3730845;1178734592;18563072;1314226176;0;0;0;0;0;0;0;0;0;0;0;3065;0;0;125;0;121;0;
9916;7265353;1178734592;18563072;1314226176;0;0;0;0;0;0;0;0;0;0;0;2995;0;0;125;0;121;0;
9917;6018485;1178734592;18563072;1314226176;0;0;0;0;0;0;0;0;0;0;0;3256;0;0;125;0;121;0;
9918;4111229;1178734592;18563072;1314226176;0;0;0;0;0;0;0;0;0;0;0;2855;0;0;125;0;121;0;
9919;4853801;1178734592;18563072;1314226176;0;0;0;0;0;0;0;0;0;0;0;2735;0;0;125;0;121;0;
9920;3271985;1178734592;18563072;1314226176;0;0;0;0;0;0;0;0;0;0;0;3015;0;0;125;0;121;0;
9921;7091036;1178734592;18563072;1314226176;0;0;0;0;0;0;0;0;0;0;0;2004;0;0;125;0;121;0;
9922;4803416;1178734592;18563072;1314226176;0;0;0;0;0;0;0;0;0;0;0;3276;0;0;125;0;121;0;
9923;3359369;1178734592;18563072;1314226176;0;0;0;0;0;0;0;0;0;0;0;2625;0;0;125;0;121;0;
9924;4372338;1178734592;18563072;1314226176;0;0;0;0;0;0;0;0;0;0;0;2876;0;0;125;0;121;0;
9925;3376502;1178734592;18563072;1314226176;0;0;0;0;0;0;0;0;0;0;0;2986;0;0;125;0;121;0;
9926;6909104;1178734592;18563072;1314226176;0;0;0;0;0;0;0;0;0;0;0;2595;0;0;125;0;121;0;
9927;2490670;1178734592;18563072;1314226176;0;0;0;0;0;0;0;0;0;0;0;2815;0;0;125;0;121;0;
9928;1860369;1178734592;18563072;1314226176;0;0;0;0;0;0;0;0;0;0;0;2284;0;0;125;0;121;0;
9929;3713603;1178734592;18563072;1314226176;0;0;0;0;0;0;0;0;0;0;0;2685;0;0;125;0;121;0;
9930;3139237;1178734592;18563072;1314226176;0;0;0;0;0;0;0;0;0;0;0;2735;0;0;125;0;121;0;
9931;7003091;1178734592;18563072;1314226176;0;0;0;0;0;0;0;0;0;0;0;2635;0;0;125;0;121;0;
9932;6149210;1178734592;18563072;1314226176;0;0;0;0;0;0;0;0;0;0;0;3898;0;0;125;0;121;0;
9933;3084323;1178734592;18563072;1314226176;0;0;0;0;0;0;0;0;0;0;0;2424;0;0;125;0;121;0;
9934;2674485;1178734592;18563072;1314226176;0;0;0;0;0;0;0;0;0;0;0;2295;0;0;125;0;121;0;
9935;2041437;1178734592;18563072;1314226176;0;0;0;0;0;0;0;0;0;0;0;1974;0;0;125;0;121;0;
9936;8452389;1178734592;18563072;1314226176;0;0;0;0;0;0;0;0;0;0;0;2685;0;0;125;0;121;0;
9937;6863349;1178734592;18563072;1314226176;0;0;0;0;0;0;0;0;0;0;0;3256;0;0;125;0;121;0;
9938;3456521;1178734592;18563072;1314226176;0;0;0;0;0;0;0;0;0;0;0;2735;0;0;125;0;121;0;
9939;2130033;1178734592;18563072;1314226176;0;0;0;0;0;0;0;0;0;0;0;1713;0;0;125;0;121;0;
9940;1688115;1178734592;18563072;1314226176;0;0;0;0;0;0;0;0;0;0;0;1413;0;0;125;0;121;0;
9941;6404168;1178734592;18563072;1314226176;0;0;0;0;0;0;0;0;0;0;0;1573;0;0;125;0;121;0;
9942;5524649;1178734592;18563072;1314226176;0;0;0;0;0;0;0;0;0;0;0;2915;0;0;125;0;121;0;
9943;3435772;1178734592;18563072;1314226176;0;0;0;0;0;0;0;0;0;0;0;2856;0;0;125;0;121;0;
9944;4001603;1178734592;18563072;1314226176;0;0;0;0;0;0;0;0;0;0;0;2746;0;0;125;0;121;0;
9945;4286568;1178734592;18563072;1314226176;0;0;0;0;0;0;0;0;0;0;0;3166;0;0;125;0;121;0;
9946;6846006;1178734592;18563072;1314226176;0;0;0;0;0;0;0;0;0;0;0;2996;0;0;125;0;121;0;
9947;4735509;1178734592;18563072;1314226176;0;0;0;0;0;0;0;0;0;0;0;3066;0;0;125;0;121;0;
9948;4314530;1178734592;18563072;1314226176;0;0;0;0;0;0;0;0;0;0;0;2836;0;0;125;0;121;0;
9949;4291517;1178734592;18563072;1314226176;0;0;0;0;0;0;0;0;0;0;0;2895;0;0;125;0;121;0;
9950;4066445;1178734592;18563072;1314226176;0;0;0;0;0;0;0;0;0;0;0;3126;0;0;125;0;121;0;
9951;6839084;1178734592;18563072;1314226176;0;0;0;0;0;0;0;0;0;0;0;2384;0;0;125;0;121;0;
9952;4365084;1178734592;18563072;1314226176;0;0;0;0;0;0;0;0;0;0;0;3256;0;0;125;0;121;0;
9953;2654087;1178734592;18563072;1314226176;0;0;0;0;0;0;0;0;0;0;0;2204;0;0;125;0;121;0;
9954;7276434;1178734592;18563072;1314226176;0;0;0;0;0;0;0;0;0;0;0;4568;0;0;125;0;121;0;
9955;1828228;1178734592;18563072;1314226176;0;0;0;0;0;0;0;0;0;0;0;2384;0;0;125;0;121;0;
9956;8742813;1178734592;18563072;1314226176;0;0;0;0;0;0;0;0;0;0;0;1824;0;0;125;0;121;0;
9957;7304036;1178734592;18563072;1314226176;0;0;0;0;0;0;0;0;0;0;0;3827;0;0;125;0;121;0;
9958;3774968;1178734592;18563072;1314226176;0;0;0;0;0;0;0;0;0;0;0;2715;0;0;125;0;121;0;
9959;4102031;1178734592;18563072;1314226176;0;0;0;0;0;0;0;0;0;0;0;2064;0;0;125;0;121;0;
9960;4238207;1178734592;18563072;1314226176;0;0;0;0;0;0;0;0;0;0;0;2595;0;0;125;0;121;0;
9961;9632281;1178734592;18563072;1314226176;0;0;0;0;0;0;0;0;0;0;0;2735;0;0;125;0;121;0;
9962;3574562;1178734592;18563072;1314226176;0;0;0;0;0;0;0;0;0;0;0;4609;0;0;125;0;121;0;
9963;1899602;1178734592;18563072;1314226176;0;0;0;0;0;0;0;0;0;0;0;1323;0;0;125;0;121;0;
9964;2215614;1178734592;18563072;1314226176;0;0;0;0;0;0;0;0;0;0;0;2244;0;0;125;0;121;0;
9965;3029491;1178734592;18563072;1314226176;0;0;0;0;0;0;0;0;0;0;0;1903;0;0;125;0;121;0;
9966;8460614;1178734592;18563072;1314226176;0;0;0;0;0;0;0;0;0;0;0;2906;0;0;125;0;121;0;
9967;5693896;1178734592;18563072;1314226176;0;0;0;0;0;0;0;0;0;0;0;3246;0;0;125;0;121;0;
9968;3887459;1178734592;18563072;1314226176;0;0;0;0;0;0;0;0;0;0;0;2865;0;0;125;0;121;0;
9969;3342587;1178734592;18563072;1314226176;0;0;0;0;0;0;0;0;0;0;0;2054;0;0;125;0;121;0;
9970;2215043;1178734592;18563072;1314226176;0;0;0;0;0;0;0;0;0;0;0;2264;0;0;125;0;121;0;
9971;7010054;1178734592;18563072;1314226176;0;0;0;0;0;0;0;0;0;0;0;1352;0;0;125;0;121;0;
9972;5381149;1178734592;18563072;1314226176;0;0;0;0;0;0;0;0;0;0;0;3046;0;0;125;0;121;0;
9973;4372128;1178734592;18563072;1314226176;0;0;0;0;0;0;0;0;0;0;0;2875;0;0;125;0;121;0;
9974;2474940;1178734592;18563072;1314226176;0;0;0;0;0;0;0;0;0;0;0;2725;0;0;125;0;121;0;
9975;900909;1178734592;18563072;1314226176;0;0;0;0;0;0;0;0;0;0;0;1443;0;0;125;0;121;0;
9976;4312516;1178734592;18563072;1314226176;0;0;0;0;0;0;0;0;0;0;0;1403;0;0;125;0;121;0;
9977;9180043;1178734592;18563072;1314226176;0;0;0;0;0;0;0;0;0;0;0;4718;0;0;125;0;121;0;
9978;4082414;1178734592;18563072;1314226176;0;0;0;0;0;0;0;0;0;0;0;3146;0;0;125;0;121;0;
9979;3732849;1178734592;18563072;1314226176;0;0;0;0;0;0;0;0;0;0;0;2505;0;0;125;0;121;0;
9980;4120325;1178734592;18563072;1314226176;0;0;0;0;0;0;0;0;0;0;0;2935;0;0;125;0;121;0;
9981;9441904;1178734592;18563072;1314226176;0;0;0;0;0;0;0;0;0;0;0;3276;0;0;125;0;121;0;
9982;8305453;1178734592;18563072;1314226176;0;0;0;0;0;0;0;0;0;0;0;3547;0;0;125;0;121;0;
9983;4994125;1178734592;18563072;1314226176;0;0;0;0;0;0;0;0;0;0;0;3206;0;0;125;0;121;0;
9984;4017103;1178734592;18563072;1314226176;0;0;0;0;0;0;0;0;0;0;0;3066;0;0;125;0;121;0;
9985;2966202;1178734592;18563072;1314226176;0;0;0;0;0;0;0;0;0;0;0;2895;0;0;125;0;121;0;
9986;4893195;1178734592;18563072;1314226176;0;0;0;0;0;0;0;0;0;0;0;1804;0;0;125;0;121;0;
9987;7554715;1178734592;18563072;1314226176;0;0;0;0;0;0;0;0;0;0;0;3517;0;0;125;0;121;0;
9988;3065989;1178734592;18563072;1314226176;0;0;0;0;0;0;0;0;0;0;0;2444;0;0;125;0;121;0;
9989;3239724;1178734592;18563072;1314226176;0;0;0;0;0;0;0;0;0;0;0;1733;0;0;125;0;121;0;
9990;1672696;1178734592;18563072;1314226176;0;0;0;0;0;0;0;0;0;0;0;2134;0;0;125;0;121;0;
9991;7879925;1178734592;18563072;1314226176;0;0;0;0;0;0;0;0;0;0;0;1573;0;0;125;0;121;0;
9992;11341356;1178734592;18563072;1314226176;0;0;0;0;0;0;0;0;0;0;0;3697;0;0;125;0;121;0;
9993;2499858;1178734592;18563072;1314226176;0;0;0;0;0;0;0;0;0;0;0;1814;0;0;125;0;121;0;
9994;4439053;1178734592;18563072;1314226176;0;0;0;0;0;0;0;0;0;0;0;3186;0;0;125;0;121;0;
9995;3167980;1178734592;18563072;1314226176;0;0;0;0;0;0;0;0;0;0;0;2575;0;0;125;0;121;0;
9996;7939247;1178734592;18563072;1314226176;0;0;0;0;0;0;0;0;0;0;0;3807;0;0;125;0;121;0;
9997;6788910;1178734592;18563072;1314226176;0;0;0;0;0;0;0;0;0;0;0;2886;0;0;125;0;121;0;
9998;4072877;1178734592;18563072;1314226176;0;0;0;0;0;0;0;0;0;0;0;3216;0;0;125;0;121;0;
9999;3845250;1178734592;18563072;1314226176;0;0;0;0;0;0;0;0;0;0;0;2053;0;0;125;0;121;0;
10000;3382883;1178734592;18563072;1314226176;0;0;0;0;0;0;0;0;0;0;0;2885;0;0;125;0;121;0;
10001;9576787;1178734592;18563072;1314226176;0;0;0;0;0;0;0;0;0;0;0;2245;0;0;125;0;121;0;
10002;4884419;1178734592;18563072;1314226176;0;0;0;0;0;0;0;0;0;0;0;85981;0;0;125;0;121;0;
10003;2658315;1178734592;18563072;1314226176;0;0;0;0;0;0;0;0;0;0;0;2274;0;0;125;0;121;0;
10004;4170019;1178734592;18563072;1314226176;0;0;0;0;0;0;0;0;0;0;0;2695;0;0;125;0;121;0;
10005;2975850;1178734592;18563072;1314226176;0;0;0;0;0;0;0;0;0;0;0;2074;0;0;125;0;121;0;
10006;8969468;1178734592;18563072;1314226176;0;0;0;0;0;0;0;0;0;0;0;2404;0;0;125;0;121;0;
10007;5544657;1178734592;18563072;1314226176;0;0;0;0;0;0;0;0;0;0;0;3046;0;0;125;0;121;0;
10008;2910537;1178734592;18563072;1314226176;0;0;0;0;0;0;0;0;0;0;0;3106;0;0;125;0;121;0;
10009;3267527;1178734592;18563072;1314226176;0;0;0;0;0;0;0;0;0;0;0;1523;0;0;125;0;121;0;
10010;2895800;1178734592;18563072;1314226176;0;0;0;0;0;0;0;0;0;0;0;3526;0;0;125;0;121;0;
10011;7050590;1178734592;18563072;1314226176;0;0;0;0;0;0;0;0;0;0;0;2735;0;0;125;0;121;0;
10012;4680867;1178734592;18563072;1314226176;0;0;0;0;0;0;0;0;0;0;0;3095;0;0;125;0;121;0;
10013;2297418;1178734592;18563072;1314226176;0;0;0;0;0;0;0;0;0;0;0;2374;0;0;125;0;121;0;
10014;4212849;1178734592;18563072;1314226176;0;0;0;0;0;0;0;0;0;0;0;3547;0;0;125;0;121;0;
10015;2268754;1178734592;18563072;1314226176;0;0;0;0;0;0;0;0;0;0;0;2405;0;0;125;0;121;0;
10016;7859386;1178734592;18563072;1314226176;0;0;0;0;0;0;0;0;0;0;0;1944;0;0;125;0;121;0;
10017;5911995;1178734592;18563072;1314226176;0;0;0;0;0;0;0;0;0;0;0;5020;0;0;125;0;121;0;
10018;4383590;1178734592;18563072;1314226176;0;0;0;0;0;0;0;0;0;0;0;2985;0;0;125;0;121;0;
10019;5667256;1178734592;18563072;1314226176;0;0;0;0;0;0;0;0;0;0;0;3948;0;0;125;0;121;0;
10020;4125465;1178734592;18563072;1314226176;0;0;0;0;0;0;0;0;0;0;0;3276;0;0;125;0;121;0;
10021;9165496;1178734592;18563072;1314226176;0;0;0;0;0;0;0;0;0;0;0;3136;0;0;125;0;121;0;
10022;5909180;1178734592;18563072;1314226176;0;0;0;0;0;0;0;0;0;0;0;3387;0;0;125;0;121;0;
10023;2942637;1178734592;18563072;1314226176;0;0;0;0;0;0;0;0;0;0;0;2635;0;0;125;0;121;0;
10024;3772143;1178734592;18563072;1314226176;0;0;0;0;0;0;0;0;0;0;0;2414;0;0;125;0;121;0;
10025;4617709;1178734592;18563072;1314226176;0;0;0;0;0;0;0;0;0;0;0;3105;0;0;125;0;121;0;
10026;6703680;1178734592;18563072;1314226176;0;0;0;0;0;0;0;0;0;0;0;2685;0;0;125;0;121;0;
10027;5851742;1178734592;18563072;1314226176;0;0;0;0;0;0;0;0;0;0;0;3015;0;0;125;0;121;0;
10028;3665292;1178734592;18563072;1314226176;0;0;0;0;0;0;0;0;0;0;0;3026;0;0;125;0;121;0;
10029;3979783;1178734592;18563072;1314226176;0;0;0;0;0;0;0;0;0;0;0;2945;0;0;125;0;121;0;
10030;3513889;1178734592;18563072;1314226176;0;0;0;0;0;0;0;0;0;0;0;2404;0;0;125;0;121;0;
10031;8721053;1178734592;18563072;1314226176;0;0;0;0;0;0;0;0;0;0;0;2615;0;0;125;0;121;0;
10032;7002460;1178734592;18563072;1314226176;0;0;0;0;0;0;0;0;0;0;0;4158;0;0;125;0;121;0;
10033;3371622;1178734592;18563072;1314226176;0;0;0;0;0;0;0;0;0;0;0;2685;0;0;125;0;121;0;
10034;4347161;1178734592;18563072;1314226176;0;0;0;0;0;0;0;0;0;0;0;2685;0;0;125;0;121;0;
10035;4230773;1178734592;18563072;1314226176;0;0;0;0;0;0;0;0;0;0;0;2494;0;0;125;0;121;0;
10036;6800491;1178734592;18563072;1314226176;0;0;0;0;0;0;0;0;0;0;0;2234;0;0;125;0;121;0;
10037;5563712;1178734592;18563072;1314226176;0;0;0;0;0;0;0;0;0;0;0;5520;0;0;125;0;121;0;
10038;4330300;1178734592;18563072;1314226176;0;0;0;0;0;0;0;0;0;0;0;2585;0;0;125;0;121;0;
10039;4265097;1178734592;18563072;1314226176;0;0;0;0;0;0;0;0;0;0;0;2595;0;0;125;0;121;0;
10040;4844914;1178734592;18563072;1314226176;0;0;0;0;0;0;0;0;0;0;0;3677;0;0;125;0;122;0;
10041;7269070;1178734592;18563072;1314226176;0;0;0;0;0;0;0;0;0;0;0;3016;0;0;125;0;122;0;
10042;3156749;1178734592;18563072;1314226176;0;0;0;0;0;0;0;0;0;0;0;2805;0;0;125;0;122;0;
10043;2186660;1178734592;18563072;1314226176;0;0;0;0;0;0;0;0;0;0;0;2374;0;0;125;0;122;0;
10044;2969909;1178734592;18563072;1314226176;0;0;0;0;0;0;0;0;0;0;0;2394;0;0;125;0;122;0;
10045;3455800;1178734592;18563072;1314226176;0;0;0;0;0;0;0;0;0;0;0;3267;0;0;125;0;122;0;
10046;8356990;1178734592;18563072;1314226176;0;0;0;0;0;0;0;0;0;0;0;2966;0;0;125;0;122;0;
10047;5631088;1178734592;18563072;1314226176;0;0;0;0;0;0;0;0;0;0;0;2865;0;0;125;0;122;0;
10048;3505313;1178734592;18563072;1314226176;0;0;0;0;0;0;0;0;0;0;0;2705;0;0;125;0;122;0;
10049;2512681;1178734592;18563072;1314226176;0;0;0;0;0;0;0;0;0;0;0;2545;0;0;125;0;122;0;
10050;4065363;1178734592;18563072;1314226176;0;0;0;0;0;0;0;0;0;0;0;2445;0;0;125;0;122;0;
10051;6941666;1178734592;18563072;1314226176;0;0;0;0;0;0;0;0;0;0;0;2024;0;0;125;0;122;0;
10052;4732433;1178734592;18563072;1314226176;0;0;0;0;0;0;0;0;0;0;0;3156;0;0;125;0;122;0;
10053;4646562;1178734592;18563072;1314226176;0;0;0;0;0;0;0;0;0;0;0;2896;0;0;125;0;122;0;
10054;5306360;1178734592;18563072;1314226176;0;0;0;0;0;0;0;0;0;0;0;9037;0;0;125;0;122;0;
10055;4200937;1178734592;18563072;1314226176;0;0;0;0;0;0;0;0;0;0;0;3196;0;0;125;0;122;0;
10056;7990422;1178734592;18563072;1314226176;0;0;0;0;0;0;0;0;0;0;0;2555;0;0;125;0;122;0;
10057;5457423;1178734592;18563072;1314226176;0;0;0;0;0;0;0;0;0;0;0;3326;0;0;125;0;122;0;
10058;3422698;1178734592;18563072;1314226176;0;0;0;0;0;0;0;0;0;0;0;2574;0;0;125;0;122;0;
10059;5753899;1178734592;18563072;1314226176;0;0;0;0;0;0;0;0;0;0;0;4990;0;0;125;0;122;0;
10060;5056692;1178734592;18563072;1314226176;0;0;0;0;0;0;0;0;0;0;0;4389;0;0;125;0;122;0;
10061;6440527;1178734592;18563072;1314226176;0;0;0;0;0;0;0;0;0;0;0;2645;0;0;125;0;122;0;
10062;5104692;1178734592;18563072;1314226176;0;0;0;0;0;0;0;0;0;0;0;3096;0;0;125;0;122;0;
10063;3712101;1178734592;18563072;1314226176;0;0;0;0;0;0;0;0;0;0;0;2916;0;0;125;0;122;0;
10064;3725575;1178734592;18563072;1314226176;0;0;0;0;0;0;0;0;0;0;0;3316;0;0;125;0;122;0;
10065;2425208;1178734592;18563072;1314226176;0;0;0;0;0;0;0;0;0;0;0;2494;0;0;125;0;122;0;
10066;7226050;1178734592;18563072;1314226176;0;0;0;0;0;0;0;0;0;0;0;2585;0;0;125;0;122;0;
10067;3607504;1178734592;18563072;1314226176;0;0;0;0;0;0;0;0;0;0;0;2826;0;0;125;0;122;0;
10068;3343019;1178734592;18563072;1314226176;0;0;0;0;0;0;0;0;0;0;0;2465;0;0;125;0;122;0;
10069;2602600;1178734592;18563072;1314226176;0;0;0;0;0;0;0;0;0;0;0;2665;0;0;125;0;122;0;
10070;4598573;1178734592;18563072;1314226176;0;0;0;0;0;0;0;0;0;0;0;2946;0;0;125;0;122;0;
10071;7126412;1178734592;18563072;1314226176;0;0;0;0;0;0;0;0;0;0;0;3115;0;0;125;0;122;0;
10072;4000701;1178734592;18563072;1314226176;0;0;0;0;0;0;0;0;0;0;0;3397;0;0;125;0;122;0;
10073;3267897;1178734592;18563072;1314226176;0;0;0;0;0;0;0;0;0;0;0;2876;0;0;125;0;122;0;
10074;3589671;1178734592;18563072;1314226176;0;0;0;0;0;0;0;0;0;0;0;2275;0;0;125;0;122;0;
10075;2527469;1178734592;18563072;1314226176;0;0;0;0;0;0;0;0;0;0;0;2414;0;0;125;0;122;0;
10076;7894923;1178734592;18563072;1314226176;0;0;0;0;0;0;0;0;0;0;0;2164;0;0;125;0;122;0;
10077;5442214;1178734592;18563072;1314226176;0;0;0;0;0;0;0;0;0;0;0;3246;0;0;125;0;122;0;
10078;4356518;1178734592;18563072;1314226176;0;0;0;0;0;0;0;0;0;0;0;2585;0;0;125;0;122;0;
10079;4454302;1178734592;18563072;1314226176;0;0;0;0;0;0;0;0;0;0;0;2654;0;0;125;0;122;0;
10080;3504100;1178734592;18563072;1314226176;0;0;0;0;0;0;0;0;0;0;0;3106;0;0;125;0;122;0;
10081;8854433;1178734592;18563072;1314226176;0;0;0;0;0;0;0;0;0;0;0;2254;0;0;125;0;122;0;
10082;7820564;1178734592;18563072;1314226176;0;0;0;0;0;0;0;0;0;0;0;3576;0;0;125;0;122;0;
10083;3990793;1178734592;18563072;1314226176;0;0;0;0;0;0;0;0;0;0;0;3005;0;0;125;0;122;0;
10084;4937137;1178734592;18563072;1314226176;0;0;0;0;0;0;0;0;0;0;0;2565;0;0;125;0;122;0;
10085;3418600;1178734592;18563072;1314226176;0;0;0;0;0;0;0;0;0;0;0;2875;0;0;125;0;122;0;
10086;6905678;1178734592;18563072;1314226176;0;0;0;0;0;0;0;0;0;0;0;3136;0;0;125;0;122;0;
10087;7161839;1178734592;18563072;1314226176;0;0;0;0;0;0;0;0;0;0;0;3046;0;0;125;0;122;0;
10088;4626234;1178734592;18563072;1314226176;0;0;0;0;0;0;0;0;0;0;0;3687;0;0;125;0;122;0;
10089;5613967;1178734592;18563072;1314226176;0;0;0;0;0;0;0;0;0;0;0;2915;0;0;125;0;122;0;
10090;4866705;1178734592;18563072;1314226176;0;0;0;0;0;0;0;0;0;0;0;3507;0;0;125;0;122;0;
10091;8361628;1178734592;18563072;1314226176;0;0;0;0;0;0;0;0;0;0;0;3216;0;0;125;0;122;0;
10092;7472591;1178734592;18563072;1314226176;0;0;0;0;0;0;0;0;0;0;0;3897;0;0;125;0;122;0;
10093;4034394;1178734592;18563072;1314226176;0;0;0;0;0;0;0;0;0;0;0;2475;0;0;125;0;122;0;
10094;3648711;1178734592;18563072;1314226176;0;0;0;0;0;0;0;0;0;0;0;2154;0;0;125;0;122;0;
10095;7203748;1178734592;18563072;1314226176;0;0;0;0;0;0;0;0;0;0;0;2404;0;0;125;0;122;0;
10096;5356513;1178734592;18563072;1314226176;0;0;0;0;0;0;0;0;0;0;0;2755;0;0;125;0;122;0;
10097;3210760;1178734592;18563072;1314226176;0;0;0;0;0;0;0;0;0;0;0;2204;0;0;125;0;122;0;
10098;4541446;1178734592;18563072;1314226176;0;0;0;0;0;0;0;0;0;0;0;2935;0;0;125;0;122;0;
10099;8097914;1178734592;18563072;1314226176;0;0;0;0;0;0;0;0;0;0;0;2485;0;0;125;0;122;0;
10100;12693541;1178734592;18563072;1314226176;0;0;0;0;0;0;0;0;0;0;0;3857;0;0;125;0;122;0;
10101;5082149;1178734592;18563072;1314226176;0;0;0;0;0;0;0;0;0;0;0;2966;0;0;125;0;122;0;
10102;9704696;1178734592;18563072;1314226176;0;0;0;0;0;0;0;0;0;0;0;3677;0;0;125;0;122;0;
10103;8482936;1178734592;18563072;1314226176;0;0;0;0;0;0;0;0;0;0;0;2995;0;0;125;0;122;0;
10104;7901205;1178730496;18558976;1314222080;0;0;0;0;0;0;0;0;0;0;0;3226;0;0;125;0;122;0;
10105;6643296;1178730496;18558976;1314222080;0;0;0;0;0;0;0;0;0;0;0;3116;0;0;125;0;122;0;
10106;5192496;1178730496;18558976;1314222080;0;0;0;0;0;0;0;0;0;0;0;3888;0;0;125;0;122;0;
10107;9040772;1178730496;18558976;1314222080;0;0;0;0;0;0;0;0;0;0;0;2855;0;0;125;0;122;0;
10108;4615465;1178730496;18563072;1314226176;0;0;0;0;0;0;0;0;0;0;0;2815;0;0;125;0;122;0;
10109;4588283;1178730496;18563072;1314226176;0;0;0;0;0;0;0;0;0;0;0;2855;0;0;125;0;122;0;
10110;4244439;1178730496;18563072;1314226176;0;0;0;0;0;0;0;0;0;0;0;3006;0;0;125;0;122;0;
10111;7546791;1178730496;18563072;1314226176;0;0;0;0;0;0;0;0;0;0;0;3036;0;0;125;0;122;0;
10112;8991870;1178730496;18563072;1314226176;0;0;0;0;0;0;0;0;0;0;0;3316;0;0;125;0;122;0;
10113;4031669;1178730496;18563072;1314226176;0;0;0;0;0;0;0;0;0;0;0;2265;0;0;125;0;122;0;
10114;4230442;1178730496;18563072;1314226176;0;0;0;0;0;0;0;0;0;0;0;3016;0;0;125;0;122;0;
10115;7983179;1178730496;18563072;1314226176;0;0;0;0;0;0;0;0;0;0;0;3136;0;0;125;0;122;0;
10116;5878151;1178730496;18563072;1314226176;0;0;0;0;0;0;0;0;0;0;0;3426;0;0;125;0;122;0;
10117;8012283;1178730496;18563072;1314226176;0;0;0;0;0;0;0;0;0;0;0;2775;0;0;125;0;122;0;
10118;6572755;1178730496;18563072;1314226176;0;0;0;0;0;0;0;0;0;0;0;3566;0;0;125;0;122;0;
10119;11504291;1178730496;18563072;1314226176;0;0;0;0;0;0;0;0;0;0;0;3186;0;0;125;0;122;0;
10120;6162324;1178730496;18563072;1314226176;0;0;0;0;0;0;0;0;0;0;0;3467;0;0;125;0;122;0;
10121;12787177;1178730496;18563072;1314226176;0;0;0;0;0;0;0;0;0;0;0;3306;0;0;125;0;122;0;
10122;7179061;1173327872;13156352;1308819456;0;0;0;0;0;0;0;0;0;0;0;3046;0;0;125;0;122;0;
10123;10910708;1173327872;13156352;1308819456;0;0;0;0;0;0;0;0;0;0;0;3747;0;0;125;0;122;0;
10124;8324468;1173323776;13152256;1308815360;0;0;0;0;0;0;0;0;0;0;0;3587;0;0;125;0;122;0;
10125;9463925;1173323776;13152256;1308815360;0;0;0;0;0;0;0;0;0;0;0;3307;0;0;125;0;122;0;
10126;6212800;1173323776;13152256;1308815360;0;0;0;0;0;0;0;0;0;0;0;5851;0;0;125;0;122;0;
10127;10069221;1173323776;13152256;1308815360;0;0;0;0;0;0;0;0;0;0;0;2414;0;0;125;0;122;0;
10128;10566182;1173323776;13152256;1308815360;0;0;0;0;0;0;0;0;0;0;0;3156;0;0;125;0;122;0;
10129;12048482;1173323776;13152256;1308815360;0;0;0;0;0;0;0;0;0;0;0;3076;0;0;125;0;122;0;
10130;8690215;1173323776;13152256;1308815360;0;0;0;0;0;0;0;0;0;0;0;3577;0;0;125;0;122;0;
10131;8703820;1173323776;13152256;1308815360;0;0;0;0;0;0;0;0;0;0;0;2685;0;0;125;0;122;0;
10132;7387031;1173323776;13152256;1308815360;0;0;0;0;0;0;0;0;0;0;0;3717;0;0;125;0;122;0;
10133;9711339;1173323776;13152256;1308815360;0;0;0;0;0;0;0;0;0;0;0;2916;0;0;125;0;122;0;
10134;8194024;1173323776;13152256;1308815360;0;0;0;0;0;0;0;0;0;0;0;3847;0;0;125;0;122;0;
10135;10269687;1173323776;13152256;1308815360;0;0;0;0;0;0;0;0;0;0;0;3066;0;0;125;0;122;0;
10136;6250800;1173323776;13152256;1308815360;0;0;0;0;0;0;0;0;0;0;0;3577;0;0;125;0;122;0;
10137;11399274;1175953408;18558976;1314222080;0;0;0;0;0;0;0;0;0;0;0;2855;0;0;125;0;122;0;
10138;7774247;1178050560;18558976;1314222080;0;0;0;0;0;0;0;0;0;0;0;3075;0;0;125;0;122;0;
10139;6521738;1178587136;18558976;1314222080;0;0;0;0;0;0;0;0;0;0;0;2675;0;0;125;0;122;0;
10140;7095524;1178587136;18558976;1314222080;0;0;0;0;0;0;0;0;0;0;0;3276;0;0;125;0;122;0;
10141;7457072;1178587136;18558976;1314222080;0;0;0;0;0;0;0;0;0;0;0;2154;0;0;125;0;122;0;
10142;9036835;1178587136;18558976;1314222080;0;0;0;0;0;0;0;0;0;0;0;3446;0;0;125;0;122;0;
10143;8746710;1178587136;18558976;1314222080;0;0;0;0;0;0;0;0;0;0;0;2995;0;0;125;0;122;0;
10144;5952932;1172099072;12062720;1307725824;0;0;0;0;0;0;0;0;0;0;0;2796;0;0;125;0;122;0;
10145;9677796;1172099072;12062720;1307725824;0;0;0;0;0;0;0;0;0;0;0;3417;0;0;125;0;122;0;
10146;7407950;1172099072;12062720;1307725824;0;0;0;0;0;0;0;0;0;0;0;3446;0;0;125;0;122;0;
10147;8192492;1172099072;12062720;1307725824;0;0;0;0;0;0;0;0;0;0;0;3357;0;0;125;0;122;0;
10148;5657848;1172099072;12062720;1307725824;0;0;0;0;0;0;0;0;0;0;0;3487;0;0;125;0;122;0;
10149;8400501;1172099072;12062720;1307725824;0;0;0;0;0;0;0;0;0;0;0;3567;0;0;125;0;122;0;
10150;6359384;1172099072;12062720;1307725824;0;0;0;0;0;0;0;0;0;0;0;3647;0;0;125;0;122;0;
10151;10415089;1172099072;12062720;1307725824;0;0;0;0;0;0;0;0;0;0;0;3146;0;0;125;0;122;0;
10152;7822939;1172099072;12062720;1307725824;0;0;0;0;0;0;0;0;0;0;0;3386;0;0;125;0;122;0;
10153;9628985;1172099072;12062720;1307725824;0;0;0;0;0;0;0;0;0;0;0;3176;0;0;125;0;122;0;
10154;3838518;1172099072;12062720;1307725824;0;0;0;0;0;0;0;0;0;0;0;4047;0;0;125;0;122;0;
10155;8658916;1172099072;12062720;1307725824;0;0;0;0;0;0;0;0;0;0;0;2845;0;0;125;0;122;0;
10156;9666325;1172099072;12062720;1307725824;0;0;0;0;0;0;0;0;0;0;0;3266;0;0;125;0;122;0;
10157;8097163;1172099072;12062720;1307725824;0;0;0;0;0;0;0;0;0;0;0;1773;0;0;125;0;122;0;
10158;5170835;1172099072;12062720;1307725824;0;0;0;0;0;0;0;0;0;0;0;3276;0;0;125;0;122;0;
10159;5710367;1172099072;12062720;1307725824;0;0;0;0;0;0;0;0;0;0;0;2885;0;0;125;0;122;0;
10160;5288677;1172099072;12062720;1307725824;0;0;0;0;0;0;0;0;0;0;0;2806;0;0;125;0;122;0;
10161;10018936;1174728704;18558976;1314222080;0;0;0;0;0;0;0;0;0;0;0;3186;0;0;125;0;122;0;
10162;6503445;1176825856;18558976;1314222080;0;0;0;0;0;0;0;0;0;0;0;3336;0;0;125;0;122;0;
10163;7994510;1177362432;18558976;1314222080;0;0;0;0;0;0;0;0;0;0;0;3356;0;0;125;0;122;0;
10164;5069246;1177362432;18558976;1314222080;0;0;0;0;0;0;0;0;0;0;0;5330;0;0;125;0;122;0;
10165;8317385;1177362432;18558976;1314222080;0;0;0;0;0;0;0;0;0;0;0;2465;0;0;125;0;122;0;
10166;3255343;1177362432;18558976;1314222080;0;0;0;0;0;0;0;0;0;0;0;2875;0;0;125;0;122;0;
10167;6617197;1177362432;18558976;1314222080;0;0;0;0;0;0;0;0;0;0;0;6162;0;0;125;0;122;0;
10168;5594050;1172111360;13152256;1308815360;0;0;0;0;0;0;0;0;0;0;0;5169;0;0;125;0;123;0;
10169;10433113;1172111360;13152256;1308815360;0;0;0;0;0;0;0;0;0;0;0;2825;0;0;125;0;123;0;
10170;5376932;1172111360;13152256;1308815360;0;0;0;0;0;0;0;0;0;0;0;3537;0;0;125;0;123;0;
10171;7469926;1172111360;13152256;1308815360;0;0;0;0;0;0;0;0;0;0;0;2755;0;0;125;0;123;0;
10172;4110497;1172111360;13152256;1308815360;0;0;0;0;0;0;0;0;0;0;0;2836;0;0;125;0;123;0;
10173;7158642;1172111360;13152256;1308815360;0;0;0;0;0;0;0;0;0;0;0;1683;0;0;125;0;123;0;
10174;4166342;1172111360;13152256;1308815360;0;0;0;0;0;0;0;0;0;0;0;3135;0;0;125;0;123;0;
10175;7053456;1172111360;13152256;1308815360;0;0;0;0;0;0;0;0;0;0;0;2294;0;0;125;0;123;0;
10176;5362835;1172111360;13152256;1308815360;0;0;0;0;0;0;0;0;0;0;0;2855;0;0;125;0;123;0;
10177;6656842;1172111360;13152256;1308815360;0;0;0;0;0;0;0;0;0;0;0;1853;0;0;125;0;123;0;
10178;4071975;1172111360;13152256;1308815360;0;0;0;0;0;0;0;0;0;0;0;2836;0;0;125;0;123;0;
10179;6309792;1172111360;13152256;1308815360;0;0;0;0;0;0;0;0;0;0;0;2705;0;0;125;0;123;0;
10180;5794625;1172111360;13152256;1308815360;0;0;0;0;0;0;0;0;0;0;0;3226;0;0;125;0;123;0;
10181;5544256;1172111360;13152256;1308815360;0;0;0;0;0;0;0;0;0;0;0;1843;0;0;125;0;123;0;
10182;5331287;1172111360;13152256;1308815360;0;0;0;0;0;0;0;0;0;0;0;3636;0;0;125;0;123;0;
10183;7856562;1174740992;18558976;1314222080;0;0;0;0;0;0;0;0;0;0;0;2825;0;0;125;0;123;0;
10184;4704912;1176838144;18558976;1314222080;0;0;0;0;0;0;0;0;0;0;0;2925;0;0;125;0;123;0;
10185;8534452;1177374720;18558976;1314222080;0;0;0;0;0;0;0;0;0;0;0;2484;0;0;125;0;123;0;
10186;4416451;1177374720;18558976;1314222080;0;0;0;0;0;0;0;0;0;0;0;2795;0;0;125;0;123;0;
10187;5308323;1177374720;18558976;1314222080;0;0;0;0;0;0;0;0;0;0;0;2134;0;0;125;0;123;0;
10188;3625809;1177374720;18558976;1314222080;0;0;0;0;0;0;0;0;0;0;0;2926;0;0;125;0;123;0;
10189;8790552;1177374720;18558976;1314222080;0;0;0;0;0;0;0;0;0;0;0;2715;0;0;125;0;124;0;
10190;4904977;1172123648;12062720;1307725824;0;0;0;0;0;0;0;0;0;0;0;2675;0;0;125;0;124;0;
10191;8742813;1172123648;12062720;1307725824;0;0;0;0;0;0;0;0;0;0;0;2484;0;0;125;0;124;0;
10192;4136366;1172123648;12062720;1307725824;0;0;0;0;0;0;0;0;0;0;0;2816;0;0;125;0;124;0;
10193;9405486;1172123648;12062720;1307725824;0;0;0;0;0;0;0;0;0;0;0;3377;0;0;125;0;124;0;
10194;8896973;1172123648;12062720;1307725824;0;0;0;0;0;0;0;0;0;0;0;4038;0;0;125;0;124;0;
10195;7155857;1172123648;12062720;1307725824;0;0;0;0;0;0;0;0;0;0;0;4719;0;0;125;0;124;0;
10196;7486107;1172123648;12062720;1307725824;0;0;0;0;0;0;0;0;0;0;0;3366;0;0;125;0;124;0;
10197;8787097;1172123648;12062720;1307725824;0;0;0;0;0;0;0;0;0;0;0;2695;0;0;125;0;124;0;
10198;6435267;1172123648;12062720;1307725824;0;0;0;0;0;0;0;0;0;0;0;3346;0;0;125;0;124;0;
10199;8972023;1172123648;12062720;1307725824;0;0;0;0;0;0;0;0;0;0;0;1954;0;0;125;0;124;0;
10200;6608611;1172123648;12062720;1307725824;0;0;0;0;0;0;0;0;0;0;0;3557;0;0;125;0;124;0;
10201;8089899;1172123648;12062720;1307725824;0;0;0;0;0;0;0;0;0;0;0;3416;0;0;125;0;124;0;
10202;4261651;1172123648;12062720;1307725824;0;0;0;0;0;0;0;0;0;0;0;3015;0;0;125;0;124;0;
10203;8677751;1172123648;12062720;1307725824;0;0;0;0;0;0;0;0;0;0;0;2655;0;0;125;0;124;0;
10204;6815019;1172123648;12062720;1307725824;0;0;0;0;0;0;0;0;0;0;0;3777;0;0;125;0;124;0;
10205;7601333;1172123648;12062720;1307725824;0;0;0;0;0;0;0;0;0;0;0;2745;0;0;125;0;124;0;
10206;5580464;1172123648;12062720;1307725824;0;0;0;0;0;0;0;0;0;0;0;3025;0;0;125;0;124;0;
10207;9328822;1174753280;18558976;1314222080;0;0;0;0;0;0;0;0;0;0;0;3025;0;0;125;0;124;0;
10208;5549585;1176850432;18558976;1314222080;0;0;0;0;0;0;0;0;0;0;0;3336;0;0;125;0;124;0;
10209;7921964;1177387008;18558976;1314222080;0;0;0;0;0;0;0;0;0;0;0;3858;0;0;125;0;124;0;
10210;6892955;1177387008;18558976;1314222080;0;0;0;0;0;0;0;0;0;0;0;3547;0;0;125;0;124;0;
10211;8561463;1177387008;18558976;1314222080;0;0;0;0;0;0;0;0;0;0;0;2955;0;0;125;0;124;0;
10212;6469380;1177387008;18558976;1314222080;0;0;0;0;0;0;0;0;0;0;0;3527;0;0;125;0;124;0;
10213;8243697;1177387008;18558976;1314222080;0;0;0;0;0;0;0;0;0;0;0;2104;0;0;125;0;124;0;
10214;7179862;1172135936;13152256;1308815360;0;0;0;0;0;0;0;0;0;0;0;2956;0;0;125;0;124;0;
10215;9809844;1172135936;13152256;1308815360;0;0;0;0;0;0;0;0;0;0;0;3797;0;0;125;0;125;0;
10216;7720496;1172135936;13152256;1308815360;0;0;0;0;0;0;0;0;0;0;0;3917;0;0;125;0;125;0;
10217;9663420;1172135936;13152256;1308815360;0;0;0;0;0;0;0;0;0;0;0;2625;0;0;125;0;125;0;
10218;6834986;1172135936;13152256;1308815360;0;0;0;0;0;0;0;0;0;0;0;3607;0;0;125;0;125;0;
10219;6621325;1172135936;13152256;1308815360;0;0;0;0;0;0;0;0;0;0;0;3125;0;0;125;0;125;0;
10220;5743089;1172135936;13152256;1308815360;0;0;0;0;0;0;0;0;0;0;0;3637;0;0;125;0;125;0;
10221;6844594;1172135936;13152256;1308815360;0;0;0;0;0;0;0;0;0;0;0;2745;0;0;125;0;125;0;
10222;5925560;1172135936;13152256;1308815360;0;0;0;0;0;0;0;0;0;0;0;3327;0;0;125;0;125;0;
10223;7596304;1172135936;13152256;1308815360;0;0;0;0;0;0;0;0;0;0;0;1693;0;0;125;0;125;0;
10224;5189411;1172135936;13152256;1308815360;0;0;0;0;0;0;0;0;0;0;0;2985;0;0;125;0;125;0;
10225;7952051;1172135936;13152256;1308815360;0;0;0;0;0;0;0;0;0;0;0;2876;0;0;125;0;125;0;
10226;4711274;1172135936;13152256;1308815360;0;0;0;0;0;0;0;0;0;0;0;3076;0;0;125;0;125;0;
10227;5678928;1172135936;13152256;1308815360;0;0;0;0;0;0;0;0;0;0;0;1974;0;0;125;0;125;0;
10228;5143134;1172135936;13152256;1308815360;0;0;0;0;0;0;0;0;0;0;0;3055;0;0;125;0;125;0;
10229;8900379;1174765568;18558976;1314222080;0;0;0;0;0;0;0;0;0;0;0;2495;0;0;125;0;125;0;
10230;7082019;1176862720;18558976;1314222080;0;0;0;0;0;0;0;0;0;0;0;3086;0;0;125;0;125;0;
10231;6731963;1177399296;18558976;1314222080;0;0;0;0;0;0;0;0;0;0;0;2444;0;0;125;0;125;0;
10232;6645742;1177399296;18558976;1314222080;0;0;0;0;0;0;0;0;0;0;0;3246;0;0;125;0;125;0;
10233;8459512;1177399296;18558976;1314222080;0;0;0;0;0;0;0;0;0;0;0;3426;0;0;125;0;125;0;
10234;4959189;1177399296;18558976;1314222080;0;0;0;0;0;0;0;0;0;0;0;3306;0;0;125;0;125;0;
10235;7450250;1177399296;18558976;1314222080;0;0;0;0;0;0;0;0;0;0;0;2285;0;0;125;0;125;0;
10236;4964439;1172148224;12062720;1307725824;0;0;0;0;0;0;0;0;0;0;0;3126;0;0;125;0;125;0;
10237;9153163;1172148224;12062720;1307725824;0;0;0;0;0;0;0;0;0;0;0;3016;0;0;125;0;125;0;
10238;3738530;1172148224;12062720;1307725824;0;0;0;0;0;0;0;0;0;0;0;3256;0;0;125;0;125;0;
10239;6103024;1172148224;12062720;1307725824;0;0;0;0;0;0;0;0;0;0;0;2104;0;0;125;0;125;0;
10240;4853000;1172148224;12062720;1307725824;0;0;0;0;0;0;0;0;0;0;0;3557;0;0;125;0;125;0;
10241;10109526;1172148224;12062720;1307725824;0;0;0;0;0;0;0;0;0;0;0;2385;0;0;125;0;125;0;
10242;5242921;1172148224;12062720;1307725824;0;0;0;0;0;0;0;0;0;0;0;3436;0;0;125;0;125;0;
10243;5832436;1172148224;12062720;1307725824;0;0;0;0;0;0;0;0;0;0;0;2104;0;0;125;0;125;0;
10244;4575409;1172148224;12062720;1307725824;0;0;0;0;0;0;0;0;0;0;0;2505;0;0;125;0;125;0;
10245;6970059;1172148224;12062720;1307725824;0;0;0;0;0;0;0;0;0;0;0;2014;0;0;125;0;125;0;
10246;6051627;1172148224;12062720;1307725824;0;0;0;0;0;0;0;0;0;0;0;3156;0;0;125;0;125;0;
10247;7594390;1172148224;12062720;1307725824;0;0;0;0;0;0;0;0;0;0;0;3016;0;0;125;0;125;0;
10248;4554640;1172148224;12062720;1307725824;0;0;0;0;0;0;0;0;0;0;0;2996;0;0;125;0;125;0;
10249;9181245;1172148224;12062720;1307725824;0;0;0;0;0;0;0;0;0;0;0;2755;0;0;125;0;125;0;
10250;6775455;1172148224;12062720;1307725824;0;0;0;0;0;0;0;0;0;0;0;3487;0;0;125;0;125;0;
10251;8353984;1172148224;12062720;1307725824;0;0;0;0;0;0;0;0;0;0;0;3156;0;0;125;0;125;0;
10252;5597706;1172148224;12062720;1307725824;0;0;0;0;0;0;0;0;0;0;0;3857;0;0;125;0;125;0;
10253;8459823;1174777856;18558976;1314222080;0;0;0;0;0;0;0;0;0;0;0;6562;0;0;125;0;125;0;
10254;5549415;1176875008;18558976;1314222080;0;0;0;0;0;0;0;0;0;0;0;3036;0;0;125;0;125;0;
10255;6986730;1177411584;18558976;1314222080;0;0;0;0;0;0;0;0;0;0;0;2134;0;0;125;0;125;0;
10256;7324444;1177411584;18558976;1314222080;0;0;0;0;0;0;0;0;0;0;0;3246;0;0;125;0;125;0;
10257;8935093;1177411584;18558976;1314222080;0;0;0;0;0;0;0;0;0;0;0;2615;0;0;125;0;125;0;
10258;4940343;1177411584;18558976;1314222080;0;0;0;0;0;0;0;0;0;0;0;3126;0;0;125;0;125;0;
10259;8488596;1177411584;18558976;1314222080;0;0;0;0;0;0;0;0;0;0;0;3477;0;0;125;0;125;0;
10260;4130716;1172160512;13152256;1308815360;0;0;0;0;0;0;0;0;0;0;0;3165;0;0;125;0;125;0;
10261;7703966;1172160512;13152256;1308815360;0;0;0;0;0;0;0;0;0;0;0;1783;0;0;125;0;125;0;
10262;5088631;1172160512;13152256;1308815360;0;0;0;0;0;0;0;0;0;0;0;3326;0;0;125;0;125;0;
10263;6696647;1172160512;13152256;1308815360;0;0;0;0;0;0;0;0;0;0;0;2114;0;0;125;0;125;0;
10264;6277510;1172160512;13152256;1308815360;0;0;0;0;0;0;0;0;0;0;0;2835;0;0;125;0;125;0;
10265;9320717;1172160512;13152256;1308815360;0;0;0;0;0;0;0;0;0;0;0;2314;0;0;125;0;125;0;
10266;5435872;1172160512;13152256;1308815360;0;0;0;0;0;0;0;0;0;0;0;3687;0;0;125;0;125;0;
10267;8840627;1172160512;13152256;1308815360;0;0;0;0;0;0;0;0;0;0;0;2705;0;0;125;0;125;0;
10268;3746846;1172160512;13152256;1308815360;0;0;0;0;0;0;0;0;0;0;0;2615;0;0;125;0;125;0;
10269;6670808;1172160512;13152256;1308815360;0;0;0;0;0;0;0;0;0;0;0;2374;0;0;125;0;125;0;
10270;6391474;1172160512;13152256;1308815360;0;0;0;0;0;0;0;0;0;0;0;3116;0;0;125;0;125;0;
10271;8934843;1172160512;13152256;1308815360;0;0;0;0;0;0;0;0;0;0;0;2475;0;0;125;0;125;0;
10272;6158538;1172160512;13152256;1308815360;0;0;0;0;0;0;0;0;0;0;0;3516;0;0;125;0;125;0;
10273;7726567;1172160512;13152256;1308815360;0;0;0;0;0;0;0;0;0;0;0;2514;0;0;125;0;125;0;
10274;8670538;1172160512;13152256;1308815360;0;0;0;0;0;0;0;0;0;0;0;2776;0;0;125;0;125;0;
10275;8095500;1174790144;18558976;1314222080;0;0;0;0;0;0;0;0;0;0;0;2795;0;0;125;0;125;0;
10276;5155757;1176887296;18558976;1314222080;0;0;0;0;0;0;0;0;0;0;0;2545;0;0;125;0;125;0;
10277;7660584;1177423872;18558976;1314222080;0;0;0;0;0;0;0;0;0;0;0;2424;0;0;125;0;125;0;
10278;6054753;1177423872;18558976;1314222080;0;0;0;0;0;0;0;0;0;0;0;3397;0;0;125;0;125;0;
10279;9127735;1177423872;18558976;1314222080;0;0;0;0;0;0;0;0;0;0;0;2856;0;0;125;0;125;0;
10280;6613090;1177423872;18558976;1314222080;0;0;0;0;0;0;0;0;0;0;0;3196;0;0;125;0;125;0;
10281;7983620;1177423872;18558976;1314222080;0;0;0;0;0;0;0;0;0;0;0;2965;0;0;125;0;125;0;
10282;9164624;1172172800;12062720;1307725824;0;0;0;0;0;0;0;0;0;0;0;3516;0;0;125;0;125;0;
10283;9235697;1172172800;12062720;1307725824;0;0;0;0;0;0;0;0;0;0;0;3005;0;0;125;0;130;0;
10284;5682515;1172172800;12062720;1307725824;0;0;0;0;0;0;0;0;0;0;0;3246;0;0;125;0;130;0;
10285;8759294;1172172800;12062720;1307725824;0;0;0;0;0;0;0;0;0;0;0;2776;0;0;125;0;130;0;
10286;6948770;1172172800;12062720;1307725824;0;0;0;0;0;0;0;0;0;0;0;3446;0;0;125;0;130;0;
10287;7882670;1172172800;12062720;1307725824;0;0;0;0;0;0;0;0;0;0;0;1863;0;0;125;0;130;0;
10288;7719123;1172172800;12062720;1307725824;0;0;0;0;0;0;0;0;0;0;0;2525;0;0;125;0;130;0;
10289;8436880;1172172800;12062720;1307725824;0;0;0;0;0;0;0;0;0;0;0;3075;0;0;125;0;130;0;
10290;7982518;1172172800;12062720;1307725824;0;0;0;0;0;0;0;0;0;0;0;4058;0;0;125;0;130;0;
10291;9739422;1172172800;12062720;1307725824;0;0;0;0;0;0;0;0;0;0;0;2805;0;0;125;0;130;0;
10292;4300163;1172172800;12062720;1307725824;0;0;0;0;0;0;0;0;0;0;0;3025;0;0;125;0;130;0;
10293;8559129;1172172800;12062720;1307725824;0;0;0;0;0;0;0;0;0;0;0;3927;0;0;125;0;130;0;
10294;6486753;1172172800;12062720;1307725824;0;0;0;0;0;0;0;0;0;0;0;3988;0;0;125;0;130;0;
10295;9498009;1172172800;12062720;1307725824;0;0;0;0;0;0;0;0;0;0;0;3257;0;0;125;0;130;0;
10296;6242054;1172172800;12062720;1307725824;0;0;0;0;0;0;0;0;0;0;0;3306;0;0;125;0;130;0;
10297;6811462;1172172800;12062720;1307725824;0;0;0;0;0;0;0;0;0;0;0;2976;0;0;125;0;131;0;
10298;5349040;1172172800;12062720;1307725824;0;0;0;0;0;0;0;0;0;0;0;3407;0;0;125;0;131;0;
10299;10527289;1174802432;18558976;1314222080;0;0;0;0;0;0;0;0;0;0;0;3497;0;0;125;0;131;0;
10300;15437706;1176899584;18558976;1314222080;0;0;0;0;0;0;0;0;0;0;0;3206;0;0;125;0;131;0;
10301;9204429;1177436160;18558976;1314222080;0;0;0;0;0;0;0;0;0;0;0;3556;0;0;125;0;131;0;
10302;5870558;1177436160;18558976;1314222080;0;0;0;0;0;0;0;0;0;0;0;3226;0;0;125;0;131;0;
10303;7782202;1177436160;18558976;1314222080;0;0;0;0;0;0;0;0;0;0;0;2615;0;0;125;0;131;0;
10304;5797240;1177436160;18558976;1314222080;0;0;0;0;0;0;0;0;0;0;0;3016;0;0;125;0;131;0;
10305;9572700;1177436160;18558976;1314222080;0;0;0;0;0;0;0;0;0;0;0;2955;0;0;125;0;131;0;
10306;6915797;1172185088;13152256;1308815360;0;0;0;0;0;0;0;0;0;0;0;2996;0;0;125;0;131;0;
10307;7872652;1172185088;13152256;1308815360;0;0;0;0;0;0;0;0;0;0;0;2505;0;0;125;0;131;0;
10308;7354259;1172185088;13152256;1308815360;0;0;0;0;0;0;0;0;0;0;0;3306;0;0;125;0;131;0;
10309;9045861;1172185088;13152256;1308815360;0;0;0;0;0;0;0;0;0;0;0;3196;0;0;125;0;131;0;
10310;4801422;1172185088;13152256;1308815360;0;0;0;0;0;0;0;0;0;0;0;2925;0;0;125;0;131;0;
10311;10723588;1172185088;13152256;1308815360;0;0;0;0;0;0;0;0;0;0;0;2495;0;0;125;0;131;0;
10312;7736106;1172185088;13152256;1308815360;0;0;0;0;0;0;0;0;0;0;0;3006;0;0;125;0;131;0;
10313;9413511;1172185088;13152256;1308815360;0;0;0;0;0;0;0;0;0;0;0;3196;0;0;125;0;131;0;
10314;7297413;1172185088;13152256;1308815360;0;0;0;0;0;0;0;0;0;0;0;3377;0;0;125;0;131;0;
10315;7586836;1172185088;13152256;1308815360;0;0;0;0;0;0;0;0;0;0;0;2825;0;0;125;0;131;0;
10316;4644538;1172185088;13152256;1308815360;0;0;0;0;0;0;0;0;0;0;0;3447;0;0;125;0;131;0;
10317;7566658;1172185088;13152256;1308815360;0;0;0;0;0;0;0;0;0;0;0;2455;0;0;125;0;131;0;
10318;5135239;1172185088;13152256;1308815360;0;0;0;0;0;0;0;0;0;0;0;2595;0;0;125;0;131;0;
10319;9685501;1172185088;13152256;1308815360;0;0;0;0;0;0;0;0;0;0;0;3186;0;0;125;0;131;0;
10320;5939577;1172185088;13152256;1308815360;0;0;0;0;0;0;0;0;0;0;0;4068;0;0;125;0;131;0;
10321;9505493;1174814720;18558976;1314222080;0;0;0;0;0;0;0;0;0;0;0;3196;0;0;125;0;131;0;
10322;5163261;1176911872;18558976;1314222080;0;0;0;0;0;0;0;0;0;0;0;3046;0;0;125;0;131;0;
10323;7701560;1177448448;18558976;1314222080;0;0;0;0;0;0;0;0;0;0;0;2495;0;0;125;0;131;0;
10324;6861115;1177448448;18558976;1314222080;0;0;0;0;0;0;0;0;0;0;0;3447;0;0;125;0;131;0;
10325;8529834;1177448448;18558976;1314222080;0;0;0;0;0;0;0;0;0;0;0;2725;0;0;125;0;131;0;
10326;4172804;1177448448;18558976;1314222080;0;0;0;0;0;0;0;0;0;0;0;2735;0;0;125;0;131;0;
10327;7757506;1177448448;18558976;1314222080;0;0;0;0;0;0;0;0;0;0;0;2154;0;0;125;0;131;0;
10328;5399495;1172197376;12062720;1307725824;0;0;0;0;0;0;0;0;0;0;0;3046;0;0;125;0;131;0;
10329;6101751;1172197376;12066816;1307729920;0;0;0;0;0;0;0;0;0;0;0;3366;0;0;125;0;131;0;
10330;4673543;1172197376;12070912;1307734016;0;0;0;0;0;0;0;0;0;0;0;3116;0;0;125;0;131;0;
10331;2856747;1174827008;18567168;1314230272;0;0;0;0;0;0;0;0;0;0;0;2915;0;0;125;0;131;0;
10332;4545383;1176924160;18567168;1314230272;0;0;0;0;0;0;0;0;0;0;0;2635;0;0;125;0;131;0;
10333;3513789;1176924160;18567168;1314230272;0;0;0;0;0;0;0;0;0;0;0;2936;0;0;125;0;131;0;
10334;8350808;1177460736;18567168;1314230272;0;0;0;0;0;0;0;0;0;0;0;2785;0;0;125;0;131;0;
10335;4569388;1177460736;18567168;1314230272;0;0;0;0;0;0;0;0;0;0;0;2945;0;0;125;0;131;0;
10336;8976221;1177460736;18567168;1314230272;0;0;0;0;0;0;0;0;0;0;0;2394;0;0;125;0;131;0;
10337;7027256;1177460736;18567168;1314230272;0;0;0;0;0;0;0;0;0;0;0;3897;0;0;125;0;131;0;
10338;7343460;1177460736;18567168;1314230272;0;0;0;0;0;0;0;0;0;0;0;2906;0;0;125;0;131;0;
10339;4254247;1177571328;18563072;1314226176;0;0;0;0;0;0;0;0;0;0;0;3336;0;0;125;0;131;0;
10340;9208176;1177571328;18563072;1314226176;0;0;0;0;0;0;0;0;0;0;0;2344;0;0;125;0;131;0;
10341;6921838;1172201472;13156352;1308819456;0;0;0;0;0;0;0;0;0;0;0;3326;0;0;125;0;131;0;
10342;6305874;1172201472;13156352;1308819456;0;0;0;0;0;0;0;0;0;0;0;2775;0;0;125;0;131;0;
10343;6175018;1172197376;13152256;1308815360;0;0;0;0;0;0;0;0;0;0;0;3286;0;0;125;0;131;0;
10344;7478553;1174827008;18558976;1314222080;0;0;0;0;0;0;0;0;0;0;0;3927;0;0;125;0;131;0;
10345;5033989;1176924160;18558976;1314222080;0;0;0;0;0;0;0;0;0;0;0;3336;0;0;125;0;131;0;
10346;5963391;1177460736;18558976;1314222080;0;0;0;0;0;0;0;0;0;0;0;2314;0;0;125;0;131;0;
10347;5600531;1177460736;18558976;1314222080;0;0;0;0;0;0;0;0;0;0;0;3597;0;0;125;0;131;0;
10348;8780764;1177460736;18558976;1314222080;0;0;0;0;0;0;0;0;0;0;0;2956;0;0;125;0;131;0;
10349;7602405;1177460736;18558976;1314222080;0;0;0;0;0;0;0;0;0;0;0;3026;0;0;125;0;131;0;
10350;5066951;1177460736;18558976;1314222080;0;0;0;0;0;0;0;0;0;0;0;1884;0;0;125;0;131;0;
10351;6121068;1172209664;12062720;1307725824;0;0;0;0;0;0;0;0;0;0;0;2815;0;0;125;0;131;0;
10352;10052078;1172209664;12062720;1307725824;0;0;0;0;0;0;0;0;0;0;0;2785;0;0;125;0;131;0;
10353;6305543;1172209664;12062720;1307725824;0;0;0;0;0;0;0;0;0;0;0;2775;0;0;125;0;131;0;
10354;8520266;1172209664;12062720;1307725824;0;0;0;0;0;0;0;0;0;0;0;1783;0;0;125;0;131;0;
10355;8881724;1172209664;12062720;1307725824;0;0;0;0;0;0;0;0;0;0;0;3136;0;0;125;0;131;0;
10356;7074875;1172209664;12062720;1307725824;0;0;0;0;0;0;0;0;0;0;0;2685;0;0;125;0;131;0;
10357;4335149;1172209664;12062720;1307725824;0;0;0;0;0;0;0;0;0;0;0;2675;0;0;125;0;131;0;
10358;7575143;1172209664;12062720;1307725824;0;0;0;0;0;0;0;0;0;0;0;2655;0;0;125;0;131;0;
10359;6399309;1172209664;12062720;1307725824;0;0;0;0;0;0;0;0;0;0;0;3447;0;0;125;0;131;0;
10360;8406453;1172209664;12062720;1307725824;0;0;0;0;0;0;0;0;0;0;0;2565;0;0;125;0;131;0;
10361;4064331;1172209664;12062720;1307725824;0;0;0;0;0;0;0;0;0;0;0;3146;0;0;125;0;131;0;
10362;6942317;1172209664;12062720;1307725824;0;0;0;0;0;0;0;0;0;0;0;1954;0;0;125;0;131;0;
10363;7404183;1172209664;12062720;1307725824;0;0;0;0;0;0;0;0;0;0;0;3356;0;0;125;0;131;0;
10364;7807108;1172209664;12062720;1307725824;0;0;0;0;0;0;0;0;0;0;0;1753;0;0;125;0;131;0;
10365;5774498;1172209664;12062720;1307725824;0;0;0;0;0;0;0;0;0;0;0;3106;0;0;125;0;131;0;
10366;7437035;1172209664;12062720;1307725824;0;0;0;0;0;0;0;0;0;0;0;2835;0;0;125;0;131;0;
10367;6785773;1172209664;12062720;1307725824;0;0;0;0;0;0;0;0;0;0;0;3246;0;0;125;0;131;0;
10368;9428649;1174839296;18558976;1314222080;0;0;0;0;0;0;0;0;0;0;0;3276;0;0;125;0;131;0;
10369;4824636;1176936448;18558976;1314222080;0;0;0;0;0;0;0;0;0;0;0;3166;0;0;125;0;131;0;
10370;10972565;1177473024;18558976;1314222080;0;0;0;0;0;0;0;0;0;0;0;3276;0;0;125;0;131;0;
10371;5473874;1177473024;18558976;1314222080;0;0;0;0;0;0;0;0;0;0;0;2976;0;0;125;0;131;0;
10372;8337032;1177473024;18558976;1314222080;0;0;0;0;0;0;0;0;0;0;0;3847;0;0;125;0;131;0;
10373;6888196;1177473024;18558976;1314222080;0;0;0;0;0;0;0;0;0;0;0;3516;0;0;125;0;131;0;
10374;10213952;1177473024;18558976;1314222080;0;0;0;0;0;0;0;0;0;0;0;3707;0;0;125;0;131;0;
10375;7009844;1172221952;13152256;1308815360;0;0;0;0;0;0;0;0;0;0;0;3747;0;0;125;0;131;0;
10376;10762430;1172221952;13152256;1308815360;0;0;0;0;0;0;0;0;0;0;0;3436;0;0;125;0;131;0;
10377;6966423;1172221952;13152256;1308815360;0;0;0;0;0;0;0;0;0;0;0;3076;0;0;125;0;131;0;
10378;8907301;1172221952;13152256;1308815360;0;0;0;0;0;0;0;0;0;0;0;2715;0;0;125;0;131;0;
10379;4836138;1172221952;13152256;1308815360;0;0;0;0;0;0;0;0;0;0;0;2926;0;0;125;0;131;0;
10380;9071469;1172221952;13152256;1308815360;0;0;0;0;0;0;0;0;0;0;0;4859;0;0;125;0;131;0;
10381;7092218;1172221952;13152256;1308815360;0;0;0;0;0;0;0;0;0;0;0;2956;0;0;125;0;131;0;
10382;8320181;1172221952;13152256;1308815360;0;0;0;0;0;0;0;0;0;0;0;2975;0;0;125;0;131;0;
10383;5044919;1172221952;13152256;1308815360;0;0;0;0;0;0;0;0;0;0;0;3506;0;0;125;0;131;0;
10384;9716499;1172221952;13152256;1308815360;0;0;0;0;0;0;0;0;0;0;0;2845;0;0;125;0;131;0;
10385;6899066;1172221952;13152256;1308815360;0;0;0;0;0;0;0;0;0;0;0;3307;0;0;125;0;131;0;
10386;6974297;1172221952;13152256;1308815360;0;0;0;0;0;0;0;0;0;0;0;2926;0;0;125;0;131;0;
10387;6377599;1172221952;13152256;1308815360;0;0;0;0;0;0;0;0;0;0;0;3045;0;0;125;0;131;0;
10388;8323227;1172221952;13152256;1308815360;0;0;0;0;0;0;0;0;0;0;0;3807;0;0;125;0;131;0;
10389;4637997;1172221952;13152256;1308815360;0;0;0;0;0;0;0;0;0;0;0;2835;0;0;125;0;131;0;
10390;8138059;1174851584;18558976;1314222080;0;0;0;0;0;0;0;0;0;0;0;2916;0;0;125;0;131;0;
10391;5973891;1176948736;18558976;1314222080;0;0;0;0;0;0;0;0;0;0;0;2915;0;0;125;0;132;0;
10392;8999024;1177485312;18558976;1314222080;0;0;0;0;0;0;0;0;0;0;0;3327;0;0;125;0;132;0;
10393;6075101;1177485312;18558976;1314222080;0;0;0;0;0;0;0;0;0;0;0;3276;0;0;125;0;132;0;
10394;9446352;1177485312;18558976;1314222080;0;0;0;0;0;0;0;0;0;0;0;2695;0;0;125;0;132;0;
10395;7822046;1177485312;18558976;1314222080;0;0;0;0;0;0;0;0;0;0;0;3526;0;0;125;0;132;0;
10396;8079960;1177485312;18558976;1314222080;0;0;0;0;0;0;0;0;0;0;0;3126;0;0;125;0;132;0;
10397;6982672;1172234240;12062720;1307725824;0;0;0;0;0;0;0;0;0;0;0;3336;0;0;125;0;132;0;
10398;8830678;1172234240;12062720;1307725824;0;0;0;0;0;0;0;0;0;0;0;2444;0;0;125;0;132;0;
10399;4552025;1172234240;12062720;1307725824;0;0;0;0;0;0;0;0;0;0;0;3737;0;0;125;0;132;0;
10400;6039995;1172234240;12066816;1307729920;0;0;0;0;0;0;0;0;0;0;0;3937;0;0;125;0;132;0;
10401;5005837;1172234240;12070912;1307734016;0;0;0;0;0;0;0;0;0;0;0;3587;0;0;125;0;132;0;
10402;4576772;1174863872;18567168;1314230272;0;0;0;0;0;0;0;0;0;0;0;3487;0;0;125;0;132;0;
10403;4251582;1176961024;18567168;1314230272;0;0;0;0;0;0;0;0;0;0;0;2946;0;0;125;0;132;0;
10404;3463214;1176961024;18567168;1314230272;0;0;0;0;0;0;0;0;0;0;0;2765;0;0;125;0;132;0;
10405;6254498;1177497600;18567168;1314230272;0;0;0;0;0;0;0;0;0;0;0;2916;0;0;125;0;132;0;
10406;3417237;1177497600;18567168;1314230272;0;0;0;0;0;0;0;0;0;0;0;3317;0;0;125;0;132;0;
10407;5456561;1177497600;18567168;1314230272;0;0;0;0;0;0;0;0;0;0;0;1854;0;0;125;0;132;0;
10408;7063985;1177497600;18567168;1314230272;0;0;0;0;0;0;0;0;0;0;0;3367;0;0;125;0;132;0;
10409;10975129;1177497600;18567168;1314230272;0;0;0;0;0;0;0;0;0;0;0;2805;0;0;125;0;132;0;
10410;8040406;1177645056;18563072;1314226176;0;0;0;0;0;0;0;0;0;0;0;4568;0;0;125;0;132;0;
10411;7680492;1177645056;18563072;1314226176;0;0;0;0;0;0;0;0;0;0;0;2825;0;0;125;0;132;0;
10412;6388619;1172242432;13156352;1308819456;0;0;0;0;0;0;0;0;0;0;0;3236;0;0;125;0;132;0;
10413;9278237;1174872064;18563072;1314226176;0;0;0;0;0;0;0;0;0;0;0;2905;0;0;125;0;132;0;
10414;6191209;1177169920;18558976;1314222080;0;0;0;0;0;0;0;0;0;0;0;3166;0;0;125;0;132;0;
10415;8328176;1177169920;18558976;1314222080;0;0;0;0;0;0;0;0;0;0;0;2345;0;0;125;0;132;0;
10416;6206307;1177169920;18558976;1314222080;0;0;0;0;0;0;0;0;0;0;0;3166;0;0;125;0;132;0;
10417;8389981;1177169920;18558976;1314222080;0;0;0;0;0;0;0;0;0;0;0;2575;0;0;125;0;132;0;
10418;5970906;1177169920;18558976;1314222080;0;0;0;0;0;0;0;0;0;0;0;3216;0;0;125;0;132;0;
10419;9117606;1177169920;18558976;1314222080;0;0;0;0;0;0;0;0;0;0;0;2504;0;0;125;0;132;0;
10420;3873433;1177169920;18558976;1314222080;0;0;0;0;0;0;0;0;0;0;0;3316;0;0;125;0;132;0;
10421;6647474;1177169920;18558976;1314222080;0;0;0;0;0;0;0;0;0;0;0;2444;0;0;125;0;132;0;
10422;5073704;1172246528;13152256;1308815360;0;0;0;0;0;0;0;0;0;0;0;3396;0;0;125;0;132;0;
10423;6641092;1172246528;13152256;1308815360;0;0;0;0;0;0;0;0;0;0;0;2365;0;0;125;0;132;0;
10424;5723752;1172246528;13152256;1308815360;0;0;0;0;0;0;0;0;0;0;0;2785;0;0;125;0;132;0;
10425;6067356;1172246528;13152256;1308815360;0;0;0;0;0;0;0;0;0;0;0;2515;0;0;125;0;132;0;
10426;5539016;1172246528;13152256;1308815360;0;0;0;0;0;0;0;0;0;0;0;2956;0;0;125;0;132;0;
10427;6480441;1172246528;13152256;1308815360;0;0;0;0;0;0;0;0;0;0;0;2495;0;0;125;0;132;0;
10428;5415645;1172246528;13152256;1308815360;0;0;0;0;0;0;0;0;0;0;0;2866;0;0;125;0;132;0;
10429;6622187;1172246528;13152256;1308815360;0;0;0;0;0;0;0;0;0;0;0;2565;0;0;125;0;132;0;
10430;6656290;1172246528;13152256;1308815360;0;0;0;0;0;0;0;0;0;0;0;3607;0;0;125;0;132;0;
10431;4977022;1172246528;13152256;1308815360;0;0;0;0;0;0;0;0;0;0;0;2093;0;0;125;0;132;0;
10432;3765961;1172246528;13152256;1308815360;0;0;0;0;0;0;0;0;0;0;0;3286;0;0;125;0;132;0;
10433;5693586;1172246528;13152256;1308815360;0;0;0;0;0;0;0;0;0;0;0;2535;0;0;125;0;132;0;
10434;4137377;1172246528;13152256;1308815360;0;0;0;0;0;0;0;0;0;0;0;2876;0;0;125;0;132;0;
10435;6480351;1174876160;18558976;1314222080;0;0;0;0;0;0;0;0;0;0;0;2755;0;0;125;0;132;0;
10436;5464336;1176973312;18558976;1314222080;0;0;0;0;0;0;0;0;0;0;0;2935;0;0;125;0;132;0;
10437;7987497;1176973312;18558976;1314222080;0;0;0;0;0;0;0;0;0;0;0;2284;0;0;125;0;132;0;
10438;5423469;1176973312;18558976;1314222080;0;0;0;0;0;0;0;0;0;0;0;3357;0;0;125;0;132;0;
10439;7698155;1176973312;18558976;1314222080;0;0;0;0;0;0;0;0;0;0;0;2384;0;0;125;0;132;0;
10440;4363091;1176973312;18558976;1314222080;0;0;0;0;0;0;0;0;0;0;0;3226;0;0;125;0;132;0;
10441;6020449;1176973312;18558976;1314222080;0;0;0;0;0;0;0;0;0;0;0;2384;0;0;125;0;132;0;
10442;5927264;1176973312;18558976;1314222080;0;0;0;0;0;0;0;0;0;0;0;3287;0;0;125;0;132;0;
10443;6493516;1176973312;18558976;1314222080;0;0;0;0;0;0;0;0;0;0;0;3336;0;0;125;0;132;0;
10444;4338805;1172258816;13152256;1308815360;0;0;0;0;0;0;0;0;0;0;0;3647;0;0;125;0;132;0;
10445;12331452;1172258816;13152256;1308815360;0;0;0;0;0;0;0;0;0;0;0;1974;0;0;125;0;132;0;
10446;3807779;1172258816;13152256;1308815360;0;0;0;0;0;0;0;0;0;0;0;2485;0;0;125;0;132;0;
10447;5459417;1172258816;13152256;1308815360;0;0;0;0;0;0;0;0;0;0;0;1392;0;0;125;0;132;0;
10448;3699788;1172258816;13152256;1308815360;0;0;0;0;0;0;0;0;0;0;0;2535;0;0;125;0;132;0;
10449;5710066;1172258816;13152256;1308815360;0;0;0;0;0;0;0;0;0;0;0;1813;0;0;125;0;132;0;
10450;3766543;1172258816;13152256;1308815360;0;0;0;0;0;0;0;0;0;0;0;2044;0;0;125;0;132;0;
10451;6070142;1172258816;13152256;1308815360;0;0;0;0;0;0;0;0;0;0;0;1763;0;0;125;0;132;0;
10452;2771427;1172258816;13152256;1308815360;0;0;0;0;0;0;0;0;0;0;0;2815;0;0;125;0;132;0;
10453;6037350;1172258816;13152256;1308815360;0;0;0;0;0;0;0;0;0;0;0;1653;0;0;125;0;132;0;
10454;4524393;1172258816;13152256;1308815360;0;0;0;0;0;0;0;0;0;0;0;2905;0;0;125;0;132;0;
10455;4666129;1172258816;13152256;1308815360;0;0;0;0;0;0;0;0;0;0;0;1743;0;0;125;0;132;0;
10456;2931527;1172258816;13152256;1308815360;0;0;0;0;0;0;0;0;0;0;0;2074;0;0;125;0;132;0;
10457;6589165;1172258816;13152256;1308815360;0;0;0;0;0;0;0;0;0;0;0;2124;0;0;125;0;132;0;
10458;4035707;1172258816;13152256;1308815360;0;0;0;0;0;0;0;0;0;0;0;2575;0;0;125;0;132;0;
10459;5907126;1174888448;18558976;1314222080;0;0;0;0;0;0;0;0;0;0;0;2083;0;0;125;0;132;0;
10460;3848967;1176985600;18558976;1314222080;0;0;0;0;0;0;0;0;0;0;0;3046;0;0;125;0;132;0;
10461;6081493;1176985600;18558976;1314222080;0;0;0;0;0;0;0;0;0;0;0;1814;0;0;125;0;132;0;
10462;3388964;1176985600;18558976;1314222080;0;0;0;0;0;0;0;0;0;0;0;2374;0;0;125;0;132;0;
10463;5042525;1176985600;18558976;1314222080;0;0;0;0;0;0;0;0;0;0;0;1603;0;0;125;0;132;0;
10464;3033417;1176985600;18558976;1314222080;0;0;0;0;0;0;0;0;0;0;0;2484;0;0;125;0;132;0;
10465;6974237;1176985600;18558976;1314222080;0;0;0;0;0;0;0;0;0;0;0;1834;0;0;125;0;132;0;
10466;4448851;1176985600;18558976;1314222080;0;0;0;0;0;0;0;0;0;0;0;2976;0;0;125;0;132;0;
10467;7191695;1176985600;18558976;1314222080;0;0;0;0;0;0;0;0;0;0;0;2445;0;0;125;0;132;0;
10468;5043677;1172271104;13152256;1308815360;0;0;0;0;0;0;0;0;0;0;0;4228;0;0;125;0;132;0;
10469;6563527;1172271104;13152256;1308815360;0;0;0;0;0;0;0;0;0;0;0;3086;0;0;125;0;132;0;
10470;5569463;1172271104;13152256;1308815360;0;0;0;0;0;0;0;0;0;0;0;3577;0;0;125;0;132;0;
10471;6865383;1172271104;13152256;1308815360;0;0;0;0;0;0;0;0;0;0;0;2725;0;0;125;0;132;0;
10472;3618916;1172271104;13152256;1308815360;0;0;0;0;0;0;0;0;0;0;0;2565;0;0;125;0;132;0;
10473;5028088;1172271104;13152256;1308815360;0;0;0;0;0;0;0;0;0;0;0;1824;0;0;125;0;132;0;
10474;4740709;1172271104;13152256;1308815360;0;0;0;0;0;0;0;0;0;0;0;2915;0;0;125;0;132;0;
10475;6958477;1172271104;13152256;1308815360;0;0;0;0;0;0;0;0;0;0;0;2464;0;0;125;0;132;0;
10476;3759770;1172271104;13152256;1308815360;0;0;0;0;0;0;0;0;0;0;0;5440;0;0;125;0;132;0;
10477;7219547;1172271104;13152256;1308815360;0;0;0;0;0;0;0;0;0;0;0;2324;0;0;125;0;132;0;
10478;4576161;1172271104;13152256;1308815360;0;0;0;0;0;0;0;0;0;0;0;3226;0;0;125;0;132;0;
10479;5661776;1172271104;13152256;1308815360;0;0;0;0;0;0;0;0;0;0;0;1874;0;0;125;0;132;0;
10480;3998267;1172271104;13152256;1308815360;0;0;0;0;0;0;0;0;0;0;0;3547;0;0;125;0;132;0;
10481;5584762;1174900736;18558976;1314222080;0;0;0;0;0;0;0;0;0;0;0;2054;0;0;125;0;132;0;
10482;4560141;1176997888;18558976;1314222080;0;0;0;0;0;0;0;0;0;0;0;3546;0;0;125;0;132;0;
10483;5754109;1176997888;18558976;1314222080;0;0;0;0;0;0;0;0;0;0;0;2335;0;0;125;0;132;0;
10484;4264596;1176997888;18558976;1314222080;0;0;0;0;0;0;0;0;0;0;0;2585;0;0;125;0;132;0;
10485;6445366;1176997888;18558976;1314222080;0;0;0;0;0;0;0;0;0;0;0;2224;0;0;125;0;132;0;
10486;4705624;1176997888;18558976;1314222080;0;0;0;0;0;0;0;0;0;0;0;2905;0;0;125;0;132;0;
10487;6578415;1176997888;18558976;1314222080;0;0;0;0;0;0;0;0;0;0;0;2064;0;0;125;0;132;0;
10488;3362054;1176997888;18558976;1314222080;0;0;0;0;0;0;0;0;0;0;0;28713;0;0;125;0;132;0;
10489;5914009;1176997888;18558976;1314222080;0;0;0;0;0;0;0;0;0;0;0;2054;0;0;125;0;132;0;
10490;4107592;1172283392;13152256;1308815360;0;0;0;0;0;0;0;0;0;0;0;2906;0;0;125;0;132;0;
10491;7176125;1172283392;13152256;1308815360;0;0;0;0;0;0;0;0;0;0;0;1994;0;0;125;0;132;0;
10492;3636809;1172283392;13152256;1308815360;0;0;0;0;0;0;0;0;0;0;0;2966;0;0;125;0;132;0;
10493;5609278;1172283392;13152256;1308815360;0;0;0;0;0;0;0;0;0;0;0;2424;0;0;125;0;132;0;
10494;4904326;1172283392;13152256;1308815360;0;0;0;0;0;0;0;0;0;0;0;3727;0;0;125;0;132;0;
10495;6052890;1172283392;13152256;1308815360;0;0;0;0;0;0;0;0;0;0;0;2003;0;0;125;0;132;0;
10496;4948929;1172283392;13152256;1308815360;0;0;0;0;0;0;0;0;0;0;0;2976;0;0;125;0;132;0;
10497;5856551;1172283392;13152256;1308815360;0;0;0;0;0;0;0;0;0;0;0;1993;0;0;125;0;132;0;
10498;3881117;1172283392;13152256;1308815360;0;0;0;0;0;0;0;0;0;0;0;2665;0;0;125;0;132;0;
10499;5456872;1172283392;13152256;1308815360;0;0;0;0;0;0;0;0;0;0;0;2294;0;0;125;0;132;0;
10500;3766322;1172283392;13152256;1308815360;0;0;0;0;0;0;0;0;0;0;0;2224;0;0;125;0;132;0;
10501;5890004;1172283392;13152256;1308815360;0;0;0;0;0;0;0;0;0;0;0;2073;0;0;125;0;132;0;
10502;4887254;1172283392;13152256;1308815360;0;0;0;0;0;0;0;0;0;0;0;3918;0;0;125;0;132;0;
10503;6480051;1172283392;13152256;1308815360;0;0;0;0;0;0;0;0;0;0;0;2805;0;0;125;0;132;0;
10504;3695249;1172283392;13152256;1308815360;0;0;0;0;0;0;0;0;0;0;0;2985;0;0;125;0;132;0;
10505;8089308;1174913024;18558976;1314222080;0;0;0;0;0;0;0;0;0;0;0;2965;0;0;125;0;132;0;
10506;4533060;1177010176;18558976;1314222080;0;0;0;0;0;0;0;0;0;0;0;3196;0;0;125;0;132;0;
10507;4559549;1177010176;18558976;1314222080;0;0;0;0;0;0;0;0;0;0;0;2525;0;0;125;0;132;0;
10508;3893881;1177010176;18558976;1314222080;0;0;0;0;0;0;0;0;0;0;0;2865;0;0;125;0;132;0;
10509;5906796;1177010176;18558976;1314222080;0;0;0;0;0;0;0;0;0;0;0;2234;0;0;125;0;132;0;
10510;3079123;1177010176;18558976;1314222080;0;0;0;0;0;0;0;0;0;0;0;2634;0;0;125;0;132;0;
10511;4549271;1177010176;18558976;1314222080;0;0;0;0;0;0;0;0;0;0;0;1874;0;0;125;0;132;0;
10512;4151664;1177010176;18558976;1314222080;0;0;0;0;0;0;0;0;0;0;0;3166;0;0;125;0;132;0;
10513;5766703;1177010176;18558976;1314222080;0;0;0;0;0;0;0;0;0;0;0;2205;0;0;125;0;132;0;
10514;4397636;1172295680;13152256;1308815360;0;0;0;0;0;0;0;0;0;0;0;2535;0;0;125;0;132;0;
10515;5215218;1172295680;13152256;1308815360;0;0;0;0;0;0;0;0;0;0;0;1713;0;0;125;0;132;0;
10516;3651717;1172295680;13152256;1308815360;0;0;0;0;0;0;0;0;0;0;0;2414;0;0;125;0;132;0;
10517;5873403;1172295680;13152256;1308815360;0;0;0;0;0;0;0;0;0;0;0;2274;0;0;125;0;132;0;
10518;3283798;1172295680;13152256;1308815360;0;0;0;0;0;0;0;0;0;0;0;3597;0;0;125;0;132;0;
10519;7583690;1172295680;13152256;1308815360;0;0;0;0;0;0;0;0;0;0;0;2194;0;0;125;0;132;0;
10520;6023414;1172295680;13152256;1308815360;0;0;0;0;0;0;0;0;0;0;0;3557;0;0;125;0;132;0;
10521;5755071;1172295680;13152256;1308815360;0;0;0;0;0;0;0;0;0;0;0;2064;0;0;125;0;132;0;
10522;6787958;1172295680;13152256;1308815360;0;0;0;0;0;0;0;0;0;0;0;2765;0;0;125;0;132;0;
10523;6306875;1172295680;13152256;1308815360;0;0;0;0;0;0;0;0;0;0;0;2194;0;0;125;0;132;0;
10524;5678067;1172295680;13152256;1308815360;0;0;0;0;0;0;0;0;0;0;0;4378;0;0;125;0;132;0;
10525;7878362;1172295680;13152256;1308815360;0;0;0;0;0;0;0;0;0;0;0;3015;0;0;125;0;132;0;
10526;5037455;1172295680;13152256;1308815360;0;0;0;0;0;0;0;0;0;0;0;3627;0;0;125;0;132;0;
10527;7268559;1174925312;18558976;1314222080;0;0;0;0;0;0;0;0;0;0;0;2946;0;0;125;0;132;0;
10528;6649027;1177022464;18558976;1314222080;0;0;0;0;0;0;0;0;0;0;0;3386;0;0;125;0;132;0;
10529;9287745;1177022464;18558976;1314222080;0;0;0;0;0;0;0;0;0;0;0;3105;0;0;125;0;132;0;
10530;4304481;1177022464;18558976;1314222080;0;0;0;0;0;0;0;0;0;0;0;3367;0;0;125;0;132;0;
10531;7030352;1177022464;18558976;1314222080;0;0;0;0;0;0;0;0;0;0;0;1833;0;0;125;0;132;0;
10532;3806637;1177022464;18558976;1314222080;0;0;0;0;0;0;0;0;0;0;0;3176;0;0;125;0;132;0;
10533;7321428;1177022464;18558976;1314222080;0;0;0;0;0;0;0;0;0;0;0;1674;0;0;125;0;132;0;
10534;5304126;1177022464;18558976;1314222080;0;0;0;0;0;0;0;0;0;0;0;3116;0;0;125;0;132;0;
10535;7205771;1177022464;18558976;1314222080;0;0;0;0;0;0;0;0;0;0;0;2224;0;0;125;0;132;0;
10536;6823625;1172307968;13152256;1308815360;0;0;0;0;0;0;0;0;0;0;0;2895;0;0;125;0;132;0;
10537;8834836;1172307968;13152256;1308815360;0;0;0;0;0;0;0;0;0;0;0;2765;0;0;125;0;132;0;
10538;6770395;1172307968;13152256;1308815360;0;0;0;0;0;0;0;0;0;0;0;3507;0;0;125;0;132;0;
10539;8036238;1172307968;13152256;1308815360;0;0;0;0;0;0;0;0;0;0;0;2916;0;0;125;0;132;0;
10540;5330184;1172307968;13152256;1308815360;0;0;0;0;0;0;0;0;0;0;0;2565;0;0;125;0;132;0;
10541;7847675;1172307968;13152256;1308815360;0;0;0;0;0;0;0;0;0;0;0;2345;0;0;125;0;132;0;
10542;6104526;1172307968;13152256;1308815360;0;0;0;0;0;0;0;0;0;0;0;3116;0;0;125;0;132;0;
10543;4399249;1172307968;13152256;1308815360;0;0;0;0;0;0;0;0;0;0;0;1824;0;0;125;0;132;0;
10544;6787607;1172307968;13152256;1308815360;0;0;0;0;0;0;0;0;0;0;0;3236;0;0;125;0;132;0;
10545;4301405;1172307968;13152256;1308815360;0;0;0;0;0;0;0;0;0;0;0;1773;0;0;125;0;132;0;
10546;3970144;1172307968;13152256;1308815360;0;0;0;0;0;0;0;0;0;0;0;3366;0;0;125;0;132;0;
10547;6086322;1172307968;13152256;1308815360;0;0;0;0;0;0;0;0;0;0;0;3457;0;0;125;0;132;0;
10548;5292514;1172307968;13152256;1308815360;0;0;0;0;0;0;0;0;0;0;0;4308;0;0;125;0;132;0;
10549;8198623;1172307968;13152256;1308815360;0;0;0;0;0;0;0;0;0;0;0;2735;0;0;125;0;132;0;
10550;6662392;1172307968;13152256;1308815360;0;0;0;0;0;0;0;0;0;0;0;3186;0;0;125;0;132;0;
10551;6829656;1174937600;18558976;1314222080;0;0;0;0;0;0;0;0;0;0;0;3226;0;0;125;0;132;0;
10552;5795216;1177034752;18558976;1314222080;0;0;0;0;0;0;0;0;0;0;0;3226;0;0;125;0;132;0;
10553;6935995;1177034752;18558976;1314222080;0;0;0;0;0;0;0;0;0;0;0;2494;0;0;125;0;132;0;
10554;7416035;1177034752;18558976;1314222080;0;0;0;0;0;0;0;0;0;0;0;3567;0;0;125;0;132;0;
10555;9615078;1177034752;18558976;1314222080;0;0;0;0;0;0;0;0;0;0;0;2976;0;0;125;0;132;0;
10556;7853516;1177034752;18558976;1314222080;0;0;0;0;0;0;0;0;0;0;0;3737;0;0;125;0;132;0;
10557;7676554;1177034752;18558976;1314222080;0;0;0;0;0;0;0;0;0;0;0;4398;0;0;125;0;132;0;
10558;8546295;1177034752;18558976;1314222080;0;0;0;0;0;0;0;0;0;0;0;3166;0;0;125;0;132;0;
10559;12083978;1177034752;18558976;1314222080;0;0;0;0;0;0;0;0;0;0;0;3166;0;0;125;0;132;0;
10560;6007535;1172320256;13152256;1308815360;0;0;0;0;0;0;0;0;0;0;0;3437;0;0;125;0;132;0;
10561;8488606;1172320256;13152256;1308815360;0;0;0;0;0;0;0;0;0;0;0;3206;0;0;125;0;132;0;
10562;4945603;1172320256;13152256;1308815360;0;0;0;0;0;0;0;0;0;0;0;4148;0;0;125;0;132;0;
10563;9514220;1172320256;13152256;1308815360;0;0;0;0;0;0;0;0;0;0;0;33092;0;0;125;0;132;0;
10564;3807209;1172320256;13152256;1308815360;0;0;0;0;0;0;0;0;0;0;0;3357;0;0;125;0;132;0;
10565;10528221;1172320256;13152256;1308815360;0;0;0;0;0;0;0;0;0;0;0;3286;0;0;125;0;132;0;
10566;6661571;1172320256;13152256;1308815360;0;0;0;0;0;0;0;0;0;0;0;3326;0;0;125;0;132;0;
10567;6815500;1172320256;13152256;1308815360;0;0;0;0;0;0;0;0;0;0;0;2604;0;0;125;0;132;0;
10568;5520250;1172320256;13152256;1308815360;0;0;0;0;0;0;0;0;0;0;0;3607;0;0;125;0;132;0;
10569;8019246;1172320256;13152256;1308815360;0;0;0;0;0;0;0;0;0;0;0;2906;0;0;125;0;132;0;
10570;9559214;1172320256;13152256;1308815360;0;0;0;0;0;0;0;0;0;0;0;3346;0;0;125;0;132;0;
10571;8763342;1172320256;13152256;1308815360;0;0;0;0;0;0;0;0;0;0;0;2745;0;0;125;0;132;0;
10572;6058540;1172320256;13152256;1308815360;0;0;0;0;0;0;0;0;0;0;0;3035;0;0;125;0;132;0;
10573;8312085;1174949888;18558976;1314222080;0;0;0;0;0;0;0;0;0;0;0;3778;0;0;125;0;132;0;
10574;6810430;1177047040;18558976;1314222080;0;0;0;0;0;0;0;0;0;0;0;3818;0;0;125;0;132;0;
10575;8807174;1177047040;18558976;1314222080;0;0;0;0;0;0;0;0;0;0;0;3937;0;0;125;0;132;0;
10576;4693721;1177047040;18558976;1314222080;0;0;0;0;0;0;0;0;0;0;0;3586;0;0;125;0;132;0;
10577;9277326;1177047040;18558976;1314222080;0;0;0;0;0;0;0;0;0;0;0;3075;0;0;125;0;132;0;
10578;4679815;1177047040;18558976;1314222080;0;0;0;0;0;0;0;0;0;0;0;3947;0;0;125;0;132;0;
10579;6918663;1177047040;18558976;1314222080;0;0;0;0;0;0;0;0;0;0;0;2094;0;0;125;0;132;0;
10580;6810390;1177047040;18558976;1314222080;0;0;0;0;0;0;0;0;0;0;0;3557;0;0;125;0;132;0;
10581;6265898;1177047040;18558976;1314222080;0;0;0;0;0;0;0;0;0;0;0;2454;0;0;125;0;132;0;
10582;4766287;1172332544;13152256;1308815360;0;0;0;0;0;0;0;0;0;0;0;3056;0;0;125;0;132;0;
10583;6633528;1172332544;13152256;1308815360;0;0;0;0;0;0;0;0;0;0;0;2515;0;0;125;0;132;0;
10584;4040306;1172332544;13152256;1308815360;0;0;0;0;0;0;0;0;0;0;0;3276;0;0;125;0;132;0;
10585;9158833;1172332544;13152256;1308815360;0;0;0;0;0;0;0;0;0;0;0;3186;0;0;125;0;132;0;
10586;5265062;1172332544;13152256;1308815360;0;0;0;0;0;0;0;0;0;0;0;3317;0;0;125;0;132;0;
10587;8487906;1172332544;13152256;1308815360;0;0;0;0;0;0;0;0;0;0;0;3136;0;0;125;0;132;0;
10588;6725480;1172332544;13152256;1308815360;0;0;0;0;0;0;0;0;0;0;0;3427;0;0;125;0;132;0;
10589;9448046;1172332544;13152256;1308815360;0;0;0;0;0;0;0;0;0;0;0;3236;0;0;125;0;132;0;
10590;6372960;1172332544;13152256;1308815360;0;0;0;0;0;0;0;0;0;0;0;3286;0;0;125;0;132;0;
10591;7847274;1172332544;13152256;1308815360;0;0;0;0;0;0;0;0;0;0;0;2865;0;0;125;0;132;0;
10592;6237356;1172332544;13152256;1308815360;0;0;0;0;0;0;0;0;0;0;0;3466;0;0;125;0;132;0;
10593;6865223;1172332544;13152256;1308815360;0;0;0;0;0;0;0;0;0;0;0;2595;0;0;125;0;132;0;
10594;7451773;1172332544;13152256;1308815360;0;0;0;0;0;0;0;0;0;0;0;2815;0;0;125;0;132;0;
10595;9695240;1172332544;13152256;1308815360;0;0;0;0;0;0;0;0;0;0;0;2865;0;0;125;0;132;0;
10596;7383955;1172332544;13152256;1308815360;0;0;0;0;0;0;0;0;0;0;0;3326;0;0;125;0;132;0;
10597;7196885;1174962176;18558976;1314222080;0;0;0;0;0;0;0;0;0;0;0;2835;0;0;125;0;132;0;
10598;6091642;1177059328;18558976;1314222080;0;0;0;0;0;0;0;0;0;0;0;3036;0;0;125;0;132;0;
10599;10154741;1177059328;18558976;1314222080;0;0;0;0;0;0;0;0;0;0;0;2955;0;0;125;0;132;0;
10600;5372423;1177059328;18558976;1314222080;0;0;0;0;0;0;0;0;0;0;0;3015;0;0;125;0;132;0;
10601;8179727;1177059328;18558976;1314222080;0;0;0;0;0;0;0;0;0;0;0;2715;0;0;125;0;132;0;
10602;4514024;1177059328;18558976;1314222080;0;0;0;0;0;0;0;0;0;0;0;3176;0;0;125;0;132;0;
10603;8954661;1177059328;18558976;1314222080;0;0;0;0;0;0;0;0;0;0;0;2885;0;0;125;0;132;0;
10604;4617948;1177059328;18558976;1314222080;0;0;0;0;0;0;0;0;0;0;0;3015;0;0;125;0;132;0;
10605;6643026;1177059328;18558976;1314222080;0;0;0;0;0;0;0;0;0;0;0;2214;0;0;125;0;132;0;
10606;7915251;1172344832;13152256;1308815360;0;0;0;0;0;0;0;0;0;0;0;3006;0;0;125;0;132;0;
10607;7366583;1172344832;13152256;1308815360;0;0;0;0;0;0;0;0;0;0;0;2926;0;0;125;0;132;0;
10608;9606773;1172344832;13152256;1308815360;0;0;0;0;0;0;0;0;0;0;0;3216;0;0;125;0;132;0;
10609;7232111;1172344832;13152256;1308815360;0;0;0;0;0;0;0;0;0;0;0;2264;0;0;125;0;132;0;
10610;3729443;1172344832;13152256;1308815360;0;0;0;0;0;0;0;0;0;0;0;2785;0;0;125;0;132;0;
10611;5784476;1172344832;13152256;1308815360;0;0;0;0;0;0;0;0;0;0;0;1533;0;0;125;0;132;0;
10612;6202530;1172344832;13152256;1308815360;0;0;0;0;0;0;0;0;0;0;0;3086;0;0;125;0;132;0;
10613;7190993;1172344832;13152256;1308815360;0;0;0;0;0;0;0;0;0;0;0;2515;0;0;125;0;132;0;
10614;5345944;1172344832;13152256;1308815360;0;0;0;0;0;0;0;0;0;0;0;5901;0;0;125;0;132;0;
10615;5983279;1172344832;13152256;1308815360;0;0;0;0;0;0;0;0;0;0;0;1753;0;0;125;0;132;0;
10616;8095730;1172344832;13152256;1308815360;0;0;0;0;0;0;0;0;0;0;0;2805;0;0;125;0;132;0;
10617;6978726;1172344832;13152256;1308815360;0;0;0;0;0;0;0;0;0;0;0;2394;0;0;125;0;132;0;
10618;3863394;1172344832;13152256;1308815360;0;0;0;0;0;0;0;0;0;0;0;3817;0;0;125;0;132;0;
10619;10043923;1174974464;18558976;1314222080;0;0;0;0;0;0;0;0;0;0;0;2274;0;0;125;0;132;0;
10620;6443632;1177071616;18558976;1314222080;0;0;0;0;0;0;0;0;0;0;0;3276;0;0;125;0;132;0;
10621;7414853;1177071616;18558976;1314222080;0;0;0;0;0;0;0;0;0;0;0;1884;0;0;125;0;132;0;
10622;5419682;1177071616;18558976;1314222080;0;0;0;0;0;0;0;0;0;0;0;9037;0;0;125;0;132;0;
10623;8394540;1177071616;18558976;1314222080;0;0;0;0;0;0;0;0;0;0;0;2745;0;0;125;0;132;0;
10624;3752726;1177071616;18558976;1314222080;0;0;0;0;0;0;0;0;0;0;0;3216;0;0;125;0;132;0;
10625;9403763;1177071616;18558976;1314222080;0;0;0;0;0;0;0;0;0;0;0;3165;0;0;125;0;132;0;
10626;11358267;1177071616;18558976;1314222080;0;0;0;0;0;0;0;0;0;0;0;3627;0;0;125;0;132;0;
10627;11136191;1177071616;18558976;1314222080;0;0;0;0;0;0;0;0;0;0;0;3106;0;0;125;0;132;0;
10628;8440496;1172357120;13152256;1308815360;0;0;0;0;0;0;0;0;0;0;0;3486;0;0;125;0;132;0;
10629;10482215;1172357120;13152256;1308815360;0;0;0;0;0;0;0;0;0;0;0;2815;0;0;125;0;132;0;
10630;6789942;1172357120;13152256;1308815360;0;0;0;0;0;0;0;0;0;0;0;2985;0;0;125;0;132;0;
10631;10098846;1172357120;13152256;1308815360;0;0;0;0;0;0;0;0;0;0;0;3106;0;0;125;0;132;0;
10632;6549300;1172357120;13152256;1308815360;0;0;0;0;0;0;0;0;0;0;0;3617;0;0;125;0;132;0;
10633;7798994;1172357120;13152256;1308815360;0;0;0;0;0;0;0;0;0;0;0;2866;0;0;125;0;132;0;
10634;3548864;1172357120;13152256;1308815360;0;0;0;0;0;0;0;0;0;0;0;2956;0;0;125;0;132;0;
10635;6249128;1172357120;13152256;1308815360;0;0;0;0;0;0;0;0;0;0;0;2985;0;0;125;0;132;0;
10636;5188970;1172357120;13152256;1308815360;0;0;0;0;0;0;0;0;0;0;0;3396;0;0;125;0;132;0;
10637;8642595;1172357120;13152256;1308815360;0;0;0;0;0;0;0;0;0;0;0;2685;0;0;125;0;132;0;
10638;4376416;1172357120;13152256;1308815360;0;0;0;0;0;0;0;0;0;0;0;3326;0;0;125;0;132;0;
10639;9595071;1172357120;13152256;1308815360;0;0;0;0;0;0;0;0;0;0;0;2475;0;0;125;0;132;0;
10640;7415434;1172357120;13152256;1308815360;0;0;0;0;0;0;0;0;0;0;0;2995;0;0;125;0;132;0;
10641;5907567;1172357120;13152256;1308815360;0;0;0;0;0;0;0;0;0;0;0;2495;0;0;125;0;132;0;
10642;6216656;1172357120;13152256;1308815360;0;0;0;0;0;0;0;0;0;0;0;4969;0;0;125;0;132;0;
10643;9525831;1174986752;18558976;1314222080;0;0;0;0;0;0;0;0;0;0;0;3356;0;0;125;0;132;0;
10644;4745047;1177083904;18558976;1314222080;0;0;0;0;0;0;0;0;0;0;0;3206;0;0;125;0;132;0;
10645;9242069;1177083904;18558976;1314222080;0;0;0;0;0;0;0;0;0;0;0;2906;0;0;125;0;132;0;
10646;6153167;1177083904;18558976;1314222080;0;0;0;0;0;0;0;0;0;0;0;3366;0;0;125;0;132;0;
10647;7458856;1177083904;18558976;1314222080;0;0;0;0;0;0;0;0;0;0;0;2665;0;0;125;0;132;0;
10648;8113162;1177083904;18558976;1314222080;0;0;0;0;0;0;0;0;0;0;0;3466;0;0;125;0;132;0;
10649;7763487;1177083904;18558976;1314222080;0;0;0;0;0;0;0;0;0;0;0;3106;0;0;125;0;132;0;
10650;6035156;1177083904;18558976;1314222080;0;0;0;0;0;0;0;0;0;0;0;3246;0;0;125;0;132;0;
10651;7855830;1177083904;18558976;1314222080;0;0;0;0;0;0;0;0;0;0;0;2996;0;0;125;0;132;0;
10652;9195913;1172369408;13152256;1308815360;0;0;0;0;0;0;0;0;0;0;0;3277;0;0;125;0;132;0;
10653;6689352;1172369408;13152256;1308815360;0;0;0;0;0;0;0;0;0;0;0;2696;0;0;125;0;132;0;
10654;7411767;1172369408;13152256;1308815360;0;0;0;0;0;0;0;0;0;0;0;3887;0;0;125;0;132;0;
10655;9407360;1172369408;13152256;1308815360;0;0;0;0;0;0;0;0;0;0;0;3105;0;0;125;0;132;0;
10656;5760241;1172369408;13152256;1308815360;0;0;0;0;0;0;0;0;0;0;0;4528;0;0;125;0;132;0;
10657;9148273;1172369408;13152256;1308815360;0;0;0;0;0;0;0;0;0;0;0;4048;0;0;125;0;132;0;
10658;6740318;1172369408;13152256;1308815360;0;0;0;0;0;0;0;0;0;0;0;3797;0;0;125;0;132;0;
10659;6008857;1172369408;13152256;1308815360;0;0;0;0;0;0;0;0;0;0;0;2835;0;0;125;0;132;0;
10660;3537903;1172369408;13152256;1308815360;0;0;0;0;0;0;0;0;0;0;0;3006;0;0;125;0;132;0;
10661;10357201;1172369408;13152256;1308815360;0;0;0;0;0;0;0;0;0;0;0;2846;0;0;125;0;132;0;
10662;7265774;1172369408;13152256;1308815360;0;0;0;0;0;0;0;0;0;0;0;3216;0;0;125;0;132;0;
10663;6088597;1172369408;13152256;1308815360;0;0;0;0;0;0;0;0;0;0;0;2114;0;0;125;0;132;0;
10664;7531432;1172369408;13152256;1308815360;0;0;0;0;0;0;0;0;0;0;0;3436;0;0;125;0;132;0;
10665;8315442;1174999040;18558976;1314222080;0;0;0;0;0;0;0;0;0;0;0;2565;0;0;125;0;132;0;
10666;5272266;1177096192;18558976;1314222080;0;0;0;0;0;0;0;0;0;0;0;3286;0;0;125;0;132;0;
10667;7476989;1177096192;18558976;1314222080;0;0;0;0;0;0;0;0;0;0;0;2705;0;0;125;0;133;0;
10668;6817904;1177096192;18558976;1314222080;0;0;0;0;0;0;0;0;0;0;0;3386;0;0;125;0;133;0;
10669;9065759;1177096192;18558976;1314222080;0;0;0;0;0;0;0;0;0;0;0;3236;0;0;125;0;133;0;
10670;6208381;1177096192;18558976;1314222080;0;0;0;0;0;0;0;0;0;0;0;176481;0;0;125;0;133;0;
10671;9566678;1177096192;18558976;1314222080;0;0;0;0;0;0;0;0;0;0;0;3657;0;0;125;0;133;0;
10672;5015734;1177096192;18563072;1314226176;0;0;0;0;0;0;0;0;0;0;0;3216;0;0;125;0;133;0;
10673;6813416;1177096192;18563072;1314226176;0;0;0;0;0;0;0;0;0;0;0;2996;0;0;125;0;133;0;
10674;4423485;1172385792;13156352;1308819456;0;0;0;0;0;0;0;0;0;0;0;3797;0;0;125;0;133;0;
10675;8785052;1172385792;13156352;1308819456;0;0;0;0;0;0;0;0;0;0;0;3066;0;0;125;0;133;0;
10676;5272596;1172385792;13156352;1308819456;0;0;0;0;0;0;0;0;0;0;0;3076;0;0;125;0;133;0;
10677;8327644;1172385792;13156352;1308819456;0;0;0;0;0;0;0;0;0;0;0;3797;0;0;125;0;133;0;
10678;3925059;1172385792;13156352;1308819456;0;0;0;0;0;0;0;0;0;0;0;3166;0;0;125;0;133;0;
10679;9214648;1172385792;13156352;1308819456;0;0;0;0;0;0;0;0;0;0;0;3567;0;0;125;0;133;0;
10680;6902783;1172385792;13156352;1308819456;0;0;0;0;0;0;0;0;0;0;0;3337;0;0;125;0;133;0;
10681;8425298;1172385792;13156352;1308819456;0;0;0;0;0;0;0;0;0;0;0;3045;0;0;125;0;133;0;
10682;5391720;1172385792;13156352;1308819456;0;0;0;0;0;0;0;0;0;0;0;3076;0;0;125;0;133;0;
10683;6679414;1172385792;13156352;1308819456;0;0;0;0;0;0;0;0;0;0;0;2255;0;0;125;0;133;0;
10684;7199299;1172385792;13156352;1308819456;0;0;0;0;0;0;0;0;0;0;0;2394;0;0;125;0;133;0;
10685;8795722;1172385792;13156352;1308819456;0;0;0;0;0;0;0;0;0;0;0;2916;0;0;125;0;135;0;
10686;5187346;1172385792;13156352;1308819456;0;0;0;0;0;0;0;0;0;0;0;3737;0;0;125;0;135;0;
10687;8350047;1172385792;13156352;1308819456;0;0;0;0;0;0;0;0;0;0;0;3417;0;0;125;0;135;0;
10688;5531091;1172385792;13156352;1308819456;0;0;0;0;0;0;0;0;0;0;0;3306;0;0;125;0;135;0;
10689;7002060;1175015424;18563072;1314226176;0;0;0;0;0;0;0;0;0;0;0;3356;0;0;125;0;135;0;
10690;6298319;1177112576;18563072;1314226176;0;0;0;0;0;0;0;0;0;0;0;3206;0;0;125;0;135;0;
10691;8687830;1177112576;18563072;1314226176;0;0;0;0;0;0;0;0;0;0;0;3487;0;0;125;0;135;0;
10692;4942588;1177112576;18563072;1314226176;0;0;0;0;0;0;0;0;0;0;0;2835;0;0;125;0;135;0;
10693;7081799;1177112576;18563072;1314226176;0;0;0;0;0;0;0;0;0;0;0;2184;0;0;125;0;135;0;
10694;6576060;1177112576;18563072;1314226176;0;0;0;0;0;0;0;0;0;0;0;2926;0;0;125;0;135;0;
10695;8413636;1177112576;18563072;1314226176;0;0;0;0;0;0;0;0;0;0;0;2384;0;0;125;0;135;0;
10696;3399484;1177112576;18563072;1314226176;0;0;0;0;0;0;0;0;0;0;0;2886;0;0;125;0;135;0;
10697;6254547;1177112576;18563072;1314226176;0;0;0;0;0;0;0;0;0;0;0;2044;0;0;125;0;135;0;
10698;6621486;1172398080;13156352;1308819456;0;0;0;0;0;0;0;0;0;0;0;4067;0;0;125;0;136;0;
10699;8056356;1172398080;13156352;1308819456;0;0;0;0;0;0;0;0;0;0;0;2224;0;0;125;0;136;0;
10700;4045556;1172398080;13156352;1308819456;0;0;0;0;0;0;0;0;0;0;0;3396;0;0;125;0;136;0;
10701;8353563;1172398080;13156352;1308819456;0;0;0;0;0;0;0;0;0;0;0;3136;0;0;125;0;136;0;
10702;6590477;1172398080;13156352;1308819456;0;0;0;0;0;0;0;0;0;0;0;3487;0;0;125;0;136;0;
10703;4974468;1172398080;13156352;1308819456;0;0;0;0;0;0;0;0;0;0;0;2414;0;0;125;0;136;0;
10704;5105714;1172398080;13156352;1308819456;0;0;0;0;0;0;0;0;0;0;0;3176;0;0;125;0;136;0;
10705;8042240;1172398080;13156352;1308819456;0;0;0;0;0;0;0;0;0;0;0;3607;0;0;125;0;136;0;
10706;5047404;1172398080;13156352;1308819456;0;0;0;0;0;0;0;0;0;0;0;3096;0;0;125;0;136;0;
10707;6681428;1172398080;13156352;1308819456;0;0;0;0;0;0;0;0;0;0;0;2965;0;0;125;0;136;0;
10708;4312206;1172398080;13156352;1308819456;0;0;0;0;0;0;0;0;0;0;0;3296;0;0;125;0;136;0;
10709;7689819;1172398080;13156352;1308819456;0;0;0;0;0;0;0;0;0;0;0;2274;0;0;125;0;136;0;
10710;4068859;1172398080;13156352;1308819456;0;0;0;0;0;0;0;0;0;0;0;3406;0;0;125;0;136;0;
10711;7371953;1175027712;18563072;1314226176;0;0;0;0;0;0;0;0;0;0;0;3346;0;0;125;0;136;0;
10712;3128245;1177124864;18563072;1314226176;0;0;0;0;0;0;0;0;0;0;0;2525;0;0;125;0;136;0;
10713;8584226;1177124864;18563072;1314226176;0;0;0;0;0;0;0;0;0;0;0;2185;0;0;125;0;136;0;
10714;4527990;1177124864;18563072;1314226176;0;0;0;0;0;0;0;0;0;0;0;2836;0;0;125;0;136;0;
10715;7956649;1177124864;18563072;1314226176;0;0;0;0;0;0;0;0;0;0;0;44343;0;0;125;0;136;0;
10716;2592861;1177124864;18563072;1314226176;0;0;0;0;0;0;0;0;0;0;0;2885;0;0;125;0;136;0;
10717;7139727;1177124864;18563072;1314226176;0;0;0;0;0;0;0;0;0;0;0;2124;0;0;125;0;136;0;
10718;6922831;1177124864;18563072;1314226176;0;0;0;0;0;0;0;0;0;0;0;3517;0;0;125;0;136;0;
10719;9133125;1177124864;18563072;1314226176;0;0;0;0;0;0;0;0;0;0;0;2976;0;0;125;0;136;0;
10720;4146094;1172410368;13156352;1308819456;0;0;0;0;0;0;0;0;0;0;0;3577;0;0;125;0;136;0;
10721;8818445;1172410368;13156352;1308819456;0;0;0;0;0;0;0;0;0;0;0;2254;0;0;125;0;136;0;
10722;4312246;1172410368;13156352;1308819456;0;0;0;0;0;0;0;0;0;0;0;3227;0;0;125;0;136;0;
10723;6102693;1172410368;13156352;1308819456;0;0;0;0;0;0;0;0;0;0;0;2204;0;0;125;0;136;0;
10724;7671505;1172410368;13156352;1308819456;0;0;0;0;0;0;0;0;0;0;0;3246;0;0;125;0;136;0;
10725;9282235;1172410368;13156352;1308819456;0;0;0;0;0;0;0;0;0;0;0;2795;0;0;125;0;136;0;
10726;4437942;1172410368;13156352;1308819456;0;0;0;0;0;0;0;0;0;0;0;3376;0;0;125;0;136;0;
10727;7362445;1172410368;13156352;1308819456;0;0;0;0;0;0;0;0;0;0;0;1693;0;0;125;0;136;0;
10728;5654974;1172410368;13156352;1308819456;0;0;0;0;0;0;0;0;0;0;0;3627;0;0;125;0;136;0;
10729;7971957;1172410368;13156352;1308819456;0;0;0;0;0;0;0;0;0;0;0;3777;0;0;125;0;136;0;
10730;4037711;1172410368;13156352;1308819456;0;0;0;0;0;0;0;0;0;0;0;3176;0;0;125;0;136;0;
10731;8511410;1172410368;13156352;1308819456;0;0;0;0;0;0;0;0;0;0;0;2294;0;0;125;0;136;0;
10732;4788509;1172410368;13156352;1308819456;0;0;0;0;0;0;0;0;0;0;0;3657;0;0;125;0;136;0;
10733;9431003;1172410368;13156352;1308819456;0;0;0;0;0;0;0;0;0;0;0;3788;0;0;125;0;136;0;
10734;2677420;1172410368;13156352;1308819456;0;0;0;0;0;0;0;0;0;0;0;3346;0;0;125;0;136;0;
10735;8945152;1175040000;18563072;1314226176;0;0;0;0;0;0;0;0;0;0;0;2495;0;0;125;0;136;0;
10736;4223790;1177137152;18563072;1314226176;0;0;0;0;0;0;0;0;0;0;0;2996;0;0;125;0;136;0;
10737;8681669;1177137152;18563072;1314226176;0;0;0;0;0;0;0;0;0;0;0;2625;0;0;125;0;136;0;
10738;3401949;1177137152;18563072;1314226176;0;0;0;0;0;0;0;0;0;0;0;3126;0;0;125;0;136;0;
10739;7768907;1177137152;18563072;1314226176;0;0;0;0;0;0;0;0;0;0;0;2815;0;0;125;0;136;0;
10740;4711865;1177137152;18563072;1314226176;0;0;0;0;0;0;0;0;0;0;0;3427;0;0;125;0;136;0;
10741;8959560;1177137152;18563072;1314226176;0;0;0;0;0;0;0;0;0;0;0;2574;0;0;125;0;136;0;
10742;3874475;1177137152;18563072;1314226176;0;0;0;0;0;0;0;0;0;0;0;3026;0;0;125;0;136;0;
10743;7485074;1177137152;18563072;1314226176;0;0;0;0;0;0;0;0;0;0;0;2385;0;0;125;0;136;0;
10744;5289307;1172422656;13156352;1308819456;0;0;0;0;0;0;0;0;0;0;0;3146;0;0;125;0;136;0;
10745;6307467;1172422656;13156352;1308819456;0;0;0;0;0;0;0;0;0;0;0;2635;0;0;125;0;136;0;
10746;3620158;1172422656;13156352;1308819456;0;0;0;0;0;0;0;0;0;0;0;3246;0;0;125;0;136;0;
10747;7023019;1172422656;13156352;1308819456;0;0;0;0;0;0;0;0;0;0;0;2615;0;0;125;0;136;0;
10748;5974953;1172422656;13156352;1308819456;0;0;0;0;0;0;0;0;0;0;0;3446;0;0;125;0;136;0;
10749;6671860;1172422656;13156352;1308819456;0;0;0;0;0;0;0;0;0;0;0;2685;0;0;125;0;136;0;
10750;3000165;1172422656;13156352;1308819456;0;0;0;0;0;0;0;0;0;0;0;3447;0;0;125;0;136;0;
10751;9383755;1172422656;13156352;1308819456;0;0;0;0;0;0;0;0;0;0;0;2134;0;0;125;0;136;0;
10752;5449728;1172422656;13156352;1308819456;0;0;0;0;0;0;0;0;0;0;0;2946;0;0;125;0;136;0;
10753;6925035;1172422656;13156352;1308819456;0;0;0;0;0;0;0;0;0;0;0;2645;0;0;125;0;136;0;
10754;6029876;1172422656;13156352;1308819456;0;0;0;0;0;0;0;0;0;0;0;3247;0;0;125;0;136;0;
10755;10691307;1172422656;13156352;1308819456;0;0;0;0;0;0;0;0;0;0;0;3827;0;0;125;0;139;0;
10756;6218570;1172422656;13156352;1308819456;0;0;0;0;0;0;0;0;0;0;0;3617;0;0;125;0;139;0;
10757;8218981;1175052288;18563072;1314226176;0;0;0;0;0;0;0;0;0;0;0;3356;0;0;125;0;140;0;
10758;5352005;1177149440;18563072;1314226176;0;0;0;0;0;0;0;0;0;0;0;3336;0;0;125;0;140;0;
10759;7492018;1177149440;18563072;1314226176;0;0;0;0;0;0;0;0;0;0;0;3066;0;0;125;0;140;0;
10760;5364508;1177149440;18563072;1314226176;0;0;0;0;0;0;0;0;0;0;0;3537;0;0;125;0;140;0;
10761;7940569;1177149440;18563072;1314226176;0;0;0;0;0;0;0;0;0;0;0;2445;0;0;125;0;140;0;
10762;4513884;1177149440;18563072;1314226176;0;0;0;0;0;0;0;0;0;0;0;3356;0;0;125;0;140;0;
10763;6981000;1177149440;18563072;1314226176;0;0;0;0;0;0;0;0;0;0;0;2865;0;0;125;0;140;0;
10764;5445110;1177149440;18563072;1314226176;0;0;0;0;0;0;0;0;0;0;0;3837;0;0;125;0;140;0;
10765;6631294;1177149440;18563072;1314226176;0;0;0;0;0;0;0;0;0;0;0;3005;0;0;125;0;140;0;
10766;4416150;1172434944;13156352;1308819456;0;0;0;0;0;0;0;0;0;0;0;3026;0;0;125;0;140;0;
10767;6792015;1172434944;13156352;1308819456;0;0;0;0;0;0;0;0;0;0;0;2424;0;0;125;0;140;0;
10768;6222167;1172434944;13156352;1308819456;0;0;0;0;0;0;0;0;0;0;0;3075;0;0;125;0;140;0;
10769;8872086;1172434944;13156352;1308819456;0;0;0;0;0;0;0;0;0;0;0;3026;0;0;125;0;140;0;
10770;4937718;1172434944;13156352;1308819456;0;0;0;0;0;0;0;0;0;0;0;3436;0;0;125;0;140;0;
10771;6859171;1172434944;13156352;1308819456;0;0;0;0;0;0;0;0;0;0;0;3176;0;0;125;0;140;0;
10772;5376511;1172434944;13156352;1308819456;0;0;0;0;0;0;0;0;0;0;0;2905;0;0;125;0;140;0;
10773;8851327;1172434944;13156352;1308819456;0;0;0;0;0;0;0;0;0;0;0;3436;0;0;125;0;140;0;
10774;6411081;1172434944;13156352;1308819456;0;0;0;0;0;0;0;0;0;0;0;3647;0;0;125;0;140;0;
10775;7361072;1172434944;13156352;1308819456;0;0;0;0;0;0;0;0;0;0;0;3176;0;0;125;0;140;0;
10776;3572248;1172434944;13156352;1308819456;0;0;0;0;0;0;0;0;0;0;0;3046;0;0;125;0;140;0;
10777;9253301;1172434944;13156352;1308819456;0;0;0;0;0;0;0;0;0;0;0;3266;0;0;125;0;140;0;
10778;6857187;1172434944;13156352;1308819456;0;0;0;0;0;0;0;0;0;0;0;3366;0;0;125;0;140;0;
10779;8902914;1172434944;13156352;1308819456;0;0;0;0;0;0;0;0;0;0;0;3126;0;0;125;0;140;0;
10780;4704912;1172434944;13156352;1308819456;0;0;0;0;0;0;0;0;0;0;0;3457;0;0;125;0;140;0;
10781;8899377;1175064576;18563072;1314226176;0;0;0;0;0;0;0;0;0;0;0;3717;0;0;125;0;140;0;
10782;6895309;1177161728;18563072;1314226176;0;0;0;0;0;0;0;0;0;0;0;3396;0;0;125;0;140;0;
10783;7703555;1177161728;18563072;1314226176;0;0;0;0;0;0;0;0;0;0;0;3416;0;0;125;0;140;0;
10784;5485024;1177161728;18563072;1314226176;0;0;0;0;0;0;0;0;0;0;0;2665;0;0;125;0;140;0;
10785;8148439;1177161728;18563072;1314226176;0;0;0;0;0;0;0;0;0;0;0;2906;0;0;125;0;140;0;
10786;5897377;1177161728;18563072;1314226176;0;0;0;0;0;0;0;0;0;0;0;3075;0;0;125;0;140;0;
10787;6924263;1177161728;18563072;1314226176;0;0;0;0;0;0;0;0;0;0;0;2745;0;0;125;0;140;0;
10788;5689599;1177161728;18563072;1314226176;0;0;0;0;0;0;0;0;0;0;0;3737;0;0;125;0;140;0;
10789;9055310;1177161728;18563072;1314226176;0;0;0;0;0;0;0;0;0;0;0;3066;0;0;125;0;140;0;
10790;6222688;1172447232;13156352;1308819456;0;0;0;0;0;0;0;0;0;0;0;3286;0;0;125;0;140;0;
10791;7764799;1172447232;13160448;1308823552;0;0;0;0;0;0;0;0;0;0;0;3266;0;0;125;0;140;0;
10792;6957285;1172447232;13164544;1308827648;0;0;0;0;0;0;0;0;0;0;0;2926;0;0;125;0;140;0;
10793;7767454;1175076864;18571264;1314234368;0;0;0;0;0;0;0;0;0;0;0;3436;0;0;125;0;140;0;
10794;4867117;1177174016;18571264;1314234368;0;0;0;0;0;0;0;0;0;0;0;3016;0;0;125;0;140;0;
10795;6082645;1177174016;18571264;1314234368;0;0;0;0;0;0;0;0;0;0;0;1743;0;0;125;0;140;0;
10796;6483377;1177174016;18571264;1314234368;0;0;0;0;0;0;0;0;0;0;0;3677;0;0;125;0;140;0;
10797;8131687;1177174016;18571264;1314234368;0;0;0;0;0;0;0;0;0;0;0;3236;0;0;125;0;140;0;
10798;5754570;1177378816;18563072;1314226176;0;0;0;0;0;0;0;0;0;0;0;3507;0;0;125;0;140;0;
10799;7539377;1177378816;18563072;1314226176;0;0;0;0;0;0;0;0;0;0;0;2174;0;0;125;0;140;0;
10800;5008712;1177378816;18563072;1314226176;0;0;0;0;0;0;0;0;0;0;0;2966;0;0;125;0;140;0;
10801;7040742;1177378816;18563072;1314226176;0;0;0;0;0;0;0;0;0;0;0;1763;0;0;125;0;140;0;
10802;4623159;1172447232;13156352;1308819456;0;0;0;0;0;0;0;0;0;0;0;3386;0;0;125;0;140;0;
10803;8816271;1175076864;18563072;1314226176;0;0;0;0;0;0;0;0;0;0;0;2866;0;0;125;0;140;0;
10804;5140870;1177174016;18563072;1314226176;0;0;0;0;0;0;0;0;0;0;0;3136;0;0;125;0;140;0;
10805;6865433;1177174016;18563072;1314226176;0;0;0;0;0;0;0;0;0;0;0;1773;0;0;125;0;140;0;
10806;5300859;1177174016;18563072;1314226176;0;0;0;0;0;0;0;0;0;0;0;3667;0;0;125;0;140;0;
10807;7718824;1177174016;18563072;1314226176;0;0;0;0;0;0;0;0;0;0;0;3216;0;0;125;0;140;0;
10808;4837711;1177174016;18563072;1314226176;0;0;0;0;0;0;0;0;0;0;0;2865;0;0;125;0;140;0;
10809;9063935;1177174016;18563072;1314226176;0;0;0;0;0;0;0;0;0;0;0;1913;0;0;125;0;140;0;
10810;4741540;1177174016;18563072;1314226176;0;0;0;0;0;0;0;0;0;0;0;3066;0;0;125;0;140;0;
10811;7871519;1177174016;18563072;1314226176;0;0;0;0;0;0;0;0;0;0;0;1693;0;0;125;0;140;0;
10812;4650640;1172459520;13156352;1308819456;0;0;0;0;0;0;0;0;0;0;0;3246;0;0;125;0;140;0;
10813;7936902;1172459520;13156352;1308819456;0;0;0;0;0;0;0;0;0;0;0;2685;0;0;125;0;140;0;
10814;4229109;1172459520;13156352;1308819456;0;0;0;0;0;0;0;0;0;0;0;2896;0;0;125;0;140;0;
10815;5654112;1172459520;13156352;1308819456;0;0;0;0;0;0;0;0;0;0;0;2425;0;0;125;0;140;0;
10816;3788274;1172459520;13156352;1308819456;0;0;0;0;0;0;0;0;0;0;0;4077;0;0;125;0;140;0;
10817;7665403;1172459520;13156352;1308819456;0;0;0;0;0;0;0;0;0;0;0;2215;0;0;125;0;140;0;
10818;5460990;1172459520;13156352;1308819456;0;0;0;0;0;0;0;0;0;0;0;2835;0;0;125;0;140;0;
10819;4951103;1172459520;13156352;1308819456;0;0;0;0;0;0;0;0;0;0;0;1723;0;0;125;0;140;0;
10820;4244919;1172459520;13156352;1308819456;0;0;0;0;0;0;0;0;0;0;0;2985;0;0;125;0;140;0;
10821;6456787;1172459520;13156352;1308819456;0;0;0;0;0;0;0;0;0;0;0;2013;0;0;125;0;140;0;
10822;5634836;1172459520;13156352;1308819456;0;0;0;0;0;0;0;0;0;0;0;3236;0;0;125;0;140;0;
10823;5944617;1172459520;13156352;1308819456;0;0;0;0;0;0;0;0;0;0;0;2635;0;0;125;0;140;0;
10824;7497959;1172459520;13156352;1308819456;0;0;0;0;0;0;0;0;0;0;0;3196;0;0;125;0;140;0;
10825;8711976;1172459520;13156352;1308819456;0;0;0;0;0;0;0;0;0;0;0;3417;0;0;125;0;140;0;
10826;5163522;1172459520;13156352;1308819456;0;0;0;0;0;0;0;0;0;0;0;3697;0;0;125;0;140;0;
10827;6873658;1175089152;18563072;1314226176;0;0;0;0;0;0;0;0;0;0;0;3186;0;0;125;0;140;0;
10828;6805661;1177186304;18563072;1314226176;0;0;0;0;0;0;0;0;0;0;0;3015;0;0;125;0;140;0;
10829;8539703;1177186304;18563072;1314226176;0;0;0;0;0;0;0;0;0;0;0;3046;0;0;125;0;140;0;
10830;3241377;1177186304;18563072;1314226176;0;0;0;0;0;0;0;0;0;0;0;3226;0;0;125;0;140;0;
10831;6666029;1177186304;18563072;1314226176;0;0;0;0;0;0;0;0;0;0;0;2054;0;0;125;0;140;0;
10832;5358717;1177186304;18563072;1314226176;0;0;0;0;0;0;0;0;0;0;0;2996;0;0;125;0;140;0;
10833;6932068;1177186304;18563072;1314226176;0;0;0;0;0;0;0;0;0;0;0;2344;0;0;125;0;140;0;
10834;4128421;1177186304;18563072;1314226176;0;0;0;0;0;0;0;0;0;0;0;2675;0;0;125;0;140;0;
10835;8322986;1177186304;18563072;1314226176;0;0;0;0;0;0;0;0;0;0;0;3467;0;0;125;0;140;0;
10836;7446252;1172471808;13156352;1308819456;0;0;0;0;0;0;0;0;0;0;0;3737;0;0;125;0;140;0;
10837;8297007;1172471808;13156352;1308819456;0;0;0;0;0;0;0;0;0;0;0;3247;0;0;125;0;140;0;
10838;3851131;1172471808;13156352;1308819456;0;0;0;0;0;0;0;0;0;0;0;2685;0;0;125;0;140;0;
10839;7389415;1172471808;13156352;1308819456;0;0;0;0;0;0;0;0;0;0;0;3056;0;0;125;0;140;0;
10840;5850429;1172471808;13156352;1308819456;0;0;0;0;0;0;0;0;0;0;0;3556;0;0;125;0;140;0;
10841;6320532;1172471808;13156352;1308819456;0;0;0;0;0;0;0;0;0;0;0;3527;0;0;125;0;140;0;
10842;5551940;1172471808;13156352;1308819456;0;0;0;0;0;0;0;0;0;0;0;3566;0;0;125;0;140;0;
10843;6509115;1172471808;13156352;1308819456;0;0;0;0;0;0;0;0;0;0;0;2435;0;0;125;0;140;0;
10844;6161513;1172471808;13156352;1308819456;0;0;0;0;0;0;0;0;0;0;0;4108;0;0;125;0;140;0;
10845;6700083;1172471808;13156352;1308819456;0;0;0;0;0;0;0;0;0;0;0;1803;0;0;125;0;140;0;
10846;4994925;1172471808;13156352;1308819456;0;0;0;0;0;0;0;0;0;0;0;3987;0;0;125;0;140;0;
10847;8480221;1172471808;13156352;1308819456;0;0;0;0;0;0;0;0;0;0;0;3186;0;0;125;0;140;0;
10848;3157040;1172471808;13156352;1308819456;0;0;0;0;0;0;0;0;0;0;0;3387;0;0;125;0;140;0;
10849;6852008;1175101440;18563072;1314226176;0;0;0;0;0;0;0;0;0;0;0;1824;0;0;125;0;140;0;
10850;6540875;1177198592;18563072;1314226176;0;0;0;0;0;0;0;0;0;0;0;3226;0;0;125;0;140;0;
10851;9078963;1177198592;18563072;1314226176;0;0;0;0;0;0;0;0;0;0;0;2776;0;0;125;0;140;0;
10852;5835993;1177198592;18563072;1314226176;0;0;0;0;0;0;0;0;0;0;0;3346;0;0;125;0;140;0;
10853;8150643;1177198592;18563072;1314226176;0;0;0;0;0;0;0;0;0;0;0;3477;0;0;125;0;140;0;
10854;3941841;1177198592;18563072;1314226176;0;0;0;0;0;0;0;0;0;0;0;3456;0;0;125;0;140;0;
10855;6831810;1177198592;18563072;1314226176;0;0;0;0;0;0;0;0;0;0;0;1813;0;0;125;0;140;0;
10856;5207213;1177198592;18563072;1314226176;0;0;0;0;0;0;0;0;0;0;0;3145;0;0;125;0;140;0;
10857;7510423;1177198592;18563072;1314226176;0;0;0;0;0;0;0;0;0;0;0;2484;0;0;125;0;140;0;
10858;5919429;1172484096;13156352;1308819456;0;0;0;0;0;0;0;0;0;0;0;2776;0;0;125;0;140;0;
10859;7477180;1172484096;13156352;1308819456;0;0;0;0;0;0;0;0;0;0;0;2735;0;0;125;0;140;0;
10860;3742216;1172484096;13156352;1308819456;0;0;0;0;0;0;0;0;0;0;0;3456;0;0;125;0;141;0;
10861;5839819;1172484096;13156352;1308819456;0;0;0;0;0;0;0;0;0;0;0;1432;0;0;125;0;141;0;
10862;6512642;1172484096;13156352;1308819456;0;0;0;0;0;0;0;0;0;0;0;2955;0;0;125;0;141;0;
10863;6525335;1172484096;13156352;1308819456;0;0;0;0;0;0;0;0;0;0;0;2715;0;0;125;0;141;0;
10864;5674070;1172484096;13156352;1308819456;0;0;0;0;0;0;0;0;0;0;0;3357;0;0;125;0;141;0;
10865;6801003;1172484096;13156352;1308819456;0;0;0;0;0;0;0;0;0;0;0;2705;0;0;125;0;141;0;
10866;6571322;1172484096;13156352;1308819456;0;0;0;0;0;0;0;0;0;0;0;3256;0;0;125;0;141;0;
10867;6676909;1172484096;13156352;1308819456;0;0;0;0;0;0;0;0;0;0;0;2595;0;0;125;0;141;0;
10868;5240836;1172484096;13156352;1308819456;0;0;0;0;0;0;0;0;0;0;0;4197;0;0;125;0;141;0;
10869;7688377;1172484096;13156352;1308819456;0;0;0;0;0;0;0;0;0;0;0;2545;0;0;125;0;141;0;
10870;5865858;1172484096;13156352;1308819456;0;0;0;0;0;0;0;0;0;0;0;4018;0;0;125;0;141;0;
10871;6733706;1172484096;13156352;1308819456;0;0;0;0;0;0;0;0;0;0;0;3085;0;0;125;0;141;0;
10872;6842540;1172484096;13156352;1308819456;0;0;0;0;0;0;0;0;0;0;0;3186;0;0;125;0;141;0;
10873;8828294;1175113728;18563072;1314226176;0;0;0;0;0;0;0;0;0;0;0;3597;0;0;125;0;141;0;
10874;4965350;1177210880;18563072;1314226176;0;0;0;0;0;0;0;0;0;0;0;3376;0;0;125;0;141;0;
10875;7034160;1177210880;18563072;1314226176;0;0;0;0;0;0;0;0;0;0;0;3026;0;0;125;0;141;0;
10876;5488151;1177210880;18563072;1314226176;0;0;0;0;0;0;0;0;0;0;0;3867;0;0;125;0;141;0;
10877;7682174;1177210880;18563072;1314226176;0;0;0;0;0;0;0;0;0;0;0;3286;0;0;125;0;141;0;
10878;3129718;1177210880;18563072;1314226176;0;0;0;0;0;0;0;0;0;0;0;3757;0;0;125;0;141;0;
10879;8003186;1177210880;18563072;1314226176;0;0;0;0;0;0;0;0;0;0;0;2053;0;0;125;0;141;0;
10880;6690505;1177210880;18563072;1314226176;0;0;0;0;0;0;0;0;0;0;0;3977;0;0;125;0;141;0;
10881;6742493;1177210880;18563072;1314226176;0;0;0;0;0;0;0;0;0;0;0;2786;0;0;125;0;141;0;
10882;7590483;1172496384;13156352;1308819456;0;0;0;0;0;0;0;0;0;0;0;3567;0;0;125;0;141;0;
10883;6362160;1172496384;13156352;1308819456;0;0;0;0;0;0;0;0;0;0;0;2736;0;0;125;0;141;0;
10884;5865338;1172496384;13156352;1308819456;0;0;0;0;0;0;0;0;0;0;0;3005;0;0;125;0;141;0;
10885;6252554;1172496384;13156352;1308819456;0;0;0;0;0;0;0;0;0;0;0;2094;0;0;125;0;141;0;
10886;5296341;1172496384;13156352;1308819456;0;0;0;0;0;0;0;0;0;0;0;3536;0;0;125;0;141;0;
10887;7644083;1172496384;13156352;1308819456;0;0;0;0;0;0;0;0;0;0;0;3726;0;0;125;0;141;0;
10888;4942368;1172496384;13156352;1308819456;0;0;0;0;0;0;0;0;0;0;0;3597;0;0;125;0;141;0;
10889;7239525;1172496384;13156352;1308819456;0;0;0;0;0;0;0;0;0;0;0;2455;0;0;125;0;141;0;
10890;5379918;1172496384;13156352;1308819456;0;0;0;0;0;0;0;0;0;0;0;3296;0;0;125;0;141;0;
10891;8664086;1172496384;13156352;1308819456;0;0;0;0;0;0;0;0;0;0;0;5140;0;0;125;0;141;0;
10892;6470883;1172496384;13156352;1308819456;0;0;0;0;0;0;0;0;0;0;0;3146;0;0;125;0;141;0;
10893;9548775;1172496384;13156352;1308819456;0;0;0;0;0;0;0;0;0;0;0;3827;0;0;125;0;141;0;
10894;4184346;1172496384;13156352;1308819456;0;0;0;0;0;0;0;0;0;0;0;3537;0;0;125;0;141;0;
10895;10323698;1175126016;18563072;1314226176;0;0;0;0;0;0;0;0;0;0;0;3636;0;0;125;0;141;0;
10896;4990006;1177223168;18563072;1314226176;0;0;0;0;0;0;0;0;0;0;0;3266;0;0;125;0;141;0;
10897;7279890;1177223168;18563072;1314226176;0;0;0;0;0;0;0;0;0;0;0;2895;0;0;125;0;141;0;
10898;2815349;1177223168;18563072;1314226176;0;0;0;0;0;0;0;0;0;0;0;3005;0;0;125;0;141;0;
10899;9228644;1177223168;18563072;1314226176;0;0;0;0;0;0;0;0;0;0;0;3146;0;0;125;0;141;0;
10900;5900133;1177223168;18563072;1314226176;0;0;0;0;0;0;0;0;0;0;0;3096;0;0;125;0;141;0;
10901;5201723;1177223168;18563072;1314226176;0;0;0;0;0;0;0;0;0;0;0;2956;0;0;125;0;141;0;
10902;5251116;1177223168;18563072;1314226176;0;0;0;0;0;0;0;0;0;0;0;3186;0;0;125;0;141;0;
10903;8036349;1177223168;18563072;1314226176;0;0;0;0;0;0;0;0;0;0;0;2795;0;0;125;0;141;0;
10904;5612694;1172508672;13156352;1308819456;0;0;0;0;0;0;0;0;0;0;0;3516;0;0;125;0;141;0;
10905;8620684;1172508672;13156352;1308819456;0;0;0;0;0;0;0;0;0;0;0;2515;0;0;125;0;141;0;
10906;6154930;1172508672;13156352;1308819456;0;0;0;0;0;0;0;0;0;0;0;3186;0;0;125;0;141;0;
10907;7926773;1172508672;13156352;1308819456;0;0;0;0;0;0;0;0;0;0;0;3136;0;0;125;0;141;0;
10908;6227897;1172779008;13156352;1308819456;0;0;0;0;0;0;0;0;0;0;0;3247;0;0;125;0;141;0;
10909;11207234;1172779008;13156352;1308819456;0;0;0;0;0;0;0;0;0;0;0;2826;0;0;125;0;141;0;
10910;6392767;1172779008;13156352;1308819456;0;0;0;0;0;0;0;0;0;0;0;2915;0;0;125;0;141;0;
10911;6306826;1172779008;13156352;1308819456;0;0;0;0;0;0;0;0;0;0;0;2335;0;0;125;0;141;0;
10912;6268123;1172779008;13156352;1308819456;0;0;0;0;0;0;0;0;0;0;0;2955;0;0;125;0;141;0;
10913;7806918;1172779008;13156352;1308819456;0;0;0;0;0;0;0;0;0;0;0;2545;0;0;125;0;141;0;
10914;3705679;1172779008;13156352;1308819456;0;0;0;0;0;0;0;0;0;0;0;3957;0;0;125;0;141;0;
10915;6437991;1172779008;13156352;1308819456;0;0;0;0;0;0;0;0;0;0;0;3607;0;0;125;0;141;0;
10916;3960316;1172779008;13156352;1308819456;0;0;0;0;0;0;0;0;0;0;0;3606;0;0;125;0;141;0;
10917;6560040;1172779008;13156352;1308819456;0;0;0;0;0;0;0;0;0;0;0;2555;0;0;125;0;141;0;
10918;3749490;1172779008;13156352;1308819456;0;0;0;0;0;0;0;0;0;0;0;3356;0;0;125;0;141;0;
10919;7890826;1175408640;18563072;1314226176;0;0;0;0;0;0;0;0;0;0;0;2755;0;0;125;0;141;0;
10920;3847845;1177505792;18563072;1314226176;0;0;0;0;0;0;0;0;0;0;0;3166;0;0;125;0;141;0;
10921;7109641;1177505792;18563072;1314226176;0;0;0;0;0;0;0;0;0;0;0;2214;0;0;125;0;141;0;
10922;2770124;1177505792;18563072;1314226176;0;0;0;0;0;0;0;0;0;0;0;3737;0;0;125;0;141;0;
10923;7744682;1177505792;18563072;1314226176;0;0;0;0;0;0;0;0;0;0;0;2294;0;0;125;0;141;0;
10924;5387752;1177505792;18563072;1314226176;0;0;0;0;0;0;0;0;0;0;0;3096;0;0;125;0;141;0;
10925;5884163;1177505792;18563072;1314226176;0;0;0;0;0;0;0;0;0;0;0;2454;0;0;125;0;141;0;
10926;5140569;1177505792;18563072;1314226176;0;0;0;0;0;0;0;0;0;0;0;2815;0;0;125;0;141;0;
10927;5958743;1177505792;18563072;1314226176;0;0;0;0;0;0;0;0;0;0;0;1983;0;0;125;0;141;0;
10928;5704086;1173061632;13156352;1308819456;0;0;0;0;0;0;0;0;0;0;0;3346;0;0;125;0;141;0;
10929;5643261;1173061632;13156352;1308819456;0;0;0;0;0;0;0;0;0;0;0;1854;0;0;125;0;141;0;
10930;5457593;1173061632;13156352;1308819456;0;0;0;0;0;0;0;0;0;0;0;3296;0;0;125;0;141;0;
10931;5594039;1173061632;13156352;1308819456;0;0;0;0;0;0;0;0;0;0;0;2294;0;0;125;0;141;0;
10932;5643392;1173061632;13156352;1308819456;0;0;0;0;0;0;0;0;0;0;0;4087;0;0;125;0;141;0;
10933;9501676;1173061632;13156352;1308819456;0;0;0;0;0;0;0;0;0;0;0;2545;0;0;125;0;141;0;
10934;3738961;1173061632;13156352;1308819456;0;0;0;0;0;0;0;0;0;0;0;3236;0;0;125;0;141;0;
10935;5832657;1173061632;13156352;1308819456;0;0;0;0;0;0;0;0;0;0;0;2675;0;0;125;0;141;0;
10936;5885786;1173061632;13156352;1308819456;0;0;0;0;0;0;0;0;0;0;0;3145;0;0;125;0;141;0;
10937;7279218;1173061632;13156352;1308819456;0;0;0;0;0;0;0;0;0;0;0;2695;0;0;125;0;141;0;
10938;5078562;1173061632;13156352;1308819456;0;0;0;0;0;0;0;0;0;0;0;3166;0;0;125;0;141;0;
10939;6540774;1173061632;13156352;1308819456;0;0;0;0;0;0;0;0;0;0;0;2775;0;0;125;0;141;0;
10940;5209057;1173061632;13156352;1308819456;0;0;0;0;0;0;0;0;0;0;0;3477;0;0;125;0;141;0;
10941;9438257;1175691264;18563072;1314226176;0;0;0;0;0;0;0;0;0;0;0;2344;0;0;125;0;141;0;
10942;3815705;1177788416;18563072;1314226176;0;0;0;0;0;0;0;0;0;0;0;3577;0;0;125;0;141;0;
10943;5740664;1177788416;18563072;1314226176;0;0;0;0;0;0;0;0;0;0;0;2234;0;0;125;0;141;0;
10944;5523727;1177788416;18563072;1314226176;0;0;0;0;0;0;0;0;0;0;0;3046;0;0;125;0;141;0;
10945;6738445;1177788416;18563072;1314226176;0;0;0;0;0;0;0;0;0;0;0;2585;0;0;125;0;141;0;
10946;6017363;1177788416;18563072;1314226176;0;0;0;0;0;0;0;0;0;0;0;3156;0;0;125;0;141;0;
10947;7490585;1177788416;18563072;1314226176;0;0;0;0;0;0;0;0;0;0;0;3136;0;0;125;0;141;0;
10948;4201828;1177788416;18563072;1314226176;0;0;0;0;0;0;0;0;0;0;0;3106;0;0;125;0;141;0;
10949;6604894;1177788416;18563072;1314226176;0;0;0;0;0;0;0;0;0;0;0;2885;0;0;125;0;141;0;
10950;3823329;1173073920;13156352;1308819456;0;0;0;0;0;0;0;0;0;0;0;2825;0;0;125;0;141;0;
10951;7312291;1173073920;13156352;1308819456;0;0;0;0;0;0;0;0;0;0;0;2174;0;0;125;0;141;0;
10952;4821110;1173073920;13156352;1308819456;0;0;0;0;0;0;0;0;0;0;0;2965;0;0;125;0;141;0;
10953;7684169;1173073920;13156352;1308819456;0;0;0;0;0;0;0;0;0;0;0;2926;0;0;125;0;141;0;
10954;4841528;1173073920;13156352;1308819456;0;0;0;0;0;0;0;0;0;0;0;2795;0;0;125;0;141;0;
10955;7780950;1173073920;13156352;1308819456;0;0;0;0;0;0;0;0;0;0;0;3306;0;0;125;0;141;0;
10956;4827522;1173073920;13156352;1308819456;0;0;0;0;0;0;0;0;0;0;0;3727;0;0;125;0;141;0;
10957;7310568;1173073920;13156352;1308819456;0;0;0;0;0;0;0;0;0;0;0;2775;0;0;125;0;141;0;
10958;6133560;1173073920;13156352;1308819456;0;0;0;0;0;0;0;0;0;0;0;3085;0;0;125;0;141;0;
10959;7763847;1173073920;13156352;1308819456;0;0;0;0;0;0;0;0;0;0;0;3166;0;0;125;0;141;0;
10960;4993463;1173073920;13156352;1308819456;0;0;0;0;0;0;0;0;0;0;0;3517;0;0;125;0;141;0;
10961;7609208;1173073920;13156352;1308819456;0;0;0;0;0;0;0;0;0;0;0;3036;0;0;125;0;141;0;
10962;5065989;1173073920;13156352;1308819456;0;0;0;0;0;0;0;0;0;0;0;2605;0;0;125;0;141;0;
10963;5563632;1173073920;13156352;1308819456;0;0;0;0;0;0;0;0;0;0;0;2264;0;0;125;0;141;0;
10964;3836984;1173073920;13156352;1308819456;0;0;0;0;0;0;0;0;0;0;0;3337;0;0;125;0;141;0;
10965;6713168;1175703552;18563072;1314226176;0;0;0;0;0;0;0;0;0;0;0;3467;0;0;125;0;141;0;
10966;4808787;1177800704;18563072;1314226176;0;0;0;0;0;0;0;0;0;0;0;3246;0;0;125;0;141;0;
10967;9543094;1177800704;18563072;1314226176;0;0;0;0;0;0;0;0;0;0;0;3456;0;0;125;0;141;0;
10968;4697438;1177800704;18563072;1314226176;0;0;0;0;0;0;0;0;0;0;0;4007;0;0;125;0;141;0;
10969;7496626;1177800704;18563072;1314226176;0;0;0;0;0;0;0;0;0;0;0;253275;0;0;125;0;141;0;
10970;4722706;1177800704;18567168;1314230272;0;0;0;0;0;0;0;0;0;0;0;3226;0;0;125;0;141;0;
10971;9204339;1177800704;18567168;1314230272;0;0;0;0;0;0;0;0;0;0;0;4659;0;0;125;0;141;0;
10972;7501175;1177800704;18567168;1314230272;0;0;0;0;0;0;0;0;0;0;0;3006;0;0;125;0;141;0;
10973;7081749;1177800704;18567168;1314230272;0;0;0;0;0;0;0;0;0;0;0;3246;0;0;125;0;141;0;
10974;5760441;1173090304;13160448;1308823552;0;0;0;0;0;0;0;0;0;0;0;3987;0;0;125;0;141;0;
10975;7698145;1173090304;13160448;1308823552;0;0;0;0;0;0;0;0;0;0;0;3006;0;0;125;0;141;0;
10976;5272265;1173086208;13156352;1308819456;0;0;0;0;0;0;0;0;0;0;0;3787;0;0;125;0;141;0;
10977;7269040;1173086208;13156352;1308819456;0;0;0;0;0;0;0;0;0;0;0;3286;0;0;125;0;141;0;
10978;5419332;1173082112;13152256;1308815360;0;0;0;0;0;0;0;0;0;0;0;3086;0;0;125;0;141;0;
10979;6783670;1173082112;13152256;1308815360;0;0;0;0;0;0;0;0;0;0;0;3777;0;0;125;0;141;0;
10980;5907768;1173082112;13152256;1308815360;0;0;0;0;0;0;0;0;0;0;0;3677;0;0;125;0;141;0;
10981;7520872;1173082112;13152256;1308815360;0;0;0;0;0;0;0;0;0;0;0;3347;0;0;125;0;141;0;
10982;6133561;1173082112;13152256;1308815360;0;0;0;0;0;0;0;0;0;0;0;3627;0;0;125;0;141;0;
10983;8716383;1173082112;13152256;1308815360;0;0;0;0;0;0;0;0;0;0;0;4598;0;0;125;0;141;0;
10984;6006623;1173082112;13152256;1308815360;0;0;0;0;0;0;0;0;0;0;0;3687;0;0;125;0;141;0;
10985;7037385;1173082112;13152256;1308815360;0;0;0;0;0;0;0;0;0;0;0;3958;0;0;125;0;141;0;
10986;5986896;1173082112;13152256;1308815360;0;0;0;0;0;0;0;0;0;0;0;3286;0;0;125;0;141;0;
10987;7376251;1175711744;18558976;1314222080;0;0;0;0;0;0;0;0;0;0;0;4278;0;0;125;0;141;0;
10988;7998177;1177808896;18558976;1314222080;0;0;0;0;0;0;0;0;0;0;0;3477;0;0;125;0;141;0;
10989;9699637;1177808896;18558976;1314222080;0;0;0;0;0;0;0;0;0;0;0;2806;0;0;125;0;141;0;
10990;4242354;1177808896;18558976;1314222080;0;0;0;0;0;0;0;0;0;0;0;3937;0;0;125;0;141;0;
10991;6948068;1177808896;18558976;1314222080;0;0;0;0;0;0;0;0;0;0;0;3266;0;0;125;0;141;0;
10992;9027357;1177808896;18558976;1314222080;0;0;0;0;0;0;0;0;0;0;0;3136;0;0;125;0;141;0;
10993;9902317;1177808896;18558976;1314222080;0;0;0;0;0;0;0;0;0;0;0;2986;0;0;125;0;142;0;
10994;7200652;1177808896;18558976;1314222080;0;0;0;0;0;0;0;0;0;0;0;197691;0;0;125;0;142;0;
10995;8721884;1177808896;18558976;1314222080;0;0;0;0;0;0;0;0;0;0;0;3116;0;0;125;0;142;0;
10996;6142899;1173098496;13156352;1308819456;0;0;0;0;0;0;0;0;0;0;0;4468;0;0;125;0;142;0;
10997;8415900;1173098496;13156352;1308819456;0;0;0;0;0;0;0;0;0;0;0;3707;0;0;125;0;142;0;
10998;8382227;1173098496;13156352;1308819456;0;0;0;0;0;0;0;0;0;0;0;4137;0;0;125;0;142;0;
10999;8727395;1173098496;13156352;1308819456;0;0;0;0;0;0;0;0;0;0;0;3577;0;0;125;0;142;0;
11000;5075486;1173098496;13156352;1308819456;0;0;0;0;0;0;0;0;0;0;0;3086;0;0;125;0;142;0;
11001;8455694;1173098496;13156352;1308819456;0;0;0;0;0;0;0;0;0;0;0;325751;0;0;125;0;142;0;
11002;7123517;1173098496;13160448;1308823552;0;0;0;0;0;0;0;0;0;0;0;4038;0;0;125;0;142;0;
11003;7991905;1173098496;13160448;1308823552;0;0;0;0;0;0;0;0;0;0;0;3446;0;0;125;0;142;0;
11004;3954285;1173098496;13160448;1308823552;0;0;0;0;0;0;0;0;0;0;0;2625;0;0;125;0;142;0;
11005;10385584;1173098496;13160448;1308823552;0;0;0;0;0;0;0;0;0;0;0;3547;0;0;125;0;142;0;
11006;8494869;1173098496;13160448;1308823552;0;0;0;0;0;0;0;0;0;0;0;3005;0;0;125;0;142;0;
11007;7604309;1173098496;13160448;1308823552;0;0;0;0;0;0;0;0;0;0;0;2324;0;0;125;0;142;0;
11008;8759525;1173098496;13156352;1308819456;0;0;0;0;0;0;0;0;0;0;0;3276;0;0;125;0;142;0;
11009;9058174;1173098496;13156352;1308819456;0;0;0;0;0;0;0;0;0;0;0;3086;0;0;125;0;142;0;
11010;5358808;1173098496;13152256;1308815360;0;0;0;0;0;0;0;0;0;0;0;3006;0;0;125;0;142;0;
11011;10703569;1175728128;18558976;1314222080;0;0;0;0;0;0;0;0;0;0;0;3858;0;0;125;0;142;0;
11012;8903304;1177825280;18558976;1314222080;0;0;0;0;0;0;0;0;0;0;0;3166;0;0;125;0;142;0;
11013;7029401;1177825280;18558976;1314222080;0;0;0;0;0;0;0;0;0;0;0;3507;0;0;125;0;142;0;
11014;5661957;1177825280;18558976;1314222080;0;0;0;0;0;0;0;0;0;0;0;4158;0;0;125;0;142;0;
11015;9246568;1177825280;18558976;1314222080;0;0;0;0;0;0;0;0;0;0;0;3296;0;0;125;0;142;0;
11016;7604138;1177825280;18558976;1314222080;0;0;0;0;0;0;0;0;0;0;0;4328;0;0;125;0;142;0;
11017;9468204;1177825280;18558976;1314222080;0;0;0;0;0;0;0;0;0;0;0;3777;0;0;125;0;142;0;
11018;8559399;1177825280;18558976;1314222080;0;0;0;0;0;0;0;0;0;0;0;3697;0;0;125;0;142;0;
11019;7983770;1177825280;18558976;1314222080;0;0;0;0;0;0;0;0;0;0;0;2936;0;0;125;0;142;0;
11020;9101235;1173106688;13152256;1308815360;0;0;0;0;0;0;0;0;0;0;0;4639;0;0;125;0;142;0;
11021;11937303;1173106688;13156352;1308819456;0;0;0;0;0;0;0;0;0;0;0;3006;0;0;125;0;142;0;
11022;6104266;1173106688;13160448;1308823552;0;0;0;0;0;0;0;0;0;0;0;3767;0;0;125;0;142;0;
11023;9635807;1175736320;18567168;1314230272;0;0;0;0;0;0;0;0;0;0;0;3246;0;0;125;0;142;0;
11024;8498806;1177833472;18567168;1314230272;0;0;0;0;0;0;0;0;0;0;0;4469;0;0;125;0;142;0;
11025;11343479;1177833472;18567168;1314230272;0;0;0;0;0;0;0;0;0;0;0;3176;0;0;125;0;142;0;
11026;6728947;1177833472;18567168;1314230272;0;0;0;0;0;0;0;0;0;0;0;3086;0;0;125;0;142;0;
11027;9251156;1177833472;18567168;1314230272;0;0;0;0;0;0;0;0;0;0;0;3116;0;0;125;0;142;0;
11028;9373626;1178038272;18558976;1314222080;0;0;0;0;0;0;0;0;0;0;0;3777;0;0;125;0;142;0;
11029;9548264;1178038272;18558976;1314222080;0;0;0;0;0;0;0;0;0;0;0;3366;0;0;125;0;142;0;
11030;7089914;1178038272;18558976;1314222080;0;0;0;0;0;0;0;0;0;0;0;4087;0;0;125;0;142;0;
11031;11124599;1178038272;18558976;1314222080;0;0;0;0;0;0;0;0;0;0;0;3146;0;0;125;0;142;0;
11032;5468373;1173106688;13152256;1308815360;0;0;0;0;0;0;0;0;0;0;0;3346;0;0;125;0;142;0;
11033;12247465;1175736320;18558976;1314222080;0;0;0;0;0;0;0;0;0;0;0;3576;0;0;125;0;142;0;
11034;8449814;1177833472;18558976;1314222080;0;0;0;0;0;0;0;0;0;0;0;38842;0;0;125;0;142;0;
11035;10078768;1177833472;18558976;1314222080;0;0;0;0;0;0;0;0;0;0;0;3757;0;0;125;0;142;0;
11036;6998623;1177833472;18558976;1314222080;0;0;0;0;0;0;0;0;0;0;0;4439;0;0;125;0;142;0;
11037;10826721;1177833472;18558976;1314222080;0;0;0;0;0;0;0;0;0;0;0;3657;0;0;125;0;142;0;
11038;6935124;1177833472;18558976;1314222080;0;0;0;0;0;0;0;0;0;0;0;3306;0;0;125;0;142;0;
11039;11317161;1177833472;18558976;1314222080;0;0;0;0;0;0;0;0;0;0;0;4298;0;0;125;0;142;0;
11040;7057834;1177833472;18558976;1314222080;0;0;0;0;0;0;0;0;0;0;0;3436;0;0;125;0;142;0;
11041;11286133;1177833472;18558976;1314222080;0;0;0;0;0;0;0;0;0;0;0;2645;0;0;125;0;142;0;
11042;12086763;1173118976;13152256;1308815360;0;0;0;0;0;0;0;0;0;0;0;4268;0;0;125;0;142;0;
11043;10118072;1173118976;13152256;1308815360;0;0;0;0;0;0;0;0;0;0;0;3106;0;0;125;0;142;0;
11044;8551485;1173118976;13152256;1308815360;0;0;0;0;0;0;0;0;0;0;0;3497;0;0;125;0;142;0;
11045;13128216;1173118976;13152256;1308815360;0;0;0;0;0;0;0;0;0;0;0;4047;0;0;125;0;142;0;
11046;10252905;1173118976;13152256;1308815360;0;0;0;0;0;0;0;0;0;0;0;3417;0;0;125;0;142;0;
11047;10670648;1173118976;13152256;1308815360;0;0;0;0;0;0;0;0;0;0;0;2084;0;0;125;0;142;0;
11048;9083863;1173118976;13152256;1308815360;0;0;0;0;0;0;0;0;0;0;0;2906;0;0;125;0;142;0;
11049;9928928;1173118976;13152256;1308815360;0;0;0;0;0;0;0;0;0;0;0;3146;0;0;125;0;142;0;
11050;8948589;1173118976;13152256;1308815360;0;0;0;0;0;0;0;0;0;0;0;3687;0;0;125;0;142;0;
11051;7444889;1173118976;13152256;1308815360;0;0;0;0;0;0;0;0;0;0;0;2846;0;0;125;0;142;0;
11052;9599760;1173385216;13152256;1308815360;0;0;0;0;0;0;0;0;0;0;0;3246;0;0;125;0;142;0;
11053;11653030;1173385216;13152256;1308815360;0;0;0;0;0;0;0;0;0;0;0;3306;0;0;125;0;142;0;
11054;8111941;1173385216;13152256;1308815360;0;0;0;0;0;0;0;0;0;0;0;3346;0;0;125;0;142;0;
11055;8610936;1173385216;13152256;1308815360;0;0;0;0;0;0;0;0;0;0;0;2515;0;0;125;0;142;0;
11056;9391880;1173385216;13152256;1308815360;0;0;0;0;0;0;0;0;0;0;0;3347;0;0;125;0;142;0;
11057;11364189;1176014848;18558976;1314222080;0;0;0;0;0;0;0;0;0;0;0;5129;0;0;125;0;142;0;
11058;5220269;1178112000;18558976;1314222080;0;0;0;0;0;0;0;0;0;0;0;4288;0;0;125;0;142;0;
11059;8139131;1178112000;18558976;1314222080;0;0;0;0;0;0;0;0;0;0;0;2334;0;0;125;0;142;0;
11060;7163181;1178112000;18558976;1314222080;0;0;0;0;0;0;0;0;0;0;0;3276;0;0;125;0;142;0;
11061;10791565;1178112000;18558976;1314222080;0;0;0;0;0;0;0;0;0;0;0;3506;0;0;125;0;142;0;
11062;4768721;1178112000;18558976;1314222080;0;0;0;0;0;0;0;0;0;0;0;3406;0;0;125;0;142;0;
11063;8403697;1178112000;18558976;1314222080;0;0;0;0;0;0;0;0;0;0;0;4378;0;0;125;0;142;0;
11064;6316244;1178112000;18558976;1314222080;0;0;0;0;0;0;0;0;0;0;0;2705;0;0;125;0;142;0;
11065;8277751;1178112000;18558976;1314222080;0;0;0;0;0;0;0;0;0;0;0;3647;0;0;125;0;142;0;
11066;4948098;1173397504;13152256;1308815360;0;0;0;0;0;0;0;0;0;0;0;3677;0;0;125;0;142;0;
11067;9513147;1173397504;13152256;1308815360;0;0;0;0;0;0;0;0;0;0;0;3397;0;0;125;0;142;0;
11068;5698575;1173397504;13152256;1308815360;0;0;0;0;0;0;0;0;0;0;0;3617;0;0;125;0;142;0;
11069;7841052;1173397504;13152256;1308815360;0;0;0;0;0;0;0;0;0;0;0;2966;0;0;125;0;142;0;
11070;8406072;1173397504;13152256;1308815360;0;0;0;0;0;0;0;0;0;0;0;5110;0;0;125;0;142;0;
11071;8388779;1173397504;13152256;1308815360;0;0;0;0;0;0;0;0;0;0;0;2655;0;0;125;0;142;0;
11072;7446362;1173397504;13152256;1308815360;0;0;0;0;0;0;0;0;0;0;0;3326;0;0;125;0;142;0;
11073;10198242;1173397504;13152256;1308815360;0;0;0;0;0;0;0;0;0;0;0;3417;0;0;125;0;142;0;
11074;5008651;1173397504;13152256;1308815360;0;0;0;0;0;0;0;0;0;0;0;3006;0;0;125;0;142;0;
11075;8071214;1173397504;13152256;1308815360;0;0;0;0;0;0;0;0;0;0;0;2245;0;0;125;0;142;0;
11076;6187962;1173397504;13152256;1308815360;0;0;0;0;0;0;0;0;0;0;0;3907;0;0;125;0;142;0;
11077;9904101;1173397504;13152256;1308815360;0;0;0;0;0;0;0;0;0;0;0;3016;0;0;125;0;142;0;
11078;6764453;1173397504;13152256;1308815360;0;0;0;0;0;0;0;0;0;0;0;2935;0;0;125;0;142;0;
11079;10325250;1176027136;18558976;1314222080;0;0;0;0;0;0;0;0;0;0;0;3377;0;0;125;0;142;0;
11080;8504978;1178124288;18558976;1314222080;0;0;0;0;0;0;0;0;0;0;0;3957;0;0;125;0;142;0;
11081;10082786;1178124288;18558976;1314222080;0;0;0;0;0;0;0;0;0;0;0;3657;0;0;125;0;142;0;
11082;8040977;1178124288;18558976;1314222080;0;0;0;0;0;0;0;0;0;0;0;2965;0;0;125;0;142;0;
11083;12077747;1178124288;18558976;1314222080;0;0;0;0;0;0;0;0;0;0;0;3377;0;0;125;0;142;0;
11084;6024837;1178124288;18558976;1314222080;0;0;0;0;0;0;0;0;0;0;0;3356;0;0;125;0;142;0;
11085;8660770;1178124288;18558976;1314222080;0;0;0;0;0;0;0;0;0;0;0;2615;0;0;125;0;142;0;
11086;7806607;1178124288;18558976;1314222080;0;0;0;0;0;0;0;0;0;0;0;3737;0;0;125;0;142;0;
11087;6918934;1178124288;18558976;1314222080;0;0;0;0;0;0;0;0;0;0;0;2785;0;0;125;0;142;0;
11088;7987667;1173409792;13152256;1308815360;0;0;0;0;0;0;0;0;0;0;0;203933;0;0;125;0;142;0;
11089;9278157;1173409792;13152256;1308815360;0;0;0;0;0;0;0;0;0;0;0;3206;0;0;125;0;142;0;
11090;4571692;1173409792;13156352;1308819456;0;0;0;0;0;0;0;0;0;0;0;3797;0;0;125;0;142;0;
11091;9768707;1173409792;13156352;1308819456;0;0;0;0;0;0;0;0;0;0;0;1814;0;0;125;0;142;0;
11092;5099231;1173409792;13156352;1308819456;0;0;0;0;0;0;0;0;0;0;0;2756;0;0;125;0;142;0;
11093;8912150;1173409792;13156352;1308819456;0;0;0;0;0;0;0;0;0;0;0;3246;0;0;125;0;142;0;
11094;6144952;1173409792;13156352;1308819456;0;0;0;0;0;0;0;0;0;0;0;3075;0;0;125;0;142;0;
11095;9807870;1173409792;13156352;1308819456;0;0;0;0;0;0;0;0;0;0;0;2525;0;0;125;0;142;0;
11096;7333571;1173409792;13156352;1308819456;0;0;0;0;0;0;0;0;0;0;0;3867;0;0;125;0;142;0;
11097;7504952;1173409792;13156352;1308819456;0;0;0;0;0;0;0;0;0;0;0;1743;0;0;125;0;142;0;
11098;7323091;1173409792;13156352;1308819456;0;0;0;0;0;0;0;0;0;0;0;4077;0;0;125;0;142;0;
11099;8827943;1173409792;13156352;1308819456;0;0;0;0;0;0;0;0;0;0;0;3416;0;0;125;0;142;0;
11100;7177698;1173409792;13156352;1308819456;0;0;0;0;0;0;0;0;0;0;0;3957;0;0;125;0;142;0;
11101;7296100;1173409792;13156352;1308819456;0;0;0;0;0;0;0;0;0;0;0;4178;0;0;125;0;142;0;
11102;6577533;1173409792;13156352;1308819456;0;0;0;0;0;0;0;0;0;0;0;3928;0;0;125;0;143;0;
11103;7997486;1176039424;18563072;1314226176;0;0;0;0;0;0;0;0;0;0;0;2766;0;0;125;0;143;0;
11104;7043627;1178136576;18563072;1314226176;0;0;0;0;0;0;0;0;0;0;0;3527;0;0;125;0;143;0;
11105;9275191;1178136576;18563072;1314226176;0;0;0;0;0;0;0;0;0;0;0;3337;0;0;125;0;143;0;
11106;7022187;1178136576;18563072;1314226176;0;0;0;0;0;0;0;0;0;0;0;3266;0;0;125;0;143;0;
11107;10779362;1178136576;18563072;1314226176;0;0;0;0;0;0;0;0;0;0;0;2906;0;0;125;0;143;0;
11108;6526357;1178136576;18563072;1314226176;0;0;0;0;0;0;0;0;0;0;0;3607;0;0;125;0;143;0;
11109;9216161;1178136576;18563072;1314226176;0;0;0;0;0;0;0;0;0;0;0;2896;0;0;125;0;143;0;
11110;5981926;1178136576;18563072;1314226176;0;0;0;0;0;0;0;0;0;0;0;3346;0;0;125;0;143;0;
11111;10109515;1178136576;18563072;1314226176;0;0;0;0;0;0;0;0;0;0;0;3526;0;0;125;0;143;0;
11112;7930911;1173426176;13156352;1308819456;0;0;0;0;0;0;0;0;0;0;0;3646;0;0;125;0;143;0;
11113;9631790;1173426176;13156352;1308819456;0;0;0;0;0;0;0;0;0;0;0;3326;0;0;125;0;143;0;
11114;11551129;1173426176;13156352;1308819456;0;0;0;0;0;0;0;0;0;0;0;5490;0;0;125;0;145;0;
11115;8428443;1173426176;13156352;1308819456;0;0;0;0;0;0;0;0;0;0;0;2535;0;0;125;0;145;0;
11116;9375029;1173426176;13156352;1308819456;0;0;0;0;0;0;0;0;0;0;0;3246;0;0;125;0;145;0;
11117;8110046;1173426176;13156352;1308819456;0;0;0;0;0;0;0;0;0;0;0;2815;0;0;125;0;145;0;
11118;5911625;1173426176;13156352;1308819456;0;0;0;0;0;0;0;0;0;0;0;3267;0;0;125;0;145;0;
11119;7906034;1173426176;13156352;1308819456;0;0;0;0;0;0;0;0;0;0;0;3296;0;0;125;0;145;0;
11120;10706916;1173426176;13156352;1308819456;0;0;0;0;0;0;0;0;0;0;0;3406;0;0;125;0;145;0;
11121;8802485;1173426176;13156352;1308819456;0;0;0;0;0;0;0;0;0;0;0;3276;0;0;125;0;145;0;
11122;10805862;1173426176;13156352;1308819456;0;0;0;0;0;0;0;0;0;0;0;3116;0;0;125;0;145;0;
11123;13716489;1173426176;13156352;1308819456;0;0;0;0;0;0;0;0;0;0;0;4028;0;0;125;0;145;0;
11124;7237250;1173426176;13156352;1308819456;0;0;0;0;0;0;0;0;0;0;0;3657;0;0;125;0;145;0;
11125;12426861;1176055808;18563072;1314226176;0;0;0;0;0;0;0;0;0;0;0;3667;0;0;125;0;145;0;
11126;10102623;1178152960;18563072;1314226176;0;0;0;0;0;0;0;0;0;0;0;3397;0;0;125;0;145;0;
11127;12933140;1178152960;18563072;1314226176;0;0;0;0;0;0;0;0;0;0;0;3737;0;0;125;0;145;0;
11128;7188328;1178152960;18563072;1314226176;0;0;0;0;0;0;0;0;0;0;0;3517;0;0;125;0;145;0;
11129;14743465;1178152960;18563072;1314226176;0;0;0;0;0;0;0;0;0;0;0;3998;0;0;125;0;145;0;
11130;7038808;1178152960;18563072;1314226176;0;0;0;0;0;0;0;0;0;0;0;5049;0;0;125;0;147;0;
11131;12790863;1178152960;18563072;1314226176;0;0;0;0;0;0;0;0;0;0;0;3006;0;0;125;0;147;0;
11132;9216031;1178152960;18563072;1314226176;0;0;0;0;0;0;0;0;0;0;0;3477;0;0;125;0;147;0;
11133;6582503;1178152960;18563072;1314226176;0;0;0;0;0;0;0;0;0;0;0;2445;0;0;125;0;147;0;
11134;9759790;1173442560;13156352;1308819456;0;0;0;0;0;0;0;0;0;0;0;2775;0;0;125;0;147;0;
11135;8120006;1173442560;13156352;1308819456;0;0;0;0;0;0;0;0;0;0;0;3256;0;0;125;0;147;0;
11136;7453916;1173442560;13156352;1308819456;0;0;0;0;0;0;0;0;0;0;0;2845;0;0;125;0;147;0;
11137;8777208;1173442560;13156352;1308819456;0;0;0;0;0;0;0;0;0;0;0;3667;0;0;125;0;147;0;
11138;5913929;1173442560;13156352;1308819456;0;0;0;0;0;0;0;0;0;0;0;2995;0;0;125;0;147;0;
11139;7721468;1173442560;13156352;1308819456;0;0;0;0;0;0;0;0;0;0;0;2374;0;0;125;0;147;0;
11140;7308053;1173442560;13156352;1308819456;0;0;0;0;0;0;0;0;0;0;0;3867;0;0;125;0;147;0;
11141;8059723;1173442560;13156352;1308819456;0;0;0;0;0;0;0;0;0;0;0;3306;0;0;125;0;147;0;
11142;5296481;1173442560;13156352;1308819456;0;0;0;0;0;0;0;0;0;0;0;2765;0;0;125;0;147;0;
11143;7965275;1173442560;13156352;1308819456;0;0;0;0;0;0;0;0;0;0;0;3096;0;0;125;0;147;0;
11144;4753944;1173442560;13156352;1308819456;0;0;0;0;0;0;0;0;0;0;0;3045;0;0;125;0;147;0;
11145;9548394;1173442560;13156352;1308819456;0;0;0;0;0;0;0;0;0;0;0;2435;0;0;125;0;147;0;
11146;6632687;1173442560;13156352;1308819456;0;0;0;0;0;0;0;0;0;0;0;3296;0;0;125;0;147;0;
11147;9347758;1173442560;13156352;1308819456;0;0;0;0;0;0;0;0;0;0;0;2906;0;0;125;0;147;0;
11148;6531457;1173442560;13156352;1308819456;0;0;0;0;0;0;0;0;0;0;0;3727;0;0;125;0;147;0;
11149;8872497;1176072192;18563072;1314226176;0;0;0;0;0;0;0;0;0;0;0;3828;0;0;125;0;147;0;
11150;7295920;1178169344;18563072;1314226176;0;0;0;0;0;0;0;0;0;0;0;3156;0;0;125;0;147;0;
11151;8087634;1178169344;18563072;1314226176;0;0;0;0;0;0;0;0;0;0;0;2895;0;0;125;0;147;0;
11152;10056827;1178169344;18563072;1314226176;0;0;0;0;0;0;0;0;0;0;0;3757;0;0;125;0;147;0;
11153;8290325;1178169344;18563072;1314226176;0;0;0;0;0;0;0;0;0;0;0;3406;0;0;125;0;147;0;
11154;7640185;1178169344;18563072;1314226176;0;0;0;0;0;0;0;0;0;0;0;3487;0;0;125;0;147;0;
11155;11467051;1178169344;18563072;1314226176;0;0;0;0;0;0;0;0;0;0;0;3417;0;0;125;0;147;0;
11156;6990939;1178169344;18563072;1314226176;0;0;0;0;0;0;0;0;0;0;0;3026;0;0;125;0;147;0;
11157;9992987;1178169344;18563072;1314226176;0;0;0;0;0;0;0;0;0;0;0;3517;0;0;125;0;147;0;
11158;6530855;1173454848;13156352;1308819456;0;0;0;0;0;0;0;0;0;0;0;3617;0;0;125;0;147;0;
11159;10323406;1173454848;13156352;1308819456;0;0;0;0;0;0;0;0;0;0;0;3346;0;0;125;0;147;0;
11160;9038267;1173454848;13156352;1308819456;0;0;0;0;0;0;0;0;0;0;0;3617;0;0;125;0;147;0;
11161;9837005;1173454848;13156352;1308819456;0;0;0;0;0;0;0;0;0;0;0;3486;0;0;125;0;147;0;
11162;7792171;1173454848;13156352;1308819456;0;0;0;0;0;0;0;0;0;0;0;2886;0;0;125;0;147;0;
11163;14219963;1173454848;13156352;1308819456;0;0;0;0;0;0;0;0;0;0;0;3166;0;0;125;0;147;0;
11164;5251387;1173454848;13156352;1308819456;0;0;0;0;0;0;0;0;0;0;0;3426;0;0;125;0;147;0;
11165;11448436;1173454848;13156352;1308819456;0;0;0;0;0;0;0;0;0;0;0;2615;0;0;125;0;147;0;
11166;8912482;1173454848;13156352;1308819456;0;0;0;0;0;0;0;0;0;0;0;3436;0;0;125;0;147;0;
11167;8718698;1173454848;13156352;1308819456;0;0;0;0;0;0;0;0;0;0;0;3076;0;0;125;0;147;0;
11168;5887710;1173454848;13156352;1308819456;0;0;0;0;0;0;0;0;0;0;0;3015;0;0;125;0;147;0;
11169;9917145;1173454848;13156352;1308819456;0;0;0;0;0;0;0;0;0;0;0;2645;0;0;125;0;147;0;
11170;10818205;1173454848;13156352;1308819456;0;0;0;0;0;0;0;0;0;0;0;3927;0;0;125;0;147;0;
11171;12152236;1176084480;18563072;1314226176;0;0;0;0;0;0;0;0;0;0;0;3106;0;0;125;0;147;0;
11172;8607630;1178181632;18563072;1314226176;0;0;0;0;0;0;0;0;0;0;0;5119;0;0;125;0;148;0;
11173;10177984;1178181632;18563072;1314226176;0;0;0;0;0;0;0;0;0;0;0;3457;0;0;125;0;148;0;
11174;7758287;1178181632;18563072;1314226176;0;0;0;0;0;0;0;0;0;0;0;3186;0;0;125;0;148;0;
11175;9294678;1178181632;18563072;1314226176;0;0;0;0;0;0;0;0;0;0;0;3617;0;0;125;0;148;0;
11176;6012033;1178181632;18563072;1314226176;0;0;0;0;0;0;0;0;0;0;0;6532;0;0;125;0;148;0;
11177;7859156;1178181632;18563072;1314226176;0;0;0;0;0;0;0;0;0;0;0;2414;0;0;125;0;148;0;
11178;8882806;1178181632;18563072;1314226176;0;0;0;0;0;0;0;0;0;0;0;2765;0;0;125;0;148;0;
11179;9840822;1178181632;18563072;1314226176;0;0;0;0;0;0;0;0;0;0;0;2845;0;0;125;0;148;0;
11180;8390713;1173483520;13156352;1308819456;0;0;0;0;0;0;0;0;0;0;0;2615;0;0;125;0;148;0;
11181;11041784;1173483520;13156352;1308819456;0;0;0;0;0;0;0;0;0;0;0;3506;0;0;125;0;148;0;
11182;7157311;1173483520;13156352;1308819456;0;0;0;0;0;0;0;0;0;0;0;3506;0;0;125;0;148;0;
11183;12453000;1173483520;13156352;1308819456;0;0;0;0;0;0;0;0;0;0;0;3005;0;0;125;0;148;0;
11184;9896085;1173483520;13156352;1308819456;0;0;0;0;0;0;0;0;0;0;0;3858;0;0;125;0;148;0;
11185;14030948;1173483520;13156352;1308819456;0;0;0;0;0;0;0;0;0;0;0;3717;0;0;125;0;148;0;
11186;8492304;1173483520;13156352;1308819456;0;0;0;0;0;0;0;0;0;0;0;2795;0;0;125;0;148;0;
11187;9565626;1173483520;13156352;1308819456;0;0;0;0;0;0;0;0;0;0;0;3025;0;0;125;0;148;0;
11188;7841693;1173483520;13156352;1308819456;0;0;0;0;0;0;0;0;0;0;0;2846;0;0;125;0;148;0;
11189;13864817;1173483520;13156352;1308819456;0;0;0;0;0;0;0;0;0;0;0;2675;0;0;125;0;148;0;
11190;7864336;1173483520;13156352;1308819456;0;0;0;0;0;0;0;0;0;0;0;2915;0;0;125;0;148;0;
11191;12649859;1173483520;13156352;1308819456;0;0;0;0;0;0;0;0;0;0;0;4128;0;0;125;0;148;0;
11192;7932444;1173483520;13156352;1308819456;0;0;0;0;0;0;0;0;0;0;0;3366;0;0;125;0;148;0;
11193;14122230;1173483520;13160448;1308823552;0;0;0;0;0;0;0;0;0;0;0;3226;0;0;125;0;148;0;
11194;8124664;1176113152;18571264;1314234368;0;0;0;0;0;0;0;0;0;0;0;3266;0;0;125;0;148;0;
11195;11882951;1178210304;18571264;1314234368;0;0;0;0;0;0;0;0;0;0;0;3486;0;0;125;0;148;0;
11196;8255450;1178210304;18571264;1314234368;0;0;0;0;0;0;0;0;0;0;0;2945;0;0;125;0;148;0;
11197;10711745;1178210304;18571264;1314234368;0;0;0;0;0;0;0;0;0;0;0;3216;0;0;125;0;148;0;
11198;6445155;1178210304;18571264;1314234368;0;0;0;0;0;0;0;0;0;0;0;4048;0;0;125;0;148;0;
11199;9833418;1178210304;18571264;1314234368;0;0;0;0;0;0;0;0;0;0;0;2866;0;0;125;0;148;0;
11200;9522705;1178427392;18563072;1314226176;0;0;0;0;0;0;0;0;0;0;0;4158;0;0;125;0;148;0;
11201;10884660;1178427392;18563072;1314226176;0;0;0;0;0;0;0;0;0;0;0;4358;0;0;125;0;151;0;
11202;10592902;1178427392;18563072;1314226176;0;0;0;0;0;0;0;0;0;0;0;4037;0;0;125;0;151;0;
11203;11704346;1178427392;18563072;1314226176;0;0;0;0;0;0;0;0;0;0;0;3427;0;0;125;0;151;0;
11204;6950112;1173495808;13156352;1308819456;0;0;0;0;0;0;0;0;0;0;0;3747;0;0;125;0;151;0;
11205;8836208;1173495808;13156352;1308819456;0;0;0;0;0;0;0;0;0;0;0;4037;0;0;125;0;151;0;
11206;6219171;1173495808;13156352;1308819456;0;0;0;0;0;0;0;0;0;0;0;3116;0;0;125;0;151;0;
11207;9623354;1173495808;13156352;1308819456;0;0;0;0;0;0;0;0;0;0;0;2445;0;0;125;0;151;0;
11208;4689283;1173495808;13156352;1308819456;0;0;0;0;0;0;0;0;0;0;0;3416;0;0;125;0;151;0;
11209;7794395;1173495808;13156352;1308819456;0;0;0;0;0;0;0;0;0;0;0;2545;0;0;125;0;151;0;
11210;8204104;1177690112;13156352;1325596672;0;0;0;0;0;0;0;0;0;0;0;3577;0;0;125;0;151;0;
11211;7716168;1177690112;13156352;1325596672;0;0;0;0;0;0;0;0;0;0;0;3116;0;0;125;0;151;0;
11212;4239520;1177690112;13156352;1325596672;0;0;0;0;0;0;0;0;0;0;0;3697;0;0;125;0;151;0;
11213;7615079;1177690112;13156352;1325596672;0;0;0;0;0;0;0;0;0;0;0;3326;0;0;125;0;151;0;
11214;7251847;1177690112;13156352;1325596672;0;0;0;0;0;0;0;0;0;0;0;2876;0;0;125;0;151;0;
11215;9655455;1177690112;13156352;1325596672;0;0;0;0;0;0;0;0;0;0;0;2475;0;0;125;0;151;0;
11216;7676644;1177690112;13156352;1325596672;0;0;0;0;0;0;0;0;0;0;0;3527;0;0;125;0;151;0;
11217;8337403;1180307456;18563072;1331003392;0;0;0;0;0;0;0;0;0;0;0;2866;0;0;125;0;151;0;
11218;5804384;1182404608;18563072;1331003392;0;0;0;0;0;0;0;0;0;0;0;5430;0;0;125;0;151;0;
11219;6812263;1182404608;18563072;1331003392;0;0;0;0;0;0;0;0;0;0;0;2795;0;0;125;0;151;0;
11220;9315677;1182404608;18563072;1331003392;0;0;0;0;0;0;0;0;0;0;0;4318;0;0;125;0;151;0;
11221;7462162;1182404608;18563072;1331003392;0;0;0;0;0;0;0;0;0;0;0;3857;0;0;125;0;151;0;
11222;5072812;1182404608;18563072;1331003392;0;0;0;0;0;0;0;0;0;0;0;3116;0;0;125;0;151;0;
11223;5938876;1182404608;18563072;1331003392;0;0;0;0;0;0;0;0;0;0;0;2575;0;0;125;0;151;0;
11224;7169714;1186656256;18563072;1331003392;0;0;0;0;0;0;0;0;0;0;0;3427;0;0;126;0;152;0;
11225;11367394;1186656256;18563072;1331003392;0;0;0;0;0;0;0;0;0;0;0;2825;0;0;126;0;152;0;
11226;5415254;1181921280;13156352;1325596672;0;0;0;0;0;0;0;0;0;0;0;3236;0;0;126;0;152;0;
11227;7240696;1182187520;13156352;1325596672;0;0;0;0;0;0;0;0;0;0;0;3446;0;0;126;0;152;0;
11228;5794545;1182187520;13156352;1325596672;0;0;0;0;0;0;0;0;0;0;0;3286;0;0;126;0;152;0;
11229;7790117;1182187520;13156352;1325596672;0;0;0;0;0;0;0;0;0;0;0;2545;0;0;126;0;152;0;
11230;6573124;1182187520;13156352;1325596672;0;0;0;0;0;0;0;0;0;0;0;3306;0;0;126;0;152;0;
11231;6323698;1182187520;13156352;1325596672;0;0;0;0;0;0;0;0;0;0;0;2164;0;0;126;0;152;0;
11232;5467451;1182187520;13156352;1325596672;0;0;0;0;0;0;0;0;0;0;0;3146;0;0;126;0;152;0;
11233;7056671;1182187520;13156352;1325596672;0;0;0;0;0;0;0;0;0;0;0;2034;0;0;126;0;152;0;
11234;6652724;1182187520;13156352;1325596672;0;0;0;0;0;0;0;0;0;0;0;78006;0;0;126;0;152;0;
11235;8770926;1182187520;13156352;1325596672;0;0;0;0;0;0;0;0;0;0;0;2835;0;0;126;0;152;0;
11236;3342768;1182187520;13156352;1325596672;0;0;0;0;0;0;0;0;0;0;0;3246;0;0;126;0;152;0;
11237;5684258;1182187520;13156352;1325596672;0;0;0;0;0;0;0;0;0;0;0;1603;0;0;126;0;152;0;
11238;4385243;1182187520;13156352;1325596672;0;0;0;0;0;0;0;0;0;0;0;3166;0;0;126;0;152;0;
11239;6041678;1182187520;13156352;1325596672;0;0;0;0;0;0;0;0;0;0;0;2635;0;0;126;0;152;0;
11240;4883166;1182187520;13156352;1325596672;0;0;0;0;0;0;0;0;0;0;0;255009;0;0;126;0;152;0;
11241;7033868;1184817152;18563072;1331003392;0;0;0;0;0;0;0;0;0;0;0;2835;0;0;126;0;152;0;
11242;6392056;1187184640;18567168;1331007488;0;0;0;0;0;0;0;0;0;0;0;3326;0;0;126;0;152;0;
11243;6776917;1187184640;18567168;1331007488;0;0;0;0;0;0;0;0;0;0;0;2625;0;0;126;0;152;0;
11244;4283421;1187184640;18567168;1331007488;0;0;0;0;0;0;0;0;0;0;0;2856;0;0;126;0;152;0;
11245;7844949;1187184640;18567168;1331007488;0;0;0;0;0;0;0;0;0;0;0;2715;0;0;126;0;152;0;
11246;4069952;1187184640;18567168;1331007488;0;0;0;0;0;0;0;0;0;0;0;2955;0;0;126;0;152;0;
11247;6853681;1187184640;18567168;1331007488;0;0;0;0;0;0;0;0;0;0;0;2134;0;0;126;0;152;0;
11248;4806282;1187401728;18563072;1331003392;0;0;0;0;0;0;0;0;0;0;0;3036;0;0;126;0;152;0;
11249;6082375;1187401728;18563072;1331003392;0;0;0;0;0;0;0;0;0;0;0;2194;0;0;126;0;152;0;
11250;5211963;1182470144;13156352;1325596672;0;0;0;0;0;0;0;0;0;0;0;3456;0;0;126;0;152;0;
11251;6561433;1182470144;13156352;1325596672;0;0;0;0;0;0;0;0;0;0;0;2315;0;0;126;0;152;0;
11252;4857969;1182470144;13156352;1325596672;0;0;0;0;0;0;0;0;0;0;0;2736;0;0;126;0;152;0;
11253;6502553;1182470144;13156352;1325596672;0;0;0;0;0;0;0;0;0;0;0;2294;0;0;126;0;152;0;
11254;4983775;1182470144;13156352;1325596672;0;0;0;0;0;0;0;0;0;0;0;3256;0;0;126;0;152;0;
11255;8630733;1182470144;13156352;1325596672;0;0;0;0;0;0;0;0;0;0;0;2815;0;0;126;0;152;0;
11256;5482710;1182470144;13156352;1325596672;0;0;0;0;0;0;0;0;0;0;0;2995;0;0;126;0;152;0;
11257;8080031;1182470144;13156352;1325596672;0;0;0;0;0;0;0;0;0;0;0;1953;0;0;126;0;152;0;
11258;5650024;1182470144;13156352;1325596672;0;0;0;0;0;0;0;0;0;0;0;3266;0;0;126;0;152;0;
11259;5735274;1182470144;13156352;1325596672;0;0;0;0;0;0;0;0;0;0;0;2464;0;0;126;0;152;0;
11260;3583208;1182470144;13156352;1325596672;0;0;0;0;0;0;0;0;0;0;0;3136;0;0;126;0;152;0;
11261;6563257;1182470144;13156352;1325596672;0;0;0;0;0;0;0;0;0;0;0;1824;0;0;126;0;152;0;
11262;4197030;1182470144;13156352;1325596672;0;0;0;0;0;0;0;0;0;0;0;2865;0;0;126;0;152;0;
11263;8353944;1185099776;18563072;1331003392;0;0;0;0;0;0;0;0;0;0;0;2865;0;0;126;0;152;0;
11264;5308965;1187196928;18563072;1331003392;0;0;0;0;0;0;0;0;0;0;0;3907;0;0;126;0;152;0;
11265;8320692;1187196928;18563072;1331003392;0;0;0;0;0;0;0;0;0;0;0;1994;0;0;126;0;152;0;
11266;4389962;1187196928;18563072;1331003392;0;0;0;0;0;0;0;0;0;0;0;2956;0;0;126;0;152;0;
11267;8567625;1187196928;18563072;1331003392;0;0;0;0;0;0;0;0;0;0;0;1994;0;0;126;0;152;0;
11268;5393774;1187196928;18563072;1331003392;0;0;0;0;0;0;0;0;0;0;0;3146;0;0;126;0;152;0;
11269;9069366;1187196928;18563072;1331003392;0;0;0;0;0;0;0;0;0;0;0;2234;0;0;126;0;152;0;
11270;3765611;1187196928;18563072;1331003392;0;0;0;0;0;0;0;0;0;0;0;2925;0;0;126;0;152;0;
11271;6381326;1187196928;18563072;1331003392;0;0;0;0;0;0;0;0;0;0;0;1904;0;0;126;0;152;0;
11272;7603597;1182752768;13156352;1325596672;0;0;0;0;0;0;0;0;0;0;0;2846;0;0;126;0;152;0;
11273;9687835;1182752768;13156352;1325596672;0;0;0;0;0;0;0;0;0;0;0;2044;0;0;126;0;152;0;
11274;2803346;1182752768;13156352;1325596672;0;0;0;0;0;0;0;0;0;0;0;2776;0;0;126;0;152;0;
11275;6152447;1182752768;13156352;1325596672;0;0;0;0;0;0;0;0;0;0;0;1643;0;0;126;0;152;0;
11276;5788834;1182752768;13156352;1325596672;0;0;0;0;0;0;0;0;0;0;0;2634;0;0;126;0;152;0;
11277;8074159;1182752768;13156352;1325596672;0;0;0;0;0;0;0;0;0;0;0;2004;0;0;126;0;152;0;
11278;5746676;1182752768;13156352;1325596672;0;0;0;0;0;0;0;0;0;0;0;3687;0;0;126;0;152;0;
11279;7526603;1182752768;13156352;1325596672;0;0;0;0;0;0;0;0;0;0;0;1443;0;0;126;0;152;0;
11280;4595797;1182752768;13156352;1325596672;0;0;0;0;0;0;0;0;0;0;0;3747;0;0;126;0;152;0;
11281;9562841;1182752768;13156352;1325596672;0;0;0;0;0;0;0;0;0;0;0;2695;0;0;126;0;152;0;
11282;5411126;1182752768;13156352;1325596672;0;0;0;0;0;0;0;0;0;0;0;2816;0;0;126;0;152;0;
11283;9228414;1182752768;13156352;1325596672;0;0;0;0;0;0;0;0;0;0;0;2565;0;0;126;0;152;0;
11284;5697764;1182752768;13156352;1325596672;0;0;0;0;0;0;0;0;0;0;0;3767;0;0;126;0;152;0;
11285;8869390;1182752768;13156352;1325596672;0;0;0;0;0;0;0;0;0;0;0;3296;0;0;126;0;152;0;
11286;4124023;1182752768;13156352;1325596672;0;0;0;0;0;0;0;0;0;0;0;2936;0;0;126;0;152;0;
11287;8305763;1185382400;18563072;1331003392;0;0;0;0;0;0;0;0;0;0;0;2475;0;0;126;0;152;0;
11288;6492233;1187479552;18563072;1331003392;0;0;0;0;0;0;0;0;0;0;0;3086;0;0;126;0;152;0;
11289;7133786;1187479552;18563072;1331003392;0;0;0;0;0;0;0;0;0;0;0;2274;0;0;126;0;152;0;
11290;6499998;1187479552;18563072;1331003392;0;0;0;0;0;0;0;0;0;0;0;2515;0;0;126;0;152;0;
11291;8205075;1187479552;18563072;1331003392;0;0;0;0;0;0;0;0;0;0;0;2735;0;0;126;0;152;0;
11292;4139461;1187479552;18563072;1331003392;0;0;0;0;0;0;0;0;0;0;0;3096;0;0;126;0;152;0;
11293;5949846;1187479552;18563072;1331003392;0;0;0;0;0;0;0;0;0;0;0;2675;0;0;126;0;152;0;
11294;5483491;1187479552;18563072;1331003392;0;0;0;0;0;0;0;0;0;0;0;2906;0;0;126;0;152;0;
11295;8382167;1187479552;18563072;1331003392;0;0;0;0;0;0;0;0;0;0;0;3326;0;0;126;0;152;0;
11296;5761253;1182765056;13156352;1325596672;0;0;0;0;0;0;0;0;0;0;0;3256;0;0;126;0;152;0;
11297;8962755;1182765056;13156352;1325596672;0;0;0;0;0;0;0;0;0;0;0;2284;0;0;126;0;152;0;
11298;11042695;1182765056;13156352;1325596672;0;0;0;0;0;0;0;0;0;0;0;3677;0;0;126;0;152;0;
11299;6391464;1182765056;13156352;1325596672;0;0;0;0;0;0;0;0;0;0;0;2625;0;0;126;0;152;0;
11300;3445280;1182765056;13156352;1325596672;0;0;0;0;0;0;0;0;0;0;0;3055;0;0;126;0;152;0;
11301;5123707;1182765056;13156352;1325596672;0;0;0;0;0;0;0;0;0;0;0;2274;0;0;126;0;152;0;
11302;4309551;1182765056;13156352;1325596672;0;0;0;0;0;0;0;0;0;0;0;3276;0;0;126;0;152;0;
11303;8931677;1182765056;13156352;1325596672;0;0;0;0;0;0;0;0;0;0;0;2875;0;0;126;0;152;0;
11304;5758097;1182765056;13156352;1325596672;0;0;0;0;0;0;0;0;0;0;0;4238;0;0;126;0;152;0;
11305;7057644;1182765056;13156352;1325596672;0;0;0;0;0;0;0;0;0;0;0;1973;0;0;126;0;152;0;
11306;4881433;1182765056;13156352;1325596672;0;0;0;0;0;0;0;0;0;0;0;2916;0;0;126;0;152;0;
11307;8604785;1182765056;13156352;1325596672;0;0;0;0;0;0;0;0;0;0;0;2956;0;0;126;0;152;0;
11308;4846037;1182765056;13156352;1325596672;0;0;0;0;0;0;0;0;0;0;0;3266;0;0;126;0;152;0;
11309;6672011;1185394688;18563072;1331003392;0;0;0;0;0;0;0;0;0;0;0;3176;0;0;126;0;152;0;
11310;5411977;1187491840;18563072;1331003392;0;0;0;0;0;0;0;0;0;0;0;3256;0;0;126;0;152;0;
11311;5455580;1187491840;18563072;1331003392;0;0;0;0;0;0;0;0;0;0;0;1774;0;0;126;0;152;0;
11312;4630202;1187491840;18563072;1331003392;0;0;0;0;0;0;0;0;0;0;0;3056;0;0;126;0;152;0;
11313;9040051;1187491840;18563072;1331003392;0;0;0;0;0;0;0;0;0;0;0;3326;0;0;126;0;152;0;
11314;4470362;1187491840;18563072;1331003392;0;0;0;0;0;0;0;0;0;0;0;3145;0;0;126;0;152;0;
11315;11003082;1187491840;18563072;1331003392;0;0;0;0;0;0;0;0;0;0;0;2595;0;0;126;0;152;0;
11316;8555803;1187491840;18563072;1331003392;0;0;0;0;0;0;0;0;0;0;0;3256;0;0;126;0;152;0;
11317;6526357;1187491840;18563072;1331003392;0;0;0;0;0;0;0;0;0;0;0;2866;0;0;126;0;152;0;
11318;3928236;1182777344;13156352;1325596672;0;0;0;0;0;0;0;0;0;0;0;3066;0;0;126;0;152;0;
11319;5526682;1182777344;13156352;1325596672;0;0;0;0;0;0;0;0;0;0;0;1963;0;0;126;0;152;0;
11320;5294597;1182777344;13156352;1325596672;0;0;0;0;0;0;0;0;0;0;0;2805;0;0;126;0;152;0;
11321;6872967;1182777344;13156352;1325596672;0;0;0;0;0;0;0;0;0;0;0;2114;0;0;126;0;152;0;
11322;3235758;1182777344;13156352;1325596672;0;0;0;0;0;0;0;0;0;0;0;2595;0;0;126;0;152;0;
11323;6936076;1182777344;13156352;1325596672;0;0;0;0;0;0;0;0;0;0;0;2094;0;0;126;0;152;0;
11324;4909746;1182777344;13156352;1325596672;0;0;0;0;0;0;0;0;0;0;0;2235;0;0;126;0;152;0;
11325;9502167;1182777344;13156352;1325596672;0;0;0;0;0;0;0;0;0;0;0;1773;0;0;126;0;152;0;
11326;5509801;1182777344;13156352;1325596672;0;0;0;0;0;0;0;0;0;0;0;2906;0;0;126;0;152;0;
11327;6895690;1182777344;13156352;1325596672;0;0;0;0;0;0;0;0;0;0;0;2826;0;0;126;0;152;0;
11328;4157836;1182777344;13156352;1325596672;0;0;0;0;0;0;0;0;0;0;0;2615;0;0;126;0;152;0;
11329;6451417;1182777344;13156352;1325596672;0;0;0;0;0;0;0;0;0;0;0;2254;0;0;126;0;152;0;
11330;3490695;1182777344;13156352;1325596672;0;0;0;0;0;0;0;0;0;0;0;3005;0;0;126;0;152;0;
11331;6983735;1182777344;13156352;1325596672;0;0;0;0;0;0;0;0;0;0;0;1643;0;0;126;0;152;0;
11332;4847650;1182777344;13156352;1325596672;0;0;0;0;0;0;0;0;0;0;0;3316;0;0;126;0;152;0;
11333;6299752;1185406976;18563072;1331003392;0;0;0;0;0;0;0;0;0;0;0;2795;0;0;126;0;152;0;
11334;4864020;1187504128;18563072;1331003392;0;0;0;0;0;0;0;0;0;0;0;3877;0;0;126;0;152;0;
11335;6223459;1187504128;18563072;1331003392;0;0;0;0;0;0;0;0;0;0;0;2034;0;0;126;0;152;0;
11336;8741541;1187504128;18563072;1331003392;0;0;0;0;0;0;0;0;0;0;0;4198;0;0;126;0;152;0;
11337;7361734;1187504128;18563072;1331003392;0;0;0;0;0;0;0;0;0;0;0;2975;0;0;126;0;152;0;
11338;6499447;1187504128;18563072;1331003392;0;0;0;0;0;0;0;0;0;0;0;3407;0;0;126;0;152;0;
11339;7961588;1187504128;18563072;1331003392;0;0;0;0;0;0;0;0;0;0;0;3116;0;0;126;0;152;0;
11340;5808962;1187504128;18563072;1331003392;0;0;0;0;0;0;0;0;0;0;0;4088;0;0;126;0;152;0;
11341;6854593;1187504128;18567168;1331007488;0;0;0;0;0;0;0;0;0;0;0;3376;0;0;126;0;152;0;
11342;5389836;1182797824;13164544;1325604864;0;0;0;0;0;0;0;0;0;0;0;3426;0;0;126;0;152;0;
11343;9204439;1182797824;13164544;1325604864;0;0;0;0;0;0;0;0;0;0;0;2485;0;0;126;0;152;0;
11344;5207454;1182797824;13164544;1325604864;0;0;0;0;0;0;0;0;0;0;0;3176;0;0;126;0;152;0;
11345;9057353;1182797824;13164544;1325604864;0;0;0;0;0;0;0;0;0;0;0;2625;0;0;126;0;152;0;
11346;5159194;1182797824;13164544;1325604864;0;0;0;0;0;0;0;0;0;0;0;3316;0;0;126;0;152;0;
11347;8030538;1182797824;13164544;1325604864;0;0;0;0;0;0;0;0;0;0;0;3256;0;0;126;0;152;0;
11348;6643717;1182789632;13156352;1325596672;0;0;0;0;0;0;0;0;0;0;0;3347;0;0;126;0;152;0;
11349;9245426;1182789632;13156352;1325596672;0;0;0;0;0;0;0;0;0;0;0;2414;0;0;126;0;152;0;
11350;4170440;1182789632;13156352;1325596672;0;0;0;0;0;0;0;0;0;0;0;3206;0;0;126;0;152;0;
11351;6635102;1182789632;13156352;1325596672;0;0;0;0;0;0;0;0;0;0;0;2755;0;0;126;0;152;0;
11352;5232421;1182789632;13156352;1325596672;0;0;0;0;0;0;0;0;0;0;0;3416;0;0;126;0;152;0;
11353;7400336;1182789632;13156352;1325596672;0;0;0;0;0;0;0;0;0;0;0;2415;0;0;126;0;152;0;
11354;3275051;1182789632;13156352;1325596672;0;0;0;0;0;0;0;0;0;0;0;2474;0;0;126;0;152;0;
11355;6593643;1185419264;18563072;1331003392;0;0;0;0;0;0;0;0;0;0;0;2966;0;0;126;0;152;0;
11356;4358593;1187516416;18563072;1331003392;0;0;0;0;0;0;0;0;0;0;0;3377;0;0;126;0;152;0;
11357;6901942;1187516416;18563072;1331003392;0;0;0;0;0;0;0;0;0;0;0;1844;0;0;126;0;152;0;
11358;5042304;1187516416;18563072;1331003392;0;0;0;0;0;0;0;0;0;0;0;2595;0;0;126;0;152;0;
11359;6425648;1187516416;18563072;1331003392;0;0;0;0;0;0;0;0;0;0;0;2004;0;0;126;0;152;0;
11360;10089418;1187516416;18563072;1331003392;0;0;0;0;0;0;0;0;0;0;0;4168;0;0;126;0;152;0;
11361;7280732;1187516416;18563072;1331003392;0;0;0;0;0;0;0;0;0;0;0;2454;0;0;126;0;152;0;
11362;5575985;1187516416;18563072;1331003392;0;0;0;0;0;0;0;0;0;0;0;3657;0;0;126;0;152;0;
11363;6319590;1187516416;18563072;1331003392;0;0;0;0;0;0;0;0;0;0;0;3206;0;0;126;0;152;0;
11364;5436163;1182801920;13156352;1325596672;0;0;0;0;0;0;0;0;0;0;0;3296;0;0;126;0;152;0;
11365;10862288;1182801920;13156352;1325596672;0;0;0;0;0;0;0;0;0;0;0;2644;0;0;126;0;152;0;
11366;5170575;1182801920;13156352;1325596672;0;0;0;0;0;0;0;0;0;0;0;3466;0;0;126;0;152;0;
11367;7154435;1182801920;13156352;1325596672;0;0;0;0;0;0;0;0;0;0;0;3086;0;0;126;0;152;0;
11368;5177999;1182801920;13156352;1325596672;0;0;0;0;0;0;0;0;0;0;0;3607;0;0;126;0;152;0;
11369;6808456;1182801920;13156352;1325596672;0;0;0;0;0;0;0;0;0;0;0;2374;0;0;126;0;152;0;
11370;8640161;1183064064;13156352;1325596672;0;0;0;0;0;0;0;0;0;0;0;3977;0;0;126;0;152;0;
11371;7916303;1183064064;13156352;1325596672;0;0;0;0;0;0;0;0;0;0;0;2926;0;0;126;0;152;0;
11372;5736326;1183064064;13156352;1325596672;0;0;0;0;0;0;0;0;0;0;0;3406;0;0;126;0;152;0;
11373;6868459;1183064064;13156352;1325596672;0;0;0;0;0;0;0;0;0;0;0;2295;0;0;126;0;152;0;
11374;5512677;1183064064;13156352;1325596672;0;0;0;0;0;0;0;0;0;0;0;3387;0;0;126;0;152;0;
11375;7039450;1183064064;13156352;1325596672;0;0;0;0;0;0;0;0;0;0;0;2555;0;0;126;0;152;0;
11376;6270097;1183064064;13156352;1325596672;0;0;0;0;0;0;0;0;0;0;0;3105;0;0;126;0;152;0;
11377;8283281;1183064064;13156352;1325596672;0;0;0;0;0;0;0;0;0;0;0;2605;0;0;126;0;152;0;
11378;6662202;1183064064;13156352;1325596672;0;0;0;0;0;0;0;0;0;0;0;3767;0;0;126;0;152;0;
11379;8691698;1185693696;18563072;1331003392;0;0;0;0;0;0;0;0;0;0;0;4308;0;0;126;0;152;0;
11380;6897243;1187790848;18563072;1331003392;0;0;0;0;0;0;0;0;0;0;0;3848;0;0;126;0;152;0;
11381;6645100;1187790848;18563072;1331003392;0;0;0;0;0;0;0;0;0;0;0;3838;0;0;126;0;152;0;
11382;5691181;1187790848;18563072;1331003392;0;0;0;0;0;0;0;0;0;0;0;3096;0;0;126;0;152;0;
11383;8140775;1187790848;18563072;1331003392;0;0;0;0;0;0;0;0;0;0;0;38533;0;0;126;0;152;0;
11384;6341801;1187790848;18563072;1331003392;0;0;0;0;0;0;0;0;0;0;0;3977;0;0;126;0;152;0;
11385;8933882;1187790848;18563072;1331003392;0;0;0;0;0;0;0;0;0;0;0;2334;0;0;126;0;152;0;
11386;5670432;1187790848;18563072;1331003392;0;0;0;0;0;0;0;0;0;0;0;3416;0;0;126;0;152;0;
11387;7211391;1187790848;18563072;1331003392;0;0;0;0;0;0;0;0;0;0;0;2545;0;0;126;0;152;0;
11388;7668058;1183346688;13156352;1325596672;0;0;0;0;0;0;0;0;0;0;0;4258;0;0;126;0;152;0;
11389;6633589;1183346688;13156352;1325596672;0;0;0;0;0;0;0;0;0;0;0;2224;0;0;126;0;152;0;
11390;5866560;1183346688;13156352;1325596672;0;0;0;0;0;0;0;0;0;0;0;3807;0;0;126;0;152;0;
11391;6821460;1183346688;13156352;1325596672;0;0;0;0;0;0;0;0;0;0;0;3556;0;0;126;0;152;0;
11392;5662969;1183346688;13156352;1325596672;0;0;0;0;0;0;0;0;0;0;0;3106;0;0;126;0;152;0;
11393;7339342;1183346688;13156352;1325596672;0;0;0;0;0;0;0;0;0;0;0;2535;0;0;126;0;152;0;
11394;4215234;1183346688;13156352;1325596672;0;0;0;0;0;0;0;0;0;0;0;3116;0;0;126;0;152;0;
11395;8026930;1183346688;13156352;1325596672;0;0;0;0;0;0;0;0;0;0;0;3606;0;0;126;0;152;0;
11396;5040601;1183346688;13156352;1325596672;0;0;0;0;0;0;0;0;0;0;0;3477;0;0;126;0;152;0;
11397;7255054;1183346688;13156352;1325596672;0;0;0;0;0;0;0;0;0;0;0;1864;0;0;126;0;152;0;
11398;5391570;1183346688;13156352;1325596672;0;0;0;0;0;0;0;0;0;0;0;3827;0;0;126;0;152;0;
11399;6781546;1183346688;13156352;1325596672;0;0;0;0;0;0;0;0;0;0;0;2054;0;0;126;0;152;0;
11400;4846568;1183346688;13156352;1325596672;0;0;0;0;0;0;0;0;0;0;0;3026;0;0;126;0;152;0;
11401;8717536;1185976320;18563072;1331003392;0;0;0;0;0;0;0;0;0;0;0;2826;0;0;126;0;152;0;
11402;5022257;1188073472;18563072;1331003392;0;0;0;0;0;0;0;0;0;0;0;3296;0;0;126;0;152;0;
11403;7484454;1188073472;18563072;1331003392;0;0;0;0;0;0;0;0;0;0;0;2815;0;0;126;0;152;0;
11404;6573516;1188073472;18563072;1331003392;0;0;0;0;0;0;0;0;0;0;0;3757;0;0;126;0;152;0;
11405;8911590;1188073472;18563072;1331003392;0;0;0;0;0;0;0;0;0;0;0;3477;0;0;126;0;152;0;
11406;4540915;1188073472;18563072;1331003392;0;0;0;0;0;0;0;0;0;0;0;4318;0;0;126;0;152;0;
11407;9409734;1188073472;18563072;1331003392;0;0;0;0;0;0;0;0;0;0;0;3637;0;0;126;0;152;0;
11408;5807199;1188073472;18563072;1331003392;0;0;0;0;0;0;0;0;0;0;0;3557;0;0;126;0;152;0;
11409;8757541;1188073472;18563072;1331003392;0;0;0;0;0;0;0;0;0;0;0;3336;0;0;126;0;152;0;
11410;7698806;1183358976;13156352;1325596672;0;0;0;0;0;0;0;0;0;0;0;3477;0;0;126;0;152;0;
11411;9408291;1183358976;13156352;1325596672;0;0;0;0;0;0;0;0;0;0;0;3497;0;0;126;0;152;0;
11412;6769122;1183358976;13156352;1325596672;0;0;0;0;0;0;0;0;0;0;0;3206;0;0;126;0;152;0;
11413;8977222;1183358976;13156352;1325596672;0;0;0;0;0;0;0;0;0;0;0;3367;0;0;126;0;152;0;
11414;4935013;1183358976;13156352;1325596672;0;0;0;0;0;0;0;0;0;0;0;4128;0;0;126;0;152;0;
11415;10178665;1183358976;13160448;1325600768;0;0;0;0;0;0;0;0;0;0;0;4148;0;0;126;0;152;0;
11416;6908584;1183358976;13164544;1325604864;0;0;0;0;0;0;0;0;0;0;0;3847;0;0;126;0;152;0;
11417;8988304;1185988608;18571264;1331011584;0;0;0;0;0;0;0;0;0;0;0;3868;0;0;126;0;152;0;
11418;5914069;1188085760;18571264;1331011584;0;0;0;0;0;0;0;0;0;0;0;3547;0;0;126;0;152;0;
11419;9736597;1188085760;18571264;1331011584;0;0;0;0;0;0;0;0;0;0;0;3076;0;0;126;0;152;0;
11420;6822943;1188085760;18571264;1331011584;0;0;0;0;0;0;0;0;0;0;0;3616;0;0;126;0;152;0;
11421;8862748;1188085760;18571264;1331011584;0;0;0;0;0;0;0;0;0;0;0;3707;0;0;126;0;152;0;
11422;7118046;1188290560;18563072;1331003392;0;0;0;0;0;0;0;0;0;0;0;3156;0;0;126;0;152;0;
11423;9315818;1188290560;18563072;1331003392;0;0;0;0;0;0;0;0;0;0;0;31519;0;0;126;0;152;0;
11424;7745744;1188290560;18563072;1331003392;0;0;0;0;0;0;0;0;0;0;0;3096;0;0;126;0;152;0;
11425;10550362;1188290560;18563072;1331003392;0;0;0;0;0;0;0;0;0;0;0;3646;0;0;126;0;152;0;
11426;7387041;1188290560;18563072;1331003392;0;0;0;0;0;0;0;0;0;0;0;3136;0;0;126;0;152;0;
11427;8633518;1188290560;18563072;1331003392;0;0;0;0;0;0;0;0;0;0;0;5159;0;0;126;0;152;0;
11428;7864256;1188290560;18563072;1331003392;0;0;0;0;0;0;0;0;0;0;0;3407;0;0;126;0;152;0;
11429;9434270;1188290560;18563072;1331003392;0;0;0;0;0;0;0;0;0;0;0;3827;0;0;126;0;152;0;
11430;8779302;1188290560;18563072;1331003392;0;0;0;0;0;0;0;0;0;0;0;3656;0;0;126;0;152;0;
11431;10182984;1188290560;18563072;1331003392;0;0;0;0;0;0;0;0;0;0;0;3677;0;0;126;0;152;0;
11432;8016932;1188290560;18563072;1331003392;0;0;0;0;0;0;0;0;0;0;0;3567;0;0;126;0;152;0;
11433;10075782;1188290560;18563072;1331003392;0;0;0;0;0;0;0;0;0;0;0;3477;0;0;126;0;152;0;
11434;7634535;1183371264;13156352;1325596672;0;0;0;0;0;0;0;0;0;0;0;3627;0;0;126;0;152;0;
11435;8423124;1183371264;13156352;1325596672;0;0;0;0;0;0;0;0;0;0;0;3276;0;0;126;0;152;0;
11436;4806622;1183371264;13156352;1325596672;0;0;0;0;0;0;0;0;0;0;0;3246;0;0;126;0;152;0;
11437;6991940;1183371264;13156352;1325596672;0;0;0;0;0;0;0;0;0;0;0;1894;0;0;126;0;152;0;
11438;5361493;1183371264;13156352;1325596672;0;0;0;0;0;0;0;0;0;0;0;3086;0;0;126;0;152;0;
11439;8498094;1183371264;13156352;1325596672;0;0;0;0;0;0;0;0;0;0;0;2756;0;0;126;0;152;0;
11440;8628689;1183371264;13156352;1325596672;0;0;0;0;0;0;0;0;0;0;0;3757;0;0;126;0;152;0;
11441;12305884;1183371264;13156352;1325596672;0;0;0;0;0;0;0;0;0;0;0;3707;0;0;126;0;152;0;
11442;11766883;1183371264;13156352;1325596672;0;0;0;0;0;0;0;0;0;0;0;2816;0;0;126;0;152;0;
11443;11463605;1183371264;13156352;1325596672;0;0;0;0;0;0;0;0;0;0;0;2946;0;0;126;0;152;0;
11444;7391660;1183371264;13156352;1325596672;0;0;0;0;0;0;0;0;0;0;0;3366;0;0;126;0;152;0;
11445;5841594;1183371264;13156352;1325596672;0;0;0;0;0;0;0;0;0;0;0;2094;0;0;126;0;152;0;
11446;9432617;1183371264;13156352;1325596672;0;0;0;0;0;0;0;0;0;0;0;4188;0;0;126;0;152;0;
11447;11869957;1186000896;18563072;1331003392;0;0;0;0;0;0;0;0;0;0;0;3196;0;0;126;0;152;0;
11448;9779497;1188098048;18563072;1331003392;0;0;0;0;0;0;0;0;0;0;0;3416;0;0;126;0;152;0;
11449;10168246;1188098048;18563072;1331003392;0;0;0;0;0;0;0;0;0;0;0;3316;0;0;126;0;152;0;
11450;6741661;1188098048;18563072;1331003392;0;0;0;0;0;0;0;0;0;0;0;3717;0;0;126;0;152;0;
11451;9458645;1188098048;18563072;1331003392;0;0;0;0;0;0;0;0;0;0;0;2394;0;0;126;0;152;0;
11452;7823549;1188098048;18563072;1331003392;0;0;0;0;0;0;0;0;0;0;0;4168;0;0;126;0;152;0;
11453;11186555;1188098048;18563072;1331003392;0;0;0;0;0;0;0;0;0;0;0;3446;0;0;126;0;152;0;
11454;9507106;1188098048;18563072;1331003392;0;0;0;0;0;0;0;0;0;0;0;3396;0;0;126;0;152;0;
11455;9775490;1188098048;18563072;1331003392;0;0;0;0;0;0;0;0;0;0;0;3146;0;0;126;0;152;0;
11456;8743475;1183383552;13156352;1325596672;0;0;0;0;0;0;0;0;0;0;0;3236;0;0;126;0;152;0;
11457;8566473;1183383552;13156352;1325596672;0;0;0;0;0;0;0;0;0;0;0;3617;0;0;126;0;152;0;
11458;9084484;1183383552;13156352;1325596672;0;0;0;0;0;0;0;0;0;0;0;3967;0;0;126;0;152;0;
11459;8417173;1183383552;13156352;1325596672;0;0;0;0;0;0;0;0;0;0;0;3126;0;0;126;0;152;0;
11460;7457243;1183383552;13156352;1325596672;0;0;0;0;0;0;0;0;0;0;0;4017;0;0;126;0;152;0;
11461;8174648;1183383552;13156352;1325596672;0;0;0;0;0;0;0;0;0;0;0;2274;0;0;126;0;152;0;
11462;6015199;1183383552;13156352;1325596672;0;0;0;0;0;0;0;0;0;0;0;3256;0;0;126;0;152;0;
11463;7837556;1183383552;13156352;1325596672;0;0;0;0;0;0;0;0;0;0;0;3627;0;0;126;0;152;0;
11464;8734939;1183383552;13156352;1325596672;0;0;0;0;0;0;0;0;0;0;0;3366;0;0;126;0;152;0;
11465;8191289;1183383552;13156352;1325596672;0;0;0;0;0;0;0;0;0;0;0;2574;0;0;126;0;152;0;
11466;8232817;1183383552;13156352;1325596672;0;0;0;0;0;0;0;0;0;0;0;3416;0;0;126;0;152;0;
11467;10880001;1183383552;13156352;1325596672;0;0;0;0;0;0;0;0;0;0;0;3046;0;0;126;0;152;0;
11468;3737599;1183383552;13156352;1325596672;0;0;0;0;0;0;0;0;0;0;0;3136;0;0;126;0;152;0;
11469;8895289;1183383552;13156352;1325596672;0;0;0;0;0;0;0;0;0;0;0;4077;0;0;126;0;152;0;
11470;5905874;1183383552;13156352;1325596672;0;0;0;0;0;0;0;0;0;0;0;3296;0;0;126;0;152;0;
11471;8747452;1186013184;18563072;1331003392;0;0;0;0;0;0;0;0;0;0;0;3447;0;0;126;0;152;0;
11472;6582302;1188110336;18563072;1331003392;0;0;0;0;0;0;0;0;0;0;0;3637;0;0;126;0;152;0;
11473;7628193;1188110336;18563072;1331003392;0;0;0;0;0;0;0;0;0;0;0;3456;0;0;126;0;152;0;
11474;5998878;1188110336;18563072;1331003392;0;0;0;0;0;0;0;0;0;0;0;3437;0;0;126;0;152;0;
11475;7007188;1188110336;18563072;1331003392;0;0;0;0;0;0;0;0;0;0;0;2875;0;0;126;0;152;0;
11476;5109731;1188110336;18563072;1331003392;0;0;0;0;0;0;0;0;0;0;0;3306;0;0;126;0;152;0;
11477;8481222;1188110336;18563072;1331003392;0;0;0;0;0;0;0;0;0;0;0;2956;0;0;126;0;152;0;
11478;5576807;1188110336;18563072;1331003392;0;0;0;0;0;0;0;0;0;0;0;3276;0;0;126;0;152;0;
11479;8537628;1188110336;18563072;1331003392;0;0;0;0;0;0;0;0;0;0;0;3056;0;0;126;0;152;0;
11480;6278242;1183395840;13156352;1325596672;0;0;0;0;0;0;0;0;0;0;0;3216;0;0;126;0;152;0;
11481;8882805;1183395840;13156352;1325596672;0;0;0;0;0;0;0;0;0;0;0;3747;0;0;126;0;152;0;
11482;3698024;1183395840;13156352;1325596672;0;0;0;0;0;0;0;0;0;0;0;3256;0;0;126;0;152;0;
11483;7376051;1183395840;13156352;1325596672;0;0;0;0;0;0;0;0;0;0;0;2956;0;0;126;0;152;0;
11484;6376937;1183395840;13156352;1325596672;0;0;0;0;0;0;0;0;0;0;0;3898;0;0;126;0;152;0;
11485;7558814;1183395840;13156352;1325596672;0;0;0;0;0;0;0;0;0;0;0;3156;0;0;126;0;152;0;
11486;5516203;1183395840;13156352;1325596672;0;0;0;0;0;0;0;0;0;0;0;3086;0;0;126;0;152;0;
11487;7898119;1183395840;13156352;1325596672;0;0;0;0;0;0;0;0;0;0;0;3847;0;0;126;0;152;0;
11488;5067822;1183395840;13156352;1325596672;0;0;0;0;0;0;0;0;0;0;0;3346;0;0;126;0;152;0;
11489;7905603;1183395840;13156352;1325596672;0;0;0;0;0;0;0;0;0;0;0;3397;0;0;126;0;152;0;
11490;5624225;1183395840;13156352;1325596672;0;0;0;0;0;0;0;0;0;0;0;4628;0;0;126;0;152;0;
11491;7892920;1183395840;13156352;1325596672;0;0;0;0;0;0;0;0;0;0;0;2675;0;0;126;0;152;0;
11492;6117420;1183395840;13156352;1325596672;0;0;0;0;0;0;0;0;0;0;0;3767;0;0;126;0;152;0;
11493;10064281;1186025472;18563072;1331003392;0;0;0;0;0;0;0;0;0;0;0;3997;0;0;126;0;152;0;
11494;5284048;1188122624;18563072;1331003392;0;0;0;0;0;0;0;0;0;0;0;99065;0;0;126;0;152;0;
11495;8194495;1188122624;18563072;1331003392;0;0;0;0;0;0;0;0;0;0;0;3566;0;0;126;0;152;0;
11496;6346299;1188122624;18563072;1331003392;0;0;0;0;0;0;0;0;0;0;0;3377;0;0;126;0;152;0;
11497;9150638;1188122624;18563072;1331003392;0;0;0;0;0;0;0;0;0;0;0;3817;0;0;126;0;152;0;
11498;6875542;1188122624;18563072;1331003392;0;0;0;0;0;0;0;0;0;0;0;3737;0;0;126;0;152;0;
11499;6846778;1188122624;18563072;1331003392;0;0;0;0;0;0;0;0;0;0;0;3286;0;0;126;0;152;0;
11500;8013756;1188122624;18563072;1331003392;0;0;0;0;0;0;0;0;0;0;0;3056;0;0;126;0;152;0;
11501;9859838;1188122624;18563072;1331003392;0;0;0;0;0;0;0;0;0;0;0;3526;0;0;126;0;152;0;
11502;7776592;1183408128;13156352;1325596672;0;0;0;0;0;0;0;0;0;0;0;4609;0;0;126;0;153;0;
11503;9868233;1183408128;13156352;1325596672;0;0;0;0;0;0;0;0;0;0;0;3677;0;0;126;0;153;0;
11504;7979171;1183408128;13156352;1325596672;0;0;0;0;0;0;0;0;0;0;0;3807;0;0;126;0;153;0;
11505;9139627;1183408128;13156352;1325596672;0;0;0;0;0;0;0;0;0;0;0;2805;0;0;126;0;153;0;
11506;6902553;1183408128;13156352;1325596672;0;0;0;0;0;0;0;0;0;0;0;3076;0;0;126;0;153;0;
11507;10549450;1183408128;13156352;1325596672;0;0;0;0;0;0;0;0;0;0;0;2485;0;0;126;0;153;0;
11508;12881343;1183408128;13156352;1325596672;0;0;0;0;0;0;0;0;0;0;0;4849;0;0;126;0;153;0;
11509;9557951;1183408128;13156352;1325596672;0;0;0;0;0;0;0;0;0;0;0;2605;0;0;126;0;153;0;
11510;7294618;1183408128;13156352;1325596672;0;0;0;0;0;0;0;0;0;0;0;3677;0;0;126;0;153;0;
11511;10687579;1183408128;13156352;1325596672;0;0;0;0;0;0;0;0;0;0;0;3577;0;0;126;0;153;0;
11512;4951885;1183408128;13156352;1325596672;0;0;0;0;0;0;0;0;0;0;0;4238;0;0;126;0;153;0;
11513;9613395;1183408128;13156352;1325596672;0;0;0;0;0;0;0;0;0;0;0;3567;0;0;126;0;153;0;
11514;8530034;1183408128;13156352;1325596672;0;0;0;0;0;0;0;0;0;0;0;3927;0;0;126;0;153;0;
11515;10053901;1183408128;13156352;1325596672;0;0;0;0;0;0;0;0;0;0;0;3406;0;0;126;0;153;0;
11516;7674320;1183408128;13156352;1325596672;0;0;0;0;0;0;0;0;0;0;0;2875;0;0;126;0;153;0;
11517;13777394;1186037760;18563072;1331003392;0;0;0;0;0;0;0;0;0;0;0;3887;0;0;126;0;153;0;
11518;3256626;1188134912;18563072;1331003392;0;0;0;0;0;0;0;0;0;0;0;3186;0;0;126;0;153;0;
11519;4777057;1188134912;18563072;1331003392;0;0;0;0;0;0;0;0;0;0;0;1402;0;0;126;0;153;0;
11520;3744942;1188134912;18563072;1331003392;0;0;0;0;0;0;0;0;0;0;0;2995;0;0;126;0;153;0;
11521;4229390;1188134912;18563072;1331003392;0;0;0;0;0;0;0;0;0;0;0;2174;0;0;126;0;153;0;
11522;3558011;1188134912;18563072;1331003392;0;0;0;0;0;0;0;0;0;0;0;3116;0;0;126;0;153;0;
11523;4725100;1188134912;18563072;1331003392;0;0;0;0;0;0;0;0;0;0;0;1683;0;0;126;0;153;0;
11524;3095705;1188134912;18563072;1331003392;0;0;0;0;0;0;0;0;0;0;0;2595;0;0;126;0;153;0;
11525;4880091;1188134912;18563072;1331003392;0;0;0;0;0;0;0;0;0;0;0;1723;0;0;126;0;153;0;
11526;3921453;1183420416;13156352;1325596672;0;0;0;0;0;0;0;0;0;0;0;2986;0;0;126;0;153;0;
11527;4732844;1183420416;13156352;1325596672;0;0;0;0;0;0;0;0;0;0;0;1643;0;0;126;0;153;0;
11528;4141897;1183420416;13156352;1325596672;0;0;0;0;0;0;0;0;0;0;0;3788;0;0;126;0;153;0;
11529;4415449;1183420416;13156352;1325596672;0;0;0;0;0;0;0;0;0;0;0;2445;0;0;126;0;153;0;
11530;3839719;1183420416;13156352;1325596672;0;0;0;0;0;0;0;0;0;0;0;3577;0;0;126;0;153;0;
11531;6245089;1183420416;13156352;1325596672;0;0;0;0;0;0;0;0;0;0;0;2545;0;0;126;0;153;0;
11532;3158112;1183420416;13156352;1325596672;0;0;0;0;0;0;0;0;0;0;0;2845;0;0;126;0;153;0;
11533;4438442;1183420416;13156352;1325596672;0;0;0;0;0;0;0;0;0;0;0;1743;0;0;126;0;153;0;
11534;3636068;1183420416;13156352;1325596672;0;0;0;0;0;0;0;0;0;0;0;3858;0;0;126;0;153;0;
11535;6403496;1183420416;13156352;1325596672;0;0;0;0;0;0;0;0;0;0;0;3216;0;0;126;0;153;0;
11536;3630648;1183420416;13156352;1325596672;0;0;0;0;0;0;0;0;0;0;0;3527;0;0;126;0;153;0;
11537;5953423;1183420416;13156352;1325596672;0;0;0;0;0;0;0;0;0;0;0;3026;0;0;126;0;153;0;
11538;5505473;1183420416;13156352;1325596672;0;0;0;0;0;0;0;0;0;0;0;3376;0;0;126;0;153;0;
11539;6544972;1186050048;18563072;1331003392;0;0;0;0;0;0;0;0;0;0;0;2925;0;0;126;0;153;0;
11540;4804379;1188147200;18563072;1331003392;0;0;0;0;0;0;0;0;0;0;0;3677;0;0;126;0;153;0;
11541;5504792;1188147200;18563072;1331003392;0;0;0;0;0;0;0;0;0;0;0;2434;0;0;126;0;153;0;
11542;4809278;1188147200;18563072;1331003392;0;0;0;0;0;0;0;0;0;0;0;3707;0;0;126;0;153;0;
11543;6181120;1188147200;18563072;1331003392;0;0;0;0;0;0;0;0;0;0;0;2415;0;0;126;0;153;0;
11544;4244399;1188147200;18563072;1331003392;0;0;0;0;0;0;0;0;0;0;0;2966;0;0;126;0;153;0;
11545;6616356;1188147200;18563072;1331003392;0;0;0;0;0;0;0;0;0;0;0;2775;0;0;126;0;153;0;
11546;3797220;1188147200;18563072;1331003392;0;0;0;0;0;0;0;0;0;0;0;3146;0;0;126;0;153;0;
11547;5533947;1188147200;18563072;1331003392;0;0;0;0;0;0;0;0;0;0;0;2855;0;0;126;0;153;0;
11548;3816766;1183432704;13156352;1325596672;0;0;0;0;0;0;0;0;0;0;0;3216;0;0;126;0;153;0;
11549;5808812;1183432704;13156352;1325596672;0;0;0;0;0;0;0;0;0;0;0;3206;0;0;126;0;153;0;
11550;5159334;1183432704;13156352;1325596672;0;0;0;0;0;0;0;0;0;0;0;4118;0;0;126;0;153;0;
11551;5329443;1183432704;13160448;1325600768;0;0;0;0;0;0;0;0;0;0;0;3657;0;0;126;0;153;0;
11552;3003582;1183432704;13164544;1325604864;0;0;0;0;0;0;0;0;0;0;0;2675;0;0;126;0;153;0;
11553;8127099;1183432704;13164544;1325604864;0;0;0;0;0;0;0;0;0;0;0;3066;0;0;126;0;153;0;
11554;5295149;1183432704;13164544;1325604864;0;0;0;0;0;0;0;0;0;0;0;3988;0;0;126;0;153;0;
11555;6649829;1183432704;13164544;1325604864;0;0;0;0;0;0;0;0;0;0;0;2875;0;0;126;0;153;0;
11556;5282024;1183432704;13164544;1325604864;0;0;0;0;0;0;0;0;0;0;0;2986;0;0;126;0;153;0;
11557;4960561;1183432704;13164544;1325604864;0;0;0;0;0;0;0;0;0;0;0;2295;0;0;126;0;153;0;
11558;3788634;1183432704;13156352;1325596672;0;0;0;0;0;0;0;0;0;0;0;3246;0;0;126;0;153;0;
11559;5803883;1183432704;13156352;1325596672;0;0;0;0;0;0;0;0;0;0;0;2685;0;0;126;0;153;0;
11560;4128841;1183432704;13156352;1325596672;0;0;0;0;0;0;0;0;0;0;0;4369;0;0;126;0;153;0;
11561;5642670;1183432704;13156352;1325596672;0;0;0;0;0;0;0;0;0;0;0;2314;0;0;126;0;153;0;
11562;3926372;1183432704;13156352;1325596672;0;0;0;0;0;0;0;0;0;0;0;2726;0;0;126;0;153;0;
11563;5719495;1186062336;18563072;1331003392;0;0;0;0;0;0;0;0;0;0;0;3316;0;0;126;0;153;0;
11564;3461160;1188159488;18563072;1331003392;0;0;0;0;0;0;0;0;0;0;0;3427;0;0;126;0;153;0;
11565;4559599;1188159488;18563072;1331003392;0;0;0;0;0;0;0;0;0;0;0;1974;0;0;126;0;153;0;
11566;3863795;1188159488;18563072;1331003392;0;0;0;0;0;0;0;0;0;0;0;3506;0;0;126;0;153;0;
11567;5123637;1188159488;18563072;1331003392;0;0;0;0;0;0;0;0;0;0;0;2224;0;0;126;0;153;0;
11568;2975910;1188159488;18563072;1331003392;0;0;0;0;0;0;0;0;0;0;0;2716;0;0;126;0;153;0;
11569;4496541;1188159488;18563072;1331003392;0;0;0;0;0;0;0;0;0;0;0;1793;0;0;126;0;153;0;
11570;2582613;1188159488;18563072;1331003392;0;0;0;0;0;0;0;0;0;0;0;2495;0;0;126;0;153;0;
11571;5050019;1188159488;18563072;1331003392;0;0;0;0;0;0;0;0;0;0;0;1823;0;0;126;0;153;0;
11572;4040556;1183444992;13156352;1325596672;0;0;0;0;0;0;0;0;0;0;0;3016;0;0;126;0;153;0;
11573;4754615;1183444992;13156352;1325596672;0;0;0;0;0;0;0;0;0;0;0;1743;0;0;126;0;153;0;
11574;4700954;1183444992;13156352;1325596672;0;0;0;0;0;0;0;0;0;0;0;3477;0;0;126;0;153;0;
11575;5529958;1183444992;13156352;1325596672;0;0;0;0;0;0;0;0;0;0;0;1834;0;0;126;0;153;0;
11576;3657167;1183444992;13156352;1325596672;0;0;0;0;0;0;0;0;0;0;0;2285;0;0;126;0;153;0;
11577;6928972;1183444992;13156352;1325596672;0;0;0;0;0;0;0;0;0;0;0;1933;0;0;126;0;153;0;
11578;4231995;1183444992;13156352;1325596672;0;0;0;0;0;0;0;0;0;0;0;3246;0;0;126;0;153;0;
11579;7132234;1183444992;13156352;1325596672;0;0;0;0;0;0;0;0;0;0;0;1713;0;0;126;0;153;0;
11580;5885245;1183444992;13156352;1325596672;0;0;0;0;0;0;0;0;0;0;0;3977;0;0;126;0;153;0;
11581;5650515;1183444992;13156352;1325596672;0;0;0;0;0;0;0;0;0;0;0;1834;0;0;126;0;153;0;
11582;4288932;1183444992;13156352;1325596672;0;0;0;0;0;0;0;0;0;0;0;2835;0;0;126;0;153;0;
11583;4866054;1183444992;13156352;1325596672;0;0;0;0;0;0;0;0;0;0;0;1984;0;0;126;0;153;0;
11584;2322665;1183444992;13156352;1325596672;0;0;0;0;0;0;0;0;0;0;0;2304;0;0;126;0;153;0;
11585;6361929;1186074624;18563072;1331003392;0;0;0;0;0;0;0;0;0;0;0;2144;0;0;126;0;153;0;
11586;3951540;1188171776;18563072;1331003392;0;0;0;0;0;0;0;0;0;0;0;4228;0;0;126;0;155;0;
11587;5291772;1188171776;18563072;1331003392;0;0;0;0;0;0;0;0;0;0;0;1833;0;0;126;0;155;0;
11588;3521142;1188171776;18563072;1331003392;0;0;0;0;0;0;0;0;0;0;0;2715;0;0;126;0;155;0;
11589;5843357;1188171776;18563072;1331003392;0;0;0;0;0;0;0;0;0;0;0;1983;0;0;126;0;155;0;
11590;5538735;1188171776;18563072;1331003392;0;0;0;0;0;0;0;0;0;0;0;3426;0;0;126;0;155;0;
11591;6165771;1188171776;18563072;1331003392;0;0;0;0;0;0;0;0;0;0;0;2595;0;0;126;0;155;0;
11592;3489533;1188171776;18563072;1331003392;0;0;0;0;0;0;0;0;0;0;0;3256;0;0;126;0;155;0;
11593;6128791;1188171776;18563072;1331003392;0;0;0;0;0;0;0;0;0;0;0;1723;0;0;126;0;155;0;
11594;5037416;1183457280;13156352;1325596672;0;0;0;0;0;0;0;0;0;0;0;2985;0;0;126;0;155;0;
11595;10062598;1183457280;13156352;1325596672;0;0;0;0;0;0;0;0;0;0;0;2184;0;0;126;0;155;0;
11596;6089608;1183457280;13156352;1325596672;0;0;0;0;0;0;0;0;0;0;0;4588;0;0;126;0;155;0;
11597;4682981;1183457280;13156352;1325596672;0;0;0;0;0;0;0;0;0;0;0;2234;0;0;126;0;155;0;
11598;4518002;1183457280;13156352;1325596672;0;0;0;0;0;0;0;0;0;0;0;3707;0;0;126;0;155;0;
11599;6244027;1183457280;13156352;1325596672;0;0;0;0;0;0;0;0;0;0;0;2715;0;0;126;0;155;0;
11600;5348088;1183457280;13156352;1325596672;0;0;0;0;0;0;0;0;0;0;0;4578;0;0;126;0;155;0;
11601;6591699;1183457280;13156352;1325596672;0;0;0;0;0;0;0;0;0;0;0;2675;0;0;126;0;155;0;
11602;5863565;1183457280;13156352;1325596672;0;0;0;0;0;0;0;0;0;0;0;3437;0;0;126;0;155;0;
11603;5238181;1183457280;13156352;1325596672;0;0;0;0;0;0;0;0;0;0;0;2033;0;0;126;0;155;0;
11604;4090320;1183457280;13156352;1325596672;0;0;0;0;0;0;0;0;0;0;0;2956;0;0;126;0;155;0;
11605;5093420;1183457280;13156352;1325596672;0;0;0;0;0;0;0;0;0;0;0;1843;0;0;126;0;155;0;
11606;4773039;1183457280;13156352;1325596672;0;0;0;0;0;0;0;0;0;0;0;4138;0;0;126;0;155;0;
11607;7047384;1183457280;13156352;1325596672;0;0;0;0;0;0;0;0;0;0;0;2414;0;0;126;0;155;0;
11608;5264431;1183457280;13156352;1325596672;0;0;0;0;0;0;0;0;0;0;0;3186;0;0;126;0;155;0;
11609;5832727;1186086912;18563072;1331003392;0;0;0;0;0;0;0;0;0;0;0;3256;0;0;126;0;157;0;
11610;5082610;1188184064;18563072;1331003392;0;0;0;0;0;0;0;0;0;0;0;3016;0;0;126;0;157;0;
11611;8647234;1188184064;18563072;1331003392;0;0;0;0;0;0;0;0;0;0;0;2054;0;0;126;0;157;0;
11612;3909240;1188184064;18563072;1331003392;0;0;0;0;0;0;0;0;0;0;0;2846;0;0;126;0;157;0;
11613;7798803;1188184064;18563072;1331003392;0;0;0;0;0;0;0;0;0;0;0;2715;0;0;126;0;157;0;
11614;5151479;1188184064;18563072;1331003392;0;0;0;0;0;0;0;0;0;0;0;2995;0;0;126;0;157;0;
11615;4955702;1188184064;18563072;1331003392;0;0;0;0;0;0;0;0;0;0;0;1714;0;0;126;0;157;0;
11616;4598753;1188184064;18563072;1331003392;0;0;0;0;0;0;0;0;0;0;0;3687;0;0;126;0;157;0;
11617;5029100;1188184064;18563072;1331003392;0;0;0;0;0;0;0;0;0;0;0;2304;0;0;126;0;157;0;
11618;5306489;1183469568;13156352;1325596672;0;0;0;0;0;0;0;0;0;0;0;3106;0;0;126;0;157;0;
11619;6343624;1183469568;13156352;1325596672;0;0;0;0;0;0;0;0;0;0;0;1723;0;0;126;0;157;0;
11620;3722720;1183469568;13156352;1325596672;0;0;0;0;0;0;0;0;0;0;0;2876;0;0;126;0;157;0;
11621;6823505;1183469568;13156352;1325596672;0;0;0;0;0;0;0;0;0;0;0;2305;0;0;126;0;157;0;
11622;3324543;1183469568;13156352;1325596672;0;0;0;0;0;0;0;0;0;0;0;3356;0;0;126;0;157;0;
11623;7704486;1183469568;13156352;1325596672;0;0;0;0;0;0;0;0;0;0;0;2806;0;0;126;0;157;0;
11624;4779802;1183469568;13156352;1325596672;0;0;0;0;0;0;0;0;0;0;0;3446;0;0;126;0;157;0;
11625;6048010;1183469568;13156352;1325596672;0;0;0;0;0;0;0;0;0;0;0;2635;0;0;126;0;157;0;
11626;5559725;1183469568;13156352;1325596672;0;0;0;0;0;0;0;0;0;0;0;3767;0;0;126;0;157;0;
11627;5596364;1183469568;13156352;1325596672;0;0;0;0;0;0;0;0;0;0;0;2816;0;0;126;0;157;0;
11628;3718001;1183469568;13156352;1325596672;0;0;0;0;0;0;0;0;0;0;0;3006;0;0;126;0;157;0;
11629;6523161;1183469568;13156352;1325596672;0;0;0;0;0;0;0;0;0;0;0;2535;0;0;126;0;157;0;
11630;6566733;1183469568;13156352;1325596672;0;0;0;0;0;0;0;0;0;0;0;3787;0;0;126;0;158;0;
11631;6040616;1186099200;18563072;1331003392;0;0;0;0;0;0;0;0;0;0;0;2054;0;0;126;0;158;0;
11632;5841383;1188196352;18563072;1331003392;0;0;0;0;0;0;0;0;0;0;0;3176;0;0;126;0;158;0;
11633;6346731;1188196352;18563072;1331003392;0;0;0;0;0;0;0;0;0;0;0;2054;0;0;126;0;158;0;
11634;2863119;1188196352;18563072;1331003392;0;0;0;0;0;0;0;0;0;0;0;3947;0;0;126;0;158;0;
11635;4513674;1188196352;18563072;1331003392;0;0;0;0;0;0;0;0;0;0;0;1844;0;0;126;0;158;0;
11636;5970274;1188196352;18563072;1331003392;0;0;0;0;0;0;0;0;0;0;0;3687;0;0;126;0;158;0;
11637;5603506;1188196352;18563072;1331003392;0;0;0;0;0;0;0;0;0;0;0;2104;0;0;126;0;158;0;
11638;6709681;1188196352;18563072;1331003392;0;0;0;0;0;0;0;0;0;0;0;3226;0;0;126;0;158;0;
11639;7935389;1188196352;18563072;1331003392;0;0;0;0;0;0;0;0;0;0;0;2435;0;0;126;0;158;0;
11640;4546725;1183481856;13156352;1325596672;0;0;0;0;0;0;0;0;0;0;0;2766;0;0;126;0;158;0;
11641;7203847;1183481856;13156352;1325596672;0;0;0;0;0;0;0;0;0;0;0;2385;0;0;126;0;158;0;
11642;5197606;1183481856;13156352;1325596672;0;0;0;0;0;0;0;0;0;0;0;2976;0;0;126;0;158;0;
11643;7340123;1183481856;13156352;1325596672;0;0;0;0;0;0;0;0;0;0;0;3116;0;0;126;0;158;0;
11644;4817413;1183481856;13156352;1325596672;0;0;0;0;0;0;0;0;0;0;0;3076;0;0;126;0;158;0;
11645;7715276;1183481856;13160448;1325600768;0;0;0;0;0;0;0;0;0;0;0;3487;0;0;126;0;158;0;
11646;4548449;1183481856;13164544;1325604864;0;0;0;0;0;0;0;0;0;0;0;2985;0;0;126;0;158;0;
11647;5456782;1186111488;18571264;1331011584;0;0;0;0;0;0;0;0;0;0;0;2043;0;0;126;0;158;0;
11648;4369463;1188208640;18571264;1331011584;0;0;0;0;0;0;0;0;0;0;0;2875;0;0;126;0;158;0;
11649;5924659;1188208640;18571264;1331011584;0;0;0;0;0;0;0;0;0;0;0;1613;0;0;126;0;158;0;
11650;3520932;1188208640;18571264;1331011584;0;0;0;0;0;0;0;0;0;0;0;3196;0;0;126;0;158;0;
11651;4114304;1188208640;18571264;1331011584;0;0;0;0;0;0;0;0;0;0;0;1674;0;0;126;0;158;0;
11652;3843917;1188413440;18563072;1331003392;0;0;0;0;0;0;0;0;0;0;0;3737;0;0;126;0;158;0;
11653;4854131;1188413440;18563072;1331003392;0;0;0;0;0;0;0;0;0;0;0;2234;0;0;126;0;158;0;
11654;2659176;1188413440;18563072;1331003392;0;0;0;0;0;0;0;0;0;0;0;3427;0;0;126;0;158;0;
11655;4066555;1188413440;18563072;1331003392;0;0;0;0;0;0;0;0;0;0;0;1884;0;0;126;0;158;0;
11656;4325921;1188413440;18563072;1331003392;0;0;0;0;0;0;0;0;0;0;0;3236;0;0;126;0;158;0;
11657;5772123;1188413440;18563072;1331003392;0;0;0;0;0;0;0;0;0;0;0;1943;0;0;126;0;158;0;
11658;4062868;1188413440;18563072;1331003392;0;0;0;0;0;0;0;0;0;0;0;3387;0;0;126;0;158;0;
11659;4423775;1188413440;18563072;1331003392;0;0;0;0;0;0;0;0;0;0;0;2735;0;0;126;0;158;0;
11660;7721298;1188413440;18563072;1331003392;0;0;0;0;0;0;0;0;0;0;0;3456;0;0;126;0;158;0;
11661;6271630;1188413440;18563072;1331003392;0;0;0;0;0;0;0;0;0;0;0;1894;0;0;126;0;158;0;
11662;5757856;1188413440;18563072;1331003392;0;0;0;0;0;0;0;0;0;0;0;3898;0;0;126;0;158;0;
11663;6386345;1188413440;18563072;1331003392;0;0;0;0;0;0;0;0;0;0;0;2054;0;0;126;0;158;0;
11664;5238703;1183494144;13156352;1325596672;0;0;0;0;0;0;0;0;0;0;0;3457;0;0;126;0;158;0;
11665;7485736;1183494144;13156352;1325596672;0;0;0;0;0;0;0;0;0;0;0;1643;0;0;126;0;158;0;
11666;4781636;1183494144;13156352;1325596672;0;0;0;0;0;0;0;0;0;0;0;3246;0;0;126;0;158;0;
11667;7447244;1183494144;13156352;1325596672;0;0;0;0;0;0;0;0;0;0;0;3126;0;0;126;0;158;0;
11668;8457167;1183494144;13156352;1325596672;0;0;0;0;0;0;0;0;0;0;0;5971;0;0;126;0;158;0;
11669;6576351;1183494144;13156352;1325596672;0;0;0;0;0;0;0;0;0;0;0;2064;0;0;126;0;158;0;
11670;7916364;1183494144;13156352;1325596672;0;0;0;0;0;0;0;0;0;0;0;3106;0;0;126;0;158;0;
11671;6301827;1183494144;13156352;1325596672;0;0;0;0;0;0;0;0;0;0;0;1924;0;0;126;0;158;0;
11672;5438658;1183494144;13156352;1325596672;0;0;0;0;0;0;0;0;0;0;0;3947;0;0;126;0;158;0;
11673;4481393;1183494144;13156352;1325596672;0;0;0;0;0;0;0;0;0;0;0;2425;0;0;126;0;158;0;
11674;6204624;1183494144;13156352;1325596672;0;0;0;0;0;0;0;0;0;0;0;5801;0;0;126;0;158;0;
11675;5099422;1183494144;13156352;1325596672;0;0;0;0;0;0;0;0;0;0;0;1964;0;0;126;0;158;0;
11676;4186399;1183494144;13156352;1325596672;0;0;0;0;0;0;0;0;0;0;0;3657;0;0;126;0;158;0;
11677;4523522;1186123776;18563072;1331003392;0;0;0;0;0;0;0;0;0;0;0;2485;0;0;126;0;158;0;
11678;5675071;1188220928;18563072;1331003392;0;0;0;0;0;0;0;0;0;0;0;2845;0;0;126;0;158;0;
11679;4883377;1188220928;18563072;1331003392;0;0;0;0;0;0;0;0;0;0;0;1943;0;0;126;0;158;0;
11680;7055649;1188220928;18563072;1331003392;0;0;0;0;0;0;0;0;0;0;0;3687;0;0;126;0;158;0;
11681;8830227;1188220928;18563072;1331003392;0;0;0;0;0;0;0;0;0;0;0;3075;0;0;126;0;158;0;
11682;4677961;1188220928;18563072;1331003392;0;0;0;0;0;0;0;0;0;0;0;3446;0;0;126;0;158;0;
11683;6405330;1188220928;18563072;1331003392;0;0;0;0;0;0;0;0;0;0;0;1452;0;0;126;0;158;0;
11684;4019236;1188220928;18563072;1331003392;0;0;0;0;0;0;0;0;0;0;0;3016;0;0;126;0;158;0;
11685;6424958;1188220928;18563072;1331003392;0;0;0;0;0;0;0;0;0;0;0;1683;0;0;126;0;158;0;
11686;4232035;1183506432;13156352;1325596672;0;0;0;0;0;0;0;0;0;0;0;3416;0;0;126;0;158;0;
11687;6744536;1183506432;13156352;1325596672;0;0;0;0;0;0;0;0;0;0;0;1823;0;0;126;0;158;0;
11688;4464732;1183506432;13156352;1325596672;0;0;0;0;0;0;0;0;0;0;0;3326;0;0;126;0;158;0;
11689;6960471;1183506432;13156352;1325596672;0;0;0;0;0;0;0;0;0;0;0;2525;0;0;126;0;158;0;
11690;5379436;1183506432;13156352;1325596672;0;0;0;0;0;0;0;0;0;0;0;3075;0;0;126;0;158;0;
11691;6863640;1183506432;13156352;1325596672;0;0;0;0;0;0;0;0;0;0;0;1854;0;0;126;0;158;0;
11692;3599179;1183506432;13156352;1325596672;0;0;0;0;0;0;0;0;0;0;0;3236;0;0;126;0;158;0;
11693;6969157;1183506432;13156352;1325596672;0;0;0;0;0;0;0;0;0;0;0;2023;0;0;126;0;158;0;
11694;4726222;1183506432;13156352;1325596672;0;0;0;0;0;0;0;0;0;0;0;3687;0;0;126;0;158;0;
11695;8203833;1183506432;13156352;1325596672;0;0;0;0;0;0;0;0;0;0;0;3507;0;0;126;0;158;0;
11696;6391454;1183506432;13156352;1325596672;0;0;0;0;0;0;0;0;0;0;0;2936;0;0;126;0;158;0;
11697;6738134;1183506432;13156352;1325596672;0;0;0;0;0;0;0;0;0;0;0;2885;0;0;126;0;158;0;
11698;5887048;1183506432;13156352;1325596672;0;0;0;0;0;0;0;0;0;0;0;3417;0;0;126;0;158;0;
11699;7470668;1183506432;13156352;1325596672;0;0;0;0;0;0;0;0;0;0;0;3226;0;0;126;0;158;0;
11700;6267973;1183506432;13156352;1325596672;0;0;0;0;0;0;0;0;0;0;0;3075;0;0;126;0;158;0;
11701;5527264;1186136064;18563072;1331003392;0;0;0;0;0;0;0;0;0;0;0;2645;0;0;126;0;158;0;
11702;5489193;1188233216;18563072;1331003392;0;0;0;0;0;0;0;0;0;0;0;3818;0;0;126;0;158;0;
11703;7643923;1188233216;18563072;1331003392;0;0;0;0;0;0;0;0;0;0;0;2625;0;0;126;0;158;0;
11704;6563688;1188233216;18563072;1331003392;0;0;0;0;0;0;0;0;0;0;0;3206;0;0;126;0;158;0;
11705;6344957;1188233216;18563072;1331003392;0;0;0;0;0;0;0;0;0;0;0;2454;0;0;126;0;158;0;
11706;5957771;1188233216;18563072;1331003392;0;0;0;0;0;0;0;0;0;0;0;3086;0;0;126;0;158;0;
11707;7705649;1188233216;18563072;1331003392;0;0;0;0;0;0;0;0;0;0;0;2575;0;0;126;0;158;0;
11708;7623615;1188233216;18563072;1331003392;0;0;0;0;0;0;0;0;0;0;0;3126;0;0;126;0;158;0;
11709;7471970;1188233216;18563072;1331003392;0;0;0;0;0;0;0;0;0;0;0;1914;0;0;126;0;158;0;
11710;5901165;1183518720;13156352;1325596672;0;0;0;0;0;0;0;0;0;0;0;3056;0;0;126;0;158;0;
11711;5497499;1183518720;13156352;1325596672;0;0;0;0;0;0;0;0;0;0;0;2104;0;0;126;0;158;0;
11712;5706970;1183518720;13156352;1325596672;0;0;0;0;0;0;0;0;0;0;0;3547;0;0;126;0;158;0;
11713;8570280;1183518720;13156352;1325596672;0;0;0;0;0;0;0;0;0;0;0;3236;0;0;126;0;158;0;
11714;6045625;1183518720;13156352;1325596672;0;0;0;0;0;0;0;0;0;0;0;2905;0;0;126;0;158;0;
11715;8432010;1183518720;13156352;1325596672;0;0;0;0;0;0;0;0;0;0;0;2955;0;0;126;0;158;0;
11716;7560897;1183518720;13156352;1325596672;0;0;0;0;0;0;0;0;0;0;0;3216;0;0;126;0;158;0;
11717;6877185;1183518720;13156352;1325596672;0;0;0;0;0;0;0;0;0;0;0;4459;0;0;126;0;158;0;
11718;7713333;1183518720;13156352;1325596672;0;0;0;0;0;0;0;0;0;0;0;3416;0;0;126;0;158;0;
11719;10427092;1183518720;13156352;1325596672;0;0;0;0;0;0;0;0;0;0;0;2364;0;0;126;0;158;0;
11720;6217308;1183518720;13156352;1325596672;0;0;0;0;0;0;0;0;0;0;0;2575;0;0;126;0;158;0;
11721;6791374;1183518720;13156352;1325596672;0;0;0;0;0;0;0;0;0;0;0;2194;0;0;126;0;158;0;
11722;4822593;1183789056;13156352;1325596672;0;0;0;0;0;0;0;0;0;0;0;3186;0;0;126;0;158;0;
11723;6919835;1186418688;18563072;1331003392;0;0;0;0;0;0;0;0;0;0;0;3937;0;0;126;0;158;0;
11724;7215229;1188515840;18563072;1331003392;0;0;0;0;0;0;0;0;0;0;0;3326;0;0;126;0;158;0;
11725;5770740;1188515840;18563072;1331003392;0;0;0;0;0;0;0;0;0;0;0;1994;0;0;126;0;158;0;
11726;8013305;1188515840;18563072;1331003392;0;0;0;0;0;0;0;0;0;0;0;3015;0;0;126;0;158;0;
11727;8796344;1188515840;18567168;1331007488;0;0;0;0;0;0;0;0;0;0;0;3266;0;0;126;0;158;0;
11728;5478292;1188515840;18571264;1331011584;0;0;0;0;0;0;0;0;0;0;0;3466;0;0;126;0;159;0;
11729;7296291;1188515840;18571264;1331011584;0;0;0;0;0;0;0;0;0;0;0;2064;0;0;126;0;159;0;
11730;5394535;1188515840;18571264;1331011584;0;0;0;0;0;0;0;0;0;0;0;3737;0;0;126;0;159;0;
11731;8360055;1188515840;18571264;1331011584;0;0;0;0;0;0;0;0;0;0;0;2495;0;0;126;0;159;0;
11732;7231369;1183809536;13164544;1325604864;0;0;0;0;0;0;0;0;0;0;0;3567;0;0;126;0;159;0;
11733;8653345;1183809536;13164544;1325604864;0;0;0;0;0;0;0;0;0;0;0;3236;0;0;126;0;159;0;
11734;8743064;1183801344;13156352;1325596672;0;0;0;0;0;0;0;0;0;0;0;4499;0;0;126;0;159;0;
11735;12042049;1183801344;13156352;1325596672;0;0;0;0;0;0;0;0;0;0;0;3296;0;0;126;0;159;0;
11736;6158308;1183801344;13156352;1325596672;0;0;0;0;0;0;0;0;0;0;0;3386;0;0;126;0;159;0;
11737;9750963;1183801344;13156352;1325596672;0;0;0;0;0;0;0;0;0;0;0;3637;0;0;126;0;159;0;
11738;7815104;1183801344;13156352;1325596672;0;0;0;0;0;0;0;0;0;0;0;3476;0;0;126;0;159;0;
11739;12623490;1183801344;13156352;1325596672;0;0;0;0;0;0;0;0;0;0;0;3447;0;0;126;0;159;0;
11740;4731422;1183801344;13156352;1325596672;0;0;0;0;0;0;0;0;0;0;0;2835;0;0;126;0;159;0;
11741;6918593;1183801344;13156352;1325596672;0;0;0;0;0;0;0;0;0;0;0;2305;0;0;126;0;159;0;
11742;8578465;1183801344;13156352;1325596672;0;0;0;0;0;0;0;0;0;0;0;3286;0;0;126;0;159;0;
11743;6020779;1183801344;13156352;1325596672;0;0;0;0;0;0;0;0;0;0;0;2985;0;0;126;0;159;0;
11744;5168371;1183801344;13156352;1325596672;0;0;0;0;0;0;0;0;0;0;0;3005;0;0;126;0;159;0;
11745;8503986;1183801344;13156352;1325596672;0;0;0;0;0;0;0;0;0;0;0;2304;0;0;126;0;159;0;
11746;5581075;1183801344;13156352;1325596672;0;0;0;0;0;0;0;0;0;0;0;3096;0;0;126;0;159;0;
11747;7702572;1186430976;18563072;1331003392;0;0;0;0;0;0;0;0;0;0;0;2925;0;0;126;0;159;0;
11748;4262402;1188528128;18563072;1331003392;0;0;0;0;0;0;0;0;0;0;0;3777;0;0;126;0;159;0;
11749;6145694;1188528128;18563072;1331003392;0;0;0;0;0;0;0;0;0;0;0;1753;0;0;126;0;159;0;
11750;4570530;1188528128;18563072;1331003392;0;0;0;0;0;0;0;0;0;0;0;3056;0;0;126;0;159;0;
11751;6207429;1188528128;18563072;1331003392;0;0;0;0;0;0;0;0;0;0;0;2154;0;0;126;0;159;0;
11752;6064191;1188528128;18563072;1331003392;0;0;0;0;0;0;0;0;0;0;0;3126;0;0;126;0;159;0;
11753;8836429;1188528128;18563072;1331003392;0;0;0;0;0;0;0;0;0;0;0;1924;0;0;126;0;159;0;
11754;4233939;1188528128;18563072;1331003392;0;0;0;0;0;0;0;0;0;0;0;3416;0;0;126;0;159;0;
11755;6806432;1188528128;18563072;1331003392;0;0;0;0;0;0;0;0;0;0;0;1764;0;0;126;0;159;0;
11756;10655649;1183813632;13156352;1325596672;0;0;0;0;0;0;0;0;0;0;0;5621;0;0;126;0;159;0;
11757;11500103;1183813632;13156352;1325596672;0;0;0;0;0;0;0;0;0;0;0;2124;0;0;126;0;159;0;
11758;4296056;1183813632;13156352;1325596672;0;0;0;0;0;0;0;0;0;0;0;3146;0;0;126;0;159;0;
11759;9287425;1183813632;13156352;1325596672;0;0;0;0;0;0;0;0;0;0;0;3517;0;0;126;0;159;0;
11760;5154946;1183813632;13156352;1325596672;0;0;0;0;0;0;0;0;0;0;0;3166;0;0;126;0;159;0;
11761;9304646;1183813632;13156352;1325596672;0;0;0;0;0;0;0;0;0;0;0;2795;0;0;126;0;159;0;
11762;8455154;1183813632;13156352;1325596672;0;0;0;0;0;0;0;0;0;0;0;5330;0;0;126;0;159;0;
11763;8426099;1183813632;13156352;1325596672;0;0;0;0;0;0;0;0;0;0;0;2825;0;0;126;0;159;0;
11764;8665228;1183813632;13156352;1325596672;0;0;0;0;0;0;0;0;0;0;0;3877;0;0;126;0;159;0;
11765;7549065;1183813632;13156352;1325596672;0;0;0;0;0;0;0;0;0;0;0;3988;0;0;126;0;159;0;
11766;6462628;1183813632;13156352;1325596672;0;0;0;0;0;0;0;0;0;0;0;3446;0;0;126;0;159;0;
11767;9195321;1183813632;13156352;1325596672;0;0;0;0;0;0;0;0;0;0;0;3667;0;0;126;0;159;0;
11768;6483638;1183813632;13156352;1325596672;0;0;0;0;0;0;0;0;0;0;0;2995;0;0;126;0;159;0;
11769;6119314;1186443264;18563072;1331003392;0;0;0;0;0;0;0;0;0;0;0;2465;0;0;126;0;159;0;
11770;8294934;1188540416;18563072;1331003392;0;0;0;0;0;0;0;0;0;0;0;3897;0;0;126;0;159;0;
11771;7054868;1188540416;18563072;1331003392;0;0;0;0;0;0;0;0;0;0;0;2715;0;0;126;0;159;0;
11772;8788318;1188540416;18563072;1331003392;0;0;0;0;0;0;0;0;0;0;0;3116;0;0;126;0;159;0;
11773;7257859;1188540416;18563072;1331003392;0;0;0;0;0;0;0;0;0;0;0;2595;0;0;126;0;159;0;
11774;8300825;1188540416;18563072;1331003392;0;0;0;0;0;0;0;0;0;0;0;3186;0;0;126;0;159;0;
11775;7533265;1188540416;18563072;1331003392;0;0;0;0;0;0;0;0;0;0;0;3606;0;0;126;0;159;0;
11776;5784727;1188540416;18563072;1331003392;0;0;0;0;0;0;0;0;0;0;0;2856;0;0;126;0;159;0;
11777;9778956;1188540416;18563072;1331003392;0;0;0;0;0;0;0;0;0;0;0;4228;0;0;126;0;159;0;
11778;7438378;1183825920;13156352;1325596672;0;0;0;0;0;0;0;0;0;0;0;3887;0;0;126;0;159;0;
11779;8247955;1183825920;13156352;1325596672;0;0;0;0;0;0;0;0;0;0;0;3607;0;0;126;0;159;0;
11780;9209438;1184092160;13156352;1325596672;0;0;0;0;0;0;0;0;0;0;0;3968;0;0;126;0;159;0;
11781;9923006;1184092160;13156352;1325596672;0;0;0;0;0;0;0;0;0;0;0;3497;0;0;126;0;161;0;
11782;7159053;1184092160;13156352;1325596672;0;0;0;0;0;0;0;0;0;0;0;3577;0;0;126;0;161;0;
11783;10041358;1184092160;13156352;1325596672;0;0;0;0;0;0;0;0;0;0;0;2976;0;0;126;0;161;0;
11784;7614948;1184092160;13156352;1325596672;0;0;0;0;0;0;0;0;0;0;0;3426;0;0;126;0;161;0;
11785;9349881;1184092160;13156352;1325596672;0;0;0;0;0;0;0;0;0;0;0;3646;0;0;126;0;161;0;
11786;6583234;1184092160;13156352;1325596672;0;0;0;0;0;0;0;0;0;0;0;3036;0;0;126;0;161;0;
11787;8102793;1184092160;13156352;1325596672;0;0;0;0;0;0;0;0;0;0;0;2745;0;0;126;0;161;0;
11788;5333180;1184092160;13156352;1325596672;0;0;0;0;0;0;0;0;0;0;0;3286;0;0;126;0;161;0;
11789;7302923;1184092160;13156352;1325596672;0;0;0;0;0;0;0;0;0;0;0;4048;0;0;126;0;161;0;
11790;8669726;1184092160;13156352;1325596672;0;0;0;0;0;0;0;0;0;0;0;3336;0;0;126;0;161;0;
11791;7883923;1184092160;13156352;1325596672;0;0;0;0;0;0;0;0;0;0;0;3627;0;0;126;0;161;0;
11792;7314394;1184092160;13156352;1325596672;0;0;0;0;0;0;0;0;0;0;0;92253;0;0;126;0;161;0;
11793;9566287;1186721792;18567168;1331007488;0;0;0;0;0;0;0;0;0;0;0;3056;0;0;126;0;161;0;
11794;8309791;1188818944;18571264;1331011584;0;0;0;0;0;0;0;0;0;0;0;3247;0;0;126;0;161;0;
11795;8529614;1188818944;18571264;1331011584;0;0;0;0;0;0;0;0;0;0;0;2374;0;0;126;0;161;0;
11796;9360311;1188818944;18571264;1331011584;0;0;0;0;0;0;0;0;0;0;0;3657;0;0;126;0;161;0;
11797;9849238;1188818944;18571264;1331011584;0;0;0;0;0;0;0;0;0;0;0;3677;0;0;126;0;161;0;
11798;8210114;1188818944;18571264;1331011584;0;0;0;0;0;0;0;0;0;0;0;3687;0;0;126;0;161;0;
11799;9351024;1188818944;18571264;1331011584;0;0;0;0;0;0;0;0;0;0;0;4228;0;0;126;0;161;0;
11800;4960611;1189036032;18563072;1331003392;0;0;0;0;0;0;0;0;0;0;0;3987;0;0;126;0;161;0;
11801;11073704;1189302272;18563072;1331003392;0;0;0;0;0;0;0;0;0;0;0;3567;0;0;126;0;161;0;
11802;9352997;1184370688;13156352;1325596672;0;0;0;0;0;0;0;0;0;0;0;3687;0;0;126;0;162;0;
11803;10573586;1184370688;13156352;1325596672;0;0;0;0;0;0;0;0;0;0;0;3116;0;0;126;0;162;0;
11804;9589511;1184370688;13156352;1325596672;0;0;0;0;0;0;0;0;0;0;0;2955;0;0;126;0;162;0;
11805;8161954;1184370688;13156352;1325596672;0;0;0;0;0;0;0;0;0;0;0;2325;0;0;126;0;162;0;
11806;5575074;1184370688;13156352;1325596672;0;0;0;0;0;0;0;0;0;0;0;3286;0;0;126;0;162;0;
11807;8444183;1184370688;13156352;1325596672;0;0;0;0;0;0;0;0;0;0;0;3026;0;0;126;0;162;0;
11808;6327585;1184370688;13156352;1325596672;0;0;0;0;0;0;0;0;0;0;0;3116;0;0;126;0;162;0;
11809;8439795;1184370688;13156352;1325596672;0;0;0;0;0;0;0;0;0;0;0;2144;0;0;126;0;162;0;
11810;6982042;1184370688;13156352;1325596672;0;0;0;0;0;0;0;0;0;0;0;3105;0;0;126;0;162;0;
11811;10230393;1184370688;13156352;1325596672;0;0;0;0;0;0;0;0;0;0;0;2976;0;0;126;0;162;0;
11812;5453035;1184370688;13156352;1325596672;0;0;0;0;0;0;0;0;0;0;0;3827;0;0;126;0;162;0;
11813;9204659;1184370688;13156352;1325596672;0;0;0;0;0;0;0;0;0;0;0;2986;0;0;126;0;162;0;
11814;7291642;1184370688;13156352;1325596672;0;0;0;0;0;0;0;0;0;0;0;3597;0;0;126;0;162;0;
11815;10686086;1187000320;18563072;1331003392;0;0;0;0;0;0;0;0;0;0;0;3226;0;0;126;0;162;0;
11816;8191740;1189097472;18563072;1331003392;0;0;0;0;0;0;0;0;0;0;0;2886;0;0;126;0;162;0;
11817;9165456;1189097472;18563072;1331003392;0;0;0;0;0;0;0;0;0;0;0;2865;0;0;126;0;162;0;
11818;8056636;1189097472;18563072;1331003392;0;0;0;0;0;0;0;0;0;0;0;3967;0;0;126;0;162;0;
11819;8458851;1189097472;18563072;1331003392;0;0;0;0;0;0;0;0;0;0;0;3306;0;0;126;0;162;0;
11820;5002530;1189097472;18563072;1331003392;0;0;0;0;0;0;0;0;0;0;0;3246;0;0;126;0;162;0;
11821;10278673;1189097472;18563072;1331003392;0;0;0;0;0;0;0;0;0;0;0;3967;0;0;126;0;162;0;
11822;7951910;1189097472;18563072;1331003392;0;0;0;0;0;0;0;0;0;0;0;3527;0;0;126;0;162;0;
11823;9912036;1189097472;18563072;1331003392;0;0;0;0;0;0;0;0;0;0;0;3096;0;0;126;0;162;0;
11824;10474199;1184382976;13156352;1325596672;0;0;0;0;0;0;0;0;0;0;0;3787;0;0;126;0;162;0;
11825;15521393;1184382976;13156352;1325596672;0;0;0;0;0;0;0;0;0;0;0;3397;0;0;126;0;162;0;
11826;6338675;1184382976;13156352;1325596672;0;0;0;0;0;0;0;0;0;0;0;3487;0;0;126;0;162;0;
11827;11404153;1184382976;13156352;1325596672;0;0;0;0;0;0;0;0;0;0;0;2675;0;0;126;0;162;0;
11828;5441313;1184382976;13156352;1325596672;0;0;0;0;0;0;0;0;0;0;0;3226;0;0;126;0;162;0;
11829;6703689;1184382976;13156352;1325596672;0;0;0;0;0;0;0;0;0;0;0;2956;0;0;126;0;162;0;
11830;5809072;1184382976;13156352;1325596672;0;0;0;0;0;0;0;0;0;0;0;3546;0;0;126;0;162;0;
11831;7118658;1184382976;13156352;1325596672;0;0;0;0;0;0;0;0;0;0;0;3266;0;0;126;0;162;0;
11832;5692022;1184382976;13156352;1325596672;0;0;0;0;0;0;0;0;0;0;0;3667;0;0;126;0;162;0;
11833;5239284;1184382976;13156352;1325596672;0;0;0;0;0;0;0;0;0;0;0;2845;0;0;126;0;162;0;
11834;2998562;1184382976;13156352;1325596672;0;0;0;0;0;0;0;0;0;0;0;3056;0;0;126;0;162;0;
11835;4919664;1184382976;13156352;1325596672;0;0;0;0;0;0;0;0;0;0;0;2214;0;0;126;0;162;0;
11836;4440807;1184382976;13156352;1325596672;0;0;0;0;0;0;0;0;0;0;0;3657;0;0;126;0;162;0;
11837;7509560;1184382976;13156352;1325596672;0;0;0;0;0;0;0;0;0;0;0;2254;0;0;126;0;162;0;
11838;8128511;1184382976;13156352;1325596672;0;0;0;0;0;0;0;0;0;0;0;3236;0;0;126;0;162;0;
11839;7319123;1187012608;18563072;1331003392;0;0;0;0;0;0;0;0;0;0;0;2094;0;0;126;0;162;0;
11840;5200161;1189109760;18563072;1331003392;0;0;0;0;0;0;0;0;0;0;0;3887;0;0;126;0;162;0;
11841;4854242;1189109760;18563072;1331003392;0;0;0;0;0;0;0;0;0;0;0;1823;0;0;126;0;162;0;
11842;3912216;1189109760;18563072;1331003392;0;0;0;0;0;0;0;0;0;0;0;3877;0;0;126;0;162;0;
11843;4209633;1189109760;18563072;1331003392;0;0;0;0;0;0;0;0;0;0;0;1994;0;0;126;0;162;0;
11844;3206472;1189109760;18563072;1331003392;0;0;0;0;0;0;0;0;0;0;0;2625;0;0;126;0;162;0;
11845;5655094;1189109760;18563072;1331003392;0;0;0;0;0;0;0;0;0;0;0;2304;0;0;126;0;162;0;
11846;4055925;1189109760;18563072;1331003392;0;0;0;0;0;0;0;0;0;0;0;2845;0;0;126;0;162;0;
11847;5395787;1189109760;18563072;1331003392;0;0;0;0;0;0;0;0;0;0;0;2164;0;0;126;0;162;0;
11848;4468138;1184395264;13156352;1325596672;0;0;0;0;0;0;0;0;0;0;0;3547;0;0;126;0;162;0;
11849;6672792;1184395264;13156352;1325596672;0;0;0;0;0;0;0;0;0;0;0;1483;0;0;126;0;162;0;
11850;4795962;1184395264;13156352;1325596672;0;0;0;0;0;0;0;0;0;0;0;3005;0;0;126;0;162;0;
11851;5652870;1184395264;13156352;1325596672;0;0;0;0;0;0;0;0;0;0;0;1974;0;0;126;0;162;0;
11852;4073158;1184395264;13156352;1325596672;0;0;0;0;0;0;0;0;0;0;0;2925;0;0;126;0;162;0;
11853;4061135;1184395264;13156352;1325596672;0;0;0;0;0;0;0;0;0;0;0;1573;0;0;126;0;162;0;
11854;2235622;1184395264;13156352;1325596672;0;0;0;0;0;0;0;0;0;0;0;2054;0;0;126;0;162;0;
11855;4520987;1184395264;13156352;1325596672;0;0;0;0;0;0;0;0;0;0;0;1423;0;0;126;0;162;0;
11856;4460083;1184395264;13156352;1325596672;0;0;0;0;0;0;0;0;0;0;0;3035;0;0;126;0;162;0;
11857;5598207;1184395264;13156352;1325596672;0;0;0;0;0;0;0;0;0;0;0;1863;0;0;126;0;162;0;
11858;4541025;1184395264;13156352;1325596672;0;0;0;0;0;0;0;0;0;0;0;2705;0;0;126;0;162;0;
11859;6692869;1184395264;13156352;1325596672;0;0;0;0;0;0;0;0;0;0;0;1753;0;0;126;0;162;0;
11860;3820494;1184395264;13156352;1325596672;0;0;0;0;0;0;0;0;0;0;0;3186;0;0;126;0;162;0;
11861;5387612;1187024896;18563072;1331003392;0;0;0;0;0;0;0;0;0;0;0;2024;0;0;126;0;162;0;
11862;2973495;1189122048;18563072;1331003392;0;0;0;0;0;0;0;0;0;0;0;3015;0;0;126;0;162;0;
11863;5267527;1189122048;18563072;1331003392;0;0;0;0;0;0;0;0;0;0;0;2575;0;0;126;0;162;0;
11864;2779853;1189122048;18563072;1331003392;0;0;0;0;0;0;0;0;0;0;0;3507;0;0;126;0;162;0;
11865;4253876;1189122048;18563072;1331003392;0;0;0;0;0;0;0;0;0;0;0;1933;0;0;126;0;162;0;
11866;3724554;1189122048;18563072;1331003392;0;0;0;0;0;0;0;0;0;0;0;3506;0;0;126;0;162;0;
11867;6018395;1189122048;18567168;1331007488;0;0;0;0;0;0;0;0;0;0;0;3707;0;0;126;0;162;0;
11868;3912696;1189122048;18571264;1331011584;0;0;0;0;0;0;0;0;0;0;0;5260;0;0;126;0;162;0;
11869;5101776;1189122048;18571264;1331011584;0;0;0;0;0;0;0;0;0;0;0;2304;0;0;126;0;162;0;
11870;4444584;1189122048;18571264;1331011584;0;0;0;0;0;0;0;0;0;0;0;3817;0;0;126;0;162;0;
11871;6852359;1189122048;18571264;1331011584;0;0;0;0;0;0;0;0;0;0;0;2605;0;0;126;0;162;0;
11872;3272767;1189122048;18571264;1331011584;0;0;0;0;0;0;0;0;0;0;0;3226;0;0;126;0;162;0;
11873;4861025;1189122048;18571264;1331011584;0;0;0;0;0;0;0;0;0;0;0;1924;0;0;126;0;162;0;
11874;4294201;1189339136;18563072;1331003392;0;0;0;0;0;0;0;0;0;0;0;3487;0;0;126;0;162;0;
11875;8559229;1189339136;18563072;1331003392;0;0;0;0;0;0;0;0;0;0;0;3145;0;0;126;0;162;0;
11876;5364990;1189339136;18563072;1331003392;0;0;0;0;0;0;0;0;0;0;0;3206;0;0;126;0;162;0;
11877;7695089;1189339136;18563072;1331003392;0;0;0;0;0;0;0;0;0;0;0;3266;0;0;126;0;162;0;
11878;5391529;1184407552;13156352;1325596672;0;0;0;0;0;0;0;0;0;0;0;3397;0;0;126;0;162;0;
11879;6609934;1184407552;13156352;1325596672;0;0;0;0;0;0;0;0;0;0;0;2665;0;0;126;0;162;0;
11880;7612504;1184407552;13156352;1325596672;0;0;0;0;0;0;0;0;0;0;0;3356;0;0;126;0;162;0;
11881;10012784;1184407552;13156352;1325596672;0;0;0;0;0;0;0;0;0;0;0;3356;0;0;126;0;162;0;
11882;5819251;1184407552;13156352;1325596672;0;0;0;0;0;0;0;0;0;0;0;3497;0;0;126;0;162;0;
11883;6284103;1184407552;13156352;1325596672;0;0;0;0;0;0;0;0;0;0;0;2685;0;0;126;0;162;0;
11884;5067813;1184407552;13156352;1325596672;0;0;0;0;0;0;0;0;0;0;0;3596;0;0;126;0;162;0;
11885;8192371;1187037184;18563072;1331003392;0;0;0;0;0;0;0;0;0;0;0;2935;0;0;126;0;162;0;
11886;3784446;1189134336;18563072;1331003392;0;0;0;0;0;0;0;0;0;0;0;3296;0;0;126;0;162;0;
11887;4682119;1189134336;18563072;1331003392;0;0;0;0;0;0;0;0;0;0;0;2124;0;0;126;0;162;0;
11888;5303775;1189134336;18563072;1331003392;0;0;0;0;0;0;0;0;0;0;0;3586;0;0;126;0;162;0;
11889;5152832;1189134336;18563072;1331003392;0;0;0;0;0;0;0;0;0;0;0;1903;0;0;126;0;162;0;
11890;4010831;1189134336;18563072;1331003392;0;0;0;0;0;0;0;0;0;0;0;3567;0;0;126;0;162;0;
11891;5036824;1189134336;18563072;1331003392;0;0;0;0;0;0;0;0;0;0;0;2144;0;0;126;0;162;0;
11892;3954705;1189134336;18563072;1331003392;0;0;0;0;0;0;0;0;0;0;0;3366;0;0;126;0;162;0;
11893;6507742;1189134336;18563072;1331003392;0;0;0;0;0;0;0;0;0;0;0;3206;0;0;126;0;162;0;
11894;5408712;1184419840;13156352;1325596672;0;0;0;0;0;0;0;0;0;0;0;3095;0;0;126;0;162;0;
11895;6323978;1184419840;13156352;1325596672;0;0;0;0;0;0;0;0;0;0;0;3096;0;0;126;0;162;0;
11896;5960546;1184419840;13156352;1325596672;0;0;0;0;0;0;0;0;0;0;0;3416;0;0;126;0;162;0;
11897;7650816;1184419840;13156352;1325596672;0;0;0;0;0;0;0;0;0;0;0;2585;0;0;126;0;162;0;
11898;4672110;1184419840;13156352;1325596672;0;0;0;0;0;0;0;0;0;0;0;2845;0;0;126;0;162;0;
11899;5735244;1184419840;13156352;1325596672;0;0;0;0;0;0;0;0;0;0;0;2555;0;0;126;0;162;0;
11900;4322915;1184419840;13156352;1325596672;0;0;0;0;0;0;0;0;0;0;0;3497;0;0;126;0;162;0;
11901;7082209;1184419840;13156352;1325596672;0;0;0;0;0;0;0;0;0;0;0;2325;0;0;126;0;162;0;
11902;3920722;1184419840;13156352;1325596672;0;0;0;0;0;0;0;0;0;0;0;3386;0;0;126;0;162;0;
11903;11961418;1184419840;13156352;1325596672;0;0;0;0;0;0;0;0;0;0;0;2454;0;0;126;0;162;0;
11904;5231970;1184419840;13156352;1325596672;0;0;0;0;0;0;0;0;0;0;0;2926;0;0;126;0;162;0;
11905;8936296;1184419840;13156352;1325596672;0;0;0;0;0;0;0;0;0;0;0;2875;0;0;126;0;162;0;
11906;5333270;1184419840;13156352;1325596672;0;0;0;0;0;0;0;0;0;0;0;3416;0;0;126;0;162;0;
11907;7651847;1187049472;18563072;1331003392;0;0;0;0;0;0;0;0;0;0;0;3316;0;0;126;0;162;0;
11908;5221110;1189146624;18563072;1331003392;0;0;0;0;0;0;0;0;0;0;0;3747;0;0;126;0;162;0;
11909;6210244;1189146624;18563072;1331003392;0;0;0;0;0;0;0;0;0;0;0;2515;0;0;126;0;162;0;
11910;6580388;1189146624;18563072;1331003392;0;0;0;0;0;0;0;0;0;0;0;3697;0;0;126;0;162;0;
11911;6213971;1189146624;18563072;1331003392;0;0;0;0;0;0;0;0;0;0;0;2875;0;0;126;0;162;0;
11912;5664502;1189146624;18563072;1331003392;0;0;0;0;0;0;0;0;0;0;0;3607;0;0;126;0;162;0;
11913;6870853;1189146624;18563072;1331003392;0;0;0;0;0;0;0;0;0;0;0;3035;0;0;126;0;162;0;
11914;6656511;1189146624;18563072;1331003392;0;0;0;0;0;0;0;0;0;0;0;3897;0;0;126;0;162;0;
11915;6939532;1189146624;18563072;1331003392;0;0;0;0;0;0;0;0;0;0;0;3577;0;0;126;0;162;0;
11916;4233618;1184432128;13156352;1325596672;0;0;0;0;0;0;0;0;0;0;0;3135;0;0;126;0;162;0;
11917;6955912;1184432128;13156352;1325596672;0;0;0;0;0;0;0;0;0;0;0;2665;0;0;126;0;162;0;
11918;5230067;1184432128;13156352;1325596672;0;0;0;0;0;0;0;0;0;0;0;4047;0;0;126;0;162;0;
11919;7197616;1184432128;13156352;1325596672;0;0;0;0;0;0;0;0;0;0;0;3447;0;0;126;0;162;0;
11920;4939582;1184432128;13156352;1325596672;0;0;0;0;0;0;0;0;0;0;0;3326;0;0;126;0;162;0;
11921;7508238;1184432128;13156352;1325596672;0;0;0;0;0;0;0;0;0;0;0;2985;0;0;126;0;162;0;
11922;4157746;1184432128;13156352;1325596672;0;0;0;0;0;0;0;0;0;0;0;3517;0;0;126;0;162;0;
11923;7648882;1184432128;13156352;1325596672;0;0;0;0;0;0;0;0;0;0;0;2946;0;0;126;0;162;0;
11924;4339687;1184432128;13156352;1325596672;0;0;0;0;0;0;0;0;0;0;0;3437;0;0;126;0;162;0;
11925;5282685;1184432128;13156352;1325596672;0;0;0;0;0;0;0;0;0;0;0;2344;0;0;126;0;162;0;
11926;4402465;1184432128;13156352;1325596672;0;0;0;0;0;0;0;0;0;0;0;3576;0;0;126;0;162;0;
11927;6403056;1184432128;13156352;1325596672;0;0;0;0;0;0;0;0;0;0;0;3096;0;0;126;0;162;0;
11928;6074009;1184432128;13156352;1325596672;0;0;0;0;0;0;0;0;0;0;0;3547;0;0;126;0;162;0;
11929;6756159;1184432128;13156352;1325596672;0;0;0;0;0;0;0;0;0;0;0;2304;0;0;126;0;162;0;
11930;5092710;1184432128;13156352;1325596672;0;0;0;0;0;0;0;0;0;0;0;3176;0;0;126;0;162;0;
11931;6530685;1187061760;18563072;1331003392;0;0;0;0;0;0;0;0;0;0;0;2735;0;0;126;0;162;0;
11932;5648351;1189158912;18563072;1331003392;0;0;0;0;0;0;0;0;0;0;0;3306;0;0;126;0;162;0;
11933;7916785;1189158912;18563072;1331003392;0;0;0;0;0;0;0;0;0;0;0;3216;0;0;126;0;162;0;
11934;4176521;1189158912;18563072;1331003392;0;0;0;0;0;0;0;0;0;0;0;3065;0;0;126;0;162;0;
11935;7392872;1189158912;18563072;1331003392;0;0;0;0;0;0;0;0;0;0;0;2766;0;0;126;0;162;0;
11936;6188444;1189158912;18563072;1331003392;0;0;0;0;0;0;0;0;0;0;0;3387;0;0;126;0;162;0;
11937;8097664;1189158912;18563072;1331003392;0;0;0;0;0;0;0;0;0;0;0;2484;0;0;126;0;162;0;
11938;5184441;1189158912;18563072;1331003392;0;0;0;0;0;0;0;0;0;0;0;3066;0;0;126;0;162;0;
11939;6233358;1189158912;18563072;1331003392;0;0;0;0;0;0;0;0;0;0;0;2375;0;0;126;0;162;0;
11940;5656977;1184444416;13156352;1325596672;0;0;0;0;0;0;0;0;0;0;0;132789;0;0;126;0;162;0;
11941;7764529;1184444416;13156352;1325596672;0;0;0;0;0;0;0;0;0;0;0;2845;0;0;126;0;162;0;
11942;6103564;1184444416;13160448;1325600768;0;0;0;0;0;0;0;0;0;0;0;4167;0;0;126;0;162;0;
11943;7035351;1184444416;13160448;1325600768;0;0;0;0;0;0;0;0;0;0;0;3256;0;0;126;0;162;0;
11944;6839866;1184444416;13160448;1325600768;0;0;0;0;0;0;0;0;0;0;0;3346;0;0;126;0;162;0;
11945;7191444;1184444416;13160448;1325600768;0;0;0;0;0;0;0;0;0;0;0;5330;0;0;126;0;162;0;
11946;8131296;1184444416;13160448;1325600768;0;0;0;0;0;0;0;0;0;0;0;3396;0;0;126;0;162;0;
11947;6840176;1184444416;13160448;1325600768;0;0;0;0;0;0;0;0;0;0;0;2224;0;0;126;0;162;0;
11948;4422683;1184444416;13156352;1325596672;0;0;0;0;0;0;0;0;0;0;0;2675;0;0;126;0;162;0;
11949;7752376;1184444416;13156352;1325596672;0;0;0;0;0;0;0;0;0;0;0;2475;0;0;126;0;162;0;
11950;5418641;1184444416;13156352;1325596672;0;0;0;0;0;0;0;0;0;0;0;2795;0;0;126;0;162;0;
11951;6505198;1184444416;13156352;1325596672;0;0;0;0;0;0;0;0;0;0;0;2134;0;0;126;0;162;0;
11952;6151294;1184444416;13156352;1325596672;0;0;0;0;0;0;0;0;0;0;0;3787;0;0;126;0;162;0;
11953;6375274;1187074048;18563072;1331003392;0;0;0;0;0;0;0;0;0;0;0;2695;0;0;126;0;162;0;
11954;8433533;1189171200;18563072;1331003392;0;0;0;0;0;0;0;0;0;0;0;3236;0;0;126;0;162;0;
11955;7502718;1189171200;18563072;1331003392;0;0;0;0;0;0;0;0;0;0;0;2725;0;0;126;0;162;0;
11956;8865093;1189171200;18563072;1331003392;0;0;0;0;0;0;0;0;0;0;0;3236;0;0;126;0;162;0;
11957;8993273;1189171200;18563072;1331003392;0;0;0;0;0;0;0;0;0;0;0;2735;0;0;126;0;162;0;
11958;9367103;1189171200;18563072;1331003392;0;0;0;0;0;0;0;0;0;0;0;3286;0;0;126;0;162;0;
11959;8244920;1189171200;18563072;1331003392;0;0;0;0;0;0;0;0;0;0;0;130654;0;0;126;0;162;0;
11960;8446999;1189171200;18567168;1331007488;0;0;0;0;0;0;0;0;0;0;0;3527;0;0;126;0;162;0;
11961;10727986;1189171200;18567168;1331007488;0;0;0;0;0;0;0;0;0;0;0;3226;0;0;126;0;162;0;
11962;5758698;1184460800;13160448;1325600768;0;0;0;0;0;0;0;0;0;0;0;3025;0;0;126;0;162;0;
11963;9033118;1184460800;13160448;1325600768;0;0;0;0;0;0;0;0;0;0;0;3166;0;0;126;0;162;0;
11964;11514841;1184460800;13160448;1325600768;0;0;0;0;0;0;0;0;0;0;0;3937;0;0;126;0;162;0;
11965;9784416;1184460800;13160448;1325600768;0;0;0;0;0;0;0;0;0;0;0;3757;0;0;126;0;162;0;
11966;8740579;1184456704;13156352;1325596672;0;0;0;0;0;0;0;0;0;0;0;3297;0;0;126;0;162;0;
11967;9943955;1184456704;13156352;1325596672;0;0;0;0;0;0;0;0;0;0;0;3126;0;0;126;0;162;0;
11968;5700669;1184452608;13152256;1325592576;0;0;0;0;0;0;0;0;0;0;0;2906;0;0;126;0;162;0;
11969;8481463;1184452608;13152256;1325592576;0;0;0;0;0;0;0;0;0;0;0;3266;0;0;126;0;162;0;
11970;7577979;1184452608;13152256;1325592576;0;0;0;0;0;0;0;0;0;0;0;3467;0;0;126;0;162;0;
11971;10036850;1184452608;13152256;1325592576;0;0;0;0;0;0;0;0;0;0;0;3768;0;0;126;0;162;0;
11972;6514415;1184452608;13152256;1325592576;0;0;0;0;0;0;0;0;0;0;0;3536;0;0;126;0;162;0;
11973;6948569;1184452608;13152256;1325592576;0;0;0;0;0;0;0;0;0;0;0;3606;0;0;126;0;162;0;
11974;7369608;1184452608;13152256;1325592576;0;0;0;0;0;0;0;0;0;0;0;2685;0;0;126;0;162;0;
11975;8597270;1184452608;13152256;1325592576;0;0;0;0;0;0;0;0;0;0;0;3146;0;0;126;0;162;0;
11976;6548970;1184452608;13152256;1325592576;0;0;0;0;0;0;0;0;0;0;0;3907;0;0;126;0;162;0;
11977;10547697;1187082240;18558976;1330999296;0;0;0;0;0;0;0;0;0;0;0;4018;0;0;126;0;162;0;
11978;5487580;1189179392;18558976;1330999296;0;0;0;0;0;0;0;0;0;0;0;3036;0;0;126;0;162;0;
11979;14673704;1189179392;18558976;1330999296;0;0;0;0;0;0;0;0;0;0;0;4157;0;0;126;0;162;0;
11980;9463605;1189720064;18558976;1330999296;0;0;0;0;0;0;0;0;0;0;0;3957;0;0;126;0;162;0;
11981;11105523;1189720064;18558976;1330999296;0;0;0;0;0;0;0;0;0;0;0;177393;0;0;126;0;162;0;
11982;8936727;1189720064;18563072;1331003392;0;0;0;0;0;0;0;0;0;0;0;3977;0;0;126;0;162;0;
11983;12018415;1189720064;18563072;1331003392;0;0;0;0;0;0;0;0;0;0;0;3827;0;0;126;0;162;0;
11984;8842339;1189720064;18563072;1331003392;0;0;0;0;0;0;0;0;0;0;0;3336;0;0;126;0;162;0;
11985;9216902;1189720064;18563072;1331003392;0;0;0;0;0;0;0;0;0;0;0;2655;0;0;126;0;162;0;
11986;7710287;1185009664;13156352;1325596672;0;0;0;0;0;0;0;0;0;0;0;3257;0;0;126;0;162;0;
11987;9935129;1185009664;13156352;1325596672;0;0;0;0;0;0;0;0;0;0;0;2936;0;0;126;0;162;0;
11988;10080221;1185009664;13156352;1325596672;0;0;0;0;0;0;0;0;0;0;0;2856;0;0;126;0;162;0;
11989;21380049;1185009664;13156352;1325596672;0;0;0;0;0;0;0;0;0;0;0;3306;0;0;126;0;162;0;
11990;18239971;1185005568;13152256;1325592576;0;0;0;0;0;0;0;0;0;0;0;3496;0;0;126;0;162;0;
11991;12964759;1185005568;13152256;1325592576;0;0;0;0;0;0;0;0;0;0;0;4008;0;0;126;0;162;0;
11992;8201098;1185005568;13152256;1325592576;0;0;0;0;0;0;0;0;0;0;0;3627;0;0;126;0;162;0;
11993;12937399;1185005568;13152256;1325592576;0;0;0;0;0;0;0;0;0;0;0;3997;0;0;126;0;162;0;
11994;10376266;1185005568;13152256;1325592576;0;0;0;0;0;0;0;0;0;0;0;3897;0;0;126;0;162;0;
11995;9266135;1185005568;13152256;1325592576;0;0;0;0;0;0;0;0;0;0;0;3065;0;0;126;0;162;0;
11996;9773716;1185005568;13152256;1325592576;0;0;0;0;0;0;0;0;0;0;0;3937;0;0;126;0;162;0;
11997;11284088;1185005568;13152256;1325592576;0;0;0;0;0;0;0;0;0;0;0;3216;0;0;126;0;162;0;
11998;7917757;1185005568;13152256;1325592576;0;0;0;0;0;0;0;0;0;0;0;3808;0;0;126;0;162;0;
11999;9244975;1187635200;18558976;1330999296;0;0;0;0;0;0;0;0;0;0;0;3617;0;0;126;0;162;0;
12000;8088746;1189732352;18558976;1330999296;0;0;0;0;0;0;0;0;0;0;0;3757;0;0;126;0;162;0;
12001;8961664;1189732352;18558976;1330999296;0;0;0;0;0;0;0;0;0;0;0;2826;0;0;126;0;162;0;
12002;8704842;1189732352;18558976;1330999296;0;0;0;0;0;0;0;0;0;0;0;3917;0;0;126;0;162;0;
12003;9833659;1189732352;18558976;1330999296;0;0;0;0;0;0;0;0;0;0;0;3206;0;0;126;0;162;0;
12004;9980905;1189732352;18558976;1330999296;0;0;0;0;0;0;0;0;0;0;0;3357;0;0;126;0;162;0;
12005;10528060;1189732352;18558976;1330999296;0;0;0;0;0;0;0;0;0;0;0;3407;0;0;126;0;162;0;
12006;7436814;1189732352;18558976;1330999296;0;0;0;0;0;0;0;0;0;0;0;3206;0;0;126;0;162;0;
12007;10725551;1189732352;18558976;1330999296;0;0;0;0;0;0;0;0;0;0;0;4579;0;0;126;0;162;0;
12008;6229791;1185017856;13152256;1325592576;0;0;0;0;0;0;0;0;0;0;0;4148;0;0;126;0;162;0;
12009;10471895;1185017856;13152256;1325592576;0;0;0;0;0;0;0;0;0;0;0;3236;0;0;126;0;162;0;
12010;7847244;1185017856;13152256;1325592576;0;0;0;0;0;0;0;0;0;0;0;4028;0;0;126;0;162;0;
12011;11271745;1185017856;13152256;1325592576;0;0;0;0;0;0;0;0;0;0;0;3787;0;0;126;0;162;0;
12012;9721368;1185017856;13152256;1325592576;0;0;0;0;0;0;0;0;0;0;0;3015;0;0;126;0;162;0;
12013;17440732;1185017856;13152256;1325592576;0;0;0;0;0;0;0;0;0;0;0;3376;0;0;126;0;162;0;
12014;9918838;1185017856;13152256;1325592576;0;0;0;0;0;0;0;0;0;0;0;3256;0;0;126;0;162;0;
12015;11596524;1185017856;13152256;1325592576;0;0;0;0;0;0;0;0;0;0;0;4398;0;0;126;0;162;0;
12016;9243572;1185017856;13152256;1325592576;0;0;0;0;0;0;0;0;0;0;0;3587;0;0;126;0;162;0;
12017;10642736;1185017856;13152256;1325592576;0;0;0;0;0;0;0;0;0;0;0;4338;0;0;126;0;164;0;
12018;9132864;1185017856;13152256;1325592576;0;0;0;0;0;0;0;0;0;0;0;3908;0;0;126;0;164;0;
12019;12257874;1185017856;13152256;1325592576;0;0;0;0;0;0;0;0;0;0;0;3427;0;0;126;0;164;0;
12020;11523157;1185017856;13152256;1325592576;0;0;0;0;0;0;0;0;0;0;0;4388;0;0;126;0;164;0;
12021;12247846;1187647488;18558976;1330999296;0;0;0;0;0;0;0;0;0;0;0;3196;0;0;126;0;164;0;
12022;9235868;1189744640;18558976;1330999296;0;0;0;0;0;0;0;0;0;0;0;3337;0;0;126;0;164;0;
12023;13509922;1189744640;18558976;1330999296;0;0;0;0;0;0;0;0;0;0;0;4018;0;0;126;0;165;0;
12024;8873207;1189744640;18558976;1330999296;0;0;0;0;0;0;0;0;0;0;0;3837;0;0;126;0;165;0;
12025;14218350;1189744640;18558976;1330999296;0;0;0;0;0;0;0;0;0;0;0;3296;0;0;126;0;165;0;
12026;10357501;1189744640;18558976;1330999296;0;0;0;0;0;0;0;0;0;0;0;4218;0;0;126;0;165;0;
12027;11784947;1189744640;18558976;1330999296;0;0;0;0;0;0;0;0;0;0;0;3256;0;0;126;0;165;0;
12028;8259236;1189744640;18558976;1330999296;0;0;0;0;0;0;0;0;0;0;0;3516;0;0;126;0;165;0;
12029;11111955;1189744640;18558976;1330999296;0;0;0;0;0;0;0;0;0;0;0;3526;0;0;126;0;165;0;
12030;9630287;1185030144;13152256;1325592576;0;0;0;0;0;0;0;0;0;0;0;4008;0;0;126;0;165;0;
12031;10892354;1185030144;13152256;1325592576;0;0;0;0;0;0;0;0;0;0;0;3346;0;0;126;0;165;0;
12032;8949510;1185030144;13152256;1325592576;0;0;0;0;0;0;0;0;0;0;0;4128;0;0;126;0;165;0;
12033;17659393;1185030144;13152256;1325592576;0;0;0;0;0;0;0;0;0;0;0;4048;0;0;126;0;165;0;
12034;17342539;1185030144;13152256;1325592576;0;0;0;0;0;0;0;0;0;0;0;3817;0;0;126;0;165;0;
12035;8010680;1185030144;13152256;1325592576;0;0;0;0;0;0;0;0;0;0;0;4629;0;0;126;0;165;0;
12036;10596088;1185030144;13152256;1325592576;0;0;0;0;0;0;0;0;0;0;0;4919;0;0;126;0;168;0;
12037;12017163;1185030144;13152256;1325592576;0;0;0;0;0;0;0;0;0;0;0;4289;0;0;126;0;168;0;
12038;9155688;1185030144;13152256;1325592576;0;0;0;0;0;0;0;0;0;0;0;3136;0;0;126;0;168;0;
12039;12813346;1185030144;13152256;1325592576;0;0;0;0;0;0;0;0;0;0;0;3286;0;0;126;0;168;0;
12040;10252374;1185030144;13152256;1325592576;0;0;0;0;0;0;0;0;0;0;0;3947;0;0;126;0;168;0;
12041;13517136;1185030144;13152256;1325592576;0;0;0;0;0;0;0;0;0;0;0;4679;0;0;126;0;168;0;
12042;9327269;1185030144;13152256;1325592576;0;0;0;0;0;0;0;0;0;0;0;3727;0;0;126;0;168;0;
12043;11282034;1185030144;13152256;1325592576;0;0;0;0;0;0;0;0;0;0;0;3727;0;0;126;0;168;0;
12044;11556910;1185030144;13152256;1325592576;0;0;0;0;0;0;0;0;0;0;0;3517;0;0;126;0;168;0;
12045;11487370;1187659776;18558976;1330999296;0;0;0;0;0;0;0;0;0;0;0;3787;0;0;126;0;168;0;
12046;10611837;1189756928;18558976;1330999296;0;0;0;0;0;0;0;0;0;0;0;3627;0;0;126;0;168;0;
12047;14560742;1189756928;18558976;1330999296;0;0;0;0;0;0;0;0;0;0;0;3607;0;0;126;0;168;0;
12048;10629009;1189756928;18558976;1330999296;0;0;0;0;0;0;0;0;0;0;0;3156;0;0;126;0;168;0;
12049;12675627;1189756928;18558976;1330999296;0;0;0;0;0;0;0;0;0;0;0;3076;0;0;126;0;168;0;
12050;11541922;1189756928;18558976;1330999296;0;0;0;0;0;0;0;0;0;0;0;3757;0;0;126;0;168;0;
12051;13227141;1189756928;18558976;1330999296;0;0;0;0;0;0;0;0;0;0;0;3496;0;0;126;0;168;0;
12052;10796634;1189756928;18558976;1330999296;0;0;0;0;0;0;0;0;0;0;0;5130;0;0;126;0;168;0;
12053;10292449;1189756928;18558976;1330999296;0;0;0;0;0;0;0;0;0;0;0;2995;0;0;126;0;168;0;
12054;8469601;1185042432;13152256;1325592576;0;0;0;0;0;0;0;0;0;0;0;3627;0;0;126;0;168;0;
12055;11417579;1185042432;13152256;1325592576;0;0;0;0;0;0;0;0;0;0;0;3897;0;0;126;0;168;0;
12056;10753523;1185042432;13152256;1325592576;0;0;0;0;0;0;0;0;0;0;0;3737;0;0;126;0;168;0;
12057;11834180;1185042432;13152256;1325592576;0;0;0;0;0;0;0;0;0;0;0;3236;0;0;126;0;168;0;
12058;10085832;1185042432;13152256;1325592576;0;0;0;0;0;0;0;0;0;0;0;3847;0;0;126;0;168;0;
12059;12188424;1185042432;13152256;1325592576;0;0;0;0;0;0;0;0;0;0;0;3096;0;0;126;0;168;0;
12060;9082971;1185042432;13152256;1325592576;0;0;0;0;0;0;0;0;0;0;0;4228;0;0;126;0;168;0;
12061;11637751;1185042432;13152256;1325592576;0;0;0;0;0;0;0;0;0;0;0;3557;0;0;126;0;168;0;
12062;4536597;1185042432;13152256;1325592576;0;0;0;0;0;0;0;0;0;0;0;5730;0;0;126;0;168;0;
12063;8969969;1185042432;13152256;1325592576;0;0;0;0;0;0;0;0;0;0;0;3176;0;0;126;0;168;0;
12064;11260855;1185042432;13152256;1325592576;0;0;0;0;0;0;0;0;0;0;0;3847;0;0;126;0;168;0;
12065;11301240;1185042432;13152256;1325592576;0;0;0;0;0;0;0;0;0;0;0;3868;0;0;126;0;168;0;
12066;8806223;1185042432;13152256;1325592576;0;0;0;0;0;0;0;0;0;0;0;3887;0;0;126;0;168;0;
12067;10406883;1187672064;18558976;1330999296;0;0;0;0;0;0;0;0;0;0;0;2795;0;0;126;0;168;0;
12068;8164488;1189769216;18558976;1330999296;0;0;0;0;0;0;0;0;0;0;0;2735;0;0;126;0;168;0;
12069;9418490;1189769216;18558976;1330999296;0;0;0;0;0;0;0;0;0;0;0;3287;0;0;126;0;168;0;
12070;4600736;1189769216;18558976;1330999296;0;0;0;0;0;0;0;0;0;0;0;3306;0;0;126;0;168;0;
12071;6126398;1189769216;18558976;1330999296;0;0;0;0;0;0;0;0;0;0;0;2575;0;0;126;0;168;0;
12072;5091927;1189769216;18558976;1330999296;0;0;0;0;0;0;0;0;0;0;0;2906;0;0;126;0;168;0;
12073;7288266;1189769216;18558976;1330999296;0;0;0;0;0;0;0;0;0;0;0;2184;0;0;126;0;168;0;
12074;4824025;1189769216;18558976;1330999296;0;0;0;0;0;0;0;0;0;0;0;4058;0;0;126;0;169;0;
12075;9013681;1189769216;18558976;1330999296;0;0;0;0;0;0;0;0;0;0;0;2164;0;0;126;0;169;0;
12076;5212925;1185054720;13152256;1325592576;0;0;0;0;0;0;0;0;0;0;0;3276;0;0;126;0;169;0;
12077;7790347;1185054720;13152256;1325592576;0;0;0;0;0;0;0;0;0;0;0;2725;0;0;126;0;169;0;
12078;8693872;1185054720;13152256;1325592576;0;0;0;0;0;0;0;0;0;0;0;3837;0;0;126;0;169;0;
12079;8894157;1185054720;13152256;1325592576;0;0;0;0;0;0;0;0;0;0;0;4478;0;0;126;0;169;0;
12080;5858615;1185054720;13152256;1325592576;0;0;0;0;0;0;0;0;0;0;0;3036;0;0;126;0;169;0;
12081;7084424;1185054720;13152256;1325592576;0;0;0;0;0;0;0;0;0;0;0;4568;0;0;126;0;169;0;
12082;7441253;1185054720;13152256;1325592576;0;0;0;0;0;0;0;0;0;0;0;3506;0;0;126;0;169;0;
12083;9518758;1185054720;13152256;1325592576;0;0;0;0;0;0;0;0;0;0;0;3426;0;0;126;0;169;0;
12084;8244118;1185054720;13152256;1325592576;0;0;0;0;0;0;0;0;0;0;0;3597;0;0;126;0;169;0;
12085;11804314;1185054720;13152256;1325592576;0;0;0;0;0;0;0;0;0;0;0;3447;0;0;126;0;169;0;
12086;8944602;1185054720;13152256;1325592576;0;0;0;0;0;0;0;0;0;0;0;3807;0;0;126;0;169;0;
12087;8842941;1185054720;13152256;1325592576;0;0;0;0;0;0;0;0;0;0;0;2895;0;0;126;0;169;0;
12088;7964093;1185054720;13152256;1325592576;0;0;0;0;0;0;0;0;0;0;0;3397;0;0;126;0;169;0;
12089;11142412;1185054720;13152256;1325592576;0;0;0;0;0;0;0;0;0;0;0;3327;0;0;126;0;169;0;
12090;9351064;1185054720;13152256;1325592576;0;0;0;0;0;0;0;0;0;0;0;3366;0;0;126;0;169;0;
12091;13126613;1187684352;18558976;1330999296;0;0;0;0;0;0;0;0;0;0;0;3797;0;0;126;0;169;0;
12092;8691667;1189781504;18558976;1330999296;0;0;0;0;0;0;0;0;0;0;0;3877;0;0;126;0;169;0;
12093;12635812;1189781504;18558976;1330999296;0;0;0;0;0;0;0;0;0;0;0;3617;0;0;126;0;169;0;
12094;8493917;1189781504;18558976;1330999296;0;0;0;0;0;0;0;0;0;0;0;3066;0;0;126;0;169;0;
12095;9720326;1189781504;18558976;1330999296;0;0;0;0;0;0;0;0;0;0;0;2545;0;0;126;0;169;0;
12096;9799866;1189781504;18558976;1330999296;0;0;0;0;0;0;0;0;0;0;0;2885;0;0;126;0;169;0;
12097;13419492;1189781504;18558976;1330999296;0;0;0;0;0;0;0;0;0;0;0;3877;0;0;126;0;169;0;
12098;7238532;1189781504;18558976;1330999296;0;0;0;0;0;0;0;0;0;0;0;3135;0;0;126;0;169;0;
12099;11288497;1189781504;18558976;1330999296;0;0;0;0;0;0;0;0;0;0;0;3517;0;0;126;0;169;0;
12100;8629030;1185067008;13152256;1325592576;0;0;0;0;0;0;0;0;0;0;0;3065;0;0;126;0;169;0;
12101;13503860;1185067008;13152256;1325592576;0;0;0;0;0;0;0;0;0;0;0;3306;0;0;126;0;169;0;
12102;8252333;1185067008;13152256;1325592576;0;0;0;0;0;0;0;0;0;0;0;3306;0;0;126;0;169;0;
12103;11097058;1185067008;13152256;1325592576;0;0;0;0;0;0;0;0;0;0;0;3196;0;0;126;0;169;0;
12104;8926247;1185067008;13152256;1325592576;0;0;0;0;0;0;0;0;0;0;0;3206;0;0;126;0;169;0;
12105;11165396;1185067008;13152256;1325592576;0;0;0;0;0;0;0;0;0;0;0;3186;0;0;126;0;169;0;
12106;5859987;1185067008;13152256;1325592576;0;0;0;0;0;0;0;0;0;0;0;3767;0;0;126;0;169;0;
12107;11580614;1185067008;13152256;1325592576;0;0;0;0;0;0;0;0;0;0;0;2635;0;0;126;0;169;0;
12108;10588875;1185067008;13152256;1325592576;0;0;0;0;0;0;0;0;0;0;0;4348;0;0;126;0;169;0;
12109;11246738;1185067008;13152256;1325592576;0;0;0;0;0;0;0;0;0;0;0;3206;0;0;126;0;169;0;
12110;10116619;1185067008;13152256;1325592576;0;0;0;0;0;0;0;0;0;0;0;3306;0;0;126;0;169;0;
12111;12253927;1185067008;13152256;1325592576;0;0;0;0;0;0;0;0;0;0;0;2916;0;0;126;0;169;0;
12112;9476739;1185067008;13152256;1325592576;0;0;0;0;0;0;0;0;0;0;0;3287;0;0;126;0;169;0;
12113;6844324;1187696640;18558976;1330999296;0;0;0;0;0;0;0;0;0;0;0;2215;0;0;126;0;169;0;
12114;9040001;1189793792;18558976;1330999296;0;0;0;0;0;0;0;0;0;0;0;3086;0;0;126;0;169;0;
12115;11782072;1189793792;18558976;1330999296;0;0;0;0;0;0;0;0;0;0;0;3256;0;0;126;0;169;0;
12116;11025333;1189793792;18558976;1330999296;0;0;0;0;0;0;0;0;0;0;0;3717;0;0;126;0;169;0;
12117;12839033;1189793792;18558976;1330999296;0;0;0;0;0;0;0;0;0;0;0;3186;0;0;126;0;169;0;
12118;9698064;1189793792;18558976;1330999296;0;0;0;0;0;0;0;0;0;0;0;4058;0;0;126;0;169;0;
12119;11953443;1189793792;18558976;1330999296;0;0;0;0;0;0;0;0;0;0;0;3707;0;0;126;0;169;0;
12120;10256662;1189793792;18558976;1330999296;0;0;0;0;0;0;0;0;0;0;0;2926;0;0;126;0;169;0;
12121;18901161;1189793792;18558976;1330999296;0;0;0;0;0;0;0;0;0;0;0;3336;0;0;126;0;169;0;
12122;8345338;1185079296;13152256;1325592576;0;0;0;0;0;0;0;0;0;0;0;3196;0;0;126;0;169;0;
12123;8913884;1185079296;13152256;1325592576;0;0;0;0;0;0;0;0;0;0;0;2445;0;0;126;0;169;0;
12124;7834831;1185079296;13152256;1325592576;0;0;0;0;0;0;0;0;0;0;0;3016;0;0;126;0;169;0;
12125;10820239;1185079296;13152256;1325592576;0;0;0;0;0;0;0;0;0;0;0;3035;0;0;126;0;169;0;
12126;10726332;1185079296;13152256;1325592576;0;0;0;0;0;0;0;0;0;0;0;3226;0;0;126;0;169;0;
12127;11664742;1185079296;13152256;1325592576;0;0;0;0;0;0;0;0;0;0;0;2945;0;0;126;0;169;0;
12128;9921773;1185079296;13152256;1325592576;0;0;0;0;0;0;0;0;0;0;0;3617;0;0;126;0;169;0;
12129;13677155;1185079296;13152256;1325592576;0;0;0;0;0;0;0;0;0;0;0;4157;0;0;126;0;169;0;
12130;11044509;1185079296;13152256;1325592576;0;0;0;0;0;0;0;0;0;0;0;3196;0;0;126;0;169;0;
12131;10626114;1185079296;13152256;1325592576;0;0;0;0;0;0;0;0;0;0;0;2905;0;0;126;0;169;0;
12132;10909937;1185079296;13152256;1325592576;0;0;0;0;0;0;0;0;0;0;0;3266;0;0;126;0;169;0;
12133;12085951;1185079296;13152256;1325592576;0;0;0;0;0;0;0;0;0;0;0;3036;0;0;126;0;169;0;
12134;4782698;1185615872;13152256;1325592576;0;0;0;0;0;0;0;0;0;0;0;3387;0;0;126;0;169;0;
12135;10596629;1185615872;13152256;1325592576;0;0;0;0;0;0;0;0;0;0;0;2404;0;0;126;0;169;0;
12136;5511735;1185615872;13152256;1325592576;0;0;0;0;0;0;0;0;0;0;0;4017;0;0;126;0;169;0;
12137;7046262;1188245504;18558976;1330999296;0;0;0;0;0;0;0;0;0;0;0;2835;0;0;126;0;169;0;
12138;5554205;1190342656;18558976;1330999296;0;0;0;0;0;0;0;0;0;0;0;3607;0;0;126;0;169;0;
12139;7625879;1190342656;18558976;1330999296;0;0;0;0;0;0;0;0;0;0;0;2594;0;0;126;0;169;0;
12140;6720321;1190342656;18558976;1330999296;0;0;0;0;0;0;0;0;0;0;0;4148;0;0;126;0;169;0;
12141;7926963;1190342656;18558976;1330999296;0;0;0;0;0;0;0;0;0;0;0;3457;0;0;126;0;169;0;
12142;8595447;1190342656;18558976;1330999296;0;0;0;0;0;0;0;0;0;0;0;3417;0;0;126;0;169;0;
12143;8824266;1190342656;18558976;1330999296;0;0;0;0;0;0;0;0;0;0;0;2945;0;0;126;0;169;0;
12144;8233879;1190342656;18558976;1330999296;0;0;0;0;0;0;0;0;0;0;0;3336;0;0;126;0;169;0;
12145;12192221;1190342656;18558976;1330999296;0;0;0;0;0;0;0;0;0;0;0;3607;0;0;126;0;169;0;
12146;9749140;1185628160;13152256;1325592576;0;0;0;0;0;0;0;0;0;0;0;3997;0;0;126;0;169;0;
12147;7969142;1185628160;13152256;1325592576;0;0;0;0;0;0;0;0;0;0;0;2595;0;0;126;0;169;0;
12148;8880722;1185628160;13152256;1325592576;0;0;0;0;0;0;0;0;0;0;0;3146;0;0;126;0;169;0;
12149;10835467;1185628160;13152256;1325592576;0;0;0;0;0;0;0;0;0;0;0;3917;0;0;126;0;169;0;
12150;9656967;1185628160;13152256;1325592576;0;0;0;0;0;0;0;0;0;0;0;3296;0;0;126;0;169;0;
12151;10377879;1185628160;13152256;1325592576;0;0;0;0;0;0;0;0;0;0;0;3146;0;0;126;0;169;0;
12152;7861911;1185628160;13152256;1325592576;0;0;0;0;0;0;0;0;0;0;0;3937;0;0;126;0;169;0;
12153;13162961;1185898496;13152256;1325592576;0;0;0;0;0;0;0;0;0;0;0;3887;0;0;126;0;169;0;
12154;10025138;1185898496;13152256;1325592576;0;0;0;0;0;0;0;0;0;0;0;2925;0;0;126;0;169;0;
12155;13741286;1185898496;13156352;1325596672;0;0;0;0;0;0;0;0;0;0;0;4118;0;0;126;0;169;0;
12156;9671715;1185898496;13160448;1325600768;0;0;0;0;0;0;0;0;0;0;0;3737;0;0;126;0;169;0;
12157;14259337;1188528128;18567168;1331007488;0;0;0;0;0;0;0;0;0;0;0;3527;0;0;126;0;169;0;
12158;11339893;1190625280;18567168;1331007488;0;0;0;0;0;0;0;0;0;0;0;3706;0;0;126;0;169;0;
12159;11791240;1190625280;18567168;1331007488;0;0;0;0;0;0;0;0;0;0;0;3376;0;0;126;0;169;0;
12160;13404554;1190625280;18567168;1331007488;0;0;0;0;0;0;0;0;0;0;0;3677;0;0;126;0;169;0;
12161;12576412;1190625280;18567168;1331007488;0;0;0;0;0;0;0;0;0;0;0;3607;0;0;126;0;169;0;
12162;8378099;1190842368;18558976;1330999296;0;0;0;0;0;0;0;0;0;0;0;3096;0;0;126;0;169;0;
12163;7704797;1190842368;18558976;1330999296;0;0;0;0;0;0;0;0;0;0;0;3947;0;0;126;0;169;0;
12164;7320978;1190842368;18558976;1330999296;0;0;0;0;0;0;0;0;0;0;0;3006;0;0;126;0;169;0;
12165;9921474;1190842368;18558976;1330999296;0;0;0;0;0;0;0;0;0;0;0;3587;0;0;126;0;169;0;
12166;9050811;1185910784;13152256;1325592576;0;0;0;0;0;0;0;0;0;0;0;4128;0;0;126;0;169;0;
12167;8276869;1185910784;13152256;1325592576;0;0;0;0;0;0;0;0;0;0;0;3918;0;0;126;0;169;0;
12168;6627577;1185910784;13152256;1325592576;0;0;0;0;0;0;0;0;0;0;0;3216;0;0;126;0;169;0;
12169;9979702;1185910784;13152256;1325592576;0;0;0;0;0;0;0;0;0;0;0;3106;0;0;126;0;169;0;
12170;10149040;1185910784;13152256;1325592576;0;0;0;0;0;0;0;0;0;0;0;3476;0;0;126;0;169;0;
12171;11197576;1185910784;13152256;1325592576;0;0;0;0;0;0;0;0;0;0;0;3296;0;0;126;0;169;0;
12172;7041253;1185910784;13152256;1325592576;0;0;0;0;0;0;0;0;0;0;0;3396;0;0;126;0;169;0;
12173;10663404;1185910784;13152256;1325592576;0;0;0;0;0;0;0;0;0;0;0;2826;0;0;126;0;169;0;
12174;7898480;1185910784;13152256;1325592576;0;0;0;0;0;0;0;0;0;0;0;3136;0;0;126;0;169;0;
12175;10599074;1185910784;13152256;1325592576;0;0;0;0;0;0;0;0;0;0;0;3737;0;0;126;0;169;0;
12176;8286818;1185910784;13152256;1325592576;0;0;0;0;0;0;0;0;0;0;0;2895;0;0;126;0;169;0;
12177;11278217;1185910784;13152256;1325592576;0;0;0;0;0;0;0;0;0;0;0;2956;0;0;126;0;169;0;
12178;9314334;1186181120;13152256;1325592576;0;0;0;0;0;0;0;0;0;0;0;3367;0;0;126;0;169;0;
12179;9387291;1186181120;13152256;1325592576;0;0;0;0;0;0;0;0;0;0;0;3186;0;0;126;0;169;0;
12180;6431039;1186181120;13152256;1325592576;0;0;0;0;0;0;0;0;0;0;0;3136;0;0;126;0;169;0;
12181;9323703;1186181120;13152256;1325592576;0;0;0;0;0;0;0;0;0;0;0;3126;0;0;126;0;169;0;
12182;7675061;1186181120;13152256;1325592576;0;0;0;0;0;0;0;0;0;0;0;3366;0;0;126;0;169;0;
12183;10991550;1188810752;18558976;1330999296;0;0;0;0;0;0;0;0;0;0;0;4278;0;0;126;0;169;0;
12184;5110232;1190907904;18558976;1330999296;0;0;0;0;0;0;0;0;0;0;0;3426;0;0;126;0;169;0;
12185;8015910;1191174144;18558976;1330999296;0;0;0;0;0;0;0;0;0;0;0;2545;0;0;126;0;169;0;
12186;6397806;1191174144;18558976;1330999296;0;0;0;0;0;0;0;0;0;0;0;3897;0;0;126;0;169;0;
12187;10408957;1191174144;18558976;1330999296;0;0;0;0;0;0;0;0;0;0;0;3196;0;0;126;0;169;0;
12188;6286097;1191174144;18558976;1330999296;0;0;0;0;0;0;0;0;0;0;0;3417;0;0;126;0;169;0;
12189;9020133;1191174144;18558976;1330999296;0;0;0;0;0;0;0;0;0;0;0;2524;0;0;126;0;169;0;
12190;5569203;1191174144;18558976;1330999296;0;0;0;0;0;0;0;0;0;0;0;3857;0;0;126;0;169;0;
12191;7267728;1191174144;18558976;1330999296;0;0;0;0;0;0;0;0;0;0;0;2615;0;0;126;0;169;0;
12192;8713017;1186459648;13152256;1325592576;0;0;0;0;0;0;0;0;0;0;0;3586;0;0;126;0;169;0;
12193;7534327;1186459648;13152256;1325592576;0;0;0;0;0;0;0;0;0;0;0;2305;0;0;126;0;169;0;
12194;8682309;1186459648;13152256;1325592576;0;0;0;0;0;0;0;0;0;0;0;3407;0;0;126;0;169;0;
12195;7553693;1186459648;13152256;1325592576;0;0;0;0;0;0;0;0;0;0;0;2164;0;0;126;0;169;0;
12196;3600992;1186459648;13152256;1325592576;0;0;0;0;0;0;0;0;0;0;0;2966;0;0;126;0;169;0;
12197;7971597;1186459648;13152256;1325592576;0;0;0;0;0;0;0;0;0;0;0;2104;0;0;126;0;169;0;
12198;6651501;1186459648;13152256;1325592576;0;0;0;0;0;0;0;0;0;0;0;4839;0;0;126;0;169;0;
12199;9004684;1186459648;13152256;1325592576;0;0;0;0;0;0;0;0;0;0;0;3626;0;0;126;0;169;0;
12200;7575384;1186459648;13152256;1325592576;0;0;0;0;0;0;0;0;0;0;0;3727;0;0;126;0;169;0;
12201;8944652;1186459648;13152256;1325592576;0;0;0;0;0;0;0;0;0;0;0;3888;0;0;126;0;169;0;
12202;5563912;1186459648;13152256;1325592576;0;0;0;0;0;0;0;0;0;0;0;4398;0;0;126;0;169;0;
12203;8116820;1186459648;13152256;1325592576;0;0;0;0;0;0;0;0;0;0;0;3036;0;0;126;0;169;0;
12204;7439690;1186459648;13152256;1325592576;0;0;0;0;0;0;0;0;0;0;0;4288;0;0;126;0;169;0;
12205;8655961;1189089280;18558976;1330999296;0;0;0;0;0;0;0;0;0;0;0;3486;0;0;126;0;169;0;
12206;7547913;1191186432;18558976;1330999296;0;0;0;0;0;0;0;0;0;0;0;3516;0;0;126;0;169;0;
12207;6941856;1191186432;18558976;1330999296;0;0;0;0;0;0;0;0;0;0;0;3316;0;0;126;0;169;0;
12208;6043793;1191186432;18558976;1330999296;0;0;0;0;0;0;0;0;0;0;0;3586;0;0;126;0;169;0;
12209;12046157;1191186432;18558976;1330999296;0;0;0;0;0;0;0;0;0;0;0;4058;0;0;126;0;169;0;
12210;4275146;1191186432;18558976;1330999296;0;0;0;0;0;0;0;0;0;0;0;3947;0;0;126;0;169;0;
12211;8080772;1191186432;18558976;1330999296;0;0;0;0;0;0;0;0;0;0;0;2645;0;0;126;0;169;0;
12212;5409703;1191186432;18558976;1330999296;0;0;0;0;0;0;0;0;0;0;0;3096;0;0;126;0;169;0;
12213;6211346;1191186432;18563072;1331003392;0;0;0;0;0;0;0;0;0;0;0;3427;0;0;126;0;169;0;
12214;4513733;1186480128;13160448;1325600768;0;0;0;0;0;0;0;0;0;0;0;3206;0;0;126;0;169;0;
12215;9259072;1186480128;13160448;1325600768;0;0;0;0;0;0;0;0;0;0;0;3136;0;0;126;0;169;0;
12216;5008761;1186480128;13160448;1325600768;0;0;0;0;0;0;0;0;0;0;0;3737;0;0;126;0;169;0;
12217;8964348;1186480128;13160448;1325600768;0;0;0;0;0;0;0;0;0;0;0;3156;0;0;126;0;169;0;
12218;5717451;1186480128;13160448;1325600768;0;0;0;0;0;0;0;0;0;0;0;2966;0;0;126;0;169;0;
12219;8622086;1186480128;13160448;1325600768;0;0;0;0;0;0;0;0;0;0;0;3036;0;0;126;0;169;0;
12220;6202520;1186471936;13152256;1325592576;0;0;0;0;0;0;0;0;0;0;0;4348;0;0;126;0;169;0;
12221;8425568;1186471936;13152256;1325592576;0;0;0;0;0;0;0;0;0;0;0;2745;0;0;126;0;169;0;
12222;4588664;1186471936;13152256;1325592576;0;0;0;0;0;0;0;0;0;0;0;3136;0;0;126;0;169;0;
12223;7164063;1186471936;13152256;1325592576;0;0;0;0;0;0;0;0;0;0;0;2214;0;0;126;0;169;0;
12224;4260068;1186471936;13152256;1325592576;0;0;0;0;0;0;0;0;0;0;0;3536;0;0;126;0;169;0;
12225;7358187;1186471936;13152256;1325592576;0;0;0;0;0;0;0;0;0;0;0;3065;0;0;126;0;169;0;
12226;7250164;1186471936;13152256;1325592576;0;0;0;0;0;0;0;0;0;0;0;3677;0;0;126;0;169;0;
12227;7503009;1186471936;13152256;1325592576;0;0;0;0;0;0;0;0;0;0;0;2605;0;0;126;0;169;0;
12228;7673038;1186471936;13152256;1325592576;0;0;0;0;0;0;0;0;0;0;0;4138;0;0;126;0;169;0;
12229;8147588;1189101568;18558976;1330999296;0;0;0;0;0;0;0;0;0;0;0;3156;0;0;126;0;169;0;
12230;5582707;1191198720;18558976;1330999296;0;0;0;0;0;0;0;0;0;0;0;4138;0;0;126;0;169;0;
12231;7991805;1191198720;18558976;1330999296;0;0;0;0;0;0;0;0;0;0;0;3116;0;0;126;0;169;0;
12232;3984441;1191198720;18558976;1330999296;0;0;0;0;0;0;0;0;0;0;0;3136;0;0;126;0;169;0;
12233;10483086;1191198720;18558976;1330999296;0;0;0;0;0;0;0;0;0;0;0;3977;0;0;126;0;169;0;
12234;5053055;1191198720;18558976;1330999296;0;0;0;0;0;0;0;0;0;0;0;3116;0;0;126;0;169;0;
12235;7231169;1191198720;18558976;1330999296;0;0;0;0;0;0;0;0;0;0;0;2304;0;0;126;0;169;0;
12236;7717130;1191198720;18558976;1330999296;0;0;0;0;0;0;0;0;0;0;0;4378;0;0;126;0;169;0;
12237;9665202;1191198720;18558976;1330999296;0;0;0;0;0;0;0;0;0;0;0;2324;0;0;126;0;169;0;
12238;13221120;1186484224;13152256;1325592576;0;0;0;0;0;0;0;0;0;0;0;3737;0;0;126;0;169;0;
12239;9553454;1186484224;13152256;1325592576;0;0;0;0;0;0;0;0;0;0;0;2855;0;0;126;0;169;0;
12240;7370600;1186484224;13152256;1325592576;0;0;0;0;0;0;0;0;0;0;0;3807;0;0;126;0;169;0;
12241;9460840;1186484224;13152256;1325592576;0;0;0;0;0;0;0;0;0;0;0;3226;0;0;126;0;169;0;
12242;4939342;1186484224;13152256;1325592576;0;0;0;0;0;0;0;0;0;0;0;3818;0;0;126;0;169;0;
12243;7238372;1186484224;13152256;1325592576;0;0;0;0;0;0;0;0;0;0;0;2976;0;0;126;0;169;0;
12244;6704912;1186484224;13152256;1325592576;0;0;0;0;0;0;0;0;0;0;0;3005;0;0;126;0;169;0;
12245;7493741;1186484224;13152256;1325592576;0;0;0;0;0;0;0;0;0;0;0;2736;0;0;126;0;169;0;
12246;5585203;1186484224;13152256;1325592576;0;0;0;0;0;0;0;0;0;0;0;4639;0;0;126;0;169;0;
12247;6527850;1186484224;13152256;1325592576;0;0;0;0;0;0;0;0;0;0;0;2555;0;0;126;0;169;0;
12248;5496115;1186484224;13152256;1325592576;0;0;0;0;0;0;0;0;0;0;0;3056;0;0;126;0;169;0;
12249;7000386;1186484224;13152256;1325592576;0;0;0;0;0;0;0;0;0;0;0;3126;0;0;126;0;169;0;
12250;8257343;1186484224;13152256;1325592576;0;0;0;0;0;0;0;0;0;0;0;4328;0;0;126;0;169;0;
12251;8906130;1189113856;18558976;1330999296;0;0;0;0;0;0;0;0;0;0;0;3076;0;0;126;0;169;0;
12252;6282881;1191211008;18558976;1330999296;0;0;0;0;0;0;0;0;0;0;0;3567;0;0;126;0;169;0;
12253;7915983;1191211008;18558976;1330999296;0;0;0;0;0;0;0;0;0;0;0;2565;0;0;126;0;169;0;
12254;5680572;1191211008;18558976;1330999296;0;0;0;0;0;0;0;0;0;0;0;2895;0;0;126;0;169;0;
12255;6978475;1191211008;18558976;1330999296;0;0;0;0;0;0;0;0;0;0;0;1943;0;0;126;0;169;0;
12256;5051031;1191211008;18558976;1330999296;0;0;0;0;0;0;0;0;0;0;0;3506;0;0;126;0;169;0;
12257;7981165;1191211008;18558976;1330999296;0;0;0;0;0;0;0;0;0;0;0;2364;0;0;126;0;169;0;
12258;7863645;1191211008;18558976;1330999296;0;0;0;0;0;0;0;0;0;0;0;3567;0;0;126;0;169;0;
12259;8406452;1191211008;18558976;1330999296;0;0;0;0;0;0;0;0;0;0;0;2574;0;0;126;0;169;0;
12260;8008597;1186496512;13152256;1325592576;0;0;0;0;0;0;0;0;0;0;0;2826;0;0;126;0;169;0;
12261;6765335;1186496512;13152256;1325592576;0;0;0;0;0;0;0;0;0;0;0;91953;0;0;126;0;169;0;
12262;6534633;1186496512;13152256;1325592576;0;0;0;0;0;0;0;0;0;0;0;3026;0;0;126;0;169;0;
12263;8742763;1186496512;13152256;1325592576;0;0;0;0;0;0;0;0;0;0;0;2625;0;0;126;0;169;0;
12264;7662427;1186496512;13152256;1325592576;0;0;0;0;0;0;0;0;0;0;0;3827;0;0;126;0;169;0;
12265;9810375;1186496512;13152256;1325592576;0;0;0;0;0;0;0;0;0;0;0;3126;0;0;126;0;169;0;
12266;7863294;1186496512;13152256;1325592576;0;0;0;0;0;0;0;0;0;0;0;5660;0;0;126;0;170;0;
12267;8738285;1186496512;13152256;1325592576;0;0;0;0;0;0;0;0;0;0;0;3046;0;0;126;0;170;0;
12268;10541476;1186496512;13152256;1325592576;0;0;0;0;0;0;0;0;0;0;0;3527;0;0;126;0;170;0;
12269;10032241;1186496512;13152256;1325592576;0;0;0;0;0;0;0;0;0;0;0;2715;0;0;126;0;170;0;
12270;14787848;1186496512;13152256;1325592576;0;0;0;0;0;0;0;0;0;0;0;3256;0;0;126;0;170;0;
12271;13821175;1186496512;13152256;1325592576;0;0;0;0;0;0;0;0;0;0;0;3226;0;0;126;0;170;0;
12272;8823204;1186496512;13152256;1325592576;0;0;0;0;0;0;0;0;0;0;0;4618;0;0;126;0;170;0;
12273;13792742;1186496512;13152256;1325592576;0;0;0;0;0;0;0;0;0;0;0;3687;0;0;126;0;170;0;
12274;10011972;1186496512;13152256;1325592576;0;0;0;0;0;0;0;0;0;0;0;3857;0;0;126;0;170;0;
12275;10682921;1189126144;18558976;1330999296;0;0;0;0;0;0;0;0;0;0;0;3717;0;0;126;0;170;0;
12276;10335289;1191223296;18558976;1330999296;0;0;0;0;0;0;0;0;0;0;0;3006;0;0;126;0;170;0;
12277;11910463;1191223296;18563072;1331003392;0;0;0;0;0;0;0;0;0;0;0;3346;0;0;126;0;170;0;
12278;8969658;1191223296;18567168;1331007488;0;0;0;0;0;0;0;0;0;0;0;3647;0;0;126;0;170;0;
12279;12665429;1191223296;18567168;1331007488;0;0;0;0;0;0;0;0;0;0;0;3206;0;0;126;0;170;0;
12280;7551850;1191223296;18567168;1331007488;0;0;0;0;0;0;0;0;0;0;0;3567;0;0;126;0;170;0;
12281;7283708;1191223296;18567168;1331007488;0;0;0;0;0;0;0;0;0;0;0;2736;0;0;126;0;170;0;
12282;7961779;1191223296;18567168;1331007488;0;0;0;0;0;0;0;0;0;0;0;3526;0;0;126;0;170;0;
12283;9590042;1191223296;18567168;1331007488;0;0;0;0;0;0;0;0;0;0;0;3837;0;0;126;0;170;0;
12284;6812073;1186508800;13152256;1325592576;0;0;0;0;0;0;0;0;0;0;0;3467;0;0;126;0;170;0;
12285;10457438;1186508800;13152256;1325592576;0;0;0;0;0;0;0;0;0;0;0;3707;0;0;126;0;170;0;
12286;8480982;1186508800;13152256;1325592576;0;0;0;0;0;0;0;0;0;0;0;3496;0;0;126;0;170;0;
12287;9518769;1186508800;13152256;1325592576;0;0;0;0;0;0;0;0;0;0;0;3526;0;0;126;0;170;0;
12288;7143494;1186508800;13152256;1325592576;0;0;0;0;0;0;0;0;0;0;0;2675;0;0;126;0;170;0;
12289;9115021;1186508800;13152256;1325592576;0;0;0;0;0;0;0;0;0;0;0;2655;0;0;126;0;170;0;
12290;6499086;1186508800;13152256;1325592576;0;0;0;0;0;0;0;0;0;0;0;3697;0;0;126;0;170;0;
12291;11863344;1186508800;13152256;1325592576;0;0;0;0;0;0;0;0;0;0;0;2786;0;0;126;0;170;0;
12292;10221526;1186508800;13152256;1325592576;0;0;0;0;0;0;0;0;0;0;0;3797;0;0;126;0;170;0;
12293;12113474;1186508800;13152256;1325592576;0;0;0;0;0;0;0;0;0;0;0;3657;0;0;126;0;170;0;
12294;7089173;1186508800;13152256;1325592576;0;0;0;0;0;0;0;0;0;0;0;3056;0;0;126;0;170;0;
12295;12093917;1186508800;13152256;1325592576;0;0;0;0;0;0;0;0;0;0;0;4389;0;0;126;0;170;0;
12296;6782257;1186508800;13152256;1325592576;0;0;0;0;0;0;0;0;0;0;0;3516;0;0;126;0;170;0;
12297;11140649;1189138432;18558976;1330999296;0;0;0;0;0;0;0;0;0;0;0;3386;0;0;126;0;170;0;
12298;7282455;1191235584;18558976;1330999296;0;0;0;0;0;0;0;0;0;0;0;4017;0;0;126;0;170;0;
12299;12574929;1191235584;18558976;1330999296;0;0;0;0;0;0;0;0;0;0;0;3446;0;0;126;0;170;0;
12300;5714956;1191235584;18558976;1330999296;0;0;0;0;0;0;0;0;0;0;0;4018;0;0;126;0;170;0;
12301;8404549;1191235584;18558976;1330999296;0;0;0;0;0;0;0;0;0;0;0;3897;0;0;126;0;170;0;
12302;5512586;1191235584;18558976;1330999296;0;0;0;0;0;0;0;0;0;0;0;3076;0;0;126;0;170;0;
12303;11736236;1191235584;18558976;1330999296;0;0;0;0;0;0;0;0;0;0;0;2876;0;0;126;0;170;0;
12304;10712737;1191235584;18558976;1330999296;0;0;0;0;0;0;0;0;0;0;0;3106;0;0;126;0;170;0;
12305;9794425;1191235584;18558976;1330999296;0;0;0;0;0;0;0;0;0;0;0;3527;0;0;126;0;170;0;
12306;8354916;1186521088;13152256;1325592576;0;0;0;0;0;0;0;0;0;0;0;3536;0;0;126;0;170;0;
12307;6828204;1186521088;13152256;1325592576;0;0;0;0;0;0;0;0;0;0;0;2985;0;0;126;0;170;0;
12308;7953594;1186521088;13152256;1325592576;0;0;0;0;0;0;0;0;0;0;0;3126;0;0;126;0;170;0;
12309;11210319;1186521088;13152256;1325592576;0;0;0;0;0;0;0;0;0;0;0;3496;0;0;126;0;170;0;
12310;8358844;1186521088;13152256;1325592576;0;0;0;0;0;0;0;0;0;0;0;3086;0;0;126;0;170;0;
12311;12055565;1186521088;13152256;1325592576;0;0;0;0;0;0;0;0;0;0;0;3867;0;0;126;0;170;0;
12312;8333666;1186521088;13152256;1325592576;0;0;0;0;0;0;0;0;0;0;0;4368;0;0;126;0;170;0;
12313;9311930;1186521088;13152256;1325592576;0;0;0;0;0;0;0;0;0;0;0;3337;0;0;126;0;170;0;
12314;9105864;1186521088;13152256;1325592576;0;0;0;0;0;0;0;0;0;0;0;3366;0;0;126;0;170;0;
12315;11077751;1186521088;13152256;1325592576;0;0;0;0;0;0;0;0;0;0;0;3377;0;0;126;0;170;0;
12316;8865173;1186521088;13152256;1325592576;0;0;0;0;0;0;0;0;0;0;0;3166;0;0;126;0;170;0;
12317;11966929;1186521088;13152256;1325592576;0;0;0;0;0;0;0;0;0;0;0;3516;0;0;126;0;170;0;
12318;7695279;1186521088;13152256;1325592576;0;0;0;0;0;0;0;0;0;0;0;3196;0;0;126;0;170;0;
12319;11872732;1189150720;18558976;1330999296;0;0;0;0;0;0;0;0;0;0;0;3747;0;0;126;0;170;0;
12320;6760186;1191247872;18558976;1330999296;0;0;0;0;0;0;0;0;0;0;0;3687;0;0;126;0;171;0;
12321;9300729;1191247872;18558976;1330999296;0;0;0;0;0;0;0;0;0;0;0;2705;0;0;126;0;171;0;
12322;7278387;1191247872;18558976;1330999296;0;0;0;0;0;0;0;0;0;0;0;3737;0;0;126;0;171;0;
12323;8964949;1191247872;18558976;1330999296;0;0;0;0;0;0;0;0;0;0;0;3016;0;0;126;0;171;0;
12324;7609228;1191247872;18558976;1330999296;0;0;0;0;0;0;0;0;0;0;0;3046;0;0;126;0;171;0;
12325;7950728;1191247872;18558976;1330999296;0;0;0;0;0;0;0;0;0;0;0;2695;0;0;126;0;171;0;
12326;8019076;1191247872;18558976;1330999296;0;0;0;0;0;0;0;0;0;0;0;3807;0;0;126;0;171;0;
12327;10425699;1191247872;18558976;1330999296;0;0;0;0;0;0;0;0;0;0;0;2244;0;0;126;0;171;0;
12328;6499647;1186533376;13152256;1325592576;0;0;0;0;0;0;0;0;0;0;0;3036;0;0;126;0;171;0;
12329;11876879;1186533376;13152256;1325592576;0;0;0;0;0;0;0;0;0;0;0;4028;0;0;126;0;171;0;
12330;10049604;1186533376;13152256;1325592576;0;0;0;0;0;0;0;0;0;0;0;3567;0;0;126;0;171;0;
12331;12548500;1186533376;13152256;1325592576;0;0;0;0;0;0;0;0;0;0;0;4097;0;0;126;0;171;0;
12332;8526988;1186533376;13152256;1325592576;0;0;0;0;0;0;0;0;0;0;0;4168;0;0;126;0;171;0;
12333;16280387;1186533376;13152256;1325592576;0;0;0;0;0;0;0;0;0;0;0;5621;0;0;126;0;171;0;
12334;10623360;1186533376;13152256;1325592576;0;0;0;0;0;0;0;0;0;0;0;3617;0;0;126;0;171;0;
12335;18473439;1186533376;13152256;1325592576;0;0;0;0;0;0;0;0;0;0;0;3897;0;0;126;0;171;0;
12336;12877777;1186533376;13152256;1325592576;0;0;0;0;0;0;0;0;0;0;0;4298;0;0;126;0;171;0;
12337;11913959;1186533376;13152256;1325592576;0;0;0;0;0;0;0;0;0;0;0;3096;0;0;126;0;171;0;
12338;10679785;1186533376;13152256;1325592576;0;0;0;0;0;0;0;0;0;0;0;17573;0;0;126;0;171;0;
12339;13487269;1186533376;13152256;1325592576;0;0;0;0;0;0;0;0;0;0;0;3236;0;0;126;0;171;0;
12340;10831600;1186533376;13156352;1325596672;0;0;0;0;0;0;0;0;0;0;0;5741;0;0;126;0;173;0;
12341;12837732;1186533376;13156352;1325596672;0;0;0;0;0;0;0;0;0;0;0;3236;0;0;126;0;173;0;
12342;7627832;1186533376;13156352;1325596672;0;0;0;0;0;0;0;0;0;0;0;3687;0;0;126;0;173;0;
12343;12293491;1189163008;18563072;1331003392;0;0;0;0;0;0;0;0;0;0;0;3537;0;0;126;0;173;0;
12344;12927429;1191260160;18563072;1331003392;0;0;0;0;0;0;0;0;0;0;0;4579;0;0;126;0;173;0;
12345;14617027;1191260160;18563072;1331003392;0;0;0;0;0;0;0;0;0;0;0;2905;0;0;126;0;173;0;
12346;6326883;1191260160;18563072;1331003392;0;0;0;0;0;0;0;0;0;0;0;5000;0;0;126;0;173;0;
12347;7391950;1191260160;18563072;1331003392;0;0;0;0;0;0;0;0;0;0;0;2745;0;0;126;0;173;0;
12348;7071900;1191260160;18563072;1331003392;0;0;0;0;0;0;0;0;0;0;0;3977;0;0;126;0;173;0;
12349;8561934;1191260160;18563072;1331003392;0;0;0;0;0;0;0;0;0;0;0;3777;0;0;126;0;173;0;
12350;6646713;1191260160;18563072;1331003392;0;0;0;0;0;0;0;0;0;0;0;3366;0;0;126;0;173;0;
12351;9046823;1191260160;18563072;1331003392;0;0;0;0;0;0;0;0;0;0;0;2795;0;0;126;0;173;0;
12352;4044664;1186549760;13156352;1325596672;0;0;0;0;0;0;0;0;0;0;0;3326;0;0;126;0;173;0;
12353;9470117;1186549760;13156352;1325596672;0;0;0;0;0;0;0;0;0;0;0;2535;0;0;126;0;173;0;
12354;5229355;1186549760;13156352;1325596672;0;0;0;0;0;0;0;0;0;0;0;3196;0;0;126;0;173;0;
12355;10008176;1186549760;13156352;1325596672;0;0;0;0;0;0;0;0;0;0;0;4769;0;0;126;0;173;0;
12356;5225878;1186549760;13156352;1325596672;0;0;0;0;0;0;0;0;0;0;0;3757;0;0;126;0;173;0;
12357;8048642;1186549760;13156352;1325596672;0;0;0;0;0;0;0;0;0;0;0;2585;0;0;126;0;173;0;
12358;6590587;1186549760;13156352;1325596672;0;0;0;0;0;0;0;0;0;0;0;7864;0;0;126;0;173;0;
12359;9780629;1186549760;13156352;1325596672;0;0;0;0;0;0;0;0;0;0;0;4168;0;0;126;0;175;0;
12360;9969583;1186549760;13156352;1325596672;0;0;0;0;0;0;0;0;0;0;0;4508;0;0;126;0;175;0;
12361;9257798;1186549760;13156352;1325596672;0;0;0;0;0;0;0;0;0;0;0;2936;0;0;126;0;175;0;
12362;10753673;1186549760;13156352;1325596672;0;0;0;0;0;0;0;0;0;0;0;3897;0;0;126;0;175;0;
12363;9286482;1186549760;13156352;1325596672;0;0;0;0;0;0;0;0;0;0;0;3637;0;0;126;0;175;0;
12364;6087555;1186549760;13156352;1325596672;0;0;0;0;0;0;0;0;0;0;0;3286;0;0;126;0;175;0;
12365;7906325;1189179392;18563072;1331003392;0;0;0;0;0;0;0;0;0;0;0;2314;0;0;126;0;175;0;
12366;6626545;1191276544;18563072;1331003392;0;0;0;0;0;0;0;0;0;0;0;3056;0;0;126;0;175;0;
12367;8488457;1191276544;18563072;1331003392;0;0;0;0;0;0;0;0;0;0;0;2965;0;0;126;0;175;0;
12368;7891467;1191276544;18563072;1331003392;0;0;0;0;0;0;0;0;0;0;0;4238;0;0;126;0;175;0;
12369;9071520;1191276544;18563072;1331003392;0;0;0;0;0;0;0;0;0;0;0;3576;0;0;126;0;175;0;
12370;7793073;1191276544;18563072;1331003392;0;0;0;0;0;0;0;0;0;0;0;3266;0;0;126;0;175;0;
12371;6522791;1191276544;18563072;1331003392;0;0;0;0;0;0;0;0;0;0;0;2786;0;0;126;0;175;0;
12372;7311609;1191276544;18563072;1331003392;0;0;0;0;0;0;0;0;0;0;0;3086;0;0;126;0;175;0;
12373;8590467;1191276544;18563072;1331003392;0;0;0;0;0;0;0;0;0;0;0;3076;0;0;126;0;175;0;
12374;6270578;1186562048;13156352;1325596672;0;0;0;0;0;0;0;0;0;0;0;3356;0;0;126;0;175;0;
12375;8664477;1186562048;13156352;1325596672;0;0;0;0;0;0;0;0;0;0;0;3046;0;0;126;0;176;0;
12376;6801473;1186562048;13156352;1325596672;0;0;0;0;0;0;0;0;0;0;0;3416;0;0;126;0;176;0;
12377;10249108;1186562048;13156352;1325596672;0;0;0;0;0;0;0;0;0;0;0;2776;0;0;126;0;176;0;
12378;6663424;1186562048;13156352;1325596672;0;0;0;0;0;0;0;0;0;0;0;4288;0;0;126;0;176;0;
12379;11437987;1186562048;13156352;1325596672;0;0;0;0;0;0;0;0;0;0;0;3327;0;0;126;0;176;0;
12380;7220118;1186562048;13156352;1325596672;0;0;0;0;0;0;0;0;0;0;0;4228;0;0;126;0;176;0;
12381;5831284;1186562048;13156352;1325596672;0;0;0;0;0;0;0;0;0;0;0;2685;0;0;126;0;176;0;
12382;7921994;1186562048;13156352;1325596672;0;0;0;0;0;0;0;0;0;0;0;3977;0;0;126;0;176;0;
12383;5939928;1186562048;13156352;1325596672;0;0;0;0;0;0;0;0;0;0;0;73127;0;0;126;0;176;0;
12384;5416236;1186562048;13156352;1325596672;0;0;0;0;0;0;0;0;0;0;0;3446;0;0;126;0;176;0;
12385;7595672;1186562048;13156352;1325596672;0;0;0;0;0;0;0;0;0;0;0;2875;0;0;126;0;176;0;
12386;8625433;1186562048;13156352;1325596672;0;0;0;0;0;0;0;0;0;0;0;3737;0;0;126;0;176;0;
12387;9676584;1186562048;13156352;1325596672;0;0;0;0;0;0;0;0;0;0;0;3266;0;0;126;0;176;0;
12388;10118022;1186562048;13156352;1325596672;0;0;0;0;0;0;0;0;0;0;0;4388;0;0;126;0;176;0;
12389;10715802;1189191680;18563072;1331003392;0;0;0;0;0;0;0;0;0;0;0;3477;0;0;126;0;176;0;
12390;5986926;1191288832;18563072;1331003392;0;0;0;0;0;0;0;0;0;0;0;3216;0;0;126;0;176;0;
12391;10347852;1191288832;18563072;1331003392;0;0;0;0;0;0;0;0;0;0;0;3066;0;0;126;0;176;0;
12392;8332154;1191288832;18563072;1331003392;0;0;0;0;0;0;0;0;0;0;0;3687;0;0;126;0;176;0;
12393;7995683;1191288832;18563072;1331003392;0;0;0;0;0;0;0;0;0;0;0;3016;0;0;126;0;176;0;
12394;8347972;1191288832;18563072;1331003392;0;0;0;0;0;0;0;0;0;0;0;9347;0;0;126;0;176;0;
12395;8937268;1191288832;18563072;1331003392;0;0;0;0;0;0;0;0;0;0;0;3447;0;0;126;0;176;0;
12396;6604133;1191288832;18563072;1331003392;0;0;0;0;0;0;0;0;0;0;0;3617;0;0;126;0;176;0;
12397;11322620;1191288832;18563072;1331003392;0;0;0;0;0;0;0;0;0;0;0;2965;0;0;126;0;176;0;
12398;7501566;1186574336;13156352;1325596672;0;0;0;0;0;0;0;0;0;0;0;3858;0;0;126;0;176;0;
12399;7005366;1186836480;13156352;1325596672;0;0;0;0;0;0;0;0;0;0;0;2635;0;0;126;0;176;0;
12400;3947722;1186836480;13156352;1325596672;0;0;0;0;0;0;0;0;0;0;0;4138;0;0;126;0;178;0;
12401;7712221;1186836480;13156352;1325596672;0;0;0;0;0;0;0;0;0;0;0;3005;0;0;126;0;178;0;
12402;9978650;1186836480;13156352;1325596672;0;0;0;0;0;0;0;0;0;0;0;3466;0;0;126;0;178;0;
12403;7151390;1186836480;13156352;1325596672;0;0;0;0;0;0;0;0;0;0;0;3377;0;0;126;0;178;0;
12404;4475853;1186836480;13156352;1325596672;0;0;0;0;0;0;0;0;0;0;0;3186;0;0;126;0;178;0;
12405;9342638;1186836480;13156352;1325596672;0;0;0;0;0;0;0;0;0;0;0;2896;0;0;126;0;178;0;
12406;5674289;1186836480;13156352;1325596672;0;0;0;0;0;0;0;0;0;0;0;3367;0;0;126;0;178;0;
12407;5960717;1186836480;13156352;1325596672;0;0;0;0;0;0;0;0;0;0;0;2184;0;0;126;0;178;0;
12408;6001092;1186836480;13156352;1325596672;0;0;0;0;0;0;0;0;0;0;0;3226;0;0;126;0;178;0;
12409;8852849;1186836480;13156352;1325596672;0;0;0;0;0;0;0;0;0;0;0;3617;0;0;126;0;178;0;
12410;4767569;1186836480;13156352;1325596672;0;0;0;0;0;0;0;0;0;0;0;3436;0;0;126;0;178;0;
12411;9495986;1189466112;18563072;1331003392;0;0;0;0;0;0;0;0;0;0;0;2554;0;0;126;0;178;0;
12412;6174458;1191563264;18563072;1331003392;0;0;0;0;0;0;0;0;0;0;0;3015;0;0;126;0;178;0;
12413;8789231;1191563264;18563072;1331003392;0;0;0;0;0;0;0;0;0;0;0;3236;0;0;126;0;178;0;
12414;6299973;1191563264;18563072;1331003392;0;0;0;0;0;0;0;0;0;0;0;3777;0;0;126;0;178;0;
12415;9915973;1191563264;18563072;1331003392;0;0;0;0;0;0;0;0;0;0;0;2544;0;0;126;0;178;0;
12416;5390327;1191563264;18563072;1331003392;0;0;0;0;0;0;0;0;0;0;0;3386;0;0;126;0;178;0;
12417;6471735;1191563264;18563072;1331003392;0;0;0;0;0;0;0;0;0;0;0;1764;0;0;126;0;178;0;
12418;5664592;1191563264;18563072;1331003392;0;0;0;0;0;0;0;0;0;0;0;3106;0;0;126;0;178;0;
12419;8094067;1191563264;18563072;1331003392;0;0;0;0;0;0;0;0;0;0;0;2194;0;0;126;0;178;0;
12420;3912927;1186865152;13156352;1325596672;0;0;0;0;0;0;0;0;0;0;0;3336;0;0;126;0;178;0;
12421;9419903;1186865152;13156352;1325596672;0;0;0;0;0;0;0;0;0;0;0;2475;0;0;126;0;178;0;
12422;6116639;1186865152;13156352;1325596672;0;0;0;0;0;0;0;0;0;0;0;4248;0;0;126;0;179;0;
12423;7336937;1186865152;13156352;1325596672;0;0;0;0;0;0;0;0;0;0;0;3818;0;0;126;0;179;0;
12424;4822673;1186865152;13156352;1325596672;0;0;0;0;0;0;0;0;0;0;0;2805;0;0;126;0;179;0;
12425;9660444;1186865152;13156352;1325596672;0;0;0;0;0;0;0;0;0;0;0;3126;0;0;126;0;179;0;
12426;4956534;1186865152;13156352;1325596672;0;0;0;0;0;0;0;0;0;0;0;2705;0;0;126;0;179;0;
12427;7272006;1186865152;13156352;1325596672;0;0;0;0;0;0;0;0;0;0;0;2765;0;0;126;0;179;0;
12428;7645155;1186865152;13156352;1325596672;0;0;0;0;0;0;0;0;0;0;0;3586;0;0;126;0;179;0;
12429;14128051;1186865152;13156352;1325596672;0;0;0;0;0;0;0;0;0;0;0;3426;0;0;126;0;179;0;
12430;5676313;1186865152;13156352;1325596672;0;0;0;0;0;0;0;0;0;0;0;3516;0;0;126;0;179;0;
12431;6298951;1186865152;13156352;1325596672;0;0;0;0;0;0;0;0;0;0;0;2505;0;0;126;0;179;0;
12432;6018485;1186865152;13156352;1325596672;0;0;0;0;0;0;0;0;0;0;0;3416;0;0;126;0;179;0;
12433;8904947;1186865152;13156352;1325596672;0;0;0;0;0;0;0;0;0;0;0;3517;0;0;126;0;179;0;
12434;7866691;1186865152;13156352;1325596672;0;0;0;0;0;0;0;0;0;0;0;3917;0;0;126;0;179;0;
12435;9720366;1189494784;18563072;1331003392;0;0;0;0;0;0;0;0;0;0;0;3297;0;0;126;0;179;0;
12436;7942593;1191591936;18563072;1331003392;0;0;0;0;0;0;0;0;0;0;0;3437;0;0;126;0;179;0;
12437;8210615;1191591936;18563072;1331003392;0;0;0;0;0;0;0;0;0;0;0;3146;0;0;126;0;179;0;
12438;5772955;1191591936;18563072;1331003392;0;0;0;0;0;0;0;0;0;0;0;2836;0;0;126;0;179;0;
12439;11970605;1191591936;18563072;1331003392;0;0;0;0;0;0;0;0;0;0;0;3236;0;0;126;0;179;0;
12440;8832672;1191591936;18563072;1331003392;0;0;0;0;0;0;0;0;0;0;0;3547;0;0;126;0;179;0;
12441;8530084;1191591936;18563072;1331003392;0;0;0;0;0;0;0;0;0;0;0;2625;0;0;126;0;179;0;
12442;9259211;1191591936;18563072;1331003392;0;0;0;0;0;0;0;0;0;0;0;3657;0;0;126;0;179;0;
12443;9326397;1191591936;18563072;1331003392;0;0;0;0;0;0;0;0;0;0;0;3497;0;0;126;0;179;0;
12444;6016101;1191858176;18563072;1331003392;0;0;0;0;0;0;0;0;0;0;0;3066;0;0;126;0;179;0;
12445;10631244;1191858176;18563072;1331003392;0;0;0;0;0;0;0;0;0;0;0;2735;0;0;126;0;179;0;
12446;6525105;1191858176;18563072;1331003392;0;0;0;0;0;0;0;0;0;0;0;3817;0;0;126;0;179;0;
12447;9324213;1191858176;18563072;1331003392;0;0;0;0;0;0;0;0;0;0;0;3096;0;0;126;0;179;0;
12448;6235492;1191858176;18563072;1331003392;0;0;0;0;0;0;0;0;0;0;0;3827;0;0;126;0;179;0;
12449;9147122;1191858176;18563072;1331003392;0;0;0;0;0;0;0;0;0;0;0;3096;0;0;126;0;179;0;
12450;5550848;1191858176;18563072;1331003392;0;0;0;0;0;0;0;0;0;0;0;3186;0;0;126;0;179;0;
12451;7933536;1191858176;18563072;1331003392;0;0;0;0;0;0;0;0;0;0;0;2514;0;0;126;0;179;0;
12452;6504286;1191858176;18563072;1331003392;0;0;0;0;0;0;0;0;0;0;0;2956;0;0;126;0;179;0;
12453;8811963;1191858176;18567168;1331007488;0;0;0;0;0;0;0;0;0;0;0;2544;0;0;126;0;179;0;
12454;5655715;1191858176;18571264;1331011584;0;0;0;0;0;0;0;0;0;0;0;2435;0;0;126;0;179;0;
12455;7561008;1191858176;18571264;1331011584;0;0;0;0;0;0;0;0;0;0;0;2425;0;0;126;0;179;0;
12456;4200336;1191858176;18571264;1331011584;0;0;0;0;0;0;0;0;0;0;0;3206;0;0;126;0;179;0;
12457;6159399;1191858176;18571264;1331011584;0;0;0;0;0;0;0;0;0;0;0;2325;0;0;126;0;179;0;
12458;6833623;1191858176;18571264;1331011584;0;0;0;0;0;0;0;0;0;0;0;2936;0;0;126;0;179;0;
12459;8526107;1191858176;18571264;1331011584;0;0;0;0;0;0;0;0;0;0;0;3196;0;0;126;0;179;0;
12460;5106415;1192071168;18563072;1331003392;0;0;0;0;0;0;0;0;0;0;0;3436;0;0;126;0;179;0;
12461;10438272;1192071168;18563072;1331003392;0;0;0;0;0;0;0;0;0;0;0;3386;0;0;126;0;179;0;
12462;6611467;1192071168;18563072;1331003392;0;0;0;0;0;0;0;0;0;0;0;3477;0;0;126;0;179;0;
12463;5494522;1192071168;18563072;1331003392;0;0;0;0;0;0;0;0;0;0;0;1653;0;0;126;0;179;0;
12464;5570194;1192071168;18563072;1331003392;0;0;0;0;0;0;0;0;0;0;0;3136;0;0;126;0;179;0;
12465;9238623;1192071168;18563072;1331003392;0;0;0;0;0;0;0;0;0;0;0;3056;0;0;126;0;179;0;
12466;4515076;1192071168;18563072;1331003392;0;0;0;0;0;0;0;0;0;0;0;3577;0;0;126;0;179;0;
12467;10280687;1192071168;18563072;1331003392;0;0;0;0;0;0;0;0;0;0;0;2765;0;0;126;0;179;0;
12468;4818926;1192071168;18563072;1331003392;0;0;0;0;0;0;0;0;0;0;0;4117;0;0;126;0;179;0;
12469;15033539;1192071168;18563072;1331003392;0;0;0;0;0;0;0;0;0;0;0;2334;0;0;126;0;179;0;
12470;5700799;1192071168;18563072;1331003392;0;0;0;0;0;0;0;0;0;0;0;4639;0;0;126;0;179;0;
12471;8631856;1192071168;18563072;1331003392;0;0;0;0;0;0;0;0;0;0;0;3035;0;0;126;0;179;0;
12472;5943354;1192071168;18563072;1331003392;0;0;0;0;0;0;0;0;0;0;0;3837;0;0;126;0;179;0;
12473;7728952;1192071168;18563072;1331003392;0;0;0;0;0;0;0;0;0;0;0;2504;0;0;126;0;179;0;
12474;12260479;1192071168;18563072;1331003392;0;0;0;0;0;0;0;0;0;0;0;3687;0;0;126;0;179;0;
12475;7711188;1192071168;18563072;1331003392;0;0;0;0;0;0;0;0;0;0;0;2234;0;0;126;0;179;0;
12476;8146615;1192071168;18563072;1331003392;0;0;0;0;0;0;0;0;0;0;0;2825;0;0;126;0;179;0;
12477;9372705;1192071168;18563072;1331003392;0;0;0;0;0;0;0;0;0;0;0;3647;0;0;126;0;179;0;
12478;4673162;1192071168;18563072;1331003392;0;0;0;0;0;0;0;0;0;0;0;2855;0;0;126;0;179;0;
12479;8251802;1192071168;18563072;1331003392;0;0;0;0;0;0;0;0;0;0;0;2795;0;0;126;0;179;0;
12480;6321794;1192071168;18563072;1331003392;0;0;0;0;0;0;0;0;0;0;0;3807;0;0;126;0;179;0;
12481;9400927;1192071168;18563072;1331003392;0;0;0;0;0;0;0;0;0;0;0;3497;0;0;126;0;179;0;
12482;6006913;1192071168;18563072;1331003392;0;0;0;0;0;0;0;0;0;0;0;4108;0;0;126;0;179;0;
12483;8542959;1192071168;18563072;1331003392;0;0;0;0;0;0;0;0;0;0;0;3136;0;0;126;0;179;0;
12484;7985453;1192071168;18563072;1331003392;0;0;0;0;0;0;0;0;0;0;0;3406;0;0;126;0;179;0;
12485;9661767;1192071168;18563072;1331003392;0;0;0;0;0;0;0;0;0;0;0;3487;0;0;126;0;179;0;
12486;8037200;1192071168;18563072;1331003392;0;0;0;0;0;0;0;0;0;0;0;4308;0;0;126;0;181;0;
12487;8523412;1192071168;18563072;1331003392;0;0;0;0;0;0;0;0;0;0;0;2725;0;0;126;0;181;0;
12488;6437090;1192071168;18563072;1331003392;0;0;0;0;0;0;0;0;0;0;0;3276;0;0;126;0;181;0;
12489;7181065;1192071168;18563072;1331003392;0;0;0;0;0;0;0;0;0;0;0;2504;0;0;126;0;181;0;
12490;5787722;1192071168;18563072;1331003392;0;0;0;0;0;0;0;0;0;0;0;3908;0;0;126;0;181;0;
12491;7443407;1192071168;18563072;1331003392;0;0;0;0;0;0;0;0;0;0;0;1774;0;0;126;0;181;0;
12492;5682655;1192071168;18563072;1331003392;0;0;0;0;0;0;0;0;0;0;0;3256;0;0;126;0;181;0;
12493;7966086;1192071168;18563072;1331003392;0;0;0;0;0;0;0;0;0;0;0;3677;0;0;126;0;181;0;
12494;7004253;1192071168;18563072;1331003392;0;0;0;0;0;0;0;0;0;0;0;4187;0;0;126;0;181;0;
12495;7846072;1192071168;18563072;1331003392;0;0;0;0;0;0;0;0;0;0;0;2985;0;0;126;0;181;0;
12496;6943199;1192071168;18563072;1331003392;0;0;0;0;0;0;0;0;0;0;0;3957;0;0;126;0;181;0;
12497;12570891;1192071168;18563072;1331003392;0;0;0;0;0;0;0;0;0;0;0;2956;0;0;126;0;181;0;
12498;6580379;1192071168;18563072;1331003392;0;0;0;0;0;0;0;0;0;0;0;2995;0;0;126;0;181;0;
12499;8063951;1192071168;18563072;1331003392;0;0;0;0;0;0;0;0;0;0;0;4127;0;0;126;0;181;0;
12500;6661671;1192071168;18563072;1331003392;0;0;0;0;0;0;0;0;0;0;0;5000;0;0;126;0;181;0;
12501;8364083;1192071168;18563072;1331003392;0;0;0;0;0;0;0;0;0;0;0;3036;0;0;126;0;181;0;
12502;5477981;1192071168;18563072;1331003392;0;0;0;0;0;0;0;0;0;0;0;3687;0;0;126;0;181;0;
12503;7750473;1192071168;18563072;1331003392;0;0;0;0;0;0;0;0;0;0;0;3146;0;0;126;0;181;0;
12504;5589130;1192071168;18563072;1331003392;0;0;0;0;0;0;0;0;0;0;0;3196;0;0;126;0;181;0;
12505;9539828;1192071168;18563072;1331003392;0;0;0;0;0;0;0;0;0;0;0;3507;0;0;126;0;181;0;
12506;6684975;1192071168;18563072;1331003392;0;0;0;0;0;0;0;0;0;0;0;3626;0;0;126;0;181;0;
12507;7837656;1192071168;18563072;1331003392;0;0;0;0;0;0;0;0;0;0;0;2384;0;0;126;0;181;0;
12508;7261907;1192071168;18563072;1331003392;0;0;0;0;0;0;0;0;0;0;0;3837;0;0;126;0;181;0;
12509;7501185;1192071168;18563072;1331003392;0;0;0;0;0;0;0;0;0;0;0;2475;0;0;126;0;181;0;
12510;5008541;1192071168;18563072;1331003392;0;0;0;0;0;0;0;0;0;0;0;2595;0;0;126;0;181;0;
12511;6821120;1192071168;18563072;1331003392;0;0;0;0;0;0;0;0;0;0;0;2425;0;0;126;0;181;0;
12512;3713794;1192071168;18563072;1331003392;0;0;0;0;0;0;0;0;0;0;0;3056;0;0;126;0;181;0;
12513;9854748;1192071168;18563072;1331003392;0;0;0;0;0;0;0;0;0;0;0;2314;0;0;126;0;181;0;
12514;5559754;1192071168;18563072;1331003392;0;0;0;0;0;0;0;0;0;0;0;3576;0;0;126;0;181;0;
12515;9015465;1192071168;18563072;1331003392;0;0;0;0;0;0;0;0;0;0;0;3095;0;0;126;0;181;0;
12516;6911660;1192071168;18563072;1331003392;0;0;0;0;0;0;0;0;0;0;0;3246;0;0;126;0;181;0;
12517;6910697;1192071168;18563072;1331003392;0;0;0;0;0;0;0;0;0;0;0;2535;0;0;126;0;181;0;
12518;6013105;1192071168;18563072;1331003392;0;0;0;0;0;0;0;0;0;0;0;3967;0;0;126;0;181;0;
12519;7704657;1192071168;18563072;1331003392;0;0;0;0;0;0;0;0;0;0;0;1894;0;0;126;0;181;0;
12520;6638668;1192071168;18563072;1331003392;0;0;0;0;0;0;0;0;0;0;0;3366;0;0;126;0;181;0;
12521;7859386;1192071168;18567168;1331007488;0;0;0;0;0;0;0;0;0;0;0;2956;0;0;126;0;181;0;
12522;8432190;1192071168;18571264;1331011584;0;0;0;0;0;0;0;0;0;0;0;3677;0;0;126;0;181;0;
12523;7406147;1192071168;18571264;1331011584;0;0;0;0;0;0;0;0;0;0;0;2534;0;0;126;0;181;0;
12524;5095174;1192071168;18571264;1331011584;0;0;0;0;0;0;0;0;0;0;0;2554;0;0;126;0;181;0;
12525;6967524;1192071168;18571264;1331011584;0;0;0;0;0;0;0;0;0;0;0;2124;0;0;126;0;181;0;
12526;6938400;1192071168;18571264;1331011584;0;0;0;0;0;0;0;0;0;0;0;3737;0;0;126;0;181;0;
12527;7425804;1192071168;18571264;1331011584;0;0;0;0;0;0;0;0;0;0;0;2945;0;0;126;0;181;0;
12528;6494598;1192071168;18563072;1331003392;0;0;0;0;0;0;0;0;0;0;0;4028;0;0;126;0;181;0;
12529;6529633;1192071168;18563072;1331003392;0;0;0;0;0;0;0;0;0;0;0;2644;0;0;126;0;181;0;
12530;4654788;1192071168;18563072;1331003392;0;0;0;0;0;0;0;0;0;0;0;3476;0;0;126;0;181;0;
12531;8588323;1192071168;18563072;1331003392;0;0;0;0;0;0;0;0;0;0;0;1993;0;0;126;0;181;0;
12532;5914440;1192071168;18563072;1331003392;0;0;0;0;0;0;0;0;0;0;0;4458;0;0;126;0;181;0;
12533;8029746;1192071168;18563072;1331003392;0;0;0;0;0;0;0;0;0;0;0;2975;0;0;126;0;181;0;
12534;5379086;1192071168;18563072;1331003392;0;0;0;0;0;0;0;0;0;0;0;3536;0;0;126;0;181;0;
12535;10554801;1192071168;18563072;1331003392;0;0;0;0;0;0;0;0;0;0;0;4208;0;0;126;0;181;0;
12536;6846557;1192071168;18563072;1331003392;0;0;0;0;0;0;0;0;0;0;0;3286;0;0;126;0;181;0;
12537;7691071;1192071168;18563072;1331003392;0;0;0;0;0;0;0;0;0;0;0;3046;0;0;126;0;181;0;
12538;6193824;1192071168;18563072;1331003392;0;0;0;0;0;0;0;0;0;0;0;3797;0;0;126;0;181;0;
12539;6820228;1192071168;18563072;1331003392;0;0;0;0;0;0;0;0;0;0;0;2986;0;0;126;0;181;0;
12540;6571011;1192071168;18563072;1331003392;0;0;0;0;0;0;0;0;0;0;0;3426;0;0;126;0;181;0;
12541;8144351;1192071168;18563072;1331003392;0;0;0;0;0;0;0;0;0;0;0;3617;0;0;126;0;181;0;
12542;6011212;1192071168;18563072;1331003392;0;0;0;0;0;0;0;0;0;0;0;3106;0;0;126;0;181;0;
12543;9030453;1192071168;18563072;1331003392;0;0;0;0;0;0;0;0;0;0;0;3777;0;0;126;0;181;0;
12544;6170560;1192071168;18563072;1331003392;0;0;0;0;0;0;0;0;0;0;0;4679;0;0;126;0;181;0;
12545;8774794;1192071168;18563072;1331003392;0;0;0;0;0;0;0;0;0;0;0;4058;0;0;126;0;181;0;
12546;8642926;1192071168;18563072;1331003392;0;0;0;0;0;0;0;0;0;0;0;3626;0;0;126;0;181;0;
12547;7622552;1192071168;18563072;1331003392;0;0;0;0;0;0;0;0;0;0;0;4298;0;0;126;0;181;0;
12548;9882730;1192071168;18563072;1331003392;0;0;0;0;0;0;0;0;0;0;0;4107;0;0;126;0;181;0;
12549;7904521;1192071168;18563072;1331003392;0;0;0;0;0;0;0;0;0;0;0;3627;0;0;126;0;181;0;
12550;7829831;1192071168;18563072;1331003392;0;0;0;0;0;0;0;0;0;0;0;3486;0;0;126;0;181;0;
12551;8359545;1192071168;18563072;1331003392;0;0;0;0;0;0;0;0;0;0;0;4228;0;0;126;0;181;0;
12552;6883897;1192071168;18563072;1331003392;0;0;0;0;0;0;0;0;0;0;0;4148;0;0;126;0;181;0;
12553;8263685;1192071168;18563072;1331003392;0;0;0;0;0;0;0;0;0;0;0;4549;0;0;126;0;181;0;
12554;6337513;1192071168;18563072;1331003392;0;0;0;0;0;0;0;0;0;0;0;3026;0;0;126;0;181;0;
12555;9502948;1192071168;18563072;1331003392;0;0;0;0;0;0;0;0;0;0;0;3446;0;0;126;0;181;0;
12556;5127384;1192071168;18563072;1331003392;0;0;0;0;0;0;0;0;0;0;0;2966;0;0;126;0;181;0;
12557;8363712;1192071168;18563072;1331003392;0;0;0;0;0;0;0;0;0;0;0;2364;0;0;126;0;181;0;
12558;5693816;1192071168;18563072;1331003392;0;0;0;0;0;0;0;0;0;0;0;4388;0;0;126;0;181;0;
12559;9470638;1192071168;18563072;1331003392;0;0;0;0;0;0;0;0;0;0;0;3697;0;0;126;0;181;0;
12560;6968756;1192071168;18563072;1331003392;0;0;0;0;0;0;0;0;0;0;0;3877;0;0;126;0;181;0;
12561;13442566;1192071168;18563072;1331003392;0;0;0;0;0;0;0;0;0;0;0;4728;0;0;126;0;181;0;
12562;6604854;1192071168;18563072;1331003392;0;0;0;0;0;0;0;0;0;0;0;4218;0;0;126;0;181;0;
12563;9524880;1192071168;18563072;1331003392;0;0;0;0;0;0;0;0;0;0;0;5070;0;0;126;0;181;0;
12564;7990994;1192071168;18563072;1331003392;0;0;0;0;0;0;0;0;0;0;0;4709;0;0;126;0;181;0;
12565;11026114;1192071168;18563072;1331003392;0;0;0;0;0;0;0;0;0;0;0;3818;0;0;126;0;181;0;
12566;8654678;1192071168;18563072;1331003392;0;0;0;0;0;0;0;0;0;0;0;4358;0;0;126;0;181;0;
12567;10943059;1192071168;18563072;1331003392;0;0;0;0;0;0;0;0;0;0;0;3317;0;0;126;0;181;0;
12568;7562310;1192071168;18563072;1331003392;0;0;0;0;0;0;0;0;0;0;0;3887;0;0;126;0;181;0;
12569;9713994;1192071168;18563072;1331003392;0;0;0;0;0;0;0;0;0;0;0;3066;0;0;126;0;181;0;
12570;6506931;1192071168;18563072;1331003392;0;0;0;0;0;0;0;0;0;0;0;7023;0;0;126;0;181;0;
12571;9855930;1192071168;18563072;1331003392;0;0;0;0;0;0;0;0;0;0;0;4769;0;0;126;0;181;0;
12572;9434860;1192071168;18563072;1331003392;0;0;0;0;0;0;0;0;0;0;0;2635;0;0;126;0;181;0;
12573;7175274;1192071168;18563072;1331003392;0;0;0;0;0;0;0;0;0;0;0;2534;0;0;126;0;181;0;
12574;14546366;1192341504;18563072;1331003392;0;0;0;0;0;0;0;0;0;0;0;4018;0;0;126;0;181;0;
12575;9756544;1192341504;18563072;1331003392;0;0;0;0;0;0;0;0;0;0;0;3647;0;0;126;0;181;0;
12576;10878778;1192341504;18563072;1331003392;0;0;0;0;0;0;0;0;0;0;0;3637;0;0;126;0;181;0;
12577;10772249;1192341504;18563072;1331003392;0;0;0;0;0;0;0;0;0;0;0;3507;0;0;126;0;181;0;
12578;9592807;1192341504;18563072;1331003392;0;0;0;0;0;0;0;0;0;0;0;3196;0;0;126;0;181;0;
12579;10605827;1192341504;18563072;1331003392;0;0;0;0;0;0;0;0;0;0;0;3366;0;0;126;0;181;0;
12580;6442670;1192341504;18563072;1331003392;0;0;0;0;0;0;0;0;0;0;0;3206;0;0;126;0;181;0;
12581;11061842;1192341504;18563072;1331003392;0;0;0;0;0;0;0;0;0;0;0;2915;0;0;126;0;181;0;
12582;9256045;1192341504;18563072;1331003392;0;0;0;0;0;0;0;0;0;0;0;4218;0;0;126;0;181;0;
12583;11856912;1192341504;18567168;1331007488;0;0;0;0;0;0;0;0;0;0;0;3807;0;0;126;0;181;0;
12584;6454162;1192341504;18571264;1331011584;0;0;0;0;0;0;0;0;0;0;0;3176;0;0;126;0;181;0;
12585;10010140;1192341504;18571264;1331011584;0;0;0;0;0;0;0;0;0;0;0;2625;0;0;126;0;181;0;
12586;8032632;1192341504;18571264;1331011584;0;0;0;0;0;0;0;0;0;0;0;3837;0;0;126;0;181;0;
12587;8416932;1192341504;18571264;1331011584;0;0;0;0;0;0;0;0;0;0;0;4258;0;0;126;0;181;0;
12588;5282685;1192341504;18571264;1331011584;0;0;0;0;0;0;0;0;0;0;0;2655;0;0;126;0;181;0;
12589;9158302;1192341504;18571264;1331011584;0;0;0;0;0;0;0;0;0;0;0;3717;0;0;126;0;181;0;
12590;7488141;1192341504;18563072;1331003392;0;0;0;0;0;0;0;0;0;0;0;4288;0;0;126;0;181;0;
12591;7160607;1192341504;18563072;1331003392;0;0;0;0;0;0;0;0;0;0;0;2625;0;0;126;0;181;0;
12592;6956765;1192341504;18563072;1331003392;0;0;0;0;0;0;0;0;0;0;0;4308;0;0;126;0;181;0;
12593;11500584;1192878080;18563072;1331003392;0;0;0;0;0;0;0;0;0;0;0;4318;0;0;126;0;181;0;
12594;8227777;1192878080;18563072;1331003392;0;0;0;0;0;0;0;0;0;0;0;3026;0;0;126;0;181;0;
12595;8671600;1192878080;18563072;1331003392;0;0;0;0;0;0;0;0;0;0;0;3066;0;0;126;0;181;0;
12596;7277265;1192878080;18563072;1331003392;0;0;0;0;0;0;0;0;0;0;0;3677;0;0;126;0;181;0;
12597;11344802;1192878080;18563072;1331003392;0;0;0;0;0;0;0;0;0;0;0;6863;0;0;126;0;181;0;
12598;7535389;1192878080;18563072;1331003392;0;0;0;0;0;0;0;0;0;0;0;3516;0;0;126;0;181;0;
12599;10761308;1192878080;18563072;1331003392;0;0;0;0;0;0;0;0;0;0;0;2945;0;0;126;0;181;0;
12600;7202686;1192878080;18563072;1331003392;0;0;0;0;0;0;0;0;0;0;0;4248;0;0;126;0;181;0;
12601;9318392;1192878080;18563072;1331003392;0;0;0;0;0;0;0;0;0;0;0;3046;0;0;126;0;181;0;
12602;5883802;1192878080;18563072;1331003392;0;0;0;0;0;0;0;0;0;0;0;3637;0;0;126;0;181;0;
12603;9341546;1192878080;18563072;1331003392;0;0;0;0;0;0;0;0;0;0;0;3306;0;0;126;0;181;0;
12604;9368246;1192878080;18563072;1331003392;0;0;0;0;0;0;0;0;0;0;0;3246;0;0;126;0;181;0;
12605;5383674;1192878080;18563072;1331003392;0;0;0;0;0;0;0;0;0;0;0;3006;0;0;126;0;181;0;
12606;4858911;1192878080;18563072;1331003392;0;0;0;0;0;0;0;0;0;0;0;3637;0;0;126;0;181;0;
12607;5467242;1192878080;18563072;1331003392;0;0;0;0;0;0;0;0;0;0;0;2254;0;0;126;0;181;0;
12608;6264356;1192878080;18563072;1331003392;0;0;0;0;0;0;0;0;0;0;0;3216;0;0;126;0;181;0;
12609;9737629;1192878080;18563072;1331003392;0;0;0;0;0;0;0;0;0;0;0;3687;0;0;126;0;181;0;
12610;7476409;1192878080;18563072;1331003392;0;0;0;0;0;0;0;0;0;0;0;4318;0;0;126;0;181;0;
12611;8776716;1192878080;18563072;1331003392;0;0;0;0;0;0;0;0;0;0;0;2595;0;0;126;0;181;0;
12612;6389561;1192878080;18563072;1331003392;0;0;0;0;0;0;0;0;0;0;0;3827;0;0;126;0;181;0;
12613;4833273;1192878080;18563072;1331003392;0;0;0;0;0;0;0;0;0;0;0;2043;0;0;126;0;181;0;
12614;4105087;1192878080;18563072;1331003392;0;0;0;0;0;0;0;0;0;0;0;2906;0;0;126;0;181;0;
12615;4653696;1192878080;18563072;1331003392;0;0;0;0;0;0;0;0;0;0;0;1793;0;0;126;0;181;0;
12616;5398513;1192878080;18563072;1331003392;0;0;0;0;0;0;0;0;0;0;0;3707;0;0;126;0;181;0;
12617;9678247;1192878080;18563072;1331003392;0;0;0;0;0;0;0;0;0;0;0;3006;0;0;126;0;181;0;
12618;8244930;1192878080;18563072;1331003392;0;0;0;0;0;0;0;0;0;0;0;4548;0;0;126;0;181;0;
12619;8355346;1192878080;18563072;1331003392;0;0;0;0;0;0;0;0;0;0;0;3226;0;0;126;0;181;0;
12620;6860674;1192878080;18563072;1331003392;0;0;0;0;0;0;0;0;0;0;0;3666;0;0;126;0;181;0;
12621;9251416;1192878080;18563072;1331003392;0;0;0;0;0;0;0;0;0;0;0;2835;0;0;126;0;181;0;
12622;8289212;1192878080;18563072;1331003392;0;0;0;0;0;0;0;0;0;0;0;3175;0;0;126;0;181;0;
12623;7905102;1192878080;18563072;1331003392;0;0;0;0;0;0;0;0;0;0;0;3807;0;0;126;0;181;0;
12624;4390523;1192878080;18563072;1331003392;0;0;0;0;0;0;0;0;0;0;0;3366;0;0;126;0;181;0;
12625;10853010;1192878080;18563072;1331003392;0;0;0;0;0;0;0;0;0;0;0;3607;0;0;126;0;181;0;
12626;6811051;1192878080;18563072;1331003392;0;0;0;0;0;0;0;0;0;0;0;3666;0;0;126;0;181;0;
12627;9930701;1192878080;18563072;1331003392;0;0;0;0;0;0;0;0;0;0;0;2545;0;0;126;0;181;0;
12628;7960927;1192878080;18563072;1331003392;0;0;0;0;0;0;0;0;0;0;0;3576;0;0;126;0;181;0;
12629;10722144;1192878080;18563072;1331003392;0;0;0;0;0;0;0;0;0;0;0;3867;0;0;126;0;181;0;
12630;6048000;1192878080;18563072;1331003392;0;0;0;0;0;0;0;0;0;0;0;3156;0;0;126;0;181;0;
12631;11536382;1192878080;18563072;1331003392;0;0;0;0;0;0;0;0;0;0;0;3777;0;0;126;0;181;0;
12632;8590488;1192878080;18563072;1331003392;0;0;0;0;0;0;0;0;0;0;0;3356;0;0;126;0;181;0;
12633;12340759;1192878080;18563072;1331003392;0;0;0;0;0;0;0;0;0;0;0;3797;0;0;126;0;181;0;
12634;7833809;1192878080;18563072;1331003392;0;0;0;0;0;0;0;0;0;0;0;3727;0;0;126;0;181;0;
12635;7922996;1192878080;18563072;1331003392;0;0;0;0;0;0;0;0;0;0;0;2255;0;0;126;0;181;0;
12636;8746540;1192878080;18563072;1331003392;0;0;0;0;0;0;0;0;0;0;0;2725;0;0;126;0;181;0;
12637;8112101;1192878080;18563072;1331003392;0;0;0;0;0;0;0;0;0;0;0;3326;0;0;126;0;181;0;
12638;4219913;1192878080;18563072;1331003392;0;0;0;0;0;0;0;0;0;0;0;4398;0;0;126;0;181;0;
12639;5720296;1192878080;18563072;1331003392;0;0;0;0;0;0;0;0;0;0;0;1623;0;0;126;0;181;0;
12640;9505833;1192878080;18563072;1331003392;0;0;0;0;0;0;0;0;0;0;0;3767;0;0;126;0;181;0;
12641;10587091;1192878080;18563072;1331003392;0;0;0;0;0;0;0;0;0;0;0;3176;0;0;126;0;181;0;
12642;8053201;1192878080;18563072;1331003392;0;0;0;0;0;0;0;0;0;0;0;3477;0;0;126;0;181;0;
12643;7629005;1192878080;18563072;1331003392;0;0;0;0;0;0;0;0;0;0;0;2334;0;0;126;0;181;0;
12644;8656171;1192878080;18563072;1331003392;0;0;0;0;0;0;0;0;0;0;0;3907;0;0;126;0;181;0;
12645;9528156;1192878080;18563072;1331003392;0;0;0;0;0;0;0;0;0;0;0;3566;0;0;126;0;181;0;
12646;7914030;1192878080;18563072;1331003392;0;0;0;0;0;0;0;0;0;0;0;4699;0;0;126;0;181;0;
12647;10486884;1192878080;18563072;1331003392;0;0;0;0;0;0;0;0;0;0;0;2585;0;0;126;0;181;0;
12648;4679715;1192878080;18563072;1331003392;0;0;0;0;0;0;0;0;0;0;0;2976;0;0;126;0;181;0;
12649;8143039;1192878080;18563072;1331003392;0;0;0;0;0;0;0;0;0;0;0;2295;0;0;126;0;181;0;
12650;9964875;1192878080;18563072;1331003392;0;0;0;0;0;0;0;0;0;0;0;3587;0;0;126;0;181;0;
12651;10895339;1192878080;18563072;1331003392;0;0;0;0;0;0;0;0;0;0;0;3026;0;0;126;0;181;0;
12652;7870137;1192878080;18563072;1331003392;0;0;0;0;0;0;0;0;0;0;0;2805;0;0;126;0;181;0;
12653;10803958;1192878080;18563072;1331003392;0;0;0;0;0;0;0;0;0;0;0;3356;0;0;126;0;181;0;
12654;7995783;1192878080;18563072;1331003392;0;0;0;0;0;0;0;0;0;0;0;3526;0;0;126;0;181;0;
12655;7577799;1192878080;18563072;1331003392;0;0;0;0;0;0;0;0;0;0;0;2314;0;0;126;0;181;0;
12656;7584641;1192878080;18563072;1331003392;0;0;0;0;0;0;0;0;0;0;0;3106;0;0;126;0;181;0;
12657;9238122;1192878080;18563072;1331003392;0;0;0;0;0;0;0;0;0;0;0;3406;0;0;126;0;181;0;
12658;7290680;1192878080;18563072;1331003392;0;0;0;0;0;0;0;0;0;0;0;4468;0;0;126;0;181;0;
12659;10447029;1192878080;18563072;1331003392;0;0;0;0;0;0;0;0;0;0;0;3316;0;0;126;0;181;0;
12660;7325556;1192878080;18563072;1331003392;0;0;0;0;0;0;0;0;0;0;0;3868;0;0;126;0;181;0;
12661;7155938;1192878080;18563072;1331003392;0;0;0;0;0;0;0;0;0;0;0;2675;0;0;126;0;181;0;
12662;8424506;1193148416;18563072;1331003392;0;0;0;0;0;0;0;0;0;0;0;3707;0;0;126;0;181;0;
12663;9245847;1193148416;18563072;1331003392;0;0;0;0;0;0;0;0;0;0;0;2825;0;0;126;0;181;0;
12664;7189120;1193148416;18563072;1331003392;0;0;0;0;0;0;0;0;0;0;0;3226;0;0;126;0;181;0;
12665;11145168;1193148416;18563072;1331003392;0;0;0;0;0;0;0;0;0;0;0;3868;0;0;126;0;181;0;
12666;4934202;1193148416;18563072;1331003392;0;0;0;0;0;0;0;0;0;0;0;3327;0;0;126;0;181;0;
12667;9663540;1193148416;18563072;1331003392;0;0;0;0;0;0;0;0;0;0;0;2835;0;0;126;0;181;0;
12668;6083547;1193148416;18563072;1331003392;0;0;0;0;0;0;0;0;0;0;0;3677;0;0;126;0;181;0;
12669;10324659;1193148416;18563072;1331003392;0;0;0;0;0;0;0;0;0;0;0;2915;0;0;126;0;181;0;
12670;4679434;1193148416;18563072;1331003392;0;0;0;0;0;0;0;0;0;0;0;5319;0;0;126;0;181;0;
12671;8419487;1193148416;18563072;1331003392;0;0;0;0;0;0;0;0;0;0;0;3447;0;0;126;0;181;0;
12672;4846417;1193148416;18563072;1331003392;0;0;0;0;0;0;0;0;0;0;0;3437;0;0;126;0;181;0;
12673;6811021;1193148416;18563072;1331003392;0;0;0;0;0;0;0;0;0;0;0;2625;0;0;126;0;181;0;
12674;5186314;1193148416;18563072;1331003392;0;0;0;0;0;0;0;0;0;0;0;3988;0;0;126;0;181;0;
12675;7488632;1193148416;18563072;1331003392;0;0;0;0;0;0;0;0;0;0;0;2184;0;0;126;0;181;0;
12676;4936967;1193148416;18563072;1331003392;0;0;0;0;0;0;0;0;0;0;0;3436;0;0;126;0;181;0;
12677;6607740;1193148416;18563072;1331003392;0;0;0;0;0;0;0;0;0;0;0;3336;0;0;126;0;181;0;
12678;5387141;1193148416;18563072;1331003392;0;0;0;0;0;0;0;0;0;0;0;4178;0;0;126;0;181;0;
12679;8027452;1193148416;18563072;1331003392;0;0;0;0;0;0;0;0;0;0;0;3527;0;0;126;0;181;0;
12680;4965771;1193148416;18563072;1331003392;0;0;0;0;0;0;0;0;0;0;0;5240;0;0;126;0;181;0;
12681;7869897;1193148416;18563072;1331003392;0;0;0;0;0;0;0;0;0;0;0;4107;0;0;126;0;181;0;
12682;5786510;1193148416;18563072;1331003392;0;0;0;0;0;0;0;0;0;0;0;3857;0;0;126;0;181;0;
12683;6791695;1193148416;18563072;1331003392;0;0;0;0;0;0;0;0;0;0;0;3637;0;0;126;0;181;0;
12684;5473343;1193148416;18563072;1331003392;0;0;0;0;0;0;0;0;0;0;0;3105;0;0;126;0;181;0;
12685;6917711;1193148416;18563072;1331003392;0;0;0;0;0;0;0;0;0;0;0;3256;0;0;126;0;181;0;
12686;8038643;1193148416;18563072;1331003392;0;0;0;0;0;0;0;0;0;0;0;4659;0;0;126;0;181;0;
12687;9944006;1193148416;18563072;1331003392;0;0;0;0;0;0;0;0;0;0;0;3076;0;0;126;0;181;0;
12688;9121263;1193148416;18563072;1331003392;0;0;0;0;0;0;0;0;0;0;0;3997;0;0;126;0;181;0;
12689;8738024;1193148416;18563072;1331003392;0;0;0;0;0;0;0;0;0;0;0;3587;0;0;126;0;181;0;
12690;7310808;1193148416;18563072;1331003392;0;0;0;0;0;0;0;0;0;0;0;3847;0;0;126;0;181;0;
12691;7041283;1193148416;18563072;1331003392;0;0;0;0;0;0;0;0;0;0;0;3396;0;0;126;0;181;0;
12692;8025519;1193148416;18563072;1331003392;0;0;0;0;0;0;0;0;0;0;0;3096;0;0;126;0;181;0;
12693;10521779;1193148416;18563072;1331003392;0;0;0;0;0;0;0;0;0;0;0;3767;0;0;126;0;181;0;
12694;7411297;1193148416;18563072;1331003392;0;0;0;0;0;0;0;0;0;0;0;3256;0;0;126;0;181;0;
12695;8636073;1193148416;18563072;1331003392;0;0;0;0;0;0;0;0;0;0;0;3758;0;0;126;0;181;0;
12696;7143294;1193148416;18563072;1331003392;0;0;0;0;0;0;0;0;0;0;0;3617;0;0;126;0;181;0;
12697;9478883;1193148416;18563072;1331003392;0;0;0;0;0;0;0;0;0;0;0;3527;0;0;126;0;181;0;
12698;11109782;1193148416;18563072;1331003392;0;0;0;0;0;0;0;0;0;0;0;4528;0;0;126;0;181;0;
12699;7277586;1193148416;18563072;1331003392;0;0;0;0;0;0;0;0;0;0;0;3186;0;0;126;0;181;0;
12700;4798156;1193148416;18563072;1331003392;0;0;0;0;0;0;0;0;0;0;0;4308;0;0;126;0;181;0;
12701;11930790;1193148416;18563072;1331003392;0;0;0;0;0;0;0;0;0;0;0;3787;0;0;126;0;181;0;
12702;10748704;1193148416;18563072;1331003392;0;0;0;0;0;0;0;0;0;0;0;3557;0;0;126;0;181;0;
12703;8673283;1193148416;18563072;1331003392;0;0;0;0;0;0;0;0;0;0;0;3427;0;0;126;0;181;0;
12704;5991174;1193148416;18563072;1331003392;0;0;0;0;0;0;0;0;0;0;0;3296;0;0;126;0;181;0;
12705;8924394;1193148416;18563072;1331003392;0;0;0;0;0;0;0;0;0;0;0;2965;0;0;126;0;181;0;
12706;4589285;1193148416;18563072;1331003392;0;0;0;0;0;0;0;0;0;0;0;3347;0;0;126;0;181;0;
12707;10434896;1193148416;18563072;1331003392;0;0;0;0;0;0;0;0;0;0;0;3957;0;0;126;0;181;0;
12708;6329087;1193148416;18563072;1331003392;0;0;0;0;0;0;0;0;0;0;0;3817;0;0;126;0;181;0;
12709;7779577;1193148416;18563072;1331003392;0;0;0;0;0;0;0;0;0;0;0;2905;0;0;126;0;181;0;
12710;9425424;1193148416;18563072;1331003392;0;0;0;0;0;0;0;0;0;0;0;3286;0;0;126;0;181;0;
12711;11142703;1193148416;18563072;1331003392;0;0;0;0;0;0;0;0;0;0;0;3386;0;0;126;0;181;0;
12712;6243738;1193148416;18563072;1331003392;0;0;0;0;0;0;0;0;0;0;0;3116;0;0;126;0;181;0;
12713;10304572;1193148416;18563072;1331003392;0;0;0;0;0;0;0;0;0;0;0;3637;0;0;126;0;181;0;
12714;5959975;1193148416;18563072;1331003392;0;0;0;0;0;0;0;0;0;0;0;3758;0;0;126;0;181;0;
12715;9402791;1193148416;18563072;1331003392;0;0;0;0;0;0;0;0;0;0;0;3196;0;0;126;0;181;0;
12716;5336286;1193148416;18563072;1331003392;0;0;0;0;0;0;0;0;0;0;0;3506;0;0;126;0;181;0;
12717;12346160;1193148416;18563072;1331003392;0;0;0;0;0;0;0;0;0;0;0;3206;0;0;126;0;181;0;
12718;8749596;1193148416;18563072;1331003392;0;0;0;0;0;0;0;0;0;0;0;3046;0;0;126;0;181;0;
12719;8429105;1193148416;18563072;1331003392;0;0;0;0;0;0;0;0;0;0;0;3427;0;0;126;0;181;0;
12720;12473528;1193148416;18563072;1331003392;0;0;0;0;0;0;0;0;0;0;0;3787;0;0;126;0;181;0;
12721;12400883;1193148416;18563072;1331003392;0;0;0;0;0;0;0;0;0;0;0;3506;0;0;126;0;181;0;
12722;11007419;1193148416;18563072;1331003392;0;0;0;0;0;0;0;0;0;0;0;3677;0;0;126;0;181;0;
12723;15223615;1193148416;18563072;1331003392;0;0;0;0;0;0;0;0;0;0;0;3216;0;0;126;0;181;0;
12724;13683718;1193148416;18563072;1331003392;0;0;0;0;0;0;0;0;0;0;0;3506;0;0;126;0;181;0;
12725;11099923;1193148416;18563072;1331003392;0;0;0;0;0;0;0;0;0;0;0;4068;0;0;126;0;181;0;
12726;10579527;1193148416;18563072;1331003392;0;0;0;0;0;0;0;0;0;0;0;4529;0;0;126;0;181;0;
12727;10878277;1193148416;18563072;1331003392;0;0;0;0;0;0;0;0;0;0;0;3246;0;0;126;0;181;0;
12728;9423199;1193148416;18563072;1331003392;0;0;0;0;0;0;0;0;0;0;0;3727;0;0;126;0;181;0;
12729;12455826;1193148416;18563072;1331003392;0;0;0;0;0;0;0;0;0;0;0;2855;0;0;126;0;181;0;
12730;12745729;1193148416;18563072;1331003392;0;0;0;0;0;0;0;0;0;0;0;3797;0;0;126;0;181;0;
12731;9820173;1193148416;18563072;1331003392;0;0;0;0;0;0;0;0;0;0;0;3056;0;0;126;0;181;0;
12732;5962901;1193148416;18563072;1331003392;0;0;0;0;0;0;0;0;0;0;0;3226;0;0;126;0;181;0;
12733;11010155;1193148416;18563072;1331003392;0;0;0;0;0;0;0;0;0;0;0;2816;0;0;126;0;181;0;
12734;9016636;1193148416;18563072;1331003392;0;0;0;0;0;0;0;0;0;0;0;3747;0;0;126;0;181;0;
12735;10242335;1193148416;18563072;1331003392;0;0;0;0;0;0;0;0;0;0;0;3476;0;0;126;0;181;0;
12736;7667196;1193148416;18563072;1331003392;0;0;0;0;0;0;0;0;0;0;0;3527;0;0;126;0;181;0;
12737;6354776;1193148416;18563072;1331003392;0;0;0;0;0;0;0;0;0;0;0;3667;0;0;126;0;181;0;
12738;5827206;1193148416;18563072;1331003392;0;0;0;0;0;0;0;0;0;0;0;3356;0;0;126;0;181;0;
12739;8867337;1193148416;18563072;1331003392;0;0;0;0;0;0;0;0;0;0;0;2705;0;0;126;0;181;0;
12740;6073147;1193148416;18563072;1331003392;0;0;0;0;0;0;0;0;0;0;0;3076;0;0;126;0;181;0;
12741;10081113;1193148416;18563072;1331003392;0;0;0;0;0;0;0;0;0;0;0;2545;0;0;126;0;181;0;
12742;7439540;1193148416;18563072;1331003392;0;0;0;0;0;0;0;0;0;0;0;3847;0;0;126;0;181;0;
12743;9042064;1193148416;18563072;1331003392;0;0;0;0;0;0;0;0;0;0;0;3957;0;0;126;0;181;0;
12744;7210911;1193148416;18563072;1331003392;0;0;0;0;0;0;0;0;0;0;0;3577;0;0;126;0;181;0;
12745;10052719;1193148416;18563072;1331003392;0;0;0;0;0;0;0;0;0;0;0;3025;0;0;126;0;181;0;
12746;15396479;1193148416;18563072;1331003392;0;0;0;0;0;0;0;0;0;0;0;3527;0;0;126;0;181;0;
12747;13824972;1193148416;18563072;1331003392;0;0;0;0;0;0;0;0;0;0;0;5249;0;0;126;0;182;0;
12748;7669501;1193148416;18563072;1331003392;0;0;0;0;0;0;0;0;0;0;0;2605;0;0;126;0;182;0;
12749;10514445;1193148416;18563072;1331003392;0;0;0;0;0;0;0;0;0;0;0;2264;0;0;126;0;182;0;
12750;8388910;1193148416;18563072;1331003392;0;0;0;0;0;0;0;0;0;0;0;4217;0;0;126;0;182;0;
12751;12528131;1193148416;18563072;1331003392;0;0;0;0;0;0;0;0;0;0;0;3096;0;0;126;0;182;0;
12752;9503299;1193148416;18563072;1331003392;0;0;0;0;0;0;0;0;0;0;0;3507;0;0;126;0;182;0;
12753;12383941;1193148416;18563072;1331003392;0;0;0;0;0;0;0;0;0;0;0;3918;0;0;126;0;182;0;
12754;7833869;1193148416;18563072;1331003392;0;0;0;0;0;0;0;0;0;0;0;3427;0;0;126;0;182;0;
12755;12738926;1193148416;18563072;1331003392;0;0;0;0;0;0;0;0;0;0;0;3226;0;0;126;0;182;0;
12756;6573035;1193148416;18563072;1331003392;0;0;0;0;0;0;0;0;0;0;0;3256;0;0;126;0;182;0;
12757;9454738;1193148416;18563072;1331003392;0;0;0;0;0;0;0;0;0;0;0;2705;0;0;126;0;182;0;
12758;11145308;1193148416;18563072;1331003392;0;0;0;0;0;0;0;0;0;0;0;3506;0;0;126;0;182;0;
12759;11044709;1193148416;18563072;1331003392;0;0;0;0;0;0;0;0;0;0;0;3637;0;0;126;0;182;0;
12760;7941591;1193148416;18563072;1331003392;0;0;0;0;0;0;0;0;0;0;0;4017;0;0;126;0;182;0;
12761;14928902;1193148416;18567168;1331007488;0;0;0;0;0;0;0;0;0;0;0;4489;0;0;126;0;182;0;
12762;7328751;1193148416;18571264;1331011584;0;0;0;0;0;0;0;0;0;0;0;4098;0;0;126;0;182;0;
12763;10718989;1193148416;18571264;1331011584;0;0;0;0;0;0;0;0;0;0;0;3888;0;0;126;0;182;0;
12764;9147903;1193148416;18571264;1331011584;0;0;0;0;0;0;0;0;0;0;0;3597;0;0;126;0;182;0;
12765;13412679;1193148416;18571264;1331011584;0;0;0;0;0;0;0;0;0;0;0;6693;0;0;126;0;182;0;
12766;14968036;1193148416;18571264;1331011584;0;0;0;0;0;0;0;0;0;0;0;4268;0;0;126;0;182;0;
12767;10713809;1193148416;18571264;1331011584;0;0;0;0;0;0;0;0;0;0;0;3457;0;0;126;0;182;0;
12768;7934037;1193148416;18563072;1331003392;0;0;0;0;0;0;0;0;0;0;0;3908;0;0;126;0;182;0;
12769;11124459;1193148416;18563072;1331003392;0;0;0;0;0;0;0;0;0;0;0;3918;0;0;126;0;182;0;
12770;9318834;1193148416;18563072;1331003392;0;0;0;0;0;0;0;0;0;0;0;4860;0;0;126;0;187;0;
12771;9240787;1193148416;18563072;1331003392;0;0;0;0;0;0;0;0;0;0;0;2595;0;0;126;0;187;0;
12772;7547412;1193148416;18563072;1331003392;0;0;0;0;0;0;0;0;0;0;0;3456;0;0;126;0;187;0;
12773;11408191;1193148416;18563072;1331003392;0;0;0;0;0;0;0;0;0;0;0;3126;0;0;126;0;187;0;
12774;6776015;1193148416;18563072;1331003392;0;0;0;0;0;0;0;0;0;0;0;3306;0;0;126;0;187;0;
12775;9784697;1193148416;18563072;1331003392;0;0;0;0;0;0;0;0;0;0;0;3697;0;0;126;0;187;0;
12776;7183570;1193148416;18563072;1331003392;0;0;0;0;0;0;0;0;0;0;0;3106;0;0;126;0;187;0;
12777;8475081;1193148416;18563072;1331003392;0;0;0;0;0;0;0;0;0;0;0;3777;0;0;126;0;187;0;
12778;11476719;1193148416;18563072;1331003392;0;0;0;0;0;0;0;0;0;0;0;4779;0;0;126;0;187;0;
12779;8571512;1193148416;18563072;1331003392;0;0;0;0;0;0;0;0;0;0;0;3196;0;0;126;0;187;0;
12780;8747382;1193148416;18563072;1331003392;0;0;0;0;0;0;0;0;0;0;0;4138;0;0;126;0;187;0;
12781;6940664;1193148416;18563072;1331003392;0;0;0;0;0;0;0;0;0;0;0;2455;0;0;126;0;187;0;
12782;8918052;1193148416;18563072;1331003392;0;0;0;0;0;0;0;0;0;0;0;3777;0;0;126;0;187;0;
12783;6677090;1193148416;18563072;1331003392;0;0;0;0;0;0;0;0;0;0;0;2285;0;0;126;0;187;0;
12784;9028690;1193148416;18563072;1331003392;0;0;0;0;0;0;0;0;0;0;0;3076;0;0;126;0;187;0;
12785;6125505;1193148416;18563072;1331003392;0;0;0;0;0;0;0;0;0;0;0;2034;0;0;126;0;187;0;
12786;5632451;1193148416;18563072;1331003392;0;0;0;0;0;0;0;0;0;0;0;2906;0;0;126;0;187;0;
12787;7803742;1193148416;18563072;1331003392;0;0;0;0;0;0;0;0;0;0;0;3266;0;0;126;0;187;0;
12788;6528320;1193148416;18563072;1331003392;0;0;0;0;0;0;0;0;0;0;0;3396;0;0;126;0;187;0;
12789;9689388;1193148416;18563072;1331003392;0;0;0;0;0;0;0;0;0;0;0;3987;0;0;126;0;187;0;
12790;5615659;1193148416;18563072;1331003392;0;0;0;0;0;0;0;0;0;0;0;2946;0;0;126;0;187;0;
12791;8488837;1193148416;18563072;1331003392;0;0;0;0;0;0;0;0;0;0;0;3046;0;0;126;0;187;0;
12792;7072050;1193148416;18563072;1331003392;0;0;0;0;0;0;0;0;0;0;0;2955;0;0;126;0;187;0;
12793;7446492;1193148416;18563072;1331003392;0;0;0;0;0;0;0;0;0;0;0;2715;0;0;126;0;187;0;
12794;7370280;1193148416;18563072;1331003392;0;0;0;0;0;0;0;0;0;0;0;3386;0;0;126;0;187;0;
12795;7673939;1193148416;18563072;1331003392;0;0;0;0;0;0;0;0;0;0;0;2385;0;0;126;0;187;0;
12796;6295525;1193148416;18563072;1331003392;0;0;0;0;0;0;0;0;0;0;0;3387;0;0;126;0;187;0;
12797;7453556;1193148416;18563072;1331003392;0;0;0;0;0;0;0;0;0;0;0;2094;0;0;126;0;187;0;
12798;8712857;1193148416;18563072;1331003392;0;0;0;0;0;0;0;0;0;0;0;3056;0;0;126;0;187;0;
12799;9605271;1193148416;18563072;1331003392;0;0;0;0;0;0;0;0;0;0;0;3256;0;0;126;0;187;0;
12800;6968226;1193148416;18563072;1331003392;0;0;0;0;0;0;0;0;0;0;0;3206;0;0;126;0;187;0;
12801;10502473;1193148416;18563072;1331003392;0;0;0;0;0;0;0;0;0;0;0;3456;0;0;126;0;187;0;
12802;7453395;1193148416;18563072;1331003392;0;0;0;0;0;0;0;0;0;0;0;3527;0;0;126;0;187;0;
12803;9368466;1193148416;18563072;1331003392;0;0;0;0;0;0;0;0;0;0;0;3216;0;0;126;0;187;0;
12804;5938435;1193148416;18563072;1331003392;0;0;0;0;0;0;0;0;0;0;0;3366;0;0;126;0;187;0;
12805;6673834;1193148416;18563072;1331003392;0;0;0;0;0;0;0;0;0;0;0;2886;0;0;126;0;187;0;
12806;7832967;1193148416;18563072;1331003392;0;0;0;0;0;0;0;0;0;0;0;3567;0;0;126;0;187;0;
12807;8738966;1193148416;18563072;1331003392;0;0;0;0;0;0;0;0;0;0;0;3066;0;0;126;0;187;0;
12808;7051843;1193148416;18563072;1331003392;0;0;0;0;0;0;0;0;0;0;0;4088;0;0;126;0;187;0;
12809;8976331;1193148416;18563072;1331003392;0;0;0;0;0;0;0;0;0;0;0;3326;0;0;126;0;187;0;
12810;5439299;1193148416;18563072;1331003392;0;0;0;0;0;0;0;0;0;0;0;2996;0;0;126;0;187;0;
12811;8063239;1193148416;18563072;1331003392;0;0;0;0;0;0;0;0;0;0;0;2876;0;0;126;0;187;0;
12812;4784331;1193148416;18563072;1331003392;0;0;0;0;0;0;0;0;0;0;0;3787;0;0;126;0;187;0;
12813;12334668;1193148416;18563072;1331003392;0;0;0;0;0;0;0;0;0;0;0;3336;0;0;126;0;187;0;
12814;8989496;1193148416;18563072;1331003392;0;0;0;0;0;0;0;0;0;0;0;3076;0;0;126;0;187;0;
12815;10895840;1193148416;18563072;1331003392;0;0;0;0;0;0;0;0;0;0;0;3727;0;0;126;0;187;0;
12816;9207314;1193148416;18563072;1331003392;0;0;0;0;0;0;0;0;0;0;0;3356;0;0;126;0;187;0;
12817;11829351;1193148416;18563072;1331003392;0;0;0;0;0;0;0;0;0;0;0;3687;0;0;126;0;187;0;
12818;8020428;1193148416;18563072;1331003392;0;0;0;0;0;0;0;0;0;0;0;3085;0;0;126;0;187;0;
12819;13031715;1193148416;18567168;1331007488;0;0;0;0;0;0;0;0;0;0;0;3587;0;0;126;0;187;0;
12820;6642214;1193148416;18571264;1331011584;0;0;0;0;0;0;0;0;0;0;0;3466;0;0;126;0;187;0;
12821;8792948;1193148416;18571264;1331011584;0;0;0;0;0;0;0;0;0;0;0;3216;0;0;126;0;187;0;
12822;7064597;1193148416;18571264;1331011584;0;0;0;0;0;0;0;0;0;0;0;4258;0;0;126;0;187;0;
12823;8351640;1193148416;18571264;1331011584;0;0;0;0;0;0;0;0;0;0;0;3035;0;0;126;0;187;0;
12824;7349280;1193148416;18571264;1331011584;0;0;0;0;0;0;0;0;0;0;0;2865;0;0;126;0;187;0;
12825;7994530;1193148416;18571264;1331011584;0;0;0;0;0;0;0;0;0;0;0;4589;0;0;126;0;187;0;
12826;5626620;1193152512;18563072;1331003392;0;0;0;0;0;0;0;0;0;0;0;3857;0;0;126;0;187;0;
12827;9388314;1193152512;18563072;1331003392;0;0;0;0;0;0;0;0;0;0;0;3897;0;0;126;0;187;0;
12828;6471254;1193152512;18563072;1331003392;0;0;0;0;0;0;0;0;0;0;0;2746;0;0;126;0;187;0;
12829;10888316;1193152512;18563072;1331003392;0;0;0;0;0;0;0;0;0;0;0;3797;0;0;126;0;187;0;
12830;12031329;1193152512;18563072;1331003392;0;0;0;0;0;0;0;0;0;0;0;4178;0;0;126;0;187;0;
12831;11722520;1193152512;18563072;1331003392;0;0;0;0;0;0;0;0;0;0;0;3116;0;0;126;0;187;0;
12832;8928141;1193152512;18563072;1331003392;0;0;0;0;0;0;0;0;0;0;0;3026;0;0;126;0;187;0;
12833;10077947;1193152512;18563072;1331003392;0;0;0;0;0;0;0;0;0;0;0;3617;0;0;126;0;187;0;
12834;5766352;1193152512;18563072;1331003392;0;0;0;0;0;0;0;0;0;0;0;3206;0;0;126;0;187;0;
12835;10110437;1193152512;18563072;1331003392;0;0;0;0;0;0;0;0;0;0;0;3657;0;0;126;0;187;0;
12836;7179572;1193152512;18563072;1331003392;0;0;0;0;0;0;0;0;0;0;0;3717;0;0;126;0;187;0;
12837;11473623;1193152512;18563072;1331003392;0;0;0;0;0;0;0;0;0;0;0;3005;0;0;126;0;187;0;
12838;8211026;1193152512;18563072;1331003392;0;0;0;0;0;0;0;0;0;0;0;3466;0;0;126;0;187;0;
12839;9116454;1193152512;18563072;1331003392;0;0;0;0;0;0;0;0;0;0;0;4048;0;0;126;0;187;0;
12840;7331447;1193152512;18563072;1331003392;0;0;0;0;0;0;0;0;0;0;0;3056;0;0;126;0;187;0;
12841;10225434;1193152512;18563072;1331003392;0;0;0;0;0;0;0;0;0;0;0;3206;0;0;126;0;187;0;
12842;8025669;1193152512;18563072;1331003392;0;0;0;0;0;0;0;0;0;0;0;3206;0;0;126;0;187;0;
12843;7684348;1193152512;18563072;1331003392;0;0;0;0;0;0;0;0;0;0;0;2575;0;0;126;0;187;0;
12844;7414593;1193152512;18563072;1331003392;0;0;0;0;0;0;0;0;0;0;0;3476;0;0;126;0;187;0;
12845;9685130;1193152512;18563072;1331003392;0;0;0;0;0;0;0;0;0;0;0;3577;0;0;126;0;187;0;
12846;7244915;1193152512;18563072;1331003392;0;0;0;0;0;0;0;0;0;0;0;4288;0;0;126;0;187;0;
12847;10430869;1193152512;18563072;1331003392;0;0;0;0;0;0;0;0;0;0;0;3025;0;0;126;0;187;0;
12848;8959410;1193152512;18563072;1331003392;0;0;0;0;0;0;0;0;0;0;0;4488;0;0;126;0;187;0;
12849;10584477;1193152512;18563072;1331003392;0;0;0;0;0;0;0;0;0;0;0;4238;0;0;126;0;187;0;
12850;8034115;1193152512;18563072;1331003392;0;0;0;0;0;0;0;0;0;0;0;4218;0;0;126;0;187;0;
12851;12485160;1193152512;18563072;1331003392;0;0;0;0;0;0;0;0;0;0;0;4128;0;0;126;0;187;0;
12852;10621335;1193152512;18563072;1331003392;0;0;0;0;0;0;0;0;0;0;0;4529;0;0;126;0;189;0;
12853;10699382;1193152512;18563072;1331003392;0;0;0;0;0;0;0;0;0;0;0;3808;0;0;126;0;189;0;
12854;6105187;1193152512;18563072;1331003392;0;0;0;0;0;0;0;0;0;0;0;3025;0;0;126;0;189;0;
12855;12323056;1193152512;18563072;1331003392;0;0;0;0;0;0;0;0;0;0;0;3557;0;0;126;0;189;0;
12856;4557786;1193152512;18563072;1331003392;0;0;0;0;0;0;0;0;0;0;0;4008;0;0;126;0;189;0;
12857;7394615;1193152512;18563072;1331003392;0;0;0;0;0;0;0;0;0;0;0;3596;0;0;126;0;189;0;
12858;6967945;1193152512;18563072;1331003392;0;0;0;0;0;0;0;0;0;0;0;3306;0;0;126;0;189;0;
12859;10398237;1193152512;18563072;1331003392;0;0;0;0;0;0;0;0;0;0;0;2885;0;0;126;0;189;0;
12860;6752150;1193152512;18563072;1331003392;0;0;0;0;0;0;0;0;0;0;0;3777;0;0;126;0;189;0;
12861;8914195;1193152512;18563072;1331003392;0;0;0;0;0;0;0;0;0;0;0;3286;0;0;126;0;189;0;
12862;9198207;1193152512;18563072;1331003392;0;0;0;0;0;0;0;0;0;0;0;3286;0;0;126;0;189;0;
12863;10066906;1193152512;18563072;1331003392;0;0;0;0;0;0;0;0;0;0;0;3436;0;0;126;0;189;0;
12864;9968070;1193152512;18563072;1331003392;0;0;0;0;0;0;0;0;0;0;0;3517;0;0;126;0;189;0;
12865;7831975;1193152512;18563072;1331003392;0;0;0;0;0;0;0;0;0;0;0;2835;0;0;126;0;189;0;
12866;9236589;1193152512;18563072;1331003392;0;0;0;0;0;0;0;0;0;0;0;4909;0;0;126;0;189;0;
12867;9643953;1193152512;18563072;1331003392;0;0;0;0;0;0;0;0;0;0;0;3216;0;0;126;0;189;0;
12868;8810570;1193152512;18563072;1331003392;0;0;0;0;0;0;0;0;0;0;0;4409;0;0;126;0;189;0;
12869;10845266;1193152512;18563072;1331003392;0;0;0;0;0;0;0;0;0;0;0;2885;0;0;126;0;189;0;
12870;8892684;1193152512;18563072;1331003392;0;0;0;0;0;0;0;0;0;0;0;3096;0;0;126;0;189;0;
12871;10501210;1193152512;18563072;1331003392;0;0;0;0;0;0;0;0;0;0;0;3035;0;0;126;0;189;0;
12872;8123472;1193152512;18563072;1331003392;0;0;0;0;0;0;0;0;0;0;0;2624;0;0;126;0;189;0;
12873;10357010;1193152512;18563072;1331003392;0;0;0;0;0;0;0;0;0;0;0;2385;0;0;126;0;189;0;
12874;9977248;1193152512;18563072;1331003392;0;0;0;0;0;0;0;0;0;0;0;3907;0;0;126;0;189;0;
12875;12843142;1193152512;18567168;1331007488;0;0;0;0;0;0;0;0;0;0;0;3557;0;0;126;0;189;0;
12876;8683111;1193152512;18571264;1331011584;0;0;0;0;0;0;0;0;0;0;0;3216;0;0;126;0;189;0;
12877;12778370;1193152512;18571264;1331011584;0;0;0;0;0;0;0;0;0;0;0;5230;0;0;126;0;189;0;
12878;8573185;1193152512;18571264;1331011584;0;0;0;0;0;0;0;0;0;0;0;3337;0;0;126;0;189;0;
12879;9940809;1193152512;18571264;1331011584;0;0;0;0;0;0;0;0;0;0;0;2805;0;0;126;0;189;0;
12880;9690229;1193152512;18571264;1331011584;0;0;0;0;0;0;0;0;0;0;0;3687;0;0;126;0;189;0;
12881;8722525;1193152512;18571264;1331011584;0;0;0;0;0;0;0;0;0;0;0;3046;0;0;126;0;189;0;
12882;8367890;1193152512;18563072;1331003392;0;0;0;0;0;0;0;0;0;0;0;4088;0;0;126;0;189;0;
12883;9344311;1193152512;18563072;1331003392;0;0;0;0;0;0;0;0;0;0;0;3657;0;0;126;0;189;0;
12884;6460945;1193152512;18563072;1331003392;0;0;0;0;0;0;0;0;0;0;0;3837;0;0;126;0;189;0;
12885;8631275;1193152512;18563072;1331003392;0;0;0;0;0;0;0;0;0;0;0;2645;0;0;126;0;189;0;
12886;6868138;1193152512;18563072;1331003392;0;0;0;0;0;0;0;0;0;0;0;2955;0;0;126;0;189;0;
12887;9947121;1193152512;18563072;1331003392;0;0;0;0;0;0;0;0;0;0;0;3246;0;0;126;0;189;0;
12888;7828339;1193152512;18563072;1331003392;0;0;0;0;0;0;0;0;0;0;0;3447;0;0;126;0;189;0;
12889;9391189;1193152512;18563072;1331003392;0;0;0;0;0;0;0;0;0;0;0;3487;0;0;126;0;189;0;
12890;8957245;1193152512;18563072;1331003392;0;0;0;0;0;0;0;0;0;0;0;3396;0;0;126;0;189;0;
12891;12325722;1193152512;18563072;1331003392;0;0;0;0;0;0;0;0;0;0;0;3978;0;0;126;0;189;0;
12892;8538109;1193152512;18563072;1331003392;0;0;0;0;0;0;0;0;0;0;0;3456;0;0;126;0;189;0;
12893;10747872;1193152512;18563072;1331003392;0;0;0;0;0;0;0;0;0;0;0;3106;0;0;126;0;189;0;
12894;6726513;1193152512;18563072;1331003392;0;0;0;0;0;0;0;0;0;0;0;3307;0;0;126;0;189;0;
12895;10449664;1193152512;18563072;1331003392;0;0;0;0;0;0;0;0;0;0;0;2776;0;0;126;0;189;0;
12896;6922179;1193152512;18563072;1331003392;0;0;0;0;0;0;0;0;0;0;0;2855;0;0;126;0;189;0;
12897;10221185;1193152512;18563072;1331003392;0;0;0;0;0;0;0;0;0;0;0;4699;0;0;126;0;189;0;
12898;6743234;1193152512;18563072;1331003392;0;0;0;0;0;0;0;0;0;0;0;4739;0;0;126;0;189;0;
12899;10931558;1193152512;18563072;1331003392;0;0;0;0;0;0;0;0;0;0;0;3757;0;0;126;0;189;0;
12900;10384531;1193152512;18563072;1331003392;0;0;0;0;0;0;0;0;0;0;0;3607;0;0;126;0;189;0;
12901;10281217;1193152512;18563072;1331003392;0;0;0;0;0;0;0;0;0;0;0;3457;0;0;126;0;189;0;
12902;7564734;1193152512;18563072;1331003392;0;0;0;0;0;0;0;0;0;0;0;3587;0;0;126;0;189;0;
12903;6751669;1193152512;18563072;1331003392;0;0;0;0;0;0;0;0;0;0;0;2364;0;0;126;0;189;0;
12904;5983569;1193152512;18563072;1331003392;0;0;0;0;0;0;0;0;0;0;0;3526;0;0;126;0;189;0;
12905;5739020;1193152512;18563072;1331003392;0;0;0;0;0;0;0;0;0;0;0;1844;0;0;126;0;189;0;
12906;4300002;1193152512;18563072;1331003392;0;0;0;0;0;0;0;0;0;0;0;3957;0;0;126;0;189;0;
12907;7959604;1193152512;18563072;1331003392;0;0;0;0;0;0;0;0;0;0;0;2024;0;0;126;0;189;0;
12908;6346099;1193152512;18563072;1331003392;0;0;0;0;0;0;0;0;0;0;0;3487;0;0;126;0;189;0;
12909;10020879;1193152512;18563072;1331003392;0;0;0;0;0;0;0;0;0;0;0;2384;0;0;126;0;189;0;
12910;7004263;1193152512;18563072;1331003392;0;0;0;0;0;0;0;0;0;0;0;3657;0;0;126;0;189;0;
12911;10580580;1193152512;18563072;1331003392;0;0;0;0;0;0;0;0;0;0;0;3066;0;0;126;0;189;0;
12912;5337398;1193152512;18563072;1331003392;0;0;0;0;0;0;0;0;0;0;0;3276;0;0;126;0;189;0;
12913;10187161;1193152512;18563072;1331003392;0;0;0;0;0;0;0;0;0;0;0;2585;0;0;126;0;189;0;
12914;7259932;1193152512;18563072;1331003392;0;0;0;0;0;0;0;0;0;0;0;4047;0;0;126;0;189;0;
12915;8999384;1193152512;18563072;1331003392;0;0;0;0;0;0;0;0;0;0;0;2515;0;0;126;0;189;0;
12916;10149301;1193152512;18563072;1331003392;0;0;0;0;0;0;0;0;0;0;0;4278;0;0;126;0;189;0;
12917;9627251;1193152512;18563072;1331003392;0;0;0;0;0;0;0;0;0;0;0;4468;0;0;126;0;189;0;
12918;5617062;1193152512;18563072;1331003392;0;0;0;0;0;0;0;0;0;0;0;3677;0;0;126;0;189;0;
12919;7056481;1193152512;18563072;1331003392;0;0;0;0;0;0;0;0;0;0;0;2424;0;0;126;0;189;0;
12920;8958678;1193152512;18563072;1331003392;0;0;0;0;0;0;0;0;0;0;0;3947;0;0;126;0;189;0;
12921;9355522;1193152512;18563072;1331003392;0;0;0;0;0;0;0;0;0;0;0;2525;0;0;126;0;189;0;
12922;7694818;1193152512;18563072;1331003392;0;0;0;0;0;0;0;0;0;0;0;3848;0;0;126;0;189;0;
12923;6852248;1193152512;18563072;1331003392;0;0;0;0;0;0;0;0;0;0;0;2615;0;0;126;0;189;0;
12924;6840416;1193152512;18563072;1331003392;0;0;0;0;0;0;0;0;0;0;0;3166;0;0;126;0;189;0;
12925;10268254;1193152512;18563072;1331003392;0;0;0;0;0;0;0;0;0;0;0;2355;0;0;126;0;189;0;
12926;6434736;1193152512;18563072;1331003392;0;0;0;0;0;0;0;0;0;0;0;3297;0;0;126;0;189;0;
12927;11826456;1193152512;18563072;1331003392;0;0;0;0;0;0;0;0;0;0;0;3356;0;0;126;0;191;0;
12928;6755346;1193152512;18563072;1331003392;0;0;0;0;0;0;0;0;0;0;0;2895;0;0;126;0;191;0;
12929;9764119;1193152512;18563072;1331003392;0;0;0;0;0;0;0;0;0;0;0;3457;0;0;126;0;191;0;
12930;10163738;1193693184;18563072;1331003392;0;0;0;0;0;0;0;0;0;0;0;3476;0;0;126;0;191;0;
12931;12698229;1193693184;18563072;1331003392;0;0;0;0;0;0;0;0;0;0;0;3657;0;0;126;0;191;0;
12932;8083326;1193693184;18563072;1331003392;0;0;0;0;0;0;0;0;0;0;0;3546;0;0;126;0;191;0;
12933;12428103;1193693184;18567168;1331007488;0;0;0;0;0;0;0;0;0;0;0;5109;0;0;126;0;191;0;
12934;9322330;1193693184;18571264;1331011584;0;0;0;0;0;0;0;0;0;0;0;121819;0;0;126;0;191;0;
12935;12321774;1193693184;18571264;1331011584;0;0;0;0;0;0;0;0;0;0;0;4228;0;0;126;0;191;0;
12936;8235732;1193693184;18571264;1331011584;0;0;0;0;0;0;0;0;0;0;0;3226;0;0;126;0;191;0;
12937;9154835;1193693184;18571264;1331011584;0;0;0;0;0;0;0;0;0;0;0;2755;0;0;126;0;191;0;
12938;10139031;1193693184;18571264;1331011584;0;0;0;0;0;0;0;0;0;0;0;3626;0;0;126;0;191;0;
12939;12635732;1193693184;18571264;1331011584;0;0;0;0;0;0;0;0;0;0;0;3647;0;0;126;0;191;0;
12940;9992737;1193697280;18567168;1331007488;0;0;0;0;0;0;0;0;0;0;0;2876;0;0;126;0;191;0;
12941;11914951;1193697280;18567168;1331007488;0;0;0;0;0;0;0;0;0;0;0;3617;0;0;126;0;191;0;
12942;9211532;1193693184;18563072;1331003392;0;0;0;0;0;0;0;0;0;0;0;3166;0;0;126;0;191;0;
12943;13197186;1193693184;18563072;1331003392;0;0;0;0;0;0;0;0;0;0;0;3517;0;0;126;0;191;0;
12944;12999264;1193693184;18563072;1331003392;0;0;0;0;0;0;0;0;0;0;0;4258;0;0;126;0;191;0;
12945;11297574;1193693184;18563072;1331003392;0;0;0;0;0;0;0;0;0;0;0;3556;0;0;126;0;191;0;
12946;6714319;1193693184;18563072;1331003392;0;0;0;0;0;0;0;0;0;0;0;3556;0;0;126;0;191;0;
12947;14758363;1193693184;18563072;1331003392;0;0;0;0;0;0;0;0;0;0;0;3847;0;0;126;0;191;0;
12948;10763603;1193693184;18563072;1331003392;0;0;0;0;0;0;0;0;0;0;0;3036;0;0;126;0;191;0;
12949;11327069;1193693184;18563072;1331003392;0;0;0;0;0;0;0;0;0;0;0;4318;0;0;126;0;191;0;
12950;9176787;1193693184;18563072;1331003392;0;0;0;0;0;0;0;0;0;0;0;3637;0;0;126;0;191;0;
12951;11246047;1193693184;18563072;1331003392;0;0;0;0;0;0;0;0;0;0;0;3337;0;0;126;0;191;0;
12952;7433759;1193693184;18563072;1331003392;0;0;0;0;0;0;0;0;0;0;0;2956;0;0;126;0;191;0;
12953;7686874;1193693184;18563072;1331003392;0;0;0;0;0;0;0;0;0;0;0;3737;0;0;126;0;191;0;
12954;9976156;1193693184;18563072;1331003392;0;0;0;0;0;0;0;0;0;0;0;4999;0;0;126;0;191;0;
12955;12681148;1193693184;18563072;1331003392;0;0;0;0;0;0;0;0;0;0;0;2715;0;0;126;0;191;0;
12956;9912837;1193693184;18563072;1331003392;0;0;0;0;0;0;0;0;0;0;0;4188;0;0;126;0;191;0;
12957;9823410;1193693184;18563072;1331003392;0;0;0;0;0;0;0;0;0;0;0;3717;0;0;126;0;191;0;
12958;10007766;1193693184;18563072;1331003392;0;0;0;0;0;0;0;0;0;0;0;3767;0;0;126;0;191;0;
12959;11681133;1193693184;18563072;1331003392;0;0;0;0;0;0;0;0;0;0;0;3306;0;0;126;0;191;0;
12960;7148685;1193693184;18563072;1331003392;0;0;0;0;0;0;0;0;0;0;0;3817;0;0;126;0;191;0;
12961;14045536;1193693184;18563072;1331003392;0;0;0;0;0;0;0;0;0;0;0;3507;0;0;126;0;191;0;
12962;12159791;1193693184;18563072;1331003392;0;0;0;0;0;0;0;0;0;0;0;3676;0;0;126;0;191;0;
12963;14800221;1193693184;18563072;1331003392;0;0;0;0;0;0;0;0;0;0;0;4909;0;0;126;0;191;0;
12964;6927470;1193693184;18563072;1331003392;0;0;0;0;0;0;0;0;0;0;0;3977;0;0;126;0;191;0;
12965;10602100;1193693184;18563072;1331003392;0;0;0;0;0;0;0;0;0;0;0;3356;0;0;126;0;191;0;
12966;9232912;1193693184;18563072;1331003392;0;0;0;0;0;0;0;0;0;0;0;4128;0;0;126;0;191;0;
12967;10514104;1193693184;18563072;1331003392;0;0;0;0;0;0;0;0;0;0;0;3767;0;0;126;0;191;0;
12968;10176261;1193693184;18563072;1331003392;0;0;0;0;0;0;0;0;0;0;0;3536;0;0;126;0;191;0;
12969;11237551;1193693184;18563072;1331003392;0;0;0;0;0;0;0;0;0;0;0;3376;0;0;126;0;191;0;
12970;9786510;1193693184;18563072;1331003392;0;0;0;0;0;0;0;0;0;0;0;5471;0;0;126;0;191;0;
12971;12754144;1193693184;18563072;1331003392;0;0;0;0;0;0;0;0;0;0;0;3446;0;0;126;0;191;0;
12972;11599469;1193693184;18563072;1331003392;0;0;0;0;0;0;0;0;0;0;0;3657;0;0;126;0;191;0;
12973;12596219;1193693184;18563072;1331003392;0;0;0;0;0;0;0;0;0;0;0;3767;0;0;126;0;191;0;
12974;10273894;1193693184;18563072;1331003392;0;0;0;0;0;0;0;0;0;0;0;3867;0;0;126;0;191;0;
12975;13095775;1193693184;18563072;1331003392;0;0;0;0;0;0;0;0;0;0;0;4057;0;0;126;0;191;0;
12976;8040506;1193693184;18563072;1331003392;0;0;0;0;0;0;0;0;0;0;0;3226;0;0;126;0;191;0;
12977;10563998;1193693184;18563072;1331003392;0;0;0;0;0;0;0;0;0;0;0;3657;0;0;126;0;191;0;
12978;8806553;1193693184;18563072;1331003392;0;0;0;0;0;0;0;0;0;0;0;4349;0;0;126;0;191;0;
12979;14364975;1193693184;18563072;1331003392;0;0;0;0;0;0;0;0;0;0;0;4137;0;0;126;0;191;0;
12980;5281974;1193693184;18563072;1331003392;0;0;0;0;0;0;0;0;0;0;0;4228;0;0;126;0;191;0;
12981;7780799;1193693184;18563072;1331003392;0;0;0;0;0;0;0;0;0;0;0;4068;0;0;126;0;191;0;
12982;14488577;1193693184;18563072;1331003392;0;0;0;0;0;0;0;0;0;0;0;3707;0;0;126;0;191;0;
12983;12543470;1193693184;18563072;1331003392;0;0;0;0;0;0;0;0;0;0;0;9488;0;0;126;0;191;0;
12984;9415755;1193693184;18563072;1331003392;0;0;0;0;0;0;0;0;0;0;0;3005;0;0;126;0;191;0;
12985;9627903;1193693184;18563072;1331003392;0;0;0;0;0;0;0;0;0;0;0;3156;0;0;126;0;191;0;
12986;7646517;1193693184;18563072;1331003392;0;0;0;0;0;0;0;0;0;0;0;3386;0;0;126;0;191;0;
12987;12853961;1193693184;18563072;1331003392;0;0;0;0;0;0;0;0;0;0;0;3467;0;0;126;0;191;0;
12988;9570284;1193693184;18563072;1331003392;0;0;0;0;0;0;0;0;0;0;0;3357;0;0;126;0;191;0;
12989;12140865;1193693184;18563072;1331003392;0;0;0;0;0;0;0;0;0;0;0;3697;0;0;126;0;191;0;
12990;9356174;1193693184;18563072;1331003392;0;0;0;0;0;0;0;0;0;0;0;3496;0;0;126;0;191;0;
12991;12312867;1193693184;18563072;1331003392;0;0;0;0;0;0;0;0;0;0;0;3637;0;0;126;0;191;0;
12992;8083548;1193693184;18563072;1331003392;0;0;0;0;0;0;0;0;0;0;0;3207;0;0;126;0;191;0;
12993;10085851;1193693184;18563072;1331003392;0;0;0;0;0;0;0;0;0;0;0;3757;0;0;126;0;191;0;
12994;10471445;1193693184;18563072;1331003392;0;0;0;0;0;0;0;0;0;0;0;3697;0;0;126;0;191;0;
12995;11588328;1193693184;18563072;1331003392;0;0;0;0;0;0;0;0;0;0;0;3036;0;0;126;0;191;0;
12996;6948098;1193693184;18563072;1331003392;0;0;0;0;0;0;0;0;0;0;0;3686;0;0;126;0;191;0;
12997;12699783;1193693184;18563072;1331003392;0;0;0;0;0;0;0;0;0;0;0;3517;0;0;126;0;191;0;
12998;10839344;1193693184;18563072;1331003392;0;0;0;0;0;0;0;0;0;0;0;4479;0;0;126;0;191;0;
12999;10767018;1193693184;18563072;1331003392;0;0;0;0;0;0;0;0;0;0;0;4017;0;0;126;0;191;0;
13000;9875046;1193693184;18563072;1331003392;0;0;0;0;0;0;0;0;0;0;0;4078;0;0;126;0;191;0;
13001;9922405;1193693184;18563072;1331003392;0;0;0;0;0;0;0;0;0;0;0;4379;0;0;126;0;191;0;
13002;7658741;1193693184;18563072;1331003392;0;0;0;0;0;0;0;0;0;0;0;4288;0;0;126;0;191;0;
13003;11526973;1193693184;18563072;1331003392;0;0;0;0;0;0;0;0;0;0;0;3286;0;0;126;0;191;0;
13004;8448452;1193693184;18563072;1331003392;0;0;0;0;0;0;0;0;0;0;0;3697;0;0;126;0;191;0;
13005;13054998;1193693184;18563072;1331003392;0;0;0;0;0;0;0;0;0;0;0;3777;0;0;126;0;191;0;
13006;6104055;1193693184;18563072;1331003392;0;0;0;0;0;0;0;0;0;0;0;3807;0;0;126;0;191;0;
13007;13216091;1193693184;18563072;1331003392;0;0;0;0;0;0;0;0;0;0;0;3477;0;0;126;0;191;0;
13008;8502964;1193693184;18563072;1331003392;0;0;0;0;0;0;0;0;0;0;0;3016;0;0;126;0;191;0;
13009;12461166;1193693184;18563072;1331003392;0;0;0;0;0;0;0;0;0;0;0;3707;0;0;126;0;191;0;
13010;8752532;1193693184;18563072;1331003392;0;0;0;0;0;0;0;0;0;0;0;3426;0;0;126;0;191;0;
13011;11430944;1193693184;18563072;1331003392;0;0;0;0;0;0;0;0;0;0;0;3236;0;0;126;0;191;0;
13012;11633724;1193693184;18563072;1331003392;0;0;0;0;0;0;0;0;0;0;0;3647;0;0;126;0;191;0;
13013;11537744;1193693184;18563072;1331003392;0;0;0;0;0;0;0;0;0;0;0;3546;0;0;126;0;191;0;
13014;11674691;1193693184;18563072;1331003392;0;0;0;0;0;0;0;0;0;0;0;4208;0;0;126;0;191;0;
13015;10537238;1193693184;18563072;1331003392;0;0;0;0;0;0;0;0;0;0;0;3246;0;0;126;0;191;0;
13016;10685787;1193693184;18563072;1331003392;0;0;0;0;0;0;0;0;0;0;0;3256;0;0;126;0;191;0;
13017;13794125;1193693184;18563072;1331003392;0;0;0;0;0;0;0;0;0;0;0;3336;0;0;126;0;191;0;
13018;11383355;1193693184;18563072;1331003392;0;0;0;0;0;0;0;0;0;0;0;3907;0;0;126;0;191;0;
13019;14599745;1193693184;18563072;1331003392;0;0;0;0;0;0;0;0;0;0;0;3687;0;0;126;0;191;0;
13020;10867968;1193693184;18563072;1331003392;0;0;0;0;0;0;0;0;0;0;0;3536;0;0;126;0;191;0;
13021;17790498;1193693184;18563072;1331003392;0;0;0;0;0;0;0;0;0;0;0;3246;0;0;126;0;191;0;
13022;7153813;1193693184;18563072;1331003392;0;0;0;0;0;0;0;0;0;0;0;4438;0;0;126;0;191;0;
13023;13001649;1193693184;18563072;1331003392;0;0;0;0;0;0;0;0;0;0;0;3387;0;0;126;0;191;0;
13024;8636153;1193693184;18563072;1331003392;0;0;0;0;0;0;0;0;0;0;0;3256;0;0;126;0;191;0;
13025;11320947;1193693184;18563072;1331003392;0;0;0;0;0;0;0;0;0;0;0;3116;0;0;126;0;191;0;
13026;11184892;1193693184;18563072;1331003392;0;0;0;0;0;0;0;0;0;0;0;3627;0;0;126;0;191;0;
13027;11913728;1193693184;18567168;1331007488;0;0;0;0;0;0;0;0;0;0;0;4108;0;0;126;0;191;0;
13028;10112712;1193693184;18571264;1331011584;0;0;0;0;0;0;0;0;0;0;0;2855;0;0;126;0;191;0;
13029;11846583;1193693184;18571264;1331011584;0;0;0;0;0;0;0;0;0;0;0;3848;0;0;126;0;191;0;
13030;7141882;1193693184;18571264;1331011584;0;0;0;0;0;0;0;0;0;0;0;3537;0;0;126;0;191;0;
13031;10579748;1193693184;18571264;1331011584;0;0;0;0;0;0;0;0;0;0;0;2164;0;0;126;0;191;0;
13032;9101566;1193693184;18571264;1331011584;0;0;0;0;0;0;0;0;0;0;0;3907;0;0;126;0;191;0;
13033;12799319;1193693184;18571264;1331011584;0;0;0;0;0;0;0;0;0;0;0;3296;0;0;126;0;191;0;
13034;12104206;1193693184;18563072;1331003392;0;0;0;0;0;0;0;0;0;0;0;3477;0;0;126;0;191;0;
13035;10368241;1193693184;18563072;1331003392;0;0;0;0;0;0;0;0;0;0;0;3426;0;0;126;0;191;0;
13036;9849248;1193963520;18563072;1331003392;0;0;0;0;0;0;0;0;0;0;0;2835;0;0;126;0;191;0;
13037;11728432;1193963520;18563072;1331003392;0;0;0;0;0;0;0;0;0;0;0;3236;0;0;126;0;191;0;
13038;8421060;1193963520;18563072;1331003392;0;0;0;0;0;0;0;0;0;0;0;2855;0;0;126;0;191;0;
13039;8358754;1193963520;18563072;1331003392;0;0;0;0;0;0;0;0;0;0;0;2435;0;0;126;0;191;0;
13040;9048225;1193963520;18563072;1331003392;0;0;0;0;0;0;0;0;0;0;0;3276;0;0;126;0;191;0;
13041;13386471;1193963520;18563072;1331003392;0;0;0;0;0;0;0;0;0;0;0;4198;0;0;126;0;191;0;
13042;8801433;1193963520;18563072;1331003392;0;0;0;0;0;0;0;0;0;0;0;4188;0;0;126;0;191;0;
13043;10183735;1193963520;18563072;1331003392;0;0;0;0;0;0;0;0;0;0;0;2645;0;0;126;0;191;0;
13044;7363707;1193963520;18563072;1331003392;0;0;0;0;0;0;0;0;0;0;0;3868;0;0;126;0;191;0;
13045;10001834;1193963520;18563072;1331003392;0;0;0;0;0;0;0;0;0;0;0;3006;0;0;126;0;191;0;
13046;13813391;1193963520;18563072;1331003392;0;0;0;0;0;0;0;0;0;0;0;3747;0;0;126;0;191;0;
13047;13907417;1193963520;18563072;1331003392;0;0;0;0;0;0;0;0;0;0;0;3967;0;0;126;0;191;0;
13048;9128336;1193963520;18563072;1331003392;0;0;0;0;0;0;0;0;0;0;0;3547;0;0;126;0;191;0;
13049;7062412;1193963520;18563072;1331003392;0;0;0;0;0;0;0;0;0;0;0;2775;0;0;126;0;191;0;
13050;7726167;1193963520;18563072;1331003392;0;0;0;0;0;0;0;0;0;0;0;3407;0;0;126;0;191;0;
13051;8511990;1193963520;18563072;1331003392;0;0;0;0;0;0;0;0;0;0;0;29746;0;0;126;0;191;0;
13052;9184712;1193963520;18563072;1331003392;0;0;0;0;0;0;0;0;0;0;0;3035;0;0;126;0;191;0;
13053;7836674;1193963520;18563072;1331003392;0;0;0;0;0;0;0;0;0;0;0;681688;0;0;126;0;191;0;
13054;9065238;1193963520;18567168;1331007488;0;0;0;0;0;0;0;0;0;0;0;3837;0;0;126;0;191;0;
13055;8856486;1193963520;18567168;1331007488;0;0;0;0;0;0;0;0;0;0;0;3887;0;0;126;0;191;0;
13056;7079424;1193963520;18567168;1331007488;0;0;0;0;0;0;0;0;0;0;0;4178;0;0;126;0;191;0;
13057;11626410;1193963520;18567168;1331007488;0;0;0;0;0;0;0;0;0;0;0;3877;0;0;126;0;191;0;
13058;6710282;1193963520;18567168;1331007488;0;0;0;0;0;0;0;0;0;0;0;3396;0;0;126;0;191;0;
13059;11976697;1193963520;18567168;1331007488;0;0;0;0;0;0;0;0;0;0;0;2635;0;0;126;0;191;0;
13060;6613290;1193963520;18563072;1331003392;0;0;0;0;0;0;0;0;0;0;0;3527;0;0;126;0;191;0;
13061;13111895;1193963520;18563072;1331003392;0;0;0;0;0;0;0;0;0;0;0;4048;0;0;126;0;191;0;
13062;6395221;1194229760;18558976;1330999296;0;0;0;0;0;0;0;0;0;0;0;3246;0;0;126;0;191;0;
13063;7754320;1194229760;18558976;1330999296;0;0;0;0;0;0;0;0;0;0;0;2274;0;0;126;0;191;0;
13064;9885296;1194229760;18558976;1330999296;0;0;0;0;0;0;0;0;0;0;0;3567;0;0;126;0;191;0;
13065;13477131;1194229760;18558976;1330999296;0;0;0;0;0;0;0;0;0;0;0;2825;0;0;126;0;191;0;
13066;11291933;1194229760;18558976;1330999296;0;0;0;0;0;0;0;0;0;0;0;3947;0;0;126;0;191;0;
13067;12263825;1194229760;18558976;1330999296;0;0;0;0;0;0;0;0;0;0;0;2895;0;0;126;0;191;0;
13068;7183169;1194229760;18558976;1330999296;0;0;0;0;0;0;0;0;0;0;0;4378;0;0;126;0;191;0;
13069;15652900;1194229760;18558976;1330999296;0;0;0;0;0;0;0;0;0;0;0;3436;0;0;126;0;191;0;
13070;11578220;1194229760;18558976;1330999296;0;0;0;0;0;0;0;0;0;0;0;3577;0;0;126;0;191;0;
13071;9878813;1194229760;18558976;1330999296;0;0;0;0;0;0;0;0;0;0;0;3066;0;0;126;0;191;0;
13072;8913824;1194229760;18558976;1330999296;0;0;0;0;0;0;0;0;0;0;0;3586;0;0;126;0;191;0;
13073;10348384;1194229760;18558976;1330999296;0;0;0;0;0;0;0;0;0;0;0;3466;0;0;126;0;191;0;
13074;8231524;1194229760;18558976;1330999296;0;0;0;0;0;0;0;0;0;0;0;3286;0;0;126;0;191;0;
13075;24472668;1194229760;18558976;1330999296;0;0;0;0;0;0;0;0;0;0;0;4789;0;0;126;0;191;0;
13076;11026675;1194229760;18558976;1330999296;0;0;0;0;0;0;0;0;0;0;0;3827;0;0;126;0;191;0;
13077;13694588;1194229760;18558976;1330999296;0;0;0;0;0;0;0;0;0;0;0;3407;0;0;126;0;191;0;
13078;7322680;1194229760;18558976;1330999296;0;0;0;0;0;0;0;0;0;0;0;3757;0;0;126;0;191;0;
13079;12950663;1194229760;18558976;1330999296;0;0;0;0;0;0;0;0;0;0;0;3046;0;0;126;0;191;0;
13080;9717721;1194229760;18558976;1330999296;0;0;0;0;0;0;0;0;0;0;0;3737;0;0;126;0;191;0;
13081;11977318;1194229760;18558976;1330999296;0;0;0;0;0;0;0;0;0;0;0;3286;0;0;126;0;191;0;
13082;7717030;1194229760;18558976;1330999296;0;0;0;0;0;0;0;0;0;0;0;3907;0;0;126;0;191;0;
13083;14614694;1194229760;18558976;1330999296;0;0;0;0;0;0;0;0;0;0;0;4038;0;0;126;0;191;0;
13084;10242415;1194229760;18558976;1330999296;0;0;0;0;0;0;0;0;0;0;0;3346;0;0;126;0;191;0;
13085;6793838;1194229760;18558976;1330999296;0;0;0;0;0;0;0;0;0;0;0;2685;0;0;126;0;191;0;
13086;9003622;1194229760;18558976;1330999296;0;0;0;0;0;0;0;0;0;0;0;3647;0;0;126;0;191;0;
13087;10791525;1194229760;18558976;1330999296;0;0;0;0;0;0;0;0;0;0;0;3347;0;0;126;0;191;0;
13088;7448446;1194229760;18558976;1330999296;0;0;0;0;0;0;0;0;0;0;0;3036;0;0;126;0;191;0;
13089;8375264;1194229760;18558976;1330999296;0;0;0;0;0;0;0;0;0;0;0;2525;0;0;126;0;191;0;
13090;7397240;1194229760;18558976;1330999296;0;0;0;0;0;0;0;0;0;0;0;3416;0;0;126;0;191;0;
13091;9943134;1194229760;18558976;1330999296;0;0;0;0;0;0;0;0;0;0;0;2995;0;0;126;0;191;0;
13092;7496326;1194229760;18558976;1330999296;0;0;0;0;0;0;0;0;0;0;0;3016;0;0;126;0;191;0;
13093;11224606;1194229760;18558976;1330999296;0;0;0;0;0;0;0;0;0;0;0;3175;0;0;126;0;191;0;
13094;7770690;1194229760;18558976;1330999296;0;0;0;0;0;0;0;0;0;0;0;3567;0;0;126;0;191;0;
13095;11205621;1194229760;18558976;1330999296;0;0;0;0;0;0;0;0;0;0;0;3346;0;0;126;0;191;0;
13096;6031739;1194229760;18558976;1330999296;0;0;0;0;0;0;0;0;0;0;0;3196;0;0;126;0;191;0;
13097;10874250;1194229760;18558976;1330999296;0;0;0;0;0;0;0;0;0;0;0;3707;0;0;126;0;191;0;
13098;7215159;1194229760;18558976;1330999296;0;0;0;0;0;0;0;0;0;0;0;3296;0;0;126;0;191;0;
13099;10043763;1194229760;18558976;1330999296;0;0;0;0;0;0;0;0;0;0;0;3778;0;0;126;0;191;0;
13100;6630844;1194229760;18558976;1330999296;0;0;0;0;0;0;0;0;0;0;0;3506;0;0;126;0;191;0;
13101;12232266;1194229760;18558976;1330999296;0;0;0;0;0;0;0;0;0;0;0;4017;0;0;126;0;191;0;
13102;7509591;1194229760;18558976;1330999296;0;0;0;0;0;0;0;0;0;0;0;3557;0;0;126;0;191;0;
13103;9059657;1194229760;18558976;1330999296;0;0;0;0;0;0;0;0;0;0;0;3186;0;0;126;0;191;0;
13104;5925981;1194229760;18558976;1330999296;0;0;0;0;0;0;0;0;0;0;0;3948;0;0;126;0;191;0;
13105;11463003;1194229760;18558976;1330999296;0;0;0;0;0;0;0;0;0;0;0;2775;0;0;126;0;191;0;
13106;6645100;1194229760;18558976;1330999296;0;0;0;0;0;0;0;0;0;0;0;3236;0;0;126;0;191;0;
13107;9517736;1194229760;18558976;1330999296;0;0;0;0;0;0;0;0;0;0;0;2174;0;0;126;0;191;0;
13108;9227142;1194229760;18558976;1330999296;0;0;0;0;0;0;0;0;0;0;0;3917;0;0;126;0;191;0;
13109;11119810;1194229760;18558976;1330999296;0;0;0;0;0;0;0;0;0;0;0;3396;0;0;126;0;191;0;
13110;6406382;1194229760;18558976;1330999296;0;0;0;0;0;0;0;0;0;0;0;3226;0;0;126;0;191;0;
13111;11743029;1194229760;18558976;1330999296;0;0;0;0;0;0;0;0;0;0;0;3476;0;0;126;0;198;0;
13112;8503284;1194229760;18558976;1330999296;0;0;0;0;0;0;0;0;0;0;0;3056;0;0;126;0;198;0;
13113;10543930;1194229760;18558976;1330999296;0;0;0;0;0;0;0;0;0;0;0;3516;0;0;126;0;198;0;
13114;8240401;1194229760;18558976;1330999296;0;0;0;0;0;0;0;0;0;0;0;3356;0;0;126;0;198;0;
13115;10395903;1194229760;18558976;1330999296;0;0;0;0;0;0;0;0;0;0;0;3887;0;0;126;0;198;0;
13116;5557431;1194229760;18558976;1330999296;0;0;0;0;0;0;0;0;0;0;0;2995;0;0;126;0;198;0;
13117;8510778;1194229760;18558976;1330999296;0;0;0;0;0;0;0;0;0;0;0;3526;0;0;126;0;198;0;
13118;7126422;1194229760;18558976;1330999296;0;0;0;0;0;0;0;0;0;0;0;3817;0;0;126;0;198;0;
13119;7768256;1194229760;18558976;1330999296;0;0;0;0;0;0;0;0;0;0;0;3938;0;0;126;0;198;0;
13120;6445064;1194229760;18558976;1330999296;0;0;0;0;0;0;0;0;0;0;0;4018;0;0;126;0;198;0;
13121;9649554;1194229760;18558976;1330999296;0;0;0;0;0;0;0;0;0;0;0;3126;0;0;126;0;198;0;
13122;8605767;1194229760;18558976;1330999296;0;0;0;0;0;0;0;0;0;0;0;2835;0;0;126;0;198;0;
13123;7615690;1194229760;18558976;1330999296;0;0;0;0;0;0;0;0;0;0;0;3115;0;0;126;0;198;0;
13124;8617238;1194229760;18558976;1330999296;0;0;0;0;0;0;0;0;0;0;0;4118;0;0;126;0;198;0;
13125;11904572;1194229760;18558976;1330999296;0;0;0;0;0;0;0;0;0;0;0;3527;0;0;126;0;198;0;
13126;8772820;1194229760;18558976;1330999296;0;0;0;0;0;0;0;0;0;0;0;4248;0;0;126;0;198;0;
13127;8129252;1194229760;18558976;1330999296;0;0;0;0;0;0;0;0;0;0;0;2915;0;0;126;0;198;0;
13128;8052990;1194229760;18558976;1330999296;0;0;0;0;0;0;0;0;0;0;0;3487;0;0;126;0;198;0;
13129;10102813;1194229760;18558976;1330999296;0;0;0;0;0;0;0;0;0;0;0;3617;0;0;126;0;198;0;
13130;9371512;1194229760;18558976;1330999296;0;0;0;0;0;0;0;0;0;0;0;3898;0;0;126;0;198;0;
13131;6864751;1194229760;18563072;1331003392;0;0;0;0;0;0;0;0;0;0;0;3287;0;0;126;0;198;0;
13132;12248216;1194229760;18567168;1331007488;0;0;0;0;0;0;0;0;0;0;0;3857;0;0;126;0;198;0;
13133;11546400;1194229760;18567168;1331007488;0;0;0;0;0;0;0;0;0;0;0;3607;0;0;126;0;198;0;
13134;10573005;1194229760;18567168;1331007488;0;0;0;0;0;0;0;0;0;0;0;4298;0;0;126;0;198;0;
13135;11367865;1194229760;18567168;1331007488;0;0;0;0;0;0;0;0;0;0;0;3396;0;0;126;0;198;0;
13136;9634886;1194229760;18567168;1331007488;0;0;0;0;0;0;0;0;0;0;0;3867;0;0;126;0;198;0;
13137;14798237;1194229760;18567168;1331007488;0;0;0;0;0;0;0;0;0;0;0;3847;0;0;126;0;198;0;
13138;11845180;1194229760;18558976;1330999296;0;0;0;0;0;0;0;0;0;0;0;3797;0;0;126;0;198;0;
13139;15132374;1194229760;18558976;1330999296;0;0;0;0;0;0;0;0;0;0;0;3276;0;0;126;0;198;0;
13140;10077867;1194229760;18558976;1330999296;0;0;0;0;0;0;0;0;0;0;0;4348;0;0;126;0;198;0;
13141;13177128;1194229760;18558976;1330999296;0;0;0;0;0;0;0;0;0;0;0;3597;0;0;126;0;198;0;
13142;7926112;1194229760;18558976;1330999296;0;0;0;0;0;0;0;0;0;0;0;3296;0;0;126;0;198;0;
13143;13655074;1194229760;18558976;1330999296;0;0;0;0;0;0;0;0;0;0;0;3637;0;0;126;0;198;0;
13144;8586340;1194229760;18558976;1330999296;0;0;0;0;0;0;0;0;0;0;0;3246;0;0;126;0;198;0;
13145;9879053;1194229760;18558976;1330999296;0;0;0;0;0;0;0;0;0;0;0;3396;0;0;126;0;198;0;
13146;5286212;1194229760;18558976;1330999296;0;0;0;0;0;0;0;0;0;0;0;3206;0;0;126;0;198;0;
13147;16034235;1194229760;18558976;1330999296;0;0;0;0;0;0;0;0;0;0;0;3707;0;0;126;0;198;0;
13148;11706691;1194229760;18558976;1330999296;0;0;0;0;0;0;0;0;0;0;0;3997;0;0;126;0;198;0;
13149;11045621;1194229760;18558976;1330999296;0;0;0;0;0;0;0;0;0;0;0;3597;0;0;126;0;198;0;
13150;7062713;1194229760;18558976;1330999296;0;0;0;0;0;0;0;0;0;0;0;6612;0;0;126;0;198;0;
13151;10479019;1194229760;18558976;1330999296;0;0;0;0;0;0;0;0;0;0;0;3797;0;0;126;0;198;0;
13152;7236960;1194229760;18558976;1330999296;0;0;0;0;0;0;0;0;0;0;0;2946;0;0;126;0;198;0;
13153;10919043;1194229760;18558976;1330999296;0;0;0;0;0;0;0;0;0;0;0;4047;0;0;126;0;198;0;
13154;6578635;1194229760;18558976;1330999296;0;0;0;0;0;0;0;0;0;0;0;3196;0;0;126;0;198;0;
13155;7601664;1194229760;18558976;1330999296;0;0;0;0;0;0;0;0;0;0;0;2204;0;0;126;0;198;0;
13156;8294313;1194229760;18558976;1330999296;0;0;0;0;0;0;0;0;0;0;0;3296;0;0;126;0;198;0;
13157;13484685;1194229760;18558976;1330999296;0;0;0;0;0;0;0;0;0;0;0;2996;0;0;126;0;198;0;
13158;9893651;1194229760;18558976;1330999296;0;0;0;0;0;0;0;0;0;0;0;3867;0;0;126;0;198;0;
13159;10750448;1194229760;18558976;1330999296;0;0;0;0;0;0;0;0;0;0;0;3677;0;0;126;0;198;0;
13160;9137704;1194229760;18558976;1330999296;0;0;0;0;0;0;0;0;0;0;0;4308;0;0;126;0;199;0;
13161;15233543;1194229760;18558976;1330999296;0;0;0;0;0;0;0;0;0;0;0;3677;0;0;126;0;199;0;
13162;12343545;1194229760;18558976;1330999296;0;0;0;0;0;0;0;0;0;0;0;3907;0;0;126;0;199;0;
13163;15557862;1194229760;18558976;1330999296;0;0;0;0;0;0;0;0;0;0;0;3656;0;0;126;0;199;0;
13164;11251658;1194229760;18558976;1330999296;0;0;0;0;0;0;0;0;0;0;0;3316;0;0;126;0;199;0;
13165;12349706;1194229760;18558976;1330999296;0;0;0;0;0;0;0;0;0;0;0;4518;0;0;126;0;199;0;
13166;7497899;1194229760;18558976;1330999296;0;0;0;0;0;0;0;0;0;0;0;4449;0;0;126;0;199;0;
13167;15193048;1194229760;18558976;1330999296;0;0;0;0;0;0;0;0;0;0;0;3868;0;0;126;0;199;0;
13168;13001328;1194229760;18558976;1330999296;0;0;0;0;0;0;0;0;0;0;0;3857;0;0;126;0;199;0;
13169;13718252;1194229760;18558976;1330999296;0;0;0;0;0;0;0;0;0;0;0;4468;0;0;126;0;199;0;
13170;10759424;1194229760;18558976;1330999296;0;0;0;0;0;0;0;0;0;0;0;3666;0;0;126;0;199;0;
13171;9665884;1194229760;18558976;1330999296;0;0;0;0;0;0;0;0;0;0;0;3336;0;0;126;0;199;0;
13172;11113538;1194229760;18558976;1330999296;0;0;0;0;0;0;0;0;0;0;0;4037;0;0;126;0;199;0;
13173;11863755;1194229760;18558976;1330999296;0;0;0;0;0;0;0;0;0;0;0;3106;0;0;126;0;199;0;
13174;7839630;1194229760;18558976;1330999296;0;0;0;0;0;0;0;0;0;0;0;2916;0;0;126;0;199;0;
13175;11622412;1194229760;18558976;1330999296;0;0;0;0;0;0;0;0;0;0;0;4078;0;0;126;0;199;0;
13176;7322389;1194229760;18558976;1330999296;0;0;0;0;0;0;0;0;0;0;0;3376;0;0;126;0;199;0;
13177;13927214;1194229760;18563072;1331003392;0;0;0;0;0;0;0;0;0;0;0;3557;0;0;126;0;199;0;
13178;10903705;1194229760;18567168;1331007488;0;0;0;0;0;0;0;0;0;0;0;4248;0;0;126;0;199;0;
13179;16489850;1194229760;18567168;1331007488;0;0;0;0;0;0;0;0;0;0;0;4278;0;0;126;0;199;0;
13180;9720436;1194229760;18567168;1331007488;0;0;0;0;0;0;0;0;0;0;0;3426;0;0;126;0;199;0;
13181;13074055;1194229760;18567168;1331007488;0;0;0;0;0;0;0;0;0;0;0;3877;0;0;126;0;199;0;
13182;6659527;1194229760;18567168;1331007488;0;0;0;0;0;0;0;0;0;0;0;3597;0;0;126;0;199;0;
13183;11179362;1194229760;18567168;1331007488;0;0;0;0;0;0;0;0;0;0;0;3146;0;0;126;0;199;0;
13184;8148639;1194229760;18558976;1330999296;0;0;0;0;0;0;0;0;0;0;0;3827;0;0;126;0;199;0;
13185;11940790;1194229760;18558976;1330999296;0;0;0;0;0;0;0;0;0;0;0;3466;0;0;126;0;199;0;
13186;9115081;1194229760;18558976;1330999296;0;0;0;0;0;0;0;0;0;0;0;3467;0;0;126;0;199;0;
13187;11114290;1194229760;18558976;1330999296;0;0;0;0;0;0;0;0;0;0;0;3196;0;0;126;0;199;0;
13188;8596429;1194229760;18558976;1330999296;0;0;0;0;0;0;0;0;0;0;0;3146;0;0;126;0;199;0;
13189;12817734;1194229760;18558976;1330999296;0;0;0;0;0;0;0;0;0;0;0;3306;0;0;126;0;199;0;
13190;7734443;1194229760;18558976;1330999296;0;0;0;0;0;0;0;0;0;0;0;4278;0;0;126;0;201;0;
13191;10019708;1194229760;18558976;1330999296;0;0;0;0;0;0;0;0;0;0;0;3357;0;0;126;0;201;0;
13192;10450365;1194229760;18558976;1330999296;0;0;0;0;0;0;0;0;0;0;0;2835;0;0;126;0;201;0;
13193;12478318;1194229760;18558976;1330999296;0;0;0;0;0;0;0;0;0;0;0;3607;0;0;126;0;201;0;
13194;7280401;1194229760;18558976;1330999296;0;0;0;0;0;0;0;0;0;0;0;3517;0;0;126;0;201;0;
13195;10931657;1194229760;18558976;1330999296;0;0;0;0;0;0;0;0;0;0;0;2534;0;0;126;0;201;0;
13196;10573976;1194229760;18558976;1330999296;0;0;0;0;0;0;0;0;0;0;0;4117;0;0;126;0;201;0;
13197;11602325;1194229760;18558976;1330999296;0;0;0;0;0;0;0;0;0;0;0;3226;0;0;126;0;201;0;
13198;5599950;1194229760;18558976;1330999296;0;0;0;0;0;0;0;0;0;0;0;3586;0;0;126;0;201;0;
13199;6243638;1194229760;18558976;1330999296;0;0;0;0;0;0;0;0;0;0;0;2083;0;0;126;0;201;0;
13200;12913233;1194229760;18558976;1330999296;0;0;0;0;0;0;0;0;0;0;0;4078;0;0;126;0;201;0;
13201;13198398;1194229760;18558976;1330999296;0;0;0;0;0;0;0;0;0;0;0;3346;0;0;126;0;201;0;
13202;11964784;1194229760;18558976;1330999296;0;0;0;0;0;0;0;0;0;0;0;4519;0;0;126;0;201;0;
13203;13862473;1194229760;18558976;1330999296;0;0;0;0;0;0;0;0;0;0;0;3827;0;0;126;0;201;0;
13204;9240216;1194229760;18558976;1330999296;0;0;0;0;0;0;0;0;0;0;0;3557;0;0;126;0;201;0;
13205;11219296;1194500096;18558976;1330999296;0;0;0;0;0;0;0;0;0;0;0;3888;0;0;126;0;201;0;
13206;10354225;1194500096;18558976;1330999296;0;0;0;0;0;0;0;0;0;0;0;4148;0;0;126;0;201;0;
13207;10639039;1194500096;18558976;1330999296;0;0;0;0;0;0;0;0;0;0;0;3186;0;0;126;0;201;0;
13208;5916323;1194500096;18558976;1330999296;0;0;0;0;0;0;0;0;0;0;0;2965;0;0;126;0;201;0;
13209;11159765;1194500096;18558976;1330999296;0;0;0;0;0;0;0;0;0;0;0;3797;0;0;126;0;201;0;
13210;7914269;1194500096;18558976;1330999296;0;0;0;0;0;0;0;0;0;0;0;3146;0;0;126;0;201;0;
13211;12417353;1194500096;18558976;1330999296;0;0;0;0;0;0;0;0;0;0;0;3286;0;0;126;0;201;0;
13212;9145528;1194500096;18558976;1330999296;0;0;0;0;0;0;0;0;0;0;0;3858;0;0;126;0;201;0;
13213;12515187;1194500096;18558976;1330999296;0;0;0;0;0;0;0;0;0;0;0;2796;0;0;126;0;201;0;
13214;8124374;1194500096;18558976;1330999296;0;0;0;0;0;0;0;0;0;0;0;4459;0;0;126;0;201;0;
13215;13609289;1194500096;18558976;1330999296;0;0;0;0;0;0;0;0;0;0;0;3126;0;0;126;0;201;0;
13216;8099617;1194500096;18558976;1330999296;0;0;0;0;0;0;0;0;0;0;0;10410;0;0;126;0;201;0;
13217;11869375;1194500096;18558976;1330999296;0;0;0;0;0;0;0;0;0;0;0;3406;0;0;126;0;201;0;
13218;8381145;1194500096;18558976;1330999296;0;0;0;0;0;0;0;0;0;0;0;3807;0;0;126;0;201;0;
13219;13634095;1194500096;18558976;1330999296;0;0;0;0;0;0;0;0;0;0;0;4047;0;0;126;0;201;0;
13220;8983515;1194500096;18558976;1330999296;0;0;0;0;0;0;0;0;0;0;0;3948;0;0;126;0;201;0;
13221;10106019;1194500096;18558976;1330999296;0;0;0;0;0;0;0;0;0;0;0;3246;0;0;126;0;201;0;
13222;8829275;1194500096;18558976;1330999296;0;0;0;0;0;0;0;0;0;0;0;4088;0;0;126;0;201;0;
13223;9738350;1194500096;18558976;1330999296;0;0;0;0;0;0;0;0;0;0;0;3186;0;0;126;0;201;0;
13224;4586730;1194500096;18558976;1330999296;0;0;0;0;0;0;0;0;0;0;0;3687;0;0;126;0;201;0;
13225;12481894;1194500096;18558976;1330999296;0;0;0;0;0;0;0;0;0;0;0;3116;0;0;126;0;201;0;
13226;12860324;1194500096;18558976;1330999296;0;0;0;0;0;0;0;0;0;0;0;3246;0;0;126;0;201;0;
13227;14057148;1194500096;18558976;1330999296;0;0;0;0;0;0;0;0;0;0;0;3797;0;0;126;0;201;0;
13228;11330966;1194500096;18558976;1330999296;0;0;0;0;0;0;0;0;0;0;0;3176;0;0;126;0;201;0;
13229;18152987;1194500096;18558976;1330999296;0;0;0;0;0;0;0;0;0;0;0;4389;0;0;126;0;201;0;
13230;11492980;1194500096;18558976;1330999296;0;0;0;0;0;0;0;0;0;0;0;3807;0;0;126;0;201;0;
13231;13675793;1194500096;18558976;1330999296;0;0;0;0;0;0;0;0;0;0;0;3697;0;0;126;0;201;0;
13232;7947081;1194500096;18558976;1330999296;0;0;0;0;0;0;0;0;0;0;0;4328;0;0;126;0;201;0;
13233;9475147;1194500096;18558976;1330999296;0;0;0;0;0;0;0;0;0;0;0;2424;0;0;126;0;201;0;
13234;8287770;1194500096;18558976;1330999296;0;0;0;0;0;0;0;0;0;0;0;3637;0;0;126;0;201;0;
13235;13874545;1194500096;18558976;1330999296;0;0;0;0;0;0;0;0;0;0;0;3706;0;0;126;0;201;0;
13236;9977499;1194500096;18558976;1330999296;0;0;0;0;0;0;0;0;0;0;0;3717;0;0;126;0;201;0;
13237;9036614;1194500096;18558976;1330999296;0;0;0;0;0;0;0;0;0;0;0;3516;0;0;126;0;201;0;
13238;10066455;1194500096;18558976;1330999296;0;0;0;0;0;0;0;0;0;0;0;3917;0;0;126;0;201;0;
13239;13476920;1194500096;18558976;1330999296;0;0;0;0;0;0;0;0;0;0;0;4468;0;0;126;0;201;0;
13240;10597992;1194500096;18558976;1330999296;0;0;0;0;0;0;0;0;0;0;0;3757;0;0;126;0;201;0;
13241;12538020;1194500096;18558976;1330999296;0;0;0;0;0;0;0;0;0;0;0;3757;0;0;126;0;201;0;
13242;11320266;1194500096;18558976;1330999296;0;0;0;0;0;0;0;0;0;0;0;4137;0;0;126;0;201;0;
13243;13011738;1194500096;18558976;1330999296;0;0;0;0;0;0;0;0;0;0;0;3366;0;0;126;0;201;0;
13244;7494242;1194500096;18558976;1330999296;0;0;0;0;0;0;0;0;0;0;0;3577;0;0;126;0;201;0;
13245;11013090;1194500096;18558976;1330999296;0;0;0;0;0;0;0;0;0;0;0;3477;0;0;126;0;201;0;
13246;11373616;1194500096;18558976;1330999296;0;0;0;0;0;0;0;0;0;0;0;3597;0;0;126;0;201;0;
13247;10389401;1194500096;18558976;1330999296;0;0;0;0;0;0;0;0;0;0;0;3076;0;0;126;0;201;0;
13248;15279479;1194500096;18558976;1330999296;0;0;0;0;0;0;0;0;0;0;0;3928;0;0;126;0;201;0;
13249;11587197;1194500096;18558976;1330999296;0;0;0;0;0;0;0;0;0;0;0;3847;0;0;126;0;201;0;
13250;14706164;1194500096;18558976;1330999296;0;0;0;0;0;0;0;0;0;0;0;4329;0;0;126;0;201;0;
13251;17846974;1194500096;18558976;1330999296;0;0;0;0;0;0;0;0;0;0;0;3697;0;0;126;0;201;0;
13252;12515918;1194500096;18558976;1330999296;0;0;0;0;0;0;0;0;0;0;0;3256;0;0;126;0;201;0;
13253;13113809;1194500096;18558976;1330999296;0;0;0;0;0;0;0;0;0;0;0;3646;0;0;126;0;201;0;
13254;10995888;1194500096;18558976;1330999296;0;0;0;0;0;0;0;0;0;0;0;3015;0;0;126;0;201;0;
13255;13651477;1194500096;18558976;1330999296;0;0;0;0;0;0;0;0;0;0;0;3056;0;0;126;0;201;0;
13256;10167715;1194500096;18558976;1330999296;0;0;0;0;0;0;0;0;0;0;0;3747;0;0;126;0;201;0;
13257;10740900;1194500096;18558976;1330999296;0;0;0;0;0;0;0;0;0;0;0;3857;0;0;126;0;201;0;
13258;12215315;1194500096;18558976;1330999296;0;0;0;0;0;0;0;0;0;0;0;3937;0;0;126;0;201;0;
13259;13143915;1194500096;18558976;1330999296;0;0;0;0;0;0;0;0;0;0;0;3858;0;0;126;0;201;0;
13260;7711619;1194500096;18558976;1330999296;0;0;0;0;0;0;0;0;0;0;0;3617;0;0;126;0;201;0;
13261;11259342;1194500096;18558976;1330999296;0;0;0;0;0;0;0;0;0;0;0;3526;0;0;126;0;201;0;
13262;10495610;1194500096;18558976;1330999296;0;0;0;0;0;0;0;0;0;0;0;3516;0;0;126;0;201;0;
13263;11718633;1194500096;18558976;1330999296;0;0;0;0;0;0;0;0;0;0;0;3597;0;0;126;0;201;0;
13264;7665413;1194500096;18558976;1330999296;0;0;0;0;0;0;0;0;0;0;0;3336;0;0;126;0;201;0;
13265;10680296;1194500096;18558976;1330999296;0;0;0;0;0;0;0;0;0;0;0;3005;0;0;126;0;201;0;
13266;6228959;1194500096;18558976;1330999296;0;0;0;0;0;0;0;0;0;0;0;2795;0;0;126;0;201;0;
13267;13059718;1194500096;18558976;1330999296;0;0;0;0;0;0;0;0;0;0;0;3537;0;0;126;0;201;0;
13268;9990853;1194500096;18558976;1330999296;0;0;0;0;0;0;0;0;0;0;0;3636;0;0;126;0;201;0;
13269;11846713;1194500096;18558976;1330999296;0;0;0;0;0;0;0;0;0;0;0;3386;0;0;126;0;201;0;
13270;11141802;1194500096;18558976;1330999296;0;0;0;0;0;0;0;0;0;0;0;3076;0;0;126;0;201;0;
13271;12148368;1194500096;18558976;1330999296;0;0;0;0;0;0;0;0;0;0;0;3877;0;0;126;0;201;0;
13272;9033428;1195577344;18558976;1330999296;0;0;0;0;0;0;0;0;0;0;0;4228;0;0;126;0;201;0;
13273;12474029;1195577344;18558976;1330999296;0;0;0;0;0;0;0;0;0;0;0;5530;0;0;126;0;202;0;
13274;9756464;1195577344;18558976;1330999296;0;0;0;0;0;0;0;0;0;0;0;3417;0;0;126;0;202;0;
13275;11309846;1195577344;18558976;1330999296;0;0;0;0;0;0;0;0;0;0;0;3787;0;0;126;0;202;0;
13276;8756078;1195577344;18558976;1330999296;0;0;0;0;0;0;0;0;0;0;0;4218;0;0;126;0;202;0;
13277;11638893;1195577344;18558976;1330999296;0;0;0;0;0;0;0;0;0;0;0;4939;0;0;126;0;202;0;
13278;5682896;1195577344;18558976;1330999296;0;0;0;0;0;0;0;0;0;0;0;4438;0;0;126;0;202;0;
13279;11251727;1195577344;18558976;1330999296;0;0;0;0;0;0;0;0;0;0;0;3977;0;0;126;0;202;0;
13280;11762044;1195577344;18558976;1330999296;0;0;0;0;0;0;0;0;0;0;0;4067;0;0;126;0;202;0;
13281;12414568;1195577344;18558976;1330999296;0;0;0;0;0;0;0;0;0;0;0;3677;0;0;126;0;202;0;
13282;13178110;1195577344;18558976;1330999296;0;0;0;0;0;0;0;0;0;0;0;3747;0;0;126;0;202;0;
13283;9421336;1195577344;18558976;1330999296;0;0;0;0;0;0;0;0;0;0;0;3496;0;0;126;0;202;0;
13284;6628319;1195577344;18558976;1330999296;0;0;0;0;0;0;0;0;0;0;0;3476;0;0;126;0;202;0;
13285;14534974;1195577344;18558976;1330999296;0;0;0;0;0;0;0;0;0;0;0;3977;0;0;126;0;202;0;
13286;11874595;1195577344;18558976;1330999296;0;0;0;0;0;0;0;0;0;0;0;4028;0;0;126;0;202;0;
13287;9849208;1195577344;18558976;1330999296;0;0;0;0;0;0;0;0;0;0;0;3838;0;0;126;0;202;0;
13288;9009142;1195577344;18558976;1330999296;0;0;0;0;0;0;0;0;0;0;0;3376;0;0;126;0;202;0;
13289;14472336;1195577344;18558976;1330999296;0;0;0;0;0;0;0;0;0;0;0;3456;0;0;126;0;202;0;
13290;8080531;1195577344;18558976;1330999296;0;0;0;0;0;0;0;0;0;0;0;2695;0;0;126;0;202;0;
13291;14327665;1195577344;18558976;1330999296;0;0;0;0;0;0;0;0;0;0;0;3697;0;0;126;0;202;0;
13292;9754991;1195577344;18558976;1330999296;0;0;0;0;0;0;0;0;0;0;0;3226;0;0;126;0;202;0;
13293;13290631;1195577344;18558976;1330999296;0;0;0;0;0;0;0;0;0;0;0;3226;0;0;126;0;202;0;
13294;11586605;1195577344;18558976;1330999296;0;0;0;0;0;0;0;0;0;0;0;3306;0;0;126;0;202;0;
13295;14241554;1195577344;18558976;1330999296;0;0;0;0;0;0;0;0;0;0;0;3236;0;0;126;0;202;0;
13296;7096055;1195847680;18558976;1330999296;0;0;0;0;0;0;0;0;0;0;0;3156;0;0;126;0;202;0;
13297;13455550;1195847680;18558976;1330999296;0;0;0;0;0;0;0;0;0;0;0;4398;0;0;126;0;202;0;
13298;9308254;1195847680;18558976;1330999296;0;0;0;0;0;0;0;0;0;0;0;3566;0;0;126;0;202;0;
13299;12785824;1195847680;18558976;1330999296;0;0;0;0;0;0;0;0;0;0;0;3366;0;0;126;0;202;0;
13300;6619682;1195847680;18558976;1330999296;0;0;0;0;0;0;0;0;0;0;0;3366;0;0;126;0;202;0;
13301;9018470;1195847680;18558976;1330999296;0;0;0;0;0;0;0;0;0;0;0;3146;0;0;126;0;202;0;
13302;10084620;1195847680;18558976;1330999296;0;0;0;0;0;0;0;0;0;0;0;3928;0;0;126;0;202;0;
13303;9968211;1195847680;18558976;1330999296;0;0;0;0;0;0;0;0;0;0;0;3597;0;0;126;0;202;0;
13304;8098435;1195847680;18558976;1330999296;0;0;0;0;0;0;0;0;0;0;0;3136;0;0;126;0;202;0;
13305;9324784;1195847680;18558976;1330999296;0;0;0;0;0;0;0;0;0;0;0;3637;0;0;126;0;202;0;
13306;6843512;1195847680;18558976;1330999296;0;0;0;0;0;0;0;0;0;0;0;4629;0;0;126;0;202;0;
13307;9448266;1195847680;18558976;1330999296;0;0;0;0;0;0;0;0;0;0;0;3336;0;0;126;0;202;0;
13308;7903209;1195847680;18558976;1330999296;0;0;0;0;0;0;0;0;0;0;0;3878;0;0;126;0;202;0;
13309;9167931;1195847680;18558976;1330999296;0;0;0;0;0;0;0;0;0;0;0;2865;0;0;126;0;202;0;
13310;7293315;1195847680;18558976;1330999296;0;0;0;0;0;0;0;0;0;0;0;3056;0;0;126;0;202;0;
13311;10305153;1195847680;18558976;1330999296;0;0;0;0;0;0;0;0;0;0;0;3146;0;0;126;0;202;0;
13312;5789045;1195847680;18558976;1330999296;0;0;0;0;0;0;0;0;0;0;0;2995;0;0;126;0;202;0;
13313;13773015;1195847680;18558976;1330999296;0;0;0;0;0;0;0;0;0;0;0;4117;0;0;126;0;202;0;
13314;6895820;1195847680;18558976;1330999296;0;0;0;0;0;0;0;0;0;0;0;3566;0;0;126;0;202;0;
13315;7631810;1195847680;18558976;1330999296;0;0;0;0;0;0;0;0;0;0;0;3266;0;0;126;0;202;0;
13316;6637095;1195847680;18558976;1330999296;0;0;0;0;0;0;0;0;0;0;0;3908;0;0;126;0;202;0;
13317;10348915;1195847680;18558976;1330999296;0;0;0;0;0;0;0;0;0;0;0;3216;0;0;126;0;202;0;
13318;6712256;1195847680;18558976;1330999296;0;0;0;0;0;0;0;0;0;0;0;4629;0;0;126;0;202;0;
13319;10100499;1195847680;18558976;1330999296;0;0;0;0;0;0;0;0;0;0;0;3476;0;0;126;0;202;0;
13320;5763177;1195847680;18558976;1330999296;0;0;0;0;0;0;0;0;0;0;0;3407;0;0;126;0;202;0;
13321;8401393;1195847680;18558976;1330999296;0;0;0;0;0;0;0;0;0;0;0;3036;0;0;126;0;202;0;
13322;8114956;1195847680;18558976;1330999296;0;0;0;0;0;0;0;0;0;0;0;4058;0;0;126;0;202;0;
13323;7216882;1195847680;18558976;1330999296;0;0;0;0;0;0;0;0;0;0;0;2645;0;0;126;0;202;0;
13324;9133696;1195847680;18558976;1330999296;0;0;0;0;0;0;0;0;0;0;0;2715;0;0;126;0;202;0;
13325;12108725;1195847680;18558976;1330999296;0;0;0;0;0;0;0;0;0;0;0;3397;0;0;126;0;202;0;
13326;7271494;1195847680;18558976;1330999296;0;0;0;0;0;0;0;0;0;0;0;3166;0;0;126;0;202;0;
13327;7927124;1195847680;18558976;1330999296;0;0;0;0;0;0;0;0;0;0;0;2103;0;0;126;0;202;0;
13328;6578175;1195847680;18558976;1330999296;0;0;0;0;0;0;0;0;0;0;0;2835;0;0;126;0;202;0;
13329;11530180;1195847680;18558976;1330999296;0;0;0;0;0;0;0;0;0;0;0;3296;0;0;126;0;202;0;
13330;6242746;1195847680;18558976;1330999296;0;0;0;0;0;0;0;0;0;0;0;2665;0;0;126;0;202;0;
13331;11461531;1195847680;18558976;1330999296;0;0;0;0;0;0;0;0;0;0;0;3546;0;0;126;0;202;0;
13332;8075081;1195847680;18558976;1330999296;0;0;0;0;0;0;0;0;0;0;0;3416;0;0;126;0;202;0;
13333;9328371;1195847680;18558976;1330999296;0;0;0;0;0;0;0;0;0;0;0;2585;0;0;126;0;202;0;
13334;8303991;1195847680;18558976;1330999296;0;0;0;0;0;0;0;0;0;0;0;3446;0;0;126;0;202;0;
13335;7374818;1195847680;18558976;1330999296;0;0;0;0;0;0;0;0;0;0;0;2565;0;0;126;0;202;0;
13336;7828980;1195847680;18558976;1330999296;0;0;0;0;0;0;0;0;0;0;0;3918;0;0;126;0;202;0;
13337;9942733;1195847680;18558976;1330999296;0;0;0;0;0;0;0;0;0;0;0;3296;0;0;126;0;202;0;
13338;5221200;1195847680;18558976;1330999296;0;0;0;0;0;0;0;0;0;0;0;3516;0;0;126;0;202;0;
13339;10267292;1195847680;18558976;1330999296;0;0;0;0;0;0;0;0;0;0;0;3056;0;0;126;0;202;0;
13340;7612624;1195847680;18558976;1330999296;0;0;0;0;0;0;0;0;0;0;0;3586;0;0;126;0;202;0;
13341;7703254;1195847680;18558976;1330999296;0;0;0;0;0;0;0;0;0;0;0;3246;0;0;126;0;202;0;
13342;7079194;1195847680;18558976;1330999296;0;0;0;0;0;0;0;0;0;0;0;3176;0;0;126;0;202;0;
13343;11043337;1195847680;18558976;1330999296;0;0;0;0;0;0;0;0;0;0;0;3897;0;0;126;0;202;0;
13344;6847800;1196118016;18558976;1330999296;0;0;0;0;0;0;0;0;0;0;0;5450;0;0;126;0;202;0;
13345;7722811;1196118016;18558976;1330999296;0;0;0;0;0;0;0;0;0;0;0;2855;0;0;126;0;202;0;
13346;9051062;1196118016;18558976;1330999296;0;0;0;0;0;0;0;0;0;0;0;3176;0;0;126;0;202;0;
13347;11020074;1196118016;18558976;1330999296;0;0;0;0;0;0;0;0;0;0;0;3576;0;0;126;0;202;0;
13348;7859857;1196118016;18558976;1330999296;0;0;0;0;0;0;0;0;0;0;0;3987;0;0;126;0;202;0;
13349;7841474;1196118016;18558976;1330999296;0;0;0;0;0;0;0;0;0;0;0;2605;0;0;126;0;202;0;
13350;7282375;1196118016;18558976;1330999296;0;0;0;0;0;0;0;0;0;0;0;3677;0;0;126;0;202;0;
13351;11707913;1196118016;18558976;1330999296;0;0;0;0;0;0;0;0;0;0;0;2906;0;0;126;0;202;0;
13352;6084619;1196118016;18558976;1330999296;0;0;0;0;0;0;0;0;0;0;0;3396;0;0;126;0;202;0;
13353;8590427;1196118016;18558976;1330999296;0;0;0;0;0;0;0;0;0;0;0;3005;0;0;126;0;202;0;
13354;8485821;1196118016;18558976;1330999296;0;0;0;0;0;0;0;0;0;0;0;3887;0;0;126;0;202;0;
13355;13509942;1196118016;18558976;1330999296;0;0;0;0;0;0;0;0;0;0;0;4439;0;0;126;0;202;0;
13356;7577718;1196118016;18558976;1330999296;0;0;0;0;0;0;0;0;0;0;0;4458;0;0;126;0;202;0;
13357;11069236;1196118016;18558976;1330999296;0;0;0;0;0;0;0;0;0;0;0;3396;0;0;126;0;202;0;
13358;6191990;1196118016;18558976;1330999296;0;0;0;0;0;0;0;0;0;0;0;3236;0;0;126;0;202;0;
13359;10439515;1196118016;18558976;1330999296;0;0;0;0;0;0;0;0;0;0;0;4268;0;0;126;0;202;0;
13360;7933566;1196118016;18558976;1330999296;0;0;0;0;0;0;0;0;0;0;0;3166;0;0;126;0;202;0;
13361;9070147;1196118016;18558976;1330999296;0;0;0;0;0;0;0;0;0;0;0;3516;0;0;126;0;202;0;
13362;6421580;1196118016;18558976;1330999296;0;0;0;0;0;0;0;0;0;0;0;3487;0;0;126;0;202;0;
13363;9768957;1196118016;18558976;1330999296;0;0;0;0;0;0;0;0;0;0;0;3637;0;0;126;0;202;0;
13364;9447094;1196118016;18558976;1330999296;0;0;0;0;0;0;0;0;0;0;0;3967;0;0;126;0;202;0;
13365;9118899;1196118016;18558976;1330999296;0;0;0;0;0;0;0;0;0;0;0;3166;0;0;126;0;202;0;
13366;9144807;1196118016;18558976;1330999296;0;0;0;0;0;0;0;0;0;0;0;3055;0;0;126;0;202;0;
13367;13520872;1196118016;18558976;1330999296;0;0;0;0;0;0;0;0;0;0;0;4609;0;0;126;0;202;0;
13368;8555382;1196118016;18558976;1330999296;0;0;0;0;0;0;0;0;0;0;0;3386;0;0;126;0;202;0;
13369;13034791;1196118016;18558976;1330999296;0;0;0;0;0;0;0;0;0;0;0;3697;0;0;126;0;202;0;
13370;7533826;1196118016;18558976;1330999296;0;0;0;0;0;0;0;0;0;0;0;3346;0;0;126;0;202;0;
13371;9849808;1196118016;18558976;1330999296;0;0;0;0;0;0;0;0;0;0;0;4098;0;0;126;0;202;0;
13372;6876374;1196118016;18558976;1330999296;0;0;0;0;0;0;0;0;0;0;0;3837;0;0;126;0;202;0;
13373;11327339;1196118016;18558976;1330999296;0;0;0;0;0;0;0;0;0;0;0;4038;0;0;126;0;202;0;
13374;8125215;1196118016;18558976;1330999296;0;0;0;0;0;0;0;0;0;0;0;2965;0;0;126;0;202;0;
13375;8961033;1196118016;18558976;1330999296;0;0;0;0;0;0;0;0;0;0;0;3356;0;0;126;0;202;0;
13376;8746650;1196118016;18558976;1330999296;0;0;0;0;0;0;0;0;0;0;0;4198;0;0;126;0;202;0;
13377;10600657;1196118016;18563072;1331003392;0;0;0;0;0;0;0;0;0;0;0;4258;0;0;126;0;202;0;
13378;5290320;1196118016;18567168;1331007488;0;0;0;0;0;0;0;0;0;0;0;3557;0;0;126;0;202;0;
13379;10472246;1196118016;18567168;1331007488;0;0;0;0;0;0;0;0;0;0;0;3486;0;0;126;0;202;0;
13380;7010625;1196118016;18567168;1331007488;0;0;0;0;0;0;0;0;0;0;0;3437;0;0;126;0;202;0;
13381;7597145;1196118016;18567168;1331007488;0;0;0;0;0;0;0;0;0;0;0;2254;0;0;126;0;202;0;
13382;7633343;1196118016;18567168;1331007488;0;0;0;0;0;0;0;0;0;0;0;3687;0;0;126;0;202;0;
13383;9689499;1196118016;18567168;1331007488;0;0;0;0;0;0;0;0;0;0;0;3086;0;0;126;0;202;0;
13384;5075888;1196118016;18558976;1330999296;0;0;0;0;0;0;0;0;0;0;0;3276;0;0;126;0;202;0;
13385;11972459;1196118016;18558976;1330999296;0;0;0;0;0;0;0;0;0;0;0;3336;0;0;126;0;202;0;
13386;6987332;1196118016;18558976;1330999296;0;0;0;0;0;0;0;0;0;0;0;3807;0;0;126;0;202;0;
13387;10298961;1196118016;18558976;1330999296;0;0;0;0;0;0;0;0;0;0;0;2906;0;0;126;0;202;0;
13388;7779126;1196118016;18558976;1330999296;0;0;0;0;0;0;0;0;0;0;0;3507;0;0;126;0;202;0;
13389;8341340;1196118016;18558976;1330999296;0;0;0;0;0;0;0;0;0;0;0;2635;0;0;126;0;202;0;
13390;4929423;1196118016;18558976;1330999296;0;0;0;0;0;0;0;0;0;0;0;3486;0;0;126;0;202;0;
13391;8199274;1196118016;18558976;1330999296;0;0;0;0;0;0;0;0;0;0;0;3777;0;0;126;0;202;0;
13392;5577197;1196118016;18558976;1330999296;0;0;0;0;0;0;0;0;0;0;0;3196;0;0;126;0;202;0;
13393;10838503;1196118016;18558976;1330999296;0;0;0;0;0;0;0;0;0;0;0;4359;0;0;126;0;202;0;
13394;5966237;1196118016;18558976;1330999296;0;0;0;0;0;0;0;0;0;0;0;27441;0;0;126;0;202;0;
13395;7822037;1196118016;18558976;1330999296;0;0;0;0;0;0;0;0;0;0;0;3377;0;0;126;0;202;0;
13396;7893641;1196118016;18558976;1330999296;0;0;0;0;0;0;0;0;0;0;0;3126;0;0;126;0;202;0;
13397;10711765;1196118016;18558976;1330999296;0;0;0;0;0;0;0;0;0;0;0;3947;0;0;126;0;202;0;
13398;5344591;1196118016;18558976;1330999296;0;0;0;0;0;0;0;0;0;0;0;4589;0;0;126;0;202;0;
13399;9239123;1196118016;18558976;1330999296;0;0;0;0;0;0;0;0;0;0;0;2635;0;0;126;0;202;0;
13400;6726353;1196118016;18558976;1330999296;0;0;0;0;0;0;0;0;0;0;0;3777;0;0;126;0;202;0;
13401;11432407;1196118016;18558976;1330999296;0;0;0;0;0;0;0;0;0;0;0;3336;0;0;126;0;202;0;
13402;6032581;1196118016;18558976;1330999296;0;0;0;0;0;0;0;0;0;0;0;4489;0;0;126;0;202;0;
13403;5706771;1196118016;18558976;1330999296;0;0;0;0;0;0;0;0;0;0;0;1803;0;0;126;0;202;0;
13404;6963898;1196118016;18558976;1330999296;0;0;0;0;0;0;0;0;0;0;0;3367;0;0;126;0;202;0;
13405;8176411;1196118016;18558976;1330999296;0;0;0;0;0;0;0;0;0;0;0;2345;0;0;126;0;202;0;
13406;9404414;1196118016;18558976;1330999296;0;0;0;0;0;0;0;0;0;0;0;3136;0;0;126;0;202;0;
13407;7992826;1196118016;18558976;1330999296;0;0;0;0;0;0;0;0;0;0;0;2505;0;0;126;0;202;0;
13408;7976667;1196118016;18558976;1330999296;0;0;0;0;0;0;0;0;0;0;0;4027;0;0;126;0;202;0;
13409;9947061;1196118016;18558976;1330999296;0;0;0;0;0;0;0;0;0;0;0;4309;0;0;126;0;202;0;
13410;5284629;1196118016;18558976;1330999296;0;0;0;0;0;0;0;0;0;0;0;3286;0;0;126;0;202;0;
13411;6526136;1196118016;18558976;1330999296;0;0;0;0;0;0;0;0;0;0;0;2034;0;0;126;0;202;0;
13412;7686622;1196118016;18558976;1330999296;0;0;0;0;0;0;0;0;0;0;0;2976;0;0;126;0;202;0;
13413;12950182;1196118016;18558976;1330999296;0;0;0;0;0;0;0;0;0;0;0;4288;0;0;126;0;202;0;
13414;6461536;1196118016;18558976;1330999296;0;0;0;0;0;0;0;0;0;0;0;3827;0;0;126;0;202;0;
13415;7008351;1196118016;18558976;1330999296;0;0;0;0;0;0;0;0;0;0;0;2985;0;0;126;0;202;0;
13416;8533621;1196118016;18558976;1330999296;0;0;0;0;0;0;0;0;0;0;0;3506;0;0;126;0;202;0;
13417;9037606;1196118016;18558976;1330999296;0;0;0;0;0;0;0;0;0;0;0;2935;0;0;126;0;202;0;
13418;6119154;1196118016;18558976;1330999296;0;0;0;0;0;0;0;0;0;0;0;2905;0;0;126;0;202;0;
13419;7172649;1196118016;18558976;1330999296;0;0;0;0;0;0;0;0;0;0;0;2214;0;0;126;0;202;0;
13420;6745047;1196118016;18558976;1330999296;0;0;0;0;0;0;0;0;0;0;0;4288;0;0;126;0;202;0;
13421;9120632;1196118016;18558976;1330999296;0;0;0;0;0;0;0;0;0;0;0;3216;0;0;126;0;202;0;
13422;7037806;1196118016;18558976;1330999296;0;0;0;0;0;0;0;0;0;0;0;3647;0;0;126;0;202;0;
13423;7999219;1196118016;18558976;1330999296;0;0;0;0;0;0;0;0;0;0;0;2745;0;0;126;0;202;0;
13424;5958723;1196118016;18558976;1330999296;0;0;0;0;0;0;0;0;0;0;0;3536;0;0;126;0;202;0;
13425;7234194;1196118016;18558976;1330999296;0;0;0;0;0;0;0;0;0;0;0;2946;0;0;126;0;202;0;
13426;8205756;1196118016;18558976;1330999296;0;0;0;0;0;0;0;0;0;0;0;3747;0;0;126;0;202;0;
13427;6386055;1196118016;18558976;1330999296;0;0;0;0;0;0;0;0;0;0;0;2275;0;0;126;0;202;0;
13428;6856346;1196118016;18558976;1330999296;0;0;0;0;0;0;0;0;0;0;0;4198;0;0;126;0;202;0;
13429;11120721;1196118016;18558976;1330999296;0;0;0;0;0;0;0;0;0;0;0;3576;0;0;126;0;202;0;
13430;5509591;1196118016;18558976;1330999296;0;0;0;0;0;0;0;0;0;0;0;3928;0;0;126;0;202;0;
13431;8308559;1196118016;18558976;1330999296;0;0;0;0;0;0;0;0;0;0;0;2755;0;0;126;0;202;0;
13432;6067026;1196118016;18558976;1330999296;0;0;0;0;0;0;0;0;0;0;0;3446;0;0;126;0;202;0;
13433;8631424;1196118016;18558976;1330999296;0;0;0;0;0;0;0;0;0;0;0;2926;0;0;126;0;202;0;
13434;7240176;1196118016;18558976;1330999296;0;0;0;0;0;0;0;0;0;0;0;4027;0;0;126;0;202;0;
13435;6085951;1196118016;18558976;1330999296;0;0;0;0;0;0;0;0;0;0;0;2294;0;0;126;0;202;0;
13436;8817063;1196118016;18558976;1330999296;0;0;0;0;0;0;0;0;0;0;0;4017;0;0;126;0;202;0;
13437;10529974;1196118016;18558976;1330999296;0;0;0;0;0;0;0;0;0;0;0;2906;0;0;126;0;202;0;
13438;6168115;1196118016;18558976;1330999296;0;0;0;0;0;0;0;0;0;0;0;3837;0;0;126;0;202;0;
13439;12259668;1196118016;18558976;1330999296;0;0;0;0;0;0;0;0;0;0;0;2946;0;0;126;0;202;0;
13440;5973761;1196118016;18558976;1330999296;0;0;0;0;0;0;0;0;0;0;0;4077;0;0;126;0;202;0;
13441;9162460;1196118016;18558976;1330999296;0;0;0;0;0;0;0;0;0;0;0;3136;0;0;126;0;202;0;
13442;7036985;1196118016;18558976;1330999296;0;0;0;0;0;0;0;0;0;0;0;3707;0;0;126;0;202;0;
13443;9596524;1196118016;18558976;1330999296;0;0;0;0;0;0;0;0;0;0;0;2885;0;0;126;0;202;0;
13444;5842856;1196118016;18558976;1330999296;0;0;0;0;0;0;0;0;0;0;0;3547;0;0;126;0;202;0;
13445;6972684;1196118016;18558976;1330999296;0;0;0;0;0;0;0;0;0;0;0;2625;0;0;126;0;202;0;
13446;6539793;1196118016;18558976;1330999296;0;0;0;0;0;0;0;0;0;0;0;3757;0;0;126;0;202;0;
13447;7878773;1196118016;18558976;1330999296;0;0;0;0;0;0;0;0;0;0;0;3276;0;0;126;0;202;0;
13448;6548799;1196118016;18558976;1330999296;0;0;0;0;0;0;0;0;0;0;0;4578;0;0;126;0;202;0;
13449;9775049;1196118016;18558976;1330999296;0;0;0;0;0;0;0;0;0;0;0;3487;0;0;126;0;202;0;
13450;9015405;1196118016;18558976;1330999296;0;0;0;0;0;0;0;0;0;0;0;3347;0;0;126;0;202;0;
13451;9660665;1196118016;18558976;1330999296;0;0;0;0;0;0;0;0;0;0;0;3106;0;0;126;0;202;0;
13452;7494543;1196118016;18558976;1330999296;0;0;0;0;0;0;0;0;0;0;0;4108;0;0;126;0;202;0;
13453;7721668;1196118016;18558976;1330999296;0;0;0;0;0;0;0;0;0;0;0;3096;0;0;126;0;202;0;
13454;6350698;1196118016;18558976;1330999296;0;0;0;0;0;0;0;0;0;0;0;3166;0;0;126;0;202;0;
13455;10389320;1196118016;18558976;1330999296;0;0;0;0;0;0;0;0;0;0;0;3497;0;0;126;0;202;0;
13456;5689919;1196118016;18558976;1330999296;0;0;0;0;0;0;0;0;0;0;0;3276;0;0;126;0;202;0;
13457;6289253;1196118016;18558976;1330999296;0;0;0;0;0;0;0;0;0;0;0;1733;0;0;126;0;202;0;
13458;7874685;1196118016;18558976;1330999296;0;0;0;0;0;0;0;0;0;0;0;3687;0;0;126;0;202;0;
13459;8432451;1196118016;18558976;1330999296;0;0;0;0;0;0;0;0;0;0;0;3997;0;0;126;0;202;0;
13460;7142783;1196118016;18558976;1330999296;0;0;0;0;0;0;0;0;0;0;0;2845;0;0;126;0;202;0;
13461;8271269;1196118016;18558976;1330999296;0;0;0;0;0;0;0;0;0;0;0;2635;0;0;126;0;202;0;
13462;6852519;1196118016;18558976;1330999296;0;0;0;0;0;0;0;0;0;0;0;4448;0;0;126;0;202;0;
13463;9667737;1196118016;18558976;1330999296;0;0;0;0;0;0;0;0;0;0;0;3647;0;0;126;0;202;0;
13464;5843177;1196118016;18558976;1330999296;0;0;0;0;0;0;0;0;0;0;0;4258;0;0;126;0;202;0;
13465;7987056;1196118016;18558976;1330999296;0;0;0;0;0;0;0;0;0;0;0;2585;0;0;126;0;202;0;
13466;7692865;1196118016;18558976;1330999296;0;0;0;0;0;0;0;0;0;0;0;3116;0;0;126;0;202;0;
13467;7418700;1196118016;18558976;1330999296;0;0;0;0;0;0;0;0;0;0;0;2956;0;0;126;0;202;0;
13468;6575429;1196118016;18558976;1330999296;0;0;0;0;0;0;0;0;0;0;0;4137;0;0;126;0;202;0;
13469;6341060;1196118016;18558976;1330999296;0;0;0;0;0;0;0;0;0;0;0;2014;0;0;126;0;202;0;
13470;6892945;1196118016;18558976;1330999296;0;0;0;0;0;0;0;0;0;0;0;3737;0;0;126;0;202;0;
13471;9642951;1196118016;18558976;1330999296;0;0;0;0;0;0;0;0;0;0;0;2966;0;0;126;0;202;0;
13472;4732363;1196118016;18558976;1330999296;0;0;0;0;0;0;0;0;0;0;0;3767;0;0;126;0;202;0;
13473;8549821;1196118016;18558976;1330999296;0;0;0;0;0;0;0;0;0;0;0;2335;0;0;126;0;202;0;
13474;8226545;1196118016;18558976;1330999296;0;0;0;0;0;0;0;0;0;0;0;3827;0;0;126;0;202;0;
13475;11288006;1196118016;18558976;1330999296;0;0;0;0;0;0;0;0;0;0;0;3146;0;0;126;0;202;0;
13476;3752837;1196118016;18558976;1330999296;0;0;0;0;0;0;0;0;0;0;0;3075;0;0;126;0;202;0;
13477;7047695;1196118016;18558976;1330999296;0;0;0;0;0;0;0;0;0;0;0;2074;0;0;126;0;202;0;
13478;9470398;1196118016;18558976;1330999296;0;0;0;0;0;0;0;0;0;0;0;4548;0;0;126;0;202;0;
13479;10002676;1196118016;18558976;1330999296;0;0;0;0;0;0;0;0;0;0;0;3697;0;0;126;0;202;0;
13480;6224221;1196118016;18558976;1330999296;0;0;0;0;0;0;0;0;0;0;0;3827;0;0;126;0;202;0;
13481;10796524;1196118016;18558976;1330999296;0;0;0;0;0;0;0;0;0;0;0;4117;0;0;126;0;202;0;
13482;8216396;1196118016;18558976;1330999296;0;0;0;0;0;0;0;0;0;0;0;3056;0;0;126;0;202;0;
13483;10729409;1196118016;18558976;1330999296;0;0;0;0;0;0;0;0;0;0;0;3196;0;0;126;0;202;0;
13484;7738080;1196118016;18558976;1330999296;0;0;0;0;0;0;0;0;0;0;0;2836;0;0;126;0;202;0;
13485;9245245;1196118016;18558976;1330999296;0;0;0;0;0;0;0;0;0;0;0;3166;0;0;126;0;202;0;
13486;8656181;1196118016;18558976;1330999296;0;0;0;0;0;0;0;0;0;0;0;4198;0;0;126;0;202;0;
13487;7703605;1196118016;18558976;1330999296;0;0;0;0;0;0;0;0;0;0;0;3486;0;0;126;0;202;0;
13488;9373005;1196118016;18558976;1330999296;0;0;0;0;0;0;0;0;0;0;0;4699;0;0;126;0;202;0;
13489;10762811;1196118016;18558976;1330999296;0;0;0;0;0;0;0;0;0;0;0;4128;0;0;126;0;202;0;
13490;8744987;1196118016;18558976;1330999296;0;0;0;0;0;0;0;0;0;0;0;4248;0;0;126;0;202;0;
13491;9772574;1196118016;18558976;1330999296;0;0;0;0;0;0;0;0;0;0;0;3106;0;0;126;0;202;0;
13492;8877797;1196118016;18558976;1330999296;0;0;0;0;0;0;0;0;0;0;0;6291;0;0;126;0;202;0;
13493;8035557;1196118016;18558976;1330999296;0;0;0;0;0;0;0;0;0;0;0;3576;0;0;126;0;202;0;
13494;5250475;1196118016;18558976;1330999296;0;0;0;0;0;0;0;0;0;0;0;3236;0;0;126;0;202;0;
13495;8660028;1196118016;18558976;1330999296;0;0;0;0;0;0;0;0;0;0;0;3286;0;0;126;0;202;0;
13496;7995161;1196118016;18558976;1330999296;0;0;0;0;0;0;0;0;0;0;0;3366;0;0;126;0;202;0;
13497;8500990;1196118016;18558976;1330999296;0;0;0;0;0;0;0;0;0;0;0;3266;0;0;126;0;202;0;
13498;6478207;1196118016;18558976;1330999296;0;0;0;0;0;0;0;0;0;0;0;3216;0;0;126;0;202;0;
13499;13240256;1196118016;18558976;1330999296;0;0;0;0;0;0;0;0;0;0;0;3366;0;0;126;0;202;0;
13500;4955952;1196118016;18558976;1330999296;0;0;0;0;0;0;0;0;0;0;0;4268;0;0;126;0;202;0;
13501;4920276;1196118016;18558976;1330999296;0;0;0;0;0;0;0;0;0;0;0;2325;0;0;126;0;202;0;
13502;6571211;1196118016;18558976;1330999296;0;0;0;0;0;0;0;0;0;0;0;3266;0;0;126;0;202;0;
13503;11332499;1196118016;18563072;1331003392;0;0;0;0;0;0;0;0;0;0;0;3627;0;0;126;0;202;0;
13504;6798668;1196118016;18567168;1331007488;0;0;0;0;0;0;0;0;0;0;0;3657;0;0;126;0;202;0;
13505;8125115;1196118016;18567168;1331007488;0;0;0;0;0;0;0;0;0;0;0;2895;0;0;126;0;202;0;
13506;5779126;1196118016;18567168;1331007488;0;0;0;0;0;0;0;0;0;0;0;3457;0;0;126;0;202;0;
13507;7867292;1196118016;18567168;1331007488;0;0;0;0;0;0;0;0;0;0;0;2695;0;0;126;0;202;0;
13508;6000051;1196118016;18567168;1331007488;0;0;0;0;0;0;0;0;0;0;0;3287;0;0;126;0;202;0;
13509;7295038;1196118016;18567168;1331007488;0;0;0;0;0;0;0;0;0;0;0;3035;0;0;126;0;202;0;
13510;5238733;1196118016;18558976;1330999296;0;0;0;0;0;0;0;0;0;0;0;2785;0;0;126;0;202;0;
13511;9627031;1196118016;18558976;1330999296;0;0;0;0;0;0;0;0;0;0;0;2665;0;0;126;0;202;0;
13512;6910438;1196118016;18558976;1330999296;0;0;0;0;0;0;0;0;0;0;0;3367;0;0;126;0;202;0;
13513;6582022;1196118016;18558976;1330999296;0;0;0;0;0;0;0;0;0;0;0;2394;0;0;126;0;202;0;
13514;5877160;1196118016;18558976;1330999296;0;0;0;0;0;0;0;0;0;0;0;3557;0;0;126;0;202;0;
13515;7615419;1196118016;18558976;1330999296;0;0;0;0;0;0;0;0;0;0;0;3687;0;0;126;0;202;0;
13516;6227177;1196118016;18558976;1330999296;0;0;0;0;0;0;0;0;0;0;0;3226;0;0;126;0;202;0;
13517;7272787;1196118016;18558976;1330999296;0;0;0;0;0;0;0;0;0;0;0;1933;0;0;126;0;202;0;
13518;6580869;1196118016;18558976;1330999296;0;0;0;0;0;0;0;0;0;0;0;3917;0;0;126;0;202;0;
13519;9008521;1196118016;18558976;1330999296;0;0;0;0;0;0;0;0;0;0;0;3777;0;0;126;0;202;0;
13520;4450254;1196118016;18558976;1330999296;0;0;0;0;0;0;0;0;0;0;0;3717;0;0;126;0;202;0;
13521;10309682;1196118016;18558976;1330999296;0;0;0;0;0;0;0;0;0;0;0;2204;0;0;126;0;202;0;
13522;6482105;1196118016;18558976;1330999296;0;0;0;0;0;0;0;0;0;0;0;2936;0;0;126;0;202;0;
13523;9332719;1196118016;18558976;1330999296;0;0;0;0;0;0;0;0;0;0;0;3366;0;0;126;0;202;0;
13524;6169969;1196118016;18558976;1330999296;0;0;0;0;0;0;0;0;0;0;0;3126;0;0;126;0;202;0;
13525;11193458;1196118016;18558976;1330999296;0;0;0;0;0;0;0;0;0;0;0;4137;0;0;126;0;202;0;
13526;6867196;1196118016;18558976;1330999296;0;0;0;0;0;0;0;0;0;0;0;4268;0;0;126;0;202;0;
13527;6192521;1196118016;18558976;1330999296;0;0;0;0;0;0;0;0;0;0;0;2605;0;0;126;0;202;0;
13528;5864416;1196118016;18558976;1330999296;0;0;0;0;0;0;0;0;0;0;0;3437;0;0;126;0;202;0;
13529;11582137;1196118016;18558976;1330999296;0;0;0;0;0;0;0;0;0;0;0;2565;0;0;126;0;202;0;
13530;6086323;1196118016;18558976;1330999296;0;0;0;0;0;0;0;0;0;0;0;113754;0;0;126;0;202;0;
13531;8936105;1196118016;18558976;1330999296;0;0;0;0;0;0;0;0;0;0;0;1893;0;0;126;0;202;0;
13532;6090340;1196118016;18563072;1331003392;0;0;0;0;0;0;0;0;0;0;0;3367;0;0;126;0;202;0;
13533;9464566;1196118016;18563072;1331003392;0;0;0;0;0;0;0;0;0;0;0;3867;0;0;126;0;202;0;
13534;5301170;1196118016;18563072;1331003392;0;0;0;0;0;0;0;0;0;0;0;3817;0;0;126;0;202;0;
13535;8476393;1196118016;18563072;1331003392;0;0;0;0;0;0;0;0;0;0;0;2234;0;0;126;0;202;0;
13536;6129463;1196118016;18563072;1331003392;0;0;0;0;0;0;0;0;0;0;0;3937;0;0;126;0;202;0;
13537;10206988;1196118016;18563072;1331003392;0;0;0;0;0;0;0;0;0;0;0;3026;0;0;126;0;202;0;
13538;4492884;1196118016;18563072;1331003392;0;0;0;0;0;0;0;0;0;0;0;3386;0;0;126;0;202;0;
13539;7912407;1196118016;18563072;1331003392;0;0;0;0;0;0;0;0;0;0;0;2204;0;0;126;0;202;0;
13540;7284348;1196118016;18563072;1331003392;0;0;0;0;0;0;0;0;0;0;0;3296;0;0;126;0;202;0;
13541;8301556;1196118016;18563072;1331003392;0;0;0;0;0;0;0;0;0;0;0;3206;0;0;126;0;202;0;
13542;3803482;1196118016;18563072;1331003392;0;0;0;0;0;0;0;0;0;0;0;3476;0;0;126;0;202;0;
13543;6010430;1196118016;18563072;1331003392;0;0;0;0;0;0;0;0;0;0;0;1903;0;0;126;0;202;0;
13544;5878943;1196118016;18563072;1331003392;0;0;0;0;0;0;0;0;0;0;0;3998;0;0;126;0;202;0;
13545;7790587;1196118016;18563072;1331003392;0;0;0;0;0;0;0;0;0;0;0;3005;0;0;126;0;202;0;
13546;5436884;1196118016;18563072;1331003392;0;0;0;0;0;0;0;0;0;0;0;3537;0;0;126;0;202;0;
13547;7601714;1196118016;18563072;1331003392;0;0;0;0;0;0;0;0;0;0;0;2685;0;0;126;0;202;0;
13548;4303409;1196118016;18563072;1331003392;0;0;0;0;0;0;0;0;0;0;0;3707;0;0;126;0;202;0;
13549;10246222;1196118016;18563072;1331003392;0;0;0;0;0;0;0;0;0;0;0;3517;0;0;126;0;202;0;
13550;4196148;1196118016;18563072;1331003392;0;0;0;0;0;0;0;0;0;0;0;4098;0;0;126;0;202;0;
13551;7232792;1196118016;18563072;1331003392;0;0;0;0;0;0;0;0;0;0;0;2335;0;0;126;0;202;0;
13552;6048211;1196118016;18563072;1331003392;0;0;0;0;0;0;0;0;0;0;0;2995;0;0;126;0;202;0;
13553;8365937;1196118016;18563072;1331003392;0;0;0;0;0;0;0;0;0;0;0;3146;0;0;126;0;202;0;
13554;7729283;1196118016;18563072;1331003392;0;0;0;0;0;0;0;0;0;0;0;3617;0;0;126;0;202;0;
13555;5674750;1196118016;18563072;1331003392;0;0;0;0;0;0;0;0;0;0;0;3236;0;0;126;0;202;0;
13556;7329343;1196118016;18563072;1331003392;0;0;0;0;0;0;0;0;0;0;0;5160;0;0;126;0;202;0;
13557;7971366;1196118016;18563072;1331003392;0;0;0;0;0;0;0;0;0;0;0;3086;0;0;126;0;202;0;
13558;7857594;1196118016;18563072;1331003392;0;0;0;0;0;0;0;0;0;0;0;3506;0;0;126;0;202;0;
13559;8303971;1196118016;18563072;1331003392;0;0;0;0;0;0;0;0;0;0;0;2835;0;0;126;0;202;0;
13560;7097949;1196118016;18563072;1331003392;0;0;0;0;0;0;0;0;0;0;0;3236;0;0;126;0;202;0;
13561;9738811;1196118016;18563072;1331003392;0;0;0;0;0;0;0;0;0;0;0;3497;0;0;126;0;202;0;
13562;4715362;1196118016;18563072;1331003392;0;0;0;0;0;0;0;0;0;0;0;3727;0;0;126;0;202;0;
13563;9015364;1196118016;18563072;1331003392;0;0;0;0;0;0;0;0;0;0;0;2195;0;0;126;0;202;0;
13564;6109225;1196118016;18563072;1331003392;0;0;0;0;0;0;0;0;0;0;0;3837;0;0;126;0;202;0;
13565;8535945;1196118016;18563072;1331003392;0;0;0;0;0;0;0;0;0;0;0;2675;0;0;126;0;202;0;
13566;6889317;1196118016;18563072;1331003392;0;0;0;0;0;0;0;0;0;0;0;3136;0;0;126;0;202;0;
13567;10437310;1196118016;18563072;1331003392;0;0;0;0;0;0;0;0;0;0;0;3046;0;0;126;0;202;0;
13568;7947292;1196118016;18563072;1331003392;0;0;0;0;0;0;0;0;0;0;0;3717;0;0;126;0;202;0;
13569;9210400;1196118016;18563072;1331003392;0;0;0;0;0;0;0;0;0;0;0;3627;0;0;126;0;202;0;
13570;5156258;1196118016;18563072;1331003392;0;0;0;0;0;0;0;0;0;0;0;4648;0;0;126;0;202;0;
13571;9625959;1196118016;18563072;1331003392;0;0;0;0;0;0;0;0;0;0;0;4177;0;0;126;0;202;0;
13572;9871940;1196118016;18563072;1331003392;0;0;0;0;0;0;0;0;0;0;0;4980;0;0;126;0;202;0;
13573;6613631;1196118016;18563072;1331003392;0;0;0;0;0;0;0;0;0;0;0;2224;0;0;126;0;202;0;
13574;6400471;1196118016;18563072;1331003392;0;0;0;0;0;0;0;0;0;0;0;4168;0;0;126;0;202;0;
13575;10503714;1196118016;18563072;1331003392;0;0;0;0;0;0;0;0;0;0;0;3867;0;0;126;0;202;0;
13576;6215434;1196118016;18563072;1331003392;0;0;0;0;0;0;0;0;0;0;0;4258;0;0;126;0;202;0;
13577;8602190;1196118016;18563072;1331003392;0;0;0;0;0;0;0;0;0;0;0;2655;0;0;126;0;202;0;
13578;6602571;1196118016;18563072;1331003392;0;0;0;0;0;0;0;0;0;0;0;4489;0;0;126;0;202;0;
13579;11965406;1196118016;18563072;1331003392;0;0;0;0;0;0;0;0;0;0;0;3516;0;0;126;0;202;0;
13580;10926317;1196118016;18563072;1331003392;0;0;0;0;0;0;0;0;0;0;0;4629;0;0;126;0;202;0;
13581;11039950;1196118016;18563072;1331003392;0;0;0;0;0;0;0;0;0;0;0;4048;0;0;126;0;202;0;
13582;7726888;1196118016;18563072;1331003392;0;0;0;0;0;0;0;0;0;0;0;3657;0;0;126;0;202;0;
13583;9462803;1196118016;18563072;1331003392;0;0;0;0;0;0;0;0;0;0;0;2725;0;0;126;0;202;0;
13584;8797466;1196118016;18563072;1331003392;0;0;0;0;0;0;0;0;0;0;0;4228;0;0;126;0;202;0;
13585;9940439;1196118016;18563072;1331003392;0;0;0;0;0;0;0;0;0;0;0;2995;0;0;126;0;202;0;
13586;4632295;1196118016;18563072;1331003392;0;0;0;0;0;0;0;0;0;0;0;3356;0;0;126;0;202;0;
13587;7821575;1196118016;18563072;1331003392;0;0;0;0;0;0;0;0;0;0;0;1813;0;0;126;0;202;0;
13588;10054122;1196118016;18563072;1331003392;0;0;0;0;0;0;0;0;0;0;0;3196;0;0;126;0;202;0;
13589;8477356;1196118016;18563072;1331003392;0;0;0;0;0;0;0;0;0;0;0;3968;0;0;126;0;202;0;
13590;5413361;1196118016;18563072;1331003392;0;0;0;0;0;0;0;0;0;0;0;3947;0;0;126;0;202;0;
13591;12924675;1196118016;18563072;1331003392;0;0;0;0;0;0;0;0;0;0;0;3186;0;0;126;0;202;0;
13592;5948484;1196118016;18563072;1331003392;0;0;0;0;0;0;0;0;0;0;0;3296;0;0;126;0;202;0;
13593;10212879;1196118016;18563072;1331003392;0;0;0;0;0;0;0;0;0;0;0;3547;0;0;126;0;202;0;
13594;5515021;1196118016;18563072;1331003392;0;0;0;0;0;0;0;0;0;0;0;6853;0;0;126;0;202;0;
13595;9149776;1196118016;18563072;1331003392;0;0;0;0;0;0;0;0;0;0;0;3176;0;0;126;0;202;0;
13596;8635031;1196118016;18563072;1331003392;0;0;0;0;0;0;0;0;0;0;0;3226;0;0;126;0;202;0;
13597;8748784;1196118016;18563072;1331003392;0;0;0;0;0;0;0;0;0;0;0;3778;0;0;126;0;202;0;
13598;6055324;1196118016;18563072;1331003392;0;0;0;0;0;0;0;0;0;0;0;3166;0;0;126;0;202;0;
13599;9420985;1196118016;18563072;1331003392;0;0;0;0;0;0;0;0;0;0;0;3386;0;0;126;0;202;0;
13600;7082240;1196118016;18563072;1331003392;0;0;0;0;0;0;0;0;0;0;0;3396;0;0;126;0;202;0;
13601;8598813;1196118016;18563072;1331003392;0;0;0;0;0;0;0;0;0;0;0;4528;0;0;126;0;202;0;
13602;5921804;1196118016;18563072;1331003392;0;0;0;0;0;0;0;0;0;0;0;4388;0;0;126;0;202;0;
13603;10217128;1196118016;18563072;1331003392;0;0;0;0;0;0;0;0;0;0;0;2415;0;0;126;0;202;0;
13604;7908659;1196118016;18563072;1331003392;0;0;0;0;0;0;0;0;0;0;0;3837;0;0;126;0;202;0;
13605;11581466;1196118016;18563072;1331003392;0;0;0;0;0;0;0;0;0;0;0;4338;0;0;126;0;202;0;
13606;8998913;1196118016;18563072;1331003392;0;0;0;0;0;0;0;0;0;0;0;3907;0;0;126;0;202;0;
13607;8604524;1196118016;18563072;1331003392;0;0;0;0;0;0;0;0;0;0;0;3727;0;0;126;0;202;0;
13608;11253070;1196118016;18563072;1331003392;0;0;0;0;0;0;0;0;0;0;0;3827;0;0;126;0;202;0;
13609;10011341;1196118016;18563072;1331003392;0;0;0;0;0;0;0;0;0;0;0;3868;0;0;126;0;202;0;
13610;7298204;1196118016;18563072;1331003392;0;0;0;0;0;0;0;0;0;0;0;3757;0;0;126;0;202;0;
13611;5865298;1196118016;18563072;1331003392;0;0;0;0;0;0;0;0;0;0;0;2545;0;0;126;0;202;0;
13612;9087910;1196118016;18563072;1331003392;0;0;0;0;0;0;0;0;0;0;0;4448;0;0;126;0;202;0;
13613;9693305;1196118016;18563072;1331003392;0;0;0;0;0;0;0;0;0;0;0;3687;0;0;126;0;202;0;
13614;6715161;1196118016;18563072;1331003392;0;0;0;0;0;0;0;0;0;0;0;3377;0;0;126;0;202;0;
13615;10611918;1196118016;18563072;1331003392;0;0;0;0;0;0;0;0;0;0;0;3145;0;0;126;0;202;0;
13616;7921012;1196118016;18563072;1331003392;0;0;0;0;0;0;0;0;0;0;0;3617;0;0;126;0;202;0;
13617;9977479;1196118016;18563072;1331003392;0;0;0;0;0;0;0;0;0;0;0;4538;0;0;126;0;202;0;
13618;8732063;1196118016;18563072;1331003392;0;0;0;0;0;0;0;0;0;0;0;3416;0;0;126;0;202;0;
13619;8767610;1196118016;18563072;1331003392;0;0;0;0;0;0;0;0;0;0;0;3075;0;0;126;0;202;0;
13620;11248832;1196118016;18563072;1331003392;0;0;0;0;0;0;0;0;0;0;0;3216;0;0;126;0;202;0;
13621;12307407;1196118016;18563072;1331003392;0;0;0;0;0;0;0;0;0;0;0;4208;0;0;126;0;202;0;
13622;6217268;1196118016;18563072;1331003392;0;0;0;0;0;0;0;0;0;0;0;3387;0;0;126;0;202;0;
13623;11545097;1196118016;18563072;1331003392;0;0;0;0;0;0;0;0;0;0;0;3477;0;0;126;0;202;0;
13624;6368251;1196118016;18563072;1331003392;0;0;0;0;0;0;0;0;0;0;0;3557;0;0;126;0;202;0;
13625;10002565;1196118016;18563072;1331003392;0;0;0;0;0;0;0;0;0;0;0;6041;0;0;126;0;202;0;
13626;5083262;1196118016;18563072;1331003392;0;0;0;0;0;0;0;0;0;0;0;3957;0;0;126;0;202;0;
13627;10781315;1196118016;18563072;1331003392;0;0;0;0;0;0;0;0;0;0;0;3677;0;0;126;0;202;0;
13628;4945884;1196118016;18563072;1331003392;0;0;0;0;0;0;0;0;0;0;0;3687;0;0;126;0;202;0;
13629;6626365;1196118016;18563072;1331003392;0;0;0;0;0;0;0;0;0;0;0;1904;0;0;126;0;202;0;
13630;6011331;1196118016;18563072;1331003392;0;0;0;0;0;0;0;0;0;0;0;2975;0;0;126;0;202;0;
13631;9051562;1196118016;18567168;1331007488;0;0;0;0;0;0;0;0;0;0;0;3427;0;0;126;0;202;0;
13632;4560281;1196118016;18571264;1331011584;0;0;0;0;0;0;0;0;0;0;0;3386;0;0;126;0;202;0;
13633;8475893;1196118016;18571264;1331011584;0;0;0;0;0;0;0;0;0;0;0;2094;0;0;126;0;202;0;
13634;10238658;1196118016;18571264;1331011584;0;0;0;0;0;0;0;0;0;0;0;4368;0;0;126;0;202;0;
13635;11430162;1196118016;18571264;1331011584;0;0;0;0;0;0;0;0;0;0;0;4909;0;0;126;0;202;0;
13636;8016571;1196118016;18571264;1331011584;0;0;0;0;0;0;0;0;0;0;0;3687;0;0;126;0;202;0;
13637;6438111;1196118016;18571264;1331011584;0;0;0;0;0;0;0;0;0;0;0;2474;0;0;126;0;202;0;
13638;12657173;1196122112;18563072;1331003392;0;0;0;0;0;0;0;0;0;0;0;3306;0;0;126;0;202;0;
13639;10965931;1196122112;18563072;1331003392;0;0;0;0;0;0;0;0;0;0;0;3556;0;0;126;0;202;0;
13640;5606643;1196122112;18563072;1331003392;0;0;0;0;0;0;0;0;0;0;0;3727;0;0;126;0;202;0;
13641;9393063;1196122112;18563072;1331003392;0;0;0;0;0;0;0;0;0;0;0;2625;0;0;126;0;202;0;
13642;6040857;1196122112;18563072;1331003392;0;0;0;0;0;0;0;0;0;0;0;3066;0;0;126;0;202;0;
13643;8886793;1196122112;18563072;1331003392;0;0;0;0;0;0;0;0;0;0;0;3086;0;0;126;0;202;0;
13644;7266134;1196122112;18563072;1331003392;0;0;0;0;0;0;0;0;0;0;0;4168;0;0;126;0;202;0;
13645;11444639;1196122112;18563072;1331003392;0;0;0;0;0;0;0;0;0;0;0;3006;0;0;126;0;202;0;
13646;9873263;1196122112;18563072;1331003392;0;0;0;0;0;0;0;0;0;0;0;3487;0;0;126;0;202;0;
13647;12333836;1196122112;18563072;1331003392;0;0;0;0;0;0;0;0;0;0;0;3447;0;0;126;0;202;0;
13648;9529358;1196122112;18563072;1331003392;0;0;0;0;0;0;0;0;0;0;0;3506;0;0;126;0;202;0;
13649;11208998;1196122112;18563072;1331003392;0;0;0;0;0;0;0;0;0;0;0;3817;0;0;126;0;202;0;
13650;11669611;1196122112;18563072;1331003392;0;0;0;0;0;0;0;0;0;0;0;4608;0;0;126;0;202;0;
13651;10813697;1196122112;18563072;1331003392;0;0;0;0;0;0;0;0;0;0;0;3517;0;0;126;0;202;0;
13652;7428799;1196122112;18563072;1331003392;0;0;0;0;0;0;0;0;0;0;0;3437;0;0;126;0;202;0;
13653;14882035;1196122112;18563072;1331003392;0;0;0;0;0;0;0;0;0;0;0;3566;0;0;126;0;202;0;
13654;7006237;1196122112;18563072;1331003392;0;0;0;0;0;0;0;0;0;0;0;4067;0;0;126;0;202;0;
13655;10415840;1196122112;18563072;1331003392;0;0;0;0;0;0;0;0;0;0;0;3557;0;0;126;0;202;0;
13656;8185969;1196122112;18563072;1331003392;0;0;0;0;0;0;0;0;0;0;0;4528;0;0;126;0;202;0;
13657;11540409;1196122112;18563072;1331003392;0;0;0;0;0;0;0;0;0;0;0;3176;0;0;126;0;202;0;
13658;4725480;1196122112;18563072;1331003392;0;0;0;0;0;0;0;0;0;0;0;3396;0;0;126;0;202;0;
13659;12408777;1196122112;18563072;1331003392;0;0;0;0;0;0;0;0;0;0;0;3747;0;0;126;0;202;0;
13660;6717115;1196122112;18563072;1331003392;0;0;0;0;0;0;0;0;0;0;0;4438;0;0;126;0;202;0;
13661;14660489;1196122112;18563072;1331003392;0;0;0;0;0;0;0;0;0;0;0;3647;0;0;126;0;202;0;
13662;10656051;1196122112;18563072;1331003392;0;0;0;0;0;0;0;0;0;0;0;3978;0;0;126;0;202;0;
13663;15633934;1196122112;18563072;1331003392;0;0;0;0;0;0;0;0;0;0;0;4298;0;0;126;0;202;0;
13664;10003407;1196122112;18563072;1331003392;0;0;0;0;0;0;0;0;0;0;0;4569;0;0;126;0;202;0;
13665;9877531;1196122112;18563072;1331003392;0;0;0;0;0;0;0;0;0;0;0;2745;0;0;126;0;202;0;
13666;8730671;1196122112;18563072;1331003392;0;0;0;0;0;0;0;0;0;0;0;3486;0;0;126;0;202;0;
13667;7364830;1196122112;18563072;1331003392;0;0;0;0;0;0;0;0;0;0;0;3607;0;0;126;0;202;0;
13668;8433133;1196122112;18563072;1331003392;0;0;0;0;0;0;0;0;0;0;0;4117;0;0;126;0;202;0;
13669;8315673;1196122112;18563072;1331003392;0;0;0;0;0;0;0;0;0;0;0;3045;0;0;126;0;202;0;
13670;9660474;1196122112;18563072;1331003392;0;0;0;0;0;0;0;0;0;0;0;4118;0;0;126;0;202;0;
13671;9575875;1196122112;18563072;1331003392;0;0;0;0;0;0;0;0;0;0;0;3747;0;0;126;0;202;0;
13672;12334969;1196122112;18563072;1331003392;0;0;0;0;0;0;0;0;0;0;0;3126;0;0;126;0;202;0;
13673;8491753;1196122112;18563072;1331003392;0;0;0;0;0;0;0;0;0;0;0;3867;0;0;126;0;202;0;
13674;7687935;1196122112;18563072;1331003392;0;0;0;0;0;0;0;0;0;0;0;4278;0;0;126;0;202;0;
13675;15808001;1196122112;18563072;1331003392;0;0;0;0;0;0;0;0;0;0;0;3387;0;0;126;0;202;0;
13676;9890696;1196122112;18563072;1331003392;0;0;0;0;0;0;0;0;0;0;0;3697;0;0;126;0;202;0;
13677;8217138;1196122112;18563072;1331003392;0;0;0;0;0;0;0;0;0;0;0;3206;0;0;126;0;202;0;
13678;9364880;1196122112;18563072;1331003392;0;0;0;0;0;0;0;0;0;0;0;4658;0;0;126;0;202;0;
13679;8655961;1196122112;18563072;1331003392;0;0;0;0;0;0;0;0;0;0;0;2605;0;0;126;0;202;0;
13680;10146125;1196122112;18563072;1331003392;0;0;0;0;0;0;0;0;0;0;0;5490;0;0;126;0;202;0;
13681;9449779;1196122112;18563072;1331003392;0;0;0;0;0;0;0;0;0;0;0;3236;0;0;126;0;202;0;
13682;9483372;1196122112;18563072;1331003392;0;0;0;0;0;0;0;0;0;0;0;3767;0;0;126;0;202;0;
13683;13651918;1196122112;18567168;1331007488;0;0;0;0;0;0;0;0;0;0;0;4068;0;0;126;0;202;0;
13684;5690550;1196122112;18571264;1331011584;0;0;0;0;0;0;0;0;0;0;0;4809;0;0;126;0;202;0;
13685;12243147;1196122112;18571264;1331011584;0;0;0;0;0;0;0;0;0;0;0;4258;0;0;126;0;202;0;
13686;5827217;1196122112;18571264;1331011584;0;0;0;0;0;0;0;0;0;0;0;3296;0;0;126;0;202;0;
13687;9093330;1196122112;18571264;1331011584;0;0;0;0;0;0;0;0;0;0;0;3156;0;0;126;0;202;0;
13688;6424046;1196122112;18571264;1331011584;0;0;0;0;0;0;0;0;0;0;0;4769;0;0;126;0;202;0;
13689;9419422;1196122112;18571264;1331011584;0;0;0;0;0;0;0;0;0;0;0;3607;0;0;126;0;202;0;
13690;7018019;1196122112;18563072;1331003392;0;0;0;0;0;0;0;0;0;0;0;4007;0;0;126;0;202;0;
13691;7693986;1196122112;18563072;1331003392;0;0;0;0;0;0;0;0;0;0;0;4057;0;0;126;0;202;0;
13692;9967088;1196122112;18563072;1331003392;0;0;0;0;0;0;0;0;0;0;0;4018;0;0;126;0;202;0;
13693;7088642;1196122112;18563072;1331003392;0;0;0;0;0;0;0;0;0;0;0;2575;0;0;126;0;202;0;
13694;5213605;1196122112;18563072;1331003392;0;0;0;0;0;0;0;0;0;0;0;4088;0;0;126;0;202;0;
13695;10902222;1196122112;18563072;1331003392;0;0;0;0;0;0;0;0;0;0;0;3456;0;0;126;0;202;0;
13696;8618801;1196122112;18563072;1331003392;0;0;0;0;0;0;0;0;0;0;0;3486;0;0;126;0;202;0;
13697;11819462;1196122112;18563072;1331003392;0;0;0;0;0;0;0;0;0;0;0;3927;0;0;126;0;202;0;
13698;5192677;1196122112;18563072;1331003392;0;0;0;0;0;0;0;0;0;0;0;3076;0;0;126;0;202;0;
13699;9281614;1196122112;18563072;1331003392;0;0;0;0;0;0;0;0;0;0;0;3176;0;0;126;0;202;0;
13700;8227407;1196122112;18563072;1331003392;0;0;0;0;0;0;0;0;0;0;0;4538;0;0;126;0;202;0;
13701;10062288;1196122112;18563072;1331003392;0;0;0;0;0;0;0;0;0;0;0;3887;0;0;126;0;202;0;
13702;9306290;1196122112;18563072;1331003392;0;0;0;0;0;0;0;0;0;0;0;4559;0;0;126;0;202;0;
13703;9421817;1196122112;18563072;1331003392;0;0;0;0;0;0;0;0;0;0;0;3446;0;0;126;0;202;0;
13704;9554525;1196122112;18563072;1331003392;0;0;0;0;0;0;0;0;0;0;0;3076;0;0;126;0;202;0;
13705;8803727;1196122112;18563072;1331003392;0;0;0;0;0;0;0;0;0;0;0;3626;0;0;126;0;202;0;
13706;7600542;1196122112;18563072;1331003392;0;0;0;0;0;0;0;0;0;0;0;3556;0;0;126;0;202;0;
13707;7968050;1196122112;18563072;1331003392;0;0;0;0;0;0;0;0;0;0;0;2806;0;0;126;0;202;0;
13708;10586290;1196122112;18563072;1331003392;0;0;0;0;0;0;0;0;0;0;0;3617;0;0;126;0;202;0;
13709;9367695;1196122112;18563072;1331003392;0;0;0;0;0;0;0;0;0;0;0;3516;0;0;126;0;202;0;
13710;8994205;1196122112;18563072;1331003392;0;0;0;0;0;0;0;0;0;0;0;3347;0;0;126;0;202;0;
13711;11456772;1196122112;18563072;1331003392;0;0;0;0;0;0;0;0;0;0;0;3095;0;0;126;0;202;0;
13712;6518833;1196122112;18563072;1331003392;0;0;0;0;0;0;0;0;0;0;0;4870;0;0;126;0;202;0;
13713;10249488;1196122112;18563072;1331003392;0;0;0;0;0;0;0;0;0;0;0;2785;0;0;126;0;202;0;
13714;9742097;1196122112;18563072;1331003392;0;0;0;0;0;0;0;0;0;0;0;3677;0;0;126;0;202;0;
13715;13895595;1196122112;18563072;1331003392;0;0;0;0;0;0;0;0;0;0;0;3977;0;0;126;0;202;0;
13716;7351555;1196122112;18563072;1331003392;0;0;0;0;0;0;0;0;0;0;0;3326;0;0;126;0;202;0;
13717;9055720;1196122112;18563072;1331003392;0;0;0;0;0;0;0;0;0;0;0;2735;0;0;126;0;202;0;
13718;6397346;1196122112;18563072;1331003392;0;0;0;0;0;0;0;0;0;0;0;3627;0;0;126;0;202;0;
13719;7969122;1196122112;18563072;1331003392;0;0;0;0;0;0;0;0;0;0;0;3216;0;0;126;0;202;0;
13720;8920767;1196122112;18563072;1331003392;0;0;0;0;0;0;0;0;0;0;0;3537;0;0;126;0;202;0;
13721;9232953;1196122112;18563072;1331003392;0;0;0;0;0;0;0;0;0;0;0;3277;0;0;126;0;202;0;
13722;6477185;1196122112;18563072;1331003392;0;0;0;0;0;0;0;0;0;0;0;3647;0;0;126;0;202;0;
13723;13135500;1196122112;18563072;1331003392;0;0;0;0;0;0;0;0;0;0;0;4127;0;0;126;0;202;0;
13724;6277390;1196122112;18563072;1331003392;0;0;0;0;0;0;0;0;0;0;0;4519;0;0;126;0;202;0;
13725;14742773;1196122112;18563072;1331003392;0;0;0;0;0;0;0;0;0;0;0;3366;0;0;126;0;202;0;
13726;9665323;1196122112;18563072;1331003392;0;0;0;0;0;0;0;0;0;0;0;3437;0;0;126;0;202;0;
13727;11067222;1196122112;18563072;1331003392;0;0;0;0;0;0;0;0;0;0;0;3146;0;0;126;0;202;0;
13728;7819863;1196122112;18563072;1331003392;0;0;0;0;0;0;0;0;0;0;0;3497;0;0;126;0;202;0;
13729;13028930;1196122112;18563072;1331003392;0;0;0;0;0;0;0;0;0;0;0;3827;0;0;126;0;202;0;
13730;12149361;1196122112;18563072;1331003392;0;0;0;0;0;0;0;0;0;0;0;3306;0;0;126;0;202;0;
13731;10728507;1196122112;18563072;1331003392;0;0;0;0;0;0;0;0;0;0;0;3727;0;0;126;0;202;0;
13732;5790487;1196122112;18563072;1331003392;0;0;0;0;0;0;0;0;0;0;0;3497;0;0;126;0;202;0;
13733;9951259;1196122112;18563072;1331003392;0;0;0;0;0;0;0;0;0;0;0;4088;0;0;126;0;202;0;
13734;10790793;1196122112;18563072;1331003392;0;0;0;0;0;0;0;0;0;0;0;3707;0;0;126;0;202;0;
13735;10416932;1196122112;18563072;1331003392;0;0;0;0;0;0;0;0;0;0;0;3166;0;0;126;0;202;0;
13736;6253115;1196122112;18563072;1331003392;0;0;0;0;0;0;0;0;0;0;0;3977;0;0;126;0;202;0;
13737;8837721;1196122112;18563072;1331003392;0;0;0;0;0;0;0;0;0;0;0;3957;0;0;126;0;202;0;
13738;8028354;1196122112;18563072;1331003392;0;0;0;0;0;0;0;0;0;0;0;3316;0;0;126;0;202;0;
13739;12802255;1196122112;18563072;1331003392;0;0;0;0;0;0;0;0;0;0;0;3376;0;0;126;0;202;0;
13740;12665078;1196122112;18563072;1331003392;0;0;0;0;0;0;0;0;0;0;0;3156;0;0;126;0;202;0;
13741;16923332;1196122112;18563072;1331003392;0;0;0;0;0;0;0;0;0;0;0;3156;0;0;126;0;202;0;
13742;8724960;1196122112;18563072;1331003392;0;0;0;0;0;0;0;0;0;0;0;4068;0;0;126;0;202;0;
13743;8170571;1196122112;18563072;1331003392;0;0;0;0;0;0;0;0;0;0;0;3747;0;0;126;0;202;0;
13744;10307187;1196122112;18563072;1331003392;0;0;0;0;0;0;0;0;0;0;0;4087;0;0;126;0;202;0;
13745;12197671;1196122112;18563072;1331003392;0;0;0;0;0;0;0;0;0;0;0;4078;0;0;126;0;202;0;
13746;11270363;1196122112;18563072;1331003392;0;0;0;0;0;0;0;0;0;0;0;4679;0;0;126;0;202;0;
13747;14254658;1196122112;18563072;1331003392;0;0;0;0;0;0;0;0;0;0;0;3727;0;0;126;0;202;0;
13748;11786761;1196122112;18563072;1331003392;0;0;0;0;0;0;0;0;0;0;0;3015;0;0;126;0;202;0;
13749;15969734;1196122112;18563072;1331003392;0;0;0;0;0;0;0;0;0;0;0;3717;0;0;126;0;202;0;
13750;9005696;1196122112;18563072;1331003392;0;0;0;0;0;0;0;0;0;0;0;3927;0;0;126;0;202;0;
13751;11038498;1196122112;18563072;1331003392;0;0;0;0;0;0;0;0;0;0;0;3858;0;0;126;0;202;0;
13752;7986676;1196122112;18563072;1331003392;0;0;0;0;0;0;0;0;0;0;0;3126;0;0;126;0;202;0;
13753;11848647;1196122112;18563072;1331003392;0;0;0;0;0;0;0;0;0;0;0;3016;0;0;126;0;202;0;
13754;9466250;1196122112;18563072;1331003392;0;0;0;0;0;0;0;0;0;0;0;3406;0;0;126;0;202;0;
13755;8981762;1196122112;18563072;1331003392;0;0;0;0;0;0;0;0;0;0;0;3506;0;0;126;0;202;0;
13756;9104662;1196122112;18563072;1331003392;0;0;0;0;0;0;0;0;0;0;0;4098;0;0;126;0;202;0;
13757;10704331;1196122112;18563072;1331003392;0;0;0;0;0;0;0;0;0;0;0;4258;0;0;126;0;202;0;
13758;10800983;1196122112;18563072;1331003392;0;0;0;0;0;0;0;0;0;0;0;3767;0;0;126;0;202;0;
13759;11135069;1196122112;18563072;1331003392;0;0;0;0;0;0;0;0;0;0;0;3316;0;0;126;0;202;0;
13760;11015715;1196122112;18563072;1331003392;0;0;0;0;0;0;0;0;0;0;0;3627;0;0;126;0;202;0;
13761;14252955;1196122112;18563072;1331003392;0;0;0;0;0;0;0;0;0;0;0;3888;0;0;126;0;202;0;
13762;9273619;1196122112;18563072;1331003392;0;0;0;0;0;0;0;0;0;0;0;3356;0;0;126;0;202;0;
13763;15367124;1196122112;18563072;1331003392;0;0;0;0;0;0;0;0;0;0;0;3557;0;0;126;0;202;0;
13764;11317020;1196122112;18563072;1331003392;0;0;0;0;0;0;0;0;0;0;0;4989;0;0;126;0;202;0;
13765;12720271;1196122112;18563072;1331003392;0;0;0;0;0;0;0;0;0;0;0;4097;0;0;126;0;202;0;
13766;10456496;1196122112;18563072;1331003392;0;0;0;0;0;0;0;0;0;0;0;4258;0;0;126;0;202;0;
13767;11296322;1196122112;18563072;1331003392;0;0;0;0;0;0;0;0;0;0;0;4088;0;0;126;0;202;0;
13768;8569669;1196122112;18563072;1331003392;0;0;0;0;0;0;0;0;0;0;0;2905;0;0;126;0;202;0;
13769;10667412;1196122112;18563072;1331003392;0;0;0;0;0;0;0;0;0;0;0;3797;0;0;126;0;202;0;
13770;10160742;1196122112;18563072;1331003392;0;0;0;0;0;0;0;0;0;0;0;3917;0;0;126;0;202;0;
13771;9652759;1196122112;18563072;1331003392;0;0;0;0;0;0;0;0;0;0;0;2925;0;0;126;0;202;0;
13772;9482741;1196122112;18563072;1331003392;0;0;0;0;0;0;0;0;0;0;0;3035;0;0;126;0;202;0;
13773;11108048;1196122112;18563072;1331003392;0;0;0;0;0;0;0;0;0;0;0;3367;0;0;126;0;202;0;
13774;10237165;1196122112;18563072;1331003392;0;0;0;0;0;0;0;0;0;0;0;2976;0;0;126;0;202;0;
13775;11706581;1196122112;18563072;1331003392;0;0;0;0;0;0;0;0;0;0;0;4008;0;0;126;0;202;0;
13776;9764629;1196122112;18563072;1331003392;0;0;0;0;0;0;0;0;0;0;0;3727;0;0;126;0;202;0;
13777;14573746;1196122112;18563072;1331003392;0;0;0;0;0;0;0;0;0;0;0;3477;0;0;126;0;202;0;
13778;6007604;1196122112;18563072;1331003392;0;0;0;0;0;0;0;0;0;0;0;3607;0;0;126;0;202;0;
13779;14519215;1196122112;18563072;1331003392;0;0;0;0;0;0;0;0;0;0;0;3387;0;0;126;0;202;0;
13780;10211347;1196122112;18563072;1331003392;0;0;0;0;0;0;0;0;0;0;0;4589;0;0;126;0;202;0;
13781;13466851;1196122112;18563072;1331003392;0;0;0;0;0;0;0;0;0;0;0;4128;0;0;126;0;202;0;
13782;8811743;1196122112;18563072;1331003392;0;0;0;0;0;0;0;0;0;0;0;3877;0;0;126;0;202;0;
13783;11142784;1196122112;18563072;1331003392;0;0;0;0;0;0;0;0;0;0;0;3446;0;0;126;0;202;0;
13784;9994110;1196122112;18563072;1331003392;0;0;0;0;0;0;0;0;0;0;0;4779;0;0;126;0;202;0;
13785;10808958;1196122112;18563072;1331003392;0;0;0;0;0;0;0;0;0;0;0;3407;0;0;126;0;202;0;
13786;9752516;1196122112;18563072;1331003392;0;0;0;0;0;0;0;0;0;0;0;3237;0;0;126;0;202;0;
13787;11853185;1196122112;18563072;1331003392;0;0;0;0;0;0;0;0;0;0;0;3386;0;0;126;0;202;0;
13788;12692950;1196122112;18563072;1331003392;0;0;0;0;0;0;0;0;0;0;0;3607;0;0;126;0;202;0;
13789;8649990;1196122112;18563072;1331003392;0;0;0;0;0;0;0;0;0;0;0;3256;0;0;126;0;202;0;
13790;9916203;1196122112;18563072;1331003392;0;0;0;0;0;0;0;0;0;0;0;3095;0;0;126;0;202;0;
13791;13142422;1196122112;18563072;1331003392;0;0;0;0;0;0;0;0;0;0;0;3637;0;0;126;0;202;0;
13792;7208336;1196122112;18563072;1331003392;0;0;0;0;0;0;0;0;0;0;0;4028;0;0;126;0;202;0;
13793;12475502;1196122112;18563072;1331003392;0;0;0;0;0;0;0;0;0;0;0;4007;0;0;126;0;202;0;
13794;7779286;1196122112;18563072;1331003392;0;0;0;0;0;0;0;0;0;0;0;4188;0;0;126;0;202;0;
13795;11765671;1196122112;18563072;1331003392;0;0;0;0;0;0;0;0;0;0;0;4088;0;0;126;0;202;0;
13796;7591144;1196122112;18563072;1331003392;0;0;0;0;0;0;0;0;0;0;0;3246;0;0;126;0;202;0;
13797;10121138;1196122112;18563072;1331003392;0;0;0;0;0;0;0;0;0;0;0;3617;0;0;126;0;202;0;
13798;8809207;1196122112;18563072;1331003392;0;0;0;0;0;0;0;0;0;0;0;3647;0;0;126;0;202;0;
13799;11204539;1196122112;18563072;1331003392;0;0;0;0;0;0;0;0;0;0;0;7744;0;0;126;0;202;0;
13800;10964138;1196122112;18563072;1331003392;0;0;0;0;0;0;0;0;0;0;0;4459;0;0;126;0;202;0;
13801;11971577;1196122112;18563072;1331003392;0;0;0;0;0;0;0;0;0;0;0;3727;0;0;126;0;202;0;
13802;9710217;1196122112;18563072;1331003392;0;0;0;0;0;0;0;0;0;0;0;3547;0;0;126;0;202;0;
13803;11778505;1196122112;18563072;1331003392;0;0;0;0;0;0;0;0;0;0;0;3547;0;0;126;0;202;0;
13804;7330274;1196122112;18563072;1331003392;0;0;0;0;0;0;0;0;0;0;0;4278;0;0;126;0;202;0;
13805;12679395;1196122112;18563072;1331003392;0;0;0;0;0;0;0;0;0;0;0;4849;0;0;126;0;202;0;
13806;9444459;1196122112;18563072;1331003392;0;0;0;0;0;0;0;0;0;0;0;3897;0;0;126;0;202;0;
13807;16633358;1196122112;18563072;1331003392;0;0;0;0;0;0;0;0;0;0;0;3607;0;0;126;0;202;0;
13808;9340093;1196122112;18563072;1331003392;0;0;0;0;0;0;0;0;0;0;0;3947;0;0;126;0;202;0;
13809;12196319;1196122112;18563072;1331003392;0;0;0;0;0;0;0;0;0;0;0;3626;0;0;126;0;202;0;
13810;10976321;1196122112;18563072;1331003392;0;0;0;0;0;0;0;0;0;0;0;4228;0;0;126;0;202;0;
13811;13438939;1196122112;18563072;1331003392;0;0;0;0;0;0;0;0;0;0;0;2946;0;0;126;0;202;0;
13812;7027777;1196122112;18563072;1331003392;0;0;0;0;0;0;0;0;0;0;0;4028;0;0;126;0;202;0;
13813;10496040;1196122112;18563072;1331003392;0;0;0;0;0;0;0;0;0;0;0;3847;0;0;126;0;202;0;
13814;9933676;1196122112;18563072;1331003392;0;0;0;0;0;0;0;0;0;0;0;4258;0;0;126;0;202;0;
13815;13146290;1196122112;18563072;1331003392;0;0;0;0;0;0;0;0;0;0;0;3527;0;0;126;0;202;0;
13816;5817569;1196122112;18563072;1331003392;0;0;0;0;0;0;0;0;0;0;0;3356;0;0;126;0;202;0;
13817;10383579;1196122112;18563072;1331003392;0;0;0;0;0;0;0;0;0;0;0;3276;0;0;126;0;202;0;
13818;8196519;1196122112;18563072;1331003392;0;0;0;0;0;0;0;0;0;0;0;3507;0;0;126;0;202;0;
13819;9212113;1196122112;18563072;1331003392;0;0;0;0;0;0;0;0;0;0;0;3267;0;0;126;0;202;0;
13820;7862082;1196122112;18563072;1331003392;0;0;0;0;0;0;0;0;0;0;0;2975;0;0;126;0;202;0;
13821;12126718;1196122112;18563072;1331003392;0;0;0;0;0;0;0;0;0;0;0;4017;0;0;126;0;202;0;
13822;10323447;1196122112;18563072;1331003392;0;0;0;0;0;0;0;0;0;0;0;3256;0;0;126;0;202;0;
13823;12660489;1196122112;18563072;1331003392;0;0;0;0;0;0;0;0;0;0;0;3717;0;0;126;0;202;0;
13824;10731542;1196122112;18563072;1331003392;0;0;0;0;0;0;0;0;0;0;0;3566;0;0;126;0;202;0;
13825;7614147;1196122112;18563072;1331003392;0;0;0;0;0;0;0;0;0;0;0;3947;0;0;126;0;202;0;
13826;11651447;1196122112;18563072;1331003392;0;0;0;0;0;0;0;0;0;0;0;3326;0;0;126;0;202;0;
13827;13030022;1196122112;18563072;1331003392;0;0;0;0;0;0;0;0;0;0;0;4368;0;0;126;0;202;0;
13828;12779032;1196122112;18563072;1331003392;0;0;0;0;0;0;0;0;0;0;0;3897;0;0;126;0;202;0;
13829;13267818;1196122112;18563072;1331003392;0;0;0;0;0;0;0;0;0;0;0;3546;0;0;126;0;202;0;
13830;12471495;1196122112;18563072;1331003392;0;0;0;0;0;0;0;0;0;0;0;4238;0;0;126;0;202;0;
13831;12815590;1196122112;18567168;1331007488;0;0;0;0;0;0;0;0;0;0;0;4499;0;0;126;0;202;0;
13832;8021992;1196122112;18571264;1331011584;0;0;0;0;0;0;0;0;0;0;0;2885;0;0;126;0;202;0;
13833;8513774;1196122112;18571264;1331011584;0;0;0;0;0;0;0;0;0;0;0;2324;0;0;126;0;202;0;
13834;8051707;1196122112;18571264;1331011584;0;0;0;0;0;0;0;0;0;0;0;3327;0;0;126;0;202;0;
13835;9503159;1196122112;18571264;1331011584;0;0;0;0;0;0;0;0;0;0;0;3797;0;0;126;0;202;0;
13836;8379451;1196122112;18571264;1331011584;0;0;0;0;0;0;0;0;0;0;0;4048;0;0;126;0;202;0;
13837;11739923;1196122112;18571264;1331011584;0;0;0;0;0;0;0;0;0;0;0;3426;0;0;126;0;202;0;
13838;7831014;1196122112;18563072;1331003392;0;0;0;0;0;0;0;0;0;0;0;3386;0;0;126;0;202;0;
13839;12123031;1196122112;18563072;1331003392;0;0;0;0;0;0;0;0;0;0;0;3587;0;0;126;0;202;0;
13840;10832130;1196122112;18563072;1331003392;0;0;0;0;0;0;0;0;0;0;0;3937;0;0;126;0;202;0;
13841;12951325;1196122112;18563072;1331003392;0;0;0;0;0;0;0;0;0;0;0;3687;0;0;126;0;202;0;
13842;8496591;1196122112;18563072;1331003392;0;0;0;0;0;0;0;0;0;0;0;3416;0;0;126;0;202;0;
13843;15591294;1196122112;18563072;1331003392;0;0;0;0;0;0;0;0;0;0;0;4108;0;0;126;0;202;0;
13844;11135930;1196122112;18563072;1331003392;0;0;0;0;0;0;0;0;0;0;0;4628;0;0;126;0;202;0;
13845;10789972;1196122112;18563072;1331003392;0;0;0;0;0;0;0;0;0;0;0;3677;0;0;126;0;202;0;
13846;9904952;1196122112;18563072;1331003392;0;0;0;0;0;0;0;0;0;0;0;3547;0;0;126;0;202;0;
13847;11139567;1196122112;18563072;1331003392;0;0;0;0;0;0;0;0;0;0;0;3987;0;0;126;0;202;0;
13848;10797867;1196122112;18563072;1331003392;0;0;0;0;0;0;0;0;0;0;0;3777;0;0;126;0;202;0;
13849;10787026;1196122112;18563072;1331003392;0;0;0;0;0;0;0;0;0;0;0;3397;0;0;126;0;202;0;
13850;9450992;1196122112;18563072;1331003392;0;0;0;0;0;0;0;0;0;0;0;4008;0;0;126;0;202;0;
13851;16656121;1196122112;18563072;1331003392;0;0;0;0;0;0;0;0;0;0;0;3797;0;0;126;0;202;0;
13852;11892749;1196122112;18563072;1331003392;0;0;0;0;0;0;0;0;0;0;0;6763;0;0;126;0;202;0;
13853;13410826;1196122112;18563072;1331003392;0;0;0;0;0;0;0;0;0;0;0;3176;0;0;126;0;202;0;
13854;10307407;1196122112;18563072;1331003392;0;0;0;0;0;0;0;0;0;0;0;3517;0;0;126;0;202;0;
13855;11137042;1196122112;18563072;1331003392;0;0;0;0;0;0;0;0;0;0;0;3596;0;0;126;0;202;0;
13856;8853741;1196122112;18563072;1331003392;0;0;0;0;0;0;0;0;0;0;0;3286;0;0;126;0;202;0;
13857;10359725;1196122112;18563072;1331003392;0;0;0;0;0;0;0;0;0;0;0;3336;0;0;126;0;202;0;
13858;11322300;1196122112;18563072;1331003392;0;0;0;0;0;0;0;0;0;0;0;3397;0;0;126;0;202;0;
13859;8254838;1196122112;18563072;1331003392;0;0;0;0;0;0;0;0;0;0;0;3837;0;0;126;0;202;0;
13860;13036153;1196122112;18563072;1331003392;0;0;0;0;0;0;0;0;0;0;0;3526;0;0;126;0;202;0;
13861;10751149;1196122112;18563072;1331003392;0;0;0;0;0;0;0;0;0;0;0;4579;0;0;126;0;202;0;
13862;10417564;1196122112;18563072;1331003392;0;0;0;0;0;0;0;0;0;0;0;3667;0;0;126;0;202;0;
13863;11400407;1196122112;18563072;1331003392;0;0;0;0;0;0;0;0;0;0;0;3807;0;0;126;0;202;0;
13864;8653205;1196122112;18563072;1331003392;0;0;0;0;0;0;0;0;0;0;0;3076;0;0;126;0;202;0;
13865;14628149;1196122112;18563072;1331003392;0;0;0;0;0;0;0;0;0;0;0;3777;0;0;126;0;202;0;
13866;8512762;1196122112;18563072;1331003392;0;0;0;0;0;0;0;0;0;0;0;3707;0;0;126;0;202;0;
13867;12994676;1196122112;18563072;1331003392;0;0;0;0;0;0;0;0;0;0;0;3787;0;0;126;0;202;0;
13868;8321153;1196122112;18563072;1331003392;0;0;0;0;0;0;0;0;0;0;0;3045;0;0;126;0;202;0;
13869;12002936;1196122112;18563072;1331003392;0;0;0;0;0;0;0;0;0;0;0;3777;0;0;126;0;202;0;
13870;9008802;1196122112;18563072;1331003392;0;0;0;0;0;0;0;0;0;0;0;3256;0;0;126;0;202;0;
13871;14916940;1196122112;18563072;1331003392;0;0;0;0;0;0;0;0;0;0;0;3917;0;0;126;0;202;0;
13872;9766042;1196122112;18563072;1331003392;0;0;0;0;0;0;0;0;0;0;0;3938;0;0;126;0;202;0;
13873;13624487;1196122112;18563072;1331003392;0;0;0;0;0;0;0;0;0;0;0;3547;0;0;126;0;202;0;
13874;12076383;1196122112;18563072;1331003392;0;0;0;0;0;0;0;0;0;0;0;3247;0;0;126;0;202;0;
13875;10446398;1196122112;18563072;1331003392;0;0;0;0;0;0;0;0;0;0;0;3366;0;0;126;0;202;0;
13876;7666846;1196122112;18563072;1331003392;0;0;0;0;0;0;0;0;0;0;0;3747;0;0;126;0;202;0;
13877;12534804;1196122112;18567168;1331007488;0;0;0;0;0;0;0;0;0;0;0;3476;0;0;126;0;202;0;
13878;10130044;1196122112;18571264;1331011584;0;0;0;0;0;0;0;0;0;0;0;4118;0;0;126;0;202;0;
13879;10141155;1196122112;18571264;1331011584;0;0;0;0;0;0;0;0;0;0;0;3697;0;0;126;0;202;0;
13880;14859061;1196122112;18571264;1331011584;0;0;0;0;0;0;0;0;0;0;0;3606;0;0;126;0;202;0;
13881;16436449;1196122112;18571264;1331011584;0;0;0;0;0;0;0;0;0;0;0;3937;0;0;126;0;202;0;
13882;9304005;1196122112;18571264;1331011584;0;0;0;0;0;0;0;0;0;0;0;4799;0;0;126;0;202;0;
13883;11583519;1196122112;18571264;1331011584;0;0;0;0;0;0;0;0;0;0;0;2885;0;0;126;0;202;0;
13884;8609503;1196122112;18563072;1331003392;0;0;0;0;0;0;0;0;0;0;0;3867;0;0;126;0;202;0;
13885;12586931;1196122112;18563072;1331003392;0;0;0;0;0;0;0;0;0;0;0;3547;0;0;126;0;202;0;
13886;4889228;1196122112;18563072;1331003392;0;0;0;0;0;0;0;0;0;0;0;3116;0;0;126;0;202;0;
13887;12013977;1196122112;18563072;1331003392;0;0;0;0;0;0;0;0;0;0;0;3236;0;0;126;0;202;0;
13888;14051627;1196122112;18563072;1331003392;0;0;0;0;0;0;0;0;0;0;0;3486;0;0;126;0;202;0;
13889;13650946;1196122112;18563072;1331003392;0;0;0;0;0;0;0;0;0;0;0;3727;0;0;126;0;202;0;
13890;6273303;1196122112;18563072;1331003392;0;0;0;0;0;0;0;0;0;0;0;2986;0;0;126;0;202;0;
13891;7930631;1196122112;18563072;1331003392;0;0;0;0;0;0;0;0;0;0;0;2615;0;0;126;0;202;0;
13892;10274686;1196122112;18563072;1331003392;0;0;0;0;0;0;0;0;0;0;0;3426;0;0;126;0;202;0;
13893;10891322;1196122112;18563072;1331003392;0;0;0;0;0;0;0;0;0;0;0;3576;0;0;126;0;202;0;
13894;13788384;1196122112;18563072;1331003392;0;0;0;0;0;0;0;0;0;0;0;3286;0;0;126;0;202;0;
13895;12204885;1196122112;18563072;1331003392;0;0;0;0;0;0;0;0;0;0;0;4068;0;0;126;0;202;0;
13896;8605917;1196122112;18563072;1331003392;0;0;0;0;0;0;0;0;0;0;0;2976;0;0;126;0;202;0;
13897;8015980;1196122112;18563072;1331003392;0;0;0;0;0;0;0;0;0;0;0;3456;0;0;126;0;202;0;
13898;7312010;1196122112;18563072;1331003392;0;0;0;0;0;0;0;0;0;0;0;3396;0;0;126;0;202;0;
13899;11260374;1196122112;18563072;1331003392;0;0;0;0;0;0;0;0;0;0;0;4728;0;0;126;0;202;0;
13900;11251587;1196122112;18563072;1331003392;0;0;0;0;0;0;0;0;0;0;0;3196;0;0;126;0;202;0;
13901;12431139;1196122112;18563072;1331003392;0;0;0;0;0;0;0;0;0;0;0;4178;0;0;126;0;202;0;
13902;8922310;1196122112;18563072;1331003392;0;0;0;0;0;0;0;0;0;0;0;4097;0;0;126;0;202;0;
13903;10674205;1196122112;18563072;1331003392;0;0;0;0;0;0;0;0;0;0;0;3327;0;0;126;0;202;0;
13904;5509471;1196122112;18563072;1331003392;0;0;0;0;0;0;0;0;0;0;0;3486;0;0;126;0;202;0;
13905;13183129;1196122112;18563072;1331003392;0;0;0;0;0;0;0;0;0;0;0;4348;0;0;126;0;202;0;
13906;8154560;1196122112;18563072;1331003392;0;0;0;0;0;0;0;0;0;0;0;3587;0;0;126;0;202;0;
13907;9962540;1196122112;18563072;1331003392;0;0;0;0;0;0;0;0;0;0;0;3687;0;0;126;0;202;0;
13908;10768842;1196122112;18563072;1331003392;0;0;0;0;0;0;0;0;0;0;0;3727;0;0;126;0;202;0;
13909;10925727;1196122112;18563072;1331003392;0;0;0;0;0;0;0;0;0;0;0;3647;0;0;126;0;202;0;
13910;6977403;1196122112;18563072;1331003392;0;0;0;0;0;0;0;0;0;0;0;3216;0;0;126;0;202;0;
13911;10438994;1196122112;18563072;1331003392;0;0;0;0;0;0;0;0;0;0;0;4247;0;0;126;0;202;0;
13912;9293956;1196122112;18563072;1331003392;0;0;0;0;0;0;0;0;0;0;0;3176;0;0;126;0;202;0;
13913;12305464;1196122112;18563072;1331003392;0;0;0;0;0;0;0;0;0;0;0;3577;0;0;126;0;202;0;
13914;9923186;1196122112;18563072;1331003392;0;0;0;0;0;0;0;0;0;0;0;4479;0;0;126;0;202;0;
13915;11692043;1196122112;18563072;1331003392;0;0;0;0;0;0;0;0;0;0;0;3507;0;0;126;0;202;0;
13916;6746820;1196122112;18563072;1331003392;0;0;0;0;0;0;0;0;0;0;0;3597;0;0;126;0;202;0;
13917;12417563;1196122112;18563072;1331003392;0;0;0;0;0;0;0;0;0;0;0;3526;0;0;126;0;202;0;
13918;10268203;1196122112;18563072;1331003392;0;0;0;0;0;0;0;0;0;0;0;3687;0;0;126;0;202;0;
13919;13579542;1196122112;18563072;1331003392;0;0;0;0;0;0;0;0;0;0;0;3527;0;0;126;0;202;0;
13920;12951254;1196122112;18563072;1331003392;0;0;0;0;0;0;0;0;0;0;0;3176;0;0;126;0;202;0;
13921;10817103;1196122112;18563072;1331003392;0;0;0;0;0;0;0;0;0;0;0;3758;0;0;126;0;202;0;
13922;9708514;1196122112;18563072;1331003392;0;0;0;0;0;0;0;0;0;0;0;3697;0;0;126;0;202;0;
13923;12734348;1196122112;18563072;1331003392;0;0;0;0;0;0;0;0;0;0;0;2946;0;0;126;0;202;0;
13924;12197831;1196122112;18563072;1331003392;0;0;0;0;0;0;0;0;0;0;0;3587;0;0;126;0;202;0;
13925;7959234;1196122112;18563072;1331003392;0;0;0;0;0;0;0;0;0;0;0;3266;0;0;126;0;202;0;
13926;6718868;1196122112;18563072;1331003392;0;0;0;0;0;0;0;0;0;0;0;3857;0;0;126;0;202;0;
13927;9423820;1196122112;18563072;1331003392;0;0;0;0;0;0;0;0;0;0;0;3316;0;0;126;0;202;0;
13928;8180499;1196122112;18563072;1331003392;0;0;0;0;0;0;0;0;0;0;0;3647;0;0;126;0;202;0;
13929;10822212;1196122112;18563072;1331003392;0;0;0;0;0;0;0;0;0;0;0;3467;0;0;126;0;202;0;
13930;5477540;1196122112;18563072;1331003392;0;0;0;0;0;0;0;0;0;0;0;2896;0;0;126;0;202;0;
13931;8601368;1196122112;18563072;1331003392;0;0;0;0;0;0;0;0;0;0;0;130835;0;0;126;0;202;0;
13932;6602049;1196122112;18567168;1331007488;0;0;0;0;0;0;0;0;0;0;0;3376;0;0;126;0;202;0;
13933;14226346;1196122112;18567168;1331007488;0;0;0;0;0;0;0;0;0;0;0;3797;0;0;126;0;202;0;
13934;5042224;1196122112;18567168;1331007488;0;0;0;0;0;0;0;0;0;0;0;4789;0;0;126;0;202;0;
13935;6499326;1196122112;18567168;1331007488;0;0;0;0;0;0;0;0;0;0;0;3226;0;0;126;0;202;0;
13936;8398779;1196122112;18567168;1331007488;0;0;0;0;0;0;0;0;0;0;0;4178;0;0;126;0;202;0;
13937;7290610;1196122112;18567168;1331007488;0;0;0;0;0;0;0;0;0;0;0;2384;0;0;126;0;202;0;
13938;6178044;1196122112;18563072;1331003392;0;0;0;0;0;0;0;0;0;0;0;3657;0;0;126;0;202;0;
13939;7638663;1196122112;18563072;1331003392;0;0;0;0;0;0;0;0;0;0;0;3757;0;0;126;0;202;0;
13940;6298229;1196118016;18558976;1330999296;0;0;0;0;0;0;0;0;0;0;0;3617;0;0;126;0;202;0;
13941;10722224;1196118016;18558976;1330999296;0;0;0;0;0;0;0;0;0;0;0;3387;0;0;126;0;202;0;
13942;7494192;1196118016;18558976;1330999296;0;0;0;0;0;0;0;0;0;0;0;3466;0;0;126;0;202;0;
13943;9562561;1196118016;18558976;1330999296;0;0;0;0;0;0;0;0;0;0;0;3035;0;0;126;0;202;0;
13944;7729654;1196118016;18558976;1330999296;0;0;0;0;0;0;0;0;0;0;0;3857;0;0;126;0;202;0;
13945;8447189;1196118016;18558976;1330999296;0;0;0;0;0;0;0;0;0;0;0;4569;0;0;126;0;202;0;
13946;3517235;1196118016;18558976;1330999296;0;0;0;0;0;0;0;0;0;0;0;3456;0;0;126;0;202;0;
13947;8663064;1196118016;18558976;1330999296;0;0;0;0;0;0;0;0;0;0;0;3707;0;0;126;0;202;0;
13948;6935775;1196118016;18558976;1330999296;0;0;0;0;0;0;0;0;0;0;0;3787;0;0;126;0;202;0;
13949;7682835;1196118016;18558976;1330999296;0;0;0;0;0;0;0;0;0;0;0;1934;0;0;126;0;202;0;
13950;5642009;1196118016;18558976;1330999296;0;0;0;0;0;0;0;0;0;0;0;3647;0;0;126;0;202;0;
13951;6928872;1196118016;18558976;1330999296;0;0;0;0;0;0;0;0;0;0;0;2114;0;0;126;0;202;0;
13952;7604268;1196118016;18558976;1330999296;0;0;0;0;0;0;0;0;0;0;0;3557;0;0;126;0;202;0;
13953;14186009;1196118016;18558976;1330999296;0;0;0;0;0;0;0;0;0;0;0;5450;0;0;126;0;202;0;
13954;4711805;1196118016;18558976;1330999296;0;0;0;0;0;0;0;0;0;0;0;4318;0;0;126;0;202;0;
13955;7715727;1196118016;18558976;1330999296;0;0;0;0;0;0;0;0;0;0;0;2825;0;0;126;0;202;0;
13956;6848381;1196118016;18558976;1330999296;0;0;0;0;0;0;0;0;0;0;0;3657;0;0;126;0;202;0;
13957;7375810;1196118016;18558976;1330999296;0;0;0;0;0;0;0;0;0;0;0;3677;0;0;126;0;202;0;
13958;15371001;1196118016;18558976;1330999296;0;0;0;0;0;0;0;0;0;0;0;3977;0;0;126;0;202;0;
13959;10134122;1196118016;18558976;1330999296;0;0;0;0;0;0;0;0;0;0;0;3656;0;0;126;0;202;0;
13960;6419747;1196118016;18558976;1330999296;0;0;0;0;0;0;0;0;0;0;0;3426;0;0;126;0;202;0;
13961;10407995;1196118016;18558976;1330999296;0;0;0;0;0;0;0;0;0;0;0;2955;0;0;126;0;202;0;
13962;7671224;1196118016;18558976;1330999296;0;0;0;0;0;0;0;0;0;0;0;3787;0;0;126;0;202;0;
13963;12451838;1196118016;18558976;1330999296;0;0;0;0;0;0;0;0;0;0;0;2515;0;0;126;0;202;0;
13964;8590908;1196118016;18558976;1330999296;0;0;0;0;0;0;0;0;0;0;0;3466;0;0;126;0;202;0;
13965;12796233;1196118016;18558976;1330999296;0;0;0;0;0;0;0;0;0;0;0;3647;0;0;126;0;202;0;
13966;7056421;1196118016;18558976;1330999296;0;0;0;0;0;0;0;0;0;0;0;2985;0;0;126;0;202;0;
13967;8456206;1196118016;18558976;1330999296;0;0;0;0;0;0;0;0;0;0;0;3086;0;0;126;0;202;0;
13968;9537203;1196118016;18558976;1330999296;0;0;0;0;0;0;0;0;0;0;0;4128;0;0;126;0;202;0;
13969;9821736;1196118016;18558976;1330999296;0;0;0;0;0;0;0;0;0;0;0;3537;0;0;126;0;202;0;
13970;11691763;1196118016;18558976;1330999296;0;0;0;0;0;0;0;0;0;0;0;4308;0;0;126;0;202;0;
13971;10375855;1196118016;18558976;1330999296;0;0;0;0;0;0;0;0;0;0;0;3987;0;0;126;0;202;0;
13972;9182408;1196118016;18558976;1330999296;0;0;0;0;0;0;0;0;0;0;0;3817;0;0;126;0;202;0;
13973;11330205;1196118016;18558976;1330999296;0;0;0;0;0;0;0;0;0;0;0;4068;0;0;126;0;202;0;
13974;10449223;1196118016;18558976;1330999296;0;0;0;0;0;0;0;0;0;0;0;4007;0;0;126;0;202;0;
13975;9829080;1196118016;18558976;1330999296;0;0;0;0;0;0;0;0;0;0;0;3416;0;0;126;0;202;0;
13976;9608387;1196118016;18558976;1330999296;0;0;0;0;0;0;0;0;0;0;0;3547;0;0;126;0;202;0;
13977;9136100;1196118016;18558976;1330999296;0;0;0;0;0;0;0;0;0;0;0;2635;0;0;126;0;202;0;
13978;5892438;1196118016;18558976;1330999296;0;0;0;0;0;0;0;0;0;0;0;4038;0;0;126;0;202;0;
13979;11021215;1196118016;18558976;1330999296;0;0;0;0;0;0;0;0;0;0;0;3176;0;0;126;0;202;0;
13980;5754530;1196118016;18558976;1330999296;0;0;0;0;0;0;0;0;0;0;0;3797;0;0;126;0;202;0;
13981;11878542;1196118016;18558976;1330999296;0;0;0;0;0;0;0;0;0;0;0;3006;0;0;126;0;202;0;
13982;5447414;1196118016;18558976;1330999296;0;0;0;0;0;0;0;0;0;0;0;2925;0;0;126;0;202;0;
13983;8081253;1196118016;18558976;1330999296;0;0;0;0;0;0;0;0;0;0;0;2835;0;0;126;0;202;0;
13984;6923812;1196118016;18558976;1330999296;0;0;0;0;0;0;0;0;0;0;0;3516;0;0;126;0;202;0;
13985;13786420;1196118016;18558976;1330999296;0;0;0;0;0;0;0;0;0;0;0;3266;0;0;126;0;202;0;
13986;8873518;1196118016;18558976;1330999296;0;0;0;0;0;0;0;0;0;0;0;3808;0;0;126;0;202;0;
13987;9253330;1196118016;18558976;1330999296;0;0;0;0;0;0;0;0;0;0;0;3597;0;0;126;0;202;0;
13988;7481298;1196118016;18558976;1330999296;0;0;0;0;0;0;0;0;0;0;0;4299;0;0;126;0;202;0;
13989;7185023;1196118016;18558976;1330999296;0;0;0;0;0;0;0;0;0;0;0;3296;0;0;126;0;202;0;
13990;8864662;1196118016;18558976;1330999296;0;0;0;0;0;0;0;0;0;0;0;3106;0;0;126;0;202;0;
13991;8768902;1196118016;18558976;1330999296;0;0;0;0;0;0;0;0;0;0;0;3717;0;0;126;0;202;0;
13992;8407775;1196118016;18558976;1330999296;0;0;0;0;0;0;0;0;0;0;0;3516;0;0;126;0;202;0;
13993;12727966;1196118016;18558976;1330999296;0;0;0;0;0;0;0;0;0;0;0;3677;0;0;126;0;202;0;
13994;8539542;1196118016;18558976;1330999296;0;0;0;0;0;0;0;0;0;0;0;3226;0;0;126;0;202;0;
13995;10892574;1196118016;18558976;1330999296;0;0;0;0;0;0;0;0;0;0;0;3687;0;0;126;0;202;0;
13996;7038557;1196118016;18558976;1330999296;0;0;0;0;0;0;0;0;0;0;0;3837;0;0;126;0;202;0;
13997;13939497;1196118016;18558976;1330999296;0;0;0;0;0;0;0;0;0;0;0;4298;0;0;126;0;202;0;
13998;7248091;1196118016;18558976;1330999296;0;0;0;0;0;0;0;0;0;0;0;3417;0;0;126;0;202;0;
13999;11284388;1196118016;18558976;1330999296;0;0;0;0;0;0;0;0;0;0;0;3086;0;0;126;0;202;0;
14000;4823705;1196118016;18558976;1330999296;0;0;0;0;0;0;0;0;0;0;0;3597;0;0;126;0;202;0;
14001;7872962;1196118016;18558976;1330999296;0;0;0;0;0;0;0;0;0;0;0;3887;0;0;126;0;202;0;
14002;6299332;1196118016;18558976;1330999296;0;0;0;0;0;0;0;0;0;0;0;3577;0;0;126;0;202;0;
14003;10080051;1196118016;18558976;1330999296;0;0;0;0;0;0;0;0;0;0;0;3817;0;0;126;0;202;0;
14004;10100809;1196118016;18558976;1330999296;0;0;0;0;0;0;0;0;0;0;0;3226;0;0;126;0;202;0;
14005;10916649;1196118016;18558976;1330999296;0;0;0;0;0;0;0;0;0;0;0;3576;0;0;126;0;202;0;
14006;13238653;1196118016;18558976;1330999296;0;0;0;0;0;0;0;0;0;0;0;4348;0;0;126;0;202;0;
14007;8115828;1196118016;18558976;1330999296;0;0;0;0;0;0;0;0;0;0;0;3466;0;0;126;0;202;0;
14008;6338374;1196118016;18558976;1330999296;0;0;0;0;0;0;0;0;0;0;0;3617;0;0;126;0;202;0;
14009;9162490;1196118016;18558976;1330999296;0;0;0;0;0;0;0;0;0;0;0;3527;0;0;126;0;202;0;
14010;5640416;1196118016;18558976;1330999296;0;0;0;0;0;0;0;0;0;0;0;3396;0;0;126;0;202;0;
14011;12210836;1196118016;18558976;1330999296;0;0;0;0;0;0;0;0;0;0;0;3427;0;0;126;0;202;0;
14012;8299542;1196118016;18558976;1330999296;0;0;0;0;0;0;0;0;0;0;0;3286;0;0;126;0;202;0;
14013;11247679;1196118016;18558976;1330999296;0;0;0;0;0;0;0;0;0;0;0;2995;0;0;126;0;202;0;
14014;8519054;1196118016;18558976;1330999296;0;0;0;0;0;0;0;0;0;0;0;3276;0;0;126;0;202;0;
14015;9043868;1196118016;18558976;1330999296;0;0;0;0;0;0;0;0;0;0;0;3697;0;0;126;0;202;0;
14016;7105032;1196118016;18558976;1330999296;0;0;0;0;0;0;0;0;0;0;0;3347;0;0;126;0;202;0;
14017;10433353;1196118016;18558976;1330999296;0;0;0;0;0;0;0;0;0;0;0;2995;0;0;126;0;202;0;
14018;8349285;1196118016;18558976;1330999296;0;0;0;0;0;0;0;0;0;0;0;3296;0;0;126;0;202;0;
14019;9505493;1196118016;18558976;1330999296;0;0;0;0;0;0;0;0;0;0;0;3527;0;0;126;0;202;0;
14020;7429360;1196118016;18558976;1330999296;0;0;0;0;0;0;0;0;0;0;0;3256;0;0;126;0;202;0;
14021;9149175;1196118016;18558976;1330999296;0;0;0;0;0;0;0;0;0;0;0;3566;0;0;126;0;202;0;
14022;7400446;1196118016;18558976;1330999296;0;0;0;0;0;0;0;0;0;0;0;4198;0;0;126;0;202;0;
14023;11047835;1196118016;18558976;1330999296;0;0;0;0;0;0;0;0;0;0;0;2855;0;0;126;0;202;0;
14024;7669430;1196118016;18558976;1330999296;0;0;0;0;0;0;0;0;0;0;0;3827;0;0;126;0;202;0;
14025;6904557;1196118016;18558976;1330999296;0;0;0;0;0;0;0;0;0;0;0;2926;0;0;126;0;202;0;
14026;9589581;1196118016;18558976;1330999296;0;0;0;0;0;0;0;0;0;0;0;3446;0;0;126;0;202;0;
14027;10792195;1196118016;18558976;1330999296;0;0;0;0;0;0;0;0;0;0;0;3526;0;0;126;0;202;0;
14028;9216091;1196118016;18558976;1330999296;0;0;0;0;0;0;0;0;0;0;0;3636;0;0;126;0;202;0;
14029;9551940;1196118016;18558976;1330999296;0;0;0;0;0;0;0;0;0;0;0;2835;0;0;126;0;202;0;
14030;9623775;1196118016;18558976;1330999296;0;0;0;0;0;0;0;0;0;0;0;3417;0;0;126;0;202;0;
14031;8966743;1196118016;18558976;1330999296;0;0;0;0;0;0;0;0;0;0;0;3867;0;0;126;0;202;0;
14032;8912331;1196118016;18558976;1330999296;0;0;0;0;0;0;0;0;0;0;0;4418;0;0;126;0;202;0;
14033;12236904;1196118016;18558976;1330999296;0;0;0;0;0;0;0;0;0;0;0;4178;0;0;126;0;202;0;
14034;8476744;1196118016;18558976;1330999296;0;0;0;0;0;0;0;0;0;0;0;3337;0;0;126;0;202;0;
14035;9723532;1196118016;18558976;1330999296;0;0;0;0;0;0;0;0;0;0;0;3036;0;0;126;0;202;0;
14036;7528757;1196118016;18558976;1330999296;0;0;0;0;0;0;0;0;0;0;0;58931;0;0;126;0;202;0;
14037;11722249;1196118016;18558976;1330999296;0;0;0;0;0;0;0;0;0;0;0;3326;0;0;126;0;202;0;
14038;8491912;1196118016;18558976;1330999296;0;0;0;0;0;0;0;0;0;0;0;2976;0;0;126;0;202;0;
14039;12780605;1196118016;18558976;1330999296;0;0;0;0;0;0;0;0;0;0;0;3487;0;0;126;0;202;0;
14040;8340889;1196118016;18558976;1330999296;0;0;0;0;0;0;0;0;0;0;0;3997;0;0;126;0;202;0;
14041;11385579;1196118016;18558976;1330999296;0;0;0;0;0;0;0;0;0;0;0;4078;0;0;126;0;202;0;
14042;11853817;1196118016;18558976;1330999296;0;0;0;0;0;0;0;0;0;0;0;4829;0;0;126;0;202;0;
14043;13423620;1196118016;18558976;1330999296;0;0;0;0;0;0;0;0;0;0;0;4368;0;0;126;0;202;0;
14044;11405867;1196118016;18558976;1330999296;0;0;0;0;0;0;0;0;0;0;0;3216;0;0;126;0;202;0;
14045;15266305;1196118016;18558976;1330999296;0;0;0;0;0;0;0;0;0;0;0;3627;0;0;126;0;202;0;
14046;12092384;1196118016;18558976;1330999296;0;0;0;0;0;0;0;0;0;0;0;3957;0;0;126;0;202;0;
14047;11795437;1196118016;18558976;1330999296;0;0;0;0;0;0;0;0;0;0;0;4218;0;0;126;0;202;0;
14048;7008121;1196118016;18558976;1330999296;0;0;0;0;0;0;0;0;0;0;0;2895;0;0;126;0;202;0;
14049;11802841;1196118016;18558976;1330999296;0;0;0;0;0;0;0;0;0;0;0;3216;0;0;126;0;202;0;
14050;6355076;1196118016;18558976;1330999296;0;0;0;0;0;0;0;0;0;0;0;3377;0;0;126;0;202;0;
14051;12036369;1196118016;18558976;1330999296;0;0;0;0;0;0;0;0;0;0;0;3908;0;0;126;0;202;0;
14052;9939738;1196118016;18558976;1330999296;0;0;0;0;0;0;0;0;0;0;0;4228;0;0;126;0;202;0;
14053;14833754;1196118016;18558976;1330999296;0;0;0;0;0;0;0;0;0;0;0;3547;0;0;126;0;202;0;
14054;12163588;1196118016;18558976;1330999296;0;0;0;0;0;0;0;0;0;0;0;318147;0;0;126;0;202;0;
14055;13153243;1196118016;18558976;1330999296;0;0;0;0;0;0;0;0;0;0;0;166843;0;0;126;0;202;0;
14056;7601964;1196118016;18558976;1330999296;0;0;0;0;0;0;0;0;0;0;0;3436;0;0;126;0;202;0;
14057;13944437;1196118016;18558976;1330999296;0;0;0;0;0;0;0;0;0;0;0;3647;0;0;126;0;202;0;
14058;11151560;1196118016;18558976;1330999296;0;0;0;0;0;0;0;0;0;0;0;3977;0;0;126;0;202;0;
14059;12294433;1196118016;18558976;1330999296;0;0;0;0;0;0;0;0;0;0;0;3978;0;0;126;0;202;0;
14060;10136246;1196118016;18558976;1330999296;0;0;0;0;0;0;0;0;0;0;0;4158;0;0;126;0;202;0;
14061;13672366;1196118016;18558976;1330999296;0;0;0;0;0;0;0;0;0;0;0;3867;0;0;126;0;202;0;
14062;12573536;1196118016;18558976;1330999296;0;0;0;0;0;0;0;0;0;0;0;3807;0;0;126;0;202;0;
14063;11951209;1196118016;18558976;1330999296;0;0;0;0;0;0;0;0;0;0;0;3857;0;0;126;0;202;0;
14064;10895800;1196118016;18558976;1330999296;0;0;0;0;0;0;0;0;0;0;0;3356;0;0;126;0;202;0;
14065;9400046;1196118016;18558976;1330999296;0;0;0;0;0;0;0;0;0;0;0;3516;0;0;126;0;202;0;
14066;11993378;1196118016;18558976;1330999296;0;0;0;0;0;0;0;0;0;0;0;3577;0;0;126;0;202;0;
14067;13364129;1196118016;18558976;1330999296;0;0;0;0;0;0;0;0;0;0;0;4809;0;0;126;0;202;0;
14068;10374362;1196118016;18558976;1330999296;0;0;0;0;0;0;0;0;0;0;0;3526;0;0;126;0;202;0;
14069;13974743;1196118016;18558976;1330999296;0;0;0;0;0;0;0;0;0;0;0;4869;0;0;126;0;202;0;
14070;10830809;1196118016;18558976;1330999296;0;0;0;0;0;0;0;0;0;0;0;3677;0;0;126;0;202;0;
14071;11710799;1196118016;18558976;1330999296;0;0;0;0;0;0;0;0;0;0;0;3036;0;0;126;0;202;0;
14072;8413405;1196118016;18558976;1330999296;0;0;0;0;0;0;0;0;0;0;0;3146;0;0;126;0;202;0;
14073;13068053;1196118016;18558976;1330999296;0;0;0;0;0;0;0;0;0;0;0;2995;0;0;126;0;202;0;
14074;9703955;1196118016;18558976;1330999296;0;0;0;0;0;0;0;0;0;0;0;3927;0;0;126;0;202;0;
14075;12656762;1196118016;18558976;1330999296;0;0;0;0;0;0;0;0;0;0;0;4068;0;0;126;0;202;0;
14076;9615370;1196118016;18558976;1330999296;0;0;0;0;0;0;0;0;0;0;0;3948;0;0;126;0;202;0;
14077;11048196;1196118016;18558976;1330999296;0;0;0;0;0;0;0;0;0;0;0;3777;0;0;126;0;202;0;
14078;9842646;1196118016;18558976;1330999296;0;0;0;0;0;0;0;0;0;0;0;2986;0;0;126;0;202;0;
14079;9028258;1196118016;18558976;1330999296;0;0;0;0;0;0;0;0;0;0;0;3657;0;0;126;0;202;0;
14080;11828930;1196118016;18558976;1330999296;0;0;0;0;0;0;0;0;0;0;0;3657;0;0;126;0;202;0;
14081;10267512;1196118016;18558976;1330999296;0;0;0;0;0;0;0;0;0;0;0;3386;0;0;126;0;202;0;
14082;11086197;1196118016;18558976;1330999296;0;0;0;0;0;0;0;0;0;0;0;3547;0;0;126;0;202;0;
14083;11881428;1196118016;18563072;1331003392;0;0;0;0;0;0;0;0;0;0;0;3186;0;0;126;0;202;0;
14084;18759575;1196118016;18567168;1331007488;0;0;0;0;0;0;0;0;0;0;0;3837;0;0;126;0;202;0;
14085;15026505;1196118016;18567168;1331007488;0;0;0;0;0;0;0;0;0;0;0;3998;0;0;126;0;202;0;
14086;13632762;1196118016;18567168;1331007488;0;0;0;0;0;0;0;0;0;0;0;4178;0;0;126;0;202;0;
14087;14607429;1196118016;18567168;1331007488;0;0;0;0;0;0;0;0;0;0;0;3697;0;0;126;0;202;0;
14088;13263580;1196118016;18567168;1331007488;0;0;0;0;0;0;0;0;0;0;0;3817;0;0;126;0;202;0;
14089;11737298;1196118016;18567168;1331007488;0;0;0;0;0;0;0;0;0;0;0;3447;0;0;126;0;202;0;
14090;7335755;1196118016;18558976;1330999296;0;0;0;0;0;0;0;0;0;0;0;3236;0;0;126;0;202;0;
14091;12290014;1196118016;18558976;1330999296;0;0;0;0;0;0;0;0;0;0;0;1944;0;0;126;0;202;0;
14092;10984998;1196118016;18558976;1330999296;0;0;0;0;0;0;0;0;0;0;0;3747;0;0;126;0;202;0;
14093;14050335;1196118016;18558976;1330999296;0;0;0;0;0;0;0;0;0;0;0;2955;0;0;126;0;202;0;
14094;10316434;1196118016;18558976;1330999296;0;0;0;0;0;0;0;0;0;0;0;4067;0;0;126;0;202;0;
14095;13811117;1196118016;18558976;1330999296;0;0;0;0;0;0;0;0;0;0;0;4038;0;0;126;0;202;0;
14096;9347878;1196118016;18558976;1330999296;0;0;0;0;0;0;0;0;0;0;0;3567;0;0;126;0;202;0;
14097;14483568;1196118016;18558976;1330999296;0;0;0;0;0;0;0;0;0;0;0;4869;0;0;126;0;202;0;
14098;14249519;1196118016;18558976;1330999296;0;0;0;0;0;0;0;0;0;0;0;3727;0;0;126;0;202;0;
14099;13567319;1196118016;18558976;1330999296;0;0;0;0;0;0;0;0;0;0;0;5210;0;0;126;0;202;0;
14100;6031159;1196118016;18558976;1330999296;0;0;0;0;0;0;0;0;0;0;0;3306;0;0;126;0;202;0;
14101;9703624;1196118016;18558976;1330999296;0;0;0;0;0;0;0;0;0;0;0;3246;0;0;126;0;202;0;
14102;7496457;1196118016;18558976;1330999296;0;0;0;0;0;0;0;0;0;0;0;3516;0;0;126;0;202;0;
14103;12146034;1196118016;18558976;1330999296;0;0;0;0;0;0;0;0;0;0;0;3777;0;0;126;0;202;0;
14104;7658149;1196118016;18558976;1330999296;0;0;0;0;0;0;0;0;0;0;0;3586;0;0;126;0;202;0;
14105;10100920;1196118016;18558976;1330999296;0;0;0;0;0;0;0;0;0;0;0;3056;0;0;126;0;202;0;
14106;7931642;1196118016;18558976;1330999296;0;0;0;0;0;0;0;0;0;0;0;7855;0;0;126;0;202;0;
14107;7717641;1196118016;18558976;1330999296;0;0;0;0;0;0;0;0;0;0;0;3085;0;0;126;0;202;0;
14108;11309616;1196118016;18558976;1330999296;0;0;0;0;0;0;0;0;0;0;0;4459;0;0;126;0;202;0;
14109;9420785;1196118016;18558976;1330999296;0;0;0;0;0;0;0;0;0;0;0;37010;0;0;126;0;202;0;
14110;10575048;1196118016;18558976;1330999296;0;0;0;0;0;0;0;0;0;0;0;3667;0;0;126;0;202;0;
14111;10145303;1196118016;18558976;1330999296;0;0;0;0;0;0;0;0;0;0;0;3887;0;0;126;0;202;0;
14112;10331712;1196118016;18558976;1330999296;0;0;0;0;0;0;0;0;0;0;0;4178;0;0;126;0;202;0;
14113;9615980;1196118016;18558976;1330999296;0;0;0;0;0;0;0;0;0;0;0;3546;0;0;126;0;202;0;
14114;8904165;1196118016;18558976;1330999296;0;0;0;0;0;0;0;0;0;0;0;4027;0;0;126;0;202;0;
14115;11582378;1196118016;18558976;1330999296;0;0;0;0;0;0;0;0;0;0;0;3977;0;0;126;0;202;0;
14116;10164468;1196118016;18558976;1330999296;0;0;0;0;0;0;0;0;0;0;0;4509;0;0;126;0;202;0;
14117;11707703;1196118016;18558976;1330999296;0;0;0;0;0;0;0;0;0;0;0;5340;0;0;126;0;202;0;
14118;10998423;1196118016;18558976;1330999296;0;0;0;0;0;0;0;0;0;0;0;3968;0;0;126;0;202;0;
14119;11774898;1196118016;18558976;1330999296;0;0;0;0;0;0;0;0;0;0;0;3066;0;0;126;0;202;0;
14120;13007410;1196118016;18558976;1330999296;0;0;0;0;0;0;0;0;0;0;0;3797;0;0;126;0;202;0;
14121;17305819;1196118016;18558976;1330999296;0;0;0;0;0;0;0;0;0;0;0;3857;0;0;126;0;202;0;
14122;9606973;1196118016;18558976;1330999296;0;0;0;0;0;0;0;0;0;0;0;3817;0;0;126;0;202;0;
14123;12823745;1196118016;18558976;1330999296;0;0;0;0;0;0;0;0;0;0;0;3887;0;0;126;0;202;0;
14124;8408527;1196118016;18558976;1330999296;0;0;0;0;0;0;0;0;0;0;0;3356;0;0;126;0;202;0;
14125;13165586;1196118016;18558976;1330999296;0;0;0;0;0;0;0;0;0;0;0;4098;0;0;126;0;202;0;
14126;9415674;1196118016;18558976;1330999296;0;0;0;0;0;0;0;0;0;0;0;3577;0;0;126;0;202;0;
14127;11586025;1196118016;18563072;1331003392;0;0;0;0;0;0;0;0;0;0;0;4118;0;0;126;0;202;0;
14128;10497494;1196118016;18567168;1331007488;0;0;0;0;0;0;0;0;0;0;0;5150;0;0;126;0;202;0;
14129;14458921;1196118016;18567168;1331007488;0;0;0;0;0;0;0;0;0;0;0;4298;0;0;126;0;202;0;
14130;7002269;1196118016;18567168;1331007488;0;0;0;0;0;0;0;0;0;0;0;4649;0;0;126;0;202;0;
14131;8966643;1196118016;18567168;1331007488;0;0;0;0;0;0;0;0;0;0;0;2805;0;0;126;0;202;0;
14132;6464542;1196118016;18567168;1331007488;0;0;0;0;0;0;0;0;0;0;0;3677;0;0;126;0;202;0;
14133;11987768;1196118016;18567168;1331007488;0;0;0;0;0;0;0;0;0;0;0;3827;0;0;126;0;202;0;
14134;10315973;1196126208;18558976;1330999296;0;0;0;0;0;0;0;0;0;0;0;4438;0;0;126;0;202;0;
14135;12773151;1196126208;18558976;1330999296;0;0;0;0;0;0;0;0;0;0;0;3687;0;0;126;0;202;0;
14136;12070122;1196126208;18558976;1330999296;0;0;0;0;0;0;0;0;0;0;0;96170;0;0;126;0;202;0;
14137;8963978;1196126208;18558976;1330999296;0;0;0;0;0;0;0;0;0;0;0;3307;0;0;126;0;202;0;
14138;9281603;1196126208;18563072;1331003392;0;0;0;0;0;0;0;0;0;0;0;4319;0;0;126;0;202;0;
14139;14086914;1196126208;18563072;1331003392;0;0;0;0;0;0;0;0;0;0;0;4789;0;0;126;0;202;0;
14140;10181070;1196126208;18563072;1331003392;0;0;0;0;0;0;0;0;0;0;0;3677;0;0;126;0;202;0;
14141;9108018;1196126208;18563072;1331003392;0;0;0;0;0;0;0;0;0;0;0;3346;0;0;126;0;202;0;
14142;10871725;1196126208;18563072;1331003392;0;0;0;0;0;0;0;0;0;0;0;3827;0;0;126;0;202;0;
14143;16134222;1196126208;18563072;1331003392;0;0;0;0;0;0;0;0;0;0;0;3847;0;0;126;0;202;0;
14144;11688086;1196126208;18563072;1331003392;0;0;0;0;0;0;0;0;0;0;0;3396;0;0;126;0;202;0;
14145;13925561;1196126208;18563072;1331003392;0;0;0;0;0;0;0;0;0;0;0;3627;0;0;126;0;202;0;
14146;7160126;1196126208;18563072;1331003392;0;0;0;0;0;0;0;0;0;0;0;3577;0;0;126;0;202;0;
14147;11601213;1196126208;18563072;1331003392;0;0;0;0;0;0;0;0;0;0;0;2344;0;0;126;0;202;0;
14148;5959014;1196126208;18563072;1331003392;0;0;0;0;0;0;0;0;0;0;0;4960;0;0;126;0;202;0;
14149;7551359;1196126208;18563072;1331003392;0;0;0;0;0;0;0;0;0;0;0;2435;0;0;126;0;202;0;
14150;9849528;1196126208;18563072;1331003392;0;0;0;0;0;0;0;0;0;0;0;109785;0;0;126;0;202;0;
14151;9591585;1196126208;18563072;1331003392;0;0;0;0;0;0;0;0;0;0;0;2945;0;0;126;0;202;0;
14152;11332459;1196126208;18567168;1331007488;0;0;0;0;0;0;0;0;0;0;0;3286;0;0;126;0;202;0;
14153;8969258;1196126208;18567168;1331007488;0;0;0;0;0;0;0;0;0;0;0;3165;0;0;126;0;202;0;
14154;9576967;1196126208;18567168;1331007488;0;0;0;0;0;0;0;0;0;0;0;3316;0;0;126;0;202;0;
14155;9573090;1196126208;18567168;1331007488;0;0;0;0;0;0;0;0;0;0;0;3667;0;0;126;0;202;0;
14156;8096922;1196126208;18567168;1331007488;0;0;0;0;0;0;0;0;0;0;0;3627;0;0;126;0;202;0;
14157;7983680;1196126208;18567168;1331007488;0;0;0;0;0;0;0;0;0;0;0;2755;0;0;126;0;202;0;
14158;9153653;1196138496;18563072;1331003392;0;0;0;0;0;0;0;0;0;0;0;3827;0;0;126;0;202;0;
14159;8160200;1196138496;18563072;1331003392;0;0;0;0;0;0;0;0;0;0;0;3327;0;0;126;0;202;0;
14160;8573476;1196138496;18563072;1331003392;0;0;0;0;0;0;0;0;0;0;0;3917;0;0;126;0;202;0;
14161;10321583;1196138496;18563072;1331003392;0;0;0;0;0;0;0;0;0;0;0;3527;0;0;126;0;202;0;
14162;7133996;1196138496;18563072;1331003392;0;0;0;0;0;0;0;0;0;0;0;4007;0;0;126;0;202;0;
14163;9654943;1196138496;18563072;1331003392;0;0;0;0;0;0;0;0;0;0;0;3536;0;0;126;0;202;0;
14164;7129699;1196138496;18563072;1331003392;0;0;0;0;0;0;0;0;0;0;0;3056;0;0;126;0;202;0;
14165;10382117;1196138496;18563072;1331003392;0;0;0;0;0;0;0;0;0;0;0;3727;0;0;126;0;202;0;
14166;5974182;1196138496;18563072;1331003392;0;0;0;0;0;0;0;0;0;0;0;3517;0;0;126;0;202;0;
14167;10132629;1196138496;18563072;1331003392;0;0;0;0;0;0;0;0;0;0;0;2435;0;0;126;0;202;0;
14168;9581466;1196138496;18563072;1331003392;0;0;0;0;0;0;0;0;0;0;0;3006;0;0;126;0;202;0;
14169;11439259;1196138496;18563072;1331003392;0;0;0;0;0;0;0;0;0;0;0;3988;0;0;126;0;202;0;
14170;9053926;1196138496;18563072;1331003392;0;0;0;0;0;0;0;0;0;0;0;3337;0;0;126;0;202;0;
14171;9304416;1196138496;18563072;1331003392;0;0;0;0;0;0;0;0;0;0;0;3377;0;0;126;0;202;0;
14172;9188599;1196138496;18563072;1331003392;0;0;0;0;0;0;0;0;0;0;0;3697;0;0;126;0;202;0;
14173;10256521;1196138496;18563072;1331003392;0;0;0;0;0;0;0;0;0;0;0;2986;0;0;126;0;202;0;
14174;7895584;1196138496;18563072;1331003392;0;0;0;0;0;0;0;0;0;0;0;3146;0;0;126;0;202;0;
14175;10976161;1196138496;18563072;1331003392;0;0;0;0;0;0;0;0;0;0;0;3206;0;0;126;0;202;0;
14176;10272100;1196138496;18563072;1331003392;0;0;0;0;0;0;0;0;0;0;0;4137;0;0;126;0;202;0;
14177;10163206;1196138496;18563072;1331003392;0;0;0;0;0;0;0;0;0;0;0;3677;0;0;126;0;202;0;
14178;13093752;1196138496;18563072;1331003392;0;0;0;0;0;0;0;0;0;0;0;2816;0;0;126;0;202;0;
14179;5541771;1196138496;18563072;1331003392;0;0;0;0;0;0;0;0;0;0;0;1833;0;0;126;0;202;0;
14180;12091382;1196138496;18563072;1331003392;0;0;0;0;0;0;0;0;0;0;0;3256;0;0;126;0;202;0;
14181;9779407;1196138496;18563072;1331003392;0;0;0;0;0;0;0;0;0;0;0;3587;0;0;126;0;202;0;
14182;8346710;1196138496;18563072;1331003392;0;0;0;0;0;0;0;0;0;0;0;3156;0;0;126;0;202;0;
14183;8391064;1196138496;18563072;1331003392;0;0;0;0;0;0;0;0;0;0;0;3947;0;0;126;0;202;0;
14184;10651222;1196138496;18563072;1331003392;0;0;0;0;0;0;0;0;0;0;0;3767;0;0;126;0;202;0;
14185;10269837;1196138496;18563072;1331003392;0;0;0;0;0;0;0;0;0;0;0;3908;0;0;126;0;202;0;
14186;7713714;1196138496;18563072;1331003392;0;0;0;0;0;0;0;0;0;0;0;3306;0;0;126;0;202;0;
14187;11042846;1196138496;18563072;1331003392;0;0;0;0;0;0;0;0;0;0;0;4358;0;0;126;0;202;0;
14188;8331031;1196138496;18563072;1331003392;0;0;0;0;0;0;0;0;0;0;0;4068;0;0;126;0;202;0;
14189;10921137;1196138496;18563072;1331003392;0;0;0;0;0;0;0;0;0;0;0;4608;0;0;126;0;202;0;
14190;9147782;1196138496;18563072;1331003392;0;0;0;0;0;0;0;0;0;0;0;4027;0;0;126;0;202;0;
14191;9184391;1196138496;18563072;1331003392;0;0;0;0;0;0;0;0;0;0;0;4578;0;0;126;0;202;0;
14192;7309877;1196138496;18563072;1331003392;0;0;0;0;0;0;0;0;0;0;0;3486;0;0;126;0;202;0;
14193;11048807;1196138496;18563072;1331003392;0;0;0;0;0;0;0;0;0;0;0;4478;0;0;126;0;202;0;
14194;9260314;1196138496;18563072;1331003392;0;0;0;0;0;0;0;0;0;0;0;4799;0;0;126;0;202;0;
14195;8536837;1196138496;18563072;1331003392;0;0;0;0;0;0;0;0;0;0;0;3397;0;0;126;0;202;0;
14196;5720747;1196138496;18563072;1331003392;0;0;0;0;0;0;0;0;0;0;0;4488;0;0;126;0;202;0;
14197;11197997;1196138496;18563072;1331003392;0;0;0;0;0;0;0;0;0;0;0;3737;0;0;126;0;202;0;
14198;6467347;1196138496;18563072;1331003392;0;0;0;0;0;0;0;0;0;0;0;3636;0;0;126;0;202;0;
14199;10258446;1196138496;18563072;1331003392;0;0;0;0;0;0;0;0;0;0;0;3757;0;0;126;0;202;0;
14200;10969919;1196138496;18563072;1331003392;0;0;0;0;0;0;0;0;0;0;0;3306;0;0;126;0;202;0;
14201;9991344;1196138496;18563072;1331003392;0;0;0;0;0;0;0;0;0;0;0;3848;0;0;126;0;202;0;
14202;9617844;1196138496;18563072;1331003392;0;0;0;0;0;0;0;0;0;0;0;3447;0;0;126;0;202;0;
14203;9243582;1196138496;18563072;1331003392;0;0;0;0;0;0;0;0;0;0;0;4408;0;0;126;0;202;0;
14204;8253356;1196138496;18563072;1331003392;0;0;0;0;0;0;0;0;0;0;0;3838;0;0;126;0;202;0;
14205;9924950;1196138496;18563072;1331003392;0;0;0;0;0;0;0;0;0;0;0;2986;0;0;126;0;202;0;
14206;7627032;1196138496;18563072;1331003392;0;0;0;0;0;0;0;0;0;0;0;3586;0;0;126;0;202;0;
14207;9596965;1196138496;18563072;1331003392;0;0;0;0;0;0;0;0;0;0;0;3977;0;0;126;0;202;0;
14208;6815249;1196138496;18563072;1331003392;0;0;0;0;0;0;0;0;0;0;0;3968;0;0;126;0;202;0;
14209;11033658;1196138496;18563072;1331003392;0;0;0;0;0;0;0;0;0;0;0;3737;0;0;126;0;202;0;
14210;6373330;1196138496;18563072;1331003392;0;0;0;0;0;0;0;0;0;0;0;3857;0;0;126;0;202;0;
14211;8631425;1196138496;18563072;1331003392;0;0;0;0;0;0;0;0;0;0;0;3106;0;0;126;0;202;0;
14212;9546270;1196138496;18563072;1331003392;0;0;0;0;0;0;0;0;0;0;0;3397;0;0;126;0;202;0;
14213;9881007;1196138496;18563072;1331003392;0;0;0;0;0;0;0;0;0;0;0;4478;0;0;126;0;202;0;
14214;5337438;1196138496;18563072;1331003392;0;0;0;0;0;0;0;0;0;0;0;2745;0;0;126;0;202;0;
14215;9865018;1196138496;18563072;1331003392;0;0;0;0;0;0;0;0;0;0;0;2845;0;0;126;0;202;0;
14216;8913674;1196138496;18563072;1331003392;0;0;0;0;0;0;0;0;0;0;0;3236;0;0;126;0;202;0;
14217;12271700;1196138496;18563072;1331003392;0;0;0;0;0;0;0;0;0;0;0;5070;0;0;126;0;202;0;
14218;9679690;1196138496;18563072;1331003392;0;0;0;0;0;0;0;0;0;0;0;4298;0;0;126;0;202;0;
14219;11039059;1196138496;18563072;1331003392;0;0;0;0;0;0;0;0;0;0;0;4338;0;0;126;0;202;0;
14220;7947061;1196138496;18563072;1331003392;0;0;0;0;0;0;0;0;0;0;0;3947;0;0;126;0;202;0;
14221;9909250;1196138496;18563072;1331003392;0;0;0;0;0;0;0;0;0;0;0;3296;0;0;126;0;202;0;
14222;7913678;1196138496;18563072;1331003392;0;0;0;0;0;0;0;0;0;0;0;86392;0;0;126;0;202;0;
14223;9568731;1196138496;18563072;1331003392;0;0;0;0;0;0;0;0;0;0;0;3607;0;0;126;0;202;0;
14224;8413817;1196138496;18563072;1331003392;0;0;0;0;0;0;0;0;0;0;0;3136;0;0;126;0;202;0;
14225;11312441;1196138496;18563072;1331003392;0;0;0;0;0;0;0;0;0;0;0;3396;0;0;126;0;202;0;
14226;5647299;1196138496;18563072;1331003392;0;0;0;0;0;0;0;0;0;0;0;2755;0;0;126;0;202;0;
14227;8670267;1196138496;18563072;1331003392;0;0;0;0;0;0;0;0;0;0;0;3537;0;0;126;0;202;0;
14228;9311930;1196138496;18563072;1331003392;0;0;0;0;0;0;0;0;0;0;0;4348;0;0;126;0;202;0;
14229;11532093;1196138496;18563072;1331003392;0;0;0;0;0;0;0;0;0;0;0;4879;0;0;126;0;202;0;
14230;7868253;1196138496;18563072;1331003392;0;0;0;0;0;0;0;0;0;0;0;3807;0;0;126;0;202;0;
14231;8654648;1196138496;18563072;1331003392;0;0;0;0;0;0;0;0;0;0;0;2885;0;0;126;0;202;0;
14232;5633042;1196138496;18563072;1331003392;0;0;0;0;0;0;0;0;0;0;0;3386;0;0;126;0;202;0;
14233;11819552;1196138496;18567168;1331007488;0;0;0;0;0;0;0;0;0;0;0;2985;0;0;126;0;202;0;
14234;7627762;1196138496;18571264;1331011584;0;0;0;0;0;0;0;0;0;0;0;3938;0;0;126;0;202;0;
14235;10488256;1196138496;18571264;1331011584;0;0;0;0;0;0;0;0;0;0;0;3226;0;0;126;0;202;0;
14236;7131582;1196138496;18571264;1331011584;0;0;0;0;0;0;0;0;0;0;0;3447;0;0;126;0;202;0;
14237;9945499;1196138496;18571264;1331011584;0;0;0;0;0;0;0;0;0;0;0;3887;0;0;126;0;202;0;
14238;8506580;1196138496;18571264;1331011584;0;0;0;0;0;0;0;0;0;0;0;3747;0;0;126;0;202;0;
14239;10276849;1196138496;18571264;1331011584;0;0;0;0;0;0;0;0;0;0;0;3797;0;0;126;0;202;0;
14240;12740019;1196163072;18563072;1331003392;0;0;0;0;0;0;0;0;0;0;0;3397;0;0;126;0;202;0;
14241;15620389;1196163072;18563072;1331003392;0;0;0;0;0;0;0;0;0;0;0;4348;0;0;126;0;202;0;
14242;9440111;1196163072;18563072;1331003392;0;0;0;0;0;0;0;0;0;0;0;4007;0;0;126;0;202;0;
14243;10435758;1196163072;18563072;1331003392;0;0;0;0;0;0;0;0;0;0;0;3246;0;0;126;0;202;0;
14244;9802260;1196163072;18563072;1331003392;0;0;0;0;0;0;0;0;0;0;0;3627;0;0;126;0;202;0;
14245;10445946;1196163072;18563072;1331003392;0;0;0;0;0;0;0;0;0;0;0;2545;0;0;126;0;202;0;
14246;4804940;1196163072;18563072;1331003392;0;0;0;0;0;0;0;0;0;0;0;3116;0;0;126;0;202;0;
14247;9687615;1196163072;18563072;1331003392;0;0;0;0;0;0;0;0;0;0;0;4729;0;0;126;0;202;0;
14248;9427507;1196163072;18563072;1331003392;0;0;0;0;0;0;0;0;0;0;0;3777;0;0;126;0;202;0;
14249;8725691;1196163072;18563072;1331003392;0;0;0;0;0;0;0;0;0;0;0;3386;0;0;126;0;202;0;
14250;9253511;1196163072;18563072;1331003392;0;0;0;0;0;0;0;0;0;0;0;4419;0;0;126;0;202;0;
14251;9209368;1196163072;18563072;1331003392;0;0;0;0;0;0;0;0;0;0;0;4198;0;0;126;0;202;0;
14252;8655179;1196163072;18563072;1331003392;0;0;0;0;0;0;0;0;0;0;0;3106;0;0;126;0;202;0;
14253;11797791;1196163072;18563072;1331003392;0;0;0;0;0;0;0;0;0;0;0;4378;0;0;126;0;202;0;
14254;9414543;1196163072;18563072;1331003392;0;0;0;0;0;0;0;0;0;0;0;3967;0;0;126;0;202;0;
14255;8403718;1196163072;18563072;1331003392;0;0;0;0;0;0;0;0;0;0;0;3546;0;0;126;0;202;0;
14256;10442641;1196163072;18563072;1331003392;0;0;0;0;0;0;0;0;0;0;0;4809;0;0;126;0;202;0;
14257;11208416;1196163072;18563072;1331003392;0;0;0;0;0;0;0;0;0;0;0;3026;0;0;126;0;202;0;
14258;10005030;1196163072;18563072;1331003392;0;0;0;0;0;0;0;0;0;0;0;3998;0;0;126;0;202;0;
14259;11532104;1196163072;18563072;1331003392;0;0;0;0;0;0;0;0;0;0;0;3767;0;0;126;0;202;0;
14260;5864636;1196163072;18563072;1331003392;0;0;0;0;0;0;0;0;0;0;0;4738;0;0;126;0;202;0;
14261;12874831;1196163072;18563072;1331003392;0;0;0;0;0;0;0;0;0;0;0;4228;0;0;126;0;202;0;
14262;6656822;1196163072;18563072;1331003392;0;0;0;0;0;0;0;0;0;0;0;3978;0;0;126;0;202;0;
14263;12105699;1196163072;18563072;1331003392;0;0;0;0;0;0;0;0;0;0;0;4689;0;0;126;0;202;0;
14264;7259913;1196163072;18563072;1331003392;0;0;0;0;0;0;0;0;0;0;0;4448;0;0;126;0;202;0;
14265;10274566;1196163072;18563072;1331003392;0;0;0;0;0;0;0;0;0;0;0;2836;0;0;126;0;202;0;
14266;6730039;1196163072;18563072;1331003392;0;0;0;0;0;0;0;0;0;0;0;3536;0;0;126;0;202;0;
14267;8789992;1196163072;18563072;1331003392;0;0;0;0;0;0;0;0;0;0;0;2825;0;0;126;0;202;0;
14268;6711514;1196163072;18563072;1331003392;0;0;0;0;0;0;0;0;0;0;0;3967;0;0;126;0;202;0;
14269;31822358;1196163072;18563072;1331003392;0;0;0;0;0;0;0;0;0;0;0;4830;0;0;126;0;202;0;
14270;7908209;1196163072;18563072;1331003392;0;0;0;0;0;0;0;0;0;0;0;3467;0;0;126;0;202;0;
14271;10132309;1196163072;18563072;1331003392;0;0;0;0;0;0;0;0;0;0;0;3828;0;0;126;0;202;0;
14272;6811041;1196163072;18563072;1331003392;0;0;0;0;0;0;0;0;0;0;0;3386;0;0;126;0;202;0;
14273;11249484;1196163072;18563072;1331003392;0;0;0;0;0;0;0;0;0;0;0;3897;0;0;126;0;202;0;
14274;8440226;1196163072;18563072;1331003392;0;0;0;0;0;0;0;0;0;0;0;4048;0;0;126;0;202;0;
14275;8260288;1196163072;18563072;1331003392;0;0;0;0;0;0;0;0;0;0;0;3577;0;0;126;0;202;0;
14276;5368707;1196163072;18563072;1331003392;0;0;0;0;0;0;0;0;0;0;0;4018;0;0;126;0;202;0;
14277;9479314;1196163072;18563072;1331003392;0;0;0;0;0;0;0;0;0;0;0;2776;0;0;126;0;202;0;
14278;7087570;1196163072;18563072;1331003392;0;0;0;0;0;0;0;0;0;0;0;4849;0;0;126;0;202;0;
14279;10180339;1196163072;18563072;1331003392;0;0;0;0;0;0;0;0;0;0;0;4218;0;0;126;0;202;0;
14280;7376451;1196163072;18563072;1331003392;0;0;0;0;0;0;0;0;0;0;0;3768;0;0;126;0;202;0;
14281;9799073;1196163072;18563072;1331003392;0;0;0;0;0;0;0;0;0;0;0;3527;0;0;126;0;202;0;
14282;6299452;1196163072;18563072;1331003392;0;0;0;0;0;0;0;0;0;0;0;3487;0;0;126;0;202;0;
14283;11375079;1196163072;18563072;1331003392;0;0;0;0;0;0;0;0;0;0;0;3637;0;0;126;0;202;0;
14284;8801363;1196163072;18563072;1331003392;0;0;0;0;0;0;0;0;0;0;0;2985;0;0;126;0;202;0;
14285;11782062;1196163072;18567168;1331007488;0;0;0;0;0;0;0;0;0;0;0;2925;0;0;126;0;202;0;
14286;8768371;1196163072;18571264;1331011584;0;0;0;0;0;0;0;0;0;0;0;3917;0;0;126;0;202;0;
14287;7315838;1196163072;18571264;1331011584;0;0;0;0;0;0;0;0;0;0;0;3066;0;0;126;0;202;0;
14288;8350347;1196163072;18571264;1331011584;0;0;0;0;0;0;0;0;0;0;0;2675;0;0;126;0;202;0;
14289;7659913;1196163072;18571264;1331011584;0;0;0;0;0;0;0;0;0;0;0;2354;0;0;126;0;202;0;
14290;7686673;1196163072;18571264;1331011584;0;0;0;0;0;0;0;0;0;0;0;4619;0;0;126;0;202;0;
14291;7723993;1196163072;18571264;1331011584;0;0;0;0;0;0;0;0;0;0;0;3636;0;0;126;0;202;0;
14292;6411261;1196187648;18563072;1331003392;0;0;0;0;0;0;0;0;0;0;0;3987;0;0;126;0;202;0;
14293;9003762;1196187648;18563072;1331003392;0;0;0;0;0;0;0;0;0;0;0;3236;0;0;126;0;202;0;
14294;7517165;1196187648;18563072;1331003392;0;0;0;0;0;0;0;0;0;0;0;4468;0;0;126;0;202;0;
14295;9764358;1196187648;18563072;1331003392;0;0;0;0;0;0;0;0;0;0;0;3496;0;0;126;0;202;0;
14296;10427852;1196187648;18563072;1331003392;0;0;0;0;0;0;0;0;0;0;0;3968;0;0;126;0;202;0;
14297;10630764;1196187648;18563072;1331003392;0;0;0;0;0;0;0;0;0;0;0;3316;0;0;126;0;202;0;
14298;7485916;1196187648;18563072;1331003392;0;0;0;0;0;0;0;0;0;0;0;3487;0;0;126;0;202;0;
14299;10589867;1196187648;18563072;1331003392;0;0;0;0;0;0;0;0;0;0;0;3236;0;0;126;0;202;0;
14300;9940649;1196187648;18563072;1331003392;0;0;0;0;0;0;0;0;0;0;0;4468;0;0;126;0;202;0;
14301;9819632;1196187648;18563072;1331003392;0;0;0;0;0;0;0;0;0;0;0;3797;0;0;126;0;202;0;
14302;8904637;1196187648;18563072;1331003392;0;0;0;0;0;0;0;0;0;0;0;3867;0;0;126;0;202;0;
14303;11347176;1196187648;18563072;1331003392;0;0;0;0;0;0;0;0;0;0;0;2885;0;0;126;0;202;0;
14304;9711770;1196187648;18563072;1331003392;0;0;0;0;0;0;0;0;0;0;0;4138;0;0;126;0;202;0;
14305;10716974;1196187648;18563072;1331003392;0;0;0;0;0;0;0;0;0;0;0;3968;0;0;126;0;202;0;
14306;4722585;1196187648;18563072;1331003392;0;0;0;0;0;0;0;0;0;0;0;3798;0;0;126;0;202;0;
14307;8448712;1196187648;18563072;1331003392;0;0;0;0;0;0;0;0;0;0;0;3406;0;0;126;0;202;0;
14308;9377022;1196187648;18563072;1331003392;0;0;0;0;0;0;0;0;0;0;0;3937;0;0;126;0;202;0;
14309;9622793;1196187648;18563072;1331003392;0;0;0;0;0;0;0;0;0;0;0;3216;0;0;126;0;202;0;
14310;12772409;1196187648;18563072;1331003392;0;0;0;0;0;0;0;0;0;0;0;4840;0;0;126;0;202;0;
14311;10941125;1196187648;18563072;1331003392;0;0;0;0;0;0;0;0;0;0;0;3506;0;0;126;0;202;0;
14312;7347067;1196187648;18563072;1331003392;0;0;0;0;0;0;0;0;0;0;0;3586;0;0;126;0;202;0;
14313;10676439;1196187648;18563072;1331003392;0;0;0;0;0;0;0;0;0;0;0;3656;0;0;126;0;202;0;
14314;7137272;1196187648;18563072;1331003392;0;0;0;0;0;0;0;0;0;0;0;4568;0;0;126;0;202;0;
14315;12999775;1196187648;18563072;1331003392;0;0;0;0;0;0;0;0;0;0;0;3947;0;0;126;0;202;0;
14316;9362194;1196187648;18563072;1331003392;0;0;0;0;0;0;0;0;0;0;0;3626;0;0;126;0;202;0;
14317;10336401;1196187648;18563072;1331003392;0;0;0;0;0;0;0;0;0;0;0;3808;0;0;126;0;202;0;
14318;8295304;1196187648;18563072;1331003392;0;0;0;0;0;0;0;0;0;0;0;3266;0;0;126;0;202;0;
14319;10442260;1196187648;18563072;1331003392;0;0;0;0;0;0;0;0;0;0;0;3065;0;0;126;0;202;0;
14320;9308804;1196187648;18563072;1331003392;0;0;0;0;0;0;0;0;0;0;0;4559;0;0;126;0;202;0;
14321;10664016;1196187648;18563072;1331003392;0;0;0;0;0;0;0;0;0;0;0;3497;0;0;126;0;202;0;
14322;9409995;1196187648;18563072;1331003392;0;0;0;0;0;0;0;0;0;0;0;4097;0;0;126;0;202;0;
14323;10070954;1196187648;18563072;1331003392;0;0;0;0;0;0;0;0;0;0;0;4218;0;0;126;0;202;0;
14324;6993303;1196187648;18563072;1331003392;0;0;0;0;0;0;0;0;0;0;0;4509;0;0;126;0;202;0;
14325;10270568;1196187648;18563072;1331003392;0;0;0;0;0;0;0;0;0;0;0;4819;0;0;126;0;202;0;
14326;5793212;1196187648;18563072;1331003392;0;0;0;0;0;0;0;0;0;0;0;3437;0;0;126;0;202;0;
14327;13717491;1196187648;18563072;1331003392;0;0;0;0;0;0;0;0;0;0;0;4329;0;0;126;0;202;0;
14328;7297242;1196187648;18563072;1331003392;0;0;0;0;0;0;0;0;0;0;0;3908;0;0;126;0;202;0;
14329;12277301;1196187648;18563072;1331003392;0;0;0;0;0;0;0;0;0;0;0;3456;0;0;126;0;202;0;
14330;10637526;1196187648;18563072;1331003392;0;0;0;0;0;0;0;0;0;0;0;4137;0;0;126;0;202;0;
14331;9321328;1196187648;18563072;1331003392;0;0;0;0;0;0;0;0;0;0;0;3116;0;0;126;0;202;0;
14332;8399860;1196187648;18563072;1331003392;0;0;0;0;0;0;0;0;0;0;0;3917;0;0;126;0;202;0;
14333;11272747;1196187648;18563072;1331003392;0;0;0;0;0;0;0;0;0;0;0;3897;0;0;126;0;202;0;
14334;7289799;1196187648;18563072;1331003392;0;0;0;0;0;0;0;0;0;0;0;2986;0;0;126;0;202;0;
14335;10253305;1196187648;18563072;1331003392;0;0;0;0;0;0;0;0;0;0;0;3406;0;0;126;0;202;0;
14336;8640211;1196187648;18563072;1331003392;0;0;0;0;0;0;0;0;0;0;0;3867;0;0;126;0;202;0;
14337;8744517;1196187648;18563072;1331003392;0;0;0;0;0;0;0;0;0;0;0;3607;0;0;126;0;202;0;
14338;9853897;1196187648;18563072;1331003392;0;0;0;0;0;0;0;0;0;0;0;4448;0;0;126;0;202;0;
14339;20866746;1196187648;18567168;1331007488;0;0;0;0;0;0;0;0;0;0;0;4979;0;0;126;0;202;0;
14340;8700133;1196187648;18571264;1331011584;0;0;0;0;0;0;0;0;0;0;0;3767;0;0;126;0;202;0;
14341;16094909;1196187648;18571264;1331011584;0;0;0;0;0;0;0;0;0;0;0;3597;0;0;126;0;202;0;
14342;8193774;1196187648;18571264;1331011584;0;0;0;0;0;0;0;0;0;0;0;3797;0;0;126;0;202;0;
14343;7493952;1196187648;18571264;1331011584;0;0;0;0;0;0;0;0;0;0;0;3436;0;0;126;0;202;0;
14344;9611773;1196187648;18571264;1331011584;0;0;0;0;0;0;0;0;0;0;0;4228;0;0;126;0;202;0;
14345;10547628;1196187648;18571264;1331011584;0;0;0;0;0;0;0;0;0;0;0;3677;0;0;126;0;202;0;
14346;10668193;1196204032;18563072;1331003392;0;0;0;0;0;0;0;0;0;0;0;4699;0;0;126;0;202;0;
14347;8600927;1196204032;18563072;1331003392;0;0;0;0;0;0;0;0;0;0;0;3095;0;0;126;0;202;0;
14348;8133661;1196204032;18563072;1331003392;0;0;0;0;0;0;0;0;0;0;0;3717;0;0;126;0;202;0;
14349;12798919;1196204032;18563072;1331003392;0;0;0;0;0;0;0;0;0;0;0;4629;0;0;126;0;202;0;
14350;8683251;1196204032;18563072;1331003392;0;0;0;0;0;0;0;0;0;0;0;4078;0;0;126;0;202;0;
14351;10482666;1196204032;18563072;1331003392;0;0;0;0;0;0;0;0;0;0;0;3797;0;0;126;0;202;0;
14352;8093486;1196204032;18563072;1331003392;0;0;0;0;0;0;0;0;0;0;0;3146;0;0;126;0;202;0;
14353;10007554;1196204032;18563072;1331003392;0;0;0;0;0;0;0;0;0;0;0;4027;0;0;126;0;202;0;
14354;7269812;1196204032;18563072;1331003392;0;0;0;0;0;0;0;0;0;0;0;4138;0;0;126;0;202;0;
14355;8240892;1196204032;18563072;1331003392;0;0;0;0;0;0;0;0;0;0;0;3677;0;0;126;0;202;0;
14356;6170479;1196204032;18563072;1331003392;0;0;0;0;0;0;0;0;0;0;0;3757;0;0;126;0;202;0;
14357;10502843;1196204032;18563072;1331003392;0;0;0;0;0;0;0;0;0;0;0;3657;0;0;126;0;202;0;
14358;8964709;1196204032;18563072;1331003392;0;0;0;0;0;0;0;0;0;0;0;3076;0;0;126;0;202;0;
14359;9554556;1196204032;18563072;1331003392;0;0;0;0;0;0;0;0;0;0;0;3246;0;0;126;0;202;0;
14360;9690100;1196204032;18563072;1331003392;0;0;0;0;0;0;0;0;0;0;0;3136;0;0;126;0;202;0;
14361;12199966;1196204032;18563072;1331003392;0;0;0;0;0;0;0;0;0;0;0;2945;0;0;126;0;202;0;
14362;6240642;1196204032;18563072;1331003392;0;0;0;0;0;0;0;0;0;0;0;4268;0;0;126;0;202;0;
14363;12395252;1196204032;18563072;1331003392;0;0;0;0;0;0;0;0;0;0;0;3787;0;0;126;0;202;0;
14364;10469922;1196204032;18563072;1331003392;0;0;0;0;0;0;0;0;0;0;0;3526;0;0;126;0;202;0;
14365;10278723;1196204032;18563072;1331003392;0;0;0;0;0;0;0;0;0;0;0;3626;0;0;126;0;202;0;
14366;7600281;1196204032;18563072;1331003392;0;0;0;0;0;0;0;0;0;0;0;3085;0;0;126;0;202;0;
14367;9991505;1196204032;18563072;1331003392;0;0;0;0;0;0;0;0;0;0;0;3957;0;0;126;0;202;0;
14368;5742428;1196204032;18563072;1331003392;0;0;0;0;0;0;0;0;0;0;0;2695;0;0;126;0;202;0;
14369;8783279;1196204032;18563072;1331003392;0;0;0;0;0;0;0;0;0;0;0;2665;0;0;126;0;202;0;
14370;11907006;1196204032;18563072;1331003392;0;0;0;0;0;0;0;0;0;0;0;4489;0;0;126;0;202;0;
14371;9261536;1196204032;18563072;1331003392;0;0;0;0;0;0;0;0;0;0;0;4559;0;0;126;0;202;0;
14372;10526738;1196204032;18563072;1331003392;0;0;0;0;0;0;0;0;0;0;0;3867;0;0;126;0;202;0;
14373;7258630;1196204032;18563072;1331003392;0;0;0;0;0;0;0;0;0;0;0;2946;0;0;126;0;202;0;
14374;8778861;1196204032;18563072;1331003392;0;0;0;0;0;0;0;0;0;0;0;3908;0;0;126;0;202;0;
14375;11198257;1196204032;18563072;1331003392;0;0;0;0;0;0;0;0;0;0;0;3307;0;0;126;0;202;0;
14376;9072120;1196204032;18563072;1331003392;0;0;0;0;0;0;0;0;0;0;0;2896;0;0;126;0;202;0;
14377;9578641;1196204032;18563072;1331003392;0;0;0;0;0;0;0;0;0;0;0;3527;0;0;126;0;202;0;
14378;5075847;1196204032;18563072;1331003392;0;0;0;0;0;0;0;0;0;0;0;3817;0;0;126;0;202;0;
14379;9012248;1196204032;18563072;1331003392;0;0;0;0;0;0;0;0;0;0;0;3707;0;0;126;0;202;0;
14380;9452243;1196204032;18563072;1331003392;0;0;0;0;0;0;0;0;0;0;0;3737;0;0;126;0;202;0;
14381;9654072;1196204032;18563072;1331003392;0;0;0;0;0;0;0;0;0;0;0;3065;0;0;126;0;202;0;
14382;10661651;1196204032;18563072;1331003392;0;0;0;0;0;0;0;0;0;0;0;3647;0;0;126;0;202;0;
14383;9007149;1196204032;18563072;1331003392;0;0;0;0;0;0;0;0;0;0;0;3647;0;0;126;0;202;0;
14384;9289849;1196204032;18563072;1331003392;0;0;0;0;0;0;0;0;0;0;0;2705;0;0;126;0;202;0;
14385;8070863;1196204032;18563072;1331003392;0;0;0;0;0;0;0;0;0;0;0;3095;0;0;126;0;202;0;
14386;7834040;1196204032;18563072;1331003392;0;0;0;0;0;0;0;0;0;0;0;3727;0;0;126;0;202;0;
14387;9567580;1196204032;18563072;1331003392;0;0;0;0;0;0;0;0;0;0;0;4008;0;0;126;0;202;0;
14388;10467357;1196204032;18563072;1331003392;0;0;0;0;0;0;0;0;0;0;0;4018;0;0;126;0;202;0;
14389;13266726;1196204032;18563072;1331003392;0;0;0;0;0;0;0;0;0;0;0;3426;0;0;126;0;202;0;
14390;13367455;1196204032;18563072;1331003392;0;0;0;0;0;0;0;0;0;0;0;4318;0;0;126;0;202;0;
14391;9241648;1196204032;18567168;1331007488;0;0;0;0;0;0;0;0;0;0;0;3116;0;0;126;0;202;0;
14392;7244955;1196204032;18571264;1331011584;0;0;0;0;0;0;0;0;0;0;0;3807;0;0;126;0;202;0;
14393;12673974;1196204032;18571264;1331011584;0;0;0;0;0;0;0;0;0;0;0;4278;0;0;126;0;202;0;
14394;9991304;1196204032;18571264;1331011584;0;0;0;0;0;0;0;0;0;0;0;3928;0;0;126;0;202;0;
14395;7988498;1196204032;18571264;1331011584;0;0;0;0;0;0;0;0;0;0;0;3116;0;0;126;0;202;0;
14396;7108749;1196204032;18571264;1331011584;0;0;0;0;0;0;0;0;0;0;0;3827;0;0;126;0;202;0;
14397;10613831;1196204032;18571264;1331011584;0;0;0;0;0;0;0;0;0;0;0;3136;0;0;126;0;202;0;
14398;6484339;1196220416;18563072;1331003392;0;0;0;0;0;0;0;0;0;0;0;4398;0;0;126;0;202;0;
14399;16091873;1196220416;18563072;1331003392;0;0;0;0;0;0;0;0;0;0;0;3787;0;0;126;0;202;0;
14400;6254648;1196220416;18563072;1331003392;0;0;0;0;0;0;0;0;0;0;0;3737;0;0;126;0;202;0;
14401;9601804;1196220416;18563072;1331003392;0;0;0;0;0;0;0;0;0;0;0;2956;0;0;126;0;202;0;
14402;5758427;1196220416;18563072;1331003392;0;0;0;0;0;0;0;0;0;0;0;4449;0;0;126;0;202;0;
14403;11044940;1196220416;18563072;1331003392;0;0;0;0;0;0;0;0;0;0;0;29475;0;0;126;0;202;0;
14404;9137764;1196220416;18567168;1331007488;0;0;0;0;0;0;0;0;0;0;0;3276;0;0;126;0;202;0;
14405;10858700;1196220416;18567168;1331007488;0;0;0;0;0;0;0;0;0;0;0;3476;0;0;126;0;202;0;
14406;12878628;1196220416;18567168;1331007488;0;0;0;0;0;0;0;0;0;0;0;4077;0;0;126;0;202;0;
14407;10707277;1196220416;18567168;1331007488;0;0;0;0;0;0;0;0;0;0;0;3156;0;0;126;0;202;0;
14408;8515758;1196220416;18567168;1331007488;0;0;0;0;0;0;0;0;0;0;0;3256;0;0;126;0;202;0;
14409;10279515;1196220416;18567168;1331007488;0;0;0;0;0;0;0;0;0;0;0;3656;0;0;126;0;202;0;
14410;10984326;1196228608;18563072;1331003392;0;0;0;0;0;0;0;0;0;0;0;3066;0;0;126;0;202;0;
14411;14306746;1196228608;18563072;1331003392;0;0;0;0;0;0;0;0;0;0;0;4388;0;0;126;0;202;0;
14412;9976166;1196224512;18558976;1330999296;0;0;0;0;0;0;0;0;0;0;0;3627;0;0;126;0;202;0;
14413;10755858;1196224512;18558976;1330999296;0;0;0;0;0;0;0;0;0;0;0;3377;0;0;126;0;202;0;
14414;6305363;1196224512;18558976;1330999296;0;0;0;0;0;0;0;0;0;0;0;3997;0;0;126;0;202;0;
14415;12453521;1196224512;18558976;1330999296;0;0;0;0;0;0;0;0;0;0;0;3596;0;0;126;0;202;0;
14416;14279374;1196224512;18558976;1330999296;0;0;0;0;0;0;0;0;0;0;0;4077;0;0;126;0;202;0;
14417;14400332;1196224512;18558976;1330999296;0;0;0;0;0;0;0;0;0;0;0;4268;0;0;126;0;202;0;
14418;5642300;1196224512;18558976;1330999296;0;0;0;0;0;0;0;0;0;0;0;3867;0;0;126;0;202;0;
14419;10778751;1196224512;18558976;1330999296;0;0;0;0;0;0;0;0;0;0;0;3216;0;0;126;0;202;0;
14420;7509020;1196224512;18558976;1330999296;0;0;0;0;0;0;0;0;0;0;0;5210;0;0;126;0;202;0;
14421;8536797;1196224512;18558976;1330999296;0;0;0;0;0;0;0;0;0;0;0;3457;0;0;126;0;202;0;
14422;6120276;1196224512;18558976;1330999296;0;0;0;0;0;0;0;0;0;0;0;3196;0;0;126;0;202;0;
14423;8684364;1196224512;18558976;1330999296;0;0;0;0;0;0;0;0;0;0;0;3126;0;0;126;0;202;0;
14424;8457007;1196224512;18558976;1330999296;0;0;0;0;0;0;0;0;0;0;0;3917;0;0;126;0;202;0;
14425;11876730;1196224512;18558976;1330999296;0;0;0;0;0;0;0;0;0;0;0;4799;0;0;126;0;202;0;
14426;7556459;1196224512;18558976;1330999296;0;0;0;0;0;0;0;0;0;0;0;4148;0;0;126;0;202;0;
14427;12799460;1196224512;18558976;1330999296;0;0;0;0;0;0;0;0;0;0;0;3327;0;0;126;0;202;0;
14428;4697448;1196224512;18558976;1330999296;0;0;0;0;0;0;0;0;0;0;0;4137;0;0;126;0;202;0;
14429;7500984;1196224512;18558976;1330999296;0;0;0;0;0;0;0;0;0;0;0;2906;0;0;126;0;202;0;
14430;5291712;1196224512;18558976;1330999296;0;0;0;0;0;0;0;0;0;0;0;3526;0;0;126;0;202;0;
14431;8796674;1196224512;18558976;1330999296;0;0;0;0;0;0;0;0;0;0;0;3556;0;0;126;0;202;0;
14432;6153488;1196224512;18558976;1330999296;0;0;0;0;0;0;0;0;0;0;0;3176;0;0;126;0;202;0;
14433;11320607;1196224512;18558976;1330999296;0;0;0;0;0;0;0;0;0;0;0;3487;0;0;126;0;202;0;
14434;6654448;1196224512;18558976;1330999296;0;0;0;0;0;0;0;0;0;0;0;3226;0;0;126;0;202;0;
14435;8929383;1196224512;18558976;1330999296;0;0;0;0;0;0;0;0;0;0;0;3416;0;0;126;0;202;0;
14436;8827082;1196224512;18558976;1330999296;0;0;0;0;0;0;0;0;0;0;0;4248;0;0;126;0;202;0;
14437;8316414;1196224512;18558976;1330999296;0;0;0;0;0;0;0;0;0;0;0;2885;0;0;126;0;202;0;
14438;6485200;1196224512;18558976;1330999296;0;0;0;0;0;0;0;0;0;0;0;3396;0;0;126;0;202;0;
14439;11496326;1196224512;18558976;1330999296;0;0;0;0;0;0;0;0;0;0;0;6392;0;0;126;0;202;0;
14440;8660860;1196224512;18558976;1330999296;0;0;0;0;0;0;0;0;0;0;0;4258;0;0;126;0;202;0;
14441;7711961;1196224512;18558976;1330999296;0;0;0;0;0;0;0;0;0;0;0;2876;0;0;126;0;202;0;
14442;9132995;1196224512;18558976;1330999296;0;0;0;0;0;0;0;0;0;0;0;4107;0;0;126;0;202;0;
14443;11830062;1196224512;18558976;1330999296;0;0;0;0;0;0;0;0;0;0;0;3517;0;0;126;0;202;0;
14444;5714114;1196224512;18558976;1330999296;0;0;0;0;0;0;0;0;0;0;0;3687;0;0;126;0;202;0;
14445;9342528;1196224512;18563072;1331003392;0;0;0;0;0;0;0;0;0;0;0;5120;0;0;126;0;202;0;
14446;5898861;1196224512;18567168;1331007488;0;0;0;0;0;0;0;0;0;0;0;3617;0;0;126;0;202;0;
14447;9646137;1196224512;18567168;1331007488;0;0;0;0;0;0;0;0;0;0;0;3857;0;0;126;0;202;0;
14448;10507692;1196224512;18567168;1331007488;0;0;0;0;0;0;0;0;0;0;0;3667;0;0;126;0;202;0;
14449;10231865;1196224512;18567168;1331007488;0;0;0;0;0;0;0;0;0;0;0;3166;0;0;126;0;202;0;
14450;6998602;1196224512;18567168;1331007488;0;0;0;0;0;0;0;0;0;0;0;3316;0;0;126;0;202;0;
14451;5917716;1196224512;18567168;1331007488;0;0;0;0;0;0;0;0;0;0;0;2976;0;0;126;0;202;0;
14452;7212534;1196240896;18558976;1330999296;0;0;0;0;0;0;0;0;0;0;0;4057;0;0;126;0;202;0;
14453;8742693;1196240896;18558976;1330999296;0;0;0;0;0;0;0;0;0;0;0;4068;0;0;126;0;202;0;
14454;11990864;1196240896;18558976;1330999296;0;0;0;0;0;0;0;0;0;0;0;3336;0;0;126;0;202;0;
14455;11399865;1196240896;18558976;1330999296;0;0;0;0;0;0;0;0;0;0;0;3456;0;0;126;0;202;0;
14456;14304722;1196240896;18558976;1330999296;0;0;0;0;0;0;0;0;0;0;0;4107;0;0;126;0;202;0;
14457;13247530;1196240896;18558976;1330999296;0;0;0;0;0;0;0;0;0;0;0;4148;0;0;126;0;202;0;
14458;9556389;1196240896;18558976;1330999296;0;0;0;0;0;0;0;0;0;0;0;3737;0;0;126;0;202;0;
14459;15485646;1196240896;18558976;1330999296;0;0;0;0;0;0;0;0;0;0;0;4388;0;0;126;0;202;0;
14460;10578315;1196240896;18558976;1330999296;0;0;0;0;0;0;0;0;0;0;0;3386;0;0;126;0;202;0;
14461;17099463;1196240896;18558976;1330999296;0;0;0;0;0;0;0;0;0;0;0;3897;0;0;126;0;202;0;
14462;12963036;1196240896;18558976;1330999296;0;0;0;0;0;0;0;0;0;0;0;4058;0;0;126;0;202;0;
14463;9829902;1196240896;18558976;1330999296;0;0;0;0;0;0;0;0;0;0;0;3076;0;0;126;0;202;0;
14464;16407705;1196240896;18558976;1330999296;0;0;0;0;0;0;0;0;0;0;0;3717;0;0;126;0;202;0;
14465;12796394;1196240896;18558976;1330999296;0;0;0;0;0;0;0;0;0;0;0;3757;0;0;126;0;202;0;
14466;8519044;1196240896;18558976;1330999296;0;0;0;0;0;0;0;0;0;0;0;3406;0;0;126;0;202;0;
14467;9043097;1196240896;18558976;1330999296;0;0;0;0;0;0;0;0;0;0;0;3116;0;0;126;0;202;0;
14468;8896982;1196240896;18558976;1330999296;0;0;0;0;0;0;0;0;0;0;0;3317;0;0;126;0;202;0;
14469;13281724;1196240896;18558976;1330999296;0;0;0;0;0;0;0;0;0;0;0;3937;0;0;126;0;202;0;
14470;8036970;1196240896;18558976;1330999296;0;0;0;0;0;0;0;0;0;0;0;3797;0;0;126;0;202;0;
14471;9985834;1196240896;18558976;1330999296;0;0;0;0;0;0;0;0;0;0;0;3216;0;0;126;0;202;0;
14472;8953218;1196240896;18558976;1330999296;0;0;0;0;0;0;0;0;0;0;0;3266;0;0;126;0;202;0;
14473;12634571;1196240896;18558976;1330999296;0;0;0;0;0;0;0;0;0;0;0;4378;0;0;126;0;202;0;
14474;9933976;1196240896;18558976;1330999296;0;0;0;0;0;0;0;0;0;0;0;4057;0;0;126;0;202;0;
14475;13833138;1196240896;18558976;1330999296;0;0;0;0;0;0;0;0;0;0;0;4018;0;0;126;0;202;0;
14476;11213756;1196240896;18558976;1330999296;0;0;0;0;0;0;0;0;0;0;0;3948;0;0;126;0;202;0;
14477;13003061;1196240896;18558976;1330999296;0;0;0;0;0;0;0;0;0;0;0;4058;0;0;126;0;202;0;
14478;9380940;1196240896;18558976;1330999296;0;0;0;0;0;0;0;0;0;0;0;3526;0;0;126;0;202;0;
14479;11461240;1196240896;18558976;1330999296;0;0;0;0;0;0;0;0;0;0;0;4428;0;0;126;0;202;0;
14480;7714696;1196240896;18558976;1330999296;0;0;0;0;0;0;0;0;0;0;0;4398;0;0;126;0;202;0;
14481;10085731;1196240896;18558976;1330999296;0;0;0;0;0;0;0;0;0;0;0;4178;0;0;126;0;202;0;
14482;3779487;1196240896;18558976;1330999296;0;0;0;0;0;0;0;0;0;0;0;3507;0;0;126;0;202;0;
14483;10503024;1196240896;18558976;1330999296;0;0;0;0;0;0;0;0;0;0;0;4549;0;0;126;0;202;0;
14484;7445952;1196240896;18558976;1330999296;0;0;0;0;0;0;0;0;0;0;0;3657;0;0;126;0;202;0;
14485;11237320;1196240896;18558976;1330999296;0;0;0;0;0;0;0;0;0;0;0;3607;0;0;126;0;202;0;
14486;5218354;1196240896;18558976;1330999296;0;0;0;0;0;0;0;0;0;0;0;3236;0;0;126;0;202;0;
14487;11272506;1196240896;18558976;1330999296;0;0;0;0;0;0;0;0;0;0;0;6452;0;0;126;0;202;0;
14488;7068975;1196240896;18558976;1330999296;0;0;0;0;0;0;0;0;0;0;0;3256;0;0;126;0;202;0;
14489;10119705;1196240896;18558976;1330999296;0;0;0;0;0;0;0;0;0;0;0;4329;0;0;126;0;202;0;
14490;5572259;1196240896;18558976;1330999296;0;0;0;0;0;0;0;0;0;0;0;3717;0;0;126;0;202;0;
14491;11842816;1196240896;18558976;1330999296;0;0;0;0;0;0;0;0;0;0;0;3446;0;0;126;0;202;0;
14492;14773692;1196240896;18558976;1330999296;0;0;0;0;0;0;0;0;0;0;0;4458;0;0;126;0;202;0;
14493;11865198;1196240896;18558976;1330999296;0;0;0;0;0;0;0;0;0;0;0;4058;0;0;126;0;202;0;
14494;12628018;1196240896;18558976;1330999296;0;0;0;0;0;0;0;0;0;0;0;3566;0;0;126;0;202;0;
14495;7386841;1196240896;18558976;1330999296;0;0;0;0;0;0;0;0;0;0;0;2635;0;0;126;0;202;0;
14496;11730044;1196240896;18558976;1330999296;0;0;0;0;0;0;0;0;0;0;0;3937;0;0;126;0;202;0;
14497;8012223;1196240896;18558976;1330999296;0;0;0;0;0;0;0;0;0;0;0;2995;0;0;126;0;202;0;
14498;10019847;1196240896;18558976;1330999296;0;0;0;0;0;0;0;0;0;0;0;3507;0;0;126;0;202;0;
14499;9525210;1196240896;18558976;1330999296;0;0;0;0;0;0;0;0;0;0;0;3567;0;0;126;0;202;0;
14500;8288531;1196240896;18558976;1330999296;0;0;0;0;0;0;0;0;0;0;0;4659;0;0;126;0;202;0;
14501;11516413;1196240896;18558976;1330999296;0;0;0;0;0;0;0;0;0;0;0;3917;0;0;126;0;202;0;
14502;9353558;1196240896;18558976;1330999296;0;0;0;0;0;0;0;0;0;0;0;3677;0;0;126;0;202;0;
14503;8932960;1196240896;18558976;1330999296;0;0;0;0;0;0;0;0;0;0;0;3376;0;0;126;0;202;0;
14504;5892398;1196240896;18558976;1330999296;0;0;0;0;0;0;0;0;0;0;0;4208;0;0;126;0;202;0;
14505;10005591;1196240896;18558976;1330999296;0;0;0;0;0;0;0;0;0;0;0;3256;0;0;126;0;202;0;
14506;6386104;1196240896;18558976;1330999296;0;0;0;0;0;0;0;0;0;0;0;3467;0;0;126;0;202;0;
14507;6173656;1196240896;18558976;1330999296;0;0;0;0;0;0;0;0;0;0;0;2695;0;0;126;0;202;0;
14508;8041138;1196240896;18558976;1330999296;0;0;0;0;0;0;0;0;0;0;0;4970;0;0;126;0;202;0;
14509;11438437;1196240896;18558976;1330999296;0;0;0;0;0;0;0;0;0;0;0;4177;0;0;126;0;202;0;
14510;7373135;1196240896;18558976;1330999296;0;0;0;0;0;0;0;0;0;0;0;3376;0;0;126;0;202;0;
14511;9918287;1196240896;18558976;1330999296;0;0;0;0;0;0;0;0;0;0;0;2885;0;0;126;0;202;0;
14512;6516479;1196240896;18558976;1330999296;0;0;0;0;0;0;0;0;0;0;0;4559;0;0;126;0;202;0;
14513;8518453;1196240896;18558976;1330999296;0;0;0;0;0;0;0;0;0;0;0;3376;0;0;126;0;202;0;
14514;8608471;1196240896;18558976;1330999296;0;0;0;0;0;0;0;0;0;0;0;3997;0;0;126;0;202;0;
14515;10375665;1196240896;18558976;1330999296;0;0;0;0;0;0;0;0;0;0;0;3888;0;0;126;0;202;0;
14516;4704541;1196240896;18558976;1330999296;0;0;0;0;0;0;0;0;0;0;0;4198;0;0;126;0;202;0;
14517;9200161;1196240896;18558976;1330999296;0;0;0;0;0;0;0;0;0;0;0;2965;0;0;126;0;202;0;
14518;5556228;1196240896;18558976;1330999296;0;0;0;0;0;0;0;0;0;0;0;3056;0;0;126;0;202;0;
14519;10434165;1196240896;18558976;1330999296;0;0;0;0;0;0;0;0;0;0;0;4468;0;0;126;0;202;0;
14520;5894913;1196240896;18558976;1330999296;0;0;0;0;0;0;0;0;0;0;0;4088;0;0;126;0;202;0;
14521;10653175;1196240896;18558976;1330999296;0;0;0;0;0;0;0;0;0;0;0;2866;0;0;126;0;202;0;
14522;7283858;1196240896;18558976;1330999296;0;0;0;0;0;0;0;0;0;0;0;4238;0;0;126;0;202;0;
14523;13988540;1196240896;18558976;1330999296;0;0;0;0;0;0;0;0;0;0;0;3988;0;0;126;0;202;0;
14524;7228845;1196240896;18558976;1330999296;0;0;0;0;0;0;0;0;0;0;0;4308;0;0;126;0;202;0;
14525;10581991;1196240896;18558976;1330999296;0;0;0;0;0;0;0;0;0;0;0;3697;0;0;126;0;202;0;
14526;10950964;1196240896;18558976;1330999296;0;0;0;0;0;0;0;0;0;0;0;4068;0;0;126;0;202;0;
14527;9101476;1196240896;18558976;1330999296;0;0;0;0;0;0;0;0;0;0;0;3636;0;0;126;0;202;0;
14528;5277565;1196240896;18558976;1330999296;0;0;0;0;0;0;0;0;0;0;0;4669;0;0;126;0;202;0;
14529;8958468;1196240896;18558976;1330999296;0;0;0;0;0;0;0;0;0;0;0;3397;0;0;126;0;202;0;
14530;5525060;1196240896;18558976;1330999296;0;0;0;0;0;0;0;0;0;0;0;226194;0;0;126;0;202;0;
14531;8349115;1196240896;18558976;1330999296;0;0;0;0;0;0;0;0;0;0;0;2215;0;0;126;0;202;0;
14532;5155436;1196240896;18563072;1331003392;0;0;0;0;0;0;0;0;0;0;0;2905;0;0;126;0;202;0;
14533;9955647;1196240896;18563072;1331003392;0;0;0;0;0;0;0;0;0;0;0;3227;0;0;126;0;202;0;
14534;5699406;1196240896;18563072;1331003392;0;0;0;0;0;0;0;0;0;0;0;3587;0;0;126;0;202;0;
14535;8810089;1196240896;18563072;1331003392;0;0;0;0;0;0;0;0;0;0;0;4399;0;0;126;0;202;0;
14536;7982748;1196240896;18563072;1331003392;0;0;0;0;0;0;0;0;0;0;0;3507;0;0;126;0;202;0;
14537;7445180;1196240896;18563072;1331003392;0;0;0;0;0;0;0;0;0;0;0;3517;0;0;126;0;202;0;
14538;7402611;1196240896;18563072;1331003392;0;0;0;0;0;0;0;0;0;0;0;4178;0;0;126;0;202;0;
14539;8396494;1196240896;18563072;1331003392;0;0;0;0;0;0;0;0;0;0;0;3086;0;0;126;0;202;0;
14540;5973851;1196240896;18563072;1331003392;0;0;0;0;0;0;0;0;0;0;0;3016;0;0;126;0;202;0;
14541;10808126;1196240896;18563072;1331003392;0;0;0;0;0;0;0;0;0;0;0;4268;0;0;126;0;202;0;
14542;8783640;1196240896;18563072;1331003392;0;0;0;0;0;0;0;0;0;0;0;3226;0;0;126;0;202;0;
14543;7177288;1196240896;18563072;1331003392;0;0;0;0;0;0;0;0;0;0;0;4369;0;0;126;0;202;0;
14544;9883582;1196240896;18563072;1331003392;0;0;0;0;0;0;0;0;0;0;0;2835;0;0;126;0;202;0;
14545;8694854;1196240896;18563072;1331003392;0;0;0;0;0;0;0;0;0;0;0;4057;0;0;126;0;202;0;
14546;6415790;1196240896;18563072;1331003392;0;0;0;0;0;0;0;0;0;0;0;2916;0;0;126;0;202;0;
14547;8511479;1196240896;18563072;1331003392;0;0;0;0;0;0;0;0;0;0;0;4228;0;0;126;0;202;0;
14548;9226340;1196240896;18563072;1331003392;0;0;0;0;0;0;0;0;0;0;0;2765;0;0;126;0;202;0;
14549;8507221;1196240896;18563072;1331003392;0;0;0;0;0;0;0;0;0;0;0;3477;0;0;126;0;202;0;
14550;6897433;1196240896;18563072;1331003392;0;0;0;0;0;0;0;0;0;0;0;3897;0;0;126;0;202;0;
14551;7272136;1196240896;18563072;1331003392;0;0;0;0;0;0;0;0;0;0;0;4048;0;0;126;0;202;0;
14552;11119399;1196240896;18563072;1331003392;0;0;0;0;0;0;0;0;0;0;0;3377;0;0;126;0;202;0;
14553;7598307;1196240896;18567168;1331007488;0;0;0;0;0;0;0;0;0;0;0;4638;0;0;126;0;202;0;
14554;10904276;1196240896;18571264;1331011584;0;0;0;0;0;0;0;0;0;0;0;3897;0;0;126;0;202;0;
14555;10292509;1196240896;18571264;1331011584;0;0;0;0;0;0;0;0;0;0;0;3586;0;0;126;0;202;0;
14556;11533676;1196240896;18571264;1331011584;0;0;0;0;0;0;0;0;0;0;0;3687;0;0;126;0;202;0;
14557;12628459;1196240896;18571264;1331011584;0;0;0;0;0;0;0;0;0;0;0;3897;0;0;126;0;202;0;
14558;12208752;1196240896;18571264;1331011584;0;0;0;0;0;0;0;0;0;0;0;4749;0;0;126;0;202;0;
14559;15106065;1196240896;18571264;1331011584;0;0;0;0;0;0;0;0;0;0;0;3416;0;0;126;0;202;0;
14560;6307978;1196277760;18563072;1331003392;0;0;0;0;0;0;0;0;0;0;0;5350;0;0;126;0;202;0;
14561;13996765;1196277760;18563072;1331003392;0;0;0;0;0;0;0;0;0;0;0;3376;0;0;126;0;202;0;
14562;11731768;1196277760;18563072;1331003392;0;0;0;0;0;0;0;0;0;0;0;3838;0;0;126;0;202;0;
14563;15827127;1196277760;18563072;1331003392;0;0;0;0;0;0;0;0;0;0;0;3467;0;0;126;0;202;0;
14564;6613991;1196277760;18563072;1331003392;0;0;0;0;0;0;0;0;0;0;0;3687;0;0;126;0;202;0;
14565;9248512;1196277760;18563072;1331003392;0;0;0;0;0;0;0;0;0;0;0;3446;0;0;126;0;202;0;
14566;9055259;1196277760;18563072;1331003392;0;0;0;0;0;0;0;0;0;0;0;7373;0;0;126;0;202;0;
14567;9008141;1196277760;18563072;1331003392;0;0;0;0;0;0;0;0;0;0;0;4568;0;0;126;0;202;0;
14568;10601558;1196277760;18563072;1331003392;0;0;0;0;0;0;0;0;0;0;0;4428;0;0;126;0;202;0;
14569;11687264;1196277760;18563072;1331003392;0;0;0;0;0;0;0;0;0;0;0;4268;0;0;126;0;202;0;
14570;9384917;1196277760;18563072;1331003392;0;0;0;0;0;0;0;0;0;0;0;3437;0;0;126;0;202;0;
14571;9745944;1196277760;18563072;1331003392;0;0;0;0;0;0;0;0;0;0;0;3908;0;0;126;0;202;0;
14572;8436048;1196277760;18563072;1331003392;0;0;0;0;0;0;0;0;0;0;0;3707;0;0;126;0;202;0;
14573;10767459;1196277760;18563072;1331003392;0;0;0;0;0;0;0;0;0;0;0;4378;0;0;126;0;202;0;
14574;9194691;1196277760;18563072;1331003392;0;0;0;0;0;0;0;0;0;0;0;3006;0;0;126;0;202;0;
14575;10479700;1196277760;18563072;1331003392;0;0;0;0;0;0;0;0;0;0;0;3927;0;0;126;0;202;0;
14576;8936898;1196277760;18563072;1331003392;0;0;0;0;0;0;0;0;0;0;0;2956;0;0;126;0;202;0;
14577;9844399;1196277760;18563072;1331003392;0;0;0;0;0;0;0;0;0;0;0;3677;0;0;126;0;202;0;
14578;8496080;1196277760;18563072;1331003392;0;0;0;0;0;0;0;0;0;0;0;4568;0;0;126;0;202;0;
14579;10374503;1196277760;18563072;1331003392;0;0;0;0;0;0;0;0;0;0;0;3377;0;0;126;0;202;0;
14580;6457859;1196277760;18563072;1331003392;0;0;0;0;0;0;0;0;0;0;0;4298;0;0;126;0;202;0;
14581;10551664;1196277760;18563072;1331003392;0;0;0;0;0;0;0;0;0;0;0;4117;0;0;126;0;202;0;
14582;6425598;1196277760;18563072;1331003392;0;0;0;0;0;0;0;0;0;0;0;3868;0;0;126;0;202;0;
14583;12125936;1196277760;18563072;1331003392;0;0;0;0;0;0;0;0;0;0;0;3346;0;0;126;0;202;0;
14584;7168441;1196277760;18563072;1331003392;0;0;0;0;0;0;0;0;0;0;0;2995;0;0;126;0;202;0;
14585;11870117;1196277760;18563072;1331003392;0;0;0;0;0;0;0;0;0;0;0;3577;0;0;126;0;202;0;
14586;8430086;1196277760;18563072;1331003392;0;0;0;0;0;0;0;0;0;0;0;3797;0;0;126;0;202;0;
14587;11300098;1196277760;18563072;1331003392;0;0;0;0;0;0;0;0;0;0;0;3456;0;0;126;0;202;0;
14588;11469496;1196277760;18563072;1331003392;0;0;0;0;0;0;0;0;0;0;0;3487;0;0;126;0;202;0;
14589;10296095;1196277760;18563072;1331003392;0;0;0;0;0;0;0;0;0;0;0;3897;0;0;126;0;202;0;
14590;10764574;1196277760;18563072;1331003392;0;0;0;0;0;0;0;0;0;0;0;4769;0;0;126;0;202;0;
14591;12872506;1196277760;18563072;1331003392;0;0;0;0;0;0;0;0;0;0;0;3166;0;0;126;0;202;0;
14592;7792030;1196277760;18563072;1331003392;0;0;0;0;0;0;0;0;0;0;0;3597;0;0;126;0;202;0;
14593;12193794;1196277760;18563072;1331003392;0;0;0;0;0;0;0;0;0;0;0;3466;0;0;126;0;202;0;
14594;15533606;1196277760;18563072;1331003392;0;0;0;0;0;0;0;0;0;0;0;4218;0;0;126;0;202;0;
14595;12154500;1196277760;18563072;1331003392;0;0;0;0;0;0;0;0;0;0;0;4178;0;0;126;0;202;0;
14596;9963762;1196277760;18563072;1331003392;0;0;0;0;0;0;0;0;0;0;0;4298;0;0;126;0;202;0;
14597;11692303;1196277760;18563072;1331003392;0;0;0;0;0;0;0;0;0;0;0;2946;0;0;126;0;202;0;
14598;15635848;1196277760;18563072;1331003392;0;0;0;0;0;0;0;0;0;0;0;4017;0;0;126;0;202;0;
14599;9418500;1196277760;18563072;1331003392;0;0;0;0;0;0;0;0;0;0;0;4799;0;0;126;0;202;0;
14600;6802275;1196277760;18563072;1331003392;0;0;0;0;0;0;0;0;0;0;0;4599;0;0;126;0;202;0;
14601;11312611;1196277760;18567168;1331007488;0;0;0;0;0;0;0;0;0;0;0;3517;0;0;126;0;202;0;
14602;10342593;1196277760;18571264;1331011584;0;0;0;0;0;0;0;0;0;0;0;4098;0;0;126;0;202;0;
14603;12616486;1196277760;18571264;1331011584;0;0;0;0;0;0;0;0;0;0;0;4388;0;0;126;0;202;0;
14604;10816652;1196277760;18571264;1331011584;0;0;0;0;0;0;0;0;0;0;0;3477;0;0;126;0;202;0;
14605;11441053;1196277760;18571264;1331011584;0;0;0;0;0;0;0;0;0;0;0;3847;0;0;126;0;202;0;
14606;8937378;1196277760;18571264;1331011584;0;0;0;0;0;0;0;0;0;0;0;3216;0;0;126;0;202;0;
14607;9551950;1196277760;18571264;1331011584;0;0;0;0;0;0;0;0;0;0;0;3016;0;0;126;0;202;0;
14608;10321223;1196294144;18563072;1331003392;0;0;0;0;0;0;0;0;0;0;0;5170;0;0;126;0;202;0;
14609;12069060;1196294144;18563072;1331003392;0;0;0;0;0;0;0;0;0;0;0;3536;0;0;126;0;202;0;
14610;3616050;1196294144;18563072;1331003392;0;0;0;0;0;0;0;0;0;0;0;4048;0;0;126;0;202;0;
14611;7242550;1196294144;18563072;1331003392;0;0;0;0;0;0;0;0;0;0;0;3817;0;0;126;0;202;0;
14612;10303931;1196294144;18563072;1331003392;0;0;0;0;0;0;0;0;0;0;0;4037;0;0;126;0;202;0;
14613;9729103;1196294144;18563072;1331003392;0;0;0;0;0;0;0;0;0;0;0;4289;0;0;126;0;202;0;
14614;7718553;1196294144;18563072;1331003392;0;0;0;0;0;0;0;0;0;0;0;3106;0;0;126;0;202;0;
14615;5638202;1196294144;18563072;1331003392;0;0;0;0;0;0;0;0;0;0;0;2184;0;0;126;0;202;0;
14616;8623800;1196294144;18563072;1331003392;0;0;0;0;0;0;0;0;0;0;0;2976;0;0;126;0;202;0;
14617;12377719;1196294144;18563072;1331003392;0;0;0;0;0;0;0;0;0;0;0;3797;0;0;126;0;202;0;
14618;7665252;1196294144;18563072;1331003392;0;0;0;0;0;0;0;0;0;0;0;4088;0;0;126;0;202;0;
14619;7051502;1196294144;18563072;1331003392;0;0;0;0;0;0;0;0;0;0;0;2084;0;0;126;0;202;0;
14620;8260529;1196294144;18563072;1331003392;0;0;0;0;0;0;0;0;0;0;0;3196;0;0;126;0;202;0;
14621;10682189;1196294144;18563072;1331003392;0;0;0;0;0;0;0;0;0;0;0;3366;0;0;126;0;202;0;
14622;7285070;1196294144;18563072;1331003392;0;0;0;0;0;0;0;0;0;0;0;3566;0;0;126;0;202;0;
14623;11232271;1196294144;18563072;1331003392;0;0;0;0;0;0;0;0;0;0;0;3917;0;0;126;0;202;0;
14624;7913468;1196294144;18563072;1331003392;0;0;0;0;0;0;0;0;0;0;0;4048;0;0;126;0;202;0;
14625;11594780;1196294144;18563072;1331003392;0;0;0;0;0;0;0;0;0;0;0;3858;0;0;126;0;202;0;
14626;13025534;1196294144;18563072;1331003392;0;0;0;0;0;0;0;0;0;0;0;4589;0;0;126;0;202;0;
14627;11852794;1196294144;18563072;1331003392;0;0;0;0;0;0;0;0;0;0;0;3777;0;0;126;0;202;0;
14628;8629811;1196294144;18563072;1331003392;0;0;0;0;0;0;0;0;0;0;0;4038;0;0;126;0;202;0;
14629;12639499;1196294144;18563072;1331003392;0;0;0;0;0;0;0;0;0;0;0;3437;0;0;126;0;202;0;
14630;7212463;1196294144;18563072;1331003392;0;0;0;0;0;0;0;0;0;0;0;3647;0;0;126;0;202;0;
14631;13719535;1196294144;18563072;1331003392;0;0;0;0;0;0;0;0;0;0;0;3637;0;0;126;0;202;0;
14632;6595337;1196294144;18563072;1331003392;0;0;0;0;0;0;0;0;0;0;0;3627;0;0;126;0;202;0;
14633;12061776;1196294144;18563072;1331003392;0;0;0;0;0;0;0;0;0;0;0;4609;0;0;126;0;202;0;
14634;4835166;1196294144;18563072;1331003392;0;0;0;0;0;0;0;0;0;0;0;3547;0;0;126;0;202;0;
14635;7872512;1196294144;18563072;1331003392;0;0;0;0;0;0;0;0;0;0;0;2334;0;0;126;0;202;0;
14636;8302117;1196294144;18563072;1331003392;0;0;0;0;0;0;0;0;0;0;0;3317;0;0;126;0;202;0;
14637;10776407;1196294144;18563072;1331003392;0;0;0;0;0;0;0;0;0;0;0;2966;0;0;126;0;202;0;
14638;5613776;1196294144;18563072;1331003392;0;0;0;0;0;0;0;0;0;0;0;3577;0;0;126;0;202;0;
14639;8703480;1196294144;18563072;1331003392;0;0;0;0;0;0;0;0;0;0;0;4458;0;0;126;0;202;0;
14640;8453691;1196294144;18563072;1331003392;0;0;0;0;0;0;0;0;0;0;0;110798;0;0;126;0;202;0;
14641;8912802;1196294144;18563072;1331003392;0;0;0;0;0;0;0;0;0;0;0;3667;0;0;126;0;202;0;
14642;9242220;1196294144;18567168;1331007488;0;0;0;0;0;0;0;0;0;0;0;4128;0;0;126;0;202;0;
14643;9382372;1196294144;18567168;1331007488;0;0;0;0;0;0;0;0;0;0;0;3065;0;0;126;0;202;0;
14644;5766132;1196294144;18567168;1331007488;0;0;0;0;0;0;0;0;0;0;0;3477;0;0;126;0;202;0;
14645;7969423;1196294144;18567168;1331007488;0;0;0;0;0;0;0;0;0;0;0;2435;0;0;126;0;202;0;
14646;6109365;1196294144;18567168;1331007488;0;0;0;0;0;0;0;0;0;0;0;3336;0;0;126;0;202;0;
14647;10305092;1196294144;18567168;1331007488;0;0;0;0;0;0;0;0;0;0;0;4038;0;0;126;0;202;0;
14648;7262388;1196310528;18563072;1331003392;0;0;0;0;0;0;0;0;0;0;0;3897;0;0;126;0;202;0;
14649;9756313;1196310528;18563072;1331003392;0;0;0;0;0;0;0;0;0;0;0;4338;0;0;126;0;202;0;
14650;3879665;1196310528;18563072;1331003392;0;0;0;0;0;0;0;0;0;0;0;3346;0;0;126;0;202;0;
14651;7603667;1196310528;18563072;1331003392;0;0;0;0;0;0;0;0;0;0;0;1944;0;0;126;0;202;0;
14652;8287470;1196310528;18563072;1331003392;0;0;0;0;0;0;0;0;0;0;0;4248;0;0;126;0;202;0;
14653;10908945;1196310528;18563072;1331003392;0;0;0;0;0;0;0;0;0;0;0;3076;0;0;126;0;202;0;
14654;5312461;1196310528;18563072;1331003392;0;0;0;0;0;0;0;0;0;0;0;3376;0;0;126;0;202;0;
14655;6505889;1196310528;18563072;1331003392;0;0;0;0;0;0;0;0;0;0;0;3346;0;0;126;0;202;0;
14656;8556805;1196310528;18563072;1331003392;0;0;0;0;0;0;0;0;0;0;0;3346;0;0;126;0;202;0;
14657;11034560;1196310528;18567168;1331007488;0;0;0;0;0;0;0;0;0;0;0;3327;0;0;126;0;202;0;
14658;7340364;1196310528;18571264;1331011584;0;0;0;0;0;0;0;0;0;0;0;3166;0;0;126;0;202;0;
14659;8560110;1196310528;18571264;1331011584;0;0;0;0;0;0;0;0;0;0;0;4589;0;0;126;0;202;0;
14660;10222157;1196310528;18571264;1331011584;0;0;0;0;0;0;0;0;0;0;0;3958;0;0;126;0;202;0;
14661;10912291;1196310528;18571264;1331011584;0;0;0;0;0;0;0;0;0;0;0;4268;0;0;126;0;202;0;
14662;5706079;1196310528;18571264;1331011584;0;0;0;0;0;0;0;0;0;0;0;4528;0;0;126;0;202;0;
14663;7607835;1196310528;18571264;1331011584;0;0;0;0;0;0;0;0;0;0;0;3467;0;0;126;0;202;0;
14664;9884965;1196318720;18563072;1331003392;0;0;0;0;0;0;0;0;0;0;0;4819;0;0;126;0;202;0;
14665;10633388;1196318720;18563072;1331003392;0;0;0;0;0;0;0;0;0;0;0;3947;0;0;126;0;202;0;
14666;7918388;1196318720;18563072;1331003392;0;0;0;0;0;0;0;0;0;0;0;4318;0;0;126;0;202;0;
14667;11476068;1196318720;18563072;1331003392;0;0;0;0;0;0;0;0;0;0;0;3417;0;0;126;0;202;0;
14668;5742858;1196318720;18563072;1331003392;0;0;0;0;0;0;0;0;0;0;0;3687;0;0;126;0;202;0;
14669;9159254;1196318720;18563072;1331003392;0;0;0;0;0;0;0;0;0;0;0;2685;0;0;126;0;202;0;
14670;5501927;1196318720;18563072;1331003392;0;0;0;0;0;0;0;0;0;0;0;4469;0;0;126;0;202;0;
14671;8316503;1196318720;18563072;1331003392;0;0;0;0;0;0;0;0;0;0;0;3887;0;0;126;0;202;0;
14672;7252719;1196318720;18563072;1331003392;0;0;0;0;0;0;0;0;0;0;0;4127;0;0;126;0;202;0;
14673;11182628;1196318720;18563072;1331003392;0;0;0;0;0;0;0;0;0;0;0;3697;0;0;126;0;202;0;
14674;4627156;1196318720;18563072;1331003392;0;0;0;0;0;0;0;0;0;0;0;3296;0;0;126;0;202;0;
14675;10154140;1196318720;18563072;1331003392;0;0;0;0;0;0;0;0;0;0;0;3647;0;0;126;0;202;0;
14676;6568876;1196318720;18563072;1331003392;0;0;0;0;0;0;0;0;0;0;0;4459;0;0;126;0;202;0;
14677;9051653;1196318720;18563072;1331003392;0;0;0;0;0;0;0;0;0;0;0;4027;0;0;126;0;202;0;
14678;6803727;1196318720;18563072;1331003392;0;0;0;0;0;0;0;0;0;0;0;3316;0;0;126;0;202;0;
14679;10212338;1196318720;18563072;1331003392;0;0;0;0;0;0;0;0;0;0;0;3427;0;0;126;0;202;0;
14680;4606949;1196318720;18563072;1331003392;0;0;0;0;0;0;0;0;0;0;0;4428;0;0;126;0;202;0;
14681;9099152;1196318720;18563072;1331003392;0;0;0;0;0;0;0;0;0;0;0;4478;0;0;126;0;202;0;
14682;7109500;1196318720;18563072;1331003392;0;0;0;0;0;0;0;0;0;0;0;3817;0;0;126;0;202;0;
14683;11116665;1196318720;18563072;1331003392;0;0;0;0;0;0;0;0;0;0;0;4188;0;0;126;0;202;0;
14684;7536551;1196318720;18563072;1331003392;0;0;0;0;0;0;0;0;0;0;0;3557;0;0;126;0;202;0;
14685;11783675;1196318720;18563072;1331003392;0;0;0;0;0;0;0;0;0;0;0;4438;0;0;126;0;202;0;
14686;6520917;1196318720;18563072;1331003392;0;0;0;0;0;0;0;0;0;0;0;3497;0;0;126;0;202;0;
14687;11725917;1196318720;18563072;1331003392;0;0;0;0;0;0;0;0;0;0;0;4398;0;0;126;0;202;0;
14688;10547477;1196318720;18563072;1331003392;0;0;0;0;0;0;0;0;0;0;0;3567;0;0;126;0;202;0;
14689;11049488;1196318720;18563072;1331003392;0;0;0;0;0;0;0;0;0;0;0;3437;0;0;126;0;202;0;
14690;8605606;1196318720;18563072;1331003392;0;0;0;0;0;0;0;0;0;0;0;4358;0;0;126;0;202;0;
14691;8431400;1196318720;18563072;1331003392;0;0;0;0;0;0;0;0;0;0;0;3667;0;0;126;0;202;0;
14692;10255049;1196318720;18563072;1331003392;0;0;0;0;0;0;0;0;0;0;0;4157;0;0;126;0;202;0;
14693;11711740;1196318720;18563072;1331003392;0;0;0;0;0;0;0;0;0;0;0;4779;0;0;126;0;202;0;
14694;5832657;1196318720;18563072;1331003392;0;0;0;0;0;0;0;0;0;0;0;4358;0;0;126;0;202;0;
14695;12280466;1196318720;18563072;1331003392;0;0;0;0;0;0;0;0;0;0;0;3566;0;0;126;0;202;0;
14696;11120221;1196318720;18563072;1331003392;0;0;0;0;0;0;0;0;0;0;0;12383;0;0;126;0;202;0;
14697;12035146;1196318720;18563072;1331003392;0;0;0;0;0;0;0;0;0;0;0;3837;0;0;126;0;202;0;
14698;8490019;1196318720;18567168;1331007488;0;0;0;0;0;0;0;0;0;0;0;3757;0;0;126;0;202;0;
14699;12535003;1196318720;18567168;1331007488;0;0;0;0;0;0;0;0;0;0;0;4258;0;0;126;0;202;0;
14700;9840983;1196318720;18567168;1331007488;0;0;0;0;0;0;0;0;0;0;0;4127;0;0;126;0;202;0;
14701;8592562;1196318720;18567168;1331007488;0;0;0;0;0;0;0;0;0;0;0;3046;0;0;126;0;202;0;
14702;12263935;1196318720;18567168;1331007488;0;0;0;0;0;0;0;0;0;0;0;4518;0;0;126;0;202;0;
14703;9998247;1196318720;18567168;1331007488;0;0;0;0;0;0;0;0;0;0;0;3607;0;0;126;0;202;0;
14704;10080892;1196335104;18563072;1331003392;0;0;0;0;0;0;0;0;0;0;0;3015;0;0;126;0;202;0;
14705;9275041;1196335104;18563072;1331003392;0;0;0;0;0;0;0;0;0;0;0;3537;0;0;126;0;202;0;
14706;7347707;1196335104;18563072;1331003392;0;0;0;0;0;0;0;0;0;0;0;3236;0;0;126;0;202;0;
14707;9612534;1196335104;18563072;1331003392;0;0;0;0;0;0;0;0;0;0;0;2415;0;0;126;0;202;0;
14708;10268313;1196335104;18563072;1331003392;0;0;0;0;0;0;0;0;0;0;0;3447;0;0;126;0;202;0;
14709;10538320;1196335104;18563072;1331003392;0;0;0;0;0;0;0;0;0;0;0;3727;0;0;126;0;202;0;
14710;7142913;1196335104;18563072;1331003392;0;0;0;0;0;0;0;0;0;0;0;4388;0;0;126;0;202;0;
14711;8583114;1196335104;18563072;1331003392;0;0;0;0;0;0;0;0;0;0;0;3707;0;0;126;0;202;0;
14712;6653886;1196335104;18563072;1331003392;0;0;0;0;0;0;0;0;0;0;0;3867;0;0;126;0;202;0;
14713;10057959;1196335104;18563072;1331003392;0;0;0;0;0;0;0;0;0;0;0;3567;0;0;126;0;202;0;
14714;6478187;1196335104;18563072;1331003392;0;0;0;0;0;0;0;0;0;0;0;3346;0;0;126;0;202;0;
14715;9833519;1196335104;18563072;1331003392;0;0;0;0;0;0;0;0;0;0;0;3326;0;0;126;0;202;0;
14716;6973175;1196335104;18563072;1331003392;0;0;0;0;0;0;0;0;0;0;0;4378;0;0;126;0;202;0;
14717;10416592;1196335104;18563072;1331003392;0;0;0;0;0;0;0;0;0;0;0;2384;0;0;126;0;202;0;
14718;9685942;1196335104;18563072;1331003392;0;0;0;0;0;0;0;0;0;0;0;4548;0;0;126;0;202;0;
14719;11104792;1196335104;18563072;1331003392;0;0;0;0;0;0;0;0;0;0;0;3456;0;0;126;0;202;0;
14720;7188979;1196335104;18563072;1331003392;0;0;0;0;0;0;0;0;0;0;0;429315;0;0;126;0;202;0;
14721;6828514;1196335104;18563072;1331003392;0;0;0;0;0;0;0;0;0;0;0;3106;0;0;126;0;202;0;
14722;7842916;1196335104;18567168;1331007488;0;0;0;0;0;0;0;0;0;0;0;3587;0;0;126;0;202;0;
14723;8216627;1196335104;18567168;1331007488;0;0;0;0;0;0;0;0;0;0;0;2615;0;0;126;0;202;0;
14724;8679294;1196335104;18567168;1331007488;0;0;0;0;0;0;0;0;0;0;0;3948;0;0;126;0;202;0;
14725;9090785;1196335104;18567168;1331007488;0;0;0;0;0;0;0;0;0;0;0;3867;0;0;126;0;202;0;
14726;5025653;1196335104;18567168;1331007488;0;0;0;0;0;0;0;0;0;0;0;2986;0;0;126;0;202;0;
14727;8806162;1196335104;18567168;1331007488;0;0;0;0;0;0;0;0;0;0;0;2054;0;0;126;0;202;0;
14728;7312651;1196343296;18563072;1331003392;0;0;0;0;0;0;0;0;0;0;0;3387;0;0;126;0;202;0;
14729;9267778;1196343296;18563072;1331003392;0;0;0;0;0;0;0;0;0;0;0;3637;0;0;126;0;202;0;
14730;4014367;1196343296;18563072;1331003392;0;0;0;0;0;0;0;0;0;0;0;4348;0;0;126;0;202;0;
14731;11343340;1196343296;18563072;1331003392;0;0;0;0;0;0;0;0;0;0;0;3957;0;0;126;0;202;0;
14732;5533445;1196343296;18563072;1331003392;0;0;0;0;0;0;0;0;0;0;0;3677;0;0;126;0;202;0;
14733;8070062;1196343296;18563072;1331003392;0;0;0;0;0;0;0;0;0;0;0;2845;0;0;126;0;202;0;
14734;7355922;1196343296;18563072;1331003392;0;0;0;0;0;0;0;0;0;0;0;4088;0;0;126;0;202;0;
14735;8865493;1196343296;18563072;1331003392;0;0;0;0;0;0;0;0;0;0;0;3426;0;0;126;0;202;0;
14736;5923718;1196343296;18563072;1331003392;0;0;0;0;0;0;0;0;0;0;0;3587;0;0;126;0;202;0;
14737;10157535;1196343296;18563072;1331003392;0;0;0;0;0;0;0;0;0;0;0;3587;0;0;126;0;202;0;
14738;7052654;1196343296;18563072;1331003392;0;0;0;0;0;0;0;0;0;0;0;3697;0;0;126;0;202;0;
14739;10620674;1196343296;18563072;1331003392;0;0;0;0;0;0;0;0;0;0;0;3597;0;0;126;0;202;0;
14740;5237090;1196343296;18563072;1331003392;0;0;0;0;0;0;0;0;0;0;0;4399;0;0;126;0;202;0;
14741;8319740;1196343296;18563072;1331003392;0;0;0;0;0;0;0;0;0;0;0;3055;0;0;126;0;202;0;
14742;7437405;1196343296;18563072;1331003392;0;0;0;0;0;0;0;0;0;0;0;2976;0;0;126;0;202;0;
14743;10921047;1196343296;18563072;1331003392;0;0;0;0;0;0;0;0;0;0;0;3336;0;0;126;0;202;0;
14744;6677791;1196343296;18563072;1331003392;0;0;0;0;0;0;0;0;0;0;0;3246;0;0;126;0;202;0;
14745;8555402;1196343296;18563072;1331003392;0;0;0;0;0;0;0;0;0;0;0;3677;0;0;126;0;202;0;
14746;8485821;1196343296;18563072;1331003392;0;0;0;0;0;0;0;0;0;0;0;4368;0;0;126;0;202;0;
14747;7892529;1196343296;18563072;1331003392;0;0;0;0;0;0;0;0;0;0;0;2955;0;0;126;0;202;0;
14748;3845020;1196343296;18563072;1331003392;0;0;0;0;0;0;0;0;0;0;0;3556;0;0;126;0;202;0;
14749;6160511;1196343296;18563072;1331003392;0;0;0;0;0;0;0;0;0;0;0;2024;0;0;126;0;202;0;
14750;9835662;1196343296;18563072;1331003392;0;0;0;0;0;0;0;0;0;0;0;4679;0;0;126;0;202;0;
14751;11261286;1196343296;18563072;1331003392;0;0;0;0;0;0;0;0;0;0;0;3106;0;0;126;0;202;0;
14752;5930409;1196343296;18563072;1331003392;0;0;0;0;0;0;0;0;0;0;0;3687;0;0;126;0;202;0;
14753;7101957;1196343296;18563072;1331003392;0;0;0;0;0;0;0;0;0;0;0;4258;0;0;126;0;202;0;
14754;7354721;1196343296;18563072;1331003392;0;0;0;0;0;0;0;0;0;0;0;4288;0;0;126;0;202;0;
14755;9769809;1196343296;18563072;1331003392;0;0;0;0;0;0;0;0;0;0;0;3507;0;0;126;0;202;0;
14756;8979858;1196343296;18563072;1331003392;0;0;0;0;0;0;0;0;0;0;0;5440;0;0;126;0;202;0;
14757;8370055;1196343296;18563072;1331003392;0;0;0;0;0;0;0;0;0;0;0;4569;0;0;126;0;202;0;
14758;7668098;1196343296;18563072;1331003392;0;0;0;0;0;0;0;0;0;0;0;3297;0;0;126;0;202;0;
14759;10156955;1196343296;18563072;1331003392;0;0;0;0;0;0;0;0;0;0;0;3667;0;0;126;0;202;0;
14760;8649929;1196343296;18563072;1331003392;0;0;0;0;0;0;0;0;0;0;0;4238;0;0;126;0;202;0;
14761;12985468;1196343296;18563072;1331003392;0;0;0;0;0;0;0;0;0;0;0;4138;0;0;126;0;202;0;
14762;7550598;1196343296;18563072;1331003392;0;0;0;0;0;0;0;0;0;0;0;3667;0;0;126;0;202;0;
14763;9701471;1196343296;18563072;1331003392;0;0;0;0;0;0;0;0;0;0;0;4147;0;0;126;0;202;0;
14764;8726232;1196343296;18563072;1331003392;0;0;0;0;0;0;0;0;0;0;0;3677;0;0;126;0;202;0;
14765;11587467;1196343296;18563072;1331003392;0;0;0;0;0;0;0;0;0;0;0;4308;0;0;126;0;202;0;
14766;6542808;1196343296;18563072;1331003392;0;0;0;0;0;0;0;0;0;0;0;4799;0;0;126;0;202;0;
14767;9112436;1196343296;18563072;1331003392;0;0;0;0;0;0;0;0;0;0;0;3156;0;0;126;0;202;0;
14768;7095294;1196343296;18563072;1331003392;0;0;0;0;0;0;0;0;0;0;0;4248;0;0;126;0;202;0;
14769;9318984;1196343296;18563072;1331003392;0;0;0;0;0;0;0;0;0;0;0;3356;0;0;126;0;202;0;
14770;5920170;1196343296;18563072;1331003392;0;0;0;0;0;0;0;0;0;0;0;3486;0;0;126;0;202;0;
14771;10056627;1196343296;18563072;1331003392;0;0;0;0;0;0;0;0;0;0;0;3446;0;0;126;0;202;0;
14772;7152531;1196343296;18563072;1331003392;0;0;0;0;0;0;0;0;0;0;0;3687;0;0;126;0;202;0;
14773;10270548;1196343296;18567168;1331007488;0;0;0;0;0;0;0;0;0;0;0;4439;0;0;126;0;202;0;
14774;7318182;1196343296;18571264;1331011584;0;0;0;0;0;0;0;0;0;0;0;2976;0;0;126;0;202;0;
14775;9966127;1196343296;18571264;1331011584;0;0;0;0;0;0;0;0;0;0;0;2605;0;0;126;0;202;0;
14776;6924754;1196343296;18571264;1331011584;0;0;0;0;0;0;0;0;0;0;0;3817;0;0;126;0;202;0;
14777;8503875;1196343296;18571264;1331011584;0;0;0;0;0;0;0;0;0;0;0;2665;0;0;126;0;202;0;
14778;8944892;1196343296;18571264;1331011584;0;0;0;0;0;0;0;0;0;0;0;3396;0;0;126;0;202;0;
14779;7564894;1196343296;18571264;1331011584;0;0;0;0;0;0;0;0;0;0;0;4469;0;0;126;0;202;0;
14780;8255068;1196359680;18563072;1331003392;0;0;0;0;0;0;0;0;0;0;0;4208;0;0;126;0;202;0;
14781;10113564;1196359680;18563072;1331003392;0;0;0;0;0;0;0;0;0;0;0;3567;0;0;126;0;202;0;
14782;4880481;1196359680;18563072;1331003392;0;0;0;0;0;0;0;0;0;0;0;3086;0;0;126;0;202;0;
14783;8675837;1196359680;18563072;1331003392;0;0;0;0;0;0;0;0;0;0;0;2365;0;0;126;0;202;0;
14784;7425263;1196359680;18563072;1331003392;0;0;0;0;0;0;0;0;0;0;0;3997;0;0;126;0;202;0;
14785;9046322;1196359680;18563072;1331003392;0;0;0;0;0;0;0;0;0;0;0;2806;0;0;126;0;202;0;
14786;7790347;1196359680;18563072;1331003392;0;0;0;0;0;0;0;0;0;0;0;3998;0;0;126;0;202;0;
14787;8720752;1196359680;18563072;1331003392;0;0;0;0;0;0;0;0;0;0;0;3546;0;0;126;0;202;0;
14788;6167274;1196359680;18563072;1331003392;0;0;0;0;0;0;0;0;0;0;0;3707;0;0;126;0;202;0;
14789;8962696;1196359680;18563072;1331003392;0;0;0;0;0;0;0;0;0;0;0;3316;0;0;126;0;202;0;
14790;6160271;1196359680;18563072;1331003392;0;0;0;0;0;0;0;0;0;0;0;3306;0;0;126;0;202;0;
14791;7071539;1196359680;18563072;1331003392;0;0;0;0;0;0;0;0;0;0;0;2114;0;0;126;0;202;0;
14792;6126046;1196359680;18563072;1331003392;0;0;0;0;0;0;0;0;0;0;0;3487;0;0;126;0;202;0;
14793;9719234;1196359680;18563072;1331003392;0;0;0;0;0;0;0;0;0;0;0;3878;0;0;126;0;202;0;
14794;3394905;1196359680;18563072;1331003392;0;0;0;0;0;0;0;0;0;0;0;3186;0;0;126;0;202;0;
14795;6722635;1196359680;18563072;1331003392;0;0;0;0;0;0;0;0;0;0;0;1903;0;0;126;0;202;0;
14796;6085971;1196359680;18563072;1331003392;0;0;0;0;0;0;0;0;0;0;0;3767;0;0;126;0;202;0;
14797;7866881;1196359680;18563072;1331003392;0;0;0;0;0;0;0;0;0;0;0;3496;0;0;126;0;202;0;
14798;5232551;1196359680;18563072;1331003392;0;0;0;0;0;0;0;0;0;0;0;3957;0;0;126;0;202;0;
14799;10316114;1196359680;18563072;1331003392;0;0;0;0;0;0;0;0;0;0;0;3547;0;0;126;0;202;0;
14800;6957556;1196359680;18563072;1331003392;0;0;0;0;0;0;0;0;0;0;0;3095;0;0;126;0;202;0;
14801;6589345;1196359680;18563072;1331003392;0;0;0;0;0;0;0;0;0;0;0;2134;0;0;126;0;202;0;
14802;7502317;1196359680;18563072;1331003392;0;0;0;0;0;0;0;0;0;0;0;3206;0;0;126;0;202;0;
14803;8237927;1196359680;18563072;1331003392;0;0;0;0;0;0;0;0;0;0;0;2615;0;0;126;0;202;0;
14804;6353193;1196359680;18563072;1331003392;0;0;0;0;0;0;0;0;0;0;0;3476;0;0;126;0;202;0;
14805;6956073;1196359680;18563072;1331003392;0;0;0;0;0;0;0;0;0;0;0;2324;0;0;126;0;202;0;
14806;7018249;1196359680;18563072;1331003392;0;0;0;0;0;0;0;0;0;0;0;3506;0;0;126;0;202;0;
14807;8837741;1196359680;18563072;1331003392;0;0;0;0;0;0;0;0;0;0;0;3016;0;0;126;0;202;0;
14808;4925976;1196359680;18563072;1331003392;0;0;0;0;0;0;0;0;0;0;0;4268;0;0;126;0;202;0;
14809;7387471;1196359680;18563072;1331003392;0;0;0;0;0;0;0;0;0;0;0;2094;0;0;126;0;202;0;
14810;8426790;1196359680;18563072;1331003392;0;0;0;0;0;0;0;0;0;0;0;2795;0;0;126;0;202;0;
14811;6699652;1196359680;18563072;1331003392;0;0;0;0;0;0;0;0;0;0;0;2796;0;0;126;0;202;0;
14812;6359204;1196359680;18563072;1331003392;0;0;0;0;0;0;0;0;0;0;0;2765;0;0;126;0;202;0;
14813;9330726;1196359680;18563072;1331003392;0;0;0;0;0;0;0;0;0;0;0;4589;0;0;126;0;202;0;
14814;6034104;1196359680;18563072;1331003392;0;0;0;0;0;0;0;0;0;0;0;2996;0;0;126;0;202;0;
14815;5879084;1196359680;18563072;1331003392;0;0;0;0;0;0;0;0;0;0;0;2124;0;0;126;0;202;0;
14816;7666606;1196359680;18563072;1331003392;0;0;0;0;0;0;0;0;0;0;0;3657;0;0;126;0;202;0;
14817;10266890;1196359680;18563072;1331003392;0;0;0;0;0;0;0;0;0;0;0;3216;0;0;126;0;202;0;
14818;4405420;1196359680;18563072;1331003392;0;0;0;0;0;0;0;0;0;0;0;3416;0;0;126;0;202;0;
14819;12112341;1196359680;18563072;1331003392;0;0;0;0;0;0;0;0;0;0;0;4238;0;0;126;0;202;0;
14820;4286798;1196359680;18563072;1331003392;0;0;0;0;0;0;0;0;0;0;0;3667;0;0;126;0;202;0;
14821;8520206;1196359680;18563072;1331003392;0;0;0;0;0;0;0;0;0;0;0;2605;0;0;126;0;202;0;
14822;8595838;1196359680;18563072;1331003392;0;0;0;0;0;0;0;0;0;0;0;3917;0;0;126;0;202;0;
14823;8017493;1196359680;18563072;1331003392;0;0;0;0;0;0;0;0;0;0;0;3226;0;0;126;0;202;0;
14824;8630092;1196359680;18563072;1331003392;0;0;0;0;0;0;0;0;0;0;0;4308;0;0;126;0;202;0;
14825;9562280;1196359680;18563072;1331003392;0;0;0;0;0;0;0;0;0;0;0;3827;0;0;126;0;202;0;
14826;4654167;1196359680;18563072;1331003392;0;0;0;0;0;0;0;0;0;0;0;3747;0;0;126;0;202;0;
14827;7789896;1196359680;18563072;1331003392;0;0;0;0;0;0;0;0;0;0;0;2264;0;0;126;0;202;0;
14828;7843948;1196359680;18563072;1331003392;0;0;0;0;0;0;0;0;0;0;0;4358;0;0;126;0;202;0;
14829;6763101;1196359680;18563072;1331003392;0;0;0;0;0;0;0;0;0;0;0;3366;0;0;126;0;202;0;
14830;8021761;1196359680;18563072;1331003392;0;0;0;0;0;0;0;0;0;0;0;3817;0;0;126;0;202;0;
14831;11105924;1196359680;18563072;1331003392;0;0;0;0;0;0;0;0;0;0;0;2766;0;0;126;0;202;0;
14832;11476459;1196359680;18563072;1331003392;0;0;0;0;0;0;0;0;0;0;0;3006;0;0;126;0;202;0;
14833;4327985;1196359680;18563072;1331003392;0;0;0;0;0;0;0;0;0;0;0;2204;0;0;126;0;202;0;
14834;9668949;1196359680;18563072;1331003392;0;0;0;0;0;0;0;0;0;0;0;3897;0;0;126;0;202;0;
14835;6840586;1196359680;18563072;1331003392;0;0;0;0;0;0;0;0;0;0;0;3507;0;0;126;0;202;0;
14836;5572479;1196359680;18563072;1331003392;0;0;0;0;0;0;0;0;0;0;0;3868;0;0;126;0;202;0;
14837;7770239;1196359680;18563072;1331003392;0;0;0;0;0;0;0;0;0;0;0;3507;0;0;126;0;202;0;
14838;4679665;1196359680;18563072;1331003392;0;0;0;0;0;0;0;0;0;0;0;3267;0;0;126;0;202;0;
14839;7167539;1196359680;18567168;1331007488;0;0;0;0;0;0;0;0;0;0;0;3466;0;0;126;0;202;0;
14840;6945353;1196359680;18571264;1331011584;0;0;0;0;0;0;0;0;0;0;0;4218;0;0;126;0;202;0;
14841;9109100;1196359680;18571264;1331011584;0;0;0;0;0;0;0;0;0;0;0;2996;0;0;126;0;202;0;
14842;10538420;1196359680;18571264;1331011584;0;0;0;0;0;0;0;0;0;0;0;4248;0;0;126;0;202;0;
14843;7369939;1196359680;18571264;1331011584;0;0;0;0;0;0;0;0;0;0;0;3657;0;0;126;0;202;0;
14844;7704647;1196359680;18571264;1331011584;0;0;0;0;0;0;0;0;0;0;0;4829;0;0;126;0;202;0;
14845;7160436;1196359680;18571264;1331011584;0;0;0;0;0;0;0;0;0;0;0;2715;0;0;126;0;202;0;
14846;8255590;1196384256;18563072;1331003392;0;0;0;0;0;0;0;0;0;0;0;3326;0;0;126;0;202;0;
14847;11804925;1196384256;18563072;1331003392;0;0;0;0;0;0;0;0;0;0;0;4439;0;0;126;0;202;0;
14848;7573491;1196384256;18563072;1331003392;0;0;0;0;0;0;0;0;0;0;0;4799;0;0;126;0;202;0;
14849;10835056;1196384256;18563072;1331003392;0;0;0;0;0;0;0;0;0;0;0;3917;0;0;126;0;202;0;
14850;6197801;1196384256;18563072;1331003392;0;0;0;0;0;0;0;0;0;0;0;3586;0;0;126;0;202;0;
14851;10185157;1196384256;18563072;1331003392;0;0;0;0;0;0;0;0;0;0;0;2104;0;0;126;0;202;0;
14852;6465633;1196384256;18563072;1331003392;0;0;0;0;0;0;0;0;0;0;0;4369;0;0;126;0;202;0;
14853;10161573;1196384256;18563072;1331003392;0;0;0;0;0;0;0;0;0;0;0;3466;0;0;126;0;202;0;
14854;5325726;1196384256;18563072;1331003392;0;0;0;0;0;0;0;0;0;0;0;3135;0;0;126;0;202;0;
14855;10711204;1196384256;18563072;1331003392;0;0;0;0;0;0;0;0;0;0;0;3526;0;0;126;0;202;0;
14856;5580213;1196384256;18563072;1331003392;0;0;0;0;0;0;0;0;0;0;0;4539;0;0;126;0;202;0;
14857;7422197;1196384256;18563072;1331003392;0;0;0;0;0;0;0;0;0;0;0;3537;0;0;126;0;202;0;
14858;7815835;1196384256;18563072;1331003392;0;0;0;0;0;0;0;0;0;0;0;5460;0;0;126;0;202;0;
14859;6963768;1196384256;18563072;1331003392;0;0;0;0;0;0;0;0;0;0;0;3106;0;0;126;0;202;0;
14860;6094267;1196384256;18563072;1331003392;0;0;0;0;0;0;0;0;0;0;0;3096;0;0;126;0;202;0;
14861;12690576;1196384256;18563072;1331003392;0;0;0;0;0;0;0;0;0;0;0;4539;0;0;126;0;202;0;
14862;9257969;1196384256;18563072;1331003392;0;0;0;0;0;0;0;0;0;0;0;4218;0;0;126;0;202;0;
14863;7229075;1196384256;18563072;1331003392;0;0;0;0;0;0;0;0;0;0;0;3086;0;0;126;0;202;0;
14864;7862974;1196384256;18563072;1331003392;0;0;0;0;0;0;0;0;0;0;0;4017;0;0;126;0;202;0;
14865;7737939;1196384256;18563072;1331003392;0;0;0;0;0;0;0;0;0;0;0;3606;0;0;126;0;202;0;
14866;7721529;1196384256;18563072;1331003392;0;0;0;0;0;0;0;0;0;0;0;4007;0;0;126;0;202;0;
14867;7951689;1196384256;18563072;1331003392;0;0;0;0;0;0;0;0;0;0;0;4699;0;0;126;0;202;0;
14868;4341771;1196384256;18563072;1331003392;0;0;0;0;0;0;0;0;0;0;0;3787;0;0;126;0;202;0;
14869;9480456;1196384256;18563072;1331003392;0;0;0;0;0;0;0;0;0;0;0;3637;0;0;126;0;202;0;
14870;7363386;1196384256;18563072;1331003392;0;0;0;0;0;0;0;0;0;0;0;3917;0;0;126;0;202;0;
14871;6326082;1196384256;18563072;1331003392;0;0;0;0;0;0;0;0;0;0;0;1994;0;0;126;0;202;0;
14872;6600016;1196384256;18563072;1331003392;0;0;0;0;0;0;0;0;0;0;0;3296;0;0;126;0;202;0;
14873;10642545;1196384256;18563072;1331003392;0;0;0;0;0;0;0;0;0;0;0;3467;0;0;126;0;202;0;
14874;7873653;1196384256;18563072;1331003392;0;0;0;0;0;0;0;0;0;0;0;73188;0;0;126;0;202;0;
14875;7784857;1196384256;18563072;1331003392;0;0;0;0;0;0;0;0;0;0;0;32841;0;0;126;0;202;0;
14876;4859432;1196384256;18563072;1331003392;0;0;0;0;0;0;0;0;0;0;0;3667;0;0;126;0;202;0;
14877;8101772;1196384256;18563072;1331003392;0;0;0;0;0;0;0;0;0;0;0;2424;0;0;126;0;202;0;
14878;6318778;1196384256;18563072;1331003392;0;0;0;0;0;0;0;0;0;0;0;3858;0;0;126;0;202;0;
14879;5180434;1196384256;18563072;1331003392;0;0;0;0;0;0;0;0;0;0;0;1994;0;0;126;0;202;0;
14880;8232186;1196384256;18563072;1331003392;0;0;0;0;0;0;0;0;0;0;0;4068;0;0;126;0;202;0;
14881;8489358;1196384256;18563072;1331003392;0;0;0;0;0;0;0;0;0;0;0;3527;0;0;126;0;202;0;
14882;7524168;1196384256;18563072;1331003392;0;0;0;0;0;0;0;0;0;0;0;3296;0;0;126;0;202;0;
14883;8715492;1196384256;18563072;1331003392;0;0;0;0;0;0;0;0;0;0;0;2525;0;0;126;0;202;0;
14884;7345173;1196384256;18563072;1331003392;0;0;0;0;0;0;0;0;0;0;0;104686;0;0;126;0;202;0;
14885;7470808;1196384256;18563072;1331003392;0;0;0;0;0;0;0;0;0;0;0;3947;0;0;126;0;202;0;
14886;3929107;1196384256;18567168;1331007488;0;0;0;0;0;0;0;0;0;0;0;2966;0;0;126;0;202;0;
14887;7330806;1196384256;18567168;1331007488;0;0;0;0;0;0;0;0;0;0;0;1764;0;0;126;0;202;0;
14888;9101196;1196384256;18567168;1331007488;0;0;0;0;0;0;0;0;0;0;0;4558;0;0;126;0;202;0;
14889;9073663;1196384256;18567168;1331007488;0;0;0;0;0;0;0;0;0;0;0;3797;0;0;126;0;202;0;
14890;5640446;1196384256;18567168;1331007488;0;0;0;0;0;0;0;0;0;0;0;5180;0;0;126;0;202;0;
14891;8511720;1196384256;18567168;1331007488;0;0;0;0;0;0;0;0;0;0;0;3847;0;0;126;0;202;0;
14892;6600145;1196400640;18563072;1331003392;0;0;0;0;0;0;0;0;0;0;0;4539;0;0;126;0;202;0;
14893;6960972;1196400640;18563072;1331003392;0;0;0;0;0;0;0;0;0;0;0;2975;0;0;126;0;202;0;
14894;5910172;1196400640;18563072;1331003392;0;0;0;0;0;0;0;0;0;0;0;3737;0;0;126;0;202;0;
14895;7873443;1196400640;18563072;1331003392;0;0;0;0;0;0;0;0;0;0;0;8226;0;0;126;0;202;0;
14896;9591975;1196400640;18563072;1331003392;0;0;0;0;0;0;0;0;0;0;0;4008;0;0;126;0;202;0;
14897;7510923;1196400640;18563072;1331003392;0;0;0;0;0;0;0;0;0;0;0;4048;0;0;126;0;202;0;
14898;10012685;1196400640;18563072;1331003392;0;0;0;0;0;0;0;0;0;0;0;7193;0;0;126;0;202;0;
14899;9149195;1196400640;18563072;1331003392;0;0;0;0;0;0;0;0;0;0;0;4318;0;0;126;0;202;0;
14900;6142057;1196400640;18563072;1331003392;0;0;0;0;0;0;0;0;0;0;0;4438;0;0;126;0;202;0;
14901;10042069;1196400640;18563072;1331003392;0;0;0;0;0;0;0;0;0;0;0;3216;0;0;126;0;202;0;
14902;3875276;1196400640;18563072;1331003392;0;0;0;0;0;0;0;0;0;0;0;3627;0;0;126;0;202;0;
14903;11898811;1196400640;18567168;1331007488;0;0;0;0;0;0;0;0;0;0;0;3918;0;0;126;0;202;0;
14904;6592932;1196400640;18571264;1331011584;0;0;0;0;0;0;0;0;0;0;0;3767;0;0;126;0;202;0;
14905;8207570;1196400640;18571264;1331011584;0;0;0;0;0;0;0;0;0;0;0;2996;0;0;126;0;202;0;
14906;6266460;1196400640;18571264;1331011584;0;0;0;0;0;0;0;0;0;0;0;3186;0;0;126;0;202;0;
14907;6669285;1196400640;18571264;1331011584;0;0;0;0;0;0;0;0;0;0;0;2495;0;0;126;0;202;0;
14908;7621821;1196400640;18571264;1331011584;0;0;0;0;0;0;0;0;0;0;0;4138;0;0;126;0;202;0;
14909;10179698;1196400640;18571264;1331011584;0;0;0;0;0;0;0;0;0;0;0;3176;0;0;126;0;202;0;
14910;10633759;1196400640;18563072;1331003392;0;0;0;0;0;0;0;0;0;0;0;5260;0;0;126;0;202;0;
14911;9495865;1196400640;18563072;1331003392;0;0;0;0;0;0;0;0;0;0;0;3617;0;0;126;0;202;0;
14912;8817083;1196400640;18563072;1331003392;0;0;0;0;0;0;0;0;0;0;0;4328;0;0;126;0;202;0;
14913;8255319;1196400640;18563072;1331003392;0;0;0;0;0;0;0;0;0;0;0;3677;0;0;126;0;202;0;
14914;9011647;1196400640;18563072;1331003392;0;0;0;0;0;0;0;0;0;0;0;3176;0;0;126;0;202;0;
14915;8067447;1196400640;18563072;1331003392;0;0;0;0;0;0;0;0;0;0;0;3276;0;0;126;0;202;0;
14916;7353939;1196400640;18563072;1331003392;0;0;0;0;0;0;0;0;0;0;0;3897;0;0;126;0;202;0;
14917;8600155;1196400640;18563072;1331003392;0;0;0;0;0;0;0;0;0;0;0;3176;0;0;126;0;202;0;
14918;7258200;1196400640;18563072;1331003392;0;0;0;0;0;0;0;0;0;0;0;3606;0;0;126;0;202;0;
14919;11681623;1196400640;18563072;1331003392;0;0;0;0;0;0;0;0;0;0;0;4378;0;0;126;0;202;0;
14920;10664046;1196400640;18563072;1331003392;0;0;0;0;0;0;0;0;0;0;0;5219;0;0;126;0;202;0;
14921;9081758;1196400640;18563072;1331003392;0;0;0;0;0;0;0;0;0;0;0;3186;0;0;126;0;202;0;
14922;7165075;1196400640;18563072;1331003392;0;0;0;0;0;0;0;0;0;0;0;4448;0;0;126;0;202;0;
14923;12080742;1196400640;18563072;1331003392;0;0;0;0;0;0;0;0;0;0;0;3496;0;0;126;0;202;0;
14924;6124454;1196400640;18563072;1331003392;0;0;0;0;0;0;0;0;0;0;0;4409;0;0;126;0;202;0;
14925;9222082;1196400640;18563072;1331003392;0;0;0;0;0;0;0;0;0;0;0;3807;0;0;126;0;202;0;
14926;6115427;1196400640;18563072;1331003392;0;0;0;0;0;0;0;0;0;0;0;5700;0;0;126;0;202;0;
14927;7266054;1196400640;18563072;1331003392;0;0;0;0;0;0;0;0;0;0;0;2976;0;0;126;0;202;0;
14928;7919018;1196400640;18563072;1331003392;0;0;0;0;0;0;0;0;0;0;0;5720;0;0;126;0;202;0;
14929;14943550;1196400640;18563072;1331003392;0;0;0;0;0;0;0;0;0;0;0;3276;0;0;126;0;202;0;
14930;8055885;1196400640;18563072;1331003392;0;0;0;0;0;0;0;0;0;0;0;5270;0;0;126;0;202;0;
14931;10717426;1196400640;18563072;1331003392;0;0;0;0;0;0;0;0;0;0;0;4548;0;0;126;0;202;0;
14932;7548043;1196400640;18563072;1331003392;0;0;0;0;0;0;0;0;0;0;0;4919;0;0;126;0;202;0;
14933;9023971;1196400640;18563072;1331003392;0;0;0;0;0;0;0;0;0;0;0;3717;0;0;126;0;202;0;
14934;7298585;1196400640;18563072;1331003392;0;0;0;0;0;0;0;0;0;0;0;3697;0;0;126;0;202;0;
14935;8175750;1196400640;18563072;1331003392;0;0;0;0;0;0;0;0;0;0;0;3807;0;0;126;0;202;0;
14936;11211492;1196400640;18563072;1331003392;0;0;0;0;0;0;0;0;0;0;0;3556;0;0;126;0;202;0;
14937;8229480;1196400640;18563072;1331003392;0;0;0;0;0;0;0;0;0;0;0;3857;0;0;126;0;202;0;
14938;7183078;1196400640;18563072;1331003392;0;0;0;0;0;0;0;0;0;0;0;3236;0;0;126;0;202;0;
14939;11719124;1196400640;18563072;1331003392;0;0;0;0;0;0;0;0;0;0;0;12424;0;0;126;0;202;0;
14940;10481012;1196400640;18567168;1331007488;0;0;0;0;0;0;0;0;0;0;0;4248;0;0;126;0;202;0;
14941;12713288;1196400640;18567168;1331007488;0;0;0;0;0;0;0;0;0;0;0;4569;0;0;126;0;202;0;
14942;11959715;1196400640;18567168;1331007488;0;0;0;0;0;0;0;0;0;0;0;4328;0;0;126;0;202;0;
14943;11683828;1196400640;18567168;1331007488;0;0;0;0;0;0;0;0;0;0;0;4248;0;0;126;0;202;0;
14944;7569834;1196400640;18567168;1331007488;0;0;0;0;0;0;0;0;0;0;0;4628;0;0;126;0;202;0;
14945;9066770;1196400640;18567168;1331007488;0;0;0;0;0;0;0;0;0;0;0;3778;0;0;126;0;202;0;
14946;7188660;1196417024;18563072;1331003392;0;0;0;0;0;0;0;0;0;0;0;3357;0;0;126;0;202;0;
14947;10945283;1196417024;18563072;1331003392;0;0;0;0;0;0;0;0;0;0;0;3847;0;0;126;0;202;0;
14948;10431901;1196412928;18558976;1330999296;0;0;0;0;0;0;0;0;0;0;0;3927;0;0;126;0;202;0;
14949;7400306;1196412928;18558976;1330999296;0;0;0;0;0;0;0;0;0;0;0;3296;0;0;126;0;202;0;
14950;7199530;1196412928;18558976;1330999296;0;0;0;0;0;0;0;0;0;0;0;2906;0;0;126;0;202;0;
14951;8893987;1196412928;18558976;1330999296;0;0;0;0;0;0;0;0;0;0;0;3056;0;0;126;0;202;0;
14952;6818935;1196412928;18558976;1330999296;0;0;0;0;0;0;0;0;0;0;0;3597;0;0;126;0;202;0;
14953;11608135;1196412928;18558976;1330999296;0;0;0;0;0;0;0;0;0;0;0;3266;0;0;126;0;202;0;
14954;12341972;1196412928;18558976;1330999296;0;0;0;0;0;0;0;0;0;0;0;4288;0;0;126;0;202;0;
14955;12356309;1196412928;18558976;1330999296;0;0;0;0;0;0;0;0;0;0;0;3797;0;0;126;0;202;0;
14956;8659957;1196412928;18558976;1330999296;0;0;0;0;0;0;0;0;0;0;0;3547;0;0;126;0;202;0;
14957;12215675;1196412928;18558976;1330999296;0;0;0;0;0;0;0;0;0;0;0;4118;0;0;126;0;202;0;
14958;9875968;1196412928;18558976;1330999296;0;0;0;0;0;0;0;0;0;0;0;3587;0;0;126;0;202;0;
14959;11170776;1196412928;18558976;1330999296;0;0;0;0;0;0;0;0;0;0;0;3477;0;0;126;0;202;0;
14960;6838543;1196412928;18558976;1330999296;0;0;0;0;0;0;0;0;0;0;0;3397;0;0;126;0;202;0;
14961;8432902;1196412928;18558976;1330999296;0;0;0;0;0;0;0;0;0;0;0;3136;0;0;126;0;202;0;
14962;10281198;1196412928;18558976;1330999296;0;0;0;0;0;0;0;0;0;0;0;5050;0;0;126;0;202;0;
14963;10508173;1196412928;18558976;1330999296;0;0;0;0;0;0;0;0;0;0;0;3957;0;0;126;0;202;0;
14964;8496781;1196412928;18558976;1330999296;0;0;0;0;0;0;0;0;0;0;0;3597;0;0;126;0;202;0;
14965;10659407;1196412928;18558976;1330999296;0;0;0;0;0;0;0;0;0;0;0;3657;0;0;126;0;202;0;
14966;7411998;1196412928;18558976;1330999296;0;0;0;0;0;0;0;0;0;0;0;3767;0;0;126;0;202;0;
14967;12202260;1196412928;18558976;1330999296;0;0;0;0;0;0;0;0;0;0;0;3326;0;0;126;0;202;0;
14968;5025122;1196412928;18558976;1330999296;0;0;0;0;0;0;0;0;0;0;0;3296;0;0;126;0;202;0;
14969;8308980;1196412928;18558976;1330999296;0;0;0;0;0;0;0;0;0;0;0;2886;0;0;126;0;202;0;
14970;9713945;1196412928;18558976;1330999296;0;0;0;0;0;0;0;0;0;0;0;4087;0;0;126;0;202;0;
14971;9021486;1196412928;18558976;1330999296;0;0;0;0;0;0;0;0;0;0;0;3226;0;0;126;0;202;0;
14972;7938255;1196412928;18558976;1330999296;0;0;0;0;0;0;0;0;0;0;0;3506;0;0;126;0;202;0;
14973;8680637;1196412928;18558976;1330999296;0;0;0;0;0;0;0;0;0;0;0;3917;0;0;126;0;202;0;
14974;9435431;1196412928;18558976;1330999296;0;0;0;0;0;0;0;0;0;0;0;4508;0;0;126;0;202;0;
14975;8668855;1196412928;18558976;1330999296;0;0;0;0;0;0;0;0;0;0;0;3436;0;0;126;0;202;0;
14976;7346125;1196412928;18558976;1330999296;0;0;0;0;0;0;0;0;0;0;0;3777;0;0;126;0;202;0;
14977;7493100;1196412928;18558976;1330999296;0;0;0;0;0;0;0;0;0;0;0;2485;0;0;126;0;202;0;
14978;7176416;1196412928;18558976;1330999296;0;0;0;0;0;0;0;0;0;0;0;3406;0;0;126;0;202;0;
14979;9703825;1196412928;18558976;1330999296;0;0;0;0;0;0;0;0;0;0;0;3947;0;0;126;0;202;0;
14980;9305548;1196412928;18558976;1330999296;0;0;0;0;0;0;0;0;0;0;0;3587;0;0;126;0;202;0;
14981;11909882;1196412928;18558976;1330999296;0;0;0;0;0;0;0;0;0;0;0;3616;0;0;126;0;202;0;
14982;5029550;1196412928;18558976;1330999296;0;0;0;0;0;0;0;0;0;0;0;12834;0;0;126;0;202;0;
14983;6444934;1196412928;18558976;1330999296;0;0;0;0;0;0;0;0;0;0;0;1864;0;0;126;0;202;0;
14984;11579893;1196412928;18558976;1330999296;0;0;0;0;0;0;0;0;0;0;0;3376;0;0;126;0;202;0;
14985;10544561;1196412928;18558976;1330999296;0;0;0;0;0;0;0;0;0;0;0;3797;0;0;126;0;202;0;
14986;9172810;1196412928;18558976;1330999296;0;0;0;0;0;0;0;0;0;0;0;3727;0;0;126;0;202;0;
14987;11163382;1196412928;18558976;1330999296;0;0;0;0;0;0;0;0;0;0;0;3426;0;0;126;0;202;0;
14988;6928191;1196412928;18558976;1330999296;0;0;0;0;0;0;0;0;0;0;0;3757;0;0;126;0;202;0;
14989;8139232;1196412928;18558976;1330999296;0;0;0;0;0;0;0;0;0;0;0;3196;0;0;126;0;202;0;
14990;8688391;1196412928;18558976;1330999296;0;0;0;0;0;0;0;0;0;0;0;3126;0;0;126;0;202;0;
14991;11959114;1196412928;18558976;1330999296;0;0;0;0;0;0;0;0;0;0;0;5310;0;0;126;0;202;0;
14992;8249969;1196412928;18558976;1330999296;0;0;0;0;0;0;0;0;0;0;0;4128;0;0;126;0;202;0;
14993;10819197;1196412928;18558976;1330999296;0;0;0;0;0;0;0;0;0;0;0;3686;0;0;126;0;202;0;
14994;8768842;1196412928;18558976;1330999296;0;0;0;0;0;0;0;0;0;0;0;3757;0;0;126;0;202;0;
14995;9984622;1196412928;18558976;1330999296;0;0;0;0;0;0;0;0;0;0;0;2985;0;0;126;0;202;0;
14996;10730601;1196412928;18558976;1330999296;0;0;0;0;0;0;0;0;0;0;0;3497;0;0;126;0;202;0;
14997;8787818;1196412928;18558976;1330999296;0;0;0;0;0;0;0;0;0;0;0;3106;0;0;126;0;202;0;
14998;10778079;1196412928;18558976;1330999296;0;0;0;0;0;0;0;0;0;0;0;4107;0;0;126;0;202;0;
14999;16223880;1196412928;18558976;1330999296;0;0;0;0;0;0;0;0;0;0;0;4378;0;0;126;0;202;0;
15000;8896742;1196412928;18558976;1330999296;0;0;0;0;0;0;0;0;0;0;0;4138;0;0;126;0;202;0;
15001;13670914;1196412928;18558976;1330999296;0;0;0;0;0;0;0;0;0;0;0;4168;0;0;126;0;202;0;
15002;5097688;1196412928;18558976;1330999296;0;0;0;0;0;0;0;0;0;0;0;3025;0;0;126;0;202;0;
15003;12860474;1196412928;18558976;1330999296;0;0;0;0;0;0;0;0;0;0;0;4649;0;0;126;0;202;0;
15004;9153864;1196412928;18558976;1330999296;0;0;0;0;0;0;0;0;0;0;0;3988;0;0;126;0;202;0;
15005;12297028;1196412928;18558976;1330999296;0;0;0;0;0;0;0;0;0;0;0;3907;0;0;126;0;202;0;
15006;8908264;1196412928;18558976;1330999296;0;0;0;0;0;0;0;0;0;0;0;4579;0;0;126;0;202;0;
15007;10502313;1196412928;18558976;1330999296;0;0;0;0;0;0;0;0;0;0;0;3377;0;0;126;0;202;0;
15008;6910438;1196412928;18558976;1330999296;0;0;0;0;0;0;0;0;0;0;0;4418;0;0;126;0;202;0;
15009;12093917;1196412928;18558976;1330999296;0;0;0;0;0;0;0;0;0;0;0;3938;0;0;126;0;202;0;
15010;9604078;1196412928;18558976;1330999296;0;0;0;0;0;0;0;0;0;0;0;3406;0;0;126;0;202;0;
15011;12839945;1196412928;18563072;1331003392;0;0;0;0;0;0;0;0;0;0;0;6212;0;0;126;0;202;0;
15012;9190092;1196412928;18567168;1331007488;0;0;0;0;0;0;0;0;0;0;0;4038;0;0;126;0;202;0;
15013;12112141;1196412928;18567168;1331007488;0;0;0;0;0;0;0;0;0;0;0;3987;0;0;126;0;202;0;
15014;9421546;1196412928;18567168;1331007488;0;0;0;0;0;0;0;0;0;0;0;4098;0;0;126;0;202;0;
15015;11874856;1196412928;18567168;1331007488;0;0;0;0;0;0;0;0;0;0;0;3476;0;0;126;0;202;0;
15016;9892419;1196412928;18567168;1331007488;0;0;0;0;0;0;0;0;0;0;0;4168;0;0;126;0;202;0;
15017;10627537;1196412928;18567168;1331007488;0;0;0;0;0;0;0;0;0;0;0;4428;0;0;126;0;202;0;
15018;9929398;1196437504;18558976;1330999296;0;0;0;0;0;0;0;0;0;0;0;4117;0;0;126;0;202;0;
15019;12792797;1196437504;18558976;1330999296;0;0;0;0;0;0;0;0;0;0;0;3787;0;0;126;0;202;0;
15020;7587928;1196437504;18558976;1330999296;0;0;0;0;0;0;0;0;0;0;0;3937;0;0;126;0;202;0;
15021;8288382;1196437504;18558976;1330999296;0;0;0;0;0;0;0;0;0;0;0;3777;0;0;126;0;202;0;
15022;10465824;1196437504;18558976;1330999296;0;0;0;0;0;0;0;0;0;0;0;3517;0;0;126;0;202;0;
15023;12543089;1196437504;18558976;1330999296;0;0;0;0;0;0;0;0;0;0;0;4087;0;0;126;0;202;0;
15024;6961704;1196437504;18558976;1330999296;0;0;0;0;0;0;0;0;0;0;0;3798;0;0;126;0;202;0;
15025;12295765;1196437504;18558976;1330999296;0;0;0;0;0;0;0;0;0;0;0;4087;0;0;126;0;202;0;
15026;7221921;1196437504;18558976;1330999296;0;0;0;0;0;0;0;0;0;0;0;3086;0;0;126;0;202;0;
15027;13992887;1196437504;18558976;1330999296;0;0;0;0;0;0;0;0;0;0;0;3607;0;0;126;0;202;0;
15028;4514995;1196437504;18558976;1330999296;0;0;0;0;0;0;0;0;0;0;0;2995;0;0;126;0;202;0;
15029;8677080;1196437504;18558976;1330999296;0;0;0;0;0;0;0;0;0;0;0;3256;0;0;126;0;202;0;
15030;10325832;1196437504;18558976;1330999296;0;0;0;0;0;0;0;0;0;0;0;2955;0;0;126;0;202;0;
15031;9936682;1196437504;18558976;1330999296;0;0;0;0;0;0;0;0;0;0;0;3917;0;0;126;0;202;0;
15032;10845386;1196437504;18558976;1330999296;0;0;0;0;0;0;0;0;0;0;0;3337;0;0;126;0;202;0;
15033;11433308;1196437504;18558976;1330999296;0;0;0;0;0;0;0;0;0;0;0;4438;0;0;126;0;202;0;
15034;9871359;1196437504;18558976;1330999296;0;0;0;0;0;0;0;0;0;0;0;3246;0;0;126;0;202;0;
15035;11342618;1196437504;18558976;1330999296;0;0;0;0;0;0;0;0;0;0;0;3146;0;0;126;0;202;0;
15036;9360712;1196437504;18558976;1330999296;0;0;0;0;0;0;0;0;0;0;0;4328;0;0;126;0;202;0;
15037;13723061;1196437504;18558976;1330999296;0;0;0;0;0;0;0;0;0;0;0;3687;0;0;126;0;202;0;
15038;10368091;1196437504;18558976;1330999296;0;0;0;0;0;0;0;0;0;0;0;3617;0;0;126;0;202;0;
15039;13417328;1196437504;18558976;1330999296;0;0;0;0;0;0;0;0;0;0;0;4097;0;0;126;0;202;0;
15040;7226429;1196437504;18558976;1330999296;0;0;0;0;0;0;0;0;0;0;0;3316;0;0;126;0;202;0;
15041;12737012;1196437504;18558976;1330999296;0;0;0;0;0;0;0;0;0;0;0;4198;0;0;126;0;202;0;
15042;9228454;1196437504;18558976;1330999296;0;0;0;0;0;0;0;0;0;0;0;3646;0;0;126;0;202;0;
15043;11859006;1196437504;18558976;1330999296;0;0;0;0;0;0;0;0;0;0;0;3246;0;0;126;0;202;0;
15044;12698500;1196437504;18558976;1330999296;0;0;0;0;0;0;0;0;0;0;0;4278;0;0;126;0;202;0;
15045;12491252;1196437504;18558976;1330999296;0;0;0;0;0;0;0;0;0;0;0;4088;0;0;126;0;202;0;
15046;10369153;1196437504;18558976;1330999296;0;0;0;0;0;0;0;0;0;0;0;52739;0;0;126;0;202;0;
15047;12598914;1196437504;18558976;1330999296;0;0;0;0;0;0;0;0;0;0;0;3907;0;0;126;0;202;0;
15048;7184301;1196437504;18563072;1331003392;0;0;0;0;0;0;0;0;0;0;0;3837;0;0;126;0;202;0;
15049;7595071;1196437504;18563072;1331003392;0;0;0;0;0;0;0;0;0;0;0;3907;0;0;126;0;202;0;
15050;7825032;1196437504;18563072;1331003392;0;0;0;0;0;0;0;0;0;0;0;4088;0;0;126;0;202;0;
15051;8860434;1196437504;18563072;1331003392;0;0;0;0;0;0;0;0;0;0;0;3667;0;0;126;0;202;0;
15052;9348849;1196437504;18563072;1331003392;0;0;0;0;0;0;0;0;0;0;0;3767;0;0;126;0;202;0;
15053;15511004;1196437504;18563072;1331003392;0;0;0;0;0;0;0;0;0;0;0;3526;0;0;126;0;202;0;
15054;13315057;1196437504;18563072;1331003392;0;0;0;0;0;0;0;0;0;0;0;3997;0;0;126;0;202;0;
15055;14082646;1196437504;18563072;1331003392;0;0;0;0;0;0;0;0;0;0;0;3827;0;0;126;0;202;0;
15056;6436609;1196437504;18563072;1331003392;0;0;0;0;0;0;0;0;0;0;0;3055;0;0;126;0;202;0;
15057;10819117;1196437504;18563072;1331003392;0;0;0;0;0;0;0;0;0;0;0;3516;0;0;126;0;202;0;
15058;7059367;1196437504;18563072;1331003392;0;0;0;0;0;0;0;0;0;0;0;4258;0;0;126;0;202;0;
15059;9630147;1196437504;18567168;1331007488;0;0;0;0;0;0;0;0;0;0;0;3236;0;0;126;0;202;0;
15060;7814012;1196437504;18571264;1331011584;0;0;0;0;0;0;0;0;0;0;0;2866;0;0;126;0;202;0;
15061;7166017;1196437504;18571264;1331011584;0;0;0;0;0;0;0;0;0;0;0;3166;0;0;126;0;202;0;
15062;9788514;1196437504;18571264;1331011584;0;0;0;0;0;0;0;0;0;0;0;3867;0;0;126;0;202;0;
15063;10893797;1196437504;18571264;1331011584;0;0;0;0;0;0;0;0;0;0;0;4168;0;0;126;0;202;0;
15064;6762750;1196437504;18571264;1331011584;0;0;0;0;0;0;0;0;0;0;0;3196;0;0;126;0;202;0;
15065;10066065;1196437504;18571264;1331011584;0;0;0;0;0;0;0;0;0;0;0;3827;0;0;126;0;202;0;
15066;7212244;1196457984;18563072;1331003392;0;0;0;0;0;0;0;0;0;0;0;3407;0;0;126;0;202;0;
15067;12458170;1196457984;18563072;1331003392;0;0;0;0;0;0;0;0;0;0;0;3988;0;0;126;0;202;0;
15068;8789270;1196457984;18563072;1331003392;0;0;0;0;0;0;0;0;0;0;0;4088;0;0;126;0;202;0;
15069;11810786;1196457984;18563072;1331003392;0;0;0;0;0;0;0;0;0;0;0;4017;0;0;126;0;202;0;
15070;7996925;1196457984;18563072;1331003392;0;0;0;0;0;0;0;0;0;0;0;4348;0;0;126;0;202;0;
15071;12521338;1196457984;18563072;1331003392;0;0;0;0;0;0;0;0;0;0;0;4419;0;0;126;0;202;0;
15072;10725722;1196457984;18563072;1331003392;0;0;0;0;0;0;0;0;0;0;0;3016;0;0;126;0;202;0;
15073;10152496;1196457984;18563072;1331003392;0;0;0;0;0;0;0;0;0;0;0;3226;0;0;126;0;202;0;
15074;5002560;1196457984;18563072;1331003392;0;0;0;0;0;0;0;0;0;0;0;4909;0;0;126;0;202;0;
15075;13106626;1196457984;18563072;1331003392;0;0;0;0;0;0;0;0;0;0;0;4678;0;0;126;0;202;0;
15076;9675062;1196457984;18563072;1331003392;0;0;0;0;0;0;0;0;0;0;0;4258;0;0;126;0;202;0;
15077;9492459;1196457984;18563072;1331003392;0;0;0;0;0;0;0;0;0;0;0;4268;0;0;126;0;202;0;
15078;8921459;1196457984;18563072;1331003392;0;0;0;0;0;0;0;0;0;0;0;3136;0;0;126;0;202;0;
15079;14845246;1196457984;18563072;1331003392;0;0;0;0;0;0;0;0;0;0;0;3226;0;0;126;0;202;0;
15080;12554230;1196457984;18563072;1331003392;0;0;0;0;0;0;0;0;0;0;0;3817;0;0;126;0;202;0;
15081;13144436;1196457984;18563072;1331003392;0;0;0;0;0;0;0;0;0;0;0;4378;0;0;126;0;202;0;
15082;11749891;1196457984;18563072;1331003392;0;0;0;0;0;0;0;0;0;0;0;3937;0;0;126;0;202;0;
15083;13057313;1196457984;18563072;1331003392;0;0;0;0;0;0;0;0;0;0;0;3857;0;0;126;0;202;0;
15084;8396274;1196457984;18563072;1331003392;0;0;0;0;0;0;0;0;0;0;0;3477;0;0;126;0;202;0;
15085;11130660;1196457984;18563072;1331003392;0;0;0;0;0;0;0;0;0;0;0;3817;0;0;126;0;202;0;
15086;8900759;1196457984;18563072;1331003392;0;0;0;0;0;0;0;0;0;0;0;4338;0;0;126;0;202;0;
15087;9020885;1196457984;18563072;1331003392;0;0;0;0;0;0;0;0;0;0;0;3597;0;0;126;0;202;0;
15088;10732243;1196457984;18563072;1331003392;0;0;0;0;0;0;0;0;0;0;0;4318;0;0;126;0;202;0;
15089;9587157;1196457984;18563072;1331003392;0;0;0;0;0;0;0;0;0;0;0;4408;0;0;126;0;202;0;
15090;13086377;1196457984;18563072;1331003392;0;0;0;0;0;0;0;0;0;0;0;3266;0;0;126;0;202;0;
15091;10555181;1196457984;18563072;1331003392;0;0;0;0;0;0;0;0;0;0;0;4719;0;0;126;0;202;0;
15092;8654157;1196457984;18563072;1331003392;0;0;0;0;0;0;0;0;0;0;0;4338;0;0;126;0;202;0;
15093;11477090;1196457984;18563072;1331003392;0;0;0;0;0;0;0;0;0;0;0;3717;0;0;126;0;202;0;
15094;9923938;1196457984;18563072;1331003392;0;0;0;0;0;0;0;0;0;0;0;5030;0;0;126;0;202;0;
15095;13718643;1196457984;18563072;1331003392;0;0;0;0;0;0;0;0;0;0;0;3587;0;0;126;0;202;0;
15096;8281098;1196457984;18563072;1331003392;0;0;0;0;0;0;0;0;0;0;0;3777;0;0;126;0;202;0;
15097;11468223;1196457984;18563072;1331003392;0;0;0;0;0;0;0;0;0;0;0;3406;0;0;126;0;202;0;
15098;8246653;1196457984;18563072;1331003392;0;0;0;0;0;0;0;0;0;0;0;3818;0;0;126;0;202;0;
15099;8684474;1196457984;18563072;1331003392;0;0;0;0;0;0;0;0;0;0;0;159149;0;0;126;0;202;0;
15100;8976382;1196457984;18567168;1331007488;0;0;0;0;0;0;0;0;0;0;0;2795;0;0;126;0;202;0;
15101;10478398;1196457984;18567168;1331007488;0;0;0;0;0;0;0;0;0;0;0;3136;0;0;126;0;202;0;
15102;9064266;1196457984;18567168;1331007488;0;0;0;0;0;0;0;0;0;0;0;3386;0;0;126;0;202;0;
15103;11660524;1196457984;18567168;1331007488;0;0;0;0;0;0;0;0;0;0;0;4839;0;0;126;0;202;0;
15104;9274320;1196457984;18567168;1331007488;0;0;0;0;0;0;0;0;0;0;0;3677;0;0;126;0;202;0;
15105;12088507;1196457984;18567168;1331007488;0;0;0;0;0;0;0;0;0;0;0;3947;0;0;126;0;202;0;
15106;8553859;1196474368;18563072;1331003392;0;0;0;0;0;0;0;0;0;0;0;3396;0;0;126;0;202;0;
15107;8271399;1196474368;18563072;1331003392;0;0;0;0;0;0;0;0;0;0;0;2785;0;0;126;0;202;0;
15108;9755121;1196470272;18558976;1330999296;0;0;0;0;0;0;0;0;0;0;0;3527;0;0;126;0;202;0;
15109;9755512;1196470272;18563072;1331003392;0;0;0;0;0;0;0;0;0;0;0;3848;0;0;126;0;202;0;
15110;9195342;1196470272;18567168;1331007488;0;0;0;0;0;0;0;0;0;0;0;3477;0;0;126;0;202;0;
15111;10894027;1196470272;18567168;1331007488;0;0;0;0;0;0;0;0;0;0;0;4237;0;0;126;0;202;0;
15112;11759269;1196470272;18567168;1331007488;0;0;0;0;0;0;0;0;0;0;0;4699;0;0;126;0;202;0;
15113;11618636;1196470272;18567168;1331007488;0;0;0;0;0;0;0;0;0;0;0;5199;0;0;126;0;202;0;
15114;11234856;1196470272;18567168;1331007488;0;0;0;0;0;0;0;0;0;0;0;3807;0;0;126;0;202;0;
15115;15303195;1196470272;18567168;1331007488;0;0;0;0;0;0;0;0;0;0;0;4659;0;0;126;0;202;0;
15116;17915913;1196478464;18558976;1330999296;0;0;0;0;0;0;0;0;0;0;0;3457;0;0;126;0;202;0;
15117;10290916;1196478464;18558976;1330999296;0;0;0;0;0;0;0;0;0;0;0;3556;0;0;126;0;202;0;
15118;6720591;1196478464;18558976;1330999296;0;0;0;0;0;0;0;0;0;0;0;3637;0;0;126;0;202;0;
15119;10705674;1196478464;18558976;1330999296;0;0;0;0;0;0;0;0;0;0;0;3607;0;0;126;0;202;0;
15120;8788720;1196478464;18558976;1330999296;0;0;0;0;0;0;0;0;0;0;0;4368;0;0;126;0;202;0;
15121;8545042;1196478464;18558976;1330999296;0;0;0;0;0;0;0;0;0;0;0;3637;0;0;126;0;202;0;
15122;6548880;1196478464;18558976;1330999296;0;0;0;0;0;0;0;0;0;0;0;3887;0;0;126;0;202;0;
15123;11355192;1196478464;18558976;1330999296;0;0;0;0;0;0;0;0;0;0;0;4358;0;0;126;0;202;0;
15124;8592431;1196478464;18558976;1330999296;0;0;0;0;0;0;0;0;0;0;0;3516;0;0;126;0;202;0;
15125;9057473;1196478464;18558976;1330999296;0;0;0;0;0;0;0;0;0;0;0;2916;0;0;126;0;202;0;
15126;9541100;1196478464;18558976;1330999296;0;0;0;0;0;0;0;0;0;0;0;4228;0;0;126;0;202;0;
15127;10477857;1196478464;18558976;1330999296;0;0;0;0;0;0;0;0;0;0;0;5050;0;0;126;0;202;0;
15128;4704291;1196478464;18558976;1330999296;0;0;0;0;0;0;0;0;0;0;0;4378;0;0;126;0;202;0;
15129;10615785;1196478464;18558976;1330999296;0;0;0;0;0;0;0;0;0;0;0;3607;0;0;126;0;202;0;
15130;10253015;1196478464;18558976;1330999296;0;0;0;0;0;0;0;0;0;0;0;4548;0;0;126;0;202;0;
15131;10374703;1196478464;18558976;1330999296;0;0;0;0;0;0;0;0;0;0;0;4549;0;0;126;0;202;0;
15132;9813361;1196478464;18558976;1330999296;0;0;0;0;0;0;0;0;0;0;0;3426;0;0;126;0;202;0;
15133;12500088;1196478464;18558976;1330999296;0;0;0;0;0;0;0;0;0;0;0;3757;0;0;126;0;202;0;
15134;10426310;1196478464;18558976;1330999296;0;0;0;0;0;0;0;0;0;0;0;3596;0;0;126;0;202;0;
15135;7537713;1196478464;18558976;1330999296;0;0;0;0;0;0;0;0;0;0;0;2594;0;0;126;0;202;0;
15136;5297092;1196478464;18558976;1330999296;0;0;0;0;0;0;0;0;0;0;0;3536;0;0;126;0;202;0;
15137;9460369;1196478464;18558976;1330999296;0;0;0;0;0;0;0;0;0;0;0;2324;0;0;126;0;202;0;
15138;7631209;1196478464;18558976;1330999296;0;0;0;0;0;0;0;0;0;0;0;3857;0;0;126;0;202;0;
15139;7069135;1196478464;18558976;1330999296;0;0;0;0;0;0;0;0;0;0;0;2384;0;0;126;0;202;0;
15140;7271043;1196478464;18558976;1330999296;0;0;0;0;0;0;0;0;0;0;0;4599;0;0;126;0;202;0;
15141;7266685;1196478464;18558976;1330999296;0;0;0;0;0;0;0;0;0;0;0;3216;0;0;126;0;202;0;
15142;6035617;1196478464;18558976;1330999296;0;0;0;0;0;0;0;0;0;0;0;4499;0;0;126;0;202;0;
15143;7883682;1196478464;18558976;1330999296;0;0;0;0;0;0;0;0;0;0;0;3416;0;0;126;0;202;0;
15144;7388364;1196478464;18558976;1330999296;0;0;0;0;0;0;0;0;0;0;0;3516;0;0;126;0;202;0;
15145;9118318;1196478464;18558976;1330999296;0;0;0;0;0;0;0;0;0;0;0;3997;0;0;126;0;202;0;
15146;6317846;1196478464;18558976;1330999296;0;0;0;0;0;0;0;0;0;0;0;3567;0;0;126;0;202;0;
15147;10022101;1196478464;18558976;1330999296;0;0;0;0;0;0;0;0;0;0;0;3717;0;0;126;0;202;0;
15148;5015775;1196478464;18558976;1330999296;0;0;0;0;0;0;0;0;0;0;0;5139;0;0;126;0;202;0;
15149;9520682;1196478464;18558976;1330999296;0;0;0;0;0;0;0;0;0;0;0;3837;0;0;126;0;202;0;
15150;4098214;1196478464;18558976;1330999296;0;0;0;0;0;0;0;0;0;0;0;3768;0;0;126;0;202;0;
15151;7720055;1196478464;18558976;1330999296;0;0;0;0;0;0;0;0;0;0;0;3196;0;0;126;0;202;0;
15152;3939457;1196478464;18558976;1330999296;0;0;0;0;0;0;0;0;0;0;0;3336;0;0;126;0;202;0;
15153;9103219;1196478464;18558976;1330999296;0;0;0;0;0;0;0;0;0;0;0;3888;0;0;126;0;202;0;
15154;6216476;1196478464;18558976;1330999296;0;0;0;0;0;0;0;0;0;0;0;3597;0;0;126;0;202;0;
15155;6673544;1196478464;18558976;1330999296;0;0;0;0;0;0;0;0;0;0;0;3637;0;0;126;0;202;0;
15156;4199915;1196478464;18558976;1330999296;0;0;0;0;0;0;0;0;0;0;0;3247;0;0;126;0;202;0;
15157;8825067;1196478464;18558976;1330999296;0;0;0;0;0;0;0;0;0;0;0;3286;0;0;126;0;202;0;
15158;5251928;1196478464;18558976;1330999296;0;0;0;0;0;0;0;0;0;0;0;3968;0;0;126;0;202;0;
15159;10617759;1196478464;18558976;1330999296;0;0;0;0;0;0;0;0;0;0;0;2234;0;0;126;0;202;0;
15160;6217799;1196478464;18558976;1330999296;0;0;0;0;0;0;0;0;0;0;0;3877;0;0;126;0;202;0;
15161;8482255;1196478464;18558976;1330999296;0;0;0;0;0;0;0;0;0;0;0;4579;0;0;126;0;202;0;
15162;3889894;1196478464;18558976;1330999296;0;0;0;0;0;0;0;0;0;0;0;4088;0;0;126;0;202;0;
15163;5772915;1196478464;18558976;1330999296;0;0;0;0;0;0;0;0;0;0;0;2295;0;0;126;0;202;0;
15164;4419947;1196478464;18558976;1330999296;0;0;0;0;0;0;0;0;0;0;0;3707;0;0;126;0;202;0;
15165;6750848;1196478464;18558976;1330999296;0;0;0;0;0;0;0;0;0;0;0;2865;0;0;126;0;202;0;
15166;6688040;1196478464;18558976;1330999296;0;0;0;0;0;0;0;0;0;0;0;4198;0;0;126;0;202;0;
15167;7838237;1196478464;18558976;1330999296;0;0;0;0;0;0;0;0;0;0;0;2575;0;0;126;0;202;0;
15168;5210410;1196478464;18558976;1330999296;0;0;0;0;0;0;0;0;0;0;0;3467;0;0;126;0;202;0;
15169;8792707;1196478464;18563072;1331003392;0;0;0;0;0;0;0;0;0;0;0;3286;0;0;126;0;202;0;
15170;9860349;1196478464;18567168;1331007488;0;0;0;0;0;0;0;0;0;0;0;3427;0;0;126;0;202;0;
15171;10380504;1196478464;18567168;1331007488;0;0;0;0;0;0;0;0;0;0;0;4318;0;0;126;0;202;0;
15172;6391465;1196478464;18567168;1331007488;0;0;0;0;0;0;0;0;0;0;0;4499;0;0;126;0;202;0;
15173;11749711;1196478464;18567168;1331007488;0;0;0;0;0;0;0;0;0;0;0;4559;0;0;126;0;202;0;
15174;7913368;1196478464;18567168;1331007488;0;0;0;0;0;0;0;0;0;0;0;3787;0;0;126;0;202;0;
15175;7021686;1196478464;18567168;1331007488;0;0;0;0;0;0;0;0;0;0;0;3146;0;0;126;0;202;0;
15176;6308389;1196494848;18558976;1330999296;0;0;0;0;0;0;0;0;0;0;0;4379;0;0;126;0;202;0;
15177;10498485;1196494848;18558976;1330999296;0;0;0;0;0;0;0;0;0;0;0;3647;0;0;126;0;202;0;
15178;6016601;1196494848;18558976;1330999296;0;0;0;0;0;0;0;0;0;0;0;4960;0;0;126;0;202;0;
15179;5715637;1196494848;18558976;1330999296;0;0;0;0;0;0;0;0;0;0;0;1823;0;0;126;0;202;0;
15180;6426480;1196494848;18558976;1330999296;0;0;0;0;0;0;0;0;0;0;0;4218;0;0;126;0;202;0;
15181;9472110;1196494848;18558976;1330999296;0;0;0;0;0;0;0;0;0;0;0;3627;0;0;126;0;202;0;
15182;6007785;1196494848;18558976;1330999296;0;0;0;0;0;0;0;0;0;0;0;3757;0;0;126;0;202;0;
15183;7314926;1196494848;18558976;1330999296;0;0;0;0;0;0;0;0;0;0;0;2614;0;0;126;0;202;0;
15184;10028784;1196494848;18558976;1330999296;0;0;0;0;0;0;0;0;0;0;0;3417;0;0;126;0;202;0;
15185;8673944;1196494848;18558976;1330999296;0;0;0;0;0;0;0;0;0;0;0;3376;0;0;126;0;202;0;
15186;4604543;1196494848;18558976;1330999296;0;0;0;0;0;0;0;0;0;0;0;3366;0;0;126;0;202;0;
15187;6140464;1196494848;18558976;1330999296;0;0;0;0;0;0;0;0;0;0;0;2455;0;0;126;0;202;0;
15188;8384381;1196494848;18558976;1330999296;0;0;0;0;0;0;0;0;0;0;0;3266;0;0;126;0;202;0;
15189;6782357;1196494848;18558976;1330999296;0;0;0;0;0;0;0;0;0;0;0;3546;0;0;126;0;202;0;
15190;5523006;1196494848;18558976;1330999296;0;0;0;0;0;0;0;0;0;0;0;3887;0;0;126;0;202;0;
15191;6939141;1196494848;18558976;1330999296;0;0;0;0;0;0;0;0;0;0;0;4138;0;0;126;0;202;0;
15192;7092689;1196494848;18558976;1330999296;0;0;0;0;0;0;0;0;0;0;0;3977;0;0;126;0;202;0;
15193;9831104;1196494848;18558976;1330999296;0;0;0;0;0;0;0;0;0;0;0;3156;0;0;126;0;202;0;
15194;4551364;1196494848;18558976;1330999296;0;0;0;0;0;0;0;0;0;0;0;3877;0;0;126;0;202;0;
15195;9852995;1196494848;18558976;1330999296;0;0;0;0;0;0;0;0;0;0;0;2534;0;0;126;0;202;0;
15196;5427748;1196494848;18558976;1330999296;0;0;0;0;0;0;0;0;0;0;0;3276;0;0;126;0;202;0;
15197;8052930;1196494848;18558976;1330999296;0;0;0;0;0;0;0;0;0;0;0;2895;0;0;126;0;202;0;
15198;6711956;1196494848;18558976;1330999296;0;0;0;0;0;0;0;0;0;0;0;4238;0;0;126;0;202;0;
15199;7657919;1196494848;18558976;1330999296;0;0;0;0;0;0;0;0;0;0;0;2214;0;0;126;0;202;0;
15200;7358598;1196494848;18558976;1330999296;0;0;0;0;0;0;0;0;0;0;0;4388;0;0;126;0;202;0;
15201;6958337;1196494848;18558976;1330999296;0;0;0;0;0;0;0;0;0;0;0;3817;0;0;126;0;202;0;
15202;4230773;1196494848;18558976;1330999296;0;0;0;0;0;0;0;0;0;0;0;3717;0;0;126;0;202;0;
15203;4662963;1196494848;18558976;1330999296;0;0;0;0;0;0;0;0;0;0;0;1984;0;0;126;0;202;0;
15204;6035707;1196494848;18558976;1330999296;0;0;0;0;0;0;0;0;0;0;0;3657;0;0;126;0;202;0;
15205;7273759;1196494848;18558976;1330999296;0;0;0;0;0;0;0;0;0;0;0;3186;0;0;126;0;202;0;
15206;5093090;1196494848;18558976;1330999296;0;0;0;0;0;0;0;0;0;0;0;4318;0;0;126;0;202;0;
15207;7873032;1196494848;18558976;1330999296;0;0;0;0;0;0;0;0;0;0;0;3617;0;0;126;0;202;0;
15208;2651432;1196494848;18558976;1330999296;0;0;0;0;0;0;0;0;0;0;0;3277;0;0;126;0;202;0;
15209;5245015;1196494848;18558976;1330999296;0;0;0;0;0;0;0;0;0;0;0;2525;0;0;126;0;202;0;
15210;6704361;1196494848;18558976;1330999296;0;0;0;0;0;0;0;0;0;0;0;3777;0;0;126;0;202;0;
15211;8458591;1196494848;18558976;1330999296;0;0;0;0;0;0;0;0;0;0;0;4098;0;0;126;0;202;0;
15212;5611572;1196494848;18558976;1330999296;0;0;0;0;0;0;0;0;0;0;0;4408;0;0;126;0;202;0;
15213;8520336;1196494848;18558976;1330999296;0;0;0;0;0;0;0;0;0;0;0;4309;0;0;126;0;202;0;
15214;6375564;1196494848;18558976;1330999296;0;0;0;0;0;0;0;0;0;0;0;3246;0;0;126;0;202;0;
15215;8724920;1196494848;18558976;1330999296;0;0;0;0;0;0;0;0;0;0;0;4639;0;0;126;0;202;0;
15216;6087625;1196494848;18558976;1330999296;0;0;0;0;0;0;0;0;0;0;0;4378;0;0;126;0;202;0;
15217;10729178;1196494848;18558976;1330999296;0;0;0;0;0;0;0;0;0;0;0;3787;0;0;126;0;202;0;
15218;7994600;1196494848;18558976;1330999296;0;0;0;0;0;0;0;0;0;0;0;3306;0;0;126;0;202;0;
15219;6075592;1196494848;18558976;1330999296;0;0;0;0;0;0;0;0;0;0;0;1843;0;0;126;0;202;0;
15220;8418925;1196494848;18558976;1330999296;0;0;0;0;0;0;0;0;0;0;0;4429;0;0;126;0;202;0;
15221;11645426;1196494848;18558976;1330999296;0;0;0;0;0;0;0;0;0;0;0;4749;0;0;126;0;202;0;
15222;7304857;1196494848;18558976;1330999296;0;0;0;0;0;0;0;0;0;0;0;3677;0;0;126;0;202;0;
15223;12375845;1196494848;18558976;1330999296;0;0;0;0;0;0;0;0;0;0;0;3306;0;0;126;0;202;0;
15224;8565691;1196494848;18558976;1330999296;0;0;0;0;0;0;0;0;0;0;0;3216;0;0;126;0;202;0;
15225;8926578;1196494848;18558976;1330999296;0;0;0;0;0;0;0;0;0;0;0;2926;0;0;126;0;202;0;
15226;9580113;1196494848;18558976;1330999296;0;0;0;0;0;0;0;0;0;0;0;3637;0;0;126;0;202;0;
15227;7538896;1196494848;18558976;1330999296;0;0;0;0;0;0;0;0;0;0;0;3737;0;0;126;0;202;0;
15228;8619172;1196494848;18558976;1330999296;0;0;0;0;0;0;0;0;0;0;0;3196;0;0;126;0;202;0;
15229;9888681;1196494848;18558976;1330999296;0;0;0;0;0;0;0;0;0;0;0;3277;0;0;126;0;202;0;
15230;6566333;1196494848;18558976;1330999296;0;0;0;0;0;0;0;0;0;0;0;3326;0;0;126;0;202;0;
15231;6514375;1196494848;18558976;1330999296;0;0;0;0;0;0;0;0;0;0;0;2625;0;0;126;0;202;0;
15232;5915462;1196494848;18558976;1330999296;0;0;0;0;0;0;0;0;0;0;0;3196;0;0;126;0;202;0;
15233;9870969;1196494848;18558976;1330999296;0;0;0;0;0;0;0;0;0;0;0;3387;0;0;126;0;202;0;
15234;5850450;1196494848;18558976;1330999296;0;0;0;0;0;0;0;0;0;0;0;3437;0;0;126;0;202;0;
15235;6593113;1196494848;18558976;1330999296;0;0;0;0;0;0;0;0;0;0;0;2455;0;0;126;0;202;0;
15236;6812063;1196494848;18558976;1330999296;0;0;0;0;0;0;0;0;0;0;0;4459;0;0;126;0;202;0;
15237;7860489;1196494848;18558976;1330999296;0;0;0;0;0;0;0;0;0;0;0;4228;0;0;126;0;202;0;
15238;6176591;1196494848;18558976;1330999296;0;0;0;0;0;0;0;0;0;0;0;3156;0;0;126;0;202;0;
15239;8675107;1196494848;18558976;1330999296;0;0;0;0;0;0;0;0;0;0;0;2504;0;0;126;0;202;0;
15240;6181170;1196494848;18558976;1330999296;0;0;0;0;0;0;0;0;0;0;0;3447;0;0;126;0;202;0;
15241;9035812;1196494848;18558976;1330999296;0;0;0;0;0;0;0;0;0;0;0;3156;0;0;126;0;202;0;
15242;3151569;1196494848;18558976;1330999296;0;0;0;0;0;0;0;0;0;0;0;3667;0;0;126;0;202;0;
15243;7232361;1196494848;18558976;1330999296;0;0;0;0;0;0;0;0;0;0;0;2484;0;0;126;0;202;0;
15244;4689563;1196494848;18558976;1330999296;0;0;0;0;0;0;0;0;0;0;0;3536;0;0;126;0;202;0;
15245;8972494;1196494848;18558976;1330999296;0;0;0;0;0;0;0;0;0;0;0;3186;0;0;126;0;202;0;
15246;3427376;1196494848;18558976;1330999296;0;0;0;0;0;0;0;0;0;0;0;2945;0;0;126;0;202;0;
15247;6956473;1196494848;18558976;1330999296;0;0;0;0;0;0;0;0;0;0;0;2165;0;0;126;0;202;0;
15248;3849639;1196494848;18558976;1330999296;0;0;0;0;0;0;0;0;0;0;0;3427;0;0;126;0;202;0;
15249;6991810;1196494848;18558976;1330999296;0;0;0;0;0;0;0;0;0;0;0;4038;0;0;126;0;202;0;
15250;8033002;1196494848;18558976;1330999296;0;0;0;0;0;0;0;0;0;0;0;3677;0;0;126;0;202;0;
15251;5415084;1196494848;18558976;1330999296;0;0;0;0;0;0;0;0;0;0;0;2816;0;0;126;0;202;0;
15252;4801323;1196494848;18558976;1330999296;0;0;0;0;0;0;0;0;0;0;0;3556;0;0;126;0;202;0;
15253;7570264;1196494848;18558976;1330999296;0;0;0;0;0;0;0;0;0;0;0;3186;0;0;126;0;202;0;
15254;4509596;1196494848;18558976;1330999296;0;0;0;0;0;0;0;0;0;0;0;4248;0;0;126;0;202;0;
15255;6876443;1196494848;18558976;1330999296;0;0;0;0;0;0;0;0;0;0;0;2655;0;0;126;0;202;0;
15256;4925446;1196494848;18558976;1330999296;0;0;0;0;0;0;0;0;0;0;0;3817;0;0;126;0;202;0;
15257;5091026;1196494848;18558976;1330999296;0;0;0;0;0;0;0;0;0;0;0;1983;0;0;126;0;202;0;
15258;6054623;1196494848;18558976;1330999296;0;0;0;0;0;0;0;0;0;0;0;4539;0;0;126;0;202;0;
15259;6583985;1196494848;18558976;1330999296;0;0;0;0;0;0;0;0;0;0;0;2505;0;0;126;0;202;0;
15260;5302132;1196494848;18558976;1330999296;0;0;0;0;0;0;0;0;0;0;0;4248;0;0;126;0;202;0;
15261;7081799;1196494848;18558976;1330999296;0;0;0;0;0;0;0;0;0;0;0;3186;0;0;126;0;202;0;
15262;4237015;1196494848;18558976;1330999296;0;0;0;0;0;0;0;0;0;0;0;3757;0;0;126;0;202;0;
15263;6002746;1196494848;18558976;1330999296;0;0;0;0;0;0;0;0;0;0;0;2485;0;0;126;0;202;0;
15264;3765170;1196494848;18558976;1330999296;0;0;0;0;0;0;0;0;0;0;0;3166;0;0;126;0;202;0;
15265;7796579;1196494848;18558976;1330999296;0;0;0;0;0;0;0;0;0;0;0;2735;0;0;126;0;202;0;
15266;6054012;1196494848;18558976;1330999296;0;0;0;0;0;0;0;0;0;0;0;4479;0;0;126;0;202;0;
15267;6959278;1196494848;18558976;1330999296;0;0;0;0;0;0;0;0;0;0;0;3076;0;0;126;0;202;0;
15268;5083652;1196494848;18558976;1330999296;0;0;0;0;0;0;0;0;0;0;0;3417;0;0;126;0;202;0;
15269;7082951;1196494848;18558976;1330999296;0;0;0;0;0;0;0;0;0;0;0;4058;0;0;126;0;202;0;
15270;3072682;1196494848;18558976;1330999296;0;0;0;0;0;0;0;0;0;0;0;3226;0;0;126;0;202;0;
15271;8130956;1196494848;18558976;1330999296;0;0;0;0;0;0;0;0;0;0;0;3657;0;0;126;0;202;0;
15272;3859366;1196494848;18558976;1330999296;0;0;0;0;0;0;0;0;0;0;0;4379;0;0;126;0;202;0;
15273;6982532;1196494848;18558976;1330999296;0;0;0;0;0;0;0;0;0;0;0;2425;0;0;126;0;202;0;
15274;5595822;1196494848;18558976;1330999296;0;0;0;0;0;0;0;0;0;0;0;3897;0;0;126;0;202;0;
15275;7825092;1196494848;18558976;1330999296;0;0;0;0;0;0;0;0;0;0;0;3696;0;0;126;0;202;0;
15276;5695479;1196494848;18558976;1330999296;0;0;0;0;0;0;0;0;0;0;0;3777;0;0;126;0;202;0;
15277;7290169;1196494848;18558976;1330999296;0;0;0;0;0;0;0;0;0;0;0;4508;0;0;126;0;202;0;
15278;7269040;1196494848;18558976;1330999296;0;0;0;0;0;0;0;0;0;0;0;5079;0;0;126;0;202;0;
15279;7515241;1196494848;18558976;1330999296;0;0;0;0;0;0;0;0;0;0;0;4018;0;0;126;0;202;0;
15280;5039689;1196494848;18558976;1330999296;0;0;0;0;0;0;0;0;0;0;0;3947;0;0;126;0;202;0;
15281;7990453;1196494848;18558976;1330999296;0;0;0;0;0;0;0;0;0;0;0;3356;0;0;126;0;202;0;
15282;3255524;1196494848;18558976;1330999296;0;0;0;0;0;0;0;0;0;0;0;3025;0;0;126;0;202;0;
15283;6439134;1196494848;18558976;1330999296;0;0;0;0;0;0;0;0;0;0;0;2635;0;0;126;0;202;0;
15284;7148624;1196494848;18558976;1330999296;0;0;0;0;0;0;0;0;0;0;0;3837;0;0;126;0;202;0;
15285;7909641;1196494848;18558976;1330999296;0;0;0;0;0;0;0;0;0;0;0;3216;0;0;126;0;202;0;
15286;6162024;1196494848;18558976;1330999296;0;0;0;0;0;0;0;0;0;0;0;4980;0;0;126;0;202;0;
15287;6667361;1196494848;18558976;1330999296;0;0;0;0;0;0;0;0;0;0;0;3697;0;0;126;0;202;0;
15288;5790497;1196494848;18558976;1330999296;0;0;0;0;0;0;0;0;0;0;0;4349;0;0;126;0;202;0;
15289;7611883;1196494848;18558976;1330999296;0;0;0;0;0;0;0;0;0;0;0;2074;0;0;126;0;202;0;
15290;6146545;1196494848;18558976;1330999296;0;0;0;0;0;0;0;0;0;0;0;3146;0;0;126;0;202;0;
15291;6471434;1196494848;18558976;1330999296;0;0;0;0;0;0;0;0;0;0;0;2625;0;0;126;0;202;0;
15292;5750943;1196494848;18558976;1330999296;0;0;0;0;0;0;0;0;0;0;0;3917;0;0;126;0;202;0;
15293;8648907;1196494848;18558976;1330999296;0;0;0;0;0;0;0;0;0;0;0;4198;0;0;126;0;202;0;
15294;6935024;1196494848;18558976;1330999296;0;0;0;0;0;0;0;0;0;0;0;4278;0;0;126;0;202;0;
15295;10033423;1196494848;18558976;1330999296;0;0;0;0;0;0;0;0;0;0;0;4609;0;0;126;0;202;0;
15296;6421851;1196494848;18558976;1330999296;0;0;0;0;0;0;0;0;0;0;0;4068;0;0;126;0;202;0;
15297;9280381;1196494848;18558976;1330999296;0;0;0;0;0;0;0;0;0;0;0;5490;0;0;126;0;202;0;
15298;7065398;1196494848;18558976;1330999296;0;0;0;0;0;0;0;0;0;0;0;5150;0;0;126;0;202;0;
15299;9018130;1196494848;18558976;1330999296;0;0;0;0;0;0;0;0;0;0;0;2274;0;0;126;0;202;0;
15300;5253721;1196494848;18558976;1330999296;0;0;0;0;0;0;0;0;0;0;0;4118;0;0;126;0;202;0;
15301;11463495;1196494848;18558976;1330999296;0;0;0;0;0;0;0;0;0;0;0;4529;0;0;126;0;202;0;
15302;13083622;1196494848;18558976;1330999296;0;0;0;0;0;0;0;0;0;0;0;4468;0;0;126;0;202;0;
15303;6905459;1196494848;18558976;1330999296;0;0;0;0;0;0;0;0;0;0;0;3216;0;0;126;0;202;0;
15304;7052453;1196494848;18558976;1330999296;0;0;0;0;0;0;0;0;0;0;0;4659;0;0;126;0;202;0;
15305;7592687;1196494848;18558976;1330999296;0;0;0;0;0;0;0;0;0;0;0;2805;0;0;126;0;202;0;
15306;6658796;1196494848;18558976;1330999296;0;0;0;0;0;0;0;0;0;0;0;4068;0;0;126;0;202;0;
15307;9278317;1196494848;18558976;1330999296;0;0;0;0;0;0;0;0;0;0;0;4037;0;0;126;0;202;0;
15308;6789971;1196494848;18558976;1330999296;0;0;0;0;0;0;0;0;0;0;0;3847;0;0;126;0;202;0;
15309;7673238;1196494848;18558976;1330999296;0;0;0;0;0;0;0;0;0;0;0;2114;0;0;126;0;202;0;
15310;5743239;1196494848;18558976;1330999296;0;0;0;0;0;0;0;0;0;0;0;4138;0;0;126;0;202;0;
15311;11637491;1196494848;18563072;1331003392;0;0;0;0;0;0;0;0;0;0;0;3436;0;0;126;0;202;0;
15312;6529013;1196494848;18567168;1331007488;0;0;0;0;0;0;0;0;0;0;0;4178;0;0;126;0;202;0;
15313;8780905;1196494848;18567168;1331007488;0;0;0;0;0;0;0;0;0;0;0;2986;0;0;126;0;202;0;
15314;6264606;1196494848;18567168;1331007488;0;0;0;0;0;0;0;0;0;0;0;4639;0;0;126;0;202;0;
15315;6164188;1196494848;18567168;1331007488;0;0;0;0;0;0;0;0;0;0;0;2686;0;0;126;0;202;0;
15316;6229511;1196494848;18567168;1331007488;0;0;0;0;0;0;0;0;0;0;0;4088;0;0;126;0;202;0;
15317;7617293;1196494848;18567168;1331007488;0;0;0;0;0;0;0;0;0;0;0;4278;0;0;126;0;202;0;
15318;4527339;1196544000;18558976;1330999296;0;0;0;0;0;0;0;0;0;0;0;3847;0;0;126;0;202;0;
15319;7899572;1196544000;18558976;1330999296;0;0;0;0;0;0;0;0;0;0;0;3908;0;0;126;0;202;0;
15320;5669420;1196544000;18558976;1330999296;0;0;0;0;0;0;0;0;0;0;0;3717;0;0;126;0;202;0;
15321;9257899;1196544000;18558976;1330999296;0;0;0;0;0;0;0;0;0;0;0;3115;0;0;126;0;202;0;
15322;8693721;1196544000;18558976;1330999296;0;0;0;0;0;0;0;0;0;0;0;4589;0;0;126;0;202;0;
15323;8066044;1196544000;18558976;1330999296;0;0;0;0;0;0;0;0;0;0;0;3186;0;0;126;0;202;0;
15324;6657634;1196544000;18558976;1330999296;0;0;0;0;0;0;0;0;0;0;0;4148;0;0;126;0;202;0;
15325;8281518;1196544000;18558976;1330999296;0;0;0;0;0;0;0;0;0;0;0;3186;0;0;126;0;202;0;
15326;6089548;1196544000;18558976;1330999296;0;0;0;0;0;0;0;0;0;0;0;4579;0;0;126;0;202;0;
15327;8343594;1196544000;18558976;1330999296;0;0;0;0;0;0;0;0;0;0;0;3838;0;0;126;0;202;0;
15328;5503981;1196544000;18558976;1330999296;0;0;0;0;0;0;0;0;0;0;0;4919;0;0;126;0;202;0;
15329;10480782;1196544000;18558976;1330999296;0;0;0;0;0;0;0;0;0;0;0;3266;0;0;126;0;202;0;
15330;6759554;1196544000;18558976;1330999296;0;0;0;0;0;0;0;0;0;0;0;5290;0;0;126;0;202;0;
15331;9083772;1196544000;18558976;1330999296;0;0;0;0;0;0;0;0;0;0;0;3737;0;0;126;0;202;0;
15332;4641313;1196544000;18558976;1330999296;0;0;0;0;0;0;0;0;0;0;0;4789;0;0;126;0;202;0;
15333;6614572;1196544000;18558976;1330999296;0;0;0;0;0;0;0;0;0;0;0;2745;0;0;126;0;202;0;
15334;6380724;1196544000;18558976;1330999296;0;0;0;0;0;0;0;0;0;0;0;3106;0;0;126;0;202;0;
15335;7979311;1196544000;18558976;1330999296;0;0;0;0;0;0;0;0;0;0;0;2144;0;0;126;0;202;0;
15336;6516248;1196544000;18558976;1330999296;0;0;0;0;0;0;0;0;0;0;0;3838;0;0;126;0;202;0;
15337;9295770;1196544000;18558976;1330999296;0;0;0;0;0;0;0;0;0;0;0;4448;0;0;126;0;202;0;
15338;6373270;1196544000;18558976;1330999296;0;0;0;0;0;0;0;0;0;0;0;4128;0;0;126;0;202;0;
15339;9472772;1196544000;18558976;1330999296;0;0;0;0;0;0;0;0;0;0;0;26680;0;0;126;0;202;0;
15340;7471339;1196544000;18558976;1330999296;0;0;0;0;0;0;0;0;0;0;0;4438;0;0;126;0;202;0;
15341;9905063;1196544000;18558976;1330999296;0;0;0;0;0;0;0;0;0;0;0;3566;0;0;126;0;202;0;
15342;8068038;1196544000;18558976;1330999296;0;0;0;0;0;0;0;0;0;0;0;4759;0;0;126;0;202;0;
15343;6021650;1196544000;18558976;1330999296;0;0;0;0;0;0;0;0;0;0;0;1764;0;0;126;0;202;0;
15344;7872040;1196544000;18558976;1330999296;0;0;0;0;0;0;0;0;0;0;0;4579;0;0;126;0;202;0;
15345;9792311;1196544000;18558976;1330999296;0;0;0;0;0;0;0;0;0;0;0;3957;0;0;126;0;202;0;
15346;9847254;1196544000;18558976;1330999296;0;0;0;0;0;0;0;0;0;0;0;5350;0;0;126;0;202;0;
15347;9725425;1196544000;18558976;1330999296;0;0;0;0;0;0;0;0;0;0;0;4048;0;0;126;0;202;0;
15348;6691407;1196544000;18558976;1330999296;0;0;0;0;0;0;0;0;0;0;0;4008;0;0;126;0;202;0;
15349;8858119;1196544000;18558976;1330999296;0;0;0;0;0;0;0;0;0;0;0;3737;0;0;126;0;202;0;
15350;4765445;1196544000;18558976;1330999296;0;0;0;0;0;0;0;0;0;0;0;3336;0;0;126;0;202;0;
15351;7458004;1196544000;18558976;1330999296;0;0;0;0;0;0;0;0;0;0;0;4478;0;0;126;0;202;0;
15352;5874205;1196544000;18558976;1330999296;0;0;0;0;0;0;0;0;0;0;0;4769;0;0;126;0;202;0;
15353;10539682;1196544000;18558976;1330999296;0;0;0;0;0;0;0;0;0;0;0;4038;0;0;126;0;202;0;
15354;5685541;1196544000;18558976;1330999296;0;0;0;0;0;0;0;0;0;0;0;4498;0;0;126;0;202;0;
15355;9182537;1196544000;18558976;1330999296;0;0;0;0;0;0;0;0;0;0;0;3818;0;0;126;0;202;0;
15356;6534252;1196544000;18558976;1330999296;0;0;0;0;0;0;0;0;0;0;0;3647;0;0;126;0;202;0;
15357;9639665;1196544000;18558976;1330999296;0;0;0;0;0;0;0;0;0;0;0;3677;0;0;126;0;202;0;
15358;7138004;1196544000;18558976;1330999296;0;0;0;0;0;0;0;0;0;0;0;4018;0;0;126;0;202;0;
15359;7613405;1196544000;18558976;1330999296;0;0;0;0;0;0;0;0;0;0;0;1392;0;0;126;0;202;0;
15360;7212995;1196544000;18558976;1330999296;0;0;0;0;0;0;0;0;0;0;0;4338;0;0;126;0;202;0;
15361;8138710;1196544000;18558976;1330999296;0;0;0;0;0;0;0;0;0;0;0;2946;0;0;126;0;202;0;
15362;6574307;1196544000;18558976;1330999296;0;0;0;0;0;0;0;0;0;0;0;3737;0;0;126;0;202;0;
15363;9127084;1196544000;18558976;1330999296;0;0;0;0;0;0;0;0;0;0;0;2244;0;0;126;0;202;0;
15364;4398548;1196544000;18558976;1330999296;0;0;0;0;0;0;0;0;0;0;0;3917;0;0;126;0;202;0;
15365;9677245;1196544000;18558976;1330999296;0;0;0;0;0;0;0;0;0;0;0;3757;0;0;126;0;202;0;
15366;5174612;1196544000;18558976;1330999296;0;0;0;0;0;0;0;0;0;0;0;3918;0;0;126;0;202;0;
15367;8642595;1196544000;18558976;1330999296;0;0;0;0;0;0;0;0;0;0;0;1663;0;0;126;0;202;0;
15368;6374282;1196544000;18558976;1330999296;0;0;0;0;0;0;0;0;0;0;0;3676;0;0;126;0;202;0;
15369;11900574;1196544000;18558976;1330999296;0;0;0;0;0;0;0;0;0;0;0;4308;0;0;126;0;202;0;
15370;5399364;1196544000;18558976;1330999296;0;0;0;0;0;0;0;0;0;0;0;4278;0;0;126;0;202;0;
15371;9549035;1196544000;18558976;1330999296;0;0;0;0;0;0;0;0;0;0;0;3617;0;0;126;0;202;0;
15372;5979732;1196544000;18558976;1330999296;0;0;0;0;0;0;0;0;0;0;0;3657;0;0;126;0;202;0;
15373;8243257;1196544000;18558976;1330999296;0;0;0;0;0;0;0;0;0;0;0;3146;0;0;126;0;202;0;
15374;8750047;1196544000;18558976;1330999296;0;0;0;0;0;0;0;0;0;0;0;4008;0;0;126;0;202;0;
15375;10575750;1196544000;18558976;1330999296;0;0;0;0;0;0;0;0;0;0;0;4058;0;0;126;0;202;0;
15376;8482796;1196544000;18558976;1330999296;0;0;0;0;0;0;0;0;0;0;0;3977;0;0;126;0;202;0;
15377;9151259;1196544000;18558976;1330999296;0;0;0;0;0;0;0;0;0;0;0;3377;0;0;126;0;202;0;
15378;7069616;1196544000;18558976;1330999296;0;0;0;0;0;0;0;0;0;0;0;4118;0;0;126;0;202;0;
15379;11334603;1196544000;18558976;1330999296;0;0;0;0;0;0;0;0;0;0;0;4007;0;0;126;0;202;0;
15380;8686919;1196544000;18558976;1330999296;0;0;0;0;0;0;0;0;0;0;0;4008;0;0;126;0;202;0;
15381;7885075;1196544000;18558976;1330999296;0;0;0;0;0;0;0;0;0;0;0;2705;0;0;126;0;202;0;
15382;8589175;1196544000;18558976;1330999296;0;0;0;0;0;0;0;0;0;0;0;3677;0;0;126;0;202;0;
15383;6925346;1196544000;18558976;1330999296;0;0;0;0;0;0;0;0;0;0;0;3136;0;0;126;0;202;0;
15384;5865699;1196544000;18558976;1330999296;0;0;0;0;0;0;0;0;0;0;0;4409;0;0;126;0;202;0;
15385;8355036;1196544000;18558976;1330999296;0;0;0;0;0;0;0;0;0;0;0;2865;0;0;126;0;202;0;
15386;7853556;1196544000;18558976;1330999296;0;0;0;0;0;0;0;0;0;0;0;2785;0;0;126;0;202;0;
15387;8746911;1196544000;18558976;1330999296;0;0;0;0;0;0;0;0;0;0;0;4579;0;0;126;0;202;0;
15388;7711339;1196544000;18558976;1330999296;0;0;0;0;0;0;0;0;0;0;0;4078;0;0;126;0;202;0;
15389;10469530;1196544000;18558976;1330999296;0;0;0;0;0;0;0;0;0;0;0;4329;0;0;126;0;202;0;
15390;6419807;1196544000;18558976;1330999296;0;0;0;0;0;0;0;0;0;0;0;4759;0;0;126;0;202;0;
15391;6924524;1196544000;18558976;1330999296;0;0;0;0;0;0;0;0;0;0;0;4459;0;0;126;0;202;0;
15392;7790447;1196544000;18558976;1330999296;0;0;0;0;0;0;0;0;0;0;0;5099;0;0;126;0;202;0;
15393;9276955;1196544000;18558976;1330999296;0;0;0;0;0;0;0;0;0;0;0;3998;0;0;126;0;202;0;
15394;7971737;1196544000;18558976;1330999296;0;0;0;0;0;0;0;0;0;0;0;3267;0;0;126;0;202;0;
15395;11076980;1196544000;18558976;1330999296;0;0;0;0;0;0;0;0;0;0;0;4338;0;0;126;0;202;0;
15396;7302984;1196544000;18558976;1330999296;0;0;0;0;0;0;0;0;0;0;0;3717;0;0;126;0;202;0;
15397;10030508;1196544000;18558976;1330999296;0;0;0;0;0;0;0;0;0;0;0;4518;0;0;126;0;202;0;
15398;7658280;1196544000;18558976;1330999296;0;0;0;0;0;0;0;0;0;0;0;2946;0;0;126;0;202;0;
15399;8441859;1196544000;18558976;1330999296;0;0;0;0;0;0;0;0;0;0;0;3456;0;0;126;0;202;0;
15400;8560241;1196544000;18558976;1330999296;0;0;0;0;0;0;0;0;0;0;0;4398;0;0;126;0;202;0;
15401;8104627;1196544000;18558976;1330999296;0;0;0;0;0;0;0;0;0;0;0;4778;0;0;126;0;202;0;
15402;8994736;1196544000;18558976;1330999296;0;0;0;0;0;0;0;0;0;0;0;3576;0;0;126;0;202;0;
15403;8398427;1196544000;18558976;1330999296;0;0;0;0;0;0;0;0;0;0;0;3466;0;0;126;0;202;0;
15404;5026976;1196544000;18558976;1330999296;0;0;0;0;0;0;0;0;0;0;0;3547;0;0;126;0;202;0;
15405;8214182;1196544000;18558976;1330999296;0;0;0;0;0;0;0;0;0;0;0;3537;0;0;126;0;202;0;
15406;8188684;1196544000;18558976;1330999296;0;0;0;0;0;0;0;0;0;0;0;4168;0;0;126;0;202;0;
15407;9528827;1196544000;18558976;1330999296;0;0;0;0;0;0;0;0;0;0;0;3757;0;0;126;0;202;0;
15408;6396904;1196544000;18558976;1330999296;0;0;0;0;0;0;0;0;0;0;0;3246;0;0;126;0;202;0;
15409;12456707;1196544000;18558976;1330999296;0;0;0;0;0;0;0;0;0;0;0;4969;0;0;126;0;202;0;
15410;8743956;1196544000;18558976;1330999296;0;0;0;0;0;0;0;0;0;0;0;3967;0;0;126;0;202;0;
15411;9074796;1196544000;18558976;1330999296;0;0;0;0;0;0;0;0;0;0;0;4559;0;0;126;0;202;0;
15412;6492674;1196544000;18558976;1330999296;0;0;0;0;0;0;0;0;0;0;0;4819;0;0;126;0;202;0;
15413;12666099;1196544000;18558976;1330999296;0;0;0;0;0;0;0;0;0;0;0;3907;0;0;126;0;202;0;
15414;11550898;1196544000;18558976;1330999296;0;0;0;0;0;0;0;0;0;0;0;4469;0;0;126;0;202;0;
15415;6744747;1196544000;18558976;1330999296;0;0;0;0;0;0;0;0;0;0;0;3667;0;0;126;0;202;0;
15416;8051757;1196544000;18558976;1330999296;0;0;0;0;0;0;0;0;0;0;0;3517;0;0;126;0;202;0;
15417;8707137;1196544000;18558976;1330999296;0;0;0;0;0;0;0;0;0;0;0;3757;0;0;126;0;202;0;
15418;4871454;1196544000;18558976;1330999296;0;0;0;0;0;0;0;0;0;0;0;3827;0;0;126;0;202;0;
15419;8292559;1196544000;18558976;1330999296;0;0;0;0;0;0;0;0;0;0;0;3556;0;0;126;0;202;0;
15420;7334713;1196544000;18558976;1330999296;0;0;0;0;0;0;0;0;0;0;0;3918;0;0;126;0;202;0;
15421;8771637;1196544000;18558976;1330999296;0;0;0;0;0;0;0;0;0;0;0;3336;0;0;126;0;202;0;
15422;6364013;1196544000;18558976;1330999296;0;0;0;0;0;0;0;0;0;0;0;3506;0;0;126;0;202;0;
15423;8062367;1196544000;18558976;1330999296;0;0;0;0;0;0;0;0;0;0;0;2746;0;0;126;0;202;0;
15424;6645090;1196544000;18558976;1330999296;0;0;0;0;0;0;0;0;0;0;0;3938;0;0;126;0;202;0;
15425;9354770;1196544000;18558976;1330999296;0;0;0;0;0;0;0;0;0;0;0;2935;0;0;126;0;202;0;
15426;3815394;1196544000;18558976;1330999296;0;0;0;0;0;0;0;0;0;0;0;3627;0;0;126;0;202;0;
15427;9083432;1196544000;18558976;1330999296;0;0;0;0;0;0;0;0;0;0;0;2094;0;0;126;0;202;0;
15428;9176978;1196544000;18558976;1330999296;0;0;0;0;0;0;0;0;0;0;0;4498;0;0;126;0;202;0;
15429;7794034;1196544000;18558976;1330999296;0;0;0;0;0;0;0;0;0;0;0;4068;0;0;126;0;202;0;
15430;6732965;1196544000;18558976;1330999296;0;0;0;0;0;0;0;0;0;0;0;4488;0;0;126;0;202;0;
15431;8578505;1196544000;18558976;1330999296;0;0;0;0;0;0;0;0;0;0;0;3967;0;0;126;0;202;0;
15432;5076268;1196544000;18558976;1330999296;0;0;0;0;0;0;0;0;0;0;0;4037;0;0;126;0;202;0;
15433;9509190;1196544000;18558976;1330999296;0;0;0;0;0;0;0;0;0;0;0;3316;0;0;126;0;202;0;
15434;8134001;1196544000;18558976;1330999296;0;0;0;0;0;0;0;0;0;0;0;3757;0;0;126;0;202;0;
15435;7388724;1196544000;18558976;1330999296;0;0;0;0;0;0;0;0;0;0;0;3035;0;0;126;0;202;0;
15436;5300889;1196544000;18558976;1330999296;0;0;0;0;0;0;0;0;0;0;0;3677;0;0;126;0;202;0;
15437;6868409;1196544000;18558976;1330999296;0;0;0;0;0;0;0;0;0;0;0;3076;0;0;126;0;202;0;
15438;4649788;1196544000;18558976;1330999296;0;0;0;0;0;0;0;0;0;0;0;3647;0;0;126;0;202;0;
15439;9861852;1196544000;18558976;1330999296;0;0;0;0;0;0;0;0;0;0;0;2835;0;0;126;0;202;0;
15440;3738570;1196544000;18558976;1330999296;0;0;0;0;0;0;0;0;0;0;0;3196;0;0;126;0;202;0;
15441;9144857;1196544000;18558976;1330999296;0;0;0;0;0;0;0;0;0;0;0;3817;0;0;126;0;202;0;
15442;5376060;1196544000;18558976;1330999296;0;0;0;0;0;0;0;0;0;0;0;3988;0;0;126;0;202;0;
15443;9104572;1196544000;18558976;1330999296;0;0;0;0;0;0;0;0;0;0;0;3086;0;0;126;0;202;0;
15444;7883442;1196544000;18558976;1330999296;0;0;0;0;0;0;0;0;0;0;0;3216;0;0;126;0;202;0;
15445;8154470;1196544000;18558976;1330999296;0;0;0;0;0;0;0;0;0;0;0;3286;0;0;126;0;202;0;
15446;5701691;1196544000;18558976;1330999296;0;0;0;0;0;0;0;0;0;0;0;3676;0;0;126;0;202;0;
15447;8081443;1196544000;18558976;1330999296;0;0;0;0;0;0;0;0;0;0;0;4309;0;0;126;0;202;0;
15448;8167153;1196544000;18558976;1330999296;0;0;0;0;0;0;0;0;0;0;0;3306;0;0;126;0;202;0;
15449;7827768;1196544000;18558976;1330999296;0;0;0;0;0;0;0;0;0;0;0;3517;0;0;126;0;202;0;
15450;6779983;1196544000;18558976;1330999296;0;0;0;0;0;0;0;0;0;0;0;4178;0;0;126;0;202;0;
15451;9189140;1196544000;18558976;1330999296;0;0;0;0;0;0;0;0;0;0;0;4278;0;0;126;0;202;0;
15452;7235667;1196544000;18558976;1330999296;0;0;0;0;0;0;0;0;0;0;0;4399;0;0;126;0;202;0;
15453;4505668;1196544000;18558976;1330999296;0;0;0;0;0;0;0;0;0;0;0;2254;0;0;126;0;202;0;
15454;7653701;1196544000;18558976;1330999296;0;0;0;0;0;0;0;0;0;0;0;3176;0;0;126;0;202;0;
15455;6181451;1196544000;18558976;1330999296;0;0;0;0;0;0;0;0;0;0;0;2695;0;0;126;0;202;0;
15456;8567444;1196544000;18558976;1330999296;0;0;0;0;0;0;0;0;0;0;0;3557;0;0;126;0;202;0;
15457;6422282;1196544000;18558976;1330999296;0;0;0;0;0;0;0;0;0;0;0;3266;0;0;126;0;202;0;
15458;8084298;1196544000;18558976;1330999296;0;0;0;0;0;0;0;0;0;0;0;3046;0;0;126;0;202;0;
15459;5959354;1196544000;18558976;1330999296;0;0;0;0;0;0;0;0;0;0;0;2604;0;0;126;0;202;0;
15460;7659622;1196544000;18558976;1330999296;0;0;0;0;0;0;0;0;0;0;0;4418;0;0;126;0;202;0;
15461;11558773;1196544000;18558976;1330999296;0;0;0;0;0;0;0;0;0;0;0;3667;0;0;126;0;202;0;
15462;5074185;1196544000;18558976;1330999296;0;0;0;0;0;0;0;0;0;0;0;3486;0;0;126;0;202;0;
15463;6529252;1196544000;18558976;1330999296;0;0;0;0;0;0;0;0;0;0;0;2464;0;0;126;0;202;0;
15464;6475973;1196544000;18558976;1330999296;0;0;0;0;0;0;0;0;0;0;0;3456;0;0;126;0;202;0;
15465;8822463;1196544000;18558976;1330999296;0;0;0;0;0;0;0;0;0;0;0;4018;0;0;126;0;202;0;
15466;5750663;1196544000;18558976;1330999296;0;0;0;0;0;0;0;0;0;0;0;2996;0;0;126;0;202;0;
15467;8452730;1196544000;18558976;1330999296;0;0;0;0;0;0;0;0;0;0;0;3216;0;0;126;0;202;0;
15468;4727324;1196544000;18558976;1330999296;0;0;0;0;0;0;0;0;0;0;0;3125;0;0;126;0;202;0;
15469;8281168;1196544000;18558976;1330999296;0;0;0;0;0;0;0;0;0;0;0;3136;0;0;126;0;202;0;
15470;6523722;1196544000;18558976;1330999296;0;0;0;0;0;0;0;0;0;0;0;4549;0;0;126;0;202;0;
15471;9003673;1196544000;18558976;1330999296;0;0;0;0;0;0;0;0;0;0;0;3697;0;0;126;0;202;0;
15472;3841433;1196544000;18558976;1330999296;0;0;0;0;0;0;0;0;0;0;0;3587;0;0;126;0;202;0;
15473;9791570;1196544000;18558976;1330999296;0;0;0;0;0;0;0;0;0;0;0;4048;0;0;126;0;202;0;
15474;4448762;1196544000;18558976;1330999296;0;0;0;0;0;0;0;0;0;0;0;3968;0;0;126;0;202;0;
15475;7736246;1196544000;18558976;1330999296;0;0;0;0;0;0;0;0;0;0;0;3386;0;0;126;0;202;0;
15476;3767034;1196544000;18558976;1330999296;0;0;0;0;0;0;0;0;0;0;0;3917;0;0;126;0;202;0;
15477;8496531;1196544000;18558976;1330999296;0;0;0;0;0;0;0;0;0;0;0;3847;0;0;126;0;202;0;
15478;4078628;1196544000;18558976;1330999296;0;0;0;0;0;0;0;0;0;0;0;4648;0;0;126;0;202;0;
15479;8435487;1196544000;18558976;1330999296;0;0;0;0;0;0;0;0;0;0;0;2274;0;0;126;0;202;0;
15480;4757561;1196544000;18558976;1330999296;0;0;0;0;0;0;0;0;0;0;0;4459;0;0;126;0;202;0;
15481;9267006;1196544000;18558976;1330999296;0;0;0;0;0;0;0;0;0;0;0;2715;0;0;126;0;202;0;
15482;3398602;1196544000;18558976;1330999296;0;0;0;0;0;0;0;0;0;0;0;3516;0;0;126;0;202;0;
15483;8711926;1196544000;18558976;1330999296;0;0;0;0;0;0;0;0;0;0;0;3026;0;0;126;0;202;0;
15484;3447734;1196544000;18558976;1330999296;0;0;0;0;0;0;0;0;0;0;0;4879;0;0;126;0;202;0;
15485;7723081;1196544000;18558976;1330999296;0;0;0;0;0;0;0;0;0;0;0;2225;0;0;126;0;202;0;
15486;4336692;1196544000;18558976;1330999296;0;0;0;0;0;0;0;0;0;0;0;4328;0;0;126;0;202;0;
15487;10279214;1196544000;18558976;1330999296;0;0;0;0;0;0;0;0;0;0;0;3456;0;0;126;0;202;0;
15488;7173100;1196544000;18558976;1330999296;0;0;0;0;0;0;0;0;0;0;0;4468;0;0;126;0;202;0;
15489;8973536;1196544000;18558976;1330999296;0;0;0;0;0;0;0;0;0;0;0;3857;0;0;126;0;202;0;
15490;5291612;1196544000;18558976;1330999296;0;0;0;0;0;0;0;0;0;0;0;3627;0;0;126;0;202;0;
15491;10070202;1196544000;18558976;1330999296;0;0;0;0;0;0;0;0;0;0;0;3737;0;0;126;0;202;0;
15492;6842560;1196544000;18558976;1330999296;0;0;0;0;0;0;0;0;0;0;0;4258;0;0;126;0;202;0;
15493;8659858;1196544000;18558976;1330999296;0;0;0;0;0;0;0;0;0;0;0;3497;0;0;126;0;202;0;
15494;4153649;1196544000;18558976;1330999296;0;0;0;0;0;0;0;0;0;0;0;3347;0;0;126;0;202;0;
15495;8946796;1196544000;18558976;1330999296;0;0;0;0;0;0;0;0;0;0;0;3787;0;0;126;0;202;0;
15496;6059722;1196544000;18558976;1330999296;0;0;0;0;0;0;0;0;0;0;0;9377;0;0;126;0;202;0;
15497;11835833;1196544000;18558976;1330999296;0;0;0;0;0;0;0;0;0;0;0;3126;0;0;126;0;202;0;
15498;7411807;1196544000;18558976;1330999296;0;0;0;0;0;0;0;0;0;0;0;4929;0;0;126;0;202;0;
15499;7634946;1196544000;18558976;1330999296;0;0;0;0;0;0;0;0;0;0;0;2826;0;0;126;0;202;0;
15500;6123643;1196544000;18558976;1330999296;0;0;0;0;0;0;0;0;0;0;0;3647;0;0;126;0;202;0;
15501;7763447;1196544000;18558976;1330999296;0;0;0;0;0;0;0;0;0;0;0;4158;0;0;126;0;202;0;
15502;7828017;1196544000;18558976;1330999296;0;0;0;0;0;0;0;0;0;0;0;3296;0;0;126;0;202;0;
15503;8447469;1196544000;18558976;1330999296;0;0;0;0;0;0;0;0;0;0;0;3427;0;0;126;0;202;0;
15504;8296066;1196544000;18558976;1330999296;0;0;0;0;0;0;0;0;0;0;0;4037;0;0;126;0;202;0;
15505;7485165;1196544000;18558976;1330999296;0;0;0;0;0;0;0;0;0;0;0;2394;0;0;126;0;202;0;
15506;9368046;1196544000;18558976;1330999296;0;0;0;0;0;0;0;0;0;0;0;2986;0;0;126;0;202;0;
15507;8892043;1200254976;27967488;1340407808;0;0;0;0;0;0;0;0;0;0;0;3897;0;0;126;0;202;0;
15508;6954089;1200254976;27967488;1340407808;0;0;0;0;0;0;0;0;0;0;0;3978;0;0;126;0;202;0;
15509;9032126;1200254976;27967488;1340407808;0;0;0;0;0;0;0;0;0;0;0;3627;0;0;126;0;202;0;
15510;4316974;1200254976;27967488;1340407808;0;0;0;0;0;0;0;0;0;0;0;4449;0;0;126;0;202;0;
15511;7551029;1200254976;27967488;1340407808;0;0;0;0;0;0;0;0;0;0;0;3426;0;0;126;0;202;0;
15512;6223119;1200254976;27967488;1340407808;0;0;0;0;0;0;0;0;0;0;0;2735;0;0;126;0;202;0;
15513;8510057;1200254976;27967488;1340407808;0;0;0;0;0;0;0;0;0;0;0;2495;0;0;126;0;202;0;
15514;4817553;1200254976;27967488;1340407808;0;0;0;0;0;0;0;0;0;0;0;3447;0;0;126;0;202;0;
15515;6581832;1200254976;27967488;1340407808;0;0;0;0;0;0;0;0;0;0;0;2485;0;0;126;0;202;0;
15516;7207104;1200254976;27967488;1340407808;0;0;0;0;0;0;0;0;0;0;0;4047;0;0;126;0;202;0;
15517;6683041;1200254976;27967488;1340407808;0;0;0;0;0;0;0;0;0;0;0;2565;0;0;126;0;202;0;
15518;8151264;1200254976;27967488;1340407808;0;0;0;0;0;0;0;0;0;0;0;4178;0;0;126;0;202;0;
15519;9748519;1200254976;27967488;1340407808;0;0;0;0;0;0;0;0;0;0;0;4077;0;0;126;0;202;0;
15520;6773610;1200254976;27967488;1340407808;0;0;0;0;0;0;0;0;0;0;0;4178;0;0;126;0;202;0;
15521;7547102;1200254976;27967488;1340407808;0;0;0;0;0;0;0;0;0;0;0;3316;0;0;126;0;202;0;
15522;6766488;1200254976;27967488;1340407808;0;0;0;0;0;0;0;0;0;0;0;4178;0;0;126;0;202;0;
15523;6536256;1200254976;27967488;1340407808;0;0;0;0;0;0;0;0;0;0;0;1944;0;0;126;0;202;0;
15524;6709561;1200254976;27967488;1340407808;0;0;0;0;0;0;0;0;0;0;0;3828;0;0;126;0;202;0;
15525;7619046;1200254976;27967488;1340407808;0;0;0;0;0;0;0;0;0;0;0;3566;0;0;126;0;202;0;
15526;5939687;1200254976;27967488;1340407808;0;0;0;0;0;0;0;0;0;0;0;3897;0;0;126;0;202;0;
15527;6533411;1200254976;27967488;1340407808;0;0;0;0;0;0;0;0;0;0;0;2474;0;0;126;0;202;0;
15528;5772954;1200254976;27967488;1340407808;0;0;0;0;0;0;0;0;0;0;0;3516;0;0;126;0;202;0;
15529;7931121;1200254976;27967488;1340407808;0;0;0;0;0;0;0;0;0;0;0;4058;0;0;126;0;202;0;
15530;5088301;1200254976;27967488;1340407808;0;0;0;0;0;0;0;0;0;0;0;3657;0;0;126;0;202;0;
15531;8758432;1202352128;27967488;1340407808;0;0;0;0;0;0;0;0;0;0;0;2415;0;0;126;0;202;0;
15532;5136612;1202352128;27967488;1340407808;0;0;0;0;0;0;0;0;0;0;0;3877;0;0;126;0;202;0;
15533;6967104;1202352128;27967488;1340407808;0;0;0;0;0;0;0;0;0;0;0;3175;0;0;126;0;202;0;
15534;5350683;1202352128;27967488;1340407808;0;0;0;0;0;0;0;0;0;0;0;4137;0;0;126;0;202;0;
15535;8112953;1202352128;27967488;1340407808;0;0;0;0;0;0;0;0;0;0;0;2926;0;0;126;0;202;0;
15536;6660999;1202352128;27967488;1340407808;0;0;0;0;0;0;0;0;0;0;0;4258;0;0;126;0;202;0;
15537;7853646;1202352128;27967488;1340407808;0;0;0;0;0;0;0;0;0;0;0;3166;0;0;126;0;202;0;
15538;5719154;1202352128;27967488;1340407808;0;0;0;0;0;0;0;0;0;0;0;4017;0;0;126;0;202;0;
15539;6949110;1202352128;27967488;1340407808;0;0;0;0;0;0;0;0;0;0;0;2034;0;0;126;0;202;0;
15540;7196254;1202352128;27967488;1340407808;0;0;0;0;0;0;0;0;0;0;0;3437;0;0;126;0;202;0;
15541;9063755;1202352128;27967488;1340407808;0;0;0;0;0;0;0;0;0;0;0;3176;0;0;126;0;202;0;
15542;4696927;1202352128;27967488;1340407808;0;0;0;0;0;0;0;0;0;0;0;6462;0;0;126;0;202;0;
15543;7011257;1202352128;27967488;1340407808;0;0;0;0;0;0;0;0;0;0;0;1763;0;0;126;0;202;0;
15544;6186601;1202352128;27967488;1340407808;0;0;0;0;0;0;0;0;0;0;0;3757;0;0;126;0;202;0;
15545;8420609;1202352128;27967488;1340407808;0;0;0;0;0;0;0;0;0;0;0;4458;0;0;126;0;202;0;
15546;5289458;1202352128;27967488;1340407808;0;0;0;0;0;0;0;0;0;0;0;4629;0;0;126;0;202;0;
15547;6740960;1202352128;27967488;1340407808;0;0;0;0;0;0;0;0;0;0;0;3085;0;0;126;0;202;0;
15548;6343524;1202352128;27967488;1340407808;0;0;0;0;0;0;0;0;0;0;0;3567;0;0;126;0;202;0;
15549;6895319;1202352128;27967488;1340407808;0;0;0;0;0;0;0;0;0;0;0;2054;0;0;126;0;202;0;
15550;5573400;1202352128;27967488;1340407808;0;0;0;0;0;0;0;0;0;0;0;4389;0;0;126;0;202;0;
15551;7110683;1202352128;27967488;1340407808;0;0;0;0;0;0;0;0;0;0;0;2445;0;0;126;0;202;0;
15552;5690560;1202352128;27967488;1340407808;0;0;0;0;0;0;0;0;0;0;0;3346;0;0;126;0;202;0;
15553;8497353;1202352128;27967488;1340407808;0;0;0;0;0;0;0;0;0;0;0;3236;0;0;126;0;202;0;
15554;7195782;1202352128;27967488;1340407808;0;0;0;0;0;0;0;0;0;0;0;4708;0;0;126;0;202;0;
15555;7802801;1202352128;27967488;1340407808;0;0;0;0;0;0;0;0;0;0;0;1954;0;0;126;0;202;0;
15556;5435122;1202352128;27967488;1340407808;0;0;0;0;0;0;0;0;0;0;0;3958;0;0;126;0;202;0;
15557;9329613;1202352128;27967488;1340407808;0;0;0;0;0;0;0;0;0;0;0;3427;0;0;126;0;202;0;
15558;4100037;1202352128;27967488;1340407808;0;0;0;0;0;0;0;0;0;0;0;3576;0;0;126;0;202;0;
15559;7786550;1202352128;27967488;1340407808;0;0;0;0;0;0;0;0;0;0;0;3146;0;0;126;0;202;0;
15560;6159560;1202352128;27967488;1340407808;0;0;0;0;0;0;0;0;0;0;0;3547;0;0;126;0;202;0;
15561;8519725;1202352128;27967488;1340407808;0;0;0;0;0;0;0;0;0;0;0;3116;0;0;126;0;202;0;
15562;6685366;1202352128;27967488;1340407808;0;0;0;0;0;0;0;0;0;0;0;4228;0;0;126;0;202;0;
15563;7577518;1202352128;27967488;1340407808;0;0;0;0;0;0;0;0;0;0;0;4187;0;0;126;0;202;0;
15564;5006006;1202352128;27967488;1340407808;0;0;0;0;0;0;0;0;0;0;0;3858;0;0;126;0;202;0;
15565;8724159;1202352128;27967488;1340407808;0;0;0;0;0;0;0;0;0;0;0;3076;0;0;126;0;202;0;
15566;4475632;1202352128;27967488;1340407808;0;0;0;0;0;0;0;0;0;0;0;3386;0;0;126;0;202;0;
15567;13899181;1202352128;27967488;1340407808;0;0;0;0;0;0;0;0;0;0;0;3607;0;0;126;0;202;0;
15568;6104456;1202352128;27967488;1340407808;0;0;0;0;0;0;0;0;0;0;0;4227;0;0;126;0;202;0;
15569;7517646;1202352128;27967488;1340407808;0;0;0;0;0;0;0;0;0;0;0;3977;0;0;126;0;202;0;
15570;3975665;1202352128;27967488;1340407808;0;0;0;0;0;0;0;0;0;0;0;3536;0;0;126;0;202;0;
15571;7166347;1202352128;27967488;1340407808;0;0;0;0;0;0;0;0;0;0;0;1813;0;0;126;0;202;0;
15572;7792742;1202352128;27967488;1340407808;0;0;0;0;0;0;0;0;0;0;0;4639;0;0;126;0;202;0;
15573;8126157;1202352128;27967488;1340407808;0;0;0;0;0;0;0;0;0;0;0;4068;0;0;126;0;202;0;
15574;7506606;1202352128;27967488;1340407808;0;0;0;0;0;0;0;0;0;0;0;4258;0;0;126;0;202;0;
15575;8360927;1202352128;27967488;1340407808;0;0;0;0;0;0;0;0;0;0;0;3847;0;0;126;0;202;0;
15576;7422648;1202352128;27967488;1340407808;0;0;0;0;0;0;0;0;0;0;0;4558;0;0;126;0;202;0;
15577;9362586;1202352128;27967488;1340407808;0;0;0;0;0;0;0;0;0;0;0;3928;0;0;126;0;202;0;
15578;7784516;1202352128;27967488;1340407808;0;0;0;0;0;0;0;0;0;0;0;4919;0;0;126;0;202;0;
15579;7248742;1202352128;27971584;1340411904;0;0;0;0;0;0;0;0;0;0;0;4338;0;0;126;0;202;0;
15580;6646232;1202352128;27975680;1340416000;0;0;0;0;0;0;0;0;0;0;0;4217;0;0;126;0;202;0;
15581;8229351;1202352128;27975680;1340416000;0;0;0;0;0;0;0;0;0;0;0;2745;0;0;126;0;202;0;
15582;8081694;1202352128;27975680;1340416000;0;0;0;0;0;0;0;0;0;0;0;4859;0;0;126;0;202;0;
15583;6759554;1202352128;27975680;1340416000;0;0;0;0;0;0;0;0;0;0;0;3687;0;0;126;0;202;0;
15584;6990408;1202352128;27975680;1340416000;0;0;0;0;0;0;0;0;0;0;0;4348;0;0;126;0;202;0;
15585;9185272;1202352128;27975680;1340416000;0;0;0;0;0;0;0;0;0;0;0;4669;0;0;126;0;202;0;
15586;5995332;1202561024;27967488;1340407808;0;0;0;0;0;0;0;0;0;0;0;4098;0;0;126;0;202;0;
15587;9219818;1202561024;27967488;1340407808;0;0;0;0;0;0;0;0;0;0;0;3537;0;0;126;0;202;0;
15588;5754339;1202561024;27967488;1340407808;0;0;0;0;0;0;0;0;0;0;0;5050;0;0;126;0;202;0;
15589;7223044;1202561024;27967488;1340407808;0;0;0;0;0;0;0;0;0;0;0;3867;0;0;126;0;202;0;
15590;5439339;1202561024;27967488;1340407808;0;0;0;0;0;0;0;0;0;0;0;4419;0;0;126;0;202;0;
15591;7873343;1202561024;27967488;1340407808;0;0;0;0;0;0;0;0;0;0;0;3276;0;0;126;0;202;0;
15592;5712571;1202561024;27967488;1340407808;0;0;0;0;0;0;0;0;0;0;0;4468;0;0;126;0;202;0;
15593;9229586;1202561024;27967488;1340407808;0;0;0;0;0;0;0;0;0;0;0;4489;0;0;126;0;202;0;
15594;6528612;1202561024;27967488;1340407808;0;0;0;0;0;0;0;0;0;0;0;4108;0;0;126;0;202;0;
15595;10601318;1202561024;27967488;1340407808;0;0;0;0;0;0;0;0;0;0;0;3927;0;0;126;0;202;0;
15596;5033838;1202561024;27967488;1340407808;0;0;0;0;0;0;0;0;0;0;0;3036;0;0;126;0;202;0;
15597;8151815;1202561024;27967488;1340407808;0;0;0;0;0;0;0;0;0;0;0;2815;0;0;126;0;202;0;
15598;8942508;1202561024;27967488;1340407808;0;0;0;0;0;0;0;0;0;0;0;4789;0;0;126;0;202;0;
15599;6731392;1202561024;27967488;1340407808;0;0;0;0;0;0;0;0;0;0;0;2976;0;0;126;0;202;0;
15600;7140679;1202561024;27967488;1340407808;0;0;0;0;0;0;0;0;0;0;0;4859;0;0;126;0;202;0;
15601;10633668;1202561024;27967488;1340407808;0;0;0;0;0;0;0;0;0;0;0;4518;0;0;126;0;202;0;
15602;6601718;1202561024;27967488;1340407808;0;0;0;0;0;0;0;0;0;0;0;4619;0;0;126;0;202;0;
15603;8228429;1202561024;27967488;1340407808;0;0;0;0;0;0;0;0;0;0;0;4518;0;0;126;0;202;0;
15604;6190027;1202561024;27967488;1340407808;0;0;0;0;0;0;0;0;0;0;0;4568;0;0;126;0;202;0;
15605;11644144;1202561024;27967488;1340407808;0;0;0;0;0;0;0;0;0;0;0;4558;0;0;126;0;202;0;
15606;5551559;1202561024;27967488;1340407808;0;0;0;0;0;0;0;0;0;0;0;3857;0;0;126;0;202;0;
15607;6346711;1202561024;27967488;1340407808;0;0;0;0;0;0;0;0;0;0;0;3076;0;0;126;0;202;0;
15608;9795828;1202561024;27967488;1340407808;0;0;0;0;0;0;0;0;0;0;0;3787;0;0;126;0;202;0;
15609;9075697;1202561024;27967488;1340407808;0;0;0;0;0;0;0;0;0;0;0;3987;0;0;126;0;202;0;
15610;7010525;1202561024;27967488;1340407808;0;0;0;0;0;0;0;0;0;0;0;3666;0;0;126;0;202;0;
15611;5764769;1202561024;27967488;1340407808;0;0;0;0;0;0;0;0;0;0;0;2424;0;0;126;0;202;0;
15612;7158452;1202561024;27967488;1340407808;0;0;0;0;0;0;0;0;0;0;0;3777;0;0;126;0;202;0;
15613;7522686;1202561024;27967488;1340407808;0;0;0;0;0;0;0;0;0;0;0;3206;0;0;126;0;202;0;
15614;7179883;1202561024;27967488;1340407808;0;0;0;0;0;0;0;0;0;0;0;4218;0;0;126;0;202;0;
15615;8727345;1202561024;27967488;1340407808;0;0;0;0;0;0;0;0;0;0;0;3868;0;0;126;0;202;0;
15616;6496932;1202561024;27967488;1340407808;0;0;0;0;0;0;0;0;0;0;0;4909;0;0;126;0;202;0;
15617;9849629;1202561024;27967488;1340407808;0;0;0;0;0;0;0;0;0;0;0;3456;0;0;126;0;202;0;
15618;6352952;1202561024;27967488;1340407808;0;0;0;0;0;0;0;0;0;0;0;4118;0;0;126;0;202;0;
15619;10084178;1202561024;27967488;1340407808;0;0;0;0;0;0;0;0;0;0;0;3226;0;0;126;0;202;0;
15620;6969097;1202561024;27967488;1340407808;0;0;0;0;0;0;0;0;0;0;0;81302;0;0;126;0;202;0;
15621;7790317;1202561024;27967488;1340407808;0;0;0;0;0;0;0;0;0;0;0;3387;0;0;126;0;202;0;
15622;7115321;1202561024;27967488;1340407808;0;0;0;0;0;0;0;0;0;0;0;3827;0;0;126;0;202;0;
15623;8581270;1202561024;27967488;1340407808;0;0;0;0;0;0;0;0;0;0;0;3417;0;0;126;0;202;0;
15624;8094167;1202561024;27967488;1340407808;0;0;0;0;0;0;0;0;0;0;0;4007;0;0;126;0;202;0;
15625;6837951;1202561024;27967488;1340407808;0;0;0;0;0;0;0;0;0;0;0;2164;0;0;126;0;202;0;
15626;9541911;1202561024;27967488;1340407808;0;0;0;0;0;0;0;0;0;0;0;5029;0;0;126;0;202;0;
15627;9193067;1202561024;27967488;1340407808;0;0;0;0;0;0;0;0;0;0;0;4369;0;0;126;0;202;0;
15628;9177879;1202561024;27967488;1340407808;0;0;0;0;0;0;0;0;0;0;0;3687;0;0;126;0;202;0;
15629;7612844;1202561024;27967488;1340407808;0;0;0;0;0;0;0;0;0;0;0;4558;0;0;126;0;202;0;
15630;9720607;1202561024;27967488;1340407808;0;0;0;0;0;0;0;0;0;0;0;4749;0;0;126;0;202;0;
15631;8518212;1202561024;27967488;1340407808;0;0;0;0;0;0;0;0;0;0;0;2906;0;0;126;0;202;0;
15632;6960902;1202561024;27967488;1340407808;0;0;0;0;0;0;0;0;0;0;0;4399;0;0;126;0;202;0;
15633;9542532;1202561024;27967488;1340407808;0;0;0;0;0;0;0;0;0;0;0;2785;0;0;126;0;202;0;
15634;8805371;1202561024;27967488;1340407808;0;0;0;0;0;0;0;0;0;0;0;4157;0;0;126;0;202;0;
15635;8587482;1202561024;27967488;1340407808;0;0;0;0;0;0;0;0;0;0;0;3917;0;0;126;0;202;0;
15636;5987777;1202561024;27967488;1340407808;0;0;0;0;0;0;0;0;0;0;0;3076;0;0;126;0;202;0;
15637;7666836;1202561024;27967488;1340407808;0;0;0;0;0;0;0;0;0;0;0;3186;0;0;126;0;202;0;
15638;8624862;1202561024;27967488;1340407808;0;0;0;0;0;0;0;0;0;0;0;3957;0;0;126;0;202;0;
15639;9457453;1202561024;27967488;1340407808;0;0;0;0;0;0;0;0;0;0;0;3436;0;0;126;0;202;0;
15640;7379677;1202561024;27967488;1340407808;0;0;0;0;0;0;0;0;0;0;0;4429;0;0;126;0;202;0;
15641;7983540;1202561024;27967488;1340407808;0;0;0;0;0;0;0;0;0;0;0;3717;0;0;126;0;202;0;
15642;8081193;1202561024;27967488;1340407808;0;0;0;0;0;0;0;0;0;0;0;4018;0;0;126;0;202;0;
15643;10636414;1202561024;27971584;1340411904;0;0;0;0;0;0;0;0;0;0;0;3817;0;0;126;0;202;0;
15644;5450159;1202561024;27975680;1340416000;0;0;0;0;0;0;0;0;0;0;0;3677;0;0;126;0;202;0;
15645;6705373;1202561024;27975680;1340416000;0;0;0;0;0;0;0;0;0;0;0;2475;0;0;126;0;202;0;
15646;7977157;1202561024;27975680;1340416000;0;0;0;0;0;0;0;0;0;0;0;3878;0;0;126;0;202;0;
15647;6035757;1202561024;27975680;1340416000;0;0;0;0;0;0;0;0;0;0;0;2565;0;0;126;0;202;0;
15648;4972012;1202561024;27975680;1340416000;0;0;0;0;0;0;0;0;0;0;0;4158;0;0;126;0;202;0;
15649;7426195;1202561024;27975680;1340416000;0;0;0;0;0;0;0;0;0;0;0;3076;0;0;126;0;202;0;
15650;5596173;1202561024;27967488;1340407808;0;0;0;0;0;0;0;0;0;0;0;4648;0;0;126;0;202;0;
15651;8561343;1202561024;27967488;1340407808;0;0;0;0;0;0;0;0;0;0;0;3687;0;0;126;0;202;0;
15652;7825353;1202561024;27967488;1340407808;0;0;0;0;0;0;0;0;0;0;0;5109;0;0;126;0;202;0;
15653;6803277;1202561024;27967488;1340407808;0;0;0;0;0;0;0;0;0;0;0;3236;0;0;126;0;202;0;
15654;9423910;1202561024;27967488;1340407808;0;0;0;0;0;0;0;0;0;0;0;33012;0;0;126;0;202;0;
15655;8380814;1202561024;27967488;1340407808;0;0;0;0;0;0;0;0;0;0;0;3516;0;0;126;0;202;0;
15656;5516904;1202561024;27967488;1340407808;0;0;0;0;0;0;0;0;0;0;0;4228;0;0;126;0;202;0;
15657;6623309;1202561024;27967488;1340407808;0;0;0;0;0;0;0;0;0;0;0;3166;0;0;126;0;202;0;
15658;5664271;1202561024;27967488;1340407808;0;0;0;0;0;0;0;0;0;0;0;3607;0;0;126;0;202;0;
15659;11621842;1202561024;27967488;1340407808;0;0;0;0;0;0;0;0;0;0;0;3997;0;0;126;0;202;0;
15660;8065724;1202561024;27967488;1340407808;0;0;0;0;0;0;0;0;0;0;0;3988;0;0;126;0;202;0;
15661;9427236;1202561024;27967488;1340407808;0;0;0;0;0;0;0;0;0;0;0;3767;0;0;126;0;202;0;
15662;7339693;1202561024;27967488;1340407808;0;0;0;0;0;0;0;0;0;0;0;3917;0;0;126;0;202;0;
15663;8759505;1202561024;27967488;1340407808;0;0;0;0;0;0;0;0;0;0;0;4880;0;0;126;0;202;0;
15664;7920331;1202561024;27967488;1340407808;0;0;0;0;0;0;0;0;0;0;0;4088;0;0;126;0;202;0;
15665;11040101;1202561024;27967488;1340407808;0;0;0;0;0;0;0;0;0;0;0;5090;0;0;126;0;202;0;
15666;5931973;1202561024;27967488;1340407808;0;0;0;0;0;0;0;0;0;0;0;3797;0;0;126;0;202;0;
15667;7394395;1202561024;27967488;1340407808;0;0;0;0;0;0;0;0;0;0;0;3867;0;0;126;0;202;0;
15668;8036619;1202561024;27967488;1340407808;0;0;0;0;0;0;0;0;0;0;0;4578;0;0;126;0;202;0;
15669;6255529;1202561024;27967488;1340407808;0;0;0;0;0;0;0;0;0;0;0;3817;0;0;126;0;202;0;
15670;6973045;1202561024;27967488;1340407808;0;0;0;0;0;0;0;0;0;0;0;3687;0;0;126;0;202;0;
15671;9590683;1202561024;27967488;1340407808;0;0;0;0;0;0;0;0;0;0;0;3707;0;0;126;0;202;0;
15672;7752276;1202561024;27967488;1340407808;0;0;0;0;0;0;0;0;0;0;0;4438;0;0;126;0;202;0;
15673;6402725;1202561024;27967488;1340407808;0;0;0;0;0;0;0;0;0;0;0;2905;0;0;126;0;202;0;
15674;7988088;1202561024;27967488;1340407808;0;0;0;0;0;0;0;0;0;0;0;3917;0;0;126;0;202;0;
15675;7789345;1202561024;27967488;1340407808;0;0;0;0;0;0;0;0;0;0;0;2886;0;0;126;0;202;0;
15676;5548594;1202561024;27967488;1340407808;0;0;0;0;0;0;0;0;0;0;0;3877;0;0;126;0;202;0;
15677;8056286;1202561024;27967488;1340407808;0;0;0;0;0;0;0;0;0;0;0;2695;0;0;126;0;202;0;
15678;4907552;1202561024;27967488;1340407808;0;0;0;0;0;0;0;0;0;0;0;4047;0;0;126;0;202;0;
15679;6728757;1202561024;27967488;1340407808;0;0;0;0;0;0;0;0;0;0;0;3366;0;0;126;0;202;0;
15680;5365741;1202561024;27967488;1340407808;0;0;0;0;0;0;0;0;0;0;0;4248;0;0;126;0;202;0;
15681;8709531;1202561024;27967488;1340407808;0;0;0;0;0;0;0;0;0;0;0;2945;0;0;126;0;202;0;
15682;9364620;1202561024;27967488;1340407808;0;0;0;0;0;0;0;0;0;0;0;6332;0;0;126;0;202;0;
15683;8416872;1202561024;27967488;1340407808;0;0;0;0;0;0;0;0;0;0;0;3217;0;0;126;0;202;0;
15684;5475406;1202561024;27967488;1340407808;0;0;0;0;0;0;0;0;0;0;0;3847;0;0;126;0;202;0;
15685;8669155;1202561024;27967488;1340407808;0;0;0;0;0;0;0;0;0;0;0;2835;0;0;126;0;202;0;
15686;5987246;1202561024;27967488;1340407808;0;0;0;0;0;0;0;0;0;0;0;4648;0;0;126;0;202;0;
15687;7116203;1202561024;27967488;1340407808;0;0;0;0;0;0;0;0;0;0;0;3336;0;0;126;0;202;0;
15688;5928727;1202561024;27967488;1340407808;0;0;0;0;0;0;0;0;0;0;0;4258;0;0;126;0;202;0;
15689;10995287;1202561024;27967488;1340407808;0;0;0;0;0;0;0;0;0;0;0;3367;0;0;126;0;202;0;
15690;5105744;1202561024;27967488;1340407808;0;0;0;0;0;0;0;0;0;0;0;3236;0;0;126;0;202;0;
15691;8750808;1202561024;27967488;1340407808;0;0;0;0;0;0;0;0;0;0;0;2324;0;0;126;0;202;0;
15692;6261080;1202561024;27967488;1340407808;0;0;0;0;0;0;0;0;0;0;0;4238;0;0;126;0;202;0;
15693;8780063;1202561024;27967488;1340407808;0;0;0;0;0;0;0;0;0;0;0;3427;0;0;126;0;202;0;
15694;5739382;1202561024;27967488;1340407808;0;0;0;0;0;0;0;0;0;0;0;3647;0;0;126;0;202;0;
15695;7215750;1202561024;27967488;1340407808;0;0;0;0;0;0;0;0;0;0;0;3076;0;0;126;0;202;0;
15696;9037275;1202561024;27967488;1340407808;0;0;0;0;0;0;0;0;0;0;0;2865;0;0;126;0;202;0;
15697;12897874;1202561024;27967488;1340407808;0;0;0;0;0;0;0;0;0;0;0;2836;0;0;126;0;202;0;
15698;8060153;1202561024;27967488;1340407808;0;0;0;0;0;0;0;0;0;0;0;3256;0;0;126;0;202;0;
15699;11654112;1202561024;27967488;1340407808;0;0;0;0;0;0;0;0;0;0;0;4028;0;0;126;0;202;0;
15700;5080596;1202561024;27967488;1340407808;0;0;0;0;0;0;0;0;0;0;0;4098;0;0;126;0;202;0;
15701;11009133;1202561024;27967488;1340407808;0;0;0;0;0;0;0;0;0;0;0;3907;0;0;126;0;202;0;
15702;7607535;1202561024;27967488;1340407808;0;0;0;0;0;0;0;0;0;0;0;4418;0;0;126;0;202;0;
15703;6002034;1202561024;27967488;1340407808;0;0;0;0;0;0;0;0;0;0;0;2705;0;0;126;0;202;0;
15704;6373270;1202561024;27967488;1340407808;0;0;0;0;0;0;0;0;0;0;0;8366;0;0;126;0;202;0;
15705;10208040;1202561024;27967488;1340407808;0;0;0;0;0;0;0;0;0;0;0;4208;0;0;126;0;202;0;
15706;4469521;1202561024;27967488;1340407808;0;0;0;0;0;0;0;0;0;0;0;3667;0;0;126;0;202;0;
15707;8609844;1202561024;27967488;1340407808;0;0;0;0;0;0;0;0;0;0;0;2194;0;0;126;0;202;0;
15708;10693310;1202561024;27967488;1340407808;0;0;0;0;0;0;0;0;0;0;0;4348;0;0;126;0;202;0;
15709;11228103;1202561024;27971584;1340411904;0;0;0;0;0;0;0;0;0;0;0;3787;0;0;126;0;202;0;
15710;7359870;1202561024;27975680;1340416000;0;0;0;0;0;0;0;0;0;0;0;3627;0;0;126;0;202;0;
15711;7110263;1202561024;27975680;1340416000;0;0;0;0;0;0;0;0;0;0;0;3787;0;0;126;0;202;0;
15712;8924444;1202561024;27975680;1340416000;0;0;0;0;0;0;0;0;0;0;0;3586;0;0;126;0;202;0;
15713;12292890;1202561024;27975680;1340416000;0;0;0;0;0;0;0;0;0;0;0;3577;0;0;126;0;202;0;
15714;5999440;1202561024;27975680;1340416000;0;0;0;0;0;0;0;0;0;0;0;3767;0;0;126;0;202;0;
15715;14384131;1202561024;27975680;1340416000;0;0;0;0;0;0;0;0;0;0;0;248977;0;0;126;0;202;0;
15716;7895885;1202565120;27971584;1340411904;0;0;0;0;0;0;0;0;0;0;0;4098;0;0;126;0;202;0;
15717;9827187;1202565120;27971584;1340411904;0;0;0;0;0;0;0;0;0;0;0;2785;0;0;126;0;202;0;
15718;13577329;1202565120;27971584;1340411904;0;0;0;0;0;0;0;0;0;0;0;4398;0;0;126;0;202;0;
15719;8031860;1202565120;27971584;1340411904;0;0;0;0;0;0;0;0;0;0;0;4098;0;0;126;0;202;0;
15720;8567465;1202565120;27971584;1340411904;0;0;0;0;0;0;0;0;0;0;0;3547;0;0;126;0;202;0;
15721;9890676;1202565120;27971584;1340411904;0;0;0;0;0;0;0;0;0;0;0;4348;0;0;126;0;202;0;
15722;4123031;1202565120;27971584;1340411904;0;0;0;0;0;0;0;0;0;0;0;3517;0;0;126;0;202;0;
15723;8962204;1202565120;27971584;1340411904;0;0;0;0;0;0;0;0;0;0;0;2995;0;0;126;0;202;0;
15724;6684945;1202561024;27967488;1340407808;0;0;0;0;0;0;0;0;0;0;0;4659;0;0;126;0;202;0;
15725;9445000;1202561024;27967488;1340407808;0;0;0;0;0;0;0;0;0;0;0;34365;0;0;126;0;202;0;
15726;7278237;1202561024;27967488;1340407808;0;0;0;0;0;0;0;0;0;0;0;3296;0;0;126;0;202;0;
15727;10633819;1202561024;27967488;1340407808;0;0;0;0;0;0;0;0;0;0;0;3266;0;0;126;0;202;0;
15728;5433749;1202561024;27967488;1340407808;0;0;0;0;0;0;0;0;0;0;0;3797;0;0;126;0;202;0;
15729;10472105;1202561024;27967488;1340407808;0;0;0;0;0;0;0;0;0;0;0;3797;0;0;126;0;202;0;
15730;4254307;1202561024;27967488;1340407808;0;0;0;0;0;0;0;0;0;0;0;4398;0;0;126;0;202;0;
15731;11838808;1202561024;27967488;1340407808;0;0;0;0;0;0;0;0;0;0;0;3416;0;0;126;0;202;0;
15732;8862097;1202561024;27967488;1340407808;0;0;0;0;0;0;0;0;0;0;0;4238;0;0;126;0;202;0;
15733;10288552;1202561024;27967488;1340407808;0;0;0;0;0;0;0;0;0;0;0;3627;0;0;126;0;202;0;
15734;6873138;1202561024;27967488;1340407808;0;0;0;0;0;0;0;0;0;0;0;3566;0;0;126;0;202;0;
15735;9851812;1202561024;27967488;1340407808;0;0;0;0;0;0;0;0;0;0;0;4929;0;0;126;0;202;0;
15736;6754645;1202561024;27967488;1340407808;0;0;0;0;0;0;0;0;0;0;0;238868;0;0;126;0;202;0;
15737;10509926;1202561024;27967488;1340407808;0;0;0;0;0;0;0;0;0;0;0;3666;0;0;126;0;202;0;
15738;6669536;1202561024;27971584;1340411904;0;0;0;0;0;0;0;0;0;0;0;5651;0;0;126;0;202;0;
15739;6662212;1202561024;27971584;1340411904;0;0;0;0;0;0;0;0;0;0;0;2905;0;0;126;0;202;0;
15740;5440251;1202561024;27971584;1340411904;0;0;0;0;0;0;0;0;0;0;0;3997;0;0;126;0;202;0;
15741;10690856;1202561024;27971584;1340411904;0;0;0;0;0;0;0;0;0;0;0;4448;0;0;126;0;202;0;
15742;8171813;1202561024;27971584;1340411904;0;0;0;0;0;0;0;0;0;0;0;3808;0;0;126;0;202;0;
15743;10357471;1202561024;27971584;1340411904;0;0;0;0;0;0;0;0;0;0;0;2885;0;0;126;0;202;0;
15744;10261962;1202561024;27971584;1340411904;0;0;0;0;0;0;0;0;0;0;0;4518;0;0;126;0;202;0;
15745;9500554;1202561024;27971584;1340411904;0;0;0;0;0;0;0;0;0;0;0;2956;0;0;126;0;202;0;
15746;8516068;1202561024;27971584;1340411904;0;0;0;0;0;0;0;0;0;0;0;3627;0;0;126;0;202;0;
15747;10610185;1202561024;27971584;1340411904;0;0;0;0;0;0;0;0;0;0;0;4238;0;0;126;0;202;0;
15748;6230473;1202561024;27971584;1340411904;0;0;0;0;0;0;0;0;0;0;0;4268;0;0;126;0;202;0;
15749;9254443;1202561024;27971584;1340411904;0;0;0;0;0;0;0;0;0;0;0;4068;0;0;126;0;202;0;
15750;7685581;1202561024;27971584;1340411904;0;0;0;0;0;0;0;0;0;0;0;3797;0;0;126;0;202;0;
15751;10954380;1202561024;27971584;1340411904;0;0;0;0;0;0;0;0;0;0;0;3968;0;0;126;0;202;0;
15752;6554780;1202561024;27971584;1340411904;0;0;0;0;0;0;0;0;0;0;0;4619;0;0;126;0;202;0;
15753;6877515;1202561024;27971584;1340411904;0;0;0;0;0;0;0;0;0;0;0;3056;0;0;126;0;202;0;
15754;8915327;1202561024;27971584;1340411904;0;0;0;0;0;0;0;0;0;0;0;3456;0;0;126;0;202;0;
15755;10538020;1202561024;27971584;1340411904;0;0;0;0;0;0;0;0;0;0;0;4959;0;0;126;0;202;0;
15756;6179828;1202561024;27971584;1340411904;0;0;0;0;0;0;0;0;0;0;0;4248;0;0;126;0;202;0;
15757;8612990;1202561024;27971584;1340411904;0;0;0;0;0;0;0;0;0;0;0;4258;0;0;126;0;202;0;
15758;7815895;1202561024;27971584;1340411904;0;0;0;0;0;0;0;0;0;0;0;3607;0;0;126;0;202;0;
15759;7002570;1202561024;27971584;1340411904;0;0;0;0;0;0;0;0;0;0;0;2665;0;0;126;0;202;0;
15760;9523066;1202561024;27971584;1340411904;0;0;0;0;0;0;0;0;0;0;0;4478;0;0;126;0;202;0;
15761;10326552;1202561024;27971584;1340411904;0;0;0;0;0;0;0;0;0;0;0;4198;0;0;126;0;202;0;
15762;8635101;1202561024;27971584;1340411904;0;0;0;0;0;0;0;0;0;0;0;4839;0;0;126;0;202;0;
15763;9610550;1202561024;27971584;1340411904;0;0;0;0;0;0;0;0;0;0;0;4458;0;0;126;0;202;0;
15764;5907156;1202561024;27971584;1340411904;0;0;0;0;0;0;0;0;0;0;0;4298;0;0;126;0;202;0;
15765;8069000;1202561024;27971584;1340411904;0;0;0;0;0;0;0;0;0;0;0;2795;0;0;126;0;202;0;
15766;7995673;1202561024;27971584;1340411904;0;0;0;0;0;0;0;0;0;0;0;4098;0;0;126;0;202;0;
15767;7762055;1202561024;27975680;1340416000;0;0;0;0;0;0;0;0;0;0;0;4108;0;0;126;0;202;0;
15768;7063424;1202561024;27979776;1340420096;0;0;0;0;0;0;0;0;0;0;0;3987;0;0;126;0;202;0;
15769;9884694;1202561024;27979776;1340420096;0;0;0;0;0;0;0;0;0;0;0;3757;0;0;126;0;202;0;
15770;8818355;1202561024;27979776;1340420096;0;0;0;0;0;0;0;0;0;0;0;4869;0;0;126;0;202;0;
15771;8029415;1202561024;27979776;1340420096;0;0;0;0;0;0;0;0;0;0;0;3527;0;0;126;0;202;0;
15772;4774022;1202561024;27979776;1340420096;0;0;0;0;0;0;0;0;0;0;0;4669;0;0;126;0;202;0;
15773;9574403;1202561024;27979776;1340420096;0;0;0;0;0;0;0;0;0;0;0;3296;0;0;126;0;202;0;
15774;7774778;1202565120;27971584;1340411904;0;0;0;0;0;0;0;0;0;0;0;4047;0;0;126;0;202;0;
15775;6620644;1202565120;27971584;1340411904;0;0;0;0;0;0;0;0;0;0;0;3356;0;0;126;0;202;0;
15776;7526944;1202565120;27971584;1340411904;0;0;0;0;0;0;0;0;0;0;0;3496;0;0;126;0;202;0;
15777;8487896;1202565120;27971584;1340411904;0;0;0;0;0;0;0;0;0;0;0;5050;0;0;126;0;202;0;
15778;6009258;1202565120;27971584;1340411904;0;0;0;0;0;0;0;0;0;0;0;5149;0;0;126;0;202;0;
15779;10205757;1202565120;27971584;1340411904;0;0;0;0;0;0;0;0;0;0;0;3446;0;0;126;0;202;0;
15780;7856431;1202565120;27971584;1340411904;0;0;0;0;0;0;0;0;0;0;0;3857;0;0;126;0;202;0;
15781;10356980;1202565120;27971584;1340411904;0;0;0;0;0;0;0;0;0;0;0;3887;0;0;126;0;202;0;
15782;6514044;1202565120;27971584;1340411904;0;0;0;0;0;0;0;0;0;0;0;3146;0;0;126;0;202;0;
15783;9704005;1202565120;27971584;1340411904;0;0;0;0;0;0;0;0;0;0;0;3927;0;0;126;0;202;0;
15784;7402330;1202565120;27971584;1340411904;0;0;0;0;0;0;0;0;0;0;0;4819;0;0;126;0;202;0;
15785;9308354;1202565120;27971584;1340411904;0;0;0;0;0;0;0;0;0;0;0;4739;0;0;126;0;202;0;
15786;5131101;1202565120;27971584;1340411904;0;0;0;0;0;0;0;0;0;0;0;3767;0;0;126;0;202;0;
15787;10881152;1202565120;27971584;1340411904;0;0;0;0;0;0;0;0;0;0;0;4929;0;0;126;0;202;0;
15788;5770450;1202565120;27971584;1340411904;0;0;0;0;0;0;0;0;0;0;0;2976;0;0;126;0;202;0;
15789;8472436;1202565120;27971584;1340411904;0;0;0;0;0;0;0;0;0;0;0;6051;0;0;126;0;202;0;
15790;4447479;1202565120;27971584;1340411904;0;0;0;0;0;0;0;0;0;0;0;5049;0;0;126;0;202;0;
15791;8550282;1202565120;27971584;1340411904;0;0;0;0;0;0;0;0;0;0;0;3196;0;0;126;0;202;0;
15792;8610394;1202565120;27971584;1340411904;0;0;0;0;0;0;0;0;0;0;0;4068;0;0;126;0;202;0;
15793;9399014;1202565120;27971584;1340411904;0;0;0;0;0;0;0;0;0;0;0;4167;0;0;126;0;202;0;
15794;6352221;1202565120;27971584;1340411904;0;0;0;0;0;0;0;0;0;0;0;3557;0;0;126;0;202;0;
15795;10806333;1202565120;27971584;1340411904;0;0;0;0;0;0;0;0;0;0;0;3307;0;0;126;0;202;0;
15796;4315321;1202565120;27971584;1340411904;0;0;0;0;0;0;0;0;0;0;0;3597;0;0;126;0;202;0;
15797;7154595;1202565120;27971584;1340411904;0;0;0;0;0;0;0;0;0;0;0;2635;0;0;126;0;202;0;
15798;5848185;1202565120;27971584;1340411904;0;0;0;0;0;0;0;0;0;0;0;4238;0;0;126;0;202;0;
15799;9081137;1202565120;27971584;1340411904;0;0;0;0;0;0;0;0;0;0;0;4589;0;0;126;0;202;0;
15800;5641838;1202565120;27971584;1340411904;0;0;0;0;0;0;0;0;0;0;0;4448;0;0;126;0;202;0;
15801;8787226;1202565120;27971584;1340411904;0;0;0;0;0;0;0;0;0;0;0;3947;0;0;126;0;202;0;
15802;6276328;1202565120;27971584;1340411904;0;0;0;0;0;0;0;0;0;0;0;3327;0;0;126;0;202;0;
15803;8812214;1202565120;27971584;1340411904;0;0;0;0;0;0;0;0;0;0;0;4698;0;0;126;0;202;0;
15804;5067873;1202565120;27971584;1340411904;0;0;0;0;0;0;0;0;0;0;0;3356;0;0;126;0;202;0;
15805;10114515;1202565120;27971584;1340411904;0;0;0;0;0;0;0;0;0;0;0;4448;0;0;126;0;202;0;
15806;6389630;1202565120;27971584;1340411904;0;0;0;0;0;0;0;0;0;0;0;3676;0;0;126;0;202;0;
15807;8906590;1202565120;27971584;1340411904;0;0;0;0;0;0;0;0;0;0;0;3216;0;0;126;0;202;0;
15808;5138605;1202565120;27971584;1340411904;0;0;0;0;0;0;0;0;0;0;0;223720;0;0;126;0;202;0;
15809;10265538;1202565120;27971584;1340411904;0;0;0;0;0;0;0;0;0;0;0;3647;0;0;126;0;202;0;
15810;6145934;1202565120;27975680;1340416000;0;0;0;0;0;0;0;0;0;0;0;4038;0;0;126;0;202;0;
15811;10262603;1202565120;27975680;1340416000;0;0;0;0;0;0;0;0;0;0;0;3798;0;0;126;0;202;0;
15812;6230152;1202565120;27975680;1340416000;0;0;0;0;0;0;0;0;0;0;0;4268;0;0;126;0;202;0;
15813;9115432;1202565120;27975680;1340416000;0;0;0;0;0;0;0;0;0;0;0;3336;0;0;126;0;202;0;
15814;6080782;1202565120;27975680;1340416000;0;0;0;0;0;0;0;0;0;0;0;3787;0;0;126;0;202;0;
15815;10721233;1202565120;27975680;1340416000;0;0;0;0;0;0;0;0;0;0;0;4468;0;0;126;0;202;0;
15816;9077701;1202565120;27971584;1340411904;0;0;0;0;0;0;0;0;0;0;0;4709;0;0;126;0;202;0;
15817;13146420;1202565120;27971584;1340411904;0;0;0;0;0;0;0;0;0;0;0;4369;0;0;126;0;202;0;
15818;2946635;1202565120;27971584;1340411904;0;0;0;0;0;0;0;0;0;0;0;3457;0;0;126;0;202;0;
15819;10281358;1202565120;27971584;1340411904;0;0;0;0;0;0;0;0;0;0;0;5140;0;0;126;0;202;0;
15820;8462597;1202565120;27971584;1340411904;0;0;0;0;0;0;0;0;0;0;0;3286;0;0;126;0;202;0;
15821;11127715;1202565120;27971584;1340411904;0;0;0;0;0;0;0;0;0;0;0;4048;0;0;126;0;202;0;
15822;7364629;1202565120;27971584;1340411904;0;0;0;0;0;0;0;0;0;0;0;3997;0;0;126;0;202;0;
15823;8961292;1202565120;27971584;1340411904;0;0;0;0;0;0;0;0;0;0;0;4849;0;0;126;0;202;0;
15824;5636970;1202565120;27971584;1340411904;0;0;0;0;0;0;0;0;0;0;0;4018;0;0;126;0;202;0;
15825;9441683;1202565120;27971584;1340411904;0;0;0;0;0;0;0;0;0;0;0;3567;0;0;126;0;202;0;
15826;7352075;1202565120;27971584;1340411904;0;0;0;0;0;0;0;0;0;0;0;4469;0;0;126;0;202;0;
15827;10024116;1202565120;27971584;1340411904;0;0;0;0;0;0;0;0;0;0;0;3877;0;0;126;0;202;0;
15828;6529474;1202565120;27971584;1340411904;0;0;0;0;0;0;0;0;0;0;0;3808;0;0;126;0;202;0;
15829;9263680;1202565120;27971584;1340411904;0;0;0;0;0;0;0;0;0;0;0;3867;0;0;126;0;202;0;
15830;7734012;1202565120;27971584;1340411904;0;0;0;0;0;0;0;0;0;0;0;3477;0;0;126;0;202;0;
15831;7153674;1202565120;27971584;1340411904;0;0;0;0;0;0;0;0;0;0;0;3817;0;0;126;0;202;0;
15832;6648306;1202565120;27971584;1340411904;0;0;0;0;0;0;0;0;0;0;0;4088;0;0;126;0;202;0;
15833;10426369;1202565120;27971584;1340411904;0;0;0;0;0;0;0;0;0;0;0;3817;0;0;126;0;202;0;
15834;6148950;1202565120;27971584;1340411904;0;0;0;0;0;0;0;0;0;0;0;3857;0;0;126;0;202;0;
15835;6157586;1202565120;27971584;1340411904;0;0;0;0;0;0;0;0;0;0;0;2475;0;0;126;0;202;0;
15836;7233403;1202565120;27971584;1340411904;0;0;0;0;0;0;0;0;0;0;0;4298;0;0;126;0;202;0;
15837;10898946;1202565120;27971584;1340411904;0;0;0;0;0;0;0;0;0;0;0;3316;0;0;126;0;202;0;
15838;4733746;1202565120;27971584;1340411904;0;0;0;0;0;0;0;0;0;0;0;3387;0;0;126;0;202;0;
15839;7014222;1202565120;27971584;1340411904;0;0;0;0;0;0;0;0;0;0;0;3677;0;0;126;0;202;0;
15840;4235001;1202565120;27971584;1340411904;0;0;0;0;0;0;0;0;0;0;0;3777;0;0;126;0;202;0;
15841;8494487;1202565120;27971584;1340411904;0;0;0;0;0;0;0;0;0;0;0;3807;0;0;126;0;202;0;
15842;5388413;1202565120;27971584;1340411904;0;0;0;0;0;0;0;0;0;0;0;3967;0;0;126;0;202;0;
15843;8144261;1202565120;27971584;1340411904;0;0;0;0;0;0;0;0;0;0;0;4369;0;0;126;0;202;0;
15844;5673097;1202565120;27971584;1340411904;0;0;0;0;0;0;0;0;0;0;0;3757;0;0;126;0;202;0;
15845;9488902;1202565120;27971584;1340411904;0;0;0;0;0;0;0;0;0;0;0;4018;0;0;126;0;202;0;
15846;4796063;1202565120;27971584;1340411904;0;0;0;0;0;0;0;0;0;0;0;3546;0;0;126;0;202;0;
15847;7380819;1202565120;27971584;1340411904;0;0;0;0;0;0;0;0;0;0;0;3156;0;0;126;0;202;0;
15848;5898040;1202565120;27971584;1340411904;0;0;0;0;0;0;0;0;0;0;0;4047;0;0;126;0;202;0;
15849;8210895;1202565120;27971584;1340411904;0;0;0;0;0;0;0;0;0;0;0;3537;0;0;126;0;202;0;
15850;7328752;1202565120;27971584;1340411904;0;0;0;0;0;0;0;0;0;0;0;4589;0;0;126;0;202;0;
15851;9820994;1202565120;27971584;1340411904;0;0;0;0;0;0;0;0;0;0;0;3987;0;0;126;0;202;0;
15852;5972278;1202565120;27971584;1340411904;0;0;0;0;0;0;0;0;0;0;0;3326;0;0;126;0;202;0;
15853;6366407;1202565120;27971584;1340411904;0;0;0;0;0;0;0;0;0;0;0;3397;0;0;126;0;202;0;
15854;6511860;1202565120;27971584;1340411904;0;0;0;0;0;0;0;0;0;0;0;3626;0;0;126;0;202;0;
15855;9070768;1202565120;27971584;1340411904;0;0;0;0;0;0;0;0;0;0;0;3707;0;0;126;0;202;0;
15856;6600576;1202565120;27971584;1340411904;0;0;0;0;0;0;0;0;0;0;0;2945;0;0;126;0;202;0;
15857;7393443;1202565120;27971584;1340411904;0;0;0;0;0;0;0;0;0;0;0;3196;0;0;126;0;202;0;
15858;5072361;1202565120;27971584;1340411904;0;0;0;0;0;0;0;0;0;0;0;3717;0;0;126;0;202;0;
15859;10073399;1202565120;27971584;1340411904;0;0;0;0;0;0;0;0;0;0;0;3286;0;0;126;0;202;0;
15860;4193383;1202565120;27971584;1340411904;0;0;0;0;0;0;0;0;0;0;0;3927;0;0;126;0;202;0;
15861;6926317;1202565120;27971584;1340411904;0;0;0;0;0;0;0;0;0;0;0;2925;0;0;126;0;202;0;
15862;6710292;1202565120;27971584;1340411904;0;0;0;0;0;0;0;0;0;0;0;3907;0;0;126;0;202;0;
15863;9267558;1202565120;27971584;1340411904;0;0;0;0;0;0;0;0;0;0;0;3416;0;0;126;0;202;0;
15864;6519785;1202565120;27971584;1340411904;0;0;0;0;0;0;0;0;0;0;0;3326;0;0;126;0;202;0;
15865;6811612;1202565120;27971584;1340411904;0;0;0;0;0;0;0;0;0;0;0;2675;0;0;126;0;202;0;
15866;6571462;1202565120;27971584;1340411904;0;0;0;0;0;0;0;0;0;0;0;4018;0;0;126;0;202;0;
15867;6742703;1202565120;27971584;1340411904;0;0;0;0;0;0;0;0;0;0;0;2304;0;0;126;0;202;0;
15868;6004328;1202565120;27971584;1340411904;0;0;0;0;0;0;0;0;0;0;0;3757;0;0;126;0;202;0;
15869;10260519;1202565120;27971584;1340411904;0;0;0;0;0;0;0;0;0;0;0;4037;0;0;126;0;202;0;
15870;6395061;1202565120;27971584;1340411904;0;0;0;0;0;0;0;0;0;0;0;4158;0;0;126;0;202;0;
15871;7770941;1202565120;27971584;1340411904;0;0;0;0;0;0;0;0;0;0;0;3437;0;0;126;0;202;0;
15872;8402224;1202565120;27971584;1340411904;0;0;0;0;0;0;0;0;0;0;0;3987;0;0;126;0;202;0;
15873;9585824;1202565120;27971584;1340411904;0;0;0;0;0;0;0;0;0;0;0;188804;0;0;126;0;202;0;
15874;6287499;1202565120;27975680;1340416000;0;0;0;0;0;0;0;0;0;0;0;3496;0;0;126;0;202;0;
15875;5978119;1202565120;27975680;1340416000;0;0;0;0;0;0;0;0;0;0;0;2826;0;0;126;0;202;0;
15876;7679910;1202565120;27975680;1340416000;0;0;0;0;0;0;0;0;0;0;0;5480;0;0;126;0;202;0;
15877;9270743;1202565120;27975680;1340416000;0;0;0;0;0;0;0;0;0;0;0;3016;0;0;126;0;202;0;
15878;7404383;1202565120;27975680;1340416000;0;0;0;0;0;0;0;0;0;0;0;4198;0;0;126;0;202;0;
15879;9799264;1202565120;27975680;1340416000;0;0;0;0;0;0;0;0;0;0;0;4388;0;0;126;0;202;0;
15880;7598458;1202565120;27971584;1340411904;0;0;0;0;0;0;0;0;0;0;0;4088;0;0;126;0;202;0;
15881;7630287;1202565120;27971584;1340411904;0;0;0;0;0;0;0;0;0;0;0;2715;0;0;126;0;202;0;
15882;6134492;1202561024;27967488;1340407808;0;0;0;0;0;0;0;0;0;0;0;3797;0;0;126;0;202;0;
15883;11075166;1202561024;27967488;1340407808;0;0;0;0;0;0;0;0;0;0;0;3036;0;0;126;0;202;0;
15884;4452208;1202561024;27967488;1340407808;0;0;0;0;0;0;0;0;0;0;0;3316;0;0;126;0;202;0;
15885;10370315;1202561024;27967488;1340407808;0;0;0;0;0;0;0;0;0;0;0;4338;0;0;126;0;202;0;
15886;6449904;1202561024;27967488;1340407808;0;0;0;0;0;0;0;0;0;0;0;3557;0;0;126;0;202;0;
15887;9831966;1202561024;27967488;1340407808;0;0;0;0;0;0;0;0;0;0;0;3948;0;0;126;0;202;0;
15888;6668273;1202561024;27967488;1340407808;0;0;0;0;0;0;0;0;0;0;0;3777;0;0;126;0;202;0;
15889;11532143;1202561024;27967488;1340407808;0;0;0;0;0;0;0;0;0;0;0;3908;0;0;126;0;202;0;
15890;3792692;1202561024;27967488;1340407808;0;0;0;0;0;0;0;0;0;0;0;3667;0;0;126;0;202;0;
15891;9772684;1202561024;27967488;1340407808;0;0;0;0;0;0;0;0;0;0;0;3196;0;0;126;0;202;0;
15892;7571898;1202561024;27967488;1340407808;0;0;0;0;0;0;0;0;0;0;0;3927;0;0;126;0;202;0;
15893;9717841;1202561024;27967488;1340407808;0;0;0;0;0;0;0;0;0;0;0;2806;0;0;126;0;202;0;
15894;7955727;1202561024;27967488;1340407808;0;0;0;0;0;0;0;0;0;0;0;3987;0;0;126;0;202;0;
15895;8314330;1202561024;27967488;1340407808;0;0;0;0;0;0;0;0;0;0;0;4087;0;0;126;0;202;0;
15896;4151344;1202561024;27967488;1340407808;0;0;0;0;0;0;0;0;0;0;0;4538;0;0;126;0;202;0;
15897;8275657;1202561024;27967488;1340407808;0;0;0;0;0;0;0;0;0;0;0;2415;0;0;126;0;202;0;
15898;6867126;1202561024;27967488;1340407808;0;0;0;0;0;0;0;0;0;0;0;3617;0;0;126;0;202;0;
15899;8628870;1202561024;27967488;1340407808;0;0;0;0;0;0;0;0;0;0;0;3427;0;0;126;0;202;0;
15900;5583760;1202561024;27967488;1340407808;0;0;0;0;0;0;0;0;0;0;0;3416;0;0;126;0;202;0;
15901;7390197;1202561024;27967488;1340407808;0;0;0;0;0;0;0;0;0;0;0;3366;0;0;126;0;202;0;
15902;7357145;1202561024;27967488;1340407808;0;0;0;0;0;0;0;0;0;0;0;4318;0;0;126;0;202;0;
15903;7838558;1202561024;27967488;1340407808;0;0;0;0;0;0;0;0;0;0;0;4037;0;0;126;0;202;0;
15904;9243261;1202561024;27967488;1340407808;0;0;0;0;0;0;0;0;0;0;0;3847;0;0;126;0;202;0;
15905;10912171;1202561024;27967488;1340407808;0;0;0;0;0;0;0;0;0;0;0;4569;0;0;126;0;202;0;
15906;5202836;1202561024;27967488;1340407808;0;0;0;0;0;0;0;0;0;0;0;4068;0;0;126;0;202;0;
15907;8493826;1202561024;27967488;1340407808;0;0;0;0;0;0;0;0;0;0;0;3136;0;0;126;0;202;0;
15908;6285235;1202561024;27967488;1340407808;0;0;0;0;0;0;0;0;0;0;0;3016;0;0;126;0;202;0;
15909;9556799;1202561024;27967488;1340407808;0;0;0;0;0;0;0;0;0;0;0;3827;0;0;126;0;202;0;
15910;5382813;1202561024;27967488;1340407808;0;0;0;0;0;0;0;0;0;0;0;3927;0;0;126;0;202;0;
15911;10829095;1202561024;27967488;1340407808;0;0;0;0;0;0;0;0;0;0;0;3196;0;0;126;0;202;0;
15912;7410004;1202561024;27967488;1340407808;0;0;0;0;0;0;0;0;0;0;0;4208;0;0;126;0;202;0;
15913;6430838;1202561024;27967488;1340407808;0;0;0;0;0;0;0;0;0;0;0;2926;0;0;126;0;202;0;
15914;6422613;1202561024;27967488;1340407808;0;0;0;0;0;0;0;0;0;0;0;3436;0;0;126;0;202;0;
15915;8328316;1202561024;27967488;1340407808;0;0;0;0;0;0;0;0;0;0;0;3246;0;0;126;0;202;0;
15916;6638918;1202561024;27967488;1340407808;0;0;0;0;0;0;0;0;0;0;0;3637;0;0;126;0;202;0;
15917;7600662;1202561024;27967488;1340407808;0;0;0;0;0;0;0;0;0;0;0;3096;0;0;126;0;202;0;
15918;7715657;1202561024;27967488;1340407808;0;0;0;0;0;0;0;0;0;0;0;3446;0;0;126;0;202;0;
15919;7144376;1202561024;27967488;1340407808;0;0;0;0;0;0;0;0;0;0;0;2594;0;0;126;0;202;0;
15920;7765400;1202561024;27967488;1340407808;0;0;0;0;0;0;0;0;0;0;0;4729;0;0;126;0;202;0;
15921;11877551;1202561024;27967488;1340407808;0;0;0;0;0;0;0;0;0;0;0;3627;0;0;126;0;202;0;
15922;4985578;1202561024;27967488;1340407808;0;0;0;0;0;0;0;0;0;0;0;4839;0;0;126;0;202;0;
15923;7185504;1202561024;27967488;1340407808;0;0;0;0;0;0;0;0;0;0;0;2995;0;0;126;0;202;0;
15924;8032962;1202561024;27967488;1340407808;0;0;0;0;0;0;0;0;0;0;0;4248;0;0;126;0;202;0;
15925;8088988;1202561024;27967488;1340407808;0;0;0;0;0;0;0;0;0;0;0;3947;0;0;126;0;202;0;
15926;6708950;1202561024;27967488;1340407808;0;0;0;0;0;0;0;0;0;0;0;4679;0;0;126;0;202;0;
15927;10092684;1202561024;27967488;1340407808;0;0;0;0;0;0;0;0;0;0;0;4388;0;0;126;0;202;0;
15928;9604739;1202561024;27967488;1340407808;0;0;0;0;0;0;0;0;0;0;0;3436;0;0;126;0;202;0;
15929;7770390;1202561024;27967488;1340407808;0;0;0;0;0;0;0;0;0;0;0;3547;0;0;126;0;202;0;
15930;8133541;1202561024;27967488;1340407808;0;0;0;0;0;0;0;0;0;0;0;3777;0;0;126;0;202;0;
15931;9747667;1202561024;27967488;1340407808;0;0;0;0;0;0;0;0;0;0;0;3146;0;0;126;0;202;0;
15932;6335860;1202561024;27967488;1340407808;0;0;0;0;0;0;0;0;0;0;0;3827;0;0;126;0;202;0;
15933;8154099;1202561024;27967488;1340407808;0;0;0;0;0;0;0;0;0;0;0;4448;0;0;126;0;202;0;
15934;9396078;1202561024;27967488;1340407808;0;0;0;0;0;0;0;0;0;0;0;4048;0;0;126;0;202;0;
15935;10767910;1202561024;27967488;1340407808;0;0;0;0;0;0;0;0;0;0;0;3246;0;0;126;0;202;0;
15936;7211852;1202561024;27967488;1340407808;0;0;0;0;0;0;0;0;0;0;0;3647;0;0;126;0;202;0;
15937;8853852;1202561024;27967488;1340407808;0;0;0;0;0;0;0;0;0;0;0;4659;0;0;126;0;202;0;
15938;6744026;1202561024;27967488;1340407808;0;0;0;0;0;0;0;0;0;0;0;4358;0;0;126;0;202;0;
15939;7566998;1202561024;27967488;1340407808;0;0;0;0;0;0;0;0;0;0;0;3567;0;0;126;0;202;0;
15940;4476173;1202561024;27967488;1340407808;0;0;0;0;0;0;0;0;0;0;0;3006;0;0;126;0;202;0;
15941;8944140;1202561024;27967488;1340407808;0;0;0;0;0;0;0;0;0;0;0;4618;0;0;126;0;202;0;
15942;8649098;1202561024;27967488;1340407808;0;0;0;0;0;0;0;0;0;0;0;4719;0;0;126;0;202;0;
15943;10239520;1202561024;27967488;1340407808;0;0;0;0;0;0;0;0;0;0;0;4678;0;0;126;0;202;0;
15944;5785768;1202561024;27967488;1340407808;0;0;0;0;0;0;0;0;0;0;0;3247;0;0;126;0;202;0;
15945;9282905;1202561024;27967488;1340407808;0;0;0;0;0;0;0;0;0;0;0;3647;0;0;126;0;202;0;
15946;15360972;1202561024;27967488;1340407808;0;0;0;0;0;0;0;0;0;0;0;3607;0;0;126;0;202;0;
15947;8984897;1202561024;27967488;1340407808;0;0;0;0;0;0;0;0;0;0;0;3156;0;0;126;0;202;0;
15948;4826880;1202561024;27967488;1340407808;0;0;0;0;0;0;0;0;0;0;0;3607;0;0;126;0;202;0;
15949;11003232;1202561024;27967488;1340407808;0;0;0;0;0;0;0;0;0;0;0;3266;0;0;126;0;202;0;
15950;4623248;1202561024;27967488;1340407808;0;0;0;0;0;0;0;0;0;0;0;3427;0;0;126;0;202;0;
15951;10302779;1202561024;27967488;1340407808;0;0;0;0;0;0;0;0;0;0;0;3647;0;0;126;0;202;0;
15952;8241373;1202561024;27967488;1340407808;0;0;0;0;0;0;0;0;0;0;0;3356;0;0;126;0;202;0;
15953;6378159;1202561024;27967488;1340407808;0;0;0;0;0;0;0;0;0;0;0;8325;0;0;126;0;202;0;
15954;10249849;1202561024;27967488;1340407808;0;0;0;0;0;0;0;0;0;0;0;3226;0;0;126;0;202;0;
15955;8149590;1202561024;27967488;1340407808;0;0;0;0;0;0;0;0;0;0;0;3978;0;0;126;0;202;0;
15956;7685791;1202561024;27967488;1340407808;0;0;0;0;0;0;0;0;0;0;0;3346;0;0;126;0;202;0;
15957;10464432;1202561024;27967488;1340407808;0;0;0;0;0;0;0;0;0;0;0;3427;0;0;126;0;202;0;
15958;7453746;1202561024;27967488;1340407808;0;0;0;0;0;0;0;0;0;0;0;3707;0;0;126;0;202;0;
15959;8966502;1202561024;27967488;1340407808;0;0;0;0;0;0;0;0;0;0;0;3477;0;0;126;0;202;0;
15960;7944998;1202561024;27967488;1340407808;0;0;0;0;0;0;0;0;0;0;0;4108;0;0;126;0;202;0;
15961;9633523;1202561024;27967488;1340407808;0;0;0;0;0;0;0;0;0;0;0;3566;0;0;126;0;202;0;
15962;6390272;1202561024;27967488;1340407808;0;0;0;0;0;0;0;0;0;0;0;4308;0;0;126;0;202;0;
15963;8227406;1202561024;27967488;1340407808;0;0;0;0;0;0;0;0;0;0;0;4248;0;0;126;0;202;0;
15964;7612594;1202561024;27967488;1340407808;0;0;0;0;0;0;0;0;0;0;0;3838;0;0;126;0;202;0;
15965;9084304;1202561024;27967488;1340407808;0;0;0;0;0;0;0;0;0;0;0;3727;0;0;126;0;202;0;
15966;4119795;1202561024;27967488;1340407808;0;0;0;0;0;0;0;0;0;0;0;3136;0;0;126;0;202;0;
15967;11594179;1202561024;27967488;1340407808;0;0;0;0;0;0;0;0;0;0;0;3266;0;0;126;0;202;0;
15968;9876409;1202561024;27967488;1340407808;0;0;0;0;0;0;0;0;0;0;0;4399;0;0;126;0;202;0;
15969;6395612;1202561024;27967488;1340407808;0;0;0;0;0;0;0;0;0;0;0;3246;0;0;126;0;202;0;
15970;7861972;1202561024;27967488;1340407808;0;0;0;0;0;0;0;0;0;0;0;4869;0;0;126;0;202;0;
15971;8975870;1202561024;27967488;1340407808;0;0;0;0;0;0;0;0;0;0;0;3807;0;0;126;0;202;0;
15972;9531282;1202561024;27967488;1340407808;0;0;0;0;0;0;0;0;0;0;0;3246;0;0;126;0;202;0;
15973;9009884;1202561024;27967488;1340407808;0;0;0;0;0;0;0;0;0;0;0;3767;0;0;126;0;202;0;
15974;9110843;1202561024;27967488;1340407808;0;0;0;0;0;0;0;0;0;0;0;3035;0;0;126;0;202;0;
15975;12342242;1202561024;27967488;1340407808;0;0;0;0;0;0;0;0;0;0;0;3637;0;0;126;0;202;0;
15976;5915351;1202561024;27967488;1340407808;0;0;0;0;0;0;0;0;0;0;0;3246;0;0;126;0;202;0;
15977;10689935;1202561024;27967488;1340407808;0;0;0;0;0;0;0;0;0;0;0;2624;0;0;126;0;202;0;
15978;7684839;1202561024;27967488;1340407808;0;0;0;0;0;0;0;0;0;0;0;3296;0;0;126;0;202;0;
15979;10878768;1202561024;27967488;1340407808;0;0;0;0;0;0;0;0;0;0;0;4007;0;0;126;0;202;0;
15980;5990443;1202561024;27967488;1340407808;0;0;0;0;0;0;0;0;0;0;0;3276;0;0;126;0;202;0;
15981;7041833;1202561024;27967488;1340407808;0;0;0;0;0;0;0;0;0;0;0;3246;0;0;126;0;202;0;
15982;7404724;1202561024;27967488;1340407808;0;0;0;0;0;0;0;0;0;0;0;2865;0;0;126;0;202;0;
15983;10802235;1202561024;27967488;1340407808;0;0;0;0;0;0;0;0;0;0;0;3928;0;0;126;0;202;0;
15984;8720592;1202561024;27967488;1340407808;0;0;0;0;0;0;0;0;0;0;0;4609;0;0;126;0;202;0;
15985;7702402;1202561024;27967488;1340407808;0;0;0;0;0;0;0;0;0;0;0;3486;0;0;126;0;202;0;
15986;7246397;1202561024;27967488;1340407808;0;0;0;0;0;0;0;0;0;0;0;4338;0;0;126;0;202;0;
15987;13425464;1202561024;27967488;1340407808;0;0;0;0;0;0;0;0;0;0;0;6442;0;0;126;0;202;0;
15988;6039885;1202561024;27967488;1340407808;0;0;0;0;0;0;0;0;0;0;0;3837;0;0;126;0;202;0;
15989;9828168;1202561024;27967488;1340407808;0;0;0;0;0;0;0;0;0;0;0;3246;0;0;126;0;202;0;
15990;6201628;1202561024;27967488;1340407808;0;0;0;0;0;0;0;0;0;0;0;8355;0;0;126;0;202;0;
15991;7973391;1202561024;27967488;1340407808;0;0;0;0;0;0;0;0;0;0;0;4699;0;0;126;0;202;0;
15992;7961198;1202561024;27967488;1340407808;0;0;0;0;0;0;0;0;0;0;0;4178;0;0;126;0;202;0;
15993;8874600;1202561024;27967488;1340407808;0;0;0;0;0;0;0;0;0;0;0;3286;0;0;126;0;202;0;
15994;9596043;1202561024;27967488;1340407808;0;0;0;0;0;0;0;0;0;0;0;3427;0;0;126;0;202;0;
15995;11027958;1202561024;27967488;1340407808;0;0;0;0;0;0;0;0;0;0;0;3997;0;0;126;0;202;0;
15996;4786535;1202561024;27967488;1340407808;0;0;0;0;0;0;0;0;0;0;0;3637;0;0;126;0;202;0;
15997;6710953;1202561024;27967488;1340407808;0;0;0;0;0;0;0;0;0;0;0;3657;0;0;126;0;202;0;
15998;8231845;1202561024;27967488;1340407808;0;0;0;0;0;0;0;0;0;0;0;3927;0;0;126;0;202;0;
15999;6928601;1202561024;27967488;1340407808;0;0;0;0;0;0;0;0;0;0;0;2875;0;0;126;0;202;0;
16000;6110668;1202561024;27967488;1340407808;0;0;0;0;0;0;0;0;0;0;0;3346;0;0;126;0;202;0;
16001;8697388;1202561024;27967488;1340407808;0;0;0;0;0;0;0;0;0;0;0;4528;0;0;126;0;202;0;
16002;7236018;1202561024;27967488;1340407808;0;0;0;0;0;0;0;0;0;0;0;4358;0;0;126;0;202;0;
16003;9551950;1202561024;27967488;1340407808;0;0;0;0;0;0;0;0;0;0;0;3206;0;0;126;0;202;0;
16004;5957250;1202561024;27967488;1340407808;0;0;0;0;0;0;0;0;0;0;0;3497;0;0;126;0;202;0;
16005;11011537;1202561024;27967488;1340407808;0;0;0;0;0;0;0;0;0;0;0;4087;0;0;126;0;202;0;
16006;9286833;1202561024;27967488;1340407808;0;0;0;0;0;0;0;0;0;0;0;7364;0;0;126;0;202;0;
16007;10102082;1202561024;27967488;1340407808;0;0;0;0;0;0;0;0;0;0;0;3216;0;0;126;0;202;0;
16008;9246578;1202561024;27967488;1340407808;0;0;0;0;0;0;0;0;0;0;0;4148;0;0;126;0;202;0;
16009;8368692;1202561024;27967488;1340407808;0;0;0;0;0;0;0;0;0;0;0;4298;0;0;126;0;202;0;
16010;7735114;1202561024;27967488;1340407808;0;0;0;0;0;0;0;0;0;0;0;3747;0;0;126;0;202;0;
16011;7809002;1202561024;27967488;1340407808;0;0;0;0;0;0;0;0;0;0;0;3737;0;0;126;0;202;0;
16012;5154705;1202561024;27967488;1340407808;0;0;0;0;0;0;0;0;0;0;0;8286;0;0;126;0;202;0;
16013;18065574;1202561024;27967488;1340407808;0;0;0;0;0;0;0;0;0;0;0;4969;0;0;126;0;202;0;
16014;8567414;1202561024;27967488;1340407808;0;0;0;0;0;0;0;0;0;0;0;4388;0;0;126;0;202;0;
16015;10513373;1202561024;27967488;1340407808;0;0;0;0;0;0;0;0;0;0;0;3336;0;0;126;0;202;0;
16016;4398417;1202561024;27967488;1340407808;0;0;0;0;0;0;0;0;0;0;0;3967;0;0;126;0;202;0;
16017;10553318;1202561024;27967488;1340407808;0;0;0;0;0;0;0;0;0;0;0;4128;0;0;126;0;202;0;
16018;4018074;1202561024;27967488;1340407808;0;0;0;0;0;0;0;0;0;0;0;3145;0;0;126;0;202;0;
16019;13549897;1202561024;27971584;1340411904;0;0;0;0;0;0;0;0;0;0;0;4698;0;0;126;0;202;0;
16020;7842145;1202561024;27975680;1340416000;0;0;0;0;0;0;0;0;0;0;0;4038;0;0;126;0;202;0;
16021;12771857;1202561024;27975680;1340416000;0;0;0;0;0;0;0;0;0;0;0;3807;0;0;126;0;202;0;
16022;8120486;1202561024;27975680;1340416000;0;0;0;0;0;0;0;0;0;0;0;4178;0;0;126;0;202;0;
16023;9712311;1202561024;27975680;1340416000;0;0;0;0;0;0;0;0;0;0;0;3426;0;0;126;0;202;0;
16024;7079214;1202561024;27975680;1340416000;0;0;0;0;0;0;0;0;0;0;0;3296;0;0;126;0;202;0;
16025;9215239;1202561024;27975680;1340416000;0;0;0;0;0;0;0;0;0;0;0;4278;0;0;126;0;202;0;
16026;8561734;1202561024;27967488;1340407808;0;0;0;0;0;0;0;0;0;0;0;3387;0;0;126;0;202;0;
16027;8561112;1202561024;27967488;1340407808;0;0;0;0;0;0;0;0;0;0;0;3607;0;0;126;0;202;0;
16028;7066841;1202561024;27967488;1340407808;0;0;0;0;0;0;0;0;0;0;0;4058;0;0;126;0;202;0;
16029;9261165;1202561024;27967488;1340407808;0;0;0;0;0;0;0;0;0;0;0;3606;0;0;126;0;202;0;
16030;5675372;1202561024;27967488;1340407808;0;0;0;0;0;0;0;0;0;0;0;5069;0;0;126;0;202;0;
16031;9833278;1202561024;27967488;1340407808;0;0;0;0;0;0;0;0;0;0;0;3707;0;0;126;0;202;0;
16032;10465954;1202561024;27967488;1340407808;0;0;0;0;0;0;0;0;0;0;0;3497;0;0;126;0;202;0;
16033;9101075;1202561024;27967488;1340407808;0;0;0;0;0;0;0;0;0;0;0;4729;0;0;126;0;202;0;
16034;10329969;1202561024;27967488;1340407808;0;0;0;0;0;0;0;0;0;0;0;3367;0;0;126;0;202;0;
16035;8843582;1202561024;27967488;1340407808;0;0;0;0;0;0;0;0;0;0;0;3978;0;0;126;0;202;0;
16036;7450319;1202561024;27967488;1340407808;0;0;0;0;0;0;0;0;0;0;0;3627;0;0;126;0;202;0;
16037;9798152;1202561024;27967488;1340407808;0;0;0;0;0;0;0;0;0;0;0;3807;0;0;126;0;202;0;
16038;6756168;1202561024;27967488;1340407808;0;0;0;0;0;0;0;0;0;0;0;3376;0;0;126;0;202;0;
16039;11287274;1202561024;27967488;1340407808;0;0;0;0;0;0;0;0;0;0;0;3788;0;0;126;0;202;0;
16040;11373866;1202561024;27967488;1340407808;0;0;0;0;0;0;0;0;0;0;0;3606;0;0;126;0;202;0;
16041;12237866;1202561024;27967488;1340407808;0;0;0;0;0;0;0;0;0;0;0;4368;0;0;126;0;202;0;
16042;10770255;1202561024;27967488;1340407808;0;0;0;0;0;0;0;0;0;0;0;3657;0;0;126;0;202;0;
16043;11864947;1202561024;27967488;1340407808;0;0;0;0;0;0;0;0;0;0;0;3497;0;0;126;0;202;0;
16044;9023650;1202561024;27967488;1340407808;0;0;0;0;0;0;0;0;0;0;0;3947;0;0;126;0;202;0;
16045;14107002;1202561024;27967488;1340407808;0;0;0;0;0;0;0;0;0;0;0;6011;0;0;126;0;202;0;
16046;10400431;1202561024;27967488;1340407808;0;0;0;0;0;0;0;0;0;0;0;2795;0;0;126;0;202;0;
16047;8791665;1202561024;27967488;1340407808;0;0;0;0;0;0;0;0;0;0;0;4037;0;0;126;0;202;0;
16048;5958623;1202561024;27967488;1340407808;0;0;0;0;0;0;0;0;0;0;0;3727;0;0;126;0;202;0;
16049;10821581;1202561024;27967488;1340407808;0;0;0;0;0;0;0;0;0;0;0;2926;0;0;126;0;202;0;
16050;7693586;1202561024;27967488;1340407808;0;0;0;0;0;0;0;0;0;0;0;3818;0;0;126;0;202;0;
16051;11517326;1202561024;27967488;1340407808;0;0;0;0;0;0;0;0;0;0;0;4248;0;0;126;0;202;0;
16052;7081468;1202561024;27967488;1340407808;0;0;0;0;0;0;0;0;0;0;0;3496;0;0;126;0;202;0;
16053;13102047;1202561024;27967488;1340407808;0;0;0;0;0;0;0;0;0;0;0;4458;0;0;126;0;202;0;
16054;10152135;1202561024;27967488;1340407808;0;0;0;0;0;0;0;0;0;0;0;3717;0;0;126;0;202;0;
16055;12434785;1202561024;27967488;1340407808;0;0;0;0;0;0;0;0;0;0;0;3747;0;0;126;0;202;0;
16056;10278553;1202561024;27967488;1340407808;0;0;0;0;0;0;0;0;0;0;0;4549;0;0;126;0;202;0;
16057;15177910;1202561024;27967488;1340407808;0;0;0;0;0;0;0;0;0;0;0;3397;0;0;126;0;202;0;
16058;10747963;1202561024;27967488;1340407808;0;0;0;0;0;0;0;0;0;0;0;3747;0;0;126;0;202;0;
16059;10754385;1202561024;27967488;1340407808;0;0;0;0;0;0;0;0;0;0;0;3657;0;0;126;0;202;0;
16060;9337248;1202561024;27967488;1340407808;0;0;0;0;0;0;0;0;0;0;0;3877;0;0;126;0;202;0;
16061;8390212;1202561024;27967488;1340407808;0;0;0;0;0;0;0;0;0;0;0;3337;0;0;126;0;202;0;
16062;6986820;1202561024;27967488;1340407808;0;0;0;0;0;0;0;0;0;0;0;3586;0;0;126;0;202;0;
16063;11020043;1202561024;27967488;1340407808;0;0;0;0;0;0;0;0;0;0;0;4268;0;0;126;0;202;0;
16064;6755327;1202561024;27967488;1340407808;0;0;0;0;0;0;0;0;0;0;0;3647;0;0;126;0;202;0;
16065;6707587;1202561024;27967488;1340407808;0;0;0;0;0;0;0;0;0;0;0;2986;0;0;126;0;202;0;
16066;6627567;1202561024;27967488;1340407808;0;0;0;0;0;0;0;0;0;0;0;3657;0;0;126;0;202;0;
16067;8081353;1202561024;27967488;1340407808;0;0;0;0;0;0;0;0;0;0;0;2695;0;0;126;0;202;0;
16068;8082215;1202561024;27967488;1340407808;0;0;0;0;0;0;0;0;0;0;0;4148;0;0;126;0;202;0;
16069;7422678;1202561024;27967488;1340407808;0;0;0;0;0;0;0;0;0;0;0;3216;0;0;126;0;202;0;
16070;5861170;1202561024;27967488;1340407808;0;0;0;0;0;0;0;0;0;0;0;3787;0;0;126;0;202;0;
16071;9944727;1202561024;27967488;1340407808;0;0;0;0;0;0;0;0;0;0;0;3216;0;0;126;0;202;0;
16072;5708223;1202561024;27967488;1340407808;0;0;0;0;0;0;0;0;0;0;0;4518;0;0;126;0;202;0;
16073;9525361;1202561024;27967488;1340407808;0;0;0;0;0;0;0;0;0;0;0;3707;0;0;126;0;202;0;
16074;7378475;1202561024;27967488;1340407808;0;0;0;0;0;0;0;0;0;0;0;3216;0;0;126;0;202;0;
16075;13637451;1202561024;27967488;1340407808;0;0;0;0;0;0;0;0;0;0;0;4679;0;0;126;0;202;0;
16076;8058670;1202561024;27967488;1340407808;0;0;0;0;0;0;0;0;0;0;0;4509;0;0;126;0;202;0;
16077;9799264;1202561024;27967488;1340407808;0;0;0;0;0;0;0;0;0;0;0;4368;0;0;126;0;202;0;
16078;7888091;1202561024;27967488;1340407808;0;0;0;0;0;0;0;0;0;0;0;4057;0;0;126;0;202;0;
16079;10845215;1202561024;27967488;1340407808;0;0;0;0;0;0;0;0;0;0;0;3296;0;0;126;0;202;0;
16080;5560346;1202561024;27967488;1340407808;0;0;0;0;0;0;0;0;0;0;0;3397;0;0;126;0;202;0;
16081;6179607;1202561024;27967488;1340407808;0;0;0;0;0;0;0;0;0;0;0;3025;0;0;126;0;202;0;
16082;6721583;1202561024;27967488;1340407808;0;0;0;0;0;0;0;0;0;0;0;3246;0;0;126;0;202;0;
16083;11528567;1202561024;27967488;1340407808;0;0;0;0;0;0;0;0;0;0;0;3918;0;0;126;0;202;0;
16084;6619913;1202561024;27967488;1340407808;0;0;0;0;0;0;0;0;0;0;0;4258;0;0;126;0;202;0;
16085;12487114;1202561024;27967488;1340407808;0;0;0;0;0;0;0;0;0;0;0;3015;0;0;126;0;202;0;
16086;5645516;1202561024;27967488;1340407808;0;0;0;0;0;0;0;0;0;0;0;4038;0;0;126;0;202;0;
16087;8148669;1202561024;27967488;1340407808;0;0;0;0;0;0;0;0;0;0;0;2685;0;0;126;0;202;0;
16088;7049038;1202561024;27967488;1340407808;0;0;0;0;0;0;0;0;0;0;0;3878;0;0;126;0;202;0;
16089;6596098;1202561024;27967488;1340407808;0;0;0;0;0;0;0;0;0;0;0;3587;0;0;126;0;202;0;
16090;7449599;1202561024;27967488;1340407808;0;0;0;0;0;0;0;0;0;0;0;4208;0;0;126;0;202;0;
16091;9017618;1202561024;27967488;1340407808;0;0;0;0;0;0;0;0;0;0;0;2955;0;0;126;0;202;0;
16092;6279194;1202561024;27967488;1340407808;0;0;0;0;0;0;0;0;0;0;0;3707;0;0;126;0;202;0;
16093;6501490;1202561024;27967488;1340407808;0;0;0;0;0;0;0;0;0;0;0;2995;0;0;126;0;202;0;
16094;5545197;1202561024;27967488;1340407808;0;0;0;0;0;0;0;0;0;0;0;3878;0;0;126;0;202;0;
16095;10781616;1202561024;27967488;1340407808;0;0;0;0;0;0;0;0;0;0;0;10129;0;0;126;0;202;0;
16096;5185954;1202561024;27971584;1340411904;0;0;0;0;0;0;0;0;0;0;0;3507;0;0;126;0;202;0;
16097;7919520;1202561024;27971584;1340411904;0;0;0;0;0;0;0;0;0;0;0;2965;0;0;126;0;202;0;
16098;6494728;1202561024;27971584;1340411904;0;0;0;0;0;0;0;0;0;0;0;3787;0;0;126;0;202;0;
16099;7873273;1202561024;27971584;1340411904;0;0;0;0;0;0;0;0;0;0;0;3286;0;0;126;0;202;0;
16100;7095053;1202561024;27971584;1340411904;0;0;0;0;0;0;0;0;0;0;0;2725;0;0;126;0;202;0;
16101;9903469;1202561024;27971584;1340411904;0;0;0;0;0;0;0;0;0;0;0;3487;0;0;126;0;202;0;
16102;4801653;1202561024;27971584;1340411904;0;0;0;0;0;0;0;0;0;0;0;3977;0;0;126;0;202;0;
16103;9822257;1202561024;27971584;1340411904;0;0;0;0;0;0;0;0;0;0;0;3146;0;0;126;0;202;0;
16104;8895440;1202561024;27967488;1340407808;0;0;0;0;0;0;0;0;0;0;0;4028;0;0;126;0;202;0;
16105;9618726;1202561024;27967488;1340407808;0;0;0;0;0;0;0;0;0;0;0;3737;0;0;126;0;202;0;
16106;8742012;1202561024;27967488;1340407808;0;0;0;0;0;0;0;0;0;0;0;3417;0;0;126;0;202;0;
16107;8770164;1202561024;27967488;1340407808;0;0;0;0;0;0;0;0;0;0;0;3336;0;0;126;0;202;0;
16108;6822432;1202561024;27967488;1340407808;0;0;0;0;0;0;0;0;0;0;0;3977;0;0;126;0;202;0;
16109;10249519;1202561024;27967488;1340407808;0;0;0;0;0;0;0;0;0;0;0;3596;0;0;126;0;202;0;
16110;6065043;1202561024;27967488;1340407808;0;0;0;0;0;0;0;0;0;0;0;4138;0;0;126;0;202;0;
16111;12472677;1202561024;27967488;1340407808;0;0;0;0;0;0;0;0;0;0;0;3807;0;0;126;0;202;0;
16112;7530400;1202561024;27967488;1340407808;0;0;0;0;0;0;0;0;0;0;0;4779;0;0;126;0;202;0;
16113;10122230;1202561024;27967488;1340407808;0;0;0;0;0;0;0;0;0;0;0;3778;0;0;126;0;202;0;
16114;8450816;1202561024;27967488;1340407808;0;0;0;0;0;0;0;0;0;0;0;3327;0;0;126;0;202;0;
16115;11226390;1202561024;27967488;1340407808;0;0;0;0;0;0;0;0;0;0;0;4608;0;0;126;0;202;0;
16116;8438182;1202561024;27967488;1340407808;0;0;0;0;0;0;0;0;0;0;0;3287;0;0;126;0;202;0;
16117;10004359;1202561024;27967488;1340407808;0;0;0;0;0;0;0;0;0;0;0;2855;0;0;126;0;202;0;
16118;6069701;1202561024;27967488;1340407808;0;0;0;0;0;0;0;0;0;0;0;3236;0;0;126;0;202;0;
16119;8092293;1202561024;27967488;1340407808;0;0;0;0;0;0;0;0;0;0;0;3867;0;0;126;0;202;0;
16120;13103119;1202561024;27967488;1340407808;0;0;0;0;0;0;0;0;0;0;0;4389;0;0;126;0;202;0;
16121;11827497;1202561024;27967488;1340407808;0;0;0;0;0;0;0;0;0;0;0;4328;0;0;126;0;202;0;
16122;8075612;1202561024;27967488;1340407808;0;0;0;0;0;0;0;0;0;0;0;3227;0;0;126;0;202;0;
16123;12971342;1202561024;27967488;1340407808;0;0;0;0;0;0;0;0;0;0;0;3887;0;0;126;0;202;0;
16124;12022833;1202561024;27967488;1340407808;0;0;0;0;0;0;0;0;0;0;0;3797;0;0;126;0;202;0;
16125;9503790;1202561024;27967488;1340407808;0;0;0;0;0;0;0;0;0;0;0;3777;0;0;126;0;202;0;
16126;10255269;1202561024;27967488;1340407808;0;0;0;0;0;0;0;0;0;0;0;3657;0;0;126;0;202;0;
16127;13446292;1202561024;27967488;1340407808;0;0;0;0;0;0;0;0;0;0;0;4168;0;0;126;0;202;0;
16128;8491712;1202561024;27967488;1340407808;0;0;0;0;0;0;0;0;0;0;0;4689;0;0;126;0;202;0;
16129;9734523;1202561024;27967488;1340407808;0;0;0;0;0;0;0;0;0;0;0;3596;0;0;126;0;202;0;
16130;8263104;1202561024;27967488;1340407808;0;0;0;0;0;0;0;0;0;0;0;3556;0;0;126;0;202;0;
16131;10076454;1202561024;27967488;1340407808;0;0;0;0;0;0;0;0;0;0;0;3687;0;0;126;0;202;0;
16132;8593503;1202561024;27967488;1340407808;0;0;0;0;0;0;0;0;0;0;0;5651;0;0;126;0;202;0;
16133;10929223;1202561024;27967488;1340407808;0;0;0;0;0;0;0;0;0;0;0;3386;0;0;126;0;202;0;
16134;9257669;1202561024;27967488;1340407808;0;0;0;0;0;0;0;0;0;0;0;3957;0;0;126;0;202;0;
16135;12006142;1202561024;27967488;1340407808;0;0;0;0;0;0;0;0;0;0;0;3747;0;0;126;0;202;0;
16136;11108229;1202561024;27967488;1340407808;0;0;0;0;0;0;0;0;0;0;0;4659;0;0;126;0;202;0;
16137;8507893;1202561024;27967488;1340407808;0;0;0;0;0;0;0;0;0;0;0;135103;0;0;126;0;202;0;
16138;8091963;1202561024;27971584;1340411904;0;0;0;0;0;0;0;0;0;0;0;4208;0;0;126;0;202;0;
16139;10759946;1202561024;27971584;1340411904;0;0;0;0;0;0;0;0;0;0;0;2845;0;0;126;0;202;0;
16140;8279324;1202561024;27971584;1340411904;0;0;0;0;0;0;0;0;0;0;0;3436;0;0;126;0;202;0;
16141;12387227;1202561024;27971584;1340411904;0;0;0;0;0;0;0;0;0;0;0;4308;0;0;126;0;202;0;
16142;6795803;1202561024;27971584;1340411904;0;0;0;0;0;0;0;0;0;0;0;3666;0;0;126;0;202;0;
16143;9440361;1202561024;27971584;1340411904;0;0;0;0;0;0;0;0;0;0;0;3476;0;0;126;0;202;0;
16144;10364113;1202561024;27971584;1340411904;0;0;0;0;0;0;0;0;0;0;0;3196;0;0;126;0;202;0;
16145;12207660;1202561024;27971584;1340411904;0;0;0;0;0;0;0;0;0;0;0;4177;0;0;126;0;202;0;
16146;10519775;1202561024;27967488;1340407808;0;0;0;0;0;0;0;0;0;0;0;3827;0;0;126;0;202;0;
16147;9379136;1202561024;27967488;1340407808;0;0;0;0;0;0;0;0;0;0;0;4919;0;0;126;0;202;0;
16148;7732238;1202561024;27967488;1340407808;0;0;0;0;0;0;0;0;0;0;0;3837;0;0;126;0;202;0;
16149;8876944;1202561024;27967488;1340407808;0;0;0;0;0;0;0;0;0;0;0;4158;0;0;126;0;202;0;
16150;10125636;1202561024;27967488;1340407808;0;0;0;0;0;0;0;0;0;0;0;4509;0;0;126;0;202;0;
16151;7926633;1202561024;27967488;1340407808;0;0;0;0;0;0;0;0;0;0;0;4899;0;0;126;0;202;0;
16152;12689965;1202561024;27967488;1340407808;0;0;0;0;0;0;0;0;0;0;0;6091;0;0;126;0;202;0;
16153;12009338;1202561024;27967488;1340407808;0;0;0;0;0;0;0;0;0;0;0;3767;0;0;126;0;202;0;
16154;10937628;1202561024;27967488;1340407808;0;0;0;0;0;0;0;0;0;0;0;4609;0;0;126;0;202;0;
16155;12419648;1202561024;27967488;1340407808;0;0;0;0;0;0;0;0;0;0;0;4098;0;0;126;0;202;0;
16156;9601403;1202561024;27967488;1340407808;0;0;0;0;0;0;0;0;0;0;0;4038;0;0;126;0;202;0;
16157;8626656;1202561024;27967488;1340407808;0;0;0;0;0;0;0;0;0;0;0;4618;0;0;126;0;202;0;
16158;8974918;1202561024;27967488;1340407808;0;0;0;0;0;0;0;0;0;0;0;4118;0;0;126;0;202;0;
16159;9121874;1202561024;27967488;1340407808;0;0;0;0;0;0;0;0;0;0;0;4168;0;0;126;0;202;0;
16160;6111509;1202561024;27967488;1340407808;0;0;0;0;0;0;0;0;0;0;0;3356;0;0;126;0;202;0;
16161;10784572;1202561024;27967488;1340407808;0;0;0;0;0;0;0;0;0;0;0;3937;0;0;126;0;202;0;
16162;10220043;1202561024;27967488;1340407808;0;0;0;0;0;0;0;0;0;0;0;3817;0;0;126;0;202;0;
16163;15662017;1202561024;27967488;1340407808;0;0;0;0;0;0;0;0;0;0;0;3987;0;0;126;0;202;0;
16164;8226946;1202561024;27967488;1340407808;0;0;0;0;0;0;0;0;0;0;0;3436;0;0;126;0;202;0;
16165;9617243;1202561024;27967488;1340407808;0;0;0;0;0;0;0;0;0;0;0;3527;0;0;126;0;202;0;
16166;8227317;1202561024;27967488;1340407808;0;0;0;0;0;0;0;0;0;0;0;3917;0;0;126;0;202;0;
16167;14101000;1202561024;27967488;1340407808;0;0;0;0;0;0;0;0;0;0;0;3026;0;0;126;0;202;0;
16168;8797746;1202561024;27967488;1340407808;0;0;0;0;0;0;0;0;0;0;0;4188;0;0;126;0;202;0;
16169;7938315;1202561024;27967488;1340407808;0;0;0;0;0;0;0;0;0;0;0;3917;0;0;126;0;202;0;
16170;7492579;1202561024;27967488;1340407808;0;0;0;0;0;0;0;0;0;0;0;3586;0;0;126;0;202;0;
16171;9916745;1202561024;27967488;1340407808;0;0;0;0;0;0;0;0;0;0;0;2584;0;0;126;0;202;0;
16172;10183434;1202561024;27967488;1340407808;0;0;0;0;0;0;0;0;0;0;0;3537;0;0;126;0;202;0;
16173;8248697;1202561024;27967488;1340407808;0;0;0;0;0;0;0;0;0;0;0;2935;0;0;126;0;202;0;
16174;8512481;1202561024;27967488;1340407808;0;0;0;0;0;0;0;0;0;0;0;10089;0;0;126;0;202;0;
16175;10349726;1202561024;27967488;1340407808;0;0;0;0;0;0;0;0;0;0;0;2785;0;0;126;0;202;0;
16176;6647674;1202561024;27967488;1340407808;0;0;0;0;0;0;0;0;0;0;0;3296;0;0;126;0;202;0;
16177;7328090;1202561024;27967488;1340407808;0;0;0;0;0;0;0;0;0;0;0;2164;0;0;126;0;202;0;
16178;6640200;1202561024;27967488;1340407808;0;0;0;0;0;0;0;0;0;0;0;3747;0;0;126;0;202;0;
16179;9245355;1202561024;27967488;1340407808;0;0;0;0;0;0;0;0;0;0;0;3667;0;0;126;0;202;0;
16180;5073703;1202561024;27967488;1340407808;0;0;0;0;0;0;0;0;0;0;0;3407;0;0;126;0;202;0;
16181;7326097;1202561024;27967488;1340407808;0;0;0;0;0;0;0;0;0;0;0;3607;0;0;126;0;202;0;
16182;10579066;1202561024;27967488;1340407808;0;0;0;0;0;0;0;0;0;0;0;3877;0;0;126;0;202;0;
16183;10714721;1202561024;27971584;1340411904;0;0;0;0;0;0;0;0;0;0;0;3837;0;0;126;0;202;0;
16184;9772343;1202561024;27975680;1340416000;0;0;0;0;0;0;0;0;0;0;0;3817;0;0;126;0;202;0;
16185;11818630;1202561024;27975680;1340416000;0;0;0;0;0;0;0;0;0;0;0;4138;0;0;126;0;202;0;
16186;4790072;1202561024;27975680;1340416000;0;0;0;0;0;0;0;0;0;0;0;4258;0;0;126;0;202;0;
16187;9068594;1202561024;27975680;1340416000;0;0;0;0;0;0;0;0;0;0;0;3306;0;0;126;0;202;0;
16188;7092980;1202561024;27975680;1340416000;0;0;0;0;0;0;0;0;0;0;0;4358;0;0;126;0;202;0;
16189;8118613;1202561024;27975680;1340416000;0;0;0;0;0;0;0;0;0;0;0;3297;0;0;126;0;202;0;
16190;7442385;1202561024;27967488;1340407808;0;0;0;0;0;0;0;0;0;0;0;3256;0;0;126;0;202;0;
16191;8063900;1202561024;27967488;1340407808;0;0;0;0;0;0;0;0;0;0;0;4258;0;0;126;0;202;0;
16192;5306069;1202561024;27967488;1340407808;0;0;0;0;0;0;0;0;0;0;0;3657;0;0;126;0;202;0;
16193;10599394;1202561024;27967488;1340407808;0;0;0;0;0;0;0;0;0;0;0;3436;0;0;126;0;202;0;
16194;4192601;1202561024;27967488;1340407808;0;0;0;0;0;0;0;0;0;0;0;3116;0;0;126;0;202;0;
16195;5737509;1202561024;27967488;1340407808;0;0;0;0;0;0;0;0;0;0;0;2084;0;0;126;0;202;0;
16196;6538500;1202561024;27967488;1340407808;0;0;0;0;0;0;0;0;0;0;0;3637;0;0;126;0;202;0;
16197;10316434;1202561024;27967488;1340407808;0;0;0;0;0;0;0;0;0;0;0;3246;0;0;126;0;202;0;
16198;7279719;1202561024;27967488;1340407808;0;0;0;0;0;0;0;0;0;0;0;3897;0;0;126;0;202;0;
16199;6154500;1202561024;27967488;1340407808;0;0;0;0;0;0;0;0;0;0;0;3116;0;0;126;0;202;0;
16200;7189581;1202561024;27967488;1340407808;0;0;0;0;0;0;0;0;0;0;0;4188;0;0;126;0;202;0;
16201;7195431;1202561024;27967488;1340407808;0;0;0;0;0;0;0;0;0;0;0;2675;0;0;126;0;202;0;
16202;8578655;1202561024;27967488;1340407808;0;0;0;0;0;0;0;0;0;0;0;3928;0;0;126;0;202;0;
16203;6563316;1202561024;27967488;1340407808;0;0;0;0;0;0;0;0;0;0;0;2625;0;0;126;0;202;0;
16204;5926893;1202561024;27967488;1340407808;0;0;0;0;0;0;0;0;0;0;0;3386;0;0;126;0;202;0;
16205;9916173;1202561024;27967488;1340407808;0;0;0;0;0;0;0;0;0;0;0;3387;0;0;126;0;202;0;
16206;7275171;1202561024;27967488;1340407808;0;0;0;0;0;0;0;0;0;0;0;3216;0;0;126;0;202;0;
16207;9392822;1202561024;27967488;1340407808;0;0;0;0;0;0;0;0;0;0;0;3145;0;0;126;0;202;0;
16208;5159604;1202561024;27967488;1340407808;0;0;0;0;0;0;0;0;0;0;0;3427;0;0;126;0;202;0;
16209;10669536;1202561024;27967488;1340407808;0;0;0;0;0;0;0;0;0;0;0;4939;0;0;126;0;202;0;
16210;8263154;1202561024;27967488;1340407808;0;0;0;0;0;0;0;0;0;0;0;2465;0;0;126;0;202;0;
16211;10979377;1202561024;27967488;1340407808;0;0;0;0;0;0;0;0;0;0;0;132869;0;0;126;0;202;0;
16212;8416722;1202561024;27971584;1340411904;0;0;0;0;0;0;0;0;0;0;0;3196;0;0;126;0;202;0;
16213;9809563;1202561024;27971584;1340411904;0;0;0;0;0;0;0;0;0;0;0;3426;0;0;126;0;202;0;
16214;6340067;1202561024;27971584;1340411904;0;0;0;0;0;0;0;0;0;0;0;2816;0;0;126;0;202;0;
16215;5899121;1202561024;27971584;1340411904;0;0;0;0;0;0;0;0;0;0;0;3376;0;0;126;0;202;0;
16216;5751054;1202561024;27971584;1340411904;0;0;0;0;0;0;0;0;0;0;0;3577;0;0;126;0;202;0;
16217;5694648;1202561024;27971584;1340411904;0;0;0;0;0;0;0;0;0;0;0;2505;0;0;126;0;202;0;
16218;9869546;1202561024;27971584;1340411904;0;0;0;0;0;0;0;0;0;0;0;3948;0;0;126;0;202;0;
16219;8063629;1202561024;27971584;1340411904;0;0;0;0;0;0;0;0;0;0;0;3046;0;0;126;0;202;0;
16220;6167324;1202561024;27967488;1340407808;0;0;0;0;0;0;0;0;0;0;0;3106;0;0;126;0;202;0;
16221;8489118;1202561024;27967488;1340407808;0;0;0;0;0;0;0;0;0;0;0;3105;0;0;126;0;202;0;
16222;7345924;1202561024;27967488;1340407808;0;0;0;0;0;0;0;0;0;0;0;3356;0;0;126;0;202;0;
16223;10402726;1202561024;27967488;1340407808;0;0;0;0;0;0;0;0;0;0;0;4479;0;0;126;0;202;0;
16224;7840952;1202561024;27967488;1340407808;0;0;0;0;0;0;0;0;0;0;0;3026;0;0;126;0;202;0;
16225;8687009;1202561024;27967488;1340407808;0;0;0;0;0;0;0;0;0;0;0;2655;0;0;126;0;202;0;
16226;5749891;1202561024;27967488;1340407808;0;0;0;0;0;0;0;0;0;0;0;3587;0;0;126;0;202;0;
16227;8242826;1202561024;27967488;1340407808;0;0;0;0;0;0;0;0;0;0;0;3787;0;0;126;0;202;0;
16228;6787157;1202561024;27967488;1340407808;0;0;0;0;0;0;0;0;0;0;0;3987;0;0;126;0;202;0;
16229;8840937;1202561024;27967488;1340407808;0;0;0;0;0;0;0;0;0;0;0;3346;0;0;126;0;202;0;
16230;8098245;1202561024;27967488;1340407808;0;0;0;0;0;0;0;0;0;0;0;3727;0;0;126;0;202;0;
16231;11364519;1202561024;27967488;1340407808;0;0;0;0;0;0;0;0;0;0;0;3286;0;0;126;0;202;0;
16232;7695148;1202561024;27967488;1340407808;0;0;0;0;0;0;0;0;0;0;0;4128;0;0;126;0;202;0;
16233;9164123;1202561024;27967488;1340407808;0;0;0;0;0;0;0;0;0;0;0;3647;0;0;126;0;202;0;
16234;13366092;1202561024;27967488;1340407808;0;0;0;0;0;0;0;0;0;0;0;4459;0;0;126;0;202;0;
16235;8704481;1202561024;27967488;1340407808;0;0;0;0;0;0;0;0;0;0;0;4068;0;0;126;0;202;0;
16236;5769869;1202561024;27967488;1340407808;0;0;0;0;0;0;0;0;0;0;0;2685;0;0;126;0;202;0;
16237;9147472;1202561024;27967488;1340407808;0;0;0;0;0;0;0;0;0;0;0;3697;0;0;126;0;202;0;
16238;6787647;1202561024;27967488;1340407808;0;0;0;0;0;0;0;0;0;0;0;3777;0;0;126;0;202;0;
16239;8580679;1202561024;27967488;1340407808;0;0;0;0;0;0;0;0;0;0;0;3116;0;0;126;0;202;0;
16240;6648206;1202561024;27967488;1340407808;0;0;0;0;0;0;0;0;0;0;0;3566;0;0;126;0;202;0;
16241;8276469;1202561024;27967488;1340407808;0;0;0;0;0;0;0;0;0;0;0;2895;0;0;126;0;202;0;
16242;9363067;1202561024;27967488;1340407808;0;0;0;0;0;0;0;0;0;0;0;3406;0;0;126;0;202;0;
16243;9502027;1202561024;27967488;1340407808;0;0;0;0;0;0;0;0;0;0;0;3376;0;0;126;0;202;0;
16244;6055053;1202561024;27967488;1340407808;0;0;0;0;0;0;0;0;0;0;0;3677;0;0;126;0;202;0;
16245;7830452;1202561024;27967488;1340407808;0;0;0;0;0;0;0;0;0;0;0;2835;0;0;126;0;202;0;
16246;4615845;1202561024;27967488;1340407808;0;0;0;0;0;0;0;0;0;0;0;3336;0;0;126;0;202;0;
16247;6722885;1202561024;27967488;1340407808;0;0;0;0;0;0;0;0;0;0;0;2695;0;0;126;0;202;0;
16248;6479940;1202561024;27967488;1340407808;0;0;0;0;0;0;0;0;0;0;0;4319;0;0;126;0;202;0;
16249;11324975;1202561024;27967488;1340407808;0;0;0;0;0;0;0;0;0;0;0;3897;0;0;126;0;202;0;
16250;4608562;1202561024;27967488;1340407808;0;0;0;0;0;0;0;0;0;0;0;4018;0;0;126;0;202;0;
16251;8858189;1202561024;27967488;1340407808;0;0;0;0;0;0;0;0;0;0;0;3316;0;0;126;0;202;0;
16252;5423760;1202561024;27967488;1340407808;0;0;0;0;0;0;0;0;0;0;0;3697;0;0;126;0;202;0;
16253;11078192;1202561024;27967488;1340407808;0;0;0;0;0;0;0;0;0;0;0;4378;0;0;126;0;202;0;
16254;6648597;1202561024;27967488;1340407808;0;0;0;0;0;0;0;0;0;0;0;3787;0;0;126;0;202;0;
16255;10133811;1202561024;27967488;1340407808;0;0;0;0;0;0;0;0;0;0;0;3977;0;0;126;0;202;0;
16256;5677114;1202561024;27967488;1340407808;0;0;0;0;0;0;0;0;0;0;0;3176;0;0;126;0;202;0;
16257;8722775;1202561024;27967488;1340407808;0;0;0;0;0;0;0;0;0;0;0;4489;0;0;126;0;202;0;
16258;8076323;1202561024;27967488;1340407808;0;0;0;0;0;0;0;0;0;0;0;5099;0;0;126;0;202;0;
16259;10005451;1202561024;27967488;1340407808;0;0;0;0;0;0;0;0;0;0;0;3747;0;0;126;0;202;0;
16260;8040807;1202561024;27967488;1340407808;0;0;0;0;0;0;0;0;0;0;0;2876;0;0;126;0;202;0;
16261;7145308;1202561024;27967488;1340407808;0;0;0;0;0;0;0;0;0;0;0;3076;0;0;126;0;202;0;
16262;6223009;1202561024;27967488;1340407808;0;0;0;0;0;0;0;0;0;0;0;4428;0;0;126;0;202;0;
16263;10483728;1202561024;27967488;1340407808;0;0;0;0;0;0;0;0;0;0;0;4508;0;0;126;0;202;0;
16264;7368566;1202561024;27967488;1340407808;0;0;0;0;0;0;0;0;0;0;0;4619;0;0;126;0;202;0;
16265;6933069;1202561024;27967488;1340407808;0;0;0;0;0;0;0;0;0;0;0;2895;0;0;126;0;202;0;
16266;7738399;1202561024;27967488;1340407808;0;0;0;0;0;0;0;0;0;0;0;5019;0;0;126;0;202;0;
16267;10075692;1202561024;27967488;1340407808;0;0;0;0;0;0;0;0;0;0;0;3838;0;0;126;0;202;0;
16268;5423459;1202561024;27967488;1340407808;0;0;0;0;0;0;0;0;0;0;0;3868;0;0;126;0;202;0;
16269;6152787;1202561024;27967488;1340407808;0;0;0;0;0;0;0;0;0;0;0;1914;0;0;126;0;202;0;
16270;7843678;1202561024;27967488;1340407808;0;0;0;0;0;0;0;0;0;0;0;3888;0;0;126;0;202;0;
16271;9773176;1202561024;27967488;1340407808;0;0;0;0;0;0;0;0;0;0;0;3196;0;0;126;0;202;0;
16272;6222367;1202561024;27967488;1340407808;0;0;0;0;0;0;0;0;0;0;0;2815;0;0;126;0;202;0;
16273;11955407;1202561024;27967488;1340407808;0;0;0;0;0;0;0;0;0;0;0;4879;0;0;126;0;202;0;
16274;7183349;1202561024;27967488;1340407808;0;0;0;0;0;0;0;0;0;0;0;4729;0;0;126;0;202;0;
16275;8709951;1202561024;27967488;1340407808;0;0;0;0;0;0;0;0;0;0;0;3176;0;0;126;0;202;0;
16276;8046397;1202561024;27967488;1340407808;0;0;0;0;0;0;0;0;0;0;0;4278;0;0;126;0;202;0;
16277;10402826;1202561024;27967488;1340407808;0;0;0;0;0;0;0;0;0;0;0;6132;0;0;126;0;202;0;
16278;8593533;1202561024;27967488;1340407808;0;0;0;0;0;0;0;0;0;0;0;4749;0;0;126;0;202;0;
16279;11142883;1202561024;27967488;1340407808;0;0;0;0;0;0;0;0;0;0;0;4739;0;0;126;0;202;0;
16280;5203376;1202561024;27967488;1340407808;0;0;0;0;0;0;0;0;0;0;0;2965;0;0;126;0;202;0;
16281;7354039;1202561024;27967488;1340407808;0;0;0;0;0;0;0;0;0;0;0;3707;0;0;126;0;202;0;
16282;6180419;1202561024;27967488;1340407808;0;0;0;0;0;0;0;0;0;0;0;3146;0;0;126;0;202;0;
16283;5249283;1202561024;27967488;1340407808;0;0;0;0;0;0;0;0;0;0;0;3006;0;0;126;0;202;0;
16284;6727514;1202561024;27967488;1340407808;0;0;0;0;0;0;0;0;0;0;0;3938;0;0;126;0;202;0;
16285;8294071;1202561024;27967488;1340407808;0;0;0;0;0;0;0;0;0;0;0;3095;0;0;126;0;202;0;
16286;8489317;1202561024;27967488;1340407808;0;0;0;0;0;0;0;0;0;0;0;4198;0;0;126;0;202;0;
16287;8855495;1202561024;27967488;1340407808;0;0;0;0;0;0;0;0;0;0;0;3747;0;0;126;0;202;0;
16288;7847495;1202561024;27967488;1340407808;0;0;0;0;0;0;0;0;0;0;0;3566;0;0;126;0;202;0;
16289;10578405;1202561024;27967488;1340407808;0;0;0;0;0;0;0;0;0;0;0;4228;0;0;126;0;202;0;
16290;9538505;1202561024;27967488;1340407808;0;0;0;0;0;0;0;0;0;0;0;3967;0;0;126;0;202;0;
16291;8273223;1202561024;27967488;1340407808;0;0;0;0;0;0;0;0;0;0;0;2234;0;0;126;0;202;0;
16292;9557361;1202561024;27967488;1340407808;0;0;0;0;0;0;0;0;0;0;0;4508;0;0;126;0;202;0;
16293;7423780;1202561024;27967488;1340407808;0;0;0;0;0;0;0;0;0;0;0;3948;0;0;126;0;202;0;
16294;6221075;1202561024;27967488;1340407808;0;0;0;0;0;0;0;0;0;0;0;3898;0;0;126;0;202;0;
16295;5821055;1202561024;27967488;1340407808;0;0;0;0;0;0;0;0;0;0;0;3056;0;0;126;0;202;0;
16296;7319955;1202561024;27967488;1340407808;0;0;0;0;0;0;0;0;0;0;0;4388;0;0;126;0;202;0;
16297;7235336;1202561024;27967488;1340407808;0;0;0;0;0;0;0;0;0;0;0;2204;0;0;126;0;202;0;
16298;9092599;1202561024;27967488;1340407808;0;0;0;0;0;0;0;0;0;0;0;181921;0;0;126;0;202;0;
16299;9340213;1202561024;27967488;1340407808;0;0;0;0;0;0;0;0;0;0;0;3447;0;0;126;0;202;0;
16300;6169638;1202561024;27971584;1340411904;0;0;0;0;0;0;0;0;0;0;0;4167;0;0;126;0;202;0;
16301;9442735;1202561024;27971584;1340411904;0;0;0;0;0;0;0;0;0;0;0;4258;0;0;126;0;202;0;
16302;11923597;1202561024;27971584;1340411904;0;0;0;0;0;0;0;0;0;0;0;4258;0;0;126;0;202;0;
16303;10786194;1202561024;27971584;1340411904;0;0;0;0;0;0;0;0;0;0;0;3256;0;0;126;0;202;0;
16304;7591685;1202561024;27971584;1340411904;0;0;0;0;0;0;0;0;0;0;0;4368;0;0;126;0;202;0;
16305;9380950;1202561024;27971584;1340411904;0;0;0;0;0;0;0;0;0;0;0;4379;0;0;126;0;202;0;
16306;7296211;1202561024;27971584;1340411904;0;0;0;0;0;0;0;0;0;0;0;4178;0;0;126;0;202;0;
16307;10130425;1202561024;27971584;1340411904;0;0;0;0;0;0;0;0;0;0;0;4258;0;0;126;0;202;0;
16308;6597841;1202561024;27971584;1340411904;0;0;0;0;0;0;0;0;0;0;0;3657;0;0;126;0;202;0;
16309;9608958;1202561024;27971584;1340411904;0;0;0;0;0;0;0;0;0;0;0;5600;0;0;126;0;202;0;
16310;9302894;1202561024;27971584;1340411904;0;0;0;0;0;0;0;0;0;0;0;3707;0;0;126;0;202;0;
16311;11651958;1202561024;27971584;1340411904;0;0;0;0;0;0;0;0;0;0;0;3226;0;0;126;0;202;0;
16312;8326834;1202561024;27971584;1340411904;0;0;0;0;0;0;0;0;0;0;0;3757;0;0;126;0;202;0;
16313;10053280;1202561024;27971584;1340411904;0;0;0;0;0;0;0;0;0;0;0;4900;0;0;126;0;202;0;
16314;6590638;1202561024;27971584;1340411904;0;0;0;0;0;0;0;0;0;0;0;2885;0;0;126;0;202;0;
16315;9001328;1202561024;27971584;1340411904;0;0;0;0;0;0;0;0;0;0;0;4138;0;0;126;0;202;0;
16316;6140093;1202561024;27971584;1340411904;0;0;0;0;0;0;0;0;0;0;0;3687;0;0;126;0;202;0;
16317;11379237;1202561024;27971584;1340411904;0;0;0;0;0;0;0;0;0;0;0;3026;0;0;126;0;202;0;
16318;9371112;1202561024;27971584;1340411904;0;0;0;0;0;0;0;0;0;0;0;3697;0;0;126;0;202;0;
16319;9105183;1202561024;27971584;1340411904;0;0;0;0;0;0;0;0;0;0;0;3236;0;0;126;0;202;0;
16320;6154380;1202561024;27971584;1340411904;0;0;0;0;0;0;0;0;0;0;0;3637;0;0;126;0;202;0;
16321;9188609;1202561024;27971584;1340411904;0;0;0;0;0;0;0;0;0;0;0;3817;0;0;126;0;202;0;
16322;7053145;1202561024;27971584;1340411904;0;0;0;0;0;0;0;0;0;0;0;4509;0;0;126;0;202;0;
16323;13470668;1202561024;27971584;1340411904;0;0;0;0;0;0;0;0;0;0;0;3266;0;0;126;0;202;0;
16324;8025498;1202561024;27971584;1340411904;0;0;0;0;0;0;0;0;0;0;0;3356;0;0;126;0;202;0;
16325;7339843;1202561024;27971584;1340411904;0;0;0;0;0;0;0;0;0;0;0;2805;0;0;126;0;202;0;
16326;6525316;1202561024;27971584;1340411904;0;0;0;0;0;0;0;0;0;0;0;3827;0;0;126;0;202;0;
16327;9053296;1202561024;27971584;1340411904;0;0;0;0;0;0;0;0;0;0;0;3897;0;0;126;0;202;0;
16328;8562706;1202561024;27971584;1340411904;0;0;0;0;0;0;0;0;0;0;0;4349;0;0;126;0;202;0;
16329;10383289;1202561024;27971584;1340411904;0;0;0;0;0;0;0;0;0;0;0;3056;0;0;126;0;202;0;
16330;8851828;1202561024;27971584;1340411904;0;0;0;0;0;0;0;0;0;0;0;3156;0;0;126;0;202;0;
16331;9431935;1202561024;27971584;1340411904;0;0;0;0;0;0;0;0;0;0;0;4428;0;0;126;0;202;0;
16332;5947983;1202561024;27971584;1340411904;0;0;0;0;0;0;0;0;0;0;0;4369;0;0;126;0;202;0;
16333;9642600;1202561024;27971584;1340411904;0;0;0;0;0;0;0;0;0;0;0;4137;0;0;126;0;202;0;
16334;9027457;1202561024;27971584;1340411904;0;0;0;0;0;0;0;0;0;0;0;3406;0;0;126;0;202;0;
16335;8496962;1202561024;27971584;1340411904;0;0;0;0;0;0;0;0;0;0;0;3476;0;0;126;0;202;0;
16336;5781010;1202561024;27971584;1340411904;0;0;0;0;0;0;0;0;0;0;0;3777;0;0;126;0;202;0;
16337;11428940;1202561024;27971584;1340411904;0;0;0;0;0;0;0;0;0;0;0;3867;0;0;126;0;202;0;
16338;7860539;1202561024;27971584;1340411904;0;0;0;0;0;0;0;0;0;0;0;3406;0;0;126;0;202;0;
16339;8198553;1202561024;27971584;1340411904;0;0;0;0;0;0;0;0;0;0;0;3256;0;0;126;0;202;0;
16340;10671249;1202561024;27971584;1340411904;0;0;0;0;0;0;0;0;0;0;0;3467;0;0;126;0;202;0;
16341;11019422;1202561024;27971584;1340411904;0;0;0;0;0;0;0;0;0;0;0;4289;0;0;126;0;202;0;
16342;6954410;1202561024;27971584;1340411904;0;0;0;0;0;0;0;0;0;0;0;3827;0;0;126;0;202;0;
16343;9554966;1202561024;27971584;1340411904;0;0;0;0;0;0;0;0;0;0;0;3657;0;0;126;0;202;0;
16344;11959195;1202561024;27971584;1340411904;0;0;0;0;0;0;0;0;0;0;0;4117;0;0;126;0;202;0;
16345;12624161;1202561024;27971584;1340411904;0;0;0;0;0;0;0;0;0;0;0;3927;0;0;126;0;202;0;
16346;8787708;1202561024;27971584;1340411904;0;0;0;0;0;0;0;0;0;0;0;3406;0;0;126;0;202;0;
16347;8348704;1202561024;27971584;1340411904;0;0;0;0;0;0;0;0;0;0;0;3587;0;0;126;0;202;0;
16348;11422738;1202561024;27971584;1340411904;0;0;0;0;0;0;0;0;0;0;0;4038;0;0;126;0;202;0;
16349;9424190;1202561024;27971584;1340411904;0;0;0;0;0;0;0;0;0;0;0;3898;0;0;126;0;202;0;
16350;6718117;1202561024;27971584;1340411904;0;0;0;0;0;0;0;0;0;0;0;3586;0;0;126;0;202;0;
16351;13158423;1202561024;27971584;1340411904;0;0;0;0;0;0;0;0;0;0;0;4017;0;0;126;0;202;0;
16352;5768967;1202561024;27971584;1340411904;0;0;0;0;0;0;0;0;0;0;0;2986;0;0;126;0;202;0;
16353;9040412;1202561024;27971584;1340411904;0;0;0;0;0;0;0;0;0;0;0;3727;0;0;126;0;202;0;
16354;7796719;1202561024;27971584;1340411904;0;0;0;0;0;0;0;0;0;0;0;3427;0;0;126;0;202;0;
16355;12540394;1202561024;27971584;1340411904;0;0;0;0;0;0;0;0;0;0;0;3917;0;0;126;0;202;0;
16356;5904341;1202561024;27971584;1340411904;0;0;0;0;0;0;0;0;0;0;0;3596;0;0;126;0;202;0;
16357;10011913;1202561024;27971584;1340411904;0;0;0;0;0;0;0;0;0;0;0;3507;0;0;126;0;202;0;
16358;7812709;1202561024;27971584;1340411904;0;0;0;0;0;0;0;0;0;0;0;4027;0;0;126;0;202;0;
16359;16058531;1202561024;27971584;1340411904;0;0;0;0;0;0;0;0;0;0;0;5390;0;0;126;0;202;0;
16360;12755507;1202561024;27971584;1340411904;0;0;0;0;0;0;0;0;0;0;0;120867;0;0;126;0;202;0;
16361;10757030;1202561024;27971584;1340411904;0;0;0;0;0;0;0;0;0;0;0;5059;0;0;126;0;202;0;
16362;8745368;1202561024;27975680;1340416000;0;0;0;0;0;0;0;0;0;0;0;8476;0;0;126;0;202;0;
16363;8917200;1202561024;27975680;1340416000;0;0;0;0;0;0;0;0;0;0;0;4879;0;0;126;0;202;0;
16364;9362996;1202561024;27979776;1340420096;0;0;0;0;0;0;0;0;0;0;0;3667;0;0;126;0;202;0;
16365;8968146;1202561024;27979776;1340420096;0;0;0;0;0;0;0;0;0;0;0;3386;0;0;126;0;202;0;
16366;7031044;1202561024;27979776;1340420096;0;0;0;0;0;0;0;0;0;0;0;5360;0;0;126;0;202;0;
16367;9858826;1202561024;27979776;1340420096;0;0;0;0;0;0;0;0;0;0;0;3156;0;0;126;0;202;0;
16368;9260825;1202561024;27979776;1340420096;0;0;0;0;0;0;0;0;0;0;0;4228;0;0;126;0;202;0;
16369;9131362;1202561024;27979776;1340420096;0;0;0;0;0;0;0;0;0;0;0;3376;0;0;126;0;202;0;
16370;9792462;1202565120;27971584;1340411904;0;0;0;0;0;0;0;0;0;0;0;4008;0;0;126;0;202;0;
16371;10573255;1202565120;27971584;1340411904;0;0;0;0;0;0;0;0;0;0;0;3717;0;0;126;0;202;0;
16372;11774738;1202565120;27971584;1340411904;0;0;0;0;0;0;0;0;0;0;0;3717;0;0;126;0;202;0;
16373;10667773;1202565120;27971584;1340411904;0;0;0;0;0;0;0;0;0;0;0;3907;0;0;126;0;202;0;
16374;10746180;1202565120;27971584;1340411904;0;0;0;0;0;0;0;0;0;0;0;3437;0;0;126;0;202;0;
16375;11166147;1202565120;27971584;1340411904;0;0;0;0;0;0;0;0;0;0;0;4268;0;0;126;0;202;0;
16376;7494422;1202565120;27971584;1340411904;0;0;0;0;0;0;0;0;0;0;0;3116;0;0;126;0;202;0;
16377;10975660;1202565120;27971584;1340411904;0;0;0;0;0;0;0;0;0;0;0;3096;0;0;126;0;202;0;
16378;7843637;1202565120;27971584;1340411904;0;0;0;0;0;0;0;0;0;0;0;3858;0;0;126;0;202;0;
16379;11856251;1202565120;27971584;1340411904;0;0;0;0;0;0;0;0;0;0;0;4148;0;0;126;0;202;0;
16380;6709320;1202565120;27971584;1340411904;0;0;0;0;0;0;0;0;0;0;0;3336;0;0;126;0;202;0;
16381;8805341;1202565120;27971584;1340411904;0;0;0;0;0;0;0;0;0;0;0;3256;0;0;126;0;202;0;
16382;10294994;1202565120;27971584;1340411904;0;0;0;0;0;0;0;0;0;0;0;3507;0;0;126;0;202;0;
16383;11535520;1202565120;27971584;1340411904;0;0;0;0;0;0;0;0;0;0;0;3697;0;0;126;0;202;0;
16384;8056336;1202565120;27971584;1340411904;0;0;0;0;0;0;0;0;0;0;0;3206;0;0;126;0;202;0;
16385;13463374;1202565120;27971584;1340411904;0;0;0;0;0;0;0;0;0;0;0;4389;0;0;126;0;202;0;
16386;9290099;1202565120;27971584;1340411904;0;0;0;0;0;0;0;0;0;0;0;4589;0;0;126;0;202;0;
16387;13127575;1202565120;27971584;1340411904;0;0;0;0;0;0;0;0;0;0;0;3627;0;0;126;0;202;0;
16388;11749832;1202565120;27971584;1340411904;0;0;0;0;0;0;0;0;0;0;0;3617;0;0;126;0;202;0;
16389;10191630;1202565120;27971584;1340411904;0;0;0;0;0;0;0;0;0;0;0;4148;0;0;126;0;202;0;
16390;8731281;1202565120;27971584;1340411904;0;0;0;0;0;0;0;0;0;0;0;3276;0;0;126;0;202;0;
16391;13155938;1202565120;27971584;1340411904;0;0;0;0;0;0;0;0;0;0;0;3917;0;0;126;0;202;0;
16392;10072437;1202565120;27971584;1340411904;0;0;0;0;0;0;0;0;0;0;0;3487;0;0;126;0;202;0;
16393;12561433;1202565120;27971584;1340411904;0;0;0;0;0;0;0;0;0;0;0;4689;0;0;126;0;202;0;
16394;9555988;1202565120;27971584;1340411904;0;0;0;0;0;0;0;0;0;0;0;4649;0;0;126;0;202;0;
16395;10292799;1202565120;27971584;1340411904;0;0;0;0;0;0;0;0;0;0;0;3838;0;0;126;0;202;0;
16396;9615219;1202565120;27971584;1340411904;0;0;0;0;0;0;0;0;0;0;0;3477;0;0;126;0;202;0;
16397;15285020;1202565120;27971584;1340411904;0;0;0;0;0;0;0;0;0;0;0;4107;0;0;126;0;202;0;
16398;8472266;1202565120;27971584;1340411904;0;0;0;0;0;0;0;0;0;0;0;3506;0;0;126;0;202;0;
16399;7833829;1202565120;27971584;1340411904;0;0;0;0;0;0;0;0;0;0;0;4218;0;0;126;0;202;0;
16400;6083797;1202565120;27971584;1340411904;0;0;0;0;0;0;0;0;0;0;0;4589;0;0;126;0;202;0;
16401;9599469;1202565120;27971584;1340411904;0;0;0;0;0;0;0;0;0;0;0;3767;0;0;126;0;202;0;
16402;6340048;1202565120;27971584;1340411904;0;0;0;0;0;0;0;0;0;0;0;5160;0;0;126;0;202;0;
16403;7484634;1202565120;27971584;1340411904;0;0;0;0;0;0;0;0;0;0;0;3697;0;0;126;0;202;0;
16404;5884403;1202565120;27971584;1340411904;0;0;0;0;0;0;0;0;0;0;0;3667;0;0;126;0;202;0;
16405;9685772;1202565120;27971584;1340411904;0;0;0;0;0;0;0;0;0;0;0;4248;0;0;126;0;202;0;
16406;6314470;1202565120;27971584;1340411904;0;0;0;0;0;0;0;0;0;0;0;4047;0;0;126;0;202;0;
16407;10641684;1202565120;27971584;1340411904;0;0;0;0;0;0;0;0;0;0;0;3547;0;0;126;0;202;0;
16408;5832386;1202565120;27971584;1340411904;0;0;0;0;0;0;0;0;0;0;0;4007;0;0;126;0;202;0;
16409;8346260;1202565120;27971584;1340411904;0;0;0;0;0;0;0;0;0;0;0;2845;0;0;126;0;202;0;
16410;7821706;1202565120;27971584;1340411904;0;0;0;0;0;0;0;0;0;0;0;3847;0;0;126;0;202;0;
16411;9461380;1202565120;27971584;1340411904;0;0;0;0;0;0;0;0;0;0;0;4629;0;0;126;0;202;0;
16412;6944551;1202565120;27971584;1340411904;0;0;0;0;0;0;0;0;0;0;0;3888;0;0;126;0;202;0;
16413;8183835;1202565120;27971584;1340411904;0;0;0;0;0;0;0;0;0;0;0;3487;0;0;126;0;202;0;
16414;10034315;1202565120;27971584;1340411904;0;0;0;0;0;0;0;0;0;0;0;13816;0;0;126;0;202;0;
16415;6191249;1202565120;27971584;1340411904;0;0;0;0;0;0;0;0;0;0;0;3146;0;0;126;0;202;0;
16416;7332759;1202565120;27975680;1340416000;0;0;0;0;0;0;0;0;0;0;0;4860;0;0;126;0;202;0;
16417;9806187;1202565120;27975680;1340416000;0;0;0;0;0;0;0;0;0;0;0;4147;0;0;126;0;202;0;
16418;7722209;1202565120;27975680;1340416000;0;0;0;0;0;0;0;0;0;0;0;3366;0;0;126;0;202;0;
16419;5789565;1202565120;27975680;1340416000;0;0;0;0;0;0;0;0;0;0;0;2825;0;0;126;0;202;0;
16420;10445877;1202565120;27975680;1340416000;0;0;0;0;0;0;0;0;0;0;0;4118;0;0;126;0;202;0;
16421;6856215;1202565120;27975680;1340416000;0;0;0;0;0;0;0;0;0;0;0;3316;0;0;126;0;202;0;
16422;7782382;1202565120;27971584;1340411904;0;0;0;0;0;0;0;0;0;0;0;3827;0;0;126;0;202;0;
16423;5767174;1202565120;27971584;1340411904;0;0;0;0;0;0;0;0;0;0;0;2254;0;0;126;0;202;0;
16424;9311279;1202565120;27971584;1340411904;0;0;0;0;0;0;0;0;0;0;0;3827;0;0;126;0;202;0;
16425;10048952;1202565120;27971584;1340411904;0;0;0;0;0;0;0;0;0;0;0;4078;0;0;126;0;202;0;
16426;5624456;1202565120;27971584;1340411904;0;0;0;0;0;0;0;0;0;0;0;3597;0;0;126;0;202;0;
16427;6134793;1202565120;27971584;1340411904;0;0;0;0;0;0;0;0;0;0;0;3136;0;0;126;0;202;0;
16428;9024020;1202565120;27971584;1340411904;0;0;0;0;0;0;0;0;0;0;0;3587;0;0;126;0;202;0;
16429;6677060;1202565120;27971584;1340411904;0;0;0;0;0;0;0;0;0;0;0;2785;0;0;126;0;202;0;
16430;5888371;1202565120;27971584;1340411904;0;0;0;0;0;0;0;0;0;0;0;3437;0;0;126;0;202;0;
16431;9850931;1202565120;27971584;1340411904;0;0;0;0;0;0;0;0;0;0;0;126968;0;0;126;0;202;0;
16432;4851036;1202565120;27975680;1340416000;0;0;0;0;0;0;0;0;0;0;0;3156;0;0;126;0;202;0;
16433;9463635;1202565120;27975680;1340416000;0;0;0;0;0;0;0;0;0;0;0;4338;0;0;126;0;202;0;
16434;5541220;1202565120;27975680;1340416000;0;0;0;0;0;0;0;0;0;0;0;3256;0;0;126;0;202;0;
16435;8488106;1202565120;27975680;1340416000;0;0;0;0;0;0;0;0;0;0;0;3606;0;0;126;0;202;0;
16436;8016522;1202565120;27975680;1340416000;0;0;0;0;0;0;0;0;0;0;0;4208;0;0;126;0;202;0;
16437;6712526;1202565120;27975680;1340416000;0;0;0;0;0;0;0;0;0;0;0;2885;0;0;126;0;202;0;
16438;5045110;1202565120;27971584;1340411904;0;0;0;0;0;0;0;0;0;0;0;3767;0;0;126;0;202;0;
16439;8959028;1202565120;27971584;1340411904;0;0;0;0;0;0;0;0;0;0;0;3717;0;0;126;0;202;0;
16440;5531792;1202561024;27967488;1340407808;0;0;0;0;0;0;0;0;0;0;0;3687;0;0;126;0;202;0;
16441;7401187;1202561024;27967488;1340407808;0;0;0;0;0;0;0;0;0;0;0;3777;0;0;126;0;202;0;
16442;6318878;1202561024;27967488;1340407808;0;0;0;0;0;0;0;0;0;0;0;2715;0;0;126;0;202;0;
16443;8521027;1202561024;27967488;1340407808;0;0;0;0;0;0;0;0;0;0;0;2224;0;0;126;0;202;0;
16444;5226530;1202561024;27967488;1340407808;0;0;0;0;0;0;0;0;0;0;0;3757;0;0;126;0;202;0;
16445;8887715;1202561024;27967488;1340407808;0;0;0;0;0;0;0;0;0;0;0;3076;0;0;126;0;202;0;
16446;4226024;1202561024;27967488;1340407808;0;0;0;0;0;0;0;0;0;0;0;3176;0;0;126;0;202;0;
16447;8948018;1202561024;27967488;1340407808;0;0;0;0;0;0;0;0;0;0;0;2876;0;0;126;0;202;0;
16448;9214588;1202561024;27967488;1340407808;0;0;0;0;0;0;0;0;0;0;0;4679;0;0;126;0;202;0;
16449;6830277;1202561024;27967488;1340407808;0;0;0;0;0;0;0;0;0;0;0;3356;0;0;126;0;202;0;
16450;7698906;1202561024;27967488;1340407808;0;0;0;0;0;0;0;0;0;0;0;3256;0;0;126;0;202;0;
16451;8346299;1202561024;27967488;1340407808;0;0;0;0;0;0;0;0;0;0;0;3467;0;0;126;0;202;0;
16452;8405651;1202561024;27967488;1340407808;0;0;0;0;0;0;0;0;0;0;0;2975;0;0;126;0;202;0;
16453;8115096;1202561024;27967488;1340407808;0;0;0;0;0;0;0;0;0;0;0;2094;0;0;126;0;202;0;
16454;7221641;1202561024;27967488;1340407808;0;0;0;0;0;0;0;0;0;0;0;3877;0;0;126;0;202;0;
16455;8195577;1202561024;27967488;1340407808;0;0;0;0;0;0;0;0;0;0;0;4118;0;0;126;0;202;0;
16456;4832651;1202561024;27967488;1340407808;0;0;0;0;0;0;0;0;0;0;0;4118;0;0;126;0;202;0;
16457;7479665;1202561024;27967488;1340407808;0;0;0;0;0;0;0;0;0;0;0;4017;0;0;126;0;202;0;
16458;6684173;1202561024;27967488;1340407808;0;0;0;0;0;0;0;0;0;0;0;3657;0;0;126;0;202;0;
16459;8042641;1202561024;27967488;1340407808;0;0;0;0;0;0;0;0;0;0;0;3055;0;0;126;0;202;0;
16460;4411522;1202561024;27967488;1340407808;0;0;0;0;0;0;0;0;0;0;0;3486;0;0;126;0;202;0;
16461;8308709;1202561024;27967488;1340407808;0;0;0;0;0;0;0;0;0;0;0;3376;0;0;126;0;202;0;
16462;6602661;1202561024;27967488;1340407808;0;0;0;0;0;0;0;0;0;0;0;2925;0;0;126;0;202;0;
16463;8916068;1202561024;27967488;1340407808;0;0;0;0;0;0;0;0;0;0;0;4057;0;0;126;0;202;0;
16464;6513193;1202561024;27967488;1340407808;0;0;0;0;0;0;0;0;0;0;0;4348;0;0;126;0;202;0;
16465;9632772;1202561024;27967488;1340407808;0;0;0;0;0;0;0;0;0;0;0;4318;0;0;126;0;202;0;
16466;7485436;1202561024;27967488;1340407808;0;0;0;0;0;0;0;0;0;0;0;3807;0;0;126;0;202;0;
16467;5379306;1202561024;27967488;1340407808;0;0;0;0;0;0;0;0;0;0;0;3076;0;0;126;0;202;0;
16468;7158453;1202561024;27967488;1340407808;0;0;0;0;0;0;0;0;0;0;0;3838;0;0;126;0;202;0;
16469;10423955;1202561024;27967488;1340407808;0;0;0;0;0;0;0;0;0;0;0;3336;0;0;126;0;202;0;
16470;6069580;1202561024;27967488;1340407808;0;0;0;0;0;0;0;0;0;0;0;4248;0;0;126;0;202;0;
16471;8180118;1202561024;27967488;1340407808;0;0;0;0;0;0;0;0;0;0;0;3096;0;0;126;0;202;0;
16472;5662076;1202561024;27967488;1340407808;0;0;0;0;0;0;0;0;0;0;0;3947;0;0;126;0;202;0;
16473;9050190;1202561024;27967488;1340407808;0;0;0;0;0;0;0;0;0;0;0;3186;0;0;126;0;202;0;
16474;9875176;1202561024;27967488;1340407808;0;0;0;0;0;0;0;0;0;0;0;3767;0;0;126;0;202;0;
16475;9463454;1202561024;27967488;1340407808;0;0;0;0;0;0;0;0;0;0;0;4068;0;0;126;0;202;0;
16476;7561388;1202561024;27967488;1340407808;0;0;0;0;0;0;0;0;0;0;0;3276;0;0;126;0;202;0;
16477;9185473;1202561024;27967488;1340407808;0;0;0;0;0;0;0;0;0;0;0;4619;0;0;126;0;202;0;
16478;6984937;1202561024;27967488;1340407808;0;0;0;0;0;0;0;0;0;0;0;2906;0;0;126;0;202;0;
16479;10560601;1202561024;27967488;1340407808;0;0;0;0;0;0;0;0;0;0;0;3798;0;0;126;0;202;0;
16480;6831780;1202561024;27967488;1340407808;0;0;0;0;0;0;0;0;0;0;0;4469;0;0;126;0;202;0;
16481;9109812;1202561024;27967488;1340407808;0;0;0;0;0;0;0;0;0;0;0;3697;0;0;126;0;202;0;
16482;4733615;1202561024;27967488;1340407808;0;0;0;0;0;0;0;0;0;0;0;3065;0;0;126;0;202;0;
16483;7499211;1202561024;27967488;1340407808;0;0;0;0;0;0;0;0;0;0;0;8536;0;0;126;0;202;0;
16484;8953759;1202561024;27967488;1340407808;0;0;0;0;0;0;0;0;0;0;0;3938;0;0;126;0;202;0;
16485;10349366;1202561024;27967488;1340407808;0;0;0;0;0;0;0;0;0;0;0;9598;0;0;126;0;202;0;
16486;7434069;1202561024;27967488;1340407808;0;0;0;0;0;0;0;0;0;0;0;3758;0;0;126;0;202;0;
16487;9162680;1202561024;27967488;1340407808;0;0;0;0;0;0;0;0;0;0;0;4288;0;0;126;0;202;0;
16488;9431265;1202561024;27967488;1340407808;0;0;0;0;0;0;0;0;0;0;0;4147;0;0;126;0;202;0;
16489;8588254;1202561024;27967488;1340407808;0;0;0;0;0;0;0;0;0;0;0;4419;0;0;126;0;202;0;
16490;3846923;1202561024;27967488;1340407808;0;0;0;0;0;0;0;0;0;0;0;3417;0;0;126;0;202;0;
16491;9282104;1202561024;27967488;1340407808;0;0;0;0;0;0;0;0;0;0;0;4138;0;0;126;0;202;0;
16492;8343825;1202561024;27967488;1340407808;0;0;0;0;0;0;0;0;0;0;0;3427;0;0;126;0;202;0;
16493;8671710;1202561024;27967488;1340407808;0;0;0;0;0;0;0;0;0;0;0;4749;0;0;126;0;202;0;
16494;4981701;1202561024;27967488;1340407808;0;0;0;0;0;0;0;0;0;0;0;3597;0;0;126;0;202;0;
16495;8889037;1202561024;27967488;1340407808;0;0;0;0;0;0;0;0;0;0;0;3697;0;0;126;0;202;0;
16496;5263369;1202561024;27967488;1340407808;0;0;0;0;0;0;0;0;0;0;0;3657;0;0;126;0;202;0;
16497;11148564;1202561024;27967488;1340407808;0;0;0;0;0;0;0;0;0;0;0;3687;0;0;126;0;202;0;
16498;7523898;1202561024;27967488;1340407808;0;0;0;0;0;0;0;0;0;0;0;3437;0;0;126;0;202;0;
16499;7942533;1202561024;27967488;1340407808;0;0;0;0;0;0;0;0;0;0;0;4359;0;0;126;0;202;0;
16500;8564729;1202561024;27967488;1340407808;0;0;0;0;0;0;0;0;0;0;0;3847;0;0;126;0;202;0;
16501;9519690;1202561024;27967488;1340407808;0;0;0;0;0;0;0;0;0;0;0;3797;0;0;126;0;202;0;
16502;8121979;1202561024;27967488;1340407808;0;0;0;0;0;0;0;0;0;0;0;11652;0;0;126;0;202;0;
16503;9018560;1202561024;27967488;1340407808;0;0;0;0;0;0;0;0;0;0;0;3436;0;0;126;0;202;0;
16504;8442420;1202561024;27967488;1340407808;0;0;0;0;0;0;0;0;0;0;0;4168;0;0;126;0;202;0;
16505;11714425;1202561024;27967488;1340407808;0;0;0;0;0;0;0;0;0;0;0;3667;0;0;126;0;202;0;
16506;6373430;1202561024;27967488;1340407808;0;0;0;0;0;0;0;0;0;0;0;3957;0;0;126;0;202;0;
16507;9728451;1202561024;27967488;1340407808;0;0;0;0;0;0;0;0;0;0;0;2876;0;0;126;0;202;0;
16508;7427226;1202561024;27967488;1340407808;0;0;0;0;0;0;0;0;0;0;0;5711;0;0;126;0;202;0;
16509;9375640;1202561024;27967488;1340407808;0;0;0;0;0;0;0;0;0;0;0;4038;0;0;126;0;202;0;
16510;8407645;1202561024;27967488;1340407808;0;0;0;0;0;0;0;0;0;0;0;3988;0;0;126;0;202;0;
16511;10684714;1202561024;27967488;1340407808;0;0;0;0;0;0;0;0;0;0;0;3337;0;0;126;0;202;0;
16512;9595982;1202561024;27967488;1340407808;0;0;0;0;0;0;0;0;0;0;0;3697;0;0;126;0;202;0;
16513;8794711;1202561024;27967488;1340407808;0;0;0;0;0;0;0;0;0;0;0;4398;0;0;126;0;202;0;
16514;7676394;1202561024;27967488;1340407808;0;0;0;0;0;0;0;0;0;0;0;3446;0;0;126;0;202;0;
16515;9549766;1202561024;27967488;1340407808;0;0;0;0;0;0;0;0;0;0;0;5019;0;0;126;0;202;0;
16516;7481268;1202561024;27967488;1340407808;0;0;0;0;0;0;0;0;0;0;0;4108;0;0;126;0;202;0;
16517;9778395;1202561024;27967488;1340407808;0;0;0;0;0;0;0;0;0;0;0;3797;0;0;126;0;202;0;
16518;7869105;1202561024;27967488;1340407808;0;0;0;0;0;0;0;0;0;0;0;4488;0;0;126;0;202;0;
16519;8891372;1202561024;27967488;1340407808;0;0;0;0;0;0;0;0;0;0;0;3957;0;0;126;0;202;0;
16520;6631705;1202561024;27967488;1340407808;0;0;0;0;0;0;0;0;0;0;0;2965;0;0;126;0;202;0;
16521;12217749;1202561024;27967488;1340407808;0;0;0;0;0;0;0;0;0;0;0;4298;0;0;126;0;202;0;
16522;5498661;1202561024;27967488;1340407808;0;0;0;0;0;0;0;0;0;0;0;5120;0;0;126;0;202;0;
16523;9867832;1202561024;27967488;1340407808;0;0;0;0;0;0;0;0;0;0;0;1984;0;0;126;0;202;0;
16524;5570876;1202561024;27967488;1340407808;0;0;0;0;0;0;0;0;0;0;0;4048;0;0;126;0;202;0;
16525;7877621;1202561024;27967488;1340407808;0;0;0;0;0;0;0;0;0;0;0;3146;0;0;126;0;202;0;
16526;7803813;1202561024;27967488;1340407808;0;0;0;0;0;0;0;0;0;0;0;3196;0;0;126;0;202;0;
16527;9164454;1202561024;27967488;1340407808;0;0;0;0;0;0;0;0;0;0;0;3376;0;0;126;0;202;0;
16528;8667262;1202561024;27967488;1340407808;0;0;0;0;0;0;0;0;0;0;0;3737;0;0;126;0;202;0;
16529;8534993;1202561024;27967488;1340407808;0;0;0;0;0;0;0;0;0;0;0;3637;0;0;126;0;202;0;
16530;8368812;1202561024;27967488;1340407808;0;0;0;0;0;0;0;0;0;0;0;4058;0;0;126;0;202;0;
16531;9969433;1202561024;27967488;1340407808;0;0;0;0;0;0;0;0;0;0;0;4168;0;0;126;0;202;0;
16532;6253605;1202561024;27967488;1340407808;0;0;0;0;0;0;0;0;0;0;0;4047;0;0;126;0;202;0;
16533;12308770;1202561024;27967488;1340407808;0;0;0;0;0;0;0;0;0;0;0;4078;0;0;126;0;202;0;
16534;9210490;1202561024;27967488;1340407808;0;0;0;0;0;0;0;0;0;0;0;4048;0;0;126;0;202;0;
16535;11303916;1202561024;27967488;1340407808;0;0;0;0;0;0;0;0;0;0;0;3357;0;0;126;0;202;0;
16536;10972594;1202561024;27967488;1340407808;0;0;0;0;0;0;0;0;0;0;0;4439;0;0;126;0;202;0;
16537;10131327;1202561024;27967488;1340407808;0;0;0;0;0;0;0;0;0;0;0;4318;0;0;126;0;202;0;
16538;12424035;1202561024;27967488;1340407808;0;0;0;0;0;0;0;0;0;0;0;3777;0;0;126;0;202;0;
16539;11417799;1202561024;27967488;1340407808;0;0;0;0;0;0;0;0;0;0;0;3857;0;0;126;0;202;0;
16540;9972028;1202561024;27967488;1340407808;0;0;0;0;0;0;0;0;0;0;0;3336;0;0;126;0;202;0;
16541;9609989;1202561024;27967488;1340407808;0;0;0;0;0;0;0;0;0;0;0;3967;0;0;126;0;202;0;
16542;8868990;1202561024;27967488;1340407808;0;0;0;0;0;0;0;0;0;0;0;3376;0;0;126;0;202;0;
16543;7210781;1202561024;27967488;1340407808;0;0;0;0;0;0;0;0;0;0;0;3587;0;0;126;0;202;0;
16544;10295564;1202561024;27967488;1340407808;0;0;0;0;0;0;0;0;0;0;0;3536;0;0;126;0;202;0;
16545;12527670;1202561024;27967488;1340407808;0;0;0;0;0;0;0;0;0;0;0;3938;0;0;126;0;202;0;
16546;11427527;1202561024;27967488;1340407808;0;0;0;0;0;0;0;0;0;0;0;4558;0;0;126;0;202;0;
16547;12276409;1202561024;27967488;1340407808;0;0;0;0;0;0;0;0;0;0;0;4498;0;0;126;0;202;0;
16548;10187592;1202561024;27967488;1340407808;0;0;0;0;0;0;0;0;0;0;0;2946;0;0;126;0;202;0;
16549;9289348;1202561024;27967488;1340407808;0;0;0;0;0;0;0;0;0;0;0;3386;0;0;126;0;202;0;
16550;6721152;1202561024;27967488;1340407808;0;0;0;0;0;0;0;0;0;0;0;4188;0;0;126;0;202;0;
16551;10887815;1202561024;27967488;1340407808;0;0;0;0;0;0;0;0;0;0;0;3547;0;0;126;0;202;0;
16552;7167570;1202561024;27967488;1340407808;0;0;0;0;0;0;0;0;0;0;0;4638;0;0;126;0;202;0;
16553;11648812;1202561024;27967488;1340407808;0;0;0;0;0;0;0;0;0;0;0;4459;0;0;126;0;202;0;
16554;6588503;1202561024;27967488;1340407808;0;0;0;0;0;0;0;0;0;0;0;4128;0;0;126;0;202;0;
16555;12755337;1202561024;27967488;1340407808;0;0;0;0;0;0;0;0;0;0;0;3777;0;0;126;0;202;0;
16556;10283282;1202561024;27967488;1340407808;0;0;0;0;0;0;0;0;0;0;0;3096;0;0;126;0;202;0;
16557;13893000;1202561024;27967488;1340407808;0;0;0;0;0;0;0;0;0;0;0;4348;0;0;126;0;202;0;
16558;6419106;1202561024;27967488;1340407808;0;0;0;0;0;0;0;0;0;0;0;4058;0;0;126;0;202;0;
16559;9330635;1202561024;27967488;1340407808;0;0;0;0;0;0;0;0;0;0;0;2785;0;0;126;0;202;0;
16560;8064230;1202561024;27967488;1340407808;0;0;0;0;0;0;0;0;0;0;0;3206;0;0;126;0;202;0;
16561;9841924;1202561024;27967488;1340407808;0;0;0;0;0;0;0;0;0;0;0;3025;0;0;126;0;202;0;
16562;12012915;1202561024;27967488;1340407808;0;0;0;0;0;0;0;0;0;0;0;3727;0;0;126;0;202;0;
16563;11835733;1202561024;27967488;1340407808;0;0;0;0;0;0;0;0;0;0;0;4559;0;0;126;0;202;0;
16564;7646748;1202561024;27967488;1340407808;0;0;0;0;0;0;0;0;0;0;0;3126;0;0;126;0;202;0;
16565;8713768;1202561024;27967488;1340407808;0;0;0;0;0;0;0;0;0;0;0;2776;0;0;126;0;202;0;
16566;9348830;1202561024;27967488;1340407808;0;0;0;0;0;0;0;0;0;0;0;3577;0;0;126;0;202;0;
16567;10874550;1202561024;27967488;1340407808;0;0;0;0;0;0;0;0;0;0;0;3877;0;0;126;0;202;0;
16568;11539968;1202561024;27967488;1340407808;0;0;0;0;0;0;0;0;0;0;0;3407;0;0;126;0;202;0;
16569;9136031;1202561024;27967488;1340407808;0;0;0;0;0;0;0;0;0;0;0;3787;0;0;126;0;202;0;
16570;8715822;1202561024;27967488;1340407808;0;0;0;0;0;0;0;0;0;0;0;3216;0;0;126;0;202;0;
16571;7899532;1202561024;27967488;1340407808;0;0;0;0;0;0;0;0;0;0;0;4188;0;0;126;0;202;0;
16572;8489879;1202561024;27967488;1340407808;0;0;0;0;0;0;0;0;0;0;0;3987;0;0;126;0;202;0;
16573;10234430;1202561024;27967488;1340407808;0;0;0;0;0;0;0;0;0;0;0;4117;0;0;126;0;202;0;
16574;12108163;1202561024;27967488;1340407808;0;0;0;0;0;0;0;0;0;0;0;4198;0;0;126;0;202;0;
16575;9766403;1202561024;27967488;1340407808;0;0;0;0;0;0;0;0;0;0;0;4048;0;0;126;0;202;0;
16576;9044849;1202561024;27967488;1340407808;0;0;0;0;0;0;0;0;0;0;0;4077;0;0;126;0;202;0;
16577;9042114;1202561024;27967488;1340407808;0;0;0;0;0;0;0;0;0;0;0;3767;0;0;126;0;202;0;
16578;8544993;1202561024;27967488;1340407808;0;0;0;0;0;0;0;0;0;0;0;4709;0;0;126;0;202;0;
16579;9936722;1202561024;27967488;1340407808;0;0;0;0;0;0;0;0;0;0;0;4458;0;0;126;0;202;0;
16580;8517871;1202561024;27967488;1340407808;0;0;0;0;0;0;0;0;0;0;0;3767;0;0;126;0;202;0;
16581;10404499;1202561024;27967488;1340407808;0;0;0;0;0;0;0;0;0;0;0;3847;0;0;126;0;202;0;
16582;6820128;1202561024;27967488;1340407808;0;0;0;0;0;0;0;0;0;0;0;3707;0;0;126;0;202;0;
16583;13310428;1202561024;27967488;1340407808;0;0;0;0;0;0;0;0;0;0;0;4529;0;0;126;0;202;0;
16584;8654448;1202561024;27967488;1340407808;0;0;0;0;0;0;0;0;0;0;0;3176;0;0;126;0;202;0;
16585;12114475;1202561024;27967488;1340407808;0;0;0;0;0;0;0;0;0;0;0;4088;0;0;126;0;202;0;
16586;11451853;1202561024;27967488;1340407808;0;0;0;0;0;0;0;0;0;0;0;6131;0;0;126;0;202;0;
16587;10733065;1202561024;27967488;1340407808;0;0;0;0;0;0;0;0;0;0;0;3827;0;0;126;0;202;0;
16588;8080411;1202561024;27967488;1340407808;0;0;0;0;0;0;0;0;0;0;0;4308;0;0;126;0;202;0;
16589;12643046;1202561024;27967488;1340407808;0;0;0;0;0;0;0;0;0;0;0;3246;0;0;126;0;202;0;
16590;8227938;1202561024;27967488;1340407808;0;0;0;0;0;0;0;0;0;0;0;4779;0;0;126;0;202;0;
16591;12547487;1202561024;27971584;1340411904;0;0;0;0;0;0;0;0;0;0;0;3306;0;0;126;0;202;0;
16592;11983589;1202561024;27975680;1340416000;0;0;0;0;0;0;0;0;0;0;0;3547;0;0;126;0;202;0;
16593;11053015;1202561024;27975680;1340416000;0;0;0;0;0;0;0;0;0;0;0;3637;0;0;126;0;202;0;
16594;10515137;1202561024;27975680;1340416000;0;0;0;0;0;0;0;0;0;0;0;3647;0;0;126;0;202;0;
16595;11238834;1202561024;27975680;1340416000;0;0;0;0;0;0;0;0;0;0;0;3897;0;0;126;0;202;0;
16596;10460343;1202561024;27975680;1340416000;0;0;0;0;0;0;0;0;0;0;0;457258;0;0;126;0;202;0;
16597;8517631;1202561024;27975680;1340416000;0;0;0;0;0;0;0;0;0;0;0;3256;0;0;126;0;202;0;
16598;5358768;1202565120;27971584;1340411904;0;0;0;0;0;0;0;0;0;0;0;3838;0;0;126;0;202;0;
16599;8953528;1202565120;27971584;1340411904;0;0;0;0;0;0;0;0;0;0;0;4178;0;0;126;0;202;0;
16600;7572749;1202565120;27971584;1340411904;0;0;0;0;0;0;0;0;0;0;0;4278;0;0;126;0;202;0;
16601;10411953;1202565120;27971584;1340411904;0;0;0;0;0;0;0;0;0;0;0;4077;0;0;126;0;202;0;
16602;8673554;1202565120;27971584;1340411904;0;0;0;0;0;0;0;0;0;0;0;3367;0;0;126;0;202;0;
16603;8385062;1202565120;27971584;1340411904;0;0;0;0;0;0;0;0;0;0;0;2935;0;0;126;0;202;0;
16604;7196855;1202565120;27971584;1340411904;0;0;0;0;0;0;0;0;0;0;0;3747;0;0;126;0;202;0;
16605;8916489;1202565120;27971584;1340411904;0;0;0;0;0;0;0;0;0;0;0;4348;0;0;126;0;202;0;
16606;6283922;1202565120;27971584;1340411904;0;0;0;0;0;0;0;0;0;0;0;3396;0;0;126;0;202;0;
16607;10226134;1202565120;27971584;1340411904;0;0;0;0;0;0;0;0;0;0;0;2986;0;0;126;0;202;0;
16608;5133986;1202565120;27971584;1340411904;0;0;0;0;0;0;0;0;0;0;0;3556;0;0;126;0;202;0;
16609;7188448;1202565120;27971584;1340411904;0;0;0;0;0;0;0;0;0;0;0;3146;0;0;126;0;202;0;
16610;5850630;1202565120;27971584;1340411904;0;0;0;0;0;0;0;0;0;0;0;3427;0;0;126;0;202;0;
16611;8179797;1202565120;27971584;1340411904;0;0;0;0;0;0;0;0;0;0;0;2776;0;0;126;0;202;0;
16612;7562189;1202565120;27971584;1340411904;0;0;0;0;0;0;0;0;0;0;0;3196;0;0;126;0;202;0;
16613;7452204;1202565120;27971584;1340411904;0;0;0;0;0;0;0;0;0;0;0;3797;0;0;126;0;202;0;
16614;10079530;1202565120;27971584;1340411904;0;0;0;0;0;0;0;0;0;0;0;3176;0;0;126;0;202;0;
16615;6864912;1202565120;27971584;1340411904;0;0;0;0;0;0;0;0;0;0;0;4078;0;0;126;0;202;0;
16616;10142818;1202565120;27971584;1340411904;0;0;0;0;0;0;0;0;0;0;0;3637;0;0;126;0;202;0;
16617;7490124;1202565120;27971584;1340411904;0;0;0;0;0;0;0;0;0;0;0;3206;0;0;126;0;202;0;
16618;8835657;1202565120;27971584;1340411904;0;0;0;0;0;0;0;0;0;0;0;3667;0;0;126;0;202;0;
16619;10353703;1202565120;27971584;1340411904;0;0;0;0;0;0;0;0;0;0;0;3927;0;0;126;0;202;0;
16620;6622318;1202565120;27971584;1340411904;0;0;0;0;0;0;0;0;0;0;0;3626;0;0;126;0;202;0;
16621;8892394;1202565120;27971584;1340411904;0;0;0;0;0;0;0;0;0;0;0;3076;0;0;126;0;202;0;
16622;7529588;1202565120;27971584;1340411904;0;0;0;0;0;0;0;0;0;0;0;4028;0;0;126;0;202;0;
16623;8715192;1202565120;27971584;1340411904;0;0;0;0;0;0;0;0;0;0;0;2675;0;0;126;0;202;0;
16624;6961343;1202565120;27971584;1340411904;0;0;0;0;0;0;0;0;0;0;0;3306;0;0;126;0;202;0;
16625;6075182;1202565120;27971584;1340411904;0;0;0;0;0;0;0;0;0;0;0;2415;0;0;126;0;202;0;
16626;6427592;1202565120;27971584;1340411904;0;0;0;0;0;0;0;0;0;0;0;3737;0;0;126;0;202;0;
16627;8946045;1202565120;27971584;1340411904;0;0;0;0;0;0;0;0;0;0;0;4358;0;0;126;0;202;0;
16628;7618796;1202565120;27971584;1340411904;0;0;0;0;0;0;0;0;0;0;0;5249;0;0;126;0;202;0;
16629;9877250;1202565120;27971584;1340411904;0;0;0;0;0;0;0;0;0;0;0;4057;0;0;126;0;202;0;
16630;5599119;1202565120;27971584;1340411904;0;0;0;0;0;0;0;0;0;0;0;4058;0;0;126;0;202;0;
16631;9848697;1202565120;27971584;1340411904;0;0;0;0;0;0;0;0;0;0;0;4138;0;0;126;0;202;0;
16632;11887189;1202565120;27971584;1340411904;0;0;0;0;0;0;0;0;0;0;0;4398;0;0;126;0;202;0;
16633;10817814;1202565120;27971584;1340411904;0;0;0;0;0;0;0;0;0;0;0;3026;0;0;126;0;202;0;
16634;10018786;1202565120;27971584;1340411904;0;0;0;0;0;0;0;0;0;0;0;4027;0;0;126;0;202;0;
16635;9263008;1202565120;27971584;1340411904;0;0;0;0;0;0;0;0;0;0;0;7404;0;0;126;0;202;0;
16636;7933756;1202565120;27971584;1340411904;0;0;0;0;0;0;0;0;0;0;0;4017;0;0;126;0;202;0;
16637;8411572;1202565120;27971584;1340411904;0;0;0;0;0;0;0;0;0;0;0;3657;0;0;126;0;202;0;
16638;9596093;1202565120;27971584;1340411904;0;0;0;0;0;0;0;0;0;0;0;3637;0;0;126;0;202;0;
16639;7936020;1202565120;27971584;1340411904;0;0;0;0;0;0;0;0;0;0;0;3687;0;0;126;0;202;0;
16640;7514581;1202565120;27971584;1340411904;0;0;0;0;0;0;0;0;0;0;0;3406;0;0;126;0;202;0;
16641;13067542;1202565120;27971584;1340411904;0;0;0;0;0;0;0;0;0;0;0;2896;0;0;126;0;202;0;
16642;7315657;1202565120;27971584;1340411904;0;0;0;0;0;0;0;0;0;0;0;2845;0;0;126;0;202;0;
16643;10564539;1202565120;27971584;1340411904;0;0;0;0;0;0;0;0;0;0;0;2945;0;0;126;0;202;0;
16644;5829771;1202565120;27971584;1340411904;0;0;0;0;0;0;0;0;0;0;0;4167;0;0;126;0;202;0;
16645;8395532;1202565120;27971584;1340411904;0;0;0;0;0;0;0;0;0;0;0;4489;0;0;126;0;202;0;
16646;4358532;1202565120;27971584;1340411904;0;0;0;0;0;0;0;0;0;0;0;4319;0;0;126;0;202;0;
16647;9350613;1202565120;27971584;1340411904;0;0;0;0;0;0;0;0;0;0;0;4508;0;0;126;0;202;0;
16648;6256030;1202565120;27971584;1340411904;0;0;0;0;0;0;0;0;0;0;0;3476;0;0;126;0;202;0;
16649;6420189;1202565120;27971584;1340411904;0;0;0;0;0;0;0;0;0;0;0;2084;0;0;126;0;202;0;
16650;8251152;1202565120;27971584;1340411904;0;0;0;0;0;0;0;0;0;0;0;3387;0;0;126;0;202;0;
16651;7331637;1202565120;27971584;1340411904;0;0;0;0;0;0;0;0;0;0;0;3918;0;0;126;0;202;0;
16652;8817012;1202565120;27971584;1340411904;0;0;0;0;0;0;0;0;0;0;0;3627;0;0;126;0;202;0;
16653;6832772;1202565120;27971584;1340411904;0;0;0;0;0;0;0;0;0;0;0;3076;0;0;126;0;202;0;
16654;8585779;1202565120;27971584;1340411904;0;0;0;0;0;0;0;0;0;0;0;3276;0;0;126;0;202;0;
16655;5701350;1202565120;27971584;1340411904;0;0;0;0;0;0;0;0;0;0;0;3246;0;0;126;0;202;0;
16656;7871139;1202565120;27971584;1340411904;0;0;0;0;0;0;0;0;0;0;0;4118;0;0;126;0;202;0;
16657;17226871;1202565120;27971584;1340411904;0;0;0;0;0;0;0;0;0;0;0;3937;0;0;126;0;202;0;
16658;5128536;1202565120;27971584;1340411904;0;0;0;0;0;0;0;0;0;0;0;4829;0;0;126;0;202;0;
16659;9254703;1202565120;27971584;1340411904;0;0;0;0;0;0;0;0;0;0;0;4178;0;0;126;0;202;0;
16660;6367709;1202565120;27971584;1340411904;0;0;0;0;0;0;0;0;0;0;0;4489;0;0;126;0;202;0;
16661;9723422;1202565120;27971584;1340411904;0;0;0;0;0;0;0;0;0;0;0;4549;0;0;126;0;202;0;
16662;5063956;1202565120;27971584;1340411904;0;0;0;0;0;0;0;0;0;0;0;3927;0;0;126;0;202;0;
16663;10255078;1202565120;27971584;1340411904;0;0;0;0;0;0;0;0;0;0;0;3447;0;0;126;0;202;0;
16664;5207344;1202565120;27971584;1340411904;0;0;0;0;0;0;0;0;0;0;0;4709;0;0;126;0;202;0;
16665;12057318;1202565120;27971584;1340411904;0;0;0;0;0;0;0;0;0;0;0;3857;0;0;126;0;202;0;
16666;6538210;1202565120;27971584;1340411904;0;0;0;0;0;0;0;0;0;0;0;5079;0;0;126;0;202;0;
16667;9562620;1202565120;27971584;1340411904;0;0;0;0;0;0;0;0;0;0;0;3707;0;0;126;0;202;0;
16668;7682255;1202565120;27971584;1340411904;0;0;0;0;0;0;0;0;0;0;0;3337;0;0;126;0;202;0;
16669;10005932;1202565120;27971584;1340411904;0;0;0;0;0;0;0;0;0;0;0;2975;0;0;126;0;202;0;
16670;6198944;1202565120;27971584;1340411904;0;0;0;0;0;0;0;0;0;0;0;10650;0;0;126;0;202;0;
16671;9086638;1202565120;27971584;1340411904;0;0;0;0;0;0;0;0;0;0;0;3978;0;0;126;0;202;0;
16672;5661145;1202565120;27971584;1340411904;0;0;0;0;0;0;0;0;0;0;0;3416;0;0;126;0;202;0;
16673;9176135;1202565120;27971584;1340411904;0;0;0;0;0;0;0;0;0;0;0;3978;0;0;126;0;202;0;
16674;5898129;1202565120;27971584;1340411904;0;0;0;0;0;0;0;0;0;0;0;3828;0;0;126;0;202;0;
16675;9699778;1202565120;27971584;1340411904;0;0;0;0;0;0;0;0;0;0;0;3447;0;0;126;0;202;0;
16676;4774402;1202565120;27971584;1340411904;0;0;0;0;0;0;0;0;0;0;0;4037;0;0;126;0;202;0;
16677;8427883;1202565120;27971584;1340411904;0;0;0;0;0;0;0;0;0;0;0;3086;0;0;126;0;202;0;
16678;7904752;1202565120;27971584;1340411904;0;0;0;0;0;0;0;0;0;0;0;3346;0;0;126;0;202;0;
16679;10127800;1202565120;27971584;1340411904;0;0;0;0;0;0;0;0;0;0;0;3676;0;0;126;0;202;0;
16680;7090265;1202565120;27971584;1340411904;0;0;0;0;0;0;0;0;0;0;0;4037;0;0;126;0;202;0;
16681;8459602;1202565120;27971584;1340411904;0;0;0;0;0;0;0;0;0;0;0;3156;0;0;126;0;202;0;
16682;6755237;1202565120;27971584;1340411904;0;0;0;0;0;0;0;0;0;0;0;3737;0;0;126;0;202;0;
16683;9121534;1202565120;27971584;1340411904;0;0;0;0;0;0;0;0;0;0;0;3807;0;0;126;0;202;0;
16684;7250925;1202565120;27971584;1340411904;0;0;0;0;0;0;0;0;0;0;0;4178;0;0;126;0;202;0;
16685;8312918;1202565120;27971584;1340411904;0;0;0;0;0;0;0;0;0;0;0;3897;0;0;126;0;202;0;
16686;6767439;1202565120;27971584;1340411904;0;0;0;0;0;0;0;0;0;0;0;3667;0;0;126;0;202;0;
16687;7080596;1202565120;27971584;1340411904;0;0;0;0;0;0;0;0;0;0;0;3346;0;0;126;0;202;0;
16688;7165426;1202565120;27971584;1340411904;0;0;0;0;0;0;0;0;0;0;0;4679;0;0;126;0;202;0;
16689;8642054;1202565120;27971584;1340411904;0;0;0;0;0;0;0;0;0;0;0;4929;0;0;126;0;202;0;
16690;6105348;1202565120;27971584;1340411904;0;0;0;0;0;0;0;0;0;0;0;3907;0;0;126;0;202;0;
16691;9936241;1202565120;27971584;1340411904;0;0;0;0;0;0;0;0;0;0;0;2906;0;0;126;0;202;0;
16692;5524759;1202565120;27971584;1340411904;0;0;0;0;0;0;0;0;0;0;0;3938;0;0;126;0;202;0;
16693;6849413;1202565120;27971584;1340411904;0;0;0;0;0;0;0;0;0;0;0;2365;0;0;126;0;202;0;
16694;7334012;1202565120;27971584;1340411904;0;0;0;0;0;0;0;0;0;0;0;4929;0;0;126;0;202;0;
16695;7512807;1202565120;27971584;1340411904;0;0;0;0;0;0;0;0;0;0;0;4639;0;0;126;0;202;0;
16696;6161212;1202565120;27971584;1340411904;0;0;0;0;0;0;0;0;0;0;0;3436;0;0;126;0;202;0;
16697;7726678;1202565120;27971584;1340411904;0;0;0;0;0;0;0;0;0;0;0;4288;0;0;126;0;202;0;
16698;8650901;1202565120;27971584;1340411904;0;0;0;0;0;0;0;0;0;0;0;4659;0;0;126;0;202;0;
16699;8096892;1202565120;27971584;1340411904;0;0;0;0;0;0;0;0;0;0;0;3396;0;0;126;0;202;0;
16700;6791133;1202565120;27971584;1340411904;0;0;0;0;0;0;0;0;0;0;0;5049;0;0;126;0;202;0;
16701;8484489;1202565120;27971584;1340411904;0;0;0;0;0;0;0;0;0;0;0;3626;0;0;126;0;202;0;
16702;8126858;1202565120;27971584;1340411904;0;0;0;0;0;0;0;0;0;0;0;3537;0;0;126;0;202;0;
16703;6855505;1202565120;27971584;1340411904;0;0;0;0;0;0;0;0;0;0;0;3196;0;0;126;0;202;0;
16704;10139281;1202565120;27971584;1340411904;0;0;0;0;0;0;0;0;0;0;0;4408;0;0;126;0;202;0;
16705;9497529;1202565120;27971584;1340411904;0;0;0;0;0;0;0;0;0;0;0;4148;0;0;126;0;202;0;
16706;5737588;1202565120;27971584;1340411904;0;0;0;0;0;0;0;0;0;0;0;3216;0;0;126;0;202;0;
16707;7239274;1202565120;27971584;1340411904;0;0;0;0;0;0;0;0;0;0;0;3366;0;0;126;0;202;0;
16708;7206843;1202565120;27971584;1340411904;0;0;0;0;0;0;0;0;0;0;0;3166;0;0;126;0;202;0;
16709;7636960;1202565120;27971584;1340411904;0;0;0;0;0;0;0;0;0;0;0;4127;0;0;126;0;202;0;
16710;6667231;1202565120;27971584;1340411904;0;0;0;0;0;0;0;0;0;0;0;3657;0;0;126;0;202;0;
16711;9218795;1202565120;27971584;1340411904;0;0;0;0;0;0;0;0;0;0;0;3276;0;0;126;0;202;0;
16712;5537353;1202565120;27971584;1340411904;0;0;0;0;0;0;0;0;0;0;0;4158;0;0;126;0;202;0;
16713;8930274;1202565120;27971584;1340411904;0;0;0;0;0;0;0;0;0;0;0;3496;0;0;126;0;202;0;
16714;6199515;1202565120;27971584;1340411904;0;0;0;0;0;0;0;0;0;0;0;4428;0;0;126;0;202;0;
16715;8654428;1202565120;27971584;1340411904;0;0;0;0;0;0;0;0;0;0;0;3747;0;0;126;0;202;0;
16716;5342507;1202565120;27971584;1340411904;0;0;0;0;0;0;0;0;0;0;0;3947;0;0;126;0;202;0;
16717;11016446;1202565120;27971584;1340411904;0;0;0;0;0;0;0;0;0;0;0;4699;0;0;126;0;202;0;
16718;5486627;1202565120;27971584;1340411904;0;0;0;0;0;0;0;0;0;0;0;3967;0;0;126;0;202;0;
16719;10857548;1202565120;27971584;1340411904;0;0;0;0;0;0;0;0;0;0;0;5140;0;0;126;0;202;0;
16720;4911610;1202565120;27971584;1340411904;0;0;0;0;0;0;0;0;0;0;0;3436;0;0;126;0;202;0;
16721;11380208;1202565120;27971584;1340411904;0;0;0;0;0;0;0;0;0;0;0;5630;0;0;126;0;202;0;
16722;5614187;1202565120;27971584;1340411904;0;0;0;0;0;0;0;0;0;0;0;4539;0;0;126;0;202;0;
16723;9399374;1202565120;27971584;1340411904;0;0;0;0;0;0;0;0;0;0;0;3897;0;0;126;0;202;0;
16724;6529523;1202565120;27971584;1340411904;0;0;0;0;0;0;0;0;0;0;0;4389;0;0;126;0;202;0;
16725;7690520;1202565120;27971584;1340411904;0;0;0;0;0;0;0;0;0;0;0;4478;0;0;126;0;202;0;
16726;6597661;1202565120;27971584;1340411904;0;0;0;0;0;0;0;0;0;0;0;4398;0;0;126;0;202;0;
16727;8761949;1202565120;27971584;1340411904;0;0;0;0;0;0;0;0;0;0;0;3216;0;0;126;0;202;0;
16728;6661250;1202565120;27971584;1340411904;0;0;0;0;0;0;0;0;0;0;0;3917;0;0;126;0;202;0;
16729;8024045;1202565120;27971584;1340411904;0;0;0;0;0;0;0;0;0;0;0;3476;0;0;126;0;202;0;
16730;7499862;1202565120;27971584;1340411904;0;0;0;0;0;0;0;0;0;0;0;3376;0;0;126;0;202;0;
16731;8266280;1202565120;27971584;1340411904;0;0;0;0;0;0;0;0;0;0;0;7904;0;0;126;0;202;0;
16732;6881413;1202565120;27971584;1340411904;0;0;0;0;0;0;0;0;0;0;0;4018;0;0;126;0;202;0;
16733;8954220;1202565120;27971584;1340411904;0;0;0;0;0;0;0;0;0;0;0;4018;0;0;126;0;202;0;
16734;6249809;1202565120;27971584;1340411904;0;0;0;0;0;0;0;0;0;0;0;4789;0;0;126;0;202;0;
16735;9074645;1202565120;27971584;1340411904;0;0;0;0;0;0;0;0;0;0;0;4288;0;0;126;0;202;0;
16736;8289653;1202565120;27971584;1340411904;0;0;0;0;0;0;0;0;0;0;0;3707;0;0;126;0;202;0;
16737;7557190;1202565120;27971584;1340411904;0;0;0;0;0;0;0;0;0;0;0;3938;0;0;126;0;202;0;
16738;7102889;1202565120;27971584;1340411904;0;0;0;0;0;0;0;0;0;0;0;5119;0;0;126;0;202;0;
16739;9677105;1202565120;27971584;1340411904;0;0;0;0;0;0;0;0;0;0;0;3847;0;0;126;0;202;0;
16740;5628233;1202565120;27971584;1340411904;0;0;0;0;0;0;0;0;0;0;0;4228;0;0;126;0;202;0;
16741;8875672;1202565120;27971584;1340411904;0;0;0;0;0;0;0;0;0;0;0;4619;0;0;126;0;202;0;
16742;7796739;1202565120;27971584;1340411904;0;0;0;0;0;0;0;0;0;0;0;4608;0;0;126;0;202;0;
16743;7562571;1202565120;27971584;1340411904;0;0;0;0;0;0;0;0;0;0;0;3417;0;0;126;0;202;0;
16744;6318728;1202565120;27971584;1340411904;0;0;0;0;0;0;0;0;0;0;0;3035;0;0;126;0;202;0;
16745;8709871;1202565120;27971584;1340411904;0;0;0;0;0;0;0;0;0;0;0;4007;0;0;126;0;202;0;
16746;8545564;1202565120;27971584;1340411904;0;0;0;0;0;0;0;0;0;0;0;4298;0;0;126;0;202;0;
16747;10196058;1202565120;27971584;1340411904;0;0;0;0;0;0;0;0;0;0;0;10059;0;0;126;0;202;0;
16748;5144265;1202565120;27975680;1340416000;0;0;0;0;0;0;0;0;0;0;0;3536;0;0;126;0;202;0;
16749;8867587;1202565120;27975680;1340416000;0;0;0;0;0;0;0;0;0;0;0;3527;0;0;126;0;202;0;
16750;4218980;1202565120;27975680;1340416000;0;0;0;0;0;0;0;0;0;0;0;3536;0;0;126;0;202;0;
16751;5738139;1202565120;27975680;1340416000;0;0;0;0;0;0;0;0;0;0;0;2735;0;0;126;0;202;0;
16752;5288396;1202565120;27975680;1340416000;0;0;0;0;0;0;0;0;0;0;0;3096;0;0;126;0;202;0;
16753;8365135;1202565120;27975680;1340416000;0;0;0;0;0;0;0;0;0;0;0;3266;0;0;126;0;202;0;
16754;5711780;1202565120;27971584;1340411904;0;0;0;0;0;0;0;0;0;0;0;4007;0;0;126;0;202;0;
16755;5722500;1202565120;27971584;1340411904;0;0;0;0;0;0;0;0;0;0;0;3056;0;0;126;0;202;0;
16756;5544005;1202561024;27967488;1340407808;0;0;0;0;0;0;0;0;0;0;0;4238;0;0;126;0;202;0;
16757;10286327;1202561024;27967488;1340407808;0;0;0;0;0;0;0;0;0;0;0;1994;0;0;126;0;202;0;
16758;12271890;1202561024;27967488;1340407808;0;0;0;0;0;0;0;0;0;0;0;3647;0;0;126;0;202;0;
16759;6953519;1202561024;27967488;1340407808;0;0;0;0;0;0;0;0;0;0;0;4168;0;0;126;0;202;0;
16760;6387417;1202561024;27967488;1340407808;0;0;0;0;0;0;0;0;0;0;0;4188;0;0;126;0;202;0;
16761;9718382;1202561024;27967488;1340407808;0;0;0;0;0;0;0;0;0;0;0;4228;0;0;126;0;202;0;
16762;3754099;1202561024;27967488;1340407808;0;0;0;0;0;0;0;0;0;0;0;3868;0;0;126;0;202;0;
16763;7938155;1202561024;27967488;1340407808;0;0;0;0;0;0;0;0;0;0;0;2745;0;0;126;0;202;0;
16764;6685516;1202561024;27967488;1340407808;0;0;0;0;0;0;0;0;0;0;0;135474;0;0;126;0;202;0;
16765;8375965;1202561024;27967488;1340407808;0;0;0;0;0;0;0;0;0;0;0;3095;0;0;126;0;202;0;
16766;6440727;1202561024;27971584;1340411904;0;0;0;0;0;0;0;0;0;0;0;3486;0;0;126;0;202;0;
16767;6909255;1202561024;27971584;1340411904;0;0;0;0;0;0;0;0;0;0;0;4058;0;0;126;0;202;0;
16768;5669441;1202561024;27971584;1340411904;0;0;0;0;0;0;0;0;0;0;0;4709;0;0;126;0;202;0;
16769;8329498;1202561024;27971584;1340411904;0;0;0;0;0;0;0;0;0;0;0;3367;0;0;126;0;202;0;
16770;4943109;1202561024;27971584;1340411904;0;0;0;0;0;0;0;0;0;0;0;3326;0;0;126;0;202;0;
16771;6881293;1202561024;27971584;1340411904;0;0;0;0;0;0;0;0;0;0;0;3096;0;0;126;0;202;0;
16772;5481669;1202561024;27971584;1340411904;0;0;0;0;0;0;0;0;0;0;0;3467;0;0;126;0;202;0;
16773;8456807;1202561024;27971584;1340411904;0;0;0;0;0;0;0;0;0;0;0;3827;0;0;126;0;202;0;
16774;5777002;1202561024;27971584;1340411904;0;0;0;0;0;0;0;0;0;0;0;4077;0;0;126;0;202;0;
16775;9077661;1202561024;27971584;1340411904;0;0;0;0;0;0;0;0;0;0;0;3346;0;0;126;0;202;0;
16776;5767985;1202561024;27971584;1340411904;0;0;0;0;0;0;0;0;0;0;0;4679;0;0;126;0;202;0;
16777;8214552;1202561024;27971584;1340411904;0;0;0;0;0;0;0;0;0;0;0;5561;0;0;126;0;202;0;
16778;5758738;1202561024;27971584;1340411904;0;0;0;0;0;0;0;0;0;0;0;3286;0;0;126;0;202;0;
16779;10026340;1202561024;27971584;1340411904;0;0;0;0;0;0;0;0;0;0;0;3677;0;0;126;0;202;0;
16780;5776391;1202561024;27971584;1340411904;0;0;0;0;0;0;0;0;0;0;0;3727;0;0;126;0;202;0;
16781;7298936;1202561024;27971584;1340411904;0;0;0;0;0;0;0;0;0;0;0;3847;0;0;126;0;202;0;
16782;4877445;1202561024;27971584;1340411904;0;0;0;0;0;0;0;0;0;0;0;3536;0;0;126;0;202;0;
16783;8500148;1202561024;27971584;1340411904;0;0;0;0;0;0;0;0;0;0;0;3286;0;0;126;0;202;0;
16784;7362846;1202561024;27971584;1340411904;0;0;0;0;0;0;0;0;0;0;0;3998;0;0;126;0;202;0;
16785;8464922;1202561024;27971584;1340411904;0;0;0;0;0;0;0;0;0;0;0;3497;0;0;126;0;202;0;
16786;7750953;1202561024;27971584;1340411904;0;0;0;0;0;0;0;0;0;0;0;4218;0;0;126;0;202;0;
16787;8052188;1202561024;27971584;1340411904;0;0;0;0;0;0;0;0;0;0;0;3697;0;0;126;0;202;0;
16788;6604544;1202561024;27971584;1340411904;0;0;0;0;0;0;0;0;0;0;0;4839;0;0;126;0;202;0;
16789;7314636;1202561024;27971584;1340411904;0;0;0;0;0;0;0;0;0;0;0;2475;0;0;126;0;202;0;
16790;7001999;1202561024;27971584;1340411904;0;0;0;0;0;0;0;0;0;0;0;3987;0;0;126;0;202;0;
16791;9253150;1202561024;27971584;1340411904;0;0;0;0;0;0;0;0;0;0;0;4578;0;0;126;0;202;0;
16792;5489884;1202561024;27971584;1340411904;0;0;0;0;0;0;0;0;0;0;0;4990;0;0;126;0;202;0;
16793;9873323;1202561024;27971584;1340411904;0;0;0;0;0;0;0;0;0;0;0;4619;0;0;126;0;202;0;
16794;4355336;1202561024;27971584;1340411904;0;0;0;0;0;0;0;0;0;0;0;4849;0;0;126;0;202;0;
16795;8860133;1202561024;27971584;1340411904;0;0;0;0;0;0;0;0;0;0;0;4058;0;0;126;0;202;0;
16796;7770621;1202561024;27971584;1340411904;0;0;0;0;0;0;0;0;0;0;0;4839;0;0;126;0;202;0;
16797;8293671;1202561024;27971584;1340411904;0;0;0;0;0;0;0;0;0;0;0;3376;0;0;126;0;202;0;
16798;7515051;1202561024;27971584;1340411904;0;0;0;0;0;0;0;0;0;0;0;5491;0;0;126;0;202;0;
16799;7028780;1202561024;27971584;1340411904;0;0;0;0;0;0;0;0;0;0;0;3767;0;0;126;0;202;0;
16800;9335414;1202561024;27971584;1340411904;0;0;0;0;0;0;0;0;0;0;0;88456;0;0;126;0;202;0;
16801;5906995;1202561024;27971584;1340411904;0;0;0;0;0;0;0;0;0;0;0;2364;0;0;126;0;202;0;
16802;8901530;1202561024;27971584;1340411904;0;0;0;0;0;0;0;0;0;0;0;4549;0;0;126;0;202;0;
16803;7529588;1202561024;27971584;1340411904;0;0;0;0;0;0;0;0;0;0;0;3256;0;0;126;0;202;0;
16804;7245616;1202561024;27971584;1340411904;0;0;0;0;0;0;0;0;0;0;0;8156;0;0;126;0;202;0;
16805;7547673;1202561024;27971584;1340411904;0;0;0;0;0;0;0;0;0;0;0;3647;0;0;126;0;202;0;
16806;6252854;1202561024;27971584;1340411904;0;0;0;0;0;0;0;0;0;0;0;108253;0;0;126;0;202;0;
16807;8531647;1202561024;27971584;1340411904;0;0;0;0;0;0;0;0;0;0;0;3526;0;0;126;0;202;0;
16808;10013225;1202561024;27975680;1340416000;0;0;0;0;0;0;0;0;0;0;0;4338;0;0;126;0;202;0;
16809;9247660;1202561024;27975680;1340416000;0;0;0;0;0;0;0;0;0;0;0;2865;0;0;126;0;202;0;
16810;7924870;1202561024;27975680;1340416000;0;0;0;0;0;0;0;0;0;0;0;3456;0;0;126;0;202;0;
16811;7793223;1202561024;27975680;1340416000;0;0;0;0;0;0;0;0;0;0;0;3757;0;0;126;0;202;0;
16812;11616852;1202561024;27975680;1340416000;0;0;0;0;0;0;0;0;0;0;0;3297;0;0;126;0;202;0;
16813;13247900;1202561024;27975680;1340416000;0;0;0;0;0;0;0;0;0;0;0;4188;0;0;126;0;202;0;
16814;12283422;1202565120;27971584;1340411904;0;0;0;0;0;0;0;0;0;0;0;5260;0;0;126;0;202;0;
16815;8703580;1202565120;27971584;1340411904;0;0;0;0;0;0;0;0;0;0;0;4709;0;0;126;0;202;0;
16816;8862067;1202565120;27971584;1340411904;0;0;0;0;0;0;0;0;0;0;0;3527;0;0;126;0;202;0;
16817;8620423;1202565120;27971584;1340411904;0;0;0;0;0;0;0;0;0;0;0;4067;0;0;126;0;202;0;
16818;10605707;1202565120;27971584;1340411904;0;0;0;0;0;0;0;0;0;0;0;4228;0;0;126;0;202;0;
16819;9908258;1202565120;27971584;1340411904;0;0;0;0;0;0;0;0;0;0;0;3296;0;0;126;0;202;0;
16820;7015624;1202565120;27971584;1340411904;0;0;0;0;0;0;0;0;0;0;0;3607;0;0;126;0;202;0;
16821;9449418;1202565120;27971584;1340411904;0;0;0;0;0;0;0;0;0;0;0;3417;0;0;126;0;202;0;
16822;7501977;1202565120;27971584;1340411904;0;0;0;0;0;0;0;0;0;0;0;4188;0;0;126;0;202;0;
16823;10790252;1202565120;27971584;1340411904;0;0;0;0;0;0;0;0;0;0;0;4238;0;0;126;0;202;0;
16824;8597601;1202565120;27971584;1340411904;0;0;0;0;0;0;0;0;0;0;0;7684;0;0;126;0;202;0;
16825;11130090;1202565120;27971584;1340411904;0;0;0;0;0;0;0;0;0;0;0;5109;0;0;126;0;202;0;
16826;6115758;1202565120;27971584;1340411904;0;0;0;0;0;0;0;0;0;0;0;3997;0;0;126;0;202;0;
16827;9894703;1202565120;27971584;1340411904;0;0;0;0;0;0;0;0;0;0;0;3457;0;0;126;0;202;0;
16828;5529698;1202565120;27971584;1340411904;0;0;0;0;0;0;0;0;0;0;0;4108;0;0;126;0;202;0;
16829;8779251;1202565120;27971584;1340411904;0;0;0;0;0;0;0;0;0;0;0;3126;0;0;126;0;202;0;
16830;8419597;1202565120;27971584;1340411904;0;0;0;0;0;0;0;0;0;0;0;4148;0;0;126;0;202;0;
16831;9758568;1202565120;27971584;1340411904;0;0;0;0;0;0;0;0;0;0;0;3316;0;0;126;0;202;0;
16832;8002656;1202565120;27971584;1340411904;0;0;0;0;0;0;0;0;0;0;0;3967;0;0;126;0;202;0;
16833;9174803;1202565120;27971584;1340411904;0;0;0;0;0;0;0;0;0;0;0;4288;0;0;126;0;202;0;
16834;9805406;1202565120;27971584;1340411904;0;0;0;0;0;0;0;0;0;0;0;3867;0;0;126;0;202;0;
16835;9954214;1202565120;27971584;1340411904;0;0;0;0;0;0;0;0;0;0;0;4057;0;0;126;0;202;0;
16836;7458034;1202565120;27971584;1340411904;0;0;0;0;0;0;0;0;0;0;0;4899;0;0;126;0;202;0;
16837;8930275;1202565120;27971584;1340411904;0;0;0;0;0;0;0;0;0;0;0;3667;0;0;126;0;202;0;
16838;8484910;1202565120;27971584;1340411904;0;0;0;0;0;0;0;0;0;0;0;3797;0;0;126;0;202;0;
16839;9950699;1202565120;27971584;1340411904;0;0;0;0;0;0;0;0;0;0;0;3887;0;0;126;0;202;0;
16840;8552937;1202565120;27971584;1340411904;0;0;0;0;0;0;0;0;0;0;0;4058;0;0;126;0;202;0;
16841;7745994;1202565120;27971584;1340411904;0;0;0;0;0;0;0;0;0;0;0;4128;0;0;126;0;202;0;
16842;7649122;1202565120;27971584;1340411904;0;0;0;0;0;0;0;0;0;0;0;3757;0;0;126;0;202;0;
16843;8759334;1202565120;27971584;1340411904;0;0;0;0;0;0;0;0;0;0;0;2795;0;0;126;0;202;0;
16844;8597581;1202565120;27971584;1340411904;0;0;0;0;0;0;0;0;0;0;0;3617;0;0;126;0;202;0;
16845;6605586;1202565120;27971584;1340411904;0;0;0;0;0;0;0;0;0;0;0;2715;0;0;126;0;202;0;
16846;9046693;1202565120;27971584;1340411904;0;0;0;0;0;0;0;0;0;0;0;3767;0;0;126;0;202;0;
16847;10129734;1202565120;27971584;1340411904;0;0;0;0;0;0;0;0;0;0;0;4789;0;0;126;0;202;0;
16848;10588584;1202565120;27971584;1340411904;0;0;0;0;0;0;0;0;0;0;0;175940;0;0;126;0;202;0;
16849;7178049;1202565120;27971584;1340411904;0;0;0;0;0;0;0;0;0;0;0;3587;0;0;126;0;202;0;
16850;9304736;1202565120;27975680;1340416000;0;0;0;0;0;0;0;0;0;0;0;3686;0;0;126;0;202;0;
16851;9716810;1202565120;27975680;1340416000;0;0;0;0;0;0;0;0;0;0;0;3437;0;0;126;0;202;0;
16852;6397345;1202565120;27975680;1340416000;0;0;0;0;0;0;0;0;0;0;0;3547;0;0;126;0;202;0;
16853;8173536;1202565120;27975680;1340416000;0;0;0;0;0;0;0;0;0;0;0;3096;0;0;126;0;202;0;
16854;7187036;1202565120;27975680;1340416000;0;0;0;0;0;0;0;0;0;0;0;2805;0;0;126;0;202;0;
16855;9136261;1202565120;27975680;1340416000;0;0;0;0;0;0;0;0;0;0;0;3646;0;0;126;0;202;0;
16856;8094658;1202565120;27971584;1340411904;0;0;0;0;0;0;0;0;0;0;0;3487;0;0;126;0;202;0;
16857;7462243;1202565120;27971584;1340411904;0;0;0;0;0;0;0;0;0;0;0;3196;0;0;126;0;202;0;
16858;7801097;1202565120;27971584;1340411904;0;0;0;0;0;0;0;0;0;0;0;3747;0;0;126;0;202;0;
16859;9685391;1202565120;27971584;1340411904;0;0;0;0;0;0;0;0;0;0;0;3657;0;0;126;0;202;0;
16860;8673463;1202565120;27971584;1340411904;0;0;0;0;0;0;0;0;0;0;0;4879;0;0;126;0;202;0;
16861;8082505;1202565120;27971584;1340411904;0;0;0;0;0;0;0;0;0;0;0;4849;0;0;126;0;202;0;
16862;8287730;1202565120;27971584;1340411904;0;0;0;0;0;0;0;0;0;0;0;4578;0;0;126;0;202;0;
16863;8826821;1202565120;27971584;1340411904;0;0;0;0;0;0;0;0;0;0;0;3987;0;0;126;0;202;0;
16864;7565074;1202565120;27971584;1340411904;0;0;0;0;0;0;0;0;0;0;0;3907;0;0;126;0;202;0;
16865;9070037;1202565120;27971584;1340411904;0;0;0;0;0;0;0;0;0;0;0;3647;0;0;126;0;202;0;
16866;10884309;1202565120;27971584;1340411904;0;0;0;0;0;0;0;0;0;0;0;3356;0;0;126;0;202;0;
16867;9748890;1202565120;27971584;1340411904;0;0;0;0;0;0;0;0;0;0;0;3928;0;0;126;0;202;0;
16868;9216372;1202565120;27971584;1340411904;0;0;0;0;0;0;0;0;0;0;0;3286;0;0;126;0;202;0;
16869;8549892;1202565120;27971584;1340411904;0;0;0;0;0;0;0;0;0;0;0;3546;0;0;126;0;202;0;
16870;7663088;1202565120;27971584;1340411904;0;0;0;0;0;0;0;0;0;0;0;3366;0;0;126;0;202;0;
16871;7889654;1202565120;27971584;1340411904;0;0;0;0;0;0;0;0;0;0;0;3878;0;0;126;0;202;0;
16872;5698735;1202565120;27971584;1340411904;0;0;0;0;0;0;0;0;0;0;0;4539;0;0;126;0;202;0;
16873;10699512;1202565120;27971584;1340411904;0;0;0;0;0;0;0;0;0;0;0;4238;0;0;126;0;202;0;
16874;7286272;1202565120;27971584;1340411904;0;0;0;0;0;0;0;0;0;0;0;3366;0;0;126;0;202;0;
16875;9625328;1202565120;27971584;1340411904;0;0;0;0;0;0;0;0;0;0;0;3006;0;0;126;0;202;0;
16876;9772514;1202565120;27971584;1340411904;0;0;0;0;0;0;0;0;0;0;0;4478;0;0;126;0;202;0;
16877;9657268;1202565120;27971584;1340411904;0;0;0;0;0;0;0;0;0;0;0;5641;0;0;126;0;202;0;
16878;12190678;1202565120;27971584;1340411904;0;0;0;0;0;0;0;0;0;0;0;3577;0;0;126;0;202;0;
16879;5444168;1202565120;27971584;1340411904;0;0;0;0;0;0;0;0;0;0;0;2454;0;0;126;0;202;0;
16880;7828058;1202565120;27971584;1340411904;0;0;0;0;0;0;0;0;0;0;0;5069;0;0;126;0;202;0;
16881;8257072;1202565120;27971584;1340411904;0;0;0;0;0;0;0;0;0;0;0;3477;0;0;126;0;202;0;
16882;9400517;1202565120;27971584;1340411904;0;0;0;0;0;0;0;0;0;0;0;3587;0;0;126;0;202;0;
16883;10721995;1202565120;27971584;1340411904;0;0;0;0;0;0;0;0;0;0;0;3978;0;0;126;0;202;0;
16884;10216897;1202565120;27971584;1340411904;0;0;0;0;0;0;0;0;0;0;0;4568;0;0;126;0;202;0;
16885;10759635;1202565120;27971584;1340411904;0;0;0;0;0;0;0;0;0;0;0;4378;0;0;126;0;202;0;
16886;8426720;1202565120;27971584;1340411904;0;0;0;0;0;0;0;0;0;0;0;3406;0;0;126;0;202;0;
16887;11338169;1202565120;27971584;1340411904;0;0;0;0;0;0;0;0;0;0;0;3526;0;0;126;0;202;0;
16888;6673964;1202565120;27971584;1340411904;0;0;0;0;0;0;0;0;0;0;0;3387;0;0;126;0;202;0;
16889;16912172;1202565120;27971584;1340411904;0;0;0;0;0;0;0;0;0;0;0;4569;0;0;126;0;202;0;
16890;8277220;1202565120;27971584;1340411904;0;0;0;0;0;0;0;0;0;0;0;4428;0;0;126;0;202;0;
16891;10002916;1202565120;27971584;1340411904;0;0;0;0;0;0;0;0;0;0;0;3797;0;0;126;0;202;0;
16892;8498475;1202565120;27971584;1340411904;0;0;0;0;0;0;0;0;0;0;0;3838;0;0;126;0;202;0;
16893;12205817;1202565120;27971584;1340411904;0;0;0;0;0;0;0;0;0;0;0;3958;0;0;126;0;202;0;
16894;8450044;1202565120;27971584;1340411904;0;0;0;0;0;0;0;0;0;0;0;3377;0;0;126;0;202;0;
16895;16440957;1202565120;27971584;1340411904;0;0;0;0;0;0;0;0;0;0;0;4498;0;0;126;0;202;0;
16896;13149196;1202565120;27971584;1340411904;0;0;0;0;0;0;0;0;0;0;0;3376;0;0;126;0;202;0;
16897;10042881;1202565120;27975680;1340416000;0;0;0;0;0;0;0;0;0;0;0;4168;0;0;126;0;202;0;
16898;9833659;1202565120;27979776;1340420096;0;0;0;0;0;0;0;0;0;0;0;4248;0;0;126;0;202;0;
16899;11923748;1202565120;27979776;1340420096;0;0;0;0;0;0;0;0;0;0;0;3667;0;0;126;0;202;0;
16900;10734938;1202565120;27979776;1340420096;0;0;0;0;0;0;0;0;0;0;0;3647;0;0;126;0;202;0;
16901;11809424;1202565120;27979776;1340420096;0;0;0;0;0;0;0;0;0;0;0;3276;0;0;126;0;202;0;
16902;8380784;1202565120;27979776;1340420096;0;0;0;0;0;0;0;0;0;0;0;4208;0;0;126;0;202;0;
16903;11403923;1202565120;27979776;1340420096;0;0;0;0;0;0;0;0;0;0;0;3897;0;0;126;0;202;0;
16904;9397571;1202565120;27971584;1340411904;0;0;0;0;0;0;0;0;0;0;0;3396;0;0;126;0;202;0;
16905;13438568;1202565120;27971584;1340411904;0;0;0;0;0;0;0;0;0;0;0;4609;0;0;126;0;202;0;
16906;10788328;1202565120;27971584;1340411904;0;0;0;0;0;0;0;0;0;0;0;4728;0;0;126;0;202;0;
16907;10406132;1202565120;27971584;1340411904;0;0;0;0;0;0;0;0;0;0;0;3666;0;0;126;0;202;0;
16908;9509982;1202565120;27971584;1340411904;0;0;0;0;0;0;0;0;0;0;0;4659;0;0;126;0;202;0;
16909;13867613;1202565120;27971584;1340411904;0;0;0;0;0;0;0;0;0;0;0;4498;0;0;126;0;202;0;
16910;11276213;1202565120;27971584;1340411904;0;0;0;0;0;0;0;0;0;0;0;3657;0;0;126;0;202;0;
16911;9438759;1202565120;27971584;1340411904;0;0;0;0;0;0;0;0;0;0;0;4368;0;0;126;0;202;0;
16912;11120432;1202565120;27971584;1340411904;0;0;0;0;0;0;0;0;0;0;0;4759;0;0;126;0;202;0;
16913;9812198;1202565120;27971584;1340411904;0;0;0;0;0;0;0;0;0;0;0;4127;0;0;126;0;202;0;
16914;9770350;1202565120;27971584;1340411904;0;0;0;0;0;0;0;0;0;0;0;3166;0;0;126;0;202;0;
16915;8167044;1202565120;27971584;1340411904;0;0;0;0;0;0;0;0;0;0;0;3507;0;0;126;0;202;0;
16916;10866957;1202565120;27971584;1340411904;0;0;0;0;0;0;0;0;0;0;0;4699;0;0;126;0;202;0;
16917;7473924;1202565120;27971584;1340411904;0;0;0;0;0;0;0;0;0;0;0;4127;0;0;126;0;202;0;
16918;7739863;1202565120;27971584;1340411904;0;0;0;0;0;0;0;0;0;0;0;4148;0;0;126;0;202;0;
16919;9662016;1202565120;27971584;1340411904;0;0;0;0;0;0;0;0;0;0;0;3717;0;0;126;0;202;0;
16920;6598923;1202565120;27971584;1340411904;0;0;0;0;0;0;0;0;0;0;0;4609;0;0;126;0;202;0;
16921;12953038;1202565120;27971584;1340411904;0;0;0;0;0;0;0;0;0;0;0;3647;0;0;126;0;202;0;
16922;8025157;1202565120;27971584;1340411904;0;0;0;0;0;0;0;0;0;0;0;3456;0;0;126;0;202;0;
16923;10873669;1202565120;27971584;1340411904;0;0;0;0;0;0;0;0;0;0;0;4970;0;0;126;0;202;0;
16924;6836649;1202565120;27971584;1340411904;0;0;0;0;0;0;0;0;0;0;0;4148;0;0;126;0;202;0;
16925;10540424;1202565120;27971584;1340411904;0;0;0;0;0;0;0;0;0;0;0;3717;0;0;126;0;202;0;
16926;8065945;1202565120;27971584;1340411904;0;0;0;0;0;0;0;0;0;0;0;4368;0;0;126;0;202;0;
16927;12195868;1202565120;27971584;1340411904;0;0;0;0;0;0;0;0;0;0;0;3817;0;0;126;0;202;0;
16928;10966202;1202565120;27971584;1340411904;0;0;0;0;0;0;0;0;0;0;0;5240;0;0;126;0;202;0;
16929;10759805;1202565120;27971584;1340411904;0;0;0;0;0;0;0;0;0;0;0;3507;0;0;126;0;202;0;
16930;7501737;1202565120;27971584;1340411904;0;0;0;0;0;0;0;0;0;0;0;4017;0;0;126;0;202;0;
16931;14920436;1202565120;27971584;1340411904;0;0;0;0;0;0;0;0;0;0;0;4519;0;0;126;0;202;0;
16932;7452804;1202565120;27971584;1340411904;0;0;0;0;0;0;0;0;0;0;0;4088;0;0;126;0;202;0;
16933;10730581;1202565120;27971584;1340411904;0;0;0;0;0;0;0;0;0;0;0;11361;0;0;126;0;202;0;
16934;11001057;1202565120;27975680;1340416000;0;0;0;0;0;0;0;0;0;0;0;3857;0;0;126;0;202;0;
16935;14391956;1202565120;27975680;1340416000;0;0;0;0;0;0;0;0;0;0;0;4078;0;0;126;0;202;0;
16936;10740289;1202565120;27975680;1340416000;0;0;0;0;0;0;0;0;0;0;0;3437;0;0;126;0;202;0;
16937;12155863;1202565120;27975680;1340416000;0;0;0;0;0;0;0;0;0;0;0;3416;0;0;126;0;202;0;
16938;8540845;1202565120;27975680;1340416000;0;0;0;0;0;0;0;0;0;0;0;3847;0;0;126;0;202;0;
16939;10674976;1202565120;27975680;1340416000;0;0;0;0;0;0;0;0;0;0;0;3366;0;0;126;0;202;0;
16940;7536832;1202565120;27971584;1340411904;0;0;0;0;0;0;0;0;0;0;0;5350;0;0;126;0;202;0;
16941;11730425;1202565120;27971584;1340411904;0;0;0;0;0;0;0;0;0;0;0;3156;0;0;126;0;202;0;
16942;6651011;1202561024;27967488;1340407808;0;0;0;0;0;0;0;0;0;0;0;3376;0;0;126;0;202;0;
16943;9266314;1202561024;27967488;1340407808;0;0;0;0;0;0;0;0;0;0;0;2845;0;0;126;0;202;0;
16944;7142042;1202561024;27967488;1340407808;0;0;0;0;0;0;0;0;0;0;0;3637;0;0;126;0;202;0;
16945;8666721;1202561024;27967488;1340407808;0;0;0;0;0;0;0;0;0;0;0;3537;0;0;126;0;202;0;
16946;5793814;1202561024;27967488;1340407808;0;0;0;0;0;0;0;0;0;0;0;3306;0;0;126;0;202;0;
16947;10439755;1202561024;27971584;1340411904;0;0;0;0;0;0;0;0;0;0;0;3947;0;0;126;0;202;0;
16948;5285841;1202561024;27975680;1340416000;0;0;0;0;0;0;0;0;0;0;0;4228;0;0;126;0;202;0;
16949;7025523;1202561024;27975680;1340416000;0;0;0;0;0;0;0;0;0;0;0;3005;0;0;126;0;202;0;
16950;8658214;1202561024;27975680;1340416000;0;0;0;0;0;0;0;0;0;0;0;8997;0;0;126;0;202;0;
16951;6861746;1202561024;27975680;1340416000;0;0;0;0;0;0;0;0;0;0;0;2895;0;0;126;0;202;0;
16952;7120140;1202561024;27975680;1340416000;0;0;0;0;0;0;0;0;0;0;0;2816;0;0;126;0;202;0;
16953;9470498;1202561024;27975680;1340416000;0;0;0;0;0;0;0;0;0;0;0;4037;0;0;126;0;202;0;
16954;6458931;1202561024;27967488;1340407808;0;0;0;0;0;0;0;0;0;0;0;4368;0;0;126;0;202;0;
16955;6776236;1202561024;27967488;1340407808;0;0;0;0;0;0;0;0;0;0;0;2505;0;0;126;0;202;0;
16956;7067412;1202561024;27967488;1340407808;0;0;0;0;0;0;0;0;0;0;0;3527;0;0;126;0;202;0;
16957;8024757;1202561024;27967488;1340407808;0;0;0;0;0;0;0;0;0;0;0;2905;0;0;126;0;202;0;
16958;5571157;1202561024;27967488;1340407808;0;0;0;0;0;0;0;0;0;0;0;3627;0;0;126;0;202;0;
16959;7283126;1202561024;27967488;1340407808;0;0;0;0;0;0;0;0;0;0;0;2575;0;0;126;0;202;0;
16960;6829546;1202561024;27967488;1340407808;0;0;0;0;0;0;0;0;0;0;0;4348;0;0;126;0;202;0;
16961;9077591;1202561024;27967488;1340407808;0;0;0;0;0;0;0;0;0;0;0;2825;0;0;126;0;202;0;
16962;7712271;1202561024;27967488;1340407808;0;0;0;0;0;0;0;0;0;0;0;3206;0;0;126;0;202;0;
16963;8884448;1202561024;27967488;1340407808;0;0;0;0;0;0;0;0;0;0;0;3657;0;0;126;0;202;0;
16964;7787852;1202561024;27967488;1340407808;0;0;0;0;0;0;0;0;0;0;0;3757;0;0;126;0;202;0;
16965;8279555;1202561024;27967488;1340407808;0;0;0;0;0;0;0;0;0;0;0;3096;0;0;126;0;202;0;
16966;6606518;1202561024;27967488;1340407808;0;0;0;0;0;0;0;0;0;0;0;4077;0;0;126;0;202;0;
16967;10254137;1202561024;27967488;1340407808;0;0;0;0;0;0;0;0;0;0;0;3928;0;0;126;0;202;0;
16968;7624586;1202561024;27967488;1340407808;0;0;0;0;0;0;0;0;0;0;0;4528;0;0;126;0;202;0;
16969;9462583;1202561024;27967488;1340407808;0;0;0;0;0;0;0;0;0;0;0;3637;0;0;126;0;202;0;
16970;8054963;1202561024;27967488;1340407808;0;0;0;0;0;0;0;0;0;0;0;4007;0;0;126;0;202;0;
16971;9534507;1202561024;27967488;1340407808;0;0;0;0;0;0;0;0;0;0;0;3457;0;0;126;0;202;0;
16972;8616055;1202561024;27967488;1340407808;0;0;0;0;0;0;0;0;0;0;0;3737;0;0;126;0;202;0;
16973;9919791;1202561024;27967488;1340407808;0;0;0;0;0;0;0;0;0;0;0;3747;0;0;126;0;202;0;
16974;5103860;1202561024;27967488;1340407808;0;0;0;0;0;0;0;0;0;0;0;3676;0;0;126;0;202;0;
16975;7027437;1202561024;27967488;1340407808;0;0;0;0;0;0;0;0;0;0;0;3287;0;0;126;0;202;0;
16976;6967484;1202561024;27967488;1340407808;0;0;0;0;0;0;0;0;0;0;0;4819;0;0;126;0;202;0;
16977;8732674;1202561024;27967488;1340407808;0;0;0;0;0;0;0;0;0;0;0;4098;0;0;126;0;202;0;
16978;6024757;1202561024;27967488;1340407808;0;0;0;0;0;0;0;0;0;0;0;3747;0;0;126;0;202;0;
16979;7673919;1202561024;27967488;1340407808;0;0;0;0;0;0;0;0;0;0;0;3717;0;0;126;0;202;0;
16980;6093305;1202561024;27967488;1340407808;0;0;0;0;0;0;0;0;0;0;0;4027;0;0;126;0;202;0;
16981;8020429;1202561024;27967488;1340407808;0;0;0;0;0;0;0;0;0;0;0;3697;0;0;126;0;202;0;
16982;7139758;1202561024;27967488;1340407808;0;0;0;0;0;0;0;0;0;0;0;4248;0;0;126;0;202;0;
16983;9870999;1202561024;27967488;1340407808;0;0;0;0;0;0;0;0;0;0;0;3777;0;0;126;0;202;0;
16984;7746615;1202561024;27967488;1340407808;0;0;0;0;0;0;0;0;0;0;0;4048;0;0;126;0;202;0;
16985;12339277;1202561024;27967488;1340407808;0;0;0;0;0;0;0;0;0;0;0;4298;0;0;126;0;202;0;
16986;14916749;1202561024;27967488;1340407808;0;0;0;0;0;0;0;0;0;0;0;4399;0;0;126;0;202;0;
16987;8055053;1202561024;27967488;1340407808;0;0;0;0;0;0;0;0;0;0;0;5069;0;0;126;0;202;0;
16988;9504692;1202561024;27967488;1340407808;0;0;0;0;0;0;0;0;0;0;0;3076;0;0;126;0;202;0;
16989;9350433;1202561024;27967488;1340407808;0;0;0;0;0;0;0;0;0;0;0;3797;0;0;126;0;202;0;
16990;7416917;1202561024;27967488;1340407808;0;0;0;0;0;0;0;0;0;0;0;4008;0;0;126;0;202;0;
16991;6014017;1202561024;27967488;1340407808;0;0;0;0;0;0;0;0;0;0;0;3897;0;0;126;0;202;0;
16992;8995136;1202561024;27967488;1340407808;0;0;0;0;0;0;0;0;0;0;0;4779;0;0;126;0;202;0;
16993;9002020;1202561024;27967488;1340407808;0;0;0;0;0;0;0;0;0;0;0;2925;0;0;126;0;202;0;
16994;8701737;1202561024;27967488;1340407808;0;0;0;0;0;0;0;0;0;0;0;4258;0;0;126;0;202;0;
16995;10309160;1202561024;27967488;1340407808;0;0;0;0;0;0;0;0;0;0;0;3897;0;0;126;0;202;0;
16996;7286623;1202561024;27967488;1340407808;0;0;0;0;0;0;0;0;0;0;0;4338;0;0;126;0;202;0;
16997;10819337;1202561024;27967488;1340407808;0;0;0;0;0;0;0;0;0;0;0;35626;0;0;126;0;202;0;
16998;6618360;1202561024;27971584;1340411904;0;0;0;0;0;0;0;0;0;0;0;3937;0;0;126;0;202;0;
16999;7832516;1204658176;27971584;1340411904;0;0;0;0;0;0;0;0;0;0;0;3416;0;0;126;0;202;0;
17000;9096256;1204658176;27971584;1340411904;0;0;0;0;0;0;0;0;0;0;0;4699;0;0;126;0;202;0;
17001;8516159;1204658176;27971584;1340411904;0;0;0;0;0;0;0;0;0;0;0;4318;0;0;126;0;202;0;
17002;6864281;1204658176;27971584;1340411904;0;0;0;0;0;0;0;0;0;0;0;3697;0;0;126;0;202;0;
17003;9532424;1204658176;27971584;1340411904;0;0;0;0;0;0;0;0;0;0;0;4588;0;0;126;0;202;0;
17004;5751885;1204658176;27971584;1340411904;0;0;0;0;0;0;0;0;0;0;0;3787;0;0;126;0;202;0;
17005;7108128;1204658176;27971584;1340411904;0;0;0;0;0;0;0;0;0;0;0;3757;0;0;126;0;202;0;
17006;7285831;1204658176;27967488;1340407808;0;0;0;0;0;0;0;0;0;0;0;3206;0;0;126;0;202;0;
17007;8712797;1204658176;27967488;1340407808;0;0;0;0;0;0;0;0;0;0;0;4017;0;0;126;0;202;0;
17008;8281208;1204658176;27967488;1340407808;0;0;0;0;0;0;0;0;0;0;0;4408;0;0;126;0;202;0;
17009;11504080;1204658176;27971584;1340411904;0;0;0;0;0;0;0;0;0;0;0;3526;0;0;126;0;202;0;
17010;5272777;1204658176;27975680;1340416000;0;0;0;0;0;0;0;0;0;0;0;3436;0;0;126;0;202;0;
17011;10173065;1204658176;27975680;1340416000;0;0;0;0;0;0;0;0;0;0;0;3737;0;0;126;0;202;0;
17012;8013195;1204658176;27975680;1340416000;0;0;0;0;0;0;0;0;0;0;0;3968;0;0;126;0;202;0;
17013;7236879;1204658176;27975680;1340416000;0;0;0;0;0;0;0;0;0;0;0;3877;0;0;126;0;202;0;
17014;8763592;1204658176;27975680;1340416000;0;0;0;0;0;0;0;0;0;0;0;3808;0;0;126;0;202;0;
17015;11187838;1204658176;27975680;1340416000;0;0;0;0;0;0;0;0;0;0;0;5269;0;0;126;0;202;0;
17016;9665704;1204658176;27967488;1340407808;0;0;0;0;0;0;0;0;0;0;0;4869;0;0;126;0;202;0;
17017;9018460;1204658176;27967488;1340407808;0;0;0;0;0;0;0;0;0;0;0;3337;0;0;126;0;202;0;
17018;9091016;1204658176;27967488;1340407808;0;0;0;0;0;0;0;0;0;0;0;3958;0;0;126;0;202;0;
17019;11084774;1204658176;27967488;1340407808;0;0;0;0;0;0;0;0;0;0;0;4558;0;0;126;0;202;0;
17020;7210029;1204658176;27967488;1340407808;0;0;0;0;0;0;0;0;0;0;0;4038;0;0;126;0;202;0;
17021;8350417;1204658176;27967488;1340407808;0;0;0;0;0;0;0;0;0;0;0;3587;0;0;126;0;202;0;
17022;7326748;1204658176;27967488;1340407808;0;0;0;0;0;0;0;0;0;0;0;3046;0;0;126;0;202;0;
17023;7998277;1204658176;27967488;1340407808;0;0;0;0;0;0;0;0;0;0;0;3968;0;0;126;0;202;0;
17024;7751214;1204658176;27967488;1340407808;0;0;0;0;0;0;0;0;0;0;0;3116;0;0;126;0;202;0;
17025;13674220;1204658176;27967488;1340407808;0;0;0;0;0;0;0;0;0;0;0;4248;0;0;126;0;202;0;
17026;9893621;1204658176;27967488;1340407808;0;0;0;0;0;0;0;0;0;0;0;4799;0;0;126;0;202;0;
17027;10482735;1204658176;27967488;1340407808;0;0;0;0;0;0;0;0;0;0;0;3306;0;0;126;0;202;0;
17028;8475522;1204658176;27967488;1340407808;0;0;0;0;0;0;0;0;0;0;0;3918;0;0;126;0;202;0;
17029;11373937;1204658176;27967488;1340407808;0;0;0;0;0;0;0;0;0;0;0;4117;0;0;126;0;202;0;
17030;6391955;1204658176;27967488;1340407808;0;0;0;0;0;0;0;0;0;0;0;3216;0;0;126;0;202;0;
17031;11405476;1204658176;27967488;1340407808;0;0;0;0;0;0;0;0;0;0;0;61575;0;0;126;0;202;0;
17032;9766723;1204658176;27971584;1340411904;0;0;0;0;0;0;0;0;0;0;0;4088;0;0;126;0;202;0;
17033;13950167;1204658176;27971584;1340411904;0;0;0;0;0;0;0;0;0;0;0;3156;0;0;126;0;202;0;
17034;5388564;1204658176;27971584;1340411904;0;0;0;0;0;0;0;0;0;0;0;3998;0;0;126;0;202;0;
17035;14807134;1204658176;27971584;1340411904;0;0;0;0;0;0;0;0;0;0;0;3527;0;0;126;0;202;0;
17036;15630288;1204658176;27971584;1340411904;0;0;0;0;0;0;0;0;0;0;0;5430;0;0;126;0;202;0;
17037;12276810;1204658176;27971584;1340411904;0;0;0;0;0;0;0;0;0;0;0;3587;0;0;126;0;202;0;
17038;11941191;1204658176;27971584;1340411904;0;0;0;0;0;0;0;0;0;0;0;4118;0;0;126;0;202;0;
17039;12599184;1204658176;27971584;1340411904;0;0;0;0;0;0;0;0;0;0;0;3406;0;0;126;0;202;0;
17040;10652614;1204658176;27967488;1340407808;0;0;0;0;0;0;0;0;0;0;0;6222;0;0;126;0;202;0;
17041;11265443;1204658176;27967488;1340407808;0;0;0;0;0;0;0;0;0;0;0;3467;0;0;126;0;202;0;
17042;4739877;1204658176;27967488;1340407808;0;0;0;0;0;0;0;0;0;0;0;3677;0;0;126;0;202;0;
17043;8375695;1204658176;27967488;1340407808;0;0;0;0;0;0;0;0;0;0;0;3827;0;0;126;0;202;0;
17044;10454172;1204658176;27967488;1340407808;0;0;0;0;0;0;0;0;0;0;0;5831;0;0;126;0;202;0;
17045;9883933;1204658176;27967488;1340407808;0;0;0;0;0;0;0;0;0;0;0;3797;0;0;126;0;202;0;
17046;9721869;1204658176;27967488;1340407808;0;0;0;0;0;0;0;0;0;0;0;4208;0;0;126;0;202;0;
17047;9203006;1204658176;27967488;1340407808;0;0;0;0;0;0;0;0;0;0;0;3887;0;0;126;0;202;0;
17048;9854327;1204658176;27967488;1340407808;0;0;0;0;0;0;0;0;0;0;0;4288;0;0;126;0;202;0;
17049;10953548;1204658176;27967488;1340407808;0;0;0;0;0;0;0;0;0;0;0;5540;0;0;126;0;202;0;
17050;11114210;1204658176;27967488;1340407808;0;0;0;0;0;0;0;0;0;0;0;8385;0;0;126;0;202;0;
17051;11974974;1204658176;27967488;1340407808;0;0;0;0;0;0;0;0;0;0;0;4238;0;0;126;0;202;0;
17052;9847535;1204658176;27967488;1340407808;0;0;0;0;0;0;0;0;0;0;0;3376;0;0;126;0;202;0;
17053;12433794;1204658176;27967488;1340407808;0;0;0;0;0;0;0;0;0;0;0;3577;0;0;126;0;202;0;
17054;9543755;1204658176;27967488;1340407808;0;0;0;0;0;0;0;0;0;0;0;3586;0;0;126;0;202;0;
17055;9396229;1204658176;27967488;1340407808;0;0;0;0;0;0;0;0;0;0;0;3606;0;0;126;0;202;0;
17056;5814503;1204658176;27967488;1340407808;0;0;0;0;0;0;0;0;0;0;0;3336;0;0;126;0;202;0;
17057;12562636;1204658176;27967488;1340407808;0;0;0;0;0;0;0;0;0;0;0;4789;0;0;126;0;202;0;
17058;10622017;1204658176;27967488;1340407808;0;0;0;0;0;0;0;0;0;0;0;3297;0;0;126;0;202;0;
17059;11744120;1204658176;27967488;1340407808;0;0;0;0;0;0;0;0;0;0;0;3666;0;0;126;0;202;0;
17060;8181240;1204658176;27967488;1340407808;0;0;0;0;0;0;0;0;0;0;0;4449;0;0;126;0;202;0;
17061;10608612;1204658176;27967488;1340407808;0;0;0;0;0;0;0;0;0;0;0;3757;0;0;126;0;202;0;
17062;8997461;1204658176;27967488;1340407808;0;0;0;0;0;0;0;0;0;0;0;4068;0;0;126;0;202;0;
17063;10635973;1204658176;27967488;1340407808;0;0;0;0;0;0;0;0;0;0;0;4258;0;0;126;0;202;0;
17064;7501887;1204658176;27967488;1340407808;0;0;0;0;0;0;0;0;0;0;0;4619;0;0;126;0;202;0;
17065;8725520;1204658176;27967488;1340407808;0;0;0;0;0;0;0;0;0;0;0;4208;0;0;126;0;202;0;
17066;6928893;1204658176;27967488;1340407808;0;0;0;0;0;0;0;0;0;0;0;4459;0;0;126;0;202;0;
17067;9327430;1204658176;27967488;1340407808;0;0;0;0;0;0;0;0;0;0;0;3987;0;0;126;0;202;0;
17068;9607545;1204658176;27967488;1340407808;0;0;0;0;0;0;0;0;0;0;0;3868;0;0;126;0;202;0;
17069;7058775;1204658176;27967488;1340407808;0;0;0;0;0;0;0;0;0;0;0;2885;0;0;126;0;202;0;
17070;7809573;1204658176;27967488;1340407808;0;0;0;0;0;0;0;0;0;0;0;3346;0;0;126;0;202;0;
17071;11426896;1204658176;27967488;1340407808;0;0;0;0;0;0;0;0;0;0;0;3957;0;0;126;0;202;0;
17072;7944687;1204658176;27967488;1340407808;0;0;0;0;0;0;0;0;0;0;0;4288;0;0;126;0;202;0;
17073;8799049;1204658176;27967488;1340407808;0;0;0;0;0;0;0;0;0;0;0;4288;0;0;126;0;202;0;
17074;7605040;1204658176;27967488;1340407808;0;0;0;0;0;0;0;0;0;0;0;3597;0;0;126;0;202;0;
17075;9642420;1204658176;27967488;1340407808;0;0;0;0;0;0;0;0;0;0;0;4619;0;0;126;0;202;0;
17076;9310808;1204658176;27967488;1340407808;0;0;0;0;0;0;0;0;0;0;0;3657;0;0;126;0;202;0;
17077;16060344;1204658176;27967488;1340407808;0;0;0;0;0;0;0;0;0;0;0;4248;0;0;126;0;202;0;
17078;5348779;1204658176;27967488;1340407808;0;0;0;0;0;0;0;0;0;0;0;3998;0;0;126;0;202;0;
17079;12494157;1204658176;27967488;1340407808;0;0;0;0;0;0;0;0;0;0;0;3867;0;0;126;0;202;0;
17080;10358423;1204658176;27967488;1340407808;0;0;0;0;0;0;0;0;0;0;0;3666;0;0;126;0;202;0;
17081;13174212;1204658176;27967488;1340407808;0;0;0;0;0;0;0;0;0;0;0;3516;0;0;126;0;202;0;
17082;10247976;1204658176;27967488;1340407808;0;0;0;0;0;0;0;0;0;0;0;3977;0;0;126;0;202;0;
17083;10224251;1204658176;27967488;1340407808;0;0;0;0;0;0;0;0;0;0;0;4489;0;0;126;0;202;0;
17084;9635858;1204658176;27967488;1340407808;0;0;0;0;0;0;0;0;0;0;0;3717;0;0;126;0;202;0;
17085;12197671;1204658176;27967488;1340407808;0;0;0;0;0;0;0;0;0;0;0;3948;0;0;126;0;202;0;
17086;8675136;1204658176;27967488;1340407808;0;0;0;0;0;0;0;0;0;0;0;3978;0;0;126;0;202;0;
17087;15168943;1204658176;27967488;1340407808;0;0;0;0;0;0;0;0;0;0;0;5320;0;0;126;0;202;0;
17088;7602905;1204658176;27967488;1340407808;0;0;0;0;0;0;0;0;0;0;0;3486;0;0;126;0;202;0;
17089;11917676;1204658176;27967488;1340407808;0;0;0;0;0;0;0;0;0;0;0;3407;0;0;126;0;202;0;
17090;15285911;1204658176;27967488;1340407808;0;0;0;0;0;0;0;0;0;0;0;3656;0;0;126;0;202;0;
17091;8729218;1204658176;27967488;1340407808;0;0;0;0;0;0;0;0;0;0;0;4268;0;0;126;0;202;0;
17092;11422588;1204658176;27967488;1340407808;0;0;0;0;0;0;0;0;0;0;0;4228;0;0;126;0;202;0;
17093;11700589;1204658176;27967488;1340407808;0;0;0;0;0;0;0;0;0;0;0;3286;0;0;126;0;202;0;
17094;6243948;1204658176;27967488;1340407808;0;0;0;0;0;0;0;0;0;0;0;3547;0;0;126;0;202;0;
17095;9550978;1204658176;27967488;1340407808;0;0;0;0;0;0;0;0;0;0;0;3507;0;0;126;0;202;0;
17096;9829711;1204658176;27967488;1340407808;0;0;0;0;0;0;0;0;0;0;0;3036;0;0;126;0;202;0;
17097;7500083;1204658176;27967488;1340407808;0;0;0;0;0;0;0;0;0;0;0;3747;0;0;126;0;202;0;
17098;5490836;1204658176;27967488;1340407808;0;0;0;0;0;0;0;0;0;0;0;3717;0;0;126;0;202;0;
17099;8949821;1204658176;27967488;1340407808;0;0;0;0;0;0;0;0;0;0;0;4568;0;0;126;0;202;0;
17100;9702503;1204658176;27967488;1340407808;0;0;0;0;0;0;0;0;0;0;0;4268;0;0;126;0;202;0;
17101;10246122;1204658176;27967488;1340407808;0;0;0;0;0;0;0;0;0;0;0;3717;0;0;126;0;202;0;
17102;9251777;1204658176;27967488;1340407808;0;0;0;0;0;0;0;0;0;0;0;3757;0;0;126;0;202;0;
17103;9556759;1204658176;27967488;1340407808;0;0;0;0;0;0;0;0;0;0;0;4569;0;0;126;0;202;0;
17104;12529925;1204658176;27967488;1340407808;0;0;0;0;0;0;0;0;0;0;0;3968;0;0;126;0;202;0;
17105;7721018;1204658176;27967488;1340407808;0;0;0;0;0;0;0;0;0;0;0;2875;0;0;126;0;202;0;
17106;8526367;1204658176;27967488;1340407808;0;0;0;0;0;0;0;0;0;0;0;4318;0;0;126;0;202;0;
17107;7827758;1204658176;27967488;1340407808;0;0;0;0;0;0;0;0;0;0;0;3667;0;0;126;0;202;0;
17108;8812504;1204658176;27967488;1340407808;0;0;0;0;0;0;0;0;0;0;0;4138;0;0;126;0;202;0;
17109;9819082;1204658176;27967488;1340407808;0;0;0;0;0;0;0;0;0;0;0;5550;0;0;126;0;202;0;
17110;4549170;1204658176;27967488;1340407808;0;0;0;0;0;0;0;0;0;0;0;4328;0;0;126;0;202;0;
17111;10093816;1204658176;27967488;1340407808;0;0;0;0;0;0;0;0;0;0;0;3898;0;0;126;0;202;0;
17112;8803136;1204658176;27967488;1340407808;0;0;0;0;0;0;0;0;0;0;0;4318;0;0;126;0;202;0;
17113;10813416;1204658176;27971584;1340411904;0;0;0;0;0;0;0;0;0;0;0;3085;0;0;126;0;202;0;
17114;6071855;1204658176;27975680;1340416000;0;0;0;0;0;0;0;0;0;0;0;3988;0;0;126;0;202;0;
17115;9804644;1204658176;27975680;1340416000;0;0;0;0;0;0;0;0;0;0;0;3356;0;0;126;0;202;0;
17116;11605772;1204658176;27975680;1340416000;0;0;0;0;0;0;0;0;0;0;0;4899;0;0;126;0;202;0;
17117;11661976;1204658176;27975680;1340416000;0;0;0;0;0;0;0;0;0;0;0;4538;0;0;126;0;202;0;
17118;9970135;1204658176;27975680;1340416000;0;0;0;0;0;0;0;0;0;0;0;3907;0;0;126;0;202;0;
17119;13415926;1204658176;27975680;1340416000;0;0;0;0;0;0;0;0;0;0;0;4569;0;0;126;0;202;0;
17120;9758337;1204658176;27967488;1340407808;0;0;0;0;0;0;0;0;0;0;0;3867;0;0;126;0;202;0;
17121;14019437;1204658176;27967488;1340407808;0;0;0;0;0;0;0;0;0;0;0;4829;0;0;126;0;202;0;
17122;6766167;1204658176;27967488;1340407808;0;0;0;0;0;0;0;0;0;0;0;4488;0;0;126;0;202;0;
17123;8168697;1204658176;27967488;1340407808;0;0;0;0;0;0;0;0;0;0;0;3306;0;0;126;0;202;0;
17124;7288256;1204658176;27967488;1340407808;0;0;0;0;0;0;0;0;0;0;0;3056;0;0;126;0;202;0;
17125;9284458;1204658176;27967488;1340407808;0;0;0;0;0;0;0;0;0;0;0;4097;0;0;126;0;202;0;
17126;8141385;1204658176;27967488;1340407808;0;0;0;0;0;0;0;0;0;0;0;3186;0;0;126;0;202;0;
17127;8096401;1204658176;27967488;1340407808;0;0;0;0;0;0;0;0;0;0;0;4348;0;0;126;0;202;0;
17128;9861210;1204658176;27967488;1340407808;0;0;0;0;0;0;0;0;0;0;0;4068;0;0;126;0;202;0;
17129;9429791;1204658176;27967488;1340407808;0;0;0;0;0;0;0;0;0;0;0;3938;0;0;126;0;202;0;
17130;10437361;1204658176;27967488;1340407808;0;0;0;0;0;0;0;0;0;0;0;3908;0;0;126;0;202;0;
17131;6591058;1204658176;27967488;1340407808;0;0;0;0;0;0;0;0;0;0;0;4649;0;0;126;0;202;0;
17132;11243282;1204658176;27967488;1340407808;0;0;0;0;0;0;0;0;0;0;0;4749;0;0;126;0;202;0;
17133;7754891;1204658176;27967488;1340407808;0;0;0;0;0;0;0;0;0;0;0;3807;0;0;126;0;202;0;
17134;11206222;1204658176;27967488;1340407808;0;0;0;0;0;0;0;0;0;0;0;4549;0;0;126;0;202;0;
17135;9087610;1204658176;27967488;1340407808;0;0;0;0;0;0;0;0;0;0;0;3366;0;0;126;0;202;0;
17136;9348910;1204658176;27967488;1340407808;0;0;0;0;0;0;0;0;0;0;0;3888;0;0;126;0;202;0;
17137;9426555;1204658176;27967488;1340407808;0;0;0;0;0;0;0;0;0;0;0;3497;0;0;126;0;202;0;
17138;8263895;1204658176;27967488;1340407808;0;0;0;0;0;0;0;0;0;0;0;6171;0;0;126;0;202;0;
17139;9783274;1204658176;27967488;1340407808;0;0;0;0;0;0;0;0;0;0;0;2985;0;0;126;0;202;0;
17140;9170716;1204658176;27967488;1340407808;0;0;0;0;0;0;0;0;0;0;0;3436;0;0;126;0;202;0;
17141;10864892;1204658176;27967488;1340407808;0;0;0;0;0;0;0;0;0;0;0;3747;0;0;126;0;202;0;
17142;8423965;1204658176;27967488;1340407808;0;0;0;0;0;0;0;0;0;0;0;4388;0;0;126;0;202;0;
17143;11837906;1204658176;27967488;1340407808;0;0;0;0;0;0;0;0;0;0;0;3978;0;0;126;0;202;0;
17144;5979271;1204658176;27967488;1340407808;0;0;0;0;0;0;0;0;0;0;0;16141;0;0;126;0;202;0;
17145;9624466;1204658176;27967488;1340407808;0;0;0;0;0;0;0;0;0;0;0;4599;0;0;126;0;202;0;
17146;8650801;1204658176;27967488;1340407808;0;0;0;0;0;0;0;0;0;0;0;4599;0;0;126;0;202;0;
17147;13652459;1204658176;27967488;1340407808;0;0;0;0;0;0;0;0;0;0;0;3727;0;0;126;0;202;0;
17148;5351334;1204658176;27967488;1340407808;0;0;0;0;0;0;0;0;0;0;0;4939;0;0;126;0;202;0;
17149;12076715;1204658176;27967488;1340407808;0;0;0;0;0;0;0;0;0;0;0;3517;0;0;126;0;202;0;
17150;9685391;1204658176;27967488;1340407808;0;0;0;0;0;0;0;0;0;0;0;4228;0;0;126;0;202;0;
17151;11768226;1204658176;27967488;1340407808;0;0;0;0;0;0;0;0;0;0;0;3627;0;0;126;0;202;0;
17152;9576356;1204658176;27967488;1340407808;0;0;0;0;0;0;0;0;0;0;0;4629;0;0;126;0;202;0;
17153;8758883;1204658176;27967488;1340407808;0;0;0;0;0;0;0;0;0;0;0;3316;0;0;126;0;202;0;
17154;7873954;1204658176;27967488;1340407808;0;0;0;0;0;0;0;0;0;0;0;3848;0;0;126;0;202;0;
17155;8219051;1204658176;27967488;1340407808;0;0;0;0;0;0;0;0;0;0;0;4779;0;0;126;0;202;0;
17156;7252238;1204658176;27967488;1340407808;0;0;0;0;0;0;0;0;0;0;0;3166;0;0;126;0;202;0;
17157;9065478;1204658176;27967488;1340407808;0;0;0;0;0;0;0;0;0;0;0;3156;0;0;126;0;202;0;
17158;10871014;1204658176;27967488;1340407808;0;0;0;0;0;0;0;0;0;0;0;3106;0;0;126;0;202;0;
17159;8252344;1204658176;27967488;1340407808;0;0;0;0;0;0;0;0;0;0;0;3406;0;0;126;0;202;0;
17160;9837255;1204658176;27967488;1340407808;0;0;0;0;0;0;0;0;0;0;0;4137;0;0;126;0;202;0;
17161;10914876;1204658176;27967488;1340407808;0;0;0;0;0;0;0;0;0;0;0;4288;0;0;126;0;202;0;
17162;6550453;1204658176;27967488;1340407808;0;0;0;0;0;0;0;0;0;0;0;4117;0;0;126;0;202;0;
17163;8384782;1204658176;27967488;1340407808;0;0;0;0;0;0;0;0;0;0;0;3727;0;0;126;0;202;0;
17164;8335029;1204658176;27967488;1340407808;0;0;0;0;0;0;0;0;0;0;0;4208;0;0;126;0;202;0;
17165;10513824;1204658176;27967488;1340407808;0;0;0;0;0;0;0;0;0;0;0;3947;0;0;126;0;202;0;
17166;6909786;1204658176;27967488;1340407808;0;0;0;0;0;0;0;0;0;0;0;3747;0;0;126;0;202;0;
17167;14117240;1204658176;27967488;1340407808;0;0;0;0;0;0;0;0;0;0;0;4429;0;0;126;0;202;0;
17168;11177167;1204658176;27967488;1340407808;0;0;0;0;0;0;0;0;0;0;0;3697;0;0;126;0;202;0;
17169;9516995;1204658176;27967488;1340407808;0;0;0;0;0;0;0;0;0;0;0;4168;0;0;126;0;202;0;
17170;10598714;1204658176;27967488;1340407808;0;0;0;0;0;0;0;0;0;0;0;3998;0;0;126;0;202;0;
17171;10651553;1204658176;27967488;1340407808;0;0;0;0;0;0;0;0;0;0;0;4558;0;0;126;0;202;0;
17172;6301366;1204658176;27967488;1340407808;0;0;0;0;0;0;0;0;0;0;0;3747;0;0;126;0;202;0;
17173;9697723;1204658176;27967488;1340407808;0;0;0;0;0;0;0;0;0;0;0;3576;0;0;126;0;202;0;
17174;5486788;1204658176;27967488;1340407808;0;0;0;0;0;0;0;0;0;0;0;5260;0;0;126;0;202;0;
17175;9418561;1204658176;27967488;1340407808;0;0;0;0;0;0;0;0;0;0;0;3587;0;0;126;0;202;0;
17176;10816521;1204658176;27967488;1340407808;0;0;0;0;0;0;0;0;0;0;0;4910;0;0;126;0;202;0;
17177;9955848;1204658176;27967488;1340407808;0;0;0;0;0;0;0;0;0;0;0;3226;0;0;126;0;202;0;
17178;8370285;1204658176;27967488;1340407808;0;0;0;0;0;0;0;0;0;0;0;4619;0;0;126;0;202;0;
17179;8986500;1204658176;27967488;1340407808;0;0;0;0;0;0;0;0;0;0;0;3426;0;0;126;0;202;0;
17180;6687940;1204658176;27967488;1340407808;0;0;0;0;0;0;0;0;0;0;0;3927;0;0;126;0;202;0;
17181;9601273;1204658176;27967488;1340407808;0;0;0;0;0;0;0;0;0;0;0;3837;0;0;126;0;202;0;
17182;9687835;1204658176;27967488;1340407808;0;0;0;0;0;0;0;0;0;0;0;5390;0;0;126;0;202;0;
17183;9540860;1204658176;27967488;1340407808;0;0;0;0;0;0;0;0;0;0;0;3537;0;0;126;0;202;0;
17184;7045401;1204658176;27967488;1340407808;0;0;0;0;0;0;0;0;0;0;0;3466;0;0;126;0;202;0;
17185;9214878;1204658176;27967488;1340407808;0;0;0;0;0;0;0;0;0;0;0;4038;0;0;126;0;202;0;
17186;6520696;1204658176;27967488;1340407808;0;0;0;0;0;0;0;0;0;0;0;3838;0;0;126;0;202;0;
17187;7340013;1204658176;27967488;1340407808;0;0;0;0;0;0;0;0;0;0;0;3998;0;0;126;0;202;0;
17188;7089814;1204658176;27967488;1340407808;0;0;0;0;0;0;0;0;0;0;0;3356;0;0;126;0;202;0;
17189;8859502;1204658176;27967488;1340407808;0;0;0;0;0;0;0;0;0;0;0;3026;0;0;126;0;202;0;
17190;5834500;1204658176;27967488;1340407808;0;0;0;0;0;0;0;0;0;0;0;5140;0;0;126;0;202;0;
17191;7690741;1204658176;27967488;1340407808;0;0;0;0;0;0;0;0;0;0;0;3096;0;0;126;0;202;0;
17192;6795952;1204658176;27967488;1340407808;0;0;0;0;0;0;0;0;0;0;0;4258;0;0;126;0;202;0;
17193;8991961;1204658176;27967488;1340407808;0;0;0;0;0;0;0;0;0;0;0;3697;0;0;126;0;202;0;
17194;8680006;1204658176;27967488;1340407808;0;0;0;0;0;0;0;0;0;0;0;3557;0;0;126;0;202;0;
17195;10085170;1204658176;27967488;1340407808;0;0;0;0;0;0;0;0;0;0;0;4779;0;0;126;0;202;0;
17196;10436790;1204658176;27967488;1340407808;0;0;0;0;0;0;0;0;0;0;0;5009;0;0;126;0;202;0;
17197;8011742;1204658176;27967488;1340407808;0;0;0;0;0;0;0;0;0;0;0;3276;0;0;126;0;202;0;
17198;16822914;1204658176;27967488;1340407808;0;0;0;0;0;0;0;0;0;0;0;3737;0;0;126;0;202;0;
17199;13904462;1204658176;27967488;1340407808;0;0;0;0;0;0;0;0;0;0;0;3787;0;0;126;0;202;0;
17200;9327359;1204658176;27967488;1340407808;0;0;0;0;0;0;0;0;0;0;0;3686;0;0;126;0;202;0;
17201;9741245;1204658176;27967488;1340407808;0;0;0;0;0;0;0;0;0;0;0;4618;0;0;126;0;202;0;
17202;8944982;1204658176;27967488;1340407808;0;0;0;0;0;0;0;0;0;0;0;3828;0;0;126;0;202;0;
17203;12910358;1204658176;27967488;1340407808;0;0;0;0;0;0;0;0;0;0;0;4198;0;0;126;0;202;0;
17204;7978420;1204658176;27967488;1340407808;0;0;0;0;0;0;0;0;0;0;0;4979;0;0;126;0;202;0;
17205;8964268;1204658176;27967488;1340407808;0;0;0;0;0;0;0;0;0;0;0;4098;0;0;126;0;202;0;
17206;7736285;1204658176;27967488;1340407808;0;0;0;0;0;0;0;0;0;0;0;3617;0;0;126;0;202;0;
17207;10569018;1204658176;27967488;1340407808;0;0;0;0;0;0;0;0;0;0;0;4108;0;0;126;0;202;0;
17208;7277837;1204658176;27967488;1340407808;0;0;0;0;0;0;0;0;0;0;0;3977;0;0;126;0;202;0;
17209;9992786;1204658176;27967488;1340407808;0;0;0;0;0;0;0;0;0;0;0;3256;0;0;126;0;202;0;
17210;5051823;1204658176;27967488;1340407808;0;0;0;0;0;0;0;0;0;0;0;4138;0;0;126;0;202;0;
17211;9822698;1204658176;27967488;1340407808;0;0;0;0;0;0;0;0;0;0;0;3316;0;0;126;0;202;0;
17212;6397155;1204658176;27967488;1340407808;0;0;0;0;0;0;0;0;0;0;0;3336;0;0;126;0;202;0;
17213;9060519;1204658176;27967488;1340407808;0;0;0;0;0;0;0;0;0;0;0;4268;0;0;126;0;202;0;
17214;5719815;1204658176;27967488;1340407808;0;0;0;0;0;0;0;0;0;0;0;3116;0;0;126;0;202;0;
17215;9210961;1204658176;27967488;1340407808;0;0;0;0;0;0;0;0;0;0;0;3216;0;0;126;0;202;0;
17216;6861225;1204658176;27967488;1340407808;0;0;0;0;0;0;0;0;0;0;0;3627;0;0;126;0;202;0;
17217;7581476;1204658176;27967488;1340407808;0;0;0;0;0;0;0;0;0;0;0;3076;0;0;126;0;202;0;
17218;8386435;1204658176;27967488;1340407808;0;0;0;0;0;0;0;0;0;0;0;3456;0;0;126;0;202;0;
17219;9384937;1204658176;27967488;1340407808;0;0;0;0;0;0;0;0;0;0;0;4779;0;0;126;0;202;0;
17220;6369103;1204658176;27967488;1340407808;0;0;0;0;0;0;0;0;0;0;0;3517;0;0;126;0;202;0;
17221;8804118;1204658176;27967488;1340407808;0;0;0;0;0;0;0;0;0;0;0;4398;0;0;126;0;202;0;
17222;6127039;1204658176;27967488;1340407808;0;0;0;0;0;0;0;0;0;0;0;3878;0;0;126;0;202;0;
17223;8447048;1204658176;27971584;1340411904;0;0;0;0;0;0;0;0;0;0;0;3706;0;0;126;0;202;0;
17224;7492518;1204658176;27975680;1340416000;0;0;0;0;0;0;0;0;0;0;0;3236;0;0;126;0;202;0;
17225;10968857;1204658176;27975680;1340416000;0;0;0;0;0;0;0;0;0;0;0;4719;0;0;126;0;202;0;
17226;7276494;1204658176;27975680;1340416000;0;0;0;0;0;0;0;0;0;0;0;2805;0;0;126;0;202;0;
17227;10361979;1204658176;27975680;1340416000;0;0;0;0;0;0;0;0;0;0;0;3607;0;0;126;0;202;0;
17228;5213816;1204658176;27975680;1340416000;0;0;0;0;0;0;0;0;0;0;0;3997;0;0;126;0;202;0;
17229;10219131;1204658176;27975680;1340416000;0;0;0;0;0;0;0;0;0;0;0;5290;0;0;126;0;202;0;
17230;5448356;1204658176;27967488;1340407808;0;0;0;0;0;0;0;0;0;0;0;3596;0;0;126;0;202;0;
17231;9347798;1204658176;27967488;1340407808;0;0;0;0;0;0;0;0;0;0;0;3386;0;0;126;0;202;0;
17232;8064000;1204658176;27967488;1340407808;0;0;0;0;0;0;0;0;0;0;0;4739;0;0;126;0;202;0;
17233;9338761;1204658176;27967488;1340407808;0;0;0;0;0;0;0;0;0;0;0;3326;0;0;126;0;202;0;
17234;5750192;1204658176;27967488;1340407808;0;0;0;0;0;0;0;0;0;0;0;3597;0;0;126;0;202;0;
17235;9805766;1204658176;27967488;1340407808;0;0;0;0;0;0;0;0;0;0;0;2986;0;0;126;0;202;0;
17236;8143840;1204658176;27967488;1340407808;0;0;0;0;0;0;0;0;0;0;0;4108;0;0;126;0;202;0;
17237;9291332;1204658176;27967488;1340407808;0;0;0;0;0;0;0;0;0;0;0;3717;0;0;126;0;202;0;
17238;6087855;1204658176;27967488;1340407808;0;0;0;0;0;0;0;0;0;0;0;3156;0;0;126;0;202;0;
17239;10736661;1204658176;27967488;1340407808;0;0;0;0;0;0;0;0;0;0;0;4318;0;0;126;0;202;0;
17240;8200106;1204658176;27967488;1340407808;0;0;0;0;0;0;0;0;0;0;0;5080;0;0;126;0;202;0;
17241;9368256;1204658176;27967488;1340407808;0;0;0;0;0;0;0;0;0;0;0;2685;0;0;126;0;202;0;
17242;8201358;1204658176;27967488;1340407808;0;0;0;0;0;0;0;0;0;0;0;4178;0;0;126;0;202;0;
17243;12939232;1204658176;27967488;1340407808;0;0;0;0;0;0;0;0;0;0;0;4098;0;0;126;0;202;0;
17244;6912401;1204658176;27967488;1340407808;0;0;0;0;0;0;0;0;0;0;0;3667;0;0;126;0;202;0;
17245;10477235;1204658176;27967488;1340407808;0;0;0;0;0;0;0;0;0;0;0;4278;0;0;126;0;202;0;
17246;8974478;1204658176;27967488;1340407808;0;0;0;0;0;0;0;0;0;0;0;4609;0;0;126;0;202;0;
17247;6736812;1204658176;27967488;1340407808;0;0;0;0;0;0;0;0;0;0;0;5009;0;0;126;0;202;0;
17248;6435808;1204658176;27967488;1340407808;0;0;0;0;0;0;0;0;0;0;0;4328;0;0;126;0;202;0;
17249;8179778;1204658176;27967488;1340407808;0;0;0;0;0;0;0;0;0;0;0;4699;0;0;126;0;202;0;
17250;4703880;1204658176;27967488;1340407808;0;0;0;0;0;0;0;0;0;0;0;3407;0;0;126;0;202;0;
17251;11207294;1204658176;27967488;1340407808;0;0;0;0;0;0;0;0;0;0;0;3246;0;0;126;0;202;0;
17252;5202565;1204658176;27967488;1340407808;0;0;0;0;0;0;0;0;0;0;0;3677;0;0;126;0;202;0;
17253;11343700;1204658176;27967488;1340407808;0;0;0;0;0;0;0;0;0;0;0;3617;0;0;126;0;202;0;
17254;7005515;1204658176;27967488;1340407808;0;0;0;0;0;0;0;0;0;0;0;4408;0;0;126;0;202;0;
17255;9807018;1204658176;27967488;1340407808;0;0;0;0;0;0;0;0;0;0;0;3066;0;0;126;0;202;0;
17256;7245796;1204658176;27967488;1340407808;0;0;0;0;0;0;0;0;0;0;0;4268;0;0;126;0;202;0;
17257;9220098;1204658176;27967488;1340407808;0;0;0;0;0;0;0;0;0;0;0;3357;0;0;126;0;202;0;
17258;6448602;1204658176;27967488;1340407808;0;0;0;0;0;0;0;0;0;0;0;4057;0;0;126;0;202;0;
17259;7264571;1204658176;27967488;1340407808;0;0;0;0;0;0;0;0;0;0;0;4879;0;0;126;0;202;0;
17260;8087825;1204658176;27967488;1340407808;0;0;0;0;0;0;0;0;0;0;0;3717;0;0;126;0;202;0;
17261;8350908;1204658176;27967488;1340407808;0;0;0;0;0;0;0;0;0;0;0;3987;0;0;126;0;202;0;
17262;7852093;1204658176;27967488;1340407808;0;0;0;0;0;0;0;0;0;0;0;3546;0;0;126;0;202;0;
17263;9831224;1204658176;27967488;1340407808;0;0;0;0;0;0;0;0;0;0;0;4318;0;0;126;0;202;0;
17264;7982277;1204658176;27967488;1340407808;0;0;0;0;0;0;0;0;0;0;0;3817;0;0;126;0;202;0;
17265;9499622;1204658176;27967488;1340407808;0;0;0;0;0;0;0;0;0;0;0;3557;0;0;126;0;202;0;
17266;11245556;1204658176;27967488;1340407808;0;0;0;0;0;0;0;0;0;0;0;4218;0;0;126;0;202;0;
17267;9695820;1204658176;27967488;1340407808;0;0;0;0;0;0;0;0;0;0;0;3998;0;0;126;0;202;0;
17268;7162300;1204658176;27967488;1340407808;0;0;0;0;0;0;0;0;0;0;0;3938;0;0;126;0;202;0;
17269;10351810;1204658176;27967488;1340407808;0;0;0;0;0;0;0;0;0;0;0;3978;0;0;126;0;202;0;
17270;9937433;1204658176;27967488;1340407808;0;0;0;0;0;0;0;0;0;0;0;3677;0;0;126;0;202;0;
17271;9766964;1204658176;27967488;1340407808;0;0;0;0;0;0;0;0;0;0;0;4228;0;0;126;0;202;0;
17272;9061270;1204658176;27967488;1340407808;0;0;0;0;0;0;0;0;0;0;0;2946;0;0;126;0;202;0;
17273;9786771;1204658176;27967488;1340407808;0;0;0;0;0;0;0;0;0;0;0;4409;0;0;126;0;202;0;
17274;7637180;1204658176;27967488;1340407808;0;0;0;0;0;0;0;0;0;0;0;3697;0;0;126;0;202;0;
17275;11703114;1204658176;27967488;1340407808;0;0;0;0;0;0;0;0;0;0;0;3526;0;0;126;0;202;0;
17276;9453786;1204658176;27967488;1340407808;0;0;0;0;0;0;0;0;0;0;0;4067;0;0;126;0;202;0;
17277;9263379;1204658176;27967488;1340407808;0;0;0;0;0;0;0;0;0;0;0;4989;0;0;126;0;202;0;
17278;9743339;1204658176;27967488;1340407808;0;0;0;0;0;0;0;0;0;0;0;3987;0;0;126;0;202;0;
17279;8917210;1204658176;27967488;1340407808;0;0;0;0;0;0;0;0;0;0;0;3908;0;0;126;0;202;0;
17280;9859427;1204658176;27967488;1340407808;0;0;0;0;0;0;0;0;0;0;0;3767;0;0;126;0;202;0;
17281;8140153;1204658176;27971584;1340411904;0;0;0;0;0;0;0;0;0;0;0;3737;0;0;126;0;202;0;
17282;8727033;1204658176;27975680;1340416000;0;0;0;0;0;0;0;0;0;0;0;4228;0;0;126;0;202;0;
17283;13242771;1204658176;27975680;1340416000;0;0;0;0;0;0;0;0;0;0;0;3757;0;0;126;0;202;0;
17284;6889929;1204658176;27975680;1340416000;0;0;0;0;0;0;0;0;0;0;0;3527;0;0;126;0;202;0;
17285;11415906;1204658176;27975680;1340416000;0;0;0;0;0;0;0;0;0;0;0;4338;0;0;126;0;202;0;
17286;10075212;1204658176;27975680;1340416000;0;0;0;0;0;0;0;0;0;0;0;3466;0;0;126;0;202;0;
17287;7502738;1204658176;27975680;1340416000;0;0;0;0;0;0;0;0;0;0;0;4469;0;0;126;0;202;0;
17288;9584502;1204658176;27967488;1340407808;0;0;0;0;0;0;0;0;0;0;0;3547;0;0;126;0;202;0;
17289;9510583;1204658176;27967488;1340407808;0;0;0;0;0;0;0;0;0;0;0;4028;0;0;126;0;202;0;
17290;6328106;1204658176;27967488;1340407808;0;0;0;0;0;0;0;0;0;0;0;4338;0;0;126;0;202;0;
17291;11531111;1204658176;27967488;1340407808;0;0;0;0;0;0;0;0;0;0;0;3617;0;0;126;0;202;0;
17292;8781345;1204658176;27967488;1340407808;0;0;0;0;0;0;0;0;0;0;0;3687;0;0;126;0;202;0;
17293;10962685;1204658176;27967488;1340407808;0;0;0;0;0;0;0;0;0;0;0;4478;0;0;126;0;202;0;
17294;6378981;1204658176;27967488;1340407808;0;0;0;0;0;0;0;0;0;0;0;3758;0;0;126;0;202;0;
17295;13076279;1204658176;27967488;1340407808;0;0;0;0;0;0;0;0;0;0;0;3938;0;0;126;0;202;0;
17296;7067542;1204658176;27967488;1340407808;0;0;0;0;0;0;0;0;0;0;0;4188;0;0;126;0;202;0;
17297;14505138;1204658176;27967488;1340407808;0;0;0;0;0;0;0;0;0;0;0;3266;0;0;126;0;202;0;
17298;12098625;1204658176;27967488;1340407808;0;0;0;0;0;0;0;0;0;0;0;4549;0;0;126;0;202;0;
17299;8739307;1204658176;27967488;1340407808;0;0;0;0;0;0;0;0;0;0;0;3637;0;0;126;0;202;0;
17300;6464180;1204658176;27967488;1340407808;0;0;0;0;0;0;0;0;0;0;0;3737;0;0;126;0;202;0;
17301;8404899;1204658176;27967488;1340407808;0;0;0;0;0;0;0;0;0;0;0;3437;0;0;126;0;202;0;
17302;7045822;1204658176;27967488;1340407808;0;0;0;0;0;0;0;0;0;0;0;3757;0;0;126;0;202;0;
17303;9237190;1204658176;27967488;1340407808;0;0;0;0;0;0;0;0;0;0;0;3867;0;0;126;0;202;0;
17304;5018370;1204658176;27967488;1340407808;0;0;0;0;0;0;0;0;0;0;0;3557;0;0;126;0;202;0;
17305;6425468;1204658176;27967488;1340407808;0;0;0;0;0;0;0;0;0;0;0;3337;0;0;126;0;202;0;
17306;7016206;1204658176;27967488;1340407808;0;0;0;0;0;0;0;0;0;0;0;3657;0;0;126;0;202;0;
17307;7378936;1204658176;27967488;1340407808;0;0;0;0;0;0;0;0;0;0;0;2645;0;0;126;0;202;0;
17308;7381551;1204658176;27967488;1340407808;0;0;0;0;0;0;0;0;0;0;0;4128;0;0;126;0;202;0;
17309;7215490;1204658176;27967488;1340407808;0;0;0;0;0;0;0;0;0;0;0;3857;0;0;126;0;202;0;
17310;5706730;1204658176;27967488;1340407808;0;0;0;0;0;0;0;0;0;0;0;4449;0;0;126;0;202;0;
17311;10708799;1204658176;27967488;1340407808;0;0;0;0;0;0;0;0;0;0;0;4578;0;0;126;0;202;0;
17312;11639745;1204658176;27967488;1340407808;0;0;0;0;0;0;0;0;0;0;0;2996;0;0;126;0;202;0;
17313;9569022;1204658176;27967488;1340407808;0;0;0;0;0;0;0;0;0;0;0;3296;0;0;126;0;202;0;
17314;5540799;1204658176;27967488;1340407808;0;0;0;0;0;0;0;0;0;0;0;3837;0;0;126;0;202;0;
17315;11074656;1204658176;27967488;1340407808;0;0;0;0;0;0;0;0;0;0;0;4679;0;0;126;0;202;0;
17316;7606212;1204658176;27967488;1340407808;0;0;0;0;0;0;0;0;0;0;0;5400;0;0;126;0;202;0;
17317;9528155;1204658176;27967488;1340407808;0;0;0;0;0;0;0;0;0;0;0;4458;0;0;126;0;202;0;
17318;8686358;1204658176;27967488;1340407808;0;0;0;0;0;0;0;0;0;0;0;4017;0;0;126;0;202;0;
17319;7767324;1204658176;27967488;1340407808;0;0;0;0;0;0;0;0;0;0;0;4258;0;0;126;0;202;0;
17320;6388950;1204658176;27967488;1340407808;0;0;0;0;0;0;0;0;0;0;0;3526;0;0;126;0;202;0;
17321;7149485;1204658176;27967488;1340407808;0;0;0;0;0;0;0;0;0;0;0;3437;0;0;126;0;202;0;
17322;6403337;1204658176;27967488;1340407808;0;0;0;0;0;0;0;0;0;0;0;6893;0;0;126;0;202;0;
17323;8717145;1204658176;27967488;1340407808;0;0;0;0;0;0;0;0;0;0;0;4218;0;0;126;0;202;0;
17324;6906380;1204658176;27967488;1340407808;0;0;0;0;0;0;0;0;0;0;0;3817;0;0;126;0;202;0;
17325;8972514;1204658176;27967488;1340407808;0;0;0;0;0;0;0;0;0;0;0;4138;0;0;126;0;202;0;
17326;6557416;1204658176;27967488;1340407808;0;0;0;0;0;0;0;0;0;0;0;9347;0;0;126;0;202;0;
17327;9824541;1204658176;27967488;1340407808;0;0;0;0;0;0;0;0;0;0;0;3777;0;0;126;0;202;0;
17328;7983259;1204658176;27967488;1340407808;0;0;0;0;0;0;0;0;0;0;0;4198;0;0;126;0;202;0;
17329;9482841;1204658176;27967488;1340407808;0;0;0;0;0;0;0;0;0;0;0;3827;0;0;126;0;202;0;
17330;9093701;1204658176;27967488;1340407808;0;0;0;0;0;0;0;0;0;0;0;3086;0;0;126;0;202;0;
17331;8635081;1204658176;27967488;1340407808;0;0;0;0;0;0;0;0;0;0;0;4509;0;0;126;0;202;0;
17332;7899613;1204658176;27967488;1340407808;0;0;0;0;0;0;0;0;0;0;0;4088;0;0;126;0;202;0;
17333;9365481;1204658176;27967488;1340407808;0;0;0;0;0;0;0;0;0;0;0;4608;0;0;126;0;202;0;
17334;9226981;1204658176;27967488;1340407808;0;0;0;0;0;0;0;0;0;0;0;5189;0;0;126;0;202;0;
17335;8521428;1204658176;27967488;1340407808;0;0;0;0;0;0;0;0;0;0;0;2775;0;0;126;0;202;0;
17336;9343410;1204658176;27967488;1340407808;0;0;0;0;0;0;0;0;0;0;0;3938;0;0;126;0;202;0;
17337;5471499;1204658176;27967488;1340407808;0;0;0;0;0;0;0;0;0;0;0;3246;0;0;126;0;202;0;
17338;8963507;1204658176;27967488;1340407808;0;0;0;0;0;0;0;0;0;0;0;3968;0;0;126;0;202;0;
17339;7937894;1204658176;27971584;1340411904;0;0;0;0;0;0;0;0;0;0;0;3196;0;0;126;0;202;0;
17340;7555127;1204658176;27975680;1340416000;0;0;0;0;0;0;0;0;0;0;0;5921;0;0;126;0;202;0;
17341;7462753;1204658176;27975680;1340416000;0;0;0;0;0;0;0;0;0;0;0;3116;0;0;126;0;202;0;
17342;8308709;1204658176;27975680;1340416000;0;0;0;0;0;0;0;0;0;0;0;3777;0;0;126;0;202;0;
17343;8335890;1204658176;27975680;1340416000;0;0;0;0;0;0;0;0;0;0;0;2905;0;0;126;0;202;0;
17344;8742884;1204658176;27975680;1340416000;0;0;0;0;0;0;0;0;0;0;0;5521;0;0;126;0;202;0;
17345;10356098;1204658176;27975680;1340416000;0;0;0;0;0;0;0;0;0;0;0;4217;0;0;126;0;202;0;
17346;7910753;1204658176;27967488;1340407808;0;0;0;0;0;0;0;0;0;0;0;3226;0;0;126;0;202;0;
17347;7672226;1204658176;27967488;1340407808;0;0;0;0;0;0;0;0;0;0;0;3236;0;0;126;0;202;0;
17348;9115321;1204658176;27967488;1340407808;0;0;0;0;0;0;0;0;0;0;0;479349;0;0;126;0;202;0;
17349;8082746;1204658176;27967488;1340407808;0;0;0;0;0;0;0;0;0;0;0;2865;0;0;126;0;202;0;
17350;7715618;1204658176;27971584;1340411904;0;0;0;0;0;0;0;0;0;0;0;3847;0;0;126;0;202;0;
17351;10736922;1204658176;27971584;1340411904;0;0;0;0;0;0;0;0;0;0;0;4208;0;0;126;0;202;0;
17352;8410019;1204658176;27971584;1340411904;0;0;0;0;0;0;0;0;0;0;0;4108;0;0;126;0;202;0;
17353;8351660;1204658176;27971584;1340411904;0;0;0;0;0;0;0;0;0;0;0;3056;0;0;126;0;202;0;
17354;5845821;1204658176;27971584;1340411904;0;0;0;0;0;0;0;0;0;0;0;3005;0;0;126;0;202;0;
17355;8290465;1204658176;27971584;1340411904;0;0;0;0;0;0;0;0;0;0;0;2905;0;0;126;0;202;0;
17356;7082981;1204658176;27971584;1340411904;0;0;0;0;0;0;0;0;0;0;0;3777;0;0;126;0;202;0;
17357;8225403;1204658176;27971584;1340411904;0;0;0;0;0;0;0;0;0;0;0;4758;0;0;126;0;202;0;
17358;8949080;1204658176;27971584;1340411904;0;0;0;0;0;0;0;0;0;0;0;3005;0;0;126;0;202;0;
17359;7878332;1204658176;27971584;1340411904;0;0;0;0;0;0;0;0;0;0;0;3317;0;0;126;0;202;0;
17360;7009383;1204658176;27971584;1340411904;0;0;0;0;0;0;0;0;0;0;0;3647;0;0;126;0;202;0;
17361;7028148;1204658176;27971584;1340411904;0;0;0;0;0;0;0;0;0;0;0;3356;0;0;126;0;202;0;
17362;7197225;1204658176;27971584;1340411904;0;0;0;0;0;0;0;0;0;0;0;4338;0;0;126;0;202;0;
17363;8138320;1204658176;27971584;1340411904;0;0;0;0;0;0;0;0;0;0;0;4097;0;0;126;0;202;0;
17364;7847394;1204658176;27971584;1340411904;0;0;0;0;0;0;0;0;0;0;0;4599;0;0;126;0;202;0;
17365;9033508;1204658176;27971584;1340411904;0;0;0;0;0;0;0;0;0;0;0;3567;0;0;126;0;202;0;
17366;9615509;1204658176;27971584;1340411904;0;0;0;0;0;0;0;0;0;0;0;3336;0;0;126;0;202;0;
17367;8614222;1204658176;27971584;1340411904;0;0;0;0;0;0;0;0;0;0;0;4298;0;0;126;0;202;0;
17368;6446818;1204658176;27971584;1340411904;0;0;0;0;0;0;0;0;0;0;0;3246;0;0;126;0;202;0;
17369;9601283;1204658176;27971584;1340411904;0;0;0;0;0;0;0;0;0;0;0;4158;0;0;126;0;202;0;
17370;7353558;1204658176;27971584;1340411904;0;0;0;0;0;0;0;0;0;0;0;3657;0;0;126;0;202;0;
17371;7712161;1204658176;27971584;1340411904;0;0;0;0;0;0;0;0;0;0;0;4509;0;0;126;0;202;0;
17372;4359434;1204658176;27971584;1340411904;0;0;0;0;0;0;0;0;0;0;0;3817;0;0;126;0;202;0;
17373;9705889;1204658176;27971584;1340411904;0;0;0;0;0;0;0;0;0;0;0;3557;0;0;126;0;202;0;
17374;6594755;1204658176;27971584;1340411904;0;0;0;0;0;0;0;0;0;0;0;3978;0;0;126;0;202;0;
17375;7746735;1204658176;27971584;1340411904;0;0;0;0;0;0;0;0;0;0;0;3897;0;0;126;0;202;0;
17376;8330430;1204658176;27971584;1340411904;0;0;0;0;0;0;0;0;0;0;0;4118;0;0;126;0;202;0;
17377;8103114;1204658176;27971584;1340411904;0;0;0;0;0;0;0;0;0;0;0;3727;0;0;126;0;202;0;
17378;6908043;1204658176;27971584;1340411904;0;0;0;0;0;0;0;0;0;0;0;4408;0;0;126;0;202;0;
17379;8664296;1204658176;27971584;1340411904;0;0;0;0;0;0;0;0;0;0;0;4087;0;0;126;0;202;0;
17380;7807610;1204658176;27971584;1340411904;0;0;0;0;0;0;0;0;0;0;0;3487;0;0;126;0;202;0;
17381;8287219;1204658176;27971584;1340411904;0;0;0;0;0;0;0;0;0;0;0;2695;0;0;126;0;202;0;
17382;5829731;1204658176;27971584;1340411904;0;0;0;0;0;0;0;0;0;0;0;4098;0;0;126;0;202;0;
17383;9102016;1204658176;27971584;1340411904;0;0;0;0;0;0;0;0;0;0;0;3607;0;0;126;0;202;0;
17384;6961533;1204658176;27971584;1340411904;0;0;0;0;0;0;0;0;0;0;0;4248;0;0;126;0;202;0;
17385;8293551;1204658176;27971584;1340411904;0;0;0;0;0;0;0;0;0;0;0;4669;0;0;126;0;202;0;
17386;7507437;1204658176;27971584;1340411904;0;0;0;0;0;0;0;0;0;0;0;4649;0;0;126;0;202;0;
17387;12297799;1204658176;27971584;1340411904;0;0;0;0;0;0;0;0;0;0;0;4508;0;0;126;0;202;0;
17388;7966398;1204658176;27971584;1340411904;0;0;0;0;0;0;0;0;0;0;0;3727;0;0;126;0;202;0;
17389;7700870;1204658176;27971584;1340411904;0;0;0;0;0;0;0;0;0;0;0;3346;0;0;126;0;202;0;
17390;7753408;1204658176;27971584;1340411904;0;0;0;0;0;0;0;0;0;0;0;4018;0;0;126;0;202;0;
17391;10183094;1204658176;27971584;1340411904;0;0;0;0;0;0;0;0;0;0;0;5580;0;0;126;0;202;0;
17392;9092269;1204658176;27971584;1340411904;0;0;0;0;0;0;0;0;0;0;0;3396;0;0;126;0;202;0;
17393;7011326;1204658176;27971584;1340411904;0;0;0;0;0;0;0;0;0;0;0;3997;0;0;126;0;202;0;
17394;9729793;1204658176;27971584;1340411904;0;0;0;0;0;0;0;0;0;0;0;4248;0;0;126;0;202;0;
17395;7510082;1204658176;27971584;1340411904;0;0;0;0;0;0;0;0;0;0;0;3166;0;0;126;0;202;0;
17396;7030352;1204658176;27971584;1340411904;0;0;0;0;0;0;0;0;0;0;0;3757;0;0;126;0;202;0;
17397;9341415;1204658176;27971584;1340411904;0;0;0;0;0;0;0;0;0;0;0;2625;0;0;126;0;202;0;
17398;8462116;1204658176;27971584;1340411904;0;0;0;0;0;0;0;0;0;0;0;3216;0;0;126;0;202;0;
17399;8137678;1204658176;27971584;1340411904;0;0;0;0;0;0;0;0;0;0;0;3266;0;0;126;0;202;0;
17400;6982152;1204658176;27971584;1340411904;0;0;0;0;0;0;0;0;0;0;0;3697;0;0;126;0;202;0;
17401;9346185;1204658176;27975680;1340416000;0;0;0;0;0;0;0;0;0;0;0;3546;0;0;126;0;202;0;
17402;6044013;1204658176;27979776;1340420096;0;0;0;0;0;0;0;0;0;0;0;4499;0;0;126;0;202;0;
17403;7415936;1204658176;27979776;1340420096;0;0;0;0;0;0;0;0;0;0;0;3827;0;0;126;0;202;0;
17404;7461872;1204658176;27979776;1340420096;0;0;0;0;0;0;0;0;0;0;0;4388;0;0;126;0;202;0;
17405;9066300;1204658176;27979776;1340420096;0;0;0;0;0;0;0;0;0;0;0;3216;0;0;126;0;202;0;
17406;7278377;1204658176;27979776;1340420096;0;0;0;0;0;0;0;0;0;0;0;4428;0;0;126;0;202;0;
17407;10342893;1204658176;27979776;1340420096;0;0;0;0;0;0;0;0;0;0;0;3828;0;0;126;0;202;0;
17408;8383059;1204662272;27971584;1340411904;0;0;0;0;0;0;0;0;0;0;0;3686;0;0;126;0;202;0;
17409;9841634;1204662272;27971584;1340411904;0;0;0;0;0;0;0;0;0;0;0;4038;0;0;126;0;202;0;
17410;7788554;1204662272;27971584;1340411904;0;0;0;0;0;0;0;0;0;0;0;4448;0;0;126;0;202;0;
17411;8659286;1204662272;27971584;1340411904;0;0;0;0;0;0;0;0;0;0;0;4077;0;0;126;0;202;0;
17412;6188975;1204662272;27971584;1340411904;0;0;0;0;0;0;0;0;0;0;0;4148;0;0;126;0;202;0;
17413;8701095;1204662272;27971584;1340411904;0;0;0;0;0;0;0;0;0;0;0;3757;0;0;126;0;202;0;
17414;7429671;1204662272;27971584;1340411904;0;0;0;0;0;0;0;0;0;0;0;4668;0;0;126;0;202;0;
17415;9872392;1204662272;27971584;1340411904;0;0;0;0;0;0;0;0;0;0;0;4188;0;0;126;0;202;0;
17416;8484158;1204662272;27971584;1340411904;0;0;0;0;0;0;0;0;0;0;0;4508;0;0;126;0;202;0;
17417;8278452;1204662272;27971584;1340411904;0;0;0;0;0;0;0;0;0;0;0;3707;0;0;126;0;202;0;
17418;8129734;1204662272;27971584;1340411904;0;0;0;0;0;0;0;0;0;0;0;4739;0;0;126;0;202;0;
17419;8662713;1204662272;27971584;1340411904;0;0;0;0;0;0;0;0;0;0;0;3967;0;0;126;0;202;0;
17420;6005761;1204662272;27971584;1340411904;0;0;0;0;0;0;0;0;0;0;0;3366;0;0;126;0;202;0;
17421;10326843;1204662272;27971584;1340411904;0;0;0;0;0;0;0;0;0;0;0;3396;0;0;126;0;202;0;
17422;6985618;1204662272;27971584;1340411904;0;0;0;0;0;0;0;0;0;0;0;3186;0;0;126;0;202;0;
17423;7674200;1204662272;27971584;1340411904;0;0;0;0;0;0;0;0;0;0;0;3306;0;0;126;0;202;0;
17424;6651292;1204662272;27971584;1340411904;0;0;0;0;0;0;0;0;0;0;0;4368;0;0;126;0;202;0;
17425;7703574;1204662272;27971584;1340411904;0;0;0;0;0;0;0;0;0;0;0;3547;0;0;126;0;202;0;
17426;8528922;1204662272;27971584;1340411904;0;0;0;0;0;0;0;0;0;0;0;4749;0;0;126;0;202;0;
17427;7690180;1204662272;27971584;1340411904;0;0;0;0;0;0;0;0;0;0;0;3908;0;0;126;0;202;0;
17428;7623655;1204662272;27971584;1340411904;0;0;0;0;0;0;0;0;0;0;0;4559;0;0;126;0;202;0;
17429;10154340;1204662272;27971584;1340411904;0;0;0;0;0;0;0;0;0;0;0;3206;0;0;126;0;202;0;
17430;7806978;1204662272;27971584;1340411904;0;0;0;0;0;0;0;0;0;0;0;5781;0;0;126;0;202;0;
17431;5387442;1204662272;27971584;1340411904;0;0;0;0;0;0;0;0;0;0;0;2845;0;0;126;0;202;0;
17432;10066425;1204662272;27971584;1340411904;0;0;0;0;0;0;0;0;0;0;0;4137;0;0;126;0;202;0;
17433;8955322;1204662272;27971584;1340411904;0;0;0;0;0;0;0;0;0;0;0;2925;0;0;126;0;202;0;
17434;13753949;1204662272;27971584;1340411904;0;0;0;0;0;0;0;0;0;0;0;3717;0;0;126;0;202;0;
17435;7724053;1204662272;27971584;1340411904;0;0;0;0;0;0;0;0;0;0;0;3256;0;0;126;0;202;0;
17436;5274550;1204662272;27971584;1340411904;0;0;0;0;0;0;0;0;0;0;0;5140;0;0;126;0;202;0;
17437;8264917;1204662272;27971584;1340411904;0;0;0;0;0;0;0;0;0;0;0;4258;0;0;126;0;202;0;
17438;5038487;1204662272;27971584;1340411904;0;0;0;0;0;0;0;0;0;0;0;4629;0;0;126;0;202;0;
17439;8044494;1204662272;27971584;1340411904;0;0;0;0;0;0;0;0;0;0;0;3416;0;0;126;0;202;0;
17440;6559830;1204662272;27971584;1340411904;0;0;0;0;0;0;0;0;0;0;0;3356;0;0;126;0;202;0;
17441;8235922;1204662272;27971584;1340411904;0;0;0;0;0;0;0;0;0;0;0;3827;0;0;126;0;202;0;
17442;6287769;1204662272;27971584;1340411904;0;0;0;0;0;0;0;0;0;0;0;4498;0;0;126;0;202;0;
17443;8421320;1204662272;27971584;1340411904;0;0;0;0;0;0;0;0;0;0;0;4448;0;0;126;0;202;0;
17444;5404553;1204662272;27971584;1340411904;0;0;0;0;0;0;0;0;0;0;0;3586;0;0;126;0;202;0;
17445;7389625;1204662272;27971584;1340411904;0;0;0;0;0;0;0;0;0;0;0;2985;0;0;126;0;202;0;
17446;6727404;1204662272;27971584;1340411904;0;0;0;0;0;0;0;0;0;0;0;4197;0;0;126;0;202;0;
17447;8177193;1204662272;27971584;1340411904;0;0;0;0;0;0;0;0;0;0;0;3717;0;0;126;0;202;0;
17448;5958723;1204662272;27971584;1340411904;0;0;0;0;0;0;0;0;0;0;0;4128;0;0;126;0;202;0;
17449;8001243;1204662272;27971584;1340411904;0;0;0;0;0;0;0;0;0;0;0;3967;0;0;126;0;202;0;
17450;5296652;1204662272;27971584;1340411904;0;0;0;0;0;0;0;0;0;0;0;4067;0;0;126;0;202;0;
17451;8323437;1204662272;27971584;1340411904;0;0;0;0;0;0;0;0;0;0;0;3667;0;0;126;0;202;0;
17452;5374227;1204662272;27971584;1340411904;0;0;0;0;0;0;0;0;0;0;0;4198;0;0;126;0;202;0;
17453;8927249;1204662272;27971584;1340411904;0;0;0;0;0;0;0;0;0;0;0;4749;0;0;126;0;202;0;
17454;8372519;1204662272;27971584;1340411904;0;0;0;0;0;0;0;0;0;0;0;3767;0;0;126;0;202;0;
17455;7610189;1204662272;27971584;1340411904;0;0;0;0;0;0;0;0;0;0;0;3967;0;0;126;0;202;0;
17456;6103214;1204662272;27971584;1340411904;0;0;0;0;0;0;0;0;0;0;0;3226;0;0;126;0;202;0;
17457;6373180;1204662272;27971584;1340411904;0;0;0;0;0;0;0;0;0;0;0;2955;0;0;126;0;202;0;
17458;6397286;1204662272;27971584;1340411904;0;0;0;0;0;0;0;0;0;0;0;4379;0;0;126;0;202;0;
17459;7770690;1204662272;27971584;1340411904;0;0;0;0;0;0;0;0;0;0;0;2835;0;0;126;0;202;0;
17460;5879104;1204662272;27971584;1340411904;0;0;0;0;0;0;0;0;0;0;0;4268;0;0;126;0;202;0;
17461;8912331;1204662272;27971584;1340411904;0;0;0;0;0;0;0;0;0;0;0;2785;0;0;126;0;202;0;
17462;6193353;1204662272;27971584;1340411904;0;0;0;0;0;0;0;0;0;0;0;3898;0;0;126;0;202;0;
17463;6681959;1204662272;27971584;1340411904;0;0;0;0;0;0;0;0;0;0;0;3517;0;0;126;0;202;0;
17464;7905072;1204662272;27971584;1340411904;0;0;0;0;0;0;0;0;0;0;0;4378;0;0;126;0;202;0;
17465;9693586;1204662272;27971584;1340411904;0;0;0;0;0;0;0;0;0;0;0;3537;0;0;126;0;202;0;
17466;6357571;1204662272;27971584;1340411904;0;0;0;0;0;0;0;0;0;0;0;3958;0;0;126;0;202;0;
17467;9122926;1204662272;27971584;1340411904;0;0;0;0;0;0;0;0;0;0;0;3927;0;0;126;0;202;0;
17468;5560727;1204662272;27971584;1340411904;0;0;0;0;0;0;0;0;0;0;0;4588;0;0;126;0;202;0;
17469;8410861;1204662272;27971584;1340411904;0;0;0;0;0;0;0;0;0;0;0;2815;0;0;126;0;202;0;
17470;7007339;1204662272;27971584;1340411904;0;0;0;0;0;0;0;0;0;0;0;4137;0;0;126;0;202;0;
17471;9795717;1204662272;27971584;1340411904;0;0;0;0;0;0;0;0;0;0;0;2875;0;0;126;0;202;0;
17472;3853666;1204662272;27971584;1340411904;0;0;0;0;0;0;0;0;0;0;0;2805;0;0;126;0;202;0;
17473;8304461;1204662272;27971584;1340411904;0;0;0;0;0;0;0;0;0;0;0;3337;0;0;126;0;202;0;
17474;4547186;1204662272;27971584;1340411904;0;0;0;0;0;0;0;0;0;0;0;3016;0;0;126;0;202;0;
17475;9568301;1204662272;27971584;1340411904;0;0;0;0;0;0;0;0;0;0;0;3937;0;0;126;0;202;0;
17476;4853862;1204662272;27971584;1340411904;0;0;0;0;0;0;0;0;0;0;0;2585;0;0;126;0;202;0;
17477;7329854;1204662272;27971584;1340411904;0;0;0;0;0;0;0;0;0;0;0;4268;0;0;126;0;202;0;
17478;6967033;1204662272;27971584;1340411904;0;0;0;0;0;0;0;0;0;0;0;3867;0;0;126;0;202;0;
17479;8425698;1204662272;27971584;1340411904;0;0;0;0;0;0;0;0;0;0;0;152526;0;0;126;0;202;0;
17480;7236118;1204662272;27975680;1340416000;0;0;0;0;0;0;0;0;0;0;0;3237;0;0;126;0;202;0;
17481;9742207;1204662272;27975680;1340416000;0;0;0;0;0;0;0;0;0;0;0;3727;0;0;126;0;202;0;
17482;7910983;1204662272;27975680;1340416000;0;0;0;0;0;0;0;0;0;0;0;3166;0;0;126;0;202;0;
17483;8233568;1204662272;27975680;1340416000;0;0;0;0;0;0;0;0;0;0;0;4398;0;0;126;0;202;0;
17484;7340644;1204662272;27975680;1340416000;0;0;0;0;0;0;0;0;0;0;0;3747;0;0;126;0;202;0;
17485;7531432;1204662272;27975680;1340416000;0;0;0;0;0;0;0;0;0;0;0;4408;0;0;126;0;202;0;
17486;7839800;1204662272;27971584;1340411904;0;0;0;0;0;0;0;0;0;0;0;3276;0;0;126;0;202;0;
17487;9023008;1204662272;27971584;1340411904;0;0;0;0;0;0;0;0;0;0;0;4348;0;0;126;0;202;0;
17488;7921584;1204658176;27967488;1340407808;0;0;0;0;0;0;0;0;0;0;0;3557;0;0;126;0;202;0;
17489;10596920;1204658176;27967488;1340407808;0;0;0;0;0;0;0;0;0;0;0;3627;0;0;126;0;202;0;
17490;5086146;1204658176;27967488;1340407808;0;0;0;0;0;0;0;0;0;0;0;3266;0;0;126;0;202;0;
17491;10690134;1204658176;27967488;1340407808;0;0;0;0;0;0;0;0;0;0;0;3396;0;0;126;0;202;0;
17492;7795006;1204658176;27967488;1340407808;0;0;0;0;0;0;0;0;0;0;0;3817;0;0;126;0;202;0;
17493;9020384;1204658176;27967488;1340407808;0;0;0;0;0;0;0;0;0;0;0;4769;0;0;126;0;202;0;
17494;9724985;1204658176;27967488;1340407808;0;0;0;0;0;0;0;0;0;0;0;4148;0;0;126;0;202;0;
17495;8947657;1204658176;27967488;1340407808;0;0;0;0;0;0;0;0;0;0;0;3426;0;0;126;0;202;0;
17496;6603733;1204658176;27967488;1340407808;0;0;0;0;0;0;0;0;0;0;0;3958;0;0;126;0;202;0;
17497;9320527;1204658176;27967488;1340407808;0;0;0;0;0;0;0;0;0;0;0;6633;0;0;126;0;202;0;
17498;9807850;1204658176;27967488;1340407808;0;0;0;0;0;0;0;0;0;0;0;4489;0;0;126;0;202;0;
17499;9659922;1204658176;27967488;1340407808;0;0;0;0;0;0;0;0;0;0;0;4018;0;0;126;0;202;0;
17500;9162800;1204658176;27967488;1340407808;0;0;0;0;0;0;0;0;0;0;0;3477;0;0;126;0;202;0;
17501;9836153;1204658176;27967488;1340407808;0;0;0;0;0;0;0;0;0;0;0;4488;0;0;126;0;202;0;
17502;7103650;1204658176;27967488;1340407808;0;0;0;0;0;0;0;0;0;0;0;3447;0;0;126;0;202;0;
17503;6682450;1204658176;27967488;1340407808;0;0;0;0;0;0;0;0;0;0;0;4238;0;0;126;0;202;0;
17504;8304812;1204658176;27967488;1340407808;0;0;0;0;0;0;0;0;0;0;0;4328;0;0;126;0;202;0;
17505;8327654;1204658176;27967488;1340407808;0;0;0;0;0;0;0;0;0;0;0;3808;0;0;126;0;202;0;
17506;10046458;1204658176;27967488;1340407808;0;0;0;0;0;0;0;0;0;0;0;4098;0;0;126;0;202;0;
17507;12859191;1204658176;27967488;1340407808;0;0;0;0;0;0;0;0;0;0;0;3897;0;0;126;0;202;0;
17508;6937268;1204658176;27967488;1340407808;0;0;0;0;0;0;0;0;0;0;0;4268;0;0;126;0;202;0;
17509;10248637;1204658176;27967488;1340407808;0;0;0;0;0;0;0;0;0;0;0;4859;0;0;126;0;202;0;
17510;7913168;1204658176;27967488;1340407808;0;0;0;0;0;0;0;0;0;0;0;3837;0;0;126;0;202;0;
17511;10175830;1204658176;27967488;1340407808;0;0;0;0;0;0;0;0;0;0;0;3987;0;0;126;0;202;0;
17512;7777423;1204658176;27967488;1340407808;0;0;0;0;0;0;0;0;0;0;0;3596;0;0;126;0;202;0;
17513;12419066;1204658176;27967488;1340407808;0;0;0;0;0;0;0;0;0;0;0;3456;0;0;126;0;202;0;
17514;9103389;1204658176;27967488;1340407808;0;0;0;0;0;0;0;0;0;0;0;3646;0;0;126;0;202;0;
17515;11315417;1204658176;27967488;1340407808;0;0;0;0;0;0;0;0;0;0;0;3727;0;0;126;0;202;0;
17516;6357361;1204658176;27967488;1340407808;0;0;0;0;0;0;0;0;0;0;0;2955;0;0;126;0;202;0;
17517;10561303;1204658176;27967488;1340407808;0;0;0;0;0;0;0;0;0;0;0;4088;0;0;126;0;202;0;
17518;7647420;1204658176;27967488;1340407808;0;0;0;0;0;0;0;0;0;0;0;4378;0;0;126;0;202;0;
17519;9250916;1204658176;27967488;1340407808;0;0;0;0;0;0;0;0;0;0;0;4508;0;0;126;0;202;0;
17520;9828980;1204658176;27967488;1340407808;0;0;0;0;0;0;0;0;0;0;0;3677;0;0;126;0;202;0;
17521;8328296;1204658176;27967488;1340407808;0;0;0;0;0;0;0;0;0;0;0;4028;0;0;126;0;202;0;
17522;8512531;1204658176;27967488;1340407808;0;0;0;0;0;0;0;0;0;0;0;4859;0;0;126;0;202;0;
17523;6870813;1204658176;27967488;1340407808;0;0;0;0;0;0;0;0;0;0;0;3146;0;0;126;0;202;0;
17524;7412830;1204658176;27967488;1340407808;0;0;0;0;0;0;0;0;0;0;0;4428;0;0;126;0;202;0;
17525;7985894;1204658176;27967488;1340407808;0;0;0;0;0;0;0;0;0;0;0;3356;0;0;126;0;202;0;
17526;9760001;1204658176;27967488;1340407808;0;0;0;0;0;0;0;0;0;0;0;3687;0;0;126;0;202;0;
17527;5656196;1204658176;27967488;1340407808;0;0;0;0;0;0;0;0;0;0;0;2705;0;0;126;0;202;0;
17528;11581867;1204658176;27967488;1340407808;0;0;0;0;0;0;0;0;0;0;0;3176;0;0;126;0;202;0;
17529;8191629;1204658176;27967488;1340407808;0;0;0;0;0;0;0;0;0;0;0;4037;0;0;126;0;202;0;
17530;6932639;1204658176;27967488;1340407808;0;0;0;0;0;0;0;0;0;0;0;3176;0;0;126;0;202;0;
17531;6348083;1204658176;27967488;1340407808;0;0;0;0;0;0;0;0;0;0;0;2525;0;0;126;0;202;0;
17532;7428598;1204658176;27967488;1340407808;0;0;0;0;0;0;0;0;0;0;0;3727;0;0;126;0;202;0;
17533;7978540;1204658176;27967488;1340407808;0;0;0;0;0;0;0;0;0;0;0;3006;0;0;126;0;202;0;
17534;6356690;1204658176;27967488;1340407808;0;0;0;0;0;0;0;0;0;0;0;4198;0;0;126;0;202;0;
17535;9760521;1204658176;27967488;1340407808;0;0;0;0;0;0;0;0;0;0;0;3747;0;0;126;0;202;0;
17536;9878693;1204658176;27967488;1340407808;0;0;0;0;0;0;0;0;0;0;0;5521;0;0;126;0;202;0;
17537;10939532;1204658176;27967488;1340407808;0;0;0;0;0;0;0;0;0;0;0;4969;0;0;126;0;202;0;
17538;7571798;1204658176;27967488;1340407808;0;0;0;0;0;0;0;0;0;0;0;5119;0;0;126;0;202;0;
17539;9288577;1204658176;27967488;1340407808;0;0;0;0;0;0;0;0;0;0;0;5390;0;0;126;0;202;0;
17540;5491817;1204658176;27967488;1340407808;0;0;0;0;0;0;0;0;0;0;0;3126;0;0;126;0;202;0;
17541;6867226;1204658176;27967488;1340407808;0;0;0;0;0;0;0;0;0;0;0;3817;0;0;126;0;202;0;
17542;8372719;1204658176;27967488;1340407808;0;0;0;0;0;0;0;0;0;0;0;3467;0;0;126;0;202;0;
17543;8599976;1204658176;27967488;1340407808;0;0;0;0;0;0;0;0;0;0;0;4007;0;0;126;0;202;0;
17544;8175259;1204658176;27967488;1340407808;0;0;0;0;0;0;0;0;0;0;0;4298;0;0;126;0;202;0;
17545;8536817;1204658176;27967488;1340407808;0;0;0;0;0;0;0;0;0;0;0;4869;0;0;126;0;202;0;
17546;7993528;1204658176;27967488;1340407808;0;0;0;0;0;0;0;0;0;0;0;4879;0;0;126;0;202;0;
17547;8959279;1204658176;27967488;1340407808;0;0;0;0;0;0;0;0;0;0;0;3546;0;0;126;0;202;0;
17548;7914710;1204658176;27967488;1340407808;0;0;0;0;0;0;0;0;0;0;0;4398;0;0;126;0;202;0;
17549;7515382;1204658176;27967488;1340407808;0;0;0;0;0;0;0;0;0;0;0;4017;0;0;126;0;202;0;
17550;6498756;1204658176;27967488;1340407808;0;0;0;0;0;0;0;0;0;0;0;3176;0;0;126;0;202;0;
17551;10876574;1204658176;27967488;1340407808;0;0;0;0;0;0;0;0;0;0;0;3446;0;0;126;0;202;0;
17552;5764088;1204658176;27967488;1340407808;0;0;0;0;0;0;0;0;0;0;0;3116;0;0;126;0;202;0;
17553;10246312;1204658176;27967488;1340407808;0;0;0;0;0;0;0;0;0;0;0;3848;0;0;126;0;202;0;
17554;5706300;1204658176;27967488;1340407808;0;0;0;0;0;0;0;0;0;0;0;3216;0;0;126;0;202;0;
17555;8987342;1204658176;27967488;1340407808;0;0;0;0;0;0;0;0;0;0;0;3085;0;0;126;0;202;0;
17556;6650550;1204658176;27967488;1340407808;0;0;0;0;0;0;0;0;0;0;0;4158;0;0;126;0;202;0;
17557;9682936;1204658176;27967488;1340407808;0;0;0;0;0;0;0;0;0;0;0;4268;0;0;126;0;202;0;
17558;6234089;1204658176;27967488;1340407808;0;0;0;0;0;0;0;0;0;0;0;3707;0;0;126;0;202;0;
17559;6898175;1204658176;27967488;1340407808;0;0;0;0;0;0;0;0;0;0;0;2044;0;0;126;0;202;0;
17560;7294147;1204658176;27967488;1340407808;0;0;0;0;0;0;0;0;0;0;0;3186;0;0;126;0;202;0;
17561;8396945;1204658176;27967488;1340407808;0;0;0;0;0;0;0;0;0;0;0;4008;0;0;126;0;202;0;
17562;5885154;1204658176;27967488;1340407808;0;0;0;0;0;0;0;0;0;0;0;3596;0;0;126;0;202;0;
17563;9857163;1204658176;27967488;1340407808;0;0;0;0;0;0;0;0;0;0;0;4248;0;0;126;0;202;0;
17564;6381826;1204658176;27967488;1340407808;0;0;0;0;0;0;0;0;0;0;0;3717;0;0;126;0;202;0;
17565;12475803;1204658176;27967488;1340407808;0;0;0;0;0;0;0;0;0;0;0;3266;0;0;126;0;202;0;
17566;6012774;1204658176;27967488;1340407808;0;0;0;0;0;0;0;0;0;0;0;4909;0;0;126;0;202;0;
17567;10158799;1204658176;27967488;1340407808;0;0;0;0;0;0;0;0;0;0;0;4058;0;0;126;0;202;0;
17568;5730825;1204658176;27967488;1340407808;0;0;0;0;0;0;0;0;0;0;0;3616;0;0;126;0;202;0;
17569;11353939;1204658176;27967488;1340407808;0;0;0;0;0;0;0;0;0;0;0;4128;0;0;126;0;202;0;
17570;5317691;1204658176;27967488;1340407808;0;0;0;0;0;0;0;0;0;0;0;3186;0;0;126;0;202;0;
17571;9993738;1204658176;27967488;1340407808;0;0;0;0;0;0;0;0;0;0;0;3336;0;0;126;0;202;0;
17572;7065078;1204658176;27967488;1340407808;0;0;0;0;0;0;0;0;0;0;0;3266;0;0;126;0;202;0;
17573;10974187;1204658176;27967488;1340407808;0;0;0;0;0;0;0;0;0;0;0;5190;0;0;126;0;202;0;
17574;8247625;1204658176;27967488;1340407808;0;0;0;0;0;0;0;0;0;0;0;3797;0;0;126;0;202;0;
17575;8444083;1204658176;27967488;1340407808;0;0;0;0;0;0;0;0;0;0;0;3456;0;0;126;0;202;0;
17576;10701415;1204658176;27967488;1340407808;0;0;0;0;0;0;0;0;0;0;0;4037;0;0;126;0;202;0;
17577;10179357;1204658176;27967488;1340407808;0;0;0;0;0;0;0;0;0;0;0;3878;0;0;126;0;202;0;
17578;6885781;1204658176;27967488;1340407808;0;0;0;0;0;0;0;0;0;0;0;3827;0;0;126;0;202;0;
17579;10018836;1204658176;27967488;1340407808;0;0;0;0;0;0;0;0;0;0;0;4208;0;0;126;0;202;0;
17580;5860018;1204658176;27967488;1340407808;0;0;0;0;0;0;0;0;0;0;0;3967;0;0;126;0;202;0;
17581;9040602;1204658176;27967488;1340407808;0;0;0;0;0;0;0;0;0;0;0;5210;0;0;126;0;202;0;
17582;5826024;1204658176;27967488;1340407808;0;0;0;0;0;0;0;0;0;0;0;3787;0;0;126;0;202;0;
17583;9303164;1204658176;27967488;1340407808;0;0;0;0;0;0;0;0;0;0;0;2725;0;0;126;0;202;0;
17584;7266745;1204658176;27967488;1340407808;0;0;0;0;0;0;0;0;0;0;0;3596;0;0;126;0;202;0;
17585;8880772;1204658176;27967488;1340407808;0;0;0;0;0;0;0;0;0;0;0;3366;0;0;126;0;202;0;
17586;7859226;1204658176;27967488;1340407808;0;0;0;0;0;0;0;0;0;0;0;3767;0;0;126;0;202;0;
17587;8386405;1204658176;27971584;1340411904;0;0;0;0;0;0;0;0;0;0;0;4218;0;0;126;0;202;0;
17588;11125171;1204658176;27975680;1340416000;0;0;0;0;0;0;0;0;0;0;0;4058;0;0;126;0;202;0;
17589;7778455;1204658176;27975680;1340416000;0;0;0;0;0;0;0;0;0;0;0;3136;0;0;126;0;202;0;
17590;9928847;1204658176;27975680;1340416000;0;0;0;0;0;0;0;0;0;0;0;3627;0;0;126;0;202;0;
17591;8793539;1204658176;27975680;1340416000;0;0;0;0;0;0;0;0;0;0;0;3297;0;0;126;0;202;0;
17592;10467838;1204658176;27975680;1340416000;0;0;0;0;0;0;0;0;0;0;0;3587;0;0;126;0;202;0;
17593;10165841;1204658176;27975680;1340416000;0;0;0;0;0;0;0;0;0;0;0;4088;0;0;126;0;202;0;
17594;7883392;1204658176;27967488;1340407808;0;0;0;0;0;0;0;0;0;0;0;3577;0;0;126;0;202;0;
17595;9391039;1204658176;27967488;1340407808;0;0;0;0;0;0;0;0;0;0;0;3596;0;0;126;0;202;0;
17596;7318142;1204658176;27967488;1340407808;0;0;0;0;0;0;0;0;0;0;0;3727;0;0;126;0;202;0;
17597;9202755;1204658176;27967488;1340407808;0;0;0;0;0;0;0;0;0;0;0;3657;0;0;126;0;202;0;
17598;6147938;1204658176;27967488;1340407808;0;0;0;0;0;0;0;0;0;0;0;3356;0;0;126;0;202;0;
17599;10382627;1204658176;27967488;1340407808;0;0;0;0;0;0;0;0;0;0;0;3837;0;0;126;0;202;0;
17600;6647544;1204658176;27967488;1340407808;0;0;0;0;0;0;0;0;0;0;0;3055;0;0;126;0;202;0;
17601;7242791;1204658176;27967488;1340407808;0;0;0;0;0;0;0;0;0;0;0;3346;0;0;126;0;202;0;
17602;8633728;1204658176;27967488;1340407808;0;0;0;0;0;0;0;0;0;0;0;3798;0;0;126;0;202;0;
17603;13533086;1204658176;27967488;1340407808;0;0;0;0;0;0;0;0;0;0;0;3978;0;0;126;0;202;0;
17604;6786646;1204658176;27967488;1340407808;0;0;0;0;0;0;0;0;0;0;0;3577;0;0;126;0;202;0;
17605;12137689;1204658176;27967488;1340407808;0;0;0;0;0;0;0;0;0;0;0;4008;0;0;126;0;202;0;
17606;5375018;1204658176;27967488;1340407808;0;0;0;0;0;0;0;0;0;0;0;3557;0;0;126;0;202;0;
17607;11566307;1204658176;27967488;1340407808;0;0;0;0;0;0;0;0;0;0;0;4048;0;0;126;0;202;0;
17608;6349175;1204658176;27967488;1340407808;0;0;0;0;0;0;0;0;0;0;0;3406;0;0;126;0;202;0;
17609;9603978;1204658176;27967488;1340407808;0;0;0;0;0;0;0;0;0;0;0;3357;0;0;126;0;202;0;
17610;9893941;1204658176;27967488;1340407808;0;0;0;0;0;0;0;0;0;0;0;4389;0;0;126;0;202;0;
17611;11886808;1204658176;27967488;1340407808;0;0;0;0;0;0;0;0;0;0;0;3326;0;0;126;0;202;0;
17612;8183976;1204658176;27967488;1340407808;0;0;0;0;0;0;0;0;0;0;0;3166;0;0;126;0;202;0;
17613;10515437;1204658176;27967488;1340407808;0;0;0;0;0;0;0;0;0;0;0;3617;0;0;126;0;202;0;
17614;9306209;1204658176;27967488;1340407808;0;0;0;0;0;0;0;0;0;0;0;3517;0;0;126;0;202;0;
17615;11278538;1204658176;27967488;1340407808;0;0;0;0;0;0;0;0;0;0;0;4578;0;0;126;0;202;0;
17616;6227487;1204658176;27967488;1340407808;0;0;0;0;0;0;0;0;0;0;0;3516;0;0;126;0;202;0;
17617;10921027;1204658176;27967488;1340407808;0;0;0;0;0;0;0;0;0;0;0;4177;0;0;126;0;202;0;
17618;6393789;1204658176;27967488;1340407808;0;0;0;0;0;0;0;0;0;0;0;3447;0;0;126;0;202;0;
17619;7223464;1204658176;27967488;1340407808;0;0;0;0;0;0;0;0;0;0;0;3787;0;0;126;0;202;0;
17620;7593247;1204658176;27967488;1340407808;0;0;0;0;0;0;0;0;0;0;0;3426;0;0;126;0;202;0;
17621;9004483;1204658176;27967488;1340407808;0;0;0;0;0;0;0;0;0;0;0;3507;0;0;126;0;202;0;
17622;10355688;1204658176;27967488;1340407808;0;0;0;0;0;0;0;0;0;0;0;3888;0;0;126;0;202;0;
17623;8172103;1204658176;27967488;1340407808;0;0;0;0;0;0;0;0;0;0;0;3707;0;0;126;0;202;0;
17624;10183955;1204658176;27967488;1340407808;0;0;0;0;0;0;0;0;0;0;0;4268;0;0;126;0;202;0;
17625;7469325;1204658176;27967488;1340407808;0;0;0;0;0;0;0;0;0;0;0;3587;0;0;126;0;202;0;
17626;8947567;1204658176;27967488;1340407808;0;0;0;0;0;0;0;0;0;0;0;3276;0;0;126;0;202;0;
17627;8341371;1204658176;27967488;1340407808;0;0;0;0;0;0;0;0;0;0;0;3226;0;0;126;0;202;0;
17628;12604614;1204658176;27967488;1340407808;0;0;0;0;0;0;0;0;0;0;0;4238;0;0;126;0;202;0;
17629;10373531;1204658176;27967488;1340407808;0;0;0;0;0;0;0;0;0;0;0;4007;0;0;126;0;202;0;
17630;7564935;1204658176;27967488;1340407808;0;0;0;0;0;0;0;0;0;0;0;4358;0;0;126;0;202;0;
17631;9807890;1204658176;27967488;1340407808;0;0;0;0;0;0;0;0;0;0;0;3376;0;0;126;0;202;0;
17632;8908423;1204658176;27967488;1340407808;0;0;0;0;0;0;0;0;0;0;0;4358;0;0;126;0;202;0;
17633;12623379;1204658176;27967488;1340407808;0;0;0;0;0;0;0;0;0;0;0;3526;0;0;126;0;202;0;
17634;6889608;1204658176;27967488;1340407808;0;0;0;0;0;0;0;0;0;0;0;3727;0;0;126;0;202;0;
17635;10369393;1204658176;27967488;1340407808;0;0;0;0;0;0;0;0;0;0;0;3567;0;0;126;0;202;0;
17636;10415980;1204658176;27967488;1340407808;0;0;0;0;0;0;0;0;0;0;0;3798;0;0;126;0;202;0;
17637;12062779;1204658176;27967488;1340407808;0;0;0;0;0;0;0;0;0;0;0;3406;0;0;126;0;202;0;
17638;7326648;1204658176;27967488;1340407808;0;0;0;0;0;0;0;0;0;0;0;3717;0;0;126;0;202;0;
17639;14059352;1204658176;27967488;1340407808;0;0;0;0;0;0;0;0;0;0;0;3927;0;0;126;0;202;0;
17640;8151054;1204658176;27967488;1340407808;0;0;0;0;0;0;0;0;0;0;0;3496;0;0;126;0;202;0;
17641;11811437;1204658176;27967488;1340407808;0;0;0;0;0;0;0;0;0;0;0;3316;0;0;126;0;202;0;
17642;10648576;1204658176;27967488;1340407808;0;0;0;0;0;0;0;0;0;0;0;3627;0;0;126;0;202;0;
17643;8882836;1204658176;27967488;1340407808;0;0;0;0;0;0;0;0;0;0;0;3957;0;0;126;0;202;0;
17644;8902613;1204658176;27967488;1340407808;0;0;0;0;0;0;0;0;0;0;0;4288;0;0;126;0;202;0;
17645;11040942;1204658176;27967488;1340407808;0;0;0;0;0;0;0;0;0;0;0;5561;0;0;126;0;202;0;
17646;7304517;1204658176;27967488;1340407808;0;0;0;0;0;0;0;0;0;0;0;4609;0;0;126;0;202;0;
17647;8095479;1204658176;27967488;1340407808;0;0;0;0;0;0;0;0;0;0;0;4088;0;0;126;0;202;0;
17648;7374067;1204658176;27967488;1340407808;0;0;0;0;0;0;0;0;0;0;0;3847;0;0;126;0;202;0;
17649;9018691;1204658176;27967488;1340407808;0;0;0;0;0;0;0;0;0;0;0;3747;0;0;126;0;202;0;
17650;7817689;1204658176;27967488;1340407808;0;0;0;0;0;0;0;0;0;0;0;3376;0;0;126;0;202;0;
17651;9602175;1204658176;27967488;1340407808;0;0;0;0;0;0;0;0;0;0;0;4319;0;0;126;0;202;0;
17652;8149821;1204658176;27967488;1340407808;0;0;0;0;0;0;0;0;0;0;0;4459;0;0;126;0;202;0;
17653;6784622;1204658176;27967488;1340407808;0;0;0;0;0;0;0;0;0;0;0;4409;0;0;126;0;202;0;
17654;5065518;1204658176;27967488;1340407808;0;0;0;0;0;0;0;0;0;0;0;4418;0;0;126;0;202;0;
17655;7477991;1204658176;27967488;1340407808;0;0;0;0;0;0;0;0;0;0;0;3477;0;0;126;0;202;0;
17656;4409298;1204658176;27967488;1340407808;0;0;0;0;0;0;0;0;0;0;0;4979;0;0;126;0;202;0;
17657;7824712;1204658176;27967488;1340407808;0;0;0;0;0;0;0;0;0;0;0;2605;0;0;126;0;202;0;
17658;4784160;1204658176;27967488;1340407808;0;0;0;0;0;0;0;0;0;0;0;4138;0;0;126;0;202;0;
17659;8863950;1204658176;27967488;1340407808;0;0;0;0;0;0;0;0;0;0;0;2995;0;0;126;0;202;0;
17660;5676553;1204658176;27967488;1340407808;0;0;0;0;0;0;0;0;0;0;0;4488;0;0;126;0;202;0;
17661;6925466;1204658176;27967488;1340407808;0;0;0;0;0;0;0;0;0;0;0;2905;0;0;126;0;202;0;
17662;5351545;1204658176;27967488;1340407808;0;0;0;0;0;0;0;0;0;0;0;4068;0;0;126;0;202;0;
17663;7689217;1204658176;27967488;1340407808;0;0;0;0;0;0;0;0;0;0;0;3076;0;0;126;0;202;0;
17664;6599705;1204658176;27967488;1340407808;0;0;0;0;0;0;0;0;0;0;0;3566;0;0;126;0;202;0;
17665;8420710;1204658176;27967488;1340407808;0;0;0;0;0;0;0;0;0;0;0;4469;0;0;126;0;202;0;
17666;4002635;1204658176;27967488;1340407808;0;0;0;0;0;0;0;0;0;0;0;2865;0;0;126;0;202;0;
17667;8690916;1204658176;27967488;1340407808;0;0;0;0;0;0;0;0;0;0;0;2013;0;0;126;0;202;0;
17668;4931878;1204658176;27967488;1340407808;0;0;0;0;0;0;0;0;0;0;0;3406;0;0;126;0;202;0;
17669;9722991;1204658176;27967488;1340407808;0;0;0;0;0;0;0;0;0;0;0;3036;0;0;126;0;202;0;
17670;4380314;1204658176;27967488;1340407808;0;0;0;0;0;0;0;0;0;0;0;4168;0;0;126;0;202;0;
17671;6276970;1204658176;27967488;1340407808;0;0;0;0;0;0;0;0;0;0;0;2365;0;0;126;0;202;0;
17672;7642610;1204658176;27967488;1340407808;0;0;0;0;0;0;0;0;0;0;0;3656;0;0;126;0;202;0;
17673;6128822;1204658176;27967488;1340407808;0;0;0;0;0;0;0;0;0;0;0;2365;0;0;126;0;202;0;
17674;5656556;1204658176;27967488;1340407808;0;0;0;0;0;0;0;0;0;0;0;4708;0;0;126;0;202;0;
17675;13292735;1204658176;27967488;1340407808;0;0;0;0;0;0;0;0;0;0;0;3226;0;0;126;0;202;0;
17676;6463840;1204658176;27967488;1340407808;0;0;0;0;0;0;0;0;0;0;0;4258;0;0;126;0;202;0;
17677;6431539;1204658176;27967488;1340407808;0;0;0;0;0;0;0;0;0;0;0;2936;0;0;126;0;202;0;
17678;5387271;1204658176;27967488;1340407808;0;0;0;0;0;0;0;0;0;0;0;4068;0;0;126;0;202;0;
17679;6821140;1204658176;27967488;1340407808;0;0;0;0;0;0;0;0;0;0;0;3156;0;0;126;0;202;0;
17680;6057518;1204658176;27967488;1340407808;0;0;0;0;0;0;0;0;0;0;0;3337;0;0;126;0;202;0;
17681;8233709;1204658176;27967488;1340407808;0;0;0;0;0;0;0;0;0;0;0;3065;0;0;126;0;202;0;
17682;5715947;1204658176;27967488;1340407808;0;0;0;0;0;0;0;0;0;0;0;3696;0;0;126;0;202;0;
17683;8738455;1204658176;27967488;1340407808;0;0;0;0;0;0;0;0;0;0;0;1914;0;0;126;0;202;0;
17684;4684183;1204658176;27967488;1340407808;0;0;0;0;0;0;0;0;0;0;0;5140;0;0;126;0;202;0;
17685;8109085;1204658176;27967488;1340407808;0;0;0;0;0;0;0;0;0;0;0;2966;0;0;126;0;202;0;
17686;5470608;1204658176;27967488;1340407808;0;0;0;0;0;0;0;0;0;0;0;4298;0;0;126;0;202;0;
17687;8938339;1204658176;27967488;1340407808;0;0;0;0;0;0;0;0;0;0;0;3066;0;0;126;0;202;0;
17688;5015784;1204658176;27967488;1340407808;0;0;0;0;0;0;0;0;0;0;0;4158;0;0;126;0;202;0;
17689;7572499;1204658176;27967488;1340407808;0;0;0;0;0;0;0;0;0;0;0;3587;0;0;126;0;202;0;
17690;4314640;1204658176;27967488;1340407808;0;0;0;0;0;0;0;0;0;0;0;3907;0;0;126;0;202;0;
17691;7208416;1204658176;27967488;1340407808;0;0;0;0;0;0;0;0;0;0;0;3026;0;0;126;0;202;0;
17692;4817874;1204658176;27967488;1340407808;0;0;0;0;0;0;0;0;0;0;0;3226;0;0;126;0;202;0;
17693;6467848;1204658176;27967488;1340407808;0;0;0;0;0;0;0;0;0;0;0;3456;0;0;126;0;202;0;
17694;7270793;1204658176;27967488;1340407808;0;0;0;0;0;0;0;0;0;0;0;4278;0;0;126;0;202;0;
17695;6310192;1204658176;27967488;1340407808;0;0;0;0;0;0;0;0;0;0;0;2074;0;0;126;0;202;0;
17696;5953092;1204658176;27967488;1340407808;0;0;0;0;0;0;0;0;0;0;0;3397;0;0;126;0;202;0;
17697;6257723;1204658176;27967488;1340407808;0;0;0;0;0;0;0;0;0;0;0;2795;0;0;126;0;202;0;
17698;5611442;1204658176;27967488;1340407808;0;0;0;0;0;0;0;0;0;0;0;4448;0;0;126;0;202;0;
17699;7395747;1204658176;27967488;1340407808;0;0;0;0;0;0;0;0;0;0;0;3326;0;0;126;0;202;0;
17700;4430888;1204658176;27967488;1340407808;0;0;0;0;0;0;0;0;0;0;0;3907;0;0;126;0;202;0;
17701;7177689;1204658176;27967488;1340407808;0;0;0;0;0;0;0;0;0;0;0;3687;0;0;126;0;202;0;
17702;3138635;1204658176;27967488;1340407808;0;0;0;0;0;0;0;0;0;0;0;4068;0;0;126;0;202;0;
17703;7738169;1204658176;27967488;1340407808;0;0;0;0;0;0;0;0;0;0;0;2494;0;0;126;0;202;0;
17704;4540042;1204658176;27967488;1340407808;0;0;0;0;0;0;0;0;0;0;0;3406;0;0;126;0;202;0;
17705;7492138;1204658176;27967488;1340407808;0;0;0;0;0;0;0;0;0;0;0;3226;0;0;126;0;202;0;
17706;3655635;1204658176;27967488;1340407808;0;0;0;0;0;0;0;0;0;0;0;3666;0;0;126;0;202;0;
17707;7246998;1204658176;27967488;1340407808;0;0;0;0;0;0;0;0;0;0;0;2746;0;0;126;0;202;0;
17708;4431709;1204658176;27967488;1340407808;0;0;0;0;0;0;0;0;0;0;0;2825;0;0;126;0;202;0;
17709;5764939;1204658176;27967488;1340407808;0;0;0;0;0;0;0;0;0;0;0;2394;0;0;126;0;202;0;
17710;5105322;1204658176;27967488;1340407808;0;0;0;0;0;0;0;0;0;0;0;3757;0;0;126;0;202;0;
17711;6223850;1204658176;27967488;1340407808;0;0;0;0;0;0;0;0;0;0;0;2755;0;0;126;0;202;0;
17712;5629746;1204658176;27967488;1340407808;0;0;0;0;0;0;0;0;0;0;0;3026;0;0;126;0;202;0;
17713;8235271;1204658176;27967488;1340407808;0;0;0;0;0;0;0;0;0;0;0;3878;0;0;126;0;202;0;
17714;6136446;1204658176;27967488;1340407808;0;0;0;0;0;0;0;0;0;0;0;4629;0;0;126;0;202;0;
17715;6540724;1204658176;27967488;1340407808;0;0;0;0;0;0;0;0;0;0;0;2505;0;0;126;0;202;0;
17716;5549656;1204658176;27967488;1340407808;0;0;0;0;0;0;0;0;0;0;0;4468;0;0;126;0;202;0;
17717;6545012;1204658176;27967488;1340407808;0;0;0;0;0;0;0;0;0;0;0;2585;0;0;126;0;202;0;
17718;5265583;1204658176;27967488;1340407808;0;0;0;0;0;0;0;0;0;0;0;3938;0;0;126;0;202;0;
17719;6888687;1204658176;27967488;1340407808;0;0;0;0;0;0;0;0;0;0;0;3015;0;0;126;0;202;0;
17720;6970480;1204658176;27967488;1340407808;0;0;0;0;0;0;0;0;0;0;0;4037;0;0;126;0;202;0;
17721;5482310;1204658176;27967488;1340407808;0;0;0;0;0;0;0;0;0;0;0;2465;0;0;126;0;202;0;
17722;7253080;1204658176;27967488;1340407808;0;0;0;0;0;0;0;0;0;0;0;3707;0;0;126;0;202;0;
17723;6733806;1204658176;27967488;1340407808;0;0;0;0;0;0;0;0;0;0;0;3046;0;0;126;0;202;0;
17724;6263474;1204658176;27967488;1340407808;0;0;0;0;0;0;0;0;0;0;0;4469;0;0;126;0;202;0;
17725;6850925;1204658176;27967488;1340407808;0;0;0;0;0;0;0;0;0;0;0;3106;0;0;126;0;202;0;
17726;5924750;1204658176;27967488;1340407808;0;0;0;0;0;0;0;0;0;0;0;4198;0;0;126;0;202;0;
17727;8135875;1204658176;27967488;1340407808;0;0;0;0;0;0;0;0;0;0;0;3036;0;0;126;0;202;0;
17728;6698620;1204658176;27967488;1340407808;0;0;0;0;0;0;0;0;0;0;0;2926;0;0;126;0;202;0;
17729;7453045;1204658176;27967488;1340407808;0;0;0;0;0;0;0;0;0;0;0;3536;0;0;126;0;202;0;
17730;5417158;1204658176;27967488;1340407808;0;0;0;0;0;0;0;0;0;0;0;3938;0;0;126;0;202;0;
17731;9455830;1204658176;27967488;1340407808;0;0;0;0;0;0;0;0;0;0;0;3557;0;0;126;0;202;0;
17732;4886943;1204658176;27967488;1340407808;0;0;0;0;0;0;0;0;0;0;0;3316;0;0;126;0;202;0;
17733;8869390;1204658176;27967488;1340407808;0;0;0;0;0;0;0;0;0;0;0;3286;0;0;126;0;202;0;
17734;5488541;1204658176;27967488;1340407808;0;0;0;0;0;0;0;0;0;0;0;4809;0;0;126;0;202;0;
17735;7696852;1204658176;27967488;1340407808;0;0;0;0;0;0;0;0;0;0;0;2374;0;0;126;0;202;0;
17736;7242871;1204658176;27967488;1340407808;0;0;0;0;0;0;0;0;0;0;0;3827;0;0;126;0;202;0;
17737;6416341;1204658176;27967488;1340407808;0;0;0;0;0;0;0;0;0;0;0;2735;0;0;126;0;202;0;
17738;7223735;1204658176;27967488;1340407808;0;0;0;0;0;0;0;0;0;0;0;3497;0;0;126;0;202;0;
17739;7481128;1204658176;27967488;1340407808;0;0;0;0;0;0;0;0;0;0;0;2905;0;0;126;0;202;0;
17740;6766287;1204658176;27967488;1340407808;0;0;0;0;0;0;0;0;0;0;0;343924;0;0;126;0;202;0;
17741;5667557;1204658176;27967488;1340407808;0;0;0;0;0;0;0;0;0;0;0;4950;0;0;126;0;202;0;
17742;8975048;1204658176;27971584;1340411904;0;0;0;0;0;0;0;0;0;0;0;3637;0;0;126;0;202;0;
17743;8029415;1204658176;27971584;1340411904;0;0;0;0;0;0;0;0;0;0;0;3085;0;0;126;0;202;0;
17744;9655564;1204658176;27971584;1340411904;0;0;0;0;0;0;0;0;0;0;0;3606;0;0;126;0;202;0;
17745;10540514;1204658176;27971584;1340411904;0;0;0;0;0;0;0;0;0;0;0;3326;0;0;126;0;202;0;
17746;9719004;1204658176;27971584;1340411904;0;0;0;0;0;0;0;0;0;0;0;3767;0;0;126;0;202;0;
17747;10531857;1204658176;27971584;1340411904;0;0;0;0;0;0;0;0;0;0;0;4579;0;0;126;0;202;0;
17748;7071790;1204658176;27971584;1340411904;0;0;0;0;0;0;0;0;0;0;0;3867;0;0;126;0;202;0;
17749;9011287;1204658176;27971584;1340411904;0;0;0;0;0;0;0;0;0;0;0;35627;0;0;126;0;202;0;
17750;8931687;1204658176;27971584;1340411904;0;0;0;0;0;0;0;0;0;0;0;3717;0;0;126;0;202;0;
17751;10085751;1204658176;27971584;1340411904;0;0;0;0;0;0;0;0;0;0;0;4127;0;0;126;0;202;0;
17752;9400737;1204658176;27971584;1340411904;0;0;0;0;0;0;0;0;0;0;0;3908;0;0;126;0;202;0;
17753;8579137;1204658176;27971584;1340411904;0;0;0;0;0;0;0;0;0;0;0;3777;0;0;126;0;202;0;
17754;9187116;1204658176;27971584;1340411904;0;0;0;0;0;0;0;0;0;0;0;4117;0;0;126;0;202;0;
17755;10560050;1204658176;27971584;1340411904;0;0;0;0;0;0;0;0;0;0;0;2856;0;0;126;0;202;0;
17756;7151920;1204658176;27971584;1340411904;0;0;0;0;0;0;0;0;0;0;0;4869;0;0;126;0;202;0;
17757;10931287;1204658176;27971584;1340411904;0;0;0;0;0;0;0;0;0;0;0;3737;0;0;126;0;202;0;
17758;5860017;1204658176;27971584;1340411904;0;0;0;0;0;0;0;0;0;0;0;4568;0;0;126;0;202;0;
17759;8270678;1204658176;27971584;1340411904;0;0;0;0;0;0;0;0;0;0;0;3937;0;0;126;0;202;0;
17760;3464967;1204658176;27971584;1340411904;0;0;0;0;0;0;0;0;0;0;0;3596;0;0;126;0;202;0;
17761;10075232;1204658176;27971584;1340411904;0;0;0;0;0;0;0;0;0;0;0;4048;0;0;126;0;202;0;
17762;4199404;1204658176;27971584;1340411904;0;0;0;0;0;0;0;0;0;0;0;3287;0;0;126;0;202;0;
17763;10837300;1204658176;27971584;1340411904;0;0;0;0;0;0;0;0;0;0;0;4048;0;0;126;0;202;0;
17764;9138605;1204658176;27971584;1340411904;0;0;0;0;0;0;0;0;0;0;0;4158;0;0;126;0;202;0;
17765;9521263;1204658176;27971584;1340411904;0;0;0;0;0;0;0;0;0;0;0;3046;0;0;126;0;202;0;
17766;8104015;1204658176;27971584;1340411904;0;0;0;0;0;0;0;0;0;0;0;4228;0;0;126;0;202;0;
17767;7955888;1204658176;27971584;1340411904;0;0;0;0;0;0;0;0;0;0;0;2705;0;0;126;0;202;0;
17768;6374212;1204658176;27971584;1340411904;0;0;0;0;0;0;0;0;0;0;0;3437;0;0;126;0;202;0;
17769;10240902;1204658176;27971584;1340411904;0;0;0;0;0;0;0;0;0;0;0;3767;0;0;126;0;202;0;
17770;4713628;1204658176;27971584;1340411904;0;0;0;0;0;0;0;0;0;0;0;3947;0;0;126;0;202;0;
17771;9875597;1204658176;27971584;1340411904;0;0;0;0;0;0;0;0;0;0;0;3987;0;0;126;0;202;0;
17772;7254452;1204658176;27971584;1340411904;0;0;0;0;0;0;0;0;0;0;0;3146;0;0;126;0;202;0;
17773;10381756;1204658176;27971584;1340411904;0;0;0;0;0;0;0;0;0;0;0;3667;0;0;126;0;202;0;
17774;14887896;1204658176;27971584;1340411904;0;0;0;0;0;0;0;0;0;0;0;4048;0;0;126;0;202;0;
17775;8902613;1204658176;27971584;1340411904;0;0;0;0;0;0;0;0;0;0;0;4488;0;0;126;0;202;0;
17776;7663189;1204658176;27971584;1340411904;0;0;0;0;0;0;0;0;0;0;0;3777;0;0;126;0;202;0;
17777;9100614;1204658176;27971584;1340411904;0;0;0;0;0;0;0;0;0;0;0;3397;0;0;126;0;202;0;
17778;8567585;1204658176;27971584;1340411904;0;0;0;0;0;0;0;0;0;0;0;3797;0;0;126;0;202;0;
17779;10574107;1204658176;27975680;1340416000;0;0;0;0;0;0;0;0;0;0;0;3998;0;0;126;0;202;0;
17780;10644048;1204658176;27979776;1340420096;0;0;0;0;0;0;0;0;0;0;0;3917;0;0;126;0;202;0;
17781;15493130;1204658176;27979776;1340420096;0;0;0;0;0;0;0;0;0;0;0;4318;0;0;126;0;202;0;
17782;5621961;1204658176;27979776;1340420096;0;0;0;0;0;0;0;0;0;0;0;3176;0;0;126;0;202;0;
17783;12920035;1204658176;27979776;1340420096;0;0;0;0;0;0;0;0;0;0;0;3978;0;0;126;0;202;0;
17784;9156519;1204658176;27979776;1340420096;0;0;0;0;0;0;0;0;0;0;0;4418;0;0;126;0;202;0;
17785;11320767;1204658176;27979776;1340420096;0;0;0;0;0;0;0;0;0;0;0;4127;0;0;126;0;202;0;
17786;7722009;1204662272;27971584;1340411904;0;0;0;0;0;0;0;0;0;0;0;4588;0;0;126;0;202;0;
17787;10562696;1204662272;27971584;1340411904;0;0;0;0;0;0;0;0;0;0;0;3807;0;0;126;0;202;0;
17788;8810060;1204662272;27971584;1340411904;0;0;0;0;0;0;0;0;0;0;0;4078;0;0;126;0;202;0;
17789;10797617;1204662272;27971584;1340411904;0;0;0;0;0;0;0;0;0;0;0;4158;0;0;126;0;202;0;
17790;7477110;1204662272;27971584;1340411904;0;0;0;0;0;0;0;0;0;0;0;3476;0;0;126;0;202;0;
17791;9214147;1204662272;27971584;1340411904;0;0;0;0;0;0;0;0;0;0;0;3717;0;0;126;0;202;0;
17792;5129398;1204662272;27971584;1340411904;0;0;0;0;0;0;0;0;0;0;0;3616;0;0;126;0;202;0;
17793;12936116;1204662272;27971584;1340411904;0;0;0;0;0;0;0;0;0;0;0;3507;0;0;126;0;202;0;
17794;6558418;1204662272;27971584;1340411904;0;0;0;0;0;0;0;0;0;0;0;3397;0;0;126;0;202;0;
17795;10285946;1204662272;27971584;1340411904;0;0;0;0;0;0;0;0;0;0;0;3506;0;0;126;0;202;0;
17796;6085811;1204662272;27971584;1340411904;0;0;0;0;0;0;0;0;0;0;0;3577;0;0;126;0;202;0;
17797;9007510;1204662272;27971584;1340411904;0;0;0;0;0;0;0;0;0;0;0;4719;0;0;126;0;202;0;
17798;6477195;1204662272;27971584;1340411904;0;0;0;0;0;0;0;0;0;0;0;3617;0;0;126;0;202;0;
17799;10555902;1204662272;27971584;1340411904;0;0;0;0;0;0;0;0;0;0;0;3587;0;0;126;0;202;0;
17800;8079329;1204662272;27971584;1340411904;0;0;0;0;0;0;0;0;0;0;0;4108;0;0;126;0;202;0;
17801;9319444;1204662272;27971584;1340411904;0;0;0;0;0;0;0;0;0;0;0;5681;0;0;126;0;202;0;
17802;4400001;1204662272;27971584;1340411904;0;0;0;0;0;0;0;0;0;0;0;5050;0;0;126;0;202;0;
17803;9845982;1204662272;27971584;1340411904;0;0;0;0;0;0;0;0;0;0;0;3727;0;0;126;0;202;0;
17804;4477866;1204662272;27971584;1340411904;0;0;0;0;0;0;0;0;0;0;0;3326;0;0;126;0;202;0;
17805;12035216;1204662272;27971584;1340411904;0;0;0;0;0;0;0;0;0;0;0;3135;0;0;126;0;202;0;
17806;8064241;1204662272;27971584;1340411904;0;0;0;0;0;0;0;0;0;0;0;5540;0;0;126;0;202;0;
17807;7231840;1204662272;27971584;1340411904;0;0;0;0;0;0;0;0;0;0;0;3556;0;0;126;0;202;0;
17808;9160927;1204662272;27971584;1340411904;0;0;0;0;0;0;0;0;0;0;0;3918;0;0;126;0;202;0;
17809;6831599;1204662272;27971584;1340411904;0;0;0;0;0;0;0;0;0;0;0;3236;0;0;126;0;202;0;
17810;6737263;1204662272;27971584;1340411904;0;0;0;0;0;0;0;0;0;0;0;4299;0;0;126;0;202;0;
17811;6079169;1204662272;27971584;1340411904;0;0;0;0;0;0;0;0;0;0;0;3376;0;0;126;0;202;0;
17812;7276493;1204662272;27971584;1340411904;0;0;0;0;0;0;0;0;0;0;0;3396;0;0;126;0;202;0;
17813;8330129;1204662272;27971584;1340411904;0;0;0;0;0;0;0;0;0;0;0;4098;0;0;126;0;202;0;
17814;6730059;1204662272;27971584;1340411904;0;0;0;0;0;0;0;0;0;0;0;4348;0;0;126;0;202;0;
17815;8264626;1204662272;27971584;1340411904;0;0;0;0;0;0;0;0;0;0;0;3947;0;0;126;0;202;0;
17816;6409038;1204662272;27971584;1340411904;0;0;0;0;0;0;0;0;0;0;0;40175;0;0;126;0;202;0;
17817;7685941;1204662272;27971584;1340411904;0;0;0;0;0;0;0;0;0;0;0;4499;0;0;126;0;202;0;
17818;6428955;1204662272;27971584;1340411904;0;0;0;0;0;0;0;0;0;0;0;4538;0;0;126;0;202;0;
17819;7256837;1204662272;27971584;1340411904;0;0;0;0;0;0;0;0;0;0;0;3156;0;0;126;0;202;0;
17820;4962645;1204662272;27971584;1340411904;0;0;0;0;0;0;0;0;0;0;0;4769;0;0;126;0;202;0;
17821;7614457;1204662272;27971584;1340411904;0;0;0;0;0;0;0;0;0;0;0;4429;0;0;126;0;202;0;
17822;6637095;1204662272;27971584;1340411904;0;0;0;0;0;0;0;0;0;0;0;4820;0;0;126;0;202;0;
17823;7182137;1204662272;27971584;1340411904;0;0;0;0;0;0;0;0;0;0;0;4208;0;0;126;0;202;0;
17824;7145759;1204662272;27971584;1340411904;0;0;0;0;0;0;0;0;0;0;0;3877;0;0;126;0;202;0;
17825;8577343;1204662272;27971584;1340411904;0;0;0;0;0;0;0;0;0;0;0;3607;0;0;126;0;202;0;
17826;6079229;1204662272;27971584;1340411904;0;0;0;0;0;0;0;0;0;0;0;3987;0;0;126;0;202;0;
17827;7039520;1204662272;27971584;1340411904;0;0;0;0;0;0;0;0;0;0;0;3506;0;0;126;0;202;0;
17828;6357460;1204662272;27971584;1340411904;0;0;0;0;0;0;0;0;0;0;0;3858;0;0;126;0;202;0;
17829;8709110;1204662272;27971584;1340411904;0;0;0;0;0;0;0;0;0;0;0;3176;0;0;126;0;202;0;
17830;5835051;1204662272;27971584;1340411904;0;0;0;0;0;0;0;0;0;0;0;3827;0;0;126;0;202;0;
17831;7675622;1204662272;27971584;1340411904;0;0;0;0;0;0;0;0;0;0;0;2665;0;0;126;0;202;0;
17832;6287820;1204662272;27971584;1340411904;0;0;0;0;0;0;0;0;0;0;0;3426;0;0;126;0;202;0;
17833;7427136;1204662272;27971584;1340411904;0;0;0;0;0;0;0;0;0;0;0;3977;0;0;126;0;202;0;
17834;4875111;1204662272;27971584;1340411904;0;0;0;0;0;0;0;0;0;0;0;3186;0;0;126;0;202;0;
17835;7933045;1204662272;27971584;1340411904;0;0;0;0;0;0;0;0;0;0;0;4278;0;0;126;0;202;0;
17836;5152320;1204662272;27971584;1340411904;0;0;0;0;0;0;0;0;0;0;0;3727;0;0;126;0;202;0;
17837;7461721;1204662272;27971584;1340411904;0;0;0;0;0;0;0;0;0;0;0;4378;0;0;126;0;202;0;
17838;3605791;1204662272;27971584;1340411904;0;0;0;0;0;0;0;0;0;0;0;4007;0;0;126;0;202;0;
17839;6042029;1204662272;27971584;1340411904;0;0;0;0;0;0;0;0;0;0;0;3256;0;0;126;0;202;0;
17840;3815163;1204662272;27971584;1340411904;0;0;0;0;0;0;0;0;0;0;0;3056;0;0;126;0;202;0;
17841;5439339;1204662272;27971584;1340411904;0;0;0;0;0;0;0;0;0;0;0;3176;0;0;126;0;202;0;
17842;6446427;1204662272;27971584;1340411904;0;0;0;0;0;0;0;0;0;0;0;3337;0;0;126;0;202;0;
17843;6863800;1204662272;27971584;1340411904;0;0;0;0;0;0;0;0;0;0;0;1873;0;0;126;0;202;0;
17844;5677806;1204662272;27971584;1340411904;0;0;0;0;0;0;0;0;0;0;0;3587;0;0;126;0;202;0;
17845;7652478;1204662272;27971584;1340411904;0;0;0;0;0;0;0;0;0;0;0;2725;0;0;126;0;202;0;
17846;4896060;1204662272;27971584;1340411904;0;0;0;0;0;0;0;0;0;0;0;4308;0;0;126;0;202;0;
17847;8356018;1204662272;27971584;1340411904;0;0;0;0;0;0;0;0;0;0;0;3938;0;0;126;0;202;0;
17848;6488607;1204662272;27971584;1340411904;0;0;0;0;0;0;0;0;0;0;0;3045;0;0;126;0;202;0;
17849;8217758;1204662272;27971584;1340411904;0;0;0;0;0;0;0;0;0;0;0;3616;0;0;126;0;202;0;
17850;5101526;1204662272;27971584;1340411904;0;0;0;0;0;0;0;0;0;0;0;3517;0;0;126;0;202;0;
17851;6924624;1204662272;27971584;1340411904;0;0;0;0;0;0;0;0;0;0;0;4338;0;0;126;0;202;0;
17852;6057879;1204662272;27971584;1340411904;0;0;0;0;0;0;0;0;0;0;0;3867;0;0;126;0;202;0;
17853;7028028;1204662272;27971584;1340411904;0;0;0;0;0;0;0;0;0;0;0;3787;0;0;126;0;202;0;
17854;8285706;1204662272;27971584;1340411904;0;0;0;0;0;0;0;0;0;0;0;3366;0;0;126;0;202;0;
17855;6871034;1204662272;27971584;1340411904;0;0;0;0;0;0;0;0;0;0;0;4779;0;0;126;0;202;0;
17856;6034946;1204662272;27971584;1340411904;0;0;0;0;0;0;0;0;0;0;0;3106;0;0;126;0;202;0;
17857;6860334;1204662272;27971584;1340411904;0;0;0;0;0;0;0;0;0;0;0;1723;0;0;126;0;202;0;
17858;5148805;1204662272;27971584;1340411904;0;0;0;0;0;0;0;0;0;0;0;3436;0;0;126;0;202;0;
17859;6348393;1204662272;27971584;1340411904;0;0;0;0;0;0;0;0;0;0;0;2395;0;0;126;0;202;0;
17860;4900689;1204662272;27971584;1340411904;0;0;0;0;0;0;0;0;0;0;0;2996;0;0;126;0;202;0;
17861;6343765;1204662272;27971584;1340411904;0;0;0;0;0;0;0;0;0;0;0;3316;0;0;126;0;202;0;
17862;6126648;1204662272;27971584;1340411904;0;0;0;0;0;0;0;0;0;0;0;3366;0;0;126;0;202;0;
17863;5547832;1204662272;27971584;1340411904;0;0;0;0;0;0;0;0;0;0;0;2926;0;0;126;0;202;0;
17864;7140759;1204662272;27971584;1340411904;0;0;0;0;0;0;0;0;0;0;0;4839;0;0;126;0;202;0;
17865;8965330;1204662272;27971584;1340411904;0;0;0;0;0;0;0;0;0;0;0;3937;0;0;126;0;202;0;
17866;6700303;1204662272;27971584;1340411904;0;0;0;0;0;0;0;0;0;0;0;4208;0;0;126;0;202;0;
17867;8294653;1204662272;27971584;1340411904;0;0;0;0;0;0;0;0;0;0;0;3637;0;0;126;0;202;0;
17868;3818300;1204662272;27971584;1340411904;0;0;0;0;0;0;0;0;0;0;0;3316;0;0;126;0;202;0;
17869;6595497;1204662272;27971584;1340411904;0;0;0;0;0;0;0;0;0;0;0;2685;0;0;126;0;202;0;
17870;4214131;1204662272;27971584;1340411904;0;0;0;0;0;0;0;0;0;0;0;3697;0;0;126;0;202;0;
17871;7618124;1204662272;27971584;1340411904;0;0;0;0;0;0;0;0;0;0;0;2385;0;0;126;0;202;0;
17872;7236339;1204662272;27971584;1340411904;0;0;0;0;0;0;0;0;0;0;0;3397;0;0;126;0;202;0;
17873;8336041;1204662272;27971584;1340411904;0;0;0;0;0;0;0;0;0;0;0;3176;0;0;126;0;202;0;
17874;6676148;1204662272;27971584;1340411904;0;0;0;0;0;0;0;0;0;0;0;4208;0;0;126;0;202;0;
17875;7666024;1204662272;27971584;1340411904;0;0;0;0;0;0;0;0;0;0;0;4258;0;0;126;0;202;0;
17876;6020509;1204662272;27971584;1340411904;0;0;0;0;0;0;0;0;0;0;0;4699;0;0;126;0;202;0;
17877;7331407;1204662272;27971584;1340411904;0;0;0;0;0;0;0;0;0;0;0;3496;0;0;126;0;202;0;
17878;4997460;1204662272;27971584;1340411904;0;0;0;0;0;0;0;0;0;0;0;3757;0;0;126;0;202;0;
17879;8984116;1204662272;27971584;1340411904;0;0;0;0;0;0;0;0;0;0;0;2755;0;0;126;0;202;0;
17880;8257833;1204662272;27971584;1340411904;0;0;0;0;0;0;0;0;0;0;0;3927;0;0;126;0;202;0;
17881;8013206;1204662272;27971584;1340411904;0;0;0;0;0;0;0;0;0;0;0;3677;0;0;126;0;202;0;
17882;5421976;1204662272;27971584;1340411904;0;0;0;0;0;0;0;0;0;0;0;3917;0;0;126;0;202;0;
17883;6946034;1204662272;27971584;1340411904;0;0;0;0;0;0;0;0;0;0;0;2706;0;0;126;0;202;0;
17884;5782312;1204662272;27971584;1340411904;0;0;0;0;0;0;0;0;0;0;0;4438;0;0;126;0;202;0;
17885;8135614;1204662272;27971584;1340411904;0;0;0;0;0;0;0;0;0;0;0;3557;0;0;126;0;202;0;
17886;8146014;1204662272;27971584;1340411904;0;0;0;0;0;0;0;0;0;0;0;4007;0;0;126;0;202;0;
17887;5841553;1204662272;27971584;1340411904;0;0;0;0;0;0;0;0;0;0;0;2445;0;0;126;0;202;0;
17888;6352031;1204662272;27971584;1340411904;0;0;0;0;0;0;0;0;0;0;0;4359;0;0;126;0;202;0;
17889;6303620;1204662272;27971584;1340411904;0;0;0;0;0;0;0;0;0;0;0;1904;0;0;126;0;202;0;
17890;7060859;1204662272;27971584;1340411904;0;0;0;0;0;0;0;0;0;0;0;38012;0;0;126;0;202;0;
17891;6587582;1204662272;27971584;1340411904;0;0;0;0;0;0;0;0;0;0;0;2765;0;0;126;0;202;0;
17892;8439234;1204662272;27971584;1340411904;0;0;0;0;0;0;0;0;0;0;0;3797;0;0;126;0;202;0;
17893;7827176;1204662272;27971584;1340411904;0;0;0;0;0;0;0;0;0;0;0;5661;0;0;126;0;202;0;
17894;6631925;1204662272;27971584;1340411904;0;0;0;0;0;0;0;0;0;0;0;3236;0;0;126;0;202;0;
17895;7400837;1204662272;27971584;1340411904;0;0;0;0;0;0;0;0;0;0;0;4939;0;0;126;0;202;0;
17896;4950593;1204662272;27971584;1340411904;0;0;0;0;0;0;0;0;0;0;0;3858;0;0;126;0;202;0;
17897;9116444;1204662272;27971584;1340411904;0;0;0;0;0;0;0;0;0;0;0;3416;0;0;126;0;202;0;
17898;7566417;1204662272;27971584;1340411904;0;0;0;0;0;0;0;0;0;0;0;4348;0;0;126;0;202;0;
17899;7590512;1204662272;27971584;1340411904;0;0;0;0;0;0;0;0;0;0;0;5280;0;0;126;0;202;0;
17900;7837596;1204662272;27971584;1340411904;0;0;0;0;0;0;0;0;0;0;0;3266;0;0;126;0;202;0;
17901;7563612;1204662272;27971584;1340411904;0;0;0;0;0;0;0;0;0;0;0;3075;0;0;126;0;202;0;
17902;6628308;1204662272;27971584;1340411904;0;0;0;0;0;0;0;0;0;0;0;3066;0;0;126;0;202;0;
17903;6149671;1204662272;27971584;1340411904;0;0;0;0;0;0;0;0;0;0;0;2174;0;0;126;0;202;0;
17904;6255038;1204662272;27971584;1340411904;0;0;0;0;0;0;0;0;0;0;0;4699;0;0;126;0;202;0;
17905;6889187;1204662272;27971584;1340411904;0;0;0;0;0;0;0;0;0;0;0;2424;0;0;126;0;202;0;
17906;9265803;1204662272;27971584;1340411904;0;0;0;0;0;0;0;0;0;0;0;4057;0;0;126;0;202;0;
17907;7590472;1204662272;27971584;1340411904;0;0;0;0;0;0;0;0;0;0;0;3657;0;0;126;0;202;0;
17908;6218049;1204662272;27971584;1340411904;0;0;0;0;0;0;0;0;0;0;0;4138;0;0;126;0;202;0;
17909;9260344;1204662272;27971584;1340411904;0;0;0;0;0;0;0;0;0;0;0;4418;0;0;126;0;202;0;
17910;4283753;1204662272;27971584;1340411904;0;0;0;0;0;0;0;0;0;0;0;4268;0;0;126;0;202;0;
17911;7970896;1204662272;27971584;1340411904;0;0;0;0;0;0;0;0;0;0;0;3126;0;0;126;0;202;0;
17912;5996474;1204662272;27971584;1340411904;0;0;0;0;0;0;0;0;0;0;0;3717;0;0;126;0;202;0;
17913;8919625;1204662272;27971584;1340411904;0;0;0;0;0;0;0;0;0;0;0;4799;0;0;126;0;202;0;
17914;5481708;1204662272;27971584;1340411904;0;0;0;0;0;0;0;0;0;0;0;4248;0;0;126;0;202;0;
17915;9943384;1204662272;27971584;1340411904;0;0;0;0;0;0;0;0;0;0;0;3998;0;0;126;0;202;0;
17916;5926993;1204662272;27971584;1340411904;0;0;0;0;0;0;0;0;0;0;0;4328;0;0;126;0;202;0;
17917;8654818;1204662272;27975680;1340416000;0;0;0;0;0;0;0;0;0;0;0;4037;0;0;126;0;202;0;
17918;4908654;1204662272;27979776;1340420096;0;0;0;0;0;0;0;0;0;0;0;4148;0;0;126;0;202;0;
17919;10201709;1204662272;27979776;1340420096;0;0;0;0;0;0;0;0;0;0;0;4168;0;0;126;0;202;0;
17920;6863660;1204662272;27979776;1340420096;0;0;0;0;0;0;0;0;0;0;0;3497;0;0;126;0;202;0;
17921;8280396;1204662272;27979776;1340420096;0;0;0;0;0;0;0;0;0;0;0;3146;0;0;126;0;202;0;
17922;4246393;1204662272;27979776;1340420096;0;0;0;0;0;0;0;0;0;0;0;3306;0;0;126;0;202;0;
17923;7697513;1204662272;27979776;1340420096;0;0;0;0;0;0;0;0;0;0;0;3286;0;0;126;0;202;0;
17924;5810826;1204662272;27971584;1340411904;0;0;0;0;0;0;0;0;0;0;0;4638;0;0;126;0;202;0;
17925;9971638;1204662272;27971584;1340411904;0;0;0;0;0;0;0;0;0;0;0;4549;0;0;126;0;202;0;
17926;5688947;1204662272;27971584;1340411904;0;0;0;0;0;0;0;0;0;0;0;3817;0;0;126;0;202;0;
17927;11639064;1204662272;27971584;1340411904;0;0;0;0;0;0;0;0;0;0;0;3516;0;0;126;0;202;0;
17928;8074239;1204662272;27971584;1340411904;0;0;0;0;0;0;0;0;0;0;0;3546;0;0;126;0;202;0;
17929;10005922;1204662272;27971584;1340411904;0;0;0;0;0;0;0;0;0;0;0;2175;0;0;126;0;202;0;
17930;4927068;1204662272;27971584;1340411904;0;0;0;0;0;0;0;0;0;0;0;3827;0;0;126;0;202;0;
17931;9187336;1204662272;27971584;1340411904;0;0;0;0;0;0;0;0;0;0;0;2595;0;0;126;0;202;0;
17932;5315577;1204662272;27971584;1340411904;0;0;0;0;0;0;0;0;0;0;0;4488;0;0;126;0;202;0;
17933;9639475;1204662272;27971584;1340411904;0;0;0;0;0;0;0;0;0;0;0;3366;0;0;126;0;202;0;
17934;6908654;1204662272;27971584;1340411904;0;0;0;0;0;0;0;0;0;0;0;3587;0;0;126;0;202;0;
17935;9913419;1204662272;27971584;1340411904;0;0;0;0;0;0;0;0;0;0;0;5590;0;0;126;0;202;0;
17936;5080937;1204662272;27971584;1340411904;0;0;0;0;0;0;0;0;0;0;0;4809;0;0;126;0;202;0;
17937;9191825;1204662272;27971584;1340411904;0;0;0;0;0;0;0;0;0;0;0;3606;0;0;126;0;202;0;
17938;6422342;1204662272;27971584;1340411904;0;0;0;0;0;0;0;0;0;0;0;3366;0;0;126;0;202;0;
17939;10414488;1204662272;27971584;1340411904;0;0;0;0;0;0;0;0;0;0;0;5511;0;0;126;0;202;0;
17940;4181050;1204662272;27971584;1340411904;0;0;0;0;0;0;0;0;0;0;0;3536;0;0;126;0;202;0;
17941;10569098;1204662272;27971584;1340411904;0;0;0;0;0;0;0;0;0;0;0;4208;0;0;126;0;202;0;
17942;7196263;1204662272;27971584;1340411904;0;0;0;0;0;0;0;0;0;0;0;4809;0;0;126;0;202;0;
17943;10127239;1204662272;27971584;1340411904;0;0;0;0;0;0;0;0;0;0;0;4027;0;0;126;0;202;0;
17944;7339492;1204662272;27971584;1340411904;0;0;0;0;0;0;0;0;0;0;0;4178;0;0;126;0;202;0;
17945;11599990;1204662272;27971584;1340411904;0;0;0;0;0;0;0;0;0;0;0;5090;0;0;126;0;202;0;
17946;13379678;1204662272;27971584;1340411904;0;0;0;0;0;0;0;0;0;0;0;3316;0;0;126;0;202;0;
17947;8005301;1204662272;27971584;1340411904;0;0;0;0;0;0;0;0;0;0;0;4569;0;0;126;0;202;0;
17948;6525605;1204662272;27971584;1340411904;0;0;0;0;0;0;0;0;0;0;0;3637;0;0;126;0;202;0;
17949;9570405;1204662272;27971584;1340411904;0;0;0;0;0;0;0;0;0;0;0;3727;0;0;126;0;202;0;
17950;5943614;1204662272;27971584;1340411904;0;0;0;0;0;0;0;0;0;0;0;197570;0;0;126;0;202;0;
17951;8862277;1204662272;27971584;1340411904;0;0;0;0;0;0;0;0;0;0;0;3467;0;0;126;0;202;0;
17952;5894983;1204662272;27975680;1340416000;0;0;0;0;0;0;0;0;0;0;0;4429;0;0;126;0;202;0;
17953;8191670;1204662272;27975680;1340416000;0;0;0;0;0;0;0;0;0;0;0;3376;0;0;126;0;202;0;
17954;6600677;1204662272;27975680;1340416000;0;0;0;0;0;0;0;0;0;0;0;3807;0;0;126;0;202;0;
17955;8167524;1204662272;27975680;1340416000;0;0;0;0;0;0;0;0;0;0;0;4879;0;0;126;0;202;0;
17956;5677866;1204662272;27975680;1340416000;0;0;0;0;0;0;0;0;0;0;0;3457;0;0;126;0;202;0;
17957;8215154;1204662272;27975680;1340416000;0;0;0;0;0;0;0;0;0;0;0;3958;0;0;126;0;202;0;
17958;4927319;1204662272;27971584;1340411904;0;0;0;0;0;0;0;0;0;0;0;4589;0;0;126;0;202;0;
17959;10178495;1204662272;27971584;1340411904;0;0;0;0;0;0;0;0;0;0;0;5049;0;0;126;0;202;0;
17960;4036839;1204662272;27971584;1340411904;0;0;0;0;0;0;0;0;0;0;0;3446;0;0;126;0;202;0;
17961;8695224;1204662272;27971584;1340411904;0;0;0;0;0;0;0;0;0;0;0;4038;0;0;126;0;202;0;
17962;5193317;1204662272;27971584;1340411904;0;0;0;0;0;0;0;0;0;0;0;3917;0;0;126;0;202;0;
17963;6209934;1204662272;27971584;1340411904;0;0;0;0;0;0;0;0;0;0;0;2053;0;0;126;0;202;0;
17964;5964223;1204662272;27971584;1340411904;0;0;0;0;0;0;0;0;0;0;0;3988;0;0;126;0;202;0;
17965;9152501;1204662272;27971584;1340411904;0;0;0;0;0;0;0;0;0;0;0;4118;0;0;126;0;202;0;
17966;6896812;1204662272;27971584;1340411904;0;0;0;0;0;0;0;0;0;0;0;6953;0;0;126;0;202;0;
17967;8906349;1204662272;27971584;1340411904;0;0;0;0;0;0;0;0;0;0;0;3076;0;0;126;0;202;0;
17968;7112507;1204662272;27971584;1340411904;0;0;0;0;0;0;0;0;0;0;0;6332;0;0;126;0;202;0;
17969;8312516;1204662272;27971584;1340411904;0;0;0;0;0;0;0;0;0;0;0;3837;0;0;126;0;202;0;
17970;7328261;1204662272;27971584;1340411904;0;0;0;0;0;0;0;0;0;0;0;4358;0;0;126;0;202;0;
17971;10201779;1204662272;27971584;1340411904;0;0;0;0;0;0;0;0;0;0;0;3988;0;0;126;0;202;0;
17972;8798598;1204662272;27971584;1340411904;0;0;0;0;0;0;0;0;0;0;0;3757;0;0;126;0;202;0;
17973;10784622;1204662272;27971584;1340411904;0;0;0;0;0;0;0;0;0;0;0;3727;0;0;126;0;202;0;
17974;6029556;1204662272;27971584;1340411904;0;0;0;0;0;0;0;0;0;0;0;3897;0;0;126;0;202;0;
17975;9473173;1204662272;27971584;1340411904;0;0;0;0;0;0;0;0;0;0;0;4298;0;0;126;0;202;0;
17976;4699622;1204662272;27971584;1340411904;0;0;0;0;0;0;0;0;0;0;0;4608;0;0;126;0;202;0;
17977;9959755;1204662272;27971584;1340411904;0;0;0;0;0;0;0;0;0;0;0;3817;0;0;126;0;202;0;
17978;4296336;1204662272;27971584;1340411904;0;0;0;0;0;0;0;0;0;0;0;4408;0;0;126;0;202;0;
17979;10360036;1204662272;27971584;1340411904;0;0;0;0;0;0;0;0;0;0;0;4158;0;0;126;0;202;0;
17980;4265077;1204662272;27971584;1340411904;0;0;0;0;0;0;0;0;0;0;0;3626;0;0;126;0;202;0;
17981;9160096;1204662272;27971584;1340411904;0;0;0;0;0;0;0;0;0;0;0;4588;0;0;126;0;202;0;
17982;5142984;1204662272;27971584;1340411904;0;0;0;0;0;0;0;0;0;0;0;3367;0;0;126;0;202;0;
17983;9539737;1204662272;27971584;1340411904;0;0;0;0;0;0;0;0;0;0;0;3917;0;0;126;0;202;0;
17984;6979257;1204662272;27971584;1340411904;0;0;0;0;0;0;0;0;0;0;0;3005;0;0;126;0;202;0;
17985;7584061;1204662272;27971584;1340411904;0;0;0;0;0;0;0;0;0;0;0;4087;0;0;126;0;202;0;
17986;5839099;1204662272;27971584;1340411904;0;0;0;0;0;0;0;0;0;0;0;4619;0;0;126;0;202;0;
17987;8286367;1204662272;27971584;1340411904;0;0;0;0;0;0;0;0;0;0;0;3737;0;0;126;0;202;0;
17988;5549816;1204662272;27971584;1340411904;0;0;0;0;0;0;0;0;0;0;0;3557;0;0;126;0;202;0;
17989;10544431;1204662272;27971584;1340411904;0;0;0;0;0;0;0;0;0;0;0;3867;0;0;126;0;202;0;
17990;4708479;1204662272;27971584;1340411904;0;0;0;0;0;0;0;0;0;0;0;4628;0;0;126;0;202;0;
17991;8956254;1204662272;27971584;1340411904;0;0;0;0;0;0;0;0;0;0;0;4959;0;0;126;0;202;0;
17992;4758653;1204662272;27971584;1340411904;0;0;0;0;0;0;0;0;0;0;0;5610;0;0;126;0;202;0;
17993;9587066;1204662272;27971584;1340411904;0;0;0;0;0;0;0;0;0;0;0;4318;0;0;126;0;202;0;
17994;5181676;1204662272;27971584;1340411904;0;0;0;0;0;0;0;0;0;0;0;4659;0;0;126;0;202;0;
17995;9253120;1204662272;27971584;1340411904;0;0;0;0;0;0;0;0;0;0;0;4308;0;0;126;0;202;0;
17996;3754951;1204662272;27971584;1340411904;0;0;0;0;0;0;0;0;0;0;0;4689;0;0;126;0;202;0;
17997;9754521;1204662272;27971584;1340411904;0;0;0;0;0;0;0;0;0;0;0;3887;0;0;126;0;202;0;
17998;4897683;1204662272;27971584;1340411904;0;0;0;0;0;0;0;0;0;0;0;6632;0;0;126;0;202;0;
17999;9887990;1204662272;27971584;1340411904;0;0;0;0;0;0;0;0;0;0;0;4057;0;0;126;0;202;0;
18000;5777603;1204662272;27971584;1340411904;0;0;0;0;0;0;0;0;0;0;0;4809;0;0;126;0;202;0;
18001;10160842;1204662272;27971584;1340411904;0;0;0;0;0;0;0;0;0;0;0;3286;0;0;126;0;202;0;
18002;9485276;1204662272;27971584;1340411904;0;0;0;0;0;0;0;0;0;0;0;5110;0;0;126;0;202;0;
18003;6967815;1204662272;27971584;1340411904;0;0;0;0;0;0;0;0;0;0;0;2796;0;0;126;0;202;0;
18004;8416742;1204662272;27971584;1340411904;0;0;0;0;0;0;0;0;0;0;0;3497;0;0;126;0;202;0;
18005;9286813;1204662272;27971584;1340411904;0;0;0;0;0;0;0;0;0;0;0;4448;0;0;126;0;202;0;
18006;6796574;1204662272;27971584;1340411904;0;0;0;0;0;0;0;0;0;0;0;3877;0;0;126;0;202;0;
18007;8032662;1204662272;27971584;1340411904;0;0;0;0;0;0;0;0;0;0;0;3176;0;0;126;0;202;0;
18008;5517666;1204662272;27971584;1340411904;0;0;0;0;0;0;0;0;0;0;0;4137;0;0;126;0;202;0;
18009;8153098;1204662272;27971584;1340411904;0;0;0;0;0;0;0;0;0;0;0;4178;0;0;126;0;202;0;
18010;5777844;1204662272;27971584;1340411904;0;0;0;0;0;0;0;0;0;0;0;3586;0;0;126;0;202;0;
18011;6192672;1204662272;27971584;1340411904;0;0;0;0;0;0;0;0;0;0;0;2885;0;0;126;0;202;0;
18012;7256586;1204662272;27971584;1340411904;0;0;0;0;0;0;0;0;0;0;0;2936;0;0;126;0;202;0;
18013;6275396;1204662272;27971584;1340411904;0;0;0;0;0;0;0;0;0;0;0;2174;0;0;126;0;202;0;
18014;8586430;1204662272;27971584;1340411904;0;0;0;0;0;0;0;0;0;0;0;4448;0;0;126;0;202;0;
18015;8535244;1204662272;27971584;1340411904;0;0;0;0;0;0;0;0;0;0;0;3286;0;0;126;0;202;0;
18016;5738760;1204662272;27971584;1340411904;0;0;0;0;0;0;0;0;0;0;0;3297;0;0;126;0;202;0;
18017;6607028;1204662272;27971584;1340411904;0;0;0;0;0;0;0;0;0;0;0;4028;0;0;126;0;202;0;
18018;7468644;1204662272;27971584;1340411904;0;0;0;0;0;0;0;0;0;0;0;2936;0;0;126;0;202;0;
18019;8091562;1204662272;27971584;1340411904;0;0;0;0;0;0;0;0;0;0;0;2845;0;0;126;0;202;0;
18020;6941926;1204662272;27971584;1340411904;0;0;0;0;0;0;0;0;0;0;0;3326;0;0;126;0;202;0;
18021;7944336;1204662272;27971584;1340411904;0;0;0;0;0;0;0;0;0;0;0;3116;0;0;126;0;202;0;
18022;7415654;1204662272;27971584;1340411904;0;0;0;0;0;0;0;0;0;0;0;3948;0;0;126;0;202;0;
18023;9469987;1204662272;27971584;1340411904;0;0;0;0;0;0;0;0;0;0;0;4228;0;0;126;0;202;0;
18024;4505969;1204662272;27971584;1340411904;0;0;0;0;0;0;0;0;0;0;0;3577;0;0;126;0;202;0;
18025;10467377;1204662272;27971584;1340411904;0;0;0;0;0;0;0;0;0;0;0;3447;0;0;126;0;202;0;
18026;8711214;1204662272;27971584;1340411904;0;0;0;0;0;0;0;0;0;0;0;4379;0;0;126;0;202;0;
18027;9140599;1204662272;27971584;1340411904;0;0;0;0;0;0;0;0;0;0;0;3977;0;0;126;0;202;0;
18028;5600912;1204662272;27971584;1340411904;0;0;0;0;0;0;0;0;0;0;0;3296;0;0;126;0;202;0;
18029;9364559;1204662272;27971584;1340411904;0;0;0;0;0;0;0;0;0;0;0;4058;0;0;126;0;202;0;
18030;7540228;1204662272;27971584;1340411904;0;0;0;0;0;0;0;0;0;0;0;3847;0;0;126;0;202;0;
18031;8755317;1204662272;27971584;1340411904;0;0;0;0;0;0;0;0;0;0;0;3918;0;0;126;0;202;0;
18032;6685245;1204662272;27971584;1340411904;0;0;0;0;0;0;0;0;0;0;0;3496;0;0;126;0;202;0;
18033;8386184;1204662272;27971584;1340411904;0;0;0;0;0;0;0;0;0;0;0;2885;0;0;126;0;202;0;
18034;7106085;1204662272;27971584;1340411904;0;0;0;0;0;0;0;0;0;0;0;3476;0;0;126;0;202;0;
18035;5958723;1204662272;27971584;1340411904;0;0;0;0;0;0;0;0;0;0;0;2525;0;0;126;0;202;0;
18036;7754941;1204662272;27971584;1340411904;0;0;0;0;0;0;0;0;0;0;0;4398;0;0;126;0;202;0;
18037;7269891;1204662272;27971584;1340411904;0;0;0;0;0;0;0;0;0;0;0;2755;0;0;126;0;202;0;
18038;8468439;1204662272;27971584;1340411904;0;0;0;0;0;0;0;0;0;0;0;4028;0;0;126;0;202;0;
18039;6406032;1204662272;27971584;1340411904;0;0;0;0;0;0;0;0;0;0;0;2635;0;0;126;0;202;0;
18040;8316975;1204662272;27971584;1340411904;0;0;0;0;0;0;0;0;0;0;0;3867;0;0;126;0;202;0;
18041;8237276;1204662272;27971584;1340411904;0;0;0;0;0;0;0;0;0;0;0;2896;0;0;126;0;202;0;
18042;7950398;1204662272;27971584;1340411904;0;0;0;0;0;0;0;0;0;0;0;3536;0;0;126;0;202;0;
18043;9018389;1204662272;27971584;1340411904;0;0;0;0;0;0;0;0;0;0;0;3807;0;0;126;0;202;0;
18044;6455124;1204662272;27971584;1340411904;0;0;0;0;0;0;0;0;0;0;0;3948;0;0;126;0;202;0;
18045;9432928;1204662272;27971584;1340411904;0;0;0;0;0;0;0;0;0;0;0;4970;0;0;126;0;202;0;
18046;6210696;1204662272;27971584;1340411904;0;0;0;0;0;0;0;0;0;0;0;4047;0;0;126;0;202;0;
18047;9689779;1204662272;27971584;1340411904;0;0;0;0;0;0;0;0;0;0;0;6683;0;0;126;0;202;0;
18048;4278863;1204662272;27971584;1340411904;0;0;0;0;0;0;0;0;0;0;0;4008;0;0;126;0;202;0;
18049;9354090;1204662272;27971584;1340411904;0;0;0;0;0;0;0;0;0;0;0;5861;0;0;126;0;202;0;
18050;5333350;1204662272;27971584;1340411904;0;0;0;0;0;0;0;0;0;0;0;3336;0;0;126;0;202;0;
18051;9809283;1204662272;27971584;1340411904;0;0;0;0;0;0;0;0;0;0;0;3687;0;0;126;0;202;0;
18052;8077275;1204662272;27971584;1340411904;0;0;0;0;0;0;0;0;0;0;0;4238;0;0;126;0;202;0;
18053;8430047;1204662272;27971584;1340411904;0;0;0;0;0;0;0;0;0;0;0;4699;0;0;126;0;202;0;
18054;4920947;1204662272;27971584;1340411904;0;0;0;0;0;0;0;0;0;0;0;3607;0;0;126;0;202;0;
18055;8231865;1204662272;27971584;1340411904;0;0;0;0;0;0;0;0;0;0;0;4118;0;0;126;0;202;0;
18056;6971893;1204662272;27971584;1340411904;0;0;0;0;0;0;0;0;0;0;0;3958;0;0;126;0;202;0;
18057;8007084;1204662272;27971584;1340411904;0;0;0;0;0;0;0;0;0;0;0;3948;0;0;126;0;202;0;
18058;7482911;1204662272;27971584;1340411904;0;0;0;0;0;0;0;0;0;0;0;4429;0;0;126;0;202;0;
18059;8161703;1204662272;27971584;1340411904;0;0;0;0;0;0;0;0;0;0;0;4008;0;0;126;0;202;0;
18060;7617042;1204662272;27971584;1340411904;0;0;0;0;0;0;0;0;0;0;0;3867;0;0;126;0;202;0;
18061;9503439;1204662272;27971584;1340411904;0;0;0;0;0;0;0;0;0;0;0;5099;0;0;126;0;202;0;
18062;5807139;1204662272;27971584;1340411904;0;0;0;0;0;0;0;0;0;0;0;3356;0;0;126;0;202;0;
18063;9914460;1204662272;27971584;1340411904;0;0;0;0;0;0;0;0;0;0;0;4137;0;0;126;0;202;0;
18064;9619768;1204662272;27971584;1340411904;0;0;0;0;0;0;0;0;0;0;0;3166;0;0;126;0;202;0;
18065;8881353;1204662272;27971584;1340411904;0;0;0;0;0;0;0;0;0;0;0;3006;0;0;126;0;202;0;
18066;7413861;1204662272;27971584;1340411904;0;0;0;0;0;0;0;0;0;0;0;3657;0;0;126;0;202;0;
18067;10557596;1204662272;27971584;1340411904;0;0;0;0;0;0;0;0;0;0;0;3456;0;0;126;0;202;0;
18068;8156304;1204662272;27971584;1340411904;0;0;0;0;0;0;0;0;0;0;0;4158;0;0;126;0;202;0;
18069;8941907;1204662272;27971584;1340411904;0;0;0;0;0;0;0;0;0;0;0;3667;0;0;126;0;202;0;
18070;7122445;1204662272;27971584;1340411904;0;0;0;0;0;0;0;0;0;0;0;3987;0;0;126;0;202;0;
18071;8964469;1204662272;27971584;1340411904;0;0;0;0;0;0;0;0;0;0;0;3206;0;0;126;0;202;0;
18072;5839700;1204662272;27971584;1340411904;0;0;0;0;0;0;0;0;0;0;0;3446;0;0;126;0;202;0;
18073;9507427;1204662272;27971584;1340411904;0;0;0;0;0;0;0;0;0;0;0;3317;0;0;126;0;202;0;
18074;6687750;1204662272;27971584;1340411904;0;0;0;0;0;0;0;0;0;0;0;4228;0;0;126;0;202;0;
18075;13522947;1204662272;27971584;1340411904;0;0;0;0;0;0;0;0;0;0;0;3947;0;0;126;0;202;0;
18076;6142398;1204662272;27971584;1340411904;0;0;0;0;0;0;0;0;0;0;0;385303;0;0;126;0;202;0;
18077;8755537;1204662272;27971584;1340411904;0;0;0;0;0;0;0;0;0;0;0;3266;0;0;126;0;202;0;
18078;6522089;1204662272;27975680;1340416000;0;0;0;0;0;0;0;0;0;0;0;5400;0;0;126;0;202;0;
18079;8074450;1204662272;27975680;1340416000;0;0;0;0;0;0;0;0;0;0;0;3196;0;0;126;0;202;0;
18080;5513037;1204662272;27975680;1340416000;0;0;0;0;0;0;0;0;0;0;0;3727;0;0;126;0;202;0;
18081;7935790;1204662272;27975680;1340416000;0;0;0;0;0;0;0;0;0;0;0;4027;0;0;126;0;202;0;
18082;5339241;1204662272;27975680;1340416000;0;0;0;0;0;0;0;0;0;0;0;3808;0;0;126;0;202;0;
18083;7225278;1204662272;27975680;1340416000;0;0;0;0;0;0;0;0;0;0;0;3938;0;0;126;0;202;0;
18084;5803311;1204662272;27971584;1340411904;0;0;0;0;0;0;0;0;0;0;0;4429;0;0;126;0;202;0;
18085;8258936;1204662272;27971584;1340411904;0;0;0;0;0;0;0;0;0;0;0;4248;0;0;126;0;202;0;
18086;4509185;1204662272;27971584;1340411904;0;0;0;0;0;0;0;0;0;0;0;3487;0;0;126;0;202;0;
18087;9359330;1204662272;27971584;1340411904;0;0;0;0;0;0;0;0;0;0;0;2786;0;0;126;0;202;0;
18088;4294923;1204662272;27971584;1340411904;0;0;0;0;0;0;0;0;0;0;0;4108;0;0;126;0;202;0;
18089;8902011;1204662272;27971584;1340411904;0;0;0;0;0;0;0;0;0;0;0;4097;0;0;126;0;202;0;
18090;5959424;1204662272;27971584;1340411904;0;0;0;0;0;0;0;0;0;0;0;3868;0;0;126;0;202;0;
18091;7660183;1204662272;27971584;1340411904;0;0;0;0;0;0;0;0;0;0;0;3858;0;0;126;0;202;0;
18092;6713097;1204662272;27971584;1340411904;0;0;0;0;0;0;0;0;0;0;0;5791;0;0;126;0;202;0;
18093;8868800;1204662272;27971584;1340411904;0;0;0;0;0;0;0;0;0;0;0;3797;0;0;126;0;202;0;
18094;4963667;1204662272;27971584;1340411904;0;0;0;0;0;0;0;0;0;0;0;3597;0;0;126;0;202;0;
18095;9044138;1204662272;27971584;1340411904;0;0;0;0;0;0;0;0;0;0;0;2996;0;0;126;0;202;0;
18096;6111169;1204662272;27971584;1340411904;0;0;0;0;0;0;0;0;0;0;0;4689;0;0;126;0;202;0;
18097;9122816;1204662272;27971584;1340411904;0;0;0;0;0;0;0;0;0;0;0;3837;0;0;126;0;202;0;
18098;6926828;1204662272;27971584;1340411904;0;0;0;0;0;0;0;0;0;0;0;3817;0;0;126;0;202;0;
18099;9554234;1204662272;27971584;1340411904;0;0;0;0;0;0;0;0;0;0;0;3686;0;0;126;0;202;0;
18100;6326713;1204662272;27971584;1340411904;0;0;0;0;0;0;0;0;0;0;0;3687;0;0;126;0;202;0;
18101;6115687;1204662272;27971584;1340411904;0;0;0;0;0;0;0;0;0;0;0;2946;0;0;126;0;202;0;
18102;5917887;1204662272;27971584;1340411904;0;0;0;0;0;0;0;0;0;0;0;4529;0;0;126;0;202;0;
18103;6892784;1204662272;27971584;1340411904;0;0;0;0;0;0;0;0;0;0;0;4649;0;0;126;0;202;0;
18104;5440952;1204662272;27971584;1340411904;0;0;0;0;0;0;0;0;0;0;0;3636;0;0;126;0;202;0;
18105;7108148;1204662272;27971584;1340411904;0;0;0;0;0;0;0;0;0;0;0;5821;0;0;126;0;202;0;
18106;6917330;1204662272;27971584;1340411904;0;0;0;0;0;0;0;0;0;0;0;4067;0;0;126;0;202;0;
18107;7658099;1204662272;27971584;1340411904;0;0;0;0;0;0;0;0;0;0;0;3797;0;0;126;0;202;0;
18108;6849523;1204662272;27971584;1340411904;0;0;0;0;0;0;0;0;0;0;0;4008;0;0;126;0;202;0;
18109;6873548;1204662272;27971584;1340411904;0;0;0;0;0;0;0;0;0;0;0;2745;0;0;126;0;202;0;
18110;6899457;1204662272;27971584;1340411904;0;0;0;0;0;0;0;0;0;0;0;3857;0;0;126;0;202;0;
18111;7174553;1204662272;27971584;1340411904;0;0;0;0;0;0;0;0;0;0;0;2415;0;0;126;0;202;0;
18112;6392386;1204662272;27971584;1340411904;0;0;0;0;0;0;0;0;0;0;0;3437;0;0;126;0;202;0;
18113;5558072;1204662272;27971584;1340411904;0;0;0;0;0;0;0;0;0;0;0;2906;0;0;126;0;202;0;
18114;7833539;1204662272;27971584;1340411904;0;0;0;0;0;0;0;0;0;0;0;3627;0;0;126;0;202;0;
18115;7457603;1204662272;27975680;1340416000;0;0;0;0;0;0;0;0;0;0;0;3868;0;0;126;0;202;0;
18116;7474545;1204662272;27979776;1340420096;0;0;0;0;0;0;0;0;0;0;0;4849;0;0;126;0;202;0;
18117;5515833;1204662272;27979776;1340420096;0;0;0;0;0;0;0;0;0;0;0;2725;0;0;126;0;202;0;
18118;6346771;1204662272;27979776;1340420096;0;0;0;0;0;0;0;0;0;0;0;4128;0;0;126;0;202;0;
18119;7649303;1204662272;27979776;1340420096;0;0;0;0;0;0;0;0;0;0;0;5130;0;0;126;0;202;0;
18120;6700764;1204662272;27979776;1340420096;0;0;0;0;0;0;0;0;0;0;0;6151;0;0;126;0;202;0;
18121;7760411;1204662272;27979776;1340420096;0;0;0;0;0;0;0;0;0;0;0;4428;0;0;126;0;202;0;
18122;9624516;1204662272;27971584;1340411904;0;0;0;0;0;0;0;0;0;0;0;5781;0;0;126;0;202;0;
18123;7402520;1204662272;27971584;1340411904;0;0;0;0;0;0;0;0;0;0;0;3427;0;0;126;0;202;0;
18124;7433739;1204662272;27971584;1340411904;0;0;0;0;0;0;0;0;0;0;0;4148;0;0;126;0;202;0;
18125;8802526;1204662272;27971584;1340411904;0;0;0;0;0;0;0;0;0;0;0;2776;0;0;126;0;202;0;
18126;5586735;1204662272;27971584;1340411904;0;0;0;0;0;0;0;0;0;0;0;5079;0;0;126;0;202;0;
18127;8107331;1204662272;27971584;1340411904;0;0;0;0;0;0;0;0;0;0;0;2685;0;0;126;0;202;0;
18128;6198793;1204662272;27971584;1340411904;0;0;0;0;0;0;0;0;0;0;0;4298;0;0;126;0;202;0;
18129;8068479;1204662272;27971584;1340411904;0;0;0;0;0;0;0;0;0;0;0;3507;0;0;126;0;202;0;
18130;8325591;1204662272;27971584;1340411904;0;0;0;0;0;0;0;0;0;0;0;5260;0;0;126;0;202;0;
18131;8548128;1204662272;27971584;1340411904;0;0;0;0;0;0;0;0;0;0;0;3606;0;0;126;0;202;0;
18132;6206668;1204662272;27971584;1340411904;0;0;0;0;0;0;0;0;0;0;0;4178;0;0;126;0;202;0;
18133;7523868;1204662272;27971584;1340411904;0;0;0;0;0;0;0;0;0;0;0;4218;0;0;126;0;202;0;
18134;7295129;1204662272;27971584;1340411904;0;0;0;0;0;0;0;0;0;0;0;3988;0;0;126;0;202;0;
18135;8141135;1204662272;27971584;1340411904;0;0;0;0;0;0;0;0;0;0;0;3556;0;0;126;0;202;0;
18136;7671906;1204662272;27971584;1340411904;0;0;0;0;0;0;0;0;0;0;0;4237;0;0;126;0;202;0;
18137;7704747;1204662272;27971584;1340411904;0;0;0;0;0;0;0;0;0;0;0;4769;0;0;126;0;202;0;
18138;9664842;1204662272;27971584;1340411904;0;0;0;0;0;0;0;0;0;0;0;3647;0;0;126;0;202;0;
18139;7596905;1204662272;27971584;1340411904;0;0;0;0;0;0;0;0;0;0;0;3797;0;0;126;0;202;0;
18140;8103975;1204662272;27971584;1340411904;0;0;0;0;0;0;0;0;0;0;0;4108;0;0;126;0;202;0;
18141;7649574;1204662272;27971584;1340411904;0;0;0;0;0;0;0;0;0;0;0;3617;0;0;126;0;202;0;
18142;7132423;1204662272;27971584;1340411904;0;0;0;0;0;0;0;0;0;0;0;3697;0;0;126;0;202;0;
18143;6090369;1204662272;27971584;1340411904;0;0;0;0;0;0;0;0;0;0;0;2695;0;0;126;0;202;0;
18144;7887249;1204662272;27971584;1340411904;0;0;0;0;0;0;0;0;0;0;0;3647;0;0;126;0;202;0;
18145;7779627;1204662272;27971584;1340411904;0;0;0;0;0;0;0;0;0;0;0;2625;0;0;126;0;202;0;
18146;7380920;1204662272;27971584;1340411904;0;0;0;0;0;0;0;0;0;0;0;3376;0;0;126;0;202;0;
18147;6923051;1204662272;27971584;1340411904;0;0;0;0;0;0;0;0;0;0;0;2736;0;0;126;0;202;0;
18148;6463639;1204662272;27971584;1340411904;0;0;0;0;0;0;0;0;0;0;0;3487;0;0;126;0;202;0;
18149;7800507;1204662272;27971584;1340411904;0;0;0;0;0;0;0;0;0;0;0;3286;0;0;126;0;202;0;
18150;6117510;1204662272;27971584;1340411904;0;0;0;0;0;0;0;0;0;0;0;3857;0;0;126;0;202;0;
18151;6893355;1204662272;27971584;1340411904;0;0;0;0;0;0;0;0;0;0;0;2895;0;0;126;0;202;0;
18152;7458265;1204662272;27971584;1340411904;0;0;0;0;0;0;0;0;0;0;0;4529;0;0;126;0;202;0;
18153;9074295;1204662272;27971584;1340411904;0;0;0;0;0;0;0;0;0;0;0;2495;0;0;126;0;202;0;
18154;4887544;1204662272;27971584;1340411904;0;0;0;0;0;0;0;0;0;0;0;4248;0;0;126;0;202;0;
18155;8834755;1204662272;27971584;1340411904;0;0;0;0;0;0;0;0;0;0;0;3376;0;0;126;0;202;0;
18156;4592181;1204662272;27971584;1340411904;0;0;0;0;0;0;0;0;0;0;0;4198;0;0;126;0;202;0;
18157;8410049;1204662272;27971584;1340411904;0;0;0;0;0;0;0;0;0;0;0;3567;0;0;126;0;202;0;
18158;4315232;1204662272;27971584;1340411904;0;0;0;0;0;0;0;0;0;0;0;4128;0;0;126;0;202;0;
18159;9372384;1204662272;27971584;1340411904;0;0;0;0;0;0;0;0;0;0;0;4008;0;0;126;0;202;0;
18160;7744581;1204662272;27971584;1340411904;0;0;0;0;0;0;0;0;0;0;0;4329;0;0;126;0;202;0;
18161;9645947;1204662272;27971584;1340411904;0;0;0;0;0;0;0;0;0;0;0;3797;0;0;126;0;202;0;
18162;6387767;1204662272;27971584;1340411904;0;0;0;0;0;0;0;0;0;0;0;4358;0;0;126;0;202;0;
18163;8479920;1204662272;27971584;1340411904;0;0;0;0;0;0;0;0;0;0;0;4739;0;0;126;0;202;0;
18164;6250611;1204662272;27971584;1340411904;0;0;0;0;0;0;0;0;0;0;0;6091;0;0;126;0;202;0;
18165;9067051;1204662272;27971584;1340411904;0;0;0;0;0;0;0;0;0;0;0;3707;0;0;126;0;202;0;
18166;5771241;1204662272;27971584;1340411904;0;0;0;0;0;0;0;0;0;0;0;3026;0;0;126;0;202;0;
18167;8815149;1204662272;27971584;1340411904;0;0;0;0;0;0;0;0;0;0;0;4678;0;0;126;0;202;0;
18168;5967099;1204662272;27971584;1340411904;0;0;0;0;0;0;0;0;0;0;0;3967;0;0;126;0;202;0;
18169;9193718;1204662272;27971584;1340411904;0;0;0;0;0;0;0;0;0;0;0;5190;0;0;126;0;202;0;
18170;6570420;1204662272;27971584;1340411904;0;0;0;0;0;0;0;0;0;0;0;3857;0;0;126;0;202;0;
18171;7316800;1204662272;27971584;1340411904;0;0;0;0;0;0;0;0;0;0;0;3516;0;0;126;0;202;0;
18172;7895434;1204662272;27971584;1340411904;0;0;0;0;0;0;0;0;0;0;0;4678;0;0;126;0;202;0;
18173;8021200;1204662272;27971584;1340411904;0;0;0;0;0;0;0;0;0;0;0;4809;0;0;126;0;202;0;
18174;10122681;1204662272;27971584;1340411904;0;0;0;0;0;0;0;0;0;0;0;4578;0;0;126;0;202;0;
18175;8854492;1204662272;27971584;1340411904;0;0;0;0;0;0;0;0;0;0;0;3006;0;0;126;0;202;0;
18176;5871800;1204662272;27971584;1340411904;0;0;0;0;0;0;0;0;0;0;0;3808;0;0;126;0;202;0;
18177;5750142;1204662272;27971584;1340411904;0;0;0;0;0;0;0;0;0;0;0;2895;0;0;126;0;202;0;
18178;7127455;1204662272;27971584;1340411904;0;0;0;0;0;0;0;0;0;0;0;4819;0;0;126;0;202;0;
18179;6722315;1204662272;27971584;1340411904;0;0;0;0;0;0;0;0;0;0;0;2074;0;0;126;0;202;0;
18180;7108299;1204662272;27971584;1340411904;0;0;0;0;0;0;0;0;0;0;0;3807;0;0;126;0;202;0;
18181;7667838;1204662272;27971584;1340411904;0;0;0;0;0;0;0;0;0;0;0;3356;0;0;126;0;202;0;
18182;6975880;1204662272;27971584;1340411904;0;0;0;0;0;0;0;0;0;0;0;4138;0;0;126;0;202;0;
18183;8688491;1204662272;27975680;1340416000;0;0;0;0;0;0;0;0;0;0;0;2595;0;0;126;0;202;0;
18184;7234375;1204662272;27979776;1340420096;0;0;0;0;0;0;0;0;0;0;0;4298;0;0;126;0;202;0;
18185;7783454;1204662272;27979776;1340420096;0;0;0;0;0;0;0;0;0;0;0;3937;0;0;126;0;202;0;
18186;6810420;1204662272;27979776;1340420096;0;0;0;0;0;0;0;0;0;0;0;3326;0;0;126;0;202;0;
18187;7822738;1204662272;27979776;1340420096;0;0;0;0;0;0;0;0;0;0;0;3978;0;0;126;0;202;0;
18188;5583209;1204662272;27979776;1340420096;0;0;0;0;0;0;0;0;0;0;0;4008;0;0;126;0;202;0;
18189;7255244;1204662272;27979776;1340420096;0;0;0;0;0;0;0;0;0;0;0;3587;0;0;126;0;202;0;
18190;7679549;1204662272;27971584;1340411904;0;0;0;0;0;0;0;0;0;0;0;3957;0;0;126;0;202;0;
18191;7509991;1204662272;27971584;1340411904;0;0;0;0;0;0;0;0;0;0;0;3056;0;0;126;0;202;0;
18192;7039509;1204662272;27971584;1340411904;0;0;0;0;0;0;0;0;0;0;0;3867;0;0;126;0;202;0;
18193;8970540;1204662272;27971584;1340411904;0;0;0;0;0;0;0;0;0;0;0;3977;0;0;126;0;202;0;
18194;6651041;1204662272;27971584;1340411904;0;0;0;0;0;0;0;0;0;0;0;4619;0;0;126;0;202;0;
18195;6419887;1204662272;27971584;1340411904;0;0;0;0;0;0;0;0;0;0;0;2695;0;0;126;0;202;0;
18196;7575915;1204662272;27971584;1340411904;0;0;0;0;0;0;0;0;0;0;0;5621;0;0;126;0;202;0;
18197;8704351;1204662272;27971584;1340411904;0;0;0;0;0;0;0;0;0;0;0;3196;0;0;126;0;202;0;
18198;5493140;1204662272;27971584;1340411904;0;0;0;0;0;0;0;0;0;0;0;4188;0;0;126;0;202;0;
18199;7152030;1204662272;27971584;1340411904;0;0;0;0;0;0;0;0;0;0;0;3586;0;0;126;0;202;0;
18200;5461812;1204662272;27971584;1340411904;0;0;0;0;0;0;0;0;0;0;0;3326;0;0;126;0;202;0;
18201;6846798;1204662272;27971584;1340411904;0;0;0;0;0;0;0;0;0;0;0;2845;0;0;126;0;202;0;
18202;8162025;1204662272;27971584;1340411904;0;0;0;0;0;0;0;0;0;0;0;3357;0;0;126;0;202;0;
18203;9249854;1204662272;27971584;1340411904;0;0;0;0;0;0;0;0;0;0;0;2996;0;0;126;0;202;0;
18204;5155778;1204662272;27971584;1340411904;0;0;0;0;0;0;0;0;0;0;0;3667;0;0;126;0;202;0;
18205;6433543;1204662272;27971584;1340411904;0;0;0;0;0;0;0;0;0;0;0;2505;0;0;126;0;202;0;
18206;6464662;1204662272;27971584;1340411904;0;0;0;0;0;0;0;0;0;0;0;4509;0;0;126;0;202;0;
18207;7874515;1204662272;27971584;1340411904;0;0;0;0;0;0;0;0;0;0;0;2525;0;0;126;0;202;0;
18208;5774707;1204662272;27971584;1340411904;0;0;0;0;0;0;0;0;0;0;0;3957;0;0;126;0;202;0;
18209;6407184;1204662272;27971584;1340411904;0;0;0;0;0;0;0;0;0;0;0;2504;0;0;126;0;202;0;
18210;6114695;1204662272;27971584;1340411904;0;0;0;0;0;0;0;0;0;0;0;3106;0;0;126;0;202;0;
18211;7551700;1204662272;27971584;1340411904;0;0;0;0;0;0;0;0;0;0;0;2444;0;0;126;0;202;0;
18212;4531577;1204662272;27971584;1340411904;0;0;0;0;0;0;0;0;0;0;0;2885;0;0;126;0;202;0;
18213;12083968;1204662272;27971584;1340411904;0;0;0;0;0;0;0;0;0;0;0;3316;0;0;126;0;202;0;
18214;7401879;1204662272;27971584;1340411904;0;0;0;0;0;0;0;0;0;0;0;3166;0;0;126;0;202;0;
18215;7092478;1204662272;27971584;1340411904;0;0;0;0;0;0;0;0;0;0;0;2364;0;0;126;0;202;0;
18216;5631700;1204662272;27971584;1340411904;0;0;0;0;0;0;0;0;0;0;0;3857;0;0;126;0;202;0;
18217;5927354;1204662272;27971584;1340411904;0;0;0;0;0;0;0;0;0;0;0;2335;0;0;126;0;202;0;
18218;5775069;1204662272;27971584;1340411904;0;0;0;0;0;0;0;0;0;0;0;3236;0;0;126;0;202;0;
18219;7107627;1204662272;27971584;1340411904;0;0;0;0;0;0;0;0;0;0;0;2415;0;0;126;0;202;0;
18220;6266780;1204662272;27971584;1340411904;0;0;0;0;0;0;0;0;0;0;0;3266;0;0;126;0;202;0;
18221;6509626;1204662272;27971584;1340411904;0;0;0;0;0;0;0;0;0;0;0;3337;0;0;126;0;202;0;
18222;5732949;1204662272;27971584;1340411904;0;0;0;0;0;0;0;0;0;0;0;4789;0;0;126;0;202;0;
18223;7649263;1204662272;27971584;1340411904;0;0;0;0;0;0;0;0;0;0;0;2995;0;0;126;0;202;0;
18224;4588012;1204662272;27971584;1340411904;0;0;0;0;0;0;0;0;0;0;0;3788;0;0;126;0;202;0;
18225;5697453;1204662272;27971584;1340411904;0;0;0;0;0;0;0;0;0;0;0;2745;0;0;126;0;202;0;
18226;4884078;1204662272;27971584;1340411904;0;0;0;0;0;0;0;0;0;0;0;4118;0;0;126;0;202;0;
18227;8356840;1204662272;27971584;1340411904;0;0;0;0;0;0;0;0;0;0;0;2635;0;0;126;0;202;0;
18228;4686107;1204662272;27971584;1340411904;0;0;0;0;0;0;0;0;0;0;0;4027;0;0;126;0;202;0;
18229;9272366;1204662272;27971584;1340411904;0;0;0;0;0;0;0;0;0;0;0;4188;0;0;126;0;202;0;
18230;6336682;1204662272;27971584;1340411904;0;0;0;0;0;0;0;0;0;0;0;4579;0;0;126;0;202;0;
18231;8928521;1204662272;27971584;1340411904;0;0;0;0;0;0;0;0;0;0;0;3697;0;0;126;0;202;0;
18232;4225774;1204662272;27971584;1340411904;0;0;0;0;0;0;0;0;0;0;0;3657;0;0;126;0;202;0;
18233;6271931;1204662272;27971584;1340411904;0;0;0;0;0;0;0;0;0;0;0;3497;0;0;126;0;202;0;
18234;5098119;1204662272;27971584;1340411904;0;0;0;0;0;0;0;0;0;0;0;3697;0;0;126;0;202;0;
18235;6166964;1204662272;27971584;1340411904;0;0;0;0;0;0;0;0;0;0;0;2574;0;0;126;0;202;0;
18236;6060484;1204662272;27971584;1340411904;0;0;0;0;0;0;0;0;0;0;0;3626;0;0;126;0;202;0;
18237;8072837;1204662272;27971584;1340411904;0;0;0;0;0;0;0;0;0;0;0;2685;0;0;126;0;202;0;
18238;4195828;1204662272;27971584;1340411904;0;0;0;0;0;0;0;0;0;0;0;3327;0;0;126;0;202;0;
18239;5843036;1204662272;27971584;1340411904;0;0;0;0;0;0;0;0;0;0;0;2826;0;0;126;0;202;0;
18240;5936351;1204662272;27971584;1340411904;0;0;0;0;0;0;0;0;0;0;0;4910;0;0;126;0;202;0;
18241;6161093;1204662272;27971584;1340411904;0;0;0;0;0;0;0;0;0;0;0;3847;0;0;126;0;202;0;
18242;7876428;1204662272;27971584;1340411904;0;0;0;0;0;0;0;0;0;0;0;4268;0;0;126;0;202;0;
18243;6794681;1204662272;27971584;1340411904;0;0;0;0;0;0;0;0;0;0;0;4208;0;0;126;0;202;0;
18244;7404514;1204662272;27971584;1340411904;0;0;0;0;0;0;0;0;0;0;0;4128;0;0;126;0;202;0;
18245;6732073;1204662272;27971584;1340411904;0;0;0;0;0;0;0;0;0;0;0;3737;0;0;126;0;202;0;
18246;7729964;1204662272;27971584;1340411904;0;0;0;0;0;0;0;0;0;0;0;5150;0;0;126;0;202;0;
18247;7914721;1204662272;27971584;1340411904;0;0;0;0;0;0;0;0;0;0;0;2544;0;0;126;0;202;0;
18248;5676483;1204662272;27971584;1340411904;0;0;0;0;0;0;0;0;0;0;0;4008;0;0;126;0;202;0;
18249;8639830;1204662272;27971584;1340411904;0;0;0;0;0;0;0;0;0;0;0;3837;0;0;126;0;202;0;
18250;4526878;1204662272;27971584;1340411904;0;0;0;0;0;0;0;0;0;0;0;5461;0;0;126;0;202;0;
18251;7019863;1204662272;27971584;1340411904;0;0;0;0;0;0;0;0;0;0;0;3847;0;0;126;0;202;0;
18252;5787672;1204662272;27971584;1340411904;0;0;0;0;0;0;0;0;0;0;0;4158;0;0;126;0;202;0;
18253;8806092;1204662272;27971584;1340411904;0;0;0;0;0;0;0;0;0;0;0;3286;0;0;126;0;202;0;
18254;4062908;1204662272;27971584;1340411904;0;0;0;0;0;0;0;0;0;0;0;3115;0;0;126;0;202;0;
18255;9929799;1204662272;27971584;1340411904;0;0;0;0;0;0;0;0;0;0;0;4719;0;0;126;0;202;0;
18256;4908323;1204662272;27971584;1340411904;0;0;0;0;0;0;0;0;0;0;0;3947;0;0;126;0;202;0;
18257;8562766;1204662272;27975680;1340416000;0;0;0;0;0;0;0;0;0;0;0;4839;0;0;126;0;202;0;
18258;6258545;1204662272;27979776;1340420096;0;0;0;0;0;0;0;0;0;0;0;3868;0;0;126;0;202;0;
18259;6915798;1204662272;27979776;1340420096;0;0;0;0;0;0;0;0;0;0;0;3677;0;0;126;0;202;0;
18260;4742913;1204662272;27979776;1340420096;0;0;0;0;0;0;0;0;0;0;0;3627;0;0;126;0;202;0;
18261;6667121;1204662272;27979776;1340420096;0;0;0;0;0;0;0;0;0;0;0;4779;0;0;126;0;202;0;
18262;6495139;1204662272;27979776;1340420096;0;0;0;0;0;0;0;0;0;0;0;4058;0;0;126;0;202;0;
18263;7679530;1204662272;27979776;1340420096;0;0;0;0;0;0;0;0;0;0;0;4248;0;0;126;0;202;0;
18264;6340358;1204662272;27971584;1340411904;0;0;0;0;0;0;0;0;0;0;0;3787;0;0;126;0;202;0;
18265;7486577;1204662272;27971584;1340411904;0;0;0;0;0;0;0;0;0;0;0;3487;0;0;126;0;202;0;
18266;6144341;1204662272;27971584;1340411904;0;0;0;0;0;0;0;0;0;0;0;4228;0;0;126;0;202;0;
18267;6626625;1204662272;27971584;1340411904;0;0;0;0;0;0;0;0;0;0;0;2635;0;0;126;0;202;0;
18268;6543449;1204662272;27971584;1340411904;0;0;0;0;0;0;0;0;0;0;0;4729;0;0;126;0;202;0;
18269;5898711;1204662272;27971584;1340411904;0;0;0;0;0;0;0;0;0;0;0;2946;0;0;126;0;202;0;
18270;5700469;1204662272;27971584;1340411904;0;0;0;0;0;0;0;0;0;0;0;5360;0;0;126;0;202;0;
18271;8025187;1204662272;27971584;1340411904;0;0;0;0;0;0;0;0;0;0;0;6402;0;0;126;0;202;0;
18272;7770119;1204662272;27971584;1340411904;0;0;0;0;0;0;0;0;0;0;0;3837;0;0;126;0;202;0;
18273;9782252;1204662272;27971584;1340411904;0;0;0;0;0;0;0;0;0;0;0;4088;0;0;126;0;202;0;
18274;6699511;1204662272;27971584;1340411904;0;0;0;0;0;0;0;0;0;0;0;4689;0;0;126;0;202;0;
18275;10077186;1204662272;27971584;1340411904;0;0;0;0;0;0;0;0;0;0;0;3867;0;0;126;0;202;0;
18276;4896361;1204662272;27971584;1340411904;0;0;0;0;0;0;0;0;0;0;0;4067;0;0;126;0;202;0;
18277;9983420;1204662272;27971584;1340411904;0;0;0;0;0;0;0;0;0;0;0;4028;0;0;126;0;202;0;
18278;4128881;1204662272;27971584;1340411904;0;0;0;0;0;0;0;0;0;0;0;4999;0;0;126;0;202;0;
18279;9153433;1204662272;27971584;1340411904;0;0;0;0;0;0;0;0;0;0;0;3917;0;0;126;0;202;0;
18280;4844664;1204662272;27971584;1340411904;0;0;0;0;0;0;0;0;0;0;0;4689;0;0;126;0;202;0;
18281;8467236;1204662272;27971584;1340411904;0;0;0;0;0;0;0;0;0;0;0;3717;0;0;126;0;202;0;
18282;4112040;1204662272;27971584;1340411904;0;0;0;0;0;0;0;0;0;0;0;5030;0;0;126;0;202;0;
18283;7148153;1204662272;27971584;1340411904;0;0;0;0;0;0;0;0;0;0;0;2364;0;0;126;0;202;0;
18284;6870933;1204662272;27971584;1340411904;0;0;0;0;0;0;0;0;0;0;0;3817;0;0;126;0;202;0;
18285;9852083;1204662272;27971584;1340411904;0;0;0;0;0;0;0;0;0;0;0;3346;0;0;126;0;202;0;
18286;6970420;1204662272;27971584;1340411904;0;0;0;0;0;0;0;0;0;0;0;4408;0;0;126;0;202;0;
18287;10511580;1204662272;27971584;1340411904;0;0;0;0;0;0;0;0;0;0;0;3546;0;0;126;0;202;0;
18288;7444368;1204662272;27971584;1340411904;0;0;0;0;0;0;0;0;0;0;0;5070;0;0;126;0;202;0;
18289;8973997;1204662272;27971584;1340411904;0;0;0;0;0;0;0;0;0;0;0;110537;0;0;126;0;202;0;
18290;8448551;1204662272;27975680;1340416000;0;0;0;0;0;0;0;0;0;0;0;3687;0;0;126;0;202;0;
18291;6711264;1204662272;27975680;1340416000;0;0;0;0;0;0;0;0;0;0;0;3307;0;0;126;0;202;0;
18292;8686047;1204662272;27975680;1340416000;0;0;0;0;0;0;0;0;0;0;0;4178;0;0;126;0;202;0;
18293;6550372;1204662272;27975680;1340416000;0;0;0;0;0;0;0;0;0;0;0;2605;0;0;126;0;202;0;
18294;8160972;1204662272;27975680;1340416000;0;0;0;0;0;0;0;0;0;0;0;4037;0;0;126;0;202;0;
18295;5277325;1204662272;27975680;1340416000;0;0;0;0;0;0;0;0;0;0;0;1763;0;0;126;0;202;0;
18296;7547662;1204662272;27971584;1340411904;0;0;0;0;0;0;0;0;0;0;0;4138;0;0;126;0;202;0;
18297;5709586;1204662272;27971584;1340411904;0;0;0;0;0;0;0;0;0;0;0;2234;0;0;126;0;202;0;
18298;7309606;1204658176;27967488;1340407808;0;0;0;0;0;0;0;0;0;0;0;3837;0;0;126;0;202;0;
18299;6046758;1204658176;27967488;1340407808;0;0;0;0;0;0;0;0;0;0;0;3326;0;0;126;0;202;0;
18300;9103009;1204658176;27967488;1340407808;0;0;0;0;0;0;0;0;0;0;0;3206;0;0;126;0;202;0;
18301;11724324;1204658176;27967488;1340407808;0;0;0;0;0;0;0;0;0;0;0;5380;0;0;126;0;202;0;
18302;3740464;1204658176;27967488;1340407808;0;0;0;0;0;0;0;0;0;0;0;3526;0;0;126;0;202;0;
18303;11140078;1204658176;27967488;1340407808;0;0;0;0;0;0;0;0;0;0;0;4128;0;0;126;0;202;0;
18304;4724428;1204658176;27967488;1340407808;0;0;0;0;0;0;0;0;0;0;0;3897;0;0;126;0;202;0;
18305;9054558;1204658176;27967488;1340407808;0;0;0;0;0;0;0;0;0;0;0;3256;0;0;126;0;202;0;
18306;5719995;1204658176;27967488;1340407808;0;0;0;0;0;0;0;0;0;0;0;4879;0;0;126;0;202;0;
18307;8406693;1204658176;27967488;1340407808;0;0;0;0;0;0;0;0;0;0;0;3778;0;0;126;0;202;0;
18308;6141475;1204658176;27967488;1340407808;0;0;0;0;0;0;0;0;0;0;0;4408;0;0;126;0;202;0;
18309;6436128;1204658176;27967488;1340407808;0;0;0;0;0;0;0;0;0;0;0;3537;0;0;126;0;202;0;
18310;5659111;1204658176;27967488;1340407808;0;0;0;0;0;0;0;0;0;0;0;3928;0;0;126;0;202;0;
18311;8001563;1204658176;27967488;1340407808;0;0;0;0;0;0;0;0;0;0;0;3156;0;0;126;0;202;0;
18312;5434339;1204658176;27967488;1340407808;0;0;0;0;0;0;0;0;0;0;0;4018;0;0;126;0;202;0;
18313;8016061;1204658176;27967488;1340407808;0;0;0;0;0;0;0;0;0;0;0;4548;0;0;126;0;202;0;
18314;5917395;1204658176;27967488;1340407808;0;0;0;0;0;0;0;0;0;0;0;4338;0;0;126;0;202;0;
18315;6452378;1204658176;27967488;1340407808;0;0;0;0;0;0;0;0;0;0;0;2114;0;0;126;0;202;0;
18316;5619657;1204658176;27967488;1340407808;0;0;0;0;0;0;0;0;0;0;0;4538;0;0;126;0;202;0;
18317;5273549;1204658176;27967488;1340407808;0;0;0;0;0;0;0;0;0;0;0;2104;0;0;126;0;202;0;
18318;7942843;1204658176;27967488;1340407808;0;0;0;0;0;0;0;0;0;0;0;5641;0;0;126;0;202;0;
18319;6076874;1204658176;27967488;1340407808;0;0;0;0;0;0;0;0;0;0;0;3907;0;0;126;0;202;0;
18320;4857137;1204658176;27967488;1340407808;0;0;0;0;0;0;0;0;0;0;0;4398;0;0;126;0;202;0;
18321;6875422;1204658176;27967488;1340407808;0;0;0;0;0;0;0;0;0;0;0;3446;0;0;126;0;202;0;
18322;3911464;1204658176;27967488;1340407808;0;0;0;0;0;0;0;0;0;0;0;3907;0;0;126;0;202;0;
18323;10199654;1204658176;27967488;1340407808;0;0;0;0;0;0;0;0;0;0;0;4628;0;0;126;0;202;0;
18324;8438001;1204658176;27967488;1340407808;0;0;0;0;0;0;0;0;0;0;0;3967;0;0;126;0;202;0;
18325;7163061;1204658176;27967488;1340407808;0;0;0;0;0;0;0;0;0;0;0;3657;0;0;126;0;202;0;
18326;7810134;1204658176;27967488;1340407808;0;0;0;0;0;0;0;0;0;0;0;4889;0;0;126;0;202;0;
18327;7064817;1204658176;27967488;1340407808;0;0;0;0;0;0;0;0;0;0;0;3446;0;0;126;0;202;0;
18328;9313904;1204658176;27967488;1340407808;0;0;0;0;0;0;0;0;0;0;0;5941;0;0;126;0;202;0;
18329;6241433;1204658176;27967488;1340407808;0;0;0;0;0;0;0;0;0;0;0;3076;0;0;126;0;202;0;
18330;5803682;1204658176;27967488;1340407808;0;0;0;0;0;0;0;0;0;0;0;4508;0;0;126;0;202;0;
18331;6494527;1204658176;27967488;1340407808;0;0;0;0;0;0;0;0;0;0;0;3797;0;0;126;0;202;0;
18332;5852303;1204658176;27967488;1340407808;0;0;0;0;0;0;0;0;0;0;0;3908;0;0;126;0;202;0;
18333;6553729;1204658176;27967488;1340407808;0;0;0;0;0;0;0;0;0;0;0;3777;0;0;126;0;202;0;
18334;5676504;1204658176;27967488;1340407808;0;0;0;0;0;0;0;0;0;0;0;4949;0;0;126;0;202;0;
18335;7300749;1204658176;27967488;1340407808;0;0;0;0;0;0;0;0;0;0;0;4329;0;0;126;0;202;0;
18336;5485115;1204658176;27967488;1340407808;0;0;0;0;0;0;0;0;0;0;0;4779;0;0;126;0;202;0;
18337;9191074;1204658176;27967488;1340407808;0;0;0;0;0;0;0;0;0;0;0;5020;0;0;126;0;202;0;
18338;7269721;1204658176;27967488;1340407808;0;0;0;0;0;0;0;0;0;0;0;5120;0;0;126;0;202;0;
18339;6005641;1204658176;27967488;1340407808;0;0;0;0;0;0;0;0;0;0;0;3166;0;0;126;0;202;0;
18340;8054964;1204658176;27967488;1340407808;0;0;0;0;0;0;0;0;0;0;0;16982;0;0;126;0;202;0;
18341;6903745;1204658176;27967488;1340407808;0;0;0;0;0;0;0;0;0;0;0;3537;0;0;126;0;202;0;
18342;7891407;1204658176;27967488;1340407808;0;0;0;0;0;0;0;0;0;0;0;4699;0;0;126;0;202;0;
18343;7787051;1204658176;27967488;1340407808;0;0;0;0;0;0;0;0;0;0;0;3798;0;0;126;0;202;0;
18344;4032942;1204658176;27967488;1340407808;0;0;0;0;0;0;0;0;0;0;0;3847;0;0;126;0;202;0;
18345;5805064;1204658176;27967488;1340407808;0;0;0;0;0;0;0;0;0;0;0;2925;0;0;126;0;202;0;
18346;6819778;1204658176;27967488;1340407808;0;0;0;0;0;0;0;0;0;0;0;4008;0;0;126;0;202;0;
18347;6495349;1204658176;27967488;1340407808;0;0;0;0;0;0;0;0;0;0;0;1803;0;0;126;0;202;0;
18348;6391695;1204658176;27967488;1340407808;0;0;0;0;0;0;0;0;0;0;0;3216;0;0;126;0;202;0;
18349;8871765;1204658176;27967488;1340407808;0;0;0;0;0;0;0;0;0;0;0;2725;0;0;126;0;202;0;
18350;5595862;1204658176;27967488;1340407808;0;0;0;0;0;0;0;0;0;0;0;3687;0;0;126;0;202;0;
18351;8826069;1204658176;27967488;1340407808;0;0;0;0;0;0;0;0;0;0;0;230182;0;0;126;0;202;0;
18352;5740674;1204658176;27971584;1340411904;0;0;0;0;0;0;0;0;0;0;0;3887;0;0;126;0;202;0;
18353;8879349;1204658176;27971584;1340411904;0;0;0;0;0;0;0;0;0;0;0;3396;0;0;126;0;202;0;
18354;5999700;1204658176;27971584;1340411904;0;0;0;0;0;0;0;0;0;0;0;4409;0;0;126;0;202;0;
18355;9219066;1204658176;27971584;1340411904;0;0;0;0;0;0;0;0;0;0;0;9778;0;0;126;0;202;0;
18356;5731357;1204658176;27971584;1340411904;0;0;0;0;0;0;0;0;0;0;0;4999;0;0;126;0;202;0;
18357;11185493;1204658176;27971584;1340411904;0;0;0;0;0;0;0;0;0;0;0;3055;0;0;126;0;202;0;
18358;7350423;1204658176;27971584;1340411904;0;0;0;0;0;0;0;0;0;0;0;4608;0;0;126;0;202;0;
18359;5029050;1204658176;27971584;1340411904;0;0;0;0;0;0;0;0;0;0;0;2966;0;0;126;0;202;0;
18360;3594019;1204658176;27967488;1340407808;0;0;0;0;0;0;0;0;0;0;0;2404;0;0;126;0;202;0;
18361;8789711;1204658176;27967488;1340407808;0;0;0;0;0;0;0;0;0;0;0;3997;0;0;126;0;202;0;
18362;5661025;1204658176;27967488;1340407808;0;0;0;0;0;0;0;0;0;0;0;4318;0;0;126;0;202;0;
18363;6228549;1204658176;27967488;1340407808;0;0;0;0;0;0;0;0;0;0;0;3516;0;0;126;0;202;0;
18364;3078342;1204658176;27967488;1340407808;0;0;0;0;0;0;0;0;0;0;0;3126;0;0;126;0;202;0;
18365;7846172;1204658176;27967488;1340407808;0;0;0;0;0;0;0;0;0;0;0;2525;0;0;126;0;202;0;
18366;5332629;1204658176;27967488;1340407808;0;0;0;0;0;0;0;0;0;0;0;4659;0;0;126;0;202;0;
18367;7319695;1204658176;27967488;1340407808;0;0;0;0;0;0;0;0;0;0;0;4148;0;0;126;0;202;0;
18368;6324699;1204658176;27967488;1340407808;0;0;0;0;0;0;0;0;0;0;0;4258;0;0;126;0;202;0;
18369;6833803;1204658176;27967488;1340407808;0;0;0;0;0;0;0;0;0;0;0;3666;0;0;126;0;202;0;
18370;7091236;1204658176;27967488;1340407808;0;0;0;0;0;0;0;0;0;0;0;3697;0;0;126;0;202;0;
18371;8379151;1204658176;27967488;1340407808;0;0;0;0;0;0;0;0;0;0;0;3086;0;0;126;0;202;0;
18372;6927580;1204658176;27967488;1340407808;0;0;0;0;0;0;0;0;0;0;0;4969;0;0;126;0;202;0;
18373;6913904;1204658176;27967488;1340407808;0;0;0;0;0;0;0;0;0;0;0;2916;0;0;126;0;202;0;
18374;4567925;1204658176;27967488;1340407808;0;0;0;0;0;0;0;0;0;0;0;4087;0;0;126;0;202;0;
18375;8887424;1204658176;27967488;1340407808;0;0;0;0;0;0;0;0;0;0;0;2565;0;0;126;0;202;0;
18376;3466149;1204658176;27967488;1340407808;0;0;0;0;0;0;0;0;0;0;0;3537;0;0;126;0;202;0;
18377;7137683;1204658176;27967488;1340407808;0;0;0;0;0;0;0;0;0;0;0;2505;0;0;126;0;202;0;
18378;5521503;1204658176;27967488;1340407808;0;0;0;0;0;0;0;0;0;0;0;4799;0;0;126;0;202;0;
18379;6295174;1204658176;27967488;1340407808;0;0;0;0;0;0;0;0;0;0;0;2325;0;0;126;0;202;0;
18380;4472907;1204658176;27967488;1340407808;0;0;0;0;0;0;0;0;0;0;0;4368;0;0;126;0;202;0;
18381;9641929;1204658176;27967488;1340407808;0;0;0;0;0;0;0;0;0;0;0;5259;0;0;126;0;202;0;
18382;5202675;1204658176;27967488;1340407808;0;0;0;0;0;0;0;0;0;0;0;3427;0;0;126;0;202;0;
18383;6726262;1204658176;27967488;1340407808;0;0;0;0;0;0;0;0;0;0;0;4769;0;0;126;0;202;0;
18384;5689427;1204658176;27967488;1340407808;0;0;0;0;0;0;0;0;0;0;0;4749;0;0;126;0;202;0;
18385;8282580;1204658176;27967488;1340407808;0;0;0;0;0;0;0;0;0;0;0;7003;0;0;126;0;202;0;
18386;9207504;1204658176;27967488;1340407808;0;0;0;0;0;0;0;0;0;0;0;3948;0;0;126;0;202;0;
18387;9650064;1204658176;27967488;1340407808;0;0;0;0;0;0;0;0;0;0;0;3868;0;0;126;0;202;0;
18388;5762846;1204658176;27967488;1340407808;0;0;0;0;0;0;0;0;0;0;0;4709;0;0;126;0;202;0;
18389;8516639;1204658176;27967488;1340407808;0;0;0;0;0;0;0;0;0;0;0;3467;0;0;126;0;202;0;
18390;5190863;1204658176;27967488;1340407808;0;0;0;0;0;0;0;0;0;0;0;3938;0;0;126;0;202;0;
18391;8720601;1204658176;27967488;1340407808;0;0;0;0;0;0;0;0;0;0;0;3567;0;0;126;0;202;0;
18392;6718928;1204658176;27967488;1340407808;0;0;0;0;0;0;0;0;0;0;0;3737;0;0;126;0;202;0;
18393;7287134;1204658176;27967488;1340407808;0;0;0;0;0;0;0;0;0;0;0;5150;0;0;126;0;202;0;
18394;7706450;1204658176;27967488;1340407808;0;0;0;0;0;0;0;0;0;0;0;3607;0;0;126;0;202;0;
18395;8423054;1204658176;27967488;1340407808;0;0;0;0;0;0;0;0;0;0;0;4889;0;0;126;0;202;0;
18396;4729969;1204658176;27967488;1340407808;0;0;0;0;0;0;0;0;0;0;0;3828;0;0;126;0;202;0;
18397;6200125;1204658176;27967488;1340407808;0;0;0;0;0;0;0;0;0;0;0;3566;0;0;126;0;202;0;
18398;5793353;1204658176;27967488;1340407808;0;0;0;0;0;0;0;0;0;0;0;4268;0;0;126;0;202;0;
18399;8209003;1204658176;27967488;1340407808;0;0;0;0;0;0;0;0;0;0;0;3115;0;0;126;0;202;0;
18400;4510016;1204658176;27967488;1340407808;0;0;0;0;0;0;0;0;0;0;0;4548;0;0;126;0;202;0;
18401;5308063;1204658176;27967488;1340407808;0;0;0;0;0;0;0;0;0;0;0;2405;0;0;126;0;202;0;
18402;5560306;1204658176;27967488;1340407808;0;0;0;0;0;0;0;0;0;0;0;3276;0;0;126;0;202;0;
18403;7706971;1204658176;27967488;1340407808;0;0;0;0;0;0;0;0;0;0;0;3567;0;0;126;0;202;0;
18404;5878482;1204658176;27967488;1340407808;0;0;0;0;0;0;0;0;0;0;0;4028;0;0;126;0;202;0;
18405;7500804;1204658176;27967488;1340407808;0;0;0;0;0;0;0;0;0;0;0;3928;0;0;126;0;202;0;
18406;2913332;1204658176;27967488;1340407808;0;0;0;0;0;0;0;0;0;0;0;4188;0;0;126;0;202;0;
18407;7366132;1204658176;27967488;1340407808;0;0;0;0;0;0;0;0;0;0;0;2675;0;0;126;0;202;0;
18408;5276214;1204658176;27967488;1340407808;0;0;0;0;0;0;0;0;0;0;0;4278;0;0;126;0;202;0;
18409;6054653;1204658176;27967488;1340407808;0;0;0;0;0;0;0;0;0;0;0;2625;0;0;126;0;202;0;
18410;6660429;1204658176;27967488;1340407808;0;0;0;0;0;0;0;0;0;0;0;4358;0;0;126;0;202;0;
18411;6544491;1204658176;27967488;1340407808;0;0;0;0;0;0;0;0;0;0;0;3827;0;0;126;0;202;0;
18412;4712266;1204658176;27967488;1340407808;0;0;0;0;0;0;0;0;0;0;0;3466;0;0;126;0;202;0;
18413;7836894;1204658176;27967488;1340407808;0;0;0;0;0;0;0;0;0;0;0;3487;0;0;126;0;202;0;
18414;4685746;1204658176;27967488;1340407808;0;0;0;0;0;0;0;0;0;0;0;3857;0;0;126;0;202;0;
18415;6650079;1204658176;27967488;1340407808;0;0;0;0;0;0;0;0;0;0;0;3105;0;0;126;0;202;0;
18416;5590332;1204658176;27967488;1340407808;0;0;0;0;0;0;0;0;0;0;0;3156;0;0;126;0;202;0;
18417;6307237;1204658176;27967488;1340407808;0;0;0;0;0;0;0;0;0;0;0;2445;0;0;126;0;202;0;
18418;6792777;1204658176;27967488;1340407808;0;0;0;0;0;0;0;0;0;0;0;3586;0;0;126;0;202;0;
18419;8024757;1204658176;27967488;1340407808;0;0;0;0;0;0;0;0;0;0;0;4158;0;0;126;0;202;0;
18420;4844814;1204658176;27967488;1340407808;0;0;0;0;0;0;0;0;0;0;0;3306;0;0;126;0;202;0;
18421;6228679;1204658176;27967488;1340407808;0;0;0;0;0;0;0;0;0;0;0;3025;0;0;126;0;202;0;
18422;8354124;1204658176;27967488;1340407808;0;0;0;0;0;0;0;0;0;0;0;3957;0;0;126;0;202;0;
18423;5409292;1204658176;27967488;1340407808;0;0;0;0;0;0;0;0;0;0;0;3076;0;0;126;0;202;0;
18424;6115707;1204658176;27967488;1340407808;0;0;0;0;0;0;0;0;0;0;0;4638;0;0;126;0;202;0;
18425;7877099;1204658176;27967488;1340407808;0;0;0;0;0;0;0;0;0;0;0;3457;0;0;126;0;202;0;
18426;6575970;1204658176;27967488;1340407808;0;0;0;0;0;0;0;0;0;0;0;4088;0;0;126;0;202;0;
18427;8347212;1204658176;27967488;1340407808;0;0;0;0;0;0;0;0;0;0;0;4639;0;0;126;0;202;0;
18428;4541516;1204658176;27967488;1340407808;0;0;0;0;0;0;0;0;0;0;0;3517;0;0;126;0;202;0;
18429;7432908;1204658176;27967488;1340407808;0;0;0;0;0;0;0;0;0;0;0;3807;0;0;126;0;202;0;
18430;7773566;1204658176;27967488;1340407808;0;0;0;0;0;0;0;0;0;0;0;6963;0;0;126;0;202;0;
18431;5468033;1204658176;27967488;1340407808;0;0;0;0;0;0;0;0;0;0;0;2094;0;0;126;0;202;0;
18432;8940273;1204658176;27967488;1340407808;0;0;0;0;0;0;0;0;0;0;0;3116;0;0;126;0;202;0;
18433;7829661;1204658176;27967488;1340407808;0;0;0;0;0;0;0;0;0;0;0;3126;0;0;126;0;202;0;
18434;4855063;1204658176;27967488;1340407808;0;0;0;0;0;0;0;0;0;0;0;4238;0;0;126;0;202;0;
18435;5431494;1204658176;27967488;1340407808;0;0;0;0;0;0;0;0;0;0;0;2154;0;0;126;0;202;0;
18436;6792015;1204658176;27967488;1340407808;0;0;0;0;0;0;0;0;0;0;0;3767;0;0;126;0;202;0;
18437;5968871;1204658176;27967488;1340407808;0;0;0;0;0;0;0;0;0;0;0;2925;0;0;126;0;202;0;
18438;8395462;1204658176;27967488;1340407808;0;0;0;0;0;0;0;0;0;0;0;3427;0;0;126;0;202;0;
18439;7477010;1204658176;27967488;1340407808;0;0;0;0;0;0;0;0;0;0;0;2344;0;0;126;0;202;0;
18440;5688096;1204658176;27967488;1340407808;0;0;0;0;0;0;0;0;0;0;0;3947;0;0;126;0;202;0;
18441;8742272;1204658176;27967488;1340407808;0;0;0;0;0;0;0;0;0;0;0;3606;0;0;126;0;202;0;
18442;5011347;1204658176;27967488;1340407808;0;0;0;0;0;0;0;0;0;0;0;4187;0;0;126;0;202;0;
18443;8710743;1204658176;27967488;1340407808;0;0;0;0;0;0;0;0;0;0;0;4448;0;0;126;0;202;0;
18444;3468233;1204658176;27967488;1340407808;0;0;0;0;0;0;0;0;0;0;0;4298;0;0;126;0;202;0;
18445;9522525;1204658176;27967488;1340407808;0;0;0;0;0;0;0;0;0;0;0;3617;0;0;126;0;202;0;
18446;3353859;1204658176;27967488;1340407808;0;0;0;0;0;0;0;0;0;0;0;10379;0;0;126;0;202;0;
18447;7013160;1204658176;27967488;1340407808;0;0;0;0;0;0;0;0;0;0;0;3266;0;0;126;0;202;0;
18448;5707783;1204658176;27967488;1340407808;0;0;0;0;0;0;0;0;0;0;0;4008;0;0;126;0;202;0;
18449;8940453;1204658176;27967488;1340407808;0;0;0;0;0;0;0;0;0;0;0;3988;0;0;126;0;202;0;
18450;6304051;1204658176;27967488;1340407808;0;0;0;0;0;0;0;0;0;0;0;4238;0;0;126;0;202;0;
18451;7974743;1204658176;27967488;1340407808;0;0;0;0;0;0;0;0;0;0;0;4018;0;0;126;0;202;0;
18452;5628274;1204658176;27967488;1340407808;0;0;0;0;0;0;0;0;0;0;0;3115;0;0;126;0;202;0;
18453;7349881;1204658176;27967488;1340407808;0;0;0;0;0;0;0;0;0;0;0;4438;0;0;126;0;202;0;
18454;7911244;1204658176;27967488;1340407808;0;0;0;0;0;0;0;0;0;0;0;3216;0;0;126;0;202;0;
18455;7577108;1204658176;27967488;1340407808;0;0;0;0;0;0;0;0;0;0;0;5099;0;0;126;0;202;0;
18456;6203783;1204658176;27967488;1340407808;0;0;0;0;0;0;0;0;0;0;0;3647;0;0;126;0;202;0;
18457;7248942;1204658176;27967488;1340407808;0;0;0;0;0;0;0;0;0;0;0;2204;0;0;126;0;202;0;
18458;6713769;1204658176;27967488;1340407808;0;0;0;0;0;0;0;0;0;0;0;4849;0;0;126;0;202;0;
18459;8946846;1204658176;27967488;1340407808;0;0;0;0;0;0;0;0;0;0;0;4719;0;0;126;0;202;0;
18460;7655935;1204658176;27967488;1340407808;0;0;0;0;0;0;0;0;0;0;0;3778;0;0;126;0;202;0;
18461;7267948;1204658176;27967488;1340407808;0;0;0;0;0;0;0;0;0;0;0;2896;0;0;126;0;202;0;
18462;6493285;1204658176;27967488;1340407808;0;0;0;0;0;0;0;0;0;0;0;3827;0;0;126;0;202;0;
18463;6782678;1204658176;27967488;1340407808;0;0;0;0;0;0;0;0;0;0;0;3607;0;0;126;0;202;0;
18464;3364719;1204658176;27967488;1340407808;0;0;0;0;0;0;0;0;0;0;0;3436;0;0;126;0;202;0;
18465;6294001;1204658176;27967488;1340407808;0;0;0;0;0;0;0;0;0;0;0;2184;0;0;126;0;202;0;
18466;6614202;1204658176;27967488;1340407808;0;0;0;0;0;0;0;0;0;0;0;3937;0;0;126;0;202;0;
18467;8579146;1204658176;27967488;1340407808;0;0;0;0;0;0;0;0;0;0;0;1884;0;0;126;0;202;0;
18468;5741716;1204658176;27967488;1340407808;0;0;0;0;0;0;0;0;0;0;0;3397;0;0;126;0;202;0;
18469;6921458;1204658176;27967488;1340407808;0;0;0;0;0;0;0;0;0;0;0;2695;0;0;126;0;202;0;
18470;5152932;1204658176;27967488;1340407808;0;0;0;0;0;0;0;0;0;0;0;4398;0;0;126;0;202;0;
18471;8198463;1204658176;27967488;1340407808;0;0;0;0;0;0;0;0;0;0;0;2385;0;0;126;0;202;0;
18472;6133831;1204658176;27967488;1340407808;0;0;0;0;0;0;0;0;0;0;0;4098;0;0;126;0;202;0;
18473;8771657;1204658176;27967488;1340407808;0;0;0;0;0;0;0;0;0;0;0;4088;0;0;126;0;202;0;
18474;7019573;1204658176;27967488;1340407808;0;0;0;0;0;0;0;0;0;0;0;4168;0;0;126;0;202;0;
18475;5442485;1204658176;27967488;1340407808;0;0;0;0;0;0;0;0;0;0;0;2926;0;0;126;0;202;0;
18476;8101851;1204658176;27967488;1340407808;0;0;0;0;0;0;0;0;0;0;0;3256;0;0;126;0;202;0;
18477;8094959;1204658176;27971584;1340411904;0;0;0;0;0;0;0;0;0;0;0;3346;0;0;126;0;202;0;
18478;5585724;1204658176;27975680;1340416000;0;0;0;0;0;0;0;0;0;0;0;4369;0;0;126;0;202;0;
18479;6902072;1204658176;27975680;1340416000;0;0;0;0;0;0;0;0;0;0;0;4038;0;0;126;0;202;0;
18480;8550262;1204658176;27975680;1340416000;0;0;0;0;0;0;0;0;0;0;0;3767;0;0;126;0;202;0;
18481;6972985;1204658176;27975680;1340416000;0;0;0;0;0;0;0;0;0;0;0;2996;0;0;126;0;202;0;
18482;5864216;1204658176;27975680;1340416000;0;0;0;0;0;0;0;0;0;0;0;3026;0;0;126;0;202;0;
18483;7135239;1204658176;27975680;1340416000;0;0;0;0;0;0;0;0;0;0;0;2285;0;0;126;0;202;0;
18484;4389240;1204658176;27967488;1340407808;0;0;0;0;0;0;0;0;0;0;0;4108;0;0;126;0;202;0;
18485;8487956;1204658176;27967488;1340407808;0;0;0;0;0;0;0;0;0;0;0;4038;0;0;126;0;202;0;
18486;3266204;1204658176;27967488;1340407808;0;0;0;0;0;0;0;0;0;0;0;3447;0;0;126;0;202;0;
18487;8699622;1204658176;27967488;1340407808;0;0;0;0;0;0;0;0;0;0;0;4929;0;0;126;0;202;0;
18488;3809263;1204658176;27967488;1340407808;0;0;0;0;0;0;0;0;0;0;0;3517;0;0;126;0;202;0;
18489;7417197;1204658176;27967488;1340407808;0;0;0;0;0;0;0;0;0;0;0;3467;0;0;126;0;202;0;
18490;4828474;1204658176;27967488;1340407808;0;0;0;0;0;0;0;0;0;0;0;3887;0;0;126;0;202;0;
18491;8752351;1204658176;27967488;1340407808;0;0;0;0;0;0;0;0;0;0;0;4017;0;0;126;0;202;0;
18492;3608446;1204658176;27967488;1340407808;0;0;0;0;0;0;0;0;0;0;0;3417;0;0;126;0;202;0;
18493;7473753;1204658176;27967488;1340407808;0;0;0;0;0;0;0;0;0;0;0;2796;0;0;126;0;202;0;
18494;5263449;1204658176;27967488;1340407808;0;0;0;0;0;0;0;0;0;0;0;4609;0;0;126;0;202;0;
18495;8973936;1204658176;27967488;1340407808;0;0;0;0;0;0;0;0;0;0;0;3136;0;0;126;0;202;0;
18496;6715081;1204658176;27967488;1340407808;0;0;0;0;0;0;0;0;0;0;0;3417;0;0;126;0;202;0;
18497;7312201;1204658176;27967488;1340407808;0;0;0;0;0;0;0;0;0;0;0;2945;0;0;126;0;202;0;
18498;6189426;1204658176;27967488;1340407808;0;0;0;0;0;0;0;0;0;0;0;3467;0;0;126;0;202;0;
18499;7601132;1204658176;27967488;1340407808;0;0;0;0;0;0;0;0;0;0;0;3928;0;0;126;0;202;0;
18500;5924338;1204658176;27967488;1340407808;0;0;0;0;0;0;0;0;0;0;0;3998;0;0;126;0;202;0;
18501;5358307;1204658176;27967488;1340407808;0;0;0;0;0;0;0;0;0;0;0;3026;0;0;126;0;202;0;
18502;5517085;1204658176;27967488;1340407808;0;0;0;0;0;0;0;0;0;0;0;3407;0;0;126;0;202;0;
18503;9372994;1204658176;27967488;1340407808;0;0;0;0;0;0;0;0;0;0;0;4167;0;0;126;0;202;0;
18504;5852534;1204658176;27967488;1340407808;0;0;0;0;0;0;0;0;0;0;0;3677;0;0;126;0;202;0;
18505;6651191;1204658176;27967488;1340407808;0;0;0;0;0;0;0;0;0;0;0;3146;0;0;126;0;202;0;
18506;8061996;1204658176;27967488;1340407808;0;0;0;0;0;0;0;0;0;0;0;3567;0;0;126;0;202;0;
18507;7329413;1204658176;27967488;1340407808;0;0;0;0;0;0;0;0;0;0;0;1963;0;0;126;0;202;0;
18508;8548449;1204658176;27967488;1340407808;0;0;0;0;0;0;0;0;0;0;0;4298;0;0;126;0;202;0;
18509;8256701;1204658176;27967488;1340407808;0;0;0;0;0;0;0;0;0;0;0;3497;0;0;126;0;202;0;
18510;8923402;1204658176;27967488;1340407808;0;0;0;0;0;0;0;0;0;0;0;3797;0;0;126;0;202;0;
18511;7848126;1204658176;27967488;1340407808;0;0;0;0;0;0;0;0;0;0;0;3276;0;0;126;0;202;0;
18512;6057549;1204658176;27967488;1340407808;0;0;0;0;0;0;0;0;0;0;0;3947;0;0;126;0;202;0;
18513;6710452;1204658176;27967488;1340407808;0;0;0;0;0;0;0;0;0;0;0;3436;0;0;126;0;202;0;
18514;7048487;1204658176;27967488;1340407808;0;0;0;0;0;0;0;0;0;0;0;5030;0;0;126;0;202;0;
18515;6716494;1204658176;27967488;1340407808;0;0;0;0;0;0;0;0;0;0;0;3095;0;0;126;0;202;0;
18516;5790297;1204658176;27967488;1340407808;0;0;0;0;0;0;0;0;0;0;0;3556;0;0;126;0;202;0;
18517;7594139;1204658176;27967488;1340407808;0;0;0;0;0;0;0;0;0;0;0;3376;0;0;126;0;202;0;
18518;5539678;1204658176;27967488;1340407808;0;0;0;0;0;0;0;0;0;0;0;4468;0;0;126;0;202;0;
18519;8165330;1204658176;27967488;1340407808;0;0;0;0;0;0;0;0;0;0;0;4608;0;0;126;0;202;0;
18520;6363462;1204658176;27967488;1340407808;0;0;0;0;0;0;0;0;0;0;0;4047;0;0;126;0;202;0;
18521;7871139;1204658176;27967488;1340407808;0;0;0;0;0;0;0;0;0;0;0;3276;0;0;126;0;202;0;
18522;5316118;1204658176;27967488;1340407808;0;0;0;0;0;0;0;0;0;0;0;4038;0;0;126;0;202;0;
18523;8946184;1204658176;27967488;1340407808;0;0;0;0;0;0;0;0;0;0;0;3858;0;0;126;0;202;0;
18524;5328661;1204658176;27967488;1340407808;0;0;0;0;0;0;0;0;0;0;0;4429;0;0;126;0;202;0;
18525;8841498;1204658176;27967488;1340407808;0;0;0;0;0;0;0;0;0;0;0;3387;0;0;126;0;202;0;
18526;7865318;1204658176;27967488;1340407808;0;0;0;0;0;0;0;0;0;0;0;3577;0;0;126;0;202;0;
18527;8020508;1204658176;27967488;1340407808;0;0;0;0;0;0;0;0;0;0;0;4348;0;0;126;0;202;0;
18528;7218115;1204658176;27967488;1340407808;0;0;0;0;0;0;0;0;0;0;0;4147;0;0;126;0;202;0;
18529;7354761;1204658176;27967488;1340407808;0;0;0;0;0;0;0;0;0;0;0;3767;0;0;126;0;202;0;
18530;7902087;1204658176;27967488;1340407808;0;0;0;0;0;0;0;0;0;0;0;4258;0;0;126;0;202;0;
18531;5984802;1204658176;27967488;1340407808;0;0;0;0;0;0;0;0;0;0;0;2915;0;0;126;0;202;0;
18532;7510032;1204658176;27967488;1340407808;0;0;0;0;0;0;0;0;0;0;0;4799;0;0;126;0;202;0;
18533;7333200;1204658176;27967488;1340407808;0;0;0;0;0;0;0;0;0;0;0;3958;0;0;126;0;202;0;
18534;5886738;1204658176;27967488;1340407808;0;0;0;0;0;0;0;0;0;0;0;4579;0;0;126;0;202;0;
18535;7334292;1204658176;27967488;1340407808;0;0;0;0;0;0;0;0;0;0;0;4609;0;0;126;0;202;0;
18536;6213731;1204658176;27967488;1340407808;0;0;0;0;0;0;0;0;0;0;0;3517;0;0;126;0;202;0;
18537;7656456;1204658176;27967488;1340407808;0;0;0;0;0;0;0;0;0;0;0;2355;0;0;126;0;202;0;
18538;5991905;1204658176;27967488;1340407808;0;0;0;0;0;0;0;0;0;0;0;3817;0;0;126;0;202;0;
18539;8604975;1204658176;27967488;1340407808;0;0;0;0;0;0;0;0;0;0;0;3176;0;0;126;0;202;0;
18540;6414417;1204658176;27967488;1340407808;0;0;0;0;0;0;0;0;0;0;0;4358;0;0;126;0;202;0;
18541;6623910;1204658176;27967488;1340407808;0;0;0;0;0;0;0;0;0;0;0;3717;0;0;126;0;202;0;
18542;7431114;1204658176;27967488;1340407808;0;0;0;0;0;0;0;0;0;0;0;3617;0;0;126;0;202;0;
18543;9191074;1204658176;27967488;1340407808;0;0;0;0;0;0;0;0;0;0;0;3818;0;0;126;0;202;0;
18544;5772864;1204658176;27967488;1340407808;0;0;0;0;0;0;0;0;0;0;0;3567;0;0;126;0;202;0;
18545;8642505;1204658176;27967488;1340407808;0;0;0;0;0;0;0;0;0;0;0;4388;0;0;126;0;202;0;
18546;5846462;1204658176;27967488;1340407808;0;0;0;0;0;0;0;0;0;0;0;4869;0;0;126;0;202;0;
18547;7728771;1204658176;27967488;1340407808;0;0;0;0;0;0;0;0;0;0;0;5279;0;0;126;0;202;0;
18548;4245301;1204658176;27967488;1340407808;0;0;0;0;0;0;0;0;0;0;0;3797;0;0;126;0;202;0;
18549;8575520;1204658176;27971584;1340411904;0;0;0;0;0;0;0;0;0;0;0;3386;0;0;126;0;202;0;
18550;3900463;1204658176;27975680;1340416000;0;0;0;0;0;0;0;0;0;0;0;3166;0;0;126;0;202;0;
18551;7084735;1204658176;27975680;1340416000;0;0;0;0;0;0;0;0;0;0;0;3146;0;0;126;0;202;0;
18552;7115953;1204658176;27975680;1340416000;0;0;0;0;0;0;0;0;0;0;0;3256;0;0;126;0;202;0;
18553;7257087;1204658176;27975680;1340416000;0;0;0;0;0;0;0;0;0;0;0;2304;0;0;126;0;202;0;
18554;6017313;1204658176;27975680;1340416000;0;0;0;0;0;0;0;0;0;0;0;4439;0;0;126;0;202;0;
18555;11148374;1204658176;27975680;1340416000;0;0;0;0;0;0;0;0;0;0;0;4629;0;0;126;0;202;0;
18556;6977022;1204658176;27967488;1340407808;0;0;0;0;0;0;0;0;0;0;0;3367;0;0;126;0;202;0;
18557;7733871;1204658176;27967488;1340407808;0;0;0;0;0;0;0;0;0;0;0;4208;0;0;126;0;202;0;
18558;8758553;1204658176;27967488;1340407808;0;0;0;0;0;0;0;0;0;0;0;4178;0;0;126;0;202;0;
18559;7000447;1204658176;27967488;1340407808;0;0;0;0;0;0;0;0;0;0;0;3527;0;0;126;0;202;0;
18560;6750477;1204658176;27967488;1340407808;0;0;0;0;0;0;0;0;0;0;0;3317;0;0;126;0;202;0;
18561;7933636;1206005760;27967488;1340407808;0;0;0;0;0;0;0;0;0;0;0;4538;0;0;126;0;202;0;
18562;6768451;1206005760;27967488;1340407808;0;0;0;0;0;0;0;0;0;0;0;4318;0;0;126;0;202;0;
18563;8530064;1206005760;27967488;1340407808;0;0;0;0;0;0;0;0;0;0;0;3897;0;0;126;0;202;0;
18564;5568762;1206005760;27967488;1340407808;0;0;0;0;0;0;0;0;0;0;0;3366;0;0;126;0;202;0;
18565;9253440;1206005760;27967488;1340407808;0;0;0;0;0;0;0;0;0;0;0;3115;0;0;126;0;202;0;
18566;5851652;1206005760;27967488;1340407808;0;0;0;0;0;0;0;0;0;0;0;3206;0;0;126;0;202;0;
18567;7972639;1206005760;27967488;1340407808;0;0;0;0;0;0;0;0;0;0;0;2815;0;0;126;0;202;0;
18568;4524293;1206005760;27967488;1340407808;0;0;0;0;0;0;0;0;0;0;0;3697;0;0;126;0;202;0;
18569;5792671;1206005760;27967488;1340407808;0;0;0;0;0;0;0;0;0;0;0;2435;0;0;126;0;202;0;
18570;6314199;1206005760;27967488;1340407808;0;0;0;0;0;0;0;0;0;0;0;4158;0;0;126;0;202;0;
18571;5039309;1206005760;27967488;1340407808;0;0;0;0;0;0;0;0;0;0;0;2965;0;0;126;0;202;0;
18572;6238978;1206005760;27967488;1340407808;0;0;0;0;0;0;0;0;0;0;0;5190;0;0;126;0;202;0;
18573;6500398;1206005760;27967488;1340407808;0;0;0;0;0;0;0;0;0;0;0;4308;0;0;126;0;202;0;
18574;4646753;1206005760;27967488;1340407808;0;0;0;0;0;0;0;0;0;0;0;4368;0;0;126;0;202;0;
18575;7958112;1206005760;27967488;1340407808;0;0;0;0;0;0;0;0;0;0;0;2415;0;0;126;0;202;0;
18576;5194981;1206005760;27967488;1340407808;0;0;0;0;0;0;0;0;0;0;0;4659;0;0;126;0;202;0;
18577;6681859;1206005760;27967488;1340407808;0;0;0;0;0;0;0;0;0;0;0;2004;0;0;126;0;202;0;
18578;5389395;1206005760;27967488;1340407808;0;0;0;0;0;0;0;0;0;0;0;4839;0;0;126;0;202;0;
18579;5540709;1206005760;27967488;1340407808;0;0;0;0;0;0;0;0;0;0;0;2294;0;0;126;0;202;0;
18580;5739031;1206005760;27967488;1340407808;0;0;0;0;0;0;0;0;0;0;0;4358;0;0;126;0;202;0;
18581;7748379;1206005760;27967488;1340407808;0;0;0;0;0;0;0;0;0;0;0;3186;0;0;126;0;202;0;
18582;6060463;1206005760;27967488;1340407808;0;0;0;0;0;0;0;0;0;0;0;3186;0;0;126;0;202;0;
18583;5456812;1206005760;27967488;1340407808;0;0;0;0;0;0;0;0;0;0;0;2635;0;0;126;0;202;0;
18584;4915336;1206005760;27967488;1340407808;0;0;0;0;0;0;0;0;0;0;0;4528;0;0;126;0;202;0;
18585;8389210;1206005760;27967488;1340407808;0;0;0;0;0;0;0;0;0;0;0;2685;0;0;126;0;202;0;
18586;4171231;1206005760;27967488;1340407808;0;0;0;0;0;0;0;0;0;0;0;3697;0;0;126;0;202;0;
18587;8204965;1206005760;27967488;1340407808;0;0;0;0;0;0;0;0;0;0;0;3035;0;0;126;0;202;0;
18588;5310247;1206005760;27967488;1340407808;0;0;0;0;0;0;0;0;0;0;0;4137;0;0;126;0;202;0;
18589;8296306;1206005760;27967488;1340407808;0;0;0;0;0;0;0;0;0;0;0;4118;0;0;126;0;202;0;
18590;5250224;1206005760;27967488;1340407808;0;0;0;0;0;0;0;0;0;0;0;4368;0;0;126;0;202;0;
18591;8541014;1206005760;27967488;1340407808;0;0;0;0;0;0;0;0;0;0;0;3297;0;0;126;0;202;0;
18592;5670523;1206005760;27967488;1340407808;0;0;0;0;0;0;0;0;0;0;0;3246;0;0;126;0;202;0;
18593;7806938;1206005760;27967488;1340407808;0;0;0;0;0;0;0;0;0;0;0;2314;0;0;126;0;202;0;
18594;6100249;1206005760;27967488;1340407808;0;0;0;0;0;0;0;0;0;0;0;4037;0;0;126;0;202;0;
18595;9761723;1206005760;27967488;1340407808;0;0;0;0;0;0;0;0;0;0;0;2504;0;0;126;0;202;0;
18596;4636083;1206005760;27967488;1340407808;0;0;0;0;0;0;0;0;0;0;0;4118;0;0;126;0;202;0;
18597;6251942;1206005760;27967488;1340407808;0;0;0;0;0;0;0;0;0;0;0;2465;0;0;126;0;202;0;
18598;7413681;1206005760;27967488;1340407808;0;0;0;0;0;0;0;0;0;0;0;5160;0;0;126;0;202;0;
18599;7286222;1206005760;27967488;1340407808;0;0;0;0;0;0;0;0;0;0;0;3627;0;0;126;0;202;0;
18600;6526457;1206005760;27967488;1340407808;0;0;0;0;0;0;0;0;0;0;0;4348;0;0;126;0;202;0;
18601;8938470;1206005760;27967488;1340407808;0;0;0;0;0;0;0;0;0;0;0;4248;0;0;126;0;202;0;
18602;4578084;1206005760;27967488;1340407808;0;0;0;0;0;0;0;0;0;0;0;3707;0;0;126;0;202;0;
18603;7403992;1206005760;27967488;1340407808;0;0;0;0;0;0;0;0;0;0;0;3226;0;0;126;0;202;0;
18604;6645902;1206005760;27967488;1340407808;0;0;0;0;0;0;0;0;0;0;0;3997;0;0;126;0;202;0;
18605;6463419;1206005760;27967488;1340407808;0;0;0;0;0;0;0;0;0;0;0;2765;0;0;126;0;202;0;
18606;6538339;1206005760;27967488;1340407808;0;0;0;0;0;0;0;0;0;0;0;3928;0;0;126;0;202;0;
18607;7364649;1206005760;27967488;1340407808;0;0;0;0;0;0;0;0;0;0;0;2224;0;0;126;0;202;0;
18608;6407635;1206005760;27967488;1340407808;0;0;0;0;0;0;0;0;0;0;0;4378;0;0;126;0;202;0;
18609;7016066;1206005760;27967488;1340407808;0;0;0;0;0;0;0;0;0;0;0;2585;0;0;126;0;202;0;
18610;5222072;1206005760;27967488;1340407808;0;0;0;0;0;0;0;0;0;0;0;4158;0;0;126;0;202;0;
18611;10318368;1206005760;27967488;1340407808;0;0;0;0;0;0;0;0;0;0;0;5230;0;0;126;0;202;0;
18612;3846612;1206005760;27967488;1340407808;0;0;0;0;0;0;0;0;0;0;0;3978;0;0;126;0;202;0;
18613;8915938;1206005760;27967488;1340407808;0;0;0;0;0;0;0;0;0;0;0;2785;0;0;126;0;202;0;
18614;4927950;1206005760;27967488;1340407808;0;0;0;0;0;0;0;0;0;0;0;4058;0;0;126;0;202;0;
18615;7422467;1206005760;27967488;1340407808;0;0;0;0;0;0;0;0;0;0;0;3737;0;0;126;0;202;0;
18616;5538084;1206005760;27967488;1340407808;0;0;0;0;0;0;0;0;0;0;0;4589;0;0;126;0;202;0;
18617;6442079;1206005760;27967488;1340407808;0;0;0;0;0;0;0;0;0;0;0;4859;0;0;126;0;202;0;
18618;4080341;1206005760;27967488;1340407808;0;0;0;0;0;0;0;0;0;0;0;3877;0;0;126;0;202;0;
18619;7822417;1206005760;27967488;1340407808;0;0;0;0;0;0;0;0;0;0;0;3827;0;0;126;0;202;0;
18620;6069040;1206005760;27967488;1340407808;0;0;0;0;0;0;0;0;0;0;0;3907;0;0;126;0;202;0;
18621;6919745;1206005760;27967488;1340407808;0;0;0;0;0;0;0;0;0;0;0;3467;0;0;126;0;202;0;
18622;5568801;1206005760;27967488;1340407808;0;0;0;0;0;0;0;0;0;0;0;3407;0;0;126;0;202;0;
18623;8742412;1206005760;27967488;1340407808;0;0;0;0;0;0;0;0;0;0;0;4869;0;0;126;0;202;0;
18624;5017638;1206005760;27967488;1340407808;0;0;0;0;0;0;0;0;0;0;0;4278;0;0;126;0;202;0;
18625;9456602;1206005760;27967488;1340407808;0;0;0;0;0;0;0;0;0;0;0;4408;0;0;126;0;202;0;
18626;7030532;1206005760;27967488;1340407808;0;0;0;0;0;0;0;0;0;0;0;4418;0;0;126;0;202;0;
18627;8368431;1206005760;27967488;1340407808;0;0;0;0;0;0;0;0;0;0;0;4539;0;0;126;0;202;0;
18628;7749180;1206005760;27967488;1340407808;0;0;0;0;0;0;0;0;0;0;0;3327;0;0;126;0;202;0;
18629;10425939;1206005760;27967488;1340407808;0;0;0;0;0;0;0;0;0;0;0;3266;0;0;126;0;202;0;
18630;7155958;1206005760;27967488;1340407808;0;0;0;0;0;0;0;0;0;0;0;4579;0;0;126;0;202;0;
18631;6675968;1206005760;27967488;1340407808;0;0;0;0;0;0;0;0;0;0;0;3136;0;0;126;0;202;0;
18632;7610630;1206005760;27967488;1340407808;0;0;0;0;0;0;0;0;0;0;0;3627;0;0;126;0;202;0;
18633;8616667;1206005760;27967488;1340407808;0;0;0;0;0;0;0;0;0;0;0;3537;0;0;126;0;202;0;
18634;6925356;1206005760;27967488;1340407808;0;0;0;0;0;0;0;0;0;0;0;4088;0;0;126;0;202;0;
18635;6195176;1206005760;27967488;1340407808;0;0;0;0;0;0;0;0;0;0;0;2786;0;0;126;0;202;0;
18636;7838818;1206005760;27967488;1340407808;0;0;0;0;0;0;0;0;0;0;0;3596;0;0;126;0;202;0;
18637;8402425;1206005760;27967488;1340407808;0;0;0;0;0;0;0;0;0;0;0;3227;0;0;126;0;202;0;
18638;7053376;1206005760;27967488;1340407808;0;0;0;0;0;0;0;0;0;0;0;4349;0;0;126;0;202;0;
18639;7089794;1206005760;27967488;1340407808;0;0;0;0;0;0;0;0;0;0;0;2434;0;0;126;0;202;0;
18640;7516424;1206005760;27967488;1340407808;0;0;0;0;0;0;0;0;0;0;0;2986;0;0;126;0;202;0;
18641;7921804;1206005760;27967488;1340407808;0;0;0;0;0;0;0;0;0;0;0;2926;0;0;126;0;202;0;
18642;7141170;1206005760;27967488;1340407808;0;0;0;0;0;0;0;0;0;0;0;4198;0;0;126;0;202;0;
18643;8672151;1206005760;27967488;1340407808;0;0;0;0;0;0;0;0;0;0;0;2835;0;0;126;0;202;0;
18644;5749501;1206005760;27967488;1340407808;0;0;0;0;0;0;0;0;0;0;0;3737;0;0;126;0;202;0;
18645;8645712;1206005760;27967488;1340407808;0;0;0;0;0;0;0;0;0;0;0;3907;0;0;126;0;202;0;
18646;5891116;1206005760;27967488;1340407808;0;0;0;0;0;0;0;0;0;0;0;3316;0;0;126;0;202;0;
18647;8961413;1206005760;27967488;1340407808;0;0;0;0;0;0;0;0;0;0;0;3517;0;0;126;0;202;0;
18648;3725125;1206005760;27967488;1340407808;0;0;0;0;0;0;0;0;0;0;0;3637;0;0;126;0;202;0;
18649;14739668;1206005760;27967488;1340407808;0;0;0;0;0;0;0;0;0;0;0;3316;0;0;126;0;202;0;
18650;6479640;1206005760;27967488;1340407808;0;0;0;0;0;0;0;0;0;0;0;3677;0;0;126;0;202;0;
18651;8162765;1206005760;27967488;1340407808;0;0;0;0;0;0;0;0;0;0;0;4709;0;0;126;0;202;0;
18652;6240100;1206005760;27967488;1340407808;0;0;0;0;0;0;0;0;0;0;0;3256;0;0;126;0;202;0;
18653;7890455;1206005760;27967488;1340407808;0;0;0;0;0;0;0;0;0;0;0;4058;0;0;126;0;202;0;
18654;6883767;1206005760;27967488;1340407808;0;0;0;0;0;0;0;0;0;0;0;3887;0;0;126;0;202;0;
18655;8416561;1206005760;27967488;1340407808;0;0;0;0;0;0;0;0;0;0;0;3717;0;0;126;0;202;0;
18656;8839404;1206005760;27967488;1340407808;0;0;0;0;0;0;0;0;0;0;0;4098;0;0;126;0;202;0;
18657;7477110;1206005760;27967488;1340407808;0;0;0;0;0;0;0;0;0;0;0;3306;0;0;126;0;202;0;
18658;8959109;1206005760;27967488;1340407808;0;0;0;0;0;0;0;0;0;0;0;3617;0;0;126;0;202;0;
18659;5367014;1206005760;27967488;1340407808;0;0;0;0;0;0;0;0;0;0;0;3576;0;0;126;0;202;0;
18660;6934342;1206005760;27967488;1340407808;0;0;0;0;0;0;0;0;0;0;0;3537;0;0;126;0;202;0;
18661;6698540;1206005760;27967488;1340407808;0;0;0;0;0;0;0;0;0;0;0;3286;0;0;126;0;202;0;
18662;7094803;1206005760;27967488;1340407808;0;0;0;0;0;0;0;0;0;0;0;4468;0;0;126;0;202;0;
18663;6780725;1206005760;27967488;1340407808;0;0;0;0;0;0;0;0;0;0;0;2665;0;0;126;0;202;0;
18664;5835682;1206005760;27967488;1340407808;0;0;0;0;0;0;0;0;0;0;0;4419;0;0;126;0;202;0;
18665;7834600;1206005760;27967488;1340407808;0;0;0;0;0;0;0;0;0;0;0;4468;0;0;126;0;202;0;
18666;3641678;1206005760;27967488;1340407808;0;0;0;0;0;0;0;0;0;0;0;46397;0;0;126;0;202;0;
18667;9264822;1206005760;27967488;1340407808;0;0;0;0;0;0;0;0;0;0;0;5781;0;0;126;0;202;0;
18668;6302889;1206005760;27967488;1340407808;0;0;0;0;0;0;0;0;0;0;0;4188;0;0;126;0;202;0;
18669;7436543;1206005760;27967488;1340407808;0;0;0;0;0;0;0;0;0;0;0;3276;0;0;126;0;202;0;
18670;6100679;1206005760;27967488;1340407808;0;0;0;0;0;0;0;0;0;0;0;3577;0;0;126;0;202;0;
18671;7230949;1206005760;27967488;1340407808;0;0;0;0;0;0;0;0;0;0;0;3476;0;0;126;0;202;0;
18672;5492398;1206005760;27967488;1340407808;0;0;0;0;0;0;0;0;0;0;0;3727;0;0;126;0;202;0;
18673;8559520;1206005760;27967488;1340407808;0;0;0;0;0;0;0;0;0;0;0;3887;0;0;126;0;202;0;
18674;3538565;1206005760;27967488;1340407808;0;0;0;0;0;0;0;0;0;0;0;3356;0;0;126;0;202;0;
18675;9128626;1206005760;27967488;1340407808;0;0;0;0;0;0;0;0;0;0;0;4048;0;0;126;0;202;0;
18676;5494282;1206005760;27967488;1340407808;0;0;0;0;0;0;0;0;0;0;0;4068;0;0;126;0;202;0;
18677;7366623;1206005760;27967488;1340407808;0;0;0;0;0;0;0;0;0;0;0;3406;0;0;126;0;202;0;
18678;4060724;1206005760;27967488;1340407808;0;0;0;0;0;0;0;0;0;0;0;3496;0;0;126;0;202;0;
18679;6632637;1206005760;27967488;1340407808;0;0;0;0;0;0;0;0;0;0;0;2725;0;0;126;0;202;0;
18680;5252669;1206005760;27967488;1340407808;0;0;0;0;0;0;0;0;0;0;0;5089;0;0;126;0;202;0;
18681;6926367;1206005760;27967488;1340407808;0;0;0;0;0;0;0;0;0;0;0;2915;0;0;126;0;202;0;
18682;4835026;1206005760;27967488;1340407808;0;0;0;0;0;0;0;0;0;0;0;4098;0;0;126;0;202;0;
18683;7365030;1206005760;27967488;1340407808;0;0;0;0;0;0;0;0;0;0;0;2886;0;0;126;0;202;0;
18684;6576912;1206005760;27967488;1340407808;0;0;0;0;0;0;0;0;0;0;0;3547;0;0;126;0;202;0;
18685;6382437;1206005760;27967488;1340407808;0;0;0;0;0;0;0;0;0;0;0;4709;0;0;126;0;202;0;
18686;5661866;1206005760;27967488;1340407808;0;0;0;0;0;0;0;0;0;0;0;2976;0;0;126;0;202;0;
18687;8005461;1206005760;27967488;1340407808;0;0;0;0;0;0;0;0;0;0;0;3266;0;0;126;0;202;0;
18688;3909210;1206005760;27967488;1340407808;0;0;0;0;0;0;0;0;0;0;0;3286;0;0;126;0;202;0;
18689;6936987;1206005760;27967488;1340407808;0;0;0;0;0;0;0;0;0;0;0;2465;0;0;126;0;202;0;
18690;5674510;1206005760;27967488;1340407808;0;0;0;0;0;0;0;0;0;0;0;4288;0;0;126;0;202;0;
18691;7158943;1206005760;27967488;1340407808;0;0;0;0;0;0;0;0;0;0;0;2795;0;0;126;0;202;0;
18692;5764999;1206005760;27967488;1340407808;0;0;0;0;0;0;0;0;0;0;0;3647;0;0;126;0;202;0;
18693;6569188;1206005760;27967488;1340407808;0;0;0;0;0;0;0;0;0;0;0;2565;0;0;126;0;202;0;
18694;4876173;1206005760;27967488;1340407808;0;0;0;0;0;0;0;0;0;0;0;4508;0;0;126;0;202;0;
18695;8967124;1206005760;27971584;1340411904;0;0;0;0;0;0;0;0;0;0;0;3537;0;0;126;0;202;0;
18696;5109891;1206005760;27975680;1340416000;0;0;0;0;0;0;0;0;0;0;0;4017;0;0;126;0;202;0;
18697;8976181;1206005760;27975680;1340416000;0;0;0;0;0;0;0;0;0;0;0;3015;0;0;126;0;202;0;
18698;4897614;1206005760;27975680;1340416000;0;0;0;0;0;0;0;0;0;0;0;3256;0;0;126;0;202;0;
18699;9584031;1206005760;27975680;1340416000;0;0;0;0;0;0;0;0;0;0;0;4608;0;0;126;0;202;0;
18700;5227622;1206005760;27975680;1340416000;0;0;0;0;0;0;0;0;0;0;0;3346;0;0;126;0;202;0;
18701;8391314;1206005760;27975680;1340416000;0;0;0;0;0;0;0;0;0;0;0;2925;0;0;126;0;202;0;
18702;4855454;1206018048;27967488;1340407808;0;0;0;0;0;0;0;0;0;0;0;3377;0;0;126;0;202;0;
18703;6007114;1206018048;27967488;1340407808;0;0;0;0;0;0;0;0;0;0;0;3477;0;0;126;0;202;0;
18704;5828178;1206018048;27967488;1340407808;0;0;0;0;0;0;0;0;0;0;0;4108;0;0;126;0;202;0;
18705;6381034;1206018048;27967488;1340407808;0;0;0;0;0;0;0;0;0;0;0;2344;0;0;126;0;202;0;
18706;4619241;1206018048;27967488;1340407808;0;0;0;0;0;0;0;0;0;0;0;3727;0;0;126;0;202;0;
18707;7688756;1206018048;27967488;1340407808;0;0;0;0;0;0;0;0;0;0;0;3556;0;0;126;0;202;0;
18708;4409678;1206018048;27967488;1340407808;0;0;0;0;0;0;0;0;0;0;0;4198;0;0;126;0;202;0;
18709;8959790;1206018048;27967488;1340407808;0;0;0;0;0;0;0;0;0;0;0;3827;0;0;126;0;202;0;
18710;4907261;1206018048;27967488;1340407808;0;0;0;0;0;0;0;0;0;0;0;3787;0;0;126;0;202;0;
18711;6493456;1206018048;27967488;1340407808;0;0;0;0;0;0;0;0;0;0;0;3657;0;0;126;0;202;0;
18712;5141421;1206018048;27967488;1340407808;0;0;0;0;0;0;0;0;0;0;0;3837;0;0;126;0;202;0;
18713;6413716;1206018048;27967488;1340407808;0;0;0;0;0;0;0;0;0;0;0;2545;0;0;126;0;202;0;
18714;4303179;1206018048;27967488;1340407808;0;0;0;0;0;0;0;0;0;0;0;627226;0;0;126;0;202;0;
18715;7900794;1206018048;27967488;1340407808;0;0;0;0;0;0;0;0;0;0;0;3566;0;0;126;0;202;0;
18716;6738064;1206018048;27971584;1340411904;0;0;0;0;0;0;0;0;0;0;0;3567;0;0;126;0;202;0;
18717;5843316;1206018048;27971584;1340411904;0;0;0;0;0;0;0;0;0;0;0;3917;0;0;126;0;202;0;
18718;5188999;1206018048;27971584;1340411904;0;0;0;0;0;0;0;0;0;0;0;4127;0;0;126;0;202;0;
18719;5975955;1206018048;27971584;1340411904;0;0;0;0;0;0;0;0;0;0;0;3036;0;0;126;0;202;0;
18720;5937042;1206018048;27971584;1340411904;0;0;0;0;0;0;0;0;0;0;0;4238;0;0;126;0;202;0;
18721;7343510;1206018048;27971584;1340411904;0;0;0;0;0;0;0;0;0;0;0;4017;0;0;126;0;202;0;
18722;4576812;1206018048;27971584;1340411904;0;0;0;0;0;0;0;0;0;0;0;4188;0;0;126;0;202;0;
18723;9963523;1206018048;27971584;1340411904;0;0;0;0;0;0;0;0;0;0;0;3026;0;0;126;0;202;0;
18724;6021430;1206018048;27971584;1340411904;0;0;0;0;0;0;0;0;0;0;0;4779;0;0;126;0;202;0;
18725;7339172;1206018048;27971584;1340411904;0;0;0;0;0;0;0;0;0;0;0;3386;0;0;126;0;202;0;
18726;5624636;1206018048;27971584;1340411904;0;0;0;0;0;0;0;0;0;0;0;3366;0;0;126;0;202;0;
18727;7749941;1206018048;27971584;1340411904;0;0;0;0;0;0;0;0;0;0;0;4599;0;0;126;0;202;0;
18728;6147217;1206018048;27971584;1340411904;0;0;0;0;0;0;0;0;0;0;0;4870;0;0;126;0;202;0;
18729;7520261;1206018048;27971584;1340411904;0;0;0;0;0;0;0;0;0;0;0;3947;0;0;126;0;202;0;
18730;4192671;1206018048;27971584;1340411904;0;0;0;0;0;0;0;0;0;0;0;3757;0;0;126;0;202;0;
18731;7700789;1206018048;27971584;1340411904;0;0;0;0;0;0;0;0;0;0;0;4178;0;0;126;0;202;0;
18732;3963161;1206018048;27971584;1340411904;0;0;0;0;0;0;0;0;0;0;0;3637;0;0;126;0;202;0;
18733;7068083;1206018048;27971584;1340411904;0;0;0;0;0;0;0;0;0;0;0;3166;0;0;126;0;202;0;
18734;6034535;1206018048;27971584;1340411904;0;0;0;0;0;0;0;0;0;0;0;3196;0;0;126;0;202;0;
18735;6711775;1206018048;27971584;1340411904;0;0;0;0;0;0;0;0;0;0;0;2545;0;0;126;0;202;0;
18736;8379392;1206018048;27971584;1340411904;0;0;0;0;0;0;0;0;0;0;0;3877;0;0;126;0;202;0;
18737;7872621;1206018048;27971584;1340411904;0;0;0;0;0;0;0;0;0;0;0;3166;0;0;126;0;202;0;
18738;5719535;1206018048;27971584;1340411904;0;0;0;0;0;0;0;0;0;0;0;2985;0;0;126;0;202;0;
18739;6560892;1206018048;27971584;1340411904;0;0;0;0;0;0;0;0;0;0;0;2274;0;0;126;0;202;0;
18740;6705984;1206018048;27971584;1340411904;0;0;0;0;0;0;0;0;0;0;0;3626;0;0;126;0;202;0;
18741;9449057;1206018048;27971584;1340411904;0;0;0;0;0;0;0;0;0;0;0;3206;0;0;126;0;202;0;
18742;5397781;1206018048;27971584;1340411904;0;0;0;0;0;0;0;0;0;0;0;11362;0;0;126;0;202;0;
18743;7054317;1206018048;27971584;1340411904;0;0;0;0;0;0;0;0;0;0;0;115808;0;0;126;0;202;0;
18744;4712967;1206018048;27975680;1340416000;0;0;0;0;0;0;0;0;0;0;0;4278;0;0;126;0;202;0;
18745;6704962;1206018048;27975680;1340416000;0;0;0;0;0;0;0;0;0;0;0;4007;0;0;126;0;202;0;
18746;5825192;1206018048;27975680;1340416000;0;0;0;0;0;0;0;0;0;0;0;3667;0;0;126;0;202;0;
18747;7581736;1206018048;27975680;1340416000;0;0;0;0;0;0;0;0;0;0;0;3997;0;0;126;0;202;0;
18748;4984206;1206018048;27975680;1340416000;0;0;0;0;0;0;0;0;0;0;0;3377;0;0;126;0;202;0;
18749;7422337;1206018048;27975680;1340416000;0;0;0;0;0;0;0;0;0;0;0;3607;0;0;126;0;202;0;
18750;5608216;1206022144;27971584;1340411904;0;0;0;0;0;0;0;0;0;0;0;3326;0;0;126;0;202;0;
18751;8309551;1206022144;27971584;1340411904;0;0;0;0;0;0;0;0;0;0;0;3677;0;0;126;0;202;0;
18752;4823634;1206018048;27967488;1340407808;0;0;0;0;0;0;0;0;0;0;0;4047;0;0;126;0;202;0;
18753;7566257;1206018048;27967488;1340407808;0;0;0;0;0;0;0;0;0;0;0;2845;0;0;126;0;202;0;
18754;5960756;1206018048;27967488;1340407808;0;0;0;0;0;0;0;0;0;0;0;3997;0;0;126;0;202;0;
18755;8798117;1206018048;27967488;1340407808;0;0;0;0;0;0;0;0;0;0;0;3978;0;0;126;0;202;0;
18756;5394906;1206018048;27967488;1340407808;0;0;0;0;0;0;0;0;0;0;0;4819;0;0;126;0;202;0;
18757;8072967;1206018048;27967488;1340407808;0;0;0;0;0;0;0;0;0;0;0;3116;0;0;126;0;202;0;
18758;4737723;1206018048;27967488;1340407808;0;0;0;0;0;0;0;0;0;0;0;3256;0;0;126;0;202;0;
18759;8564409;1206018048;27967488;1340407808;0;0;0;0;0;0;0;0;0;0;0;2505;0;0;126;0;202;0;
18760;7155708;1206018048;27967488;1340407808;0;0;0;0;0;0;0;0;0;0;0;4078;0;0;126;0;202;0;
18761;6280446;1206018048;27967488;1340407808;0;0;0;0;0;0;0;0;0;0;0;1923;0;0;126;0;202;0;
18762;5945828;1206018048;27967488;1340407808;0;0;0;0;0;0;0;0;0;0;0;3126;0;0;126;0;202;0;
18763;6177393;1206018048;27967488;1340407808;0;0;0;0;0;0;0;0;0;0;0;3106;0;0;126;0;202;0;
18764;5398202;1206018048;27967488;1340407808;0;0;0;0;0;0;0;0;0;0;0;4648;0;0;126;0;202;0;
18765;7800236;1206018048;27967488;1340407808;0;0;0;0;0;0;0;0;0;0;0;3035;0;0;126;0;202;0;
18766;5120151;1206018048;27967488;1340407808;0;0;0;0;0;0;0;0;0;0;0;4038;0;0;126;0;202;0;
18767;5733891;1206018048;27967488;1340407808;0;0;0;0;0;0;0;0;0;0;0;2364;0;0;126;0;202;0;
18768;6894858;1206018048;27967488;1340407808;0;0;0;0;0;0;0;0;0;0;0;3437;0;0;126;0;202;0;
18769;5438176;1206018048;27967488;1340407808;0;0;0;0;0;0;0;0;0;0;0;2294;0;0;126;0;202;0;
18770;7596794;1206018048;27967488;1340407808;0;0;0;0;0;0;0;0;0;0;0;3967;0;0;126;0;202;0;
18771;6086202;1206018048;27967488;1340407808;0;0;0;0;0;0;0;0;0;0;0;3516;0;0;126;0;202;0;
18772;7203978;1206018048;27967488;1340407808;0;0;0;0;0;0;0;0;0;0;0;3096;0;0;126;0;202;0;
18773;7419652;1206018048;27967488;1340407808;0;0;0;0;0;0;0;0;0;0;0;3146;0;0;126;0;202;0;
18774;4677460;1206018048;27967488;1340407808;0;0;0;0;0;0;0;0;0;0;0;3797;0;0;126;0;202;0;
18775;8409508;1206018048;27967488;1340407808;0;0;0;0;0;0;0;0;0;0;0;3547;0;0;126;0;202;0;
18776;5081328;1206018048;27967488;1340407808;0;0;0;0;0;0;0;0;0;0;0;4639;0;0;126;0;202;0;
18777;8176751;1206018048;27967488;1340407808;0;0;0;0;0;0;0;0;0;0;0;4087;0;0;126;0;202;0;
18778;6940814;1206018048;27967488;1340407808;0;0;0;0;0;0;0;0;0;0;0;3778;0;0;126;0;202;0;
18779;8009078;1206018048;27967488;1340407808;0;0;0;0;0;0;0;0;0;0;0;5290;0;0;126;0;202;0;
18780;7613676;1206018048;27967488;1340407808;0;0;0;0;0;0;0;0;0;0;0;38602;0;0;126;0;202;0;
18781;7566297;1206018048;27967488;1340407808;0;0;0;0;0;0;0;0;0;0;0;3427;0;0;126;0;202;0;
18782;6081663;1206018048;27967488;1340407808;0;0;0;0;0;0;0;0;0;0;0;4399;0;0;126;0;202;0;
18783;7944737;1206018048;27967488;1340407808;0;0;0;0;0;0;0;0;0;0;0;4008;0;0;126;0;202;0;
18784;4222818;1206018048;27967488;1340407808;0;0;0;0;0;0;0;0;0;0;0;3687;0;0;126;0;202;0;
18785;7472512;1206018048;27967488;1340407808;0;0;0;0;0;0;0;0;0;0;0;6122;0;0;126;0;202;0;
18786;4536186;1206018048;27967488;1340407808;0;0;0;0;0;0;0;0;0;0;0;4579;0;0;126;0;202;0;
18787;9364519;1206018048;27967488;1340407808;0;0;0;0;0;0;0;0;0;0;0;4268;0;0;126;0;202;0;
18788;5808311;1206018048;27967488;1340407808;0;0;0;0;0;0;0;0;0;0;0;4338;0;0;126;0;202;0;
18789;9756323;1206018048;27967488;1340407808;0;0;0;0;0;0;0;0;0;0;0;4248;0;0;126;0;202;0;
18790;5961068;1206018048;27967488;1340407808;0;0;0;0;0;0;0;0;0;0;0;3667;0;0;126;0;202;0;
18791;8467988;1206018048;27967488;1340407808;0;0;0;0;0;0;0;0;0;0;0;3407;0;0;126;0;202;0;
18792;6760065;1206018048;27967488;1340407808;0;0;0;0;0;0;0;0;0;0;0;4138;0;0;126;0;202;0;
18793;7133716;1206018048;27967488;1340407808;0;0;0;0;0;0;0;0;0;0;0;3337;0;0;126;0;202;0;
18794;5631699;1206018048;27967488;1340407808;0;0;0;0;0;0;0;0;0;0;0;4508;0;0;126;0;202;0;
18795;7214999;1206018048;27967488;1340407808;0;0;0;0;0;0;0;0;0;0;0;2615;0;0;126;0;202;0;
18796;5727990;1206018048;27967488;1340407808;0;0;0;0;0;0;0;0;0;0;0;3847;0;0;126;0;202;0;
18797;8060874;1206018048;27967488;1340407808;0;0;0;0;0;0;0;0;0;0;0;3316;0;0;126;0;202;0;
18798;6261440;1206018048;27967488;1340407808;0;0;0;0;0;0;0;0;0;0;0;3276;0;0;126;0;202;0;
18799;11492129;1206018048;27967488;1340407808;0;0;0;0;0;0;0;0;0;0;0;2905;0;0;126;0;202;0;
18800;7734823;1206018048;27967488;1340407808;0;0;0;0;0;0;0;0;0;0;0;3707;0;0;126;0;202;0;
18801;7861751;1206018048;27967488;1340407808;0;0;0;0;0;0;0;0;0;0;0;5490;0;0;126;0;202;0;
18802;5611973;1206018048;27967488;1340407808;0;0;0;0;0;0;0;0;0;0;0;3617;0;0;126;0;202;0;
18803;7882440;1206018048;27967488;1340407808;0;0;0;0;0;0;0;0;0;0;0;2454;0;0;126;0;202;0;
18804;7950878;1206018048;27967488;1340407808;0;0;0;0;0;0;0;0;0;0;0;3887;0;0;126;0;202;0;
18805;6320231;1206018048;27967488;1340407808;0;0;0;0;0;0;0;0;0;0;0;3978;0;0;126;0;202;0;
18806;8297889;1206018048;27967488;1340407808;0;0;0;0;0;0;0;0;0;0;0;3807;0;0;126;0;202;0;
18807;5065137;1206018048;27967488;1340407808;0;0;0;0;0;0;0;0;0;0;0;3647;0;0;126;0;202;0;
18808;6301025;1206018048;27967488;1340407808;0;0;0;0;0;0;0;0;0;0;0;3817;0;0;126;0;202;0;
18809;7720827;1206018048;27967488;1340407808;0;0;0;0;0;0;0;0;0;0;0;3537;0;0;126;0;202;0;
18810;5471029;1206018048;27967488;1340407808;0;0;0;0;0;0;0;0;0;0;0;4238;0;0;126;0;202;0;
18811;8666911;1206018048;27967488;1340407808;0;0;0;0;0;0;0;0;0;0;0;3196;0;0;126;0;202;0;
18812;6204634;1206018048;27967488;1340407808;0;0;0;0;0;0;0;0;0;0;0;3407;0;0;126;0;202;0;
18813;8037381;1206018048;27967488;1340407808;0;0;0;0;0;0;0;0;0;0;0;3566;0;0;126;0;202;0;
18814;6432351;1206018048;27967488;1340407808;0;0;0;0;0;0;0;0;0;0;0;3897;0;0;126;0;202;0;
18815;7988479;1206018048;27967488;1340407808;0;0;0;0;0;0;0;0;0;0;0;3106;0;0;126;0;202;0;
18816;5029801;1206018048;27967488;1340407808;0;0;0;0;0;0;0;0;0;0;0;3447;0;0;126;0;202;0;
18817;6538370;1206018048;27967488;1340407808;0;0;0;0;0;0;0;0;0;0;0;3447;0;0;126;0;202;0;
18818;5207224;1206018048;27967488;1340407808;0;0;0;0;0;0;0;0;0;0;0;4348;0;0;126;0;202;0;
18819;8441829;1206018048;27967488;1340407808;0;0;0;0;0;0;0;0;0;0;0;4077;0;0;126;0;202;0;
18820;4482185;1206018048;27967488;1340407808;0;0;0;0;0;0;0;0;0;0;0;4318;0;0;126;0;202;0;
18821;8216527;1206018048;27967488;1340407808;0;0;0;0;0;0;0;0;0;0;0;4238;0;0;126;0;202;0;
18822;6248436;1206018048;27967488;1340407808;0;0;0;0;0;0;0;0;0;0;0;4879;0;0;126;0;202;0;
18823;8535525;1206018048;27967488;1340407808;0;0;0;0;0;0;0;0;0;0;0;2274;0;0;126;0;202;0;
18824;7371512;1206018048;27967488;1340407808;0;0;0;0;0;0;0;0;0;0;0;4097;0;0;126;0;202;0;
18825;7795416;1206018048;27967488;1340407808;0;0;0;0;0;0;0;0;0;0;0;2946;0;0;126;0;202;0;
18826;6972273;1206018048;27967488;1340407808;0;0;0;0;0;0;0;0;0;0;0;4228;0;0;126;0;202;0;
18827;7229155;1206018048;27967488;1340407808;0;0;0;0;0;0;0;0;0;0;0;3146;0;0;126;0;202;0;
18828;6595517;1206018048;27967488;1340407808;0;0;0;0;0;0;0;0;0;0;0;3206;0;0;126;0;202;0;
18829;7516694;1206018048;27967488;1340407808;0;0;0;0;0;0;0;0;0;0;0;3216;0;0;126;0;202;0;
18830;6860734;1206018048;27967488;1340407808;0;0;0;0;0;0;0;0;0;0;0;7253;0;0;126;0;202;0;
18831;7470838;1206018048;27967488;1340407808;0;0;0;0;0;0;0;0;0;0;0;3096;0;0;126;0;202;0;
18832;5555798;1206018048;27967488;1340407808;0;0;0;0;0;0;0;0;0;0;0;3537;0;0;126;0;202;0;
18833;8345829;1206018048;27967488;1340407808;0;0;0;0;0;0;0;0;0;0;0;2605;0;0;126;0;202;0;
18834;5177659;1206018048;27967488;1340407808;0;0;0;0;0;0;0;0;0;0;0;3847;0;0;126;0;202;0;
18835;7819241;1206018048;27967488;1340407808;0;0;0;0;0;0;0;0;0;0;0;3296;0;0;126;0;202;0;
18836;6693811;1206018048;27967488;1340407808;0;0;0;0;0;0;0;0;0;0;0;3847;0;0;126;0;202;0;
18837;6450685;1206018048;27967488;1340407808;0;0;0;0;0;0;0;0;0;0;0;2024;0;0;126;0;202;0;
18838;5700278;1206018048;27967488;1340407808;0;0;0;0;0;0;0;0;0;0;0;4067;0;0;126;0;202;0;
18839;8511360;1206018048;27967488;1340407808;0;0;0;0;0;0;0;0;0;0;0;4488;0;0;126;0;202;0;
18840;5162009;1206018048;27967488;1340407808;0;0;0;0;0;0;0;0;0;0;0;3457;0;0;126;0;202;0;
18841;8236444;1206018048;27967488;1340407808;0;0;0;0;0;0;0;0;0;0;0;3997;0;0;126;0;202;0;
18842;6177133;1206018048;27967488;1340407808;0;0;0;0;0;0;0;0;0;0;0;5260;0;0;126;0;202;0;
18843;8584066;1206018048;27967488;1340407808;0;0;0;0;0;0;0;0;0;0;0;3677;0;0;126;0;202;0;
18844;5494322;1206018048;27967488;1340407808;0;0;0;0;0;0;0;0;0;0;0;5010;0;0;126;0;202;0;
18845;8167495;1206018048;27967488;1340407808;0;0;0;0;0;0;0;0;0;0;0;4668;0;0;126;0;202;0;
18846;5709907;1206018048;27967488;1340407808;0;0;0;0;0;0;0;0;0;0;0;4158;0;0;126;0;202;0;
18847;8059181;1206018048;27967488;1340407808;0;0;0;0;0;0;0;0;0;0;0;2565;0;0;126;0;202;0;
18848;5344892;1206018048;27967488;1340407808;0;0;0;0;0;0;0;0;0;0;0;4198;0;0;126;0;202;0;
18849;10976531;1206018048;27967488;1340407808;0;0;0;0;0;0;0;0;0;0;0;3407;0;0;126;0;202;0;
18850;4954180;1206018048;27967488;1340407808;0;0;0;0;0;0;0;0;0;0;0;4258;0;0;126;0;202;0;
18851;9079635;1206018048;27967488;1340407808;0;0;0;0;0;0;0;0;0;0;0;4288;0;0;126;0;202;0;
18852;8605556;1206018048;27967488;1340407808;0;0;0;0;0;0;0;0;0;0;0;3677;0;0;126;0;202;0;
18853;5606683;1206018048;27967488;1340407808;0;0;0;0;0;0;0;0;0;0;0;4038;0;0;126;0;202;0;
18854;9415634;1206018048;27967488;1340407808;0;0;0;0;0;0;0;0;0;0;0;3967;0;0;126;0;202;0;
18855;7807970;1206018048;27967488;1340407808;0;0;0;0;0;0;0;0;0;0;0;2916;0;0;126;0;202;0;
18856;5376492;1206018048;27967488;1340407808;0;0;0;0;0;0;0;0;0;0;0;3837;0;0;126;0;202;0;
18857;9446372;1206018048;27967488;1340407808;0;0;0;0;0;0;0;0;0;0;0;3136;0;0;126;0;202;0;
18858;6403516;1206018048;27967488;1340407808;0;0;0;0;0;0;0;0;0;0;0;3125;0;0;126;0;202;0;
18859;5680130;1206018048;27967488;1340407808;0;0;0;0;0;0;0;0;0;0;0;3537;0;0;126;0;202;0;
18860;5926001;1206018048;27967488;1340407808;0;0;0;0;0;0;0;0;0;0;0;3677;0;0;126;0;202;0;
18861;7941291;1206018048;27967488;1340407808;0;0;0;0;0;0;0;0;0;0;0;3186;0;0;126;0;202;0;
18862;6212979;1206018048;27967488;1340407808;0;0;0;0;0;0;0;0;0;0;0;4388;0;0;126;0;202;0;
18863;5241177;1206018048;27967488;1340407808;0;0;0;0;0;0;0;0;0;0;0;2835;0;0;126;0;202;0;
18864;7142592;1206018048;27967488;1340407808;0;0;0;0;0;0;0;0;0;0;0;2955;0;0;126;0;202;0;
18865;7868424;1206018048;27967488;1340407808;0;0;0;0;0;0;0;0;0;0;0;126047;0;0;126;0;202;0;
18866;6337323;1206018048;27971584;1340411904;0;0;0;0;0;0;0;0;0;0;0;4098;0;0;126;0;202;0;
18867;7288145;1206018048;27971584;1340411904;0;0;0;0;0;0;0;0;0;0;0;3376;0;0;126;0;202;0;
18868;5424722;1206018048;27971584;1340411904;0;0;0;0;0;0;0;0;0;0;0;4168;0;0;126;0;202;0;
18869;8457879;1206018048;27971584;1340411904;0;0;0;0;0;0;0;0;0;0;0;4148;0;0;126;0;202;0;
18870;4531146;1206018048;27971584;1340411904;0;0;0;0;0;0;0;0;0;0;0;3817;0;0;126;0;202;0;
18871;7551399;1206018048;27971584;1340411904;0;0;0;0;0;0;0;0;0;0;0;4379;0;0;126;0;202;0;
18872;7218205;1206018048;27971584;1340411904;0;0;0;0;0;0;0;0;0;0;0;4728;0;0;126;0;202;0;
18873;6580368;1206018048;27971584;1340411904;0;0;0;0;0;0;0;0;0;0;0;3537;0;0;126;0;202;0;
18874;6851267;1206018048;27967488;1340407808;0;0;0;0;0;0;0;0;0;0;0;4779;0;0;126;0;202;0;
18875;6473057;1206018048;27967488;1340407808;0;0;0;0;0;0;0;0;0;0;0;3086;0;0;126;0;202;0;
18876;5994139;1206018048;27967488;1340407808;0;0;0;0;0;0;0;0;0;0;0;3226;0;0;126;0;202;0;
18877;7113187;1206018048;27967488;1340407808;0;0;0;0;0;0;0;0;0;0;0;3447;0;0;126;0;202;0;
18878;6431710;1206018048;27967488;1340407808;0;0;0;0;0;0;0;0;0;0;0;5360;0;0;126;0;202;0;
18879;6997431;1206018048;27967488;1340407808;0;0;0;0;0;0;0;0;0;0;0;3236;0;0;126;0;202;0;
18880;4547437;1206018048;27967488;1340407808;0;0;0;0;0;0;0;0;0;0;0;3767;0;0;126;0;202;0;
18881;5412639;1206018048;27967488;1340407808;0;0;0;0;0;0;0;0;0;0;0;2164;0;0;126;0;202;0;
18882;5842915;1206018048;27967488;1340407808;0;0;0;0;0;0;0;0;0;0;0;5300;0;0;126;0;202;0;
18883;8445917;1206018048;27967488;1340407808;0;0;0;0;0;0;0;0;0;0;0;2845;0;0;126;0;202;0;
18884;3940920;1206018048;27967488;1340407808;0;0;0;0;0;0;0;0;0;0;0;3406;0;0;126;0;202;0;
18885;5916684;1206018048;27967488;1340407808;0;0;0;0;0;0;0;0;0;0;0;2465;0;0;126;0;202;0;
18886;5593699;1206018048;27967488;1340407808;0;0;0;0;0;0;0;0;0;0;0;3537;0;0;126;0;202;0;
18887;8705523;1206018048;27967488;1340407808;0;0;0;0;0;0;0;0;0;0;0;3346;0;0;126;0;202;0;
18888;3951299;1206018048;27967488;1340407808;0;0;0;0;0;0;0;0;0;0;0;3316;0;0;126;0;202;0;
18889;6577853;1206018048;27967488;1340407808;0;0;0;0;0;0;0;0;0;0;0;2214;0;0;126;0;202;0;
18890;5937433;1206018048;27967488;1340407808;0;0;0;0;0;0;0;0;0;0;0;4318;0;0;126;0;202;0;
18891;6049613;1206018048;27967488;1340407808;0;0;0;0;0;0;0;0;0;0;0;2535;0;0;126;0;202;0;
18892;5590733;1206018048;27967488;1340407808;0;0;0;0;0;0;0;0;0;0;0;3477;0;0;126;0;202;0;
18893;9356233;1206018048;27967488;1340407808;0;0;0;0;0;0;0;0;0;0;0;3937;0;0;126;0;202;0;
18894;3908118;1206018048;27967488;1340407808;0;0;0;0;0;0;0;0;0;0;0;3727;0;0;126;0;202;0;
18895;7995652;1206018048;27967488;1340407808;0;0;0;0;0;0;0;0;0;0;0;3747;0;0;126;0;202;0;
18896;4186610;1206018048;27967488;1340407808;0;0;0;0;0;0;0;0;0;0;0;3457;0;0;126;0;202;0;
18897;7218746;1206018048;27967488;1340407808;0;0;0;0;0;0;0;0;0;0;0;2275;0;0;126;0;202;0;
18898;5833719;1206018048;27967488;1340407808;0;0;0;0;0;0;0;0;0;0;0;3667;0;0;126;0;202;0;
18899;8287159;1206018048;27967488;1340407808;0;0;0;0;0;0;0;0;0;0;0;3637;0;0;126;0;202;0;
18900;4554340;1206018048;27967488;1340407808;0;0;0;0;0;0;0;0;0;0;0;3837;0;0;126;0;202;0;
18901;7223183;1206018048;27967488;1340407808;0;0;0;0;0;0;0;0;0;0;0;4047;0;0;126;0;202;0;
18902;4753804;1206018048;27967488;1340407808;0;0;0;0;0;0;0;0;0;0;0;3506;0;0;126;0;202;0;
18903;7345924;1206018048;27967488;1340407808;0;0;0;0;0;0;0;0;0;0;0;4468;0;0;126;0;202;0;
18904;6566182;1206018048;27967488;1340407808;0;0;0;0;0;0;0;0;0;0;0;3847;0;0;126;0;202;0;
18905;8989355;1206018048;27967488;1340407808;0;0;0;0;0;0;0;0;0;0;0;6453;0;0;126;0;202;0;
18906;5532033;1206018048;27967488;1340407808;0;0;0;0;0;0;0;0;0;0;0;3897;0;0;126;0;202;0;
18907;8600426;1206018048;27967488;1340407808;0;0;0;0;0;0;0;0;0;0;0;4278;0;0;126;0;202;0;
18908;5841173;1206018048;27967488;1340407808;0;0;0;0;0;0;0;0;0;0;0;3447;0;0;126;0;202;0;
18909;7824641;1206018048;27967488;1340407808;0;0;0;0;0;0;0;0;0;0;0;3327;0;0;126;0;202;0;
18910;7626991;1206018048;27967488;1340407808;0;0;0;0;0;0;0;0;0;0;0;3797;0;0;126;0;202;0;
18911;9321739;1206018048;27967488;1340407808;0;0;0;0;0;0;0;0;0;0;0;4839;0;0;126;0;202;0;
18912;6760135;1206018048;27967488;1340407808;0;0;0;0;0;0;0;0;0;0;0;3767;0;0;126;0;202;0;
18913;8806793;1206018048;27967488;1340407808;0;0;0;0;0;0;0;0;0;0;0;4128;0;0;126;0;202;0;
18914;7663519;1206018048;27967488;1340407808;0;0;0;0;0;0;0;0;0;0;0;4639;0;0;126;0;202;0;
18915;7663880;1206018048;27967488;1340407808;0;0;0;0;0;0;0;0;0;0;0;4558;0;0;126;0;202;0;
18916;6533731;1206018048;27967488;1340407808;0;0;0;0;0;0;0;0;0;0;0;4889;0;0;126;0;202;0;
18917;6114956;1206018048;27967488;1340407808;0;0;0;0;0;0;0;0;0;0;0;3276;0;0;126;0;202;0;
18918;6247434;1206018048;27967488;1340407808;0;0;0;0;0;0;0;0;0;0;0;3797;0;0;126;0;202;0;
18919;8458210;1206018048;27967488;1340407808;0;0;0;0;0;0;0;0;0;0;0;3516;0;0;126;0;202;0;
18920;5643202;1206018048;27967488;1340407808;0;0;0;0;0;0;0;0;0;0;0;4589;0;0;126;0;202;0;
18921;7831274;1206018048;27967488;1340407808;0;0;0;0;0;0;0;0;0;0;0;3466;0;0;126;0;202;0;
18922;7532995;1206018048;27967488;1340407808;0;0;0;0;0;0;0;0;0;0;0;2986;0;0;126;0;202;0;
18923;9411487;1206018048;27967488;1340407808;0;0;0;0;0;0;0;0;0;0;0;3407;0;0;126;0;202;0;
18924;5506154;1206018048;27967488;1340407808;0;0;0;0;0;0;0;0;0;0;0;3196;0;0;126;0;202;0;
18925;7419442;1206018048;27967488;1340407808;0;0;0;0;0;0;0;0;0;0;0;3908;0;0;126;0;202;0;
18926;7252188;1206018048;27967488;1340407808;0;0;0;0;0;0;0;0;0;0;0;4028;0;0;126;0;202;0;
18927;11306310;1206018048;27967488;1340407808;0;0;0;0;0;0;0;0;0;0;0;3296;0;0;126;0;202;0;
18928;5187267;1206018048;27967488;1340407808;0;0;0;0;0;0;0;0;0;0;0;4208;0;0;126;0;202;0;
18929;8422553;1206018048;27967488;1340407808;0;0;0;0;0;0;0;0;0;0;0;3175;0;0;126;0;202;0;
18930;6495790;1206018048;27967488;1340407808;0;0;0;0;0;0;0;0;0;0;0;3447;0;0;126;0;202;0;
18931;10095299;1206018048;27967488;1340407808;0;0;0;0;0;0;0;0;0;0;0;4298;0;0;126;0;202;0;
18932;6482725;1206018048;27967488;1340407808;0;0;0;0;0;0;0;0;0;0;0;3347;0;0;126;0;202;0;
18933;9917005;1206018048;27967488;1340407808;0;0;0;0;0;0;0;0;0;0;0;4188;0;0;126;0;202;0;
18934;5008912;1206018048;27967488;1340407808;0;0;0;0;0;0;0;0;0;0;0;3136;0;0;126;0;202;0;
18935;6750828;1206018048;27967488;1340407808;0;0;0;0;0;0;0;0;0;0;0;4127;0;0;126;0;202;0;
18936;7545218;1206018048;27967488;1340407808;0;0;0;0;0;0;0;0;0;0;0;4218;0;0;126;0;202;0;
18937;7178159;1206018048;27967488;1340407808;0;0;0;0;0;0;0;0;0;0;0;2805;0;0;126;0;202;0;
18938;8375204;1206018048;27967488;1340407808;0;0;0;0;0;0;0;0;0;0;0;2945;0;0;126;0;202;0;
18939;10053771;1206018048;27967488;1340407808;0;0;0;0;0;0;0;0;0;0;0;4158;0;0;126;0;202;0;
18940;7685351;1206018048;27967488;1340407808;0;0;0;0;0;0;0;0;0;0;0;3597;0;0;126;0;202;0;
18941;13622533;1206018048;27967488;1340407808;0;0;0;0;0;0;0;0;0;0;0;15799;0;0;126;0;202;0;
18942;8296947;1206018048;27971584;1340411904;0;0;0;0;0;0;0;0;0;0;0;3928;0;0;126;0;202;0;
18943;7167479;1206018048;27971584;1340411904;0;0;0;0;0;0;0;0;0;0;0;3577;0;0;126;0;202;0;
18944;5962049;1206018048;27971584;1340411904;0;0;0;0;0;0;0;0;0;0;0;4118;0;0;126;0;202;0;
18945;9471289;1206018048;27971584;1340411904;0;0;0;0;0;0;0;0;0;0;0;4047;0;0;126;0;202;0;
18946;4139051;1206018048;27971584;1340411904;0;0;0;0;0;0;0;0;0;0;0;3356;0;0;126;0;202;0;
18947;10086582;1206018048;27971584;1340411904;0;0;0;0;0;0;0;0;0;0;0;5060;0;0;126;0;202;0;
18948;8522731;1206018048;27971584;1340411904;0;0;0;0;0;0;0;0;0;0;0;4508;0;0;126;0;202;0;
18949;11406277;1206018048;27971584;1340411904;0;0;0;0;0;0;0;0;0;0;0;3316;0;0;126;0;202;0;
18950;8392226;1206018048;27967488;1340407808;0;0;0;0;0;0;0;0;0;0;0;3005;0;0;126;0;202;0;
18951;7270653;1206018048;27967488;1340407808;0;0;0;0;0;0;0;0;0;0;0;3457;0;0;126;0;202;0;
18952;7580243;1206018048;27967488;1340407808;0;0;0;0;0;0;0;0;0;0;0;4548;0;0;126;0;202;0;
18953;8212829;1206018048;27967488;1340407808;0;0;0;0;0;0;0;0;0;0;0;2825;0;0;126;0;202;0;
18954;7732338;1206018048;27967488;1340407808;0;0;0;0;0;0;0;0;0;0;0;3477;0;0;126;0;202;0;
18955;9760882;1206018048;27967488;1340407808;0;0;0;0;0;0;0;0;0;0;0;3707;0;0;126;0;202;0;
18956;8438292;1206018048;27967488;1340407808;0;0;0;0;0;0;0;0;0;0;0;3797;0;0;126;0;202;0;
18957;7978340;1206018048;27967488;1340407808;0;0;0;0;0;0;0;0;0;0;0;3387;0;0;126;0;202;0;
18958;5778715;1206018048;27967488;1340407808;0;0;0;0;0;0;0;0;0;0;0;4017;0;0;126;0;202;0;
18959;8460774;1206018048;27967488;1340407808;0;0;0;0;0;0;0;0;0;0;0;33533;0;0;126;0;202;0;
18960;9019933;1206018048;27967488;1340407808;0;0;0;0;0;0;0;0;0;0;0;3226;0;0;126;0;202;0;
18961;7372814;1206018048;27967488;1340407808;0;0;0;0;0;0;0;0;0;0;0;2925;0;0;126;0;202;0;
18962;9505583;1206018048;27967488;1340407808;0;0;0;0;0;0;0;0;0;0;0;4558;0;0;126;0;202;0;
18963;9040612;1206018048;27967488;1340407808;0;0;0;0;0;0;0;0;0;0;0;3336;0;0;126;0;202;0;
18964;8186881;1206018048;27967488;1340407808;0;0;0;0;0;0;0;0;0;0;0;3727;0;0;126;0;202;0;
18965;9920191;1206018048;27967488;1340407808;0;0;0;0;0;0;0;0;0;0;0;3025;0;0;126;0;202;0;
18966;6234700;1206018048;27967488;1340407808;0;0;0;0;0;0;0;0;0;0;0;4217;0;0;126;0;202;0;
18967;9401348;1206018048;27967488;1340407808;0;0;0;0;0;0;0;0;0;0;0;3597;0;0;126;0;202;0;
18968;7306349;1206018048;27967488;1340407808;0;0;0;0;0;0;0;0;0;0;0;3627;0;0;126;0;202;0;
18969;9237521;1206018048;27967488;1340407808;0;0;0;0;0;0;0;0;0;0;0;3777;0;0;126;0;202;0;
18970;7721929;1206018048;27967488;1340407808;0;0;0;0;0;0;0;0;0;0;0;3767;0;0;126;0;202;0;
18971;10329658;1206018048;27967488;1340407808;0;0;0;0;0;0;0;0;0;0;0;3587;0;0;126;0;202;0;
18972;7506105;1206018048;27967488;1340407808;0;0;0;0;0;0;0;0;0;0;0;3827;0;0;126;0;202;0;
18973;7796519;1206018048;27967488;1340407808;0;0;0;0;0;0;0;0;0;0;0;4498;0;0;126;0;202;0;
18974;11514450;1206018048;27967488;1340407808;0;0;0;0;0;0;0;0;0;0;0;3567;0;0;126;0;202;0;
18975;11173541;1206018048;27967488;1340407808;0;0;0;0;0;0;0;0;0;0;0;4479;0;0;126;0;202;0;
18976;10046247;1206018048;27967488;1340407808;0;0;0;0;0;0;0;0;0;0;0;3657;0;0;126;0;202;0;
18977;9991755;1206018048;27967488;1340407808;0;0;0;0;0;0;0;0;0;0;0;4048;0;0;126;0;202;0;
18978;9873594;1206018048;27967488;1340407808;0;0;0;0;0;0;0;0;0;0;0;3367;0;0;126;0;202;0;
18979;14880702;1206018048;27971584;1340411904;0;0;0;0;0;0;0;0;0;0;0;4248;0;0;126;0;202;0;
18980;9154084;1206018048;27975680;1340416000;0;0;0;0;0;0;0;0;0;0;0;4659;0;0;126;0;202;0;
18981;9831534;1206018048;27975680;1340416000;0;0;0;0;0;0;0;0;0;0;0;5190;0;0;126;0;202;0;
18982;5681914;1206018048;27975680;1340416000;0;0;0;0;0;0;0;0;0;0;0;3486;0;0;126;0;202;0;
18983;9490706;1206018048;27975680;1340416000;0;0;0;0;0;0;0;0;0;0;0;4338;0;0;126;0;202;0;
18984;4332664;1206018048;27975680;1340416000;0;0;0;0;0;0;0;0;0;0;0;4759;0;0;126;0;202;0;
18985;10031109;1206018048;27975680;1340416000;0;0;0;0;0;0;0;0;0;0;0;3065;0;0;126;0;202;0;
18986;8131667;1206018048;27967488;1340407808;0;0;0;0;0;0;0;0;0;0;0;4358;0;0;126;0;202;0;
18987;12096501;1206018048;27967488;1340407808;0;0;0;0;0;0;0;0;0;0;0;4027;0;0;126;0;202;0;
18988;7714605;1206018048;27967488;1340407808;0;0;0;0;0;0;0;0;0;0;0;4428;0;0;126;0;202;0;
18989;10732484;1206018048;27967488;1340407808;0;0;0;0;0;0;0;0;0;0;0;4438;0;0;126;0;202;0;
18990;11539708;1206018048;27967488;1340407808;0;0;0;0;0;0;0;0;0;0;0;4999;0;0;126;0;202;0;
18991;10744777;1206018048;27967488;1340407808;0;0;0;0;0;0;0;0;0;0;0;3878;0;0;126;0;202;0;
18992;8620214;1206018048;27967488;1340407808;0;0;0;0;0;0;0;0;0;0;0;3968;0;0;126;0;202;0;
18993;12245741;1206018048;27967488;1340407808;0;0;0;0;0;0;0;0;0;0;0;3467;0;0;126;0;202;0;
18994;6883396;1206018048;27967488;1340407808;0;0;0;0;0;0;0;0;0;0;0;3877;0;0;126;0;202;0;
18995;9022999;1206018048;27967488;1340407808;0;0;0;0;0;0;0;0;0;0;0;3888;0;0;126;0;202;0;
18996;7047624;1206018048;27967488;1340407808;0;0;0;0;0;0;0;0;0;0;0;4057;0;0;126;0;202;0;
18997;9420223;1206018048;27967488;1340407808;0;0;0;0;0;0;0;0;0;0;0;3597;0;0;126;0;202;0;
18998;6865894;1206018048;27967488;1340407808;0;0;0;0;0;0;0;0;0;0;0;3977;0;0;126;0;202;0;
18999;7016175;1206018048;27967488;1340407808;0;0;0;0;0;0;0;0;0;0;0;4599;0;0;126;0;202;0;
19000;5387301;1206018048;27967488;1340407808;0;0;0;0;0;0;0;0;0;0;0;3837;0;0;126;0;202;0;
19001;8566903;1206018048;27967488;1340407808;0;0;0;0;0;0;0;0;0;0;0;3006;0;0;126;0;202;0;
19002;4682721;1206018048;27967488;1340407808;0;0;0;0;0;0;0;0;0;0;0;3326;0;0;126;0;202;0;
19003;8637906;1206018048;27967488;1340407808;0;0;0;0;0;0;0;0;0;0;0;3517;0;0;126;0;202;0;
19004;5159263;1206018048;27967488;1340407808;0;0;0;0;0;0;0;0;0;0;0;5079;0;0;126;0;202;0;
19005;10078929;1206018048;27967488;1340407808;0;0;0;0;0;0;0;0;0;0;0;3657;0;0;126;0;202;0;
19006;9353699;1206018048;27967488;1340407808;0;0;0;0;0;0;0;0;0;0;0;3557;0;0;126;0;202;0;
19007;9137844;1206018048;27967488;1340407808;0;0;0;0;0;0;0;0;0;0;0;4288;0;0;126;0;202;0;
19008;6954761;1206018048;27967488;1340407808;0;0;0;0;0;0;0;0;0;0;0;3486;0;0;126;0;202;0;
19009;7085566;1206018048;27967488;1340407808;0;0;0;0;0;0;0;0;0;0;0;2665;0;0;126;0;202;0;
19010;8384120;1206018048;27967488;1340407808;0;0;0;0;0;0;0;0;0;0;0;3907;0;0;126;0;202;0;
19011;6229280;1206018048;27967488;1340407808;0;0;0;0;0;0;0;0;0;0;0;2655;0;0;126;0;202;0;
19012;7674971;1206018048;27967488;1340407808;0;0;0;0;0;0;0;0;0;0;0;4118;0;0;126;0;202;0;
19013;6545273;1206018048;27967488;1340407808;0;0;0;0;0;0;0;0;0;0;0;2795;0;0;126;0;202;0;
19014;6611096;1206018048;27967488;1340407808;0;0;0;0;0;0;0;0;0;0;0;3697;0;0;126;0;202;0;
19015;7088391;1206018048;27967488;1340407808;0;0;0;0;0;0;0;0;0;0;0;3817;0;0;126;0;202;0;
19016;6098956;1206018048;27967488;1340407808;0;0;0;0;0;0;0;0;0;0;0;3166;0;0;126;0;202;0;
19017;6029005;1206018048;27967488;1340407808;0;0;0;0;0;0;0;0;0;0;0;3136;0;0;126;0;202;0;
19018;8657493;1206018048;27967488;1340407808;0;0;0;0;0;0;0;0;0;0;0;2956;0;0;126;0;202;0;
19019;7060990;1206018048;27967488;1340407808;0;0;0;0;0;0;0;0;0;0;0;2745;0;0;126;0;202;0;
19020;6758733;1206018048;27967488;1340407808;0;0;0;0;0;0;0;0;0;0;0;3206;0;0;126;0;202;0;
19021;5251226;1206018048;27967488;1340407808;0;0;0;0;0;0;0;0;0;0;0;1863;0;0;126;0;202;0;
19022;7811136;1206018048;27967488;1340407808;0;0;0;0;0;0;0;0;0;0;0;3647;0;0;126;0;202;0;
19023;6121518;1206018048;27967488;1340407808;0;0;0;0;0;0;0;0;0;0;0;2745;0;0;126;0;202;0;
19024;7006337;1206018048;27967488;1340407808;0;0;0;0;0;0;0;0;0;0;0;3637;0;0;126;0;202;0;
19025;7234154;1206018048;27967488;1340407808;0;0;0;0;0;0;0;0;0;0;0;3155;0;0;126;0;202;0;
19026;7013500;1206018048;27967488;1340407808;0;0;0;0;0;0;0;0;0;0;0;3387;0;0;126;0;202;0;
19027;7807840;1206018048;27967488;1340407808;0;0;0;0;0;0;0;0;0;0;0;2915;0;0;126;0;202;0;
19028;5234775;1206018048;27967488;1340407808;0;0;0;0;0;0;0;0;0;0;0;2956;0;0;126;0;202;0;
19029;6876584;1206018048;27967488;1340407808;0;0;0;0;0;0;0;0;0;0;0;4008;0;0;126;0;202;0;
19030;4199414;1206018048;27967488;1340407808;0;0;0;0;0;0;0;0;0;0;0;3085;0;0;126;0;202;0;
19031;7191945;1206018048;27967488;1340407808;0;0;0;0;0;0;0;0;0;0;0;2154;0;0;126;0;202;0;
19032;5465167;1206018048;27967488;1340407808;0;0;0;0;0;0;0;0;0;0;0;2956;0;0;126;0;202;0;
19033;7702091;1206018048;27967488;1340407808;0;0;0;0;0;0;0;0;0;0;0;3016;0;0;126;0;202;0;
19034;5173531;1206018048;27967488;1340407808;0;0;0;0;0;0;0;0;0;0;0;3516;0;0;126;0;202;0;
19035;6546374;1206018048;27967488;1340407808;0;0;0;0;0;0;0;0;0;0;0;2074;0;0;126;0;202;0;
19036;5661245;1206018048;27967488;1340407808;0;0;0;0;0;0;0;0;0;0;0;4108;0;0;126;0;202;0;
19037;8641453;1206018048;27967488;1340407808;0;0;0;0;0;0;0;0;0;0;0;2615;0;0;126;0;202;0;
19038;5713213;1206018048;27967488;1340407808;0;0;0;0;0;0;0;0;0;0;0;3407;0;0;126;0;202;0;
19039;6391444;1206018048;27967488;1340407808;0;0;0;0;0;0;0;0;0;0;0;3005;0;0;126;0;202;0;
19040;5764038;1206018048;27967488;1340407808;0;0;0;0;0;0;0;0;0;0;0;4659;0;0;126;0;202;0;
19041;7615540;1206018048;27967488;1340407808;0;0;0;0;0;0;0;0;0;0;0;2725;0;0;126;0;202;0;
19042;6236884;1206018048;27967488;1340407808;0;0;0;0;0;0;0;0;0;0;0;4929;0;0;126;0;202;0;
19043;8949711;1206018048;27967488;1340407808;0;0;0;0;0;0;0;0;0;0;0;2225;0;0;126;0;202;0;
19044;4738365;1206018048;27967488;1340407808;0;0;0;0;0;0;0;0;0;0;0;2995;0;0;126;0;202;0;
19045;9803361;1206018048;27971584;1340411904;0;0;0;0;0;0;0;0;0;0;0;3296;0;0;126;0;202;0;
19046;3564724;1206018048;27975680;1340416000;0;0;0;0;0;0;0;0;0;0;0;3216;0;0;126;0;202;0;
19047;6112271;1206018048;27975680;1340416000;0;0;0;0;0;0;0;0;0;0;0;1814;0;0;126;0;202;0;
19048;5962981;1206018048;27975680;1340416000;0;0;0;0;0;0;0;0;0;0;0;3496;0;0;126;0;202;0;
19049;6324909;1206018048;27975680;1340416000;0;0;0;0;0;0;0;0;0;0;0;2104;0;0;126;0;202;0;
19050;7411898;1206018048;27975680;1340416000;0;0;0;0;0;0;0;0;0;0;0;3416;0;0;126;0;202;0;
19051;6204855;1206018048;27975680;1340416000;0;0;0;0;0;0;0;0;0;0;0;3326;0;0;126;0;202;0;
19052;7226801;1206018048;27967488;1340407808;0;0;0;0;0;0;0;0;0;0;0;4098;0;0;126;0;202;0;
19053;7320887;1206018048;27967488;1340407808;0;0;0;0;0;0;0;0;0;0;0;3026;0;0;126;0;202;0;
19054;5906515;1206018048;27967488;1340407808;0;0;0;0;0;0;0;0;0;0;0;3697;0;0;126;0;202;0;
19055;6428705;1206018048;27967488;1340407808;0;0;0;0;0;0;0;0;0;0;0;4569;0;0;126;0;202;0;
19056;4591229;1206018048;27967488;1340407808;0;0;0;0;0;0;0;0;0;0;0;4248;0;0;126;0;202;0;
19057;9992908;1206018048;27967488;1340407808;0;0;0;0;0;0;0;0;0;0;0;3587;0;0;126;0;202;0;
19058;7438277;1206018048;27967488;1340407808;0;0;0;0;0;0;0;0;0;0;0;4819;0;0;126;0;202;0;
19059;9926242;1206018048;27967488;1340407808;0;0;0;0;0;0;0;0;0;0;0;3506;0;0;126;0;202;0;
19060;6727504;1206018048;27967488;1340407808;0;0;0;0;0;0;0;0;0;0;0;4709;0;0;126;0;202;0;
19061;9579492;1206018048;27967488;1340407808;0;0;0;0;0;0;0;0;0;0;0;3106;0;0;126;0;202;0;
19062;7467632;1206018048;27967488;1340407808;0;0;0;0;0;0;0;0;0;0;0;3586;0;0;126;0;202;0;
19063;8655629;1206018048;27967488;1340407808;0;0;0;0;0;0;0;0;0;0;0;2875;0;0;126;0;202;0;
19064;6691056;1206018048;27967488;1340407808;0;0;0;0;0;0;0;0;0;0;0;3196;0;0;126;0;202;0;
19065;8895078;1206018048;27967488;1340407808;0;0;0;0;0;0;0;0;0;0;0;3477;0;0;126;0;202;0;
19066;5996855;1206018048;27967488;1340407808;0;0;0;0;0;0;0;0;0;0;0;3326;0;0;126;0;202;0;
19067;7887609;1206018048;27967488;1340407808;0;0;0;0;0;0;0;0;0;0;0;3797;0;0;126;0;202;0;
19068;13522927;1206018048;27967488;1340407808;0;0;0;0;0;0;0;0;0;0;0;3336;0;0;126;0;202;0;
19069;10104417;1206018048;27967488;1340407808;0;0;0;0;0;0;0;0;0;0;0;3787;0;0;126;0;202;0;
19070;4454211;1206018048;27967488;1340407808;0;0;0;0;0;0;0;0;0;0;0;3547;0;0;126;0;202;0;
19071;10399269;1206018048;27967488;1340407808;0;0;0;0;0;0;0;0;0;0;0;4819;0;0;126;0;202;0;
19072;4378490;1206018048;27967488;1340407808;0;0;0;0;0;0;0;0;0;0;0;3467;0;0;126;0;202;0;
19073;7329773;1206018048;27967488;1340407808;0;0;0;0;0;0;0;0;0;0;0;2325;0;0;126;0;202;0;
19074;7669160;1206018048;27967488;1340407808;0;0;0;0;0;0;0;0;0;0;0;5370;0;0;126;0;202;0;
19075;8973045;1206018048;27967488;1340407808;0;0;0;0;0;0;0;0;0;0;0;3296;0;0;126;0;202;0;
19076;7627231;1206018048;27967488;1340407808;0;0;0;0;0;0;0;0;0;0;0;3446;0;0;126;0;202;0;
19077;9331968;1206018048;27967488;1340407808;0;0;0;0;0;0;0;0;0;0;0;4939;0;0;126;0;202;0;
19078;6618290;1206018048;27967488;1340407808;0;0;0;0;0;0;0;0;0;0;0;4759;0;0;126;0;202;0;
19079;9649694;1206018048;27967488;1340407808;0;0;0;0;0;0;0;0;0;0;0;4137;0;0;126;0;202;0;
19080;6863379;1206018048;27967488;1340407808;0;0;0;0;0;0;0;0;0;0;0;7064;0;0;126;0;202;0;
19081;9360271;1206018048;27967488;1340407808;0;0;0;0;0;0;0;0;0;0;0;3226;0;0;126;0;202;0;
19082;6067838;1206018048;27967488;1340407808;0;0;0;0;0;0;0;0;0;0;0;4618;0;0;126;0;202;0;
19083;8533100;1206018048;27967488;1340407808;0;0;0;0;0;0;0;0;0;0;0;4117;0;0;126;0;202;0;
19084;6596820;1206018048;27967488;1340407808;0;0;0;0;0;0;0;0;0;0;0;3196;0;0;126;0;202;0;
19085;8819106;1206018048;27967488;1340407808;0;0;0;0;0;0;0;0;0;0;0;2896;0;0;126;0;202;0;
19086;5413140;1206018048;27967488;1340407808;0;0;0;0;0;0;0;0;0;0;0;3566;0;0;126;0;202;0;
19087;8292138;1206018048;27967488;1340407808;0;0;0;0;0;0;0;0;0;0;0;3036;0;0;126;0;202;0;
19088;5803752;1206018048;27967488;1340407808;0;0;0;0;0;0;0;0;0;0;0;3977;0;0;126;0;202;0;
19089;8921288;1206018048;27967488;1340407808;0;0;0;0;0;0;0;0;0;0;0;4498;0;0;126;0;202;0;
19090;6883627;1206018048;27967488;1340407808;0;0;0;0;0;0;0;0;0;0;0;3216;0;0;126;0;202;0;
19091;9056652;1206018048;27967488;1340407808;0;0;0;0;0;0;0;0;0;0;0;3626;0;0;126;0;202;0;
19092;5905914;1206018048;27967488;1340407808;0;0;0;0;0;0;0;0;0;0;0;3807;0;0;126;0;202;0;
19093;7308423;1206018048;27967488;1340407808;0;0;0;0;0;0;0;0;0;0;0;3927;0;0;126;0;202;0;
19094;6967074;1206018048;27967488;1340407808;0;0;0;0;0;0;0;0;0;0;0;3566;0;0;126;0;202;0;
19095;7800006;1206018048;27967488;1340407808;0;0;0;0;0;0;0;0;0;0;0;3437;0;0;126;0;202;0;
19096;6348273;1206018048;27967488;1340407808;0;0;0;0;0;0;0;0;0;0;0;4077;0;0;126;0;202;0;
19097;7091497;1206018048;27967488;1340407808;0;0;0;0;0;0;0;0;0;0;0;3507;0;0;126;0;202;0;
19098;8233168;1206018048;27967488;1340407808;0;0;0;0;0;0;0;0;0;0;0;4008;0;0;126;0;202;0;
19099;6625533;1206018048;27967488;1340407808;0;0;0;0;0;0;0;0;0;0;0;3557;0;0;126;0;202;0;
19100;7808601;1206018048;27967488;1340407808;0;0;0;0;0;0;0;0;0;0;0;4188;0;0;126;0;202;0;
19101;8002616;1206018048;27967488;1340407808;0;0;0;0;0;0;0;0;0;0;0;2565;0;0;126;0;202;0;
19102;6519644;1206018048;27967488;1340407808;0;0;0;0;0;0;0;0;0;0;0;4338;0;0;126;0;202;0;
19103;5716008;1206018048;27967488;1340407808;0;0;0;0;0;0;0;0;0;0;0;2925;0;0;126;0;202;0;
19104;9272346;1206018048;27967488;1340407808;0;0;0;0;0;0;0;0;0;0;0;3566;0;0;126;0;202;0;
19105;9383625;1206018048;27967488;1340407808;0;0;0;0;0;0;0;0;0;0;0;3937;0;0;126;0;202;0;
19106;6757731;1206018048;27967488;1340407808;0;0;0;0;0;0;0;0;0;0;0;3818;0;0;126;0;202;0;
19107;9916925;1206018048;27967488;1340407808;0;0;0;0;0;0;0;0;0;0;0;3537;0;0;126;0;202;0;
19108;5718212;1206018048;27967488;1340407808;0;0;0;0;0;0;0;0;0;0;0;4027;0;0;126;0;202;0;
19109;7839048;1206018048;27967488;1340407808;0;0;0;0;0;0;0;0;0;0;0;4067;0;0;126;0;202;0;
19110;8862658;1206018048;27967488;1340407808;0;0;0;0;0;0;0;0;0;0;0;4088;0;0;126;0;202;0;
19111;8781035;1206018048;27971584;1340411904;0;0;0;0;0;0;0;0;0;0;0;3757;0;0;126;0;202;0;
19112;5745774;1206018048;27975680;1340416000;0;0;0;0;0;0;0;0;0;0;0;2996;0;0;126;0;202;0;
19113;9110853;1206018048;27975680;1340416000;0;0;0;0;0;0;0;0;0;0;0;4218;0;0;126;0;202;0;
19114;5549075;1206018048;27975680;1340416000;0;0;0;0;0;0;0;0;0;0;0;3166;0;0;126;0;202;0;
19115;9619316;1206018048;27975680;1340416000;0;0;0;0;0;0;0;0;0;0;0;3947;0;0;126;0;202;0;
19116;7405245;1206018048;27975680;1340416000;0;0;0;0;0;0;0;0;0;0;0;4178;0;0;126;0;202;0;
19117;8551194;1206018048;27975680;1340416000;0;0;0;0;0;0;0;0;0;0;0;3456;0;0;126;0;202;0;
19118;12602801;1206018048;27967488;1340407808;0;0;0;0;0;0;0;0;0;0;0;5019;0;0;126;0;202;0;
19119;9950137;1206018048;27967488;1340407808;0;0;0;0;0;0;0;0;0;0;0;2895;0;0;126;0;202;0;
19120;9458855;1206018048;27967488;1340407808;0;0;0;0;0;0;0;0;0;0;0;3807;0;0;126;0;202;0;
19121;10343485;1206018048;27967488;1340407808;0;0;0;0;0;0;0;0;0;0;0;4158;0;0;126;0;202;0;
19122;10010440;1206018048;27967488;1340407808;0;0;0;0;0;0;0;0;0;0;0;4789;0;0;126;0;202;0;
19123;7711549;1206018048;27967488;1340407808;0;0;0;0;0;0;0;0;0;0;0;3987;0;0;126;0;202;0;
19124;7083763;1206018048;27967488;1340407808;0;0;0;0;0;0;0;0;0;0;0;4228;0;0;126;0;202;0;
19125;9192316;1206018048;27967488;1340407808;0;0;0;0;0;0;0;0;0;0;0;3677;0;0;126;0;202;0;
19126;5116052;1206018048;27967488;1340407808;0;0;0;0;0;0;0;0;0;0;0;3887;0;0;126;0;202;0;
19127;9409253;1206018048;27967488;1340407808;0;0;0;0;0;0;0;0;0;0;0;3787;0;0;126;0;202;0;
19128;7400356;1206018048;27967488;1340407808;0;0;0;0;0;0;0;0;0;0;0;3347;0;0;126;0;202;0;
19129;9846653;1206018048;27967488;1340407808;0;0;0;0;0;0;0;0;0;0;0;3186;0;0;126;0;202;0;
19130;6952106;1206018048;27967488;1340407808;0;0;0;0;0;0;0;0;0;0;0;3427;0;0;126;0;202;0;
19131;10165231;1206018048;27967488;1340407808;0;0;0;0;0;0;0;0;0;0;0;4198;0;0;126;0;202;0;
19132;8857308;1206018048;27967488;1340407808;0;0;0;0;0;0;0;0;0;0;0;4068;0;0;126;0;202;0;
19133;10335329;1206018048;27967488;1340407808;0;0;0;0;0;0;0;0;0;0;0;3126;0;0;126;0;202;0;
19134;5902057;1206018048;27967488;1340407808;0;0;0;0;0;0;0;0;0;0;0;3567;0;0;126;0;202;0;
19135;9377413;1206018048;27967488;1340407808;0;0;0;0;0;0;0;0;0;0;0;3877;0;0;126;0;202;0;
19136;4672201;1206018048;27967488;1340407808;0;0;0;0;0;0;0;0;0;0;0;4078;0;0;126;0;202;0;
19137;9766333;1206018048;27967488;1340407808;0;0;0;0;0;0;0;0;0;0;0;3396;0;0;126;0;202;0;
19138;7041754;1206018048;27967488;1340407808;0;0;0;0;0;0;0;0;0;0;0;3206;0;0;126;0;202;0;
19139;8681949;1206018048;27967488;1340407808;0;0;0;0;0;0;0;0;0;0;0;3757;0;0;126;0;202;0;
19140;6324418;1206018048;27967488;1340407808;0;0;0;0;0;0;0;0;0;0;0;3567;0;0;126;0;202;0;
19141;8665378;1206018048;27967488;1340407808;0;0;0;0;0;0;0;0;0;0;0;4128;0;0;126;0;202;0;
19142;7598598;1206018048;27967488;1340407808;0;0;0;0;0;0;0;0;0;0;0;3096;0;0;126;0;202;0;
19143;8787096;1206018048;27967488;1340407808;0;0;0;0;0;0;0;0;0;0;0;5441;0;0;126;0;202;0;
19144;6802154;1206018048;27967488;1340407808;0;0;0;0;0;0;0;0;0;0;0;4608;0;0;126;0;202;0;
19145;7964243;1206018048;27967488;1340407808;0;0;0;0;0;0;0;0;0;0;0;3888;0;0;126;0;202;0;
19146;6874039;1206018048;27967488;1340407808;0;0;0;0;0;0;0;0;0;0;0;3666;0;0;126;0;202;0;
19147;9592606;1206018048;27967488;1340407808;0;0;0;0;0;0;0;0;0;0;0;4208;0;0;126;0;202;0;
19148;7118057;1206018048;27967488;1340407808;0;0;0;0;0;0;0;0;0;0;0;4448;0;0;126;0;202;0;
19149;9396418;1206018048;27967488;1340407808;0;0;0;0;0;0;0;0;0;0;0;3396;0;0;126;0;202;0;
19150;8355627;1206018048;27967488;1340407808;0;0;0;0;0;0;0;0;0;0;0;3967;0;0;126;0;202;0;
19151;6885220;1206018048;27967488;1340407808;0;0;0;0;0;0;0;0;0;0;0;3677;0;0;126;0;202;0;
19152;7806658;1206018048;27967488;1340407808;0;0;0;0;0;0;0;0;0;0;0;4188;0;0;126;0;202;0;
19153;8961403;1206018048;27967488;1340407808;0;0;0;0;0;0;0;0;0;0;0;3196;0;0;126;0;202;0;
19154;7807700;1206018048;27967488;1340407808;0;0;0;0;0;0;0;0;0;0;0;3586;0;0;126;0;202;0;
19155;11317621;1206018048;27967488;1340407808;0;0;0;0;0;0;0;0;0;0;0;4218;0;0;126;0;202;0;
19156;5029340;1206018048;27967488;1340407808;0;0;0;0;0;0;0;0;0;0;0;3987;0;0;126;0;202;0;
19157;10986269;1206018048;27967488;1340407808;0;0;0;0;0;0;0;0;0;0;0;3627;0;0;126;0;202;0;
19158;7058946;1206018048;27967488;1340407808;0;0;0;0;0;0;0;0;0;0;0;4418;0;0;126;0;202;0;
19159;10240241;1206018048;27967488;1340407808;0;0;0;0;0;0;0;0;0;0;0;3677;0;0;126;0;202;0;
19160;7539266;1206018048;27967488;1340407808;0;0;0;0;0;0;0;0;0;0;0;3948;0;0;126;0;202;0;
19161;9813590;1206018048;27967488;1340407808;0;0;0;0;0;0;0;0;0;0;0;3286;0;0;126;0;202;0;
19162;7417388;1206018048;27967488;1340407808;0;0;0;0;0;0;0;0;0;0;0;4208;0;0;126;0;202;0;
19163;7610520;1206018048;27967488;1340407808;0;0;0;0;0;0;0;0;0;0;0;3577;0;0;126;0;202;0;
19164;7561358;1206018048;27967488;1340407808;0;0;0;0;0;0;0;0;0;0;0;4579;0;0;126;0;202;0;
19165;7744781;1206018048;27967488;1340407808;0;0;0;0;0;0;0;0;0;0;0;3737;0;0;126;0;202;0;
19166;7174993;1206018048;27967488;1340407808;0;0;0;0;0;0;0;0;0;0;0;4950;0;0;126;0;202;0;
19167;7825773;1206018048;27967488;1340407808;0;0;0;0;0;0;0;0;0;0;0;3967;0;0;126;0;202;0;
19168;7914460;1206018048;27967488;1340407808;0;0;0;0;0;0;0;0;0;0;0;4037;0;0;126;0;202;0;
19169;7645555;1206018048;27967488;1340407808;0;0;0;0;0;0;0;0;0;0;0;3646;0;0;126;0;202;0;
19170;5585062;1206018048;27967488;1340407808;0;0;0;0;0;0;0;0;0;0;0;3697;0;0;126;0;202;0;
19171;6593553;1206018048;27967488;1340407808;0;0;0;0;0;0;0;0;0;0;0;3105;0;0;126;0;202;0;
19172;6064852;1206018048;27967488;1340407808;0;0;0;0;0;0;0;0;0;0;0;3567;0;0;126;0;202;0;
19173;9014613;1206018048;27967488;1340407808;0;0;0;0;0;0;0;0;0;0;0;3025;0;0;126;0;202;0;
19174;6983014;1206018048;27967488;1340407808;0;0;0;0;0;0;0;0;0;0;0;4268;0;0;126;0;202;0;
19175;6900920;1206018048;27967488;1340407808;0;0;0;0;0;0;0;0;0;0;0;3307;0;0;126;0;202;0;
19176;7059016;1206018048;27967488;1340407808;0;0;0;0;0;0;0;0;0;0;0;3627;0;0;126;0;202;0;
19177;9377183;1206018048;27967488;1340407808;0;0;0;0;0;0;0;0;0;0;0;3636;0;0;126;0;202;0;
19178;5677205;1206018048;27967488;1340407808;0;0;0;0;0;0;0;0;0;0;0;4158;0;0;126;0;202;0;
19179;7225849;1206018048;27967488;1340407808;0;0;0;0;0;0;0;0;0;0;0;3586;0;0;126;0;202;0;
19180;7215149;1206018048;27967488;1340407808;0;0;0;0;0;0;0;0;0;0;0;3847;0;0;126;0;202;0;
19181;9618686;1206018048;27967488;1340407808;0;0;0;0;0;0;0;0;0;0;0;2935;0;0;126;0;202;0;
19182;5219467;1206018048;27967488;1340407808;0;0;0;0;0;0;0;0;0;0;0;3907;0;0;126;0;202;0;
19183;9957741;1206018048;27967488;1340407808;0;0;0;0;0;0;0;0;0;0;0;4458;0;0;126;0;202;0;
19184;6896481;1206018048;27967488;1340407808;0;0;0;0;0;0;0;0;0;0;0;3226;0;0;126;0;202;0;
19185;8909265;1206018048;27967488;1340407808;0;0;0;0;0;0;0;0;0;0;0;2946;0;0;126;0;202;0;
19186;6460885;1206018048;27967488;1340407808;0;0;0;0;0;0;0;0;0;0;0;3226;0;0;126;0;202;0;
19187;7462072;1206018048;27967488;1340407808;0;0;0;0;0;0;0;0;0;0;0;3056;0;0;126;0;202;0;
19188;9253551;1206018048;27967488;1340407808;0;0;0;0;0;0;0;0;0;0;0;3907;0;0;126;0;202;0;
19189;7426736;1206018048;27967488;1340407808;0;0;0;0;0;0;0;0;0;0;0;3086;0;0;126;0;202;0;
19190;5707652;1206018048;27967488;1340407808;0;0;0;0;0;0;0;0;0;0;0;3247;0;0;126;0;202;0;
19191;8509415;1206018048;27967488;1340407808;0;0;0;0;0;0;0;0;0;0;0;3246;0;0;126;0;202;0;
19192;3475537;1206018048;27967488;1340407808;0;0;0;0;0;0;0;0;0;0;0;4098;0;0;126;0;202;0;
19193;7271084;1206018048;27967488;1340407808;0;0;0;0;0;0;0;0;0;0;0;2605;0;0;126;0;202;0;
19194;4676359;1206018048;27967488;1340407808;0;0;0;0;0;0;0;0;0;0;0;3266;0;0;126;0;202;0;
19195;10603302;1206018048;27967488;1340407808;0;0;0;0;0;0;0;0;0;0;0;2425;0;0;126;0;202;0;
19196;6087664;1206018048;27967488;1340407808;0;0;0;0;0;0;0;0;0;0;0;4268;0;0;126;0;202;0;
19197;6545753;1206018048;27967488;1340407808;0;0;0;0;0;0;0;0;0;0;0;2925;0;0;126;0;202;0;
19198;6045776;1206018048;27967488;1340407808;0;0;0;0;0;0;0;0;0;0;0;3477;0;0;126;0;202;0;
19199;6189205;1206018048;27967488;1340407808;0;0;0;0;0;0;0;0;0;0;0;2545;0;0;126;0;202;0;
19200;7177027;1206018048;27967488;1340407808;0;0;0;0;0;0;0;0;0;0;0;3848;0;0;126;0;202;0;
19201;8456737;1206018048;27967488;1340407808;0;0;0;0;0;0;0;0;0;0;0;4088;0;0;126;0;202;0;
19202;4454703;1206018048;27967488;1340407808;0;0;0;0;0;0;0;0;0;0;0;3717;0;0;126;0;202;0;
19203;6441969;1206018048;27967488;1340407808;0;0;0;0;0;0;0;0;0;0;0;3387;0;0;126;0;202;0;
19204;7521494;1206018048;27967488;1340407808;0;0;0;0;0;0;0;0;0;0;0;3356;0;0;126;0;202;0;
19205;8421801;1206018048;27967488;1340407808;0;0;0;0;0;0;0;0;0;0;0;3145;0;0;126;0;202;0;
19206;6401974;1206018048;27967488;1340407808;0;0;0;0;0;0;0;0;0;0;0;3166;0;0;126;0;202;0;
19207;8216817;1206018048;27967488;1340407808;0;0;0;0;0;0;0;0;0;0;0;3767;0;0;126;0;202;0;
19208;5905804;1206018048;27967488;1340407808;0;0;0;0;0;0;0;0;0;0;0;4578;0;0;126;0;202;0;
19209;8714641;1206018048;27967488;1340407808;0;0;0;0;0;0;0;0;0;0;0;4258;0;0;126;0;202;0;
19210;8222989;1206018048;27967488;1340407808;0;0;0;0;0;0;0;0;0;0;0;4359;0;0;126;0;202;0;
19211;6410720;1206018048;27967488;1340407808;0;0;0;0;0;0;0;0;0;0;0;3206;0;0;126;0;202;0;
19212;7269881;1206018048;27967488;1340407808;0;0;0;0;0;0;0;0;0;0;0;4118;0;0;126;0;202;0;
19213;8323727;1206018048;27967488;1340407808;0;0;0;0;0;0;0;0;0;0;0;3296;0;0;126;0;202;0;
19214;5982477;1206018048;27967488;1340407808;0;0;0;0;0;0;0;0;0;0;0;4288;0;0;126;0;202;0;
19215;9909190;1206018048;27967488;1340407808;0;0;0;0;0;0;0;0;0;0;0;4328;0;0;126;0;202;0;
19216;8587993;1206018048;27967488;1340407808;0;0;0;0;0;0;0;0;0;0;0;3086;0;0;126;0;202;0;
19217;7829009;1206018048;27967488;1340407808;0;0;0;0;0;0;0;0;0;0;0;2986;0;0;126;0;202;0;
19218;6042971;1206018048;27967488;1340407808;0;0;0;0;0;0;0;0;0;0;0;3677;0;0;126;0;202;0;
19219;6591329;1206018048;27967488;1340407808;0;0;0;0;0;0;0;0;0;0;0;2575;0;0;126;0;202;0;
19220;7133636;1206018048;27967488;1340407808;0;0;0;0;0;0;0;0;0;0;0;3706;0;0;126;0;202;0;
19221;6038222;1206018048;27967488;1340407808;0;0;0;0;0;0;0;0;0;0;0;2164;0;0;126;0;202;0;
19222;8560802;1206018048;27967488;1340407808;0;0;0;0;0;0;0;0;0;0;0;3176;0;0;126;0;202;0;
19223;7811276;1206018048;27967488;1340407808;0;0;0;0;0;0;0;0;0;0;0;5370;0;0;126;0;202;0;
19224;6507813;1206018048;27967488;1340407808;0;0;0;0;0;0;0;0;0;0;0;3747;0;0;126;0;202;0;
19225;8982172;1206018048;27967488;1340407808;0;0;0;0;0;0;0;0;0;0;0;2775;0;0;126;0;202;0;
19226;5653821;1206018048;27967488;1340407808;0;0;0;0;0;0;0;0;0;0;0;4498;0;0;126;0;202;0;
19227;8830237;1206018048;27967488;1340407808;0;0;0;0;0;0;0;0;0;0;0;5079;0;0;126;0;202;0;
19228;3866059;1206018048;27967488;1340407808;0;0;0;0;0;0;0;0;0;0;0;4097;0;0;126;0;202;0;
19229;8258866;1206018048;27967488;1340407808;0;0;0;0;0;0;0;0;0;0;0;5160;0;0;126;0;202;0;
19230;6855805;1206018048;27967488;1340407808;0;0;0;0;0;0;0;0;0;0;0;3947;0;0;126;0;202;0;
19231;9092178;1206018048;27967488;1340407808;0;0;0;0;0;0;0;0;0;0;0;4118;0;0;126;0;202;0;
19232;4565491;1206018048;27967488;1340407808;0;0;0;0;0;0;0;0;0;0;0;3577;0;0;126;0;202;0;
19233;7619026;1206018048;27967488;1340407808;0;0;0;0;0;0;0;0;0;0;0;3577;0;0;126;0;202;0;
19234;8020318;1206018048;27967488;1340407808;0;0;0;0;0;0;0;0;0;0;0;3907;0;0;126;0;202;0;
19235;6745237;1206018048;27967488;1340407808;0;0;0;0;0;0;0;0;0;0;0;3907;0;0;126;0;202;0;
19236;6174277;1206018048;27967488;1340407808;0;0;0;0;0;0;0;0;0;0;0;3246;0;0;126;0;202;0;
19237;8143830;1206018048;27967488;1340407808;0;0;0;0;0;0;0;0;0;0;0;2965;0;0;126;0;202;0;
19238;5947081;1206018048;27967488;1340407808;0;0;0;0;0;0;0;0;0;0;0;4228;0;0;126;0;202;0;
19239;7476419;1206018048;27967488;1340407808;0;0;0;0;0;0;0;0;0;0;0;4097;0;0;126;0;202;0;
19240;7583449;1206018048;27967488;1340407808;0;0;0;0;0;0;0;0;0;0;0;3777;0;0;126;0;202;0;
19241;10280998;1206018048;27971584;1340411904;0;0;0;0;0;0;0;0;0;0;0;4749;0;0;126;0;202;0;
19242;7326537;1206018048;27975680;1340416000;0;0;0;0;0;0;0;0;0;0;0;3727;0;0;126;0;202;0;
19243;9633884;1206018048;27975680;1340416000;0;0;0;0;0;0;0;0;0;0;0;3557;0;0;126;0;202;0;
19244;4587111;1206018048;27975680;1340416000;0;0;0;0;0;0;0;0;0;0;0;2995;0;0;126;0;202;0;
19245;6633258;1206018048;27975680;1340416000;0;0;0;0;0;0;0;0;0;0;0;3877;0;0;126;0;202;0;
19246;5817849;1206018048;27975680;1340416000;0;0;0;0;0;0;0;0;0;0;0;3146;0;0;126;0;202;0;
19247;9289098;1206018048;27975680;1340416000;0;0;0;0;0;0;0;0;0;0;0;3226;0;0;126;0;202;0;
19248;4136927;1206018048;27967488;1340407808;0;0;0;0;0;0;0;0;0;0;0;3276;0;0;126;0;202;0;
19249;7737759;1206018048;27967488;1340407808;0;0;0;0;0;0;0;0;0;0;0;4840;0;0;126;0;202;0;
19250;4841849;1206018048;27967488;1340407808;0;0;0;0;0;0;0;0;0;0;0;3246;0;0;126;0;202;0;
19251;8748885;1206018048;27967488;1340407808;0;0;0;0;0;0;0;0;0;0;0;3937;0;0;126;0;202;0;
19252;3912045;1206018048;27967488;1340407808;0;0;0;0;0;0;0;0;0;0;0;3256;0;0;126;0;202;0;
19253;8947707;1206018048;27967488;1340407808;0;0;0;0;0;0;0;0;0;0;0;4378;0;0;126;0;202;0;
19254;6438543;1206018048;27967488;1340407808;0;0;0;0;0;0;0;0;0;0;0;4699;0;0;126;0;202;0;
19255;7257037;1206018048;27967488;1340407808;0;0;0;0;0;0;0;0;0;0;0;4078;0;0;126;0;202;0;
19256;5299166;1206018048;27967488;1340407808;0;0;0;0;0;0;0;0;0;0;0;3917;0;0;126;0;202;0;
19257;7870969;1206018048;27967488;1340407808;0;0;0;0;0;0;0;0;0;0;0;3307;0;0;126;0;202;0;
19258;5645045;1206018048;27967488;1340407808;0;0;0;0;0;0;0;0;0;0;0;4178;0;0;126;0;202;0;
19259;8435156;1206018048;27967488;1340407808;0;0;0;0;0;0;0;0;0;0;0;2765;0;0;126;0;202;0;
19260;5721458;1206018048;27967488;1340407808;0;0;0;0;0;0;0;0;0;0;0;3327;0;0;126;0;202;0;
19261;6748664;1206018048;27967488;1340407808;0;0;0;0;0;0;0;0;0;0;0;2635;0;0;126;0;202;0;
19262;6177273;1206018048;27967488;1340407808;0;0;0;0;0;0;0;0;0;0;0;3537;0;0;126;0;202;0;
19263;8506670;1206018048;27967488;1340407808;0;0;0;0;0;0;0;0;0;0;0;2836;0;0;126;0;202;0;
19264;5376942;1206018048;27967488;1340407808;0;0;0;0;0;0;0;0;0;0;0;3777;0;0;126;0;202;0;
19265;5980304;1206018048;27967488;1340407808;0;0;0;0;0;0;0;0;0;0;0;1894;0;0;126;0;202;0;
19266;5895435;1206018048;27967488;1340407808;0;0;0;0;0;0;0;0;0;0;0;3427;0;0;126;0;202;0;
19267;6608662;1206018048;27967488;1340407808;0;0;0;0;0;0;0;0;0;0;0;2054;0;0;126;0;202;0;
19268;6401202;1206018048;27967488;1340407808;0;0;0;0;0;0;0;0;0;0;0;4108;0;0;126;0;202;0;
19269;8701295;1206018048;27967488;1340407808;0;0;0;0;0;0;0;0;0;0;0;4158;0;0;126;0;202;0;
19270;4487554;1206018048;27967488;1340407808;0;0;0;0;0;0;0;0;0;0;0;4728;0;0;126;0;202;0;
19271;9417438;1206018048;27967488;1340407808;0;0;0;0;0;0;0;0;0;0;0;4959;0;0;126;0;202;0;
19272;8212459;1206018048;27967488;1340407808;0;0;0;0;0;0;0;0;0;0;0;4639;0;0;126;0;202;0;
19273;7766102;1206018048;27967488;1340407808;0;0;0;0;0;0;0;0;0;0;0;3417;0;0;126;0;202;0;
19274;6992722;1206018048;27967488;1340407808;0;0;0;0;0;0;0;0;0;0;0;3296;0;0;126;0;202;0;
19275;6578565;1206018048;27967488;1340407808;0;0;0;0;0;0;0;0;0;0;0;3146;0;0;126;0;202;0;
19276;5293826;1206018048;27967488;1340407808;0;0;0;0;0;0;0;0;0;0;0;4148;0;0;126;0;202;0;
19277;8544331;1206018048;27967488;1340407808;0;0;0;0;0;0;0;0;0;0;0;4178;0;0;126;0;202;0;
19278;6136356;1206018048;27967488;1340407808;0;0;0;0;0;0;0;0;0;0;0;4047;0;0;126;0;202;0;
19279;9972870;1206018048;27967488;1340407808;0;0;0;0;0;0;0;0;0;0;0;3416;0;0;126;0;202;0;
19280;5683627;1206018048;27967488;1340407808;0;0;0;0;0;0;0;0;0;0;0;3676;0;0;126;0;202;0;
19281;8723848;1206018048;27967488;1340407808;0;0;0;0;0;0;0;0;0;0;0;2786;0;0;126;0;202;0;
19282;5365140;1206018048;27967488;1340407808;0;0;0;0;0;0;0;0;0;0;0;3787;0;0;126;0;202;0;
19283;9575074;1206018048;27967488;1340407808;0;0;0;0;0;0;0;0;0;0;0;4158;0;0;126;0;202;0;
19284;4846578;1206018048;27967488;1340407808;0;0;0;0;0;0;0;0;0;0;0;3426;0;0;126;0;202;0;
19285;7123377;1206018048;27967488;1340407808;0;0;0;0;0;0;0;0;0;0;0;3607;0;0;126;0;202;0;
19286;5445881;1206018048;27967488;1340407808;0;0;0;0;0;0;0;0;0;0;0;177944;0;0;126;0;202;0;
19287;7665533;1206018048;27967488;1340407808;0;0;0;0;0;0;0;0;0;0;0;4178;0;0;126;0;202;0;
19288;6797526;1206018048;27971584;1340411904;0;0;0;0;0;0;0;0;0;0;0;3676;0;0;126;0;202;0;
19289;7687154;1206018048;27971584;1340411904;0;0;0;0;0;0;0;0;0;0;0;3788;0;0;126;0;202;0;
19290;6969218;1206018048;27971584;1340411904;0;0;0;0;0;0;0;0;0;0;0;4398;0;0;126;0;202;0;
19291;7371682;1206018048;27971584;1340411904;0;0;0;0;0;0;0;0;0;0;0;2865;0;0;126;0;202;0;
19292;6514846;1206018048;27971584;1340411904;0;0;0;0;0;0;0;0;0;0;0;3346;0;0;126;0;202;0;
19293;6673262;1206018048;27971584;1340411904;0;0;0;0;0;0;0;0;0;0;0;2625;0;0;126;0;202;0;
19294;8283822;1206018048;27971584;1340411904;0;0;0;0;0;0;0;0;0;0;0;3536;0;0;126;0;202;0;
19295;6843492;1206018048;27971584;1340411904;0;0;0;0;0;0;0;0;0;0;0;2835;0;0;126;0;202;0;
19296;6801554;1206018048;27971584;1340411904;0;0;0;0;0;0;0;0;0;0;0;3877;0;0;126;0;202;0;
19297;9568011;1206018048;27971584;1340411904;0;0;0;0;0;0;0;0;0;0;0;3627;0;0;126;0;202;0;
19298;6325320;1206018048;27971584;1340411904;0;0;0;0;0;0;0;0;0;0;0;4298;0;0;126;0;202;0;
19299;8656251;1206018048;27971584;1340411904;0;0;0;0;0;0;0;0;0;0;0;3426;0;0;126;0;202;0;
19300;7676694;1206018048;27971584;1340411904;0;0;0;0;0;0;0;0;0;0;0;3607;0;0;126;0;202;0;
19301;7283296;1206018048;27971584;1340411904;0;0;0;0;0;0;0;0;0;0;0;4118;0;0;126;0;202;0;
19302;6029385;1206018048;27971584;1340411904;0;0;0;0;0;0;0;0;0;0;0;3416;0;0;126;0;202;0;
19303;7732048;1206018048;27971584;1340411904;0;0;0;0;0;0;0;0;0;0;0;3296;0;0;126;0;202;0;
19304;7494954;1206018048;27971584;1340411904;0;0;0;0;0;0;0;0;0;0;0;3777;0;0;126;0;202;0;
19305;8283172;1206018048;27971584;1340411904;0;0;0;0;0;0;0;0;0;0;0;2545;0;0;126;0;202;0;
19306;5649372;1206018048;27971584;1340411904;0;0;0;0;0;0;0;0;0;0;0;3407;0;0;126;0;202;0;
19307;7761062;1206018048;27971584;1340411904;0;0;0;0;0;0;0;0;0;0;0;2905;0;0;126;0;202;0;
19308;5744812;1206018048;27971584;1340411904;0;0;0;0;0;0;0;0;0;0;0;40336;0;0;126;0;202;0;
19309;9457102;1206018048;27971584;1340411904;0;0;0;0;0;0;0;0;0;0;0;2785;0;0;126;0;202;0;
19310;5416787;1206018048;27971584;1340411904;0;0;0;0;0;0;0;0;0;0;0;2935;0;0;126;0;202;0;
19311;7451552;1206018048;27971584;1340411904;0;0;0;0;0;0;0;0;0;0;0;2976;0;0;126;0;202;0;
19312;5631439;1206018048;27971584;1340411904;0;0;0;0;0;0;0;0;0;0;0;3136;0;0;126;0;202;0;
19313;8094558;1206018048;27971584;1340411904;0;0;0;0;0;0;0;0;0;0;0;2945;0;0;126;0;202;0;
19314;4769804;1206018048;27971584;1340411904;0;0;0;0;0;0;0;0;0;0;0;3407;0;0;126;0;202;0;
19315;8897173;1206018048;27971584;1340411904;0;0;0;0;0;0;0;0;0;0;0;3587;0;0;126;0;202;0;
19316;6044453;1206018048;27971584;1340411904;0;0;0;0;0;0;0;0;0;0;0;3937;0;0;126;0;202;0;
19317;6641564;1206018048;27971584;1340411904;0;0;0;0;0;0;0;0;0;0;0;3857;0;0;126;0;202;0;
19318;4838322;1206018048;27971584;1340411904;0;0;0;0;0;0;0;0;0;0;0;4348;0;0;126;0;202;0;
19319;8409168;1206018048;27971584;1340411904;0;0;0;0;0;0;0;0;0;0;0;3717;0;0;126;0;202;0;
19320;4854152;1206018048;27971584;1340411904;0;0;0;0;0;0;0;0;0;0;0;3526;0;0;126;0;202;0;
19321;9885405;1206018048;27971584;1340411904;0;0;0;0;0;0;0;0;0;0;0;3206;0;0;126;0;202;0;
19322;4031059;1206018048;27971584;1340411904;0;0;0;0;0;0;0;0;0;0;0;4819;0;0;126;0;202;0;
19323;9417338;1206018048;27971584;1340411904;0;0;0;0;0;0;0;0;0;0;0;2474;0;0;126;0;202;0;
19324;5370160;1206018048;27971584;1340411904;0;0;0;0;0;0;0;0;0;0;0;4037;0;0;126;0;202;0;
19325;8092373;1206018048;27971584;1340411904;0;0;0;0;0;0;0;0;0;0;0;2225;0;0;126;0;202;0;
19326;3573170;1206018048;27971584;1340411904;0;0;0;0;0;0;0;0;0;0;0;3306;0;0;126;0;202;0;
19327;7104872;1206018048;27971584;1340411904;0;0;0;0;0;0;0;0;0;0;0;2685;0;0;126;0;202;0;
19328;4213140;1206018048;27971584;1340411904;0;0;0;0;0;0;0;0;0;0;0;10149;0;0;126;0;202;0;
19329;7874695;1206018048;27971584;1340411904;0;0;0;0;0;0;0;0;0;0;0;3727;0;0;126;0;202;0;
19330;5141049;1206018048;27971584;1340411904;0;0;0;0;0;0;0;0;0;0;0;4598;0;0;126;0;202;0;
19331;6162686;1206018048;27971584;1340411904;0;0;0;0;0;0;0;0;0;0;0;2515;0;0;126;0;202;0;
19332;7617323;1206018048;27971584;1340411904;0;0;0;0;0;0;0;0;0;0;0;5611;0;0;126;0;202;0;
19333;7675021;1206018048;27971584;1340411904;0;0;0;0;0;0;0;0;0;0;0;3547;0;0;126;0;202;0;
19334;4726362;1206018048;27971584;1340411904;0;0;0;0;0;0;0;0;0;0;0;4549;0;0;126;0;202;0;
19335;6847399;1206018048;27971584;1340411904;0;0;0;0;0;0;0;0;0;0;0;4398;0;0;126;0;202;0;
19336;4695044;1206018048;27971584;1340411904;0;0;0;0;0;0;0;0;0;0;0;3707;0;0;126;0;202;0;
19337;13623284;1206018048;27971584;1340411904;0;0;0;0;0;0;0;0;0;0;0;4909;0;0;126;0;202;0;
19338;6508544;1206018048;27971584;1340411904;0;0;0;0;0;0;0;0;0;0;0;4067;0;0;126;0;202;0;
19339;6816601;1206018048;27971584;1340411904;0;0;0;0;0;0;0;0;0;0;0;2855;0;0;126;0;202;0;
19340;6139752;1206018048;27971584;1340411904;0;0;0;0;0;0;0;0;0;0;0;3697;0;0;126;0;202;0;
19341;6904697;1206018048;27971584;1340411904;0;0;0;0;0;0;0;0;0;0;0;3597;0;0;126;0;202;0;
19342;5820032;1206018048;27971584;1340411904;0;0;0;0;0;0;0;0;0;0;0;5891;0;0;126;0;202;0;
19343;6307006;1206018048;27971584;1340411904;0;0;0;0;0;0;0;0;0;0;0;4128;0;0;126;0;202;0;
19344;4313809;1206018048;27971584;1340411904;0;0;0;0;0;0;0;0;0;0;0;4959;0;0;126;0;202;0;
19345;7410566;1206018048;27971584;1340411904;0;0;0;0;0;0;0;0;0;0;0;4548;0;0;126;0;202;0;
19346;4315482;1206018048;27971584;1340411904;0;0;0;0;0;0;0;0;0;0;0;4047;0;0;126;0;202;0;
19347;6708439;1206018048;27971584;1340411904;0;0;0;0;0;0;0;0;0;0;0;3907;0;0;126;0;202;0;
19348;4008496;1206018048;27971584;1340411904;0;0;0;0;0;0;0;0;0;0;0;3576;0;0;126;0;202;0;
19349;5967148;1206018048;27971584;1340411904;0;0;0;0;0;0;0;0;0;0;0;2145;0;0;126;0;202;0;
19350;5649473;1206018048;27971584;1340411904;0;0;0;0;0;0;0;0;0;0;0;3326;0;0;126;0;202;0;
19351;5666074;1206018048;27971584;1340411904;0;0;0;0;0;0;0;0;0;0;0;3016;0;0;126;0;202;0;
19352;4566923;1206018048;27971584;1340411904;0;0;0;0;0;0;0;0;0;0;0;4789;0;0;126;0;202;0;
19353;6993773;1206018048;27971584;1340411904;0;0;0;0;0;0;0;0;0;0;0;3347;0;0;126;0;202;0;
19354;4361258;1206018048;27971584;1340411904;0;0;0;0;0;0;0;0;0;0;0;3787;0;0;126;0;202;0;
19355;6107322;1206018048;27971584;1340411904;0;0;0;0;0;0;0;0;0;0;0;3637;0;0;126;0;202;0;
19356;6306304;1206018048;27971584;1340411904;0;0;0;0;0;0;0;0;0;0;0;3967;0;0;126;0;202;0;
19357;6541786;1206018048;27971584;1340411904;0;0;0;0;0;0;0;0;0;0;0;2404;0;0;126;0;202;0;
19358;5782913;1206018048;27971584;1340411904;0;0;0;0;0;0;0;0;0;0;0;3026;0;0;126;0;202;0;
19359;5848486;1206018048;27971584;1340411904;0;0;0;0;0;0;0;0;0;0;0;2225;0;0;126;0;202;0;
19360;4982262;1206018048;27971584;1340411904;0;0;0;0;0;0;0;0;0;0;0;3597;0;0;126;0;202;0;
19361;6489027;1206018048;27971584;1340411904;0;0;0;0;0;0;0;0;0;0;0;4158;0;0;126;0;202;0;
19362;6345749;1206018048;27971584;1340411904;0;0;0;0;0;0;0;0;0;0;0;3998;0;0;126;0;202;0;
19363;6244819;1206018048;27971584;1340411904;0;0;0;0;0;0;0;0;0;0;0;3988;0;0;126;0;202;0;
19364;5582577;1206018048;27971584;1340411904;0;0;0;0;0;0;0;0;0;0;0;4328;0;0;126;0;202;0;
19365;5921032;1206018048;27971584;1340411904;0;0;0;0;0;0;0;0;0;0;0;3456;0;0;126;0;202;0;
19366;5375930;1206018048;27971584;1340411904;0;0;0;0;0;0;0;0;0;0;0;3297;0;0;126;0;202;0;
19367;7496997;1206018048;27971584;1340411904;0;0;0;0;0;0;0;0;0;0;0;3346;0;0;126;0;202;0;
19368;6358132;1206018048;27971584;1340411904;0;0;0;0;0;0;0;0;0;0;0;3687;0;0;126;0;202;0;
19369;6184847;1206018048;27971584;1340411904;0;0;0;0;0;0;0;0;0;0;0;2906;0;0;126;0;202;0;
19370;5452173;1206018048;27971584;1340411904;0;0;0;0;0;0;0;0;0;0;0;3957;0;0;126;0;202;0;
19371;6926678;1206018048;27971584;1340411904;0;0;0;0;0;0;0;0;0;0;0;4558;0;0;126;0;202;0;
19372;6008186;1206018048;27971584;1340411904;0;0;0;0;0;0;0;0;0;0;0;4398;0;0;126;0;202;0;
19373;7349651;1206018048;27971584;1340411904;0;0;0;0;0;0;0;0;0;0;0;4178;0;0;126;0;202;0;
19374;4059983;1206018048;27971584;1340411904;0;0;0;0;0;0;0;0;0;0;0;4389;0;0;126;0;202;0;
19375;7765651;1206018048;27971584;1340411904;0;0;0;0;0;0;0;0;0;0;0;3577;0;0;126;0;202;0;
19376;5120742;1206018048;27971584;1340411904;0;0;0;0;0;0;0;0;0;0;0;4087;0;0;126;0;202;0;
19377;8325281;1206018048;27971584;1340411904;0;0;0;0;0;0;0;0;0;0;0;3607;0;0;126;0;202;0;
19378;4769132;1206018048;27971584;1340411904;0;0;0;0;0;0;0;0;0;0;0;3196;0;0;126;0;202;0;
19379;7142232;1206018048;27971584;1340411904;0;0;0;0;0;0;0;0;0;0;0;2615;0;0;126;0;202;0;
19380;4882154;1206018048;27971584;1340411904;0;0;0;0;0;0;0;0;0;0;0;3376;0;0;126;0;202;0;
19381;6552847;1206018048;27971584;1340411904;0;0;0;0;0;0;0;0;0;0;0;2896;0;0;126;0;202;0;
19382;6792707;1206018048;27971584;1340411904;0;0;0;0;0;0;0;0;0;0;0;3988;0;0;126;0;202;0;
19383;6643467;1206018048;27971584;1340411904;0;0;0;0;0;0;0;0;0;0;0;3106;0;0;126;0;202;0;
19384;7346255;1206018048;27971584;1340411904;0;0;0;0;0;0;0;0;0;0;0;3386;0;0;126;0;202;0;
19385;7856331;1206018048;27971584;1340411904;0;0;0;0;0;0;0;0;0;0;0;3877;0;0;126;0;202;0;
19386;7332579;1206018048;27971584;1340411904;0;0;0;0;0;0;0;0;0;0;0;4028;0;0;126;0;202;0;
19387;7573962;1206018048;27971584;1340411904;0;0;0;0;0;0;0;0;0;0;0;2726;0;0;126;0;202;0;
19388;8824105;1206018048;27971584;1340411904;0;0;0;0;0;0;0;0;0;0;0;4428;0;0;126;0;202;0;
19389;5831134;1206018048;27971584;1340411904;0;0;0;0;0;0;0;0;0;0;0;7494;0;0;126;0;202;0;
19390;6555823;1206018048;27971584;1340411904;0;0;0;0;0;0;0;0;0;0;0;3476;0;0;126;0;202;0;
19391;6966492;1206018048;27975680;1340416000;0;0;0;0;0;0;0;0;0;0;0;3817;0;0;126;0;202;0;
19392;5353739;1206018048;27979776;1340420096;0;0;0;0;0;0;0;0;0;0;0;3978;0;0;126;0;202;0;
19393;7184922;1206018048;27979776;1340420096;0;0;0;0;0;0;0;0;0;0;0;4548;0;0;126;0;202;0;
19394;5998898;1206018048;27979776;1340420096;0;0;0;0;0;0;0;0;0;0;0;9017;0;0;126;0;202;0;
19395;6996168;1206018048;27979776;1340420096;0;0;0;0;0;0;0;0;0;0;0;3497;0;0;126;0;202;0;
19396;4316223;1206018048;27979776;1340420096;0;0;0;0;0;0;0;0;0;0;0;3115;0;0;126;0;202;0;
19397;6700714;1206018048;27979776;1340420096;0;0;0;0;0;0;0;0;0;0;0;3396;0;0;126;0;202;0;
19398;4810299;1206022144;27971584;1340411904;0;0;0;0;0;0;0;0;0;0;0;4248;0;0;126;0;202;0;
19399;6837451;1206022144;27971584;1340411904;0;0;0;0;0;0;0;0;0;0;0;3456;0;0;126;0;202;0;
19400;4127519;1206022144;27971584;1340411904;0;0;0;0;0;0;0;0;0;0;0;3617;0;0;126;0;202;0;
19401;7053466;1206022144;27971584;1340411904;0;0;0;0;0;0;0;0;0;0;0;2404;0;0;126;0;202;0;
19402;3932734;1206022144;27971584;1340411904;0;0;0;0;0;0;0;0;0;0;0;3136;0;0;126;0;202;0;
19403;6399169;1206022144;27971584;1340411904;0;0;0;0;0;0;0;0;0;0;0;2415;0;0;126;0;202;0;
19404;5517285;1206022144;27971584;1340411904;0;0;0;0;0;0;0;0;0;0;0;2995;0;0;126;0;202;0;
19405;6891922;1206022144;27971584;1340411904;0;0;0;0;0;0;0;0;0;0;0;2605;0;0;126;0;202;0;
19406;4582493;1206022144;27971584;1340411904;0;0;0;0;0;0;0;0;0;0;0;3617;0;0;126;0;202;0;
19407;6230062;1206022144;27971584;1340411904;0;0;0;0;0;0;0;0;0;0;0;2535;0;0;126;0;202;0;
19408;5118508;1206022144;27971584;1340411904;0;0;0;0;0;0;0;0;0;0;0;3757;0;0;126;0;202;0;
19409;8765937;1206022144;27971584;1340411904;0;0;0;0;0;0;0;0;0;0;0;3367;0;0;126;0;202;0;
19410;5245566;1206022144;27971584;1340411904;0;0;0;0;0;0;0;0;0;0;0;3196;0;0;126;0;202;0;
19411;7623525;1206022144;27971584;1340411904;0;0;0;0;0;0;0;0;0;0;0;2225;0;0;126;0;202;0;
19412;3631088;1206022144;27971584;1340411904;0;0;0;0;0;0;0;0;0;0;0;4348;0;0;126;0;202;0;
19413;5325836;1206022144;27971584;1340411904;0;0;0;0;0;0;0;0;0;0;0;2154;0;0;126;0;202;0;
19414;5508749;1206022144;27971584;1340411904;0;0;0;0;0;0;0;0;0;0;0;4248;0;0;126;0;202;0;
19415;5798553;1206022144;27971584;1340411904;0;0;0;0;0;0;0;0;0;0;0;2064;0;0;126;0;202;0;
19416;4055735;1206022144;27971584;1340411904;0;0;0;0;0;0;0;0;0;0;0;2906;0;0;126;0;202;0;
19417;7804734;1206022144;27971584;1340411904;0;0;0;0;0;0;0;0;0;0;0;4458;0;0;126;0;202;0;
19418;4534833;1206022144;27971584;1340411904;0;0;0;0;0;0;0;0;0;0;0;3226;0;0;126;0;202;0;
19419;5077170;1206022144;27971584;1340411904;0;0;0;0;0;0;0;0;0;0;0;2094;0;0;126;0;202;0;
19420;5426595;1206022144;27971584;1340411904;0;0;0;0;0;0;0;0;0;0;0;3958;0;0;126;0;202;0;
19421;7047454;1206022144;27971584;1340411904;0;0;0;0;0;0;0;0;0;0;0;3958;0;0;126;0;202;0;
19422;4938409;1206022144;27971584;1340411904;0;0;0;0;0;0;0;0;0;0;0;3908;0;0;126;0;202;0;
19423;7137083;1206022144;27971584;1340411904;0;0;0;0;0;0;0;0;0;0;0;3166;0;0;126;0;202;0;
19424;3746224;1206022144;27971584;1340411904;0;0;0;0;0;0;0;0;0;0;0;3556;0;0;126;0;202;0;
19425;6649648;1206022144;27971584;1340411904;0;0;0;0;0;0;0;0;0;0;0;3036;0;0;126;0;202;0;
19426;6293110;1206022144;27971584;1340411904;0;0;0;0;0;0;0;0;0;0;0;3848;0;0;126;0;202;0;
19427;6153549;1206022144;27971584;1340411904;0;0;0;0;0;0;0;0;0;0;0;2123;0;0;126;0;202;0;
19428;4579947;1206022144;27971584;1340411904;0;0;0;0;0;0;0;0;0;0;0;2665;0;0;126;0;202;0;
19429;6512230;1206022144;27971584;1340411904;0;0;0;0;0;0;0;0;0;0;0;4158;0;0;126;0;202;0;
19430;2787777;1206022144;27971584;1340411904;0;0;0;0;0;0;0;0;0;0;0;3206;0;0;126;0;202;0;
19431;6114645;1206022144;27971584;1340411904;0;0;0;0;0;0;0;0;0;0;0;3256;0;0;126;0;202;0;
19432;6089929;1206022144;27971584;1340411904;0;0;0;0;0;0;0;0;0;0;0;3427;0;0;126;0;202;0;
19433;6225744;1206022144;27971584;1340411904;0;0;0;0;0;0;0;0;0;0;0;2164;0;0;126;0;202;0;
19434;4264125;1206022144;27971584;1340411904;0;0;0;0;0;0;0;0;0;0;0;3617;0;0;126;0;202;0;
19435;6473909;1206022144;27971584;1340411904;0;0;0;0;0;0;0;0;0;0;0;2816;0;0;126;0;202;0;
19436;3337047;1206022144;27971584;1340411904;0;0;0;0;0;0;0;0;0;0;0;2926;0;0;126;0;202;0;
19437;11107507;1206022144;27971584;1340411904;0;0;0;0;0;0;0;0;0;0;0;3467;0;0;126;0;202;0;
19438;4396854;1206022144;27971584;1340411904;0;0;0;0;0;0;0;0;0;0;0;2825;0;0;126;0;202;0;
19439;7277035;1206022144;27971584;1340411904;0;0;0;0;0;0;0;0;0;0;0;3567;0;0;126;0;202;0;
19440;3056832;1206022144;27971584;1340411904;0;0;0;0;0;0;0;0;0;0;0;3015;0;0;126;0;202;0;
19441;5291051;1206022144;27971584;1340411904;0;0;0;0;0;0;0;0;0;0;0;1954;0;0;126;0;202;0;
19442;5583189;1206022144;27971584;1340411904;0;0;0;0;0;0;0;0;0;0;0;3867;0;0;126;0;202;0;
19443;6672922;1206022144;27971584;1340411904;0;0;0;0;0;0;0;0;0;0;0;3577;0;0;126;0;202;0;
19444;3199008;1206022144;27971584;1340411904;0;0;0;0;0;0;0;0;0;0;0;2385;0;0;126;0;202;0;
19445;6232216;1206022144;27971584;1340411904;0;0;0;0;0;0;0;0;0;0;0;2394;0;0;126;0;202;0;
19446;4773160;1206022144;27971584;1340411904;0;0;0;0;0;0;0;0;0;0;0;3487;0;0;126;0;202;0;
19447;6923091;1206022144;27971584;1340411904;0;0;0;0;0;0;0;0;0;0;0;3065;0;0;126;0;202;0;
19448;5336506;1206022144;27971584;1340411904;0;0;0;0;0;0;0;0;0;0;0;4248;0;0;126;0;202;0;
19449;5835462;1206022144;27971584;1340411904;0;0;0;0;0;0;0;0;0;0;0;2715;0;0;126;0;202;0;
19450;4724078;1206022144;27971584;1340411904;0;0;0;0;0;0;0;0;0;0;0;3998;0;0;126;0;202;0;
19451;7051903;1206022144;27971584;1340411904;0;0;0;0;0;0;0;0;0;0;0;3677;0;0;126;0;202;0;
19452;3533656;1206022144;27971584;1340411904;0;0;0;0;0;0;0;0;0;0;0;2535;0;0;126;0;202;0;
19453;5658210;1206022144;27971584;1340411904;0;0;0;0;0;0;0;0;0;0;0;1964;0;0;126;0;202;0;
19454;5929388;1206022144;27971584;1340411904;0;0;0;0;0;0;0;0;0;0;0;4057;0;0;126;0;202;0;
19455;5866490;1206022144;27971584;1340411904;0;0;0;0;0;0;0;0;0;0;0;2565;0;0;126;0;202;0;
19456;5971758;1206022144;27971584;1340411904;0;0;0;0;0;0;0;0;0;0;0;3506;0;0;126;0;202;0;
19457;6756439;1206022144;27971584;1340411904;0;0;0;0;0;0;0;0;0;0;0;3637;0;0;126;0;202;0;
19458;4921879;1206022144;27971584;1340411904;0;0;0;0;0;0;0;0;0;0;0;3506;0;0;126;0;202;0;
19459;6238527;1206022144;27971584;1340411904;0;0;0;0;0;0;0;0;0;0;0;3366;0;0;126;0;202;0;
19460;4291777;1206022144;27971584;1340411904;0;0;0;0;0;0;0;0;0;0;0;4108;0;0;126;0;202;0;
19461;7347277;1206022144;27971584;1340411904;0;0;0;0;0;0;0;0;0;0;0;2494;0;0;126;0;202;0;
19462;5070938;1206022144;27971584;1340411904;0;0;0;0;0;0;0;0;0;0;0;65062;0;0;126;0;202;0;
19463;6020319;1206022144;27971584;1340411904;0;0;0;0;0;0;0;0;0;0;0;2494;0;0;126;0;202;0;
19464;6541987;1206022144;27971584;1340411904;0;0;0;0;0;0;0;0;0;0;0;4498;0;0;126;0;202;0;
19465;6700083;1206022144;27971584;1340411904;0;0;0;0;0;0;0;0;0;0;0;2845;0;0;126;0;202;0;
19466;5190903;1206022144;27971584;1340411904;0;0;0;0;0;0;0;0;0;0;0;25307;0;0;126;0;202;0;
19467;8671158;1206022144;27971584;1340411904;0;0;0;0;0;0;0;0;0;0;0;3737;0;0;126;0;202;0;
19468;4817763;1206022144;27971584;1340411904;0;0;0;0;0;0;0;0;0;0;0;3626;0;0;126;0;202;0;
19469;7695800;1206022144;27971584;1340411904;0;0;0;0;0;0;0;0;0;0;0;3827;0;0;126;0;202;0;
19470;4887404;1206022144;27971584;1340411904;0;0;0;0;0;0;0;0;0;0;0;5410;0;0;126;0;202;0;
19471;6545833;1206022144;27971584;1340411904;0;0;0;0;0;0;0;0;0;0;0;2384;0;0;126;0;202;0;
19472;4767960;1206022144;27971584;1340411904;0;0;0;0;0;0;0;0;0;0;0;3867;0;0;126;0;202;0;
19473;8985177;1206022144;27971584;1340411904;0;0;0;0;0;0;0;0;0;0;0;213059;0;0;126;0;202;0;
19474;4500890;1206022144;27975680;1340416000;0;0;0;0;0;0;0;0;0;0;0;3707;0;0;126;0;202;0;
19475;8431159;1206022144;27975680;1340416000;0;0;0;0;0;0;0;0;0;0;0;3978;0;0;126;0;202;0;
19476;4509806;1206022144;27975680;1340416000;0;0;0;0;0;0;0;0;0;0;0;4118;0;0;126;0;202;0;
19477;7664121;1206022144;27975680;1340416000;0;0;0;0;0;0;0;0;0;0;0;3387;0;0;126;0;202;0;
19478;3867542;1206022144;27975680;1340416000;0;0;0;0;0;0;0;0;0;0;0;3527;0;0;126;0;202;0;
19479;6696326;1206022144;27975680;1340416000;0;0;0;0;0;0;0;0;0;0;0;3176;0;0;126;0;202;0;
19480;6657343;1206022144;27975680;1340416000;0;0;0;0;0;0;0;0;0;0;0;3827;0;0;126;0;202;0;
19481;7965686;1206022144;27975680;1340416000;0;0;0;0;0;0;0;0;0;0;0;3506;0;0;126;0;202;0;
19482;4581611;1206022144;27975680;1340416000;0;0;0;0;0;0;0;0;0;0;0;4309;0;0;126;0;202;0;
19483;7565626;1206022144;27975680;1340416000;0;0;0;0;0;0;0;0;0;0;0;5380;0;0;126;0;202;0;
19484;3778415;1206018048;27967488;1340407808;0;0;0;0;0;0;0;0;0;0;0;3396;0;0;126;0;202;0;
19485;6930785;1206018048;27967488;1340407808;0;0;0;0;0;0;0;0;0;0;0;4118;0;0;126;0;202;0;
19486;3940439;1206018048;27967488;1340407808;0;0;0;0;0;0;0;0;0;0;0;3266;0;0;126;0;202;0;
19487;5104311;1206018048;27967488;1340407808;0;0;0;0;0;0;0;0;0;0;0;2064;0;0;126;0;202;0;
19488;6490110;1206018048;27967488;1340407808;0;0;0;0;0;0;0;0;0;0;0;5039;0;0;126;0;202;0;
19489;5873183;1206018048;27967488;1340407808;0;0;0;0;0;0;0;0;0;0;0;2274;0;0;126;0;202;0;
19490;4536616;1206018048;27967488;1340407808;0;0;0;0;0;0;0;0;0;0;0;4418;0;0;126;0;202;0;
19491;7067592;1206018048;27967488;1340407808;0;0;0;0;0;0;0;0;0;0;0;2705;0;0;126;0;202;0;
19492;4855354;1206018048;27967488;1340407808;0;0;0;0;0;0;0;0;0;0;0;3486;0;0;126;0;202;0;
19493;7800326;1206018048;27967488;1340407808;0;0;0;0;0;0;0;0;0;0;0;3256;0;0;126;0;202;0;
19494;3195501;1206018048;27967488;1340407808;0;0;0;0;0;0;0;0;0;0;0;3326;0;0;126;0;202;0;
19495;9260854;1206018048;27967488;1340407808;0;0;0;0;0;0;0;0;0;0;0;4058;0;0;126;0;202;0;
19496;4338816;1206018048;27967488;1340407808;0;0;0;0;0;0;0;0;0;0;0;3377;0;0;126;0;202;0;
19497;5184431;1206018048;27967488;1340407808;0;0;0;0;0;0;0;0;0;0;0;2625;0;0;126;0;202;0;
19498;6684093;1206018048;27967488;1340407808;0;0;0;0;0;0;0;0;0;0;0;3787;0;0;126;0;202;0;
19499;5724214;1206018048;27967488;1340407808;0;0;0;0;0;0;0;0;0;0;0;2475;0;0;126;0;202;0;
19500;6509867;1206018048;27967488;1340407808;0;0;0;0;0;0;0;0;0;0;0;4849;0;0;126;0;202;0;
19501;7545068;1206018048;27967488;1340407808;0;0;0;0;0;0;0;0;0;0;0;3967;0;0;126;0;202;0;
19502;7412689;1206018048;27967488;1340407808;0;0;0;0;0;0;0;0;0;0;0;4118;0;0;126;0;202;0;
19503;13392642;1206018048;27967488;1340407808;0;0;0;0;0;0;0;0;0;0;0;4208;0;0;126;0;202;0;
19504;7140989;1206018048;27967488;1340407808;0;0;0;0;0;0;0;0;0;0;0;3667;0;0;126;0;202;0;
19505;9838027;1206018048;27967488;1340407808;0;0;0;0;0;0;0;0;0;0;0;3196;0;0;126;0;202;0;
19506;6761959;1206018048;27967488;1340407808;0;0;0;0;0;0;0;0;0;0;0;3567;0;0;126;0;202;0;
19507;8492875;1206018048;27967488;1340407808;0;0;0;0;0;0;0;0;0;0;0;3907;0;0;126;0;202;0;
19508;7171798;1206018048;27967488;1340407808;0;0;0;0;0;0;0;0;0;0;0;4017;0;0;126;0;202;0;
19509;9755993;1206018048;27967488;1340407808;0;0;0;0;0;0;0;0;0;0;0;3947;0;0;126;0;202;0;
19510;5256416;1206018048;27967488;1340407808;0;0;0;0;0;0;0;0;0;0;0;3497;0;0;126;0;202;0;
19511;7302663;1206018048;27967488;1340407808;0;0;0;0;0;0;0;0;0;0;0;3366;0;0;126;0;202;0;
19512;5733100;1206018048;27967488;1340407808;0;0;0;0;0;0;0;0;0;0;0;3877;0;0;126;0;202;0;
19513;7758588;1206018048;27967488;1340407808;0;0;0;0;0;0;0;0;0;0;0;3647;0;0;126;0;202;0;
19514;7436183;1206018048;27967488;1340407808;0;0;0;0;0;0;0;0;0;0;0;4368;0;0;126;0;202;0;
19515;7842325;1206018048;27967488;1340407808;0;0;0;0;0;0;0;0;0;0;0;4288;0;0;126;0;202;0;
19516;7557801;1206018048;27967488;1340407808;0;0;0;0;0;0;0;0;0;0;0;4278;0;0;126;0;202;0;
19517;7624827;1206018048;27967488;1340407808;0;0;0;0;0;0;0;0;0;0;0;3487;0;0;126;0;202;0;
19518;7801428;1206018048;27967488;1340407808;0;0;0;0;0;0;0;0;0;0;0;4158;0;0;126;0;202;0;
19519;7996333;1206018048;27967488;1340407808;0;0;0;0;0;0;0;0;0;0;0;2975;0;0;126;0;202;0;
19520;7522315;1206018048;27967488;1340407808;0;0;0;0;0;0;0;0;0;0;0;3096;0;0;126;0;202;0;
19521;8458530;1206018048;27967488;1340407808;0;0;0;0;0;0;0;0;0;0;0;2134;0;0;126;0;202;0;
19522;5655544;1206018048;27967488;1340407808;0;0;0;0;0;0;0;0;0;0;0;3977;0;0;126;0;202;0;
19523;8545914;1206018048;27967488;1340407808;0;0;0;0;0;0;0;0;0;0;0;3707;0;0;126;0;202;0;
19524;4667061;1206018048;27967488;1340407808;0;0;0;0;0;0;0;0;0;0;0;3647;0;0;126;0;202;0;
19525;8921639;1206018048;27967488;1340407808;0;0;0;0;0;0;0;0;0;0;0;3586;0;0;126;0;202;0;
19526;7790097;1206018048;27967488;1340407808;0;0;0;0;0;0;0;0;0;0;0;4188;0;0;126;0;202;0;
19527;9967831;1206018048;27967488;1340407808;0;0;0;0;0;0;0;0;0;0;0;3887;0;0;126;0;202;0;
19528;6804248;1206018048;27967488;1340407808;0;0;0;0;0;0;0;0;0;0;0;4198;0;0;126;0;202;0;
19529;6484660;1206018048;27967488;1340407808;0;0;0;0;0;0;0;0;0;0;0;2725;0;0;126;0;202;0;
19530;7101666;1206018048;27967488;1340407808;0;0;0;0;0;0;0;0;0;0;0;4208;0;0;126;0;202;0;
19531;6669335;1206018048;27967488;1340407808;0;0;0;0;0;0;0;0;0;0;0;2565;0;0;126;0;202;0;
19532;4118452;1206018048;27967488;1340407808;0;0;0;0;0;0;0;0;0;0;0;4157;0;0;126;0;202;0;
19533;5510081;1206018048;27967488;1340407808;0;0;0;0;0;0;0;0;0;0;0;2184;0;0;126;0;202;0;
19534;5466379;1206018048;27967488;1340407808;0;0;0;0;0;0;0;0;0;0;0;4789;0;0;126;0;202;0;
19535;5683727;1206018048;27967488;1340407808;0;0;0;0;0;0;0;0;0;0;0;2925;0;0;126;0;202;0;
19536;3989981;1206018048;27967488;1340407808;0;0;0;0;0;0;0;0;0;0;0;3086;0;0;126;0;202;0;
19537;7372224;1206018048;27967488;1340407808;0;0;0;0;0;0;0;0;0;0;0;3777;0;0;126;0;202;0;
19538;4072536;1206018048;27967488;1340407808;0;0;0;0;0;0;0;0;0;0;0;3847;0;0;126;0;202;0;
19539;6879780;1206018048;27967488;1340407808;0;0;0;0;0;0;0;0;0;0;0;2284;0;0;126;0;202;0;
19540;5867352;1206018048;27967488;1340407808;0;0;0;0;0;0;0;0;0;0;0;4609;0;0;126;0;202;0;
19541;6410450;1206018048;27967488;1340407808;0;0;0;0;0;0;0;0;0;0;0;2745;0;0;126;0;202;0;
19542;5200090;1206018048;27967488;1340407808;0;0;0;0;0;0;0;0;0;0;0;3477;0;0;126;0;202;0;
19543;9226941;1206018048;27967488;1340407808;0;0;0;0;0;0;0;0;0;0;0;3787;0;0;126;0;202;0;
19544;5008441;1206018048;27967488;1340407808;0;0;0;0;0;0;0;0;0;0;0;3036;0;0;126;0;202;0;
19545;8441999;1206018048;27967488;1340407808;0;0;0;0;0;0;0;0;0;0;0;3567;0;0;126;0;202;0;
19546;4539202;1206018048;27967488;1340407808;0;0;0;0;0;0;0;0;0;0;0;4498;0;0;126;0;202;0;
19547;7195352;1206018048;27967488;1340407808;0;0;0;0;0;0;0;0;0;0;0;3036;0;0;126;0;202;0;
19548;5719173;1206018048;27967488;1340407808;0;0;0;0;0;0;0;0;0;0;0;4067;0;0;126;0;202;0;
19549;6143860;1206018048;27967488;1340407808;0;0;0;0;0;0;0;0;0;0;0;3487;0;0;126;0;202;0;
19550;4394279;1206018048;27967488;1340407808;0;0;0;0;0;0;0;0;0;0;0;3777;0;0;126;0;202;0;
19551;6659698;1206018048;27967488;1340407808;0;0;0;0;0;0;0;0;0;0;0;2955;0;0;126;0;202;0;
19552;5430863;1206018048;27967488;1340407808;0;0;0;0;0;0;0;0;0;0;0;3607;0;0;126;0;202;0;
19553;8600757;1206018048;27967488;1340407808;0;0;0;0;0;0;0;0;0;0;0;2254;0;0;126;0;202;0;
19554;5823179;1206018048;27967488;1340407808;0;0;0;0;0;0;0;0;0;0;0;4148;0;0;126;0;202;0;
19555;9026505;1206018048;27967488;1340407808;0;0;0;0;0;0;0;0;0;0;0;2565;0;0;126;0;202;0;
19556;5278638;1206018048;27967488;1340407808;0;0;0;0;0;0;0;0;0;0;0;3717;0;0;126;0;202;0;
19557;8090180;1206018048;27967488;1340407808;0;0;0;0;0;0;0;0;0;0;0;3396;0;0;126;0;202;0;
19558;5827607;1206018048;27967488;1340407808;0;0;0;0;0;0;0;0;0;0;0;3186;0;0;126;0;202;0;
19559;8140183;1206018048;27967488;1340407808;0;0;0;0;0;0;0;0;0;0;0;3156;0;0;126;0;202;0;
19560;5242139;1206018048;27967488;1340407808;0;0;0;0;0;0;0;0;0;0;0;3988;0;0;126;0;202;0;
19561;6541276;1206018048;27967488;1340407808;0;0;0;0;0;0;0;0;0;0;0;2755;0;0;126;0;202;0;
19562;5514550;1206018048;27967488;1340407808;0;0;0;0;0;0;0;0;0;0;0;4338;0;0;126;0;202;0;
19563;8167966;1206018048;27967488;1340407808;0;0;0;0;0;0;0;0;0;0;0;3366;0;0;126;0;202;0;
19564;9010766;1206018048;27967488;1340407808;0;0;0;0;0;0;0;0;0;0;0;4508;0;0;126;0;202;0;
19565;6892594;1206018048;27967488;1340407808;0;0;0;0;0;0;0;0;0;0;0;3406;0;0;126;0;202;0;
19566;5269951;1206018048;27967488;1340407808;0;0;0;0;0;0;0;0;0;0;0;4399;0;0;126;0;202;0;
19567;6414517;1206018048;27967488;1340407808;0;0;0;0;0;0;0;0;0;0;0;3056;0;0;126;0;202;0;
19568;6931888;1206018048;27967488;1340407808;0;0;0;0;0;0;0;0;0;0;0;4027;0;0;126;0;202;0;
19569;7576967;1206018048;27967488;1340407808;0;0;0;0;0;0;0;0;0;0;0;4038;0;0;126;0;202;0;
19570;6249337;1206018048;27967488;1340407808;0;0;0;0;0;0;0;0;0;0;0;4027;0;0;126;0;202;0;
19571;7595462;1206018048;27967488;1340407808;0;0;0;0;0;0;0;0;0;0;0;4048;0;0;126;0;202;0;
19572;5559474;1206018048;27967488;1340407808;0;0;0;0;0;0;0;0;0;0;0;3987;0;0;126;0;202;0;
19573;9145378;1206018048;27967488;1340407808;0;0;0;0;0;0;0;0;0;0;0;4329;0;0;126;0;202;0;
19574;6225773;1206018048;27967488;1340407808;0;0;0;0;0;0;0;0;0;0;0;4197;0;0;126;0;202;0;
19575;8531257;1206018048;27967488;1340407808;0;0;0;0;0;0;0;0;0;0;0;4369;0;0;126;0;202;0;
19576;5455349;1206018048;27967488;1340407808;0;0;0;0;0;0;0;0;0;0;0;3927;0;0;126;0;202;0;
19577;9305288;1206018048;27967488;1340407808;0;0;0;0;0;0;0;0;0;0;0;3957;0;0;126;0;202;0;
19578;6333896;1206018048;27967488;1340407808;0;0;0;0;0;0;0;0;0;0;0;3837;0;0;126;0;202;0;
19579;8273333;1206018048;27967488;1340407808;0;0;0;0;0;0;0;0;0;0;0;3867;0;0;126;0;202;0;
19580;6011773;1206018048;27967488;1340407808;0;0;0;0;0;0;0;0;0;0;0;4418;0;0;126;0;202;0;
19581;9018771;1206018048;27967488;1340407808;0;0;0;0;0;0;0;0;0;0;0;3937;0;0;126;0;202;0;
19582;7268800;1206018048;27967488;1340407808;0;0;0;0;0;0;0;0;0;0;0;4148;0;0;126;0;202;0;
19583;6843703;1206018048;27967488;1340407808;0;0;0;0;0;0;0;0;0;0;0;3276;0;0;126;0;202;0;
19584;5348940;1206018048;27967488;1340407808;0;0;0;0;0;0;0;0;0;0;0;4178;0;0;126;0;202;0;
19585;10673643;1206018048;27967488;1340407808;0;0;0;0;0;0;0;0;0;0;0;4028;0;0;126;0;202;0;
19586;9211291;1206018048;27967488;1340407808;0;0;0;0;0;0;0;0;0;0;0;4559;0;0;126;0;202;0;
19587;7599720;1206018048;27967488;1340407808;0;0;0;0;0;0;0;0;0;0;0;24536;0;0;126;0;202;0;
19588;6437190;1206018048;27967488;1340407808;0;0;0;0;0;0;0;0;0;0;0;4438;0;0;126;0;202;0;
19589;8214743;1206018048;27967488;1340407808;0;0;0;0;0;0;0;0;0;0;0;3376;0;0;126;0;202;0;
19590;5478833;1206018048;27967488;1340407808;0;0;0;0;0;0;0;0;0;0;0;4939;0;0;126;0;202;0;
19591;9899512;1206018048;27967488;1340407808;0;0;0;0;0;0;0;0;0;0;0;3477;0;0;126;0;202;0;
19592;5466670;1206018048;27967488;1340407808;0;0;0;0;0;0;0;0;0;0;0;4439;0;0;126;0;202;0;
19593;9642590;1206018048;27967488;1340407808;0;0;0;0;0;0;0;0;0;0;0;3967;0;0;126;0;202;0;
19594;5551810;1206018048;27967488;1340407808;0;0;0;0;0;0;0;0;0;0;0;4428;0;0;126;0;202;0;
19595;7620769;1206018048;27967488;1340407808;0;0;0;0;0;0;0;0;0;0;0;3397;0;0;126;0;202;0;
19596;5602735;1206018048;27967488;1340407808;0;0;0;0;0;0;0;0;0;0;0;4638;0;0;126;0;202;0;
19597;8995737;1206018048;27967488;1340407808;0;0;0;0;0;0;0;0;0;0;0;3706;0;0;126;0;202;0;
19598;5018941;1206018048;27967488;1340407808;0;0;0;0;0;0;0;0;0;0;0;5280;0;0;126;0;202;0;
19599;7454047;1206018048;27967488;1340407808;0;0;0;0;0;0;0;0;0;0;0;3737;0;0;126;0;202;0;
19600;4882344;1206018048;27967488;1340407808;0;0;0;0;0;0;0;0;0;0;0;3487;0;0;126;0;202;0;
19601;7608176;1206018048;27967488;1340407808;0;0;0;0;0;0;0;0;0;0;0;2715;0;0;126;0;202;0;
19602;6989706;1206018048;27967488;1340407808;0;0;0;0;0;0;0;0;0;0;0;4719;0;0;126;0;202;0;
19603;7226249;1206018048;27967488;1340407808;0;0;0;0;0;0;0;0;0;0;0;3727;0;0;126;0;202;0;
19604;6979417;1206018048;27967488;1340407808;0;0;0;0;0;0;0;0;0;0;0;4588;0;0;126;0;202;0;
19605;6966513;1206018048;27967488;1340407808;0;0;0;0;0;0;0;0;0;0;0;4328;0;0;126;0;202;0;
19606;7366833;1206018048;27967488;1340407808;0;0;0;0;0;0;0;0;0;0;0;4789;0;0;126;0;202;0;
19607;8019637;1206018048;27967488;1340407808;0;0;0;0;0;0;0;0;0;0;0;3326;0;0;126;0;202;0;
19608;5344641;1206018048;27967488;1340407808;0;0;0;0;0;0;0;0;0;0;0;3216;0;0;126;0;202;0;
19609;8718788;1206018048;27967488;1340407808;0;0;0;0;0;0;0;0;0;0;0;3657;0;0;126;0;202;0;
19610;8141796;1206018048;27967488;1340407808;0;0;0;0;0;0;0;0;0;0;0;6041;0;0;126;0;202;0;
19611;8039855;1206018048;27967488;1340407808;0;0;0;0;0;0;0;0;0;0;0;4218;0;0;126;0;202;0;
19612;7932414;1206018048;27967488;1340407808;0;0;0;0;0;0;0;0;0;0;0;3326;0;0;126;0;202;0;
19613;10276128;1206018048;27967488;1340407808;0;0;0;0;0;0;0;0;0;0;0;3457;0;0;126;0;202;0;
19614;6681188;1206018048;27967488;1340407808;0;0;0;0;0;0;0;0;0;0;0;4368;0;0;126;0;202;0;
19615;8947477;1206018048;27967488;1340407808;0;0;0;0;0;0;0;0;0;0;0;3687;0;0;126;0;202;0;
19616;6334889;1206018048;27967488;1340407808;0;0;0;0;0;0;0;0;0;0;0;3627;0;0;126;0;202;0;
19617;8598392;1206018048;27967488;1340407808;0;0;0;0;0;0;0;0;0;0;0;4218;0;0;126;0;202;0;
19618;6909796;1206018048;27967488;1340407808;0;0;0;0;0;0;0;0;0;0;0;3446;0;0;126;0;202;0;
19619;10412073;1206018048;27967488;1340407808;0;0;0;0;0;0;0;0;0;0;0;4238;0;0;126;0;202;0;
19620;6071835;1206018048;27967488;1340407808;0;0;0;0;0;0;0;0;0;0;0;3196;0;0;126;0;202;0;
19621;8251642;1206018048;27971584;1340411904;0;0;0;0;0;0;0;0;0;0;0;4027;0;0;126;0;202;0;
19622;3945578;1206018048;27975680;1340416000;0;0;0;0;0;0;0;0;0;0;0;3226;0;0;126;0;202;0;
19623;12735670;1206018048;27975680;1340416000;0;0;0;0;0;0;0;0;0;0;0;3977;0;0;126;0;202;0;
19624;7200992;1206018048;27975680;1340416000;0;0;0;0;0;0;0;0;0;0;0;4929;0;0;126;0;202;0;
19625;11707813;1206018048;27975680;1340416000;0;0;0;0;0;0;0;0;0;0;0;4027;0;0;126;0;202;0;
19626;7296882;1206018048;27975680;1340416000;0;0;0;0;0;0;0;0;0;0;0;4528;0;0;126;0;202;0;
19627;10009208;1206018048;27975680;1340416000;0;0;0;0;0;0;0;0;0;0;0;4118;0;0;126;0;202;0;
19628;7820744;1206018048;27967488;1340407808;0;0;0;0;0;0;0;0;0;0;0;3307;0;0;126;0;202;0;
19629;10148469;1206018048;27967488;1340407808;0;0;0;0;0;0;0;0;0;0;0;4960;0;0;126;0;202;0;
19630;5552522;1206018048;27967488;1340407808;0;0;0;0;0;0;0;0;0;0;0;4138;0;0;126;0;202;0;
19631;10866605;1206018048;27967488;1340407808;0;0;0;0;0;0;0;0;0;0;0;4108;0;0;126;0;202;0;
19632;11239755;1206018048;27967488;1340407808;0;0;0;0;0;0;0;0;0;0;0;3496;0;0;126;0;202;0;
19633;7935309;1206018048;27967488;1340407808;0;0;0;0;0;0;0;0;0;0;0;4057;0;0;126;0;202;0;
19634;10974468;1206018048;27967488;1340407808;0;0;0;0;0;0;0;0;0;0;0;3396;0;0;126;0;202;0;
19635;7882540;1206018048;27967488;1340407808;0;0;0;0;0;0;0;0;0;0;0;3897;0;0;126;0;202;0;
19636;9377453;1206018048;27967488;1340407808;0;0;0;0;0;0;0;0;0;0;0;4098;0;0;126;0;202;0;
19637;10190016;1206018048;27967488;1340407808;0;0;0;0;0;0;0;0;0;0;0;3967;0;0;126;0;202;0;
19638;13136492;1206018048;27967488;1340407808;0;0;0;0;0;0;0;0;0;0;0;3186;0;0;126;0;202;0;
19639;8357110;1206018048;27967488;1340407808;0;0;0;0;0;0;0;0;0;0;0;4037;0;0;126;0;202;0;
19640;5897759;1206018048;27967488;1340407808;0;0;0;0;0;0;0;0;0;0;0;3316;0;0;126;0;202;0;
19641;5400006;1206018048;27967488;1340407808;0;0;0;0;0;0;0;0;0;0;0;2405;0;0;126;0;202;0;
19642;7865949;1206018048;27967488;1340407808;0;0;0;0;0;0;0;0;0;0;0;3887;0;0;126;0;202;0;
19643;8006673;1206018048;27967488;1340407808;0;0;0;0;0;0;0;0;0;0;0;3125;0;0;126;0;202;0;
19644;6183805;1206018048;27967488;1340407808;0;0;0;0;0;0;0;0;0;0;0;3466;0;0;126;0;202;0;
19645;7367485;1206018048;27967488;1340407808;0;0;0;0;0;0;0;0;0;0;0;4138;0;0;126;0;202;0;
19646;8134603;1206018048;27967488;1340407808;0;0;0;0;0;0;0;0;0;0;0;4128;0;0;126;0;202;0;
19647;7991695;1206018048;27967488;1340407808;0;0;0;0;0;0;0;0;0;0;0;3767;0;0;126;0;202;0;
19648;7556980;1206018048;27967488;1340407808;0;0;0;0;0;0;0;0;0;0;0;4008;0;0;126;0;202;0;
19649;8058470;1206018048;27967488;1340407808;0;0;0;0;0;0;0;0;0;0;0;2585;0;0;126;0;202;0;
19650;6869932;1206018048;27967488;1340407808;0;0;0;0;0;0;0;0;0;0;0;4689;0;0;126;0;202;0;
19651;8721904;1206018048;27967488;1340407808;0;0;0;0;0;0;0;0;0;0;0;4759;0;0;126;0;202;0;
19652;5595241;1206018048;27967488;1340407808;0;0;0;0;0;0;0;0;0;0;0;3737;0;0;126;0;202;0;
19653;6451627;1206018048;27967488;1340407808;0;0;0;0;0;0;0;0;0;0;0;2274;0;0;126;0;202;0;
19654;6271710;1206018048;27967488;1340407808;0;0;0;0;0;0;0;0;0;0;0;3667;0;0;126;0;202;0;
19655;7931292;1206018048;27967488;1340407808;0;0;0;0;0;0;0;0;0;0;0;3867;0;0;126;0;202;0;
19656;4863700;1206018048;27967488;1340407808;0;0;0;0;0;0;0;0;0;0;0;3807;0;0;126;0;202;0;
19657;8294162;1206018048;27967488;1340407808;0;0;0;0;0;0;0;0;0;0;0;3737;0;0;126;0;202;0;
19658;4157265;1206018048;27967488;1340407808;0;0;0;0;0;0;0;0;0;0;0;4298;0;0;126;0;202;0;
19659;7447435;1206018048;27967488;1340407808;0;0;0;0;0;0;0;0;0;0;0;4097;0;0;126;0;202;0;
19660;4341861;1206018048;27967488;1340407808;0;0;0;0;0;0;0;0;0;0;0;4498;0;0;126;0;202;0;
19661;8576812;1206018048;27967488;1340407808;0;0;0;0;0;0;0;0;0;0;0;2735;0;0;126;0;202;0;
19662;6505658;1206018048;27967488;1340407808;0;0;0;0;0;0;0;0;0;0;0;4288;0;0;126;0;202;0;
19663;7557331;1206018048;27967488;1340407808;0;0;0;0;0;0;0;0;0;0;0;3627;0;0;126;0;202;0;
19664;7347898;1206018048;27967488;1340407808;0;0;0;0;0;0;0;0;0;0;0;4398;0;0;126;0;202;0;
19665;10023324;1206018048;27967488;1340407808;0;0;0;0;0;0;0;0;0;0;0;3897;0;0;126;0;202;0;
19666;6748223;1206018048;27967488;1340407808;0;0;0;0;0;0;0;0;0;0;0;4458;0;0;126;0;202;0;
19667;7615740;1206018048;27967488;1340407808;0;0;0;0;0;0;0;0;0;0;0;3266;0;0;126;0;202;0;
19668;7869145;1206018048;27967488;1340407808;0;0;0;0;0;0;0;0;0;0;0;3286;0;0;126;0;202;0;
19669;9910493;1206018048;27967488;1340407808;0;0;0;0;0;0;0;0;0;0;0;4458;0;0;126;0;202;0;
19670;7980975;1206018048;27967488;1340407808;0;0;0;0;0;0;0;0;0;0;0;4248;0;0;126;0;202;0;
19671;9464196;1206018048;27967488;1340407808;0;0;0;0;0;0;0;0;0;0;0;3858;0;0;126;0;202;0;
19672;7598177;1206018048;27967488;1340407808;0;0;0;0;0;0;0;0;0;0;0;6052;0;0;126;0;202;0;
19673;10312406;1206018048;27967488;1340407808;0;0;0;0;0;0;0;0;0;0;0;3526;0;0;126;0;202;0;
19674;6847449;1206018048;27967488;1340407808;0;0;0;0;0;0;0;0;0;0;0;4729;0;0;126;0;202;0;
19675;9644233;1206018048;27967488;1340407808;0;0;0;0;0;0;0;0;0;0;0;4509;0;0;126;0;202;0;
19676;9779608;1206018048;27967488;1340407808;0;0;0;0;0;0;0;0;0;0;0;3587;0;0;126;0;202;0;
19677;7840892;1206018048;27967488;1340407808;0;0;0;0;0;0;0;0;0;0;0;3376;0;0;126;0;202;0;
19678;8299632;1206018048;27967488;1340407808;0;0;0;0;0;0;0;0;0;0;0;4028;0;0;126;0;202;0;
19679;8641613;1206018048;27967488;1340407808;0;0;0;0;0;0;0;0;0;0;0;2975;0;0;126;0;202;0;
19680;8148409;1206018048;27967488;1340407808;0;0;0;0;0;0;0;0;0;0;0;4909;0;0;126;0;202;0;
19681;8085050;1206018048;27967488;1340407808;0;0;0;0;0;0;0;0;0;0;0;3386;0;0;126;0;202;0;
19682;6992111;1206018048;27967488;1340407808;0;0;0;0;0;0;0;0;0;0;0;4198;0;0;126;0;202;0;
19683;8120927;1206018048;27971584;1340411904;0;0;0;0;0;0;0;0;0;0;0;5220;0;0;126;0;202;0;
19684;6741170;1206018048;27975680;1340416000;0;0;0;0;0;0;0;0;0;0;0;3988;0;0;126;0;202;0;
19685;9146871;1206018048;27975680;1340416000;0;0;0;0;0;0;0;0;0;0;0;3777;0;0;126;0;202;0;
19686;6483598;1206018048;27975680;1340416000;0;0;0;0;0;0;0;0;0;0;0;3817;0;0;126;0;202;0;
19687;10996630;1206018048;27975680;1340416000;0;0;0;0;0;0;0;0;0;0;0;5480;0;0;126;0;202;0;
19688;10368482;1206018048;27975680;1340416000;0;0;0;0;0;0;0;0;0;0;0;3677;0;0;126;0;202;0;
19689;10906981;1206018048;27975680;1340416000;0;0;0;0;0;0;0;0;0;0;0;4959;0;0;126;0;202;0;
19690;7964303;1206018048;27967488;1340407808;0;0;0;0;0;0;0;0;0;0;0;3367;0;0;126;0;202;0;
19691;7862252;1206018048;27967488;1340407808;0;0;0;0;0;0;0;0;0;0;0;4378;0;0;126;0;202;0;
19692;8493877;1206018048;27967488;1340407808;0;0;0;0;0;0;0;0;0;0;0;3967;0;0;126;0;202;0;
19693;8112511;1206018048;27967488;1340407808;0;0;0;0;0;0;0;0;0;0;0;5981;0;0;126;0;202;0;
19694;8256822;1206018048;27967488;1340407808;0;0;0;0;0;0;0;0;0;0;0;4589;0;0;126;0;202;0;
19695;8532860;1206018048;27967488;1340407808;0;0;0;0;0;0;0;0;0;0;0;4028;0;0;126;0;202;0;
19696;5461851;1206018048;27967488;1340407808;0;0;0;0;0;0;0;0;0;0;0;4107;0;0;126;0;202;0;
19697;9100293;1206018048;27967488;1340407808;0;0;0;0;0;0;0;0;0;0;0;2765;0;0;126;0;202;0;
19698;6891552;1206018048;27967488;1340407808;0;0;0;0;0;0;0;0;0;0;0;4218;0;0;126;0;202;0;
19699;9069215;1206018048;27967488;1340407808;0;0;0;0;0;0;0;0;0;0;0;3848;0;0;126;0;202;0;
19700;8345679;1206018048;27967488;1340407808;0;0;0;0;0;0;0;0;0;0;0;4098;0;0;126;0;202;0;
19701;7848997;1206018048;27967488;1340407808;0;0;0;0;0;0;0;0;0;0;0;3286;0;0;126;0;202;0;
19702;7444008;1206018048;27967488;1340407808;0;0;0;0;0;0;0;0;0;0;0;2926;0;0;126;0;202;0;
19703;7850109;1206018048;27967488;1340407808;0;0;0;0;0;0;0;0;0;0;0;3878;0;0;126;0;202;0;
19704;7216732;1206018048;27967488;1340407808;0;0;0;0;0;0;0;0;0;0;0;4128;0;0;126;0;202;0;
19705;9620870;1206018048;27967488;1340407808;0;0;0;0;0;0;0;0;0;0;0;2985;0;0;126;0;202;0;
19706;7658651;1206018048;27967488;1340407808;0;0;0;0;0;0;0;0;0;0;0;3677;0;0;126;0;202;0;
19707;9625679;1206018048;27967488;1340407808;0;0;0;0;0;0;0;0;0;0;0;3597;0;0;126;0;202;0;
19708;8403246;1206018048;27967488;1340407808;0;0;0;0;0;0;0;0;0;0;0;4489;0;0;126;0;202;0;
19709;9144908;1206018048;27967488;1340407808;0;0;0;0;0;0;0;0;0;0;0;4398;0;0;126;0;202;0;
19710;8968907;1206018048;27967488;1340407808;0;0;0;0;0;0;0;0;0;0;0;3907;0;0;126;0;202;0;
19711;7353478;1206018048;27967488;1340407808;0;0;0;0;0;0;0;0;0;0;0;2936;0;0;126;0;202;0;
19712;9258400;1206018048;27967488;1340407808;0;0;0;0;0;0;0;0;0;0;0;3627;0;0;126;0;202;0;
19713;6826210;1206018048;27967488;1340407808;0;0;0;0;0;0;0;0;0;0;0;2876;0;0;126;0;202;0;
19714;6882835;1206018048;27967488;1340407808;0;0;0;0;0;0;0;0;0;0;0;3126;0;0;126;0;202;0;
19715;9691011;1206018048;27967488;1340407808;0;0;0;0;0;0;0;0;0;0;0;3707;0;0;126;0;202;0;
19716;6860774;1206018048;27967488;1340407808;0;0;0;0;0;0;0;0;0;0;0;4068;0;0;126;0;202;0;
19717;11275963;1206018048;27967488;1340407808;0;0;0;0;0;0;0;0;0;0;0;4338;0;0;126;0;202;0;
19718;6391244;1206018048;27967488;1340407808;0;0;0;0;0;0;0;0;0;0;0;4479;0;0;126;0;202;0;
19719;11400897;1206018048;27967488;1340407808;0;0;0;0;0;0;0;0;0;0;0;4689;0;0;126;0;202;0;
19720;7180093;1206018048;27967488;1340407808;0;0;0;0;0;0;0;0;0;0;0;4629;0;0;126;0;202;0;
19721;8955141;1206018048;27967488;1340407808;0;0;0;0;0;0;0;0;0;0;0;3998;0;0;126;0;202;0;
19722;8332665;1206018048;27967488;1340407808;0;0;0;0;0;0;0;0;0;0;0;3026;0;0;126;0;202;0;
19723;10004940;1206018048;27967488;1340407808;0;0;0;0;0;0;0;0;0;0;0;3847;0;0;126;0;202;0;
19724;4099717;1206018048;27967488;1340407808;0;0;0;0;0;0;0;0;0;0;0;4258;0;0;126;0;202;0;
19725;10551054;1206018048;27967488;1340407808;0;0;0;0;0;0;0;0;0;0;0;5720;0;0;126;0;202;0;
19726;5895384;1206018048;27967488;1340407808;0;0;0;0;0;0;0;0;0;0;0;3747;0;0;126;0;202;0;
19727;10008136;1206018048;27967488;1340407808;0;0;0;0;0;0;0;0;0;0;0;4258;0;0;126;0;202;0;
19728;4743774;1206018048;27967488;1340407808;0;0;0;0;0;0;0;0;0;0;0;3597;0;0;126;0;202;0;
19729;7972188;1206018048;27967488;1340407808;0;0;0;0;0;0;0;0;0;0;0;2945;0;0;126;0;202;0;
19730;6508814;1206018048;27967488;1340407808;0;0;0;0;0;0;0;0;0;0;0;4288;0;0;126;0;202;0;
19731;8695795;1206018048;27967488;1340407808;0;0;0;0;0;0;0;0;0;0;0;4058;0;0;126;0;202;0;
19732;7034099;1206018048;27967488;1340407808;0;0;0;0;0;0;0;0;0;0;0;3947;0;0;126;0;202;0;
19733;6317386;1206018048;27967488;1340407808;0;0;0;0;0;0;0;0;0;0;0;3447;0;0;126;0;202;0;
19734;7984261;1206018048;27967488;1340407808;0;0;0;0;0;0;0;0;0;0;0;4218;0;0;126;0;202;0;
19735;5865629;1206018048;27967488;1340407808;0;0;0;0;0;0;0;0;0;0;0;3547;0;0;126;0;202;0;
19736;4436118;1206018048;27967488;1340407808;0;0;0;0;0;0;0;0;0;0;0;4578;0;0;126;0;202;0;
19737;9308163;1206018048;27967488;1340407808;0;0;0;0;0;0;0;0;0;0;0;4809;0;0;126;0;202;0;
19738;5606723;1206018048;27967488;1340407808;0;0;0;0;0;0;0;0;0;0;0;4528;0;0;126;0;202;0;
19739;9113398;1206018048;27967488;1340407808;0;0;0;0;0;0;0;0;0;0;0;4288;0;0;126;0;202;0;
19740;6519153;1206018048;27967488;1340407808;0;0;0;0;0;0;0;0;0;0;0;4299;0;0;126;0;202;0;
19741;7858795;1206018048;27967488;1340407808;0;0;0;0;0;0;0;0;0;0;0;3447;0;0;126;0;202;0;
19742;4278713;1206018048;27967488;1340407808;0;0;0;0;0;0;0;0;0;0;0;4148;0;0;126;0;202;0;
19743;11148073;1206018048;27967488;1340407808;0;0;0;0;0;0;0;0;0;0;0;6191;0;0;126;0;202;0;
19744;5086447;1206018048;27967488;1340407808;0;0;0;0;0;0;0;0;0;0;0;4799;0;0;126;0;202;0;
19745;11051192;1206018048;27967488;1340407808;0;0;0;0;0;0;0;0;0;0;0;4088;0;0;126;0;202;0;
19746;7282786;1206018048;27967488;1340407808;0;0;0;0;0;0;0;0;0;0;0;4478;0;0;126;0;202;0;
19747;8116239;1206018048;27967488;1340407808;0;0;0;0;0;0;0;0;0;0;0;4067;0;0;126;0;202;0;
19748;6280827;1206018048;27967488;1340407808;0;0;0;0;0;0;0;0;0;0;0;3296;0;0;126;0;202;0;
19749;6995447;1206018048;27967488;1340407808;0;0;0;0;0;0;0;0;0;0;0;3908;0;0;126;0;202;0;
19750;5840751;1206018048;27967488;1340407808;0;0;0;0;0;0;0;0;0;0;0;3517;0;0;126;0;202;0;
19751;5945158;1206018048;27967488;1340407808;0;0;0;0;0;0;0;0;0;0;0;2735;0;0;126;0;202;0;
19752;8580369;1206018048;27967488;1340407808;0;0;0;0;0;0;0;0;0;0;0;4469;0;0;126;0;202;0;
19753;9636900;1206018048;27967488;1340407808;0;0;0;0;0;0;0;0;0;0;0;4188;0;0;126;0;202;0;
19754;6312356;1206018048;27967488;1340407808;0;0;0;0;0;0;0;0;0;0;0;4318;0;0;126;0;202;0;
19755;10921208;1206018048;27967488;1340407808;0;0;0;0;0;0;0;0;0;0;0;3977;0;0;126;0;202;0;
19756;5512587;1206018048;27967488;1340407808;0;0;0;0;0;0;0;0;0;0;0;4128;0;0;126;0;202;0;
19757;7960667;1206018048;27967488;1340407808;0;0;0;0;0;0;0;0;0;0;0;3376;0;0;126;0;202;0;
19758;5952952;1206018048;27967488;1340407808;0;0;0;0;0;0;0;0;0;0;0;4508;0;0;126;0;202;0;
19759;8300554;1206018048;27967488;1340407808;0;0;0;0;0;0;0;0;0;0;0;2605;0;0;126;0;202;0;
19760;6055825;1206018048;27967488;1340407808;0;0;0;0;0;0;0;0;0;0;0;3576;0;0;126;0;202;0;
19761;7812769;1206018048;27967488;1340407808;0;0;0;0;0;0;0;0;0;0;0;3837;0;0;126;0;202;0;
19762;7864857;1206018048;27967488;1340407808;0;0;0;0;0;0;0;0;0;0;0;3978;0;0;126;0;202;0;
19763;8166593;1206018048;27967488;1340407808;0;0;0;0;0;0;0;0;0;0;0;3727;0;0;126;0;202;0;
19764;6226715;1206018048;27967488;1340407808;0;0;0;0;0;0;0;0;0;0;0;3386;0;0;126;0;202;0;
19765;11311960;1206018048;27967488;1340407808;0;0;0;0;0;0;0;0;0;0;0;4067;0;0;126;0;202;0;
19766;10636494;1206018048;27967488;1340407808;0;0;0;0;0;0;0;0;0;0;0;4388;0;0;126;0;202;0;
19767;8567945;1206018048;27967488;1340407808;0;0;0;0;0;0;0;0;0;0;0;4569;0;0;126;0;202;0;
19768;7412098;1206018048;27967488;1340407808;0;0;0;0;0;0;0;0;0;0;0;4418;0;0;126;0;202;0;
19769;7777924;1206018048;27967488;1340407808;0;0;0;0;0;0;0;0;0;0;0;4428;0;0;126;0;202;0;
19770;5803101;1206018048;27967488;1340407808;0;0;0;0;0;0;0;0;0;0;0;3426;0;0;126;0;202;0;
19771;7587287;1206018048;27967488;1340407808;0;0;0;0;0;0;0;0;0;0;0;3616;0;0;126;0;202;0;
19772;8632065;1206018048;27967488;1340407808;0;0;0;0;0;0;0;0;0;0;0;4799;0;0;126;0;202;0;
19773;9570866;1206018048;27967488;1340407808;0;0;0;0;0;0;0;0;0;0;0;3907;0;0;126;0;202;0;
19774;5998798;1206018048;27967488;1340407808;0;0;0;0;0;0;0;0;0;0;0;3567;0;0;126;0;202;0;
19775;8434746;1206018048;27967488;1340407808;0;0;0;0;0;0;0;0;0;0;0;3116;0;0;126;0;202;0;
19776;6629591;1206018048;27967488;1340407808;0;0;0;0;0;0;0;0;0;0;0;3797;0;0;126;0;202;0;
19777;6377268;1206018048;27967488;1340407808;0;0;0;0;0;0;0;0;0;0;0;2574;0;0;126;0;202;0;
19778;8963697;1206018048;27967488;1340407808;0;0;0;0;0;0;0;0;0;0;0;4098;0;0;126;0;202;0;
19779;7781611;1206018048;27967488;1340407808;0;0;0;0;0;0;0;0;0;0;0;5360;0;0;126;0;202;0;
19780;6592361;1206018048;27967488;1340407808;0;0;0;0;0;0;0;0;0;0;0;3948;0;0;126;0;202;0;
19781;9068805;1206018048;27967488;1340407808;0;0;0;0;0;0;0;0;0;0;0;3356;0;0;126;0;202;0;
19782;5242300;1206018048;27967488;1340407808;0;0;0;0;0;0;0;0;0;0;0;3366;0;0;126;0;202;0;
19783;8137468;1206018048;27967488;1340407808;0;0;0;0;0;0;0;0;0;0;0;3707;0;0;126;0;202;0;
19784;5049629;1206018048;27967488;1340407808;0;0;0;0;0;0;0;0;0;0;0;3536;0;0;126;0;202;0;
19785;9123847;1206018048;27967488;1340407808;0;0;0;0;0;0;0;0;0;0;0;2736;0;0;126;0;202;0;
19786;4765947;1206018048;27967488;1340407808;0;0;0;0;0;0;0;0;0;0;0;3727;0;0;126;0;202;0;
19787;6706956;1206018048;27967488;1340407808;0;0;0;0;0;0;0;0;0;0;0;2485;0;0;126;0;202;0;
19788;6459141;1206018048;27967488;1340407808;0;0;0;0;0;0;0;0;0;0;0;3386;0;0;126;0;202;0;
19789;7153914;1206018048;27967488;1340407808;0;0;0;0;0;0;0;0;0;0;0;2274;0;0;126;0;202;0;
19790;9213186;1206018048;27967488;1340407808;0;0;0;0;0;0;0;0;0;0;0;4228;0;0;126;0;202;0;
19791;7599680;1206018048;27967488;1340407808;0;0;0;0;0;0;0;0;0;0;0;3937;0;0;126;0;202;0;
19792;7624326;1206018048;27967488;1340407808;0;0;0;0;0;0;0;0;0;0;0;3627;0;0;126;0;202;0;
19793;6648366;1206018048;27967488;1340407808;0;0;0;0;0;0;0;0;0;0;0;3035;0;0;126;0;202;0;
19794;8278663;1206018048;27967488;1340407808;0;0;0;0;0;0;0;0;0;0;0;5190;0;0;126;0;202;0;
19795;6791734;1206018048;27967488;1340407808;0;0;0;0;0;0;0;0;0;0;0;2575;0;0;126;0;202;0;
19796;7649744;1206018048;27967488;1340407808;0;0;0;0;0;0;0;0;0;0;0;4118;0;0;126;0;202;0;
19797;6642605;1206018048;27967488;1340407808;0;0;0;0;0;0;0;0;0;0;0;3025;0;0;126;0;202;0;
19798;6672181;1206018048;27967488;1340407808;0;0;0;0;0;0;0;0;0;0;0;4749;0;0;126;0;202;0;
19799;7453095;1206018048;27967488;1340407808;0;0;0;0;0;0;0;0;0;0;0;4428;0;0;126;0;202;0;
19800;4855915;1206018048;27967488;1340407808;0;0;0;0;0;0;0;0;0;0;0;3988;0;0;126;0;202;0;
19801;10718809;1206018048;27967488;1340407808;0;0;0;0;0;0;0;0;0;0;0;4118;0;0;126;0;202;0;
19802;4427111;1206018048;27967488;1340407808;0;0;0;0;0;0;0;0;0;0;0;4659;0;0;126;0;202;0;
19803;8428995;1206018048;27967488;1340407808;0;0;0;0;0;0;0;0;0;0;0;3035;0;0;126;0;202;0;
19804;5043327;1206018048;27967488;1340407808;0;0;0;0;0;0;0;0;0;0;0;4358;0;0;126;0;202;0;
19805;9872421;1206018048;27967488;1340407808;0;0;0;0;0;0;0;0;0;0;0;4258;0;0;126;0;202;0;
19806;5975133;1206018048;27967488;1340407808;0;0;0;0;0;0;0;0;0;0;0;3797;0;0;126;0;202;0;
19807;7956759;1206018048;27967488;1340407808;0;0;0;0;0;0;0;0;0;0;0;3036;0;0;126;0;202;0;
19808;6124694;1206018048;27967488;1340407808;0;0;0;0;0;0;0;0;0;0;0;3727;0;0;126;0;202;0;
19809;6377518;1206018048;27967488;1340407808;0;0;0;0;0;0;0;0;0;0;0;3948;0;0;126;0;202;0;
19810;6330600;1206018048;27967488;1340407808;0;0;0;0;0;0;0;0;0;0;0;4258;0;0;126;0;202;0;
19811;8491752;1206018048;27967488;1340407808;0;0;0;0;0;0;0;0;0;0;0;3637;0;0;126;0;202;0;
19812;5547482;1206018048;27967488;1340407808;0;0;0;0;0;0;0;0;0;0;0;4618;0;0;126;0;202;0;
19813;7654673;1206018048;27967488;1340407808;0;0;0;0;0;0;0;0;0;0;0;4078;0;0;126;0;202;0;
19814;4231755;1206018048;27967488;1340407808;0;0;0;0;0;0;0;0;0;0;0;3798;0;0;126;0;202;0;
19815;9509271;1206018048;27967488;1340407808;0;0;0;0;0;0;0;0;0;0;0;4539;0;0;126;0;202;0;
19816;4165310;1206018048;27967488;1340407808;0;0;0;0;0;0;0;0;0;0;0;3898;0;0;126;0;202;0;
19817;7957932;1206018048;27967488;1340407808;0;0;0;0;0;0;0;0;0;0;0;2635;0;0;126;0;202;0;
19818;4407173;1206018048;27967488;1340407808;0;0;0;0;0;0;0;0;0;0;0;3797;0;0;126;0;202;0;
19819;10192391;1206018048;27967488;1340407808;0;0;0;0;0;0;0;0;0;0;0;4379;0;0;126;0;202;0;
19820;4835898;1206018048;27967488;1340407808;0;0;0;0;0;0;0;0;0;0;0;3206;0;0;126;0;202;0;
19821;4879459;1206018048;27967488;1340407808;0;0;0;0;0;0;0;0;0;0;0;2374;0;0;126;0;202;0;
19822;8195417;1206018048;27967488;1340407808;0;0;0;0;0;0;0;0;0;0;0;4558;0;0;126;0;202;0;
19823;6607589;1206018048;27967488;1340407808;0;0;0;0;0;0;0;0;0;0;0;2765;0;0;126;0;202;0;
19824;7054978;1206018048;27967488;1340407808;0;0;0;0;0;0;0;0;0;0;0;4288;0;0;126;0;202;0;
19825;10662864;1206018048;27967488;1340407808;0;0;0;0;0;0;0;0;0;0;0;3958;0;0;126;0;202;0;
19826;4226215;1206018048;27967488;1340407808;0;0;0;0;0;0;0;0;0;0;0;4379;0;0;126;0;202;0;
19827;8718157;1206018048;27967488;1340407808;0;0;0;0;0;0;0;0;0;0;0;2394;0;0;126;0;202;0;
19828;6760236;1206018048;27967488;1340407808;0;0;0;0;0;0;0;0;0;0;0;4007;0;0;126;0;202;0;
19829;7931132;1206018048;27967488;1340407808;0;0;0;0;0;0;0;0;0;0;0;2445;0;0;126;0;202;0;
19830;9720606;1206018048;27967488;1340407808;0;0;0;0;0;0;0;0;0;0;0;5029;0;0;126;0;202;0;
19831;9416096;1206018048;27967488;1340407808;0;0;0;0;0;0;0;0;0;0;0;4128;0;0;126;0;202;0;
19832;8996358;1206018048;27967488;1340407808;0;0;0;0;0;0;0;0;0;0;0;4087;0;0;126;0;202;0;
19833;7387132;1206018048;27967488;1340407808;0;0;0;0;0;0;0;0;0;0;0;2705;0;0;126;0;202;0;
19834;7036985;1206018048;27967488;1340407808;0;0;0;0;0;0;0;0;0;0;0;4468;0;0;126;0;202;0;
19835;9966097;1206018048;27967488;1340407808;0;0;0;0;0;0;0;0;0;0;0;5470;0;0;126;0;202;0;
19836;4142758;1206018048;27967488;1340407808;0;0;0;0;0;0;0;0;0;0;0;4488;0;0;126;0;202;0;
19837;9267697;1206018048;27967488;1340407808;0;0;0;0;0;0;0;0;0;0;0;2936;0;0;126;0;202;0;
19838;5749972;1206018048;27967488;1340407808;0;0;0;0;0;0;0;0;0;0;0;4137;0;0;126;0;202;0;
19839;10416181;1206018048;27967488;1340407808;0;0;0;0;0;0;0;0;0;0;0;4278;0;0;126;0;202;0;
19840;4768752;1206018048;27967488;1340407808;0;0;0;0;0;0;0;0;0;0;0;4288;0;0;126;0;202;0;
19841;7404675;1206018048;27967488;1340407808;0;0;0;0;0;0;0;0;0;0;0;2425;0;0;126;0;202;0;
19842;5985754;1206018048;27967488;1340407808;0;0;0;0;0;0;0;0;0;0;0;4208;0;0;126;0;202;0;
19843;5959996;1206018048;27967488;1340407808;0;0;0;0;0;0;0;0;0;0;0;2074;0;0;126;0;202;0;
19844;7762536;1206018048;27967488;1340407808;0;0;0;0;0;0;0;0;0;0;0;4609;0;0;126;0;202;0;
19845;8260489;1206018048;27967488;1340407808;0;0;0;0;0;0;0;0;0;0;0;5992;0;0;126;0;202;0;
19846;6509716;1206018048;27967488;1340407808;0;0;0;0;0;0;0;0;0;0;0;3437;0;0;126;0;202;0;
19847;9730435;1206018048;27967488;1340407808;0;0;0;0;0;0;0;0;0;0;0;5129;0;0;126;0;202;0;
19848;5112467;1206018048;27967488;1340407808;0;0;0;0;0;0;0;0;0;0;0;3857;0;0;126;0;202;0;
19849;8410059;1206018048;27967488;1340407808;0;0;0;0;0;0;0;0;0;0;0;4188;0;0;126;0;202;0;
19850;5178620;1206018048;27967488;1340407808;0;0;0;0;0;0;0;0;0;0;0;3577;0;0;126;0;202;0;
19851;10416562;1206018048;27967488;1340407808;0;0;0;0;0;0;0;0;0;0;0;4028;0;0;126;0;202;0;
19852;4158157;1206018048;27967488;1340407808;0;0;0;0;0;0;0;0;0;0;0;3186;0;0;126;0;202;0;
19853;9536071;1206018048;27967488;1340407808;0;0;0;0;0;0;0;0;0;0;0;14467;0;0;126;0;202;0;
19854;4298179;1206018048;27967488;1340407808;0;0;0;0;0;0;0;0;0;0;0;3477;0;0;126;0;202;0;
19855;7521454;1206018048;27967488;1340407808;0;0;0;0;0;0;0;0;0;0;0;2455;0;0;126;0;202;0;
19856;9441333;1206018048;27967488;1340407808;0;0;0;0;0;0;0;0;0;0;0;4569;0;0;126;0;202;0;
19857;11609579;1206018048;27967488;1340407808;0;0;0;0;0;0;0;0;0;0;0;4669;0;0;126;0;202;0;
19858;7187927;1206018048;27967488;1340407808;0;0;0;0;0;0;0;0;0;0;0;4037;0;0;126;0;202;0;
19859;7433208;1206018048;27967488;1340407808;0;0;0;0;0;0;0;0;0;0;0;3357;0;0;126;0;202;0;
19860;9468163;1206018048;27967488;1340407808;0;0;0;0;0;0;0;0;0;0;0;3597;0;0;126;0;202;0;
19861;9898209;1206018048;27967488;1340407808;0;0;0;0;0;0;0;0;0;0;0;5109;0;0;126;0;202;0;
19862;8410440;1206018048;27967488;1340407808;0;0;0;0;0;0;0;0;0;0;0;3647;0;0;126;0;202;0;
19863;7285360;1206018048;27967488;1340407808;0;0;0;0;0;0;0;0;0;0;0;4458;0;0;126;0;202;0;
19864;5808812;1206018048;27967488;1340407808;0;0;0;0;0;0;0;0;0;0;0;4628;0;0;126;0;202;0;
19865;7969343;1206018048;27967488;1340407808;0;0;0;0;0;0;0;0;0;0;0;3206;0;0;126;0;202;0;
19866;7254152;1206018048;27967488;1340407808;0;0;0;0;0;0;0;0;0;0;0;5029;0;0;126;0;202;0;
19867;7799885;1206018048;27967488;1340407808;0;0;0;0;0;0;0;0;0;0;0;3297;0;0;126;0;202;0;
19868;6182322;1206018048;27967488;1340407808;0;0;0;0;0;0;0;0;0;0;0;4539;0;0;126;0;202;0;
19869;8486853;1206018048;27967488;1340407808;0;0;0;0;0;0;0;0;0;0;0;3296;0;0;126;0;202;0;
19870;7420854;1206018048;27967488;1340407808;0;0;0;0;0;0;0;0;0;0;0;3807;0;0;126;0;202;0;
19871;10577914;1206018048;27967488;1340407808;0;0;0;0;0;0;0;0;0;0;0;4218;0;0;126;0;202;0;
19872;8693110;1206018048;27967488;1340407808;0;0;0;0;0;0;0;0;0;0;0;3377;0;0;126;0;202;0;
19873;8204564;1206018048;27967488;1340407808;0;0;0;0;0;0;0;0;0;0;0;3446;0;0;126;0;202;0;
19874;7817458;1206018048;27967488;1340407808;0;0;0;0;0;0;0;0;0;0;0;4569;0;0;126;0;202;0;
19875;8228529;1206018048;27967488;1340407808;0;0;0;0;0;0;0;0;0;0;0;3346;0;0;126;0;202;0;
19876;6231986;1206018048;27967488;1340407808;0;0;0;0;0;0;0;0;0;0;0;4618;0;0;126;0;202;0;
19877;6320402;1206018048;27967488;1340407808;0;0;0;0;0;0;0;0;0;0;0;4218;0;0;126;0;202;0;
19878;5778996;1206018048;27967488;1340407808;0;0;0;0;0;0;0;0;0;0;0;4428;0;0;126;0;202;0;
19879;8348313;1206018048;27967488;1340407808;0;0;0;0;0;0;0;0;0;0;0;4999;0;0;126;0;202;0;
19880;6558568;1206018048;27967488;1340407808;0;0;0;0;0;0;0;0;0;0;0;4639;0;0;126;0;202;0;
19881;9936872;1206018048;27971584;1340411904;0;0;0;0;0;0;0;0;0;0;0;4348;0;0;126;0;202;0;
19882;9886798;1206018048;27975680;1340416000;0;0;0;0;0;0;0;0;0;0;0;4419;0;0;126;0;202;0;
19883;8383069;1206018048;27975680;1340416000;0;0;0;0;0;0;0;0;0;0;0;3848;0;0;126;0;202;0;
19884;7864807;1206018048;27975680;1340416000;0;0;0;0;0;0;0;0;0;0;0;4388;0;0;126;0;202;0;
19885;6466726;1206018048;27975680;1340416000;0;0;0;0;0;0;0;0;0;0;0;3987;0;0;126;0;202;0;
19886;7736346;1206018048;27975680;1340416000;0;0;0;0;0;0;0;0;0;0;0;4768;0;0;126;0;202;0;
19887;9243903;1206018048;27975680;1340416000;0;0;0;0;0;0;0;0;0;0;0;4348;0;0;126;0;202;0;
19888;8104807;1206018048;27967488;1340407808;0;0;0;0;0;0;0;0;0;0;0;3977;0;0;126;0;202;0;
19889;9563882;1206018048;27967488;1340407808;0;0;0;0;0;0;0;0;0;0;0;3847;0;0;126;0;202;0;
19890;4984716;1206018048;27967488;1340407808;0;0;0;0;0;0;0;0;0;0;0;3877;0;0;126;0;202;0;
19891;10264927;1206018048;27967488;1340407808;0;0;0;0;0;0;0;0;0;0;0;5320;0;0;126;0;202;0;
19892;5676494;1206018048;27967488;1340407808;0;0;0;0;0;0;0;0;0;0;0;4168;0;0;126;0;202;0;
19893;9991234;1206018048;27967488;1340407808;0;0;0;0;0;0;0;0;0;0;0;4318;0;0;126;0;202;0;
19894;5511124;1206018048;27967488;1340407808;0;0;0;0;0;0;0;0;0;0;0;3466;0;0;126;0;202;0;
19895;8576681;1206018048;27967488;1340407808;0;0;0;0;0;0;0;0;0;0;0;3036;0;0;126;0;202;0;
19896;4425007;1206018048;27967488;1340407808;0;0;0;0;0;0;0;0;0;0;0;3977;0;0;126;0;202;0;
19897;7748930;1206018048;27967488;1340407808;0;0;0;0;0;0;0;0;0;0;0;3656;0;0;126;0;202;0;
19898;11000747;1206018048;27967488;1340407808;0;0;0;0;0;0;0;0;0;0;0;3887;0;0;126;0;202;0;
19899;12497293;1206018048;27967488;1340407808;0;0;0;0;0;0;0;0;0;0;0;2274;0;0;126;0;202;0;
19900;4958818;1206018048;27967488;1340407808;0;0;0;0;0;0;0;0;0;0;0;3737;0;0;126;0;202;0;
19901;10335790;1206018048;27967488;1340407808;0;0;0;0;0;0;0;0;0;0;0;3967;0;0;126;0;202;0;
19902;4185378;1206018048;27967488;1340407808;0;0;0;0;0;0;0;0;0;0;0;4258;0;0;126;0;202;0;
19903;9589881;1206018048;27967488;1340407808;0;0;0;0;0;0;0;0;0;0;0;4168;0;0;126;0;202;0;
19904;3476629;1206018048;27967488;1340407808;0;0;0;0;0;0;0;0;0;0;0;4047;0;0;126;0;202;0;
19905;6790051;1206018048;27967488;1340407808;0;0;0;0;0;0;0;0;0;0;0;2665;0;0;126;0;202;0;
19906;6310373;1206018048;27967488;1340407808;0;0;0;0;0;0;0;0;0;0;0;3737;0;0;126;0;202;0;
19907;6183083;1206018048;27967488;1340407808;0;0;0;0;0;0;0;0;0;0;0;2886;0;0;126;0;202;0;
19908;7238673;1206018048;27967488;1340407808;0;0;0;0;0;0;0;0;0;0;0;3847;0;0;126;0;202;0;
19909;5511414;1206018048;27967488;1340407808;0;0;0;0;0;0;0;0;0;0;0;2745;0;0;126;0;202;0;
19910;8337884;1206018048;27967488;1340407808;0;0;0;0;0;0;0;0;0;0;0;3637;0;0;126;0;202;0;
19911;5557310;1206018048;27967488;1340407808;0;0;0;0;0;0;0;0;0;0;0;2736;0;0;126;0;202;0;
19912;6739747;1206018048;27967488;1340407808;0;0;0;0;0;0;0;0;0;0;0;5681;0;0;126;0;202;0;
19913;9152912;1206018048;27967488;1340407808;0;0;0;0;0;0;0;0;0;0;0;3657;0;0;126;0;202;0;
19914;5978289;1206018048;27967488;1340407808;0;0;0;0;0;0;0;0;0;0;0;3146;0;0;126;0;202;0;
19915;8656341;1206018048;27967488;1340407808;0;0;0;0;0;0;0;0;0;0;0;3877;0;0;126;0;202;0;
19916;6045215;1206018048;27967488;1340407808;0;0;0;0;0;0;0;0;0;0;0;4018;0;0;126;0;202;0;
19917;9351465;1206018048;27967488;1340407808;0;0;0;0;0;0;0;0;0;0;0;3447;0;0;126;0;202;0;
19918;8019397;1206018048;27967488;1340407808;0;0;0;0;0;0;0;0;0;0;0;3757;0;0;126;0;202;0;
19919;10019236;1206018048;27967488;1340407808;0;0;0;0;0;0;0;0;0;0;0;3958;0;0;126;0;202;0;
19920;6125215;1206018048;27967488;1340407808;0;0;0;0;0;0;0;0;0;0;0;4819;0;0;126;0;202;0;
19921;10215394;1206018048;27967488;1340407808;0;0;0;0;0;0;0;0;0;0;0;4178;0;0;126;0;202;0;
19922;5913889;1206018048;27967488;1340407808;0;0;0;0;0;0;0;0;0;0;0;3466;0;0;126;0;202;0;
19923;9381411;1206018048;27967488;1340407808;0;0;0;0;0;0;0;0;0;0;0;3937;0;0;126;0;202;0;
19924;5338560;1206018048;27967488;1340407808;0;0;0;0;0;0;0;0;0;0;0;3857;0;0;126;0;202;0;
19925;7858976;1206018048;27967488;1340407808;0;0;0;0;0;0;0;0;0;0;0;3546;0;0;126;0;202;0;
19926;6254066;1206018048;27967488;1340407808;0;0;0;0;0;0;0;0;0;0;0;3577;0;0;126;0;202;0;
19927;6417293;1206018048;27967488;1340407808;0;0;0;0;0;0;0;0;0;0;0;4278;0;0;126;0;202;0;
19928;8271249;1206018048;27967488;1340407808;0;0;0;0;0;0;0;0;0;0;0;3407;0;0;126;0;202;0;
19929;7263499;1206018048;27967488;1340407808;0;0;0;0;0;0;0;0;0;0;0;4128;0;0;126;0;202;0;
19930;7405065;1206018048;27967488;1340407808;0;0;0;0;0;0;0;0;0;0;0;4108;0;0;126;0;202;0;
19931;6940914;1206018048;27967488;1340407808;0;0;0;0;0;0;0;0;0;0;0;3006;0;0;126;0;202;0;
19932;6910107;1206018048;27967488;1340407808;0;0;0;0;0;0;0;0;0;0;0;4298;0;0;126;0;202;0;
19933;8949661;1206018048;27967488;1340407808;0;0;0;0;0;0;0;0;0;0;0;2775;0;0;126;0;202;0;
19934;7348259;1206018048;27967488;1340407808;0;0;0;0;0;0;0;0;0;0;0;3887;0;0;126;0;202;0;
19935;9544036;1206018048;27967488;1340407808;0;0;0;0;0;0;0;0;0;0;0;4077;0;0;126;0;202;0;
19936;5258691;1206018048;27967488;1340407808;0;0;0;0;0;0;0;0;0;0;0;3597;0;0;126;0;202;0;
19937;9271013;1206018048;27967488;1340407808;0;0;0;0;0;0;0;0;0;0;0;3677;0;0;126;0;202;0;
19938;6375945;1206018048;27967488;1340407808;0;0;0;0;0;0;0;0;0;0;0;3517;0;0;126;0;202;0;
19939;9803983;1206018048;27967488;1340407808;0;0;0;0;0;0;0;0;0;0;0;3697;0;0;126;0;202;0;
19940;6611386;1206018048;27967488;1340407808;0;0;0;0;0;0;0;0;0;0;0;4729;0;0;126;0;202;0;
19941;9900915;1206018048;27967488;1340407808;0;0;0;0;0;0;0;0;0;0;0;5000;0;0;126;0;202;0;
19942;6518552;1206018048;27967488;1340407808;0;0;0;0;0;0;0;0;0;0;0;4608;0;0;126;0;202;0;
19943;11434380;1206018048;27967488;1340407808;0;0;0;0;0;0;0;0;0;0;0;4078;0;0;126;0;202;0;
19944;8580509;1206018048;27967488;1340407808;0;0;0;0;0;0;0;0;0;0;0;5390;0;0;126;0;202;0;
19945;9353809;1206018048;27967488;1340407808;0;0;0;0;0;0;0;0;0;0;0;3005;0;0;126;0;202;0;
19946;7891587;1206018048;27967488;1340407808;0;0;0;0;0;0;0;0;0;0;0;4208;0;0;126;0;202;0;
19947;7679921;1206018048;27967488;1340407808;0;0;0;0;0;0;0;0;0;0;0;4208;0;0;126;0;202;0;
19948;4857177;1206018048;27967488;1340407808;0;0;0;0;0;0;0;0;0;0;0;3988;0;0;126;0;202;0;
19949;9056271;1206018048;27967488;1340407808;0;0;0;0;0;0;0;0;0;0;0;4348;0;0;126;0;202;0;
19950;8893886;1206018048;27967488;1340407808;0;0;0;0;0;0;0;0;0;0;0;4519;0;0;126;0;202;0;
19951;9727580;1206018048;27967488;1340407808;0;0;0;0;0;0;0;0;0;0;0;6181;0;0;126;0;202;0;
19952;7348108;1206018048;27967488;1340407808;0;0;0;0;0;0;0;0;0;0;0;5179;0;0;126;0;202;0;
19953;7657939;1206018048;27967488;1340407808;0;0;0;0;0;0;0;0;0;0;0;3828;0;0;126;0;202;0;
19954;6214252;1206018048;27967488;1340407808;0;0;0;0;0;0;0;0;0;0;0;3155;0;0;126;0;202;0;
19955;7233493;1206018048;27967488;1340407808;0;0;0;0;0;0;0;0;0;0;0;3667;0;0;126;0;202;0;
19956;7130800;1206018048;27967488;1340407808;0;0;0;0;0;0;0;0;0;0;0;5320;0;0;126;0;202;0;
19957;10277341;1206018048;27967488;1340407808;0;0;0;0;0;0;0;0;0;0;0;4338;0;0;126;0;202;0;
19958;8026219;1206018048;27967488;1340407808;0;0;0;0;0;0;0;0;0;0;0;3928;0;0;126;0;202;0;
19959;11952732;1206018048;27967488;1340407808;0;0;0;0;0;0;0;0;0;0;0;5480;0;0;126;0;202;0;
19960;7540308;1206018048;27967488;1340407808;0;0;0;0;0;0;0;0;0;0;0;4568;0;0;126;0;202;0;
19961;8626875;1206018048;27967488;1340407808;0;0;0;0;0;0;0;0;0;0;0;4379;0;0;126;0;202;0;
19962;7843026;1206018048;27967488;1340407808;0;0;0;0;0;0;0;0;0;0;0;4137;0;0;126;0;202;0;
19963;9299618;1206018048;27967488;1340407808;0;0;0;0;0;0;0;0;0;0;0;4919;0;0;126;0;202;0;
19964;5658670;1206018048;27967488;1340407808;0;0;0;0;0;0;0;0;0;0;0;4208;0;0;126;0;202;0;
19965;9502758;1206018048;27967488;1340407808;0;0;0;0;0;0;0;0;0;0;0;3597;0;0;126;0;202;0;
19966;5235747;1206018048;27967488;1340407808;0;0;0;0;0;0;0;0;0;0;0;3847;0;0;126;0;202;0;
19967;8648907;1206018048;27967488;1340407808;0;0;0;0;0;0;0;0;0;0;0;4509;0;0;126;0;202;0;
19968;11239725;1206018048;27967488;1340407808;0;0;0;0;0;0;0;0;0;0;0;3877;0;0;126;0;202;0;
19969;7647319;1206018048;27967488;1340407808;0;0;0;0;0;0;0;0;0;0;0;5210;0;0;126;0;202;0;
19970;9183510;1206018048;27967488;1340407808;0;0;0;0;0;0;0;0;0;0;0;3787;0;0;126;0;202;0;
19971;8601137;1206018048;27967488;1340407808;0;0;0;0;0;0;0;0;0;0;0;3837;0;0;126;0;202;0;
19972;6913954;1206018048;27967488;1340407808;0;0;0;0;0;0;0;0;0;0;0;3496;0;0;126;0;202;0;
19973;7399464;1206018048;27967488;1340407808;0;0;0;0;0;0;0;0;0;0;0;3797;0;0;126;0;202;0;
19974;5989581;1206018048;27967488;1340407808;0;0;0;0;0;0;0;0;0;0;0;3487;0;0;126;0;202;0;
19975;8729258;1206018048;27967488;1340407808;0;0;0;0;0;0;0;0;0;0;0;2886;0;0;126;0;202;0;
19976;10950112;1206018048;27967488;1340407808;0;0;0;0;0;0;0;0;0;0;0;3326;0;0;126;0;202;0;
19977;9414292;1206018048;27967488;1340407808;0;0;0;0;0;0;0;0;0;0;0;4378;0;0;126;0;202;0;
19978;10110958;1206018048;27967488;1340407808;0;0;0;0;0;0;0;0;0;0;0;3897;0;0;126;0;202;0;
19979;10424817;1206018048;27967488;1340407808;0;0;0;0;0;0;0;0;0;0;0;4428;0;0;126;0;202;0;
19980;7319294;1206018048;27967488;1340407808;0;0;0;0;0;0;0;0;0;0;0;3847;0;0;126;0;202;0;
19981;9516935;1206018048;27967488;1340407808;0;0;0;0;0;0;0;0;0;0;0;4058;0;0;126;0;202;0;
19982;8574558;1206018048;27967488;1340407808;0;0;0;0;0;0;0;0;0;0;0;3206;0;0;126;0;202;0;
19983;9980324;1206018048;27967488;1340407808;0;0;0;0;0;0;0;0;0;0;0;3667;0;0;126;0;202;0;
19984;9332669;1206018048;27967488;1340407808;0;0;0;0;0;0;0;0;0;0;0;3206;0;0;126;0;202;0;
19985;10141806;1206018048;27967488;1340407808;0;0;0;0;0;0;0;0;0;0;0;4138;0;0;126;0;202;0;
19986;5473804;1206018048;27967488;1340407808;0;0;0;0;0;0;0;0;0;0;0;3516;0;0;126;0;202;0;
19987;9908989;1206018048;27967488;1340407808;0;0;0;0;0;0;0;0;0;0;0;2896;0;0;126;0;202;0;
19988;6179357;1206018048;27967488;1340407808;0;0;0;0;0;0;0;0;0;0;0;4649;0;0;126;0;202;0;
19989;9256115;1206018048;27967488;1340407808;0;0;0;0;0;0;0;0;0;0;0;3176;0;0;126;0;202;0;
19990;5976066;1206018048;27967488;1340407808;0;0;0;0;0;0;0;0;0;0;0;3126;0;0;126;0;202;0;
19991;11155016;1206018048;27967488;1340407808;0;0;0;0;0;0;0;0;0;0;0;3336;0;0;126;0;202;0;
19992;5732098;1206018048;27967488;1340407808;0;0;0;0;0;0;0;0;0;0;0;4068;0;0;126;0;202;0;
19993;10314921;1206018048;27967488;1340407808;0;0;0;0;0;0;0;0;0;0;0;3767;0;0;126;0;202;0;
19994;7289538;1206018048;27967488;1340407808;0;0;0;0;0;0;0;0;0;0;0;4248;0;0;126;0;202;0;
19995;8445206;1206018048;27967488;1340407808;0;0;0;0;0;0;0;0;0;0;0;9718;0;0;126;0;202;0;
19996;6755858;1206018048;27967488;1340407808;0;0;0;0;0;0;0;0;0;0;0;4879;0;0;126;0;202;0;
19997;8374112;1206018048;27967488;1340407808;0;0;0;0;0;0;0;0;0;0;0;3276;0;0;126;0;202;0;
19998;8322074;1206018048;27967488;1340407808;0;0;0;0;0;0;0;0;0;0;0;3697;0;0;126;0;202;0;
19999;11545489;1206018048;27967488;1340407808;0;0;0;0;0;0;0;0;0;0;0;4127;0;0;126;0;202;0;
20000;6852098;1206018048;27967488;1340407808;0;0;0;0;0;0;0;0;0;0;0;5651;0;0;126;0;202;0;
20001;9359600;1206018048;27967488;1340407808;0;0;0;0;0;0;0;0;0;0;0;3176;0;0;126;0;202;0;
20002;7484695;1206018048;27967488;1340407808;0;0;0;0;0;0;0;0;0;0;0;3778;0;0;126;0;202;0;
20003;10228559;1206018048;27967488;1340407808;0;0;0;0;0;0;0;0;0;0;0;3637;0;0;126;0;202;0;
20004;6050024;1206018048;27967488;1340407808;0;0;0;0;0;0;0;0;0;0;0;3626;0;0;126;0;202;0;
20005;8725931;1206018048;27967488;1340407808;0;0;0;0;0;0;0;0;0;0;0;5080;0;0;126;0;202;0;
20006;6361348;1206018048;27967488;1340407808;0;0;0;0;0;0;0;0;0;0;0;2975;0;0;126;0;202;0;
20007;8880000;1206018048;27967488;1340407808;0;0;0;0;0;0;0;0;0;0;0;4529;0;0;126;0;202;0;
20008;5646107;1206018048;27967488;1340407808;0;0;0;0;0;0;0;0;0;0;0;3747;0;0;126;0;202;0;
20009;8958277;1206018048;27967488;1340407808;0;0;0;0;0;0;0;0;0;0;0;3497;0;0;126;0;202;0;
20010;6550022;1206018048;27967488;1340407808;0;0;0;0;0;0;0;0;0;0;0;4609;0;0;126;0;202;0;
20011;9779687;1206018048;27967488;1340407808;0;0;0;0;0;0;0;0;0;0;0;4328;0;0;126;0;202;0;
20012;8715041;1206018048;27967488;1340407808;0;0;0;0;0;0;0;0;0;0;0;4548;0;0;126;0;202;0;
20013;10892374;1206018048;27967488;1340407808;0;0;0;0;0;0;0;0;0;0;0;3676;0;0;126;0;202;0;
20014;5948213;1206018048;27967488;1340407808;0;0;0;0;0;0;0;0;0;0;0;3206;0;0;126;0;202;0;
20015;9223815;1206018048;27967488;1340407808;0;0;0;0;0;0;0;0;0;0;0;3737;0;0;126;0;202;0;
20016;8575299;1206018048;27967488;1340407808;0;0;0;0;0;0;0;0;0;0;0;4078;0;0;126;0;202;0;
20017;6906891;1206018048;27967488;1340407808;0;0;0;0;0;0;0;0;0;0;0;4458;0;0;126;0;202;0;
20018;6820559;1206018048;27967488;1340407808;0;0;0;0;0;0;0;0;0;0;0;3527;0;0;126;0;202;0;
20019;9038077;1206018048;27967488;1340407808;0;0;0;0;0;0;0;0;0;0;0;3847;0;0;126;0;202;0;
20020;7124819;1206018048;27967488;1340407808;0;0;0;0;0;0;0;0;0;0;0;3637;0;0;126;0;202;0;
20021;8454673;1206018048;27967488;1340407808;0;0;0;0;0;0;0;0;0;0;0;3717;0;0;126;0;202;0;
20022;15032697;1206018048;27967488;1340407808;0;0;0;0;0;0;0;0;0;0;0;4799;0;0;126;0;202;0;
20023;10408697;1206018048;27967488;1340407808;0;0;0;0;0;0;0;0;0;0;0;3096;0;0;126;0;202;0;
20024;5975615;1206018048;27967488;1340407808;0;0;0;0;0;0;0;0;0;0;0;2554;0;0;126;0;202;0;
20025;8854512;1206018048;27967488;1340407808;0;0;0;0;0;0;0;0;0;0;0;3878;0;0;126;0;202;0;
20026;5197926;1206018048;27967488;1340407808;0;0;0;0;0;0;0;0;0;0;0;3757;0;0;126;0;202;0;
20027;7946751;1206018048;27967488;1340407808;0;0;0;0;0;0;0;0;0;0;0;3927;0;0;126;0;202;0;
20028;8342452;1206018048;27967488;1340407808;0;0;0;0;0;0;0;0;0;0;0;4308;0;0;126;0;202;0;
20029;7588810;1206018048;27967488;1340407808;0;0;0;0;0;0;0;0;0;0;0;4167;0;0;126;0;202;0;
20030;9512286;1206018048;27967488;1340407808;0;0;0;0;0;0;0;0;0;0;0;4027;0;0;126;0;202;0;
20031;11549365;1206018048;27967488;1340407808;0;0;0;0;0;0;0;0;0;0;0;3247;0;0;126;0;202;0;
20032;9309566;1206018048;27967488;1340407808;0;0;0;0;0;0;0;0;0;0;0;4188;0;0;126;0;202;0;
20033;11179352;1206018048;27967488;1340407808;0;0;0;0;0;0;0;0;0;0;0;3808;0;0;126;0;202;0;
20034;10425218;1206018048;27967488;1340407808;0;0;0;0;0;0;0;0;0;0;0;3827;0;0;126;0;202;0;
20035;10641864;1212309504;27967488;1357185024;0;0;0;0;0;0;0;0;0;0;0;3727;0;0;127;0;202;0;
20036;7600801;1212309504;27967488;1357185024;0;0;0;0;0;0;0;0;0;0;0;3086;0;0;127;0;202;0;
20037;14634761;1212309504;27967488;1357185024;0;0;0;0;0;0;0;0;0;0;0;4869;0;0;127;0;202;0;
20038;6390181;1212309504;27967488;1357185024;0;0;0;0;0;0;0;0;0;0;0;3477;0;0;127;0;202;0;
20039;9319625;1212309504;27967488;1357185024;0;0;0;0;0;0;0;0;0;0;0;2805;0;0;127;0;202;0;
20040;9981446;1212309504;27967488;1357185024;0;0;0;0;0;0;0;0;0;0;0;4127;0;0;127;0;202;0;
20041;11087219;1212309504;27967488;1357185024;0;0;0;0;0;0;0;0;0;0;0;3166;0;0;127;0;202;0;
20042;6513984;1212309504;27967488;1357185024;0;0;0;0;0;0;0;0;0;0;0;4028;0;0;127;0;202;0;
20043;10068900;1212309504;27967488;1357185024;0;0;0;0;0;0;0;0;0;0;0;3306;0;0;127;0;202;0;
20044;8030187;1212309504;27967488;1357185024;0;0;0;0;0;0;0;0;0;0;0;3747;0;0;127;0;202;0;
20045;11937383;1212309504;27967488;1357185024;0;0;0;0;0;0;0;0;0;0;0;4669;0;0;127;0;202;0;
20046;10425999;1212309504;27967488;1357185024;0;0;0;0;0;0;0;0;0;0;0;3988;0;0;127;0;202;0;
20047;14236905;1216532480;27967488;1357185024;0;0;0;0;0;0;0;0;0;0;0;3326;0;0;128;0;202;0;
20048;10456426;1216532480;27967488;1357185024;0;0;0;0;0;0;0;0;0;0;0;4217;0;0;128;0;202;0;
20049;9378194;1216532480;27967488;1357185024;0;0;0;0;0;0;0;0;0;0;0;3396;0;0;128;0;202;0;
20050;6839203;1216532480;27967488;1357185024;0;0;0;0;0;0;0;0;0;0;0;4067;0;0;128;0;202;0;
20051;12711355;1216532480;27967488;1357185024;0;0;0;0;0;0;0;0;0;0;0;3527;0;0;128;0;202;0;
20052;9421787;1216532480;27967488;1357185024;0;0;0;0;0;0;0;0;0;0;0;192340;0;0;128;0;202;0;
20053;10357791;1216532480;27967488;1357185024;0;0;0;0;0;0;0;0;0;0;0;4018;0;0;128;0;202;0;
20054;6006342;1216532480;27971584;1357189120;0;0;0;0;0;0;0;0;0;0;0;3276;0;0;128;0;202;0;
20055;9683066;1216532480;27971584;1357189120;0;0;0;0;0;0;0;0;0;0;0;3817;0;0;128;0;202;0;
20056;7117396;1216532480;27971584;1357189120;0;0;0;0;0;0;0;0;0;0;0;4558;0;0;128;0;202;0;
20057;9082090;1216532480;27971584;1357189120;0;0;0;0;0;0;0;0;0;0;0;4499;0;0;128;0;202;0;
20058;12643126;1216532480;27971584;1357189120;0;0;0;0;0;0;0;0;0;0;0;3416;0;0;128;0;202;0;
20059;12689133;1216532480;27971584;1357189120;0;0;0;0;0;0;0;0;0;0;0;4458;0;0;128;0;202;0;
20060;7841844;1216532480;27971584;1357189120;0;0;0;0;0;0;0;0;0;0;0;6091;0;0;128;0;202;0;
20061;11105774;1216532480;27975680;1357193216;0;0;0;0;0;0;0;0;0;0;0;4137;0;0;128;0;202;0;
20062;10753935;1216532480;27979776;1357197312;0;0;0;0;0;0;0;0;0;0;0;4328;0;0;128;0;202;0;
20063;11397741;1216532480;27979776;1357197312;0;0;0;0;0;0;0;0;0;0;0;3847;0;0;128;0;202;0;
20064;10139222;1216532480;27979776;1357197312;0;0;0;0;0;0;0;0;0;0;0;3957;0;0;128;0;202;0;
20065;10313839;1216532480;27979776;1357197312;0;0;0;0;0;0;0;0;0;0;0;4037;0;0;128;0;202;0;
20066;8068469;1216532480;27979776;1357197312;0;0;0;0;0;0;0;0;0;0;0;3988;0;0;128;0;202;0;
20067;7936621;1216532480;27979776;1357197312;0;0;0;0;0;0;0;0;0;0;0;3386;0;0;128;0;202;0;
20068;8229221;1216606208;27971584;1357189120;0;0;0;0;0;0;0;0;0;0;0;4649;0;0;128;0;202;0;
20069;12797045;1216606208;27971584;1357189120;0;0;0;0;0;0;0;0;0;0;0;3967;0;0;128;0;202;0;
20070;7313543;1216606208;27971584;1357189120;0;0;0;0;0;0;0;0;0;0;0;4318;0;0;128;0;202;0;
20071;6677250;1216606208;27971584;1357189120;0;0;0;0;0;0;0;0;0;0;0;4178;0;0;128;0;202;0;
20072;8456697;1216606208;27971584;1357189120;0;0;0;0;0;0;0;0;0;0;0;3256;0;0;128;0;202;0;
20073;9996805;1216606208;27971584;1357189120;0;0;0;0;0;0;0;0;0;0;0;3857;0;0;128;0;202;0;
20074;6954320;1216606208;27971584;1357189120;0;0;0;0;0;0;0;0;0;0;0;3968;0;0;128;0;202;0;
20075;9047915;1216606208;27971584;1357189120;0;0;0;0;0;0;0;0;0;0;0;3457;0;0;128;0;202;0;
20076;6076754;1216606208;27971584;1357189120;0;0;0;0;0;0;0;0;0;0;0;4438;0;0;128;0;202;0;
20077;11416737;1216606208;27971584;1357189120;0;0;0;0;0;0;0;0;0;0;0;4107;0;0;128;0;202;0;
20078;8941045;1216606208;27971584;1357189120;0;0;0;0;0;0;0;0;0;0;0;4439;0;0;128;0;202;0;
20079;10192090;1216606208;27971584;1357189120;0;0;0;0;0;0;0;0;0;0;0;3878;0;0;128;0;202;0;
20080;5710878;1216606208;27971584;1357189120;0;0;0;0;0;0;0;0;0;0;0;3757;0;0;128;0;202;0;
20081;8598373;1216606208;27971584;1357189120;0;0;0;0;0;0;0;0;0;0;0;3767;0;0;128;0;202;0;
20082;5630377;1216606208;27971584;1357189120;0;0;0;0;0;0;0;0;0;0;0;4218;0;0;128;0;202;0;
20083;12153709;1216606208;27971584;1357189120;0;0;0;0;0;0;0;0;0;0;0;3547;0;0;128;0;202;0;
20084;5395798;1216606208;27971584;1357189120;0;0;0;0;0;0;0;0;0;0;0;4218;0;0;128;0;202;0;
20085;9825563;1216606208;27971584;1357189120;0;0;0;0;0;0;0;0;0;0;0;4038;0;0;128;0;202;0;
20086;5653360;1216606208;27971584;1357189120;0;0;0;0;0;0;0;0;0;0;0;3707;0;0;128;0;202;0;
20087;9241889;1216606208;27971584;1357189120;0;0;0;0;0;0;0;0;0;0;0;4137;0;0;128;0;202;0;
20088;7803211;1216606208;27971584;1357189120;0;0;0;0;0;0;0;0;0;0;0;4038;0;0;128;0;202;0;
20089;8261030;1216606208;27971584;1357189120;0;0;0;0;0;0;0;0;0;0;0;6553;0;0;128;0;202;0;
20090;5363467;1216606208;27971584;1357189120;0;0;0;0;0;0;0;0;0;0;0;4128;0;0;128;0;202;0;
20091;8731181;1216606208;27971584;1357189120;0;0;0;0;0;0;0;0;0;0;0;4158;0;0;128;0;202;0;
20092;6225673;1216606208;27971584;1357189120;0;0;0;0;0;0;0;0;0;0;0;3486;0;0;128;0;202;0;
20093;8816311;1216606208;27971584;1357189120;0;0;0;0;0;0;0;0;0;0;0;4338;0;0;128;0;202;0;
20094;6939382;1216606208;27971584;1357189120;0;0;0;0;0;0;0;0;0;0;0;3977;0;0;128;0;202;0;
20095;11215119;1216606208;27971584;1357189120;0;0;0;0;0;0;0;0;0;0;0;3697;0;0;128;0;202;0;
20096;7413882;1216606208;27971584;1357189120;0;0;0;0;0;0;0;0;0;0;0;4227;0;0;128;0;202;0;
20097;9335955;1216606208;27971584;1357189120;0;0;0;0;0;0;0;0;0;0;0;4148;0;0;128;0;202;0;
20098;6287019;1216606208;27971584;1357189120;0;0;0;0;0;0;0;0;0;0;0;3597;0;0;128;0;202;0;
20099;9135099;1216606208;27971584;1357189120;0;0;0;0;0;0;0;0;0;0;0;3697;0;0;128;0;202;0;
20100;9335484;1216606208;27971584;1357189120;0;0;0;0;0;0;0;0;0;0;0;3116;0;0;128;0;202;0;
20101;11979983;1216606208;27971584;1357189120;0;0;0;0;0;0;0;0;0;0;0;5050;0;0;128;0;202;0;
20102;9707712;1216606208;27971584;1357189120;0;0;0;0;0;0;0;0;0;0;0;3106;0;0;128;0;202;0;
20103;9829000;1216606208;27971584;1357189120;0;0;0;0;0;0;0;0;0;0;0;3807;0;0;128;0;202;0;
20104;7846152;1216606208;27971584;1357189120;0;0;0;0;0;0;0;0;0;0;0;4438;0;0;128;0;202;0;
20105;10296386;1216606208;27971584;1357189120;0;0;0;0;0;0;0;0;0;0;0;3647;0;0;128;0;202;0;
20106;10019057;1216606208;27971584;1357189120;0;0;0;0;0;0;0;0;0;0;0;3847;0;0;128;0;202;0;
20107;8324098;1216606208;27971584;1357189120;0;0;0;0;0;0;0;0;0;0;0;3607;0;0;128;0;202;0;
20108;10152186;1216606208;27971584;1357189120;0;0;0;0;0;0;0;0;0;0;0;3918;0;0;128;0;202;0;
20109;7264672;1216606208;27971584;1357189120;0;0;0;0;0;0;0;0;0;0;0;3216;0;0;128;0;202;0;
20110;7337639;1216606208;27971584;1357189120;0;0;0;0;0;0;0;0;0;0;0;3156;0;0;128;0;202;0;
20111;7274771;1216606208;27971584;1357189120;0;0;0;0;0;0;0;0;0;0;0;4027;0;0;128;0;202;0;
20112;6574878;1216606208;27971584;1357189120;0;0;0;0;0;0;0;0;0;0;0;4228;0;0;128;0;202;0;
20113;6107852;1216606208;27971584;1357189120;0;0;0;0;0;0;0;0;0;0;0;2776;0;0;128;0;202;0;
20114;6191800;1216606208;27971584;1357189120;0;0;0;0;0;0;0;0;0;0;0;3917;0;0;128;0;202;0;
20115;6230633;1216606208;27971584;1357189120;0;0;0;0;0;0;0;0;0;0;0;3747;0;0;128;0;202;0;
20116;8177784;1216606208;27971584;1357189120;0;0;0;0;0;0;0;0;0;0;0;3397;0;0;128;0;202;0;
20117;8092063;1216606208;27971584;1357189120;0;0;0;0;0;0;0;0;0;0;0;3327;0;0;128;0;202;0;
20118;6642596;1216606208;27971584;1357189120;0;0;0;0;0;0;0;0;0;0;0;4428;0;0;128;0;202;0;
20119;9000927;1216606208;27971584;1357189120;0;0;0;0;0;0;0;0;0;0;0;4238;0;0;128;0;202;0;
20120;8724639;1216606208;27971584;1357189120;0;0;0;0;0;0;0;0;0;0;0;3106;0;0;128;0;202;0;
20121;9782763;1216606208;27971584;1357189120;0;0;0;0;0;0;0;0;0;0;0;3707;0;0;128;0;202;0;
20122;5699778;1216606208;27971584;1357189120;0;0;0;0;0;0;0;0;0;0;0;4098;0;0;128;0;202;0;
20123;7894834;1216606208;27971584;1357189120;0;0;0;0;0;0;0;0;0;0;0;3807;0;0;128;0;202;0;
20124;6050194;1216606208;27971584;1357189120;0;0;0;0;0;0;0;0;0;0;0;4358;0;0;128;0;202;0;
20125;8251452;1216606208;27971584;1357189120;0;0;0;0;0;0;0;0;0;0;0;3396;0;0;128;0;202;0;
20126;6303700;1216606208;27971584;1357189120;0;0;0;0;0;0;0;0;0;0;0;3216;0;0;128;0;202;0;
20127;6543349;1216606208;27971584;1357189120;0;0;0;0;0;0;0;0;0;0;0;2755;0;0;128;0;202;0;
20128;5920732;1216606208;27971584;1357189120;0;0;0;0;0;0;0;0;0;0;0;3938;0;0;128;0;202;0;
20129;6374633;1216606208;27971584;1357189120;0;0;0;0;0;0;0;0;0;0;0;3216;0;0;128;0;202;0;
20130;5656577;1216606208;27971584;1357189120;0;0;0;0;0;0;0;0;0;0;0;4348;0;0;128;0;202;0;
20131;9473423;1216606208;27971584;1357189120;0;0;0;0;0;0;0;0;0;0;0;3887;0;0;128;0;202;0;
20132;7288366;1216606208;27971584;1357189120;0;0;0;0;0;0;0;0;0;0;0;5049;0;0;128;0;202;0;
20133;8833833;1216606208;27971584;1357189120;0;0;0;0;0;0;0;0;0;0;0;3627;0;0;128;0;202;0;
20134;6536266;1216606208;27971584;1357189120;0;0;0;0;0;0;0;0;0;0;0;4198;0;0;128;0;202;0;
20135;9264662;1216606208;27971584;1357189120;0;0;0;0;0;0;0;0;0;0;0;5150;0;0;128;0;202;0;
20136;13298526;1216606208;27971584;1357189120;0;0;0;0;0;0;0;0;0;0;0;4468;0;0;128;0;202;0;
20137;9962209;1216606208;27971584;1357189120;0;0;0;0;0;0;0;0;0;0;0;3166;0;0;128;0;202;0;
20138;6500549;1216606208;27971584;1357189120;0;0;0;0;0;0;0;0;0;0;0;4599;0;0;128;0;202;0;
20139;10286899;1216606208;27971584;1357189120;0;0;0;0;0;0;0;0;0;0;0;4128;0;0;128;0;202;0;
20140;9226700;1216606208;27971584;1357189120;0;0;0;0;0;0;0;0;0;0;0;4018;0;0;128;0;202;0;
20141;7313594;1216606208;27971584;1357189120;0;0;0;0;0;0;0;0;0;0;0;3346;0;0;128;0;202;0;
20142;8201768;1216606208;27971584;1357189120;0;0;0;0;0;0;0;0;0;0;0;4419;0;0;128;0;202;0;
20143;9442094;1216606208;27971584;1357189120;0;0;0;0;0;0;0;0;0;0;0;3227;0;0;128;0;202;0;
20144;7289959;1216606208;27971584;1357189120;0;0;0;0;0;0;0;0;0;0;0;3547;0;0;128;0;202;0;
20145;8236344;1216606208;27971584;1357189120;0;0;0;0;0;0;0;0;0;0;0;5550;0;0;128;0;202;0;
20146;8021631;1216606208;27971584;1357189120;0;0;0;0;0;0;0;0;0;0;0;7935;0;0;128;0;202;0;
20147;8738555;1216606208;27971584;1357189120;0;0;0;0;0;0;0;0;0;0;0;3286;0;0;128;0;202;0;
20148;5057012;1216606208;27971584;1357189120;0;0;0;0;0;0;0;0;0;0;0;4678;0;0;128;0;202;0;
20149;8140474;1216606208;27971584;1357189120;0;0;0;0;0;0;0;0;0;0;0;4649;0;0;128;0;202;0;
20150;9247139;1216606208;27971584;1357189120;0;0;0;0;0;0;0;0;0;0;0;3817;0;0;128;0;202;0;
20151;7559625;1216606208;27971584;1357189120;0;0;0;0;0;0;0;0;0;0;0;3817;0;0;128;0;202;0;
20152;8927951;1216606208;27971584;1357189120;0;0;0;0;0;0;0;0;0;0;0;2986;0;0;128;0;202;0;
20153;10456747;1216606208;27971584;1357189120;0;0;0;0;0;0;0;0;0;0;0;4278;0;0;128;0;202;0;
20154;7521032;1216606208;27971584;1357189120;0;0;0;0;0;0;0;0;0;0;0;4058;0;0;128;0;202;0;
20155;10732053;1216606208;27971584;1357189120;0;0;0;0;0;0;0;0;0;0;0;4869;0;0;128;0;202;0;
20156;5442555;1216606208;27971584;1357189120;0;0;0;0;0;0;0;0;0;0;0;2866;0;0;128;0;202;0;
20157;8573105;1216606208;27971584;1357189120;0;0;0;0;0;0;0;0;0;0;0;4098;0;0;128;0;202;0;
20158;10557205;1216606208;27971584;1357189120;0;0;0;0;0;0;0;0;0;0;0;4108;0;0;128;0;202;0;
20159;9084825;1216606208;27971584;1357189120;0;0;0;0;0;0;0;0;0;0;0;3968;0;0;128;0;202;0;
20160;9315607;1216606208;27971584;1357189120;0;0;0;0;0;0;0;0;0;0;0;3366;0;0;128;0;202;0;
20161;9853756;1216606208;27971584;1357189120;0;0;0;0;0;0;0;0;0;0;0;5341;0;0;128;0;202;0;
20162;7615229;1216606208;27971584;1357189120;0;0;0;0;0;0;0;0;0;0;0;4759;0;0;128;0;202;0;
20163;10370826;1216606208;27971584;1357189120;0;0;0;0;0;0;0;0;0;0;0;4428;0;0;128;0;202;0;
20164;8320792;1216606208;27971584;1357189120;0;0;0;0;0;0;0;0;0;0;0;3486;0;0;128;0;202;0;
20165;10811572;1216606208;27971584;1357189120;0;0;0;0;0;0;0;0;0;0;0;4629;0;0;128;0;202;0;
20166;11705949;1216606208;27971584;1357189120;0;0;0;0;0;0;0;0;0;0;0;3857;0;0;128;0;202;0;
20167;13248622;1216606208;27971584;1357189120;0;0;0;0;0;0;0;0;0;0;0;3757;0;0;128;0;202;0;
20168;6290966;1216606208;27971584;1357189120;0;0;0;0;0;0;0;0;0;0;0;3687;0;0;128;0;202;0;
20169;22193624;1216606208;27971584;1357189120;0;0;0;0;0;0;0;0;0;0;0;5661;0;0;128;0;202;0;
20170;8147417;1216606208;27975680;1357193216;0;0;0;0;0;0;0;0;0;0;0;4228;0;0;128;0;202;0;
20171;11311660;1216606208;27975680;1357193216;0;0;0;0;0;0;0;0;0;0;0;3356;0;0;128;0;202;0;
20172;10566934;1216606208;27975680;1357193216;0;0;0;0;0;0;0;0;0;0;0;3917;0;0;128;0;202;0;
20173;10615484;1216606208;27975680;1357193216;0;0;0;0;0;0;0;0;0;0;0;3888;0;0;128;0;202;0;
20174;11286924;1216606208;27975680;1357193216;0;0;0;0;0;0;0;0;0;0;0;3888;0;0;128;0;202;0;
20175;10898926;1216606208;27975680;1357193216;0;0;0;0;0;0;0;0;0;0;0;3707;0;0;128;0;202;0;
20176;9819182;1216606208;27975680;1357193216;0;0;0;0;0;0;0;0;0;0;0;3737;0;0;128;0;202;0;
20177;11621150;1216606208;27975680;1357193216;0;0;0;0;0;0;0;0;0;0;0;3326;0;0;128;0;202;0;
20178;9462242;1216606208;27975680;1357193216;0;0;0;0;0;0;0;0;0;0;0;3947;0;0;128;0;202;0;
20179;10774432;1216606208;27975680;1357193216;0;0;0;0;0;0;0;0;0;0;0;4198;0;0;128;0;202;0;
20180;17505824;1216606208;27975680;1357193216;0;0;0;0;0;0;0;0;0;0;0;4860;0;0;128;0;202;0;
20181;9467402;1216606208;27975680;1357193216;0;0;0;0;0;0;0;0;0;0;0;3516;0;0;128;0;202;0;
20182;9459477;1216606208;27975680;1357193216;0;0;0;0;0;0;0;0;0;0;0;4178;0;0;128;0;202;0;
20183;10774232;1216606208;27975680;1357193216;0;0;0;0;0;0;0;0;0;0;0;4118;0;0;128;0;202;0;
20184;10324810;1216606208;27975680;1357193216;0;0;0;0;0;0;0;0;0;0;0;3507;0;0;128;0;202;0;
20185;10701616;1216606208;27975680;1357193216;0;0;0;0;0;0;0;0;0;0;0;3416;0;0;128;0;202;0;
20186;8850315;1216606208;27975680;1357193216;0;0;0;0;0;0;0;0;0;0;0;3807;0;0;128;0;202;0;
20187;11828248;1216606208;27975680;1357193216;0;0;0;0;0;0;0;0;0;0;0;5421;0;0;128;0;202;0;
20188;9499372;1216606208;27975680;1357193216;0;0;0;0;0;0;0;0;0;0;0;3677;0;0;128;0;202;0;
20189;10394630;1216606208;27975680;1357193216;0;0;0;0;0;0;0;0;0;0;0;4068;0;0;128;0;202;0;
20190;9437886;1216606208;27975680;1357193216;0;0;0;0;0;0;0;0;0;0;0;3506;0;0;128;0;202;0;
20191;8599985;1216606208;27975680;1357193216;0;0;0;0;0;0;0;0;0;0;0;3286;0;0;128;0;202;0;
20192;10831250;1216606208;27975680;1357193216;0;0;0;0;0;0;0;0;0;0;0;4949;0;0;128;0;202;0;
20193;8082315;1216606208;27975680;1357193216;0;0;0;0;0;0;0;0;0;0;0;3667;0;0;128;0;202;0;
20194;9218786;1216606208;27975680;1357193216;0;0;0;0;0;0;0;0;0;0;0;3226;0;0;128;0;202;0;
20195;10169609;1216606208;27975680;1357193216;0;0;0;0;0;0;0;0;0;0;0;4349;0;0;128;0;202;0;
20196;9272687;1216606208;27975680;1357193216;0;0;0;0;0;0;0;0;0;0;0;5130;0;0;128;0;202;0;
20197;10684514;1216606208;27975680;1357193216;0;0;0;0;0;0;0;0;0;0;0;3828;0;0;128;0;202;0;
20198;9999941;1216606208;27975680;1357193216;0;0;0;0;0;0;0;0;0;0;0;3366;0;0;128;0;202;0;
20199;9386571;1216606208;27975680;1357193216;0;0;0;0;0;0;0;0;0;0;0;3567;0;0;128;0;202;0;
20200;8417804;1216606208;27975680;1357193216;0;0;0;0;0;0;0;0;0;0;0;4358;0;0;128;0;202;0;
20201;9286342;1216606208;27975680;1357193216;0;0;0;0;0;0;0;0;0;0;0;3938;0;0;128;0;202;0;
20202;14273834;1216606208;27975680;1357193216;0;0;0;0;0;0;0;0;0;0;0;3557;0;0;128;0;202;0;
20203;5927735;1216606208;27975680;1357193216;0;0;0;0;0;0;0;0;0;0;0;2915;0;0;128;0;202;0;
20204;10344376;1216606208;27975680;1357193216;0;0;0;0;0;0;0;0;0;0;0;4088;0;0;128;0;202;0;
20205;11929448;1216606208;27975680;1357193216;0;0;0;0;0;0;0;0;0;0;0;4529;0;0;128;0;202;0;
20206;8022322;1216606208;27975680;1357193216;0;0;0;0;0;0;0;0;0;0;0;3777;0;0;128;0;202;0;
20207;10254218;1216606208;27975680;1357193216;0;0;0;0;0;0;0;0;0;0;0;3947;0;0;128;0;202;0;
20208;10731592;1216606208;27975680;1357193216;0;0;0;0;0;0;0;0;0;0;0;3536;0;0;128;0;202;0;
20209;11445872;1216606208;27975680;1357193216;0;0;0;0;0;0;0;0;0;0;0;5129;0;0;128;0;202;0;
20210;7046733;1216606208;27975680;1357193216;0;0;0;0;0;0;0;0;0;0;0;3707;0;0;128;0;202;0;
20211;11721468;1216606208;27975680;1357193216;0;0;0;0;0;0;0;0;0;0;0;3717;0;0;128;0;202;0;
20212;5322410;1216606208;27975680;1357193216;0;0;0;0;0;0;0;0;0;0;0;3496;0;0;128;0;202;0;
20213;9533296;1216606208;27975680;1357193216;0;0;0;0;0;0;0;0;0;0;0;4228;0;0;128;0;202;0;
20214;12084869;1216606208;27975680;1357193216;0;0;0;0;0;0;0;0;0;0;0;4469;0;0;128;0;202;0;
20215;12477917;1216606208;27975680;1357193216;0;0;0;0;0;0;0;0;0;0;0;3777;0;0;128;0;202;0;
20216;4582102;1216606208;27975680;1357193216;0;0;0;0;0;0;0;0;0;0;0;4358;0;0;128;0;202;0;
20217;10207600;1216606208;27975680;1357193216;0;0;0;0;0;0;0;0;0;0;0;4137;0;0;128;0;202;0;
20218;8530625;1216606208;27975680;1357193216;0;0;0;0;0;0;0;0;0;0;0;3707;0;0;128;0;202;0;
20219;8754185;1216606208;27975680;1357193216;0;0;0;0;0;0;0;0;0;0;0;3767;0;0;128;0;202;0;
20220;6551184;1216606208;27975680;1357193216;0;0;0;0;0;0;0;0;0;0;0;3126;0;0;128;0;202;0;
20221;8806452;1216606208;27975680;1357193216;0;0;0;0;0;0;0;0;0;0;0;3066;0;0;128;0;202;0;
20222;9144407;1216606208;27975680;1357193216;0;0;0;0;0;0;0;0;0;0;0;3677;0;0;128;0;202;0;
20223;7987487;1216606208;27975680;1357193216;0;0;0;0;0;0;0;0;0;0;0;3517;0;0;128;0;202;0;
20224;8513904;1216606208;27975680;1357193216;0;0;0;0;0;0;0;0;0;0;0;3636;0;0;128;0;202;0;
20225;11200452;1216606208;27975680;1357193216;0;0;0;0;0;0;0;0;0;0;0;3867;0;0;128;0;202;0;
20226;7852113;1216606208;27975680;1357193216;0;0;0;0;0;0;0;0;0;0;0;3537;0;0;128;0;202;0;
20227;10895530;1216606208;27975680;1357193216;0;0;0;0;0;0;0;0;0;0;0;4318;0;0;128;0;202;0;
20228;5648431;1216606208;27975680;1357193216;0;0;0;0;0;0;0;0;0;0;0;4038;0;0;128;0;202;0;
20229;13768146;1216606208;27975680;1357193216;0;0;0;0;0;0;0;0;0;0;0;4027;0;0;128;0;202;0;
20230;8426189;1216606208;27975680;1357193216;0;0;0;0;0;0;0;0;0;0;0;6381;0;0;128;0;202;0;
20231;11920021;1216606208;27975680;1357193216;0;0;0;0;0;0;0;0;0;0;0;3527;0;0;128;0;202;0;
20232;10735048;1216606208;27975680;1357193216;0;0;0;0;0;0;0;0;0;0;0;3526;0;0;128;0;202;0;
20233;12049914;1216606208;27975680;1357193216;0;0;0;0;0;0;0;0;0;0;0;4118;0;0;128;0;202;0;
20234;7447895;1216606208;27975680;1357193216;0;0;0;0;0;0;0;0;0;0;0;3306;0;0;128;0;202;0;
20235;7995261;1216606208;27975680;1357193216;0;0;0;0;0;0;0;0;0;0;0;3767;0;0;128;0;202;0;
20236;9268309;1216606208;27975680;1357193216;0;0;0;0;0;0;0;0;0;0;0;3336;0;0;128;0;202;0;
20237;9376101;1216606208;27975680;1357193216;0;0;0;0;0;0;0;0;0;0;0;3036;0;0;128;0;202;0;
20238;7715116;1216606208;27975680;1357193216;0;0;0;0;0;0;0;0;0;0;0;5270;0;0;128;0;202;0;
20239;16949661;1216606208;27975680;1357193216;0;0;0;0;0;0;0;0;0;0;0;4027;0;0;128;0;202;0;
20240;7184241;1216606208;27975680;1357193216;0;0;0;0;0;0;0;0;0;0;0;3817;0;0;128;0;202;0;
20241;9996083;1216606208;27975680;1357193216;0;0;0;0;0;0;0;0;0;0;0;3937;0;0;128;0;202;0;
20242;9167159;1216606208;27975680;1357193216;0;0;0;0;0;0;0;0;0;0;0;4318;0;0;128;0;202;0;
20243;8856326;1216606208;27975680;1357193216;0;0;0;0;0;0;0;0;0;0;0;3997;0;0;128;0;202;0;
20244;14836880;1216606208;27975680;1357193216;0;0;0;0;0;0;0;0;0;0;0;3927;0;0;128;0;202;0;
20245;9418240;1216606208;27975680;1357193216;0;0;0;0;0;0;0;0;0;0;0;3697;0;0;128;0;202;0;
20246;8117791;1216606208;27975680;1357193216;0;0;0;0;0;0;0;0;0;0;0;4047;0;0;128;0;202;0;
20247;8423104;1216606208;27975680;1357193216;0;0;0;0;0;0;0;0;0;0;0;3186;0;0;128;0;202;0;
20248;7734232;1216606208;27975680;1357193216;0;0;0;0;0;0;0;0;0;0;0;3046;0;0;128;0;202;0;
20249;7029761;1216606208;27975680;1357193216;0;0;0;0;0;0;0;0;0;0;0;3677;0;0;128;0;202;0;
20250;8213972;1216606208;27975680;1357193216;0;0;0;0;0;0;0;0;0;0;0;4608;0;0;128;0;202;0;
20251;10042741;1216606208;27975680;1357193216;0;0;0;0;0;0;0;0;0;0;0;4218;0;0;128;0;202;0;
20252;6367008;1216606208;27975680;1357193216;0;0;0;0;0;0;0;0;0;0;0;4158;0;0;128;0;202;0;
20253;9789435;1216606208;27975680;1357193216;0;0;0;0;0;0;0;0;0;0;0;3496;0;0;128;0;202;0;
20254;6714931;1216606208;27975680;1357193216;0;0;0;0;0;0;0;0;0;0;0;3696;0;0;128;0;202;0;
20255;10381095;1216606208;27975680;1357193216;0;0;0;0;0;0;0;0;0;0;0;4669;0;0;128;0;202;0;
20256;5286993;1216606208;27975680;1357193216;0;0;0;0;0;0;0;0;0;0;0;3226;0;0;128;0;202;0;
20257;10166653;1216606208;27975680;1357193216;0;0;0;0;0;0;0;0;0;0;0;3847;0;0;128;0;202;0;
20258;5448376;1216606208;27975680;1357193216;0;0;0;0;0;0;0;0;0;0;0;3446;0;0;128;0;202;0;
20259;9599880;1216606208;27975680;1357193216;0;0;0;0;0;0;0;0;0;0;0;3977;0;0;128;0;202;0;
20260;7464165;1216606208;27975680;1357193216;0;0;0;0;0;0;0;0;0;0;0;4107;0;0;128;0;202;0;
20261;10618190;1216606208;27975680;1357193216;0;0;0;0;0;0;0;0;0;0;0;3727;0;0;128;0;202;0;
20262;6420078;1216606208;27975680;1357193216;0;0;0;0;0;0;0;0;0;0;0;3897;0;0;128;0;202;0;
20263;9811708;1216606208;27975680;1357193216;0;0;0;0;0;0;0;0;0;0;0;4017;0;0;128;0;202;0;
20264;7415995;1216606208;27975680;1357193216;0;0;0;0;0;0;0;0;0;0;0;3186;0;0;128;0;202;0;
20265;12236093;1216606208;27975680;1357193216;0;0;0;0;0;0;0;0;0;0;0;4248;0;0;128;0;202;0;
20266;7770510;1216606208;27975680;1357193216;0;0;0;0;0;0;0;0;0;0;0;9908;0;0;128;0;202;0;
20267;10143039;1216606208;27975680;1357193216;0;0;0;0;0;0;0;0;0;0;0;4328;0;0;128;0;202;0;
20268;5329493;1216606208;27975680;1357193216;0;0;0;0;0;0;0;0;0;0;0;3927;0;0;128;0;202;0;
20269;9956328;1216606208;27975680;1357193216;0;0;0;0;0;0;0;0;0;0;0;4399;0;0;128;0;202;0;
20270;4838803;1216606208;27975680;1357193216;0;0;0;0;0;0;0;0;0;0;0;3497;0;0;128;0;202;0;
20271;10584165;1216606208;27975680;1357193216;0;0;0;0;0;0;0;0;0;0;0;4468;0;0;128;0;202;0;
20272;6159730;1216606208;27975680;1357193216;0;0;0;0;0;0;0;0;0;0;0;3877;0;0;128;0;202;0;
20273;9792842;1216606208;27975680;1357193216;0;0;0;0;0;0;0;0;0;0;0;4639;0;0;128;0;202;0;
20274;6946235;1216606208;27975680;1357193216;0;0;0;0;0;0;0;0;0;0;0;3316;0;0;128;0;202;0;
20275;9705278;1216606208;27975680;1357193216;0;0;0;0;0;0;0;0;0;0;0;3837;0;0;128;0;202;0;
20276;7663239;1216606208;27975680;1357193216;0;0;0;0;0;0;0;0;0;0;0;3706;0;0;128;0;202;0;
20277;10152015;1216606208;27975680;1357193216;0;0;0;0;0;0;0;0;0;0;0;3436;0;0;128;0;202;0;
20278;9489884;1216606208;27975680;1357193216;0;0;0;0;0;0;0;0;0;0;0;4388;0;0;128;0;202;0;
20279;8353353;1216606208;27975680;1357193216;0;0;0;0;0;0;0;0;0;0;0;4979;0;0;128;0;202;0;
20280;6231304;1216606208;27975680;1357193216;0;0;0;0;0;0;0;0;0;0;0;4609;0;0;128;0;202;0;
20281;7779757;1216606208;27975680;1357193216;0;0;0;0;0;0;0;0;0;0;0;3316;0;0;128;0;202;0;
20282;7389025;1216606208;27975680;1357193216;0;0;0;0;0;0;0;0;0;0;0;4088;0;0;128;0;202;0;
20283;10517591;1216606208;27975680;1357193216;0;0;0;0;0;0;0;0;0;0;0;3567;0;0;128;0;202;0;
20284;6651842;1216606208;27975680;1357193216;0;0;0;0;0;0;0;0;0;0;0;3667;0;0;128;0;202;0;
20285;13253391;1221038080;27975680;1357193216;0;0;0;0;0;0;0;0;0;0;0;4389;0;0;129;0;202;0;
20286;5945769;1221304320;27983872;1357201408;0;0;0;0;0;0;0;0;0;0;0;3497;0;0;129;0;202;0;
20287;10205306;1221304320;27983872;1357201408;0;0;0;0;0;0;0;0;0;0;0;3987;0;0;129;0;202;0;
20288;6657653;1221304320;27983872;1357201408;0;0;0;0;0;0;0;0;0;0;0;4047;0;0;129;0;202;0;
20289;8748113;1221304320;27983872;1357201408;0;0;0;0;0;0;0;0;0;0;0;5210;0;0;129;0;202;0;
20290;7353378;1221304320;27983872;1357201408;0;0;0;0;0;0;0;0;0;0;0;3868;0;0;129;0;202;0;
20291;7715136;1221304320;27983872;1357201408;0;0;0;0;0;0;0;0;0;0;0;3477;0;0;129;0;202;0;
20292;8705203;1221304320;27975680;1357193216;0;0;0;0;0;0;0;0;0;0;0;3316;0;0;129;0;202;0;
20293;9815644;1221304320;27975680;1357193216;0;0;0;0;0;0;0;0;0;0;0;4519;0;0;129;0;202;0;
20294;8856617;1221304320;27975680;1357193216;0;0;0;0;0;0;0;0;0;0;0;3536;0;0;129;0;202;0;
20295;8947627;1221304320;27975680;1357193216;0;0;0;0;0;0;0;0;0;0;0;4068;0;0;129;0;202;0;
20296;13659713;1227595776;27992064;1373986816;0;0;0;0;0;0;0;0;0;0;0;5059;0;0;130;0;202;0;
20297;11302032;1227595776;28024832;1374019584;0;0;0;0;0;0;0;0;0;0;0;4138;0;0;130;0;202;0;
20298;5412188;1227595776;28028928;1374023680;0;0;0;0;0;0;0;0;0;0;0;3647;0;0;130;0;202;0;
20299;11371762;1227595776;28028928;1374023680;0;0;0;0;0;0;0;0;0;0;0;4318;0;0;130;0;202;0;
20300;8802686;1227595776;28028928;1374023680;0;0;0;0;0;0;0;0;0;0;0;4488;0;0;130;0;202;0;
20301;12215064;1227595776;28028928;1374023680;0;0;0;0;0;0;0;0;0;0;0;4549;0;0;130;0;202;0;
20302;5804855;1227595776;28028928;1374023680;0;0;0;0;0;0;0;0;0;0;0;4949;0;0;130;0;202;0;
20303;12145003;1227595776;28028928;1374023680;0;0;0;0;0;0;0;0;0;0;0;3917;0;0;130;0;202;0;
20304;4626856;1227608064;27996160;1373990912;0;0;0;0;0;0;0;0;0;0;0;3526;0;0;130;0;202;0;
20305;7860098;1227608064;27996160;1373990912;0;0;0;0;0;0;0;0;0;0;0;3707;0;0;130;0;202;0;
20306;9326408;1227595776;27983872;1373978624;0;0;0;0;0;0;0;0;0;0;0;4478;0;0;130;0;202;0;
20307;9280481;1227595776;27983872;1373978624;0;0;0;0;0;0;0;0;0;0;0;4037;0;0;130;0;202;0;
20308;8922300;1227595776;27983872;1373978624;0;0;0;0;0;0;0;0;0;0;0;4850;0;0;130;0;202;0;
20309;9491307;1227595776;27983872;1373978624;0;0;0;0;0;0;0;0;0;0;0;3286;0;0;130;0;202;0;
20310;7295579;1227595776;27983872;1373978624;0;0;0;0;0;0;0;0;0;0;0;3967;0;0;130;0;202;0;
20311;8401723;1227595776;27983872;1373978624;0;0;0;0;0;0;0;0;0;0;0;3767;0;0;130;0;202;0;
20312;18016692;1227595776;27983872;1373978624;0;0;0;0;0;0;0;0;0;0;0;3908;0;0;130;0;202;0;
20313;9611051;1227595776;27983872;1373978624;0;0;0;0;0;0;0;0;0;0;0;3817;0;0;130;0;202;0;
20314;9239855;1227595776;27983872;1373978624;0;0;0;0;0;0;0;0;0;0;0;3366;0;0;130;0;202;0;
20315;8588073;1227595776;27983872;1373978624;0;0;0;0;0;0;0;0;0;0;0;4719;0;0;130;0;202;0;
20316;7988679;1227595776;27983872;1373978624;0;0;0;0;0;0;0;0;0;0;0;3977;0;0;130;0;202;0;
20317;8278372;1227595776;27983872;1373978624;0;0;0;0;0;0;0;0;0;0;0;3516;0;0;130;0;202;0;
20318;8486423;1227595776;27983872;1373978624;0;0;0;0;0;0;0;0;0;0;0;3076;0;0;130;0;202;0;
20319;7387302;1227595776;27983872;1373978624;0;0;0;0;0;0;0;0;0;0;0;3446;0;0;130;0;202;0;
20320;10904156;1227595776;27983872;1373978624;0;0;0;0;0;0;0;0;0;0;0;3146;0;0;130;0;202;0;
20321;11047435;1227595776;27983872;1373978624;0;0;0;0;0;0;0;0;0;0;0;3827;0;0;130;0;202;0;
20322;8778850;1227595776;27983872;1373978624;0;0;0;0;0;0;0;0;0;0;0;3377;0;0;130;0;202;0;
20323;13157761;1227595776;27983872;1373978624;0;0;0;0;0;0;0;0;0;0;0;3857;0;0;130;0;202;0;
20324;6974728;1227595776;27983872;1373978624;0;0;0;0;0;0;0;0;0;0;0;3617;0;0;130;0;202;0;
20325;11022808;1227595776;27983872;1373978624;0;0;0;0;0;0;0;0;0;0;0;3346;0;0;130;0;202;0;
20326;5039069;1227595776;27983872;1373978624;0;0;0;0;0;0;0;0;0;0;0;3436;0;0;130;0;202;0;
20327;10805481;1227595776;27983872;1373978624;0;0;0;0;0;0;0;0;0;0;0;3717;0;0;130;0;202;0;
20328;5588519;1227595776;27983872;1373978624;0;0;0;0;0;0;0;0;0;0;0;4158;0;0;130;0;202;0;
20329;13323042;1227595776;27983872;1373978624;0;0;0;0;0;0;0;0;0;0;0;4678;0;0;130;0;202;0;
20330;8086422;1227595776;27983872;1373978624;0;0;0;0;0;0;0;0;0;0;0;358162;0;0;130;0;202;0;
20331;12598803;1227595776;27983872;1373978624;0;0;0;0;0;0;0;0;0;0;0;4739;0;0;130;0;202;0;
20332;8482655;1227595776;27987968;1373982720;0;0;0;0;0;0;0;0;0;0;0;5480;0;0;130;0;202;0;
20333;11514310;1227595776;27987968;1373982720;0;0;0;0;0;0;0;0;0;0;0;3006;0;0;130;0;202;0;
20334;6516780;1227595776;27987968;1373982720;0;0;0;0;0;0;0;0;0;0;0;5099;0;0;130;0;202;0;
20335;12542217;1227595776;27987968;1373982720;0;0;0;0;0;0;0;0;0;0;0;3586;0;0;130;0;202;0;
20336;8158548;1227595776;27987968;1373982720;0;0;0;0;0;0;0;0;0;0;0;4308;0;0;130;0;202;0;
20337;9295059;1227595776;27987968;1373982720;0;0;0;0;0;0;0;0;0;0;0;3797;0;0;130;0;202;0;
20338;4682059;1227595776;27983872;1373978624;0;0;0;0;0;0;0;0;0;0;0;4498;0;0;130;0;202;0;
20339;11214168;1227595776;27983872;1373978624;0;0;0;0;0;0;0;0;0;0;0;4008;0;0;130;0;202;0;
20340;5747016;1227595776;27996160;1373990912;0;0;0;0;0;0;0;0;0;0;0;4458;0;0;130;0;202;0;
20341;8674445;1227595776;27996160;1373990912;0;0;0;0;0;0;0;0;0;0;0;4258;0;0;130;0;202;0;
20342;8010219;1227595776;27996160;1373990912;0;0;0;0;0;0;0;0;0;0;0;4950;0;0;130;0;202;0;
20343;7868384;1227595776;27996160;1373990912;0;0;0;0;0;0;0;0;0;0;0;2876;0;0;130;0;202;0;
20344;7953313;1227595776;27996160;1373990912;0;0;0;0;0;0;0;0;0;0;0;4197;0;0;130;0;202;0;
20345;6810299;1227595776;27996160;1373990912;0;0;0;0;0;0;0;0;0;0;0;2745;0;0;130;0;202;0;
20346;10745409;1227599872;27987968;1373982720;0;0;0;0;0;0;0;0;0;0;0;3617;0;0;130;0;202;0;
20347;8792636;1227599872;27987968;1373982720;0;0;0;0;0;0;0;0;0;0;0;3767;0;0;130;0;202;0;
20348;7142322;1227595776;27983872;1373978624;0;0;0;0;0;0;0;0;0;0;0;4309;0;0;130;0;202;0;
20349;9868784;1227595776;27983872;1373978624;0;0;0;0;0;0;0;0;0;0;0;3166;0;0;130;0;202;0;
20350;9475247;1227595776;28000256;1373995008;0;0;0;0;0;0;0;0;0;0;0;3176;0;0;130;0;202;0;
20351;10498335;1227595776;28000256;1373995008;0;0;0;0;0;0;0;0;0;0;0;5861;0;0;130;0;202;0;
20352;10516760;1227595776;28049408;1374044160;0;0;0;0;0;0;0;0;0;0;0;4518;0;0;130;0;202;0;
20353;8020679;1227595776;28049408;1374044160;0;0;0;0;0;0;0;0;0;0;0;3076;0;0;130;0;202;0;
20354;8527089;1227595776;28049408;1374044160;0;0;0;0;0;0;0;0;0;0;0;5661;0;0;130;0;202;0;
20355;8841007;1227595776;28049408;1374044160;0;0;0;0;0;0;0;0;0;0;0;2936;0;0;130;0;202;0;
20356;8406362;1227595776;28049408;1374044160;0;0;0;0;0;0;0;0;0;0;0;3466;0;0;130;0;202;0;
20357;8099998;1227595776;28049408;1374044160;0;0;0;0;0;0;0;0;0;0;0;4369;0;0;130;0;202;0;
20358;7305949;1227603968;28033024;1374027776;0;0;0;0;0;0;0;0;0;0;0;4499;0;0;130;0;202;0;
20359;8722956;1227603968;28033024;1374027776;0;0;0;0;0;0;0;0;0;0;0;3116;0;0;130;0;202;0;
20360;6317395;1227579392;28008448;1374003200;0;0;0;0;0;0;0;0;0;0;0;4338;0;0;130;0;202;0;
20361;8181090;1227579392;28008448;1374003200;0;0;0;0;0;0;0;0;0;0;0;3547;0;0;130;0;202;0;
20362;6587231;1227579392;28008448;1374003200;0;0;0;0;0;0;0;0;0;0;0;4719;0;0;130;0;202;0;
20363;8102542;1227579392;28008448;1374003200;0;0;0;0;0;0;0;0;0;0;0;4478;0;0;130;0;202;0;
20364;6635372;1227579392;28008448;1374003200;0;0;0;0;0;0;0;0;0;0;0;3266;0;0;130;0;202;0;
20365;7907427;1227579392;28008448;1374003200;0;0;0;0;0;0;0;0;0;0;0;3657;0;0;130;0;202;0;
20366;6091422;1227579392;28008448;1374003200;0;0;0;0;0;0;0;0;0;0;0;4058;0;0;130;0;202;0;
20367;9399505;1227579392;28008448;1374003200;0;0;0;0;0;0;0;0;0;0;0;5010;0;0;130;0;202;0;
20368;7431645;1227579392;28008448;1374003200;0;0;0;0;0;0;0;0;0;0;0;3367;0;0;130;0;202;0;
20369;7590292;1227579392;28008448;1374003200;0;0;0;0;0;0;0;0;0;0;0;3426;0;0;130;0;202;0;
20370;3549185;1227579392;28008448;1374003200;0;0;0;0;0;0;0;0;0;0;0;3967;0;0;130;0;202;0;
20371;11139898;1227579392;28008448;1374003200;0;0;0;0;0;0;0;0;0;0;0;5661;0;0;130;0;202;0;
20372;5153103;1227579392;28008448;1374003200;0;0;0;0;0;0;0;0;0;0;0;4428;0;0;130;0;202;0;
20373;11050149;1227579392;28008448;1374003200;0;0;0;0;0;0;0;0;0;0;0;4228;0;0;130;0;202;0;
20374;4460915;1227579392;28008448;1374003200;0;0;0;0;0;0;0;0;0;0;0;8326;0;0;130;0;202;0;
20375;9753047;1227579392;28008448;1374003200;0;0;0;0;0;0;0;0;0;0;0;4067;0;0;130;0;202;0;
20376;4586270;1227579392;28008448;1374003200;0;0;0;0;0;0;0;0;0;0;0;4829;0;0;130;0;202;0;
20377;9697794;1227579392;28008448;1374003200;0;0;0;0;0;0;0;0;0;0;0;4519;0;0;130;0;202;0;
20378;4864842;1227579392;28008448;1374003200;0;0;0;0;0;0;0;0;0;0;0;3406;0;0;130;0;202;0;
20379;9789255;1227579392;28008448;1374003200;0;0;0;0;0;0;0;0;0;0;0;5641;0;0;130;0;202;0;
20380;5308955;1227579392;28008448;1374003200;0;0;0;0;0;0;0;0;0;0;0;3186;0;0;130;0;202;0;
20381;9261015;1227579392;28008448;1374003200;0;0;0;0;0;0;0;0;0;0;0;3436;0;0;130;0;202;0;
20382;5641177;1227579392;28008448;1374003200;0;0;0;0;0;0;0;0;0;0;0;3696;0;0;130;0;202;0;
20383;7094212;1227579392;28008448;1374003200;0;0;0;0;0;0;0;0;0;0;0;3086;0;0;130;0;202;0;
20384;7699107;1227579392;28008448;1374003200;0;0;0;0;0;0;0;0;0;0;0;4288;0;0;130;0;202;0;
20385;8839545;1227579392;28008448;1374003200;0;0;0;0;0;0;0;0;0;0;0;3647;0;0;130;0;202;0;
20386;4784471;1227579392;28008448;1374003200;0;0;0;0;0;0;0;0;0;0;0;3507;0;0;130;0;202;0;
20387;10674385;1227579392;28008448;1374003200;0;0;0;0;0;0;0;0;0;0;0;4448;0;0;130;0;202;0;
20388;5148874;1227579392;28008448;1374003200;0;0;0;0;0;0;0;0;0;0;0;4739;0;0;130;0;202;0;
20389;8444874;1227579392;28008448;1374003200;0;0;0;0;0;0;0;0;0;0;0;4779;0;0;130;0;202;0;
20390;4327294;1227579392;28008448;1374003200;0;0;0;0;0;0;0;0;0;0;0;3828;0;0;130;0;202;0;
20391;8730870;1227579392;28008448;1374003200;0;0;0;0;0;0;0;0;0;0;0;3757;0;0;130;0;202;0;
20392;5132433;1227579392;28008448;1374003200;0;0;0;0;0;0;0;0;0;0;0;3376;0;0;130;0;202;0;
20393;7153323;1227579392;28008448;1374003200;0;0;0;0;0;0;0;0;0;0;0;2495;0;0;130;0;202;0;
20394;6740399;1227579392;28008448;1374003200;0;0;0;0;0;0;0;0;0;0;0;3957;0;0;130;0;202;0;
20395;9358808;1227579392;28008448;1374003200;0;0;0;0;0;0;0;0;0;0;0;3487;0;0;130;0;202;0;
20396;7323021;1227579392;28008448;1374003200;0;0;0;0;0;0;0;0;0;0;0;4238;0;0;130;0;202;0;
20397;8663755;1227579392;28008448;1374003200;0;0;0;0;0;0;0;0;0;0;0;4719;0;0;130;0;202;0;
20398;6841248;1227579392;28008448;1374003200;0;0;0;0;0;0;0;0;0;0;0;3146;0;0;130;0;202;0;
20399;8129744;1227579392;28008448;1374003200;0;0;0;0;0;0;0;0;0;0;0;29054;0;0;130;0;202;0;
20400;4897483;1227579392;28008448;1374003200;0;0;0;0;0;0;0;0;0;0;0;5000;0;0;130;0;202;0;
20401;9626410;1227579392;28008448;1374003200;0;0;0;0;0;0;0;0;0;0;0;3978;0;0;130;0;202;0;
20402;7865709;1227579392;28008448;1374003200;0;0;0;0;0;0;0;0;0;0;0;4418;0;0;130;0;202;0;
20403;6265318;1227579392;28008448;1374003200;0;0;0;0;0;0;0;0;0;0;0;3236;0;0;130;0;202;0;
20404;7131141;1227579392;28008448;1374003200;0;0;0;0;0;0;0;0;0;0;0;4458;0;0;130;0;202;0;
20405;6283221;1227579392;28008448;1374003200;0;0;0;0;0;0;0;0;0;0;0;4358;0;0;130;0;202;0;
20406;9088452;1227579392;28008448;1374003200;0;0;0;0;0;0;0;0;0;0;0;4077;0;0;130;0;202;0;
20407;9124750;1227579392;28008448;1374003200;0;0;0;0;0;0;0;0;0;0;0;4118;0;0;130;0;202;0;
20408;8472446;1227579392;28008448;1374003200;0;0;0;0;0;0;0;0;0;0;0;4508;0;0;130;0;202;0;
20409;8349516;1227579392;28008448;1374003200;0;0;0;0;0;0;0;0;0;0;0;4228;0;0;130;0;202;0;
20410;6404288;1227579392;28008448;1374003200;0;0;0;0;0;0;0;0;0;0;0;4017;0;0;130;0;202;0;
20411;10416071;1227579392;28008448;1374003200;0;0;0;0;0;0;0;0;0;0;0;8556;0;0;130;0;202;0;
20412;4580208;1227579392;28008448;1374003200;0;0;0;0;0;0;0;0;0;0;0;8466;0;0;130;0;202;0;
20413;9912967;1227579392;28008448;1374003200;0;0;0;0;0;0;0;0;0;0;0;3968;0;0;130;0;202;0;
20414;5292915;1227579392;28008448;1374003200;0;0;0;0;0;0;0;0;0;0;0;5019;0;0;130;0;202;0;
20415;12391555;1227579392;28008448;1374003200;0;0;0;0;0;0;0;0;0;0;0;3657;0;0;130;0;202;0;
20416;5188680;1227579392;28008448;1374003200;0;0;0;0;0;0;0;0;0;0;0;3917;0;0;130;0;202;0;
20417;11444108;1227579392;28008448;1374003200;0;0;0;0;0;0;0;0;0;0;0;4839;0;0;130;0;202;0;
20418;8685856;1227579392;28008448;1374003200;0;0;0;0;0;0;0;0;0;0;0;4448;0;0;130;0;202;0;
20419;10691617;1227579392;28008448;1374003200;0;0;0;0;0;0;0;0;0;0;0;4568;0;0;130;0;202;0;
20420;9847936;1227579392;28008448;1374003200;0;0;0;0;0;0;0;0;0;0;0;4248;0;0;130;0;202;0;
20421;7966908;1227579392;28008448;1374003200;0;0;0;0;0;0;0;0;0;0;0;3466;0;0;130;0;202;0;
20422;7003732;1227579392;28008448;1374003200;0;0;0;0;0;0;0;0;0;0;0;3697;0;0;130;0;202;0;
20423;9585033;1227579392;28008448;1374003200;0;0;0;0;0;0;0;0;0;0;0;2615;0;0;130;0;202;0;
20424;6491001;1227579392;28008448;1374003200;0;0;0;0;0;0;0;0;0;0;0;3557;0;0;130;0;202;0;
20425;7841393;1227579392;28008448;1374003200;0;0;0;0;0;0;0;0;0;0;0;7294;0;0;130;0;202;0;
20426;4758082;1227579392;28008448;1374003200;0;0;0;0;0;0;0;0;0;0;0;3066;0;0;130;0;202;0;
20427;6621997;1227579392;28008448;1374003200;0;0;0;0;0;0;0;0;0;0;0;2785;0;0;130;0;202;0;
20428;7163943;1227579392;28008448;1374003200;0;0;0;0;0;0;0;0;0;0;0;3466;0;0;130;0;202;0;
20429;7658370;1227579392;28008448;1374003200;0;0;0;0;0;0;0;0;0;0;0;2815;0;0;130;0;202;0;
20430;7929488;1227579392;28008448;1374003200;0;0;0;0;0;0;0;0;0;0;0;4468;0;0;130;0;202;0;
20431;8797546;1227579392;28008448;1374003200;0;0;0;0;0;0;0;0;0;0;0;3557;0;0;130;0;202;0;
20432;7106315;1227579392;28008448;1374003200;0;0;0;0;0;0;0;0;0;0;0;3887;0;0;130;0;202;0;
20433;10145053;1227579392;28008448;1374003200;0;0;0;0;0;0;0;0;0;0;0;4618;0;0;130;0;202;0;
20434;6710112;1227579392;28008448;1374003200;0;0;0;0;0;0;0;0;0;0;0;3637;0;0;130;0;202;0;
20435;8862077;1227579392;28008448;1374003200;0;0;0;0;0;0;0;0;0;0;0;4468;0;0;130;0;202;0;
20436;6333266;1227579392;28008448;1374003200;0;0;0;0;0;0;0;0;0;0;0;4829;0;0;130;0;202;0;
20437;7802260;1227579392;28008448;1374003200;0;0;0;0;0;0;0;0;0;0;0;3497;0;0;130;0;202;0;
20438;5805956;1227579392;28008448;1374003200;0;0;0;0;0;0;0;0;0;0;0;3437;0;0;130;0;202;0;
20439;8949571;1227579392;28008448;1374003200;0;0;0;0;0;0;0;0;0;0;0;4078;0;0;130;0;202;0;
20440;4320701;1227579392;28008448;1374003200;0;0;0;0;0;0;0;0;0;0;0;3677;0;0;130;0;202;0;
20441;5888943;1227579392;28008448;1374003200;0;0;0;0;0;0;0;0;0;0;0;3677;0;0;130;0;202;0;
20442;5348760;1227579392;28008448;1374003200;0;0;0;0;0;0;0;0;0;0;0;4138;0;0;130;0;202;0;
20443;5279659;1227579392;28008448;1374003200;0;0;0;0;0;0;0;0;0;0;0;3777;0;0;130;0;202;0;
20444;5623995;1227579392;28008448;1374003200;0;0;0;0;0;0;0;0;0;0;0;4419;0;0;130;0;202;0;
20445;8235211;1227579392;28008448;1374003200;0;0;0;0;0;0;0;0;0;0;0;4428;0;0;130;0;202;0;
20446;6471404;1227579392;28008448;1374003200;0;0;0;0;0;0;0;0;0;0;0;4177;0;0;130;0;202;0;
20447;9484795;1227579392;28008448;1374003200;0;0;0;0;0;0;0;0;0;0;0;3406;0;0;130;0;202;0;
20448;5694047;1227579392;28008448;1374003200;0;0;0;0;0;0;0;0;0;0;0;3636;0;0;130;0;202;0;
20449;9225699;1227579392;28008448;1374003200;0;0;0;0;0;0;0;0;0;0;0;3196;0;0;130;0;202;0;
20450;6139152;1227579392;28008448;1374003200;0;0;0;0;0;0;0;0;0;0;0;2895;0;0;130;0;202;0;
20451;9355152;1227579392;28008448;1374003200;0;0;0;0;0;0;0;0;0;0;0;5179;0;0;130;0;202;0;
20452;6243627;1227579392;28008448;1374003200;0;0;0;0;0;0;0;0;0;0;0;3446;0;0;130;0;202;0;
20453;7025323;1227579392;28008448;1374003200;0;0;0;0;0;0;0;0;0;0;0;3206;0;0;130;0;202;0;
20454;5322631;1227579392;28008448;1374003200;0;0;0;0;0;0;0;0;0;0;0;3557;0;0;130;0;202;0;
20455;7931131;1227579392;28008448;1374003200;0;0;0;0;0;0;0;0;0;0;0;2224;0;0;130;0;202;0;
20456;17088842;1227579392;28028928;1374023680;0;0;0;0;0;0;0;0;0;0;0;3737;0;0;130;0;202;0;
20457;10168026;1227579392;28028928;1374023680;0;0;0;0;0;0;0;0;0;0;0;4488;0;0;130;0;202;0;
20458;7610170;1227579392;28065792;1374060544;0;0;0;0;0;0;0;0;0;0;0;3557;0;0;130;0;202;0;
20459;9056241;1227579392;28065792;1374060544;0;0;0;0;0;0;0;0;0;0;0;4148;0;0;130;0;202;0;
20460;8092835;1227579392;28065792;1374060544;0;0;0;0;0;0;0;0;0;0;0;3527;0;0;130;0;202;0;
20461;12366718;1227579392;28065792;1374060544;0;0;0;0;0;0;0;0;0;0;0;4117;0;0;130;0;202;0;
20462;8168937;1227579392;28065792;1374060544;0;0;0;0;0;0;0;0;0;0;0;5350;0;0;130;0;202;0;
20463;10880912;1227579392;28065792;1374060544;0;0;0;0;0;0;0;0;0;0;0;3627;0;0;130;0;202;0;
20464;13400136;1227575296;28037120;1374031872;0;0;0;0;0;0;0;0;0;0;0;3897;0;0;130;0;202;0;
20465;16661300;1227575296;28037120;1374031872;0;0;0;0;0;0;0;0;0;0;0;4809;0;0;130;0;202;0;
20466;13096406;1227554816;28016640;1374011392;0;0;0;0;0;0;0;0;0;0;0;4418;0;0;130;0;202;0;
20467;10148269;1227554816;28016640;1374011392;0;0;0;0;0;0;0;0;0;0;0;3697;0;0;130;0;202;0;
20468;10870873;1227550720;28012544;1374007296;0;0;0;0;0;0;0;0;0;0;0;3707;0;0;130;0;202;0;
20469;8863550;1227550720;28012544;1374007296;0;0;0;0;0;0;0;0;0;0;0;2605;0;0;130;0;202;0;
20470;9183139;1227550720;28012544;1374007296;0;0;0;0;0;0;0;0;0;0;0;137788;0;0;130;0;202;0;
20471;8337824;1227550720;28012544;1374007296;0;0;0;0;0;0;0;0;0;0;0;2975;0;0;130;0;202;0;
20472;11055530;1227550720;28016640;1374011392;0;0;0;0;0;0;0;0;0;0;0;5310;0;0;130;0;202;0;
20473;10919585;1227550720;28016640;1374011392;0;0;0;0;0;0;0;0;0;0;0;4599;0;0;130;0;202;0;
20474;6102753;1227550720;28016640;1374011392;0;0;0;0;0;0;0;0;0;0;0;3997;0;0;130;0;202;0;
20475;12679254;1227550720;28016640;1374011392;0;0;0;0;0;0;0;0;0;0;0;3276;0;0;130;0;202;0;
20476;10116620;1227550720;28016640;1374011392;0;0;0;0;0;0;0;0;0;0;0;4458;0;0;130;0;202;0;
20477;14126138;1227550720;28016640;1374011392;0;0;0;0;0;0;0;0;0;0;0;3837;0;0;130;0;202;0;
20478;10702127;1227550720;28012544;1374007296;0;0;0;0;0;0;0;0;0;0;0;3697;0;0;130;0;202;0;
20479;8553238;1227550720;28012544;1374007296;0;0;0;0;0;0;0;0;0;0;0;4518;0;0;130;0;202;0;
20480;8156985;1227550720;28012544;1374007296;0;0;0;0;0;0;0;0;0;0;0;3717;0;0;130;0;202;0;
20481;11997035;1227550720;28012544;1374007296;0;0;0;0;0;0;0;0;0;0;0;3727;0;0;130;0;202;0;
20482;11059437;1227550720;28012544;1374007296;0;0;0;0;0;0;0;0;0;0;0;4168;0;0;130;0;202;0;
20483;9897478;1227550720;28012544;1374007296;0;0;0;0;0;0;0;0;0;0;0;3737;0;0;130;0;202;0;
20484;7741526;1227550720;28012544;1374007296;0;0;0;0;0;0;0;0;0;0;0;4177;0;0;130;0;202;0;
20485;8235943;1227550720;28012544;1374007296;0;0;0;0;0;0;0;0;0;0;0;3757;0;0;130;0;202;0;
20486;7729443;1227550720;28012544;1374007296;0;0;0;0;0;0;0;0;0;0;0;3677;0;0;130;0;202;0;
20487;7567279;1227550720;28012544;1374007296;0;0;0;0;0;0;0;0;0;0;0;2605;0;0;130;0;202;0;
20488;6287479;1227550720;28012544;1374007296;0;0;0;0;0;0;0;0;0;0;0;3577;0;0;130;0;202;0;
20489;9481037;1227550720;28012544;1374007296;0;0;0;0;0;0;0;0;0;0;0;2796;0;0;130;0;202;0;
20490;7666625;1227550720;28012544;1374007296;0;0;0;0;0;0;0;0;0;0;0;3657;0;0;130;0;202;0;
20491;9477631;1227550720;28012544;1374007296;0;0;0;0;0;0;0;0;0;0;0;3958;0;0;130;0;202;0;
20492;5203426;1227550720;28012544;1374007296;0;0;0;0;0;0;0;0;0;0;0;4319;0;0;130;0;202;0;
20493;8560822;1227550720;28012544;1374007296;0;0;0;0;0;0;0;0;0;0;0;3666;0;0;130;0;202;0;
20494;7855920;1227550720;28012544;1374007296;0;0;0;0;0;0;0;0;0;0;0;3757;0;0;130;0;202;0;
20495;6821701;1227550720;28012544;1374007296;0;0;0;0;0;0;0;0;0;0;0;3387;0;0;130;0;202;0;
20496;7397521;1227550720;28012544;1374007296;0;0;0;0;0;0;0;0;0;0;0;4068;0;0;130;0;202;0;
20497;6681949;1227550720;28012544;1374007296;0;0;0;0;0;0;0;0;0;0;0;3196;0;0;130;0;202;0;
20498;7494703;1227550720;28012544;1374007296;0;0;0;0;0;0;0;0;0;0;0;3416;0;0;130;0;202;0;
20499;8603352;1227550720;28012544;1374007296;0;0;0;0;0;0;0;0;0;0;0;3827;0;0;130;0;202;0;
20500;8805871;1227550720;28012544;1374007296;0;0;0;0;0;0;0;0;0;0;0;4478;0;0;130;0;202;0;
20501;9243182;1227550720;28012544;1374007296;0;0;0;0;0;0;0;0;0;0;0;3788;0;0;130;0;202;0;
20502;7932805;1227550720;28012544;1374007296;0;0;0;0;0;0;0;0;0;0;0;4569;0;0;130;0;202;0;
20503;9318172;1227550720;28012544;1374007296;0;0;0;0;0;0;0;0;0;0;0;4047;0;0;130;0;202;0;
20504;6016471;1227550720;28012544;1374007296;0;0;0;0;0;0;0;0;0;0;0;3647;0;0;130;0;202;0;
20505;6952146;1227550720;28012544;1374007296;0;0;0;0;0;0;0;0;0;0;0;2755;0;0;130;0;202;0;
20506;7096487;1227550720;28012544;1374007296;0;0;0;0;0;0;0;0;0;0;0;3937;0;0;130;0;202;0;
20507;5897549;1227550720;28012544;1374007296;0;0;0;0;0;0;0;0;0;0;0;3056;0;0;130;0;202;0;
20508;7065539;1227550720;28012544;1374007296;0;0;0;0;0;0;0;0;0;0;0;3947;0;0;130;0;202;0;
20509;4544180;1227550720;28012544;1374007296;0;0;0;0;0;0;0;0;0;0;0;2444;0;0;130;0;202;0;
20510;8624421;1227550720;28012544;1374007296;0;0;0;0;0;0;0;0;0;0;0;4899;0;0;130;0;202;0;
20511;5835101;1227550720;28012544;1374007296;0;0;0;0;0;0;0;0;0;0;0;2826;0;0;130;0;202;0;
20512;9665383;1227550720;28012544;1374007296;0;0;0;0;0;0;0;0;0;0;0;5641;0;0;130;0;202;0;
20513;5496606;1227550720;28012544;1374007296;0;0;0;0;0;0;0;0;0;0;0;3737;0;0;130;0;202;0;
20514;7041794;1227550720;28012544;1374007296;0;0;0;0;0;0;0;0;0;0;0;6482;0;0;130;0;202;0;
20515;8147026;1227550720;28012544;1374007296;0;0;0;0;0;0;0;0;0;0;0;2895;0;0;130;0;202;0;
20516;7987987;1227550720;28012544;1374007296;0;0;0;0;0;0;0;0;0;0;0;3697;0;0;130;0;202;0;
20517;7908569;1227550720;28012544;1374007296;0;0;0;0;0;0;0;0;0;0;0;3136;0;0;130;0;202;0;
20518;6239319;1227550720;28012544;1374007296;0;0;0;0;0;0;0;0;0;0;0;4108;0;0;130;0;202;0;
20519;10058160;1227550720;28012544;1374007296;0;0;0;0;0;0;0;0;0;0;0;3416;0;0;130;0;202;0;
20520;4884699;1227550720;28012544;1374007296;0;0;0;0;0;0;0;0;0;0;0;3186;0;0;130;0;202;0;
20521;8654167;1227550720;28012544;1374007296;0;0;0;0;0;0;0;0;0;0;0;3446;0;0;130;0;202;0;
20522;6202219;1227550720;28012544;1374007296;0;0;0;0;0;0;0;0;0;0;0;5210;0;0;130;0;202;0;
20523;6563487;1227550720;28012544;1374007296;0;0;0;0;0;0;0;0;0;0;0;3567;0;0;130;0;202;0;
20524;8358262;1227550720;28012544;1374007296;0;0;0;0;0;0;0;0;0;0;0;7884;0;0;130;0;202;0;
20525;8670638;1227550720;28012544;1374007296;0;0;0;0;0;0;0;0;0;0;0;19837;0;0;130;0;202;0;
20526;4803556;1227550720;28012544;1374007296;0;0;0;0;0;0;0;0;0;0;0;3717;0;0;130;0;202;0;
20527;7355311;1227550720;28012544;1374007296;0;0;0;0;0;0;0;0;0;0;0;3176;0;0;130;0;202;0;
20528;6079750;1227550720;28012544;1374007296;0;0;0;0;0;0;0;0;0;0;0;4558;0;0;130;0;202;0;
20529;9238102;1227550720;28012544;1374007296;0;0;0;0;0;0;0;0;0;0;0;3667;0;0;130;0;202;0;
20530;7326367;1227550720;28012544;1374007296;0;0;0;0;0;0;0;0;0;0;0;4188;0;0;130;0;202;0;
20531;11871290;1227550720;28012544;1374007296;0;0;0;0;0;0;0;0;0;0;0;6131;0;0;130;0;202;0;
20532;6544472;1227550720;28012544;1374007296;0;0;0;0;0;0;0;0;0;0;0;3997;0;0;130;0;202;0;
20533;7744191;1227550720;28012544;1374007296;0;0;0;0;0;0;0;0;0;0;0;3317;0;0;130;0;202;0;
20534;7091417;1227550720;28012544;1374007296;0;0;0;0;0;0;0;0;0;0;0;3156;0;0;130;0;202;0;
20535;8621556;1227550720;28012544;1374007296;0;0;0;0;0;0;0;0;0;0;0;3808;0;0;130;0;202;0;
20536;7817579;1227550720;28012544;1374007296;0;0;0;0;0;0;0;0;0;0;0;3647;0;0;130;0;202;0;
20537;5774387;1227550720;28012544;1374007296;0;0;0;0;0;0;0;0;0;0;0;2705;0;0;130;0;202;0;
20538;9182007;1227550720;28012544;1374007296;0;0;0;0;0;0;0;0;0;0;0;3757;0;0;130;0;202;0;
20539;6970060;1227550720;28012544;1374007296;0;0;0;0;0;0;0;0;0;0;0;3777;0;0;130;0;202;0;
20540;7475617;1227550720;28012544;1374007296;0;0;0;0;0;0;0;0;0;0;0;4809;0;0;130;0;202;0;
20541;7807349;1227550720;28012544;1374007296;0;0;0;0;0;0;0;0;0;0;0;3387;0;0;130;0;202;0;
20542;9585553;1227550720;28012544;1374007296;0;0;0;0;0;0;0;0;0;0;0;5019;0;0;130;0;202;0;
20543;7187467;1227550720;28012544;1374007296;0;0;0;0;0;0;0;0;0;0;0;4599;0;0;130;0;202;0;
20544;8168236;1227550720;28012544;1374007296;0;0;0;0;0;0;0;0;0;0;0;4479;0;0;130;0;202;0;
20545;10202720;1227550720;28012544;1374007296;0;0;0;0;0;0;0;0;0;0;0;2796;0;0;130;0;202;0;
20546;8905087;1227550720;28012544;1374007296;0;0;0;0;0;0;0;0;0;0;0;3307;0;0;130;0;202;0;
20547;8319069;1227550720;28012544;1374007296;0;0;0;0;0;0;0;0;0;0;0;3316;0;0;130;0;202;0;
20548;8255990;1227550720;28012544;1374007296;0;0;0;0;0;0;0;0;0;0;0;3436;0;0;130;0;202;0;
20549;9893231;1227550720;28012544;1374007296;0;0;0;0;0;0;0;0;0;0;0;4448;0;0;130;0;202;0;
20550;6967996;1227550720;28012544;1374007296;0;0;0;0;0;0;0;0;0;0;0;3757;0;0;130;0;202;0;
20551;8928100;1227550720;28012544;1374007296;0;0;0;0;0;0;0;0;0;0;0;3136;0;0;130;0;202;0;
20552;5746305;1227550720;28012544;1374007296;0;0;0;0;0;0;0;0;0;0;0;3858;0;0;130;0;202;0;
20553;7914700;1227550720;28012544;1374007296;0;0;0;0;0;0;0;0;0;0;0;4118;0;0;130;0;202;0;
20554;5525270;1227550720;28012544;1374007296;0;0;0;0;0;0;0;0;0;0;0;3817;0;0;130;0;202;0;
20555;5889203;1227550720;28012544;1374007296;0;0;0;0;0;0;0;0;0;0;0;2976;0;0;130;0;202;0;
20556;8797326;1227550720;28012544;1374007296;0;0;0;0;0;0;0;0;0;0;0;4538;0;0;130;0;202;0;
20557;11059978;1227550720;28012544;1374007296;0;0;0;0;0;0;0;0;0;0;0;3317;0;0;130;0;202;0;
20558;6744576;1227550720;28012544;1374007296;0;0;0;0;0;0;0;0;0;0;0;4358;0;0;130;0;202;0;
20559;8362701;1227550720;28012544;1374007296;0;0;0;0;0;0;0;0;0;0;0;3226;0;0;130;0;202;0;
20560;9707952;1227550720;28012544;1374007296;0;0;0;0;0;0;0;0;0;0;0;3968;0;0;130;0;202;0;
20561;11248872;1227550720;28012544;1374007296;0;0;0;0;0;0;0;0;0;0;0;3837;0;0;130;0;202;0;
20562;6487735;1227550720;28012544;1374007296;0;0;0;0;0;0;0;0;0;0;0;3957;0;0;130;0;202;0;
20563;11466310;1227550720;28012544;1374007296;0;0;0;0;0;0;0;0;0;0;0;5170;0;0;130;0;202;0;
20564;5381961;1227550720;28012544;1374007296;0;0;0;0;0;0;0;0;0;0;0;3947;0;0;130;0;202;0;
20565;9455419;1227550720;28012544;1374007296;0;0;0;0;0;0;0;0;0;0;0;3938;0;0;130;0;202;0;
20566;9424511;1227550720;28012544;1374007296;0;0;0;0;0;0;0;0;0;0;0;6943;0;0;130;0;202;0;
20567;11210109;1227550720;28012544;1374007296;0;0;0;0;0;0;0;0;0;0;0;3837;0;0;130;0;202;0;
20568;6866325;1227550720;28012544;1374007296;0;0;0;0;0;0;0;0;0;0;0;4068;0;0;130;0;202;0;
20569;8168496;1227550720;28012544;1374007296;0;0;0;0;0;0;0;0;0;0;0;2595;0;0;130;0;202;0;
20570;9163853;1227550720;28012544;1374007296;0;0;0;0;0;0;0;0;0;0;0;4809;0;0;130;0;202;0;
20571;9802891;1227550720;28012544;1374007296;0;0;0;0;0;0;0;0;0;0;0;3006;0;0;130;0;202;0;
20572;6002235;1227550720;28012544;1374007296;0;0;0;0;0;0;0;0;0;0;0;4098;0;0;130;0;202;0;
20573;8035126;1227550720;28012544;1374007296;0;0;0;0;0;0;0;0;0;0;0;2575;0;0;130;0;202;0;
20574;9675271;1227550720;28012544;1374007296;0;0;0;0;0;0;0;0;0;0;0;3386;0;0;130;0;202;0;
20575;8078819;1227550720;28012544;1374007296;0;0;0;0;0;0;0;0;0;0;0;3266;0;0;130;0;202;0;
20576;6364754;1227550720;28012544;1374007296;0;0;0;0;0;0;0;0;0;0;0;3657;0;0;130;0;202;0;
20577;10785904;1227550720;28012544;1374007296;0;0;0;0;0;0;0;0;0;0;0;4017;0;0;130;0;202;0;
20578;8966673;1227550720;28012544;1374007296;0;0;0;0;0;0;0;0;0;0;0;3857;0;0;130;0;202;0;
20579;10991229;1227550720;28012544;1374007296;0;0;0;0;0;0;0;0;0;0;0;3807;0;0;130;0;202;0;
20580;8411101;1227550720;28012544;1374007296;0;0;0;0;0;0;0;0;0;0;0;3817;0;0;130;0;202;0;
20581;10100710;1227550720;28012544;1374007296;0;0;0;0;0;0;0;0;0;0;0;4719;0;0;130;0;202;0;
20582;5621491;1227550720;28012544;1374007296;0;0;0;0;0;0;0;0;0;0;0;5120;0;0;130;0;202;0;
20583;9936491;1227550720;28012544;1374007296;0;0;0;0;0;0;0;0;0;0;0;4389;0;0;130;0;202;0;
20584;5477391;1227550720;28012544;1374007296;0;0;0;0;0;0;0;0;0;0;0;10189;0;0;130;0;202;0;
20585;7595192;1227550720;28012544;1374007296;0;0;0;0;0;0;0;0;0;0;0;450575;0;0;130;0;202;0;
20586;4973866;1227550720;28016640;1374011392;0;0;0;0;0;0;0;0;0;0;0;3557;0;0;130;0;202;0;
20587;9104912;1227550720;28016640;1374011392;0;0;0;0;0;0;0;0;0;0;0;3006;0;0;130;0;202;0;
20588;6285035;1227550720;28016640;1374011392;0;0;0;0;0;0;0;0;0;0;0;3757;0;0;130;0;202;0;
20589;7024511;1227550720;28016640;1374011392;0;0;0;0;0;0;0;0;0;0;0;4158;0;0;130;0;202;0;
20590;5551089;1227550720;28016640;1374011392;0;0;0;0;0;0;0;0;0;0;0;3507;0;0;130;0;202;0;
20591;7366673;1227550720;28016640;1374011392;0;0;0;0;0;0;0;0;0;0;0;4458;0;0;130;0;202;0;
20592;5017398;1227550720;28012544;1374007296;0;0;0;0;0;0;0;0;0;0;0;7074;0;0;130;0;202;0;
20593;8364684;1227550720;28012544;1374007296;0;0;0;0;0;0;0;0;0;0;0;3497;0;0;130;0;202;0;
20594;4391344;1227550720;28012544;1374007296;0;0;0;0;0;0;0;0;0;0;0;3637;0;0;130;0;202;0;
20595;9357345;1227550720;28012544;1374007296;0;0;0;0;0;0;0;0;0;0;0;3817;0;0;130;0;202;0;
20596;5197235;1227550720;28012544;1374007296;0;0;0;0;0;0;0;0;0;0;0;3997;0;0;130;0;202;0;
20597;8975309;1227550720;28012544;1374007296;0;0;0;0;0;0;0;0;0;0;0;4709;0;0;130;0;202;0;
20598;6924474;1227550720;28012544;1374007296;0;0;0;0;0;0;0;0;0;0;0;4128;0;0;130;0;202;0;
20599;9464596;1227550720;28012544;1374007296;0;0;0;0;0;0;0;0;0;0;0;4658;0;0;130;0;202;0;
20600;11414764;1227546624;28008448;1374003200;0;0;0;0;0;0;0;0;0;0;0;4389;0;0;130;0;202;0;
20601;8573175;1227546624;28008448;1374003200;0;0;0;0;0;0;0;0;0;0;0;3256;0;0;130;0;202;0;
20602;10569949;1227546624;28008448;1374003200;0;0;0;0;0;0;0;0;0;0;0;3267;0;0;130;0;202;0;
20603;7083622;1227546624;28008448;1374003200;0;0;0;0;0;0;0;0;0;0;0;3206;0;0;130;0;202;0;
20604;9450360;1227546624;28008448;1374003200;0;0;0;0;0;0;0;0;0;0;0;4058;0;0;130;0;202;0;
20605;6854513;1227546624;28008448;1374003200;0;0;0;0;0;0;0;0;0;0;0;4097;0;0;130;0;202;0;
20606;16408006;1227546624;28008448;1374003200;0;0;0;0;0;0;0;0;0;0;0;4689;0;0;130;0;202;0;
20607;8919074;1227546624;28008448;1374003200;0;0;0;0;0;0;0;0;0;0;0;4017;0;0;130;0;202;0;
20608;7419442;1227546624;28024832;1374019584;0;0;0;0;0;0;0;0;0;0;0;5541;0;0;130;0;202;0;
20609;5861832;1227546624;28024832;1374019584;0;0;0;0;0;0;0;0;0;0;0;3096;0;0;130;0;202;0;
20610;15985244;1227546624;28024832;1374019584;0;0;0;0;0;0;0;0;0;0;0;2905;0;0;130;0;202;0;
20611;9310738;1227546624;28024832;1374019584;0;0;0;0;0;0;0;0;0;0;0;4087;0;0;130;0;202;0;
20612;8970059;1227546624;28024832;1374019584;0;0;0;0;0;0;0;0;0;0;0;3707;0;0;130;0;202;0;
20613;9500735;1227546624;28024832;1374019584;0;0;0;0;0;0;0;0;0;0;0;2765;0;0;130;0;202;0;
20614;4602499;1227558912;28020736;1374015488;0;0;0;0;0;0;0;0;0;0;0;3657;0;0;130;0;202;0;
20615;9410104;1227558912;28020736;1374015488;0;0;0;0;0;0;0;0;0;0;0;3817;0;0;130;0;202;0;
20616;6305724;1227558912;28020736;1374015488;0;0;0;0;0;0;0;0;0;0;0;4779;0;0;130;0;202;0;
20617;10113984;1227558912;28020736;1374015488;0;0;0;0;0;0;0;0;0;0;0;3597;0;0;130;0;202;0;
20618;4845605;1227546624;28008448;1374003200;0;0;0;0;0;0;0;0;0;0;0;4438;0;0;130;0;202;0;
20619;8506220;1227546624;28008448;1374003200;0;0;0;0;0;0;0;0;0;0;0;4439;0;0;130;0;202;0;
20620;3831204;1227546624;28008448;1374003200;0;0;0;0;0;0;0;0;0;0;0;4178;0;0;130;0;202;0;
20621;7185032;1227546624;28008448;1374003200;0;0;0;0;0;0;0;0;0;0;0;3787;0;0;130;0;202;0;
20622;5482670;1227546624;28008448;1374003200;0;0;0;0;0;0;0;0;0;0;0;3206;0;0;130;0;202;0;
20623;10566503;1227546624;28008448;1374003200;0;0;0;0;0;0;0;0;0;0;0;3446;0;0;130;0;202;0;
20624;6284304;1227546624;28008448;1374003200;0;0;0;0;0;0;0;0;0;0;0;4329;0;0;130;0;202;0;
20625;9678999;1227546624;28008448;1374003200;0;0;0;0;0;0;0;0;0;0;0;4207;0;0;130;0;202;0;
20626;5954004;1227546624;28008448;1374003200;0;0;0;0;0;0;0;0;0;0;0;3798;0;0;130;0;202;0;
20627;10048451;1227546624;28008448;1374003200;0;0;0;0;0;0;0;0;0;0;0;4278;0;0;130;0;202;0;
20628;5186074;1227546624;28008448;1374003200;0;0;0;0;0;0;0;0;0;0;0;3777;0;0;130;0;202;0;
20629;11189110;1227546624;28008448;1374003200;0;0;0;0;0;0;0;0;0;0;0;3366;0;0;130;0;202;0;
20630;5462904;1227546624;28008448;1374003200;0;0;0;0;0;0;0;0;0;0;0;4378;0;0;130;0;202;0;
20631;8447670;1227546624;28008448;1374003200;0;0;0;0;0;0;0;0;0;0;0;4138;0;0;130;0;202;0;
20632;4721312;1227546624;28008448;1374003200;0;0;0;0;0;0;0;0;0;0;0;3717;0;0;130;0;202;0;
20633;9649353;1227546624;28008448;1374003200;0;0;0;0;0;0;0;0;0;0;0;4378;0;0;130;0;202;0;
20634;4662383;1227546624;28008448;1374003200;0;0;0;0;0;0;0;0;0;0;0;4127;0;0;130;0;202;0;
20635;8906850;1227546624;28008448;1374003200;0;0;0;0;0;0;0;0;0;0;0;10119;0;0;130;0;202;0;
20636;4322585;1227546624;28008448;1374003200;0;0;0;0;0;0;0;0;0;0;0;3707;0;0;130;0;202;0;
20637;8428183;1227546624;28008448;1374003200;0;0;0;0;0;0;0;0;0;0;0;3907;0;0;130;0;202;0;
20638;4558468;1227546624;28008448;1374003200;0;0;0;0;0;0;0;0;0;0;0;4468;0;0;130;0;202;0;
20639;6473208;1227546624;28008448;1374003200;0;0;0;0;0;0;0;0;0;0;0;3106;0;0;130;0;202;0;
20640;4257373;1227546624;28008448;1374003200;0;0;0;0;0;0;0;0;0;0;0;3547;0;0;130;0;202;0;
20641;7837906;1227546624;28008448;1374003200;0;0;0;0;0;0;0;0;0;0;0;4128;0;0;130;0;202;0;
20642;5906405;1227546624;28008448;1374003200;0;0;0;0;0;0;0;0;0;0;0;3397;0;0;130;0;202;0;
20643;7076449;1227546624;28008448;1374003200;0;0;0;0;0;0;0;0;0;0;0;2905;0;0;130;0;202;0;
20644;6955882;1227546624;28008448;1374003200;0;0;0;0;0;0;0;0;0;0;0;3486;0;0;130;0;202;0;
20645;9232341;1227546624;28008448;1374003200;0;0;0;0;0;0;0;0;0;0;0;5240;0;0;130;0;202;0;
20646;4236193;1227546624;28008448;1374003200;0;0;0;0;0;0;0;0;0;0;0;3627;0;0;130;0;202;0;
20647;8576982;1227546624;28008448;1374003200;0;0;0;0;0;0;0;0;0;0;0;3877;0;0;130;0;202;0;
20648;4958197;1227546624;28008448;1374003200;0;0;0;0;0;0;0;0;0;0;0;5530;0;0;130;0;202;0;
20649;7153122;1227546624;28008448;1374003200;0;0;0;0;0;0;0;0;0;0;0;3096;0;0;130;0;202;0;
20650;6450996;1227546624;28008448;1374003200;0;0;0;0;0;0;0;0;0;0;0;3827;0;0;130;0;202;0;
20651;9452965;1227546624;28008448;1374003200;0;0;0;0;0;0;0;0;0;0;0;3587;0;0;130;0;202;0;
20652;4841898;1227546624;28008448;1374003200;0;0;0;0;0;0;0;0;0;0;0;5490;0;0;130;0;202;0;
20653;7865769;1227546624;28008448;1374003200;0;0;0;0;0;0;0;0;0;0;0;3587;0;0;130;0;202;0;
20654;5117646;1227546624;28008448;1374003200;0;0;0;0;0;0;0;0;0;0;0;3647;0;0;130;0;202;0;
20655;6054002;1227546624;28008448;1374003200;0;0;0;0;0;0;0;0;0;0;0;4358;0;0;130;0;202;0;
20656;6716654;1227546624;28008448;1374003200;0;0;0;0;0;0;0;0;0;0;0;3497;0;0;130;0;202;0;
20657;9135259;1227546624;28008448;1374003200;0;0;0;0;0;0;0;0;0;0;0;4238;0;0;130;0;202;0;
20658;5199349;1227546624;28008448;1374003200;0;0;0;0;0;0;0;0;0;0;0;4188;0;0;130;0;202;0;
20659;6823595;1227546624;28008448;1374003200;0;0;0;0;0;0;0;0;0;0;0;4418;0;0;130;0;202;0;
20660;5497157;1227546624;28008448;1374003200;0;0;0;0;0;0;0;0;0;0;0;4629;0;0;130;0;202;0;
20661;8729758;1227546624;28008448;1374003200;0;0;0;0;0;0;0;0;0;0;0;2805;0;0;130;0;202;0;
20662;6883437;1227546624;28008448;1374003200;0;0;0;0;0;0;0;0;0;0;0;3166;0;0;130;0;202;0;
20663;8014457;1227546624;28008448;1374003200;0;0;0;0;0;0;0;0;0;0;0;2955;0;0;130;0;202;0;
20664;4857057;1227546624;28008448;1374003200;0;0;0;0;0;0;0;0;0;0;0;4027;0;0;130;0;202;0;
20665;6543910;1227546624;28008448;1374003200;0;0;0;0;0;0;0;0;0;0;0;4158;0;0;130;0;202;0;
20666;6808686;1227546624;28008448;1374003200;0;0;0;0;0;0;0;0;0;0;0;3436;0;0;130;0;202;0;
20667;6977523;1227546624;28008448;1374003200;0;0;0;0;0;0;0;0;0;0;0;2695;0;0;130;0;202;0;
20668;6539452;1227546624;28008448;1374003200;0;0;0;0;0;0;0;0;0;0;0;4007;0;0;130;0;202;0;
20669;5390167;1227546624;28008448;1374003200;0;0;0;0;0;0;0;0;0;0;0;2524;0;0;130;0;202;0;
20670;8822522;1227546624;28008448;1374003200;0;0;0;0;0;0;0;0;0;0;0;3387;0;0;130;0;202;0;
20671;7859267;1227546624;28008448;1374003200;0;0;0;0;0;0;0;0;0;0;0;3206;0;0;130;0;202;0;
20672;5070537;1227546624;28008448;1374003200;0;0;0;0;0;0;0;0;0;0;0;3206;0;0;130;0;202;0;
20673;6493286;1227546624;28008448;1374003200;0;0;0;0;0;0;0;0;0;0;0;2245;0;0;130;0;202;0;
20674;7050981;1227546624;28008448;1374003200;0;0;0;0;0;0;0;0;0;0;0;4629;0;0;130;0;202;0;
20675;6331051;1227546624;28008448;1374003200;0;0;0;0;0;0;0;0;0;0;0;1944;0;0;130;0;202;0;
20676;7766131;1227546624;28008448;1374003200;0;0;0;0;0;0;0;0;0;0;0;3116;0;0;130;0;202;0;
20677;6856577;1227546624;28008448;1374003200;0;0;0;0;0;0;0;0;0;0;0;2394;0;0;130;0;202;0;
20678;3759099;1227546624;28008448;1374003200;0;0;0;0;0;0;0;0;0;0;0;3757;0;0;130;0;202;0;
20679;6248977;1227546624;28008448;1374003200;0;0;0;0;0;0;0;0;0;0;0;2345;0;0;130;0;202;0;
20680;5881669;1227546624;28008448;1374003200;0;0;0;0;0;0;0;0;0;0;0;3567;0;0;130;0;202;0;
20681;6354926;1227546624;28008448;1374003200;0;0;0;0;0;0;0;0;0;0;0;2184;0;0;130;0;202;0;
20682;4815950;1227546624;28008448;1374003200;0;0;0;0;0;0;0;0;0;0;0;3357;0;0;130;0;202;0;
20683;6315542;1227546624;28008448;1374003200;0;0;0;0;0;0;0;0;0;0;0;2665;0;0;130;0;202;0;
20684;6448922;1227546624;28008448;1374003200;0;0;0;0;0;0;0;0;0;0;0;3696;0;0;130;0;202;0;
20685;6616967;1227546624;28008448;1374003200;0;0;0;0;0;0;0;0;0;0;0;1974;0;0;130;0;202;0;
20686;4501330;1227546624;28008448;1374003200;0;0;0;0;0;0;0;0;0;0;0;3607;0;0;130;0;202;0;
20687;5808852;1227546624;28008448;1374003200;0;0;0;0;0;0;0;0;0;0;0;2976;0;0;130;0;202;0;
20688;6715322;1227546624;28008448;1374003200;0;0;0;0;0;0;0;0;0;0;0;3496;0;0;130;0;202;0;
20689;5649392;1227546624;28008448;1374003200;0;0;0;0;0;0;0;0;0;0;0;2795;0;0;130;0;202;0;
20690;6095018;1227546624;28008448;1374003200;0;0;0;0;0;0;0;0;0;0;0;4228;0;0;130;0;202;0;
20691;7089824;1227546624;28008448;1374003200;0;0;0;0;0;0;0;0;0;0;0;3787;0;0;130;0;202;0;
20692;4519073;1227546624;28008448;1374003200;0;0;0;0;0;0;0;0;0;0;0;4408;0;0;130;0;202;0;
20693;6310803;1227546624;28008448;1374003200;0;0;0;0;0;0;0;0;0;0;0;2665;0;0;130;0;202;0;
20694;4847209;1227546624;28008448;1374003200;0;0;0;0;0;0;0;0;0;0;0;3466;0;0;130;0;202;0;
20695;5498470;1227546624;28008448;1374003200;0;0;0;0;0;0;0;0;0;0;0;2054;0;0;130;0;202;0;
20696;5001498;1227546624;28008448;1374003200;0;0;0;0;0;0;0;0;0;0;0;4338;0;0;130;0;202;0;
20697;7270873;1227546624;28008448;1374003200;0;0;0;0;0;0;0;0;0;0;0;2575;0;0;130;0;202;0;
20698;4579396;1227546624;28008448;1374003200;0;0;0;0;0;0;0;0;0;0;0;4198;0;0;130;0;202;0;
20699;5783033;1227546624;28008448;1374003200;0;0;0;0;0;0;0;0;0;0;0;2374;0;0;130;0;202;0;
20700;4644389;1227546624;28008448;1374003200;0;0;0;0;0;0;0;0;0;0;0;3316;0;0;130;0;202;0;
20701;7455339;1227546624;28008448;1374003200;0;0;0;0;0;0;0;0;0;0;0;2064;0;0;130;0;202;0;
20702;5560747;1227546624;28008448;1374003200;0;0;0;0;0;0;0;0;0;0;0;4528;0;0;130;0;202;0;
20703;7597777;1227546624;28008448;1374003200;0;0;0;0;0;0;0;0;0;0;0;4118;0;0;130;0;202;0;
20704;4043441;1227546624;28008448;1374003200;0;0;0;0;0;0;0;0;0;0;0;3196;0;0;130;0;202;0;
20705;8365616;1227546624;28008448;1374003200;0;0;0;0;0;0;0;0;0;0;0;2525;0;0;130;0;202;0;
20706;6773150;1227546624;28008448;1374003200;0;0;0;0;0;0;0;0;0;0;0;3497;0;0;130;0;202;0;
20707;8757912;1227546624;28008448;1374003200;0;0;0;0;0;0;0;0;0;0;0;4639;0;0;130;0;202;0;
20708;5980935;1227546624;28008448;1374003200;0;0;0;0;0;0;0;0;0;0;0;3366;0;0;130;0;202;0;
20709;6100058;1227546624;28008448;1374003200;0;0;0;0;0;0;0;0;0;0;0;3136;0;0;130;0;202;0;
20710;7843217;1227546624;28008448;1374003200;0;0;0;0;0;0;0;0;0;0;0;3547;0;0;130;0;202;0;
20711;8745248;1227546624;28008448;1374003200;0;0;0;0;0;0;0;0;0;0;0;2695;0;0;130;0;202;0;
20712;4693862;1227546624;28008448;1374003200;0;0;0;0;0;0;0;0;0;0;0;3807;0;0;130;0;202;0;
20713;9421786;1227546624;28008448;1374003200;0;0;0;0;0;0;0;0;0;0;0;2165;0;0;130;0;202;0;
20714;4408606;1227546624;28008448;1374003200;0;0;0;0;0;0;0;0;0;0;0;4227;0;0;130;0;202;0;
20715;7160356;1227546624;28008448;1374003200;0;0;0;0;0;0;0;0;0;0;0;2294;0;0;130;0;202;0;
20716;4745438;1227546624;28008448;1374003200;0;0;0;0;0;0;0;0;0;0;0;3837;0;0;130;0;202;0;
20717;6707927;1227546624;28008448;1374003200;0;0;0;0;0;0;0;0;0;0;0;2204;0;0;130;0;202;0;
20718;8101691;1227546624;28008448;1374003200;0;0;0;0;0;0;0;0;0;0;0;4358;0;0;130;0;202;0;
20719;6840727;1227546624;28008448;1374003200;0;0;0;0;0;0;0;0;0;0;0;3797;0;0;130;0;202;0;
20720;6035928;1227546624;28008448;1374003200;0;0;0;0;0;0;0;0;0;0;0;4268;0;0;130;0;202;0;
20721;8971191;1227546624;28008448;1374003200;0;0;0;0;0;0;0;0;0;0;0;3567;0;0;130;0;202;0;
20722;4036199;1227546624;28008448;1374003200;0;0;0;0;0;0;0;0;0;0;0;3256;0;0;130;0;202;0;
20723;9516915;1227546624;28008448;1374003200;0;0;0;0;0;0;0;0;0;0;0;4458;0;0;130;0;202;0;
20724;5035943;1227546624;28008448;1374003200;0;0;0;0;0;0;0;0;0;0;0;3626;0;0;130;0;202;0;
20725;9986214;1227546624;28008448;1374003200;0;0;0;0;0;0;0;0;0;0;0;4038;0;0;130;0;202;0;
20726;7305368;1227546624;28008448;1374003200;0;0;0;0;0;0;0;0;0;0;0;4238;0;0;130;0;202;0;
20727;9088812;1227546624;28008448;1374003200;0;0;0;0;0;0;0;0;0;0;0;3577;0;0;130;0;202;0;
20728;8713398;1227546624;28008448;1374003200;0;0;0;0;0;0;0;0;0;0;0;4278;0;0;130;0;202;0;
20729;8830548;1227546624;28008448;1374003200;0;0;0;0;0;0;0;0;0;0;0;2184;0;0;130;0;202;0;
20730;7681474;1227546624;28008448;1374003200;0;0;0;0;0;0;0;0;0;0;0;4238;0;0;130;0;202;0;
20731;7768777;1227546624;28008448;1374003200;0;0;0;0;0;0;0;0;0;0;0;4378;0;0;130;0;202;0;
20732;7545398;1227546624;28008448;1374003200;0;0;0;0;0;0;0;0;0;0;0;4398;0;0;130;0;202;0;
20733;8177152;1227546624;28008448;1374003200;0;0;0;0;0;0;0;0;0;0;0;3767;0;0;130;0;202;0;
20734;7261305;1227546624;28008448;1374003200;0;0;0;0;0;0;0;0;0;0;0;3867;0;0;130;0;202;0;
20735;7710047;1227546624;28008448;1374003200;0;0;0;0;0;0;0;0;0;0;0;2976;0;0;130;0;202;0;
20736;7955557;1227546624;28008448;1374003200;0;0;0;0;0;0;0;0;0;0;0;4408;0;0;130;0;202;0;
20737;9499232;1227546624;28008448;1374003200;0;0;0;0;0;0;0;0;0;0;0;4439;0;0;130;0;202;0;
20738;6210354;1227546624;28008448;1374003200;0;0;0;0;0;0;0;0;0;0;0;4078;0;0;130;0;202;0;
20739;14317235;1227546624;28008448;1374003200;0;0;0;0;0;0;0;0;0;0;0;4118;0;0;130;0;202;0;
20740;4483337;1227546624;28008448;1374003200;0;0;0;0;0;0;0;0;0;0;0;4979;0;0;130;0;202;0;
20741;8132869;1227546624;28008448;1374003200;0;0;0;0;0;0;0;0;0;0;0;3747;0;0;130;0;202;0;
20742;4646222;1227546624;28008448;1374003200;0;0;0;0;0;0;0;0;0;0;0;4739;0;0;130;0;202;0;
20743;9641288;1227546624;28008448;1374003200;0;0;0;0;0;0;0;0;0;0;0;4369;0;0;130;0;202;0;
20744;5485145;1227546624;28008448;1374003200;0;0;0;0;0;0;0;0;0;0;0;3717;0;0;130;0;202;0;
20745;6062387;1227546624;28008448;1374003200;0;0;0;0;0;0;0;0;0;0;0;2765;0;0;130;0;202;0;
20746;7955858;1227546624;28008448;1374003200;0;0;0;0;0;0;0;0;0;0;0;6252;0;0;130;0;202;0;
20747;6210865;1227546624;28008448;1374003200;0;0;0;0;0;0;0;0;0;0;0;3807;0;0;130;0;202;0;
20748;8540674;1227546624;28008448;1374003200;0;0;0;0;0;0;0;0;0;0;0;3967;0;0;130;0;202;0;
20749;6765786;1227546624;28008448;1374003200;0;0;0;0;0;0;0;0;0;0;0;2565;0;0;130;0;202;0;
20750;7285330;1227546624;28008448;1374003200;0;0;0;0;0;0;0;0;0;0;0;4038;0;0;130;0;202;0;
20751;8901651;1227546624;28008448;1374003200;0;0;0;0;0;0;0;0;0;0;0;3918;0;0;130;0;202;0;
20752;8244158;1227546624;28008448;1374003200;0;0;0;0;0;0;0;0;0;0;0;6592;0;0;130;0;202;0;
20753;9053486;1227546624;28008448;1374003200;0;0;0;0;0;0;0;0;0;0;0;3446;0;0;130;0;202;0;
20754;5802380;1227546624;28008448;1374003200;0;0;0;0;0;0;0;0;0;0;0;3626;0;0;130;0;202;0;
20755;7429821;1227546624;28008448;1374003200;0;0;0;0;0;0;0;0;0;0;0;2775;0;0;130;0;202;0;
20756;7763637;1227546624;28008448;1374003200;0;0;0;0;0;0;0;0;0;0;0;3727;0;0;130;0;202;0;
20757;11039811;1227546624;28008448;1374003200;0;0;0;0;0;0;0;0;0;0;0;3918;0;0;130;0;202;0;
20758;4183324;1227546624;28008448;1374003200;0;0;0;0;0;0;0;0;0;0;0;3837;0;0;130;0;202;0;
20759;10009027;1227546624;28008448;1374003200;0;0;0;0;0;0;0;0;0;0;0;3837;0;0;130;0;202;0;
20760;5009152;1227546624;28008448;1374003200;0;0;0;0;0;0;0;0;0;0;0;3667;0;0;130;0;202;0;
20761;8828443;1227546624;28008448;1374003200;0;0;0;0;0;0;0;0;0;0;0;4409;0;0;130;0;202;0;
20762;7336256;1227546624;28008448;1374003200;0;0;0;0;0;0;0;0;0;0;0;3497;0;0;130;0;202;0;
20763;9339101;1227546624;28008448;1374003200;0;0;0;0;0;0;0;0;0;0;0;4028;0;0;130;0;202;0;
20764;4960742;1227546624;28008448;1374003200;0;0;0;0;0;0;0;0;0;0;0;3788;0;0;130;0;202;0;
20765;7140609;1227546624;28008448;1374003200;0;0;0;0;0;0;0;0;0;0;0;3887;0;0;130;0;202;0;
20766;7401618;1227546624;28008448;1374003200;0;0;0;0;0;0;0;0;0;0;0;3958;0;0;130;0;202;0;
20767;6591079;1227546624;28008448;1374003200;0;0;0;0;0;0;0;0;0;0;0;3627;0;0;130;0;202;0;
20768;8143119;1227546624;28008448;1374003200;0;0;0;0;0;0;0;0;0;0;0;3527;0;0;130;0;202;0;
20769;9672256;1227546624;28008448;1374003200;0;0;0;0;0;0;0;0;0;0;0;4087;0;0;130;0;202;0;
20770;13749701;1227546624;28008448;1374003200;0;0;0;0;0;0;0;0;0;0;0;4678;0;0;130;0;202;0;
20771;9515061;1227546624;28008448;1374003200;0;0;0;0;0;0;0;0;0;0;0;3857;0;0;130;0;202;0;
20772;6086743;1227546624;28008448;1374003200;0;0;0;0;0;0;0;0;0;0;0;4258;0;0;130;0;202;0;
20773;11847515;1227546624;28008448;1374003200;0;0;0;0;0;0;0;0;0;0;0;3206;0;0;130;0;202;0;
20774;6077546;1227546624;28008448;1374003200;0;0;0;0;0;0;0;0;0;0;0;3757;0;0;130;0;202;0;
20775;7911093;1227546624;28008448;1374003200;0;0;0;0;0;0;0;0;0;0;0;3647;0;0;130;0;202;0;
20776;4957936;1227546624;28008448;1374003200;0;0;0;0;0;0;0;0;0;0;0;4208;0;0;130;0;202;0;
20777;6100940;1227546624;28008448;1374003200;0;0;0;0;0;0;0;0;0;0;0;2885;0;0;130;0;202;0;
20778;9114170;1227546624;28008448;1374003200;0;0;0;0;0;0;0;0;0;0;0;4869;0;0;130;0;202;0;
20779;6292579;1227546624;28008448;1374003200;0;0;0;0;0;0;0;0;0;0;0;3106;0;0;130;0;202;0;
20780;6538921;1227546624;28008448;1374003200;0;0;0;0;0;0;0;0;0;0;0;3146;0;0;130;0;202;0;
20781;8114204;1227546624;28008448;1374003200;0;0;0;0;0;0;0;0;0;0;0;4117;0;0;130;0;202;0;
20782;6152837;1227546624;28008448;1374003200;0;0;0;0;0;0;0;0;0;0;0;3647;0;0;130;0;202;0;
20783;10489268;1227546624;28008448;1374003200;0;0;0;0;0;0;0;0;0;0;0;4017;0;0;130;0;202;0;
20784;9182919;1227546624;28008448;1374003200;0;0;0;0;0;0;0;0;0;0;0;235502;0;0;130;0;202;0;
20785;9914720;1227546624;28008448;1374003200;0;0;0;0;0;0;0;0;0;0;0;4940;0;0;130;0;202;0;
20786;8612619;1227546624;28012544;1374007296;0;0;0;0;0;0;0;0;0;0;0;4418;0;0;130;0;202;0;
20787;8759294;1227546624;28012544;1374007296;0;0;0;0;0;0;0;0;0;0;0;3968;0;0;130;0;202;0;
20788;5544697;1227546624;28012544;1374007296;0;0;0;0;0;0;0;0;0;0;0;3787;0;0;130;0;202;0;
20789;7591615;1227546624;28012544;1374007296;0;0;0;0;0;0;0;0;0;0;0;3847;0;0;130;0;202;0;
20790;6964349;1227546624;28012544;1374007296;0;0;0;0;0;0;0;0;0;0;0;3417;0;0;130;0;202;0;
20791;8042661;1227546624;28012544;1374007296;0;0;0;0;0;0;0;0;0;0;0;3497;0;0;130;0;202;0;
20792;5050681;1227546624;28012544;1374007296;0;0;0;0;0;0;0;0;0;0;0;4097;0;0;130;0;202;0;
20793;8371878;1227546624;28012544;1374007296;0;0;0;0;0;0;0;0;0;0;0;4128;0;0;130;0;202;0;
20794;7948324;1227546624;28012544;1374007296;0;0;0;0;0;0;0;0;0;0;0;4549;0;0;130;0;202;0;
20795;9585152;1227546624;28012544;1374007296;0;0;0;0;0;0;0;0;0;0;0;4027;0;0;130;0;202;0;
20796;3797701;1227546624;28020736;1374015488;0;0;0;0;0;0;0;0;0;0;0;3737;0;0;130;0;202;0;
20797;11160427;1227546624;28020736;1374015488;0;0;0;0;0;0;0;0;0;0;0;5280;0;0;130;0;202;0;
20798;5784696;1227546624;28020736;1374015488;0;0;0;0;0;0;0;0;0;0;0;3998;0;0;130;0;202;0;
20799;9306670;1227546624;28020736;1374015488;0;0;0;0;0;0;0;0;0;0;0;4158;0;0;130;0;202;0;
20800;4708508;1227546624;28020736;1374015488;0;0;0;0;0;0;0;0;0;0;0;3497;0;0;130;0;202;0;
20801;10339127;1227546624;28020736;1374015488;0;0;0;0;0;0;0;0;0;0;0;3798;0;0;130;0;202;0;
20802;5730174;1227554816;28016640;1374011392;0;0;0;0;0;0;0;0;0;0;0;3336;0;0;130;0;202;0;
20803;7835833;1227554816;28016640;1374011392;0;0;0;0;0;0;0;0;0;0;0;3927;0;0;130;0;202;0;
20804;9581846;1227554816;28024832;1374019584;0;0;0;0;0;0;0;0;0;0;0;3927;0;0;130;0;202;0;
20805;11396840;1227554816;28024832;1374019584;0;0;0;0;0;0;0;0;0;0;0;3937;0;0;130;0;202;0;
20806;7420654;1227554816;28024832;1374019584;0;0;0;0;0;0;0;0;0;0;0;4839;0;0;130;0;202;0;
20807;10447119;1227554816;28024832;1374019584;0;0;0;0;0;0;0;0;0;0;0;3978;0;0;130;0;202;0;
20808;7523296;1227554816;28024832;1374019584;0;0;0;0;0;0;0;0;0;0;0;3857;0;0;130;0;202;0;
20809;12128903;1227554816;28024832;1374019584;0;0;0;0;0;0;0;0;0;0;0;4157;0;0;130;0;202;0;
20810;7984942;1227554816;28024832;1374019584;0;0;0;0;0;0;0;0;0;0;0;3917;0;0;130;0;202;0;
20811;9863455;1227554816;28024832;1374019584;0;0;0;0;0;0;0;0;0;0;0;4548;0;0;130;0;202;0;
20812;6901100;1227554816;28024832;1374019584;0;0;0;0;0;0;0;0;0;0;0;3717;0;0;130;0;202;0;
20813;9178570;1227554816;28024832;1374019584;0;0;0;0;0;0;0;0;0;0;0;4448;0;0;130;0;202;0;
20814;6314520;1227554816;28024832;1374019584;0;0;0;0;0;0;0;0;0;0;0;5550;0;0;130;0;202;0;
20815;10815018;1227554816;28024832;1374019584;0;0;0;0;0;0;0;0;0;0;0;4148;0;0;130;0;202;0;
20816;8976771;1227554816;28024832;1374019584;0;0;0;0;0;0;0;0;0;0;0;4358;0;0;130;0;202;0;
20817;11250896;1227554816;28024832;1374019584;0;0;0;0;0;0;0;0;0;0;0;3547;0;0;130;0;202;0;
20818;8186771;1227554816;28024832;1374019584;0;0;0;0;0;0;0;0;0;0;0;4929;0;0;130;0;202;0;
20819;10347722;1227554816;28024832;1374019584;0;0;0;0;0;0;0;0;0;0;0;3747;0;0;130;0;202;0;
20820;8352161;1227554816;28024832;1374019584;0;0;0;0;0;0;0;0;0;0;0;3297;0;0;130;0;202;0;
20821;10454643;1227554816;28024832;1374019584;0;0;0;0;0;0;0;0;0;0;0;4127;0;0;130;0;202;0;
20822;6679384;1227554816;28024832;1374019584;0;0;0;0;0;0;0;0;0;0;0;2946;0;0;130;0;202;0;
20823;10518984;1227554816;28024832;1374019584;0;0;0;0;0;0;0;0;0;0;0;3566;0;0;130;0;202;0;
20824;7320466;1227554816;28024832;1374019584;0;0;0;0;0;0;0;0;0;0;0;3777;0;0;130;0;202;0;
20825;10834746;1227554816;28024832;1374019584;0;0;0;0;0;0;0;0;0;0;0;3977;0;0;130;0;202;0;
20826;6539682;1227554816;28024832;1374019584;0;0;0;0;0;0;0;0;0;0;0;3947;0;0;130;0;202;0;
20827;9540449;1227554816;28024832;1374019584;0;0;0;0;0;0;0;0;0;0;0;4128;0;0;130;0;202;0;
20828;6532399;1227554816;28024832;1374019584;0;0;0;0;0;0;0;0;0;0;0;3817;0;0;130;0;202;0;
20829;7456041;1227554816;28024832;1374019584;0;0;0;0;0;0;0;0;0;0;0;3637;0;0;130;0;202;0;
20830;9389316;1227554816;28024832;1374019584;0;0;0;0;0;0;0;0;0;0;0;3637;0;0;130;0;202;0;
20831;6542407;1227554816;28024832;1374019584;0;0;0;0;0;0;0;0;0;0;0;3647;0;0;130;0;202;0;
20832;10528562;1227554816;28024832;1374019584;0;0;0;0;0;0;0;0;0;0;0;3777;0;0;130;0;202;0;
20833;8548499;1227554816;28024832;1374019584;0;0;0;0;0;0;0;0;0;0;0;3516;0;0;130;0;202;0;
20834;6844574;1227554816;28024832;1374019584;0;0;0;0;0;0;0;0;0;0;0;3537;0;0;130;0;202;0;
20835;8194425;1227554816;28024832;1374019584;0;0;0;0;0;0;0;0;0;0;0;4679;0;0;130;0;202;0;
20836;7240206;1227554816;28024832;1374019584;0;0;0;0;0;0;0;0;0;0;0;3176;0;0;130;0;202;0;
20837;10762230;1227554816;28024832;1374019584;0;0;0;0;0;0;0;0;0;0;0;3016;0;0;130;0;202;0;
20838;5547712;1227554816;28024832;1374019584;0;0;0;0;0;0;0;0;0;0;0;3968;0;0;130;0;202;0;
20839;9189009;1227554816;28024832;1374019584;0;0;0;0;0;0;0;0;0;0;0;4609;0;0;130;0;202;0;
20840;5590542;1227554816;28024832;1374019584;0;0;0;0;0;0;0;0;0;0;0;4378;0;0;130;0;202;0;
20841;9049718;1227554816;28024832;1374019584;0;0;0;0;0;0;0;0;0;0;0;5130;0;0;130;0;202;0;
20842;7490956;1227554816;28024832;1374019584;0;0;0;0;0;0;0;0;0;0;0;3306;0;0;130;0;202;0;
20843;9265163;1227554816;28024832;1374019584;0;0;0;0;0;0;0;0;0;0;0;3878;0;0;130;0;202;0;
20844;5707572;1227554816;28024832;1374019584;0;0;0;0;0;0;0;0;0;0;0;3677;0;0;130;0;202;0;
20845;7041223;1227554816;28024832;1374019584;0;0;0;0;0;0;0;0;0;0;0;3296;0;0;130;0;202;0;
20846;5859487;1227554816;28024832;1374019584;0;0;0;0;0;0;0;0;0;0;0;3777;0;0;130;0;202;0;
20847;8151144;1227554816;28024832;1374019584;0;0;0;0;0;0;0;0;0;0;0;4649;0;0;130;0;202;0;
20848;7842886;1227554816;28024832;1374019584;0;0;0;0;0;0;0;0;0;0;0;5029;0;0;130;0;202;0;
20849;7914831;1227554816;28024832;1374019584;0;0;0;0;0;0;0;0;0;0;0;3607;0;0;130;0;202;0;
20850;7310838;1227554816;28024832;1374019584;0;0;0;0;0;0;0;0;0;0;0;3626;0;0;130;0;202;0;
20851;7437405;1227554816;28024832;1374019584;0;0;0;0;0;0;0;0;0;0;0;4348;0;0;130;0;202;0;
20852;6248336;1227554816;28024832;1374019584;0;0;0;0;0;0;0;0;0;0;0;3907;0;0;130;0;202;0;
20853;7992516;1227554816;28024832;1374019584;0;0;0;0;0;0;0;0;0;0;0;3466;0;0;130;0;202;0;
20854;7825834;1227554816;28024832;1374019584;0;0;0;0;0;0;0;0;0;0;0;3877;0;0;130;0;202;0;
20855;8505889;1227554816;28024832;1374019584;0;0;0;0;0;0;0;0;0;0;0;3807;0;0;130;0;202;0;
20856;6575509;1227554816;28024832;1374019584;0;0;0;0;0;0;0;0;0;0;0;4648;0;0;130;0;202;0;
20857;9755512;1227554816;28024832;1374019584;0;0;0;0;0;0;0;0;0;0;0;4298;0;0;130;0;202;0;
20858;6392807;1227554816;28028928;1374023680;0;0;0;0;0;0;0;0;0;0;0;3397;0;0;130;0;202;0;
20859;8975680;1227554816;28028928;1374023680;0;0;0;0;0;0;0;0;0;0;0;4378;0;0;130;0;202;0;
20860;5723381;1227554816;28028928;1374023680;0;0;0;0;0;0;0;0;0;0;0;4268;0;0;130;0;202;0;
20861;10722294;1227554816;28028928;1374023680;0;0;0;0;0;0;0;0;0;0;0;4549;0;0;130;0;202;0;
20862;6042410;1227554816;28028928;1374023680;0;0;0;0;0;0;0;0;0;0;0;5360;0;0;130;0;202;0;
20863;11730616;1227554816;28028928;1374023680;0;0;0;0;0;0;0;0;0;0;0;3757;0;0;130;0;202;0;
20864;11749892;1227554816;28028928;1374023680;0;0;0;0;0;0;0;0;0;0;0;4528;0;0;130;0;202;0;
20865;14935595;1227554816;28028928;1374023680;0;0;0;0;0;0;0;0;0;0;0;4238;0;0;130;0;202;0;
20866;6904657;1227563008;28024832;1374019584;0;0;0;0;0;0;0;0;0;0;0;3737;0;0;130;0;202;0;
20867;8966422;1227563008;28024832;1374019584;0;0;0;0;0;0;0;0;0;0;0;3888;0;0;130;0;202;0;
20868;8740669;1227563008;28024832;1374019584;0;0;0;0;0;0;0;0;0;0;0;3186;0;0;130;0;202;0;
20869;9434370;1227563008;28024832;1374019584;0;0;0;0;0;0;0;0;0;0;0;4228;0;0;130;0;202;0;
20870;7553283;1227563008;28024832;1374019584;0;0;0;0;0;0;0;0;0;0;0;4108;0;0;130;0;202;0;
20871;8812594;1227563008;28024832;1374019584;0;0;0;0;0;0;0;0;0;0;0;3266;0;0;130;0;202;0;
20872;9187317;1227563008;28024832;1374019584;0;0;0;0;0;0;0;0;0;0;0;3326;0;0;130;0;202;0;
20873;6626655;1227563008;28024832;1374019584;0;0;0;0;0;0;0;0;0;0;0;3166;0;0;130;0;202;0;
20874;8434505;1227563008;28024832;1374019584;0;0;0;0;0;0;0;0;0;0;0;4318;0;0;130;0;202;0;
20875;7226560;1227563008;28024832;1374019584;0;0;0;0;0;0;0;0;0;0;0;3136;0;0;130;0;202;0;
20876;8134994;1227563008;28024832;1374019584;0;0;0;0;0;0;0;0;0;0;0;3146;0;0;130;0;202;0;
20877;5791940;1227563008;28024832;1374019584;0;0;0;0;0;0;0;0;0;0;0;2445;0;0;130;0;202;0;
20878;7508178;1227563008;28024832;1374019584;0;0;0;0;0;0;0;0;0;0;0;3055;0;0;130;0;202;0;
20879;8022001;1227563008;28024832;1374019584;0;0;0;0;0;0;0;0;0;0;0;3717;0;0;130;0;202;0;
20880;6875823;1227563008;28024832;1374019584;0;0;0;0;0;0;0;0;0;0;0;3517;0;0;130;0;202;0;
20881;7390026;1227563008;28024832;1374019584;0;0;0;0;0;0;0;0;0;0;0;3397;0;0;130;0;202;0;
20882;6921258;1227563008;28024832;1374019584;0;0;0;0;0;0;0;0;0;0;0;4508;0;0;130;0;202;0;
20883;6027993;1227563008;28024832;1374019584;0;0;0;0;0;0;0;0;0;0;0;3286;0;0;130;0;202;0;
20884;7546570;1227563008;28024832;1374019584;0;0;0;0;0;0;0;0;0;0;0;3777;0;0;130;0;202;0;
20885;8838302;1227563008;28024832;1374019584;0;0;0;0;0;0;0;0;0;0;0;4128;0;0;130;0;202;0;
20886;5728952;1227563008;28024832;1374019584;0;0;0;0;0;0;0;0;0;0;0;3476;0;0;130;0;202;0;
20887;9873614;1227563008;28024832;1374019584;0;0;0;0;0;0;0;0;0;0;0;4157;0;0;130;0;202;0;
20888;6052819;1227563008;28024832;1374019584;0;0;0;0;0;0;0;0;0;0;0;3747;0;0;130;0;202;0;
20889;9458606;1227563008;28024832;1374019584;0;0;0;0;0;0;0;0;0;0;0;3436;0;0;130;0;202;0;
20890;5398983;1227563008;28024832;1374019584;0;0;0;0;0;0;0;0;0;0;0;3456;0;0;130;0;202;0;
20891;8576050;1227563008;28024832;1374019584;0;0;0;0;0;0;0;0;0;0;0;4278;0;0;130;0;202;0;
20892;6151965;1227563008;28024832;1374019584;0;0;0;0;0;0;0;0;0;0;0;6272;0;0;130;0;202;0;
20893;9213416;1227563008;28024832;1374019584;0;0;0;0;0;0;0;0;0;0;0;4168;0;0;130;0;202;0;
20894;6464692;1227563008;28024832;1374019584;0;0;0;0;0;0;0;0;0;0;0;3547;0;0;130;0;202;0;
20895;7791169;1227563008;28024832;1374019584;0;0;0;0;0;0;0;0;0;0;0;3917;0;0;130;0;202;0;
20896;8389901;1227563008;28024832;1374019584;0;0;0;0;0;0;0;0;0;0;0;3637;0;0;130;0;202;0;
20897;7507066;1227563008;28024832;1374019584;0;0;0;0;0;0;0;0;0;0;0;3476;0;0;130;0;202;0;
20898;10044123;1227563008;28024832;1374019584;0;0;0;0;0;0;0;0;0;0;0;4218;0;0;130;0;202;0;
20899;8927079;1227563008;28024832;1374019584;0;0;0;0;0;0;0;0;0;0;0;3777;0;0;130;0;202;0;
20900;9104091;1227563008;28024832;1374019584;0;0;0;0;0;0;0;0;0;0;0;4979;0;0;130;0;202;0;
20901;8157927;1227563008;28024832;1374019584;0;0;0;0;0;0;0;0;0;0;0;4068;0;0;130;0;202;0;
20902;9021456;1227563008;28024832;1374019584;0;0;0;0;0;0;0;0;0;0;0;86883;0;0;130;0;202;0;
20903;10304642;1227563008;28024832;1374019584;0;0;0;0;0;0;0;0;0;0;0;3627;0;0;130;0;202;0;
20904;7152852;1227563008;28024832;1374019584;0;0;0;0;0;0;0;0;0;0;0;4679;0;0;130;0;202;0;
20905;9884033;1227563008;28024832;1374019584;0;0;0;0;0;0;0;0;0;0;0;3817;0;0;130;0;202;0;
20906;10241763;1227563008;28024832;1374019584;0;0;0;0;0;0;0;0;0;0;0;3747;0;0;130;0;202;0;
20907;10295194;1227563008;28024832;1374019584;0;0;0;0;0;0;0;0;0;0;0;3326;0;0;130;0;202;0;
20908;8049573;1227563008;28024832;1374019584;0;0;0;0;0;0;0;0;0;0;0;4358;0;0;130;0;202;0;
20909;10884729;1227563008;28024832;1374019584;0;0;0;0;0;0;0;0;0;0;0;3978;0;0;130;0;202;0;
20910;8451897;1227563008;28024832;1374019584;0;0;0;0;0;0;0;0;0;0;0;3135;0;0;130;0;202;0;
20911;11286142;1227563008;28024832;1374019584;0;0;0;0;0;0;0;0;0;0;0;3206;0;0;130;0;202;0;
20912;6643967;1227563008;28024832;1374019584;0;0;0;0;0;0;0;0;0;0;0;4349;0;0;130;0;202;0;
20913;8665789;1227563008;28024832;1374019584;0;0;0;0;0;0;0;0;0;0;0;4438;0;0;130;0;202;0;
20914;7797401;1227563008;28024832;1374019584;0;0;0;0;0;0;0;0;0;0;0;4238;0;0;130;0;202;0;
20915;10310002;1227563008;28024832;1374019584;0;0;0;0;0;0;0;0;0;0;0;3798;0;0;130;0;202;0;
20916;10235161;1227563008;28024832;1374019584;0;0;0;0;0;0;0;0;0;0;0;4609;0;0;130;0;202;0;
20917;9622492;1227563008;28024832;1374019584;0;0;0;0;0;0;0;0;0;0;0;3897;0;0;130;0;202;0;
20918;10059472;1227563008;28028928;1374023680;0;0;0;0;0;0;0;0;0;0;0;3837;0;0;130;0;202;0;
20919;10523782;1227563008;28028928;1374023680;0;0;0;0;0;0;0;0;0;0;0;4359;0;0;130;0;202;0;
20920;7138304;1227563008;28028928;1374023680;0;0;0;0;0;0;0;0;0;0;0;3296;0;0;130;0;202;0;
20921;7316038;1227563008;28028928;1374023680;0;0;0;0;0;0;0;0;0;0;0;3476;0;0;130;0;202;0;
20922;6676509;1227563008;28028928;1374023680;0;0;0;0;0;0;0;0;0;0;0;3747;0;0;130;0;202;0;
20923;10825618;1227563008;28028928;1374023680;0;0;0;0;0;0;0;0;0;0;0;3807;0;0;130;0;202;0;
20924;5111995;1227563008;28028928;1374023680;0;0;0;0;0;0;0;0;0;0;0;3276;0;0;130;0;202;0;
20925;7882030;1227563008;28028928;1374023680;0;0;0;0;0;0;0;0;0;0;0;4158;0;0;130;0;202;0;
20926;7310157;1227563008;28024832;1374019584;0;0;0;0;0;0;0;0;0;0;0;3307;0;0;130;0;202;0;
20927;6363202;1227563008;28024832;1374019584;0;0;0;0;0;0;0;0;0;0;0;3887;0;0;130;0;202;0;
20928;6390242;1227563008;28024832;1374019584;0;0;0;0;0;0;0;0;0;0;0;3587;0;0;130;0;202;0;
20929;8803176;1227563008;28024832;1374019584;0;0;0;0;0;0;0;0;0;0;0;3848;0;0;130;0;202;0;
20930;7301761;1227563008;28024832;1374019584;0;0;0;0;0;0;0;0;0;0;0;3937;0;0;130;0;202;0;
20931;10895690;1227563008;28024832;1374019584;0;0;0;0;0;0;0;0;0;0;0;4619;0;0;130;0;202;0;
20932;6194315;1227563008;28024832;1374019584;0;0;0;0;0;0;0;0;0;0;0;4097;0;0;130;0;202;0;
20933;9294407;1227563008;28024832;1374019584;0;0;0;0;0;0;0;0;0;0;0;3226;0;0;130;0;202;0;
20934;7169163;1227563008;28024832;1374019584;0;0;0;0;0;0;0;0;0;0;0;4829;0;0;130;0;202;0;
20935;8457338;1227563008;28024832;1374019584;0;0;0;0;0;0;0;0;0;0;0;4098;0;0;130;0;202;0;
20936;8868248;1227563008;28024832;1374019584;0;0;0;0;0;0;0;0;0;0;0;3366;0;0;130;0;202;0;
20937;7836704;1227563008;28024832;1374019584;0;0;0;0;0;0;0;0;0;0;0;4498;0;0;130;0;202;0;
20938;9407069;1227563008;28024832;1374019584;0;0;0;0;0;0;0;0;0;0;0;4027;0;0;130;0;202;0;
20939;11375119;1227563008;28024832;1374019584;0;0;0;0;0;0;0;0;0;0;0;3677;0;0;130;0;202;0;
20940;5774177;1227563008;28024832;1374019584;0;0;0;0;0;0;0;0;0;0;0;4348;0;0;130;0;202;0;
20941;10236734;1227563008;28024832;1374019584;0;0;0;0;0;0;0;0;0;0;0;3897;0;0;130;0;202;0;
20942;3999178;1227563008;28024832;1374019584;0;0;0;0;0;0;0;0;0;0;0;4298;0;0;130;0;202;0;
20943;10916720;1227563008;28024832;1374019584;0;0;0;0;0;0;0;0;0;0;0;3687;0;0;130;0;202;0;
20944;3770019;1227563008;28024832;1374019584;0;0;0;0;0;0;0;0;0;0;0;4518;0;0;130;0;202;0;
20945;8908945;1227563008;28024832;1374019584;0;0;0;0;0;0;0;0;0;0;0;4419;0;0;130;0;202;0;
20946;6669085;1227563008;28024832;1374019584;0;0;0;0;0;0;0;0;0;0;0;160120;0;0;130;0;202;0;
20947;11232011;1227563008;28024832;1374019584;0;0;0;0;0;0;0;0;0;0;0;3767;0;0;130;0;202;0;
20948;7899722;1227563008;28028928;1374023680;0;0;0;0;0;0;0;0;0;0;0;3676;0;0;130;0;202;0;
20949;9335544;1227563008;28028928;1374023680;0;0;0;0;0;0;0;0;0;0;0;3416;0;0;130;0;202;0;
20950;5467793;1227563008;28028928;1374023680;0;0;0;0;0;0;0;0;0;0;0;3927;0;0;130;0;202;0;
20951;8900238;1227563008;28028928;1374023680;0;0;0;0;0;0;0;0;0;0;0;3837;0;0;130;0;202;0;
20952;9144546;1227563008;28028928;1374023680;0;0;0;0;0;0;0;0;0;0;0;4949;0;0;130;0;202;0;
20953;7521453;1227563008;28028928;1374023680;0;0;0;0;0;0;0;0;0;0;0;3827;0;0;130;0;202;0;
20954;9025793;1227563008;28024832;1374019584;0;0;0;0;0;0;0;0;0;0;0;4619;0;0;130;0;202;0;
20955;7110182;1227563008;28024832;1374019584;0;0;0;0;0;0;0;0;0;0;0;3336;0;0;130;0;202;0;
20956;6585768;1227563008;28024832;1374019584;0;0;0;0;0;0;0;0;0;0;0;3867;0;0;130;0;202;0;
20957;8250781;1227563008;28024832;1374019584;0;0;0;0;0;0;0;0;0;0;0;3226;0;0;130;0;202;0;
20958;7088822;1227563008;28024832;1374019584;0;0;0;0;0;0;0;0;0;0;0;3747;0;0;130;0;202;0;
20959;7354510;1227563008;28024832;1374019584;0;0;0;0;0;0;0;0;0;0;0;3496;0;0;130;0;202;0;
20960;7369218;1227563008;28024832;1374019584;0;0;0;0;0;0;0;0;0;0;0;3546;0;0;130;0;202;0;
20961;6102032;1227563008;28024832;1374019584;0;0;0;0;0;0;0;0;0;0;0;2695;0;0;130;0;202;0;
20962;8356408;1227563008;28024832;1374019584;0;0;0;0;0;0;0;0;0;0;0;3397;0;0;130;0;202;0;
20963;5025563;1227563008;28024832;1374019584;0;0;0;0;0;0;0;0;0;0;0;2856;0;0;130;0;202;0;
20964;7500664;1227563008;28024832;1374019584;0;0;0;0;0;0;0;0;0;0;0;11912;0;0;130;0;202;0;
20965;7237942;1227563008;28024832;1374019584;0;0;0;0;0;0;0;0;0;0;0;4378;0;0;130;0;202;0;
20966;7903329;1227563008;28024832;1374019584;0;0;0;0;0;0;0;0;0;0;0;4609;0;0;130;0;202;0;
20967;8238247;1227563008;28024832;1374019584;0;0;0;0;0;0;0;0;0;0;0;3086;0;0;130;0;202;0;
20968;7535229;1227563008;28024832;1374019584;0;0;0;0;0;0;0;0;0;0;0;3757;0;0;130;0;202;0;
20969;11999439;1227563008;28024832;1374019584;0;0;0;0;0;0;0;0;0;0;0;4439;0;0;130;0;202;0;
20970;8254397;1227563008;28024832;1374019584;0;0;0;0;0;0;0;0;0;0;0;4759;0;0;130;0;202;0;
20971;9998918;1227563008;28024832;1374019584;0;0;0;0;0;0;0;0;0;0;0;4579;0;0;130;0;202;0;
20972;4661039;1227563008;28024832;1374019584;0;0;0;0;0;0;0;0;0;0;0;4358;0;0;130;0;202;0;
20973;7618184;1227563008;28024832;1374019584;0;0;0;0;0;0;0;0;0;0;0;2715;0;0;130;0;202;0;
20974;7196504;1227563008;28024832;1374019584;0;0;0;0;0;0;0;0;0;0;0;4468;0;0;130;0;202;0;
20975;6035827;1227563008;28024832;1374019584;0;0;0;0;0;0;0;0;0;0;0;2845;0;0;130;0;202;0;
20976;8910668;1227563008;28024832;1374019584;0;0;0;0;0;0;0;0;0;0;0;4368;0;0;130;0;202;0;
20977;7157010;1227563008;28024832;1374019584;0;0;0;0;0;0;0;0;0;0;0;3356;0;0;130;0;202;0;
20978;6665999;1227563008;28024832;1374019584;0;0;0;0;0;0;0;0;0;0;0;4188;0;0;130;0;202;0;
20979;6757801;1227563008;28024832;1374019584;0;0;0;0;0;0;0;0;0;0;0;4077;0;0;130;0;202;0;
20980;7749651;1227563008;28033024;1374027776;0;0;0;0;0;0;0;0;0;0;0;5240;0;0;130;0;202;0;
20981;7471950;1227563008;28033024;1374027776;0;0;0;0;0;0;0;0;0;0;0;3987;0;0;130;0;202;0;
20982;8883767;1227563008;28033024;1374027776;0;0;0;0;0;0;0;0;0;0;0;3787;0;0;130;0;202;0;
20983;7956799;1227563008;28033024;1374027776;0;0;0;0;0;0;0;0;0;0;0;3206;0;0;130;0;202;0;
20984;7954645;1227563008;28033024;1374027776;0;0;0;0;0;0;0;0;0;0;0;3035;0;0;130;0;202;0;
20985;12123853;1227563008;28033024;1374027776;0;0;0;0;0;0;0;0;0;0;0;4518;0;0;130;0;202;0;
20986;18438132;1227563008;28045312;1374040064;0;0;0;0;0;0;0;0;0;0;0;5340;0;0;130;0;202;0;
20987;7360331;1227563008;28057600;1374052352;0;0;0;0;0;0;0;0;0;0;0;4238;0;0;130;0;202;0;
20988;6203111;1227563008;28094464;1374089216;0;0;0;0;0;0;0;0;0;0;0;4699;0;0;130;0;202;0;
20989;8353713;1227563008;28094464;1374089216;0;0;0;0;0;0;0;0;0;0;0;2906;0;0;130;0;202;0;
20990;4817163;1227563008;28094464;1374089216;0;0;0;0;0;0;0;0;0;0;0;4789;0;0;130;0;202;0;
20991;7171116;1227563008;28094464;1374089216;0;0;0;0;0;0;0;0;0;0;0;3386;0;0;130;0;202;0;
20992;6734057;1227563008;28094464;1374089216;0;0;0;0;0;0;0;0;0;0;0;3948;0;0;130;0;202;0;
20993;9981126;1227563008;28094464;1374089216;0;0;0;0;0;0;0;0;0;0;0;4208;0;0;130;0;202;0;
20994;7863094;1227558912;28065792;1374060544;0;0;0;0;0;0;0;0;0;0;0;4228;0;0;130;0;202;0;
20995;9661165;1227558912;28065792;1374060544;0;0;0;0;0;0;0;0;0;0;0;3366;0;0;130;0;202;0;
20996;7600992;1227546624;28053504;1374048256;0;0;0;0;0;0;0;0;0;0;0;3727;0;0;130;0;202;0;
20997;7992847;1227546624;28053504;1374048256;0;0;0;0;0;0;0;0;0;0;0;2294;0;0;130;0;202;0;
20998;5874255;1227546624;28053504;1374048256;0;0;0;0;0;0;0;0;0;0;0;3386;0;0;130;0;202;0;
20999;8816251;1227546624;28053504;1374048256;0;0;0;0;0;0;0;0;0;0;0;4248;0;0;130;0;202;0;
21000;4800011;1227546624;28053504;1374048256;0;0;0;0;0;0;0;0;0;0;0;3717;0;0;130;0;202;0;
21001;6395451;1227546624;28053504;1374048256;0;0;0;0;0;0;0;0;0;0;0;4529;0;0;130;0;202;0;
21002;5691452;1227546624;28053504;1374048256;0;0;0;0;0;0;0;0;0;0;0;3497;0;0;130;0;202;0;
21003;6545864;1227546624;28053504;1374048256;0;0;0;0;0;0;0;0;0;0;0;6622;0;0;130;0;202;0;
21004;9072011;1227546624;28053504;1374048256;0;0;0;0;0;0;0;0;0;0;0;3236;0;0;130;0;202;0;
21005;6559409;1227546624;28053504;1374048256;0;0;0;0;0;0;0;0;0;0;0;3226;0;0;130;0;202;0;
21006;8200817;1227546624;28053504;1374048256;0;0;0;0;0;0;0;0;0;0;0;3366;0;0;130;0;202;0;
21007;7411066;1227546624;28053504;1374048256;0;0;0;0;0;0;0;0;0;0;0;3596;0;0;130;0;202;0;
21008;5095314;1227546624;28053504;1374048256;0;0;0;0;0;0;0;0;0;0;0;3767;0;0;130;0;202;0;
21009;5464196;1227546624;28053504;1374048256;0;0;0;0;0;0;0;0;0;0;0;3357;0;0;130;0;202;0;
21010;4552586;1227546624;28053504;1374048256;0;0;0;0;0;0;0;0;0;0;0;4288;0;0;130;0;202;0;
21011;7386300;1227546624;28053504;1374048256;0;0;0;0;0;0;0;0;0;0;0;4178;0;0;130;0;202;0;
21012;3031675;1227546624;28053504;1374048256;0;0;0;0;0;0;0;0;0;0;0;4027;0;0;130;0;202;0;
21013;7239584;1227546624;28053504;1374048256;0;0;0;0;0;0;0;0;0;0;0;4369;0;0;130;0;202;0;
21014;5394885;1227546624;28053504;1374048256;0;0;0;0;0;0;0;0;0;0;0;3517;0;0;130;0;202;0;
21015;6555071;1227546624;28053504;1374048256;0;0;0;0;0;0;0;0;0;0;0;3226;0;0;130;0;202;0;
21016;5189811;1227546624;28053504;1374048256;0;0;0;0;0;0;0;0;0;0;0;3577;0;0;130;0;202;0;
21017;6168807;1227546624;28053504;1374048256;0;0;0;0;0;0;0;0;0;0;0;3246;0;0;130;0;202;0;
21018;5254943;1227546624;28053504;1374048256;0;0;0;0;0;0;0;0;0;0;0;3526;0;0;130;0;202;0;
21019;6462698;1227546624;28053504;1374048256;0;0;0;0;0;0;0;0;0;0;0;4028;0;0;130;0;202;0;
21020;4530535;1227546624;28053504;1374048256;0;0;0;0;0;0;0;0;0;0;0;4809;0;0;130;0;202;0;
21021;8268775;1227546624;28053504;1374048256;0;0;0;0;0;0;0;0;0;0;0;2184;0;0;130;0;202;0;
21022;5990592;1227546624;28053504;1374048256;0;0;0;0;0;0;0;0;0;0;0;5440;0;0;130;0;202;0;
21023;8995307;1227546624;28053504;1374048256;0;0;0;0;0;0;0;0;0;0;0;4419;0;0;130;0;202;0;
21024;5853796;1227546624;28053504;1374048256;0;0;0;0;0;0;0;0;0;0;0;4959;0;0;130;0;202;0;
21025;10156735;1227546624;28053504;1374048256;0;0;0;0;0;0;0;0;0;0;0;5520;0;0;130;0;202;0;
21026;9629867;1227546624;28053504;1374048256;0;0;0;0;0;0;0;0;0;0;0;15780;0;0;130;0;202;0;
21027;7590342;1227546624;28053504;1374048256;0;0;0;0;0;0;0;0;0;0;0;5050;0;0;130;0;202;0;
21028;11033468;1227546624;28053504;1374048256;0;0;0;0;0;0;0;0;0;0;0;3687;0;0;130;0;202;0;
21029;8270919;1227546624;28053504;1374048256;0;0;0;0;0;0;0;0;0;0;0;3416;0;0;130;0;202;0;
21030;5591795;1227546624;28053504;1374048256;0;0;0;0;0;0;0;0;0;0;0;4288;0;0;130;0;202;0;
21031;7251327;1227546624;28053504;1374048256;0;0;0;0;0;0;0;0;0;0;0;3847;0;0;130;0;202;0;
21032;8115467;1227546624;28053504;1374048256;0;0;0;0;0;0;0;0;0;0;0;4719;0;0;130;0;202;0;
21033;8574157;1227546624;28053504;1374048256;0;0;0;0;0;0;0;0;0;0;0;2936;0;0;130;0;202;0;
21034;4804239;1227546624;28053504;1374048256;0;0;0;0;0;0;0;0;0;0;0;3867;0;0;130;0;202;0;
21035;9234605;1227546624;28053504;1374048256;0;0;0;0;0;0;0;0;0;0;0;4408;0;0;130;0;202;0;
21036;6155211;1227546624;28053504;1374048256;0;0;0;0;0;0;0;0;0;0;0;4228;0;0;130;0;202;0;
21037;11490966;1227546624;28053504;1374048256;0;0;0;0;0;0;0;0;0;0;0;5029;0;0;130;0;202;0;
21038;9898160;1227546624;28053504;1374048256;0;0;0;0;0;0;0;0;0;0;0;4128;0;0;130;0;202;0;
21039;10063630;1227546624;28053504;1374048256;0;0;0;0;0;0;0;0;0;0;0;3997;0;0;130;0;202;0;
21040;9070598;1227546624;28053504;1374048256;0;0;0;0;0;0;0;0;0;0;0;4509;0;0;130;0;202;0;
21041;8140173;1227546624;28053504;1374048256;0;0;0;0;0;0;0;0;0;0;0;3877;0;0;130;0;202;0;
21042;7877310;1227546624;28053504;1374048256;0;0;0;0;0;0;0;0;0;0;0;4669;0;0;130;0;202;0;
21043;7776982;1227546624;28053504;1374048256;0;0;0;0;0;0;0;0;0;0;0;3877;0;0;130;0;202;0;
21044;7049759;1227546624;28053504;1374048256;0;0;0;0;0;0;0;0;0;0;0;4748;0;0;130;0;202;0;
21045;7088422;1227546624;28053504;1374048256;0;0;0;0;0;0;0;0;0;0;0;4299;0;0;130;0;202;0;
21046;8444433;1227546624;28061696;1374056448;0;0;0;0;0;0;0;0;0;0;0;3487;0;0;130;0;202;0;
21047;8824947;1227546624;28061696;1374056448;0;0;0;0;0;0;0;0;0;0;0;5270;0;0;130;0;202;0;
21048;6067106;1227546624;28061696;1374056448;0;0;0;0;0;0;0;0;0;0;0;4328;0;0;130;0;202;0;
21049;9621721;1227546624;28061696;1374056448;0;0;0;0;0;0;0;0;0;0;0;4458;0;0;130;0;202;0;
21050;7958673;1227546624;28061696;1374056448;0;0;0;0;0;0;0;0;0;0;0;3777;0;0;130;0;202;0;
21051;8034115;1227546624;28061696;1374056448;0;0;0;0;0;0;0;0;0;0;0;3687;0;0;130;0;202;0;
21052;6863379;1227546624;28053504;1374048256;0;0;0;0;0;0;0;0;0;0;0;4108;0;0;130;0;202;0;
21053;8234760;1227546624;28053504;1374048256;0;0;0;0;0;0;0;0;0;0;0;2444;0;0;130;0;202;0;
21054;12157185;1227546624;28053504;1374048256;0;0;0;0;0;0;0;0;0;0;0;35146;0;0;130;0;202;0;
21055;7321528;1227546624;28053504;1374048256;0;0;0;0;0;0;0;0;0;0;0;3527;0;0;130;0;202;0;
21056;8280767;1227546624;28057600;1374052352;0;0;0;0;0;0;0;0;0;0;0;4559;0;0;130;0;202;0;
21057;10997280;1227546624;28057600;1374052352;0;0;0;0;0;0;0;0;0;0;0;4138;0;0;130;0;202;0;
21058;8735579;1227546624;28069888;1374064640;0;0;0;0;0;0;0;0;0;0;0;4368;0;0;130;0;202;0;
21059;8503044;1227546624;28078080;1374072832;0;0;0;0;0;0;0;0;0;0;0;4589;0;0;130;0;202;0;
21060;5973440;1227546624;28110848;1374105600;0;0;0;0;0;0;0;0;0;0;0;4408;0;0;130;0;202;0;
21061;9388444;1227546624;28110848;1374105600;0;0;0;0;0;0;0;0;0;0;0;5330;0;0;130;0;202;0;
21062;6466335;1227546624;28110848;1374105600;0;0;0;0;0;0;0;0;0;0;0;4338;0;0;130;0;202;0;
21063;8809639;1227546624;28110848;1374105600;0;0;0;0;0;0;0;0;0;0;0;5060;0;0;130;0;202;0;
21064;8819267;1227546624;28110848;1374105600;0;0;0;0;0;0;0;0;0;0;0;3567;0;0;130;0;202;0;
21065;7786921;1227546624;28110848;1374105600;0;0;0;0;0;0;0;0;0;0;0;4479;0;0;130;0;202;0;
21066;8345828;1227538432;28078080;1374072832;0;0;0;0;0;0;0;0;0;0;0;4949;0;0;130;0;202;0;
21067;11773466;1227538432;28078080;1374072832;0;0;0;0;0;0;0;0;0;0;0;4178;0;0;130;0;202;0;
21068;7172068;1227513856;28053504;1374048256;0;0;0;0;0;0;0;0;0;0;0;3727;0;0;130;0;202;0;
21069;11551971;1227513856;28053504;1374048256;0;0;0;0;0;0;0;0;0;0;0;4378;0;0;130;0;202;0;
21070;6728486;1227513856;28053504;1374048256;0;0;0;0;0;0;0;0;0;0;0;3456;0;0;130;0;202;0;
21071;11286373;1227513856;28053504;1374048256;0;0;0;0;0;0;0;0;0;0;0;3607;0;0;130;0;202;0;
21072;8559770;1227513856;28053504;1374048256;0;0;0;0;0;0;0;0;0;0;0;4999;0;0;130;0;202;0;
21073;10100980;1227513856;28053504;1374048256;0;0;0;0;0;0;0;0;0;0;0;5099;0;0;130;0;202;0;
21074;7257348;1227513856;28053504;1374048256;0;0;0;0;0;0;0;0;0;0;0;4789;0;0;130;0;202;0;
21075;11207184;1227513856;28053504;1374048256;0;0;0;0;0;0;0;0;0;0;0;4288;0;0;130;0;202;0;
21076;7933626;1227513856;28053504;1374048256;0;0;0;0;0;0;0;0;0;0;0;4207;0;0;130;0;202;0;
21077;8649048;1227513856;28053504;1374048256;0;0;0;0;0;0;0;0;0;0;0;3937;0;0;130;0;202;0;
21078;7082290;1227513856;28053504;1374048256;0;0;0;0;0;0;0;0;0;0;0;5280;0;0;130;0;202;0;
21079;5271234;1227513856;28053504;1374048256;0;0;0;0;0;0;0;0;0;0;0;4118;0;0;130;0;202;0;
21080;8032171;1227513856;28053504;1374048256;0;0;0;0;0;0;0;0;0;0;0;4659;0;0;130;0;202;0;
21081;7098169;1227513856;28053504;1374048256;0;0;0;0;0;0;0;0;0;0;0;3907;0;0;130;0;202;0;
21082;8636233;1227513856;28053504;1374048256;0;0;0;0;0;0;0;0;0;0;0;4298;0;0;130;0;202;0;
21083;8307828;1227513856;28053504;1374048256;0;0;0;0;0;0;0;0;0;0;0;4809;0;0;130;0;202;0;
21084;9548484;1227513856;28053504;1374048256;0;0;0;0;0;0;0;0;0;0;0;3778;0;0;130;0;202;0;
21085;11656476;1227513856;28053504;1374048256;0;0;0;0;0;0;0;0;0;0;0;3296;0;0;130;0;202;0;
21086;5885746;1227513856;28053504;1374048256;0;0;0;0;0;0;0;0;0;0;0;3477;0;0;130;0;202;0;
21087;9420584;1227513856;28053504;1374048256;0;0;0;0;0;0;0;0;0;0;0;169448;0;0;130;0;202;0;
21088;7436655;1227513856;28057600;1374052352;0;0;0;0;0;0;0;0;0;0;0;4058;0;0;130;0;202;0;
21089;9352617;1227513856;28057600;1374052352;0;0;0;0;0;0;0;0;0;0;0;3897;0;0;130;0;202;0;
21090;7415514;1227513856;28057600;1374052352;0;0;0;0;0;0;0;0;0;0;0;4519;0;0;130;0;202;0;
21091;10071835;1227513856;28057600;1374052352;0;0;0;0;0;0;0;0;0;0;0;2956;0;0;130;0;202;0;
21092;4773721;1227513856;28057600;1374052352;0;0;0;0;0;0;0;0;0;0;0;3456;0;0;130;0;202;0;
21093;7341246;1227513856;28057600;1374052352;0;0;0;0;0;0;0;0;0;0;0;3005;0;0;130;0;202;0;
21094;6464121;1227513856;28053504;1374048256;0;0;0;0;0;0;0;0;0;0;0;5230;0;0;130;0;202;0;
21095;7411567;1227513856;28053504;1374048256;0;0;0;0;0;0;0;0;0;0;0;3266;0;0;130;0;202;0;
21096;5751925;1227509760;28049408;1374044160;0;0;0;0;0;0;0;0;0;0;0;4479;0;0;130;0;202;0;
21097;9482099;1227509760;28049408;1374044160;0;0;0;0;0;0;0;0;0;0;0;3767;0;0;130;0;202;0;
21098;5809003;1227509760;28049408;1374044160;0;0;0;0;0;0;0;0;0;0;0;4187;0;0;130;0;202;0;
21099;11683417;1227509760;28049408;1374044160;0;0;0;0;0;0;0;0;0;0;0;4037;0;0;130;0;202;0;
21100;6011913;1227509760;28049408;1374044160;0;0;0;0;0;0;0;0;0;0;0;6262;0;0;130;0;202;0;
21101;10128572;1227509760;28049408;1374044160;0;0;0;0;0;0;0;0;0;0;0;4738;0;0;130;0;202;0;
21102;7866660;1227509760;28049408;1374044160;0;0;0;0;0;0;0;0;0;0;0;3807;0;0;130;0;202;0;
21103;9831604;1227509760;28049408;1374044160;0;0;0;0;0;0;0;0;0;0;0;6953;0;0;130;0;202;0;
21104;7571597;1227509760;28049408;1374044160;0;0;0;0;0;0;0;0;0;0;0;3747;0;0;130;0;202;0;
21105;9262778;1227509760;28049408;1374044160;0;0;0;0;0;0;0;0;0;0;0;4368;0;0;130;0;202;0;
21106;7073503;1227509760;28057600;1374052352;0;0;0;0;0;0;0;0;0;0;0;3206;0;0;130;0;202;0;
21107;8143730;1227509760;28057600;1374052352;0;0;0;0;0;0;0;0;0;0;0;3486;0;0;130;0;202;0;
21108;6050505;1227509760;28057600;1374052352;0;0;0;0;0;0;0;0;0;0;0;5150;0;0;130;0;202;0;
21109;8046628;1227509760;28057600;1374052352;0;0;0;0;0;0;0;0;0;0;0;5460;0;0;130;0;202;0;
21110;6888286;1227509760;28057600;1374052352;0;0;0;0;0;0;0;0;0;0;0;3677;0;0;130;0;202;0;
21111;9775620;1227509760;28057600;1374052352;0;0;0;0;0;0;0;0;0;0;0;3957;0;0;130;0;202;0;
21112;13005636;1227509760;28049408;1374044160;0;0;0;0;0;0;0;0;0;0;0;3647;0;0;130;0;202;0;
21113;8786616;1227509760;28049408;1374044160;0;0;0;0;0;0;0;0;0;0;0;3487;0;0;130;0;202;0;
21114;9775289;1227509760;28049408;1374044160;0;0;0;0;0;0;0;0;0;0;0;3666;0;0;130;0;202;0;
21115;7530991;1227509760;28049408;1374044160;0;0;0;0;0;0;0;0;0;0;0;4499;0;0;130;0;202;0;
21116;10574517;1227509760;28049408;1374044160;0;0;0;0;0;0;0;0;0;0;0;3917;0;0;130;0;202;0;
21117;9069045;1227509760;28049408;1374044160;0;0;0;0;0;0;0;0;0;0;0;3266;0;0;130;0;202;0;
21118;6949461;1227509760;28049408;1374044160;0;0;0;0;0;0;0;0;0;0;0;3647;0;0;130;0;202;0;
21119;7665443;1227509760;28049408;1374044160;0;0;0;0;0;0;0;0;0;0;0;4117;0;0;130;0;202;0;
21120;7544296;1227509760;28049408;1374044160;0;0;0;0;0;0;0;0;0;0;0;3998;0;0;130;0;202;0;
21121;8711064;1227509760;28049408;1374044160;0;0;0;0;0;0;0;0;0;0;0;3767;0;0;130;0;202;0;
21122;7133395;1227509760;28049408;1374044160;0;0;0;0;0;0;0;0;0;0;0;3586;0;0;130;0;202;0;
21123;8817213;1227509760;28049408;1374044160;0;0;0;0;0;0;0;0;0;0;0;4709;0;0;130;0;202;0;
21124;9457673;1227509760;28049408;1374044160;0;0;0;0;0;0;0;0;0;0;0;4358;0;0;130;0;202;0;
21125;11246818;1227509760;28049408;1374044160;0;0;0;0;0;0;0;0;0;0;0;4298;0;0;130;0;202;0;
21126;8306465;1227509760;28049408;1374044160;0;0;0;0;0;0;0;0;0;0;0;4097;0;0;130;0;202;0;
21127;10379422;1227509760;28049408;1374044160;0;0;0;0;0;0;0;0;0;0;0;4007;0;0;130;0;202;0;
21128;6941757;1227509760;28049408;1374044160;0;0;0;0;0;0;0;0;0;0;0;4027;0;0;130;0;202;0;
21129;8458349;1227509760;28049408;1374044160;0;0;0;0;0;0;0;0;0;0;0;3637;0;0;130;0;202;0;
21130;8597191;1227509760;28049408;1374044160;0;0;0;0;0;0;0;0;0;0;0;4308;0;0;130;0;202;0;
21131;10073668;1227509760;28049408;1374044160;0;0;0;0;0;0;0;0;0;0;0;4178;0;0;130;0;202;0;
21132;9444759;1227509760;28049408;1374044160;0;0;0;0;0;0;0;0;0;0;0;4528;0;0;130;0;202;0;
21133;10438442;1227509760;28049408;1374044160;0;0;0;0;0;0;0;0;0;0;0;4268;0;0;130;0;202;0;
21134;8025919;1227509760;28049408;1374044160;0;0;0;0;0;0;0;0;0;0;0;3867;0;0;130;0;202;0;
21135;9659382;1227509760;28049408;1374044160;0;0;0;0;0;0;0;0;0;0;0;4749;0;0;130;0;202;0;
21136;9305929;1227509760;28049408;1374044160;0;0;0;0;0;0;0;0;0;0;0;4699;0;0;130;0;202;0;
21137;12768391;1227509760;28049408;1374044160;0;0;0;0;0;0;0;0;0;0;0;6011;0;0;130;0;202;0;
21138;5471239;1227509760;28049408;1374044160;0;0;0;0;0;0;0;0;0;0;0;11291;0;0;130;0;202;0;
21139;10850706;1227509760;28049408;1374044160;0;0;0;0;0;0;0;0;0;0;0;6152;0;0;130;0;202;0;
21140;5796448;1227509760;28049408;1374044160;0;0;0;0;0;0;0;0;0;0;0;10369;0;0;130;0;202;0;
21141;10372369;1227509760;28049408;1374044160;0;0;0;0;0;0;0;0;0;0;0;4969;0;0;130;0;202;0;
21142;3835632;1227509760;28049408;1374044160;0;0;0;0;0;0;0;0;0;0;0;4007;0;0;130;0;202;0;
21143;9782403;1227509760;28049408;1374044160;0;0;0;0;0;0;0;0;0;0;0;3878;0;0;130;0;202;0;
21144;5175024;1227509760;28049408;1374044160;0;0;0;0;0;0;0;0;0;0;0;5139;0;0;130;0;202;0;
21145;7927795;1227509760;28049408;1374044160;0;0;0;0;0;0;0;0;0;0;0;5029;0;0;130;0;202;0;
21146;8064722;1227509760;28049408;1374044160;0;0;0;0;0;0;0;0;0;0;0;3707;0;0;130;0;202;0;
21147;8622187;1227509760;28049408;1374044160;0;0;0;0;0;0;0;0;0;0;0;3567;0;0;130;0;202;0;
21148;6512631;1227509760;28049408;1374044160;0;0;0;0;0;0;0;0;0;0;0;3356;0;0;130;0;202;0;
21149;10876534;1227509760;28049408;1374044160;0;0;0;0;0;0;0;0;0;0;0;4167;0;0;130;0;202;0;
21150;5791900;1227509760;28049408;1374044160;0;0;0;0;0;0;0;0;0;0;0;3016;0;0;130;0;202;0;
21151;9830362;1227509760;28049408;1374044160;0;0;0;0;0;0;0;0;0;0;0;5209;0;0;130;0;202;0;
21152;8525826;1227509760;28053504;1374048256;0;0;0;0;0;0;0;0;0;0;0;4488;0;0;130;0;202;0;
21153;10558588;1227509760;28053504;1374048256;0;0;0;0;0;0;0;0;0;0;0;5089;0;0;130;0;202;0;
21154;7778054;1227509760;28053504;1374048256;0;0;0;0;0;0;0;0;0;0;0;4909;0;0;130;0;202;0;
21155;11188519;1227509760;28053504;1374048256;0;0;0;0;0;0;0;0;0;0;0;4649;0;0;130;0;202;0;
21156;5628754;1227509760;28053504;1374048256;0;0;0;0;0;0;0;0;0;0;0;4388;0;0;130;0;202;0;
21157;10682270;1227509760;28053504;1374048256;0;0;0;0;0;0;0;0;0;0;0;4258;0;0;130;0;202;0;
21158;5028269;1227509760;28049408;1374044160;0;0;0;0;0;0;0;0;0;0;0;4147;0;0;130;0;202;0;
21159;9682255;1227509760;28049408;1374044160;0;0;0;0;0;0;0;0;0;0;0;4358;0;0;130;0;202;0;
21160;7845230;1227505664;28045312;1374040064;0;0;0;0;0;0;0;0;0;0;0;3757;0;0;130;0;202;0;
21161;9070958;1227505664;28045312;1374040064;0;0;0;0;0;0;0;0;0;0;0;3687;0;0;130;0;202;0;
21162;12188073;1227505664;28045312;1374040064;0;0;0;0;0;0;0;0;0;0;0;4028;0;0;130;0;202;0;
21163;9947712;1227505664;28045312;1374040064;0;0;0;0;0;0;0;0;0;0;0;3457;0;0;130;0;202;0;
21164;5813891;1227505664;28057600;1374052352;0;0;0;0;0;0;0;0;0;0;0;4068;0;0;130;0;202;0;
21165;8197842;1227505664;28057600;1374052352;0;0;0;0;0;0;0;0;0;0;0;3386;0;0;130;0;202;0;
21166;8328205;1227505664;28057600;1374052352;0;0;0;0;0;0;0;0;0;0;0;3446;0;0;130;0;202;0;
21167;8012564;1227505664;28057600;1374052352;0;0;0;0;0;0;0;0;0;0;0;2846;0;0;130;0;202;0;
21168;7350913;1227505664;28057600;1374052352;0;0;0;0;0;0;0;0;0;0;0;3847;0;0;130;0;202;0;
21169;7588108;1227505664;28057600;1374052352;0;0;0;0;0;0;0;0;0;0;0;3236;0;0;130;0;202;0;
21170;9110042;1227509760;28049408;1374044160;0;0;0;0;0;0;0;0;0;0;0;3747;0;0;130;0;202;0;
21171;11897739;1227509760;28049408;1374044160;0;0;0;0;0;0;0;0;0;0;0;5801;0;0;130;0;202;0;
21172;7668800;1227505664;28045312;1374040064;0;0;0;0;0;0;0;0;0;0;0;39735;0;0;130;0;202;0;
21173;9716058;1227505664;28045312;1374040064;0;0;0;0;0;0;0;0;0;0;0;3486;0;0;130;0;202;0;
21174;8836249;1227505664;28045312;1374040064;0;0;0;0;0;0;0;0;0;0;0;2966;0;0;130;0;202;0;
21175;8503033;1227505664;28045312;1374040064;0;0;0;0;0;0;0;0;0;0;0;4228;0;0;130;0;202;0;
21176;6333676;1227505664;28045312;1374040064;0;0;0;0;0;0;0;0;0;0;0;4368;0;0;130;0;202;0;
21177;9128215;1227505664;28045312;1374040064;0;0;0;0;0;0;0;0;0;0;0;4078;0;0;130;0;202;0;
21178;6268484;1227505664;28045312;1374040064;0;0;0;0;0;0;0;0;0;0;0;3436;0;0;130;0;202;0;
21179;9463004;1227505664;28045312;1374040064;0;0;0;0;0;0;0;0;0;0;0;2895;0;0;130;0;202;0;
21180;7273649;1227505664;28045312;1374040064;0;0;0;0;0;0;0;0;0;0;0;3246;0;0;130;0;202;0;
21181;8031951;1227505664;28045312;1374040064;0;0;0;0;0;0;0;0;0;0;0;4268;0;0;130;0;202;0;
21182;6500288;1227505664;28045312;1374040064;0;0;0;0;0;0;0;0;0;0;0;4578;0;0;130;0;202;0;
21183;8120777;1227505664;28045312;1374040064;0;0;0;0;0;0;0;0;0;0;0;3156;0;0;130;0;202;0;
21184;6740238;1227505664;28045312;1374040064;0;0;0;0;0;0;0;0;0;0;0;4539;0;0;130;0;202;0;
21185;8525486;1227505664;28045312;1374040064;0;0;0;0;0;0;0;0;0;0;0;5000;0;0;130;0;202;0;
21186;9823109;1227505664;28045312;1374040064;0;0;0;0;0;0;0;0;0;0;0;4939;0;0;130;0;202;0;
21187;8737113;1227505664;28045312;1374040064;0;0;0;0;0;0;0;0;0;0;0;3697;0;0;130;0;202;0;
21188;9349591;1227505664;28045312;1374040064;0;0;0;0;0;0;0;0;0;0;0;3226;0;0;130;0;202;0;
21189;6500308;1227505664;28045312;1374040064;0;0;0;0;0;0;0;0;0;0;0;3357;0;0;130;0;202;0;
21190;9461891;1227505664;28045312;1374040064;0;0;0;0;0;0;0;0;0;0;0;3256;0;0;130;0;202;0;
21191;10050576;1227505664;28045312;1374040064;0;0;0;0;0;0;0;0;0;0;0;2985;0;0;130;0;202;0;
21192;14057749;1227505664;28045312;1374040064;0;0;0;0;0;0;0;0;0;0;0;12594;0;0;130;0;202;0;
21193;11131653;1227505664;28045312;1374040064;0;0;0;0;0;0;0;0;0;0;0;4418;0;0;130;0;202;0;
21194;9383675;1227505664;28049408;1374044160;0;0;0;0;0;0;0;0;0;0;0;4719;0;0;130;0;202;0;
21195;9409493;1227505664;28049408;1374044160;0;0;0;0;0;0;0;0;0;0;0;4138;0;0;130;0;202;0;
21196;9828870;1227505664;28049408;1374044160;0;0;0;0;0;0;0;0;0;0;0;3597;0;0;130;0;202;0;
21197;10500368;1227505664;28049408;1374044160;0;0;0;0;0;0;0;0;0;0;0;139932;0;0;130;0;202;0;
21198;9519159;1227505664;28053504;1374048256;0;0;0;0;0;0;0;0;0;0;0;5030;0;0;130;0;202;0;
21199;11931842;1227505664;28053504;1374048256;0;0;0;0;0;0;0;0;0;0;0;4348;0;0;130;0;202;0;
21200;8384781;1227505664;28053504;1374048256;0;0;0;0;0;0;0;0;0;0;0;4278;0;0;130;0;202;0;
21201;9219888;1227505664;28053504;1374048256;0;0;0;0;0;0;0;0;0;0;0;3366;0;0;130;0;202;0;
21202;7613827;1227505664;28053504;1374048256;0;0;0;0;0;0;0;0;0;0;0;4398;0;0;130;0;202;0;
21203;7193458;1227505664;28053504;1374048256;0;0;0;0;0;0;0;0;0;0;0;3456;0;0;130;0;202;0;
21204;8440907;1227509760;28049408;1374044160;0;0;0;0;0;0;0;0;0;0;0;4689;0;0;130;0;202;0;
21205;8654427;1227509760;28049408;1374044160;0;0;0;0;0;0;0;0;0;0;0;4668;0;0;130;0;202;0;
21206;6610144;1227505664;28045312;1374040064;0;0;0;0;0;0;0;0;0;0;0;4057;0;0;130;0;202;0;
21207;7256797;1227505664;28045312;1374040064;0;0;0;0;0;0;0;0;0;0;0;3506;0;0;130;0;202;0;
21208;6326472;1227505664;28045312;1374040064;0;0;0;0;0;0;0;0;0;0;0;4328;0;0;130;0;202;0;
21209;9075557;1227505664;28045312;1374040064;0;0;0;0;0;0;0;0;0;0;0;6792;0;0;130;0;202;0;
21210;6205004;1227505664;28045312;1374040064;0;0;0;0;0;0;0;0;0;0;0;3567;0;0;130;0;202;0;
21211;8137047;1227505664;28045312;1374040064;0;0;0;0;0;0;0;0;0;0;0;3677;0;0;130;0;202;0;
21212;7442235;1227505664;28045312;1374040064;0;0;0;0;0;0;0;0;0;0;0;3296;0;0;130;0;202;0;
21213;7214548;1227505664;28045312;1374040064;0;0;0;0;0;0;0;0;0;0;0;4118;0;0;130;0;202;0;
21214;6607569;1227505664;28045312;1374040064;0;0;0;0;0;0;0;0;0;0;0;3556;0;0;130;0;202;0;
21215;8572043;1227505664;28045312;1374040064;0;0;0;0;0;0;0;0;0;0;0;3437;0;0;130;0;202;0;
21216;6809748;1227505664;28045312;1374040064;0;0;0;0;0;0;0;0;0;0;0;3497;0;0;130;0;202;0;
21217;7114931;1227505664;28045312;1374040064;0;0;0;0;0;0;0;0;0;0;0;4258;0;0;130;0;202;0;
21218;5670843;1227505664;28045312;1374040064;0;0;0;0;0;0;0;0;0;0;0;4067;0;0;130;0;202;0;
21219;7721247;1227505664;28045312;1374040064;0;0;0;0;0;0;0;0;0;0;0;4338;0;0;130;0;202;0;
21220;5793313;1227505664;28045312;1374040064;0;0;0;0;0;0;0;0;0;0;0;3817;0;0;130;0;202;0;
21221;7386720;1227505664;28045312;1374040064;0;0;0;0;0;0;0;0;0;0;0;4629;0;0;130;0;202;0;
21222;6487053;1227505664;28045312;1374040064;0;0;0;0;0;0;0;0;0;0;0;4739;0;0;130;0;202;0;
21223;8614933;1227505664;28045312;1374040064;0;0;0;0;0;0;0;0;0;0;0;4157;0;0;130;0;202;0;
21224;6609474;1227505664;28057600;1374052352;0;0;0;0;0;0;0;0;0;0;0;4458;0;0;130;0;202;0;
21225;7068815;1227505664;28057600;1374052352;0;0;0;0;0;0;0;0;0;0;0;2865;0;0;130;0;202;0;
21226;7670753;1227505664;28057600;1374052352;0;0;0;0;0;0;0;0;0;0;0;4128;0;0;130;0;202;0;
21227;8907132;1227505664;28057600;1374052352;0;0;0;0;0;0;0;0;0;0;0;4188;0;0;130;0;202;0;
21228;8448943;1227505664;28057600;1374052352;0;0;0;0;0;0;0;0;0;0;0;4188;0;0;130;0;202;0;
21229;12510668;1227505664;28057600;1374052352;0;0;0;0;0;0;0;0;0;0;0;2976;0;0;130;0;202;0;
21230;8053631;1227509760;28049408;1374044160;0;0;0;0;0;0;0;0;0;0;0;4278;0;0;130;0;202;0;
21231;6308078;1227509760;28049408;1374044160;0;0;0;0;0;0;0;0;0;0;0;129443;0;0;130;0;202;0;
21232;8910097;1227509760;28049408;1374044160;0;0;0;0;0;0;0;0;0;0;0;4919;0;0;130;0;202;0;
21233;10866926;1227509760;28049408;1374044160;0;0;0;0;0;0;0;0;0;0;0;3126;0;0;130;0;202;0;
21234;7466791;1227509760;28049408;1374044160;0;0;0;0;0;0;0;0;0;0;0;3727;0;0;130;0;202;0;
21235;9091958;1227509760;28049408;1374044160;0;0;0;0;0;0;0;0;0;0;0;3507;0;0;130;0;202;0;
21236;9611172;1227509760;28049408;1374044160;0;0;0;0;0;0;0;0;0;0;0;4669;0;0;130;0;202;0;
21237;9788634;1227509760;28049408;1374044160;0;0;0;0;0;0;0;0;0;0;0;4128;0;0;130;0;202;0;
21238;7911715;1227509760;28049408;1374044160;0;0;0;0;0;0;0;0;0;0;0;3607;0;0;130;0;202;0;
21239;7219537;1227509760;28049408;1374044160;0;0;0;0;0;0;0;0;0;0;0;4127;0;0;130;0;202;0;
21240;7617123;1227505664;28045312;1374040064;0;0;0;0;0;0;0;0;0;0;0;4208;0;0;130;0;202;0;
21241;7476178;1227505664;28045312;1374040064;0;0;0;0;0;0;0;0;0;0;0;3306;0;0;130;0;202;0;
21242;6015549;1227505664;28045312;1374040064;0;0;0;0;0;0;0;0;0;0;0;4318;0;0;130;0;202;0;
21243;7526613;1227505664;28045312;1374040064;0;0;0;0;0;0;0;0;0;0;0;3056;0;0;130;0;202;0;
21244;7967078;1227505664;28045312;1374040064;0;0;0;0;0;0;0;0;0;0;0;3396;0;0;130;0;202;0;
21245;8132048;1227505664;28045312;1374040064;0;0;0;0;0;0;0;0;0;0;0;3637;0;0;130;0;202;0;
21246;7550898;1227505664;28045312;1374040064;0;0;0;0;0;0;0;0;0;0;0;3817;0;0;130;0;202;0;
21247;8443161;1227505664;28045312;1374040064;0;0;0;0;0;0;0;0;0;0;0;3596;0;0;130;0;202;0;
21248;7856842;1227505664;28045312;1374040064;0;0;0;0;0;0;0;0;0;0;0;3757;0;0;130;0;202;0;
21249;8768060;1227505664;28045312;1374040064;0;0;0;0;0;0;0;0;0;0;0;3656;0;0;130;0;202;0;
21250;8084389;1227505664;28045312;1374040064;0;0;0;0;0;0;0;0;0;0;0;3486;0;0;130;0;202;0;
21251;12098746;1227505664;28045312;1374040064;0;0;0;0;0;0;0;0;0;0;0;3917;0;0;130;0;202;0;
21252;7056421;1227505664;28045312;1374040064;0;0;0;0;0;0;0;0;0;0;0;4418;0;0;130;0;202;0;
21253;8121899;1227505664;28045312;1374040064;0;0;0;0;0;0;0;0;0;0;0;3336;0;0;130;0;202;0;
21254;8319379;1227505664;28045312;1374040064;0;0;0;0;0;0;0;0;0;0;0;3987;0;0;130;0;202;0;
21255;12030678;1227505664;28045312;1374040064;0;0;0;0;0;0;0;0;0;0;0;3477;0;0;130;0;202;0;
21256;10506390;1227505664;28045312;1374040064;0;0;0;0;0;0;0;0;0;0;0;5670;0;0;130;0;202;0;
21257;8087655;1227505664;28045312;1374040064;0;0;0;0;0;0;0;0;0;0;0;3166;0;0;130;0;202;0;
21258;8284755;1227505664;28045312;1374040064;0;0;0;0;0;0;0;0;0;0;0;4769;0;0;130;0;202;0;
21259;9954375;1227505664;28045312;1374040064;0;0;0;0;0;0;0;0;0;0;0;3446;0;0;130;0;202;0;
21260;6613461;1227505664;28045312;1374040064;0;0;0;0;0;0;0;0;0;0;0;3907;0;0;130;0;202;0;
21261;10069510;1227505664;28045312;1374040064;0;0;0;0;0;0;0;0;0;0;0;3576;0;0;130;0;202;0;
21262;6360316;1227505664;28045312;1374040064;0;0;0;0;0;0;0;0;0;0;0;4419;0;0;130;0;202;0;
21263;9196464;1227505664;28045312;1374040064;0;0;0;0;0;0;0;0;0;0;0;4047;0;0;130;0;202;0;
21264;6144992;1227505664;28045312;1374040064;0;0;0;0;0;0;0;0;0;0;0;3967;0;0;130;0;202;0;
21265;8648647;1227505664;28045312;1374040064;0;0;0;0;0;0;0;0;0;0;0;4048;0;0;130;0;202;0;
21266;5134037;1227505664;28045312;1374040064;0;0;0;0;0;0;0;0;0;0;0;3196;0;0;130;0;202;0;
21267;10266130;1227505664;28045312;1374040064;0;0;0;0;0;0;0;0;0;0;0;4007;0;0;130;0;202;0;
21268;7171427;1227505664;28045312;1374040064;0;0;0;0;0;0;0;0;0;0;0;3597;0;0;130;0;202;0;
21269;9543424;1227505664;28045312;1374040064;0;0;0;0;0;0;0;0;0;0;0;4308;0;0;130;0;202;0;
21270;6479991;1227505664;28045312;1374040064;0;0;0;0;0;0;0;0;0;0;0;3978;0;0;130;0;202;0;
21271;9120031;1227505664;28045312;1374040064;0;0;0;0;0;0;0;0;0;0;0;4428;0;0;130;0;202;0;
21272;5551920;1227505664;28045312;1374040064;0;0;0;0;0;0;0;0;0;0;0;4118;0;0;130;0;202;0;
21273;11171827;1227505664;28045312;1374040064;0;0;0;0;0;0;0;0;0;0;0;3948;0;0;130;0;202;0;
21274;5772093;1227505664;28045312;1374040064;0;0;0;0;0;0;0;0;0;0;0;4128;0;0;130;0;202;0;
21275;10632316;1227505664;28045312;1374040064;0;0;0;0;0;0;0;0;0;0;0;4268;0;0;130;0;202;0;
21276;4268974;1227505664;28045312;1374040064;0;0;0;0;0;0;0;0;0;0;0;4649;0;0;130;0;202;0;
21277;8193232;1227505664;28045312;1374040064;0;0;0;0;0;0;0;0;0;0;0;4068;0;0;130;0;202;0;
21278;7468113;1227505664;28045312;1374040064;0;0;0;0;0;0;0;0;0;0;0;3677;0;0;130;0;202;0;
21279;7551990;1227505664;28045312;1374040064;0;0;0;0;0;0;0;0;0;0;0;5310;0;0;130;0;202;0;
21280;8047550;1227505664;28045312;1374040064;0;0;0;0;0;0;0;0;0;0;0;4157;0;0;130;0;202;0;
21281;8376356;1227505664;28045312;1374040064;0;0;0;0;0;0;0;0;0;0;0;3557;0;0;130;0;202;0;
21282;5453496;1227505664;28045312;1374040064;0;0;0;0;0;0;0;0;0;0;0;4980;0;0;130;0;202;0;
21283;9341425;1227505664;28045312;1374040064;0;0;0;0;0;0;0;0;0;0;0;3948;0;0;130;0;202;0;
21284;6916890;1227505664;28045312;1374040064;0;0;0;0;0;0;0;0;0;0;0;3186;0;0;130;0;202;0;
21285;10635692;1227505664;28045312;1374040064;0;0;0;0;0;0;0;0;0;0;0;4098;0;0;130;0;202;0;
21286;5400436;1227505664;28045312;1374040064;0;0;0;0;0;0;0;0;0;0;0;4429;0;0;130;0;202;0;
21287;11062021;1227505664;28045312;1374040064;0;0;0;0;0;0;0;0;0;0;0;3808;0;0;130;0;202;0;
21288;5257237;1227505664;28045312;1374040064;0;0;0;0;0;0;0;0;0;0;0;3326;0;0;130;0;202;0;
21289;10761959;1227505664;28045312;1374040064;0;0;0;0;0;0;0;0;0;0;0;4529;0;0;130;0;202;0;
21290;7231851;1227505664;28045312;1374040064;0;0;0;0;0;0;0;0;0;0;0;4147;0;0;130;0;202;0;
21291;10137038;1227505664;28045312;1374040064;0;0;0;0;0;0;0;0;0;0;0;3857;0;0;130;0;202;0;
21292;7412960;1227505664;28045312;1374040064;0;0;0;0;0;0;0;0;0;0;0;3456;0;0;130;0;202;0;
21293;7261526;1227505664;28045312;1374040064;0;0;0;0;0;0;0;0;0;0;0;3546;0;0;130;0;202;0;
21294;9387952;1227505664;28045312;1374040064;0;0;0;0;0;0;0;0;0;0;0;4028;0;0;130;0;202;0;
21295;7526352;1227505664;28045312;1374040064;0;0;0;0;0;0;0;0;0;0;0;3356;0;0;130;0;202;0;
21296;6155552;1227505664;28045312;1374040064;0;0;0;0;0;0;0;0;0;0;0;4058;0;0;130;0;202;0;
21297;7762144;1227505664;28045312;1374040064;0;0;0;0;0;0;0;0;0;0;0;3486;0;0;130;0;202;0;
21298;9984561;1227505664;28045312;1374040064;0;0;0;0;0;0;0;0;0;0;0;5390;0;0;130;0;202;0;
21299;8309330;1227505664;28045312;1374040064;0;0;0;0;0;0;0;0;0;0;0;4929;0;0;130;0;202;0;
21300;8941706;1227505664;28045312;1374040064;0;0;0;0;0;0;0;0;0;0;0;4228;0;0;130;0;202;0;
21301;8473548;1227505664;28045312;1374040064;0;0;0;0;0;0;0;0;0;0;0;3997;0;0;130;0;202;0;
21302;7023910;1227505664;28045312;1374040064;0;0;0;0;0;0;0;0;0;0;0;4158;0;0;130;0;202;0;
21303;8795422;1227505664;28045312;1374040064;0;0;0;0;0;0;0;0;0;0;0;3246;0;0;130;0;202;0;
21304;6659277;1227505664;28049408;1374044160;0;0;0;0;0;0;0;0;0;0;0;2946;0;0;130;0;202;0;
21305;13993389;1227505664;28049408;1374044160;0;0;0;0;0;0;0;0;0;0;0;4078;0;0;130;0;202;0;
21306;5468694;1227505664;28049408;1374044160;0;0;0;0;0;0;0;0;0;0;0;3747;0;0;130;0;202;0;
21307;8708258;1227505664;28049408;1374044160;0;0;0;0;0;0;0;0;0;0;0;4629;0;0;130;0;202;0;
21308;4772048;1227505664;28049408;1374044160;0;0;0;0;0;0;0;0;0;0;0;3697;0;0;130;0;202;0;
21309;6593283;1227505664;28049408;1374044160;0;0;0;0;0;0;0;0;0;0;0;4739;0;0;130;0;202;0;
21310;5277075;1227505664;28049408;1374044160;0;0;0;0;0;0;0;0;0;0;0;3606;0;0;130;0;202;0;
21311;7848967;1227505664;28049408;1374044160;0;0;0;0;0;0;0;0;0;0;0;2595;0;0;130;0;202;0;
21312;8091562;1227505664;28045312;1374040064;0;0;0;0;0;0;0;0;0;0;0;4218;0;0;130;0;202;0;
21313;7209829;1227505664;28045312;1374040064;0;0;0;0;0;0;0;0;0;0;0;3867;0;0;130;0;202;0;
21314;7962300;1227505664;28045312;1374040064;0;0;0;0;0;0;0;0;0;0;0;3567;0;0;130;0;202;0;
21315;10809849;1227505664;28045312;1374040064;0;0;0;0;0;0;0;0;0;0;0;5150;0;0;130;0;202;0;
21316;4971242;1227505664;28045312;1374040064;0;0;0;0;0;0;0;0;0;0;0;3146;0;0;130;0;202;0;
21317;8383109;1227505664;28045312;1374040064;0;0;0;0;0;0;0;0;0;0;0;2855;0;0;130;0;202;0;
21318;9186194;1227505664;28045312;1374040064;0;0;0;0;0;0;0;0;0;0;0;4589;0;0;130;0;202;0;
21319;9299297;1227505664;28045312;1374040064;0;0;0;0;0;0;0;0;0;0;0;44163;0;0;130;0;202;0;
21320;5505804;1227505664;28045312;1374040064;0;0;0;0;0;0;0;0;0;0;0;4017;0;0;130;0;202;0;
21321;10993153;1227505664;28045312;1374040064;0;0;0;0;0;0;0;0;0;0;0;4628;0;0;130;0;202;0;
21322;3617523;1227505664;28045312;1374040064;0;0;0;0;0;0;0;0;0;0;0;3677;0;0;130;0;202;0;
21323;9605681;1227505664;28045312;1374040064;0;0;0;0;0;0;0;0;0;0;0;4688;0;0;130;0;202;0;
21324;5134638;1227505664;28045312;1374040064;0;0;0;0;0;0;0;0;0;0;0;3506;0;0;130;0;202;0;
21325;8162295;1227505664;28045312;1374040064;0;0;0;0;0;0;0;0;0;0;0;5190;0;0;130;0;202;0;
21326;7341506;1227505664;28045312;1374040064;0;0;0;0;0;0;0;0;0;0;0;5159;0;0;130;0;202;0;
21327;10651562;1227505664;28045312;1374040064;0;0;0;0;0;0;0;0;0;0;0;5550;0;0;130;0;202;0;
21328;10064060;1227505664;28045312;1374040064;0;0;0;0;0;0;0;0;0;0;0;4729;0;0;130;0;202;0;
21329;8087996;1227505664;28045312;1374040064;0;0;0;0;0;0;0;0;0;0;0;4228;0;0;130;0;202;0;
21330;8475802;1227505664;28045312;1374040064;0;0;0;0;0;0;0;0;0;0;0;3046;0;0;130;0;202;0;
21331;8369383;1227505664;28045312;1374040064;0;0;0;0;0;0;0;0;0;0;0;4739;0;0;130;0;202;0;
21332;5999950;1227505664;28045312;1374040064;0;0;0;0;0;0;0;0;0;0;0;3427;0;0;130;0;202;0;
21333;8798829;1227505664;28045312;1374040064;0;0;0;0;0;0;0;0;0;0;0;4217;0;0;130;0;202;0;
21334;7909059;1227505664;28045312;1374040064;0;0;0;0;0;0;0;0;0;0;0;4087;0;0;130;0;202;0;
21335;10411342;1227505664;28045312;1374040064;0;0;0;0;0;0;0;0;0;0;0;4398;0;0;130;0;202;0;
21336;5559945;1227505664;28045312;1374040064;0;0;0;0;0;0;0;0;0;0;0;3958;0;0;130;0;202;0;
21337;9567870;1227505664;28045312;1374040064;0;0;0;0;0;0;0;0;0;0;0;5711;0;0;130;0;202;0;
21338;6861656;1227505664;28045312;1374040064;0;0;0;0;0;0;0;0;0;0;0;3506;0;0;130;0;202;0;
21339;8503504;1227505664;28045312;1374040064;0;0;0;0;0;0;0;0;0;0;0;3357;0;0;130;0;202;0;
21340;7908720;1227505664;28045312;1374040064;0;0;0;0;0;0;0;0;0;0;0;4148;0;0;130;0;202;0;
21341;9560927;1227505664;28045312;1374040064;0;0;0;0;0;0;0;0;0;0;0;3496;0;0;130;0;202;0;
21342;8490400;1227505664;28045312;1374040064;0;0;0;0;0;0;0;0;0;0;0;4599;0;0;130;0;202;0;
21343;9922475;1227505664;28045312;1374040064;0;0;0;0;0;0;0;0;0;0;0;3777;0;0;130;0;202;0;
21344;6221997;1227505664;28045312;1374040064;0;0;0;0;0;0;0;0;0;0;0;4047;0;0;130;0;202;0;
21345;8092244;1227505664;28045312;1374040064;0;0;0;0;0;0;0;0;0;0;0;3216;0;0;130;0;202;0;
21346;5300559;1227505664;28045312;1374040064;0;0;0;0;0;0;0;0;0;0;0;3817;0;0;130;0;202;0;
21347;9299267;1227505664;28045312;1374040064;0;0;0;0;0;0;0;0;0;0;0;3827;0;0;130;0;202;0;
21348;6727294;1227505664;28049408;1374044160;0;0;0;0;0;0;0;0;0;0;0;3918;0;0;130;0;202;0;
21349;9017518;1227505664;28049408;1374044160;0;0;0;0;0;0;0;0;0;0;0;4258;0;0;130;0;202;0;
21350;5312872;1227505664;28049408;1374044160;0;0;0;0;0;0;0;0;0;0;0;3797;0;0;130;0;202;0;
21351;10236784;1227505664;28049408;1374044160;0;0;0;0;0;0;0;0;0;0;0;3757;0;0;130;0;202;0;
21352;14357721;1227505664;28049408;1374044160;0;0;0;0;0;0;0;0;0;0;0;137538;0;0;130;0;202;0;
21353;9372975;1227505664;28049408;1374044160;0;0;0;0;0;0;0;0;0;0;0;3767;0;0;130;0;202;0;
21354;6436969;1227505664;28049408;1374044160;0;0;0;0;0;0;0;0;0;0;0;3777;0;0;130;0;202;0;
21355;7233263;1227505664;28049408;1374044160;0;0;0;0;0;0;0;0;0;0;0;3116;0;0;130;0;202;0;
21356;5389996;1227505664;28049408;1374044160;0;0;0;0;0;0;0;0;0;0;0;3246;0;0;130;0;202;0;
21357;8343595;1227505664;28049408;1374044160;0;0;0;0;0;0;0;0;0;0;0;3337;0;0;130;0;202;0;
21358;6152847;1227505664;28049408;1374044160;0;0;0;0;0;0;0;0;0;0;0;4639;0;0;130;0;202;0;
21359;9106695;1227505664;28049408;1374044160;0;0;0;0;0;0;0;0;0;0;0;4238;0;0;130;0;202;0;
21360;5238723;1227505664;28049408;1374044160;0;0;0;0;0;0;0;0;0;0;0;3837;0;0;130;0;202;0;
21361;9413009;1227505664;28049408;1374044160;0;0;0;0;0;0;0;0;0;0;0;3136;0;0;130;0;202;0;
21362;6390492;1227505664;28049408;1374044160;0;0;0;0;0;0;0;0;0;0;0;4048;0;0;130;0;202;0;
21363;9414633;1227505664;28049408;1374044160;0;0;0;0;0;0;0;0;0;0;0;4849;0;0;130;0;202;0;
21364;7156209;1227505664;28049408;1374044160;0;0;0;0;0;0;0;0;0;0;0;4278;0;0;130;0;202;0;
21365;9908609;1227505664;28049408;1374044160;0;0;0;0;0;0;0;0;0;0;0;4118;0;0;130;0;202;0;
21366;4343234;1227505664;28049408;1374044160;0;0;0;0;0;0;0;0;0;0;0;5170;0;0;130;0;202;0;
21367;10506400;1227505664;28049408;1374044160;0;0;0;0;0;0;0;0;0;0;0;3597;0;0;130;0;202;0;
21368;6261891;1227505664;28049408;1374044160;0;0;0;0;0;0;0;0;0;0;0;3457;0;0;130;0;202;0;
21369;9858595;1227505664;28049408;1374044160;0;0;0;0;0;0;0;0;0;0;0;3196;0;0;130;0;202;0;
21370;5167539;1227505664;28049408;1374044160;0;0;0;0;0;0;0;0;0;0;0;4518;0;0;130;0;202;0;
21371;8575300;1227505664;28049408;1374044160;0;0;0;0;0;0;0;0;0;0;0;4920;0;0;130;0;202;0;
21372;4912711;1227505664;28049408;1374044160;0;0;0;0;0;0;0;0;0;0;0;4318;0;0;130;0;202;0;
21373;7917115;1227505664;28049408;1374044160;0;0;0;0;0;0;0;0;0;0;0;3437;0;0;130;0;202;0;
21374;8005571;1227505664;28049408;1374044160;0;0;0;0;0;0;0;0;0;0;0;4188;0;0;130;0;202;0;
21375;9656306;1227505664;28049408;1374044160;0;0;0;0;0;0;0;0;0;0;0;4067;0;0;130;0;202;0;
21376;5267967;1227505664;28049408;1374044160;0;0;0;0;0;0;0;0;0;0;0;3417;0;0;130;0;202;0;
21377;8917801;1227505664;28049408;1374044160;0;0;0;0;0;0;0;0;0;0;0;4579;0;0;130;0;202;0;
21378;4847599;1227505664;28049408;1374044160;0;0;0;0;0;0;0;0;0;0;0;4909;0;0;130;0;202;0;
21379;8782888;1227505664;28049408;1374044160;0;0;0;0;0;0;0;0;0;0;0;3196;0;0;130;0;202;0;
21380;4869841;1227505664;28049408;1374044160;0;0;0;0;0;0;0;0;0;0;0;2976;0;0;130;0;202;0;
21381;6324518;1227505664;28049408;1374044160;0;0;0;0;0;0;0;0;0;0;0;4719;0;0;130;0;202;0;
21382;7940268;1227505664;28049408;1374044160;0;0;0;0;0;0;0;0;0;0;0;3647;0;0;130;0;202;0;
21383;7784326;1227505664;28049408;1374044160;0;0;0;0;0;0;0;0;0;0;0;3447;0;0;130;0;202;0;
21384;9701361;1227505664;28049408;1374044160;0;0;0;0;0;0;0;0;0;0;0;3787;0;0;130;0;202;0;
21385;9929699;1227505664;28049408;1374044160;0;0;0;0;0;0;0;0;0;0;0;3737;0;0;130;0;202;0;
21386;5044970;1227505664;28049408;1374044160;0;0;0;0;0;0;0;0;0;0;0;3346;0;0;130;0;202;0;
21387;6600466;1227505664;28049408;1374044160;0;0;0;0;0;0;0;0;0;0;0;3777;0;0;130;0;202;0;
21388;10799379;1227505664;28049408;1374044160;0;0;0;0;0;0;0;0;0;0;0;4979;0;0;130;0;202;0;
21389;9647990;1227505664;28049408;1374044160;0;0;0;0;0;0;0;0;0;0;0;4438;0;0;130;0;202;0;
21390;8153318;1227505664;28049408;1374044160;0;0;0;0;0;0;0;0;0;0;0;4177;0;0;130;0;202;0;
21391;9101476;1227505664;28049408;1374044160;0;0;0;0;0;0;0;0;0;0;0;4058;0;0;130;0;202;0;
21392;5323712;1227505664;28049408;1374044160;0;0;0;0;0;0;0;0;0;0;0;4098;0;0;130;0;202;0;
21393;10815360;1227505664;28049408;1374044160;0;0;0;0;0;0;0;0;0;0;0;5290;0;0;130;0;202;0;
21394;4695113;1227505664;28049408;1374044160;0;0;0;0;0;0;0;0;0;0;0;3847;0;0;130;0;202;0;
21395;8110307;1227505664;28049408;1374044160;0;0;0;0;0;0;0;0;0;0;0;5220;0;0;130;0;202;0;
21396;5072872;1227505664;28049408;1374044160;0;0;0;0;0;0;0;0;0;0;0;4068;0;0;130;0;202;0;
21397;6408647;1227505664;28049408;1374044160;0;0;0;0;0;0;0;0;0;0;0;3497;0;0;130;0;202;0;
21398;7466249;1227505664;28049408;1374044160;0;0;0;0;0;0;0;0;0;0;0;3957;0;0;130;0;202;0;
21399;6108664;1227505664;28049408;1374044160;0;0;0;0;0;0;0;0;0;0;0;4228;0;0;130;0;202;0;
21400;5539447;1227505664;28049408;1374044160;0;0;0;0;0;0;0;0;0;0;0;3406;0;0;130;0;202;0;
21401;5298986;1227505664;28049408;1374044160;0;0;0;0;0;0;0;0;0;0;0;2665;0;0;130;0;202;0;
21402;5267126;1227505664;28049408;1374044160;0;0;0;0;0;0;0;0;0;0;0;4719;0;0;130;0;202;0;
21403;8422903;1227505664;28049408;1374044160;0;0;0;0;0;0;0;0;0;0;0;3626;0;0;130;0;202;0;
21404;5644554;1227505664;28049408;1374044160;0;0;0;0;0;0;0;0;0;0;0;3747;0;0;130;0;202;0;
21405;7098660;1227505664;28049408;1374044160;0;0;0;0;0;0;0;0;0;0;0;4439;0;0;130;0;202;0;
21406;5600030;1227505664;28049408;1374044160;0;0;0;0;0;0;0;0;0;0;0;4318;0;0;130;0;202;0;
21407;8455344;1227505664;28049408;1374044160;0;0;0;0;0;0;0;0;0;0;0;3637;0;0;130;0;202;0;
21408;7335284;1227505664;28069888;1374064640;0;0;0;0;0;0;0;0;0;0;0;3115;0;0;130;0;202;0;
21409;7403963;1227505664;28069888;1374064640;0;0;0;0;0;0;0;0;0;0;0;3546;0;0;130;0;202;0;
21410;6121298;1227505664;28069888;1374064640;0;0;0;0;0;0;0;0;0;0;0;4258;0;0;130;0;202;0;
21411;6198593;1227505664;28069888;1374064640;0;0;0;0;0;0;0;0;0;0;0;3015;0;0;130;0;202;0;
21412;5115221;1227505664;28069888;1374064640;0;0;0;0;0;0;0;0;0;0;0;4469;0;0;130;0;202;0;
21413;6780293;1227505664;28069888;1374064640;0;0;0;0;0;0;0;0;0;0;0;4038;0;0;130;0;202;0;
21414;7058505;1227526144;28065792;1374060544;0;0;0;0;0;0;0;0;0;0;0;3577;0;0;130;0;202;0;
21415;7202986;1227526144;28065792;1374060544;0;0;0;0;0;0;0;0;0;0;0;3537;0;0;130;0;202;0;
21416;6369403;1227522048;28061696;1374056448;0;0;0;0;0;0;0;0;0;0;0;4338;0;0;130;0;202;0;
21417;6250821;1227522048;28061696;1374056448;0;0;0;0;0;0;0;0;0;0;0;3076;0;0;130;0;202;0;
21418;5953564;1227509760;28049408;1374044160;0;0;0;0;0;0;0;0;0;0;0;3557;0;0;130;0;202;0;
21419;6674004;1227509760;28049408;1374044160;0;0;0;0;0;0;0;0;0;0;0;3316;0;0;130;0;202;0;
21420;5942192;1227509760;28049408;1374044160;0;0;0;0;0;0;0;0;0;0;0;4678;0;0;130;0;202;0;
21421;9711680;1227509760;28049408;1374044160;0;0;0;0;0;0;0;0;0;0;0;5239;0;0;130;0;202;0;
21422;5769659;1227509760;28049408;1374044160;0;0;0;0;0;0;0;0;0;0;0;4448;0;0;130;0;202;0;
21423;8953127;1227509760;28049408;1374044160;0;0;0;0;0;0;0;0;0;0;0;3968;0;0;130;0;202;0;
21424;5043357;1227509760;28049408;1374044160;0;0;0;0;0;0;0;0;0;0;0;3907;0;0;130;0;202;0;
21425;9475778;1227509760;28049408;1374044160;0;0;0;0;0;0;0;0;0;0;0;4369;0;0;130;0;202;0;
21426;4092824;1227509760;28049408;1374044160;0;0;0;0;0;0;0;0;0;0;0;4819;0;0;130;0;202;0;
21427;10018525;1227509760;28049408;1374044160;0;0;0;0;0;0;0;0;0;0;0;4108;0;0;130;0;202;0;
21428;4244689;1227509760;28049408;1374044160;0;0;0;0;0;0;0;0;0;0;0;4017;0;0;130;0;202;0;
21429;9875657;1227509760;28049408;1374044160;0;0;0;0;0;0;0;0;0;0;0;4238;0;0;130;0;202;0;
21430;6833594;1227509760;28049408;1374044160;0;0;0;0;0;0;0;0;0;0;0;3747;0;0;130;0;202;0;
21431;11389245;1227509760;28049408;1374044160;0;0;0;0;0;0;0;0;0;0;0;4338;0;0;130;0;202;0;
21432;8391755;1227509760;28049408;1374044160;0;0;0;0;0;0;0;0;0;0;0;3506;0;0;130;0;202;0;
21433;10522851;1227509760;28049408;1374044160;0;0;0;0;0;0;0;0;0;0;0;5029;0;0;130;0;202;0;
21434;8296968;1227509760;28049408;1374044160;0;0;0;0;0;0;0;0;0;0;0;3867;0;0;130;0;202;0;
21435;11458936;1227509760;28049408;1374044160;0;0;0;0;0;0;0;0;0;0;0;3918;0;0;130;0;202;0;
21436;7749280;1227509760;28049408;1374044160;0;0;0;0;0;0;0;0;0;0;0;3196;0;0;130;0;202;0;
21437;11556138;1227509760;28049408;1374044160;0;0;0;0;0;0;0;0;0;0;0;4088;0;0;130;0;202;0;
21438;9155186;1227509760;28049408;1374044160;0;0;0;0;0;0;0;0;0;0;0;5250;0;0;130;0;202;0;
21439;9022638;1227509760;28049408;1374044160;0;0;0;0;0;0;0;0;0;0;0;3867;0;0;130;0;202;0;
21440;9676344;1227509760;28049408;1374044160;0;0;0;0;0;0;0;0;0;0;0;3226;0;0;130;0;202;0;
21441;9321509;1227509760;28049408;1374044160;0;0;0;0;0;0;0;0;0;0;0;4418;0;0;130;0;202;0;
21442;7017839;1227509760;28049408;1374044160;0;0;0;0;0;0;0;0;0;0;0;4108;0;0;130;0;202;0;
21443;9250776;1227509760;28049408;1374044160;0;0;0;0;0;0;0;0;0;0;0;3607;0;0;130;0;202;0;
21444;11098530;1227509760;28049408;1374044160;0;0;0;0;0;0;0;0;0;0;0;3536;0;0;130;0;202;0;
21445;12399730;1227509760;28049408;1374044160;0;0;0;0;0;0;0;0;0;0;0;3637;0;0;130;0;202;0;
21446;9339892;1227509760;28049408;1374044160;0;0;0;0;0;0;0;0;0;0;0;4809;0;0;130;0;202;0;
21447;9001017;1227509760;28049408;1374044160;0;0;0;0;0;0;0;0;0;0;0;3547;0;0;130;0;202;0;
21448;7791449;1227509760;28049408;1374044160;0;0;0;0;0;0;0;0;0;0;0;3957;0;0;130;0;202;0;
21449;8360987;1227509760;28049408;1374044160;0;0;0;0;0;0;0;0;0;0;0;4067;0;0;130;0;202;0;
21450;9949846;1227509760;28049408;1374044160;0;0;0;0;0;0;0;0;0;0;0;4559;0;0;130;0;202;0;
21451;7923487;1227509760;28049408;1374044160;0;0;0;0;0;0;0;0;0;0;0;3757;0;0;130;0;202;0;
21452;11398503;1227509760;28049408;1374044160;0;0;0;0;0;0;0;0;0;0;0;3848;0;0;130;0;202;0;
21453;10164468;1227509760;28049408;1374044160;0;0;0;0;0;0;0;0;0;0;0;5340;0;0;130;0;202;0;
21454;6620954;1227509760;28049408;1374044160;0;0;0;0;0;0;0;0;0;0;0;4809;0;0;130;0;202;0;
21455;10812163;1227509760;28049408;1374044160;0;0;0;0;0;0;0;0;0;0;0;4208;0;0;130;0;202;0;
21456;7670844;1227509760;28049408;1374044160;0;0;0;0;0;0;0;0;0;0;0;3847;0;0;130;0;202;0;
21457;9642561;1227509760;28049408;1374044160;0;0;0;0;0;0;0;0;0;0;0;3557;0;0;130;0;202;0;
21458;8402996;1227509760;28049408;1374044160;0;0;0;0;0;0;0;0;0;0;0;4439;0;0;130;0;202;0;
21459;10188023;1227509760;28049408;1374044160;0;0;0;0;0;0;0;0;0;0;0;3907;0;0;130;0;202;0;
21460;8273674;1227509760;28049408;1374044160;0;0;0;0;0;0;0;0;0;0;0;4048;0;0;130;0;202;0;
21461;13180194;1227509760;28049408;1374044160;0;0;0;0;0;0;0;0;0;0;0;3216;0;0;130;0;202;0;
21462;8597661;1227509760;28049408;1374044160;0;0;0;0;0;0;0;0;0;0;0;4659;0;0;130;0;202;0;
21463;10846107;1227509760;28049408;1374044160;0;0;0;0;0;0;0;0;0;0;0;3727;0;0;130;0;202;0;
21464;9057043;1227509760;28049408;1374044160;0;0;0;0;0;0;0;0;0;0;0;5249;0;0;130;0;202;0;
21465;10874761;1227509760;28049408;1374044160;0;0;0;0;0;0;0;0;0;0;0;3927;0;0;130;0;202;0;
21466;10987162;1227509760;28049408;1374044160;0;0;0;0;0;0;0;0;0;0;0;3968;0;0;130;0;202;0;
21467;10947757;1227509760;28049408;1374044160;0;0;0;0;0;0;0;0;0;0;0;4358;0;0;130;0;202;0;
21468;11157741;1227509760;28049408;1374044160;0;0;0;0;0;0;0;0;0;0;0;4438;0;0;130;0;202;0;
21469;8790703;1227509760;28049408;1374044160;0;0;0;0;0;0;0;0;0;0;0;4088;0;0;130;0;202;0;
21470;10056406;1227509760;28049408;1374044160;0;0;0;0;0;0;0;0;0;0;0;5110;0;0;130;0;202;0;
21471;10462768;1227509760;28049408;1374044160;0;0;0;0;0;0;0;0;0;0;0;3797;0;0;130;0;202;0;
21472;10507983;1227509760;28057600;1374052352;0;0;0;0;0;0;0;0;0;0;0;4378;0;0;130;0;202;0;
21473;14989917;1227509760;28057600;1374052352;0;0;0;0;0;0;0;0;0;0;0;4298;0;0;130;0;202;0;
21474;11779407;1227509760;28057600;1374052352;0;0;0;0;0;0;0;0;0;0;0;4849;0;0;130;0;202;0;
21475;10366227;1227509760;28057600;1374052352;0;0;0;0;0;0;0;0;0;0;0;5260;0;0;130;0;202;0;
21476;8562535;1227509760;28057600;1374052352;0;0;0;0;0;0;0;0;0;0;0;3747;0;0;130;0;202;0;
21477;9391931;1227509760;28057600;1374052352;0;0;0;0;0;0;0;0;0;0;0;4799;0;0;130;0;202;0;
21478;8865624;1227509760;28049408;1374044160;0;0;0;0;0;0;0;0;0;0;0;4168;0;0;130;0;202;0;
21479;7488251;1227509760;28049408;1374044160;0;0;0;0;0;0;0;0;0;0;0;4188;0;0;130;0;202;0;
21480;8294472;1227509760;28049408;1374044160;0;0;0;0;0;0;0;0;0;0;0;4509;0;0;130;0;202;0;
21481;9758247;1227509760;28049408;1374044160;0;0;0;0;0;0;0;0;0;0;0;3347;0;0;130;0;202;0;
21482;9330706;1227509760;28049408;1374044160;0;0;0;0;0;0;0;0;0;0;0;4087;0;0;130;0;202;0;
21483;9932113;1227509760;28049408;1374044160;0;0;0;0;0;0;0;0;0;0;0;4699;0;0;130;0;202;0;
21484;7193428;1227509760;28049408;1374044160;0;0;0;0;0;0;0;0;0;0;0;5130;0;0;130;0;202;0;
21485;9330064;1227509760;28049408;1374044160;0;0;0;0;0;0;0;0;0;0;0;4028;0;0;130;0;202;0;
21486;8584346;1227509760;28049408;1374044160;0;0;0;0;0;0;0;0;0;0;0;37129;0;0;130;0;202;0;
21487;13046042;1227509760;28049408;1374044160;0;0;0;0;0;0;0;0;0;0;0;5360;0;0;130;0;202;0;
21488;6073267;1227509760;28049408;1374044160;0;0;0;0;0;0;0;0;0;0;0;4018;0;0;130;0;202;0;
21489;11536041;1227509760;28049408;1374044160;0;0;0;0;0;0;0;0;0;0;0;3948;0;0;130;0;202;0;
21490;9477330;1227509760;28049408;1374044160;0;0;0;0;0;0;0;0;0;0;0;4638;0;0;130;0;202;0;
21491;9831735;1227509760;28049408;1374044160;0;0;0;0;0;0;0;0;0;0;0;4298;0;0;130;0;202;0;
21492;8862467;1227509760;28049408;1374044160;0;0;0;0;0;0;0;0;0;0;0;4339;0;0;130;0;202;0;
21493;8459533;1227509760;28049408;1374044160;0;0;0;0;0;0;0;0;0;0;0;3987;0;0;130;0;202;0;
21494;9005005;1227509760;28049408;1374044160;0;0;0;0;0;0;0;0;0;0;0;4018;0;0;130;0;202;0;
21495;9097178;1227509760;28049408;1374044160;0;0;0;0;0;0;0;0;0;0;0;4358;0;0;130;0;202;0;
21496;11520171;1227509760;28049408;1374044160;0;0;0;0;0;0;0;0;0;0;0;3276;0;0;130;0;202;0;
21497;12088546;1227509760;28049408;1374044160;0;0;0;0;0;0;0;0;0;0;0;3477;0;0;130;0;202;0;
21498;5686262;1227509760;28049408;1374044160;0;0;0;0;0;0;0;0;0;0;0;3537;0;0;130;0;202;0;
21499;11056782;1227509760;28049408;1374044160;0;0;0;0;0;0;0;0;0;0;0;4990;0;0;130;0;202;0;
21500;5542943;1227509760;28049408;1374044160;0;0;0;0;0;0;0;0;0;0;0;4088;0;0;130;0;202;0;
21501;10069801;1227509760;28049408;1374044160;0;0;0;0;0;0;0;0;0;0;0;3597;0;0;130;0;202;0;
21502;5505273;1227509760;28049408;1374044160;0;0;0;0;0;0;0;0;0;0;0;3707;0;0;130;0;202;0;
21503;8919635;1227509760;28049408;1374044160;0;0;0;0;0;0;0;0;0;0;0;4949;0;0;130;0;202;0;
21504;6889148;1227509760;28049408;1374044160;0;0;0;0;0;0;0;0;0;0;0;3917;0;0;130;0;202;0;
21505;9779908;1227509760;28049408;1374044160;0;0;0;0;0;0;0;0;0;0;0;2515;0;0;130;0;202;0;
21506;6820729;1227509760;28049408;1374044160;0;0;0;0;0;0;0;0;0;0;0;4017;0;0;130;0;202;0;
21507;9380929;1227509760;28049408;1374044160;0;0;0;0;0;0;0;0;0;0;0;3716;0;0;130;0;202;0;
21508;7549566;1227509760;28049408;1374044160;0;0;0;0;0;0;0;0;0;0;0;3557;0;0;130;0;202;0;
21509;9492710;1227509760;28049408;1374044160;0;0;0;0;0;0;0;0;0;0;0;3416;0;0;130;0;202;0;
21510;8599916;1227509760;28049408;1374044160;0;0;0;0;0;0;0;0;0;0;0;3647;0;0;130;0;202;0;
21511;9175224;1227509760;28049408;1374044160;0;0;0;0;0;0;0;0;0;0;0;3897;0;0;130;0;202;0;
21512;3512155;1227509760;28049408;1374044160;0;0;0;0;0;0;0;0;0;0;0;4658;0;0;130;0;202;0;
21513;8413867;1227509760;28049408;1374044160;0;0;0;0;0;0;0;0;0;0;0;3787;0;0;130;0;202;0;
21514;9480657;1227509760;28049408;1374044160;0;0;0;0;0;0;0;0;0;0;0;4899;0;0;130;0;202;0;
21515;9273919;1227509760;28049408;1374044160;0;0;0;0;0;0;0;0;0;0;0;5330;0;0;130;0;202;0;
21516;7837757;1227509760;28049408;1374044160;0;0;0;0;0;0;0;0;0;0;0;3848;0;0;130;0;202;0;
21517;10596569;1227509760;28049408;1374044160;0;0;0;0;0;0;0;0;0;0;0;4428;0;0;130;0;202;0;
21518;6687168;1227509760;28049408;1374044160;0;0;0;0;0;0;0;0;0;0;0;4589;0;0;130;0;202;0;
21519;9324594;1227509760;28049408;1374044160;0;0;0;0;0;0;0;0;0;0;0;4098;0;0;130;0;202;0;
21520;7150598;1227509760;28049408;1374044160;0;0;0;0;0;0;0;0;0;0;0;4749;0;0;130;0;202;0;
21521;9172339;1227509760;28049408;1374044160;0;0;0;0;0;0;0;0;0;0;0;3296;0;0;130;0;202;0;
21522;9654392;1227509760;28049408;1374044160;0;0;0;0;0;0;0;0;0;0;0;4478;0;0;130;0;202;0;
21523;8768942;1227509760;28049408;1374044160;0;0;0;0;0;0;0;0;0;0;0;3697;0;0;130;0;202;0;
21524;8109536;1227509760;28049408;1374044160;0;0;0;0;0;0;0;0;0;0;0;5721;0;0;130;0;202;0;
21525;9579713;1227509760;28049408;1374044160;0;0;0;0;0;0;0;0;0;0;0;4178;0;0;130;0;202;0;
21526;8837130;1227509760;28049408;1374044160;0;0;0;0;0;0;0;0;0;0;0;5300;0;0;130;0;202;0;
21527;8678432;1227509760;28049408;1374044160;0;0;0;0;0;0;0;0;0;0;0;3496;0;0;130;0;202;0;
21528;8526457;1227509760;28057600;1374052352;0;0;0;0;0;0;0;0;0;0;0;4298;0;0;130;0;202;0;
21529;9204218;1227509760;28057600;1374052352;0;0;0;0;0;0;0;0;0;0;0;3566;0;0;130;0;202;0;
21530;8253246;1227509760;28057600;1374052352;0;0;0;0;0;0;0;0;0;0;0;4408;0;0;130;0;202;0;
21531;7923296;1227509760;28057600;1374052352;0;0;0;0;0;0;0;0;0;0;0;4408;0;0;130;0;202;0;
21532;9188950;1227509760;28057600;1374052352;0;0;0;0;0;0;0;0;0;0;0;4108;0;0;130;0;202;0;
21533;12352051;1227509760;28057600;1374052352;0;0;0;0;0;0;0;0;0;0;0;4849;0;0;130;0;202;0;
21534;13690771;1227509760;28069888;1374064640;0;0;0;0;0;0;0;0;0;0;0;4579;0;0;130;0;202;0;
21535;6834305;1227509760;28069888;1374064640;0;0;0;0;0;0;0;0;0;0;0;3016;0;0;130;0;202;0;
21536;12593634;1227509760;28086272;1374081024;0;0;0;0;0;0;0;0;0;0;0;196258;0;0;130;0;202;0;
21537;9221451;1227509760;28086272;1374081024;0;0;0;0;0;0;0;0;0;0;0;246572;0;0;130;0;202;0;
21538;7816226;1227509760;28086272;1374081024;0;0;0;0;0;0;0;0;0;0;0;3576;0;0;130;0;202;0;
21539;7306310;1227509760;28086272;1374081024;0;0;0;0;0;0;0;0;0;0;0;3406;0;0;130;0;202;0;
21540;7365360;1227509760;28086272;1374081024;0;0;0;0;0;0;0;0;0;0;0;5721;0;0;130;0;202;0;
21541;8888136;1227509760;28086272;1374081024;0;0;0;0;0;0;0;0;0;0;0;3075;0;0;130;0;202;0;
21542;5015824;1227534336;28082176;1374076928;0;0;0;0;0;0;0;0;0;0;0;3256;0;0;130;0;202;0;
21543;10420409;1227534336;28082176;1374076928;0;0;0;0;0;0;0;0;0;0;0;4349;0;0;130;0;202;0;
21544;6840927;1227497472;28045312;1374040064;0;0;0;0;0;0;0;0;0;0;0;4919;0;0;130;0;202;0;
21545;9900373;1227497472;28045312;1374040064;0;0;0;0;0;0;0;0;0;0;0;4207;0;0;130;0;202;0;
21546;7233553;1227497472;28045312;1374040064;0;0;0;0;0;0;0;0;0;0;0;4588;0;0;130;0;202;0;
21547;8323267;1227497472;28045312;1374040064;0;0;0;0;0;0;0;0;0;0;0;4849;0;0;130;0;202;0;
21548;6860293;1227497472;28045312;1374040064;0;0;0;0;0;0;0;0;0;0;0;4188;0;0;130;0;202;0;
21549;8323658;1227497472;28045312;1374040064;0;0;0;0;0;0;0;0;0;0;0;4308;0;0;130;0;202;0;
21550;6545753;1227497472;28045312;1374040064;0;0;0;0;0;0;0;0;0;0;0;4759;0;0;130;0;202;0;
21551;6684073;1227497472;28045312;1374040064;0;0;0;0;0;0;0;0;0;0;0;3226;0;0;130;0;202;0;
21552;5305638;1227497472;28045312;1374040064;0;0;0;0;0;0;0;0;0;0;0;3587;0;0;130;0;202;0;
21553;9734022;1227497472;28045312;1374040064;0;0;0;0;0;0;0;0;0;0;0;3387;0;0;130;0;202;0;
21554;5304226;1227497472;28045312;1374040064;0;0;0;0;0;0;0;0;0;0;0;3707;0;0;130;0;202;0;
21555;9137724;1227497472;28045312;1374040064;0;0;0;0;0;0;0;0;0;0;0;4719;0;0;130;0;202;0;
21556;10321974;1227497472;28045312;1374040064;0;0;0;0;0;0;0;0;0;0;0;4889;0;0;130;0;202;0;
21557;11437606;1227497472;28045312;1374040064;0;0;0;0;0;0;0;0;0;0;0;3016;0;0;130;0;202;0;
21558;5748158;1227497472;28045312;1374040064;0;0;0;0;0;0;0;0;0;0;0;3306;0;0;130;0;202;0;
21559;8125195;1227497472;28045312;1374040064;0;0;0;0;0;0;0;0;0;0;0;3897;0;0;130;0;202;0;
21560;6841769;1227497472;28045312;1374040064;0;0;0;0;0;0;0;0;0;0;0;4178;0;0;130;0;202;0;
21561;8186410;1227497472;28045312;1374040064;0;0;0;0;0;0;0;0;0;0;0;3487;0;0;130;0;202;0;
21562;8190428;1227497472;28045312;1374040064;0;0;0;0;0;0;0;0;0;0;0;3116;0;0;130;0;202;0;
21563;9492389;1227497472;28045312;1374040064;0;0;0;0;0;0;0;0;0;0;0;3486;0;0;130;0;202;0;
21564;7883422;1227497472;28045312;1374040064;0;0;0;0;0;0;0;0;0;0;0;3797;0;0;130;0;202;0;
21565;7819542;1227497472;28045312;1374040064;0;0;0;0;0;0;0;0;0;0;0;3146;0;0;130;0;202;0;
21566;9166017;1227497472;28045312;1374040064;0;0;0;0;0;0;0;0;0;0;0;2825;0;0;130;0;202;0;
21567;6312998;1227497472;28045312;1374040064;0;0;0;0;0;0;0;0;0;0;0;2935;0;0;130;0;202;0;
21568;10247364;1227497472;28045312;1374040064;0;0;0;0;0;0;0;0;0;0;0;5330;0;0;130;0;202;0;
21569;8443132;1227497472;28045312;1374040064;0;0;0;0;0;0;0;0;0;0;0;4428;0;0;130;0;202;0;
21570;7496086;1227497472;28045312;1374040064;0;0;0;0;0;0;0;0;0;0;0;4839;0;0;130;0;202;0;
21571;11431074;1227497472;28045312;1374040064;0;0;0;0;0;0;0;0;0;0;0;3476;0;0;130;0;202;0;
21572;7499481;1227497472;28045312;1374040064;0;0;0;0;0;0;0;0;0;0;0;4659;0;0;130;0;202;0;
21573;7692053;1227497472;28045312;1374040064;0;0;0;0;0;0;0;0;0;0;0;3927;0;0;130;0;202;0;
21574;7983739;1227497472;28045312;1374040064;0;0;0;0;0;0;0;0;0;0;0;3496;0;0;130;0;202;0;
21575;8999996;1227497472;28045312;1374040064;0;0;0;0;0;0;0;0;0;0;0;4148;0;0;130;0;202;0;
21576;8462397;1227497472;28045312;1374040064;0;0;0;0;0;0;0;0;0;0;0;3947;0;0;130;0;202;0;
21577;9681122;1227497472;28045312;1374040064;0;0;0;0;0;0;0;0;0;0;0;3537;0;0;130;0;202;0;
21578;6591770;1227497472;28045312;1374040064;0;0;0;0;0;0;0;0;0;0;0;3707;0;0;130;0;202;0;
21579;12187122;1227497472;28045312;1374040064;0;0;0;0;0;0;0;0;0;0;0;4769;0;0;130;0;202;0;
21580;5932844;1227497472;28045312;1374040064;0;0;0;0;0;0;0;0;0;0;0;3477;0;0;130;0;202;0;
21581;11013932;1227497472;28045312;1374040064;0;0;0;0;0;0;0;0;0;0;0;4088;0;0;130;0;202;0;
21582;5996984;1227497472;28045312;1374040064;0;0;0;0;0;0;0;0;0;0;0;4588;0;0;130;0;202;0;
21583;10922180;1227497472;28045312;1374040064;0;0;0;0;0;0;0;0;0;0;0;3777;0;0;130;0;202;0;
21584;6987943;1227497472;28045312;1374040064;0;0;0;0;0;0;0;0;0;0;0;4389;0;0;130;0;202;0;
21585;8945854;1227497472;28045312;1374040064;0;0;0;0;0;0;0;0;0;0;0;6061;0;0;130;0;202;0;
21586;6928832;1227497472;28045312;1374040064;0;0;0;0;0;0;0;0;0;0;0;3818;0;0;130;0;202;0;
21587;10529985;1227497472;28045312;1374040064;0;0;0;0;0;0;0;0;0;0;0;3978;0;0;130;0;202;0;
21588;8615795;1227497472;28049408;1374044160;0;0;0;0;0;0;0;0;0;0;0;3677;0;0;130;0;202;0;
21589;8256912;1227497472;28049408;1374044160;0;0;0;0;0;0;0;0;0;0;0;2875;0;0;130;0;202;0;
21590;11478763;1227497472;28049408;1374044160;0;0;0;0;0;0;0;0;0;0;0;4378;0;0;130;0;202;0;
21591;8313578;1227497472;28049408;1374044160;0;0;0;0;0;0;0;0;0;0;0;4268;0;0;130;0;202;0;
21592;9224376;1227497472;28049408;1374044160;0;0;0;0;0;0;0;0;0;0;0;3647;0;0;130;0;202;0;
21593;8005270;1227497472;28049408;1374044160;0;0;0;0;0;0;0;0;0;0;0;3507;0;0;130;0;202;0;
21594;6589035;1227497472;28049408;1374044160;0;0;0;0;0;0;0;0;0;0;0;4388;0;0;130;0;202;0;
21595;8568276;1227497472;28049408;1374044160;0;0;0;0;0;0;0;0;0;0;0;3366;0;0;130;0;202;0;
21596;7620498;1227497472;28045312;1374040064;0;0;0;0;0;0;0;0;0;0;0;3968;0;0;130;0;202;0;
21597;6293751;1227497472;28045312;1374040064;0;0;0;0;0;0;0;0;0;0;0;3206;0;0;130;0;202;0;
21598;8283823;1227497472;28045312;1374040064;0;0;0;0;0;0;0;0;0;0;0;5410;0;0;130;0;202;0;
21599;9775750;1227497472;28045312;1374040064;0;0;0;0;0;0;0;0;0;0;0;3146;0;0;130;0;202;0;
21600;7372033;1227497472;28045312;1374040064;0;0;0;0;0;0;0;0;0;0;0;4008;0;0;130;0;202;0;
21601;6225393;1227497472;28045312;1374040064;0;0;0;0;0;0;0;0;0;0;0;4419;0;0;130;0;202;0;
21602;8868239;1227497472;28045312;1374040064;0;0;0;0;0;0;0;0;0;0;0;3627;0;0;130;0;202;0;
21603;8456927;1227497472;28045312;1374040064;0;0;0;0;0;0;0;0;0;0;0;3737;0;0;130;0;202;0;
21604;8250850;1227497472;28045312;1374040064;0;0;0;0;0;0;0;0;0;0;0;3737;0;0;130;0;202;0;
21605;7896756;1227497472;28045312;1374040064;0;0;0;0;0;0;0;0;0;0;0;4328;0;0;130;0;202;0;
21606;7428108;1227497472;28045312;1374040064;0;0;0;0;0;0;0;0;0;0;0;3546;0;0;130;0;202;0;
21607;7489544;1227497472;28045312;1374040064;0;0;0;0;0;0;0;0;0;0;0;3907;0;0;130;0;202;0;
21608;5823971;1227497472;28045312;1374040064;0;0;0;0;0;0;0;0;0;0;0;4228;0;0;130;0;202;0;
21609;6460233;1227497472;28045312;1374040064;0;0;0;0;0;0;0;0;0;0;0;3778;0;0;130;0;202;0;
21610;8954501;1227497472;28045312;1374040064;0;0;0;0;0;0;0;0;0;0;0;4158;0;0;130;0;202;0;
21611;6484720;1227497472;28045312;1374040064;0;0;0;0;0;0;0;0;0;0;0;3086;0;0;130;0;202;0;
21612;7112787;1227497472;28045312;1374040064;0;0;0;0;0;0;0;0;0;0;0;4138;0;0;130;0;202;0;
21613;12372019;1231478784;28045312;1374040064;0;0;0;0;0;0;0;0;0;0;0;4919;0;0;131;0;202;0;
21614;5321448;1231478784;28045312;1374040064;0;0;0;0;0;0;0;0;0;0;0;13164;0;0;131;0;202;0;
21615;9734333;1231478784;28045312;1374040064;0;0;0;0;0;0;0;0;0;0;0;3837;0;0;131;0;202;0;
21616;6850124;1231478784;28045312;1374040064;0;0;0;0;0;0;0;0;0;0;0;4268;0;0;131;0;202;0;
21617;9060559;1231478784;28045312;1374040064;0;0;0;0;0;0;0;0;0;0;0;4048;0;0;131;0;202;0;
21618;4230002;1231478784;28045312;1374040064;0;0;0;0;0;0;0;0;0;0;0;4849;0;0;131;0;202;0;
21619;10682460;1231478784;28045312;1374040064;0;0;0;0;0;0;0;0;0;0;0;78757;0;0;131;0;202;0;
21620;5204549;1231478784;28049408;1374044160;0;0;0;0;0;0;0;0;0;0;0;4789;0;0;131;0;202;0;
21621;11835422;1231478784;28049408;1374044160;0;0;0;0;0;0;0;0;0;0;0;4629;0;0;131;0;202;0;
21622;4840286;1231478784;28049408;1374044160;0;0;0;0;0;0;0;0;0;0;0;4919;0;0;131;0;202;0;
21623;9889493;1231478784;28049408;1374044160;0;0;0;0;0;0;0;0;0;0;0;3387;0;0;131;0;202;0;
21624;6216366;1231478784;28049408;1374044160;0;0;0;0;0;0;0;0;0;0;0;3657;0;0;131;0;202;0;
21625;8451067;1231478784;28049408;1374044160;0;0;0;0;0;0;0;0;0;0;0;3968;0;0;131;0;202;0;
21626;4861245;1231478784;28049408;1374044160;0;0;0;0;0;0;0;0;0;0;0;4909;0;0;131;0;202;0;
21627;10314320;1231478784;28049408;1374044160;0;0;0;0;0;0;0;0;0;0;0;3527;0;0;131;0;202;0;
21628;6892223;1231478784;28049408;1374044160;0;0;0;0;0;0;0;0;0;0;0;3898;0;0;131;0;202;0;
21629;9163612;1231478784;28049408;1374044160;0;0;0;0;0;0;0;0;0;0;0;4178;0;0;131;0;202;0;
21630;5655875;1231478784;28049408;1374044160;0;0;0;0;0;0;0;0;0;0;0;3306;0;0;131;0;202;0;
21631;8688431;1231478784;28049408;1374044160;0;0;0;0;0;0;0;0;0;0;0;4148;0;0;131;0;202;0;
21632;6808406;1231712256;28045312;1374040064;0;0;0;0;0;0;0;0;0;0;0;3987;0;0;131;0;202;0;
21633;8823294;1231712256;28045312;1374040064;0;0;0;0;0;0;0;0;0;0;0;4839;0;0;131;0;202;0;
21634;5697574;1231712256;28045312;1374040064;0;0;0;0;0;0;0;0;0;0;0;4388;0;0;131;0;202;0;
21635;6363522;1231712256;28045312;1374040064;0;0;0;0;0;0;0;0;0;0;0;2965;0;0;131;0;202;0;
21636;6827903;1231712256;28045312;1374040064;0;0;0;0;0;0;0;0;0;0;0;3637;0;0;131;0;202;0;
21637;7490094;1231712256;28045312;1374040064;0;0;0;0;0;0;0;0;0;0;0;3687;0;0;131;0;202;0;
21638;6383710;1231712256;28045312;1374040064;0;0;0;0;0;0;0;0;0;0;0;4419;0;0;131;0;202;0;
21639;8510237;1231712256;28045312;1374040064;0;0;0;0;0;0;0;0;0;0;0;5450;0;0;131;0;202;0;
21640;6490931;1231712256;28045312;1374040064;0;0;0;0;0;0;0;0;0;0;0;40396;0;0;131;0;202;0;
21641;8033022;1231712256;28045312;1374040064;0;0;0;0;0;0;0;0;0;0;0;4138;0;0;131;0;202;0;
21642;6522350;1231712256;28045312;1374040064;0;0;0;0;0;0;0;0;0;0;0;4177;0;0;131;0;202;0;
21643;10082515;1231712256;28045312;1374040064;0;0;0;0;0;0;0;0;0;0;0;2935;0;0;131;0;202;0;
21644;5126873;1231712256;28045312;1374040064;0;0;0;0;0;0;0;0;0;0;0;4057;0;0;131;0;202;0;
21645;9570836;1231712256;28045312;1374040064;0;0;0;0;0;0;0;0;0;0;0;4358;0;0;131;0;202;0;
21646;7247589;1231712256;28045312;1374040064;0;0;0;0;0;0;0;0;0;0;0;4529;0;0;131;0;202;0;
21647;7624225;1231712256;28045312;1374040064;0;0;0;0;0;0;0;0;0;0;0;3647;0;0;131;0;202;0;
21648;6110427;1231712256;28045312;1374040064;0;0;0;0;0;0;0;0;0;0;0;4809;0;0;131;0;202;0;
21649;9229155;1231712256;28045312;1374040064;0;0;0;0;0;0;0;0;0;0;0;4578;0;0;131;0;202;0;
21650;8575750;1231712256;28045312;1374040064;0;0;0;0;0;0;0;0;0;0;0;3998;0;0;131;0;202;0;
21651;7991465;1231712256;28045312;1374040064;0;0;0;0;0;0;0;0;0;0;0;3257;0;0;131;0;202;0;
21652;9026365;1231712256;28057600;1374052352;0;0;0;0;0;0;0;0;0;0;0;3577;0;0;131;0;202;0;
21653;9973521;1231712256;28057600;1374052352;0;0;0;0;0;0;0;0;0;0;0;4990;0;0;131;0;202;0;
21654;5758457;1231712256;28057600;1374052352;0;0;0;0;0;0;0;0;0;0;0;4168;0;0;131;0;202;0;
21655;7850069;1231712256;28057600;1374052352;0;0;0;0;0;0;0;0;0;0;0;3166;0;0;131;0;202;0;
21656;6515667;1231712256;28057600;1374052352;0;0;0;0;0;0;0;0;0;0;0;4489;0;0;131;0;202;0;
21657;10209773;1231712256;28057600;1374052352;0;0;0;0;0;0;0;0;0;0;0;4629;0;0;131;0;202;0;
21658;8888065;1231716352;28049408;1374044160;0;0;0;0;0;0;0;0;0;0;0;4298;0;0;131;0;202;0;
21659;8573416;1231716352;28049408;1374044160;0;0;0;0;0;0;0;0;0;0;0;4498;0;0;131;0;202;0;
21660;6799089;1231712256;28045312;1374040064;0;0;0;0;0;0;0;0;0;0;0;4909;0;0;131;0;202;0;
21661;10054412;1231712256;28045312;1374040064;0;0;0;0;0;0;0;0;0;0;0;4258;0;0;131;0;202;0;
21662;6475151;1231712256;28045312;1374040064;0;0;0;0;0;0;0;0;0;0;0;4708;0;0;131;0;202;0;
21663;8431099;1231712256;28045312;1374040064;0;0;0;0;0;0;0;0;0;0;0;4759;0;0;131;0;202;0;
21664;5961628;1231712256;28045312;1374040064;0;0;0;0;0;0;0;0;0;0;0;3627;0;0;131;0;202;0;
21665;8870052;1231712256;28045312;1374040064;0;0;0;0;0;0;0;0;0;0;0;3246;0;0;131;0;202;0;
21666;5455599;1231712256;28045312;1374040064;0;0;0;0;0;0;0;0;0;0;0;3536;0;0;131;0;202;0;
21667;7272747;1231712256;28045312;1374040064;0;0;0;0;0;0;0;0;0;0;0;3036;0;0;131;0;202;0;
21668;8711153;1231712256;28045312;1374040064;0;0;0;0;0;0;0;0;0;0;0;3507;0;0;131;0;202;0;
21669;9900594;1231712256;28045312;1374040064;0;0;0;0;0;0;0;0;0;0;0;4809;0;0;131;0;202;0;
21670;5599288;1231712256;28045312;1374040064;0;0;0;0;0;0;0;0;0;0;0;4458;0;0;131;0;202;0;
21671;9229276;1231712256;28045312;1374040064;0;0;0;0;0;0;0;0;0;0;0;4539;0;0;131;0;202;0;
21672;4806713;1231712256;28045312;1374040064;0;0;0;0;0;0;0;0;0;0;0;4419;0;0;131;0;202;0;
21673;11121353;1231712256;28045312;1374040064;0;0;0;0;0;0;0;0;0;0;0;5410;0;0;131;0;202;0;
21674;6203281;1231712256;28045312;1374040064;0;0;0;0;0;0;0;0;0;0;0;4018;0;0;131;0;202;0;
21675;9209248;1231712256;28045312;1374040064;0;0;0;0;0;0;0;0;0;0;0;4187;0;0;131;0;202;0;
21676;4431639;1231712256;28045312;1374040064;0;0;0;0;0;0;0;0;0;0;0;4298;0;0;131;0;202;0;
21677;10440626;1231712256;28045312;1374040064;0;0;0;0;0;0;0;0;0;0;0;5441;0;0;131;0;202;0;
21678;7500193;1231712256;28045312;1374040064;0;0;0;0;0;0;0;0;0;0;0;5250;0;0;131;0;202;0;
21679;9528747;1231712256;28045312;1374040064;0;0;0;0;0;0;0;0;0;0;0;4429;0;0;131;0;202;0;
21680;8664146;1231712256;28045312;1374040064;0;0;0;0;0;0;0;0;0;0;0;4408;0;0;131;0;202;0;
21681;10993163;1231712256;28045312;1374040064;0;0;0;0;0;0;0;0;0;0;0;3867;0;0;131;0;202;0;
21682;7613456;1231712256;28045312;1374040064;0;0;0;0;0;0;0;0;0;0;0;3626;0;0;131;0;202;0;
21683;8162275;1231712256;28045312;1374040064;0;0;0;0;0;0;0;0;0;0;0;2895;0;0;131;0;202;0;
21684;5933155;1231712256;28045312;1374040064;0;0;0;0;0;0;0;0;0;0;0;4369;0;0;131;0;202;0;
21685;10384181;1231712256;28045312;1374040064;0;0;0;0;0;0;0;0;0;0;0;4428;0;0;131;0;202;0;
21686;8155772;1231712256;28045312;1374040064;0;0;0;0;0;0;0;0;0;0;0;37190;0;0;131;0;202;0;
21687;8028985;1231712256;28045312;1374040064;0;0;0;0;0;0;0;0;0;0;0;4679;0;0;131;0;202;0;
21688;6278553;1231712256;28045312;1374040064;0;0;0;0;0;0;0;0;0;0;0;4789;0;0;131;0;202;0;
21689;8369092;1231712256;28045312;1374040064;0;0;0;0;0;0;0;0;0;0;0;4128;0;0;131;0;202;0;
21690;5042986;1231712256;28045312;1374040064;0;0;0;0;0;0;0;0;0;0;0;4469;0;0;131;0;202;0;
21691;5733451;1231712256;28045312;1374040064;0;0;0;0;0;0;0;0;0;0;0;4098;0;0;131;0;202;0;
21692;7921563;1231712256;28045312;1374040064;0;0;0;0;0;0;0;0;0;0;0;4448;0;0;131;0;202;0;
21693;7757146;1231712256;28045312;1374040064;0;0;0;0;0;0;0;0;0;0;0;3737;0;0;131;0;202;0;
21694;8242595;1231712256;28045312;1374040064;0;0;0;0;0;0;0;0;0;0;0;6041;0;0;131;0;202;0;
21695;9544877;1231712256;28045312;1374040064;0;0;0;0;0;0;0;0;0;0;0;4228;0;0;131;0;202;0;
21696;6560942;1231712256;28045312;1374040064;0;0;0;0;0;0;0;0;0;0;0;3938;0;0;131;0;202;0;
21697;9273087;1231712256;28045312;1374040064;0;0;0;0;0;0;0;0;0;0;0;4448;0;0;131;0;202;0;
21698;7077260;1231712256;28045312;1374040064;0;0;0;0;0;0;0;0;0;0;0;4329;0;0;131;0;202;0;
21699;9035872;1231712256;28045312;1374040064;0;0;0;0;0;0;0;0;0;0;0;4819;0;0;131;0;202;0;
21700;6417132;1231712256;28045312;1374040064;0;0;0;0;0;0;0;0;0;0;0;3206;0;0;131;0;202;0;
21701;9056852;1231712256;28045312;1374040064;0;0;0;0;0;0;0;0;0;0;0;36859;0;0;131;0;202;0;
21702;7243873;1231712256;28045312;1374040064;0;0;0;0;0;0;0;0;0;0;0;4278;0;0;131;0;202;0;
21703;8855564;1231712256;28045312;1374040064;0;0;0;0;0;0;0;0;0;0;0;4729;0;0;131;0;202;0;
21704;6834655;1231712256;28045312;1374040064;0;0;0;0;0;0;0;0;0;0;0;4759;0;0;131;0;202;0;
21705;8426991;1231712256;28045312;1374040064;0;0;0;0;0;0;0;0;0;0;0;3396;0;0;131;0;202;0;
21706;7376642;1231712256;28045312;1374040064;0;0;0;0;0;0;0;0;0;0;0;5040;0;0;131;0;202;0;
21707;7818811;1231712256;28045312;1374040064;0;0;0;0;0;0;0;0;0;0;0;6492;0;0;131;0;202;0;
21708;7582157;1231712256;28045312;1374040064;0;0;0;0;0;0;0;0;0;0;0;4288;0;0;131;0;202;0;
21709;9254963;1231712256;28045312;1374040064;0;0;0;0;0;0;0;0;0;0;0;4900;0;0;131;0;202;0;
21710;5305228;1231712256;28045312;1374040064;0;0;0;0;0;0;0;0;0;0;0;3687;0;0;131;0;202;0;
21711;10578996;1231712256;28045312;1374040064;0;0;0;0;0;0;0;0;0;0;0;3997;0;0;131;0;202;0;
21712;5939276;1231712256;28045312;1374040064;0;0;0;0;0;0;0;0;0;0;0;4939;0;0;131;0;202;0;
21713;9676864;1231712256;28045312;1374040064;0;0;0;0;0;0;0;0;0;0;0;5119;0;0;131;0;202;0;
21714;7620439;1231712256;28045312;1374040064;0;0;0;0;0;0;0;0;0;0;0;5070;0;0;131;0;202;0;
21715;14803197;1231712256;28045312;1374040064;0;0;0;0;0;0;0;0;0;0;0;3767;0;0;131;0;202;0;
21716;6869771;1231712256;28049408;1374044160;0;0;0;0;0;0;0;0;0;0;0;4318;0;0;131;0;202;0;
21717;7663680;1231712256;28049408;1374044160;0;0;0;0;0;0;0;0;0;0;0;3506;0;0;131;0;202;0;
21718;5103990;1231712256;28049408;1374044160;0;0;0;0;0;0;0;0;0;0;0;4699;0;0;131;0;202;0;
21719;9800066;1231712256;28049408;1374044160;0;0;0;0;0;0;0;0;0;0;0;4659;0;0;131;0;202;0;
21720;8184136;1231712256;28049408;1374044160;0;0;0;0;0;0;0;0;0;0;0;4589;0;0;131;0;202;0;
21721;7190763;1231712256;28049408;1374044160;0;0;0;0;0;0;0;0;0;0;0;3316;0;0;131;0;202;0;
21722;7275121;1231712256;28049408;1374044160;0;0;0;0;0;0;0;0;0;0;0;4639;0;0;131;0;202;0;
21723;6904055;1231712256;28049408;1374044160;0;0;0;0;0;0;0;0;0;0;0;4128;0;0;131;0;202;0;
21724;6349756;1231712256;28045312;1374040064;0;0;0;0;0;0;0;0;0;0;0;3637;0;0;131;0;202;0;
21725;6280957;1231712256;28045312;1374040064;0;0;0;0;0;0;0;0;0;0;0;3597;0;0;131;0;202;0;
21726;5626189;1231712256;28045312;1374040064;0;0;0;0;0;0;0;0;0;0;0;4398;0;0;131;0;202;0;
21727;8080180;1231712256;28045312;1374040064;0;0;0;0;0;0;0;0;0;0;0;4739;0;0;131;0;202;0;
21728;5352487;1231712256;28045312;1374040064;0;0;0;0;0;0;0;0;0;0;0;4649;0;0;131;0;202;0;
21729;7755462;1231712256;28045312;1374040064;0;0;0;0;0;0;0;0;0;0;0;3677;0;0;131;0;202;0;
21730;5327459;1231712256;28045312;1374040064;0;0;0;0;0;0;0;0;0;0;0;4017;0;0;131;0;202;0;
21731;6225443;1231712256;28045312;1374040064;0;0;0;0;0;0;0;0;0;0;0;2194;0;0;131;0;202;0;
21732;9020053;1231712256;28045312;1374040064;0;0;0;0;0;0;0;0;0;0;0;4869;0;0;131;0;202;0;
21733;6762160;1231712256;28045312;1374040064;0;0;0;0;0;0;0;0;0;0;0;2645;0;0;131;0;202;0;
21734;5921223;1231712256;28045312;1374040064;0;0;0;0;0;0;0;0;0;0;0;4879;0;0;131;0;202;0;
21735;8537177;1231712256;28045312;1374040064;0;0;0;0;0;0;0;0;0;0;0;4108;0;0;131;0;202;0;
21736;4872506;1231712256;28045312;1374040064;0;0;0;0;0;0;0;0;0;0;0;4358;0;0;131;0;202;0;
21737;7386951;1231712256;28045312;1374040064;0;0;0;0;0;0;0;0;0;0;0;4208;0;0;131;0;202;0;
21738;8083527;1231712256;28045312;1374040064;0;0;0;0;0;0;0;0;0;0;0;4749;0;0;131;0;202;0;
21739;8225363;1231712256;28045312;1374040064;0;0;0;0;0;0;0;0;0;0;0;3947;0;0;131;0;202;0;
21740;5308974;1231712256;28045312;1374040064;0;0;0;0;0;0;0;0;0;0;0;4589;0;0;131;0;202;0;
21741;8363732;1231712256;28045312;1374040064;0;0;0;0;0;0;0;0;0;0;0;2324;0;0;131;0;202;0;
21742;6923952;1231712256;28045312;1374040064;0;0;0;0;0;0;0;0;0;0;0;4298;0;0;131;0;202;0;
21743;8668293;1231712256;28045312;1374040064;0;0;0;0;0;0;0;0;0;0;0;97653;0;0;131;0;202;0;
21744;6541666;1231712256;28045312;1374040064;0;0;0;0;0;0;0;0;0;0;0;4839;0;0;131;0;202;0;
21745;9459056;1231712256;28045312;1374040064;0;0;0;0;0;0;0;0;0;0;0;3336;0;0;131;0;202;0;
21746;5908498;1231712256;28045312;1374040064;0;0;0;0;0;0;0;0;0;0;0;3797;0;0;131;0;202;0;
21747;5771852;1231712256;28045312;1374040064;0;0;0;0;0;0;0;0;0;0;0;2384;0;0;131;0;202;0;
21748;8181040;1231712256;28045312;1374040064;0;0;0;0;0;0;0;0;0;0;0;4748;0;0;131;0;202;0;
21749;6656110;1231712256;28045312;1374040064;0;0;0;0;0;0;0;0;0;0;0;3587;0;0;131;0;202;0;
21750;5611973;1231712256;28045312;1374040064;0;0;0;0;0;0;0;0;0;0;0;3977;0;0;131;0;202;0;
21751;9071009;1231712256;28045312;1374040064;0;0;0;0;0;0;0;0;0;0;0;4880;0;0;131;0;202;0;
21752;5753258;1231712256;28045312;1374040064;0;0;0;0;0;0;0;0;0;0;0;4528;0;0;131;0;202;0;
21753;8806513;1231712256;28045312;1374040064;0;0;0;0;0;0;0;0;0;0;0;3727;0;0;131;0;202;0;
21754;5164083;1231712256;28045312;1374040064;0;0;0;0;0;0;0;0;0;0;0;3987;0;0;131;0;202;0;
21755;7481348;1231712256;28045312;1374040064;0;0;0;0;0;0;0;0;0;0;0;4398;0;0;131;0;202;0;
21756;5195772;1231712256;28045312;1374040064;0;0;0;0;0;0;0;0;0;0;0;3838;0;0;131;0;202;0;
21757;10058791;1231712256;28045312;1374040064;0;0;0;0;0;0;0;0;0;0;0;4318;0;0;131;0;202;0;
21758;6363242;1231712256;28045312;1374040064;0;0;0;0;0;0;0;0;0;0;0;4729;0;0;131;0;202;0;
21759;7544577;1231712256;28045312;1374040064;0;0;0;0;0;0;0;0;0;0;0;3666;0;0;131;0;202;0;
21760;6221606;1231712256;28045312;1374040064;0;0;0;0;0;0;0;0;0;0;0;3367;0;0;131;0;202;0;
21761;7113789;1231712256;28045312;1374040064;0;0;0;0;0;0;0;0;0;0;0;2485;0;0;131;0;202;0;
21762;6512602;1231712256;28045312;1374040064;0;0;0;0;0;0;0;0;0;0;0;69010;0;0;131;0;202;0;
21763;7952231;1231712256;28045312;1374040064;0;0;0;0;0;0;0;0;0;0;0;4007;0;0;131;0;202;0;
21764;6370765;1231712256;28045312;1374040064;0;0;0;0;0;0;0;0;0;0;0;5279;0;0;131;0;202;0;
21765;6654177;1231712256;28045312;1374040064;0;0;0;0;0;0;0;0;0;0;0;3236;0;0;131;0;202;0;
21766;5053796;1231712256;28045312;1374040064;0;0;0;0;0;0;0;0;0;0;0;3857;0;0;131;0;202;0;
21767;7001388;1231712256;28045312;1374040064;0;0;0;0;0;0;0;0;0;0;0;3386;0;0;131;0;202;0;
21768;7041353;1231712256;28045312;1374040064;0;0;0;0;0;0;0;0;0;0;0;4558;0;0;131;0;202;0;
21769;9239133;1231712256;28045312;1374040064;0;0;0;0;0;0;0;0;0;0;0;4499;0;0;131;0;202;0;
21770;5416526;1231712256;28045312;1374040064;0;0;0;0;0;0;0;0;0;0;0;4738;0;0;131;0;202;0;
21771;8557946;1231712256;28045312;1374040064;0;0;0;0;0;0;0;0;0;0;0;6522;0;0;131;0;202;0;
21772;6501782;1231712256;28045312;1374040064;0;0;0;0;0;0;0;0;0;0;0;3957;0;0;131;0;202;0;
21773;8689884;1231712256;28045312;1374040064;0;0;0;0;0;0;0;0;0;0;0;2906;0;0;131;0;202;0;
21774;6238378;1231712256;28045312;1374040064;0;0;0;0;0;0;0;0;0;0;0;6281;0;0;131;0;202;0;
21775;10231124;1231712256;28045312;1374040064;0;0;0;0;0;0;0;0;0;0;0;3336;0;0;131;0;202;0;
21776;6629701;1231712256;28045312;1374040064;0;0;0;0;0;0;0;0;0;0;0;3927;0;0;131;0;202;0;
21777;9104231;1231712256;28045312;1374040064;0;0;0;0;0;0;0;0;0;0;0;3627;0;0;131;0;202;0;
21778;6745207;1231712256;28045312;1374040064;0;0;0;0;0;0;0;0;0;0;0;4889;0;0;131;0;202;0;
21779;7953604;1231712256;28045312;1374040064;0;0;0;0;0;0;0;0;0;0;0;2254;0;0;131;0;202;0;
21780;6716624;1231712256;28045312;1374040064;0;0;0;0;0;0;0;0;0;0;0;3958;0;0;131;0;202;0;
21781;10197030;1231712256;28045312;1374040064;0;0;0;0;0;0;0;0;0;0;0;5099;0;0;131;0;202;0;
21782;7296111;1231712256;28045312;1374040064;0;0;0;0;0;0;0;0;0;0;0;4458;0;0;131;0;202;0;
21783;10819637;1231712256;28045312;1374040064;0;0;0;0;0;0;0;0;0;0;0;4809;0;0;131;0;202;0;
21784;8434906;1231712256;28057600;1374052352;0;0;0;0;0;0;0;0;0;0;0;5300;0;0;131;0;202;0;
21785;7291161;1231712256;28057600;1374052352;0;0;0;0;0;0;0;0;0;0;0;4759;0;0;131;0;202;0;
21786;6614112;1231712256;28057600;1374052352;0;0;0;0;0;0;0;0;0;0;0;4288;0;0;131;0;202;0;
21787;8808516;1231712256;28057600;1374052352;0;0;0;0;0;0;0;0;0;0;0;4939;0;0;131;0;202;0;
21788;6959369;1231712256;28057600;1374052352;0;0;0;0;0;0;0;0;0;0;0;4658;0;0;131;0;202;0;
21789;10988394;1231712256;28057600;1374052352;0;0;0;0;0;0;0;0;0;0;0;4098;0;0;131;0;202;0;
21790;7524890;1231716352;28049408;1374044160;0;0;0;0;0;0;0;0;0;0;0;3737;0;0;131;0;202;0;
21791;7017819;1231716352;28049408;1374044160;0;0;0;0;0;0;0;0;0;0;0;2364;0;0;131;0;202;0;
21792;7847054;1231712256;28045312;1374040064;0;0;0;0;0;0;0;0;0;0;0;4498;0;0;131;0;202;0;
21793;9191404;1231712256;28045312;1374040064;0;0;0;0;0;0;0;0;0;0;0;5109;0;0;131;0;202;0;
21794;5939316;1231712256;28045312;1374040064;0;0;0;0;0;0;0;0;0;0;0;4258;0;0;131;0;202;0;
21795;7981836;1231712256;28045312;1374040064;0;0;0;0;0;0;0;0;0;0;0;3887;0;0;131;0;202;0;
21796;6674995;1231712256;28045312;1374040064;0;0;0;0;0;0;0;0;0;0;0;4469;0;0;131;0;202;0;
21797;9092469;1231712256;28045312;1374040064;0;0;0;0;0;0;0;0;0;0;0;2945;0;0;131;0;202;0;
21798;6831620;1231712256;28045312;1374040064;0;0;0;0;0;0;0;0;0;0;0;4578;0;0;131;0;202;0;
21799;10526127;1231712256;28045312;1374040064;0;0;0;0;0;0;0;0;0;0;0;3606;0;0;131;0;202;0;
21800;4925004;1231712256;28045312;1374040064;0;0;0;0;0;0;0;0;0;0;0;4859;0;0;131;0;202;0;
21801;7691912;1231712256;28045312;1374040064;0;0;0;0;0;0;0;0;0;0;0;4719;0;0;131;0;202;0;
21802;10456987;1231712256;28045312;1374040064;0;0;0;0;0;0;0;0;0;0;0;3987;0;0;131;0;202;0;
21803;12443332;1231712256;28045312;1374040064;0;0;0;0;0;0;0;0;0;0;0;4518;0;0;131;0;202;0;
21804;11875588;1231712256;28045312;1374040064;0;0;0;0;0;0;0;0;0;0;0;4889;0;0;131;0;202;0;
21805;12420830;1231712256;28045312;1374040064;0;0;0;0;0;0;0;0;0;0;0;5160;0;0;131;0;202;0;
21806;9011477;1231712256;28045312;1374040064;0;0;0;0;0;0;0;0;0;0;0;5160;0;0;131;0;202;0;
21807;13096106;1231712256;28045312;1374040064;0;0;0;0;0;0;0;0;0;0;0;5110;0;0;131;0;202;0;
21808;12531727;1231712256;28045312;1374040064;0;0;0;0;0;0;0;0;0;0;0;5100;0;0;131;0;202;0;
21809;11112977;1231712256;28045312;1374040064;0;0;0;0;0;0;0;0;0;0;0;5000;0;0;131;0;202;0;
21810;8594675;1231712256;28045312;1374040064;0;0;0;0;0;0;0;0;0;0;0;5059;0;0;131;0;202;0;
21811;12065183;1231712256;28045312;1374040064;0;0;0;0;0;0;0;0;0;0;0;4538;0;0;131;0;202;0;
21812;8492895;1231712256;28045312;1374040064;0;0;0;0;0;0;0;0;0;0;0;5390;0;0;131;0;202;0;
21813;13237320;1231712256;28045312;1374040064;0;0;0;0;0;0;0;0;0;0;0;4880;0;0;131;0;202;0;
21814;10246282;1231712256;28045312;1374040064;0;0;0;0;0;0;0;0;0;0;0;5039;0;0;131;0;202;0;
21815;12924154;1231712256;28045312;1374040064;0;0;0;0;0;0;0;0;0;0;0;3998;0;0;131;0;202;0;
21816;11333131;1231712256;28045312;1374040064;0;0;0;0;0;0;0;0;0;0;0;3637;0;0;131;0;202;0;
21817;10783990;1231712256;28045312;1374040064;0;0;0;0;0;0;0;0;0;0;0;4048;0;0;131;0;202;0;
21818;4256702;1231712256;28045312;1374040064;0;0;0;0;0;0;0;0;0;0;0;3276;0;0;131;0;202;0;
21819;10853150;1231712256;28045312;1374040064;0;0;0;0;0;0;0;0;0;0;0;5120;0;0;131;0;202;0;
21820;6817072;1231712256;28045312;1374040064;0;0;0;0;0;0;0;0;0;0;0;3787;0;0;131;0;202;0;
21821;11299296;1231712256;28045312;1374040064;0;0;0;0;0;0;0;0;0;0;0;3767;0;0;131;0;202;0;
21822;8573466;1231712256;28045312;1374040064;0;0;0;0;0;0;0;0;0;0;0;4809;0;0;131;0;202;0;
21823;8882354;1231712256;28045312;1374040064;0;0;0;0;0;0;0;0;0;0;0;3867;0;0;131;0;202;0;
21824;7616130;1231712256;28045312;1374040064;0;0;0;0;0;0;0;0;0;0;0;3576;0;0;131;0;202;0;
21825;8078939;1231712256;28045312;1374040064;0;0;0;0;0;0;0;0;0;0;0;3166;0;0;131;0;202;0;
21826;7176677;1231712256;28045312;1374040064;0;0;0;0;0;0;0;0;0;0;0;4739;0;0;131;0;202;0;
21827;8475041;1231712256;28045312;1374040064;0;0;0;0;0;0;0;0;0;0;0;3717;0;0;131;0;202;0;
21828;6287299;1231712256;28045312;1374040064;0;0;0;0;0;0;0;0;0;0;0;3917;0;0;131;0;202;0;
21829;10012905;1231712256;28045312;1374040064;0;0;0;0;0;0;0;0;0;0;0;3407;0;0;131;0;202;0;
21830;6280286;1231712256;28045312;1374040064;0;0;0;0;0;0;0;0;0;0;0;4489;0;0;131;0;202;0;
21831;7936942;1231712256;28045312;1374040064;0;0;0;0;0;0;0;0;0;0;0;4448;0;0;131;0;202;0;
21832;5551299;1231712256;28045312;1374040064;0;0;0;0;0;0;0;0;0;0;0;3016;0;0;131;0;202;0;
21833;9186625;1231712256;28045312;1374040064;0;0;0;0;0;0;0;0;0;0;0;4459;0;0;131;0;202;0;
21834;6201939;1231712256;28045312;1374040064;0;0;0;0;0;0;0;0;0;0;0;4959;0;0;131;0;202;0;
21835;9282846;1231712256;28045312;1374040064;0;0;0;0;0;0;0;0;0;0;0;4809;0;0;131;0;202;0;
21836;5489052;1231712256;28045312;1374040064;0;0;0;0;0;0;0;0;0;0;0;4118;0;0;131;0;202;0;
21837;8529333;1231712256;28045312;1374040064;0;0;0;0;0;0;0;0;0;0;0;4238;0;0;131;0;202;0;
21838;7645726;1231712256;28045312;1374040064;0;0;0;0;0;0;0;0;0;0;0;4579;0;0;131;0;202;0;
21839;11378996;1231712256;28045312;1374040064;0;0;0;0;0;0;0;0;0;0;0;5140;0;0;131;0;202;0;
21840;13175555;1231712256;28045312;1374040064;0;0;0;0;0;0;0;0;0;0;0;5461;0;0;131;0;202;0;
21841;9657859;1231712256;28045312;1374040064;0;0;0;0;0;0;0;0;0;0;0;3837;0;0;131;0;202;0;
21842;8161152;1231712256;28045312;1374040064;0;0;0;0;0;0;0;0;0;0;0;5080;0;0;131;0;202;0;
21843;9957270;1231712256;28045312;1374040064;0;0;0;0;0;0;0;0;0;0;0;3878;0;0;131;0;202;0;
21844;6792045;1231712256;28045312;1374040064;0;0;0;0;0;0;0;0;0;0;0;4178;0;0;131;0;202;0;
21845;9904090;1231712256;28045312;1374040064;0;0;0;0;0;0;0;0;0;0;0;5070;0;0;131;0;202;0;
21846;7413180;1231712256;28045312;1374040064;0;0;0;0;0;0;0;0;0;0;0;3587;0;0;131;0;202;0;
21847;9388984;1231712256;28045312;1374040064;0;0;0;0;0;0;0;0;0;0;0;4418;0;0;131;0;202;0;
21848;7225228;1231712256;28045312;1374040064;0;0;0;0;0;0;0;0;0;0;0;4358;0;0;131;0;202;0;
21849;8772559;1231712256;28045312;1374040064;0;0;0;0;0;0;0;0;0;0;0;4709;0;0;131;0;202;0;
21850;5833188;1231712256;28045312;1374040064;0;0;0;0;0;0;0;0;0;0;0;8987;0;0;131;0;202;0;
21851;8079940;1231712256;28045312;1374040064;0;0;0;0;0;0;0;0;0;0;0;3677;0;0;131;0;202;0;
21852;6997661;1231712256;28045312;1374040064;0;0;0;0;0;0;0;0;0;0;0;4348;0;0;131;0;202;0;
21853;11250585;1231712256;28045312;1374040064;0;0;0;0;0;0;0;0;0;0;0;4809;0;0;131;0;202;0;
21854;7083202;1231712256;28045312;1374040064;0;0;0;0;0;0;0;0;0;0;0;4789;0;0;131;0;202;0;
21855;10777849;1231712256;28045312;1374040064;0;0;0;0;0;0;0;0;0;0;0;3456;0;0;131;0;202;0;
21856;9278968;1231712256;28045312;1374040064;0;0;0;0;0;0;0;0;0;0;0;4398;0;0;131;0;202;0;
21857;8445926;1231712256;28045312;1374040064;0;0;0;0;0;0;0;0;0;0;0;4188;0;0;131;0;202;0;
21858;8309741;1231712256;28045312;1374040064;0;0;0;0;0;0;0;0;0;0;0;3597;0;0;131;0;202;0;
21859;7783715;1231712256;28045312;1374040064;0;0;0;0;0;0;0;0;0;0;0;4819;0;0;131;0;202;0;
21860;7103770;1231712256;28045312;1374040064;0;0;0;0;0;0;0;0;0;0;0;4378;0;0;131;0;202;0;
21861;6068579;1231712256;28045312;1374040064;0;0;0;0;0;0;0;0;0;0;0;3256;0;0;131;0;202;0;
21862;7541130;1231712256;28045312;1374040064;0;0;0;0;0;0;0;0;0;0;0;4509;0;0;131;0;202;0;
21863;9345444;1231712256;28045312;1374040064;0;0;0;0;0;0;0;0;0;0;0;3797;0;0;131;0;202;0;
21864;6338375;1231712256;28045312;1374040064;0;0;0;0;0;0;0;0;0;0;0;3086;0;0;131;0;202;0;
21865;8353784;1231712256;28045312;1374040064;0;0;0;0;0;0;0;0;0;0;0;3276;0;0;131;0;202;0;
21866;5715437;1231712256;28045312;1374040064;0;0;0;0;0;0;0;0;0;0;0;4358;0;0;131;0;202;0;
21867;10018825;1231712256;28045312;1374040064;0;0;0;0;0;0;0;0;0;0;0;3707;0;0;131;0;202;0;
21868;6418555;1231712256;28045312;1374040064;0;0;0;0;0;0;0;0;0;0;0;4038;0;0;131;0;202;0;
21869;9360631;1231712256;28045312;1374040064;0;0;0;0;0;0;0;0;0;0;0;3447;0;0;131;0;202;0;
21870;7344612;1231712256;28045312;1374040064;0;0;0;0;0;0;0;0;0;0;0;3887;0;0;131;0;202;0;
21871;9536702;1231712256;28045312;1374040064;0;0;0;0;0;0;0;0;0;0;0;5129;0;0;131;0;202;0;
21872;7599259;1231712256;28045312;1374040064;0;0;0;0;0;0;0;0;0;0;0;5470;0;0;131;0;202;0;
21873;8323507;1231712256;28045312;1374040064;0;0;0;0;0;0;0;0;0;0;0;4789;0;0;131;0;202;0;
21874;9855569;1231712256;28045312;1374040064;0;0;0;0;0;0;0;0;0;0;0;3557;0;0;131;0;202;0;
21875;8721333;1231712256;28045312;1374040064;0;0;0;0;0;0;0;0;0;0;0;2995;0;0;131;0;202;0;
21876;9278819;1231712256;28045312;1374040064;0;0;0;0;0;0;0;0;0;0;0;4829;0;0;131;0;202;0;
21877;8577904;1231712256;28045312;1374040064;0;0;0;0;0;0;0;0;0;0;0;4488;0;0;131;0;202;0;
21878;8112701;1231712256;28045312;1374040064;0;0;0;0;0;0;0;0;0;0;0;4789;0;0;131;0;202;0;
21879;9559955;1231712256;28045312;1374040064;0;0;0;0;0;0;0;0;0;0;0;4248;0;0;131;0;202;0;
21880;8899107;1231712256;28045312;1374040064;0;0;0;0;0;0;0;0;0;0;0;4468;0;0;131;0;202;0;
21881;9369869;1231712256;28045312;1374040064;0;0;0;0;0;0;0;0;0;0;0;4489;0;0;131;0;202;0;
21882;8453972;1231712256;28045312;1374040064;0;0;0;0;0;0;0;0;0;0;0;4979;0;0;131;0;202;0;
21883;9304336;1231712256;28045312;1374040064;0;0;0;0;0;0;0;0;0;0;0;3887;0;0;131;0;202;0;
21884;9234465;1231712256;28045312;1374040064;0;0;0;0;0;0;0;0;0;0;0;3486;0;0;131;0;202;0;
21885;8626745;1231712256;28045312;1374040064;0;0;0;0;0;0;0;0;0;0;0;4568;0;0;131;0;202;0;
21886;7148333;1231712256;28045312;1374040064;0;0;0;0;0;0;0;0;0;0;0;3727;0;0;131;0;202;0;
21887;9482470;1231712256;28045312;1374040064;0;0;0;0;0;0;0;0;0;0;0;4008;0;0;131;0;202;0;
21888;7381270;1231712256;28045312;1374040064;0;0;0;0;0;0;0;0;0;0;0;4157;0;0;131;0;202;0;
21889;7806578;1231712256;28045312;1374040064;0;0;0;0;0;0;0;0;0;0;0;3827;0;0;131;0;202;0;
21890;8954229;1231712256;28045312;1374040064;0;0;0;0;0;0;0;0;0;0;0;3998;0;0;131;0;202;0;
21891;9820303;1231712256;28045312;1374040064;0;0;0;0;0;0;0;0;0;0;0;3927;0;0;131;0;202;0;
21892;7631610;1231712256;28045312;1374040064;0;0;0;0;0;0;0;0;0;0;0;4379;0;0;131;0;202;0;
21893;7648642;1231712256;28045312;1374040064;0;0;0;0;0;0;0;0;0;0;0;4729;0;0;131;0;202;0;
21894;12929914;1231712256;28045312;1374040064;0;0;0;0;0;0;0;0;0;0;0;3918;0;0;131;0;202;0;
21895;8943940;1231712256;28045312;1374040064;0;0;0;0;0;0;0;0;0;0;0;331792;0;0;131;0;202;0;
21896;8698109;1231712256;28049408;1374044160;0;0;0;0;0;0;0;0;0;0;0;4158;0;0;131;0;202;0;
21897;12695384;1231712256;28049408;1374044160;0;0;0;0;0;0;0;0;0;0;0;4468;0;0;131;0;202;0;
21898;8148619;1231712256;28049408;1374044160;0;0;0;0;0;0;0;0;0;0;0;6362;0;0;131;0;202;0;
21899;9239635;1231712256;28049408;1374044160;0;0;0;0;0;0;0;0;0;0;0;3687;0;0;131;0;202;0;
21900;11078774;1231712256;28049408;1374044160;0;0;0;0;0;0;0;0;0;0;0;3757;0;0;131;0;202;0;
21901;11501365;1231712256;28049408;1374044160;0;0;0;0;0;0;0;0;0;0;0;3276;0;0;131;0;202;0;
21902;14375826;1231712256;28049408;1374044160;0;0;0;0;0;0;0;0;0;0;0;4068;0;0;131;0;202;0;
21903;12355978;1231712256;28049408;1374044160;0;0;0;0;0;0;0;0;0;0;0;3697;0;0;131;0;202;0;
21904;10624031;1231712256;28049408;1374044160;0;0;0;0;0;0;0;0;0;0;0;3787;0;0;131;0;202;0;
21905;12455826;1231712256;28049408;1374044160;0;0;0;0;0;0;0;0;0;0;0;3727;0;0;131;0;202;0;
21906;9874204;1231712256;28049408;1374044160;0;0;0;0;0;0;0;0;0;0;0;5009;0;0;131;0;202;0;
21907;12786074;1231712256;28049408;1374044160;0;0;0;0;0;0;0;0;0;0;0;4458;0;0;131;0;202;0;
21908;10302938;1231712256;28045312;1374040064;0;0;0;0;0;0;0;0;0;0;0;3947;0;0;131;0;202;0;
21909;10691607;1231712256;28045312;1374040064;0;0;0;0;0;0;0;0;0;0;0;4268;0;0;131;0;202;0;
21910;11280101;1231712256;28045312;1374040064;0;0;0;0;0;0;0;0;0;0;0;4929;0;0;131;0;202;0;
21911;10056126;1231712256;28045312;1374040064;0;0;0;0;0;0;0;0;0;0;0;5160;0;0;131;0;202;0;
21912;8449523;1231712256;28045312;1374040064;0;0;0;0;0;0;0;0;0;0;0;4198;0;0;131;0;202;0;
21913;10678803;1231712256;28045312;1374040064;0;0;0;0;0;0;0;0;0;0;0;3597;0;0;131;0;202;0;
21914;8427202;1231712256;28045312;1374040064;0;0;0;0;0;0;0;0;0;0;0;3867;0;0;131;0;202;0;
21915;10232747;1231712256;28045312;1374040064;0;0;0;0;0;0;0;0;0;0;0;3677;0;0;131;0;202;0;
21916;17572630;1231712256;28045312;1374040064;0;0;0;0;0;0;0;0;0;0;0;6102;0;0;131;0;202;0;
21917;10914295;1231712256;28045312;1374040064;0;0;0;0;0;0;0;0;0;0;0;5209;0;0;131;0;202;0;
21918;10808267;1231712256;28045312;1374040064;0;0;0;0;0;0;0;0;0;0;0;4748;0;0;131;0;202;0;
21919;8969198;1231712256;28045312;1374040064;0;0;0;0;0;0;0;0;0;0;0;3998;0;0;131;0;202;0;
21920;7238362;1231712256;28045312;1374040064;0;0;0;0;0;0;0;0;0;0;0;3537;0;0;131;0;202;0;
21921;8628008;1231712256;28045312;1374040064;0;0;0;0;0;0;0;0;0;0;0;3166;0;0;131;0;202;0;
21922;7534809;1231712256;28045312;1374040064;0;0;0;0;0;0;0;0;0;0;0;4389;0;0;131;0;202;0;
21923;11906846;1231712256;28045312;1374040064;0;0;0;0;0;0;0;0;0;0;0;4078;0;0;131;0;202;0;
21924;7383594;1231712256;28045312;1374040064;0;0;0;0;0;0;0;0;0;0;0;4609;0;0;131;0;202;0;
21925;9348448;1231712256;28045312;1374040064;0;0;0;0;0;0;0;0;0;0;0;4168;0;0;131;0;202;0;
21926;7258280;1231712256;28045312;1374040064;0;0;0;0;0;0;0;0;0;0;0;154550;0;0;131;0;202;0;
21927;9140579;1231712256;28045312;1374040064;0;0;0;0;0;0;0;0;0;0;0;5621;0;0;131;0;202;0;
21928;9680091;1231712256;28049408;1374044160;0;0;0;0;0;0;0;0;0;0;0;4639;0;0;131;0;202;0;
21929;15120492;1231712256;28049408;1374044160;0;0;0;0;0;0;0;0;0;0;0;5460;0;0;131;0;202;0;
21930;9892539;1231712256;28049408;1374044160;0;0;0;0;0;0;0;0;0;0;0;4309;0;0;131;0;202;0;
21931;11488381;1231712256;28049408;1374044160;0;0;0;0;0;0;0;0;0;0;0;3546;0;0;131;0;202;0;
21932;6593153;1231712256;28049408;1374044160;0;0;0;0;0;0;0;0;0;0;0;3366;0;0;131;0;202;0;
21933;10988664;1231712256;28049408;1374044160;0;0;0;0;0;0;0;0;0;0;0;3807;0;0;131;0;202;0;
21934;10053621;1231712256;28049408;1374044160;0;0;0;0;0;0;0;0;0;0;0;5079;0;0;131;0;202;0;
21935;12287039;1231712256;28049408;1374044160;0;0;0;0;0;0;0;0;0;0;0;5650;0;0;131;0;202;0;
21936;9239855;1231712256;28049408;1374044160;0;0;0;0;0;0;0;0;0;0;0;3918;0;0;131;0;202;0;
21937;11331457;1231712256;28049408;1374044160;0;0;0;0;0;0;0;0;0;0;0;4388;0;0;131;0;202;0;
21938;9296010;1231712256;28049408;1374044160;0;0;0;0;0;0;0;0;0;0;0;3296;0;0;131;0;202;0;
21939;13047435;1231712256;28049408;1374044160;0;0;0;0;0;0;0;0;0;0;0;5019;0;0;131;0;202;0;
21940;8287830;1231712256;28049408;1374044160;0;0;0;0;0;0;0;0;0;0;0;4018;0;0;131;0;202;0;
21941;11005817;1231712256;28049408;1374044160;0;0;0;0;0;0;0;0;0;0;0;3957;0;0;131;0;202;0;
21942;8723757;1231712256;28049408;1374044160;0;0;0;0;0;0;0;0;0;0;0;4669;0;0;131;0;202;0;
21943;9227332;1231712256;28049408;1374044160;0;0;0;0;0;0;0;0;0;0;0;3046;0;0;131;0;202;0;
21944;6884519;1231712256;28049408;1374044160;0;0;0;0;0;0;0;0;0;0;0;3917;0;0;131;0;202;0;
21945;12667772;1231712256;28049408;1374044160;0;0;0;0;0;0;0;0;0;0;0;5350;0;0;131;0;202;0;
21946;13212565;1231712256;28049408;1374044160;0;0;0;0;0;0;0;0;0;0;0;5070;0;0;131;0;202;0;
21947;8940133;1231712256;28049408;1374044160;0;0;0;0;0;0;0;0;0;0;0;3326;0;0;131;0;202;0;
21948;6637495;1231712256;28061696;1374056448;0;0;0;0;0;0;0;0;0;0;0;4379;0;0;131;0;202;0;
21949;10185689;1231712256;28061696;1374056448;0;0;0;0;0;0;0;0;0;0;0;4258;0;0;131;0;202;0;
21950;8987432;1231712256;28061696;1374056448;0;0;0;0;0;0;0;0;0;0;0;5110;0;0;131;0;202;0;
21951;6777979;1231712256;28061696;1374056448;0;0;0;0;0;0;0;0;0;0;0;3867;0;0;131;0;202;0;
21952;6691136;1231712256;28061696;1374056448;0;0;0;0;0;0;0;0;0;0;0;3316;0;0;131;0;202;0;
21953;8530625;1231712256;28061696;1374056448;0;0;0;0;0;0;0;0;0;0;0;4959;0;0;131;0;202;0;
21954;9329162;1231720448;28053504;1374048256;0;0;0;0;0;0;0;0;0;0;0;4278;0;0;131;0;202;0;
21955;7872852;1231720448;28053504;1374048256;0;0;0;0;0;0;0;0;0;0;0;3476;0;0;131;0;202;0;
21956;7922826;1231716352;28049408;1374044160;0;0;0;0;0;0;0;0;0;0;0;3667;0;0;131;0;202;0;
21957;8854573;1231716352;28049408;1374044160;0;0;0;0;0;0;0;0;0;0;0;4428;0;0;131;0;202;0;
21958;7384536;1231716352;28049408;1374044160;0;0;0;0;0;0;0;0;0;0;0;3917;0;0;131;0;202;0;
21959;7867162;1231716352;28049408;1374044160;0;0;0;0;0;0;0;0;0;0;0;4128;0;0;131;0;202;0;
21960;6615685;1231716352;28049408;1374044160;0;0;0;0;0;0;0;0;0;0;0;5600;0;0;131;0;202;0;
21961;7867082;1231716352;28049408;1374044160;0;0;0;0;0;0;0;0;0;0;0;4027;0;0;131;0;202;0;
21962;5897458;1231716352;28049408;1374044160;0;0;0;0;0;0;0;0;0;0;0;6111;0;0;131;0;202;0;
21963;6693822;1231716352;28049408;1374044160;0;0;0;0;0;0;0;0;0;0;0;2725;0;0;131;0;202;0;
21964;8132198;1231716352;28049408;1374044160;0;0;0;0;0;0;0;0;0;0;0;4068;0;0;131;0;202;0;
21965;9161278;1231716352;28049408;1374044160;0;0;0;0;0;0;0;0;0;0;0;3477;0;0;131;0;202;0;
21966;6554029;1231716352;28049408;1374044160;0;0;0;0;0;0;0;0;0;0;0;4849;0;0;131;0;202;0;
21967;10098335;1231716352;28049408;1374044160;0;0;0;0;0;0;0;0;0;0;0;4619;0;0;131;0;202;0;
21968;8302107;1231716352;28049408;1374044160;0;0;0;0;0;0;0;0;0;0;0;3878;0;0;131;0;202;0;
21969;9167680;1231716352;28049408;1374044160;0;0;0;0;0;0;0;0;0;0;0;4769;0;0;131;0;202;0;
21970;3966528;1231716352;28049408;1374044160;0;0;0;0;0;0;0;0;0;0;0;3206;0;0;131;0;202;0;
21971;8533290;1231716352;28049408;1374044160;0;0;0;0;0;0;0;0;0;0;0;3206;0;0;131;0;202;0;
21972;5221821;1231716352;28049408;1374044160;0;0;0;0;0;0;0;0;0;0;0;4117;0;0;131;0;202;0;
21973;9045090;1231716352;28049408;1374044160;0;0;0;0;0;0;0;0;0;0;0;3537;0;0;131;0;202;0;
21974;5016075;1231716352;28049408;1374044160;0;0;0;0;0;0;0;0;0;0;0;3076;0;0;131;0;202;0;
21975;6708128;1231716352;28049408;1374044160;0;0;0;0;0;0;0;0;0;0;0;4970;0;0;131;0;202;0;
21976;6837180;1231716352;28049408;1374044160;0;0;0;0;0;0;0;0;0;0;0;4929;0;0;131;0;202;0;
21977;10154270;1231716352;28049408;1374044160;0;0;0;0;0;0;0;0;0;0;0;3797;0;0;131;0;202;0;
21978;5491507;1231716352;28049408;1374044160;0;0;0;0;0;0;0;0;0;0;0;4478;0;0;131;0;202;0;
21979;12999615;1231716352;28049408;1374044160;0;0;0;0;0;0;0;0;0;0;0;393568;0;0;131;0;202;0;
21980;5592456;1231716352;28053504;1374048256;0;0;0;0;0;0;0;0;0;0;0;4479;0;0;131;0;202;0;
21981;10523452;1231716352;28053504;1374048256;0;0;0;0;0;0;0;0;0;0;0;4158;0;0;131;0;202;0;
21982;5626099;1231716352;28053504;1374048256;0;0;0;0;0;0;0;0;0;0;0;4258;0;0;131;0;202;0;
21983;9857112;1231716352;28053504;1374048256;0;0;0;0;0;0;0;0;0;0;0;3867;0;0;131;0;202;0;
21984;6812764;1231716352;28053504;1374048256;0;0;0;0;0;0;0;0;0;0;0;3196;0;0;131;0;202;0;
21985;9724424;1231716352;28053504;1374048256;0;0;0;0;0;0;0;0;0;0;0;2705;0;0;131;0;202;0;
21986;6108654;1231716352;28049408;1374044160;0;0;0;0;0;0;0;0;0;0;0;4629;0;0;131;0;202;0;
21987;8732384;1231716352;28049408;1374044160;0;0;0;0;0;0;0;0;0;0;0;3357;0;0;131;0;202;0;
21988;6416922;1231712256;28045312;1374040064;0;0;0;0;0;0;0;0;0;0;0;4308;0;0;131;0;202;0;
21989;8301596;1231712256;28045312;1374040064;0;0;0;0;0;0;0;0;0;0;0;5981;0;0;131;0;202;0;
21990;7441363;1231712256;28045312;1374040064;0;0;0;0;0;0;0;0;0;0;0;4138;0;0;131;0;202;0;
21991;8958047;1231712256;28045312;1374040064;0;0;0;0;0;0;0;0;0;0;0;3897;0;0;131;0;202;0;
21992;7127574;1231712256;28045312;1374040064;0;0;0;0;0;0;0;0;0;0;0;4769;0;0;131;0;202;0;
21993;8733135;1231712256;28045312;1374040064;0;0;0;0;0;0;0;0;0;0;0;4659;0;0;131;0;202;0;
21994;5161789;1231712256;28045312;1374040064;0;0;0;0;0;0;0;0;0;0;0;4148;0;0;131;0;202;0;
21995;8538791;1231712256;28045312;1374040064;0;0;0;0;0;0;0;0;0;0;0;3456;0;0;131;0;202;0;
21996;6686908;1231712256;28045312;1374040064;0;0;0;0;0;0;0;0;0;0;0;4469;0;0;131;0;202;0;
21997;8696136;1231712256;28045312;1374040064;0;0;0;0;0;0;0;0;0;0;0;4719;0;0;131;0;202;0;
21998;5047705;1231712256;28045312;1374040064;0;0;0;0;0;0;0;0;0;0;0;4559;0;0;131;0;202;0;
21999;7266365;1231712256;28045312;1374040064;0;0;0;0;0;0;0;0;0;0;0;3145;0;0;131;0;202;0;
22000;6077807;1231712256;28045312;1374040064;0;0;0;0;0;0;0;0;0;0;0;3707;0;0;131;0;202;0;
22001;7715036;1231712256;28045312;1374040064;0;0;0;0;0;0;0;0;0;0;0;3487;0;0;131;0;202;0;
22002;8222959;1231712256;28045312;1374040064;0;0;0;0;0;0;0;0;0;0;0;3476;0;0;131;0;202;0;
22003;6518092;1231712256;28045312;1374040064;0;0;0;0;0;0;0;0;0;0;0;3446;0;0;131;0;202;0;
22004;8699653;1231712256;28045312;1374040064;0;0;0;0;0;0;0;0;0;0;0;3577;0;0;131;0;202;0;
22005;10165130;1231712256;28045312;1374040064;0;0;0;0;0;0;0;0;0;0;0;4288;0;0;131;0;202;0;
22006;5373836;1231712256;28045312;1374040064;0;0;0;0;0;0;0;0;0;0;0;3877;0;0;131;0;202;0;
22007;7232181;1231712256;28045312;1374040064;0;0;0;0;0;0;0;0;0;0;0;4478;0;0;131;0;202;0;
22008;7908789;1231712256;28045312;1374040064;0;0;0;0;0;0;0;0;0;0;0;5230;0;0;131;0;202;0;
22009;9773095;1231712256;28045312;1374040064;0;0;0;0;0;0;0;0;0;0;0;3787;0;0;131;0;202;0;
22010;4844444;1231712256;28045312;1374040064;0;0;0;0;0;0;0;0;0;0;0;3787;0;0;131;0;202;0;
22011;7418551;1231712256;28045312;1374040064;0;0;0;0;0;0;0;0;0;0;0;2405;0;0;131;0;202;0;
22012;7512175;1231712256;28045312;1374040064;0;0;0;0;0;0;0;0;0;0;0;4949;0;0;131;0;202;0;
22013;10659076;1231712256;28045312;1374040064;0;0;0;0;0;0;0;0;0;0;0;4588;0;0;131;0;202;0;
22014;6935645;1231712256;28045312;1374040064;0;0;0;0;0;0;0;0;0;0;0;3627;0;0;131;0;202;0;
22015;10082886;1231712256;28045312;1374040064;0;0;0;0;0;0;0;0;0;0;0;4559;0;0;131;0;202;0;
22016;6569558;1231712256;28045312;1374040064;0;0;0;0;0;0;0;0;0;0;0;3838;0;0;131;0;202;0;
22017;11967830;1231712256;28045312;1374040064;0;0;0;0;0;0;0;0;0;0;0;2926;0;0;131;0;202;0;
22018;8817193;1231712256;28045312;1374040064;0;0;0;0;0;0;0;0;0;0;0;5310;0;0;131;0;202;0;
22019;9131582;1231712256;28045312;1374040064;0;0;0;0;0;0;0;0;0;0;0;2956;0;0;131;0;202;0;
22020;7493451;1231712256;28045312;1374040064;0;0;0;0;0;0;0;0;0;0;0;4028;0;0;131;0;202;0;
22021;7427046;1231712256;28045312;1374040064;0;0;0;0;0;0;0;0;0;0;0;3376;0;0;131;0;202;0;
22022;7343881;1231712256;28045312;1374040064;0;0;0;0;0;0;0;0;0;0;0;4208;0;0;131;0;202;0;
22023;9685371;1231712256;28045312;1374040064;0;0;0;0;0;0;0;0;0;0;0;4488;0;0;131;0;202;0;
22024;6397646;1231712256;28045312;1374040064;0;0;0;0;0;0;0;0;0;0;0;3577;0;0;131;0;202;0;
22025;10902773;1231712256;28045312;1374040064;0;0;0;0;0;0;0;0;0;0;0;5711;0;0;131;0;202;0;
22026;4662292;1231712256;28045312;1374040064;0;0;0;0;0;0;0;0;0;0;0;4218;0;0;131;0;202;0;
22027;10645581;1231712256;28045312;1374040064;0;0;0;0;0;0;0;0;0;0;0;4970;0;0;131;0;202;0;
22028;4298860;1231712256;28045312;1374040064;0;0;0;0;0;0;0;0;0;0;0;3727;0;0;131;0;202;0;
22029;7196624;1231712256;28045312;1374040064;0;0;0;0;0;0;0;0;0;0;0;5671;0;0;131;0;202;0;
22030;5769808;1231712256;28045312;1374040064;0;0;0;0;0;0;0;0;0;0;0;3376;0;0;131;0;202;0;
22031;5648962;1231712256;28045312;1374040064;0;0;0;0;0;0;0;0;0;0;0;2194;0;0;131;0;202;0;
22032;7522085;1231712256;28045312;1374040064;0;0;0;0;0;0;0;0;0;0;0;4018;0;0;131;0;202;0;
22033;6122160;1231712256;28045312;1374040064;0;0;0;0;0;0;0;0;0;0;0;3026;0;0;131;0;202;0;
22034;7642631;1231712256;28045312;1374040064;0;0;0;0;0;0;0;0;0;0;0;4398;0;0;131;0;202;0;
22035;7553493;1231712256;28045312;1374040064;0;0;0;0;0;0;0;0;0;0;0;3506;0;0;131;0;202;0;
22036;13298125;1231712256;28065792;1374060544;0;0;0;0;0;0;0;0;0;0;0;5070;0;0;131;0;202;0;
22037;6711715;1231712256;28098560;1374093312;0;0;0;0;0;0;0;0;0;0;0;4138;0;0;131;0;202;0;
22038;6897122;1231712256;28102656;1374097408;0;0;0;0;0;0;0;0;0;0;0;4088;0;0;131;0;202;0;
22039;8737133;1231712256;28102656;1374097408;0;0;0;0;0;0;0;0;0;0;0;3867;0;0;131;0;202;0;
22040;9535680;1231712256;28102656;1374097408;0;0;0;0;0;0;0;0;0;0;0;4038;0;0;131;0;202;0;
22041;7331046;1231712256;28102656;1374097408;0;0;0;0;0;0;0;0;0;0;0;3767;0;0;131;0;202;0;
22042;9179271;1231712256;28102656;1374097408;0;0;0;0;0;0;0;0;0;0;0;3807;0;0;131;0;202;0;
22043;9673869;1231712256;28102656;1374097408;0;0;0;0;0;0;0;0;0;0;0;3927;0;0;131;0;202;0;
22044;7591704;1231704064;28069888;1374064640;0;0;0;0;0;0;0;0;0;0;0;3066;0;0;131;0;202;0;
22045;11218676;1231704064;28069888;1374064640;0;0;0;0;0;0;0;0;0;0;0;3367;0;0;131;0;202;0;
22046;7492669;1231683584;28049408;1374044160;0;0;0;0;0;0;0;0;0;0;0;3707;0;0;131;0;202;0;
22047;11350393;1231683584;28049408;1374044160;0;0;0;0;0;0;0;0;0;0;0;4178;0;0;131;0;202;0;
22048;5009833;1231683584;28049408;1374044160;0;0;0;0;0;0;0;0;0;0;0;3967;0;0;131;0;202;0;
22049;10128742;1231683584;28049408;1374044160;0;0;0;0;0;0;0;0;0;0;0;3577;0;0;131;0;202;0;
22050;5516905;1231683584;28049408;1374044160;0;0;0;0;0;0;0;0;0;0;0;4799;0;0;131;0;202;0;
22051;10163057;1231683584;28049408;1374044160;0;0;0;0;0;0;0;0;0;0;0;3747;0;0;131;0;202;0;
22052;6234550;1231683584;28049408;1374044160;0;0;0;0;0;0;0;0;0;0;0;3968;0;0;131;0;202;0;
22053;13361504;1231683584;28049408;1374044160;0;0;0;0;0;0;0;0;0;0;0;4789;0;0;131;0;202;0;
22054;6999104;1231683584;28049408;1374044160;0;0;0;0;0;0;0;0;0;0;0;4077;0;0;131;0;202;0;
22055;8391925;1231683584;28049408;1374044160;0;0;0;0;0;0;0;0;0;0;0;3707;0;0;131;0;202;0;
22056;9454838;1231683584;28049408;1374044160;0;0;0;0;0;0;0;0;0;0;0;4779;0;0;131;0;202;0;
22057;8912481;1231683584;28049408;1374044160;0;0;0;0;0;0;0;0;0;0;0;3487;0;0;131;0;202;0;
22058;6967284;1231683584;28049408;1374044160;0;0;0;0;0;0;0;0;0;0;0;3387;0;0;131;0;202;0;
22059;10509606;1231683584;28049408;1374044160;0;0;0;0;0;0;0;0;0;0;0;4568;0;0;131;0;202;0;
22060;6125155;1231683584;28049408;1374044160;0;0;0;0;0;0;0;0;0;0;0;3607;0;0;131;0;202;0;
22061;7904221;1231683584;28049408;1374044160;0;0;0;0;0;0;0;0;0;0;0;4308;0;0;131;0;202;0;
22062;7918928;1231683584;28049408;1374044160;0;0;0;0;0;0;0;0;0;0;0;4078;0;0;131;0;202;0;
22063;8320932;1231683584;28049408;1374044160;0;0;0;0;0;0;0;0;0;0;0;2916;0;0;131;0;202;0;
22064;7858114;1231683584;28049408;1374044160;0;0;0;0;0;0;0;0;0;0;0;4358;0;0;131;0;202;0;
22065;7834249;1231683584;28049408;1374044160;0;0;0;0;0;0;0;0;0;0;0;4849;0;0;131;0;202;0;
22066;8193173;1231683584;28049408;1374044160;0;0;0;0;0;0;0;0;0;0;0;3848;0;0;131;0;202;0;
22067;10329729;1231683584;28049408;1374044160;0;0;0;0;0;0;0;0;0;0;0;4588;0;0;131;0;202;0;
22068;6675086;1231683584;28049408;1374044160;0;0;0;0;0;0;0;0;0;0;0;3396;0;0;131;0;202;0;
22069;7874735;1231683584;28049408;1374044160;0;0;0;0;0;0;0;0;0;0;0;3046;0;0;131;0;202;0;
22070;17326658;1231683584;28049408;1374044160;0;0;0;0;0;0;0;0;0;0;0;4438;0;0;131;0;202;0;
22071;9285080;1231683584;28049408;1374044160;0;0;0;0;0;0;0;0;0;0;0;3196;0;0;131;0;202;0;
22072;10231955;1231683584;28049408;1374044160;0;0;0;0;0;0;0;0;0;0;0;4519;0;0;131;0;202;0;
22073;9800226;1231683584;28049408;1374044160;0;0;0;0;0;0;0;0;0;0;0;4248;0;0;131;0;202;0;
22074;8319990;1231683584;28053504;1374048256;0;0;0;0;0;0;0;0;0;0;0;3517;0;0;131;0;202;0;
22075;10699983;1231683584;28053504;1374048256;0;0;0;0;0;0;0;0;0;0;0;3416;0;0;131;0;202;0;
22076;9198738;1231683584;28053504;1374048256;0;0;0;0;0;0;0;0;0;0;0;4248;0;0;131;0;202;0;
22077;8338886;1231683584;28053504;1374048256;0;0;0;0;0;0;0;0;0;0;0;5972;0;0;131;0;202;0;
22078;6731532;1231683584;28053504;1374048256;0;0;0;0;0;0;0;0;0;0;0;5220;0;0;131;0;202;0;
22079;8613912;1231683584;28053504;1374048256;0;0;0;0;0;0;0;0;0;0;0;3667;0;0;131;0;202;0;
22080;10311345;1231683584;28053504;1374048256;0;0;0;0;0;0;0;0;0;0;0;4478;0;0;131;0;202;0;
22081;10038313;1231683584;28053504;1374048256;0;0;0;0;0;0;0;0;0;0;0;4369;0;0;131;0;202;0;
22082;6523411;1231683584;28049408;1374044160;0;0;0;0;0;0;0;0;0;0;0;4699;0;0;131;0;202;0;
22083;11182738;1231683584;28049408;1374044160;0;0;0;0;0;0;0;0;0;0;0;3646;0;0;131;0;202;0;
22084;5568511;1231683584;28049408;1374044160;0;0;0;0;0;0;0;0;0;0;0;4509;0;0;131;0;202;0;
22085;11269441;1231683584;28049408;1374044160;0;0;0;0;0;0;0;0;0;0;0;4218;0;0;131;0;202;0;
22086;5950287;1231683584;28049408;1374044160;0;0;0;0;0;0;0;0;0;0;0;3527;0;0;131;0;202;0;
22087;10297789;1231683584;28049408;1374044160;0;0;0;0;0;0;0;0;0;0;0;3637;0;0;131;0;202;0;
22088;8031410;1231683584;28049408;1374044160;0;0;0;0;0;0;0;0;0;0;0;4118;0;0;131;0;202;0;
22089;10528962;1231683584;28049408;1374044160;0;0;0;0;0;0;0;0;0;0;0;3426;0;0;131;0;202;0;
22090;4131818;1231683584;28049408;1374044160;0;0;0;0;0;0;0;0;0;0;0;5049;0;0;131;0;202;0;
22091;7732058;1231683584;28049408;1374044160;0;0;0;0;0;0;0;0;0;0;0;4418;0;0;131;0;202;0;
22092;4730780;1231683584;28049408;1374044160;0;0;0;0;0;0;0;0;0;0;0;3757;0;0;131;0;202;0;
22093;10923702;1231683584;28049408;1374044160;0;0;0;0;0;0;0;0;0;0;0;4478;0;0;131;0;202;0;
22094;6889257;1231683584;28049408;1374044160;0;0;0;0;0;0;0;0;0;0;0;4187;0;0;131;0;202;0;
22095;8201579;1231683584;28049408;1374044160;0;0;0;0;0;0;0;0;0;0;0;5370;0;0;131;0;202;0;
22096;5625158;1231683584;28049408;1374044160;0;0;0;0;0;0;0;0;0;0;0;4198;0;0;131;0;202;0;
22097;9351985;1231683584;28049408;1374044160;0;0;0;0;0;0;0;0;0;0;0;5210;0;0;131;0;202;0;
22098;5782763;1231683584;28049408;1374044160;0;0;0;0;0;0;0;0;0;0;0;4638;0;0;131;0;202;0;
22099;10369494;1231683584;28049408;1374044160;0;0;0;0;0;0;0;0;0;0;0;4969;0;0;131;0;202;0;
22100;8314891;1231683584;28049408;1374044160;0;0;0;0;0;0;0;0;0;0;0;3527;0;0;131;0;202;0;
22101;8228839;1231683584;28049408;1374044160;0;0;0;0;0;0;0;0;0;0;0;4849;0;0;131;0;202;0;
22102;10878978;1231683584;28049408;1374044160;0;0;0;0;0;0;0;0;0;0;0;6072;0;0;131;0;202;0;
22103;9115652;1231683584;28049408;1374044160;0;0;0;0;0;0;0;0;0;0;0;3947;0;0;131;0;202;0;
22104;8876945;1231683584;28049408;1374044160;0;0;0;0;0;0;0;0;0;0;0;3356;0;0;131;0;202;0;
22105;12295244;1231683584;28049408;1374044160;0;0;0;0;0;0;0;0;0;0;0;4499;0;0;131;0;202;0;
22106;8647685;1231683584;28049408;1374044160;0;0;0;0;0;0;0;0;0;0;0;89467;0;0;131;0;202;0;
22107;9250716;1231683584;28049408;1374044160;0;0;0;0;0;0;0;0;0;0;0;4318;0;0;131;0;202;0;
22108;5865719;1231683584;28049408;1374044160;0;0;0;0;0;0;0;0;0;0;0;4659;0;0;131;0;202;0;
22109;10983805;1231683584;28049408;1374044160;0;0;0;0;0;0;0;0;0;0;0;3497;0;0;131;0;202;0;
22110;9268418;1231683584;28049408;1374044160;0;0;0;0;0;0;0;0;0;0;0;4860;0;0;131;0;202;0;
22111;9277796;1231683584;28049408;1374044160;0;0;0;0;0;0;0;0;0;0;0;3566;0;0;131;0;202;0;
22112;7377232;1231683584;28049408;1374044160;0;0;0;0;0;0;0;0;0;0;0;4498;0;0;131;0;202;0;
22113;9886678;1231683584;28049408;1374044160;0;0;0;0;0;0;0;0;0;0;0;4949;0;0;131;0;202;0;
22114;4748734;1231683584;28049408;1374044160;0;0;0;0;0;0;0;0;0;0;0;3196;0;0;131;0;202;0;
22115;10054393;1231683584;28049408;1374044160;0;0;0;0;0;0;0;0;0;0;0;3397;0;0;131;0;202;0;
22116;6988183;1231683584;28049408;1374044160;0;0;0;0;0;0;0;0;0;0;0;4168;0;0;131;0;202;0;
22117;12437360;1231683584;28049408;1374044160;0;0;0;0;0;0;0;0;0;0;0;4048;0;0;131;0;202;0;
22118;5650806;1231683584;28049408;1374044160;0;0;0;0;0;0;0;0;0;0;0;4499;0;0;131;0;202;0;
22119;9926983;1231683584;28049408;1374044160;0;0;0;0;0;0;0;0;0;0;0;5050;0;0;131;0;202;0;
22120;4677260;1231683584;28049408;1374044160;0;0;0;0;0;0;0;0;0;0;0;3947;0;0;131;0;202;0;
22121;11097228;1231683584;28049408;1374044160;0;0;0;0;0;0;0;0;0;0;0;3636;0;0;131;0;202;0;
22122;8004149;1231683584;28049408;1374044160;0;0;0;0;0;0;0;0;0;0;0;4028;0;0;131;0;202;0;
22123;9566688;1231683584;28049408;1374044160;0;0;0;0;0;0;0;0;0;0;0;4188;0;0;131;0;202;0;
22124;8527690;1231683584;28049408;1374044160;0;0;0;0;0;0;0;0;0;0;0;4138;0;0;131;0;202;0;
22125;8962885;1231683584;28049408;1374044160;0;0;0;0;0;0;0;0;0;0;0;4188;0;0;131;0;202;0;
22126;10642024;1231683584;28049408;1374044160;0;0;0;0;0;0;0;0;0;0;0;3587;0;0;131;0;202;0;
22127;7932674;1231683584;28049408;1374044160;0;0;0;0;0;0;0;0;0;0;0;3626;0;0;131;0;202;0;
22128;8911810;1231683584;28049408;1374044160;0;0;0;0;0;0;0;0;0;0;0;5731;0;0;131;0;202;0;
22129;9232912;1231683584;28049408;1374044160;0;0;0;0;0;0;0;0;0;0;0;3116;0;0;131;0;202;0;
22130;8769884;1231683584;28049408;1374044160;0;0;0;0;0;0;0;0;0;0;0;4208;0;0;131;0;202;0;
22131;6435898;1231683584;28049408;1374044160;0;0;0;0;0;0;0;0;0;0;0;4108;0;0;131;0;202;0;
22132;8386675;1231683584;28049408;1374044160;0;0;0;0;0;0;0;0;0;0;0;3126;0;0;131;0;202;0;
22133;9126503;1231683584;28049408;1374044160;0;0;0;0;0;0;0;0;0;0;0;3777;0;0;131;0;202;0;
22134;8451276;1231683584;28049408;1374044160;0;0;0;0;0;0;0;0;0;0;0;4619;0;0;131;0;202;0;
22135;9722430;1231683584;28049408;1374044160;0;0;0;0;0;0;0;0;0;0;0;4188;0;0;131;0;202;0;
22136;8364093;1231683584;28049408;1374044160;0;0;0;0;0;0;0;0;0;0;0;5620;0;0;131;0;202;0;
22137;8662853;1231683584;28049408;1374044160;0;0;0;0;0;0;0;0;0;0;0;3256;0;0;131;0;202;0;
22138;10207279;1231683584;28049408;1374044160;0;0;0;0;0;0;0;0;0;0;0;35086;0;0;131;0;202;0;
22139;9692975;1231683584;28049408;1374044160;0;0;0;0;0;0;0;0;0;0;0;4028;0;0;131;0;202;0;
22140;5692654;1231683584;28053504;1374048256;0;0;0;0;0;0;0;0;0;0;0;4128;0;0;131;0;202;0;
22141;9524710;1231683584;28053504;1374048256;0;0;0;0;0;0;0;0;0;0;0;4187;0;0;131;0;202;0;
22142;7731587;1231683584;28053504;1374048256;0;0;0;0;0;0;0;0;0;0;0;4088;0;0;131;0;202;0;
22143;11747026;1231683584;28053504;1374048256;0;0;0;0;0;0;0;0;0;0;0;4699;0;0;131;0;202;0;
22144;6323828;1231683584;28053504;1374048256;0;0;0;0;0;0;0;0;0;0;0;3767;0;0;131;0;202;0;
22145;10332403;1231683584;28053504;1374048256;0;0;0;0;0;0;0;0;0;0;0;4588;0;0;131;0;202;0;
22146;7898530;1231683584;28053504;1374048256;0;0;0;0;0;0;0;0;0;0;0;3606;0;0;131;0;202;0;
22147;11329444;1231683584;28053504;1374048256;0;0;0;0;0;0;0;0;0;0;0;5180;0;0;131;0;202;0;
22148;5383314;1231683584;28053504;1374048256;0;0;0;0;0;0;0;0;0;0;0;3236;0;0;131;0;202;0;
22149;10939001;1231683584;28053504;1374048256;0;0;0;0;0;0;0;0;0;0;0;5250;0;0;131;0;202;0;
22150;11083672;1231683584;28053504;1374048256;0;0;0;0;0;0;0;0;0;0;0;4228;0;0;131;0;202;0;
22151;9551800;1231683584;28053504;1374048256;0;0;0;0;0;0;0;0;0;0;0;4429;0;0;131;0;202;0;
22152;13525290;1231683584;28053504;1374048256;0;0;0;0;0;0;0;0;0;0;0;4668;0;0;131;0;202;0;
22153;13319685;1231683584;28053504;1374048256;0;0;0;0;0;0;0;0;0;0;0;4218;0;0;131;0;202;0;
22154;12064462;1231683584;28053504;1374048256;0;0;0;0;0;0;0;0;0;0;0;4649;0;0;131;0;202;0;
22155;10942197;1231683584;28053504;1374048256;0;0;0;0;0;0;0;0;0;0;0;4759;0;0;131;0;202;0;
22156;7158493;1231683584;28053504;1374048256;0;0;0;0;0;0;0;0;0;0;0;3957;0;0;131;0;202;0;
22157;12617639;1231683584;28053504;1374048256;0;0;0;0;0;0;0;0;0;0;0;4148;0;0;131;0;202;0;
22158;10303920;1231683584;28053504;1374048256;0;0;0;0;0;0;0;0;0;0;0;5260;0;0;131;0;202;0;
22159;9162149;1231683584;28053504;1374048256;0;0;0;0;0;0;0;0;0;0;0;4298;0;0;131;0;202;0;
22160;8233769;1231683584;28053504;1374048256;0;0;0;0;0;0;0;0;0;0;0;3316;0;0;131;0;202;0;
22161;10471004;1231683584;28053504;1374048256;0;0;0;0;0;0;0;0;0;0;0;4429;0;0;131;0;202;0;
22162;7942843;1231683584;28053504;1374048256;0;0;0;0;0;0;0;0;0;0;0;3457;0;0;131;0;202;0;
22163;10574147;1231683584;28053504;1374048256;0;0;0;0;0;0;0;0;0;0;0;3396;0;0;131;0;202;0;
22164;6164609;1231683584;28053504;1374048256;0;0;0;0;0;0;0;0;0;0;0;4990;0;0;131;0;202;0;
22165;18647685;1231683584;28053504;1374048256;0;0;0;0;0;0;0;0;0;0;0;3637;0;0;131;0;202;0;
22166;7050049;1231683584;28057600;1374052352;0;0;0;0;0;0;0;0;0;0;0;3737;0;0;131;0;202;0;
22167;6687389;1231683584;28057600;1374052352;0;0;0;0;0;0;0;0;0;0;0;4218;0;0;131;0;202;0;
22168;6623699;1231683584;28057600;1374052352;0;0;0;0;0;0;0;0;0;0;0;4819;0;0;131;0;202;0;
22169;8004819;1231683584;28057600;1374052352;0;0;0;0;0;0;0;0;0;0;0;3657;0;0;131;0;202;0;
22170;8146145;1231683584;28057600;1374052352;0;0;0;0;0;0;0;0;0;0;0;3837;0;0;131;0;202;0;
22171;8486673;1231683584;28057600;1374052352;0;0;0;0;0;0;0;0;0;0;0;3396;0;0;131;0;202;0;
22172;6000891;1231683584;28057600;1374052352;0;0;0;0;0;0;0;0;0;0;0;4519;0;0;131;0;202;0;
22173;9365100;1231683584;28057600;1374052352;0;0;0;0;0;0;0;0;0;0;0;3166;0;0;131;0;202;0;
22174;6249839;1231687680;28053504;1374048256;0;0;0;0;0;0;0;0;0;0;0;3556;0;0;131;0;202;0;
22175;9425102;1231687680;28053504;1374048256;0;0;0;0;0;0;0;0;0;0;0;3747;0;0;131;0;202;0;
22176;5209799;1231687680;28053504;1374048256;0;0;0;0;0;0;0;0;0;0;0;4328;0;0;131;0;202;0;
22177;8504546;1231687680;28053504;1374048256;0;0;0;0;0;0;0;0;0;0;0;3777;0;0;131;0;202;0;
22178;6881914;1231687680;28053504;1374048256;0;0;0;0;0;0;0;0;0;0;0;3797;0;0;131;0;202;0;
22179;7422968;1231687680;28053504;1374048256;0;0;0;0;0;0;0;0;0;0;0;2936;0;0;131;0;202;0;
22180;9830543;1231687680;28053504;1374048256;0;0;0;0;0;0;0;0;0;0;0;3527;0;0;131;0;202;0;
22181;8657534;1231687680;28053504;1374048256;0;0;0;0;0;0;0;0;0;0;0;4348;0;0;131;0;202;0;
22182;17527996;1231687680;28053504;1374048256;0;0;0;0;0;0;0;0;0;0;0;4549;0;0;131;0;202;0;
22183;9839840;1231687680;28053504;1374048256;0;0;0;0;0;0;0;0;0;0;0;4368;0;0;131;0;202;0;
22184;10895539;1231687680;28053504;1374048256;0;0;0;0;0;0;0;0;0;0;0;4549;0;0;131;0;202;0;
22185;9635838;1231687680;28053504;1374048256;0;0;0;0;0;0;0;0;0;0;0;4699;0;0;131;0;202;0;
22186;8754044;1231687680;28065792;1374060544;0;0;0;0;0;0;0;0;0;0;0;7484;0;0;131;0;202;0;
22187;8676108;1231687680;28065792;1374060544;0;0;0;0;0;0;0;0;0;0;0;3046;0;0;131;0;202;0;
22188;8033553;1231687680;28065792;1374060544;0;0;0;0;0;0;0;0;0;0;0;4558;0;0;131;0;202;0;
22189;9182858;1231687680;28065792;1374060544;0;0;0;0;0;0;0;0;0;0;0;5440;0;0;131;0;202;0;
22190;6007825;1231687680;28065792;1374060544;0;0;0;0;0;0;0;0;0;0;0;3607;0;0;131;0;202;0;
22191;10043372;1231687680;28065792;1374060544;0;0;0;0;0;0;0;0;0;0;0;5020;0;0;131;0;202;0;
22192;5913868;1231691776;28057600;1374052352;0;0;0;0;0;0;0;0;0;0;0;3586;0;0;131;0;202;0;
22193;9587858;1231691776;28057600;1374052352;0;0;0;0;0;0;0;0;0;0;0;4859;0;0;131;0;202;0;
22194;6957386;1231687680;28053504;1374048256;0;0;0;0;0;0;0;0;0;0;0;5040;0;0;131;0;202;0;
22195;11351705;1231687680;28053504;1374048256;0;0;0;0;0;0;0;0;0;0;0;4118;0;0;131;0;202;0;
22196;8738145;1231687680;28053504;1374048256;0;0;0;0;0;0;0;0;0;0;0;3918;0;0;131;0;202;0;
22197;9513459;1231687680;28053504;1374048256;0;0;0;0;0;0;0;0;0;0;0;3276;0;0;131;0;202;0;
22198;6209654;1231687680;28053504;1374048256;0;0;0;0;0;0;0;0;0;0;0;4378;0;0;131;0;202;0;
22199;9068093;1231687680;28053504;1374048256;0;0;0;0;0;0;0;0;0;0;0;3867;0;0;131;0;202;0;
22200;7249854;1231687680;28053504;1374048256;0;0;0;0;0;0;0;0;0;0;0;4499;0;0;131;0;202;0;
22201;10887575;1231687680;28053504;1374048256;0;0;0;0;0;0;0;0;0;0;0;3797;0;0;131;0;202;0;
22202;7055469;1231687680;28053504;1374048256;0;0;0;0;0;0;0;0;0;0;0;4378;0;0;131;0;202;0;
22203;6784000;1231687680;28053504;1374048256;0;0;0;0;0;0;0;0;0;0;0;3817;0;0;131;0;202;0;
22204;7674210;1231687680;28053504;1374048256;0;0;0;0;0;0;0;0;0;0;0;3326;0;0;131;0;202;0;
22205;9986505;1231687680;28053504;1374048256;0;0;0;0;0;0;0;0;0;0;0;4057;0;0;131;0;202;0;
22206;6542127;1231687680;28053504;1374048256;0;0;0;0;0;0;0;0;0;0;0;4128;0;0;131;0;202;0;
22207;6901331;1231687680;28053504;1374048256;0;0;0;0;0;0;0;0;0;0;0;3767;0;0;131;0;202;0;
22208;7648341;1231687680;28053504;1374048256;0;0;0;0;0;0;0;0;0;0;0;3247;0;0;131;0;202;0;
22209;8646253;1231687680;28053504;1374048256;0;0;0;0;0;0;0;0;0;0;0;3747;0;0;131;0;202;0;
22210;6803216;1231687680;28053504;1374048256;0;0;0;0;0;0;0;0;0;0;0;3807;0;0;131;0;202;0;
22211;6069170;1231687680;28053504;1374048256;0;0;0;0;0;0;0;0;0;0;0;3627;0;0;131;0;202;0;
22212;6677891;1231687680;28053504;1374048256;0;0;0;0;0;0;0;0;0;0;0;4098;0;0;131;0;202;0;
22213;8872376;1231687680;28053504;1374048256;0;0;0;0;0;0;0;0;0;0;0;4718;0;0;131;0;202;0;
22214;7126322;1231687680;28053504;1374048256;0;0;0;0;0;0;0;0;0;0;0;4178;0;0;131;0;202;0;
22215;8737103;1231687680;28053504;1374048256;0;0;0;0;0;0;0;0;0;0;0;3968;0;0;131;0;202;0;
22216;6960251;1231687680;28053504;1374048256;0;0;0;0;0;0;0;0;0;0;0;4248;0;0;131;0;202;0;
22217;10639439;1231687680;28053504;1374048256;0;0;0;0;0;0;0;0;0;0;0;3967;0;0;131;0;202;0;
22218;6878337;1231687680;28053504;1374048256;0;0;0;0;0;0;0;0;0;0;0;3927;0;0;131;0;202;0;
22219;10279875;1231687680;28053504;1374048256;0;0;0;0;0;0;0;0;0;0;0;5220;0;0;131;0;202;0;
22220;9372304;1231687680;28053504;1374048256;0;0;0;0;0;0;0;0;0;0;0;4088;0;0;131;0;202;0;
22221;8916819;1231687680;28053504;1374048256;0;0;0;0;0;0;0;0;0;0;0;3807;0;0;131;0;202;0;
22222;6854373;1231687680;28053504;1374048256;0;0;0;0;0;0;0;0;0;0;0;4558;0;0;131;0;202;0;
22223;10328296;1231687680;28053504;1374048256;0;0;0;0;0;0;0;0;0;0;0;3456;0;0;131;0;202;0;
22224;7147783;1231687680;28053504;1374048256;0;0;0;0;0;0;0;0;0;0;0;3397;0;0;131;0;202;0;
22225;9097459;1231687680;28053504;1374048256;0;0;0;0;0;0;0;0;0;0;0;4749;0;0;131;0;202;0;
22226;8342703;1231687680;28053504;1374048256;0;0;0;0;0;0;0;0;0;0;0;5490;0;0;131;0;202;0;
22227;8424756;1231687680;28053504;1374048256;0;0;0;0;0;0;0;0;0;0;0;3817;0;0;131;0;202;0;
22228;8888577;1231687680;28053504;1374048256;0;0;0;0;0;0;0;0;0;0;0;3777;0;0;131;0;202;0;
22229;8222047;1231687680;28053504;1374048256;0;0;0;0;0;0;0;0;0;0;0;4569;0;0;131;0;202;0;
22230;10224331;1231687680;28053504;1374048256;0;0;0;0;0;0;0;0;0;0;0;4037;0;0;131;0;202;0;
22231;9816327;1231687680;28053504;1374048256;0;0;0;0;0;0;0;0;0;0;0;4619;0;0;131;0;202;0;
22232;8464631;1231687680;28053504;1374048256;0;0;0;0;0;0;0;0;0;0;0;3787;0;0;131;0;202;0;
22233;8168597;1231687680;28053504;1374048256;0;0;0;0;0;0;0;0;0;0;0;4729;0;0;131;0;202;0;
22234;7047765;1231687680;28053504;1374048256;0;0;0;0;0;0;0;0;0;0;0;3817;0;0;131;0;202;0;
22235;12754896;1231687680;28053504;1374048256;0;0;0;0;0;0;0;0;0;0;0;4668;0;0;131;0;202;0;
22236;6557716;1231687680;28053504;1374048256;0;0;0;0;0;0;0;0;0;0;0;3867;0;0;131;0;202;0;
22237;8180168;1231687680;28053504;1374048256;0;0;0;0;0;0;0;0;0;0;0;2916;0;0;131;0;202;0;
22238;10256261;1231687680;28053504;1374048256;0;0;0;0;0;0;0;0;0;0;0;3657;0;0;131;0;202;0;
22239;8417703;1231687680;28053504;1374048256;0;0;0;0;0;0;0;0;0;0;0;3466;0;0;131;0;202;0;
22240;9683076;1231687680;28053504;1374048256;0;0;0;0;0;0;0;0;0;0;0;4558;0;0;131;0;202;0;
22241;7482610;1231687680;28053504;1374048256;0;0;0;0;0;0;0;0;0;0;0;4248;0;0;131;0;202;0;
22242;5601463;1231687680;28053504;1374048256;0;0;0;0;0;0;0;0;0;0;0;4158;0;0;131;0;202;0;
22243;8438192;1231687680;28053504;1374048256;0;0;0;0;0;0;0;0;0;0;0;4238;0;0;131;0;202;0;
22244;7923397;1231687680;28053504;1374048256;0;0;0;0;0;0;0;0;0;0;0;4108;0;0;131;0;202;0;
22245;11699196;1231687680;28053504;1374048256;0;0;0;0;0;0;0;0;0;0;0;4529;0;0;131;0;202;0;
22246;7392882;1231687680;28065792;1374060544;0;0;0;0;0;0;0;0;0;0;0;4669;0;0;131;0;202;0;
22247;9338971;1231687680;28065792;1374060544;0;0;0;0;0;0;0;0;0;0;0;3937;0;0;131;0;202;0;
22248;8679505;1231687680;28065792;1374060544;0;0;0;0;0;0;0;0;0;0;0;4338;0;0;131;0;202;0;
22249;10252734;1231687680;28065792;1374060544;0;0;0;0;0;0;0;0;0;0;0;4087;0;0;131;0;202;0;
22250;8011582;1231687680;28065792;1374060544;0;0;0;0;0;0;0;0;0;0;0;4058;0;0;131;0;202;0;
22251;11506956;1231687680;28065792;1374060544;0;0;0;0;0;0;0;0;0;0;0;4258;0;0;131;0;202;0;
22252;6567144;1231691776;28057600;1374052352;0;0;0;0;0;0;0;0;0;0;0;4088;0;0;131;0;202;0;
22253;10320692;1231691776;28057600;1374052352;0;0;0;0;0;0;0;0;0;0;0;3978;0;0;131;0;202;0;
22254;8104887;1231687680;28053504;1374048256;0;0;0;0;0;0;0;0;0;0;0;4348;0;0;131;0;202;0;
22255;9613215;1231687680;28053504;1374048256;0;0;0;0;0;0;0;0;0;0;0;3607;0;0;131;0;202;0;
22256;8460464;1231687680;28053504;1374048256;0;0;0;0;0;0;0;0;0;0;0;3606;0;0;131;0;202;0;
22257;11117867;1231687680;28053504;1374048256;0;0;0;0;0;0;0;0;0;0;0;4228;0;0;131;0;202;0;
22258;7341626;1231687680;28053504;1374048256;0;0;0;0;0;0;0;0;0;0;0;3997;0;0;131;0;202;0;
22259;10820199;1231687680;28053504;1374048256;0;0;0;0;0;0;0;0;0;0;0;4348;0;0;131;0;202;0;
22260;6292158;1231687680;28053504;1374048256;0;0;0;0;0;0;0;0;0;0;0;4819;0;0;131;0;202;0;
22261;8204885;1231687680;28053504;1374048256;0;0;0;0;0;0;0;0;0;0;0;5010;0;0;131;0;202;0;
22262;5984972;1231687680;28053504;1374048256;0;0;0;0;0;0;0;0;0;0;0;4578;0;0;131;0;202;0;
22263;8706184;1231687680;28053504;1374048256;0;0;0;0;0;0;0;0;0;0;0;4568;0;0;131;0;202;0;
22264;6504056;1231687680;28053504;1374048256;0;0;0;0;0;0;0;0;0;0;0;4328;0;0;131;0;202;0;
22265;12504256;1231687680;28053504;1374048256;0;0;0;0;0;0;0;0;0;0;0;3617;0;0;131;0;202;0;
22266;9570545;1231687680;28053504;1374048256;0;0;0;0;0;0;0;0;0;0;0;4940;0;0;131;0;202;0;
22267;7886598;1231687680;28053504;1374048256;0;0;0;0;0;0;0;0;0;0;0;3727;0;0;131;0;202;0;
22268;9261887;1231687680;28053504;1374048256;0;0;0;0;0;0;0;0;0;0;0;3707;0;0;131;0;202;0;
22269;7674169;1231687680;28053504;1374048256;0;0;0;0;0;0;0;0;0;0;0;4258;0;0;131;0;202;0;
22270;9196835;1231687680;28053504;1374048256;0;0;0;0;0;0;0;0;0;0;0;4619;0;0;131;0;202;0;
22271;9872812;1231687680;28053504;1374048256;0;0;0;0;0;0;0;0;0;0;0;4408;0;0;131;0;202;0;
22272;8309201;1231687680;28053504;1374048256;0;0;0;0;0;0;0;0;0;0;0;4408;0;0;131;0;202;0;
22273;9337248;1231687680;28053504;1374048256;0;0;0;0;0;0;0;0;0;0;0;4368;0;0;131;0;202;0;
22274;9326839;1231687680;28053504;1374048256;0;0;0;0;0;0;0;0;0;0;0;4598;0;0;131;0;202;0;
22275;11094583;1231687680;28053504;1374048256;0;0;0;0;0;0;0;0;0;0;0;3998;0;0;131;0;202;0;
22276;10368832;1231687680;28053504;1374048256;0;0;0;0;0;0;0;0;0;0;0;3567;0;0;131;0;202;0;
22277;12259637;1231687680;28053504;1374048256;0;0;0;0;0;0;0;0;0;0;0;3717;0;0;131;0;202;0;
22278;8461907;1231687680;28053504;1374048256;0;0;0;0;0;0;0;0;0;0;0;3196;0;0;131;0;202;0;
22279;8945684;1231687680;28053504;1374048256;0;0;0;0;0;0;0;0;0;0;0;3106;0;0;131;0;202;0;
22280;6041168;1231687680;28053504;1374048256;0;0;0;0;0;0;0;0;0;0;0;4028;0;0;131;0;202;0;
22281;7960466;1231687680;28053504;1374048256;0;0;0;0;0;0;0;0;0;0;0;4228;0;0;131;0;202;0;
22282;6275036;1231687680;28053504;1374048256;0;0;0;0;0;0;0;0;0;0;0;4468;0;0;131;0;202;0;
22283;6760416;1231687680;28053504;1374048256;0;0;0;0;0;0;0;0;0;0;0;2705;0;0;131;0;202;0;
22284;8545203;1231687680;28053504;1374048256;0;0;0;0;0;0;0;0;0;0;0;3918;0;0;131;0;202;0;
22285;10356248;1231687680;28053504;1374048256;0;0;0;0;0;0;0;0;0;0;0;6402;0;0;131;0;202;0;
22286;9113678;1231687680;28053504;1374048256;0;0;0;0;0;0;0;0;0;0;0;5801;0;0;131;0;202;0;
22287;9244314;1231687680;28053504;1374048256;0;0;0;0;0;0;0;0;0;0;0;4077;0;0;131;0;202;0;
22288;9995392;1231687680;28053504;1374048256;0;0;0;0;0;0;0;0;0;0;0;4378;0;0;131;0;202;0;
22289;9079054;1231687680;28053504;1374048256;0;0;0;0;0;0;0;0;0;0;0;3346;0;0;131;0;202;0;
22290;8354395;1231687680;28053504;1374048256;0;0;0;0;0;0;0;0;0;0;0;3446;0;0;131;0;202;0;
22291;7792461;1231687680;28053504;1374048256;0;0;0;0;0;0;0;0;0;0;0;3447;0;0;131;0;202;0;
22292;8742292;1231687680;28053504;1374048256;0;0;0;0;0;0;0;0;0;0;0;3266;0;0;131;0;202;0;
22293;6576992;1231687680;28053504;1374048256;0;0;0;0;0;0;0;0;0;0;0;3046;0;0;131;0;202;0;
22294;10014287;1231687680;28053504;1374048256;0;0;0;0;0;0;0;0;0;0;0;4288;0;0;131;0;202;0;
22295;10462347;1231687680;28053504;1374048256;0;0;0;0;0;0;0;0;0;0;0;4548;0;0;131;0;202;0;
22296;10769353;1231687680;28053504;1374048256;0;0;0;0;0;0;0;0;0;0;0;3076;0;0;131;0;202;0;
22297;11951189;1231687680;28053504;1374048256;0;0;0;0;0;0;0;0;0;0;0;2385;0;0;131;0;202;0;
22298;7449057;1231687680;28053504;1374048256;0;0;0;0;0;0;0;0;0;0;0;3517;0;0;131;0;202;0;
22299;10791103;1231687680;28053504;1374048256;0;0;0;0;0;0;0;0;0;0;0;5390;0;0;131;0;202;0;
22300;6511800;1231687680;28053504;1374048256;0;0;0;0;0;0;0;0;0;0;0;4338;0;0;131;0;202;0;
22301;7719314;1231687680;28053504;1374048256;0;0;0;0;0;0;0;0;0;0;0;3977;0;0;131;0;202;0;
22302;8419026;1231687680;28065792;1374060544;0;0;0;0;0;0;0;0;0;0;0;3346;0;0;131;0;202;0;
22303;8021130;1231687680;28065792;1374060544;0;0;0;0;0;0;0;0;0;0;0;4138;0;0;131;0;202;0;
22304;9781741;1231687680;28065792;1374060544;0;0;0;0;0;0;0;0;0;0;0;6923;0;0;131;0;202;0;
22305;7994430;1231687680;28065792;1374060544;0;0;0;0;0;0;0;0;0;0;0;44904;0;0;131;0;202;0;
22306;6429756;1231687680;28065792;1374060544;0;0;0;0;0;0;0;0;0;0;0;4458;0;0;131;0;202;0;
22307;8079880;1231687680;28065792;1374060544;0;0;0;0;0;0;0;0;0;0;0;5451;0;0;131;0;202;0;
22308;6796954;1231691776;28057600;1374052352;0;0;0;0;0;0;0;0;0;0;0;4298;0;0;131;0;202;0;
22309;8755587;1231691776;28057600;1374052352;0;0;0;0;0;0;0;0;0;0;0;3056;0;0;131;0;202;0;
22310;5815144;1231687680;28053504;1374048256;0;0;0;0;0;0;0;0;0;0;0;4499;0;0;131;0;202;0;
22311;9588559;1231687680;28053504;1374048256;0;0;0;0;0;0;0;0;0;0;0;4057;0;0;131;0;202;0;
22312;5827537;1231687680;28053504;1374048256;0;0;0;0;0;0;0;0;0;0;0;3897;0;0;131;0;202;0;
22313;10778981;1231687680;28053504;1374048256;0;0;0;0;0;0;0;0;0;0;0;3376;0;0;131;0;202;0;
22314;9777954;1231687680;28053504;1374048256;0;0;0;0;0;0;0;0;0;0;0;4078;0;0;131;0;202;0;
22315;10634400;1231687680;28053504;1374048256;0;0;0;0;0;0;0;0;0;0;0;3586;0;0;131;0;202;0;
22316;7157311;1231687680;28053504;1374048256;0;0;0;0;0;0;0;0;0;0;0;3457;0;0;131;0;202;0;
22317;12235362;1231687680;28053504;1374048256;0;0;0;0;0;0;0;0;0;0;0;4969;0;0;131;0;202;0;
22318;6578596;1231687680;28053504;1374048256;0;0;0;0;0;0;0;0;0;0;0;4218;0;0;131;0;202;0;
22319;8315953;1231687680;28053504;1374048256;0;0;0;0;0;0;0;0;0;0;0;4639;0;0;131;0;202;0;
22320;6657433;1231687680;28053504;1374048256;0;0;0;0;0;0;0;0;0;0;0;4158;0;0;131;0;202;0;
22321;10861566;1231687680;28053504;1374048256;0;0;0;0;0;0;0;0;0;0;0;3987;0;0;131;0;202;0;
22322;7687354;1231687680;28053504;1374048256;0;0;0;0;0;0;0;0;0;0;0;5070;0;0;131;0;202;0;
22323;12337874;1231687680;28053504;1374048256;0;0;0;0;0;0;0;0;0;0;0;4779;0;0;131;0;202;0;
22324;9085135;1231687680;28053504;1374048256;0;0;0;0;0;0;0;0;0;0;0;4078;0;0;131;0;202;0;
22325;12352832;1231687680;28053504;1374048256;0;0;0;0;0;0;0;0;0;0;0;6812;0;0;131;0;202;0;
22326;8080661;1231687680;28053504;1374048256;0;0;0;0;0;0;0;0;0;0;0;3416;0;0;131;0;202;0;
22327;9193338;1231687680;28053504;1374048256;0;0;0;0;0;0;0;0;0;0;0;3717;0;0;131;0;202;0;
22328;9831715;1231687680;28053504;1374048256;0;0;0;0;0;0;0;0;0;0;0;3717;0;0;131;0;202;0;
22329;9631900;1231687680;28053504;1374048256;0;0;0;0;0;0;0;0;0;0;0;3758;0;0;131;0;202;0;
22330;8501952;1231687680;28053504;1374048256;0;0;0;0;0;0;0;0;0;0;0;4238;0;0;131;0;202;0;
22331;7682896;1231687680;28053504;1374048256;0;0;0;0;0;0;0;0;0;0;0;5230;0;0;131;0;202;0;
22332;7838748;1231687680;28053504;1374048256;0;0;0;0;0;0;0;0;0;0;0;3857;0;0;131;0;202;0;
22333;8056897;1231687680;28053504;1374048256;0;0;0;0;0;0;0;0;0;0;0;4328;0;0;131;0;202;0;
22334;6609824;1231687680;28053504;1374048256;0;0;0;0;0;0;0;0;0;0;0;4228;0;0;131;0;202;0;
22335;10108244;1231687680;28053504;1374048256;0;0;0;0;0;0;0;0;0;0;0;3597;0;0;131;0;202;0;
22336;5751524;1231687680;28053504;1374048256;0;0;0;0;0;0;0;0;0;0;0;4668;0;0;131;0;202;0;
22337;13196314;1231687680;28053504;1374048256;0;0;0;0;0;0;0;0;0;0;0;3727;0;0;131;0;202;0;
22338;8306004;1231687680;28053504;1374048256;0;0;0;0;0;0;0;0;0;0;0;4378;0;0;131;0;202;0;
22339;10424506;1231687680;28053504;1374048256;0;0;0;0;0;0;0;0;0;0;0;3517;0;0;131;0;202;0;
22340;8731723;1231687680;28053504;1374048256;0;0;0;0;0;0;0;0;0;0;0;4428;0;0;131;0;202;0;
22341;8720982;1231687680;28053504;1374048256;0;0;0;0;0;0;0;0;0;0;0;4018;0;0;131;0;202;0;
22342;8354856;1231687680;28053504;1374048256;0;0;0;0;0;0;0;0;0;0;0;4007;0;0;131;0;202;0;
22343;9447494;1231687680;28053504;1374048256;0;0;0;0;0;0;0;0;0;0;0;5029;0;0;131;0;202;0;
22344;5465548;1231687680;28053504;1374048256;0;0;0;0;0;0;0;0;0;0;0;3507;0;0;131;0;202;0;
22345;10084889;1231687680;28053504;1374048256;0;0;0;0;0;0;0;0;0;0;0;4698;0;0;131;0;202;0;
22346;7122265;1231687680;28053504;1374048256;0;0;0;0;0;0;0;0;0;0;0;4428;0;0;131;0;202;0;
22347;9000947;1231687680;28053504;1374048256;0;0;0;0;0;0;0;0;0;0;0;3617;0;0;131;0;202;0;
22348;5977939;1231687680;28053504;1374048256;0;0;0;0;0;0;0;0;0;0;0;6442;0;0;131;0;202;0;
22349;7510663;1231687680;28053504;1374048256;0;0;0;0;0;0;0;0;0;0;0;4207;0;0;131;0;202;0;
22350;10909115;1231687680;28053504;1374048256;0;0;0;0;0;0;0;0;0;0;0;3657;0;0;131;0;202;0;
22351;8891822;1231687680;28053504;1374048256;0;0;0;0;0;0;0;0;0;0;0;3537;0;0;131;0;202;0;
22352;10317055;1231687680;28053504;1374048256;0;0;0;0;0;0;0;0;0;0;0;2976;0;0;131;0;202;0;
22353;11289058;1231687680;28053504;1374048256;0;0;0;0;0;0;0;0;0;0;0;3566;0;0;131;0;202;0;
22354;10714621;1231687680;28053504;1374048256;0;0;0;0;0;0;0;0;0;0;0;51336;0;0;131;0;202;0;
22355;8744697;1231687680;28053504;1374048256;0;0;0;0;0;0;0;0;0;0;0;4609;0;0;131;0;202;0;
22356;9790287;1231687680;28057600;1374052352;0;0;0;0;0;0;0;0;0;0;0;4829;0;0;131;0;202;0;
22357;7406497;1231687680;28057600;1374052352;0;0;0;0;0;0;0;0;0;0;0;3547;0;0;131;0;202;0;
22358;11546340;1231687680;28057600;1374052352;0;0;0;0;0;0;0;0;0;0;0;4729;0;0;131;0;202;0;
22359;10695024;1231687680;28057600;1374052352;0;0;0;0;0;0;0;0;0;0;0;4699;0;0;131;0;202;0;
22360;8192221;1231687680;28057600;1374052352;0;0;0;0;0;0;0;0;0;0;0;3977;0;0;131;0;202;0;
22361;9956489;1231687680;28057600;1374052352;0;0;0;0;0;0;0;0;0;0;0;4008;0;0;131;0;202;0;
22362;5752857;1231687680;28053504;1374048256;0;0;0;0;0;0;0;0;0;0;0;4298;0;0;131;0;202;0;
22363;7525210;1231687680;28053504;1374048256;0;0;0;0;0;0;0;0;0;0;0;6041;0;0;131;0;202;0;
22364;7397160;1231687680;28053504;1374048256;0;0;0;0;0;0;0;0;0;0;0;5911;0;0;131;0;202;0;
22365;12274406;1231687680;28053504;1374048256;0;0;0;0;0;0;0;0;0;0;0;3587;0;0;131;0;202;0;
22366;10367359;1231687680;28053504;1374048256;0;0;0;0;0;0;0;0;0;0;0;5090;0;0;131;0;202;0;
22367;11068605;1231687680;28053504;1374048256;0;0;0;0;0;0;0;0;0;0;0;4489;0;0;131;0;202;0;
22368;7200331;1231687680;28053504;1374048256;0;0;0;0;0;0;0;0;0;0;0;4328;0;0;131;0;202;0;
22369;11529549;1231687680;28053504;1374048256;0;0;0;0;0;0;0;0;0;0;0;3928;0;0;131;0;202;0;
22370;10057539;1231687680;28053504;1374048256;0;0;0;0;0;0;0;0;0;0;0;3817;0;0;131;0;202;0;
22371;8791174;1231687680;28053504;1374048256;0;0;0;0;0;0;0;0;0;0;0;4257;0;0;131;0;202;0;
22372;8483858;1231687680;28053504;1374048256;0;0;0;0;0;0;0;0;0;0;0;3266;0;0;131;0;202;0;
22373;7438197;1231687680;28053504;1374048256;0;0;0;0;0;0;0;0;0;0;0;3257;0;0;131;0;202;0;
22374;11652309;1231687680;28053504;1374048256;0;0;0;0;0;0;0;0;0;0;0;4558;0;0;131;0;202;0;
22375;9450771;1231687680;28053504;1374048256;0;0;0;0;0;0;0;0;0;0;0;3687;0;0;131;0;202;0;
22376;9339312;1231687680;28053504;1374048256;0;0;0;0;0;0;0;0;0;0;0;3326;0;0;131;0;202;0;
22377;10010710;1231687680;28053504;1374048256;0;0;0;0;0;0;0;0;0;0;0;4669;0;0;131;0;202;0;
22378;6190818;1231687680;28053504;1374048256;0;0;0;0;0;0;0;0;0;0;0;3656;0;0;131;0;202;0;
22379;10431290;1231687680;28053504;1374048256;0;0;0;0;0;0;0;0;0;0;0;3917;0;0;131;0;202;0;
22380;10039474;1231687680;28053504;1374048256;0;0;0;0;0;0;0;0;0;0;0;3877;0;0;131;0;202;0;
22381;12184677;1231687680;28053504;1374048256;0;0;0;0;0;0;0;0;0;0;0;4949;0;0;131;0;202;0;
22382;4839344;1231687680;28053504;1374048256;0;0;0;0;0;0;0;0;0;0;0;4117;0;0;131;0;202;0;
22383;12024256;1231687680;28053504;1374048256;0;0;0;0;0;0;0;0;0;0;0;4067;0;0;131;0;202;0;
22384;6118863;1231687680;28053504;1374048256;0;0;0;0;0;0;0;0;0;0;0;2805;0;0;131;0;202;0;
22385;7475407;1231687680;28053504;1374048256;0;0;0;0;0;0;0;0;0;0;0;3277;0;0;131;0;202;0;
22386;9334383;1231687680;28053504;1374048256;0;0;0;0;0;0;0;0;0;0;0;5700;0;0;131;0;202;0;
22387;9655715;1231687680;28053504;1374048256;0;0;0;0;0;0;0;0;0;0;0;3707;0;0;131;0;202;0;
22388;5099793;1231687680;28053504;1374048256;0;0;0;0;0;0;0;0;0;0;0;5892;0;0;131;0;202;0;
22389;8387246;1231687680;28053504;1374048256;0;0;0;0;0;0;0;0;0;0;0;4248;0;0;131;0;202;0;
22390;7597776;1231687680;28053504;1374048256;0;0;0;0;0;0;0;0;0;0;0;4097;0;0;131;0;202;0;
22391;10045506;1231687680;28053504;1374048256;0;0;0;0;0;0;0;0;0;0;0;3567;0;0;131;0;202;0;
22392;6180619;1231687680;28053504;1374048256;0;0;0;0;0;0;0;0;0;0;0;3887;0;0;131;0;202;0;
22393;9150217;1231687680;28053504;1374048256;0;0;0;0;0;0;0;0;0;0;0;5240;0;0;131;0;202;0;
22394;6505768;1231687680;28053504;1374048256;0;0;0;0;0;0;0;0;0;0;0;4388;0;0;131;0;202;0;
22395;8936256;1231687680;28053504;1374048256;0;0;0;0;0;0;0;0;0;0;0;3426;0;0;131;0;202;0;
22396;6443623;1231687680;28053504;1374048256;0;0;0;0;0;0;0;0;0;0;0;3768;0;0;131;0;202;0;
22397;9022407;1231687680;28053504;1374048256;0;0;0;0;0;0;0;0;0;0;0;2995;0;0;131;0;202;0;
22398;8641103;1231687680;28053504;1374048256;0;0;0;0;0;0;0;0;0;0;0;5560;0;0;131;0;202;0;
22399;7462764;1231687680;28053504;1374048256;0;0;0;0;0;0;0;0;0;0;0;3216;0;0;131;0;202;0;
22400;7424271;1231687680;28053504;1374048256;0;0;0;0;0;0;0;0;0;0;0;5110;0;0;131;0;202;0;
22401;10948499;1231687680;28053504;1374048256;0;0;0;0;0;0;0;0;0;0;0;3687;0;0;131;0;202;0;
22402;6347182;1231687680;28053504;1374048256;0;0;0;0;0;0;0;0;0;0;0;4719;0;0;131;0;202;0;
22403;9688707;1231687680;28053504;1374048256;0;0;0;0;0;0;0;0;0;0;0;4970;0;0;131;0;202;0;
22404;8721303;1231687680;28053504;1374048256;0;0;0;0;0;0;0;0;0;0;0;4048;0;0;131;0;202;0;
22405;8171592;1231687680;28053504;1374048256;0;0;0;0;0;0;0;0;0;0;0;4037;0;0;131;0;202;0;
22406;3609588;1231687680;28053504;1374048256;0;0;0;0;0;0;0;0;0;0;0;4038;0;0;131;0;202;0;
22407;9474756;1231687680;28053504;1374048256;0;0;0;0;0;0;0;0;0;0;0;3747;0;0;131;0;202;0;
22408;8203402;1231687680;28053504;1374048256;0;0;0;0;0;0;0;0;0;0;0;4538;0;0;131;0;202;0;
22409;8932288;1231687680;28053504;1374048256;0;0;0;0;0;0;0;0;0;0;0;3687;0;0;131;0;202;0;
22410;14760456;1231687680;28053504;1374048256;0;0;0;0;0;0;0;0;0;0;0;3256;0;0;131;0;202;0;
22411;9929699;1231687680;28053504;1374048256;0;0;0;0;0;0;0;0;0;0;0;5380;0;0;131;0;202;0;
22412;7465658;1231687680;28053504;1374048256;0;0;0;0;0;0;0;0;0;0;0;4579;0;0;131;0;202;0;
22413;7153634;1231687680;28053504;1374048256;0;0;0;0;0;0;0;0;0;0;0;5992;0;0;131;0;202;0;
22414;10309851;1231687680;28053504;1374048256;0;0;0;0;0;0;0;0;0;0;0;3867;0;0;131;0;202;0;
22415;11951951;1231687680;28053504;1374048256;0;0;0;0;0;0;0;0;0;0;0;4027;0;0;131;0;202;0;
22416;4484709;1231687680;28061696;1374056448;0;0;0;0;0;0;0;0;0;0;0;3818;0;0;131;0;202;0;
22417;10244369;1231687680;28061696;1374056448;0;0;0;0;0;0;0;0;0;0;0;4358;0;0;131;0;202;0;
22418;5196644;1231687680;28061696;1374056448;0;0;0;0;0;0;0;0;0;0;0;3657;0;0;131;0;202;0;
22419;8376767;1231687680;28061696;1374056448;0;0;0;0;0;0;0;0;0;0;0;3667;0;0;131;0;202;0;
22420;6661470;1231687680;28061696;1374056448;0;0;0;0;0;0;0;0;0;0;0;4558;0;0;131;0;202;0;
22421;5839269;1231687680;28061696;1374056448;0;0;0;0;0;0;0;0;0;0;0;3677;0;0;131;0;202;0;
22422;7794746;1231687680;28053504;1374048256;0;0;0;0;0;0;0;0;0;0;0;3767;0;0;131;0;202;0;
22423;8840397;1231687680;28053504;1374048256;0;0;0;0;0;0;0;0;0;0;0;4398;0;0;131;0;202;0;
22424;4733576;1231687680;28053504;1374048256;0;0;0;0;0;0;0;0;0;0;0;5250;0;0;131;0;202;0;
22425;11650826;1231687680;28053504;1374048256;0;0;0;0;0;0;0;0;0;0;0;5130;0;0;131;0;202;0;
22426;5613826;1231687680;28053504;1374048256;0;0;0;0;0;0;0;0;0;0;0;3677;0;0;131;0;202;0;
22427;10464190;1231687680;28053504;1374048256;0;0;0;0;0;0;0;0;0;0;0;4719;0;0;131;0;202;0;
22428;5261115;1231687680;28053504;1374048256;0;0;0;0;0;0;0;0;0;0;0;4989;0;0;131;0;202;0;
22429;9378886;1231687680;28053504;1374048256;0;0;0;0;0;0;0;0;0;0;0;4098;0;0;131;0;202;0;
22430;7286412;1231687680;28053504;1374048256;0;0;0;0;0;0;0;0;0;0;0;5169;0;0;131;0;202;0;
22431;8638819;1231687680;28053504;1374048256;0;0;0;0;0;0;0;0;0;0;0;6052;0;0;131;0;202;0;
22432;10232025;1231687680;28053504;1374048256;0;0;0;0;0;0;0;0;0;0;0;3336;0;0;131;0;202;0;
22433;8072987;1231687680;28053504;1374048256;0;0;0;0;0;0;0;0;0;0;0;4388;0;0;131;0;202;0;
22434;7408040;1231687680;28053504;1374048256;0;0;0;0;0;0;0;0;0;0;0;3837;0;0;131;0;202;0;
22435;7037355;1231687680;28053504;1374048256;0;0;0;0;0;0;0;0;0;0;0;4148;0;0;131;0;202;0;
22436;6502533;1231687680;28053504;1374048256;0;0;0;0;0;0;0;0;0;0;0;4318;0;0;131;0;202;0;
22437;8498345;1231687680;28053504;1374048256;0;0;0;0;0;0;0;0;0;0;0;2915;0;0;131;0;202;0;
22438;8891482;1231687680;28053504;1374048256;0;0;0;0;0;0;0;0;0;0;0;4368;0;0;131;0;202;0;
22439;7397961;1231687680;28053504;1374048256;0;0;0;0;0;0;0;0;0;0;0;4218;0;0;131;0;202;0;
22440;7490435;1231687680;28053504;1374048256;0;0;0;0;0;0;0;0;0;0;0;3958;0;0;131;0;202;0;
22441;7907367;1231687680;28053504;1374048256;0;0;0;0;0;0;0;0;0;0;0;4007;0;0;131;0;202;0;
22442;6601418;1231687680;28053504;1374048256;0;0;0;0;0;0;0;0;0;0;0;5220;0;0;131;0;202;0;
22443;7906755;1231687680;28053504;1374048256;0;0;0;0;0;0;0;0;0;0;0;3878;0;0;131;0;202;0;
22444;6459782;1231687680;28053504;1374048256;0;0;0;0;0;0;0;0;0;0;0;3677;0;0;131;0;202;0;
22445;8841117;1231687680;28053504;1374048256;0;0;0;0;0;0;0;0;0;0;0;5069;0;0;131;0;202;0;
22446;4849072;1231687680;28053504;1374048256;0;0;0;0;0;0;0;0;0;0;0;5099;0;0;131;0;202;0;
22447;5656055;1231687680;28053504;1374048256;0;0;0;0;0;0;0;0;0;0;0;3136;0;0;131;0;202;0;
22448;6881633;1231687680;28053504;1374048256;0;0;0;0;0;0;0;0;0;0;0;3136;0;0;131;0;202;0;
22449;7119800;1231687680;28053504;1374048256;0;0;0;0;0;0;0;0;0;0;0;3847;0;0;131;0;202;0;
22450;6455244;1231687680;28053504;1374048256;0;0;0;0;0;0;0;0;0;0;0;4558;0;0;131;0;202;0;
22451;7917295;1231687680;28053504;1374048256;0;0;0;0;0;0;0;0;0;0;0;4439;0;0;131;0;202;0;
22452;4832311;1231687680;28053504;1374048256;0;0;0;0;0;0;0;0;0;0;0;3908;0;0;131;0;202;0;
22453;8688912;1231687680;28053504;1374048256;0;0;0;0;0;0;0;0;0;0;0;3998;0;0;131;0;202;0;
22454;6611988;1231687680;28053504;1374048256;0;0;0;0;0;0;0;0;0;0;0;3226;0;0;131;0;202;0;
22455;8537688;1231687680;28053504;1374048256;0;0;0;0;0;0;0;0;0;0;0;3386;0;0;131;0;202;0;
22456;6964839;1231687680;28053504;1374048256;0;0;0;0;0;0;0;0;0;0;0;4669;0;0;131;0;202;0;
22457;8993113;1231687680;28053504;1374048256;0;0;0;0;0;0;0;0;0;0;0;3857;0;0;131;0;202;0;
22458;6511068;1231687680;28053504;1374048256;0;0;0;0;0;0;0;0;0;0;0;3947;0;0;131;0;202;0;
22459;7409514;1231687680;28053504;1374048256;0;0;0;0;0;0;0;0;0;0;0;3266;0;0;131;0;202;0;
22460;5579872;1231687680;28053504;1374048256;0;0;0;0;0;0;0;0;0;0;0;3787;0;0;131;0;202;0;
22461;8040266;1231687680;28053504;1374048256;0;0;0;0;0;0;0;0;0;0;0;2585;0;0;131;0;202;0;
22462;6943480;1231687680;28053504;1374048256;0;0;0;0;0;0;0;0;0;0;0;2955;0;0;131;0;202;0;
22463;7406658;1231687680;28053504;1374048256;0;0;0;0;0;0;0;0;0;0;0;4198;0;0;131;0;202;0;
22464;7683476;1231687680;28053504;1374048256;0;0;0;0;0;0;0;0;0;0;0;3888;0;0;131;0;202;0;
22465;6292609;1231687680;28053504;1374048256;0;0;0;0;0;0;0;0;0;0;0;2936;0;0;131;0;202;0;
22466;7062212;1231687680;28053504;1374048256;0;0;0;0;0;0;0;0;0;0;0;3626;0;0;131;0;202;0;
22467;10664106;1231687680;28053504;1374048256;0;0;0;0;0;0;0;0;0;0;0;3377;0;0;131;0;202;0;
22468;5543725;1231687680;28053504;1374048256;0;0;0;0;0;0;0;0;0;0;0;3626;0;0;131;0;202;0;
22469;8478087;1231687680;28053504;1374048256;0;0;0;0;0;0;0;0;0;0;0;2615;0;0;131;0;202;0;
22470;8923622;1231687680;28053504;1374048256;0;0;0;0;0;0;0;0;0;0;0;3626;0;0;131;0;202;0;
22471;6795382;1231687680;28053504;1374048256;0;0;0;0;0;0;0;0;0;0;0;2806;0;0;131;0;202;0;
22472;7922726;1231687680;28053504;1374048256;0;0;0;0;0;0;0;0;0;0;0;4860;0;0;131;0;202;0;
22473;8985067;1231687680;28053504;1374048256;0;0;0;0;0;0;0;0;0;0;0;3627;0;0;131;0;202;0;
22474;5849839;1231687680;28053504;1374048256;0;0;0;0;0;0;0;0;0;0;0;3176;0;0;131;0;202;0;
22475;9246658;1231687680;28053504;1374048256;0;0;0;0;0;0;0;0;0;0;0;4178;0;0;131;0;202;0;
22476;6535835;1231687680;28053504;1374048256;0;0;0;0;0;0;0;0;0;0;0;3997;0;0;131;0;202;0;
22477;10204965;1231687680;28053504;1374048256;0;0;0;0;0;0;0;0;0;0;0;3166;0;0;131;0;202;0;
22478;7793734;1231687680;28053504;1374048256;0;0;0;0;0;0;0;0;0;0;0;4118;0;0;131;0;202;0;
22479;10001022;1231687680;28053504;1374048256;0;0;0;0;0;0;0;0;0;0;0;4759;0;0;131;0;202;0;
22480;5206022;1231687680;28053504;1374048256;0;0;0;0;0;0;0;0;0;0;0;4698;0;0;131;0;202;0;
22481;11668018;1231687680;28053504;1374048256;0;0;0;0;0;0;0;0;0;0;0;3176;0;0;131;0;202;0;
22482;4358813;1231687680;28065792;1374060544;0;0;0;0;0;0;0;0;0;0;0;3246;0;0;131;0;202;0;
22483;11726939;1231687680;28065792;1374060544;0;0;0;0;0;0;0;0;0;0;0;4488;0;0;131;0;202;0;
22484;3835802;1231687680;28065792;1374060544;0;0;0;0;0;0;0;0;0;0;0;4078;0;0;131;0;202;0;
22485;7840451;1231687680;28065792;1374060544;0;0;0;0;0;0;0;0;0;0;0;4108;0;0;131;0;202;0;
22486;6236984;1231687680;28065792;1374060544;0;0;0;0;0;0;0;0;0;0;0;4048;0;0;131;0;202;0;
22487;7258279;1231687680;28065792;1374060544;0;0;0;0;0;0;0;0;0;0;0;2554;0;0;131;0;202;0;
22488;8935624;1231691776;28057600;1374052352;0;0;0;0;0;0;0;0;0;0;0;4168;0;0;131;0;202;0;
22489;7407048;1231691776;28057600;1374052352;0;0;0;0;0;0;0;0;0;0;0;3367;0;0;131;0;202;0;
22490;5977798;1231687680;28053504;1374048256;0;0;0;0;0;0;0;0;0;0;0;4699;0;0;131;0;202;0;
22491;8190247;1231687680;28053504;1374048256;0;0;0;0;0;0;0;0;0;0;0;3818;0;0;131;0;202;0;
22492;7164304;1231687680;28053504;1374048256;0;0;0;0;0;0;0;0;0;0;0;4699;0;0;131;0;202;0;
22493;10951073;1231687680;28053504;1374048256;0;0;0;0;0;0;0;0;0;0;0;3757;0;0;131;0;202;0;
22494;6975439;1231687680;28053504;1374048256;0;0;0;0;0;0;0;0;0;0;0;5039;0;0;131;0;202;0;
22495;9607184;1231687680;28053504;1374048256;0;0;0;0;0;0;0;0;0;0;0;4448;0;0;131;0;202;0;
22496;8699713;1231687680;28053504;1374048256;0;0;0;0;0;0;0;0;0;0;0;4168;0;0;131;0;202;0;
22497;8765065;1231687680;28053504;1374048256;0;0;0;0;0;0;0;0;0;0;0;4498;0;0;131;0;202;0;
22498;6215455;1231687680;28053504;1374048256;0;0;0;0;0;0;0;0;0;0;0;9227;0;0;131;0;202;0;
22499;7070457;1231687680;28053504;1374048256;0;0;0;0;0;0;0;0;0;0;0;4709;0;0;131;0;202;0;
22500;8191729;1231687680;28053504;1374048256;0;0;0;0;0;0;0;0;0;0;0;4879;0;0;131;0;202;0;
22501;7840492;1231687680;28053504;1374048256;0;0;0;0;0;0;0;0;0;0;0;3827;0;0;131;0;202;0;
22502;7297874;1231687680;28053504;1374048256;0;0;0;0;0;0;0;0;0;0;0;4959;0;0;131;0;202;0;
22503;10144020;1231687680;28053504;1374048256;0;0;0;0;0;0;0;0;0;0;0;4028;0;0;131;0;202;0;
22504;8562706;1231687680;28053504;1374048256;0;0;0;0;0;0;0;0;0;0;0;4689;0;0;131;0;202;0;
22505;11097147;1231687680;28053504;1374048256;0;0;0;0;0;0;0;0;0;0;0;4879;0;0;131;0;202;0;
22506;8251492;1231687680;28053504;1374048256;0;0;0;0;0;0;0;0;0;0;0;4369;0;0;131;0;202;0;
22507;7947041;1231687680;28053504;1374048256;0;0;0;0;0;0;0;0;0;0;0;4197;0;0;131;0;202;0;
22508;8225313;1231687680;28053504;1374048256;0;0;0;0;0;0;0;0;0;0;0;4268;0;0;131;0;202;0;
22509;7723322;1231687680;28053504;1374048256;0;0;0;0;0;0;0;0;0;0;0;5100;0;0;131;0;202;0;
22510;8205035;1231687680;28053504;1374048256;0;0;0;0;0;0;0;0;0;0;0;4068;0;0;131;0;202;0;
22511;10863390;1231687680;28053504;1374048256;0;0;0;0;0;0;0;0;0;0;0;4218;0;0;131;0;202;0;
22512;11464036;1231687680;28053504;1374048256;0;0;0;0;0;0;0;0;0;0;0;4708;0;0;131;0;202;0;
22513;14582452;1231687680;28053504;1374048256;0;0;0;0;0;0;0;0;0;0;0;4328;0;0;131;0;202;0;
22514;7519870;1231687680;28053504;1374048256;0;0;0;0;0;0;0;0;0;0;0;4268;0;0;131;0;202;0;
22515;7776231;1231687680;28053504;1374048256;0;0;0;0;0;0;0;0;0;0;0;3326;0;0;131;0;202;0;
22516;9502197;1231687680;28053504;1374048256;0;0;0;0;0;0;0;0;0;0;0;4348;0;0;131;0;202;0;
22517;10836760;1231687680;28053504;1374048256;0;0;0;0;0;0;0;0;0;0;0;3647;0;0;131;0;202;0;
22518;7180203;1231687680;28053504;1374048256;0;0;0;0;0;0;0;0;0;0;0;4218;0;0;131;0;202;0;
22519;11273007;1231687680;28053504;1374048256;0;0;0;0;0;0;0;0;0;0;0;3927;0;0;131;0;202;0;
22520;6221837;1231687680;28053504;1374048256;0;0;0;0;0;0;0;0;0;0;0;4008;0;0;131;0;202;0;
22521;10131948;1231687680;28053504;1374048256;0;0;0;0;0;0;0;0;0;0;0;4829;0;0;131;0;202;0;
22522;6308909;1231687680;28053504;1374048256;0;0;0;0;0;0;0;0;0;0;0;3276;0;0;131;0;202;0;
22523;13254292;1231687680;28053504;1374048256;0;0;0;0;0;0;0;0;0;0;0;4629;0;0;131;0;202;0;
22524;8016992;1231687680;28053504;1374048256;0;0;0;0;0;0;0;0;0;0;0;8607;0;0;131;0;202;0;
22525;11667648;1231687680;28053504;1374048256;0;0;0;0;0;0;0;0;0;0;0;3416;0;0;131;0;202;0;
22526;9308153;1231687680;28053504;1374048256;0;0;0;0;0;0;0;0;0;0;0;7815;0;0;131;0;202;0;
22527;9903229;1231687680;28053504;1374048256;0;0;0;0;0;0;0;0;0;0;0;4057;0;0;131;0;202;0;
22528;6531066;1231687680;28053504;1374048256;0;0;0;0;0;0;0;0;0;0;0;5290;0;0;131;0;202;0;
22529;8883026;1231687680;28053504;1374048256;0;0;0;0;0;0;0;0;0;0;0;3466;0;0;131;0;202;0;
22530;6051317;1231687680;28053504;1374048256;0;0;0;0;0;0;0;0;0;0;0;3767;0;0;131;0;202;0;
22531;10517231;1231687680;28053504;1374048256;0;0;0;0;0;0;0;0;0;0;0;4929;0;0;131;0;202;0;
22532;6004930;1231687680;28053504;1374048256;0;0;0;0;0;0;0;0;0;0;0;3136;0;0;131;0;202;0;
22533;12523923;1231687680;28053504;1374048256;0;0;0;0;0;0;0;0;0;0;0;3196;0;0;131;0;202;0;
22534;7914891;1231687680;28053504;1374048256;0;0;0;0;0;0;0;0;0;0;0;3768;0;0;131;0;202;0;
22535;9668579;1231687680;28053504;1374048256;0;0;0;0;0;0;0;0;0;0;0;5330;0;0;131;0;202;0;
22536;11847985;1231687680;28053504;1374048256;0;0;0;0;0;0;0;0;0;0;0;5490;0;0;131;0;202;0;
22537;11607445;1231687680;28053504;1374048256;0;0;0;0;0;0;0;0;0;0;0;3877;0;0;131;0;202;0;
22538;9448396;1231687680;28053504;1374048256;0;0;0;0;0;0;0;0;0;0;0;3968;0;0;131;0;202;0;
22539;9802760;1231687680;28053504;1374048256;0;0;0;0;0;0;0;0;0;0;0;4047;0;0;131;0;202;0;
22540;7942392;1231687680;28053504;1374048256;0;0;0;0;0;0;0;0;0;0;0;3686;0;0;131;0;202;0;
22541;8826019;1231687680;28053504;1374048256;0;0;0;0;0;0;0;0;0;0;0;4639;0;0;131;0;202;0;
22542;4971472;1231687680;28053504;1374048256;0;0;0;0;0;0;0;0;0;0;0;5841;0;0;131;0;202;0;
22543;7903038;1231687680;28053504;1374048256;0;0;0;0;0;0;0;0;0;0;0;2845;0;0;131;0;202;0;
22544;7903540;1231687680;28053504;1374048256;0;0;0;0;0;0;0;0;0;0;0;3737;0;0;131;0;202;0;
22545;8682891;1231687680;28053504;1374048256;0;0;0;0;0;0;0;0;0;0;0;4388;0;0;131;0;202;0;
22546;6989085;1231687680;28053504;1374048256;0;0;0;0;0;0;0;0;0;0;0;3938;0;0;131;0;202;0;
22547;9402139;1231687680;28053504;1374048256;0;0;0;0;0;0;0;0;0;0;0;3627;0;0;131;0;202;0;
22548;7029871;1231687680;28053504;1374048256;0;0;0;0;0;0;0;0;0;0;0;4197;0;0;131;0;202;0;
22549;11968892;1231687680;28053504;1374048256;0;0;0;0;0;0;0;0;0;0;0;5110;0;0;131;0;202;0;
22550;7646437;1231687680;28053504;1374048256;0;0;0;0;0;0;0;0;0;0;0;4519;0;0;131;0;202;0;
22551;11092920;1231687680;28053504;1374048256;0;0;0;0;0;0;0;0;0;0;0;3576;0;0;131;0;202;0;
22552;7446192;1231687680;28053504;1374048256;0;0;0;0;0;0;0;0;0;0;0;3697;0;0;131;0;202;0;
22553;9580213;1231687680;28053504;1374048256;0;0;0;0;0;0;0;0;0;0;0;3006;0;0;131;0;202;0;
22554;9443006;1231687680;28053504;1374048256;0;0;0;0;0;0;0;0;0;0;0;5350;0;0;131;0;202;0;
22555;11953464;1231687680;28053504;1374048256;0;0;0;0;0;0;0;0;0;0;0;4789;0;0;131;0;202;0;
22556;10039104;1231687680;28053504;1374048256;0;0;0;0;0;0;0;0;0;0;0;4699;0;0;131;0;202;0;
22557;9580514;1231687680;28053504;1374048256;0;0;0;0;0;0;0;0;0;0;0;3827;0;0;131;0;202;0;
22558;8665528;1231687680;28053504;1374048256;0;0;0;0;0;0;0;0;0;0;0;4488;0;0;131;0;202;0;
22559;8997070;1231687680;28053504;1374048256;0;0;0;0;0;0;0;0;0;0;0;5100;0;0;131;0;202;0;
22560;7161949;1231687680;28053504;1374048256;0;0;0;0;0;0;0;0;0;0;0;4889;0;0;131;0;202;0;
22561;9268990;1231687680;28053504;1374048256;0;0;0;0;0;0;0;0;0;0;0;3747;0;0;131;0;202;0;
22562;6009438;1231687680;28053504;1374048256;0;0;0;0;0;0;0;0;0;0;0;3657;0;0;131;0;202;0;
22563;9558683;1231687680;28053504;1374048256;0;0;0;0;0;0;0;0;0;0;0;3928;0;0;131;0;202;0;
22564;9109851;1231687680;28053504;1374048256;0;0;0;0;0;0;0;0;0;0;0;3927;0;0;131;0;202;0;
22565;8739326;1231687680;28053504;1374048256;0;0;0;0;0;0;0;0;0;0;0;4238;0;0;131;0;202;0;
22566;7088652;1231687680;28053504;1374048256;0;0;0;0;0;0;0;0;0;0;0;3848;0;0;131;0;202;0;
22567;9859938;1231687680;28053504;1374048256;0;0;0;0;0;0;0;0;0;0;0;4128;0;0;131;0;202;0;
22568;7717231;1231687680;28053504;1374048256;0;0;0;0;0;0;0;0;0;0;0;3667;0;0;131;0;202;0;
22569;8458761;1231687680;28053504;1374048256;0;0;0;0;0;0;0;0;0;0;0;3186;0;0;131;0;202;0;
22570;6475362;1231687680;28053504;1374048256;0;0;0;0;0;0;0;0;0;0;0;4018;0;0;131;0;202;0;
22571;8714089;1231687680;28053504;1374048256;0;0;0;0;0;0;0;0;0;0;0;4389;0;0;131;0;202;0;
22572;7628704;1231687680;28053504;1374048256;0;0;0;0;0;0;0;0;0;0;0;4829;0;0;131;0;202;0;
22573;7661636;1231687680;28053504;1374048256;0;0;0;0;0;0;0;0;0;0;0;3867;0;0;131;0;202;0;
22574;5867802;1231687680;28053504;1374048256;0;0;0;0;0;0;0;0;0;0;0;3957;0;0;131;0;202;0;
22575;6458740;1231687680;28053504;1374048256;0;0;0;0;0;0;0;0;0;0;0;3336;0;0;131;0;202;0;
22576;7832206;1231687680;28053504;1374048256;0;0;0;0;0;0;0;0;0;0;0;3968;0;0;131;0;202;0;
22577;7799845;1231687680;28053504;1374048256;0;0;0;0;0;0;0;0;0;0;0;4679;0;0;131;0;202;0;
22578;6644669;1231687680;28053504;1374048256;0;0;0;0;0;0;0;0;0;0;0;4749;0;0;131;0;202;0;
22579;11297152;1231687680;28053504;1374048256;0;0;0;0;0;0;0;0;0;0;0;4258;0;0;131;0;202;0;
22580;7371812;1231687680;28053504;1374048256;0;0;0;0;0;0;0;0;0;0;0;3887;0;0;131;0;202;0;
22581;9839119;1231687680;28053504;1374048256;0;0;0;0;0;0;0;0;0;0;0;3837;0;0;131;0;202;0;
22582;4914444;1231687680;28053504;1374048256;0;0;0;0;0;0;0;0;0;0;0;3637;0;0;131;0;202;0;
22583;8304201;1231687680;28053504;1374048256;0;0;0;0;0;0;0;0;0;0;0;3336;0;0;131;0;202;0;
22584;8250610;1231687680;28053504;1374048256;0;0;0;0;0;0;0;0;0;0;0;3687;0;0;131;0;202;0;
22585;9318062;1231687680;28053504;1374048256;0;0;0;0;0;0;0;0;0;0;0;4799;0;0;131;0;202;0;
22586;7208697;1231687680;28053504;1374048256;0;0;0;0;0;0;0;0;0;0;0;3857;0;0;131;0;202;0;
22587;13162841;1231687680;28053504;1374048256;0;0;0;0;0;0;0;0;0;0;0;4809;0;0;131;0;202;0;
22588;7106826;1231687680;28053504;1374048256;0;0;0;0;0;0;0;0;0;0;0;3056;0;0;131;0;202;0;
22589;12963187;1231687680;28053504;1374048256;0;0;0;0;0;0;0;0;0;0;0;5009;0;0;131;0;202;0;
22590;9577919;1231687680;28053504;1374048256;0;0;0;0;0;0;0;0;0;0;0;3987;0;0;131;0;202;0;
22591;11699537;1231687680;28053504;1374048256;0;0;0;0;0;0;0;0;0;0;0;5260;0;0;131;0;202;0;
22592;9374568;1231687680;28053504;1374048256;0;0;0;0;0;0;0;0;0;0;0;4528;0;0;131;0;202;0;
22593;12660258;1231687680;28053504;1374048256;0;0;0;0;0;0;0;0;0;0;0;4558;0;0;131;0;202;0;
22594;6153057;1231687680;28053504;1374048256;0;0;0;0;0;0;0;0;0;0;0;4739;0;0;131;0;202;0;
22595;10689984;1231687680;28053504;1374048256;0;0;0;0;0;0;0;0;0;0;0;4839;0;0;131;0;202;0;
22596;8603662;1231687680;28053504;1374048256;0;0;0;0;0;0;0;0;0;0;0;3707;0;0;131;0;202;0;
22597;9596704;1231687680;28053504;1374048256;0;0;0;0;0;0;0;0;0;0;0;4899;0;0;131;0;202;0;
22598;8016321;1231687680;28057600;1374052352;0;0;0;0;0;0;0;0;0;0;0;4067;0;0;131;0;202;0;
22599;13344462;1231687680;28057600;1374052352;0;0;0;0;0;0;0;0;0;0;0;4598;0;0;131;0;202;0;
22600;13268198;1231687680;28057600;1374052352;0;0;0;0;0;0;0;0;0;0;0;4509;0;0;131;0;202;0;
22601;10957626;1231687680;28057600;1374052352;0;0;0;0;0;0;0;0;0;0;0;4809;0;0;131;0;202;0;
22602;8597480;1231687680;28057600;1374052352;0;0;0;0;0;0;0;0;0;0;0;4489;0;0;131;0;202;0;
22603;8309611;1231687680;28057600;1374052352;0;0;0;0;0;0;0;0;0;0;0;5039;0;0;131;0;202;0;
22604;7530189;1231687680;28057600;1374052352;0;0;0;0;0;0;0;0;0;0;0;4208;0;0;131;0;202;0;
22605;10680577;1231687680;28057600;1374052352;0;0;0;0;0;0;0;0;0;0;0;5370;0;0;131;0;202;0;
22606;9343690;1231687680;28053504;1374048256;0;0;0;0;0;0;0;0;0;0;0;4679;0;0;131;0;202;0;
22607;7985393;1231687680;28053504;1374048256;0;0;0;0;0;0;0;0;0;0;0;2875;0;0;131;0;202;0;
22608;8260439;1231687680;28053504;1374048256;0;0;0;0;0;0;0;0;0;0;0;3897;0;0;131;0;202;0;
22609;10087525;1231687680;28053504;1374048256;0;0;0;0;0;0;0;0;0;0;0;3817;0;0;131;0;202;0;
22610;9005315;1231687680;28053504;1374048256;0;0;0;0;0;0;0;0;0;0;0;4448;0;0;131;0;202;0;
22611;11250355;1231687680;28053504;1374048256;0;0;0;0;0;0;0;0;0;0;0;3747;0;0;131;0;202;0;
22612;7630598;1231687680;28053504;1374048256;0;0;0;0;0;0;0;0;0;0;0;4829;0;0;131;0;202;0;
22613;13912526;1231687680;28053504;1374048256;0;0;0;0;0;0;0;0;0;0;0;4498;0;0;131;0;202;0;
22614;9970716;1231687680;28053504;1374048256;0;0;0;0;0;0;0;0;0;0;0;4629;0;0;131;0;202;0;
22615;12475302;1231687680;28053504;1374048256;0;0;0;0;0;0;0;0;0;0;0;5070;0;0;131;0;202;0;
22616;11989681;1231687680;28053504;1374048256;0;0;0;0;0;0;0;0;0;0;0;3998;0;0;131;0;202;0;
22617;10606948;1231687680;28053504;1374048256;0;0;0;0;0;0;0;0;0;0;0;4458;0;0;131;0;202;0;
22618;6298861;1231687680;28053504;1374048256;0;0;0;0;0;0;0;0;0;0;0;3817;0;0;131;0;202;0;
22619;10181451;1231687680;28053504;1374048256;0;0;0;0;0;0;0;0;0;0;0;2966;0;0;131;0;202;0;
22620;5715076;1231687680;28053504;1374048256;0;0;0;0;0;0;0;0;0;0;0;4117;0;0;131;0;202;0;
22621;10201999;1231687680;28053504;1374048256;0;0;0;0;0;0;0;0;0;0;0;3466;0;0;131;0;202;0;
22622;10622418;1231687680;28053504;1374048256;0;0;0;0;0;0;0;0;0;0;0;3917;0;0;131;0;202;0;
22623;9634195;1231687680;28053504;1374048256;0;0;0;0;0;0;0;0;0;0;0;4728;0;0;131;0;202;0;
22624;5907697;1231687680;28053504;1374048256;0;0;0;0;0;0;0;0;0;0;0;4358;0;0;131;0;202;0;
22625;8306986;1231687680;28053504;1374048256;0;0;0;0;0;0;0;0;0;0;0;3787;0;0;131;0;202;0;
22626;9534969;1231687680;28053504;1374048256;0;0;0;0;0;0;0;0;0;0;0;4388;0;0;131;0;202;0;
22627;9647699;1231687680;28053504;1374048256;0;0;0;0;0;0;0;0;0;0;0;3617;0;0;131;0;202;0;
22628;8799650;1231687680;28053504;1374048256;0;0;0;0;0;0;0;0;0;0;0;4048;0;0;131;0;202;0;
22629;8913483;1231687680;28053504;1374048256;0;0;0;0;0;0;0;0;0;0;0;4579;0;0;131;0;202;0;
22630;8940294;1231687680;28053504;1374048256;0;0;0;0;0;0;0;0;0;0;0;5460;0;0;131;0;202;0;
22631;11494894;1231687680;28053504;1374048256;0;0;0;0;0;0;0;0;0;0;0;5480;0;0;131;0;202;0;
22632;9069646;1231687680;28053504;1374048256;0;0;0;0;0;0;0;0;0;0;0;4889;0;0;131;0;202;0;
22633;11222052;1231687680;28053504;1374048256;0;0;0;0;0;0;0;0;0;0;0;3667;0;0;131;0;202;0;
22634;10188474;1231687680;28053504;1374048256;0;0;0;0;0;0;0;0;0;0;0;4408;0;0;131;0;202;0;
22635;9709896;1231687680;28053504;1374048256;0;0;0;0;0;0;0;0;0;0;0;4369;0;0;131;0;202;0;
22636;11638222;1231687680;28053504;1374048256;0;0;0;0;0;0;0;0;0;0;0;4018;0;0;131;0;202;0;
22637;12876424;1231687680;28053504;1374048256;0;0;0;0;0;0;0;0;0;0;0;4459;0;0;131;0;202;0;
22638;7992597;1231687680;28053504;1374048256;0;0;0;0;0;0;0;0;0;0;0;3507;0;0;131;0;202;0;
22639;10047039;1231687680;28053504;1374048256;0;0;0;0;0;0;0;0;0;0;0;4158;0;0;131;0;202;0;
22640;8878357;1231687680;28053504;1374048256;0;0;0;0;0;0;0;0;0;0;0;3316;0;0;131;0;202;0;
22641;14729499;1231687680;28053504;1374048256;0;0;0;0;0;0;0;0;0;0;0;5410;0;0;131;0;202;0;
22642;8751529;1231687680;28053504;1374048256;0;0;0;0;0;0;0;0;0;0;0;7244;0;0;131;0;202;0;
22643;8971121;1231687680;28053504;1374048256;0;0;0;0;0;0;0;0;0;0;0;5240;0;0;131;0;202;0;
22644;9521713;1231687680;28053504;1374048256;0;0;0;0;0;0;0;0;0;0;0;3887;0;0;131;0;202;0;
22645;8220363;1231687680;28053504;1374048256;0;0;0;0;0;0;0;0;0;0;0;3927;0;0;131;0;202;0;
22646;8898395;1231687680;28053504;1374048256;0;0;0;0;0;0;0;0;0;0;0;4358;0;0;131;0;202;0;
22647;6919395;1231687680;28053504;1374048256;0;0;0;0;0;0;0;0;0;0;0;3837;0;0;131;0;202;0;
22648;9873113;1231687680;28053504;1374048256;0;0;0;0;0;0;0;0;0;0;0;4499;0;0;131;0;202;0;
22649;9673528;1231687680;28053504;1374048256;0;0;0;0;0;0;0;0;0;0;0;3637;0;0;131;0;202;0;
22650;8628439;1231687680;28057600;1374052352;0;0;0;0;0;0;0;0;0;0;0;3707;0;0;131;0;202;0;
22651;11109050;1231687680;28057600;1374052352;0;0;0;0;0;0;0;0;0;0;0;4298;0;0;131;0;202;0;
22652;6578806;1231687680;28057600;1374052352;0;0;0;0;0;0;0;0;0;0;0;3426;0;0;131;0;202;0;
22653;12386045;1231687680;28057600;1374052352;0;0;0;0;0;0;0;0;0;0;0;5270;0;0;131;0;202;0;
22654;8965401;1231687680;28057600;1374052352;0;0;0;0;0;0;0;0;0;0;0;3627;0;0;131;0;202;0;
22655;10037841;1231687680;28057600;1374052352;0;0;0;0;0;0;0;0;0;0;0;5080;0;0;131;0;202;0;
22656;5440882;1231687680;28057600;1374052352;0;0;0;0;0;0;0;0;0;0;0;3397;0;0;131;0;202;0;
22657;10611477;1231687680;28057600;1374052352;0;0;0;0;0;0;0;0;0;0;0;2996;0;0;131;0;202;0;
22658;15200822;1231687680;28053504;1374048256;0;0;0;0;0;0;0;0;0;0;0;4970;0;0;131;0;202;0;
22659;11402250;1231687680;28053504;1374048256;0;0;0;0;0;0;0;0;0;0;0;3546;0;0;131;0;202;0;
22660;8860935;1231687680;28053504;1374048256;0;0;0;0;0;0;0;0;0;0;0;5480;0;0;131;0;202;0;
22661;14254838;1231687680;28053504;1374048256;0;0;0;0;0;0;0;0;0;0;0;4268;0;0;131;0;202;0;
22662;7648652;1231687680;28053504;1374048256;0;0;0;0;0;0;0;0;0;0;0;4348;0;0;131;0;202;0;
22663;6096351;1231687680;28053504;1374048256;0;0;0;0;0;0;0;0;0;0;0;3977;0;0;131;0;202;0;
22664;7662648;1231687680;28053504;1374048256;0;0;0;0;0;0;0;0;0;0;0;3797;0;0;131;0;202;0;
22665;9310017;1231687680;28053504;1374048256;0;0;0;0;0;0;0;0;0;0;0;4970;0;0;131;0;202;0;
22666;5925280;1231687680;28053504;1374048256;0;0;0;0;0;0;0;0;0;0;0;5039;0;0;131;0;202;0;
22667;9213014;1231687680;28053504;1374048256;0;0;0;0;0;0;0;0;0;0;0;4489;0;0;131;0;202;0;
22668;6029346;1231687680;28053504;1374048256;0;0;0;0;0;0;0;0;0;0;0;4248;0;0;131;0;202;0;
22669;10591259;1231687680;28053504;1374048256;0;0;0;0;0;0;0;0;0;0;0;3376;0;0;131;0;202;0;
22670;8430308;1231687680;28053504;1374048256;0;0;0;0;0;0;0;0;0;0;0;5300;0;0;131;0;202;0;
22671;9141150;1231687680;28053504;1374048256;0;0;0;0;0;0;0;0;0;0;0;4499;0;0;131;0;202;0;
22672;7752997;1231687680;28053504;1374048256;0;0;0;0;0;0;0;0;0;0;0;4479;0;0;131;0;202;0;
22673;7396198;1231687680;28053504;1374048256;0;0;0;0;0;0;0;0;0;0;0;3888;0;0;131;0;202;0;
22674;11100805;1231687680;28053504;1374048256;0;0;0;0;0;0;0;0;0;0;0;5500;0;0;131;0;202;0;
22675;8696146;1231687680;28053504;1374048256;0;0;0;0;0;0;0;0;0;0;0;4518;0;0;131;0;202;0;
22676;7126632;1231687680;28053504;1374048256;0;0;0;0;0;0;0;0;0;0;0;3847;0;0;131;0;202;0;
22677;10542989;1231687680;28053504;1374048256;0;0;0;0;0;0;0;0;0;0;0;5490;0;0;131;0;202;0;
22678;9017198;1231687680;28053504;1374048256;0;0;0;0;0;0;0;0;0;0;0;3927;0;0;131;0;202;0;
22679;10764674;1231687680;28053504;1374048256;0;0;0;0;0;0;0;0;0;0;0;4439;0;0;131;0;202;0;
22680;6718307;1231687680;28053504;1374048256;0;0;0;0;0;0;0;0;0;0;0;4178;0;0;131;0;202;0;
22681;10203192;1231687680;28053504;1374048256;0;0;0;0;0;0;0;0;0;0;0;4007;0;0;131;0;202;0;
22682;7266315;1231687680;28053504;1374048256;0;0;0;0;0;0;0;0;0;0;0;4488;0;0;131;0;202;0;
22683;7387001;1231687680;28053504;1374048256;0;0;0;0;0;0;0;0;0;0;0;2925;0;0;131;0;202;0;
22684;7057824;1231687680;28053504;1374048256;0;0;0;0;0;0;0;0;0;0;0;4459;0;0;131;0;202;0;
22685;8614533;1231687680;28053504;1374048256;0;0;0;0;0;0;0;0;0;0;0;4378;0;0;131;0;202;0;
22686;8918743;1231687680;28053504;1374048256;0;0;0;0;0;0;0;0;0;0;0;4008;0;0;131;0;202;0;
22687;8535374;1231687680;28053504;1374048256;0;0;0;0;0;0;0;0;0;0;0;4469;0;0;131;0;202;0;
22688;7041823;1231687680;28053504;1374048256;0;0;0;0;0;0;0;0;0;0;0;3296;0;0;131;0;202;0;
22689;9075497;1231687680;28053504;1374048256;0;0;0;0;0;0;0;0;0;0;0;4589;0;0;131;0;202;0;
22690;4708679;1231687680;28053504;1374048256;0;0;0;0;0;0;0;0;0;0;0;3667;0;0;131;0;202;0;
22691;11372785;1231687680;28053504;1374048256;0;0;0;0;0;0;0;0;0;0;0;4799;0;0;131;0;202;0;
22692;6831189;1231687680;28053504;1374048256;0;0;0;0;0;0;0;0;0;0;0;4298;0;0;131;0;202;0;
22693;8015720;1231687680;28053504;1374048256;0;0;0;0;0;0;0;0;0;0;0;4348;0;0;131;0;202;0;
22694;7896836;1231687680;28053504;1374048256;0;0;0;0;0;0;0;0;0;0;0;4187;0;0;131;0;202;0;
22695;11429351;1231687680;28053504;1374048256;0;0;0;0;0;0;0;0;0;0;0;4769;0;0;131;0;202;0;
22696;8201689;1231687680;28053504;1374048256;0;0;0;0;0;0;0;0;0;0;0;5049;0;0;131;0;202;0;
22697;10926197;1231687680;28053504;1374048256;0;0;0;0;0;0;0;0;0;0;0;3847;0;0;131;0;202;0;
22698;10559290;1231687680;28053504;1374048256;0;0;0;0;0;0;0;0;0;0;0;4669;0;0;131;0;202;0;
22699;10909346;1231687680;28053504;1374048256;0;0;0;0;0;0;0;0;0;0;0;5450;0;0;131;0;202;0;
22700;9808271;1231687680;28053504;1374048256;0;0;0;0;0;0;0;0;0;0;0;4548;0;0;131;0;202;0;
22701;7889003;1231687680;28053504;1374048256;0;0;0;0;0;0;0;0;0;0;0;3927;0;0;131;0;202;0;
22702;8917431;1231687680;28053504;1374048256;0;0;0;0;0;0;0;0;0;0;0;4258;0;0;131;0;202;0;
22703;9462563;1231687680;28053504;1374048256;0;0;0;0;0;0;0;0;0;0;0;3566;0;0;131;0;202;0;
22704;6787867;1231687680;28053504;1374048256;0;0;0;0;0;0;0;0;0;0;0;4037;0;0;131;0;202;0;
22705;7399094;1231687680;28053504;1374048256;0;0;0;0;0;0;0;0;0;0;0;3577;0;0;131;0;202;0;
22706;9462583;1231687680;28057600;1374052352;0;0;0;0;0;0;0;0;0;0;0;4288;0;0;131;0;202;0;
22707;10960100;1231687680;28057600;1374052352;0;0;0;0;0;0;0;0;0;0;0;5500;0;0;131;0;202;0;
22708;5675662;1231687680;28057600;1374052352;0;0;0;0;0;0;0;0;0;0;0;3457;0;0;131;0;202;0;
22709;8666620;1231687680;28057600;1374052352;0;0;0;0;0;0;0;0;0;0;0;4348;0;0;131;0;202;0;
22710;5613255;1231687680;28057600;1374052352;0;0;0;0;0;0;0;0;0;0;0;3817;0;0;131;0;202;0;
22711;9739281;1231687680;28057600;1374052352;0;0;0;0;0;0;0;0;0;0;0;4358;0;0;131;0;202;0;
22712;7829270;1231687680;28057600;1374052352;0;0;0;0;0;0;0;0;0;0;0;4388;0;0;131;0;202;0;
22713;8901411;1231687680;28057600;1374052352;0;0;0;0;0;0;0;0;0;0;0;3005;0;0;131;0;202;0;
22714;7963201;1231687680;28053504;1374048256;0;0;0;0;0;0;0;0;0;0;0;3987;0;0;131;0;202;0;
22715;7878072;1231687680;28053504;1374048256;0;0;0;0;0;0;0;0;0;0;0;4548;0;0;131;0;202;0;
22716;6248166;1231687680;28053504;1374048256;0;0;0;0;0;0;0;0;0;0;0;4208;0;0;131;0;202;0;
22717;10084208;1231687680;28053504;1374048256;0;0;0;0;0;0;0;0;0;0;0;4739;0;0;131;0;202;0;
22718;11137574;1231687680;28053504;1374048256;0;0;0;0;0;0;0;0;0;0;0;3978;0;0;131;0;202;0;
22719;10823866;1231687680;28053504;1374048256;0;0;0;0;0;0;0;0;0;0;0;4087;0;0;131;0;202;0;
22720;10512291;1231687680;28053504;1374048256;0;0;0;0;0;0;0;0;0;0;0;4379;0;0;131;0;202;0;
22721;7853456;1231687680;28053504;1374048256;0;0;0;0;0;0;0;0;0;0;0;4388;0;0;131;0;202;0;
22722;9623695;1231687680;28053504;1374048256;0;0;0;0;0;0;0;0;0;0;0;4128;0;0;131;0;202;0;
22723;8595237;1231687680;28053504;1374048256;0;0;0;0;0;0;0;0;0;0;0;5510;0;0;131;0;202;0;
22724;7047664;1231687680;28053504;1374048256;0;0;0;0;0;0;0;0;0;0;0;4268;0;0;131;0;202;0;
22725;11396389;1231687680;28053504;1374048256;0;0;0;0;0;0;0;0;0;0;0;5000;0;0;131;0;202;0;
22726;4299361;1231687680;28053504;1374048256;0;0;0;0;0;0;0;0;0;0;0;3877;0;0;131;0;202;0;
22727;9685471;1231687680;28053504;1374048256;0;0;0;0;0;0;0;0;0;0;0;4850;0;0;131;0;202;0;
22728;6720932;1231687680;28053504;1374048256;0;0;0;0;0;0;0;0;0;0;0;2906;0;0;131;0;202;0;
22729;8770685;1231687680;28053504;1374048256;0;0;0;0;0;0;0;0;0;0;0;5079;0;0;131;0;202;0;
22730;7992667;1231687680;28053504;1374048256;0;0;0;0;0;0;0;0;0;0;0;6953;0;0;131;0;202;0;
22731;10040286;1231687680;28053504;1374048256;0;0;0;0;0;0;0;0;0;0;0;4659;0;0;131;0;202;0;
22732;10564239;1231687680;28053504;1374048256;0;0;0;0;0;0;0;0;0;0;0;3647;0;0;131;0;202;0;
22733;11453917;1231687680;28053504;1374048256;0;0;0;0;0;0;0;0;0;0;0;4859;0;0;131;0;202;0;
22734;7134568;1231687680;28053504;1374048256;0;0;0;0;0;0;0;0;0;0;0;3867;0;0;131;0;202;0;
22735;8860504;1231687680;28053504;1374048256;0;0;0;0;0;0;0;0;0;0;0;4098;0;0;131;0;202;0;
22736;7580824;1231687680;28053504;1374048256;0;0;0;0;0;0;0;0;0;0;0;5350;0;0;131;0;202;0;
22737;7904481;1231687680;28053504;1374048256;0;0;0;0;0;0;0;0;0;0;0;4909;0;0;131;0;202;0;
22738;7083261;1231687680;28053504;1374048256;0;0;0;0;0;0;0;0;0;0;0;4379;0;0;131;0;202;0;
22739;10391775;1231687680;28053504;1374048256;0;0;0;0;0;0;0;0;0;0;0;4489;0;0;131;0;202;0;
22740;8154831;1231687680;28053504;1374048256;0;0;0;0;0;0;0;0;0;0;0;4048;0;0;131;0;202;0;
22741;8830318;1231687680;28053504;1374048256;0;0;0;0;0;0;0;0;0;0;0;4729;0;0;131;0;202;0;
22742;7488492;1231687680;28053504;1374048256;0;0;0;0;0;0;0;0;0;0;0;4268;0;0;131;0;202;0;
22743;8268985;1231687680;28053504;1374048256;0;0;0;0;0;0;0;0;0;0;0;4789;0;0;131;0;202;0;
22744;7208696;1231687680;28053504;1374048256;0;0;0;0;0;0;0;0;0;0;0;3807;0;0;131;0;202;0;
22745;9027857;1231687680;28053504;1374048256;0;0;0;0;0;0;0;0;0;0;0;3867;0;0;131;0;202;0;
22746;7779437;1231687680;28053504;1374048256;0;0;0;0;0;0;0;0;0;0;0;3897;0;0;131;0;202;0;
22747;8379792;1231687680;28053504;1374048256;0;0;0;0;0;0;0;0;0;0;0;4358;0;0;131;0;202;0;
22748;9434881;1231687680;28053504;1374048256;0;0;0;0;0;0;0;0;0;0;0;3757;0;0;131;0;202;0;
22749;8508073;1231687680;28053504;1374048256;0;0;0;0;0;0;0;0;0;0;0;5761;0;0;131;0;202;0;
22750;9187086;1231687680;28053504;1374048256;0;0;0;0;0;0;0;0;0;0;0;5049;0;0;131;0;202;0;
22751;9142883;1231687680;28053504;1374048256;0;0;0;0;0;0;0;0;0;0;0;4769;0;0;131;0;202;0;
22752;9891738;1231687680;28053504;1374048256;0;0;0;0;0;0;0;0;0;0;0;4238;0;0;131;0;202;0;
22753;8594185;1231687680;28053504;1374048256;0;0;0;0;0;0;0;0;0;0;0;4648;0;0;131;0;202;0;
22754;12014768;1231687680;28053504;1374048256;0;0;0;0;0;0;0;0;0;0;0;3165;0;0;131;0;202;0;
22755;5703204;1231687680;28053504;1374048256;0;0;0;0;0;0;0;0;0;0;0;2245;0;0;131;0;202;0;
22756;7995381;1231687680;28053504;1374048256;0;0;0;0;0;0;0;0;0;0;0;3567;0;0;131;0;202;0;
22757;6931547;1231687680;28053504;1374048256;0;0;0;0;0;0;0;0;0;0;0;4458;0;0;131;0;202;0;
22758;8174127;1231687680;28053504;1374048256;0;0;0;0;0;0;0;0;0;0;0;5060;0;0;131;0;202;0;
22759;9168521;1231687680;28053504;1374048256;0;0;0;0;0;0;0;0;0;0;0;4748;0;0;131;0;202;0;
22760;9178530;1231687680;28053504;1374048256;0;0;0;0;0;0;0;0;0;0;0;3948;0;0;131;0;202;0;
22761;10515297;1231687680;28053504;1374048256;0;0;0;0;0;0;0;0;0;0;0;3968;0;0;131;0;202;0;
22762;8206718;1231687680;28053504;1374048256;0;0;0;0;0;0;0;0;0;0;0;5972;0;0;131;0;202;0;
22763;10154039;1231687680;28053504;1374048256;0;0;0;0;0;0;0;0;0;0;0;5601;0;0;131;0;202;0;
22764;7252810;1231687680;28061696;1374056448;0;0;0;0;0;0;0;0;0;0;0;3888;0;0;131;0;202;0;
22765;8766378;1231687680;28061696;1374056448;0;0;0;0;0;0;0;0;0;0;0;3506;0;0;131;0;202;0;
22766;7252288;1231687680;28061696;1374056448;0;0;0;0;0;0;0;0;0;0;0;4608;0;0;131;0;202;0;
22767;8290495;1231687680;28061696;1374056448;0;0;0;0;0;0;0;0;0;0;0;4298;0;0;131;0;202;0;
22768;8019998;1231687680;28061696;1374056448;0;0;0;0;0;0;0;0;0;0;0;5180;0;0;131;0;202;0;
22769;9023890;1231687680;28061696;1374056448;0;0;0;0;0;0;0;0;0;0;0;4659;0;0;131;0;202;0;
22770;7595011;1231687680;28053504;1374048256;0;0;0;0;0;0;0;0;0;0;0;4649;0;0;131;0;202;0;
22771;10203803;1231687680;28053504;1374048256;0;0;0;0;0;0;0;0;0;0;0;4128;0;0;131;0;202;0;
22772;5397841;1231687680;28053504;1374048256;0;0;0;0;0;0;0;0;0;0;0;3997;0;0;131;0;202;0;
22773;9034681;1231687680;28053504;1374048256;0;0;0;0;0;0;0;0;0;0;0;4058;0;0;131;0;202;0;
22774;6100980;1231687680;28053504;1374048256;0;0;0;0;0;0;0;0;0;0;0;4167;0;0;131;0;202;0;
22775;8636825;1231687680;28053504;1374048256;0;0;0;0;0;0;0;0;0;0;0;3436;0;0;131;0;202;0;
22776;8488476;1231687680;28053504;1374048256;0;0;0;0;0;0;0;0;0;0;0;4398;0;0;131;0;202;0;
22777;9772464;1231687680;28053504;1374048256;0;0;0;0;0;0;0;0;0;0;0;4428;0;0;131;0;202;0;
22778;8339167;1231687680;28053504;1374048256;0;0;0;0;0;0;0;0;0;0;0;3216;0;0;131;0;202;0;
22779;8626926;1231687680;28053504;1374048256;0;0;0;0;0;0;0;0;0;0;0;4568;0;0;131;0;202;0;
22780;7198317;1231687680;28053504;1374048256;0;0;0;0;0;0;0;0;0;0;0;3857;0;0;131;0;202;0;
22781;10039164;1231687680;28053504;1374048256;0;0;0;0;0;0;0;0;0;0;0;3437;0;0;131;0;202;0;
22782;7441072;1231687680;28053504;1374048256;0;0;0;0;0;0;0;0;0;0;0;4969;0;0;131;0;202;0;
22783;10162115;1231687680;28053504;1374048256;0;0;0;0;0;0;0;0;0;0;0;4168;0;0;131;0;202;0;
22784;7891146;1231687680;28053504;1374048256;0;0;0;0;0;0;0;0;0;0;0;4889;0;0;131;0;202;0;
22785;9572499;1231687680;28053504;1374048256;0;0;0;0;0;0;0;0;0;0;0;3457;0;0;131;0;202;0;
22786;5622282;1231687680;28053504;1374048256;0;0;0;0;0;0;0;0;0;0;0;4328;0;0;131;0;202;0;
22787;8276239;1231687680;28053504;1374048256;0;0;0;0;0;0;0;0;0;0;0;4568;0;0;131;0;202;0;
22788;5932995;1231687680;28053504;1374048256;0;0;0;0;0;0;0;0;0;0;0;3457;0;0;131;0;202;0;
22789;9577478;1231687680;28053504;1374048256;0;0;0;0;0;0;0;0;0;0;0;3827;0;0;131;0;202;0;
22790;5511825;1231687680;28053504;1374048256;0;0;0;0;0;0;0;0;0;0;0;4438;0;0;131;0;202;0;
22791;9710598;1231687680;28053504;1374048256;0;0;0;0;0;0;0;0;0;0;0;4508;0;0;131;0;202;0;
22792;5631850;1231687680;28053504;1374048256;0;0;0;0;0;0;0;0;0;0;0;3977;0;0;131;0;202;0;
22793;10595367;1231687680;28053504;1374048256;0;0;0;0;0;0;0;0;0;0;0;4037;0;0;131;0;202;0;
22794;7119720;1231687680;28053504;1374048256;0;0;0;0;0;0;0;0;0;0;0;3497;0;0;131;0;202;0;
22795;9187587;1231687680;28053504;1374048256;0;0;0;0;0;0;0;0;0;0;0;4919;0;0;131;0;202;0;
22796;5782042;1231687680;28053504;1374048256;0;0;0;0;0;0;0;0;0;0;0;5431;0;0;131;0;202;0;
22797;10417784;1231687680;28053504;1374048256;0;0;0;0;0;0;0;0;0;0;0;4459;0;0;131;0;202;0;
22798;7435041;1231687680;28053504;1374048256;0;0;0;0;0;0;0;0;0;0;0;4528;0;0;131;0;202;0;
22799;9648311;1231687680;28053504;1374048256;0;0;0;0;0;0;0;0;0;0;0;4137;0;0;131;0;202;0;
22800;9718813;1231687680;28053504;1374048256;0;0;0;0;0;0;0;0;0;0;0;4949;0;0;131;0;202;0;
22801;13297493;1231687680;28053504;1374048256;0;0;0;0;0;0;0;0;0;0;0;4067;0;0;131;0;202;0;
22802;6785954;1231687680;28053504;1374048256;0;0;0;0;0;0;0;0;0;0;0;3777;0;0;131;0;202;0;
22803;8422102;1231687680;28053504;1374048256;0;0;0;0;0;0;0;0;0;0;0;4599;0;0;131;0;202;0;
22804;6443622;1231687680;28053504;1374048256;0;0;0;0;0;0;0;0;0;0;0;4459;0;0;131;0;202;0;
22805;7611321;1231687680;28053504;1374048256;0;0;0;0;0;0;0;0;0;0;0;4007;0;0;131;0;202;0;
22806;8272050;1231687680;28053504;1374048256;0;0;0;0;0;0;0;0;0;0;0;4349;0;0;131;0;202;0;
22807;11050139;1231687680;28053504;1374048256;0;0;0;0;0;0;0;0;0;0;0;4429;0;0;131;0;202;0;
22808;5497989;1231687680;28053504;1374048256;0;0;0;0;0;0;0;0;0;0;0;4288;0;0;131;0;202;0;
22809;9145728;1231687680;28053504;1374048256;0;0;0;0;0;0;0;0;0;0;0;4608;0;0;131;0;202;0;
22810;5462132;1231687680;28053504;1374048256;0;0;0;0;0;0;0;0;0;0;0;3236;0;0;131;0;202;0;
22811;7584140;1231687680;28053504;1374048256;0;0;0;0;0;0;0;0;0;0;0;3687;0;0;131;0;202;0;
22812;6051186;1231687680;28053504;1374048256;0;0;0;0;0;0;0;0;0;0;0;4619;0;0;131;0;202;0;
22813;6632306;1231687680;28053504;1374048256;0;0;0;0;0;0;0;0;0;0;0;3136;0;0;131;0;202;0;
22814;6939172;1231687680;28053504;1374048256;0;0;0;0;0;0;0;0;0;0;0;3497;0;0;131;0;202;0;
22815;8392146;1231687680;28053504;1374048256;0;0;0;0;0;0;0;0;0;0;0;3005;0;0;131;0;202;0;
22816;6824947;1231687680;28053504;1374048256;0;0;0;0;0;0;0;0;0;0;0;4369;0;0;131;0;202;0;
22817;5565806;1231687680;28053504;1374048256;0;0;0;0;0;0;0;0;0;0;0;3857;0;0;131;0;202;0;
22818;9315287;1231687680;28053504;1374048256;0;0;0;0;0;0;0;0;0;0;0;4729;0;0;131;0;202;0;
22819;6198743;1231687680;28053504;1374048256;0;0;0;0;0;0;0;0;0;0;0;3196;0;0;131;0;202;0;
22820;8623931;1231687680;28053504;1374048256;0;0;0;0;0;0;0;0;0;0;0;4529;0;0;131;0;202;0;
22821;8795322;1231687680;28053504;1374048256;0;0;0;0;0;0;0;0;0;0;0;3607;0;0;131;0;202;0;
22822;7319885;1231687680;28053504;1374048256;0;0;0;0;0;0;0;0;0;0;0;4849;0;0;131;0;202;0;
22823;8286878;1231687680;28053504;1374048256;0;0;0;0;0;0;0;0;0;0;0;3607;0;0;131;0;202;0;
22824;9252079;1231687680;28053504;1374048256;0;0;0;0;0;0;0;0;0;0;0;4709;0;0;131;0;202;0;
22825;10467687;1231687680;28053504;1374048256;0;0;0;0;0;0;0;0;0;0;0;4578;0;0;131;0;202;0;
22826;6176101;1231687680;28065792;1374060544;0;0;0;0;0;0;0;0;0;0;0;4218;0;0;131;0;202;0;
22827;12315792;1231687680;28065792;1374060544;0;0;0;0;0;0;0;0;0;0;0;4970;0;0;131;0;202;0;
22828;6993703;1231687680;28065792;1374060544;0;0;0;0;0;0;0;0;0;0;0;4057;0;0;131;0;202;0;
22829;12604724;1231687680;28065792;1374060544;0;0;0;0;0;0;0;0;0;0;0;3937;0;0;131;0;202;0;
22830;8672331;1231687680;28065792;1374060544;0;0;0;0;0;0;0;0;0;0;0;3987;0;0;131;0;202;0;
22831;10344897;1231687680;28065792;1374060544;0;0;0;0;0;0;0;0;0;0;0;4408;0;0;131;0;202;0;
22832;7557491;1231691776;28057600;1374052352;0;0;0;0;0;0;0;0;0;0;0;6031;0;0;131;0;202;0;
22833;12405411;1231691776;28057600;1374052352;0;0;0;0;0;0;0;0;0;0;0;10049;0;0;131;0;202;0;
22834;10201228;1231691776;28057600;1374052352;0;0;0;0;0;0;0;0;0;0;0;4809;0;0;131;0;202;0;
22835;9009042;1231691776;28057600;1374052352;0;0;0;0;0;0;0;0;0;0;0;3396;0;0;131;0;202;0;
22836;7671634;1231691776;28057600;1374052352;0;0;0;0;0;0;0;0;0;0;0;3947;0;0;131;0;202;0;
22837;9218606;1231691776;28057600;1374052352;0;0;0;0;0;0;0;0;0;0;0;4418;0;0;131;0;202;0;
22838;8160391;1231691776;28057600;1374052352;0;0;0;0;0;0;0;0;0;0;0;3606;0;0;131;0;202;0;
22839;10315312;1231691776;28057600;1374052352;0;0;0;0;0;0;0;0;0;0;0;3627;0;0;131;0;202;0;
22840;8738024;1231687680;28053504;1374048256;0;0;0;0;0;0;0;0;0;0;0;4258;0;0;131;0;202;0;
22841;7766322;1231687680;28053504;1374048256;0;0;0;0;0;0;0;0;0;0;0;5160;0;0;131;0;202;0;
22842;8319790;1231683584;28049408;1374044160;0;0;0;0;0;0;0;0;0;0;0;3977;0;0;131;0;202;0;
22843;11703895;1231683584;28049408;1374044160;0;0;0;0;0;0;0;0;0;0;0;4228;0;0;131;0;202;0;
22844;5853335;1231683584;28049408;1374044160;0;0;0;0;0;0;0;0;0;0;0;4558;0;0;131;0;202;0;
22845;10036679;1231683584;28049408;1374044160;0;0;0;0;0;0;0;0;0;0;0;4319;0;0;131;0;202;0;
22846;10672742;1231683584;28049408;1374044160;0;0;0;0;0;0;0;0;0;0;0;3997;0;0;131;0;202;0;
22847;10459001;1231683584;28049408;1374044160;0;0;0;0;0;0;0;0;0;0;0;4499;0;0;131;0;202;0;
22848;8192491;1231683584;28049408;1374044160;0;0;0;0;0;0;0;0;0;0;0;3657;0;0;131;0;202;0;
22849;9672075;1231683584;28049408;1374044160;0;0;0;0;0;0;0;0;0;0;0;4078;0;0;131;0;202;0;
22850;7594961;1231683584;28049408;1374044160;0;0;0;0;0;0;0;0;0;0;0;4088;0;0;131;0;202;0;
22851;8525506;1231683584;28049408;1374044160;0;0;0;0;0;0;0;0;0;0;0;4669;0;0;131;0;202;0;
22852;7939727;1231683584;28049408;1374044160;0;0;0;0;0;0;0;0;0;0;0;3998;0;0;131;0;202;0;
22853;10224571;1231683584;28049408;1374044160;0;0;0;0;0;0;0;0;0;0;0;5720;0;0;131;0;202;0;
22854;7735995;1231683584;28049408;1374044160;0;0;0;0;0;0;0;0;0;0;0;4198;0;0;131;0;202;0;
22855;10378470;1231683584;28049408;1374044160;0;0;0;0;0;0;0;0;0;0;0;4178;0;0;131;0;202;0;
22856;6939702;1231683584;28049408;1374044160;0;0;0;0;0;0;0;0;0;0;0;5010;0;0;131;0;202;0;
22857;11547642;1231683584;28049408;1374044160;0;0;0;0;0;0;0;0;0;0;0;3367;0;0;131;0;202;0;
22858;7638553;1231683584;28049408;1374044160;0;0;0;0;0;0;0;0;0;0;0;4288;0;0;131;0;202;0;
22859;9332719;1231683584;28049408;1374044160;0;0;0;0;0;0;0;0;0;0;0;4008;0;0;131;0;202;0;
22860;8430728;1231683584;28049408;1374044160;0;0;0;0;0;0;0;0;0;0;0;3627;0;0;131;0;202;0;
22861;9187978;1231683584;28049408;1374044160;0;0;0;0;0;0;0;0;0;0;0;3637;0;0;131;0;202;0;
22862;9658991;1231683584;28049408;1374044160;0;0;0;0;0;0;0;0;0;0;0;3436;0;0;131;0;202;0;
22863;10032441;1231683584;28049408;1374044160;0;0;0;0;0;0;0;0;0;0;0;4658;0;0;131;0;202;0;
22864;7093841;1231683584;28049408;1374044160;0;0;0;0;0;0;0;0;0;0;0;3838;0;0;131;0;202;0;
22865;7652529;1231683584;28049408;1374044160;0;0;0;0;0;0;0;0;0;0;0;3086;0;0;131;0;202;0;
22866;10872476;1231683584;28049408;1374044160;0;0;0;0;0;0;0;0;0;0;0;3356;0;0;131;0;202;0;
22867;10528993;1231683584;28049408;1374044160;0;0;0;0;0;0;0;0;0;0;0;3506;0;0;131;0;202;0;
22868;6246312;1231683584;28049408;1374044160;0;0;0;0;0;0;0;0;0;0;0;3887;0;0;131;0;202;0;
22869;8613311;1231683584;28049408;1374044160;0;0;0;0;0;0;0;0;0;0;0;4078;0;0;131;0;202;0;
22870;8217568;1231683584;28049408;1374044160;0;0;0;0;0;0;0;0;0;0;0;3256;0;0;131;0;202;0;
22871;13592546;1231683584;28049408;1374044160;0;0;0;0;0;0;0;0;0;0;0;3497;0;0;131;0;202;0;
22872;10419808;1231683584;28049408;1374044160;0;0;0;0;0;0;0;0;0;0;0;4087;0;0;131;0;202;0;
22873;7386440;1231683584;28049408;1374044160;0;0;0;0;0;0;0;0;0;0;0;3967;0;0;131;0;202;0;
22874;7876158;1231683584;28049408;1374044160;0;0;0;0;0;0;0;0;0;0;0;3998;0;0;131;0;202;0;
22875;10189526;1231683584;28049408;1374044160;0;0;0;0;0;0;0;0;0;0;0;4909;0;0;131;0;202;0;
22876;10093606;1231683584;28049408;1374044160;0;0;0;0;0;0;0;0;0;0;0;4849;0;0;131;0;202;0;
22877;10489048;1231683584;28049408;1374044160;0;0;0;0;0;0;0;0;0;0;0;3968;0;0;131;0;202;0;
22878;8581671;1231683584;28049408;1374044160;0;0;0;0;0;0;0;0;0;0;0;4068;0;0;131;0;202;0;
22879;10817454;1231683584;28049408;1374044160;0;0;0;0;0;0;0;0;0;0;0;8075;0;0;131;0;202;0;
22880;11657388;1231683584;28049408;1374044160;0;0;0;0;0;0;0;0;0;0;0;4759;0;0;131;0;202;0;
22881;9789446;1231683584;28049408;1374044160;0;0;0;0;0;0;0;0;0;0;0;4348;0;0;131;0;202;0;
22882;8460394;1231683584;28053504;1374048256;0;0;0;0;0;0;0;0;0;0;0;3958;0;0;131;0;202;0;
22883;8371046;1231683584;28053504;1374048256;0;0;0;0;0;0;0;0;0;0;0;4238;0;0;131;0;202;0;
22884;8573035;1231683584;28053504;1374048256;0;0;0;0;0;0;0;0;0;0;0;4489;0;0;131;0;202;0;
22885;8562024;1231683584;28053504;1374048256;0;0;0;0;0;0;0;0;0;0;0;4488;0;0;131;0;202;0;
22886;9231559;1231683584;28053504;1374048256;0;0;0;0;0;0;0;0;0;0;0;4909;0;0;131;0;202;0;
22887;10021611;1231683584;28053504;1374048256;0;0;0;0;0;0;0;0;0;0;0;4629;0;0;131;0;202;0;
22888;8497534;1231683584;28053504;1374048256;0;0;0;0;0;0;0;0;0;0;0;3587;0;0;131;0;202;0;
22889;9791339;1231683584;28053504;1374048256;0;0;0;0;0;0;0;0;0;0;0;4669;0;0;131;0;202;0;
22890;9420704;1231683584;28049408;1374044160;0;0;0;0;0;0;0;0;0;0;0;4228;0;0;131;0;202;0;
22891;8872437;1231683584;28049408;1374044160;0;0;0;0;0;0;0;0;0;0;0;5129;0;0;131;0;202;0;
22892;11358368;1231683584;28049408;1374044160;0;0;0;0;0;0;0;0;0;0;0;5149;0;0;131;0;202;0;
22893;26938791;1231683584;28049408;1374044160;0;0;0;0;0;0;0;0;0;0;0;5370;0;0;131;0;202;0;
22894;9255444;1231683584;28053504;1374048256;0;0;0;0;0;0;0;0;0;0;0;4288;0;0;131;0;202;0;
22895;11365782;1231683584;28053504;1374048256;0;0;0;0;0;0;0;0;0;0;0;4529;0;0;131;0;202;0;
22896;7999008;1231683584;28053504;1374048256;0;0;0;0;0;0;0;0;0;0;0;3927;0;0;131;0;202;0;
22897;9415344;1231683584;28053504;1374048256;0;0;0;0;0;0;0;0;0;0;0;4859;0;0;131;0;202;0;
22898;7056000;1231683584;28053504;1374048256;0;0;0;0;0;0;0;0;0;0;0;4308;0;0;131;0;202;0;
22899;9284690;1231683584;28053504;1374048256;0;0;0;0;0;0;0;0;0;0;0;3387;0;0;131;0;202;0;
22900;7492488;1231683584;28053504;1374048256;0;0;0;0;0;0;0;0;0;0;0;4328;0;0;131;0;202;0;
22901;12435708;1231683584;28053504;1374048256;0;0;0;0;0;0;0;0;0;0;0;3546;0;0;131;0;202;0;
22902;9232381;1231683584;28049408;1374044160;0;0;0;0;0;0;0;0;0;0;0;4839;0;0;131;0;202;0;
22903;9394075;1231683584;28049408;1374044160;0;0;0;0;0;0;0;0;0;0;0;5040;0;0;131;0;202;0;
22904;8093245;1231683584;28049408;1374044160;0;0;0;0;0;0;0;0;0;0;0;5300;0;0;131;0;202;0;
22905;9757336;1231683584;28049408;1374044160;0;0;0;0;0;0;0;0;0;0;0;3768;0;0;131;0;202;0;
22906;11666405;1231683584;28049408;1374044160;0;0;0;0;0;0;0;0;0;0;0;3777;0;0;131;0;202;0;
22907;8372198;1231683584;28049408;1374044160;0;0;0;0;0;0;0;0;0;0;0;3627;0;0;131;0;202;0;
22908;5955977;1231683584;28049408;1374044160;0;0;0;0;0;0;0;0;0;0;0;5330;0;0;131;0;202;0;
22909;9176857;1231683584;28049408;1374044160;0;0;0;0;0;0;0;0;0;0;0;3717;0;0;131;0;202;0;
22910;5893972;1231683584;28049408;1374044160;0;0;0;0;0;0;0;0;0;0;0;4759;0;0;131;0;202;0;
22911;7982197;1231683584;28049408;1374044160;0;0;0;0;0;0;0;0;0;0;0;5110;0;0;131;0;202;0;
22912;6913293;1231683584;28049408;1374044160;0;0;0;0;0;0;0;0;0;0;0;3687;0;0;131;0;202;0;
22913;7216381;1231683584;28049408;1374044160;0;0;0;0;0;0;0;0;0;0;0;4609;0;0;131;0;202;0;
22914;7786601;1231683584;28049408;1374044160;0;0;0;0;0;0;0;0;0;0;0;4609;0;0;131;0;202;0;
22915;10316263;1231683584;28049408;1374044160;0;0;0;0;0;0;0;0;0;0;0;4298;0;0;131;0;202;0;
22916;9802099;1231683584;28049408;1374044160;0;0;0;0;0;0;0;0;0;0;0;3717;0;0;131;0;202;0;
22917;10669276;1231683584;28049408;1374044160;0;0;0;0;0;0;0;0;0;0;0;3286;0;0;131;0;202;0;
22918;5658740;1231683584;28049408;1374044160;0;0;0;0;0;0;0;0;0;0;0;5320;0;0;131;0;202;0;
22919;9216852;1231683584;28049408;1374044160;0;0;0;0;0;0;0;0;0;0;0;3186;0;0;131;0;202;0;
22920;7539417;1231683584;28049408;1374044160;0;0;0;0;0;0;0;0;0;0;0;3286;0;0;131;0;202;0;
22921;9528397;1231683584;28049408;1374044160;0;0;0;0;0;0;0;0;0;0;0;5130;0;0;131;0;202;0;
22922;6985038;1231683584;28049408;1374044160;0;0;0;0;0;0;0;0;0;0;0;5330;0;0;131;0;202;0;
22923;8514676;1231683584;28049408;1374044160;0;0;0;0;0;0;0;0;0;0;0;3126;0;0;131;0;202;0;
22924;10186701;1231683584;28049408;1374044160;0;0;0;0;0;0;0;0;0;0;0;4439;0;0;131;0;202;0;
22925;5431775;1231683584;28049408;1374044160;0;0;0;0;0;0;0;0;0;0;0;3477;0;0;131;0;202;0;
22926;10881182;1231683584;28049408;1374044160;0;0;0;0;0;0;0;0;0;0;0;4308;0;0;131;0;202;0;
22927;9288076;1231683584;28049408;1374044160;0;0;0;0;0;0;0;0;0;0;0;4038;0;0;131;0;202;0;
22928;6039835;1231683584;28049408;1374044160;0;0;0;0;0;0;0;0;0;0;0;3918;0;0;131;0;202;0;
22929;9638332;1231683584;28049408;1374044160;0;0;0;0;0;0;0;0;0;0;0;3616;0;0;131;0;202;0;
22930;6791064;1231683584;28049408;1374044160;0;0;0;0;0;0;0;0;0;0;0;3616;0;0;131;0;202;0;
22931;7406949;1231683584;28049408;1374044160;0;0;0;0;0;0;0;0;0;0;0;2715;0;0;131;0;202;0;
22932;9542001;1231683584;28049408;1374044160;0;0;0;0;0;0;0;0;0;0;0;7754;0;0;131;0;202;0;
22933;10578405;1231683584;28049408;1374044160;0;0;0;0;0;0;0;0;0;0;0;4158;0;0;131;0;202;0;
22934;11879675;1231683584;28049408;1374044160;0;0;0;0;0;0;0;0;0;0;0;3948;0;0;131;0;202;0;
22935;11048406;1231683584;28049408;1374044160;0;0;0;0;0;0;0;0;0;0;0;6783;0;0;131;0;202;0;
22936;10610886;1231683584;28057600;1374052352;0;0;0;0;0;0;0;0;0;0;0;4118;0;0;131;0;202;0;
22937;10468890;1231683584;28057600;1374052352;0;0;0;0;0;0;0;0;0;0;0;4668;0;0;131;0;202;0;
22938;8536266;1231683584;28057600;1374052352;0;0;0;0;0;0;0;0;0;0;0;3517;0;0;131;0;202;0;
22939;9880787;1231683584;28057600;1374052352;0;0;0;0;0;0;0;0;0;0;0;4428;0;0;131;0;202;0;
22940;10296517;1231683584;28057600;1374052352;0;0;0;0;0;0;0;0;0;0;0;4198;0;0;131;0;202;0;
22941;11766061;1231683584;28057600;1374052352;0;0;0;0;0;0;0;0;0;0;0;5390;0;0;131;0;202;0;
22942;7721569;1231683584;28049408;1374044160;0;0;0;0;0;0;0;0;0;0;0;3476;0;0;131;0;202;0;
22943;11623385;1231683584;28049408;1374044160;0;0;0;0;0;0;0;0;0;0;0;4489;0;0;131;0;202;0;
22944;12282421;1231683584;28049408;1374044160;0;0;0;0;0;0;0;0;0;0;0;4148;0;0;131;0;202;0;
22945;12650190;1231683584;28049408;1374044160;0;0;0;0;0;0;0;0;0;0;0;3747;0;0;131;0;202;0;
22946;8827602;1231683584;28049408;1374044160;0;0;0;0;0;0;0;0;0;0;0;4168;0;0;131;0;202;0;
22947;11743710;1231683584;28049408;1374044160;0;0;0;0;0;0;0;0;0;0;0;3777;0;0;131;0;202;0;
22948;6949971;1231683584;28049408;1374044160;0;0;0;0;0;0;0;0;0;0;0;4478;0;0;131;0;202;0;
22949;12591971;1231683584;28049408;1374044160;0;0;0;0;0;0;0;0;0;0;0;4118;0;0;131;0;202;0;
22950;9218905;1231683584;28049408;1374044160;0;0;0;0;0;0;0;0;0;0;0;4609;0;0;131;0;202;0;
22951;12682740;1231683584;28049408;1374044160;0;0;0;0;0;0;0;0;0;0;0;4519;0;0;131;0;202;0;
22952;9962320;1231683584;28049408;1374044160;0;0;0;0;0;0;0;0;0;0;0;4659;0;0;131;0;202;0;
22953;11246057;1231683584;28049408;1374044160;0;0;0;0;0;0;0;0;0;0;0;3447;0;0;131;0;202;0;
22954;11620589;1231683584;28049408;1374044160;0;0;0;0;0;0;0;0;0;0;0;4328;0;0;131;0;202;0;
22955;10654418;1231683584;28049408;1374044160;0;0;0;0;0;0;0;0;0;0;0;3577;0;0;131;0;202;0;
22956;11774288;1231683584;28049408;1374044160;0;0;0;0;0;0;0;0;0;0;0;3105;0;0;131;0;202;0;
22957;11946310;1231683584;28049408;1374044160;0;0;0;0;0;0;0;0;0;0;0;4087;0;0;131;0;202;0;
22958;6872887;1231683584;28049408;1374044160;0;0;0;0;0;0;0;0;0;0;0;4158;0;0;131;0;202;0;
22959;10671069;1231683584;28049408;1374044160;0;0;0;0;0;0;0;0;0;0;0;4449;0;0;131;0;202;0;
22960;9558142;1231683584;28049408;1374044160;0;0;0;0;0;0;0;0;0;0;0;3237;0;0;131;0;202;0;
22961;11298725;1231683584;28049408;1374044160;0;0;0;0;0;0;0;0;0;0;0;3958;0;0;131;0;202;0;
22962;7762485;1231683584;28049408;1374044160;0;0;0;0;0;0;0;0;0;0;0;3998;0;0;131;0;202;0;
22963;11752015;1231949824;28049408;1374044160;0;0;0;0;0;0;0;0;0;0;0;4619;0;0;131;0;202;0;
22964;7405125;1231949824;28049408;1374044160;0;0;0;0;0;0;0;0;0;0;0;3547;0;0;131;0;202;0;
22965;8086693;1231949824;28049408;1374044160;0;0;0;0;0;0;0;0;0;0;0;4048;0;0;131;0;202;0;
22966;8723497;1231949824;28049408;1374044160;0;0;0;0;0;0;0;0;0;0;0;3857;0;0;131;0;202;0;
22967;9235768;1231949824;28049408;1374044160;0;0;0;0;0;0;0;0;0;0;0;3397;0;0;131;0;202;0;
22968;9609388;1231949824;28049408;1374044160;0;0;0;0;0;0;0;0;0;0;0;5160;0;0;131;0;202;0;
22969;11475507;1231949824;28049408;1374044160;0;0;0;0;0;0;0;0;0;0;0;4117;0;0;131;0;202;0;
22970;8770806;1231949824;28049408;1374044160;0;0;0;0;0;0;0;0;0;0;0;4859;0;0;131;0;202;0;
22971;10255860;1231949824;28049408;1374044160;0;0;0;0;0;0;0;0;0;0;0;3838;0;0;131;0;202;0;
22972;9521203;1231949824;28049408;1374044160;0;0;0;0;0;0;0;0;0;0;0;4167;0;0;131;0;202;0;
22973;8143560;1231949824;28049408;1374044160;0;0;0;0;0;0;0;0;0;0;0;4528;0;0;131;0;202;0;
22974;8030127;1231949824;28049408;1374044160;0;0;0;0;0;0;0;0;0;0;0;3005;0;0;131;0;202;0;
22975;11704025;1231949824;28049408;1374044160;0;0;0;0;0;0;0;0;0;0;0;2474;0;0;131;0;202;0;
22976;8122941;1231949824;28049408;1374044160;0;0;0;0;0;0;0;0;0;0;0;4148;0;0;131;0;202;0;
22977;7346075;1231949824;28049408;1374044160;0;0;0;0;0;0;0;0;0;0;0;3637;0;0;131;0;202;0;
22978;8519595;1231949824;28049408;1374044160;0;0;0;0;0;0;0;0;0;0;0;3507;0;0;131;0;202;0;
22979;8309440;1231949824;28049408;1374044160;0;0;0;0;0;0;0;0;0;0;0;4558;0;0;131;0;202;0;
22980;9798963;1231949824;28049408;1374044160;0;0;0;0;0;0;0;0;0;0;0;2945;0;0;131;0;202;0;
22981;10231975;1231949824;28049408;1374044160;0;0;0;0;0;0;0;0;0;0;0;4348;0;0;131;0;202;0;
22982;8938901;1231949824;28049408;1374044160;0;0;0;0;0;0;0;0;0;0;0;4388;0;0;131;0;202;0;
22983;9306851;1231949824;28049408;1374044160;0;0;0;0;0;0;0;0;0;0;0;5159;0;0;131;0;202;0;
22984;9532043;1231949824;28049408;1374044160;0;0;0;0;0;0;0;0;0;0;0;3386;0;0;131;0;202;0;
22985;9006257;1231949824;28049408;1374044160;0;0;0;0;0;0;0;0;0;0;0;6291;0;0;131;0;202;0;
22986;8674926;1231949824;28049408;1374044160;0;0;0;0;0;0;0;0;0;0;0;4187;0;0;131;0;202;0;
22987;10161203;1231949824;28049408;1374044160;0;0;0;0;0;0;0;0;0;0;0;4028;0;0;131;0;202;0;
22988;9548614;1231949824;28049408;1374044160;0;0;0;0;0;0;0;0;0;0;0;4559;0;0;131;0;202;0;
22989;13076049;1231949824;28049408;1374044160;0;0;0;0;0;0;0;0;0;0;0;4568;0;0;131;0;202;0;
22990;12466415;1231949824;28049408;1374044160;0;0;0;0;0;0;0;0;0;0;0;5690;0;0;131;0;202;0;
22991;13034861;1231949824;28049408;1374044160;0;0;0;0;0;0;0;0;0;0;0;6062;0;0;131;0;202;0;
22992;8569949;1231949824;28049408;1374044160;0;0;0;0;0;0;0;0;0;0;0;3407;0;0;131;0;202;0;
22993;13668610;1231949824;28049408;1374044160;0;0;0;0;0;0;0;0;0;0;0;3917;0;0;131;0;202;0;
22994;5859116;1231949824;28053504;1374048256;0;0;0;0;0;0;0;0;0;0;0;4078;0;0;131;0;202;0;
22995;7189651;1231949824;28053504;1374048256;0;0;0;0;0;0;0;0;0;0;0;3707;0;0;131;0;202;0;
22996;8003507;1231949824;28053504;1374048256;0;0;0;0;0;0;0;0;0;0;0;3807;0;0;131;0;202;0;
22997;10775925;1231949824;28053504;1374048256;0;0;0;0;0;0;0;0;0;0;0;6271;0;0;131;0;202;0;
22998;8783910;1231949824;28053504;1374048256;0;0;0;0;0;0;0;0;0;0;0;4869;0;0;131;0;202;0;
22999;9387642;1231949824;28053504;1374048256;0;0;0;0;0;0;0;0;0;0;0;5060;0;0;131;0;202;0;
23000;9269331;1231949824;28053504;1374048256;0;0;0;0;0;0;0;0;0;0;0;3366;0;0;131;0;202;0;
23001;10766378;1231949824;28053504;1374048256;0;0;0;0;0;0;0;0;0;0;0;4147;0;0;131;0;202;0;
23002;6881153;1231949824;28049408;1374044160;0;0;0;0;0;0;0;0;0;0;0;4188;0;0;131;0;202;0;
23003;9754570;1231949824;28049408;1374044160;0;0;0;0;0;0;0;0;0;0;0;6973;0;0;131;0;202;0;
23004;7463154;1231949824;28049408;1374044160;0;0;0;0;0;0;0;0;0;0;0;9639;0;0;131;0;202;0;
23005;7272937;1231949824;28049408;1374044160;0;0;0;0;0;0;0;0;0;0;0;3226;0;0;131;0;202;0;
23006;9870698;1231949824;28049408;1374044160;0;0;0;0;0;0;0;0;0;0;0;5180;0;0;131;0;202;0;
23007;9875076;1231949824;28049408;1374044160;0;0;0;0;0;0;0;0;0;0;0;4899;0;0;131;0;202;0;
23008;7102868;1231949824;28049408;1374044160;0;0;0;0;0;0;0;0;0;0;0;4158;0;0;131;0;202;0;
23009;8770716;1231949824;28049408;1374044160;0;0;0;0;0;0;0;0;0;0;0;4067;0;0;131;0;202;0;
23010;10452960;1231949824;28049408;1374044160;0;0;0;0;0;0;0;0;0;0;0;3987;0;0;131;0;202;0;
23011;11431274;1231949824;28049408;1374044160;0;0;0;0;0;0;0;0;0;0;0;4158;0;0;131;0;202;0;
23012;7555226;1231949824;28049408;1374044160;0;0;0;0;0;0;0;0;0;0;0;4388;0;0;131;0;202;0;
23013;9235207;1231949824;28049408;1374044160;0;0;0;0;0;0;0;0;0;0;0;4608;0;0;131;0;202;0;
23014;5587867;1231949824;28049408;1374044160;0;0;0;0;0;0;0;0;0;0;0;4208;0;0;131;0;202;0;
23015;10882656;1231949824;28049408;1374044160;0;0;0;0;0;0;0;0;0;0;0;3987;0;0;131;0;202;0;
23016;8008706;1231949824;28049408;1374044160;0;0;0;0;0;0;0;0;0;0;0;3516;0;0;131;0;202;0;
23017;9795637;1231949824;28049408;1374044160;0;0;0;0;0;0;0;0;0;0;0;4228;0;0;131;0;202;0;
23018;5663289;1231949824;28049408;1374044160;0;0;0;0;0;0;0;0;0;0;0;4548;0;0;131;0;202;0;
23019;11120661;1231949824;28049408;1374044160;0;0;0;0;0;0;0;0;0;0;0;3487;0;0;131;0;202;0;
23020;8618961;1231949824;28049408;1374044160;0;0;0;0;0;0;0;0;0;0;0;4679;0;0;131;0;202;0;
23021;12798919;1231949824;28049408;1374044160;0;0;0;0;0;0;0;0;0;0;0;3466;0;0;131;0;202;0;
23022;7975725;1231949824;28049408;1374044160;0;0;0;0;0;0;0;0;0;0;0;4388;0;0;131;0;202;0;
23023;10123823;1231949824;28049408;1374044160;0;0;0;0;0;0;0;0;0;0;0;4989;0;0;131;0;202;0;
23024;6325230;1231949824;28049408;1374044160;0;0;0;0;0;0;0;0;0;0;0;3928;0;0;131;0;202;0;
23025;9512657;1231949824;28049408;1374044160;0;0;0;0;0;0;0;0;0;0;0;4719;0;0;131;0;202;0;
23026;7630117;1231949824;28049408;1374044160;0;0;0;0;0;0;0;0;0;0;0;3857;0;0;131;0;202;0;
23027;10247224;1231949824;28049408;1374044160;0;0;0;0;0;0;0;0;0;0;0;4558;0;0;131;0;202;0;
23028;7388414;1231949824;28049408;1374044160;0;0;0;0;0;0;0;0;0;0;0;4588;0;0;131;0;202;0;
23029;8357250;1231949824;28049408;1374044160;0;0;0;0;0;0;0;0;0;0;0;4448;0;0;131;0;202;0;
23030;6230061;1231949824;28049408;1374044160;0;0;0;0;0;0;0;0;0;0;0;3717;0;0;131;0;202;0;
23031;7245015;1231949824;28049408;1374044160;0;0;0;0;0;0;0;0;0;0;0;3637;0;0;131;0;202;0;
23032;6824787;1231949824;28049408;1374044160;0;0;0;0;0;0;0;0;0;0;0;3717;0;0;131;0;202;0;
23033;8969989;1231949824;28049408;1374044160;0;0;0;0;0;0;0;0;0;0;0;5030;0;0;131;0;202;0;
23034;7276303;1231949824;28049408;1374044160;0;0;0;0;0;0;0;0;0;0;0;4559;0;0;131;0;202;0;
23035;11451002;1231949824;28049408;1374044160;0;0;0;0;0;0;0;0;0;0;0;3637;0;0;131;0;202;0;
23036;6772118;1231949824;28049408;1374044160;0;0;0;0;0;0;0;0;0;0;0;4649;0;0;131;0;202;0;
23037;9007740;1231949824;28049408;1374044160;0;0;0;0;0;0;0;0;0;0;0;3366;0;0;131;0;202;0;
23038;5552922;1231949824;28049408;1374044160;0;0;0;0;0;0;0;0;0;0;0;4188;0;0;131;0;202;0;
23039;10683973;1231949824;28049408;1374044160;0;0;0;0;0;0;0;0;0;0;0;4088;0;0;131;0;202;0;
23040;6151875;1231949824;28049408;1374044160;0;0;0;0;0;0;0;0;0;0;0;9628;0;0;131;0;202;0;
23041;8947046;1231949824;28049408;1374044160;0;0;0;0;0;0;0;0;0;0;0;4569;0;0;131;0;202;0;
23042;9875006;1231949824;28049408;1374044160;0;0;0;0;0;0;0;0;0;0;0;5099;0;0;131;0;202;0;
23043;13258871;1231949824;28049408;1374044160;0;0;0;0;0;0;0;0;0;0;0;3667;0;0;131;0;202;0;
23044;11954065;1231949824;28049408;1374044160;0;0;0;0;0;0;0;0;0;0;0;7374;0;0;131;0;202;0;
23045;7981816;1231949824;28049408;1374044160;0;0;0;0;0;0;0;0;0;0;0;4658;0;0;131;0;202;0;
23046;10051417;1231949824;28049408;1374044160;0;0;0;0;0;0;0;0;0;0;0;3928;0;0;131;0;202;0;
23047;7875758;1231949824;28049408;1374044160;0;0;0;0;0;0;0;0;0;0;0;4799;0;0;131;0;202;0;
23048;10340378;1231949824;28049408;1374044160;0;0;0;0;0;0;0;0;0;0;0;3767;0;0;131;0;202;0;
23049;10136537;1231949824;28049408;1374044160;0;0;0;0;0;0;0;0;0;0;0;5912;0;0;131;0;202;0;
23050;7722310;1231949824;28049408;1374044160;0;0;0;0;0;0;0;0;0;0;0;5370;0;0;131;0;202;0;
23051;9154946;1231949824;28049408;1374044160;0;0;0;0;0;0;0;0;0;0;0;4098;0;0;131;0;202;0;
23052;8132619;1231949824;28049408;1374044160;0;0;0;0;0;0;0;0;0;0;0;3417;0;0;131;0;202;0;
23053;9722220;1231949824;28049408;1374044160;0;0;0;0;0;0;0;0;0;0;0;5701;0;0;131;0;202;0;
23054;6595768;1231949824;28049408;1374044160;0;0;0;0;0;0;0;0;0;0;0;3978;0;0;131;0;202;0;
23055;10150854;1231949824;28049408;1374044160;0;0;0;0;0;0;0;0;0;0;0;4599;0;0;131;0;202;0;
23056;7605340;1231949824;28049408;1374044160;0;0;0;0;0;0;0;0;0;0;0;4870;0;0;131;0;202;0;
23057;9817969;1231949824;28049408;1374044160;0;0;0;0;0;0;0;0;0;0;0;3537;0;0;131;0;202;0;
23058;8655329;1231949824;28049408;1374044160;0;0;0;0;0;0;0;0;0;0;0;4429;0;0;131;0;202;0;
23059;10715923;1231949824;28049408;1374044160;0;0;0;0;0;0;0;0;0;0;0;4078;0;0;131;0;202;0;
23060;6517360;1231949824;28049408;1374044160;0;0;0;0;0;0;0;0;0;0;0;3005;0;0;131;0;202;0;
23061;8537187;1231949824;28049408;1374044160;0;0;0;0;0;0;0;0;0;0;0;3958;0;0;131;0;202;0;
23062;6779281;1231949824;28049408;1374044160;0;0;0;0;0;0;0;0;0;0;0;3577;0;0;131;0;202;0;
23063;10045967;1231949824;28049408;1374044160;0;0;0;0;0;0;0;0;0;0;0;5069;0;0;131;0;202;0;
23064;7641438;1231949824;28049408;1374044160;0;0;0;0;0;0;0;0;0;0;0;3717;0;0;131;0;202;0;
23065;11317060;1231949824;28049408;1374044160;0;0;0;0;0;0;0;0;0;0;0;5531;0;0;131;0;202;0;
23066;7379237;1231949824;28049408;1374044160;0;0;0;0;0;0;0;0;0;0;0;4118;0;0;131;0;202;0;
23067;8928792;1231949824;28049408;1374044160;0;0;0;0;0;0;0;0;0;0;0;6432;0;0;131;0;202;0;
23068;6940094;1231949824;28049408;1374044160;0;0;0;0;0;0;0;0;0;0;0;3937;0;0;131;0;202;0;
23069;8178775;1231949824;28049408;1374044160;0;0;0;0;0;0;0;0;0;0;0;3606;0;0;131;0;202;0;
23070;7054187;1231949824;28049408;1374044160;0;0;0;0;0;0;0;0;0;0;0;3847;0;0;131;0;202;0;
23071;9719414;1231949824;28049408;1374044160;0;0;0;0;0;0;0;0;0;0;0;3867;0;0;131;0;202;0;
23072;7959855;1231949824;28049408;1374044160;0;0;0;0;0;0;0;0;0;0;0;4268;0;0;131;0;202;0;
23073;7358407;1231949824;28049408;1374044160;0;0;0;0;0;0;0;0;0;0;0;3477;0;0;131;0;202;0;
23074;7691813;1231949824;28049408;1374044160;0;0;0;0;0;0;0;0;0;0;0;4188;0;0;131;0;202;0;
23075;8577233;1231949824;28049408;1374044160;0;0;0;0;0;0;0;0;0;0;0;4618;0;0;131;0;202;0;
23076;6828765;1231949824;28049408;1374044160;0;0;0;0;0;0;0;0;0;0;0;6092;0;0;131;0;202;0;
23077;8386475;1231949824;28049408;1374044160;0;0;0;0;0;0;0;0;0;0;0;3607;0;0;131;0;202;0;
23078;8880862;1231949824;28049408;1374044160;0;0;0;0;0;0;0;0;0;0;0;3607;0;0;131;0;202;0;
23079;12710914;1231949824;28049408;1374044160;0;0;0;0;0;0;0;0;0;0;0;6091;0;0;131;0;202;0;
23080;9155958;1231949824;28049408;1374044160;0;0;0;0;0;0;0;0;0;0;0;4348;0;0;131;0;202;0;
23081;10132930;1231949824;28049408;1374044160;0;0;0;0;0;0;0;0;0;0;0;3487;0;0;131;0;202;0;
23082;8953749;1231949824;28049408;1374044160;0;0;0;0;0;0;0;0;0;0;0;4489;0;0;131;0;202;0;
23083;10413115;1231949824;28049408;1374044160;0;0;0;0;0;0;0;0;0;0;0;3507;0;0;131;0;202;0;
23084;10187141;1231949824;28049408;1374044160;0;0;0;0;0;0;0;0;0;0;0;3236;0;0;131;0;202;0;
23085;12712126;1231949824;28049408;1374044160;0;0;0;0;0;0;0;0;0;0;0;3276;0;0;131;0;202;0;
23086;12867838;1231949824;28049408;1374044160;0;0;0;0;0;0;0;0;0;0;0;4509;0;0;131;0;202;0;
23087;10029045;1231949824;28049408;1374044160;0;0;0;0;0;0;0;0;0;0;0;3977;0;0;131;0;202;0;
23088;10842691;1231949824;28049408;1374044160;0;0;0;0;0;0;0;0;0;0;0;4358;0;0;131;0;202;0;
23089;11288406;1231949824;28049408;1374044160;0;0;0;0;0;0;0;0;0;0;0;4959;0;0;131;0;202;0;
23090;7394946;1231949824;28049408;1374044160;0;0;0;0;0;0;0;0;0;0;0;5440;0;0;131;0;202;0;
23091;9360742;1231949824;28049408;1374044160;0;0;0;0;0;0;0;0;0;0;0;3537;0;0;131;0;202;0;
23092;10208241;1231949824;28049408;1374044160;0;0;0;0;0;0;0;0;0;0;0;4648;0;0;131;0;202;0;
23093;12080071;1231949824;28049408;1374044160;0;0;0;0;0;0;0;0;0;0;0;4889;0;0;131;0;202;0;
23094;7264411;1231949824;28049408;1374044160;0;0;0;0;0;0;0;0;0;0;0;4268;0;0;131;0;202;0;
23095;12380624;1231949824;28049408;1374044160;0;0;0;0;0;0;0;0;0;0;0;3637;0;0;131;0;202;0;
23096;8809138;1231949824;28049408;1374044160;0;0;0;0;0;0;0;0;0;0;0;3667;0;0;131;0;202;0;
23097;9518388;1231949824;28049408;1374044160;0;0;0;0;0;0;0;0;0;0;0;4829;0;0;131;0;202;0;
23098;6601257;1231949824;28053504;1374048256;0;0;0;0;0;0;0;0;0;0;0;4147;0;0;131;0;202;0;
23099;8223329;1231949824;28053504;1374048256;0;0;0;0;0;0;0;0;0;0;0;4258;0;0;131;0;202;0;
23100;6359855;1231949824;28053504;1374048256;0;0;0;0;0;0;0;0;0;0;0;3758;0;0;131;0;202;0;
23101;10128261;1231949824;28053504;1374048256;0;0;0;0;0;0;0;0;0;0;0;6072;0;0;131;0;202;0;
23102;9569484;1231949824;28053504;1374048256;0;0;0;0;0;0;0;0;0;0;0;4529;0;0;131;0;202;0;
23103;10564309;1231949824;28053504;1374048256;0;0;0;0;0;0;0;0;0;0;0;4197;0;0;131;0;202;0;
23104;8372389;1231949824;28053504;1374048256;0;0;0;0;0;0;0;0;0;0;0;4398;0;0;131;0;202;0;
23105;12136276;1231949824;28053504;1374048256;0;0;0;0;0;0;0;0;0;0;0;5921;0;0;131;0;202;0;
23106;8773320;1231949824;28049408;1374044160;0;0;0;0;0;0;0;0;0;0;0;5180;0;0;131;0;202;0;
23107;10392647;1231949824;28049408;1374044160;0;0;0;0;0;0;0;0;0;0;0;4308;0;0;131;0;202;0;
23108;6411412;1231949824;28049408;1374044160;0;0;0;0;0;0;0;0;0;0;0;6612;0;0;131;0;202;0;
23109;11425584;1231949824;28049408;1374044160;0;0;0;0;0;0;0;0;0;0;0;4568;0;0;131;0;202;0;
23110;8460304;1231949824;28049408;1374044160;0;0;0;0;0;0;0;0;0;0;0;4038;0;0;131;0;202;0;
23111;10582052;1231949824;28049408;1374044160;0;0;0;0;0;0;0;0;0;0;0;3747;0;0;131;0;202;0;
23112;12967254;1231949824;28049408;1374044160;0;0;0;0;0;0;0;0;0;0;0;4509;0;0;131;0;202;0;
23113;11508279;1231949824;28049408;1374044160;0;0;0;0;0;0;0;0;0;0;0;4769;0;0;131;0;202;0;
23114;9958703;1231949824;28049408;1374044160;0;0;0;0;0;0;0;0;0;0;0;564348;0;0;131;0;202;0;
23115;6226515;1231949824;28049408;1374044160;0;0;0;0;0;0;0;0;0;0;0;4158;0;0;131;0;202;0;
23116;6778410;1231949824;28053504;1374048256;0;0;0;0;0;0;0;0;0;0;0;4999;0;0;131;0;202;0;
23117;10047881;1231949824;28053504;1374048256;0;0;0;0;0;0;0;0;0;0;0;3957;0;0;131;0;202;0;
23118;12002214;1231949824;28053504;1374048256;0;0;0;0;0;0;0;0;0;0;0;4448;0;0;131;0;202;0;
23119;9999880;1231949824;28053504;1374048256;0;0;0;0;0;0;0;0;0;0;0;4128;0;0;131;0;202;0;
23120;10184025;1231949824;28053504;1374048256;0;0;0;0;0;0;0;0;0;0;0;4729;0;0;131;0;202;0;
23121;11071700;1231949824;28053504;1374048256;0;0;0;0;0;0;0;0;0;0;0;5740;0;0;131;0;202;0;
23122;9889083;1231949824;28053504;1374048256;0;0;0;0;0;0;0;0;0;0;0;4649;0;0;131;0;202;0;
23123;12115607;1231949824;28053504;1374048256;0;0;0;0;0;0;0;0;0;0;0;4709;0;0;131;0;202;0;
23124;12351329;1231949824;28053504;1374048256;0;0;0;0;0;0;0;0;0;0;0;6011;0;0;131;0;202;0;
23125;9467342;1231949824;28053504;1374048256;0;0;0;0;0;0;0;0;0;0;0;4388;0;0;131;0;202;0;
23126;9672667;1231949824;28053504;1374048256;0;0;0;0;0;0;0;0;0;0;0;4038;0;0;131;0;202;0;
23127;10548399;1231949824;28053504;1374048256;0;0;0;0;0;0;0;0;0;0;0;4568;0;0;131;0;202;0;
23128;9387392;1231949824;28053504;1374048256;0;0;0;0;0;0;0;0;0;0;0;4158;0;0;131;0;202;0;
23129;6649788;1231949824;28053504;1374048256;0;0;0;0;0;0;0;0;0;0;0;3938;0;0;131;0;202;0;
23130;8026821;1231949824;28053504;1374048256;0;0;0;0;0;0;0;0;0;0;0;3747;0;0;131;0;202;0;
23131;9480787;1231949824;28053504;1374048256;0;0;0;0;0;0;0;0;0;0;0;4509;0;0;131;0;202;0;
23132;7753138;1231949824;28053504;1374048256;0;0;0;0;0;0;0;0;0;0;0;4117;0;0;131;0;202;0;
23133;8585608;1231949824;28053504;1374048256;0;0;0;0;0;0;0;0;0;0;0;5150;0;0;131;0;202;0;
23134;11283116;1231949824;28053504;1374048256;0;0;0;0;0;0;0;0;0;0;0;3576;0;0;131;0;202;0;
23135;6106249;1231949824;28053504;1374048256;0;0;0;0;0;0;0;0;0;0;0;4438;0;0;131;0;202;0;
23136;7224126;1231949824;28053504;1374048256;0;0;0;0;0;0;0;0;0;0;0;6442;0;0;131;0;202;0;
23137;10700454;1231949824;28053504;1374048256;0;0;0;0;0;0;0;0;0;0;0;3758;0;0;131;0;202;0;
23138;8046618;1231949824;28053504;1374048256;0;0;0;0;0;0;0;0;0;0;0;4027;0;0;131;0;202;0;
23139;8608832;1231949824;28053504;1374048256;0;0;0;0;0;0;0;0;0;0;0;4659;0;0;131;0;202;0;
23140;6194244;1231949824;28053504;1374048256;0;0;0;0;0;0;0;0;0;0;0;3527;0;0;131;0;202;0;
23141;6573045;1231949824;28053504;1374048256;0;0;0;0;0;0;0;0;0;0;0;4178;0;0;131;0;202;0;
23142;10504326;1231949824;28053504;1374048256;0;0;0;0;0;0;0;0;0;0;0;4980;0;0;131;0;202;0;
23143;7736055;1231949824;28053504;1374048256;0;0;0;0;0;0;0;0;0;0;0;3577;0;0;131;0;202;0;
23144;8985518;1231949824;28053504;1374048256;0;0;0;0;0;0;0;0;0;0;0;4328;0;0;131;0;202;0;
23145;10147226;1231949824;28053504;1374048256;0;0;0;0;0;0;0;0;0;0;0;4198;0;0;131;0;202;0;
23146;7320997;1231949824;28053504;1374048256;0;0;0;0;0;0;0;0;0;0;0;4408;0;0;131;0;202;0;
23147;8827062;1231949824;28053504;1374048256;0;0;0;0;0;0;0;0;0;0;0;4048;0;0;131;0;202;0;
23148;11547091;1231949824;28053504;1374048256;0;0;0;0;0;0;0;0;0;0;0;4098;0;0;131;0;202;0;
23149;10826169;1231949824;28053504;1374048256;0;0;0;0;0;0;0;0;0;0;0;4769;0;0;131;0;202;0;
23150;9863164;1231949824;28053504;1374048256;0;0;0;0;0;0;0;0;0;0;0;5861;0;0;131;0;202;0;
23151;9913498;1231949824;28053504;1374048256;0;0;0;0;0;0;0;0;0;0;0;4539;0;0;131;0;202;0;
23152;7863334;1231949824;28053504;1374048256;0;0;0;0;0;0;0;0;0;0;0;4829;0;0;131;0;202;0;
23153;9692103;1231949824;28053504;1374048256;0;0;0;0;0;0;0;0;0;0;0;10300;0;0;131;0;202;0;
23154;7869996;1231949824;28053504;1374048256;0;0;0;0;0;0;0;0;0;0;0;4729;0;0;131;0;202;0;
23155;9120261;1231949824;28053504;1374048256;0;0;0;0;0;0;0;0;0;0;0;4218;0;0;131;0;202;0;
23156;6820027;1231949824;28053504;1374048256;0;0;0;0;0;0;0;0;0;0;0;5370;0;0;131;0;202;0;
23157;7483742;1231949824;28053504;1374048256;0;0;0;0;0;0;0;0;0;0;0;5120;0;0;131;0;202;0;
23158;8149731;1231949824;28053504;1374048256;0;0;0;0;0;0;0;0;0;0;0;4359;0;0;131;0;202;0;
23159;7322390;1231949824;28053504;1374048256;0;0;0;0;0;0;0;0;0;0;0;5390;0;0;131;0;202;0;
23160;8528982;1231949824;28053504;1374048256;0;0;0;0;0;0;0;0;0;0;0;3837;0;0;131;0;202;0;
23161;7762836;1231949824;28053504;1374048256;0;0;0;0;0;0;0;0;0;0;0;3917;0;0;131;0;202;0;
23162;8256261;1231949824;28053504;1374048256;0;0;0;0;0;0;0;0;0;0;0;4137;0;0;131;0;202;0;
23163;8331733;1231949824;28053504;1374048256;0;0;0;0;0;0;0;0;0;0;0;3576;0;0;131;0;202;0;
23164;7227452;1231949824;28053504;1374048256;0;0;0;0;0;0;0;0;0;0;0;3737;0;0;131;0;202;0;
23165;9697924;1231949824;28053504;1374048256;0;0;0;0;0;0;0;0;0;0;0;3466;0;0;131;0;202;0;
23166;6253295;1231949824;28053504;1374048256;0;0;0;0;0;0;0;0;0;0;0;3256;0;0;131;0;202;0;
23167;8961663;1231949824;28053504;1374048256;0;0;0;0;0;0;0;0;0;0;0;4509;0;0;131;0;202;0;
23168;5461340;1231949824;28053504;1374048256;0;0;0;0;0;0;0;0;0;0;0;5330;0;0;131;0;202;0;
23169;9459246;1231949824;28053504;1374048256;0;0;0;0;0;0;0;0;0;0;0;4728;0;0;131;0;202;0;
23170;8919013;1231949824;28053504;1374048256;0;0;0;0;0;0;0;0;0;0;0;4849;0;0;131;0;202;0;
23171;9744762;1231949824;28053504;1374048256;0;0;0;0;0;0;0;0;0;0;0;4047;0;0;131;0;202;0;
23172;10484950;1231949824;28053504;1374048256;0;0;0;0;0;0;0;0;0;0;0;4078;0;0;131;0;202;0;
23173;9052664;1231949824;28053504;1374048256;0;0;0;0;0;0;0;0;0;0;0;4258;0;0;131;0;202;0;
23174;7798924;1231949824;28057600;1374052352;0;0;0;0;0;0;0;0;0;0;0;4339;0;0;131;0;202;0;
23175;7275351;1231949824;28057600;1374052352;0;0;0;0;0;0;0;0;0;0;0;3607;0;0;131;0;202;0;
23176;7700018;1231949824;28057600;1374052352;0;0;0;0;0;0;0;0;0;0;0;5150;0;0;131;0;202;0;
23177;8291677;1231949824;28057600;1374052352;0;0;0;0;0;0;0;0;0;0;0;4358;0;0;131;0;202;0;
23178;7185253;1231949824;28057600;1374052352;0;0;0;0;0;0;0;0;0;0;0;3997;0;0;131;0;202;0;
23179;7136732;1231949824;28057600;1374052352;0;0;0;0;0;0;0;0;0;0;0;3677;0;0;131;0;202;0;
23180;5172939;1231949824;28057600;1374052352;0;0;0;0;0;0;0;0;0;0;0;3807;0;0;131;0;202;0;
23181;7905373;1231949824;28057600;1374052352;0;0;0;0;0;0;0;0;0;0;0;4399;0;0;131;0;202;0;
23182;4691506;1231953920;28053504;1374048256;0;0;0;0;0;0;0;0;0;0;0;5851;0;0;131;0;202;0;
23183;5987868;1231953920;28053504;1374048256;0;0;0;0;0;0;0;0;0;0;0;4839;0;0;131;0;202;0;
23184;6394650;1231953920;28053504;1374048256;0;0;0;0;0;0;0;0;0;0;0;4028;0;0;131;0;202;0;
23185;11287374;1231953920;28053504;1374048256;0;0;0;0;0;0;0;0;0;0;0;4468;0;0;131;0;202;0;
23186;6767689;1231953920;28053504;1374048256;0;0;0;0;0;0;0;0;0;0;0;3918;0;0;131;0;202;0;
23187;7338550;1231953920;28053504;1374048256;0;0;0;0;0;0;0;0;0;0;0;2956;0;0;131;0;202;0;
23188;6603953;1231953920;28053504;1374048256;0;0;0;0;0;0;0;0;0;0;0;3166;0;0;131;0;202;0;
23189;8130375;1231953920;28053504;1374048256;0;0;0;0;0;0;0;0;0;0;0;3306;0;0;131;0;202;0;
23190;6711555;1231953920;28053504;1374048256;0;0;0;0;0;0;0;0;0;0;0;5180;0;0;131;0;202;0;
23191;6844493;1231953920;28053504;1374048256;0;0;0;0;0;0;0;0;0;0;0;3777;0;0;131;0;202;0;
23192;5350582;1231953920;28053504;1374048256;0;0;0;0;0;0;0;0;0;0;0;4449;0;0;131;0;202;0;
23193;8865544;1231953920;28053504;1374048256;0;0;0;0;0;0;0;0;0;0;0;3617;0;0;131;0;202;0;
23194;6061726;1231953920;28053504;1374048256;0;0;0;0;0;0;0;0;0;0;0;3987;0;0;131;0;202;0;
23195;9255725;1231953920;28053504;1374048256;0;0;0;0;0;0;0;0;0;0;0;4448;0;0;131;0;202;0;
23196;7152972;1231953920;28053504;1374048256;0;0;0;0;0;0;0;0;0;0;0;4348;0;0;131;0;202;0;
23197;7005616;1231953920;28053504;1374048256;0;0;0;0;0;0;0;0;0;0;0;3827;0;0;131;0;202;0;
23198;5747367;1231953920;28053504;1374048256;0;0;0;0;0;0;0;0;0;0;0;4538;0;0;131;0;202;0;
23199;13226000;1231953920;28053504;1374048256;0;0;0;0;0;0;0;0;0;0;0;4739;0;0;131;0;202;0;
23200;9069035;1231953920;28053504;1374048256;0;0;0;0;0;0;0;0;0;0;0;5451;0;0;131;0;202;0;
23201;8273062;1231953920;28053504;1374048256;0;0;0;0;0;0;0;0;0;0;0;2946;0;0;131;0;202;0;
23202;8330139;1231953920;28053504;1374048256;0;0;0;0;0;0;0;0;0;0;0;4108;0;0;131;0;202;0;
23203;9359520;1231953920;28053504;1374048256;0;0;0;0;0;0;0;0;0;0;0;3126;0;0;131;0;202;0;
23204;5731807;1231953920;28053504;1374048256;0;0;0;0;0;0;0;0;0;0;0;3477;0;0;131;0;202;0;
23205;11079705;1231953920;28053504;1374048256;0;0;0;0;0;0;0;0;0;0;0;5049;0;0;131;0;202;0;
23206;4817954;1231953920;28053504;1374048256;0;0;0;0;0;0;0;0;0;0;0;3537;0;0;131;0;202;0;
23207;9993208;1231953920;28053504;1374048256;0;0;0;0;0;0;0;0;0;0;0;3536;0;0;131;0;202;0;
23208;5010014;1231953920;28053504;1374048256;0;0;0;0;0;0;0;0;0;0;0;4558;0;0;131;0;202;0;
23209;9302864;1231953920;28053504;1374048256;0;0;0;0;0;0;0;0;0;0;0;3346;0;0;131;0;202;0;
23210;6374763;1231953920;28053504;1374048256;0;0;0;0;0;0;0;0;0;0;0;5300;0;0;131;0;202;0;
23211;8856176;1231953920;28053504;1374048256;0;0;0;0;0;0;0;0;0;0;0;4208;0;0;131;0;202;0;
23212;9080396;1231953920;28053504;1374048256;0;0;0;0;0;0;0;0;0;0;0;4548;0;0;131;0;202;0;
23213;8219031;1231953920;28053504;1374048256;0;0;0;0;0;0;0;0;0;0;0;3657;0;0;131;0;202;0;
23214;6403828;1231953920;28065792;1374060544;0;0;0;0;0;0;0;0;0;0;0;3737;0;0;131;0;202;0;
23215;8784501;1231953920;28065792;1374060544;0;0;0;0;0;0;0;0;0;0;0;4278;0;0;131;0;202;0;
23216;6509736;1231953920;28065792;1374060544;0;0;0;0;0;0;0;0;0;0;0;4078;0;0;131;0;202;0;
23217;7365581;1231953920;28065792;1374060544;0;0;0;0;0;0;0;0;0;0;0;5189;0;0;131;0;202;0;
23218;7433408;1231953920;28065792;1374060544;0;0;0;0;0;0;0;0;0;0;0;3707;0;0;131;0;202;0;
23219;10784552;1231953920;28065792;1374060544;0;0;0;0;0;0;0;0;0;0;0;4027;0;0;131;0;202;0;
23220;5364980;1231958016;28057600;1374052352;0;0;0;0;0;0;0;0;0;0;0;3867;0;0;131;0;202;0;
23221;9117646;1231958016;28057600;1374052352;0;0;0;0;0;0;0;0;0;0;0;5470;0;0;131;0;202;0;
23222;6727294;1231953920;28053504;1374048256;0;0;0;0;0;0;0;0;0;0;0;4348;0;0;131;0;202;0;
23223;9261025;1231953920;28053504;1374048256;0;0;0;0;0;0;0;0;0;0;0;6122;0;0;131;0;202;0;
23224;5529007;1231953920;28053504;1374048256;0;0;0;0;0;0;0;0;0;0;0;5390;0;0;131;0;202;0;
23225;7917265;1231953920;28053504;1374048256;0;0;0;0;0;0;0;0;0;0;0;3747;0;0;131;0;202;0;
23226;5022597;1231953920;28053504;1374048256;0;0;0;0;0;0;0;0;0;0;0;3847;0;0;131;0;202;0;
23227;9035232;1231953920;28053504;1374048256;0;0;0;0;0;0;0;0;0;0;0;4298;0;0;131;0;202;0;
23228;4753303;1231953920;28053504;1374048256;0;0;0;0;0;0;0;0;0;0;0;4188;0;0;131;0;202;0;
23229;9864356;1231953920;28053504;1374048256;0;0;0;0;0;0;0;0;0;0;0;5149;0;0;131;0;202;0;
23230;5409803;1231953920;28053504;1374048256;0;0;0;0;0;0;0;0;0;0;0;4468;0;0;131;0;202;0;
23231;8221856;1231953920;28053504;1374048256;0;0;0;0;0;0;0;0;0;0;0;4338;0;0;131;0;202;0;
23232;7109180;1231953920;28053504;1374048256;0;0;0;0;0;0;0;0;0;0;0;4479;0;0;131;0;202;0;
23233;6468559;1231953920;28053504;1374048256;0;0;0;0;0;0;0;0;0;0;0;3497;0;0;131;0;202;0;
23234;7051251;1231953920;28053504;1374048256;0;0;0;0;0;0;0;0;0;0;0;4538;0;0;131;0;202;0;
23235;8407725;1231953920;28053504;1374048256;0;0;0;0;0;0;0;0;0;0;0;3897;0;0;131;0;202;0;
23236;5761263;1231953920;28053504;1374048256;0;0;0;0;0;0;0;0;0;0;0;3927;0;0;131;0;202;0;
23237;8500649;1231953920;28053504;1374048256;0;0;0;0;0;0;0;0;0;0;0;3887;0;0;131;0;202;0;
23238;4521819;1231953920;28053504;1374048256;0;0;0;0;0;0;0;0;0;0;0;4949;0;0;131;0;202;0;
23239;6457589;1231953920;28053504;1374048256;0;0;0;0;0;0;0;0;0;0;0;3577;0;0;131;0;202;0;
23240;7517887;1231953920;28053504;1374048256;0;0;0;0;0;0;0;0;0;0;0;4939;0;0;131;0;202;0;
23241;5905202;1231953920;28053504;1374048256;0;0;0;0;0;0;0;0;0;0;0;3135;0;0;131;0;202;0;
23242;7400215;1231953920;28053504;1374048256;0;0;0;0;0;0;0;0;0;0;0;5460;0;0;131;0;202;0;
23243;7879023;1231953920;28053504;1374048256;0;0;0;0;0;0;0;0;0;0;0;3156;0;0;131;0;202;0;
23244;6414658;1231953920;28053504;1374048256;0;0;0;0;0;0;0;0;0;0;0;4539;0;0;131;0;202;0;
23245;6693461;1231953920;28053504;1374048256;0;0;0;0;0;0;0;0;0;0;0;3727;0;0;131;0;202;0;
23246;7953523;1231953920;28053504;1374048256;0;0;0;0;0;0;0;0;0;0;0;4799;0;0;131;0;202;0;
23247;8786145;1231953920;28053504;1374048256;0;0;0;0;0;0;0;0;0;0;0;5060;0;0;131;0;202;0;
23248;7697112;1231953920;28053504;1374048256;0;0;0;0;0;0;0;0;0;0;0;4048;0;0;131;0;202;0;
23249;7756253;1231953920;28053504;1374048256;0;0;0;0;0;0;0;0;0;0;0;4247;0;0;131;0;202;0;
23250;6257443;1231953920;28053504;1374048256;0;0;0;0;0;0;0;0;0;0;0;4889;0;0;131;0;202;0;
23251;6561643;1231953920;28053504;1374048256;0;0;0;0;0;0;0;0;0;0;0;3847;0;0;131;0;202;0;
23252;9468895;1231953920;28053504;1374048256;0;0;0;0;0;0;0;0;0;0;0;4308;0;0;131;0;202;0;
23253;7839730;1231953920;28053504;1374048256;0;0;0;0;0;0;0;0;0;0;0;3596;0;0;131;0;202;0;
23254;7142583;1231953920;28053504;1374048256;0;0;0;0;0;0;0;0;0;0;0;3506;0;0;131;0;202;0;
23255;7103680;1231953920;28053504;1374048256;0;0;0;0;0;0;0;0;0;0;0;4007;0;0;131;0;202;0;
23256;6494347;1231953920;28053504;1374048256;0;0;0;0;0;0;0;0;0;0;0;4398;0;0;131;0;202;0;
23257;9347557;1231953920;28053504;1374048256;0;0;0;0;0;0;0;0;0;0;0;3737;0;0;131;0;202;0;
23258;8017042;1231953920;28053504;1374048256;0;0;0;0;0;0;0;0;0;0;0;4428;0;0;131;0;202;0;
23259;10655069;1231953920;28053504;1374048256;0;0;0;0;0;0;0;0;0;0;0;3617;0;0;131;0;202;0;
23260;6437701;1231953920;28053504;1374048256;0;0;0;0;0;0;0;0;0;0;0;3897;0;0;131;0;202;0;
23261;10886903;1231953920;28053504;1374048256;0;0;0;0;0;0;0;0;0;0;0;237976;0;0;131;0;202;0;
23262;7485556;1231953920;28057600;1374052352;0;0;0;0;0;0;0;0;0;0;0;4428;0;0;131;0;202;0;
23263;11002059;1231953920;28057600;1374052352;0;0;0;0;0;0;0;0;0;0;0;3427;0;0;131;0;202;0;
23264;5439459;1231953920;28057600;1374052352;0;0;0;0;0;0;0;0;0;0;0;3607;0;0;131;0;202;0;
23265;10601037;1231953920;28057600;1374052352;0;0;0;0;0;0;0;0;0;0;0;4919;0;0;131;0;202;0;
23266;6602350;1231953920;28057600;1374052352;0;0;0;0;0;0;0;0;0;0;0;3747;0;0;131;0;202;0;
23267;8982813;1231953920;28057600;1374052352;0;0;0;0;0;0;0;0;0;0;0;3917;0;0;131;0;202;0;
23268;8433263;1231953920;28053504;1374048256;0;0;0;0;0;0;0;0;0;0;0;3917;0;0;131;0;202;0;
23269;8274044;1231953920;28053504;1374048256;0;0;0;0;0;0;0;0;0;0;0;3857;0;0;131;0;202;0;
23270;7777634;1231949824;28049408;1374044160;0;0;0;0;0;0;0;0;0;0;0;4028;0;0;131;0;202;0;
23271;9161017;1231949824;28049408;1374044160;0;0;0;0;0;0;0;0;0;0;0;5130;0;0;131;0;202;0;
23272;7083171;1231949824;28049408;1374044160;0;0;0;0;0;0;0;0;0;0;0;4339;0;0;131;0;202;0;
23273;11125972;1231949824;28049408;1374044160;0;0;0;0;0;0;0;0;0;0;0;4648;0;0;131;0;202;0;
23274;7102007;1231949824;28049408;1374044160;0;0;0;0;0;0;0;0;0;0;0;4288;0;0;131;0;202;0;
23275;11796128;1231949824;28049408;1374044160;0;0;0;0;0;0;0;0;0;0;0;4458;0;0;131;0;202;0;
23276;6484800;1231949824;28049408;1374044160;0;0;0;0;0;0;0;0;0;0;0;3476;0;0;131;0;202;0;
23277;8741611;1231949824;28049408;1374044160;0;0;0;0;0;0;0;0;0;0;0;3898;0;0;131;0;202;0;
23278;7297954;1231949824;28049408;1374044160;0;0;0;0;0;0;0;0;0;0;0;3857;0;0;131;0;202;0;
23279;7725115;1231949824;28049408;1374044160;0;0;0;0;0;0;0;0;0;0;0;3557;0;0;131;0;202;0;
23280;6042120;1231949824;28049408;1374044160;0;0;0;0;0;0;0;0;0;0;0;3596;0;0;131;0;202;0;
23281;9599960;1231949824;28049408;1374044160;0;0;0;0;0;0;0;0;0;0;0;5070;0;0;131;0;202;0;
23282;6342542;1231949824;28049408;1374044160;0;0;0;0;0;0;0;0;0;0;0;5290;0;0;131;0;202;0;
23283;9407018;1231949824;28049408;1374044160;0;0;0;0;0;0;0;0;0;0;0;4619;0;0;131;0;202;0;
23284;8618690;1231949824;28049408;1374044160;0;0;0;0;0;0;0;0;0;0;0;4048;0;0;131;0;202;0;
23285;10357631;1231949824;28049408;1374044160;0;0;0;0;0;0;0;0;0;0;0;3326;0;0;131;0;202;0;
23286;7247920;1231949824;28049408;1374044160;0;0;0;0;0;0;0;0;0;0;0;4378;0;0;131;0;202;0;
23287;8878076;1231949824;28049408;1374044160;0;0;0;0;0;0;0;0;0;0;0;5370;0;0;131;0;202;0;
23288;8230372;1231949824;28049408;1374044160;0;0;0;0;0;0;0;0;0;0;0;4689;0;0;131;0;202;0;
23289;8540805;1231949824;28049408;1374044160;0;0;0;0;0;0;0;0;0;0;0;4057;0;0;131;0;202;0;
23290;7411547;1231949824;28049408;1374044160;0;0;0;0;0;0;0;0;0;0;0;4137;0;0;131;0;202;0;
23291;8181211;1231949824;28049408;1374044160;0;0;0;0;0;0;0;0;0;0;0;3306;0;0;131;0;202;0;
23292;9409172;1231949824;28049408;1374044160;0;0;0;0;0;0;0;0;0;0;0;3847;0;0;131;0;202;0;
23293;9398242;1231949824;28049408;1374044160;0;0;0;0;0;0;0;0;0;0;0;4648;0;0;131;0;202;0;
23294;6737223;1231949824;28049408;1374044160;0;0;0;0;0;0;0;0;0;0;0;3907;0;0;131;0;202;0;
23295;8072656;1231949824;28049408;1374044160;0;0;0;0;0;0;0;0;0;0;0;4097;0;0;131;0;202;0;
23296;8310693;1231949824;28049408;1374044160;0;0;0;0;0;0;0;0;0;0;0;4809;0;0;131;0;202;0;
23297;10503344;1231949824;28049408;1374044160;0;0;0;0;0;0;0;0;0;0;0;3737;0;0;131;0;202;0;
23298;7901005;1231949824;28049408;1374044160;0;0;0;0;0;0;0;0;0;0;0;4108;0;0;131;0;202;0;
23299;7917536;1231949824;28049408;1374044160;0;0;0;0;0;0;0;0;0;0;0;3567;0;0;131;0;202;0;
23300;7630117;1231949824;28049408;1374044160;0;0;0;0;0;0;0;0;0;0;0;4709;0;0;131;0;202;0;
23301;9716409;1231949824;28049408;1374044160;0;0;0;0;0;0;0;0;0;0;0;3196;0;0;131;0;202;0;
23302;8288050;1231949824;28049408;1374044160;0;0;0;0;0;0;0;0;0;0;0;3828;0;0;131;0;202;0;
23303;9532093;1231949824;28049408;1374044160;0;0;0;0;0;0;0;0;0;0;0;4128;0;0;131;0;202;0;
23304;6898295;1231949824;28049408;1374044160;0;0;0;0;0;0;0;0;0;0;0;4939;0;0;131;0;202;0;
23305;8847900;1231949824;28049408;1374044160;0;0;0;0;0;0;0;0;0;0;0;3697;0;0;131;0;202;0;
23306;8301366;1231949824;28049408;1374044160;0;0;0;0;0;0;0;0;0;0;0;4588;0;0;131;0;202;0;
23307;11252509;1231949824;28049408;1374044160;0;0;0;0;0;0;0;0;0;0;0;4739;0;0;131;0;202;0;
23308;6099617;1231949824;28049408;1374044160;0;0;0;0;0;0;0;0;0;0;0;4809;0;0;131;0;202;0;
23309;9982848;1231949824;28049408;1374044160;0;0;0;0;0;0;0;0;0;0;0;5491;0;0;131;0;202;0;
23310;8330801;1231949824;28049408;1374044160;0;0;0;0;0;0;0;0;0;0;0;4208;0;0;131;0;202;0;
23311;9115352;1231949824;28049408;1374044160;0;0;0;0;0;0;0;0;0;0;0;4449;0;0;131;0;202;0;
23312;9100975;1231949824;28049408;1374044160;0;0;0;0;0;0;0;0;0;0;0;4688;0;0;131;0;202;0;
23313;6248867;1231949824;28049408;1374044160;0;0;0;0;0;0;0;0;0;0;0;4328;0;0;131;0;202;0;
23314;7667777;1231949824;28049408;1374044160;0;0;0;0;0;0;0;0;0;0;0;3958;0;0;131;0;202;0;
23315;9555818;1231949824;28049408;1374044160;0;0;0;0;0;0;0;0;0;0;0;4508;0;0;131;0;202;0;
23316;10147407;1231949824;28049408;1374044160;0;0;0;0;0;0;0;0;0;0;0;4298;0;0;131;0;202;0;
23317;7488912;1231949824;28049408;1374044160;0;0;0;0;0;0;0;0;0;0;0;4198;0;0;131;0;202;0;
23318;8074520;1231949824;28049408;1374044160;0;0;0;0;0;0;0;0;0;0;0;4018;0;0;131;0;202;0;
23319;8798989;1231949824;28049408;1374044160;0;0;0;0;0;0;0;0;0;0;0;3587;0;0;131;0;202;0;
23320;7347216;1231949824;28049408;1374044160;0;0;0;0;0;0;0;0;0;0;0;5260;0;0;131;0;202;0;
23321;8085501;1231949824;28049408;1374044160;0;0;0;0;0;0;0;0;0;0;0;4308;0;0;131;0;202;0;
23322;8240261;1231949824;28049408;1374044160;0;0;0;0;0;0;0;0;0;0;0;5250;0;0;131;0;202;0;
23323;13319805;1231949824;28049408;1374044160;0;0;0;0;0;0;0;0;0;0;0;5260;0;0;131;0;202;0;
23324;11664612;1231949824;28049408;1374044160;0;0;0;0;0;0;0;0;0;0;0;4098;0;0;131;0;202;0;
23325;6285686;1231949824;28049408;1374044160;0;0;0;0;0;0;0;0;0;0;0;3146;0;0;131;0;202;0;
23326;11004614;1231949824;28049408;1374044160;0;0;0;0;0;0;0;0;0;0;0;5019;0;0;131;0;202;0;
23327;11444108;1231949824;28049408;1374044160;0;0;0;0;0;0;0;0;0;0;0;4529;0;0;131;0;202;0;
23328;10532859;1231949824;28049408;1374044160;0;0;0;0;0;0;0;0;0;0;0;4318;0;0;131;0;202;0;
23329;13053586;1231949824;28049408;1374044160;0;0;0;0;0;0;0;0;0;0;0;4248;0;0;131;0;202;0;
23330;11775259;1231949824;28049408;1374044160;0;0;0;0;0;0;0;0;0;0;0;3908;0;0;131;0;202;0;
23331;9457383;1231949824;28049408;1374044160;0;0;0;0;0;0;0;0;0;0;0;4117;0;0;131;0;202;0;
23332;8727906;1231949824;28049408;1374044160;0;0;0;0;0;0;0;0;0;0;0;4739;0;0;131;0;202;0;
23333;9344762;1231949824;28049408;1374044160;0;0;0;0;0;0;0;0;0;0;0;3306;0;0;131;0;202;0;
23334;10982322;1231949824;28049408;1374044160;0;0;0;0;0;0;0;0;0;0;0;5320;0;0;131;0;202;0;
23335;16718819;1231949824;28049408;1374044160;0;0;0;0;0;0;0;0;0;0;0;4378;0;0;131;0;202;0;
23336;12111800;1231949824;28057600;1374052352;0;0;0;0;0;0;0;0;0;0;0;5310;0;0;131;0;202;0;
23337;8833694;1231949824;28057600;1374052352;0;0;0;0;0;0;0;0;0;0;0;3807;0;0;131;0;202;0;
23338;9646237;1231949824;28057600;1374052352;0;0;0;0;0;0;0;0;0;0;0;4488;0;0;131;0;202;0;
23339;7158703;1231949824;28057600;1374052352;0;0;0;0;0;0;0;0;0;0;0;3476;0;0;131;0;202;0;
23340;10886994;1231949824;28057600;1374052352;0;0;0;0;0;0;0;0;0;0;0;3206;0;0;131;0;202;0;
23341;9697183;1231949824;28057600;1374052352;0;0;0;0;0;0;0;0;0;0;0;5400;0;0;131;0;202;0;
23342;8847049;1231949824;28049408;1374044160;0;0;0;0;0;0;0;0;0;0;0;3897;0;0;131;0;202;0;
23343;11572860;1231949824;28049408;1374044160;0;0;0;0;0;0;0;0;0;0;0;3828;0;0;131;0;202;0;
23344;8898034;1231949824;28049408;1374044160;0;0;0;0;0;0;0;0;0;0;0;4449;0;0;131;0;202;0;
23345;10885922;1231949824;28049408;1374044160;0;0;0;0;0;0;0;0;0;0;0;4989;0;0;131;0;202;0;
23346;6558277;1231949824;28049408;1374044160;0;0;0;0;0;0;0;0;0;0;0;4819;0;0;131;0;202;0;
23347;11414813;1231949824;28049408;1374044160;0;0;0;0;0;0;0;0;0;0;0;4518;0;0;131;0;202;0;
23348;7250736;1231949824;28049408;1374044160;0;0;0;0;0;0;0;0;0;0;0;5260;0;0;131;0;202;0;
23349;9513398;1231949824;28049408;1374044160;0;0;0;0;0;0;0;0;0;0;0;3807;0;0;131;0;202;0;
23350;12178265;1231949824;28069888;1374064640;0;0;0;0;0;0;0;0;0;0;0;4538;0;0;131;0;202;0;
23351;9800767;1231949824;28069888;1374064640;0;0;0;0;0;0;0;0;0;0;0;4258;0;0;131;0;202;0;
23352;7548724;1231949824;28110848;1374105600;0;0;0;0;0;0;0;0;0;0;0;3928;0;0;131;0;202;0;
23353;9132965;1231949824;28110848;1374105600;0;0;0;0;0;0;0;0;0;0;0;4087;0;0;131;0;202;0;
23354;8877525;1231949824;28110848;1374105600;0;0;0;0;0;0;0;0;0;0;0;3807;0;0;131;0;202;0;
23355;7460138;1231949824;28110848;1374105600;0;0;0;0;0;0;0;0;0;0;0;8025;0;0;131;0;202;0;
23356;5699457;1231949824;28110848;1374105600;0;0;0;0;0;0;0;0;0;0;0;3547;0;0;131;0;202;0;
23357;7552161;1231949824;28110848;1374105600;0;0;0;0;0;0;0;0;0;0;0;4689;0;0;131;0;202;0;
23358;10781426;1231974400;28106752;1374101504;0;0;0;0;0;0;0;0;0;0;0;4438;0;0;131;0;202;0;
23359;10219482;1231974400;28106752;1374101504;0;0;0;0;0;0;0;0;0;0;0;5089;0;0;131;0;202;0;
23360;9416557;1231945728;28078080;1374072832;0;0;0;0;0;0;0;0;0;0;0;4078;0;0;131;0;202;0;
23361;10795753;1231945728;28078080;1374072832;0;0;0;0;0;0;0;0;0;0;0;5320;0;0;131;0;202;0;
23362;8088075;1231933440;28065792;1374060544;0;0;0;0;0;0;0;0;0;0;0;5070;0;0;131;0;202;0;
23363;12036860;1231933440;28065792;1374060544;0;0;0;0;0;0;0;0;0;0;0;4529;0;0;131;0;202;0;
23364;9811126;1231933440;28065792;1374060544;0;0;0;0;0;0;0;0;0;0;0;3397;0;0;131;0;202;0;
23365;11688086;1231933440;28065792;1374060544;0;0;0;0;0;0;0;0;0;0;0;4658;0;0;131;0;202;0;
23366;4594405;1231933440;28065792;1374060544;0;0;0;0;0;0;0;0;0;0;0;5671;0;0;131;0;202;0;
23367;14377038;1231933440;28065792;1374060544;0;0;0;0;0;0;0;0;0;0;0;5320;0;0;131;0;202;0;
23368;5011396;1231933440;28065792;1374060544;0;0;0;0;0;0;0;0;0;0;0;3416;0;0;131;0;202;0;
23369;10478437;1231933440;28065792;1374060544;0;0;0;0;0;0;0;0;0;0;0;4138;0;0;131;0;202;0;
23370;9435181;1231933440;28065792;1374060544;0;0;0;0;0;0;0;0;0;0;0;3086;0;0;131;0;202;0;
23371;11594580;1231933440;28065792;1374060544;0;0;0;0;0;0;0;0;0;0;0;4348;0;0;131;0;202;0;
23372;9058785;1231933440;28065792;1374060544;0;0;0;0;0;0;0;0;0;0;0;5200;0;0;131;0;202;0;
23373;13993188;1231933440;28065792;1374060544;0;0;0;0;0;0;0;0;0;0;0;4599;0;0;131;0;202;0;
23374;9862693;1231933440;28065792;1374060544;0;0;0;0;0;0;0;0;0;0;0;5030;0;0;131;0;202;0;
23375;11508509;1231933440;28065792;1374060544;0;0;0;0;0;0;0;0;0;0;0;3697;0;0;131;0;202;0;
23376;9167650;1231933440;28065792;1374060544;0;0;0;0;0;0;0;0;0;0;0;4238;0;0;131;0;202;0;
23377;12186631;1231933440;28065792;1374060544;0;0;0;0;0;0;0;0;0;0;0;4789;0;0;131;0;202;0;
23378;11503169;1231933440;28065792;1374060544;0;0;0;0;0;0;0;0;0;0;0;3797;0;0;131;0;202;0;
23379;9336406;1231933440;28065792;1374060544;0;0;0;0;0;0;0;0;0;0;0;4348;0;0;131;0;202;0;
23380;9942342;1231933440;28065792;1374060544;0;0;0;0;0;0;0;0;0;0;0;4038;0;0;131;0;202;0;
23381;10104196;1231933440;28065792;1374060544;0;0;0;0;0;0;0;0;0;0;0;6552;0;0;131;0;202;0;
23382;9594531;1231933440;28065792;1374060544;0;0;0;0;0;0;0;0;0;0;0;3517;0;0;131;0;202;0;
23383;8285987;1231933440;28065792;1374060544;0;0;0;0;0;0;0;0;0;0;0;4970;0;0;131;0;202;0;
23384;14368873;1231933440;28065792;1374060544;0;0;0;0;0;0;0;0;0;0;0;4869;0;0;131;0;202;0;
23385;12019978;1231933440;28065792;1374060544;0;0;0;0;0;0;0;0;0;0;0;3827;0;0;131;0;202;0;
23386;9698646;1231933440;28065792;1374060544;0;0;0;0;0;0;0;0;0;0;0;6532;0;0;131;0;202;0;
23387;13094102;1231933440;28065792;1374060544;0;0;0;0;0;0;0;0;0;0;0;4117;0;0;131;0;202;0;
23388;8567194;1231933440;28069888;1374064640;0;0;0;0;0;0;0;0;0;0;0;5671;0;0;131;0;202;0;
23389;13396199;1231933440;28069888;1374064640;0;0;0;0;0;0;0;0;0;0;0;4017;0;0;131;0;202;0;
23390;12042280;1231933440;28069888;1374064640;0;0;0;0;0;0;0;0;0;0;0;5029;0;0;131;0;202;0;
23391;14984677;1231933440;28069888;1374064640;0;0;0;0;0;0;0;0;0;0;0;4198;0;0;131;0;202;0;
23392;8157386;1231933440;28069888;1374064640;0;0;0;0;0;0;0;0;0;0;0;4648;0;0;131;0;202;0;
23393;12128130;1231933440;28069888;1374064640;0;0;0;0;0;0;0;0;0;0;0;5901;0;0;131;0;202;0;
23394;11359940;1231933440;28069888;1374064640;0;0;0;0;0;0;0;0;0;0;0;4137;0;0;131;0;202;0;
23395;12012214;1231933440;28069888;1374064640;0;0;0;0;0;0;0;0;0;0;0;5601;0;0;131;0;202;0;
23396;12536656;1231933440;28065792;1374060544;0;0;0;0;0;0;0;0;0;0;0;4008;0;0;131;0;202;0;
23397;12437030;1231933440;28065792;1374060544;0;0;0;0;0;0;0;0;0;0;0;4268;0;0;131;0;202;0;
23398;7839450;1231933440;28065792;1374060544;0;0;0;0;0;0;0;0;0;0;0;3897;0;0;131;0;202;0;
23399;11036484;1231933440;28065792;1374060544;0;0;0;0;0;0;0;0;0;0;0;4649;0;0;131;0;202;0;
23400;8349446;1231933440;28065792;1374060544;0;0;0;0;0;0;0;0;0;0;0;4018;0;0;131;0;202;0;
23401;14118313;1231933440;28065792;1374060544;0;0;0;0;0;0;0;0;0;0;0;3656;0;0;131;0;202;0;
23402;13852474;1231933440;28065792;1374060544;0;0;0;0;0;0;0;0;0;0;0;5881;0;0;131;0;202;0;
23403;15734864;1231933440;28065792;1374060544;0;0;0;0;0;0;0;0;0;0;0;3447;0;0;131;0;202;0;
23404;10081383;1231933440;28065792;1374060544;0;0;0;0;0;0;0;0;0;0;0;5030;0;0;131;0;202;0;
23405;12229962;1231933440;28065792;1374060544;0;0;0;0;0;0;0;0;0;0;0;3868;0;0;131;0;202;0;
23406;10336511;1231933440;28065792;1374060544;0;0;0;0;0;0;0;0;0;0;0;5019;0;0;131;0;202;0;
23407;12275096;1231933440;28065792;1374060544;0;0;0;0;0;0;0;0;0;0;0;4618;0;0;131;0;202;0;
23408;10186900;1231933440;28065792;1374060544;0;0;0;0;0;0;0;0;0;0;0;4769;0;0;131;0;202;0;
23409;8804619;1231933440;28065792;1374060544;0;0;0;0;0;0;0;0;0;0;0;4349;0;0;131;0;202;0;
23410;8677571;1231933440;28065792;1374060544;0;0;0;0;0;0;0;0;0;0;0;3296;0;0;131;0;202;0;
23411;10434685;1231933440;28065792;1374060544;0;0;0;0;0;0;0;0;0;0;0;4569;0;0;131;0;202;0;
23412;6301846;1231933440;28065792;1374060544;0;0;0;0;0;0;0;0;0;0;0;4408;0;0;131;0;202;0;
23413;10052228;1231933440;28065792;1374060544;0;0;0;0;0;0;0;0;0;0;0;3647;0;0;131;0;202;0;
23414;9505804;1231933440;28065792;1374060544;0;0;0;0;0;0;0;0;0;0;0;3997;0;0;131;0;202;0;
23415;9912676;1231933440;28065792;1374060544;0;0;0;0;0;0;0;0;0;0;0;5079;0;0;131;0;202;0;
23416;8448992;1231933440;28065792;1374060544;0;0;0;0;0;0;0;0;0;0;0;4920;0;0;131;0;202;0;
23417;7898390;1231933440;28065792;1374060544;0;0;0;0;0;0;0;0;0;0;0;3908;0;0;131;0;202;0;
23418;7361693;1231933440;28065792;1374060544;0;0;0;0;0;0;0;0;0;0;0;4198;0;0;131;0;202;0;
23419;12616016;1231933440;28065792;1374060544;0;0;0;0;0;0;0;0;0;0;0;5330;0;0;131;0;202;0;
23420;14460654;1231933440;28065792;1374060544;0;0;0;0;0;0;0;0;0;0;0;4899;0;0;131;0;202;0;
23421;10408377;1231933440;28065792;1374060544;0;0;0;0;0;0;0;0;0;0;0;4348;0;0;131;0;202;0;
23422;7116814;1231933440;28065792;1374060544;0;0;0;0;0;0;0;0;0;0;0;5190;0;0;131;0;202;0;
23423;9130240;1231933440;28065792;1374060544;0;0;0;0;0;0;0;0;0;0;0;5069;0;0;131;0;202;0;
23424;8011592;1231933440;28065792;1374060544;0;0;0;0;0;0;0;0;0;0;0;4950;0;0;131;0;202;0;
23425;8213420;1231933440;28065792;1374060544;0;0;0;0;0;0;0;0;0;0;0;4919;0;0;131;0;202;0;
23426;8146886;1231933440;28065792;1374060544;0;0;0;0;0;0;0;0;0;0;0;4208;0;0;131;0;202;0;
23427;9633032;1231933440;28065792;1374060544;0;0;0;0;0;0;0;0;0;0;0;5431;0;0;131;0;202;0;
23428;8096321;1231933440;28065792;1374060544;0;0;0;0;0;0;0;0;0;0;0;4519;0;0;131;0;202;0;
23429;9367765;1231933440;28065792;1374060544;0;0;0;0;0;0;0;0;0;0;0;4167;0;0;131;0;202;0;
23430;5791269;1231933440;28065792;1374060544;0;0;0;0;0;0;0;0;0;0;0;4639;0;0;131;0;202;0;
23431;10729699;1231933440;28065792;1374060544;0;0;0;0;0;0;0;0;0;0;0;3536;0;0;131;0;202;0;
23432;14198072;1231933440;28065792;1374060544;0;0;0;0;0;0;0;0;0;0;0;4308;0;0;131;0;202;0;
23433;19968302;1231933440;28065792;1374060544;0;0;0;0;0;0;0;0;0;0;0;4358;0;0;131;0;202;0;
23434;9778615;1231933440;28065792;1374060544;0;0;0;0;0;0;0;0;0;0;0;3827;0;0;131;0;202;0;
23435;10208672;1231933440;28065792;1374060544;0;0;0;0;0;0;0;0;0;0;0;3286;0;0;131;0;202;0;
23436;6460544;1231933440;28069888;1374064640;0;0;0;0;0;0;0;0;0;0;0;4057;0;0;131;0;202;0;
23437;7796559;1231933440;28069888;1374064640;0;0;0;0;0;0;0;0;0;0;0;4839;0;0;131;0;202;0;
23438;7563672;1231933440;28069888;1374064640;0;0;0;0;0;0;0;0;0;0;0;5170;0;0;131;0;202;0;
23439;9387181;1231933440;28069888;1374064640;0;0;0;0;0;0;0;0;0;0;0;4238;0;0;131;0;202;0;
23440;10084138;1231933440;28069888;1374064640;0;0;0;0;0;0;0;0;0;0;0;3216;0;0;131;0;202;0;
23441;9513188;1231933440;28069888;1374064640;0;0;0;0;0;0;0;0;0;0;0;5300;0;0;131;0;202;0;
23442;7680661;1231933440;28069888;1374064640;0;0;0;0;0;0;0;0;0;0;0;4799;0;0;131;0;202;0;
23443;10011212;1231933440;28069888;1374064640;0;0;0;0;0;0;0;0;0;0;0;5530;0;0;131;0;202;0;
23444;5474325;1231933440;28065792;1374060544;0;0;0;0;0;0;0;0;0;0;0;3807;0;0;131;0;202;0;
23445;9530741;1231933440;28065792;1374060544;0;0;0;0;0;0;0;0;0;0;0;8025;0;0;131;0;202;0;
23446;6090189;1231933440;28065792;1374060544;0;0;0;0;0;0;0;0;0;0;0;3707;0;0;131;0;202;0;
23447;9599800;1231933440;28065792;1374060544;0;0;0;0;0;0;0;0;0;0;0;5179;0;0;131;0;202;0;
23448;4910487;1231933440;28065792;1374060544;0;0;0;0;0;0;0;0;0;0;0;3587;0;0;131;0;202;0;
23449;7779016;1231933440;28065792;1374060544;0;0;0;0;0;0;0;0;0;0;0;3417;0;0;131;0;202;0;
23450;6845736;1231933440;28065792;1374060544;0;0;0;0;0;0;0;0;0;0;0;4629;0;0;131;0;202;0;
23451;9955958;1231933440;28065792;1374060544;0;0;0;0;0;0;0;0;0;0;0;4619;0;0;131;0;202;0;
23452;6771717;1231933440;28065792;1374060544;0;0;0;0;0;0;0;0;0;0;0;6132;0;0;131;0;202;0;
23453;11390217;1231933440;28065792;1374060544;0;0;0;0;0;0;0;0;0;0;0;4809;0;0;131;0;202;0;
23454;9713243;1231933440;28065792;1374060544;0;0;0;0;0;0;0;0;0;0;0;4308;0;0;131;0;202;0;
23455;11090275;1231933440;28065792;1374060544;0;0;0;0;0;0;0;0;0;0;0;5300;0;0;131;0;202;0;
23456;6452759;1231933440;28065792;1374060544;0;0;0;0;0;0;0;0;0;0;0;2715;0;0;131;0;202;0;
23457;7581837;1231933440;28065792;1374060544;0;0;0;0;0;0;0;0;0;0;0;2865;0;0;131;0;202;0;
23458;7046973;1231933440;28065792;1374060544;0;0;0;0;0;0;0;0;0;0;0;2986;0;0;131;0;202;0;
23459;8007444;1231933440;28065792;1374060544;0;0;0;0;0;0;0;0;0;0;0;3155;0;0;131;0;202;0;
23460;7641338;1231933440;28065792;1374060544;0;0;0;0;0;0;0;0;0;0;0;3457;0;0;131;0;202;0;
23461;7584782;1231933440;28065792;1374060544;0;0;0;0;0;0;0;0;0;0;0;4117;0;0;131;0;202;0;
23462;6303249;1231933440;28065792;1374060544;0;0;0;0;0;0;0;0;0;0;0;3897;0;0;131;0;202;0;
23463;8616927;1231933440;28065792;1374060544;0;0;0;0;0;0;0;0;0;0;0;4127;0;0;131;0;202;0;
23464;6619872;1231933440;28065792;1374060544;0;0;0;0;0;0;0;0;0;0;0;4168;0;0;131;0;202;0;
23465;8453701;1231933440;28065792;1374060544;0;0;0;0;0;0;0;0;0;0;0;8576;0;0;131;0;202;0;
23466;8605956;1231933440;28065792;1374060544;0;0;0;0;0;0;0;0;0;0;0;3446;0;0;131;0;202;0;
23467;8288551;1231933440;28065792;1374060544;0;0;0;0;0;0;0;0;0;0;0;4137;0;0;131;0;202;0;
23468;9836754;1231933440;28065792;1374060544;0;0;0;0;0;0;0;0;0;0;0;3787;0;0;131;0;202;0;
23469;9482240;1231933440;28065792;1374060544;0;0;0;0;0;0;0;0;0;0;0;3426;0;0;131;0;202;0;
23470;7510612;1231933440;28065792;1374060544;0;0;0;0;0;0;0;0;0;0;0;5260;0;0;131;0;202;0;
23471;10640812;1231933440;28065792;1374060544;0;0;0;0;0;0;0;0;0;0;0;5170;0;0;131;0;202;0;
23472;9015344;1231933440;28065792;1374060544;0;0;0;0;0;0;0;0;0;0;0;3777;0;0;131;0;202;0;
23473;7528666;1231933440;28065792;1374060544;0;0;0;0;0;0;0;0;0;0;0;4078;0;0;131;0;202;0;
23474;8234129;1231933440;28065792;1374060544;0;0;0;0;0;0;0;0;0;0;0;4238;0;0;131;0;202;0;
23475;7973481;1231933440;28065792;1374060544;0;0;0;0;0;0;0;0;0;0;0;4118;0;0;131;0;202;0;
23476;10947527;1231933440;28065792;1374060544;0;0;0;0;0;0;0;0;0;0;0;3166;0;0;131;0;202;0;
23477;7092008;1231933440;28065792;1374060544;0;0;0;0;0;0;0;0;0;0;0;3277;0;0;131;0;202;0;
23478;11025954;1231933440;28065792;1374060544;0;0;0;0;0;0;0;0;0;0;0;5400;0;0;131;0;202;0;
23479;10068959;1231933440;28065792;1374060544;0;0;0;0;0;0;0;0;0;0;0;5540;0;0;131;0;202;0;
23480;9881348;1231933440;28065792;1374060544;0;0;0;0;0;0;0;0;0;0;0;3998;0;0;131;0;202;0;
23481;8670117;1231933440;28065792;1374060544;0;0;0;0;0;0;0;0;0;0;0;4178;0;0;131;0;202;0;
23482;9035912;1231933440;28065792;1374060544;0;0;0;0;0;0;0;0;0;0;0;4048;0;0;131;0;202;0;
23483;8679986;1231933440;28065792;1374060544;0;0;0;0;0;0;0;0;0;0;0;3847;0;0;131;0;202;0;
23484;7051341;1231933440;28065792;1374060544;0;0;0;0;0;0;0;0;0;0;0;5340;0;0;131;0;202;0;
23485;7931292;1231933440;28065792;1374060544;0;0;0;0;0;0;0;0;0;0;0;3877;0;0;131;0;202;0;
23486;8402635;1231933440;28065792;1374060544;0;0;0;0;0;0;0;0;0;0;0;2796;0;0;131;0;202;0;
23487;8866455;1231933440;28065792;1374060544;0;0;0;0;0;0;0;0;0;0;0;5641;0;0;131;0;202;0;
23488;8201508;1231933440;28065792;1374060544;0;0;0;0;0;0;0;0;0;0;0;5030;0;0;131;0;202;0;
23489;10496452;1231933440;28065792;1374060544;0;0;0;0;0;0;0;0;0;0;0;4599;0;0;131;0;202;0;
23490;9780579;1231933440;28065792;1374060544;0;0;0;0;0;0;0;0;0;0;0;3827;0;0;131;0;202;0;
23491;13250946;1231933440;28065792;1374060544;0;0;0;0;0;0;0;0;0;0;0;4559;0;0;131;0;202;0;
23492;10265268;1231933440;28065792;1374060544;0;0;0;0;0;0;0;0;0;0;0;4348;0;0;131;0;202;0;
23493;9162069;1231933440;28065792;1374060544;0;0;0;0;0;0;0;0;0;0;0;3847;0;0;131;0;202;0;
23494;10338766;1231933440;28069888;1374064640;0;0;0;0;0;0;0;0;0;0;0;4328;0;0;131;0;202;0;
23495;9014132;1231933440;28069888;1374064640;0;0;0;0;0;0;0;0;0;0;0;5069;0;0;131;0;202;0;
23496;8412674;1231933440;28069888;1374064640;0;0;0;0;0;0;0;0;0;0;0;5169;0;0;131;0;202;0;
23497;8818646;1231933440;28069888;1374064640;0;0;0;0;0;0;0;0;0;0;0;4568;0;0;131;0;202;0;
23498;8805391;1231933440;28069888;1374064640;0;0;0;0;0;0;0;0;0;0;0;3857;0;0;131;0;202;0;
23499;8730160;1231933440;28069888;1374064640;0;0;0;0;0;0;0;0;0;0;0;4870;0;0;131;0;202;0;
23500;9016897;1231933440;28069888;1374064640;0;0;0;0;0;0;0;0;0;0;0;4478;0;0;131;0;202;0;
23501;6482706;1231933440;28069888;1374064640;0;0;0;0;0;0;0;0;0;0;0;3777;0;0;131;0;202;0;
23502;8214763;1231933440;28065792;1374060544;0;0;0;0;0;0;0;0;0;0;0;5320;0;0;131;0;202;0;
23503;8415139;1231933440;28065792;1374060544;0;0;0;0;0;0;0;0;0;0;0;4399;0;0;131;0;202;0;
23504;7268228;1231933440;28065792;1374060544;0;0;0;0;0;0;0;0;0;0;0;4638;0;0;131;0;202;0;
23505;13077000;1231933440;28065792;1374060544;0;0;0;0;0;0;0;0;0;0;0;3697;0;0;131;0;202;0;
23506;9664251;1231933440;28065792;1374060544;0;0;0;0;0;0;0;0;0;0;0;5230;0;0;131;0;202;0;
23507;12531297;1231933440;28065792;1374060544;0;0;0;0;0;0;0;0;0;0;0;4088;0;0;131;0;202;0;
23508;7832406;1231933440;28065792;1374060544;0;0;0;0;0;0;0;0;0;0;0;4018;0;0;131;0;202;0;
23509;10861206;1231933440;28065792;1374060544;0;0;0;0;0;0;0;0;0;0;0;5140;0;0;131;0;202;0;
23510;13521363;1235910656;28065792;1374060544;0;0;0;0;0;0;0;0;0;0;0;4147;0;0;132;0;202;0;
23511;10698299;1235910656;28065792;1374060544;0;0;0;0;0;0;0;0;0;0;0;3576;0;0;132;0;202;0;
23512;6236774;1235910656;28065792;1374060544;0;0;0;0;0;0;0;0;0;0;0;4208;0;0;132;0;202;0;
23513;10461716;1235910656;28065792;1374060544;0;0;0;0;0;0;0;0;0;0;0;3376;0;0;132;0;202;0;
23514;7221250;1235910656;28065792;1374060544;0;0;0;0;0;0;0;0;0;0;0;3697;0;0;132;0;202;0;
23515;12304111;1235910656;28065792;1374060544;0;0;0;0;0;0;0;0;0;0;0;5610;0;0;132;0;202;0;
23516;6958788;1235910656;28065792;1374060544;0;0;0;0;0;0;0;0;0;0;0;3958;0;0;132;0;202;0;
23517;8665648;1235910656;28065792;1374060544;0;0;0;0;0;0;0;0;0;0;0;4067;0;0;132;0;202;0;
23518;7433207;1235910656;28069888;1374064640;0;0;0;0;0;0;0;0;0;0;0;4638;0;0;132;0;202;0;
23519;8014077;1235910656;28069888;1374064640;0;0;0;0;0;0;0;0;0;0;0;3727;0;0;132;0;202;0;
23520;8090630;1235910656;28069888;1374064640;0;0;0;0;0;0;0;0;0;0;0;3487;0;0;132;0;202;0;
23521;9042405;1235910656;28069888;1374064640;0;0;0;0;0;0;0;0;0;0;0;4118;0;0;132;0;202;0;
23522;6721964;1235910656;28069888;1374064640;0;0;0;0;0;0;0;0;0;0;0;3596;0;0;132;0;202;0;
23523;7608547;1235910656;28069888;1374064640;0;0;0;0;0;0;0;0;0;0;0;6171;0;0;132;0;202;0;
23524;7406968;1235910656;28069888;1374064640;0;0;0;0;0;0;0;0;0;0;0;4509;0;0;132;0;202;0;
23525;7918147;1235910656;28069888;1374064640;0;0;0;0;0;0;0;0;0;0;0;8857;0;0;132;0;202;0;
23526;8633348;1236148224;28065792;1374060544;0;0;0;0;0;0;0;0;0;0;0;4829;0;0;132;0;202;0;
23527;9106425;1236148224;28065792;1374060544;0;0;0;0;0;0;0;0;0;0;0;5300;0;0;132;0;202;0;
23528;7634815;1236148224;28065792;1374060544;0;0;0;0;0;0;0;0;0;0;0;4409;0;0;132;0;202;0;
23529;8484800;1236148224;28065792;1374060544;0;0;0;0;0;0;0;0;0;0;0;3928;0;0;132;0;202;0;
23530;5003562;1236148224;28065792;1374060544;0;0;0;0;0;0;0;0;0;0;0;3777;0;0;132;0;202;0;
23531;11343580;1236148224;28065792;1374060544;0;0;0;0;0;0;0;0;0;0;0;4959;0;0;132;0;202;0;
23532;12326973;1236148224;28065792;1374060544;0;0;0;0;0;0;0;0;0;0;0;4949;0;0;132;0;202;0;
23533;11155827;1236148224;28065792;1374060544;0;0;0;0;0;0;0;0;0;0;0;4578;0;0;132;0;202;0;
23534;7170445;1236148224;28065792;1374060544;0;0;0;0;0;0;0;0;0;0;0;5831;0;0;132;0;202;0;
23535;10771617;1236148224;28065792;1374060544;0;0;0;0;0;0;0;0;0;0;0;4238;0;0;132;0;202;0;
23536;8049674;1236148224;28065792;1374060544;0;0;0;0;0;0;0;0;0;0;0;4439;0;0;132;0;202;0;
23537;9362826;1236148224;28065792;1374060544;0;0;0;0;0;0;0;0;0;0;0;4849;0;0;132;0;202;0;
23538;9580093;1236148224;28065792;1374060544;0;0;0;0;0;0;0;0;0;0;0;3927;0;0;132;0;202;0;
23539;8375975;1236148224;28065792;1374060544;0;0;0;0;0;0;0;0;0;0;0;4108;0;0;132;0;202;0;
23540;7149506;1236148224;28065792;1374060544;0;0;0;0;0;0;0;0;0;0;0;3887;0;0;132;0;202;0;
23541;11125862;1236148224;28065792;1374060544;0;0;0;0;0;0;0;0;0;0;0;5230;0;0;132;0;202;0;
23542;4914585;1236148224;28065792;1374060544;0;0;0;0;0;0;0;0;0;0;0;4499;0;0;132;0;202;0;
23543;8230944;1236148224;28065792;1374060544;0;0;0;0;0;0;0;0;0;0;0;4619;0;0;132;0;202;0;
23544;6116018;1236148224;28065792;1374060544;0;0;0;0;0;0;0;0;0;0;0;4358;0;0;132;0;202;0;
23545;6889258;1236148224;28065792;1374060544;0;0;0;0;0;0;0;0;0;0;0;3787;0;0;132;0;202;0;
23546;6869060;1236148224;28065792;1374060544;0;0;0;0;0;0;0;0;0;0;0;3547;0;0;132;0;202;0;
23547;9526432;1236148224;28065792;1374060544;0;0;0;0;0;0;0;0;0;0;0;3918;0;0;132;0;202;0;
23548;7493902;1236148224;28065792;1374060544;0;0;0;0;0;0;0;0;0;0;0;3056;0;0;132;0;202;0;
23549;7890174;1236148224;28065792;1374060544;0;0;0;0;0;0;0;0;0;0;0;3457;0;0;132;0;202;0;
23550;8425138;1236148224;28078080;1374072832;0;0;0;0;0;0;0;0;0;0;0;4849;0;0;132;0;202;0;
23551;7962730;1236148224;28078080;1374072832;0;0;0;0;0;0;0;0;0;0;0;3998;0;0;132;0;202;0;
23552;8861055;1236148224;28078080;1374072832;0;0;0;0;0;0;0;0;0;0;0;4338;0;0;132;0;202;0;
23553;10661741;1236148224;28078080;1374072832;0;0;0;0;0;0;0;0;0;0;0;4428;0;0;132;0;202;0;
23554;7797060;1236148224;28078080;1374072832;0;0;0;0;0;0;0;0;0;0;0;4298;0;0;132;0;202;0;
23555;10247334;1236148224;28078080;1374072832;0;0;0;0;0;0;0;0;0;0;0;4468;0;0;132;0;202;0;
23556;5757746;1236152320;28069888;1374064640;0;0;0;0;0;0;0;0;0;0;0;4469;0;0;132;0;202;0;
23557;8351690;1236152320;28069888;1374064640;0;0;0;0;0;0;0;0;0;0;0;4458;0;0;132;0;202;0;
23558;9737758;1236148224;28065792;1374060544;0;0;0;0;0;0;0;0;0;0;0;4358;0;0;132;0;202;0;
23559;7245035;1236148224;28065792;1374060544;0;0;0;0;0;0;0;0;0;0;0;2795;0;0;132;0;202;0;
23560;6880952;1236148224;28065792;1374060544;0;0;0;0;0;0;0;0;0;0;0;5169;0;0;132;0;202;0;
23561;7714956;1236148224;28065792;1374060544;0;0;0;0;0;0;0;0;0;0;0;3646;0;0;132;0;202;0;
23562;7353328;1236148224;28065792;1374060544;0;0;0;0;0;0;0;0;0;0;0;4228;0;0;132;0;202;0;
23563;7059577;1236148224;28065792;1374060544;0;0;0;0;0;0;0;0;0;0;0;3767;0;0;132;0;202;0;
23564;5217924;1236148224;28065792;1374060544;0;0;0;0;0;0;0;0;0;0;0;4668;0;0;132;0;202;0;
23565;7534778;1236148224;28065792;1374060544;0;0;0;0;0;0;0;0;0;0;0;4008;0;0;132;0;202;0;
23566;7615780;1236148224;28065792;1374060544;0;0;0;0;0;0;0;0;0;0;0;3346;0;0;132;0;202;0;
23567;9236889;1236148224;28065792;1374060544;0;0;0;0;0;0;0;0;0;0;0;4309;0;0;132;0;202;0;
23568;6813165;1236148224;28065792;1374060544;0;0;0;0;0;0;0;0;0;0;0;4218;0;0;132;0;202;0;
23569;10189746;1236148224;28065792;1374060544;0;0;0;0;0;0;0;0;0;0;0;4459;0;0;132;0;202;0;
23570;4389801;1236148224;28065792;1374060544;0;0;0;0;0;0;0;0;0;0;0;4468;0;0;132;0;202;0;
23571;9796719;1236148224;28065792;1374060544;0;0;0;0;0;0;0;0;0;0;0;5731;0;0;132;0;202;0;
23572;6326583;1236148224;28065792;1374060544;0;0;0;0;0;0;0;0;0;0;0;3266;0;0;132;0;202;0;
23573;10699783;1236148224;28065792;1374060544;0;0;0;0;0;0;0;0;0;0;0;3757;0;0;132;0;202;0;
23574;4875902;1236148224;28065792;1374060544;0;0;0;0;0;0;0;0;0;0;0;3767;0;0;132;0;202;0;
23575;8081744;1236148224;28065792;1374060544;0;0;0;0;0;0;0;0;0;0;0;4188;0;0;132;0;202;0;
23576;6195938;1236148224;28065792;1374060544;0;0;0;0;0;0;0;0;0;0;0;3456;0;0;132;0;202;0;
23577;9925511;1236148224;28065792;1374060544;0;0;0;0;0;0;0;0;0;0;0;5711;0;0;132;0;202;0;
23578;6830998;1236148224;28065792;1374060544;0;0;0;0;0;0;0;0;0;0;0;4248;0;0;132;0;202;0;
23579;11103740;1236148224;28065792;1374060544;0;0;0;0;0;0;0;0;0;0;0;5129;0;0;132;0;202;0;
23580;9689087;1236148224;28065792;1374060544;0;0;0;0;0;0;0;0;0;0;0;3717;0;0;132;0;202;0;
23581;11341326;1236148224;28065792;1374060544;0;0;0;0;0;0;0;0;0;0;0;5140;0;0;132;0;202;0;
23582;8212319;1236148224;28065792;1374060544;0;0;0;0;0;0;0;0;0;0;0;4639;0;0;132;0;202;0;
23583;10370515;1236148224;28065792;1374060544;0;0;0;0;0;0;0;0;0;0;0;3547;0;0;132;0;202;0;
23584;7848586;1236148224;28065792;1374060544;0;0;0;0;0;0;0;0;0;0;0;4588;0;0;132;0;202;0;
23585;8799570;1236148224;28065792;1374060544;0;0;0;0;0;0;0;0;0;0;0;4629;0;0;132;0;202;0;
23586;9655885;1236148224;28065792;1374060544;0;0;0;0;0;0;0;0;0;0;0;4518;0;0;132;0;202;0;
23587;13281544;1236148224;28065792;1374060544;0;0;0;0;0;0;0;0;0;0;0;4048;0;0;132;0;202;0;
23588;6540143;1236148224;28065792;1374060544;0;0;0;0;0;0;0;0;0;0;0;6062;0;0;132;0;202;0;
23589;11172579;1236148224;28065792;1374060544;0;0;0;0;0;0;0;0;0;0;0;4709;0;0;132;0;202;0;
23590;8214853;1236148224;28065792;1374060544;0;0;0;0;0;0;0;0;0;0;0;4358;0;0;132;0;202;0;
23591;9150448;1236148224;28065792;1374060544;0;0;0;0;0;0;0;0;0;0;0;4318;0;0;132;0;202;0;
23592;4988844;1236148224;28065792;1374060544;0;0;0;0;0;0;0;0;0;0;0;4739;0;0;132;0;202;0;
23593;12613752;1236148224;28065792;1374060544;0;0;0;0;0;0;0;0;0;0;0;4519;0;0;132;0;202;0;
23594;6200086;1236148224;28065792;1374060544;0;0;0;0;0;0;0;0;0;0;0;4058;0;0;132;0;202;0;
23595;12508264;1236148224;28065792;1374060544;0;0;0;0;0;0;0;0;0;0;0;3797;0;0;132;0;202;0;
23596;7347918;1236148224;28065792;1374060544;0;0;0;0;0;0;0;0;0;0;0;4419;0;0;132;0;202;0;
23597;14125997;1236148224;28065792;1374060544;0;0;0;0;0;0;0;0;0;0;0;3867;0;0;132;0;202;0;
23598;6815800;1236148224;28065792;1374060544;0;0;0;0;0;0;0;0;0;0;0;5109;0;0;132;0;202;0;
23599;11926824;1236148224;28065792;1374060544;0;0;0;0;0;0;0;0;0;0;0;3887;0;0;132;0;202;0;
23600;7231139;1236148224;28065792;1374060544;0;0;0;0;0;0;0;0;0;0;0;4608;0;0;132;0;202;0;
23601;12724088;1236148224;28065792;1374060544;0;0;0;0;0;0;0;0;0;0;0;6222;0;0;132;0;202;0;
23602;6626004;1236148224;28065792;1374060544;0;0;0;0;0;0;0;0;0;0;0;4408;0;0;132;0;202;0;
23603;12282209;1236148224;28065792;1374060544;0;0;0;0;0;0;0;0;0;0;0;4428;0;0;132;0;202;0;
23604;7223695;1236148224;28065792;1374060544;0;0;0;0;0;0;0;0;0;0;0;4058;0;0;132;0;202;0;
23605;9003162;1236148224;28065792;1374060544;0;0;0;0;0;0;0;0;0;0;0;3336;0;0;132;0;202;0;
23606;5971747;1236148224;28065792;1374060544;0;0;0;0;0;0;0;0;0;0;0;5119;0;0;132;0;202;0;
23607;8121718;1236148224;28065792;1374060544;0;0;0;0;0;0;0;0;0;0;0;4378;0;0;132;0;202;0;
23608;5876960;1236148224;28073984;1374068736;0;0;0;0;0;0;0;0;0;0;0;3717;0;0;132;0;202;0;
23609;11386691;1236148224;28073984;1374068736;0;0;0;0;0;0;0;0;0;0;0;3888;0;0;132;0;202;0;
23610;7728291;1236148224;28073984;1374068736;0;0;0;0;0;0;0;0;0;0;0;4548;0;0;132;0;202;0;
23611;13347748;1236148224;28073984;1374068736;0;0;0;0;0;0;0;0;0;0;0;4489;0;0;132;0;202;0;
23612;10599264;1236148224;28073984;1374068736;0;0;0;0;0;0;0;0;0;0;0;4729;0;0;132;0;202;0;
23613;10253255;1236148224;28073984;1374068736;0;0;0;0;0;0;0;0;0;0;0;3927;0;0;132;0;202;0;
23614;8754144;1236148224;28065792;1374060544;0;0;0;0;0;0;0;0;0;0;0;4609;0;0;132;0;202;0;
23615;10039434;1236148224;28065792;1374060544;0;0;0;0;0;0;0;0;0;0;0;3998;0;0;132;0;202;0;
23616;9859908;1236148224;28065792;1374060544;0;0;0;0;0;0;0;0;0;0;0;4869;0;0;132;0;202;0;
23617;7846472;1236148224;28065792;1374060544;0;0;0;0;0;0;0;0;0;0;0;3657;0;0;132;0;202;0;
23618;9131772;1236148224;28065792;1374060544;0;0;0;0;0;0;0;0;0;0;0;4458;0;0;132;0;202;0;
23619;10558498;1236148224;28065792;1374060544;0;0;0;0;0;0;0;0;0;0;0;4379;0;0;132;0;202;0;
23620;8276809;1236148224;28065792;1374060544;0;0;0;0;0;0;0;0;0;0;0;4980;0;0;132;0;202;0;
23621;10309211;1236148224;28065792;1374060544;0;0;0;0;0;0;0;0;0;0;0;4088;0;0;132;0;202;0;
23622;5476800;1236148224;28065792;1374060544;0;0;0;0;0;0;0;0;0;0;0;4058;0;0;132;0;202;0;
23623;10631214;1236148224;28065792;1374060544;0;0;0;0;0;0;0;0;0;0;0;3907;0;0;132;0;202;0;
23624;6927209;1229651968;21569536;1367564288;0;0;0;0;0;0;0;0;0;0;0;5620;0;0;132;0;202;0;
23625;10644209;1229651968;21569536;1367564288;0;0;0;0;0;0;0;0;0;0;0;4068;0;0;132;0;202;0;
23626;8158518;1229651968;21569536;1367564288;0;0;0;0;0;0;0;0;0;0;0;4979;0;0;132;0;202;0;
23627;7512957;1229651968;21569536;1367564288;0;0;0;0;0;0;0;0;0;0;0;4499;0;0;132;0;202;0;
23628;8648687;1229651968;21569536;1367564288;0;0;0;0;0;0;0;0;0;0;0;3937;0;0;132;0;202;0;
23629;6360386;1229651968;21569536;1367564288;0;0;0;0;0;0;0;0;0;0;0;5621;0;0;132;0;202;0;
23630;9631029;1229651968;21569536;1367564288;0;0;0;0;0;0;0;0;0;0;0;4799;0;0;132;0;202;0;
23631;9994640;1229651968;21569536;1367564288;0;0;0;0;0;0;0;0;0;0;0;4428;0;0;132;0;202;0;
23632;6046247;1229651968;21569536;1367564288;0;0;0;0;0;0;0;0;0;0;0;3296;0;0;132;0;202;0;
23633;8365095;1229651968;21569536;1367564288;0;0;0;0;0;0;0;0;0;0;0;3346;0;0;132;0;202;0;
23634;6472095;1229651968;21569536;1367564288;0;0;0;0;0;0;0;0;0;0;0;4599;0;0;132;0;202;0;
23635;10152396;1229651968;21569536;1367564288;0;0;0;0;0;0;0;0;0;0;0;4208;0;0;132;0;202;0;
23636;6489839;1229651968;21569536;1367564288;0;0;0;0;0;0;0;0;0;0;0;4318;0;0;132;0;202;0;
23637;12617027;1234374656;28065792;1374060544;0;0;0;0;0;0;0;0;0;0;0;4930;0;0;132;0;202;0;
23638;5686041;1234374656;28065792;1374060544;0;0;0;0;0;0;0;0;0;0;0;4669;0;0;132;0;202;0;
23639;10960080;1234374656;28065792;1374060544;0;0;0;0;0;0;0;0;0;0;0;5029;0;0;132;0;202;0;
23640;5914029;1234374656;28065792;1374060544;0;0;0;0;0;0;0;0;0;0;0;4098;0;0;132;0;202;0;
23641;11686302;1234374656;28065792;1374060544;0;0;0;0;0;0;0;0;0;0;0;3386;0;0;132;0;202;0;
23642;8032962;1234374656;28065792;1374060544;0;0;0;0;0;0;0;0;0;0;0;3757;0;0;132;0;202;0;
23643;10821321;1234374656;28065792;1374060544;0;0;0;0;0;0;0;0;0;0;0;3877;0;0;132;0;202;0;
23644;8685135;1234374656;28065792;1374060544;0;0;0;0;0;0;0;0;0;0;0;4909;0;0;132;0;202;0;
23645;14976512;1234374656;28065792;1374060544;0;0;0;0;0;0;0;0;0;0;0;4489;0;0;132;0;202;0;
23646;16698711;1229651968;21569536;1367564288;0;0;0;0;0;0;0;0;0;0;0;5009;0;0;132;0;202;0;
23647;7848476;1229651968;21569536;1367564288;0;0;0;0;0;0;0;0;0;0;0;3456;0;0;132;0;202;0;
23648;11227593;1229651968;21569536;1367564288;0;0;0;0;0;0;0;0;0;0;0;3516;0;0;132;0;202;0;
23649;8594885;1229651968;21569536;1367564288;0;0;0;0;0;0;0;0;0;0;0;3637;0;0;132;0;202;0;
23650;8634951;1229651968;21569536;1367564288;0;0;0;0;0;0;0;0;0;0;0;3426;0;0;132;0;202;0;
23651;8701536;1229651968;21569536;1367564288;0;0;0;0;0;0;0;0;0;0;0;4398;0;0;132;0;202;0;
23652;6871775;1229651968;21569536;1367564288;0;0;0;0;0;0;0;0;0;0;0;3686;0;0;132;0;202;0;
23653;8507122;1229651968;21569536;1367564288;0;0;0;0;0;0;0;0;0;0;0;3567;0;0;132;0;202;0;
23654;6227627;1229651968;21569536;1367564288;0;0;0;0;0;0;0;0;0;0;0;4779;0;0;132;0;202;0;
23655;8918112;1229651968;21569536;1367564288;0;0;0;0;0;0;0;0;0;0;0;4498;0;0;132;0;202;0;
23656;5516564;1229651968;21569536;1367564288;0;0;0;0;0;0;0;0;0;0;0;3737;0;0;132;0;202;0;
23657;9270653;1229651968;21569536;1367564288;0;0;0;0;0;0;0;0;0;0;0;3636;0;0;132;0;202;0;
23658;6963367;1229651968;21569536;1367564288;0;0;0;0;0;0;0;0;0;0;0;4248;0;0;132;0;202;0;
23659;7719785;1234374656;28065792;1374060544;0;0;0;0;0;0;0;0;0;0;0;3486;0;0;132;0;202;0;
23660;7740785;1234374656;28065792;1374060544;0;0;0;0;0;0;0;0;0;0;0;5511;0;0;132;0;202;0;
23661;5347207;1234374656;28065792;1374060544;0;0;0;0;0;0;0;0;0;0;0;3426;0;0;132;0;202;0;
23662;8243807;1234374656;28065792;1374060544;0;0;0;0;0;0;0;0;0;0;0;4879;0;0;132;0;202;0;
23663;6536797;1234374656;28065792;1374060544;0;0;0;0;0;0;0;0;0;0;0;5089;0;0;132;0;202;0;
23664;7539958;1234374656;28065792;1374060544;0;0;0;0;0;0;0;0;0;0;0;5330;0;0;132;0;202;0;
23665;8174367;1234374656;28065792;1374060544;0;0;0;0;0;0;0;0;0;0;0;3226;0;0;132;0;202;0;
23666;7110102;1234374656;28069888;1374064640;0;0;0;0;0;0;0;0;0;0;0;52429;0;0;132;0;202;0;
23667;6393989;1234374656;28069888;1374064640;0;0;0;0;0;0;0;0;0;0;0;3546;0;0;132;0;202;0;
23668;9592867;1229656064;21573632;1367568384;0;0;0;0;0;0;0;0;0;0;0;5310;0;0;132;0;202;0;
23669;8635021;1229656064;21573632;1367568384;0;0;0;0;0;0;0;0;0;0;0;4468;0;0;132;0;202;0;
23670;7228123;1229656064;21573632;1367568384;0;0;0;0;0;0;0;0;0;0;0;5019;0;0;132;0;202;0;
23671;10249378;1229656064;21573632;1367568384;0;0;0;0;0;0;0;0;0;0;0;4469;0;0;132;0;202;0;
23672;5958192;1229656064;21573632;1367568384;0;0;0;0;0;0;0;0;0;0;0;4689;0;0;132;0;202;0;
23673;9439950;1229656064;21573632;1367568384;0;0;0;0;0;0;0;0;0;0;0;3968;0;0;132;0;202;0;
23674;8123832;1229651968;21569536;1367564288;0;0;0;0;0;0;0;0;0;0;0;4468;0;0;132;0;202;0;
23675;9235447;1229651968;21569536;1367564288;0;0;0;0;0;0;0;0;0;0;0;4428;0;0;132;0;202;0;
23676;5581355;1229651968;21569536;1367564288;0;0;0;0;0;0;0;0;0;0;0;4689;0;0;132;0;202;0;
23677;8495770;1229651968;21569536;1367564288;0;0;0;0;0;0;0;0;0;0;0;3818;0;0;132;0;202;0;
23678;6176351;1229651968;21569536;1367564288;0;0;0;0;0;0;0;0;0;0;0;4909;0;0;132;0;202;0;
23679;9742277;1229651968;21569536;1367564288;0;0;0;0;0;0;0;0;0;0;0;3396;0;0;132;0;202;0;
23680;6398287;1229651968;21569536;1367564288;0;0;0;0;0;0;0;0;0;0;0;4959;0;0;132;0;202;0;
23681;7630668;1234374656;28065792;1374060544;0;0;0;0;0;0;0;0;0;0;0;3647;0;0;132;0;202;0;
23682;8500318;1234374656;28065792;1374060544;0;0;0;0;0;0;0;0;0;0;0;4910;0;0;132;0;202;0;
23683;10483628;1234374656;28065792;1374060544;0;0;0;0;0;0;0;0;0;0;0;4378;0;0;132;0;202;0;
23684;6266009;1234374656;28065792;1374060544;0;0;0;0;0;0;0;0;0;0;0;4609;0;0;132;0;202;0;
23685;8794851;1234374656;28065792;1374060544;0;0;0;0;0;0;0;0;0;0;0;4819;0;0;132;0;202;0;
23686;6660318;1234374656;28065792;1374060544;0;0;0;0;0;0;0;0;0;0;0;4077;0;0;132;0;202;0;
23687;6613230;1234374656;28065792;1374060544;0;0;0;0;0;0;0;0;0;0;0;4288;0;0;132;0;202;0;
23688;8437791;1234374656;28065792;1374060544;0;0;0;0;0;0;0;0;0;0;0;3857;0;0;132;0;202;0;
23689;8422583;1234374656;28065792;1374060544;0;0;0;0;0;0;0;0;0;0;0;3507;0;0;132;0;202;0;
23690;5435312;1229651968;21569536;1367564288;0;0;0;0;0;0;0;0;0;0;0;5250;0;0;132;0;202;0;
23691;11596093;1229651968;21569536;1367564288;0;0;0;0;0;0;0;0;0;0;0;21690;0;0;132;0;202;0;
23692;6669766;1229651968;21573632;1367568384;0;0;0;0;0;0;0;0;0;0;0;3677;0;0;132;0;202;0;
23693;10642144;1229651968;21573632;1367568384;0;0;0;0;0;0;0;0;0;0;0;4158;0;0;132;0;202;0;
23694;5993097;1229651968;21573632;1367568384;0;0;0;0;0;0;0;0;0;0;0;4499;0;0;132;0;202;0;
23695;6454432;1229651968;21573632;1367568384;0;0;0;0;0;0;0;0;0;0;0;3026;0;0;132;0;202;0;
23696;9562500;1229651968;21573632;1367568384;0;0;0;0;0;0;0;0;0;0;0;3457;0;0;132;0;202;0;
23697;7310418;1229651968;21573632;1367568384;0;0;0;0;0;0;0;0;0;0;0;3416;0;0;132;0;202;0;
23698;7000406;1229651968;21573632;1367568384;0;0;0;0;0;0;0;0;0;0;0;3607;0;0;132;0;202;0;
23699;6220594;1229651968;21573632;1367568384;0;0;0;0;0;0;0;0;0;0;0;3116;0;0;132;0;202;0;
23700;9297032;1229651968;21569536;1367564288;0;0;0;0;0;0;0;0;0;0;0;2815;0;0;132;0;202;0;
23701;8130385;1229651968;21569536;1367564288;0;0;0;0;0;0;0;0;0;0;0;5120;0;0;132;0;202;0;
23702;9798823;1229651968;21569536;1367564288;0;0;0;0;0;0;0;0;0;0;0;4068;0;0;132;0;202;0;
23703;10027652;1234644992;28065792;1374060544;0;0;0;0;0;0;0;0;0;0;0;4599;0;0;132;0;202;0;
23704;10471003;1234644992;28065792;1374060544;0;0;0;0;0;0;0;0;0;0;0;5380;0;0;132;0;202;0;
23705;10230994;1234644992;28065792;1374060544;0;0;0;0;0;0;0;0;0;0;0;6131;0;0;132;0;202;0;
23706;8997110;1234644992;28069888;1374064640;0;0;0;0;0;0;0;0;0;0;0;33032;0;0;132;0;202;0;
23707;10542097;1234644992;28069888;1374064640;0;0;0;0;0;0;0;0;0;0;0;28533;0;0;132;0;202;0;
23708;9310288;1234644992;28073984;1374068736;0;0;0;0;0;0;0;0;0;0;0;3998;0;0;132;0;202;0;
23709;9106155;1234644992;28073984;1374068736;0;0;0;0;0;0;0;0;0;0;0;4618;0;0;132;0;202;0;
23710;6456607;1234644992;28073984;1374068736;0;0;0;0;0;0;0;0;0;0;0;4519;0;0;132;0;202;0;
23711;7988429;1234644992;28073984;1374068736;0;0;0;0;0;0;0;0;0;0;0;4358;0;0;132;0;202;0;
23712;8806493;1229930496;21577728;1367572480;0;0;0;0;0;0;0;0;0;0;0;3657;0;0;132;0;202;0;
23713;8423083;1229930496;21577728;1367572480;0;0;0;0;0;0;0;0;0;0;0;5480;0;0;132;0;202;0;
23714;10628269;1229926400;21573632;1367568384;0;0;0;0;0;0;0;0;0;0;0;3957;0;0;132;0;202;0;
23715;8284384;1229926400;21573632;1367568384;0;0;0;0;0;0;0;0;0;0;0;4668;0;0;132;0;202;0;
23716;10269235;1229922304;21569536;1367564288;0;0;0;0;0;0;0;0;0;0;0;3647;0;0;132;0;202;0;
23717;9737739;1229922304;21569536;1367564288;0;0;0;0;0;0;0;0;0;0;0;3877;0;0;132;0;202;0;
23718;9651808;1229922304;21569536;1367564288;0;0;0;0;0;0;0;0;0;0;0;4338;0;0;132;0;202;0;
23719;10166563;1229922304;21569536;1367564288;0;0;0;0;0;0;0;0;0;0;0;3256;0;0;132;0;202;0;
23720;10692649;1229922304;21569536;1367564288;0;0;0;0;0;0;0;0;0;0;0;4308;0;0;132;0;202;0;
23721;7585453;1229922304;21569536;1367564288;0;0;0;0;0;0;0;0;0;0;0;4970;0;0;132;0;202;0;
23722;9240807;1229922304;21569536;1367564288;0;0;0;0;0;0;0;0;0;0;0;3527;0;0;132;0;202;0;
23723;6822011;1229922304;21569536;1367564288;0;0;0;0;0;0;0;0;0;0;0;3667;0;0;132;0;202;0;
23724;9708934;1229922304;21569536;1367564288;0;0;0;0;0;0;0;0;0;0;0;5089;0;0;132;0;202;0;
23725;8742132;1229922304;21569536;1367564288;0;0;0;0;0;0;0;0;0;0;0;4278;0;0;132;0;202;0;
23726;8143459;1229922304;21573632;1367568384;0;0;0;0;0;0;0;0;0;0;0;3988;0;0;132;0;202;0;
23727;11756955;1234644992;28069888;1374064640;0;0;0;0;0;0;0;0;0;0;0;4529;0;0;132;0;202;0;
23728;4976481;1234644992;28069888;1374064640;0;0;0;0;0;0;0;0;0;0;0;4759;0;0;132;0;202;0;
23729;12221035;1234644992;28069888;1374064640;0;0;0;0;0;0;0;0;0;0;0;5210;0;0;132;0;202;0;
23730;9541110;1234644992;28069888;1374064640;0;0;0;0;0;0;0;0;0;0;0;5751;0;0;132;0;202;0;
23731;8510147;1234644992;28069888;1374064640;0;0;0;0;0;0;0;0;0;0;0;4609;0;0;132;0;202;0;
23732;6869741;1234644992;28069888;1374064640;0;0;0;0;0;0;0;0;0;0;0;4409;0;0;132;0;202;0;
23733;10631815;1234644992;28069888;1374064640;0;0;0;0;0;0;0;0;0;0;0;3948;0;0;132;0;202;0;
23734;8515326;1234747392;28065792;1374060544;0;0;0;0;0;0;0;0;0;0;0;3867;0;0;132;0;202;0;
23735;7355341;1234747392;28065792;1374060544;0;0;0;0;0;0;0;0;0;0;0;4719;0;0;132;0;202;0;
23736;8718317;1229922304;21569536;1367564288;0;0;0;0;0;0;0;0;0;0;0;3657;0;0;132;0;202;0;
23737;9909170;1229922304;21569536;1367564288;0;0;0;0;0;0;0;0;0;0;0;3787;0;0;132;0;202;0;
23738;8785643;1229922304;21569536;1367564288;0;0;0;0;0;0;0;0;0;0;0;4579;0;0;132;0;202;0;
23739;10067587;1229922304;21569536;1367564288;0;0;0;0;0;0;0;0;0;0;0;3797;0;0;132;0;202;0;
23740;6084118;1229922304;21569536;1367564288;0;0;0;0;0;0;0;0;0;0;0;3887;0;0;132;0;202;0;
23741;10088327;1229922304;21569536;1367564288;0;0;0;0;0;0;0;0;0;0;0;3727;0;0;132;0;202;0;
23742;8613451;1229922304;21569536;1367564288;0;0;0;0;0;0;0;0;0;0;0;4769;0;0;132;0;202;0;
23743;8323266;1229922304;21569536;1367564288;0;0;0;0;0;0;0;0;0;0;0;3817;0;0;132;0;202;0;
23744;6085190;1229922304;21569536;1367564288;0;0;0;0;0;0;0;0;0;0;0;3397;0;0;132;0;202;0;
23745;7179602;1229922304;21569536;1367564288;0;0;0;0;0;0;0;0;0;0;0;5079;0;0;132;0;202;0;
23746;5467402;1229922304;21569536;1367564288;0;0;0;0;0;0;0;0;0;0;0;4669;0;0;132;0;202;0;
23747;9365080;1229922304;21569536;1367564288;0;0;0;0;0;0;0;0;0;0;0;5500;0;0;132;0;202;0;
23748;7472731;1229922304;21569536;1367564288;0;0;0;0;0;0;0;0;0;0;0;4408;0;0;132;0;202;0;
23749;9474134;1234644992;28065792;1374060544;0;0;0;0;0;0;0;0;0;0;0;3858;0;0;132;0;202;0;
23750;6267392;1234644992;28065792;1374060544;0;0;0;0;0;0;0;0;0;0;0;4118;0;0;132;0;202;0;
23751;10887805;1234644992;28065792;1374060544;0;0;0;0;0;0;0;0;0;0;0;4048;0;0;132;0;202;0;
23752;4616025;1234644992;28065792;1374060544;0;0;0;0;0;0;0;0;0;0;0;4238;0;0;132;0;202;0;
23753;9313263;1234644992;28065792;1374060544;0;0;0;0;0;0;0;0;0;0;0;4118;0;0;132;0;202;0;
23754;5574783;1234644992;28065792;1374060544;0;0;0;0;0;0;0;0;0;0;0;3837;0;0;132;0;202;0;
23755;8293361;1234644992;28065792;1374060544;0;0;0;0;0;0;0;0;0;0;0;3036;0;0;132;0;202;0;
23756;6375995;1234644992;28065792;1374060544;0;0;0;0;0;0;0;0;0;0;0;3907;0;0;132;0;202;0;
23757;7577609;1234644992;28065792;1374060544;0;0;0;0;0;0;0;0;0;0;0;4719;0;0;132;0;202;0;
23758;5467792;1229922304;21569536;1367564288;0;0;0;0;0;0;0;0;0;0;0;3837;0;0;132;0;202;0;
23759;9400607;1229922304;21569536;1367564288;0;0;0;0;0;0;0;0;0;0;0;4428;0;0;132;0;202;0;
23760;5984982;1229922304;21569536;1367564288;0;0;0;0;0;0;0;0;0;0;0;4548;0;0;132;0;202;0;
23761;9008070;1229922304;21569536;1367564288;0;0;0;0;0;0;0;0;0;0;0;4358;0;0;132;0;202;0;
23762;4471293;1229922304;21569536;1367564288;0;0;0;0;0;0;0;0;0;0;0;4389;0;0;132;0;202;0;
23763;9718603;1229922304;21569536;1367564288;0;0;0;0;0;0;0;0;0;0;0;4439;0;0;132;0;202;0;
23764;4817704;1229922304;21569536;1367564288;0;0;0;0;0;0;0;0;0;0;0;4168;0;0;132;0;202;0;
23765;13030513;1229922304;21569536;1367564288;0;0;0;0;0;0;0;0;0;0;0;4619;0;0;132;0;202;0;
23766;15637000;1229922304;21569536;1367564288;0;0;0;0;0;0;0;0;0;0;0;3837;0;0;132;0;202;0;
23767;8959650;1229922304;21569536;1367564288;0;0;0;0;0;0;0;0;0;0;0;3347;0;0;132;0;202;0;
23768;12850736;1229922304;21569536;1367564288;0;0;0;0;0;0;0;0;0;0;0;4579;0;0;132;0;202;0;
23769;10643587;1229922304;21569536;1367564288;0;0;0;0;0;0;0;0;0;0;0;3767;0;0;132;0;202;0;
23770;13128557;1229922304;21569536;1367564288;0;0;0;0;0;0;0;0;0;0;0;3797;0;0;132;0;202;0;
23771;10585909;1229922304;21569536;1367564288;0;0;0;0;0;0;0;0;0;0;0;4508;0;0;132;0;202;0;
23772;9565967;1229922304;21569536;1367564288;0;0;0;0;0;0;0;0;0;0;0;4237;0;0;132;0;202;0;
23773;11774387;1234644992;28065792;1374060544;0;0;0;0;0;0;0;0;0;0;0;4849;0;0;132;0;202;0;
23774;6768732;1234644992;28065792;1374060544;0;0;0;0;0;0;0;0;0;0;0;3146;0;0;132;0;202;0;
23775;10808967;1234644992;28065792;1374060544;0;0;0;0;0;0;0;0;0;0;0;4488;0;0;132;0;202;0;
23776;10165671;1234644992;28065792;1374060544;0;0;0;0;0;0;0;0;0;0;0;4628;0;0;132;0;202;0;
23777;8474901;1234644992;28065792;1374060544;0;0;0;0;0;0;0;0;0;0;0;4599;0;0;132;0;202;0;
23778;5767775;1234644992;28065792;1374060544;0;0;0;0;0;0;0;0;0;0;0;4248;0;0;132;0;202;0;
23779;10242565;1234644992;28065792;1374060544;0;0;0;0;0;0;0;0;0;0;0;3196;0;0;132;0;202;0;
23780;6641002;1234644992;28065792;1374060544;0;0;0;0;0;0;0;0;0;0;0;4278;0;0;132;0;202;0;
23781;9601424;1234644992;28065792;1374060544;0;0;0;0;0;0;0;0;0;0;0;5049;0;0;132;0;202;0;
23782;9368366;1229922304;21569536;1367564288;0;0;0;0;0;0;0;0;0;0;0;69850;0;0;132;0;202;0;
23783;10084579;1229922304;21569536;1367564288;0;0;0;0;0;0;0;0;0;0;0;3096;0;0;132;0;202;0;
23784;8757671;1229922304;21569536;1367564288;0;0;0;0;0;0;0;0;0;0;0;3657;0;0;132;0;202;0;
23785;9037455;1229922304;21569536;1367564288;0;0;0;0;0;0;0;0;0;0;0;4058;0;0;132;0;202;0;
23786;6513243;1229922304;21569536;1367564288;0;0;0;0;0;0;0;0;0;0;0;4338;0;0;132;0;202;0;
23787;10219432;1229922304;21569536;1367564288;0;0;0;0;0;0;0;0;0;0;0;3757;0;0;132;0;202;0;
23788;8357140;1229922304;21569536;1367564288;0;0;0;0;0;0;0;0;0;0;0;3417;0;0;132;0;202;0;
23789;10081935;1229922304;21569536;1367564288;0;0;0;0;0;0;0;0;0;0;0;4379;0;0;132;0;202;0;
23790;8921257;1229922304;21569536;1367564288;0;0;0;0;0;0;0;0;0;0;0;4598;0;0;132;0;202;0;
23791;9234025;1229922304;21569536;1367564288;0;0;0;0;0;0;0;0;0;0;0;4348;0;0;132;0;202;0;
23792;6537007;1229922304;21569536;1367564288;0;0;0;0;0;0;0;0;0;0;0;4058;0;0;132;0;202;0;
23793;9655445;1229922304;21569536;1367564288;0;0;0;0;0;0;0;0;0;0;0;4869;0;0;132;0;202;0;
23794;8407935;1229922304;21569536;1367564288;0;0;0;0;0;0;0;0;0;0;0;4428;0;0;132;0;202;0;
23795;10439525;1234644992;28065792;1374060544;0;0;0;0;0;0;0;0;0;0;0;4107;0;0;132;0;202;0;
23796;7872571;1234644992;28065792;1374060544;0;0;0;0;0;0;0;0;0;0;0;4569;0;0;132;0;202;0;
23797;9415164;1234644992;28065792;1374060544;0;0;0;0;0;0;0;0;0;0;0;4418;0;0;132;0;202;0;
23798;9787782;1234644992;28065792;1374060544;0;0;0;0;0;0;0;0;0;0;0;3386;0;0;132;0;202;0;
23799;10330129;1234644992;28065792;1374060544;0;0;0;0;0;0;0;0;0;0;0;4809;0;0;132;0;202;0;
23800;7657709;1234644992;28065792;1374060544;0;0;0;0;0;0;0;0;0;0;0;3988;0;0;132;0;202;0;
23801;11430974;1234644992;28065792;1374060544;0;0;0;0;0;0;0;0;0;0;0;3666;0;0;132;0;202;0;
23802;8190107;1234644992;28065792;1374060544;0;0;0;0;0;0;0;0;0;0;0;3717;0;0;132;0;202;0;
23803;10288171;1234644992;28065792;1374060544;0;0;0;0;0;0;0;0;0;0;0;4409;0;0;132;0;202;0;
23804;7273658;1229922304;21569536;1367564288;0;0;0;0;0;0;0;0;0;0;0;4058;0;0;132;0;202;0;
23805;9858245;1229922304;21569536;1367564288;0;0;0;0;0;0;0;0;0;0;0;4959;0;0;132;0;202;0;
23806;4669285;1229922304;21569536;1367564288;0;0;0;0;0;0;0;0;0;0;0;4859;0;0;132;0;202;0;
23807;10182643;1229922304;21569536;1367564288;0;0;0;0;0;0;0;0;0;0;0;3747;0;0;132;0;202;0;
23808;4875341;1229922304;21569536;1367564288;0;0;0;0;0;0;0;0;0;0;0;11712;0;0;132;0;202;0;
23809;11158694;1229922304;21569536;1367564288;0;0;0;0;0;0;0;0;0;0;0;3627;0;0;132;0;202;0;
23810;5260083;1229922304;21569536;1367564288;0;0;0;0;0;0;0;0;0;0;0;107201;0;0;132;0;202;0;
23811;8849814;1229922304;21569536;1367564288;0;0;0;0;0;0;0;0;0;0;0;4589;0;0;132;0;202;0;
23812;7497368;1229922304;21573632;1367568384;0;0;0;0;0;0;0;0;0;0;0;4348;0;0;132;0;202;0;
23813;9261956;1229922304;21573632;1367568384;0;0;0;0;0;0;0;0;0;0;0;4820;0;0;132;0;202;0;
23814;6447760;1229922304;21573632;1367568384;0;0;0;0;0;0;0;0;0;0;0;3567;0;0;132;0;202;0;
23815;8881723;1229922304;21573632;1367568384;0;0;0;0;0;0;0;0;0;0;0;5911;0;0;132;0;202;0;
23816;7878232;1229922304;21573632;1367568384;0;0;0;0;0;0;0;0;0;0;0;2896;0;0;132;0;202;0;
23817;9539096;1229922304;21573632;1367568384;0;0;0;0;0;0;0;0;0;0;0;4819;0;0;132;0;202;0;
23818;10263184;1229922304;21573632;1367568384;0;0;0;0;0;0;0;0;0;0;0;4529;0;0;132;0;202;0;
23819;9682555;1234644992;28069888;1374064640;0;0;0;0;0;0;0;0;0;0;0;3306;0;0;132;0;202;0;
23820;6992010;1234644992;28069888;1374064640;0;0;0;0;0;0;0;0;0;0;0;4548;0;0;132;0;202;0;
23821;10361158;1234644992;28069888;1374064640;0;0;0;0;0;0;0;0;0;0;0;4338;0;0;132;0;202;0;
23822;11762025;1234644992;28069888;1374064640;0;0;0;0;0;0;0;0;0;0;0;3437;0;0;132;0;202;0;
23823;11352847;1234644992;28069888;1374064640;0;0;0;0;0;0;0;0;0;0;0;3817;0;0;132;0;202;0;
23824;9707843;1234644992;28069888;1374064640;0;0;0;0;0;0;0;0;0;0;0;6322;0;0;132;0;202;0;
23825;12643317;1234644992;28069888;1374064640;0;0;0;0;0;0;0;0;0;0;0;4198;0;0;132;0;202;0;
23826;9415494;1234644992;28069888;1374064640;0;0;0;0;0;0;0;0;0;0;0;4348;0;0;132;0;202;0;
23827;7433037;1234644992;28069888;1374064640;0;0;0;0;0;0;0;0;0;0;0;4148;0;0;132;0;202;0;
23828;8133270;1229926400;21573632;1367568384;0;0;0;0;0;0;0;0;0;0;0;3557;0;0;132;0;202;0;
23829;10946645;1229926400;21573632;1367568384;0;0;0;0;0;0;0;0;0;0;0;3186;0;0;132;0;202;0;
23830;7255434;1229926400;21573632;1367568384;0;0;0;0;0;0;0;0;0;0;0;3747;0;0;132;0;202;0;
23831;10405331;1229926400;21573632;1367568384;0;0;0;0;0;0;0;0;0;0;0;4107;0;0;132;0;202;0;
23832;6822843;1229926400;21573632;1367568384;0;0;0;0;0;0;0;0;0;0;0;4218;0;0;132;0;202;0;
23833;8082155;1229926400;21573632;1367568384;0;0;0;0;0;0;0;0;0;0;0;5250;0;0;132;0;202;0;
23834;7606863;1229926400;21573632;1367568384;0;0;0;0;0;0;0;0;0;0;0;3126;0;0;132;0;202;0;
23835;7075527;1229926400;21573632;1367568384;0;0;0;0;0;0;0;0;0;0;0;3347;0;0;132;0;202;0;
23836;8456736;1229926400;21573632;1367568384;0;0;0;0;0;0;0;0;0;0;0;4478;0;0;132;0;202;0;
23837;6104105;1229926400;21573632;1367568384;0;0;0;0;0;0;0;0;0;0;0;4078;0;0;132;0;202;0;
23838;7056661;1229926400;21573632;1367568384;0;0;0;0;0;0;0;0;0;0;0;3647;0;0;132;0;202;0;
23839;11416857;1229926400;21573632;1367568384;0;0;0;0;0;0;0;0;0;0;0;4077;0;0;132;0;202;0;
23840;9940139;1229926400;21581824;1367576576;0;0;0;0;0;0;0;0;0;0;0;3497;0;0;132;0;202;0;
23841;14439325;1234649088;28078080;1374072832;0;0;0;0;0;0;0;0;0;0;0;4168;0;0;132;0;202;0;
23842;7967329;1234649088;28078080;1374072832;0;0;0;0;0;0;0;0;0;0;0;3616;0;0;132;0;202;0;
23843;12331001;1234649088;28078080;1374072832;0;0;0;0;0;0;0;0;0;0;0;4649;0;0;132;0;202;0;
23844;5859116;1234649088;28078080;1374072832;0;0;0;0;0;0;0;0;0;0;0;4318;0;0;132;0;202;0;
23845;11599639;1234649088;28078080;1374072832;0;0;0;0;0;0;0;0;0;0;0;5330;0;0;132;0;202;0;
23846;9044148;1234751488;28069888;1374064640;0;0;0;0;0;0;0;0;0;0;0;3216;0;0;132;0;202;0;
23847;11565596;1234751488;28069888;1374064640;0;0;0;0;0;0;0;0;0;0;0;4588;0;0;132;0;202;0;
23848;10564159;1234751488;28069888;1374064640;0;0;0;0;0;0;0;0;0;0;0;5320;0;0;132;0;202;0;
23849;9357266;1234751488;28069888;1374064640;0;0;0;0;0;0;0;0;0;0;0;5641;0;0;132;0;202;0;
23850;8473037;1229926400;21573632;1367568384;0;0;0;0;0;0;0;0;0;0;0;3256;0;0;132;0;202;0;
23851;8300033;1229926400;21573632;1367568384;0;0;0;0;0;0;0;0;0;0;0;4128;0;0;132;0;202;0;
23852;8637536;1229926400;21573632;1367568384;0;0;0;0;0;0;0;0;0;0;0;4568;0;0;132;0;202;0;
23853;6468720;1229926400;21573632;1367568384;0;0;0;0;0;0;0;0;0;0;0;3556;0;0;132;0;202;0;
23854;7543254;1229926400;21573632;1367568384;0;0;0;0;0;0;0;0;0;0;0;3927;0;0;132;0;202;0;
23855;8983224;1229926400;21573632;1367568384;0;0;0;0;0;0;0;0;0;0;0;4078;0;0;132;0;202;0;
23856;7866280;1229926400;21573632;1367568384;0;0;0;0;0;0;0;0;0;0;0;4218;0;0;132;0;202;0;
23857;7935029;1229926400;21573632;1367568384;0;0;0;0;0;0;0;0;0;0;0;3547;0;0;132;0;202;0;
23858;6829766;1229926400;21573632;1367568384;0;0;0;0;0;0;0;0;0;0;0;3958;0;0;132;0;202;0;
23859;8469972;1229926400;21573632;1367568384;0;0;0;0;0;0;0;0;0;0;0;4027;0;0;132;0;202;0;
23860;6516098;1229926400;21573632;1367568384;0;0;0;0;0;0;0;0;0;0;0;3847;0;0;132;0;202;0;
23861;7989089;1229926400;21573632;1367568384;0;0;0;0;0;0;0;0;0;0;0;4809;0;0;132;0;202;0;
23862;7333631;1229926400;21573632;1367568384;0;0;0;0;0;0;0;0;0;0;0;4137;0;0;132;0;202;0;
23863;12799660;1229926400;21573632;1367568384;0;0;0;0;0;0;0;0;0;0;0;3927;0;0;132;0;202;0;
23864;7204589;1229926400;21573632;1367568384;0;0;0;0;0;0;0;0;0;0;0;4148;0;0;132;0;202;0;
23865;10905689;1234649088;28069888;1374064640;0;0;0;0;0;0;0;0;0;0;0;3116;0;0;132;0;202;0;
23866;8451216;1234649088;28069888;1374064640;0;0;0;0;0;0;0;0;0;0;0;4468;0;0;132;0;202;0;
23867;8796855;1234649088;28069888;1374064640;0;0;0;0;0;0;0;0;0;0;0;3827;0;0;132;0;202;0;
23868;8330810;1234649088;28069888;1374064640;0;0;0;0;0;0;0;0;0;0;0;4669;0;0;132;0;202;0;
23869;9240306;1234649088;28069888;1374064640;0;0;0;0;0;0;0;0;0;0;0;4929;0;0;132;0;202;0;
23870;8217698;1234649088;28069888;1374064640;0;0;0;0;0;0;0;0;0;0;0;4248;0;0;132;0;202;0;
23871;9541281;1234649088;28069888;1374064640;0;0;0;0;0;0;0;0;0;0;0;3246;0;0;132;0;202;0;
23872;6813416;1234649088;28069888;1374064640;0;0;0;0;0;0;0;0;0;0;0;3486;0;0;132;0;202;0;
23873;10073839;1234649088;28069888;1374064640;0;0;0;0;0;0;0;0;0;0;0;3446;0;0;132;0;202;0;
23874;8134693;1229926400;21573632;1367568384;0;0;0;0;0;0;0;0;0;0;0;3246;0;0;132;0;202;0;
23875;10483477;1229926400;21573632;1367568384;0;0;0;0;0;0;0;0;0;0;0;3887;0;0;132;0;202;0;
23876;13271364;1229926400;21573632;1367568384;0;0;0;0;0;0;0;0;0;0;0;3798;0;0;132;0;202;0;
23877;10918743;1229926400;21573632;1367568384;0;0;0;0;0;0;0;0;0;0;0;3587;0;0;132;0;202;0;
23878;8386656;1229926400;21573632;1367568384;0;0;0;0;0;0;0;0;0;0;0;3697;0;0;132;0;202;0;
23879;9525200;1229926400;21573632;1367568384;0;0;0;0;0;0;0;0;0;0;0;4178;0;0;132;0;202;0;
23880;6637125;1229926400;21573632;1367568384;0;0;0;0;0;0;0;0;0;0;0;3567;0;0;132;0;202;0;
23881;9258701;1229926400;21573632;1367568384;0;0;0;0;0;0;0;0;0;0;0;4558;0;0;132;0;202;0;
23882;7603397;1229926400;21573632;1367568384;0;0;0;0;0;0;0;0;0;0;0;4668;0;0;132;0;202;0;
23883;10035197;1229926400;21573632;1367568384;0;0;0;0;0;0;0;0;0;0;0;4699;0;0;132;0;202;0;
23884;8025869;1229926400;21573632;1367568384;0;0;0;0;0;0;0;0;0;0;0;4649;0;0;132;0;202;0;
23885;12455935;1229926400;21573632;1367568384;0;0;0;0;0;0;0;0;0;0;0;5160;0;0;132;0;202;0;
23886;8460033;1229926400;21573632;1367568384;0;0;0;0;0;0;0;0;0;0;0;4889;0;0;132;0;202;0;
23887;9143445;1234649088;28069888;1374064640;0;0;0;0;0;0;0;0;0;0;0;4558;0;0;132;0;202;0;
23888;9371352;1234649088;28069888;1374064640;0;0;0;0;0;0;0;0;0;0;0;3697;0;0;132;0;202;0;
23889;10275156;1234649088;28069888;1374064640;0;0;0;0;0;0;0;0;0;0;0;4378;0;0;132;0;202;0;
23890;9563071;1234649088;28069888;1374064640;0;0;0;0;0;0;0;0;0;0;0;4609;0;0;132;0;202;0;
23891;8589927;1234649088;28069888;1374064640;0;0;0;0;0;0;0;0;0;0;0;3647;0;0;132;0;202;0;
23892;8248266;1234649088;28069888;1374064640;0;0;0;0;0;0;0;0;0;0;0;3737;0;0;132;0;202;0;
23893;10782037;1234649088;28069888;1374064640;0;0;0;0;0;0;0;0;0;0;0;5621;0;0;132;0;202;0;
23894;6655399;1234649088;28069888;1374064640;0;0;0;0;0;0;0;0;0;0;0;3767;0;0;132;0;202;0;
23895;10450916;1234649088;28069888;1374064640;0;0;0;0;0;0;0;0;0;0;0;3637;0;0;132;0;202;0;
23896;8697047;1229926400;21573632;1367568384;0;0;0;0;0;0;0;0;0;0;0;4708;0;0;132;0;202;0;
23897;8837471;1229926400;21573632;1367568384;0;0;0;0;0;0;0;0;0;0;0;3978;0;0;132;0;202;0;
23898;6579517;1229926400;21573632;1367568384;0;0;0;0;0;0;0;0;0;0;0;4218;0;0;132;0;202;0;
23899;8251391;1229926400;21573632;1367568384;0;0;0;0;0;0;0;0;0;0;0;6212;0;0;132;0;202;0;
23900;6898114;1229926400;21573632;1367568384;0;0;0;0;0;0;0;0;0;0;0;4589;0;0;132;0;202;0;
23901;11208146;1229926400;21573632;1367568384;0;0;0;0;0;0;0;0;0;0;0;6532;0;0;132;0;202;0;
23902;5718602;1229926400;21573632;1367568384;0;0;0;0;0;0;0;0;0;0;0;4228;0;0;132;0;202;0;
23903;8710873;1229926400;21573632;1367568384;0;0;0;0;0;0;0;0;0;0;0;3676;0;0;132;0;202;0;
23904;5741315;1229926400;21573632;1367568384;0;0;0;0;0;0;0;0;0;0;0;3697;0;0;132;0;202;0;
23905;9816406;1229926400;21573632;1367568384;0;0;0;0;0;0;0;0;0;0;0;3838;0;0;132;0;202;0;
23906;5063314;1229926400;21573632;1367568384;0;0;0;0;0;0;0;0;0;0;0;3387;0;0;132;0;202;0;
23907;7740484;1229926400;21573632;1367568384;0;0;0;0;0;0;0;0;0;0;0;3877;0;0;132;0;202;0;
23908;6127069;1229926400;21573632;1367568384;0;0;0;0;0;0;0;0;0;0;0;4148;0;0;132;0;202;0;
23909;7792551;1229926400;21573632;1367568384;0;0;0;0;0;0;0;0;0;0;0;3647;0;0;132;0;202;0;
23910;6708479;1229926400;21573632;1367568384;0;0;0;0;0;0;0;0;0;0;0;3677;0;0;132;0;202;0;
23911;8008336;1234649088;28069888;1374064640;0;0;0;0;0;0;0;0;0;0;0;4318;0;0;132;0;202;0;
23912;6641793;1234649088;28069888;1374064640;0;0;0;0;0;0;0;0;0;0;0;3667;0;0;132;0;202;0;
23913;6809999;1234649088;28069888;1374064640;0;0;0;0;0;0;0;0;0;0;0;4468;0;0;132;0;202;0;
23914;6305873;1234649088;28069888;1374064640;0;0;0;0;0;0;0;0;0;0;0;4879;0;0;132;0;202;0;
23915;8097132;1234649088;28069888;1374064640;0;0;0;0;0;0;0;0;0;0;0;3888;0;0;132;0;202;0;
23916;7879314;1234649088;28069888;1374064640;0;0;0;0;0;0;0;0;0;0;0;4388;0;0;132;0;202;0;
23917;7079955;1234649088;28069888;1374064640;0;0;0;0;0;0;0;0;0;0;0;4428;0;0;132;0;202;0;
23918;6705433;1234649088;28069888;1374064640;0;0;0;0;0;0;0;0;0;0;0;5180;0;0;132;0;202;0;
23919;8615484;1234649088;28069888;1374064640;0;0;0;0;0;0;0;0;0;0;0;4668;0;0;132;0;202;0;
23920;5672205;1229926400;21573632;1367568384;0;0;0;0;0;0;0;0;0;0;0;4889;0;0;132;0;202;0;
23921;9918257;1229926400;21573632;1367568384;0;0;0;0;0;0;0;0;0;0;0;6863;0;0;132;0;202;0;
23922;5750282;1229926400;21573632;1367568384;0;0;0;0;0;0;0;0;0;0;0;4779;0;0;132;0;202;0;
23923;8089528;1229926400;21573632;1367568384;0;0;0;0;0;0;0;0;0;0;0;5490;0;0;132;0;202;0;
23924;8789110;1229926400;21573632;1367568384;0;0;0;0;0;0;0;0;0;0;0;4548;0;0;132;0;202;0;
23925;7511695;1229926400;21573632;1367568384;0;0;0;0;0;0;0;0;0;0;0;5049;0;0;132;0;202;0;
23926;7183109;1229926400;21573632;1367568384;0;0;0;0;0;0;0;0;0;0;0;4378;0;0;132;0;202;0;
23927;9787051;1229926400;21573632;1367568384;0;0;0;0;0;0;0;0;0;0;0;3907;0;0;132;0;202;0;
23928;7828699;1229926400;21573632;1367568384;0;0;0;0;0;0;0;0;0;0;0;4399;0;0;132;0;202;0;
23929;11216652;1229926400;21573632;1367568384;0;0;0;0;0;0;0;0;0;0;0;4779;0;0;132;0;202;0;
23930;6396945;1229926400;21573632;1367568384;0;0;0;0;0;0;0;0;0;0;0;3407;0;0;132;0;202;0;
23931;13030183;1236217856;21573632;1384345600;0;0;0;0;0;0;0;0;0;0;0;4058;0;0;133;0;202;0;
23932;4686767;1236484096;21573632;1384345600;0;0;0;0;0;0;0;0;0;0;0;4679;0;0;133;0;202;0;
23933;10955111;1241190400;28094464;1390866432;0;0;0;0;0;0;0;0;0;0;0;4499;0;0;133;0;202;0;
23934;6155753;1241190400;28098560;1390870528;0;0;0;0;0;0;0;0;0;0;0;4869;0;0;133;0;202;0;
23935;11164464;1241190400;28098560;1390870528;0;0;0;0;0;0;0;0;0;0;0;4508;0;0;133;0;202;0;
23936;6142267;1241190400;28098560;1390870528;0;0;0;0;0;0;0;0;0;0;0;3737;0;0;133;0;202;0;
23937;9179462;1241190400;28098560;1390870528;0;0;0;0;0;0;0;0;0;0;0;4919;0;0;133;0;202;0;
23938;8486343;1241190400;28098560;1390870528;0;0;0;0;0;0;0;0;0;0;0;4508;0;0;133;0;202;0;
23939;8679264;1241190400;28098560;1390870528;0;0;0;0;0;0;0;0;0;0;0;4369;0;0;133;0;202;0;
23940;6805300;1241329664;28090368;1390862336;0;0;0;0;0;0;0;0;0;0;0;3797;0;0;133;0;202;0;
23941;9381040;1241329664;28090368;1390862336;0;0;0;0;0;0;0;0;0;0;0;4428;0;0;133;0;202;0;
23942;6920566;1241325568;28086272;1390858240;0;0;0;0;0;0;0;0;0;0;0;4899;0;0;133;0;202;0;
23943;9269120;1241325568;28086272;1390858240;0;0;0;0;0;0;0;0;0;0;0;4959;0;0;133;0;202;0;
23944;5503619;1241325568;28086272;1390858240;0;0;0;0;0;0;0;0;0;0;0;3256;0;0;133;0;202;0;
23945;10795141;1241325568;28086272;1390858240;0;0;0;0;0;0;0;0;0;0;0;4608;0;0;133;0;202;0;
23946;6760657;1236500480;21590016;1384361984;0;0;0;0;0;0;0;0;0;0;0;4067;0;0;133;0;202;0;
23947;9040962;1236500480;21590016;1384361984;0;0;0;0;0;0;0;0;0;0;0;4288;0;0;133;0;202;0;
23948;7209368;1236500480;21590016;1384361984;0;0;0;0;0;0;0;0;0;0;0;4037;0;0;133;0;202;0;
23949;9247059;1236500480;21590016;1384361984;0;0;0;0;0;0;0;0;0;0;0;4569;0;0;133;0;202;0;
23950;7762085;1236500480;21590016;1384361984;0;0;0;0;0;0;0;0;0;0;0;4058;0;0;133;0;202;0;
23951;7114510;1236500480;21590016;1384361984;0;0;0;0;0;0;0;0;0;0;0;3527;0;0;133;0;202;0;
23952;7448657;1236500480;21590016;1384361984;0;0;0;0;0;0;0;0;0;0;0;3938;0;0;133;0;202;0;
23953;8602480;1236500480;21590016;1384361984;0;0;0;0;0;0;0;0;0;0;0;4950;0;0;133;0;202;0;
23954;6947286;1236500480;21590016;1384361984;0;0;0;0;0;0;0;0;0;0;0;5029;0;0;133;0;202;0;
23955;12210595;1236500480;21590016;1384361984;0;0;0;0;0;0;0;0;0;0;0;5390;0;0;133;0;202;0;
23956;9553123;1236500480;21590016;1384361984;0;0;0;0;0;0;0;0;0;0;0;3496;0;0;133;0;202;0;
23957;10650280;1241223168;28086272;1390858240;0;0;0;0;0;0;0;0;0;0;0;3838;0;0;133;0;202;0;
23958;9315688;1241223168;28094464;1390866432;0;0;0;0;0;0;0;0;0;0;0;4498;0;0;133;0;202;0;
23959;8547517;1241223168;28094464;1390866432;0;0;0;0;0;0;0;0;0;0;0;4178;0;0;133;0;202;0;
23960;7465709;1241223168;28094464;1390866432;0;0;0;0;0;0;0;0;0;0;0;3687;0;0;133;0;202;0;
23961;9395106;1241223168;28094464;1390866432;0;0;0;0;0;0;0;0;0;0;0;3838;0;0;133;0;202;0;
23962;7059437;1241223168;28094464;1390866432;0;0;0;0;0;0;0;0;0;0;0;3507;0;0;133;0;202;0;
23963;8307036;1241223168;28094464;1390866432;0;0;0;0;0;0;0;0;0;0;0;3196;0;0;133;0;202;0;
23964;7188629;1241325568;28086272;1390858240;0;0;0;0;0;0;0;0;0;0;0;5310;0;0;133;0;202;0;
23965;6555612;1241325568;28086272;1390858240;0;0;0;0;0;0;0;0;0;0;0;4418;0;0;133;0;202;0;
23966;6866976;1236500480;21590016;1384361984;0;0;0;0;0;0;0;0;0;0;0;4398;0;0;133;0;202;0;
23967;8317816;1236500480;21590016;1384361984;0;0;0;0;0;0;0;0;0;0;0;4257;0;0;133;0;202;0;
23968;7073283;1236500480;21590016;1384361984;0;0;0;0;0;0;0;0;0;0;0;4719;0;0;133;0;202;0;
23969;9244324;1236500480;21590016;1384361984;0;0;0;0;0;0;0;0;0;0;0;3367;0;0;133;0;202;0;
23970;6147798;1236500480;21590016;1384361984;0;0;0;0;0;0;0;0;0;0;0;3997;0;0;133;0;202;0;
23971;8104486;1236500480;21590016;1384361984;0;0;0;0;0;0;0;0;0;0;0;5109;0;0;133;0;202;0;
23972;8854854;1236500480;21590016;1384361984;0;0;0;0;0;0;0;0;0;0;0;3968;0;0;133;0;202;0;
23973;9722470;1236500480;21590016;1384361984;0;0;0;0;0;0;0;0;0;0;0;6151;0;0;133;0;202;0;
23974;10659908;1236500480;21590016;1384361984;0;0;0;0;0;0;0;0;0;0;0;5661;0;0;133;0;202;0;
23975;11673559;1236500480;21590016;1384361984;0;0;0;0;0;0;0;0;0;0;0;4278;0;0;133;0;202;0;
23976;9523137;1236500480;21590016;1384361984;0;0;0;0;0;0;0;0;0;0;0;4258;0;0;133;0;202;0;
23977;9025944;1236500480;21590016;1384361984;0;0;0;0;0;0;0;0;0;0;0;5079;0;0;133;0;202;0;
23978;8726813;1236500480;21590016;1384361984;0;0;0;0;0;0;0;0;0;0;0;4889;0;0;133;0;202;0;
23979;7898410;1241223168;28086272;1390858240;0;0;0;0;0;0;0;0;0;0;0;4919;0;0;133;0;202;0;
23980;7765982;1241223168;28086272;1390858240;0;0;0;0;0;0;0;0;0;0;0;3246;0;0;133;0;202;0;
23981;10212900;1241223168;28086272;1390858240;0;0;0;0;0;0;0;0;0;0;0;3827;0;0;133;0;202;0;
23982;12375144;1241223168;28086272;1390858240;0;0;0;0;0;0;0;0;0;0;0;3617;0;0;133;0;202;0;
23983;7467311;1241223168;28086272;1390858240;0;0;0;0;0;0;0;0;0;0;0;4188;0;0;133;0;202;0;
23984;8696888;1241223168;28086272;1390858240;0;0;0;0;0;0;0;0;0;0;0;3487;0;0;133;0;202;0;
23985;6440687;1241223168;28086272;1390858240;0;0;0;0;0;0;0;0;0;0;0;4088;0;0;133;0;202;0;
23986;7908849;1241223168;28086272;1390858240;0;0;0;0;0;0;0;0;0;0;0;3817;0;0;133;0;202;0;
23987;10246032;1241223168;28086272;1390858240;0;0;0;0;0;0;0;0;0;0;0;4018;0;0;133;0;202;0;
23988;7145598;1236500480;21590016;1384361984;0;0;0;0;0;0;0;0;0;0;0;3777;0;0;133;0;202;0;
23989;8870583;1236500480;21590016;1384361984;0;0;0;0;0;0;0;0;0;0;0;4047;0;0;133;0;202;0;
23990;6528021;1236500480;21590016;1384361984;0;0;0;0;0;0;0;0;0;0;0;4088;0;0;133;0;202;0;
23991;9495455;1236500480;21590016;1384361984;0;0;0;0;0;0;0;0;0;0;0;3396;0;0;133;0;202;0;
23992;9881648;1236500480;21590016;1384361984;0;0;0;0;0;0;0;0;0;0;0;4137;0;0;133;0;202;0;
23993;9452264;1236500480;21590016;1384361984;0;0;0;0;0;0;0;0;0;0;0;3667;0;0;133;0;202;0;
23994;15355933;1236500480;21590016;1384361984;0;0;0;0;0;0;0;0;0;0;0;4338;0;0;133;0;202;0;
23995;11092399;1236500480;21590016;1384361984;0;0;0;0;0;0;0;0;0;0;0;4038;0;0;133;0;202;0;
23996;9424321;1236500480;21590016;1384361984;0;0;0;0;0;0;0;0;0;0;0;4809;0;0;133;0;202;0;
23997;11390067;1236500480;21590016;1384361984;0;0;0;0;0;0;0;0;0;0;0;4419;0;0;133;0;202;0;
23998;7342027;1236500480;21590016;1384361984;0;0;0;0;0;0;0;0;0;0;0;4469;0;0;133;0;202;0;
23999;8154049;1236500480;21590016;1384361984;0;0;0;0;0;0;0;0;0;0;0;5410;0;0;133;0;202;0;
24000;5564444;1236500480;21590016;1384361984;0;0;0;0;0;0;0;0;0;0;0;4228;0;0;133;0;202;0;
24001;9778616;1236500480;21590016;1384361984;0;0;0;0;0;0;0;0;0;0;0;4969;0;0;133;0;202;0;
24002;5141862;1236500480;21590016;1384361984;0;0;0;0;0;0;0;0;0;0;0;4308;0;0;133;0;202;0;
24003;8830417;1241223168;28086272;1390858240;0;0;0;0;0;0;0;0;0;0;0;4008;0;0;133;0;202;0;
24004;6070592;1241223168;28086272;1390858240;0;0;0;0;0;0;0;0;0;0;0;4789;0;0;133;0;202;0;
24005;7671294;1241223168;28086272;1390858240;0;0;0;0;0;0;0;0;0;0;0;4469;0;0;133;0;202;0;
24006;6471695;1241223168;28086272;1390858240;0;0;0;0;0;0;0;0;0;0;0;4378;0;0;133;0;202;0;
24007;8939101;1241223168;28086272;1390858240;0;0;0;0;0;0;0;0;0;0;0;4738;0;0;133;0;202;0;
24008;5406207;1241223168;28086272;1390858240;0;0;0;0;0;0;0;0;0;0;0;3817;0;0;133;0;202;0;
24009;8922330;1241223168;28086272;1390858240;0;0;0;0;0;0;0;0;0;0;0;4398;0;0;133;0;202;0;
24010;5430112;1241223168;28086272;1390858240;0;0;0;0;0;0;0;0;0;0;0;4057;0;0;133;0;202;0;
24011;9183108;1241223168;28086272;1390858240;0;0;0;0;0;0;0;0;0;0;0;4679;0;0;133;0;202;0;
24012;6761198;1236500480;21590016;1384361984;0;0;0;0;0;0;0;0;0;0;0;5019;0;0;133;0;202;0;
24013;9425634;1236500480;21590016;1384361984;0;0;0;0;0;0;0;0;0;0;0;4639;0;0;133;0;202;0;
24014;4533982;1236500480;21590016;1384361984;0;0;0;0;0;0;0;0;0;0;0;3987;0;0;133;0;202;0;
24015;10128832;1236500480;21590016;1384361984;0;0;0;0;0;0;0;0;0;0;0;3617;0;0;133;0;202;0;
24016;5457022;1236500480;21590016;1384361984;0;0;0;0;0;0;0;0;0;0;0;3317;0;0;133;0;202;0;
24017;7836103;1236500480;21590016;1384361984;0;0;0;0;0;0;0;0;0;0;0;5129;0;0;133;0;202;0;
24018;5595552;1236500480;21590016;1384361984;0;0;0;0;0;0;0;0;0;0;0;3226;0;0;133;0;202;0;
24019;6441107;1236500480;21590016;1384361984;0;0;0;0;0;0;0;0;0;0;0;3396;0;0;133;0;202;0;
24020;6960080;1236500480;21590016;1384361984;0;0;0;0;0;0;0;0;0;0;0;3606;0;0;133;0;202;0;
24021;7784256;1236500480;21590016;1384361984;0;0;0;0;0;0;0;0;0;0;0;3727;0;0;133;0;202;0;
24022;7193548;1236500480;21590016;1384361984;0;0;0;0;0;0;0;0;0;0;0;4970;0;0;133;0;202;0;
24023;9145789;1236500480;21590016;1384361984;0;0;0;0;0;0;0;0;0;0;0;4328;0;0;133;0;202;0;
24024;5564273;1236500480;21590016;1384361984;0;0;0;0;0;0;0;0;0;0;0;4228;0;0;133;0;202;0;
24025;11203718;1241223168;28086272;1390858240;0;0;0;0;0;0;0;0;0;0;0;5250;0;0;133;0;202;0;
24026;5969223;1241223168;28086272;1390858240;0;0;0;0;0;0;0;0;0;0;0;3858;0;0;133;0;202;0;
24027;9954085;1241223168;28086272;1390858240;0;0;0;0;0;0;0;0;0;0;0;4137;0;0;133;0;202;0;
24028;5514140;1241223168;28086272;1390858240;0;0;0;0;0;0;0;0;0;0;0;4047;0;0;133;0;202;0;
24029;10889538;1241223168;28086272;1390858240;0;0;0;0;0;0;0;0;0;0;0;4068;0;0;133;0;202;0;
24030;7695970;1241223168;28086272;1390858240;0;0;0;0;0;0;0;0;0;0;0;4469;0;0;133;0;202;0;
24031;9031855;1241223168;28086272;1390858240;0;0;0;0;0;0;0;0;0;0;0;4678;0;0;133;0;202;0;
24032;6218119;1241223168;28086272;1390858240;0;0;0;0;0;0;0;0;0;0;0;3537;0;0;133;0;202;0;
24033;8043963;1241223168;28086272;1390858240;0;0;0;0;0;0;0;0;0;0;0;5010;0;0;133;0;202;0;
24034;7077831;1236500480;21590016;1384361984;0;0;0;0;0;0;0;0;0;0;0;4819;0;0;133;0;202;0;
24035;8019206;1236500480;21590016;1384361984;0;0;0;0;0;0;0;0;0;0;0;4017;0;0;133;0;202;0;
24036;5945287;1236500480;21590016;1384361984;0;0;0;0;0;0;0;0;0;0;0;4107;0;0;133;0;202;0;
24037;7784286;1236500480;21590016;1384361984;0;0;0;0;0;0;0;0;0;0;0;3186;0;0;133;0;202;0;
24038;7612363;1236500480;21590016;1384361984;0;0;0;0;0;0;0;0;0;0;0;3566;0;0;133;0;202;0;
24039;6612810;1236500480;21590016;1384361984;0;0;0;0;0;0;0;0;0;0;0;3767;0;0;133;0;202;0;
24040;8400912;1236500480;21590016;1384361984;0;0;0;0;0;0;0;0;0;0;0;4168;0;0;133;0;202;0;
24041;5277185;1236500480;21590016;1384361984;0;0;0;0;0;0;0;0;0;0;0;3677;0;0;133;0;202;0;
24042;7625078;1236500480;21590016;1384361984;0;0;0;0;0;0;0;0;0;0;0;4068;0;0;133;0;202;0;
24043;7754580;1236500480;21590016;1384361984;0;0;0;0;0;0;0;0;0;0;0;4980;0;0;133;0;202;0;
24044;8344587;1236500480;21590016;1384361984;0;0;0;0;0;0;0;0;0;0;0;4789;0;0;133;0;202;0;
24045;9168061;1236500480;21590016;1384361984;0;0;0;0;0;0;0;0;0;0;0;3797;0;0;133;0;202;0;
24046;9710948;1236500480;21590016;1384361984;0;0;0;0;0;0;0;0;0;0;0;4469;0;0;133;0;202;0;
24047;6926487;1236500480;21590016;1384361984;0;0;0;0;0;0;0;0;0;0;0;3557;0;0;133;0;202;0;
24048;9981366;1236500480;21590016;1384361984;0;0;0;0;0;0;0;0;0;0;0;4208;0;0;133;0;202;0;
24049;9581025;1241223168;28086272;1390858240;0;0;0;0;0;0;0;0;0;0;0;3637;0;0;133;0;202;0;
24050;8749937;1241223168;28086272;1390858240;0;0;0;0;0;0;0;0;0;0;0;4298;0;0;133;0;202;0;
24051;7904110;1241223168;28086272;1390858240;0;0;0;0;0;0;0;0;0;0;0;3677;0;0;133;0;202;0;
24052;8883336;1241223168;28086272;1390858240;0;0;0;0;0;0;0;0;0;0;0;4378;0;0;133;0;202;0;
24053;8938621;1241223168;28086272;1390858240;0;0;0;0;0;0;0;0;0;0;0;4148;0;0;133;0;202;0;
24054;9642180;1241223168;28086272;1390858240;0;0;0;0;0;0;0;0;0;0;0;4419;0;0;133;0;202;0;
24055;9029351;1241223168;28086272;1390858240;0;0;0;0;0;0;0;0;0;0;0;4890;0;0;133;0;202;0;
24056;6215966;1241223168;28086272;1390858240;0;0;0;0;0;0;0;0;0;0;0;3467;0;0;133;0;202;0;
24057;9895364;1241223168;28086272;1390858240;0;0;0;0;0;0;0;0;0;0;0;4148;0;0;133;0;202;0;
24058;5631429;1236500480;21590016;1384361984;0;0;0;0;0;0;0;0;0;0;0;3487;0;0;133;0;202;0;
24059;11071109;1236500480;21590016;1384361984;0;0;0;0;0;0;0;0;0;0;0;5090;0;0;133;0;202;0;
24060;7112015;1236500480;21590016;1384361984;0;0;0;0;0;0;0;0;0;0;0;4338;0;0;133;0;202;0;
24061;5252879;1236500480;21590016;1384361984;0;0;0;0;0;0;0;0;0;0;0;3767;0;0;133;0;202;0;
24062;7234916;1236500480;21590016;1384361984;0;0;0;0;0;0;0;0;0;0;0;3386;0;0;133;0;202;0;
24063;9600251;1236500480;21590016;1384361984;0;0;0;0;0;0;0;0;0;0;0;4378;0;0;133;0;202;0;
24064;9084313;1236500480;21590016;1384361984;0;0;0;0;0;0;0;0;0;0;0;3927;0;0;133;0;202;0;
24065;8675587;1236500480;21590016;1384361984;0;0;0;0;0;0;0;0;0;0;0;4278;0;0;133;0;202;0;
24066;6700093;1236500480;21590016;1384361984;0;0;0;0;0;0;0;0;0;0;0;4699;0;0;133;0;202;0;
24067;11707161;1236500480;21590016;1384361984;0;0;0;0;0;0;0;0;0;0;0;5240;0;0;133;0;202;0;
24068;9840431;1236500480;21590016;1384361984;0;0;0;0;0;0;0;0;0;0;0;3576;0;0;133;0;202;0;
24069;9522595;1236500480;21590016;1384361984;0;0;0;0;0;0;0;0;0;0;0;3567;0;0;133;0;202;0;
24070;7107106;1236500480;21590016;1384361984;0;0;0;0;0;0;0;0;0;0;0;3256;0;0;133;0;202;0;
24071;10322695;1241223168;28086272;1390858240;0;0;0;0;0;0;0;0;0;0;0;3957;0;0;133;0;202;0;
24072;8345698;1241223168;28086272;1390858240;0;0;0;0;0;0;0;0;0;0;0;3947;0;0;133;0;202;0;
24073;7685441;1241223168;28086272;1390858240;0;0;0;0;0;0;0;0;0;0;0;4118;0;0;133;0;202;0;
24074;5771903;1241223168;28086272;1390858240;0;0;0;0;0;0;0;0;0;0;0;6011;0;0;133;0;202;0;
24075;10154911;1241223168;28086272;1390858240;0;0;0;0;0;0;0;0;0;0;0;4148;0;0;133;0;202;0;
24076;4725821;1241223168;28086272;1390858240;0;0;0;0;0;0;0;0;0;0;0;3406;0;0;133;0;202;0;
24077;9109480;1241223168;28086272;1390858240;0;0;0;0;0;0;0;0;0;0;0;4588;0;0;133;0;202;0;
24078;6391705;1241223168;28086272;1390858240;0;0;0;0;0;0;0;0;0;0;0;4739;0;0;133;0;202;0;
24079;9819702;1241223168;28086272;1390858240;0;0;0;0;0;0;0;0;0;0;0;4468;0;0;133;0;202;0;
24080;6879299;1236508672;21598208;1384370176;0;0;0;0;0;0;0;0;0;0;0;3276;0;0;133;0;202;0;
24081;7195201;1236508672;21598208;1384370176;0;0;0;0;0;0;0;0;0;0;0;3607;0;0;133;0;202;0;
24082;10957566;1236508672;21598208;1384370176;0;0;0;0;0;0;0;0;0;0;0;4989;0;0;133;0;202;0;
24083;10447189;1236508672;21598208;1384370176;0;0;0;0;0;0;0;0;0;0;0;4227;0;0;133;0;202;0;
24084;4326302;1236508672;21598208;1384370176;0;0;0;0;0;0;0;0;0;0;0;3627;0;0;133;0;202;0;
24085;10161593;1236508672;21598208;1384370176;0;0;0;0;0;0;0;0;0;0;0;4488;0;0;133;0;202;0;
24086;4656091;1236500480;21590016;1384361984;0;0;0;0;0;0;0;0;0;0;0;3436;0;0;133;0;202;0;
24087;8868419;1236500480;21590016;1384361984;0;0;0;0;0;0;0;0;0;0;0;4108;0;0;133;0;202;0;
24088;6091031;1236500480;21590016;1384361984;0;0;0;0;0;0;0;0;0;0;0;4388;0;0;133;0;202;0;
24089;10621636;1236500480;21590016;1384361984;0;0;0;0;0;0;0;0;0;0;0;4298;0;0;133;0;202;0;
24090;5197967;1236500480;21590016;1384361984;0;0;0;0;0;0;0;0;0;0;0;4388;0;0;133;0;202;0;
24091;8635993;1236500480;21590016;1384361984;0;0;0;0;0;0;0;0;0;0;0;3606;0;0;133;0;202;0;
24092;5859858;1236500480;21590016;1384361984;0;0;0;0;0;0;0;0;0;0;0;4288;0;0;133;0;202;0;
24093;7446703;1236500480;21590016;1384361984;0;0;0;0;0;0;0;0;0;0;0;4889;0;0;133;0;202;0;
24094;8421120;1236500480;21590016;1384361984;0;0;0;0;0;0;0;0;0;0;0;4769;0;0;133;0;202;0;
24095;8141837;1241223168;28086272;1390858240;0;0;0;0;0;0;0;0;0;0;0;2875;0;0;133;0;202;0;
24096;8899376;1241223168;28086272;1390858240;0;0;0;0;0;0;0;0;0;0;0;5380;0;0;133;0;202;0;
24097;8602780;1241223168;28086272;1390858240;0;0;0;0;0;0;0;0;0;0;0;40145;0;0;133;0;202;0;
24098;6113282;1241223168;28086272;1390858240;0;0;0;0;0;0;0;0;0;0;0;4158;0;0;133;0;202;0;
24099;9461972;1241223168;28086272;1390858240;0;0;0;0;0;0;0;0;0;0;0;3987;0;0;133;0;202;0;
24100;7749120;1241223168;28086272;1390858240;0;0;0;0;0;0;0;0;0;0;0;4178;0;0;133;0;202;0;
24101;10040577;1241223168;28086272;1390858240;0;0;0;0;0;0;0;0;0;0;0;3797;0;0;133;0;202;0;
24102;8272942;1241223168;28086272;1390858240;0;0;0;0;0;0;0;0;0;0;0;4238;0;0;133;0;202;0;
24103;10156384;1241223168;28086272;1390858240;0;0;0;0;0;0;0;0;0;0;0;3917;0;0;133;0;202;0;
24104;8572083;1236500480;21590016;1384361984;0;0;0;0;0;0;0;0;0;0;0;3667;0;0;133;0;202;0;
24105;9168942;1236500480;21590016;1384361984;0;0;0;0;0;0;0;0;0;0;0;3256;0;0;133;0;202;0;
24106;8800372;1236500480;21590016;1384361984;0;0;0;0;0;0;0;0;0;0;0;4819;0;0;133;0;202;0;
24107;9126242;1236500480;21590016;1384361984;0;0;0;0;0;0;0;0;0;0;0;4017;0;0;133;0;202;0;
24108;8186250;1236500480;21590016;1384361984;0;0;0;0;0;0;0;0;0;0;0;4308;0;0;133;0;202;0;
24109;8563166;1236500480;21590016;1384361984;0;0;0;0;0;0;0;0;0;0;0;4579;0;0;133;0;202;0;
24110;7778996;1236500480;21590016;1384361984;0;0;0;0;0;0;0;0;0;0;0;4228;0;0;133;0;202;0;
24111;7550598;1236500480;21590016;1384361984;0;0;0;0;0;0;0;0;0;0;0;4369;0;0;133;0;202;0;
24112;8392797;1236500480;21590016;1384361984;0;0;0;0;0;0;0;0;0;0;0;4899;0;0;133;0;202;0;
24113;6717987;1236500480;21590016;1384361984;0;0;0;0;0;0;0;0;0;0;0;4108;0;0;133;0;202;0;
24114;5918257;1236500480;21590016;1384361984;0;0;0;0;0;0;0;0;0;0;0;3687;0;0;133;0;202;0;
24115;9127484;1236500480;21590016;1384361984;0;0;0;0;0;0;0;0;0;0;0;4569;0;0;133;0;202;0;
24116;10605275;1236500480;21590016;1384361984;0;0;0;0;0;0;0;0;0;0;0;3957;0;0;133;0;202;0;
24117;11457103;1241223168;28086272;1390858240;0;0;0;0;0;0;0;0;0;0;0;4098;0;0;133;0;202;0;
24118;9958142;1241223168;28086272;1390858240;0;0;0;0;0;0;0;0;0;0;0;4047;0;0;133;0;202;0;
24119;7638082;1241223168;28086272;1390858240;0;0;0;0;0;0;0;0;0;0;0;4679;0;0;133;0;202;0;
24120;10387507;1241223168;28086272;1390858240;0;0;0;0;0;0;0;0;0;0;0;4268;0;0;133;0;202;0;
24121;8219843;1241223168;28086272;1390858240;0;0;0;0;0;0;0;0;0;0;0;4108;0;0;133;0;202;0;
24122;6516990;1241223168;28086272;1390858240;0;0;0;0;0;0;0;0;0;0;0;3687;0;0;133;0;202;0;
24123;9699337;1241223168;28086272;1390858240;0;0;0;0;0;0;0;0;0;0;0;3818;0;0;133;0;202;0;
24124;7151850;1241223168;28086272;1390858240;0;0;0;0;0;0;0;0;0;0;0;3828;0;0;133;0;202;0;
24125;11581806;1241223168;28086272;1390858240;0;0;0;0;0;0;0;0;0;0;0;4378;0;0;133;0;202;0;
24126;7306269;1236500480;21590016;1384361984;0;0;0;0;0;0;0;0;0;0;0;4007;0;0;133;0;202;0;
24127;9574142;1236500480;21590016;1384361984;0;0;0;0;0;0;0;0;0;0;0;3596;0;0;133;0;202;0;
24128;6391233;1236500480;21590016;1384361984;0;0;0;0;0;0;0;0;0;0;0;4048;0;0;133;0;202;0;
24129;10871474;1236500480;21590016;1384361984;0;0;0;0;0;0;0;0;0;0;0;4097;0;0;133;0;202;0;
24130;8852439;1236500480;21590016;1384361984;0;0;0;0;0;0;0;0;0;0;0;3637;0;0;133;0;202;0;
24131;10143390;1236500480;21590016;1384361984;0;0;0;0;0;0;0;0;0;0;0;5370;0;0;133;0;202;0;
24132;7878121;1236500480;21590016;1384361984;0;0;0;0;0;0;0;0;0;0;0;4318;0;0;133;0;202;0;
24133;9334853;1236500480;21590016;1384361984;0;0;0;0;0;0;0;0;0;0;0;3487;0;0;133;0;202;0;
24134;7408652;1236500480;21590016;1384361984;0;0;0;0;0;0;0;0;0;0;0;4709;0;0;133;0;202;0;
24135;13288426;1236500480;21590016;1384361984;0;0;0;0;0;0;0;0;0;0;0;4759;0;0;133;0;202;0;
24136;7173631;1236500480;21590016;1384361984;0;0;0;0;0;0;0;0;0;0;0;4578;0;0;133;0;202;0;
24137;11188059;1236500480;21590016;1384361984;0;0;0;0;0;0;0;0;0;0;0;4018;0;0;133;0;202;0;
24138;5850560;1236500480;21590016;1384361984;0;0;0;0;0;0;0;0;0;0;0;4539;0;0;133;0;202;0;
24139;10536406;1241223168;28086272;1390858240;0;0;0;0;0;0;0;0;0;0;0;4268;0;0;133;0;202;0;
24140;14490871;1241223168;28086272;1390858240;0;0;0;0;0;0;0;0;0;0;0;4298;0;0;133;0;202;0;
24141;7577869;1241223168;28086272;1390858240;0;0;0;0;0;0;0;0;0;0;0;3597;0;0;133;0;202;0;
24142;9114109;1241223168;28086272;1390858240;0;0;0;0;0;0;0;0;0;0;0;4910;0;0;133;0;202;0;
24143;8486212;1241223168;28086272;1390858240;0;0;0;0;0;0;0;0;0;0;0;4469;0;0;133;0;202;0;
24144;10776165;1241223168;28086272;1390858240;0;0;0;0;0;0;0;0;0;0;0;3928;0;0;133;0;202;0;
24145;10759525;1241223168;28086272;1390858240;0;0;0;0;0;0;0;0;0;0;0;3356;0;0;133;0;202;0;
24146;7000737;1241223168;28086272;1390858240;0;0;0;0;0;0;0;0;0;0;0;4739;0;0;133;0;202;0;
24147;10315772;1241223168;28086272;1390858240;0;0;0;0;0;0;0;0;0;0;0;5450;0;0;133;0;202;0;
24148;6643096;1236500480;21590016;1384361984;0;0;0;0;0;0;0;0;0;0;0;9397;0;0;133;0;202;0;
24149;10388630;1236500480;21590016;1384361984;0;0;0;0;0;0;0;0;0;0;0;75020;0;0;133;0;202;0;
24150;7266716;1236500480;21594112;1384366080;0;0;0;0;0;0;0;0;0;0;0;4809;0;0;133;0;202;0;
24151;8146495;1236500480;21594112;1384366080;0;0;0;0;0;0;0;0;0;0;0;4969;0;0;133;0;202;0;
24152;7247800;1236500480;21594112;1384366080;0;0;0;0;0;0;0;0;0;0;0;4649;0;0;133;0;202;0;
24153;8526578;1236500480;21594112;1384366080;0;0;0;0;0;0;0;0;0;0;0;4068;0;0;133;0;202;0;
24154;7559715;1236500480;21594112;1384366080;0;0;0;0;0;0;0;0;0;0;0;4068;0;0;133;0;202;0;
24155;9346696;1236500480;21594112;1384366080;0;0;0;0;0;0;0;0;0;0;0;4048;0;0;133;0;202;0;
24156;5396449;1236500480;21590016;1384361984;0;0;0;0;0;0;0;0;0;0;0;4408;0;0;133;0;202;0;
24157;12016602;1236500480;21590016;1384361984;0;0;0;0;0;0;0;0;0;0;0;4699;0;0;133;0;202;0;
24158;4401964;1236496384;21585920;1384357888;0;0;0;0;0;0;0;0;0;0;0;3977;0;0;133;0;202;0;
24159;8493135;1236496384;21585920;1384357888;0;0;0;0;0;0;0;0;0;0;0;12844;0;0;133;0;202;0;
24160;4539733;1236496384;21585920;1384357888;0;0;0;0;0;0;0;0;0;0;0;3607;0;0;133;0;202;0;
24161;9790699;1236496384;21585920;1384357888;0;0;0;0;0;0;0;0;0;0;0;3216;0;0;133;0;202;0;
24162;6414578;1236496384;21585920;1384357888;0;0;0;0;0;0;0;0;0;0;0;4359;0;0;133;0;202;0;
24163;11293586;1241219072;28082176;1390854144;0;0;0;0;0;0;0;0;0;0;0;4638;0;0;133;0;202;0;
24164;4756549;1241219072;28082176;1390854144;0;0;0;0;0;0;0;0;0;0;0;4057;0;0;133;0;202;0;
24165;10675156;1241219072;28082176;1390854144;0;0;0;0;0;0;0;0;0;0;0;4348;0;0;133;0;202;0;
24166;5826725;1241219072;28082176;1390854144;0;0;0;0;0;0;0;0;0;0;0;3947;0;0;133;0;202;0;
24167;13298966;1241219072;28082176;1390854144;0;0;0;0;0;0;0;0;0;0;0;5170;0;0;133;0;202;0;
24168;8040155;1241219072;28082176;1390854144;0;0;0;0;0;0;0;0;0;0;0;4679;0;0;133;0;202;0;
24169;8304331;1241219072;28082176;1390854144;0;0;0;0;0;0;0;0;0;0;0;5530;0;0;133;0;202;0;
24170;9953553;1241219072;28082176;1390854144;0;0;0;0;0;0;0;0;0;0;0;3757;0;0;133;0;202;0;
24171;14419618;1241219072;28082176;1390854144;0;0;0;0;0;0;0;0;0;0;0;5240;0;0;133;0;202;0;
24172;7319163;1236496384;21585920;1384357888;0;0;0;0;0;0;0;0;0;0;0;3918;0;0;133;0;202;0;
24173;7706530;1236496384;21585920;1384357888;0;0;0;0;0;0;0;0;0;0;0;3768;0;0;133;0;202;0;
24174;7707182;1236496384;21585920;1384357888;0;0;0;0;0;0;0;0;0;0;0;3967;0;0;133;0;202;0;
24175;8376636;1236496384;21585920;1384357888;0;0;0;0;0;0;0;0;0;0;0;3767;0;0;133;0;202;0;
24176;10093125;1236496384;21585920;1384357888;0;0;0;0;0;0;0;0;0;0;0;4398;0;0;133;0;202;0;
24177;9784266;1236496384;21585920;1384357888;0;0;0;0;0;0;0;0;0;0;0;3827;0;0;133;0;202;0;
24178;13070879;1236496384;21585920;1384357888;0;0;0;0;0;0;0;0;0;0;0;4007;0;0;133;0;202;0;
24179;11193168;1236496384;21585920;1384357888;0;0;0;0;0;0;0;0;0;0;0;3456;0;0;133;0;202;0;
24180;8222688;1236496384;21585920;1384357888;0;0;0;0;0;0;0;0;0;0;0;4288;0;0;133;0;202;0;
24181;11588669;1236496384;21585920;1384357888;0;0;0;0;0;0;0;0;0;0;0;4138;0;0;133;0;202;0;
24182;8986700;1236496384;21585920;1384357888;0;0;0;0;0;0;0;0;0;0;0;4638;0;0;133;0;202;0;
24183;12393799;1236496384;21585920;1384357888;0;0;0;0;0;0;0;0;0;0;0;5921;0;0;133;0;202;0;
24184;7140739;1236496384;21585920;1384357888;0;0;0;0;0;0;0;0;0;0;0;4088;0;0;133;0;202;0;
24185;12149902;1241219072;28082176;1390854144;0;0;0;0;0;0;0;0;0;0;0;4970;0;0;133;0;202;0;
24186;10203702;1241219072;28082176;1390854144;0;0;0;0;0;0;0;0;0;0;0;4969;0;0;133;0;202;0;
24187;8846027;1241219072;28082176;1390854144;0;0;0;0;0;0;0;0;0;0;0;5761;0;0;133;0;202;0;
24188;11384166;1241219072;28082176;1390854144;0;0;0;0;0;0;0;0;0;0;0;5019;0;0;133;0;202;0;
24189;11798613;1241219072;28082176;1390854144;0;0;0;0;0;0;0;0;0;0;0;4439;0;0;133;0;202;0;
24190;7124559;1241219072;28082176;1390854144;0;0;0;0;0;0;0;0;0;0;0;3757;0;0;133;0;202;0;
24191;8432331;1241219072;28082176;1390854144;0;0;0;0;0;0;0;0;0;0;0;3948;0;0;133;0;202;0;
24192;7912336;1241219072;28082176;1390854144;0;0;0;0;0;0;0;0;0;0;0;4268;0;0;133;0;202;0;
24193;9215590;1241219072;28082176;1390854144;0;0;0;0;0;0;0;0;0;0;0;5019;0;0;133;0;202;0;
24194;4790292;1236504576;21594112;1384366080;0;0;0;0;0;0;0;0;0;0;0;4618;0;0;133;0;202;0;
24195;7331276;1236504576;21594112;1384366080;0;0;0;0;0;0;0;0;0;0;0;3807;0;0;133;0;202;0;
24196;7562751;1236504576;21594112;1384366080;0;0;0;0;0;0;0;0;0;0;0;3566;0;0;133;0;202;0;
24197;10057148;1236504576;21594112;1384366080;0;0;0;0;0;0;0;0;0;0;0;4168;0;0;133;0;202;0;
24198;8799209;1236504576;21594112;1384366080;0;0;0;0;0;0;0;0;0;0;0;3296;0;0;133;0;202;0;
24199;11681874;1236504576;21594112;1384366080;0;0;0;0;0;0;0;0;0;0;0;3867;0;0;133;0;202;0;
24200;5732018;1236496384;21585920;1384357888;0;0;0;0;0;0;0;0;0;0;0;3236;0;0;133;0;202;0;
24201;9845050;1236496384;21585920;1384357888;0;0;0;0;0;0;0;0;0;0;0;3677;0;0;133;0;202;0;
24202;4999354;1236496384;21585920;1384357888;0;0;0;0;0;0;0;0;0;0;0;3998;0;0;133;0;202;0;
24203;8991911;1236496384;21585920;1384357888;0;0;0;0;0;0;0;0;0;0;0;4489;0;0;133;0;202;0;
24204;7068194;1236496384;21585920;1384357888;0;0;0;0;0;0;0;0;0;0;0;3777;0;0;133;0;202;0;
24205;8888587;1236496384;21585920;1384357888;0;0;0;0;0;0;0;0;0;0;0;4298;0;0;133;0;202;0;
24206;4735870;1236496384;21585920;1384357888;0;0;0;0;0;0;0;0;0;0;0;4939;0;0;133;0;202;0;
24207;7892278;1236496384;21585920;1384357888;0;0;0;0;0;0;0;0;0;0;0;2816;0;0;133;0;202;0;
24208;7762505;1236496384;21585920;1384357888;0;0;0;0;0;0;0;0;0;0;0;3997;0;0;133;0;202;0;
24209;9659973;1241219072;28082176;1390854144;0;0;0;0;0;0;0;0;0;0;0;5621;0;0;133;0;202;0;
24210;5049668;1241219072;28082176;1390854144;0;0;0;0;0;0;0;0;0;0;0;30176;0;0;133;0;202;0;
24211;10815600;1241219072;28082176;1390854144;0;0;0;0;0;0;0;0;0;0;0;4980;0;0;133;0;202;0;
24212;7818119;1241219072;28082176;1390854144;0;0;0;0;0;0;0;0;0;0;0;4278;0;0;133;0;202;0;
24213;11727730;1241219072;28082176;1390854144;0;0;0;0;0;0;0;0;0;0;0;4158;0;0;133;0;202;0;
24214;5286482;1241219072;28082176;1390854144;0;0;0;0;0;0;0;0;0;0;0;3497;0;0;133;0;202;0;
24215;9543003;1241219072;28082176;1390854144;0;0;0;0;0;0;0;0;0;0;0;5550;0;0;133;0;202;0;
24216;8381756;1241219072;28082176;1390854144;0;0;0;0;0;0;0;0;0;0;0;3827;0;0;133;0;202;0;
24217;9254292;1241219072;28082176;1390854144;0;0;0;0;0;0;0;0;0;0;0;5420;0;0;133;0;202;0;
24218;9951950;1236496384;21585920;1384357888;0;0;0;0;0;0;0;0;0;0;0;4899;0;0;133;0;202;0;
24219;11535660;1236496384;21585920;1384357888;0;0;0;0;0;0;0;0;0;0;0;3697;0;0;133;0;202;0;
24220;9707572;1236496384;21585920;1384357888;0;0;0;0;0;0;0;0;0;0;0;4258;0;0;133;0;202;0;
24221;7119289;1236496384;21585920;1384357888;0;0;0;0;0;0;0;0;0;0;0;4398;0;0;133;0;202;0;
24222;9903329;1236496384;21585920;1384357888;0;0;0;0;0;0;0;0;0;0;0;3757;0;0;133;0;202;0;
24223;8448561;1236496384;21585920;1384357888;0;0;0;0;0;0;0;0;0;0;0;3878;0;0;133;0;202;0;
24224;10112582;1236496384;21585920;1384357888;0;0;0;0;0;0;0;0;0;0;0;4869;0;0;133;0;202;0;
24225;11829962;1236496384;21585920;1384357888;0;0;0;0;0;0;0;0;0;0;0;4147;0;0;133;0;202;0;
24226;5763467;1236496384;21585920;1384357888;0;0;0;0;0;0;0;0;0;0;0;4208;0;0;133;0;202;0;
24227;8308749;1236496384;21585920;1384357888;0;0;0;0;0;0;0;0;0;0;0;4167;0;0;133;0;202;0;
24228;5646067;1236496384;21585920;1384357888;0;0;0;0;0;0;0;0;0;0;0;5029;0;0;133;0;202;0;
24229;10490580;1236496384;21585920;1384357888;0;0;0;0;0;0;0;0;0;0;0;4157;0;0;133;0;202;0;
24230;8577603;1236496384;21585920;1384357888;0;0;0;0;0;0;0;0;0;0;0;4298;0;0;133;0;202;0;
24231;12865844;1241219072;28082176;1390854144;0;0;0;0;0;0;0;0;0;0;0;4840;0;0;133;0;202;0;
24232;6185619;1241219072;28082176;1390854144;0;0;0;0;0;0;0;0;0;0;0;5110;0;0;133;0;202;0;
24233;10007304;1241219072;28082176;1390854144;0;0;0;0;0;0;0;0;0;0;0;3977;0;0;133;0;202;0;
24234;4866625;1241219072;28082176;1390854144;0;0;0;0;0;0;0;0;0;0;0;3927;0;0;133;0;202;0;
24235;9321047;1241219072;28082176;1390854144;0;0;0;0;0;0;0;0;0;0;0;5200;0;0;133;0;202;0;
24236;6539813;1241219072;28082176;1390854144;0;0;0;0;0;0;0;0;0;0;0;3687;0;0;133;0;202;0;
24237;7016477;1241219072;28082176;1390854144;0;0;0;0;0;0;0;0;0;0;0;3497;0;0;133;0;202;0;
24238;9620309;1241219072;28082176;1390854144;0;0;0;0;0;0;0;0;0;0;0;4869;0;0;133;0;202;0;
24239;8593173;1241219072;28082176;1390854144;0;0;0;0;0;0;0;0;0;0;0;4418;0;0;133;0;202;0;
24240;6568336;1236496384;21585920;1384357888;0;0;0;0;0;0;0;0;0;0;0;3617;0;0;133;0;202;0;
24241;8712847;1236496384;21585920;1384357888;0;0;0;0;0;0;0;0;0;0;0;5200;0;0;133;0;202;0;
24242;5741536;1236496384;21585920;1384357888;0;0;0;0;0;0;0;0;0;0;0;15970;0;0;133;0;202;0;
24243;7077521;1236496384;21585920;1384357888;0;0;0;0;0;0;0;0;0;0;0;3246;0;0;133;0;202;0;
24244;7580825;1236496384;21585920;1384357888;0;0;0;0;0;0;0;0;0;0;0;4007;0;0;133;0;202;0;
24245;6840196;1236496384;21585920;1384357888;0;0;0;0;0;0;0;0;0;0;0;3507;0;0;133;0;202;0;
24246;8387176;1236496384;21585920;1384357888;0;0;0;0;0;0;0;0;0;0;0;3337;0;0;133;0;202;0;
24247;6541666;1236496384;21585920;1384357888;0;0;0;0;0;0;0;0;0;0;0;2905;0;0;133;0;202;0;
24248;7451702;1236496384;21585920;1384357888;0;0;0;0;0;0;0;0;0;0;0;4248;0;0;133;0;202;0;
24249;5043346;1236496384;21585920;1384357888;0;0;0;0;0;0;0;0;0;0;0;3286;0;0;133;0;202;0;
24250;8264637;1236496384;21585920;1384357888;0;0;0;0;0;0;0;0;0;0;0;3537;0;0;133;0;202;0;
24251;8556233;1236496384;21585920;1384357888;0;0;0;0;0;0;0;0;0;0;0;3947;0;0;133;0;202;0;
24252;8266640;1236496384;21585920;1384357888;0;0;0;0;0;0;0;0;0;0;0;5310;0;0;133;0;202;0;
24253;5976997;1236496384;21585920;1384357888;0;0;0;0;0;0;0;0;0;0;0;3536;0;0;133;0;202;0;
24254;8519885;1236496384;21585920;1384357888;0;0;0;0;0;0;0;0;0;0;0;4007;0;0;133;0;202;0;
24255;11548294;1241219072;28082176;1390854144;0;0;0;0;0;0;0;0;0;0;0;4969;0;0;133;0;202;0;
24256;4376045;1241219072;28090368;1390862336;0;0;0;0;0;0;0;0;0;0;0;4108;0;0;133;0;202;0;
24257;7924278;1241219072;28090368;1390862336;0;0;0;0;0;0;0;0;0;0;0;4648;0;0;133;0;202;0;
24258;5479975;1241219072;28090368;1390862336;0;0;0;0;0;0;0;0;0;0;0;4128;0;0;133;0;202;0;
24259;6073929;1241219072;28090368;1390862336;0;0;0;0;0;0;0;0;0;0;0;3176;0;0;133;0;202;0;
24260;9374458;1241219072;28090368;1390862336;0;0;0;0;0;0;0;0;0;0;0;5129;0;0;133;0;202;0;
24261;7606392;1241219072;28090368;1390862336;0;0;0;0;0;0;0;0;0;0;0;5120;0;0;133;0;202;0;
24262;4694161;1241321472;28082176;1390854144;0;0;0;0;0;0;0;0;0;0;0;3516;0;0;133;0;202;0;
24263;7469175;1241321472;28082176;1390854144;0;0;0;0;0;0;0;0;0;0;0;4999;0;0;133;0;202;0;
24264;4974537;1236496384;21585920;1384357888;0;0;0;0;0;0;0;0;0;0;0;4659;0;0;133;0;202;0;
24265;7210961;1236496384;21585920;1384357888;0;0;0;0;0;0;0;0;0;0;0;3596;0;0;133;0;202;0;
24266;7155507;1236496384;21585920;1384357888;0;0;0;0;0;0;0;0;0;0;0;4568;0;0;133;0;202;0;
24267;6759314;1236496384;21585920;1384357888;0;0;0;0;0;0;0;0;0;0;0;3437;0;0;133;0;202;0;
24268;4702517;1236496384;21585920;1384357888;0;0;0;0;0;0;0;0;0;0;0;3477;0;0;133;0;202;0;
24269;9183559;1236496384;21585920;1384357888;0;0;0;0;0;0;0;0;0;0;0;3847;0;0;133;0;202;0;
24270;5396920;1236496384;21585920;1384357888;0;0;0;0;0;0;0;0;0;0;0;6813;0;0;133;0;202;0;
24271;6371527;1236496384;21585920;1384357888;0;0;0;0;0;0;0;0;0;0;0;4829;0;0;133;0;202;0;
24272;6321834;1236496384;21585920;1384357888;0;0;0;0;0;0;0;0;0;0;0;4438;0;0;133;0;202;0;
24273;7224306;1236496384;21585920;1384357888;0;0;0;0;0;0;0;0;0;0;0;5270;0;0;133;0;202;0;
24274;6363131;1236496384;21585920;1384357888;0;0;0;0;0;0;0;0;0;0;0;3246;0;0;133;0;202;0;
24275;6934643;1236496384;21585920;1384357888;0;0;0;0;0;0;0;0;0;0;0;4188;0;0;133;0;202;0;
24276;7279609;1236496384;21585920;1384357888;0;0;0;0;0;0;0;0;0;0;0;4198;0;0;133;0;202;0;
24277;9037806;1241219072;28082176;1390854144;0;0;0;0;0;0;0;0;0;0;0;4178;0;0;133;0;202;0;
24278;6367299;1241219072;28082176;1390854144;0;0;0;0;0;0;0;0;0;0;0;3988;0;0;133;0;202;0;
24279;9335835;1241219072;28082176;1390854144;0;0;0;0;0;0;0;0;0;0;0;3637;0;0;133;0;202;0;
24280;5966047;1241219072;28082176;1390854144;0;0;0;0;0;0;0;0;0;0;0;4348;0;0;133;0;202;0;
24281;8680416;1241219072;28082176;1390854144;0;0;0;0;0;0;0;0;0;0;0;4940;0;0;133;0;202;0;
24282;5766622;1241219072;28082176;1390854144;0;0;0;0;0;0;0;0;0;0;0;4168;0;0;133;0;202;0;
24283;9412760;1241219072;28082176;1390854144;0;0;0;0;0;0;0;0;0;0;0;3176;0;0;133;0;202;0;
24284;4994696;1241219072;28082176;1390854144;0;0;0;0;0;0;0;0;0;0;0;4298;0;0;133;0;202;0;
24285;8607289;1241219072;28082176;1390854144;0;0;0;0;0;0;0;0;0;0;0;4769;0;0;133;0;202;0;
24286;6141365;1236496384;21585920;1384357888;0;0;0;0;0;0;0;0;0;0;0;5761;0;0;133;0;202;0;
24287;8334167;1236496384;21585920;1384357888;0;0;0;0;0;0;0;0;0;0;0;3286;0;0;133;0;202;0;
24288;7118017;1236496384;21585920;1384357888;0;0;0;0;0;0;0;0;0;0;0;4960;0;0;133;0;202;0;
24289;7005105;1236496384;21585920;1384357888;0;0;0;0;0;0;0;0;0;0;0;3296;0;0;133;0;202;0;
24290;4623810;1236496384;21585920;1384357888;0;0;0;0;0;0;0;0;0;0;0;4338;0;0;133;0;202;0;
24291;8453952;1236496384;21585920;1384357888;0;0;0;0;0;0;0;0;0;0;0;4679;0;0;133;0;202;0;
24292;5056892;1236496384;21585920;1384357888;0;0;0;0;0;0;0;0;0;0;0;3567;0;0;133;0;202;0;
24293;9851633;1236496384;21585920;1384357888;0;0;0;0;0;0;0;0;0;0;0;4419;0;0;133;0;202;0;
24294;6773030;1236496384;21585920;1384357888;0;0;0;0;0;0;0;0;0;0;0;8346;0;0;133;0;202;0;
24295;9775440;1236496384;21585920;1384357888;0;0;0;0;0;0;0;0;0;0;0;3867;0;0;133;0;202;0;
24296;5685411;1236496384;21585920;1384357888;0;0;0;0;0;0;0;0;0;0;0;5140;0;0;133;0;202;0;
24297;9227903;1236496384;21585920;1384357888;0;0;0;0;0;0;0;0;0;0;0;3596;0;0;133;0;202;0;
24298;6259748;1236496384;21585920;1384357888;0;0;0;0;0;0;0;0;0;0;0;4017;0;0;133;0;202;0;
24299;8836739;1236496384;21585920;1384357888;0;0;0;0;0;0;0;0;0;0;0;3967;0;0;133;0;202;0;
24300;7716859;1236496384;21585920;1384357888;0;0;0;0;0;0;0;0;0;0;0;4529;0;0;133;0;202;0;
24301;11139888;1241219072;28082176;1390854144;0;0;0;0;0;0;0;0;0;0;0;3646;0;0;133;0;202;0;
24302;5867652;1241219072;28082176;1390854144;0;0;0;0;0;0;0;0;0;0;0;5500;0;0;133;0;202;0;
24303;10884358;1241219072;28082176;1390854144;0;0;0;0;0;0;0;0;0;0;0;6021;0;0;133;0;202;0;
24304;6052499;1241219072;28082176;1390854144;0;0;0;0;0;0;0;0;0;0;0;4719;0;0;133;0;202;0;
24305;10249839;1241219072;28082176;1390854144;0;0;0;0;0;0;0;0;0;0;0;3166;0;0;133;0;202;0;
24306;6918372;1241219072;28082176;1390854144;0;0;0;0;0;0;0;0;0;0;0;3407;0;0;133;0;202;0;
24307;8570971;1241219072;28082176;1390854144;0;0;0;0;0;0;0;0;0;0;0;4188;0;0;133;0;202;0;
24308;9251237;1241219072;28082176;1390854144;0;0;0;0;0;0;0;0;0;0;0;3847;0;0;133;0;202;0;
24309;7633493;1241219072;28082176;1390854144;0;0;0;0;0;0;0;0;0;0;0;4158;0;0;133;0;202;0;
24310;8640081;1236496384;21585920;1384357888;0;0;0;0;0;0;0;0;0;0;0;4439;0;0;133;0;202;0;
24311;9997516;1236496384;21585920;1384357888;0;0;0;0;0;0;0;0;0;0;0;5049;0;0;133;0;202;0;
24312;8157847;1236496384;21585920;1384357888;0;0;0;0;0;0;0;0;0;0;0;3647;0;0;133;0;202;0;
24313;9920401;1236496384;21585920;1384357888;0;0;0;0;0;0;0;0;0;0;0;4849;0;0;133;0;202;0;
24314;8484178;1236496384;21585920;1384357888;0;0;0;0;0;0;0;0;0;0;0;5891;0;0;133;0;202;0;
24315;7372403;1236496384;21585920;1384357888;0;0;0;0;0;0;0;0;0;0;0;3657;0;0;133;0;202;0;
24316;6568746;1236496384;21585920;1384357888;0;0;0;0;0;0;0;0;0;0;0;4339;0;0;133;0;202;0;
24317;8504767;1236496384;21585920;1384357888;0;0;0;0;0;0;0;0;0;0;0;4298;0;0;133;0;202;0;
24318;5810866;1236496384;21585920;1384357888;0;0;0;0;0;0;0;0;0;0;0;4148;0;0;133;0;202;0;
24319;8593624;1236496384;21585920;1384357888;0;0;0;0;0;0;0;0;0;0;0;4288;0;0;133;0;202;0;
24320;5876198;1236496384;21585920;1384357888;0;0;0;0;0;0;0;0;0;0;0;4839;0;0;133;0;202;0;
24321;10481243;1236496384;21585920;1384357888;0;0;0;0;0;0;0;0;0;0;0;4439;0;0;133;0;202;0;
24322;6956825;1236496384;21585920;1384357888;0;0;0;0;0;0;0;0;0;0;0;3667;0;0;133;0;202;0;
24323;9083542;1241219072;28082176;1390854144;0;0;0;0;0;0;0;0;0;0;0;3637;0;0;133;0;202;0;
24324;6075652;1241219072;28082176;1390854144;0;0;0;0;0;0;0;0;0;0;0;3336;0;0;133;0;202;0;
24325;10159609;1241219072;28082176;1390854144;0;0;0;0;0;0;0;0;0;0;0;4048;0;0;133;0;202;0;
24326;9594420;1241219072;28082176;1390854144;0;0;0;0;0;0;0;0;0;0;0;4658;0;0;133;0;202;0;
24327;8125575;1241219072;28082176;1390854144;0;0;0;0;0;0;0;0;0;0;0;3808;0;0;133;0;202;0;
24328;10120076;1241219072;28082176;1390854144;0;0;0;0;0;0;0;0;0;0;0;5250;0;0;133;0;202;0;
24329;8891492;1241219072;28082176;1390854144;0;0;0;0;0;0;0;0;0;0;0;4167;0;0;133;0;202;0;
24330;7801117;1241219072;28082176;1390854144;0;0;0;0;0;0;0;0;0;0;0;4769;0;0;133;0;202;0;
24331;10272021;1241219072;28082176;1390854144;0;0;0;0;0;0;0;0;0;0;0;3657;0;0;133;0;202;0;
24332;6579637;1236496384;21585920;1384357888;0;0;0;0;0;0;0;0;0;0;0;4429;0;0;133;0;202;0;
24333;10561934;1236496384;21585920;1384357888;0;0;0;0;0;0;0;0;0;0;0;5771;0;0;133;0;202;0;
24334;7445000;1236496384;21585920;1384357888;0;0;0;0;0;0;0;0;0;0;0;4017;0;0;133;0;202;0;
24335;11449589;1236496384;21585920;1384357888;0;0;0;0;0;0;0;0;0;0;0;4699;0;0;133;0;202;0;
24336;9021095;1236496384;21585920;1384357888;0;0;0;0;0;0;0;0;0;0;0;3347;0;0;133;0;202;0;
24337;7513979;1236496384;21585920;1384357888;0;0;0;0;0;0;0;0;0;0;0;2755;0;0;133;0;202;0;
24338;13745934;1236496384;21585920;1384357888;0;0;0;0;0;0;0;0;0;0;0;4639;0;0;133;0;202;0;
24339;15027217;1236496384;21585920;1384357888;0;0;0;0;0;0;0;0;0;0;0;7153;0;0;133;0;202;0;
24340;10700905;1236496384;21585920;1384357888;0;0;0;0;0;0;0;0;0;0;0;4649;0;0;133;0;202;0;
24341;9039850;1236496384;21585920;1384357888;0;0;0;0;0;0;0;0;0;0;0;4098;0;0;133;0;202;0;
24342;8591740;1236496384;21585920;1384357888;0;0;0;0;0;0;0;0;0;0;0;3978;0;0;133;0;202;0;
24343;13401799;1236496384;21585920;1384357888;0;0;0;0;0;0;0;0;0;0;0;5510;0;0;133;0;202;0;
24344;11297414;1236496384;21585920;1384357888;0;0;0;0;0;0;0;0;0;0;0;5460;0;0;133;0;202;0;
24345;11576727;1236496384;21585920;1384357888;0;0;0;0;0;0;0;0;0;0;0;4258;0;0;133;0;202;0;
24346;9129178;1236496384;21585920;1384357888;0;0;0;0;0;0;0;0;0;0;0;4509;0;0;133;0;202;0;
24347;11377504;1241219072;28082176;1390854144;0;0;0;0;0;0;0;0;0;0;0;4459;0;0;133;0;202;0;
24348;11970395;1241219072;28082176;1390854144;0;0;0;0;0;0;0;0;0;0;0;2905;0;0;133;0;202;0;
24349;8730691;1241219072;28082176;1390854144;0;0;0;0;0;0;0;0;0;0;0;3506;0;0;133;0;202;0;
24350;11210210;1241219072;28082176;1390854144;0;0;0;0;0;0;0;0;0;0;0;5450;0;0;133;0;202;0;
24351;17391931;1241219072;28082176;1390854144;0;0;0;0;0;0;0;0;0;0;0;4930;0;0;133;0;202;0;
24352;8345318;1241219072;28082176;1390854144;0;0;0;0;0;0;0;0;0;0;0;4098;0;0;133;0;202;0;
24353;10936537;1241219072;28082176;1390854144;0;0;0;0;0;0;0;0;0;0;0;4408;0;0;133;0;202;0;
24354;8169128;1241219072;28082176;1390854144;0;0;0;0;0;0;0;0;0;0;0;4719;0;0;133;0;202;0;
24355;9508288;1241219072;28082176;1390854144;0;0;0;0;0;0;0;0;0;0;0;4418;0;0;133;0;202;0;
24356;7618044;1236496384;21585920;1384357888;0;0;0;0;0;0;0;0;0;0;0;3356;0;0;133;0;202;0;
24357;8986360;1236496384;21585920;1384357888;0;0;0;0;0;0;0;0;0;0;0;4468;0;0;133;0;202;0;
24358;6014438;1236496384;21585920;1384357888;0;0;0;0;0;0;0;0;0;0;0;3787;0;0;133;0;202;0;
24359;8358032;1236496384;21585920;1384357888;0;0;0;0;0;0;0;0;0;0;0;5440;0;0;133;0;202;0;
24360;5225918;1236496384;21585920;1384357888;0;0;0;0;0;0;0;0;0;0;0;4217;0;0;133;0;202;0;
24361;8922711;1236496384;21585920;1384357888;0;0;0;0;0;0;0;0;0;0;0;3877;0;0;133;0;202;0;
24362;5974021;1236496384;21585920;1384357888;0;0;0;0;0;0;0;0;0;0;0;4608;0;0;133;0;202;0;
24363;10883406;1236496384;21585920;1384357888;0;0;0;0;0;0;0;0;0;0;0;4558;0;0;133;0;202;0;
24364;4906119;1236496384;21585920;1384357888;0;0;0;0;0;0;0;0;0;0;0;3877;0;0;133;0;202;0;
24365;11184131;1236496384;21585920;1384357888;0;0;0;0;0;0;0;0;0;0;0;4368;0;0;133;0;202;0;
24366;4730099;1236496384;21585920;1384357888;0;0;0;0;0;0;0;0;0;0;0;3156;0;0;133;0;202;0;
24367;9960226;1236496384;21585920;1384357888;0;0;0;0;0;0;0;0;0;0;0;4769;0;0;133;0;202;0;
24368;6898385;1236496384;21585920;1384357888;0;0;0;0;0;0;0;0;0;0;0;5009;0;0;133;0;202;0;
24369;9181325;1241219072;28082176;1390854144;0;0;0;0;0;0;0;0;0;0;0;4148;0;0;133;0;202;0;
24370;10279735;1241219072;28082176;1390854144;0;0;0;0;0;0;0;0;0;0;0;4579;0;0;133;0;202;0;
24371;11316669;1241219072;28082176;1390854144;0;0;0;0;0;0;0;0;0;0;0;4378;0;0;133;0;202;0;
24372;12366067;1241219072;28082176;1390854144;0;0;0;0;0;0;0;0;0;0;0;3827;0;0;133;0;202;0;
24373;10405511;1241219072;28082176;1390854144;0;0;0;0;0;0;0;0;0;0;0;2815;0;0;133;0;202;0;
24374;7768026;1241219072;28082176;1390854144;0;0;0;0;0;0;0;0;0;0;0;3987;0;0;133;0;202;0;
24375;9058045;1241219072;28082176;1390854144;0;0;0;0;0;0;0;0;0;0;0;4218;0;0;133;0;202;0;
24376;16911260;1241219072;28102656;1390874624;0;0;0;0;0;0;0;0;0;0;0;5170;0;0;133;0;202;0;
24377;17786971;1241219072;28131328;1390903296;0;0;0;0;0;0;0;0;0;0;0;6592;0;0;133;0;202;0;
24378;6728056;1241219072;28135424;1390907392;0;0;0;0;0;0;0;0;0;0;0;3256;0;0;133;0;202;0;
24379;7030623;1241219072;28135424;1390907392;0;0;0;0;0;0;0;0;0;0;0;3547;0;0;133;0;202;0;
24380;6710883;1241219072;28135424;1390907392;0;0;0;0;0;0;0;0;0;0;0;3857;0;0;133;0;202;0;
24381;11687825;1241219072;28135424;1390907392;0;0;0;0;0;0;0;0;0;0;0;3787;0;0;133;0;202;0;
24382;8668153;1241219072;28135424;1390907392;0;0;0;0;0;0;0;0;0;0;0;5360;0;0;133;0;202;0;
24383;9212474;1241219072;28135424;1390907392;0;0;0;0;0;0;0;0;0;0;0;4849;0;0;133;0;202;0;
24384;9537474;1241317376;28106752;1390878720;0;0;0;0;0;0;0;0;0;0;0;5710;0;0;133;0;202;0;
24385;10054553;1241317376;28106752;1390878720;0;0;0;0;0;0;0;0;0;0;0;3436;0;0;133;0;202;0;
24386;13245035;1236471808;21590016;1384361984;0;0;0;0;0;0;0;0;0;0;0;3887;0;0;133;0;202;0;
24387;8765646;1236471808;21590016;1384361984;0;0;0;0;0;0;0;0;0;0;0;2816;0;0;133;0;202;0;
24388;7825043;1236471808;21590016;1384361984;0;0;0;0;0;0;0;0;0;0;0;3997;0;0;133;0;202;0;
24389;8835958;1236471808;21590016;1384361984;0;0;0;0;0;0;0;0;0;0;0;3777;0;0;133;0;202;0;
24390;5949045;1236471808;21590016;1384361984;0;0;0;0;0;0;0;0;0;0;0;3947;0;0;133;0;202;0;
24391;9844670;1236471808;21590016;1384361984;0;0;0;0;0;0;0;0;0;0;0;4448;0;0;133;0;202;0;
24392;8110418;1236471808;21590016;1384361984;0;0;0;0;0;0;0;0;0;0;0;3937;0;0;133;0;202;0;
24393;11002229;1241194496;28086272;1390858240;0;0;0;0;0;0;0;0;0;0;0;3947;0;0;133;0;202;0;
24394;8059592;1241194496;28086272;1390858240;0;0;0;0;0;0;0;0;0;0;0;3967;0;0;133;0;202;0;
24395;11864186;1241194496;28086272;1390858240;0;0;0;0;0;0;0;0;0;0;0;5310;0;0;133;0;202;0;
24396;6396373;1241194496;28086272;1390858240;0;0;0;0;0;0;0;0;0;0;0;3236;0;0;133;0;202;0;
24397;11779357;1241194496;28086272;1390858240;0;0;0;0;0;0;0;0;0;0;0;4008;0;0;133;0;202;0;
24398;7687044;1241194496;28086272;1390858240;0;0;0;0;0;0;0;0;0;0;0;3636;0;0;133;0;202;0;
24399;9109341;1241194496;28086272;1390858240;0;0;0;0;0;0;0;0;0;0;0;3566;0;0;133;0;202;0;
24400;8022543;1241194496;28086272;1390858240;0;0;0;0;0;0;0;0;0;0;0;4489;0;0;133;0;202;0;
24401;10640982;1241194496;28086272;1390858240;0;0;0;0;0;0;0;0;0;0;0;4378;0;0;133;0;202;0;
24402;6674936;1236471808;21590016;1384361984;0;0;0;0;0;0;0;0;0;0;0;3377;0;0;133;0;202;0;
24403;9709395;1236471808;21590016;1384361984;0;0;0;0;0;0;0;0;0;0;0;911168;0;0;133;0;202;0;
24404;8627006;1236471808;21594112;1384366080;0;0;0;0;0;0;0;0;0;0;0;5330;0;0;133;0;202;0;
24405;12754565;1236471808;21594112;1384366080;0;0;0;0;0;0;0;0;0;0;0;4398;0;0;133;0;202;0;
24406;8907773;1236471808;21594112;1384366080;0;0;0;0;0;0;0;0;0;0;0;4618;0;0;133;0;202;0;
24407;10051837;1236471808;21594112;1384366080;0;0;0;0;0;0;0;0;0;0;0;4980;0;0;133;0;202;0;
24408;6116679;1236471808;21594112;1384366080;0;0;0;0;0;0;0;0;0;0;0;4439;0;0;133;0;202;0;
24409;12390232;1236471808;21594112;1384366080;0;0;0;0;0;0;0;0;0;0;0;4258;0;0;133;0;202;0;
24410;7409363;1236471808;21594112;1384366080;0;0;0;0;0;0;0;0;0;0;0;5781;0;0;133;0;202;0;
24411;11497399;1236471808;21594112;1384366080;0;0;0;0;0;0;0;0;0;0;0;4679;0;0;133;0;202;0;
24412;5305207;1236471808;21590016;1384361984;0;0;0;0;0;0;0;0;0;0;0;4869;0;0;133;0;202;0;
24413;10118153;1236471808;21590016;1384361984;0;0;0;0;0;0;0;0;0;0;0;4489;0;0;133;0;202;0;
24414;7479064;1236471808;21590016;1384361984;0;0;0;0;0;0;0;0;0;0;0;4358;0;0;133;0;202;0;
24415;8697288;1241194496;28086272;1390858240;0;0;0;0;0;0;0;0;0;0;0;4218;0;0;133;0;202;0;
24416;8079369;1241194496;28086272;1390858240;0;0;0;0;0;0;0;0;0;0;0;5510;0;0;133;0;202;0;
24417;10282159;1241194496;28086272;1390858240;0;0;0;0;0;0;0;0;0;0;0;3296;0;0;133;0;202;0;
24418;11290350;1241194496;28086272;1390858240;0;0;0;0;0;0;0;0;0;0;0;4118;0;0;133;0;202;0;
24419;11243713;1241194496;28086272;1390858240;0;0;0;0;0;0;0;0;0;0;0;3817;0;0;133;0;202;0;
24420;11168862;1241194496;28086272;1390858240;0;0;0;0;0;0;0;0;0;0;0;4448;0;0;133;0;202;0;
24421;11721489;1241194496;28086272;1390858240;0;0;0;0;0;0;0;0;0;0;0;5179;0;0;133;0;202;0;
24422;9489914;1241194496;28086272;1390858240;0;0;0;0;0;0;0;0;0;0;0;4007;0;0;133;0;202;0;
24423;7154916;1241194496;28086272;1390858240;0;0;0;0;0;0;0;0;0;0;0;3587;0;0;133;0;202;0;
24424;10219753;1236471808;21590016;1384361984;0;0;0;0;0;0;0;0;0;0;0;3807;0;0;133;0;202;0;
24425;10006974;1236471808;21590016;1384361984;0;0;0;0;0;0;0;0;0;0;0;3818;0;0;133;0;202;0;
24426;7755262;1236471808;21590016;1384361984;0;0;0;0;0;0;0;0;0;0;0;3937;0;0;133;0;202;0;
24427;9714485;1236471808;21590016;1384361984;0;0;0;0;0;0;0;0;0;0;0;3918;0;0;133;0;202;0;
24428;9162610;1236471808;21590016;1384361984;0;0;0;0;0;0;0;0;0;0;0;4769;0;0;133;0;202;0;
24429;9735735;1236471808;21590016;1384361984;0;0;0;0;0;0;0;0;0;0;0;4499;0;0;133;0;202;0;
24430;7825312;1236471808;21590016;1384361984;0;0;0;0;0;0;0;0;0;0;0;4609;0;0;133;0;202;0;
24431;7885656;1236471808;21590016;1384361984;0;0;0;0;0;0;0;0;0;0;0;3466;0;0;133;0;202;0;
24432;10931457;1236471808;21590016;1384361984;0;0;0;0;0;0;0;0;0;0;0;4007;0;0;133;0;202;0;
24433;12022803;1236471808;21590016;1384361984;0;0;0;0;0;0;0;0;0;0;0;3677;0;0;133;0;202;0;
24434;10901651;1236471808;21590016;1384361984;0;0;0;0;0;0;0;0;0;0;0;4939;0;0;133;0;202;0;
24435;11041163;1236471808;21590016;1384361984;0;0;0;0;0;0;0;0;0;0;0;4168;0;0;133;0;202;0;
24436;8105458;1236471808;21590016;1384361984;0;0;0;0;0;0;0;0;0;0;0;4959;0;0;133;0;202;0;
24437;8089869;1236471808;21590016;1384361984;0;0;0;0;0;0;0;0;0;0;0;3437;0;0;133;0;202;0;
24438;10553689;1236471808;21590016;1384361984;0;0;0;0;0;0;0;0;0;0;0;3256;0;0;133;0;202;0;
24439;12367750;1241194496;28086272;1390858240;0;0;0;0;0;0;0;0;0;0;0;4298;0;0;133;0;202;0;
24440;7437736;1241194496;28086272;1390858240;0;0;0;0;0;0;0;0;0;0;0;4328;0;0;133;0;202;0;
24441;10682671;1241194496;28086272;1390858240;0;0;0;0;0;0;0;0;0;0;0;4789;0;0;133;0;202;0;
24442;10363362;1241194496;28086272;1390858240;0;0;0;0;0;0;0;0;0;0;0;4348;0;0;133;0;202;0;
24443;13419522;1241194496;28086272;1390858240;0;0;0;0;0;0;0;0;0;0;0;126627;0;0;133;0;202;0;
24444;6581871;1241194496;28090368;1390862336;0;0;0;0;0;0;0;0;0;0;0;20429;0;0;133;0;202;0;
24445;14481814;1241194496;28090368;1390862336;0;0;0;0;0;0;0;0;0;0;0;4749;0;0;133;0;202;0;
24446;8445837;1241194496;28090368;1390862336;0;0;0;0;0;0;0;0;0;0;0;4569;0;0;133;0;202;0;
24447;12678593;1241194496;28090368;1390862336;0;0;0;0;0;0;0;0;0;0;0;9407;0;0;133;0;202;0;
24448;9462363;1236475904;21594112;1384366080;0;0;0;0;0;0;0;0;0;0;0;4869;0;0;133;0;202;0;
24449;6786956;1236475904;21594112;1384366080;0;0;0;0;0;0;0;0;0;0;0;4188;0;0;133;0;202;0;
24450;8876885;1236475904;21594112;1384366080;0;0;0;0;0;0;0;0;0;0;0;4268;0;0;133;0;202;0;
24451;9853827;1236475904;21594112;1384366080;0;0;0;0;0;0;0;0;0;0;0;4468;0;0;133;0;202;0;
24452;6247304;1236471808;21590016;1384361984;0;0;0;0;0;0;0;0;0;0;0;4498;0;0;133;0;202;0;
24453;8255159;1236471808;21590016;1384361984;0;0;0;0;0;0;0;0;0;0;0;4779;0;0;133;0;202;0;
24454;7007399;1236471808;21590016;1384361984;0;0;0;0;0;0;0;0;0;0;0;4669;0;0;133;0;202;0;
24455;9300409;1236471808;21590016;1384361984;0;0;0;0;0;0;0;0;0;0;0;4348;0;0;133;0;202;0;
24456;12216677;1236471808;21590016;1384361984;0;0;0;0;0;0;0;0;0;0;0;4689;0;0;133;0;202;0;
24457;13994009;1236471808;21590016;1384361984;0;0;0;0;0;0;0;0;0;0;0;4659;0;0;133;0;202;0;
24458;9747697;1236471808;21590016;1384361984;0;0;0;0;0;0;0;0;0;0;0;8737;0;0;133;0;202;0;
24459;9725225;1236471808;21590016;1384361984;0;0;0;0;0;0;0;0;0;0;0;4408;0;0;133;0;202;0;
24460;6451366;1236471808;21590016;1384361984;0;0;0;0;0;0;0;0;0;0;0;4519;0;0;133;0;202;0;
24461;9023851;1241194496;28086272;1390858240;0;0;0;0;0;0;0;0;0;0;0;3426;0;0;133;0;202;0;
24462;8176051;1241194496;28086272;1390858240;0;0;0;0;0;0;0;0;0;0;0;5060;0;0;133;0;202;0;
24463;9980534;1241194496;28086272;1390858240;0;0;0;0;0;0;0;0;0;0;0;4138;0;0;133;0;202;0;
24464;12587823;1241194496;28086272;1390858240;0;0;0;0;0;0;0;0;0;0;0;4608;0;0;133;0;202;0;
24465;7640085;1241194496;28086272;1390858240;0;0;0;0;0;0;0;0;0;0;0;3536;0;0;133;0;202;0;
24466;9383845;1241194496;28086272;1390858240;0;0;0;0;0;0;0;0;0;0;0;4278;0;0;133;0;202;0;
24467;6584476;1241194496;28086272;1390858240;0;0;0;0;0;0;0;0;0;0;0;3406;0;0;133;0;202;0;
24468;10565200;1241194496;28086272;1390858240;0;0;0;0;0;0;0;0;0;0;0;3597;0;0;133;0;202;0;
24469;8473719;1241194496;28086272;1390858240;0;0;0;0;0;0;0;0;0;0;0;4137;0;0;133;0;202;0;
24470;7170535;1236471808;21590016;1384361984;0;0;0;0;0;0;0;0;0;0;0;4478;0;0;133;0;202;0;
24471;12560732;1236471808;21590016;1384361984;0;0;0;0;0;0;0;0;0;0;0;4498;0;0;133;0;202;0;
24472;10592091;1236471808;21590016;1384361984;0;0;0;0;0;0;0;0;0;0;0;5460;0;0;133;0;202;0;
24473;11306931;1236471808;21590016;1384361984;0;0;0;0;0;0;0;0;0;0;0;5460;0;0;133;0;202;0;
24474;8827562;1236471808;21590016;1384361984;0;0;0;0;0;0;0;0;0;0;0;4809;0;0;133;0;202;0;
24475;9717581;1236471808;21590016;1384361984;0;0;0;0;0;0;0;0;0;0;0;5360;0;0;133;0;202;0;
24476;6004709;1236471808;21590016;1384361984;0;0;0;0;0;0;0;0;0;0;0;3757;0;0;133;0;202;0;
24477;9330635;1236471808;21590016;1384361984;0;0;0;0;0;0;0;0;0;0;0;3567;0;0;133;0;202;0;
24478;7151950;1236471808;21590016;1384361984;0;0;0;0;0;0;0;0;0;0;0;4268;0;0;133;0;202;0;
24479;11424992;1236471808;21590016;1384361984;0;0;0;0;0;0;0;0;0;0;0;4107;0;0;133;0;202;0;
24480;7097048;1236471808;21590016;1384361984;0;0;0;0;0;0;0;0;0;0;0;3917;0;0;133;0;202;0;
24481;9006467;1236471808;21590016;1384361984;0;0;0;0;0;0;0;0;0;0;0;4248;0;0;133;0;202;0;
24482;10052539;1236471808;21598208;1384370176;0;0;0;0;0;0;0;0;0;0;0;4018;0;0;133;0;202;0;
24483;10262543;1241194496;28094464;1390866432;0;0;0;0;0;0;0;0;0;0;0;3396;0;0;133;0;202;0;
24484;8029937;1241194496;28094464;1390866432;0;0;0;0;0;0;0;0;0;0;0;193342;0;0;133;0;202;0;
24485;11496316;1241194496;28094464;1390866432;0;0;0;0;0;0;0;0;0;0;0;4208;0;0;133;0;202;0;
24486;6631835;1241194496;28094464;1390866432;0;0;0;0;0;0;0;0;0;0;0;3146;0;0;133;0;202;0;
24487;9591444;1241194496;28094464;1390866432;0;0;0;0;0;0;0;0;0;0;0;4979;0;0;133;0;202;0;
24488;7746515;1241300992;28090368;1390862336;0;0;0;0;0;0;0;0;0;0;0;4389;0;0;133;0;202;0;
24489;11185764;1241300992;28090368;1390862336;0;0;0;0;0;0;0;0;0;0;0;4498;0;0;133;0;202;0;
24490;8209794;1241300992;28090368;1390862336;0;0;0;0;0;0;0;0;0;0;0;4608;0;0;133;0;202;0;
24491;6987111;1241300992;28090368;1390862336;0;0;0;0;0;0;0;0;0;0;0;5220;0;0;133;0;202;0;
24492;8277511;1236475904;21594112;1384366080;0;0;0;0;0;0;0;0;0;0;0;3717;0;0;133;0;202;0;
24493;7578651;1236475904;21594112;1384366080;0;0;0;0;0;0;0;0;0;0;0;3808;0;0;133;0;202;0;
24494;6329698;1236475904;21594112;1384366080;0;0;0;0;0;0;0;0;0;0;0;3757;0;0;133;0;202;0;
24495;9034059;1236475904;21594112;1384366080;0;0;0;0;0;0;0;0;0;0;0;4158;0;0;133;0;202;0;
24496;6183805;1236475904;21594112;1384366080;0;0;0;0;0;0;0;0;0;0;0;4859;0;0;133;0;202;0;
24497;8143410;1236475904;21594112;1384366080;0;0;0;0;0;0;0;0;0;0;0;4859;0;0;133;0;202;0;
24498;5747847;1236475904;21594112;1384366080;0;0;0;0;0;0;0;0;0;0;0;3096;0;0;133;0;202;0;
24499;6482155;1236475904;21594112;1384366080;0;0;0;0;0;0;0;0;0;0;0;4799;0;0;133;0;202;0;
24500;7359299;1236475904;21594112;1384366080;0;0;0;0;0;0;0;0;0;0;0;3447;0;0;133;0;202;0;
24501;7392381;1236475904;21594112;1384366080;0;0;0;0;0;0;0;0;0;0;0;4578;0;0;133;0;202;0;
24502;7902327;1236475904;21594112;1384366080;0;0;0;0;0;0;0;0;0;0;0;3807;0;0;133;0;202;0;
24503;7099001;1236475904;21594112;1384366080;0;0;0;0;0;0;0;0;0;0;0;4187;0;0;133;0;202;0;
24504;6128331;1236475904;21594112;1384366080;0;0;0;0;0;0;0;0;0;0;0;3627;0;0;133;0;202;0;
24505;9189030;1236475904;21594112;1384366080;0;0;0;0;0;0;0;0;0;0;0;4438;0;0;133;0;202;0;
24506;7453345;1236475904;21594112;1384366080;0;0;0;0;0;0;0;0;0;0;0;3757;0;0;133;0;202;0;
24507;10711745;1241198592;28090368;1390862336;0;0;0;0;0;0;0;0;0;0;0;3086;0;0;133;0;202;0;
24508;6944321;1241198592;28090368;1390862336;0;0;0;0;0;0;0;0;0;0;0;4648;0;0;133;0;202;0;
24509;7548003;1241198592;28090368;1390862336;0;0;0;0;0;0;0;0;0;0;0;9508;0;0;133;0;202;0;
24510;7088491;1241198592;28090368;1390862336;0;0;0;0;0;0;0;0;0;0;0;4328;0;0;133;0;202;0;
24511;6441559;1241198592;28090368;1390862336;0;0;0;0;0;0;0;0;0;0;0;4067;0;0;133;0;202;0;
24512;8165581;1241198592;28090368;1390862336;0;0;0;0;0;0;0;0;0;0;0;5170;0;0;133;0;202;0;
24513;6204574;1241198592;28090368;1390862336;0;0;0;0;0;0;0;0;0;0;0;3546;0;0;133;0;202;0;
24514;7668830;1241198592;28090368;1390862336;0;0;0;0;0;0;0;0;0;0;0;4539;0;0;133;0;202;0;
24515;6408657;1241198592;28090368;1390862336;0;0;0;0;0;0;0;0;0;0;0;4098;0;0;133;0;202;0;
24516;4528521;1236475904;21594112;1384366080;0;0;0;0;0;0;0;0;0;0;0;4088;0;0;133;0;202;0;
24517;8328045;1236475904;21594112;1384366080;0;0;0;0;0;0;0;0;0;0;0;4929;0;0;133;0;202;0;
24518;5145087;1236475904;21594112;1384366080;0;0;0;0;0;0;0;0;0;0;0;3586;0;0;133;0;202;0;
24519;8393017;1236475904;21594112;1384366080;0;0;0;0;0;0;0;0;0;0;0;4639;0;0;133;0;202;0;
24520;6463419;1236475904;21594112;1384366080;0;0;0;0;0;0;0;0;0;0;0;5270;0;0;133;0;202;0;
24521;8205325;1236475904;21594112;1384366080;0;0;0;0;0;0;0;0;0;0;0;3185;0;0;133;0;202;0;
24522;5906735;1236475904;21594112;1384366080;0;0;0;0;0;0;0;0;0;0;0;3307;0;0;133;0;202;0;
24523;8530956;1236475904;21594112;1384366080;0;0;0;0;0;0;0;0;0;0;0;4048;0;0;133;0;202;0;
24524;7534157;1236475904;21594112;1384366080;0;0;0;0;0;0;0;0;0;0;0;4609;0;0;133;0;202;0;
24525;6058570;1236475904;21594112;1384366080;0;0;0;0;0;0;0;0;0;0;0;3577;0;0;133;0;202;0;
24526;6596458;1236475904;21594112;1384366080;0;0;0;0;0;0;0;0;0;0;0;4348;0;0;133;0;202;0;
24527;7660384;1236475904;21594112;1384366080;0;0;0;0;0;0;0;0;0;0;0;4308;0;0;133;0;202;0;
24528;5619828;1236475904;21594112;1384366080;0;0;0;0;0;0;0;0;0;0;0;4518;0;0;133;0;202;0;
24529;9868384;1241198592;28090368;1390862336;0;0;0;0;0;0;0;0;0;0;0;12744;0;0;133;0;202;0;
24530;7434871;1241198592;28090368;1390862336;0;0;0;0;0;0;0;0;0;0;0;4018;0;0;133;0;202;0;
24531;7346986;1241198592;28090368;1390862336;0;0;0;0;0;0;0;0;0;0;0;3476;0;0;133;0;202;0;
24532;7876879;1241198592;28090368;1390862336;0;0;0;0;0;0;0;0;0;0;0;6201;0;0;133;0;202;0;
24533;6203622;1241198592;28090368;1390862336;0;0;0;0;0;0;0;0;0;0;0;3276;0;0;133;0;202;0;
24534;6679114;1241198592;28090368;1390862336;0;0;0;0;0;0;0;0;0;0;0;4018;0;0;133;0;202;0;
24535;7090325;1241198592;28090368;1390862336;0;0;0;0;0;0;0;0;0;0;0;4669;0;0;133;0;202;0;
24536;6130716;1241198592;28090368;1390862336;0;0;0;0;0;0;0;0;0;0;0;4508;0;0;133;0;202;0;
24537;9541631;1241198592;28090368;1390862336;0;0;0;0;0;0;0;0;0;0;0;4138;0;0;133;0;202;0;
24538;8625434;1236475904;21594112;1384366080;0;0;0;0;0;0;0;0;0;0;0;4127;0;0;133;0;202;0;
24539;7330305;1236475904;21594112;1384366080;0;0;0;0;0;0;0;0;0;0;0;3847;0;0;133;0;202;0;
24540;6431149;1236475904;21594112;1384366080;0;0;0;0;0;0;0;0;0;0;0;3647;0;0;133;0;202;0;
24541;6519625;1236475904;21594112;1384366080;0;0;0;0;0;0;0;0;0;0;0;3857;0;0;133;0;202;0;
24542;8124274;1236475904;21594112;1384366080;0;0;0;0;0;0;0;0;0;0;0;3857;0;0;133;0;202;0;
24543;6852889;1236475904;21594112;1384366080;0;0;0;0;0;0;0;0;0;0;0;3206;0;0;133;0;202;0;
24544;5888401;1236475904;21594112;1384366080;0;0;0;0;0;0;0;0;0;0;0;4127;0;0;133;0;202;0;
24545;7602766;1236475904;21594112;1384366080;0;0;0;0;0;0;0;0;0;0;0;3777;0;0;133;0;202;0;
24546;6237075;1236475904;21594112;1384366080;0;0;0;0;0;0;0;0;0;0;0;4138;0;0;133;0;202;0;
24547;8901941;1236475904;21594112;1384366080;0;0;0;0;0;0;0;0;0;0;0;4288;0;0;133;0;202;0;
24548;5970595;1236475904;21594112;1384366080;0;0;0;0;0;0;0;0;0;0;0;4158;0;0;133;0;202;0;
24549;9597646;1236475904;21594112;1384366080;0;0;0;0;0;0;0;0;0;0;0;4098;0;0;133;0;202;0;
24550;5980173;1236475904;21594112;1384366080;0;0;0;0;0;0;0;0;0;0;0;3527;0;0;133;0;202;0;
24551;7360722;1236475904;21594112;1384366080;0;0;0;0;0;0;0;0;0;0;0;3196;0;0;133;0;202;0;
24552;7020924;1236475904;21594112;1384366080;0;0;0;0;0;0;0;0;0;0;0;3326;0;0;133;0;202;0;
24553;9538686;1241198592;28090368;1390862336;0;0;0;0;0;0;0;0;0;0;0;4328;0;0;133;0;202;0;
24554;5604759;1241198592;28090368;1390862336;0;0;0;0;0;0;0;0;0;0;0;3707;0;0;133;0;202;0;
24555;8176472;1241198592;28090368;1390862336;0;0;0;0;0;0;0;0;0;0;0;4348;0;0;133;0;202;0;
24556;6368822;1241198592;28090368;1390862336;0;0;0;0;0;0;0;0;0;0;0;4228;0;0;133;0;202;0;
24557;5436223;1241198592;28090368;1390862336;0;0;0;0;0;0;0;0;0;0;0;3757;0;0;133;0;202;0;
24558;9543745;1241198592;28090368;1390862336;0;0;0;0;0;0;0;0;0;0;0;4369;0;0;133;0;202;0;
24559;6901631;1241198592;28090368;1390862336;0;0;0;0;0;0;0;0;0;0;0;4208;0;0;133;0;202;0;
24560;7672967;1241198592;28090368;1390862336;0;0;0;0;0;0;0;0;0;0;0;404248;0;0;133;0;202;0;
24561;9580053;1241198592;28090368;1390862336;0;0;0;0;0;0;0;0;0;0;0;3838;0;0;133;0;202;0;
24562;6821771;1236480000;21598208;1384370176;0;0;0;0;0;0;0;0;0;0;0;4088;0;0;133;0;202;0;
24563;8193133;1236480000;21598208;1384370176;0;0;0;0;0;0;0;0;0;0;0;2565;0;0;133;0;202;0;
24564;6092364;1236480000;21598208;1384370176;0;0;0;0;0;0;0;0;0;0;0;3827;0;0;133;0;202;0;
24565;7463184;1236480000;21598208;1384370176;0;0;0;0;0;0;0;0;0;0;0;4198;0;0;133;0;202;0;
24566;8153999;1236480000;21598208;1384370176;0;0;0;0;0;0;0;0;0;0;0;3918;0;0;133;0;202;0;
24567;7144185;1236480000;21598208;1384370176;0;0;0;0;0;0;0;0;0;0;0;4008;0;0;133;0;202;0;
24568;6079910;1236475904;21594112;1384366080;0;0;0;0;0;0;0;0;0;0;0;3677;0;0;133;0;202;0;
24569;7459727;1236475904;21594112;1384366080;0;0;0;0;0;0;0;0;0;0;0;4168;0;0;133;0;202;0;
24570;5775149;1236475904;21594112;1384366080;0;0;0;0;0;0;0;0;0;0;0;4429;0;0;133;0;202;0;
24571;6402114;1236475904;21594112;1384366080;0;0;0;0;0;0;0;0;0;0;0;3416;0;0;133;0;202;0;
24572;5992717;1236475904;21594112;1384366080;0;0;0;0;0;0;0;0;0;0;0;4328;0;0;133;0;202;0;
24573;6483977;1236475904;21594112;1384366080;0;0;0;0;0;0;0;0;0;0;0;3055;0;0;133;0;202;0;
24574;8115167;1236475904;21594112;1384366080;0;0;0;0;0;0;0;0;0;0;0;4950;0;0;133;0;202;0;
24575;6855505;1241198592;28090368;1390862336;0;0;0;0;0;0;0;0;0;0;0;4979;0;0;133;0;202;0;
24576;5833078;1241198592;28090368;1390862336;0;0;0;0;0;0;0;0;0;0;0;4037;0;0;133;0;202;0;
24577;7929738;1241198592;28090368;1390862336;0;0;0;0;0;0;0;0;0;0;0;3737;0;0;133;0;202;0;
24578;7516644;1241198592;28090368;1390862336;0;0;0;0;0;0;0;0;0;0;0;4138;0;0;133;0;202;0;
24579;5744101;1241198592;28090368;1390862336;0;0;0;0;0;0;0;0;0;0;0;3307;0;0;133;0;202;0;
24580;6355878;1241198592;28090368;1390862336;0;0;0;0;0;0;0;0;0;0;0;3647;0;0;133;0;202;0;
24581;6525505;1241198592;28090368;1390862336;0;0;0;0;0;0;0;0;0;0;0;4459;0;0;133;0;202;0;
24582;6292389;1241198592;28090368;1390862336;0;0;0;0;0;0;0;0;0;0;0;3767;0;0;133;0;202;0;
24583;7818259;1241198592;28090368;1390862336;0;0;0;0;0;0;0;0;0;0;0;4048;0;0;133;0;202;0;
24584;8201067;1236475904;21594112;1384366080;0;0;0;0;0;0;0;0;0;0;0;3757;0;0;133;0;202;0;
24585;11955156;1236475904;21594112;1384366080;0;0;0;0;0;0;0;0;0;0;0;3627;0;0;133;0;202;0;
24586;8568907;1236475904;21594112;1384366080;0;0;0;0;0;0;0;0;0;0;0;3737;0;0;133;0;202;0;
24587;9779687;1236475904;21594112;1384366080;0;0;0;0;0;0;0;0;0;0;0;4248;0;0;133;0;202;0;
24588;6680276;1236475904;21594112;1384366080;0;0;0;0;0;0;0;0;0;0;0;3556;0;0;133;0;202;0;
24589;9073363;1236475904;21594112;1384366080;0;0;0;0;0;0;0;0;0;0;0;4338;0;0;133;0;202;0;
24590;5789025;1236475904;21594112;1384366080;0;0;0;0;0;0;0;0;0;0;0;3677;0;0;133;0;202;0;
24591;8811582;1236475904;21594112;1384366080;0;0;0;0;0;0;0;0;0;0;0;4147;0;0;133;0;202;0;
24592;7847514;1236475904;21594112;1384366080;0;0;0;0;0;0;0;0;0;0;0;4048;0;0;133;0;202;0;
24593;9590432;1236475904;21594112;1384366080;0;0;0;0;0;0;0;0;0;0;0;2745;0;0;133;0;202;0;
24594;5682615;1236475904;21594112;1384366080;0;0;0;0;0;0;0;0;0;0;0;3326;0;0;133;0;202;0;
24595;9852133;1236475904;21594112;1384366080;0;0;0;0;0;0;0;0;0;0;0;4338;0;0;133;0;202;0;
24596;6925456;1236475904;21594112;1384366080;0;0;0;0;0;0;0;0;0;0;0;3907;0;0;133;0;202;0;
24597;10140434;1236475904;21594112;1384366080;0;0;0;0;0;0;0;0;0;0;0;3547;0;0;133;0;202;0;
24598;7364619;1236475904;21594112;1384366080;0;0;0;0;0;0;0;0;0;0;0;4007;0;0;133;0;202;0;
24599;8391625;1241198592;28090368;1390862336;0;0;0;0;0;0;0;0;0;0;0;4638;0;0;133;0;202;0;
24600;8129262;1241198592;28090368;1390862336;0;0;0;0;0;0;0;0;0;0;0;3777;0;0;133;0;202;0;
24601;8170230;1241198592;28090368;1390862336;0;0;0;0;0;0;0;0;0;0;0;4518;0;0;133;0;202;0;
24602;7012549;1241198592;28090368;1390862336;0;0;0;0;0;0;0;0;0;0;0;3817;0;0;133;0;202;0;
24603;8134703;1241198592;28090368;1390862336;0;0;0;0;0;0;0;0;0;0;0;4678;0;0;133;0;202;0;
24604;8118763;1241198592;28090368;1390862336;0;0;0;0;0;0;0;0;0;0;0;4448;0;0;133;0;202;0;
24605;6133290;1241198592;28090368;1390862336;0;0;0;0;0;0;0;0;0;0;0;3808;0;0;133;0;202;0;
24606;7391469;1241198592;28090368;1390862336;0;0;0;0;0;0;0;0;0;0;0;3697;0;0;133;0;202;0;
24607;10507642;1241198592;28090368;1390862336;0;0;0;0;0;0;0;0;0;0;0;3276;0;0;133;0;202;0;
24608;5538365;1236475904;21594112;1384366080;0;0;0;0;0;0;0;0;0;0;0;3357;0;0;133;0;202;0;
24609;8169268;1236475904;21594112;1384366080;0;0;0;0;0;0;0;0;0;0;0;4709;0;0;133;0;202;0;
24610;8109866;1236475904;21594112;1384366080;0;0;0;0;0;0;0;0;0;0;0;35376;0;0;133;0;202;0;
24611;7555617;1236475904;21594112;1384366080;0;0;0;0;0;0;0;0;0;0;0;5000;0;0;133;0;202;0;
24612;8179637;1236475904;21594112;1384366080;0;0;0;0;0;0;0;0;0;0;0;4709;0;0;133;0;202;0;
24613;9533606;1236475904;21594112;1384366080;0;0;0;0;0;0;0;0;0;0;0;4438;0;0;133;0;202;0;
24614;6166092;1236475904;21594112;1384366080;0;0;0;0;0;0;0;0;0;0;0;4508;0;0;133;0;202;0;
24615;9669340;1236475904;21594112;1384366080;0;0;0;0;0;0;0;0;0;0;0;3557;0;0;133;0;202;0;
24616;7910542;1236475904;21594112;1384366080;0;0;0;0;0;0;0;0;0;0;0;4018;0;0;133;0;202;0;
24617;10586350;1236475904;21594112;1384366080;0;0;0;0;0;0;0;0;0;0;0;4118;0;0;133;0;202;0;
24618;6020078;1236475904;21594112;1384366080;0;0;0;0;0;0;0;0;0;0;0;3897;0;0;133;0;202;0;
24619;10519634;1236475904;21594112;1384366080;0;0;0;0;0;0;0;0;0;0;0;4548;0;0;133;0;202;0;
24620;4744306;1236475904;21594112;1384366080;0;0;0;0;0;0;0;0;0;0;0;3246;0;0;133;0;202;0;
24621;10101591;1241198592;28090368;1390862336;0;0;0;0;0;0;0;0;0;0;0;3656;0;0;133;0;202;0;
24622;4482274;1241198592;28090368;1390862336;0;0;0;0;0;0;0;0;0;0;0;3427;0;0;133;0;202;0;
24623;10016962;1241198592;28090368;1390862336;0;0;0;0;0;0;0;0;0;0;0;4608;0;0;133;0;202;0;
24624;4879850;1241198592;28090368;1390862336;0;0;0;0;0;0;0;0;0;0;0;3096;0;0;133;0;202;0;
24625;7194861;1241198592;28090368;1390862336;0;0;0;0;0;0;0;0;0;0;0;3687;0;0;133;0;202;0;
24626;6836369;1241198592;28090368;1390862336;0;0;0;0;0;0;0;0;0;0;0;4598;0;0;133;0;202;0;
24627;9427036;1241198592;28090368;1390862336;0;0;0;0;0;0;0;0;0;0;0;2615;0;0;133;0;202;0;
24628;6962225;1241198592;28090368;1390862336;0;0;0;0;0;0;0;0;0;0;0;3256;0;0;133;0;202;0;
24629;8495299;1241198592;28090368;1390862336;0;0;0;0;0;0;0;0;0;0;0;4167;0;0;133;0;202;0;
24630;8123882;1236475904;21594112;1384366080;0;0;0;0;0;0;0;0;0;0;0;4870;0;0;133;0;202;0;
24631;12376837;1236475904;21594112;1384366080;0;0;0;0;0;0;0;0;0;0;0;5901;0;0;133;0;202;0;
24632;7120361;1236475904;21594112;1384366080;0;0;0;0;0;0;0;0;0;0;0;3998;0;0;133;0;202;0;
24633;11253491;1236475904;21594112;1384366080;0;0;0;0;0;0;0;0;0;0;0;5590;0;0;133;0;202;0;
24634;5812238;1236475904;21594112;1384366080;0;0;0;0;0;0;0;0;0;0;0;3737;0;0;133;0;202;0;
24635;7387151;1236475904;21594112;1384366080;0;0;0;0;0;0;0;0;0;0;0;5330;0;0;133;0;202;0;
24636;7967510;1236475904;21594112;1384366080;0;0;0;0;0;0;0;0;0;0;0;3396;0;0;133;0;202;0;
24637;8252363;1236475904;21594112;1384366080;0;0;0;0;0;0;0;0;0;0;0;3777;0;0;133;0;202;0;
24638;7057303;1236475904;21594112;1384366080;0;0;0;0;0;0;0;0;0;0;0;4309;0;0;133;0;202;0;
24639;8522760;1236475904;21594112;1384366080;0;0;0;0;0;0;0;0;0;0;0;4128;0;0;133;0;202;0;
24640;7036744;1236475904;21594112;1384366080;0;0;0;0;0;0;0;0;0;0;0;3387;0;0;133;0;202;0;
24641;10398228;1236475904;21594112;1384366080;0;0;0;0;0;0;0;0;0;0;0;4949;0;0;133;0;202;0;
24642;5480096;1236475904;21594112;1384366080;0;0;0;0;0;0;0;0;0;0;0;4719;0;0;133;0;202;0;
24643;9435261;1236475904;21594112;1384366080;0;0;0;0;0;0;0;0;0;0;0;4558;0;0;133;0;202;0;
24644;8460444;1236475904;21594112;1384366080;0;0;0;0;0;0;0;0;0;0;0;4759;0;0;133;0;202;0;
24645;8241002;1241198592;28090368;1390862336;0;0;0;0;0;0;0;0;0;0;0;4658;0;0;133;0;202;0;
24646;7669801;1241198592;28090368;1390862336;0;0;0;0;0;0;0;0;0;0;0;4669;0;0;133;0;202;0;
24647;7913278;1241198592;28090368;1390862336;0;0;0;0;0;0;0;0;0;0;0;3787;0;0;133;0;202;0;
24648;8230452;1241198592;28090368;1390862336;0;0;0;0;0;0;0;0;0;0;0;3677;0;0;133;0;202;0;
24649;6352381;1241198592;28090368;1390862336;0;0;0;0;0;0;0;0;0;0;0;4077;0;0;133;0;202;0;
24650;8750107;1241198592;28090368;1390862336;0;0;0;0;0;0;0;0;0;0;0;5069;0;0;133;0;202;0;
24651;9367765;1241198592;28090368;1390862336;0;0;0;0;0;0;0;0;0;0;0;4649;0;0;133;0;202;0;
24652;7829391;1241198592;28090368;1390862336;0;0;0;0;0;0;0;0;0;0;0;3827;0;0;133;0;202;0;
24653;6657814;1241198592;28090368;1390862336;0;0;0;0;0;0;0;0;0;0;0;3947;0;0;133;0;202;0;
24654;6929673;1236475904;21594112;1384366080;0;0;0;0;0;0;0;0;0;0;0;4158;0;0;133;0;202;0;
24655;10870853;1236475904;21594112;1384366080;0;0;0;0;0;0;0;0;0;0;0;4087;0;0;133;0;202;0;
24656;4206147;1236475904;21594112;1384366080;0;0;0;0;0;0;0;0;0;0;0;4819;0;0;133;0;202;0;
24657;6567614;1236475904;21594112;1384366080;0;0;0;0;0;0;0;0;0;0;0;3697;0;0;133;0;202;0;
24658;7427607;1236475904;21594112;1384366080;0;0;0;0;0;0;0;0;0;0;0;3818;0;0;133;0;202;0;
24659;7097709;1236475904;21594112;1384366080;0;0;0;0;0;0;0;0;0;0;0;6602;0;0;133;0;202;0;
24660;6548930;1236475904;21594112;1384366080;0;0;0;0;0;0;0;0;0;0;0;4268;0;0;133;0;202;0;
24661;9722730;1236475904;21594112;1384366080;0;0;0;0;0;0;0;0;0;0;0;3647;0;0;133;0;202;0;
24662;7278458;1236475904;21594112;1384366080;0;0;0;0;0;0;0;0;0;0;0;167264;0;0;133;0;202;0;
24663;7617523;1236475904;21594112;1384366080;0;0;0;0;0;0;0;0;0;0;0;3767;0;0;133;0;202;0;
24664;8519344;1236475904;21598208;1384370176;0;0;0;0;0;0;0;0;0;0;0;3887;0;0;133;0;202;0;
24665;8119124;1236475904;21598208;1384370176;0;0;0;0;0;0;0;0;0;0;0;4308;0;0;133;0;202;0;
24666;6988965;1236475904;21598208;1384370176;0;0;0;0;0;0;0;0;0;0;0;5170;0;0;133;0;202;0;
24667;7826014;1241198592;28094464;1390866432;0;0;0;0;0;0;0;0;0;0;0;3897;0;0;133;0;202;0;
24668;8477596;1241198592;28094464;1390866432;0;0;0;0;0;0;0;0;0;0;0;4749;0;0;133;0;202;0;
24669;7572789;1241198592;28094464;1390866432;0;0;0;0;0;0;0;0;0;0;0;3988;0;0;133;0;202;0;
24670;7747096;1241300992;28090368;1390862336;0;0;0;0;0;0;0;0;0;0;0;5290;0;0;133;0;202;0;
24671;9588670;1241300992;28090368;1390862336;0;0;0;0;0;0;0;0;0;0;0;4057;0;0;133;0;202;0;
24672;7990312;1241300992;28090368;1390862336;0;0;0;0;0;0;0;0;0;0;0;5180;0;0;133;0;202;0;
24673;9542943;1241300992;28090368;1390862336;0;0;0;0;0;0;0;0;0;0;0;4689;0;0;133;0;202;0;
24674;9955848;1241300992;28090368;1390862336;0;0;0;0;0;0;0;0;0;0;0;3927;0;0;133;0;202;0;
24675;9277606;1241300992;28090368;1390862336;0;0;0;0;0;0;0;0;0;0;0;4959;0;0;133;0;202;0;
24676;6979296;1236475904;21594112;1384366080;0;0;0;0;0;0;0;0;0;0;0;4448;0;0;133;0;202;0;
24677;6980238;1236475904;21594112;1384366080;0;0;0;0;0;0;0;0;0;0;0;4208;0;0;133;0;202;0;
24678;6666470;1236475904;21602304;1384374272;0;0;0;0;0;0;0;0;0;0;0;4188;0;0;133;0;202;0;
24679;7591364;1241198592;28098560;1390870528;0;0;0;0;0;0;0;0;0;0;0;3758;0;0;133;0;202;0;
24680;6893596;1241198592;28098560;1390870528;0;0;0;0;0;0;0;0;0;0;0;4188;0;0;133;0;202;0;
24681;6050996;1241198592;28098560;1390870528;0;0;0;0;0;0;0;0;0;0;0;4619;0;0;133;0;202;0;
24682;8919675;1241198592;28098560;1390870528;0;0;0;0;0;0;0;0;0;0;0;5450;0;0;133;0;202;0;
24683;6836609;1241198592;28098560;1390870528;0;0;0;0;0;0;0;0;0;0;0;3477;0;0;133;0;202;0;
24684;8177714;1241300992;28090368;1390862336;0;0;0;0;0;0;0;0;0;0;0;4178;0;0;133;0;202;0;
24685;5964764;1241300992;28090368;1390862336;0;0;0;0;0;0;0;0;0;0;0;3777;0;0;133;0;202;0;
24686;8478638;1241300992;28090368;1390862336;0;0;0;0;0;0;0;0;0;0;0;4879;0;0;133;0;202;0;
24687;7097448;1241300992;28090368;1390862336;0;0;0;0;0;0;0;0;0;0;0;4308;0;0;133;0;202;0;
24688;9772704;1236475904;21594112;1384366080;0;0;0;0;0;0;0;0;0;0;0;4639;0;0;133;0;202;0;
24689;7415485;1236475904;21594112;1384366080;0;0;0;0;0;0;0;0;0;0;0;4478;0;0;133;0;202;0;
24690;9411968;1236475904;21594112;1384366080;0;0;0;0;0;0;0;0;0;0;0;4228;0;0;133;0;202;0;
24691;11350342;1241198592;28090368;1390862336;0;0;0;0;0;0;0;0;0;0;0;4338;0;0;133;0;202;0;
24692;8098025;1241198592;28090368;1390862336;0;0;0;0;0;0;0;0;0;0;0;4728;0;0;133;0;202;0;
24693;10883186;1241198592;28090368;1390862336;0;0;0;0;0;0;0;0;0;0;0;4488;0;0;133;0;202;0;
24694;4907452;1241198592;28090368;1390862336;0;0;0;0;0;0;0;0;0;0;0;4278;0;0;133;0;202;0;
24695;11428078;1241198592;28090368;1390862336;0;0;0;0;0;0;0;0;0;0;0;4639;0;0;133;0;202;0;
24696;4504345;1241198592;28090368;1390862336;0;0;0;0;0;0;0;0;0;0;0;3036;0;0;133;0;202;0;
24697;9743169;1241198592;28090368;1390862336;0;0;0;0;0;0;0;0;0;0;0;4839;0;0;133;0;202;0;
24698;5627192;1241198592;28090368;1390862336;0;0;0;0;0;0;0;0;0;0;0;4468;0;0;133;0;202;0;
24699;10209163;1241198592;28090368;1390862336;0;0;0;0;0;0;0;0;0;0;0;3426;0;0;133;0;202;0;
24700;6729659;1236475904;21594112;1384366080;0;0;0;0;0;0;0;0;0;0;0;3737;0;0;133;0;202;0;
24701;11016296;1236475904;21594112;1384366080;0;0;0;0;0;0;0;0;0;0;0;4418;0;0;133;0;202;0;
24702;5490345;1236475904;21594112;1384366080;0;0;0;0;0;0;0;0;0;0;0;4058;0;0;133;0;202;0;
24703;11199189;1236475904;21594112;1384366080;0;0;0;0;0;0;0;0;0;0;0;5721;0;0;133;0;202;0;
24704;7008932;1236475904;21594112;1384366080;0;0;0;0;0;0;0;0;0;0;0;5210;0;0;133;0;202;0;
24705;9612103;1236475904;21594112;1384366080;0;0;0;0;0;0;0;0;0;0;0;4488;0;0;133;0;202;0;
24706;7358167;1236475904;21594112;1384366080;0;0;0;0;0;0;0;0;0;0;0;3156;0;0;133;0;202;0;
24707;8181451;1236475904;21594112;1384366080;0;0;0;0;0;0;0;0;0;0;0;4288;0;0;133;0;202;0;
24708;8402354;1236475904;21594112;1384366080;0;0;0;0;0;0;0;0;0;0;0;34185;0;0;133;0;202;0;
24709;13908589;1236475904;21594112;1384366080;0;0;0;0;0;0;0;0;0;0;0;3075;0;0;133;0;202;0;
24710;6096180;1236475904;21594112;1384366080;0;0;0;0;0;0;0;0;0;0;0;5150;0;0;133;0;202;0;
24711;8573956;1236475904;21594112;1384366080;0;0;0;0;0;0;0;0;0;0;0;4658;0;0;133;0;202;0;
24712;5553453;1236475904;21594112;1384366080;0;0;0;0;0;0;0;0;0;0;0;5431;0;0;133;0;202;0;
24713;9516674;1241198592;28090368;1390862336;0;0;0;0;0;0;0;0;0;0;0;4869;0;0;133;0;202;0;
24714;7485997;1241198592;28090368;1390862336;0;0;0;0;0;0;0;0;0;0;0;5520;0;0;133;0;202;0;
24715;7536932;1241198592;28090368;1390862336;0;0;0;0;0;0;0;0;0;0;0;4739;0;0;133;0;202;0;
24716;6264817;1241198592;28090368;1390862336;0;0;0;0;0;0;0;0;0;0;0;4328;0;0;133;0;202;0;
24717;9234254;1241198592;28090368;1390862336;0;0;0;0;0;0;0;0;0;0;0;3858;0;0;133;0;202;0;
24718;5825654;1241198592;28090368;1390862336;0;0;0;0;0;0;0;0;0;0;0;4298;0;0;133;0;202;0;
24719;9241158;1241198592;28090368;1390862336;0;0;0;0;0;0;0;0;0;0;0;4469;0;0;133;0;202;0;
24720;5887729;1241198592;28090368;1390862336;0;0;0;0;0;0;0;0;0;0;0;4439;0;0;133;0;202;0;
24721;9108309;1241198592;28090368;1390862336;0;0;0;0;0;0;0;0;0;0;0;5581;0;0;133;0;202;0;
24722;5430873;1236475904;21594112;1384366080;0;0;0;0;0;0;0;0;0;0;0;4118;0;0;133;0;202;0;
24723;7187477;1236475904;21594112;1384366080;0;0;0;0;0;0;0;0;0;0;0;4228;0;0;133;0;202;0;
24724;6487885;1236475904;21594112;1384366080;0;0;0;0;0;0;0;0;0;0;0;3597;0;0;133;0;202;0;
24725;19368357;1236475904;21594112;1384366080;0;0;0;0;0;0;0;0;0;0;0;3958;0;0;133;0;202;0;
24726;6626014;1236475904;21594112;1384366080;0;0;0;0;0;0;0;0;0;0;0;3958;0;0;133;0;202;0;
24727;8198673;1236475904;21594112;1384366080;0;0;0;0;0;0;0;0;0;0;0;4098;0;0;133;0;202;0;
24728;4801493;1236475904;21594112;1384366080;0;0;0;0;0;0;0;0;0;0;0;5120;0;0;133;0;202;0;
24729;9976346;1236475904;21594112;1384366080;0;0;0;0;0;0;0;0;0;0;0;4728;0;0;133;0;202;0;
24730;5863664;1236475904;21594112;1384366080;0;0;0;0;0;0;0;0;0;0;0;3807;0;0;133;0;202;0;
24731;10059973;1236475904;21594112;1384366080;0;0;0;0;0;0;0;0;0;0;0;4548;0;0;133;0;202;0;
24732;8700734;1236475904;21594112;1384366080;0;0;0;0;0;0;0;0;0;0;0;4930;0;0;133;0;202;0;
24733;9398202;1236475904;21594112;1384366080;0;0;0;0;0;0;0;0;0;0;0;5330;0;0;133;0;202;0;
24734;5319314;1236475904;21594112;1384366080;0;0;0;0;0;0;0;0;0;0;0;4118;0;0;133;0;202;0;
24735;9085516;1236475904;21594112;1384366080;0;0;0;0;0;0;0;0;0;0;0;5150;0;0;133;0;202;0;
24736;5399725;1236475904;21594112;1384366080;0;0;0;0;0;0;0;0;0;0;0;5440;0;0;133;0;202;0;
24737;8473218;1241198592;28090368;1390862336;0;0;0;0;0;0;0;0;0;0;0;5220;0;0;133;0;202;0;
24738;10812344;1241198592;28090368;1390862336;0;0;0;0;0;0;0;0;0;0;0;3797;0;0;133;0;202;0;
24739;11031484;1241198592;28094464;1390866432;0;0;0;0;0;0;0;0;0;0;0;4568;0;0;133;0;202;0;
24740;6360447;1241198592;28098560;1390870528;0;0;0;0;0;0;0;0;0;0;0;3417;0;0;133;0;202;0;
24741;9496998;1241198592;28098560;1390870528;0;0;0;0;0;0;0;0;0;0;0;5290;0;0;133;0;202;0;
24742;6905008;1241198592;28098560;1390870528;0;0;0;0;0;0;0;0;0;0;0;4769;0;0;133;0;202;0;
24743;10818035;1241198592;28098560;1390870528;0;0;0;0;0;0;0;0;0;0;0;4989;0;0;133;0;202;0;
24744;6648336;1241198592;28098560;1390870528;0;0;0;0;0;0;0;0;0;0;0;4148;0;0;133;0;202;0;
24745;10043833;1241198592;28098560;1390870528;0;0;0;0;0;0;0;0;0;0;0;5220;0;0;133;0;202;0;
24746;7816276;1236475904;21594112;1384366080;0;0;0;0;0;0;0;0;0;0;0;5190;0;0;133;0;202;0;
24747;10967625;1236475904;21594112;1384366080;0;0;0;0;0;0;0;0;0;0;0;4539;0;0;133;0;202;0;
24748;5968772;1236475904;21594112;1384366080;0;0;0;0;0;0;0;0;0;0;0;6963;0;0;133;0;202;0;
24749;9768546;1236475904;21594112;1384366080;0;0;0;0;0;0;0;0;0;0;0;4098;0;0;133;0;202;0;
24750;6178164;1236475904;21594112;1384366080;0;0;0;0;0;0;0;0;0;0;0;3997;0;0;133;0;202;0;
24751;14129454;1236475904;21594112;1384366080;0;0;0;0;0;0;0;0;0;0;0;3186;0;0;133;0;202;0;
24752;4384331;1236475904;21594112;1384366080;0;0;0;0;0;0;0;0;0;0;0;4138;0;0;133;0;202;0;
24753;7349380;1236475904;21594112;1384366080;0;0;0;0;0;0;0;0;0;0;0;3788;0;0;133;0;202;0;
24754;9043467;1236475904;21594112;1384366080;0;0;0;0;0;0;0;0;0;0;0;5420;0;0;133;0;202;0;
24755;11187687;1236475904;21594112;1384366080;0;0;0;0;0;0;0;0;0;0;0;4299;0;0;133;0;202;0;
24756;8637305;1236475904;21594112;1384366080;0;0;0;0;0;0;0;0;0;0;0;4549;0;0;133;0;202;0;
24757;7865328;1236475904;21594112;1384366080;0;0;0;0;0;0;0;0;0;0;0;4699;0;0;133;0;202;0;
24758;7586285;1236471808;21590016;1384361984;0;0;0;0;0;0;0;0;0;0;0;5170;0;0;133;0;202;0;
24759;8498866;1241194496;28086272;1390858240;0;0;0;0;0;0;0;0;0;0;0;5681;0;0;133;0;202;0;
24760;7575004;1241194496;28086272;1390858240;0;0;0;0;0;0;0;0;0;0;0;4979;0;0;133;0;202;0;
24761;10416492;1241194496;28086272;1390858240;0;0;0;0;0;0;0;0;0;0;0;5280;0;0;133;0;202;0;
24762;7877951;1241194496;28086272;1390858240;0;0;0;0;0;0;0;0;0;0;0;4839;0;0;133;0;202;0;
24763;8616697;1241194496;28086272;1390858240;0;0;0;0;0;0;0;0;0;0;0;3907;0;0;133;0;202;0;
24764;7216431;1241194496;28086272;1390858240;0;0;0;0;0;0;0;0;0;0;0;4739;0;0;133;0;202;0;
24765;8295335;1241194496;28086272;1390858240;0;0;0;0;0;0;0;0;0;0;0;4228;0;0;133;0;202;0;
24766;10342022;1241194496;28086272;1390858240;0;0;0;0;0;0;0;0;0;0;0;3467;0;0;133;0;202;0;
24767;6741601;1241194496;28086272;1390858240;0;0;0;0;0;0;0;0;0;0;0;4068;0;0;133;0;202;0;
24768;5826125;1236471808;21590016;1384361984;0;0;0;0;0;0;0;0;0;0;0;4128;0;0;133;0;202;0;
24769;9093661;1236471808;21590016;1384361984;0;0;0;0;0;0;0;0;0;0;0;3646;0;0;133;0;202;0;
24770;6021390;1236471808;21590016;1384361984;0;0;0;0;0;0;0;0;0;0;0;3958;0;0;133;0;202;0;
24771;8344917;1236471808;21590016;1384361984;0;0;0;0;0;0;0;0;0;0;0;4288;0;0;133;0;202;0;
24772;7259281;1236471808;21590016;1384361984;0;0;0;0;0;0;0;0;0;0;0;4910;0;0;133;0;202;0;
24773;9294578;1236471808;21590016;1384361984;0;0;0;0;0;0;0;0;0;0;0;4639;0;0;133;0;202;0;
24774;8873008;1236471808;21590016;1384361984;0;0;0;0;0;0;0;0;0;0;0;5000;0;0;133;0;202;0;
24775;9845070;1236471808;21590016;1384361984;0;0;0;0;0;0;0;0;0;0;0;4028;0;0;133;0;202;0;
24776;9149075;1236471808;21590016;1384361984;0;0;0;0;0;0;0;0;0;0;0;5060;0;0;133;0;202;0;
24777;6252574;1236471808;21590016;1384361984;0;0;0;0;0;0;0;0;0;0;0;3567;0;0;133;0;202;0;
24778;9592546;1236471808;21590016;1384361984;0;0;0;0;0;0;0;0;0;0;0;3878;0;0;133;0;202;0;
24779;10353894;1236471808;21590016;1384361984;0;0;0;0;0;0;0;0;0;0;0;3656;0;0;133;0;202;0;
24780;6950963;1236471808;21590016;1384361984;0;0;0;0;0;0;0;0;0;0;0;4889;0;0;133;0;202;0;
24781;9569052;1236471808;21590016;1384361984;0;0;0;0;0;0;0;0;0;0;0;5640;0;0;133;0;202;0;
24782;9045100;1236471808;21590016;1384361984;0;0;0;0;0;0;0;0;0;0;0;4970;0;0;133;0;202;0;
24783;11492920;1241194496;28086272;1390858240;0;0;0;0;0;0;0;0;0;0;0;5049;0;0;133;0;202;0;
24784;7514971;1241194496;28086272;1390858240;0;0;0;0;0;0;0;0;0;0;0;4899;0;0;133;0;202;0;
24785;12333676;1241194496;28086272;1390858240;0;0;0;0;0;0;0;0;0;0;0;4478;0;0;133;0;202;0;
24786;8082465;1241194496;28086272;1390858240;0;0;0;0;0;0;0;0;0;0;0;4047;0;0;133;0;202;0;
24787;10933080;1241194496;28086272;1390858240;0;0;0;0;0;0;0;0;0;0;0;3076;0;0;133;0;202;0;
24788;8511289;1241194496;28086272;1390858240;0;0;0;0;0;0;0;0;0;0;0;4909;0;0;133;0;202;0;
24789;9976136;1241194496;28086272;1390858240;0;0;0;0;0;0;0;0;0;0;0;5401;0;0;133;0;202;0;
24790;6276058;1241194496;28086272;1390858240;0;0;0;0;0;0;0;0;0;0;0;4228;0;0;133;0;202;0;
24791;11226441;1241194496;28086272;1390858240;0;0;0;0;0;0;0;0;0;0;0;3696;0;0;133;0;202;0;
24792;8499527;1236471808;21590016;1384361984;0;0;0;0;0;0;0;0;0;0;0;5660;0;0;133;0;202;0;
24793;8538851;1236471808;21590016;1384361984;0;0;0;0;0;0;0;0;0;0;0;3396;0;0;133;0;202;0;
24794;9103219;1236471808;21590016;1384361984;0;0;0;0;0;0;0;0;0;0;0;3537;0;0;133;0;202;0;
24795;8980599;1236471808;21590016;1384361984;0;0;0;0;0;0;0;0;0;0;0;4919;0;0;133;0;202;0;
24796;8225693;1236471808;21590016;1384361984;0;0;0;0;0;0;0;0;0;0;0;3757;0;0;133;0;202;0;
24797;11570546;1236471808;21594112;1384366080;0;0;0;0;0;0;0;0;0;0;0;4419;0;0;133;0;202;0;
24798;8021070;1236471808;21598208;1384370176;0;0;0;0;0;0;0;0;0;0;0;4819;0;0;133;0;202;0;
24799;12296426;1241194496;28094464;1390866432;0;0;0;0;0;0;0;0;0;0;0;4919;0;0;133;0;202;0;
24800;6579536;1241194496;28094464;1390866432;0;0;0;0;0;0;0;0;0;0;0;3156;0;0;133;0;202;0;
24801;9959154;1241194496;28094464;1390866432;0;0;0;0;0;0;0;0;0;0;0;5199;0;0;133;0;202;0;
24802;7147392;1241194496;28094464;1390866432;0;0;0;0;0;0;0;0;0;0;0;3686;0;0;133;0;202;0;
24803;7967580;1241194496;28094464;1390866432;0;0;0;0;0;0;0;0;0;0;0;4809;0;0;133;0;202;0;
24804;8918663;1241296896;28086272;1390858240;0;0;0;0;0;0;0;0;0;0;0;3878;0;0;133;0;202;0;
24805;8715432;1241296896;28086272;1390858240;0;0;0;0;0;0;0;0;0;0;0;4900;0;0;133;0;202;0;
24806;8102192;1241296896;28086272;1390858240;0;0;0;0;0;0;0;0;0;0;0;4027;0;0;133;0;202;0;
24807;11131402;1241296896;28086272;1390858240;0;0;0;0;0;0;0;0;0;0;0;3777;0;0;133;0;202;0;
24808;5635126;1241296896;28086272;1390858240;0;0;0;0;0;0;0;0;0;0;0;5220;0;0;133;0;202;0;
24809;12542698;1241296896;28086272;1390858240;0;0;0;0;0;0;0;0;0;0;0;4729;0;0;133;0;202;0;
24810;5871900;1241296896;28086272;1390858240;0;0;0;0;0;0;0;0;0;0;0;3717;0;0;133;0;202;0;
24811;13837936;1241296896;28086272;1390858240;0;0;0;0;0;0;0;0;0;0;0;4178;0;0;133;0;202;0;
24812;8976411;1241296896;28086272;1390858240;0;0;0;0;0;0;0;0;0;0;0;3777;0;0;133;0;202;0;
24813;10265899;1241296896;28086272;1390858240;0;0;0;0;0;0;0;0;0;0;0;4118;0;0;133;0;202;0;
24814;9878592;1236471808;21590016;1384361984;0;0;0;0;0;0;0;0;0;0;0;3517;0;0;133;0;202;0;
24815;11190673;1236471808;21590016;1384361984;0;0;0;0;0;0;0;0;0;0;0;42339;0;0;133;0;202;0;
24816;10215905;1236471808;21594112;1384366080;0;0;0;0;0;0;0;0;0;0;0;3727;0;0;133;0;202;0;
24817;10230413;1236471808;21594112;1384366080;0;0;0;0;0;0;0;0;0;0;0;7233;0;0;133;0;202;0;
24818;8208862;1236471808;21594112;1384366080;0;0;0;0;0;0;0;0;0;0;0;3517;0;0;133;0;202;0;
24819;7524509;1236471808;21594112;1384366080;0;0;0;0;0;0;0;0;0;0;0;4097;0;0;133;0;202;0;
24820;8113894;1236471808;21594112;1384366080;0;0;0;0;0;0;0;0;0;0;0;6172;0;0;133;0;202;0;
24821;11591535;1236471808;21594112;1384366080;0;0;0;0;0;0;0;0;0;0;0;4859;0;0;133;0;202;0;
24822;6260639;1236471808;21590016;1384361984;0;0;0;0;0;0;0;0;0;0;0;4288;0;0;133;0;202;0;
24823;8624782;1236471808;21590016;1384361984;0;0;0;0;0;0;0;0;0;0;0;3777;0;0;133;0;202;0;
24824;15985925;1236471808;21590016;1384361984;0;0;0;0;0;0;0;0;0;0;0;4880;0;0;133;0;202;0;
24825;10248716;1236471808;21590016;1384361984;0;0;0;0;0;0;0;0;0;0;0;3868;0;0;133;0;202;0;
24826;7322561;1236471808;21590016;1384361984;0;0;0;0;0;0;0;0;0;0;0;3547;0;0;133;0;202;0;
24827;10629060;1236471808;21590016;1384361984;0;0;0;0;0;0;0;0;0;0;0;4298;0;0;133;0;202;0;
24828;11319785;1236471808;21590016;1384361984;0;0;0;0;0;0;0;0;0;0;0;3888;0;0;133;0;202;0;
24829;9552161;1241194496;28086272;1390858240;0;0;0;0;0;0;0;0;0;0;0;4438;0;0;133;0;202;0;
24830;8580689;1241194496;28086272;1390858240;0;0;0;0;0;0;0;0;0;0;0;4358;0;0;133;0;202;0;
24831;8336531;1241194496;28086272;1390858240;0;0;0;0;0;0;0;0;0;0;0;3977;0;0;133;0;202;0;
24832;8899687;1241194496;28086272;1390858240;0;0;0;0;0;0;0;0;0;0;0;4749;0;0;133;0;202;0;
24833;8294653;1241194496;28086272;1390858240;0;0;0;0;0;0;0;0;0;0;0;3758;0;0;133;0;202;0;
24834;9698225;1241194496;28086272;1390858240;0;0;0;0;0;0;0;0;0;0;0;4228;0;0;133;0;202;0;
24835;9234896;1241194496;28086272;1390858240;0;0;0;0;0;0;0;0;0;0;0;4027;0;0;133;0;202;0;
24836;7831405;1241194496;28086272;1390858240;0;0;0;0;0;0;0;0;0;0;0;4679;0;0;133;0;202;0;
24837;12697067;1241194496;28086272;1390858240;0;0;0;0;0;0;0;0;0;0;0;4899;0;0;133;0;202;0;
24838;7892349;1236471808;21590016;1384361984;0;0;0;0;0;0;0;0;0;0;0;5931;0;0;133;0;202;0;
24839;8790182;1236471808;21590016;1384361984;0;0;0;0;0;0;0;0;0;0;0;4208;0;0;133;0;202;0;
24840;8729218;1236471808;21590016;1384361984;0;0;0;0;0;0;0;0;0;0;0;4117;0;0;133;0;202;0;
24841;8275226;1236471808;21590016;1384361984;0;0;0;0;0;0;0;0;0;0;0;4358;0;0;133;0;202;0;
24842;7527755;1236471808;21590016;1384361984;0;0;0;0;0;0;0;0;0;0;0;4538;0;0;133;0;202;0;
24843;10678302;1236471808;21590016;1384361984;0;0;0;0;0;0;0;0;0;0;0;4168;0;0;133;0;202;0;
24844;7143835;1236471808;21590016;1384361984;0;0;0;0;0;0;0;0;0;0;0;5541;0;0;133;0;202;0;
24845;10776116;1236471808;21590016;1384361984;0;0;0;0;0;0;0;0;0;0;0;4659;0;0;133;0;202;0;
24846;6863830;1236471808;21590016;1384361984;0;0;0;0;0;0;0;0;0;0;0;4399;0;0;133;0;202;0;
24847;12745809;1236471808;21590016;1384361984;0;0;0;0;0;0;0;0;0;0;0;4809;0;0;133;0;202;0;
24848;4792776;1236471808;21590016;1384361984;0;0;0;0;0;0;0;0;0;0;0;5490;0;0;133;0;202;0;
24849;10058891;1236471808;21590016;1384361984;0;0;0;0;0;0;0;0;0;0;0;4528;0;0;133;0;202;0;
24850;7563983;1236471808;21590016;1384361984;0;0;0;0;0;0;0;0;0;0;0;4618;0;0;133;0;202;0;
24851;10332294;1241194496;28086272;1390858240;0;0;0;0;0;0;0;0;0;0;0;7855;0;0;133;0;202;0;
24852;13493010;1241194496;28094464;1390866432;0;0;0;0;0;0;0;0;0;0;0;4479;0;0;133;0;202;0;
24853;21642942;1241194496;28094464;1390866432;0;0;0;0;0;0;0;0;0;0;0;4108;0;0;133;0;202;0;
24854;13192426;1241194496;28094464;1390866432;0;0;0;0;0;0;0;0;0;0;0;4509;0;0;133;0;202;0;
24855;11785900;1241194496;28094464;1390866432;0;0;0;0;0;0;0;0;0;0;0;3888;0;0;133;0;202;0;
24856;10790703;1241194496;28094464;1390866432;0;0;0;0;0;0;0;0;0;0;0;4057;0;0;133;0;202;0;
24857;12994655;1241194496;28094464;1390866432;0;0;0;0;0;0;0;0;0;0;0;3477;0;0;133;0;202;0;
24858;10309641;1241296896;28086272;1390858240;0;0;0;0;0;0;0;0;0;0;0;4088;0;0;133;0;202;0;
24859;9888982;1241296896;28086272;1390858240;0;0;0;0;0;0;0;0;0;0;0;4779;0;0;133;0;202;0;
24860;7062393;1236471808;21590016;1384361984;0;0;0;0;0;0;0;0;0;0;0;3577;0;0;133;0;202;0;
24861;7671925;1236471808;21590016;1384361984;0;0;0;0;0;0;0;0;0;0;0;3827;0;0;133;0;202;0;
24862;8624231;1236471808;21590016;1384361984;0;0;0;0;0;0;0;0;0;0;0;3296;0;0;133;0;202;0;
24863;8909566;1236471808;21590016;1384361984;0;0;0;0;0;0;0;0;0;0;0;3928;0;0;133;0;202;0;
24864;7228644;1236471808;21590016;1384361984;0;0;0;0;0;0;0;0;0;0;0;4739;0;0;133;0;202;0;
24865;8985758;1236471808;21590016;1384361984;0;0;0;0;0;0;0;0;0;0;0;3337;0;0;133;0;202;0;
24866;12794961;1236471808;21606400;1384378368;0;0;0;0;0;0;0;0;0;0;0;5821;0;0;133;0;202;0;
24867;8051737;1236742144;21639168;1384411136;0;0;0;0;0;0;0;0;0;0;0;3817;0;0;133;0;202;0;
24868;7391871;1236742144;21643264;1384415232;0;0;0;0;0;0;0;0;0;0;0;4137;0;0;133;0;202;0;
24869;8541045;1236742144;21643264;1384415232;0;0;0;0;0;0;0;0;0;0;0;4077;0;0;133;0;202;0;
24870;6397085;1236742144;21643264;1384415232;0;0;0;0;0;0;0;0;0;0;0;4298;0;0;133;0;202;0;
24871;10868920;1236742144;21643264;1384415232;0;0;0;0;0;0;0;0;0;0;0;4318;0;0;133;0;202;0;
24872;8539843;1236742144;21643264;1384415232;0;0;0;0;0;0;0;0;0;0;0;4338;0;0;133;0;202;0;
24873;10586871;1236742144;21643264;1384415232;0;0;0;0;0;0;0;0;0;0;0;4368;0;0;133;0;202;0;
24874;9447274;1236733952;21614592;1384386560;0;0;0;0;0;0;0;0;0;0;0;3637;0;0;133;0;202;0;
24875;11363537;1241456640;28110848;1390882816;0;0;0;0;0;0;0;0;0;0;0;3947;0;0;133;0;202;0;
24876;9648351;1241538560;28090368;1390862336;0;0;0;0;0;0;0;0;0;0;0;5170;0;0;133;0;202;0;
24877;9911384;1241538560;28090368;1390862336;0;0;0;0;0;0;0;0;0;0;0;4980;0;0;133;0;202;0;
24878;5897087;1241538560;28090368;1390862336;0;0;0;0;0;0;0;0;0;0;0;3707;0;0;133;0;202;0;
24879;9999419;1241538560;28090368;1390862336;0;0;0;0;0;0;0;0;0;0;0;5530;0;0;133;0;202;0;
24880;9924349;1241538560;28090368;1390862336;0;0;0;0;0;0;0;0;0;0;0;4218;0;0;133;0;202;0;
24881;11106154;1241538560;28090368;1390862336;0;0;0;0;0;0;0;0;0;0;0;4509;0;0;133;0;202;0;
24882;9978220;1241538560;28090368;1390862336;0;0;0;0;0;0;0;0;0;0;0;4439;0;0;133;0;202;0;
24883;9527856;1241538560;28090368;1390862336;0;0;0;0;0;0;0;0;0;0;0;3176;0;0;133;0;202;0;
24884;10567594;1236713472;21594112;1384366080;0;0;0;0;0;0;0;0;0;0;0;4008;0;0;133;0;202;0;
24885;11114681;1236713472;21594112;1384366080;0;0;0;0;0;0;0;0;0;0;0;4389;0;0;133;0;202;0;
24886;9469175;1236713472;21594112;1384366080;0;0;0;0;0;0;0;0;0;0;0;4308;0;0;133;0;202;0;
24887;10797015;1236713472;21594112;1384366080;0;0;0;0;0;0;0;0;0;0;0;4228;0;0;133;0;202;0;
24888;9161969;1236713472;21594112;1384366080;0;0;0;0;0;0;0;0;0;0;0;3897;0;0;133;0;202;0;
24889;10854633;1236713472;21594112;1384366080;0;0;0;0;0;0;0;0;0;0;0;4037;0;0;133;0;202;0;
24890;9272095;1236713472;21594112;1384366080;0;0;0;0;0;0;0;0;0;0;0;3747;0;0;133;0;202;0;
24891;11223444;1236713472;21594112;1384366080;0;0;0;0;0;0;0;0;0;0;0;4880;0;0;133;0;202;0;
24892;12137067;1236713472;21594112;1384366080;0;0;0;0;0;0;0;0;0;0;0;3367;0;0;133;0;202;0;
24893;8549140;1236713472;21594112;1384366080;0;0;0;0;0;0;0;0;0;0;0;4398;0;0;133;0;202;0;
24894;7985954;1236713472;21594112;1384366080;0;0;0;0;0;0;0;0;0;0;0;4939;0;0;133;0;202;0;
24895;8180078;1236713472;21594112;1384366080;0;0;0;0;0;0;0;0;0;0;0;4619;0;0;133;0;202;0;
24896;6199284;1236713472;21594112;1384366080;0;0;0;0;0;0;0;0;0;0;0;4077;0;0;133;0;202;0;
24897;10102282;1241436160;28090368;1390862336;0;0;0;0;0;0;0;0;0;0;0;4288;0;0;133;0;202;0;
24898;5964153;1241436160;28090368;1390862336;0;0;0;0;0;0;0;0;0;0;0;4098;0;0;133;0;202;0;
24899;10279034;1241436160;28090368;1390862336;0;0;0;0;0;0;0;0;0;0;0;4799;0;0;133;0;202;0;
24900;7962260;1241436160;28090368;1390862336;0;0;0;0;0;0;0;0;0;0;0;4308;0;0;133;0;202;0;
24901;8487495;1241436160;28090368;1390862336;0;0;0;0;0;0;0;0;0;0;0;5611;0;0;133;0;202;0;
24902;7573350;1241436160;28090368;1390862336;0;0;0;0;0;0;0;0;0;0;0;4298;0;0;133;0;202;0;
24903;9581586;1241436160;28090368;1390862336;0;0;0;0;0;0;0;0;0;0;0;4218;0;0;133;0;202;0;
24904;8219933;1241436160;28090368;1390862336;0;0;0;0;0;0;0;0;0;0;0;4097;0;0;133;0;202;0;
24905;10162014;1241436160;28090368;1390862336;0;0;0;0;0;0;0;0;0;0;0;4368;0;0;133;0;202;0;
24906;7606733;1236713472;21594112;1384366080;0;0;0;0;0;0;0;0;0;0;0;3777;0;0;133;0;202;0;
24907;9898000;1236713472;21594112;1384366080;0;0;0;0;0;0;0;0;0;0;0;4559;0;0;133;0;202;0;
24908;7184070;1236713472;21594112;1384366080;0;0;0;0;0;0;0;0;0;0;0;4819;0;0;133;0;202;0;
24909;10292378;1236713472;21594112;1384366080;0;0;0;0;0;0;0;0;0;0;0;4308;0;0;133;0;202;0;
24910;8065984;1236713472;21594112;1384366080;0;0;0;0;0;0;0;0;0;0;0;3907;0;0;133;0;202;0;
24911;10970070;1236713472;21594112;1384366080;0;0;0;0;0;0;0;0;0;0;0;3587;0;0;133;0;202;0;
24912;7849338;1236713472;21594112;1384366080;0;0;0;0;0;0;0;0;0;0;0;3897;0;0;133;0;202;0;
24913;9498730;1236713472;21594112;1384366080;0;0;0;0;0;0;0;0;0;0;0;3938;0;0;133;0;202;0;
24914;9088822;1236713472;21594112;1384366080;0;0;0;0;0;0;0;0;0;0;0;4017;0;0;133;0;202;0;
24915;8828303;1236713472;21594112;1384366080;0;0;0;0;0;0;0;0;0;0;0;3917;0;0;133;0;202;0;
24916;8450445;1236713472;21594112;1384366080;0;0;0;0;0;0;0;0;0;0;0;3246;0;0;133;0;202;0;
24917;7736627;1236713472;21594112;1384366080;0;0;0;0;0;0;0;0;0;0;0;4839;0;0;133;0;202;0;
24918;7113659;1236713472;21594112;1384366080;0;0;0;0;0;0;0;0;0;0;0;4258;0;0;133;0;202;0;
24919;8403317;1236713472;21594112;1384366080;0;0;0;0;0;0;0;0;0;0;0;4098;0;0;133;0;202;0;
24920;6447089;1236713472;21594112;1384366080;0;0;0;0;0;0;0;0;0;0;0;3967;0;0;133;0;202;0;
24921;11062112;1241436160;28090368;1390862336;0;0;0;0;0;0;0;0;0;0;0;6332;0;0;133;0;202;0;
24922;6486693;1241436160;28090368;1390862336;0;0;0;0;0;0;0;0;0;0;0;4288;0;0;133;0;202;0;
24923;9905122;1241436160;28090368;1390862336;0;0;0;0;0;0;0;0;0;0;0;4749;0;0;133;0;202;0;
24924;6242014;1241436160;28090368;1390862336;0;0;0;0;0;0;0;0;0;0;0;3367;0;0;133;0;202;0;
24925;7406197;1241436160;28090368;1390862336;0;0;0;0;0;0;0;0;0;0;0;5259;0;0;133;0;202;0;
24926;8151424;1241436160;28090368;1390862336;0;0;0;0;0;0;0;0;0;0;0;3677;0;0;133;0;202;0;
24927;16672191;1241436160;28090368;1390862336;0;0;0;0;0;0;0;0;0;0;0;4789;0;0;133;0;202;0;
24928;6231474;1241436160;28090368;1390862336;0;0;0;0;0;0;0;0;0;0;0;4088;0;0;133;0;202;0;
24929;14064261;1241436160;28090368;1390862336;0;0;0;0;0;0;0;0;0;0;0;3656;0;0;133;0;202;0;
24930;15281294;1236713472;21594112;1384366080;0;0;0;0;0;0;0;0;0;0;0;3347;0;0;133;0;202;0;
24931;9829651;1236713472;21594112;1384366080;0;0;0;0;0;0;0;0;0;0;0;4399;0;0;133;0;202;0;
24932;8352462;1236713472;21594112;1384366080;0;0;0;0;0;0;0;0;0;0;0;4538;0;0;133;0;202;0;
24933;8590348;1236713472;21594112;1384366080;0;0;0;0;0;0;0;0;0;0;0;3417;0;0;133;0;202;0;
24934;9231069;1236713472;21594112;1384366080;0;0;0;0;0;0;0;0;0;0;0;3677;0;0;133;0;202;0;
24935;9204168;1236713472;21594112;1384366080;0;0;0;0;0;0;0;0;0;0;0;4348;0;0;133;0;202;0;
24936;9652640;1236713472;21594112;1384366080;0;0;0;0;0;0;0;0;0;0;0;3657;0;0;133;0;202;0;
24937;11857713;1236713472;21594112;1384366080;0;0;0;0;0;0;0;0;0;0;0;4910;0;0;133;0;202;0;
24938;9686713;1236713472;21594112;1384366080;0;0;0;0;0;0;0;0;0;0;0;4348;0;0;133;0;202;0;
24939;13022858;1236713472;21594112;1384366080;0;0;0;0;0;0;0;0;0;0;0;4489;0;0;133;0;202;0;
24940;6288882;1236713472;21594112;1384366080;0;0;0;0;0;0;0;0;0;0;0;5280;0;0;133;0;202;0;
24941;9685601;1236713472;21594112;1384366080;0;0;0;0;0;0;0;0;0;0;0;3446;0;0;133;0;202;0;
24942;9868194;1236713472;21594112;1384366080;0;0;0;0;0;0;0;0;0;0;0;3697;0;0;133;0;202;0;
24943;13521493;1241436160;28090368;1390862336;0;0;0;0;0;0;0;0;0;0;0;3727;0;0;133;0;202;0;
24944;9873153;1241436160;28090368;1390862336;0;0;0;0;0;0;0;0;0;0;0;4408;0;0;133;0;202;0;
24945;9946790;1241436160;28090368;1390862336;0;0;0;0;0;0;0;0;0;0;0;4278;0;0;133;0;202;0;
24946;10020389;1241436160;28090368;1390862336;0;0;0;0;0;0;0;0;0;0;0;202409;0;0;133;0;202;0;
24947;10994355;1241436160;28090368;1390862336;0;0;0;0;0;0;0;0;0;0;0;5270;0;0;133;0;202;0;
24948;8505749;1241436160;28094464;1390866432;0;0;0;0;0;0;0;0;0;0;0;4478;0;0;133;0;202;0;
24949;11615400;1241436160;28094464;1390866432;0;0;0;0;0;0;0;0;0;0;0;4419;0;0;133;0;202;0;
24950;9830874;1241436160;28094464;1390866432;0;0;0;0;0;0;0;0;0;0;0;4499;0;0;133;0;202;0;
24951;8304321;1241436160;28094464;1390866432;0;0;0;0;0;0;0;0;0;0;0;5790;0;0;133;0;202;0;
24952;10217970;1236717568;21598208;1384370176;0;0;0;0;0;0;0;0;0;0;0;4008;0;0;133;0;202;0;
24953;8643757;1236717568;21598208;1384370176;0;0;0;0;0;0;0;0;0;0;0;5720;0;0;133;0;202;0;
24954;7340284;1236717568;21598208;1384370176;0;0;0;0;0;0;0;0;0;0;0;4288;0;0;133;0;202;0;
24955;8902724;1236717568;21598208;1384370176;0;0;0;0;0;0;0;0;0;0;0;4047;0;0;133;0;202;0;
24956;10655039;1236717568;21606400;1384378368;0;0;0;0;0;0;0;0;0;0;0;3737;0;0;133;0;202;0;
24957;8365045;1236717568;21606400;1384378368;0;0;0;0;0;0;0;0;0;0;0;3947;0;0;133;0;202;0;
24958;9405456;1236717568;21606400;1384378368;0;0;0;0;0;0;0;0;0;0;0;4308;0;0;133;0;202;0;
24959;11938395;1236717568;21606400;1384378368;0;0;0;0;0;0;0;0;0;0;0;3797;0;0;133;0;202;0;
24960;9411176;1236717568;21606400;1384378368;0;0;0;0;0;0;0;0;0;0;0;3907;0;0;133;0;202;0;
24961;9634204;1236717568;21606400;1384378368;0;0;0;0;0;0;0;0;0;0;0;3767;0;0;133;0;202;0;
24962;8893706;1236717568;21598208;1384370176;0;0;0;0;0;0;0;0;0;0;0;3577;0;0;133;0;202;0;
24963;15123968;1236717568;21598208;1384370176;0;0;0;0;0;0;0;0;0;0;0;3667;0;0;133;0;202;0;
24964;8014347;1236717568;21598208;1384370176;0;0;0;0;0;0;0;0;0;0;0;3947;0;0;133;0;202;0;
24965;12697017;1241440256;28094464;1390866432;0;0;0;0;0;0;0;0;0;0;0;6032;0;0;133;0;202;0;
24966;10225233;1241440256;28094464;1390866432;0;0;0;0;0;0;0;0;0;0;0;4378;0;0;133;0;202;0;
24967;8213631;1241440256;28094464;1390866432;0;0;0;0;0;0;0;0;0;0;0;5169;0;0;133;0;202;0;
24968;8380324;1241440256;28094464;1390866432;0;0;0;0;0;0;0;0;0;0;0;5039;0;0;133;0;202;0;
24969;14274475;1241440256;28094464;1390866432;0;0;0;0;0;0;0;0;0;0;0;5881;0;0;133;0;202;0;
24970;8940754;1241440256;28094464;1390866432;0;0;0;0;0;0;0;0;0;0;0;5059;0;0;133;0;202;0;
24971;9811798;1241440256;28094464;1390866432;0;0;0;0;0;0;0;0;0;0;0;4398;0;0;133;0;202;0;
24972;8588855;1241440256;28094464;1390866432;0;0;0;0;0;0;0;0;0;0;0;4308;0;0;133;0;202;0;
24973;9451072;1241440256;28094464;1390866432;0;0;0;0;0;0;0;0;0;0;0;4308;0;0;133;0;202;0;
24974;9812028;1236717568;21598208;1384370176;0;0;0;0;0;0;0;0;0;0;0;6903;0;0;133;0;202;0;
24975;8848160;1236717568;21598208;1384370176;0;0;0;0;0;0;0;0;0;0;0;4258;0;0;133;0;202;0;
24976;8496932;1236717568;21598208;1384370176;0;0;0;0;0;0;0;0;0;0;0;5711;0;0;133;0;202;0;
24977;8743525;1236717568;21598208;1384370176;0;0;0;0;0;0;0;0;0;0;0;3717;0;0;133;0;202;0;
24978;8531296;1236717568;21598208;1384370176;0;0;0;0;0;0;0;0;0;0;0;7584;0;0;133;0;202;0;
24979;8820258;1236717568;21598208;1384370176;0;0;0;0;0;0;0;0;0;0;0;4378;0;0;133;0;202;0;
24980;6466555;1236717568;21598208;1384370176;0;0;0;0;0;0;0;0;0;0;0;14046;0;0;133;0;202;0;
24981;10979988;1236717568;21598208;1384370176;0;0;0;0;0;0;0;0;0;0;0;4148;0;0;133;0;202;0;
24982;6624501;1236717568;21598208;1384370176;0;0;0;0;0;0;0;0;0;0;0;5060;0;0;133;0;202;0;
24983;12113854;1236717568;21598208;1384370176;0;0;0;0;0;0;0;0;0;0;0;4959;0;0;133;0;202;0;
24984;9691011;1236717568;21598208;1384370176;0;0;0;0;0;0;0;0;0;0;0;4348;0;0;133;0;202;0;
24985;8751239;1236717568;21598208;1384370176;0;0;0;0;0;0;0;0;0;0;0;4909;0;0;133;0;202;0;
24986;8389762;1236717568;21598208;1384370176;0;0;0;0;0;0;0;0;0;0;0;3567;0;0;133;0;202;0;
24987;10514255;1236717568;21598208;1384370176;0;0;0;0;0;0;0;0;0;0;0;4258;0;0;133;0;202;0;
24988;10184306;1236717568;21598208;1384370176;0;0;0;0;0;0;0;0;0;0;0;5200;0;0;133;0;202;0;
24989;11069977;1241440256;28094464;1390866432;0;0;0;0;0;0;0;0;0;0;0;4058;0;0;133;0;202;0;
24990;9043697;1241440256;28094464;1390866432;0;0;0;0;0;0;0;0;0;0;0;4408;0;0;133;0;202;0;
24991;10322916;1241440256;28094464;1390866432;0;0;0;0;0;0;0;0;0;0;0;4718;0;0;133;0;202;0;
24992;9092018;1241440256;28094464;1390866432;0;0;0;0;0;0;0;0;0;0;0;4899;0;0;133;0;202;0;
24993;10830287;1241440256;28094464;1390866432;0;0;0;0;0;0;0;0;0;0;0;4870;0;0;133;0;202;0;
24994;9769118;1241440256;28094464;1390866432;0;0;0;0;0;0;0;0;0;0;0;3727;0;0;133;0;202;0;
24995;10077747;1241440256;28094464;1390866432;0;0;0;0;0;0;0;0;0;0;0;4900;0;0;133;0;202;0;
24996;7650925;1241440256;28094464;1390866432;0;0;0;0;0;0;0;0;0;0;0;3747;0;0;133;0;202;0;
24997;11441884;1241440256;28094464;1390866432;0;0;0;0;0;0;0;0;0;0;0;4017;0;0;133;0;202;0;
24998;8898505;1236717568;21598208;1384370176;0;0;0;0;0;0;0;0;0;0;0;4718;0;0;133;0;202;0;
24999;7049297;1236717568;21598208;1384370176;0;0;0;0;0;0;0;0;0;0;0;3537;0;0;133;0;202;0;
25000;7784196;1236717568;21598208;1384370176;0;0;0;0;0;0;0;0;0;0;0;4358;0;0;133;0;202;0;
25001;9397150;1236717568;21598208;1384370176;0;0;0;0;0;0;0;0;0;0;0;4508;0;0;133;0;202;0;
25002;9003101;1236717568;21598208;1384370176;0;0;0;0;0;0;0;0;0;0;0;5801;0;0;133;0;202;0;
25003;14014167;1236717568;21598208;1384370176;0;0;0;0;0;0;0;0;0;0;0;5240;0;0;133;0;202;0;
25004;5840982;1236717568;21598208;1384370176;0;0;0;0;0;0;0;0;0;0;0;4369;0;0;133;0;202;0;
25005;12920246;1236717568;21598208;1384370176;0;0;0;0;0;0;0;0;0;0;0;5250;0;0;133;0;202;0;
25006;10351710;1236717568;21598208;1384370176;0;0;0;0;0;0;0;0;0;0;0;3967;0;0;133;0;202;0;
25007;9266435;1236717568;21598208;1384370176;0;0;0;0;0;0;0;0;0;0;0;3647;0;0;133;0;202;0;
25008;7086988;1236717568;21606400;1384378368;0;0;0;0;0;0;0;0;0;0;0;5009;0;0;133;0;202;0;
25009;10355707;1241440256;28102656;1390874624;0;0;0;0;0;0;0;0;0;0;0;3917;0;0;133;0;202;0;
25010;5634014;1241440256;28102656;1390874624;0;0;0;0;0;0;0;0;0;0;0;4429;0;0;133;0;202;0;
25011;11406257;1241440256;28102656;1390874624;0;0;0;0;0;0;0;0;0;0;0;4538;0;0;133;0;202;0;
25012;7328943;1241440256;28102656;1390874624;0;0;0;0;0;0;0;0;0;0;0;5330;0;0;133;0;202;0;
25013;9645787;1241440256;28102656;1390874624;0;0;0;0;0;0;0;0;0;0;0;4969;0;0;133;0;202;0;
25014;8221405;1241542656;28094464;1390866432;0;0;0;0;0;0;0;0;0;0;0;3306;0;0;133;0;202;0;
25015;10238097;1241542656;28094464;1390866432;0;0;0;0;0;0;0;0;0;0;0;4859;0;0;133;0;202;0;
25016;6856787;1241542656;28094464;1390866432;0;0;0;0;0;0;0;0;0;0;0;3817;0;0;133;0;202;0;
25017;8211487;1241542656;28094464;1390866432;0;0;0;0;0;0;0;0;0;0;0;3907;0;0;133;0;202;0;
25018;10107953;1241542656;28094464;1390866432;0;0;0;0;0;0;0;0;0;0;0;3606;0;0;133;0;202;0;
25019;8926016;1241542656;28094464;1390866432;0;0;0;0;0;0;0;0;0;0;0;3156;0;0;133;0;202;0;
25020;10105879;1241542656;28094464;1390866432;0;0;0;0;0;0;0;0;0;0;0;3026;0;0;133;0;202;0;
25021;8691958;1241542656;28094464;1390866432;0;0;0;0;0;0;0;0;0;0;0;5550;0;0;133;0;202;0;
25022;10176902;1241542656;28094464;1390866432;0;0;0;0;0;0;0;0;0;0;0;3466;0;0;133;0;202;0;
25023;8240031;1241542656;28094464;1390866432;0;0;0;0;0;0;0;0;0;0;0;4288;0;0;133;0;202;0;
25024;7982057;1236717568;21598208;1384370176;0;0;0;0;0;0;0;0;0;0;0;4058;0;0;133;0;202;0;
25025;7895414;1236717568;21598208;1384370176;0;0;0;0;0;0;0;0;0;0;0;5671;0;0;133;0;202;0;
25026;9511555;1236717568;21598208;1384370176;0;0;0;0;0;0;0;0;0;0;0;4558;0;0;133;0;202;0;
25027;7789546;1236717568;21598208;1384370176;0;0;0;0;0;0;0;0;0;0;0;4899;0;0;133;0;202;0;
25028;9731187;1236717568;21598208;1384370176;0;0;0;0;0;0;0;0;0;0;0;4599;0;0;133;0;202;0;
25029;10374402;1236717568;21598208;1384370176;0;0;0;0;0;0;0;0;0;0;0;4498;0;0;133;0;202;0;
25030;10650119;1236717568;21598208;1384370176;0;0;0;0;0;0;0;0;0;0;0;3687;0;0;133;0;202;0;
25031;11193118;1236717568;21598208;1384370176;0;0;0;0;0;0;0;0;0;0;0;3778;0;0;133;0;202;0;
25032;9815324;1236717568;21598208;1384370176;0;0;0;0;0;0;0;0;0;0;0;4518;0;0;133;0;202;0;
25033;14413426;1236717568;21598208;1384370176;0;0;0;0;0;0;0;0;0;0;0;3567;0;0;133;0;202;0;
25034;9500404;1236717568;21598208;1384370176;0;0;0;0;0;0;0;0;0;0;0;3957;0;0;133;0;202;0;
25035;8715482;1241440256;28094464;1390866432;0;0;0;0;0;0;0;0;0;0;0;3988;0;0;133;0;202;0;
25036;8216998;1241440256;28094464;1390866432;0;0;0;0;0;0;0;0;0;0;0;4498;0;0;133;0;202;0;
25037;11314355;1241440256;28094464;1390866432;0;0;0;0;0;0;0;0;0;0;0;3987;0;0;133;0;202;0;
25038;10119034;1241440256;28094464;1390866432;0;0;0;0;0;0;0;0;0;0;0;4429;0;0;133;0;202;0;
25039;11345393;1241440256;28094464;1390866432;0;0;0;0;0;0;0;0;0;0;0;4288;0;0;133;0;202;0;
25040;11728291;1241440256;28094464;1390866432;0;0;0;0;0;0;0;0;0;0;0;4348;0;0;133;0;202;0;
25041;11673879;1241440256;28094464;1390866432;0;0;0;0;0;0;0;0;0;0;0;3216;0;0;133;0;202;0;
25042;11041774;1241440256;28094464;1390866432;0;0;0;0;0;0;0;0;0;0;0;5581;0;0;133;0;202;0;
25043;11850790;1241440256;28094464;1390866432;0;0;0;0;0;0;0;0;0;0;0;4158;0;0;133;0;202;0;
25044;12490100;1236717568;21598208;1384370176;0;0;0;0;0;0;0;0;0;0;0;4007;0;0;133;0;202;0;
25045;14540514;1236717568;21598208;1384370176;0;0;0;0;0;0;0;0;0;0;0;5760;0;0;133;0;202;0;
25046;10056296;1236717568;21598208;1384370176;0;0;0;0;0;0;0;0;0;0;0;5902;0;0;133;0;202;0;
25047;12426550;1236717568;21598208;1384370176;0;0;0;0;0;0;0;0;0;0;0;4158;0;0;133;0;202;0;
25048;7716398;1236717568;21598208;1384370176;0;0;0;0;0;0;0;0;0;0;0;3075;0;0;133;0;202;0;
25049;14343535;1236717568;21598208;1384370176;0;0;0;0;0;0;0;0;0;0;0;3787;0;0;133;0;202;0;
25050;12004489;1236717568;21598208;1384370176;0;0;0;0;0;0;0;0;0;0;0;6021;0;0;133;0;202;0;
25051;13011618;1236717568;21598208;1384370176;0;0;0;0;0;0;0;0;0;0;0;5340;0;0;133;0;202;0;
25052;12184457;1236717568;21598208;1384370176;0;0;0;0;0;0;0;0;0;0;0;4468;0;0;133;0;202;0;
25053;12132790;1236717568;21598208;1384370176;0;0;0;0;0;0;0;0;0;0;0;6081;0;0;133;0;202;0;
25054;7574813;1236717568;21598208;1384370176;0;0;0;0;0;0;0;0;0;0;0;5249;0;0;133;0;202;0;
25055;10921248;1236717568;21598208;1384370176;0;0;0;0;0;0;0;0;0;0;0;3957;0;0;133;0;202;0;
25056;8345508;1236717568;21598208;1384370176;0;0;0;0;0;0;0;0;0;0;0;3907;0;0;133;0;202;0;
25057;10174147;1241440256;28094464;1390866432;0;0;0;0;0;0;0;0;0;0;0;5119;0;0;133;0;202;0;
25058;8254107;1241440256;28102656;1390874624;0;0;0;0;0;0;0;0;0;0;0;6983;0;0;133;0;202;0;
25059;9489573;1241440256;28102656;1390874624;0;0;0;0;0;0;0;0;0;0;0;4759;0;0;133;0;202;0;
25060;7859497;1241440256;28102656;1390874624;0;0;0;0;0;0;0;0;0;0;0;3997;0;0;133;0;202;0;
25061;10139713;1241440256;28102656;1390874624;0;0;0;0;0;0;0;0;0;0;0;3707;0;0;133;0;202;0;
25062;10138821;1241440256;28102656;1390874624;0;0;0;0;0;0;0;0;0;0;0;4348;0;0;133;0;202;0;
25063;10767429;1241440256;28102656;1390874624;0;0;0;0;0;0;0;0;0;0;0;3927;0;0;133;0;202;0;
25064;7608396;1241542656;28094464;1390866432;0;0;0;0;0;0;0;0;0;0;0;3817;0;0;133;0;202;0;
25065;8710582;1241542656;28094464;1390866432;0;0;0;0;0;0;0;0;0;0;0;3978;0;0;133;0;202;0;
25066;9533095;1236717568;21598208;1384370176;0;0;0;0;0;0;0;0;0;0;0;3326;0;0;133;0;202;0;
25067;8444564;1236717568;21598208;1384370176;0;0;0;0;0;0;0;0;0;0;0;3196;0;0;133;0;202;0;
25068;8003167;1236717568;21598208;1384370176;0;0;0;0;0;0;0;0;0;0;0;4779;0;0;133;0;202;0;
25069;11518788;1236717568;21598208;1384370176;0;0;0;0;0;0;0;0;0;0;0;5370;0;0;133;0;202;0;
25070;8999775;1236717568;21598208;1384370176;0;0;0;0;0;0;0;0;0;0;0;9317;0;0;133;0;202;0;
25071;8273934;1236717568;21598208;1384370176;0;0;0;0;0;0;0;0;0;0;0;3747;0;0;133;0;202;0;
25072;7314065;1236717568;21598208;1384370176;0;0;0;0;0;0;0;0;0;0;0;4268;0;0;133;0;202;0;
25073;9504912;1236717568;21598208;1384370176;0;0;0;0;0;0;0;0;0;0;0;3947;0;0;133;0;202;0;
25074;6441407;1236717568;21598208;1384370176;0;0;0;0;0;0;0;0;0;0;0;4218;0;0;133;0;202;0;
25075;10834986;1236717568;21598208;1384370176;0;0;0;0;0;0;0;0;0;0;0;6272;0;0;133;0;202;0;
25076;7739602;1236717568;21598208;1384370176;0;0;0;0;0;0;0;0;0;0;0;8425;0;0;133;0;202;0;
25077;9669832;1236717568;21598208;1384370176;0;0;0;0;0;0;0;0;0;0;0;5360;0;0;133;0;202;0;
25078;8105197;1236717568;21598208;1384370176;0;0;0;0;0;0;0;0;0;0;0;4338;0;0;133;0;202;0;
25079;8123893;1236717568;21598208;1384370176;0;0;0;0;0;0;0;0;0;0;0;4639;0;0;133;0;202;0;
25080;9889253;1236717568;21598208;1384370176;0;0;0;0;0;0;0;0;0;0;0;4679;0;0;133;0;202;0;
25081;10223710;1241440256;28094464;1390866432;0;0;0;0;0;0;0;0;0;0;0;3918;0;0;133;0;202;0;
25082;7942352;1241440256;28094464;1390866432;0;0;0;0;0;0;0;0;0;0;0;4078;0;0;133;0;202;0;
25083;7556759;1241440256;28094464;1390866432;0;0;0;0;0;0;0;0;0;0;0;4829;0;0;133;0;202;0;
25084;7902868;1241440256;28094464;1390866432;0;0;0;0;0;0;0;0;0;0;0;5190;0;0;133;0;202;0;
25085;6943730;1241440256;28094464;1390866432;0;0;0;0;0;0;0;0;0;0;0;3667;0;0;133;0;202;0;
25086;6643317;1241440256;28094464;1390866432;0;0;0;0;0;0;0;0;0;0;0;5781;0;0;133;0;202;0;
25087;9456041;1241440256;28094464;1390866432;0;0;0;0;0;0;0;0;0;0;0;4038;0;0;133;0;202;0;
25088;6465152;1241440256;28094464;1390866432;0;0;0;0;0;0;0;0;0;0;0;3666;0;0;133;0;202;0;
25089;7870527;1241440256;28094464;1390866432;0;0;0;0;0;0;0;0;0;0;0;4789;0;0;133;0;202;0;
25090;7472240;1236717568;21598208;1384370176;0;0;0;0;0;0;0;0;0;0;0;3617;0;0;133;0;202;0;
25091;8228920;1236717568;21598208;1384370176;0;0;0;0;0;0;0;0;0;0;0;5961;0;0;133;0;202;0;
25092;8397676;1236717568;21598208;1384370176;0;0;0;0;0;0;0;0;0;0;0;4518;0;0;133;0;202;0;
25093;7638542;1236717568;21598208;1384370176;0;0;0;0;0;0;0;0;0;0;0;3717;0;0;133;0;202;0;
25094;6458520;1236717568;21598208;1384370176;0;0;0;0;0;0;0;0;0;0;0;4018;0;0;133;0;202;0;
25095;10062087;1236717568;21598208;1384370176;0;0;0;0;0;0;0;0;0;0;0;3507;0;0;133;0;202;0;
25096;6217899;1236717568;21598208;1384370176;0;0;0;0;0;0;0;0;0;0;0;3747;0;0;133;0;202;0;
25097;8323437;1236717568;21598208;1384370176;0;0;0;0;0;0;0;0;0;0;0;3376;0;0;133;0;202;0;
25098;7932103;1236717568;21598208;1384370176;0;0;0;0;0;0;0;0;0;0;0;8466;0;0;133;0;202;0;
25099;8320261;1236717568;21598208;1384370176;0;0;0;0;0;0;0;0;0;0;0;3767;0;0;133;0;202;0;
25100;7183710;1236717568;21598208;1384370176;0;0;0;0;0;0;0;0;0;0;0;4279;0;0;133;0;202;0;
25101;8747633;1236717568;21598208;1384370176;0;0;0;0;0;0;0;0;0;0;0;4538;0;0;133;0;202;0;
25102;7755232;1236717568;21598208;1384370176;0;0;0;0;0;0;0;0;0;0;0;3897;0;0;133;0;202;0;
25103;9956449;1241440256;28094464;1390866432;0;0;0;0;0;0;0;0;0;0;0;4969;0;0;133;0;202;0;
25104;8211187;1241440256;28094464;1390866432;0;0;0;0;0;0;0;0;0;0;0;4127;0;0;133;0;202;0;
25105;9070728;1241440256;28094464;1390866432;0;0;0;0;0;0;0;0;0;0;0;4348;0;0;133;0;202;0;
25106;7403782;1241440256;28094464;1390866432;0;0;0;0;0;0;0;0;0;0;0;2996;0;0;133;0;202;0;
25107;8398287;1241440256;28094464;1390866432;0;0;0;0;0;0;0;0;0;0;0;3497;0;0;133;0;202;0;
25108;15205121;1241440256;28110848;1390882816;0;0;0;0;0;0;0;0;0;0;0;4538;0;0;133;0;202;0;
25109;9195011;1241440256;28110848;1390882816;0;0;0;0;0;0;0;0;0;0;0;4298;0;0;133;0;202;0;
25110;12332885;1241440256;28147712;1390919680;0;0;0;0;0;0;0;0;0;0;0;4288;0;0;133;0;202;0;
25111;7172098;1241440256;28147712;1390919680;0;0;0;0;0;0;0;0;0;0;0;4379;0;0;133;0;202;0;
25112;8408817;1236738048;21651456;1384423424;0;0;0;0;0;0;0;0;0;0;0;4989;0;0;133;0;202;0;
25113;9496486;1236738048;21651456;1384423424;0;0;0;0;0;0;0;0;0;0;0;4078;0;0;133;0;202;0;
25114;5863384;1236738048;21651456;1384423424;0;0;0;0;0;0;0;0;0;0;0;4349;0;0;133;0;202;0;
25115;9816687;1236738048;21651456;1384423424;0;0;0;0;0;0;0;0;0;0;0;4569;0;0;133;0;202;0;
25116;4865313;1236701184;21614592;1384386560;0;0;0;0;0;0;0;0;0;0;0;4058;0;0;133;0;202;0;
25117;8308579;1236701184;21614592;1384386560;0;0;0;0;0;0;0;0;0;0;0;3497;0;0;133;0;202;0;
25118;6361027;1236697088;21610496;1384382464;0;0;0;0;0;0;0;0;0;0;0;4408;0;0;133;0;202;0;
25119;8052369;1236697088;21610496;1384382464;0;0;0;0;0;0;0;0;0;0;0;3887;0;0;133;0;202;0;
25120;6547527;1236697088;21610496;1384382464;0;0;0;0;0;0;0;0;0;0;0;4458;0;0;133;0;202;0;
25121;9733711;1236697088;21610496;1384382464;0;0;0;0;0;0;0;0;0;0;0;3958;0;0;133;0;202;0;
25122;5667817;1236688896;21602304;1384374272;0;0;0;0;0;0;0;0;0;0;0;3707;0;0;133;0;202;0;
25123;9127644;1236688896;21602304;1384374272;0;0;0;0;0;0;0;0;0;0;0;4559;0;0;133;0;202;0;
25124;7110081;1236688896;21602304;1384374272;0;0;0;0;0;0;0;0;0;0;0;4278;0;0;133;0;202;0;
25125;12694843;1236688896;21602304;1384374272;0;0;0;0;0;0;0;0;0;0;0;4639;0;0;133;0;202;0;
25126;5996294;1236688896;21602304;1384374272;0;0;0;0;0;0;0;0;0;0;0;3607;0;0;133;0;202;0;
25127;11224376;1241411584;28098560;1390870528;0;0;0;0;0;0;0;0;0;0;0;4599;0;0;133;0;202;0;
25128;7983259;1241411584;28098560;1390870528;0;0;0;0;0;0;0;0;0;0;0;4288;0;0;133;0;202;0;
25129;11990693;1241411584;28098560;1390870528;0;0;0;0;0;0;0;0;0;0;0;5330;0;0;133;0;202;0;
25130;4799760;1241411584;28098560;1390870528;0;0;0;0;0;0;0;0;0;0;0;4579;0;0;133;0;202;0;
25131;10158588;1241411584;28098560;1390870528;0;0;0;0;0;0;0;0;0;0;0;4679;0;0;133;0;202;0;
25132;6237155;1241411584;28098560;1390870528;0;0;0;0;0;0;0;0;0;0;0;4990;0;0;133;0;202;0;
25133;12470192;1241411584;28098560;1390870528;0;0;0;0;0;0;0;0;0;0;0;3847;0;0;133;0;202;0;
25134;5120060;1241411584;28098560;1390870528;0;0;0;0;0;0;0;0;0;0;0;5160;0;0;133;0;202;0;
25135;12033674;1241411584;28098560;1390870528;0;0;0;0;0;0;0;0;0;0;0;4438;0;0;133;0;202;0;
25136;6709010;1236688896;21602304;1384374272;0;0;0;0;0;0;0;0;0;0;0;4398;0;0;133;0;202;0;
25137;12155833;1236688896;21602304;1384374272;0;0;0;0;0;0;0;0;0;0;0;4378;0;0;133;0;202;0;
25138;5774428;1236688896;21602304;1384374272;0;0;0;0;0;0;0;0;0;0;0;4679;0;0;133;0;202;0;
25139;9765130;1236688896;21602304;1384374272;0;0;0;0;0;0;0;0;0;0;0;3947;0;0;133;0;202;0;
25140;6445786;1236688896;21602304;1384374272;0;0;0;0;0;0;0;0;0;0;0;3456;0;0;133;0;202;0;
25141;11178259;1236688896;21602304;1384374272;0;0;0;0;0;0;0;0;0;0;0;3888;0;0;133;0;202;0;
25142;10389020;1236688896;21602304;1384374272;0;0;0;0;0;0;0;0;0;0;0;3446;0;0;133;0;202;0;
25143;10864051;1236688896;21602304;1384374272;0;0;0;0;0;0;0;0;0;0;0;3656;0;0;133;0;202;0;
25144;7874074;1236688896;21602304;1384374272;0;0;0;0;0;0;0;0;0;0;0;3366;0;0;133;0;202;0;
25145;9363517;1236688896;21602304;1384374272;0;0;0;0;0;0;0;0;0;0;0;3897;0;0;133;0;202;0;
25146;8192371;1236688896;21602304;1384374272;0;0;0;0;0;0;0;0;0;0;0;3817;0;0;133;0;202;0;
25147;7108078;1236688896;21602304;1384374272;0;0;0;0;0;0;0;0;0;0;0;3607;0;0;133;0;202;0;
25148;9280070;1236688896;21602304;1384374272;0;0;0;0;0;0;0;0;0;0;0;5521;0;0;133;0;202;0;
25149;10301416;1241411584;28098560;1390870528;0;0;0;0;0;0;0;0;0;0;0;4429;0;0;133;0;202;0;
25150;8756098;1241411584;28098560;1390870528;0;0;0;0;0;0;0;0;0;0;0;4208;0;0;133;0;202;0;
25151;9318332;1241411584;28098560;1390870528;0;0;0;0;0;0;0;0;0;0;0;4247;0;0;133;0;202;0;
25152;6998522;1241411584;28098560;1390870528;0;0;0;0;0;0;0;0;0;0;0;3697;0;0;133;0;202;0;
25153;9026986;1241411584;28098560;1390870528;0;0;0;0;0;0;0;0;0;0;0;8426;0;0;133;0;202;0;
25154;7250165;1241411584;28098560;1390870528;0;0;0;0;0;0;0;0;0;0;0;4468;0;0;133;0;202;0;
25155;8940914;1241411584;28098560;1390870528;0;0;0;0;0;0;0;0;0;0;0;4979;0;0;133;0;202;0;
25156;9415915;1241411584;28098560;1390870528;0;0;0;0;0;0;0;0;0;0;0;3436;0;0;133;0;202;0;
25157;7309055;1241411584;28098560;1390870528;0;0;0;0;0;0;0;0;0;0;0;3998;0;0;133;0;202;0;
25158;10192131;1236688896;21602304;1384374272;0;0;0;0;0;0;0;0;0;0;0;4338;0;0;133;0;202;0;
25159;8053150;1236688896;21602304;1384374272;0;0;0;0;0;0;0;0;0;0;0;3928;0;0;133;0;202;0;
25160;8061276;1236688896;21602304;1384374272;0;0;0;0;0;0;0;0;0;0;0;3376;0;0;133;0;202;0;
25161;9215650;1236688896;21602304;1384374272;0;0;0;0;0;0;0;0;0;0;0;4207;0;0;133;0;202;0;
25162;10608441;1236688896;21602304;1384374272;0;0;0;0;0;0;0;0;0;0;0;4168;0;0;133;0;202;0;
25163;9797651;1236688896;21602304;1384374272;0;0;0;0;0;0;0;0;0;0;0;5009;0;0;133;0;202;0;
25164;8725641;1236688896;21602304;1384374272;0;0;0;0;0;0;0;0;0;0;0;4298;0;0;133;0;202;0;
25165;9508950;1236688896;21602304;1384374272;0;0;0;0;0;0;0;0;0;0;0;4758;0;0;133;0;202;0;
25166;9996665;1236688896;21602304;1384374272;0;0;0;0;0;0;0;0;0;0;0;4729;0;0;133;0;202;0;
25167;10282860;1236688896;21602304;1384374272;0;0;0;0;0;0;0;0;0;0;0;3978;0;0;133;0;202;0;
25168;12541235;1236688896;21602304;1384374272;0;0;0;0;0;0;0;0;0;0;0;4449;0;0;133;0;202;0;
25169;8435066;1236688896;21602304;1384374272;0;0;0;0;0;0;0;0;0;0;0;4869;0;0;133;0;202;0;
25170;11511023;1236688896;21602304;1384374272;0;0;0;0;0;0;0;0;0;0;0;3617;0;0;133;0;202;0;
25171;11480576;1236688896;21602304;1384374272;0;0;0;0;0;0;0;0;0;0;0;3827;0;0;133;0;202;0;
25172;9602275;1236688896;21602304;1384374272;0;0;0;0;0;0;0;0;0;0;0;3306;0;0;133;0;202;0;
25173;9205000;1241411584;28098560;1390870528;0;0;0;0;0;0;0;0;0;0;0;5751;0;0;133;0;202;0;
25174;8783770;1241411584;28098560;1390870528;0;0;0;0;0;0;0;0;0;0;0;4298;0;0;133;0;202;0;
25175;10677912;1241411584;28098560;1390870528;0;0;0;0;0;0;0;0;0;0;0;3837;0;0;133;0;202;0;
25176;8640120;1241411584;28098560;1390870528;0;0;0;0;0;0;0;0;0;0;0;4459;0;0;133;0;202;0;
25177;8212519;1241411584;28098560;1390870528;0;0;0;0;0;0;0;0;0;0;0;4358;0;0;133;0;202;0;
25178;7243432;1241411584;28098560;1390870528;0;0;0;0;0;0;0;0;0;0;0;4739;0;0;133;0;202;0;
25179;10290194;1241411584;28098560;1390870528;0;0;0;0;0;0;0;0;0;0;0;5260;0;0;133;0;202;0;
25180;5450530;1241411584;28098560;1390870528;0;0;0;0;0;0;0;0;0;0;0;4769;0;0;133;0;202;0;
25181;12412795;1241411584;28098560;1390870528;0;0;0;0;0;0;0;0;0;0;0;5180;0;0;133;0;202;0;
25182;6920636;1236688896;21602304;1384374272;0;0;0;0;0;0;0;0;0;0;0;4038;0;0;133;0;202;0;
25183;8062237;1236688896;21602304;1384374272;0;0;0;0;0;0;0;0;0;0;0;3767;0;0;133;0;202;0;
25184;7808812;1236688896;21602304;1384374272;0;0;0;0;0;0;0;0;0;0;0;4729;0;0;133;0;202;0;
25185;11427126;1236688896;21602304;1384374272;0;0;0;0;0;0;0;0;0;0;0;3407;0;0;133;0;202;0;
25186;7060859;1236688896;21602304;1384374272;0;0;0;0;0;0;0;0;0;0;0;4428;0;0;133;0;202;0;
25187;9008922;1236688896;21602304;1384374272;0;0;0;0;0;0;0;0;0;0;0;3437;0;0;133;0;202;0;
25188;7129297;1236688896;21602304;1384374272;0;0;0;0;0;0;0;0;0;0;0;3286;0;0;133;0;202;0;
25189;8386516;1236688896;21602304;1384374272;0;0;0;0;0;0;0;0;0;0;0;6102;0;0;133;0;202;0;
25190;7141511;1236688896;21602304;1384374272;0;0;0;0;0;0;0;0;0;0;0;3667;0;0;133;0;202;0;
25191;9608948;1236688896;21602304;1384374272;0;0;0;0;0;0;0;0;0;0;0;3367;0;0;133;0;202;0;
25192;8140894;1236688896;21602304;1384374272;0;0;0;0;0;0;0;0;0;0;0;3597;0;0;133;0;202;0;
25193;7824601;1236688896;21602304;1384374272;0;0;0;0;0;0;0;0;0;0;0;5169;0;0;133;0;202;0;
25194;7802851;1236688896;21602304;1384374272;0;0;0;0;0;0;0;0;0;0;0;4178;0;0;133;0;202;0;
25195;9281944;1241411584;28098560;1390870528;0;0;0;0;0;0;0;0;0;0;0;4989;0;0;133;0;202;0;
25196;7398793;1241411584;28098560;1390870528;0;0;0;0;0;0;0;0;0;0;0;3978;0;0;133;0;202;0;
25197;9352817;1241411584;28098560;1390870528;0;0;0;0;0;0;0;0;0;0;0;4338;0;0;133;0;202;0;
25198;8129232;1241411584;28098560;1390870528;0;0;0;0;0;0;0;0;0;0;0;3357;0;0;133;0;202;0;
25199;10326733;1241411584;28098560;1390870528;0;0;0;0;0;0;0;0;0;0;0;34635;0;0;133;0;202;0;
25200;9512486;1241411584;28102656;1390874624;0;0;0;0;0;0;0;0;0;0;0;4348;0;0;133;0;202;0;
25201;9766543;1241411584;28102656;1390874624;0;0;0;0;0;0;0;0;0;0;0;6753;0;0;133;0;202;0;
25202;9401108;1241411584;28102656;1390874624;0;0;0;0;0;0;0;0;0;0;0;6242;0;0;133;0;202;0;
25203;19285081;1241411584;28102656;1390874624;0;0;0;0;0;0;0;0;0;0;0;4007;0;0;133;0;202;0;
25204;9528566;1236692992;21606400;1384378368;0;0;0;0;0;0;0;0;0;0;0;3727;0;0;133;0;202;0;
25205;6147317;1236692992;21606400;1384378368;0;0;0;0;0;0;0;0;0;0;0;4619;0;0;133;0;202;0;
25206;8117731;1236688896;21602304;1384374272;0;0;0;0;0;0;0;0;0;0;0;5289;0;0;133;0;202;0;
25207;9988219;1236688896;21602304;1384374272;0;0;0;0;0;0;0;0;0;0;0;4578;0;0;133;0;202;0;
25208;7897558;1236774912;21598208;1384370176;0;0;0;0;0;0;0;0;0;0;0;3587;0;0;133;0;202;0;
25209;10189797;1236774912;21598208;1384370176;0;0;0;0;0;0;0;0;0;0;0;4027;0;0;133;0;202;0;
25210;6120907;1236774912;21598208;1384370176;0;0;0;0;0;0;0;0;0;0;0;4749;0;0;133;0;202;0;
25211;10360086;1236774912;21598208;1384370176;0;0;0;0;0;0;0;0;0;0;0;4308;0;0;133;0;202;0;
25212;7482901;1236774912;21598208;1384370176;0;0;0;0;0;0;0;0;0;0;0;3867;0;0;133;0;202;0;
25213;8772158;1236774912;21598208;1384370176;0;0;0;0;0;0;0;0;0;0;0;4739;0;0;133;0;202;0;
25214;8206768;1236774912;21598208;1384370176;0;0;0;0;0;0;0;0;0;0;0;3226;0;0;133;0;202;0;
25215;9606413;1236774912;21598208;1384370176;0;0;0;0;0;0;0;0;0;0;0;4408;0;0;133;0;202;0;
25216;8422132;1236774912;21598208;1384370176;0;0;0;0;0;0;0;0;0;0;0;4829;0;0;133;0;202;0;
25217;9301711;1236774912;21598208;1384370176;0;0;0;0;0;0;0;0;0;0;0;4649;0;0;133;0;202;0;
25218;6930585;1236774912;21598208;1384370176;0;0;0;0;0;0;0;0;0;0;0;4518;0;0;133;0;202;0;
25219;8501922;1241497600;28094464;1390866432;0;0;0;0;0;0;0;0;0;0;0;4038;0;0;133;0;202;0;
25220;5805676;1241497600;28094464;1390866432;0;0;0;0;0;0;0;0;0;0;0;4178;0;0;133;0;202;0;
25221;9683147;1241497600;28094464;1390866432;0;0;0;0;0;0;0;0;0;0;0;7243;0;0;133;0;202;0;
25222;5051973;1241497600;28094464;1390866432;0;0;0;0;0;0;0;0;0;0;0;3707;0;0;133;0;202;0;
25223;5885586;1241497600;28094464;1390866432;0;0;0;0;0;0;0;0;0;0;0;4298;0;0;133;0;202;0;
25224;8274345;1241497600;28094464;1390866432;0;0;0;0;0;0;0;0;0;0;0;4298;0;0;133;0;202;0;
25225;9256376;1241497600;28094464;1390866432;0;0;0;0;0;0;0;0;0;0;0;3927;0;0;133;0;202;0;
25226;6729509;1241497600;28094464;1390866432;0;0;0;0;0;0;0;0;0;0;0;5310;0;0;133;0;202;0;
25227;8826630;1241497600;28094464;1390866432;0;0;0;0;0;0;0;0;0;0;0;4699;0;0;133;0;202;0;
25228;5618274;1236774912;21598208;1384370176;0;0;0;0;0;0;0;0;0;0;0;3727;0;0;133;0;202;0;
25229;10504667;1236774912;21598208;1384370176;0;0;0;0;0;0;0;0;0;0;0;3968;0;0;133;0;202;0;
25230;4547116;1236774912;21598208;1384370176;0;0;0;0;0;0;0;0;0;0;0;4328;0;0;133;0;202;0;
25231;8723427;1236774912;21598208;1384370176;0;0;0;0;0;0;0;0;0;0;0;4729;0;0;133;0;202;0;
25232;7374908;1236774912;21598208;1384370176;0;0;0;0;0;0;0;0;0;0;0;4168;0;0;133;0;202;0;
25233;7333631;1236774912;21598208;1384370176;0;0;0;0;0;0;0;0;0;0;0;4579;0;0;133;0;202;0;
25234;7325485;1236774912;21598208;1384370176;0;0;0;0;0;0;0;0;0;0;0;3837;0;0;133;0;202;0;
25235;8252364;1236774912;21598208;1384370176;0;0;0;0;0;0;0;0;0;0;0;4038;0;0;133;0;202;0;
25236;6096161;1236774912;21598208;1384370176;0;0;0;0;0;0;0;0;0;0;0;4058;0;0;133;0;202;0;
25237;8024456;1236774912;21598208;1384370176;0;0;0;0;0;0;0;0;0;0;0;3807;0;0;133;0;202;0;
25238;6608541;1236774912;21598208;1384370176;0;0;0;0;0;0;0;0;0;0;0;3497;0;0;133;0;202;0;
25239;10940684;1236774912;21598208;1384370176;0;0;0;0;0;0;0;0;0;0;0;4328;0;0;133;0;202;0;
25240;4818986;1236774912;21598208;1384370176;0;0;0;0;0;0;0;0;0;0;0;5130;0;0;133;0;202;0;
25241;11199991;1241497600;28094464;1390866432;0;0;0;0;0;0;0;0;0;0;0;4739;0;0;133;0;202;0;
25242;6695434;1241497600;28094464;1390866432;0;0;0;0;0;0;0;0;0;0;0;3527;0;0;133;0;202;0;
25243;8687540;1241497600;28094464;1390866432;0;0;0;0;0;0;0;0;0;0;0;3948;0;0;133;0;202;0;
25244;8084920;1241497600;28094464;1390866432;0;0;0;0;0;0;0;0;0;0;0;4839;0;0;133;0;202;0;
25245;8406243;1241497600;28094464;1390866432;0;0;0;0;0;0;0;0;0;0;0;3887;0;0;133;0;202;0;
25246;7070979;1241497600;28094464;1390866432;0;0;0;0;0;0;0;0;0;0;0;4348;0;0;133;0;202;0;
25247;9901375;1241497600;28094464;1390866432;0;0;0;0;0;0;0;0;0;0;0;3867;0;0;133;0;202;0;
25248;5080757;1241497600;28094464;1390866432;0;0;0;0;0;0;0;0;0;0;0;4258;0;0;133;0;202;0;
25249;9486859;1241497600;28094464;1390866432;0;0;0;0;0;0;0;0;0;0;0;4478;0;0;133;0;202;0;
25250;6432762;1236774912;21598208;1384370176;0;0;0;0;0;0;0;0;0;0;0;3697;0;0;133;0;202;0;
25251;8276659;1236774912;21598208;1384370176;0;0;0;0;0;0;0;0;0;0;0;4258;0;0;133;0;202;0;
25252;6033724;1236774912;21598208;1384370176;0;0;0;0;0;0;0;0;0;0;0;4438;0;0;133;0;202;0;
25253;7714845;1236774912;21598208;1384370176;0;0;0;0;0;0;0;0;0;0;0;5120;0;0;133;0;202;0;
25254;5984501;1236774912;21598208;1384370176;0;0;0;0;0;0;0;0;0;0;0;4037;0;0;133;0;202;0;
25255;8402264;1236774912;21598208;1384370176;0;0;0;0;0;0;0;0;0;0;0;4007;0;0;133;0;202;0;
25256;4956584;1236774912;21598208;1384370176;0;0;0;0;0;0;0;0;0;0;0;4318;0;0;133;0;202;0;
25257;8489087;1236774912;21598208;1384370176;0;0;0;0;0;0;0;0;0;0;0;3958;0;0;133;0;202;0;
25258;7294808;1236774912;21598208;1384370176;0;0;0;0;0;0;0;0;0;0;0;3827;0;0;133;0;202;0;
25259;12770255;1236774912;21598208;1384370176;0;0;0;0;0;0;0;0;0;0;0;4248;0;0;133;0;202;0;
25260;4757491;1236774912;21598208;1384370176;0;0;0;0;0;0;0;0;0;0;0;4809;0;0;133;0;202;0;
25261;8474981;1236774912;21598208;1384370176;0;0;0;0;0;0;0;0;0;0;0;3817;0;0;133;0;202;0;
25262;7864676;1236774912;21598208;1384370176;0;0;0;0;0;0;0;0;0;0;0;3997;0;0;133;0;202;0;
25263;10211948;1236774912;21598208;1384370176;0;0;0;0;0;0;0;0;0;0;0;4969;0;0;133;0;202;0;
25264;6742683;1236774912;21598208;1384370176;0;0;0;0;0;0;0;0;0;0;0;3426;0;0;133;0;202;0;
25265;9085546;1241497600;28094464;1390866432;0;0;0;0;0;0;0;0;0;0;0;4048;0;0;133;0;202;0;
25266;7202866;1241497600;28094464;1390866432;0;0;0;0;0;0;0;0;0;0;0;3877;0;0;133;0;202;0;
25267;7454718;1241497600;28094464;1390866432;0;0;0;0;0;0;0;0;0;0;0;4118;0;0;133;0;202;0;
25268;7300279;1241497600;28094464;1390866432;0;0;0;0;0;0;0;0;0;0;0;4348;0;0;133;0;202;0;
25269;6827772;1241497600;28094464;1390866432;0;0;0;0;0;0;0;0;0;0;0;86502;0;0;133;0;202;0;
25270;9077712;1241497600;28094464;1390866432;0;0;0;0;0;0;0;0;0;0;0;4338;0;0;133;0;202;0;
25271;7861460;1241497600;28094464;1390866432;0;0;0;0;0;0;0;0;0;0;0;3998;0;0;133;0;202;0;
25272;6745017;1241497600;28094464;1390866432;0;0;0;0;0;0;0;0;0;0;0;4318;0;0;133;0;202;0;
25273;8308779;1241497600;28094464;1390866432;0;0;0;0;0;0;0;0;0;0;0;4198;0;0;133;0;202;0;
25274;8198372;1236774912;21598208;1384370176;0;0;0;0;0;0;0;0;0;0;0;4559;0;0;133;0;202;0;
25275;10639189;1236774912;21598208;1384370176;0;0;0;0;0;0;0;0;0;0;0;4759;0;0;133;0;202;0;
25276;5476679;1236774912;21598208;1384370176;0;0;0;0;0;0;0;0;0;0;0;4930;0;0;133;0;202;0;
25277;8981580;1236774912;21598208;1384370176;0;0;0;0;0;0;0;0;0;0;0;3236;0;0;133;0;202;0;
25278;7808802;1236774912;21598208;1384370176;0;0;0;0;0;0;0;0;0;0;0;4729;0;0;133;0;202;0;
25279;6497292;1236774912;21598208;1384370176;0;0;0;0;0;0;0;0;0;0;0;4008;0;0;133;0;202;0;
25280;7465118;1236774912;21598208;1384370176;0;0;0;0;0;0;0;0;0;0;0;4889;0;0;133;0;202;0;
25281;8950082;1236774912;21598208;1384370176;0;0;0;0;0;0;0;0;0;0;0;3206;0;0;133;0;202;0;
25282;5783124;1236774912;21598208;1384370176;0;0;0;0;0;0;0;0;0;0;0;4338;0;0;133;0;202;0;
25283;9837596;1236774912;21598208;1384370176;0;0;0;0;0;0;0;0;0;0;0;4719;0;0;133;0;202;0;
25284;4928622;1236774912;21598208;1384370176;0;0;0;0;0;0;0;0;0;0;0;4117;0;0;133;0;202;0;
25285;8197200;1236774912;21598208;1384370176;0;0;0;0;0;0;0;0;0;0;0;5059;0;0;133;0;202;0;
25286;6326903;1236774912;21598208;1384370176;0;0;0;0;0;0;0;0;0;0;0;4288;0;0;133;0;202;0;
25287;9132905;1241497600;28094464;1390866432;0;0;0;0;0;0;0;0;0;0;0;4238;0;0;133;0;202;0;
25288;4978635;1241497600;28094464;1390866432;0;0;0;0;0;0;0;0;0;0;0;4599;0;0;133;0;202;0;
25289;8436519;1241497600;28094464;1390866432;0;0;0;0;0;0;0;0;0;0;0;4368;0;0;133;0;202;0;
25290;7545418;1241497600;28094464;1390866432;0;0;0;0;0;0;0;0;0;0;0;3807;0;0;133;0;202;0;
25291;9445331;1241497600;28094464;1390866432;0;0;0;0;0;0;0;0;0;0;0;4238;0;0;133;0;202;0;
25292;7646367;1241497600;28094464;1390866432;0;0;0;0;0;0;0;0;0;0;0;3286;0;0;133;0;202;0;
25293;8664076;1241497600;28094464;1390866432;0;0;0;0;0;0;0;0;0;0;0;3778;0;0;133;0;202;0;
25294;7108979;1241497600;28094464;1390866432;0;0;0;0;0;0;0;0;0;0;0;4839;0;0;133;0;202;0;
25295;9856351;1241497600;28094464;1390866432;0;0;0;0;0;0;0;0;0;0;0;4629;0;0;133;0;202;0;
25296;6060533;1236783104;21606400;1384378368;0;0;0;0;0;0;0;0;0;0;0;4608;0;0;133;0;202;0;
25297;10736381;1236783104;21606400;1384378368;0;0;0;0;0;0;0;0;0;0;0;4528;0;0;133;0;202;0;
25298;6111890;1236783104;21606400;1384378368;0;0;0;0;0;0;0;0;0;0;0;4018;0;0;133;0;202;0;
25299;10289964;1236783104;21606400;1384378368;0;0;0;0;0;0;0;0;0;0;0;4418;0;0;133;0;202;0;
25300;7081829;1236783104;21606400;1384378368;0;0;0;0;0;0;0;0;0;0;0;3737;0;0;133;0;202;0;
25301;7098029;1236783104;21606400;1384378368;0;0;0;0;0;0;0;0;0;0;0;3015;0;0;133;0;202;0;
25302;8171192;1236774912;21598208;1384370176;0;0;0;0;0;0;0;0;0;0;0;3587;0;0;133;0;202;0;
25303;7709696;1236774912;21598208;1384370176;0;0;0;0;0;0;0;0;0;0;0;3657;0;0;133;0;202;0;
25304;8116950;1236774912;21598208;1384370176;0;0;0;0;0;0;0;0;0;0;0;2946;0;0;133;0;202;0;
25305;8966482;1236774912;21598208;1384370176;0;0;0;0;0;0;0;0;0;0;0;6061;0;0;133;0;202;0;
25306;7150537;1236774912;21598208;1384370176;0;0;0;0;0;0;0;0;0;0;0;3937;0;0;133;0;202;0;
25307;6819186;1236774912;21598208;1384370176;0;0;0;0;0;0;0;0;0;0;0;4018;0;0;133;0;202;0;
25308;7687154;1236774912;21598208;1384370176;0;0;0;0;0;0;0;0;0;0;0;4228;0;0;133;0;202;0;
25309;8802305;1236774912;21598208;1384370176;0;0;0;0;0;0;0;0;0;0;0;4058;0;0;133;0;202;0;
25310;7839950;1236774912;21598208;1384370176;0;0;0;0;0;0;0;0;0;0;0;3246;0;0;133;0;202;0;
25311;10735520;1241497600;28094464;1390866432;0;0;0;0;0;0;0;0;0;0;0;4388;0;0;133;0;202;0;
25312;9554305;1241497600;28094464;1390866432;0;0;0;0;0;0;0;0;0;0;0;4418;0;0;133;0;202;0;
25313;10047880;1241497600;28094464;1390866432;0;0;0;0;0;0;0;0;0;0;0;6032;0;0;133;0;202;0;
25314;6615735;1241497600;28094464;1390866432;0;0;0;0;0;0;0;0;0;0;0;4087;0;0;133;0;202;0;
25315;10439054;1241497600;28094464;1390866432;0;0;0;0;0;0;0;0;0;0;0;4328;0;0;133;0;202;0;
25316;5528887;1241497600;28094464;1390866432;0;0;0;0;0;0;0;0;0;0;0;4048;0;0;133;0;202;0;
25317;10300194;1241497600;28094464;1390866432;0;0;0;0;0;0;0;0;0;0;0;5029;0;0;133;0;202;0;
25318;10284193;1241497600;28094464;1390866432;0;0;0;0;0;0;0;0;0;0;0;4689;0;0;133;0;202;0;
25319;10823154;1241497600;28094464;1390866432;0;0;0;0;0;0;0;0;0;0;0;3387;0;0;133;0;202;0;
25320;7187687;1236774912;21598208;1384370176;0;0;0;0;0;0;0;0;0;0;0;4188;0;0;133;0;202;0;
25321;11239935;1236774912;21598208;1384370176;0;0;0;0;0;0;0;0;0;0;0;5020;0;0;133;0;202;0;
25322;5910333;1236774912;21598208;1384370176;0;0;0;0;0;0;0;0;0;0;0;4438;0;0;133;0;202;0;
25323;10061386;1236774912;21598208;1384370176;0;0;0;0;0;0;0;0;0;0;0;4148;0;0;133;0;202;0;
25324;8638508;1236774912;21598208;1384370176;0;0;0;0;0;0;0;0;0;0;0;3938;0;0;133;0;202;0;
25325;9685901;1236774912;21598208;1384370176;0;0;0;0;0;0;0;0;0;0;0;4439;0;0;133;0;202;0;
25326;11573390;1236774912;21598208;1384370176;0;0;0;0;0;0;0;0;0;0;0;40425;0;0;133;0;202;0;
25327;8871575;1236774912;21598208;1384370176;0;0;0;0;0;0;0;0;0;0;0;3757;0;0;133;0;202;0;
25328;11416917;1236774912;21602304;1384374272;0;0;0;0;0;0;0;0;0;0;0;4929;0;0;133;0;202;0;
25329;9342398;1236774912;21602304;1384374272;0;0;0;0;0;0;0;0;0;0;0;4469;0;0;133;0;202;0;
25330;18285246;1236774912;21602304;1384374272;0;0;0;0;0;0;0;0;0;0;0;162154;0;0;133;0;202;0;
25331;11688126;1236774912;21602304;1384374272;0;0;0;0;0;0;0;0;0;0;0;3837;0;0;133;0;202;0;
25332;8117701;1236774912;21606400;1384378368;0;0;0;0;0;0;0;0;0;0;0;3948;0;0;133;0;202;0;
25333;13059908;1241497600;28102656;1390874624;0;0;0;0;0;0;0;0;0;0;0;4068;0;0;133;0;202;0;
25334;8494508;1241497600;28102656;1390874624;0;0;0;0;0;0;0;0;0;0;0;4028;0;0;133;0;202;0;
25335;10384652;1241497600;28102656;1390874624;0;0;0;0;0;0;0;0;0;0;0;4268;0;0;133;0;202;0;
25336;11516794;1241497600;28102656;1390874624;0;0;0;0;0;0;0;0;0;0;0;3216;0;0;133;0;202;0;
25337;11745052;1241497600;28102656;1390874624;0;0;0;0;0;0;0;0;0;0;0;3456;0;0;133;0;202;0;
25338;9298405;1241604096;28098560;1390870528;0;0;0;0;0;0;0;0;0;0;0;3466;0;0;133;0;202;0;
25339;11481288;1241604096;28098560;1390870528;0;0;0;0;0;0;0;0;0;0;0;7274;0;0;133;0;202;0;
25340;7756093;1241604096;28098560;1390870528;0;0;0;0;0;0;0;0;0;0;0;4759;0;0;133;0;202;0;
25341;12838913;1241604096;28098560;1390870528;0;0;0;0;0;0;0;0;0;0;0;3777;0;0;133;0;202;0;
25342;8607429;1236779008;21602304;1384374272;0;0;0;0;0;0;0;0;0;0;0;5169;0;0;133;0;202;0;
25343;11654723;1236779008;21602304;1384374272;0;0;0;0;0;0;0;0;0;0;0;4930;0;0;133;0;202;0;
25344;9484955;1236779008;21602304;1384374272;0;0;0;0;0;0;0;0;0;0;0;4198;0;0;133;0;202;0;
25345;22104407;1236779008;21602304;1384374272;0;0;0;0;0;0;0;0;0;0;0;5159;0;0;133;0;202;0;
25346;11099802;1236779008;21602304;1384374272;0;0;0;0;0;0;0;0;0;0;0;4298;0;0;133;0;202;0;
25347;12726734;1236779008;21602304;1384374272;0;0;0;0;0;0;0;0;0;0;0;4869;0;0;133;0;202;0;
25348;9912647;1236779008;21610496;1384382464;0;0;0;0;0;0;0;0;0;0;0;5039;0;0;133;0;202;0;
25349;12700644;1241501696;28106752;1390878720;0;0;0;0;0;0;0;0;0;0;0;4789;0;0;133;0;202;0;
25350;7342828;1241501696;28106752;1390878720;0;0;0;0;0;0;0;0;0;0;0;4528;0;0;133;0;202;0;
25351;14624752;1241501696;28106752;1390878720;0;0;0;0;0;0;0;0;0;0;0;4028;0;0;133;0;202;0;
25352;8586721;1241501696;28106752;1390878720;0;0;0;0;0;0;0;0;0;0;0;4579;0;0;133;0;202;0;
25353;11296592;1241501696;28106752;1390878720;0;0;0;0;0;0;0;0;0;0;0;4919;0;0;133;0;202;0;
25354;7597907;1241604096;28098560;1390870528;0;0;0;0;0;0;0;0;0;0;0;4618;0;0;133;0;202;0;
25355;11462392;1241604096;28098560;1390870528;0;0;0;0;0;0;0;0;0;0;0;3877;0;0;133;0;202;0;
25356;8662282;1241604096;28098560;1390870528;0;0;0;0;0;0;0;0;0;0;0;4959;0;0;133;0;202;0;
25357;10208752;1241604096;28098560;1390870528;0;0;0;0;0;0;0;0;0;0;0;4839;0;0;133;0;202;0;
25358;11079034;1241604096;28098560;1390870528;0;0;0;0;0;0;0;0;0;0;0;4579;0;0;133;0;202;0;
25359;9331938;1241604096;28098560;1390870528;0;0;0;0;0;0;0;0;0;0;0;4448;0;0;133;0;202;0;
25360;9297423;1241604096;28098560;1390870528;0;0;0;0;0;0;0;0;0;0;0;3116;0;0;133;0;202;0;
25361;10238868;1241604096;28098560;1390870528;0;0;0;0;0;0;0;0;0;0;0;3787;0;0;133;0;202;0;
25362;10107322;1241604096;28098560;1390870528;0;0;0;0;0;0;0;0;0;0;0;3948;0;0;133;0;202;0;
25363;10997300;1241604096;28098560;1390870528;0;0;0;0;0;0;0;0;0;0;0;4208;0;0;133;0;202;0;
25364;6608451;1236779008;21602304;1384374272;0;0;0;0;0;0;0;0;0;0;0;3897;0;0;133;0;202;0;
25365;9871720;1236779008;21602304;1384374272;0;0;0;0;0;0;0;0;0;0;0;3677;0;0;133;0;202;0;
25366;7838378;1236779008;21602304;1384374272;0;0;0;0;0;0;0;0;0;0;0;3115;0;0;133;0;202;0;
25367;14947848;1236779008;21602304;1384374272;0;0;0;0;0;0;0;0;0;0;0;6112;0;0;133;0;202;0;
25368;15424451;1236779008;21602304;1384374272;0;0;0;0;0;0;0;0;0;0;0;3898;0;0;133;0;202;0;
25369;11089353;1236779008;21602304;1384374272;0;0;0;0;0;0;0;0;0;0;0;3667;0;0;133;0;202;0;
25370;10795111;1236779008;21602304;1384374272;0;0;0;0;0;0;0;0;0;0;0;4007;0;0;133;0;202;0;
25371;16020710;1236779008;21602304;1384374272;0;0;0;0;0;0;0;0;0;0;0;4288;0;0;133;0;202;0;
25372;11519259;1236779008;21602304;1384374272;0;0;0;0;0;0;0;0;0;0;0;4799;0;0;133;0;202;0;
25373;8378931;1236779008;21602304;1384374272;0;0;0;0;0;0;0;0;0;0;0;3667;0;0;133;0;202;0;
25374;14521549;1236779008;21618688;1384390656;0;0;0;0;0;0;0;0;0;0;0;3647;0;0;133;0;202;0;
25375;7907907;1236779008;21626880;1384398848;0;0;0;0;0;0;0;0;0;0;0;4268;0;0;133;0;202;0;
25376;12545633;1236779008;21667840;1384439808;0;0;0;0;0;0;0;0;0;0;0;3847;0;0;133;0;202;0;
25377;10927580;1236779008;21667840;1384439808;0;0;0;0;0;0;0;0;0;0;0;4458;0;0;133;0;202;0;
25378;6901350;1236779008;21667840;1384439808;0;0;0;0;0;0;0;0;0;0;0;4569;0;0;133;0;202;0;
25379;11304236;1241501696;28164096;1390936064;0;0;0;0;0;0;0;0;0;0;0;4859;0;0;133;0;202;0;
25380;8896601;1241501696;28164096;1390936064;0;0;0;0;0;0;0;0;0;0;0;5080;0;0;133;0;202;0;
25381;10416532;1241501696;28164096;1390936064;0;0;0;0;0;0;0;0;0;0;0;4248;0;0;133;0;202;0;
25382;7866700;1241612288;28151808;1390923776;0;0;0;0;0;0;0;0;0;0;0;4999;0;0;133;0;202;0;
25383;10179507;1241612288;28151808;1390923776;0;0;0;0;0;0;0;0;0;0;0;4799;0;0;133;0;202;0;
25384;6015930;1241591808;28131328;1390903296;0;0;0;0;0;0;0;0;0;0;0;4758;0;0;133;0;202;0;
25385;11871089;1241591808;28131328;1390903296;0;0;0;0;0;0;0;0;0;0;0;3056;0;0;133;0;202;0;
25386;7683607;1241591808;28131328;1390903296;0;0;0;0;0;0;0;0;0;0;0;4709;0;0;133;0;202;0;
25387;10607971;1241591808;28131328;1390903296;0;0;0;0;0;0;0;0;0;0;0;4288;0;0;133;0;202;0;
25388;9704527;1236766720;21635072;1384407040;0;0;0;0;0;0;0;0;0;0;0;3827;0;0;133;0;202;0;
25389;10298280;1236766720;21635072;1384407040;0;0;0;0;0;0;0;0;0;0;0;4418;0;0;133;0;202;0;
25390;8487925;1236766720;21635072;1384407040;0;0;0;0;0;0;0;0;0;0;0;4399;0;0;133;0;202;0;
25391;7775289;1236766720;21635072;1384407040;0;0;0;0;0;0;0;0;0;0;0;4248;0;0;133;0;202;0;
25392;8990768;1236766720;21635072;1384407040;0;0;0;0;0;0;0;0;0;0;0;4398;0;0;133;0;202;0;
25393;10736141;1236766720;21635072;1384407040;0;0;0;0;0;0;0;0;0;0;0;4298;0;0;133;0;202;0;
25394;6333365;1236766720;21635072;1384407040;0;0;0;0;0;0;0;0;0;0;0;3707;0;0;133;0;202;0;
25395;7823058;1236766720;21635072;1384407040;0;0;0;0;0;0;0;0;0;0;0;4929;0;0;133;0;202;0;
25396;10288181;1236766720;21635072;1384407040;0;0;0;0;0;0;0;0;0;0;0;4037;0;0;133;0;202;0;
25397;11134197;1236766720;21635072;1384407040;0;0;0;0;0;0;0;0;0;0;0;5220;0;0;133;0;202;0;
25398;9669170;1236766720;21643264;1384415232;0;0;0;0;0;0;0;0;0;0;0;5110;0;0;133;0;202;0;
25399;10009488;1241489408;28139520;1390911488;0;0;0;0;0;0;0;0;0;0;0;4358;0;0;133;0;202;0;
25400;8900448;1241489408;28139520;1390911488;0;0;0;0;0;0;0;0;0;0;0;3968;0;0;133;0;202;0;
25401;12205686;1241489408;28139520;1390911488;0;0;0;0;0;0;0;0;0;0;0;4187;0;0;133;0;202;0;
25402;8240692;1241489408;28139520;1390911488;0;0;0;0;0;0;0;0;0;0;0;4188;0;0;133;0;202;0;
25403;12216266;1241489408;28139520;1390911488;0;0;0;0;0;0;0;0;0;0;0;4408;0;0;133;0;202;0;
25404;7651877;1241591808;28131328;1390903296;0;0;0;0;0;0;0;0;0;0;0;3527;0;0;133;0;202;0;
25405;10929885;1241591808;28131328;1390903296;0;0;0;0;0;0;0;0;0;0;0;4369;0;0;133;0;202;0;
25406;7735024;1241591808;28131328;1390903296;0;0;0;0;0;0;0;0;0;0;0;3206;0;0;133;0;202;0;
25407;10520877;1241591808;28131328;1390903296;0;0;0;0;0;0;0;0;0;0;0;3867;0;0;133;0;202;0;
25408;6992832;1241591808;28131328;1390903296;0;0;0;0;0;0;0;0;0;0;0;5381;0;0;133;0;202;0;
25409;7853686;1241591808;28131328;1390903296;0;0;0;0;0;0;0;0;0;0;0;4048;0;0;133;0;202;0;
25410;9161899;1241591808;28131328;1390903296;0;0;0;0;0;0;0;0;0;0;0;6372;0;0;133;0;202;0;
25411;11605190;1241591808;28131328;1390903296;0;0;0;0;0;0;0;0;0;0;0;4118;0;0;133;0;202;0;
25412;9237681;1241591808;28131328;1390903296;0;0;0;0;0;0;0;0;0;0;0;4748;0;0;133;0;202;0;
25413;11637190;1241591808;28131328;1390903296;0;0;0;0;0;0;0;0;0;0;0;4258;0;0;133;0;202;0;
25414;6704752;1236766720;21635072;1384407040;0;0;0;0;0;0;0;0;0;0;0;4448;0;0;133;0;202;0;
25415;12375294;1236766720;21635072;1384407040;0;0;0;0;0;0;0;0;0;0;0;5069;0;0;133;0;202;0;
25416;7110613;1236766720;21635072;1384407040;0;0;0;0;0;0;0;0;0;0;0;4127;0;0;133;0;202;0;
25417;8807695;1236766720;21635072;1384407040;0;0;0;0;0;0;0;0;0;0;0;4328;0;0;133;0;202;0;
25418;7515933;1236766720;21635072;1384407040;0;0;0;0;0;0;0;0;0;0;0;3337;0;0;133;0;202;0;
25419;8632777;1236766720;21635072;1384407040;0;0;0;0;0;0;0;0;0;0;0;4218;0;0;133;0;202;0;
25420;7422688;1236766720;21635072;1384407040;0;0;0;0;0;0;0;0;0;0;0;3857;0;0;133;0;202;0;
25421;11746906;1236766720;21635072;1384407040;0;0;0;0;0;0;0;0;0;0;0;2805;0;0;133;0;202;0;
25422;6817693;1236766720;21635072;1384407040;0;0;0;0;0;0;0;0;0;0;0;4339;0;0;133;0;202;0;
25423;8107552;1236766720;21635072;1384407040;0;0;0;0;0;0;0;0;0;0;0;3978;0;0;133;0;202;0;
25424;9810244;1236766720;21635072;1384407040;0;0;0;0;0;0;0;0;0;0;0;5360;0;0;133;0;202;0;
25425;8417373;1241489408;28131328;1390903296;0;0;0;0;0;0;0;0;0;0;0;5510;0;0;133;0;202;0;
25426;9443087;1241489408;28131328;1390903296;0;0;0;0;0;0;0;0;0;0;0;4068;0;0;133;0;202;0;
25427;7241048;1241489408;28131328;1390903296;0;0;0;0;0;0;0;0;0;0;0;3135;0;0;133;0;202;0;
25428;11400556;1241489408;28131328;1390903296;0;0;0;0;0;0;0;0;0;0;0;4959;0;0;133;0;202;0;
25429;9070578;1241489408;28131328;1390903296;0;0;0;0;0;0;0;0;0;0;0;4308;0;0;133;0;202;0;
25430;13310327;1241489408;28131328;1390903296;0;0;0;0;0;0;0;0;0;0;0;5289;0;0;133;0;202;0;
25431;8612879;1241489408;28131328;1390903296;0;0;0;0;0;0;0;0;0;0;0;4508;0;0;133;0;202;0;
25432;13115362;1241489408;28131328;1390903296;0;0;0;0;0;0;0;0;0;0;0;5450;0;0;133;0;202;0;
25433;9871049;1241489408;28131328;1390903296;0;0;0;0;0;0;0;0;0;0;0;3938;0;0;133;0;202;0;
25434;12232887;1236766720;21635072;1384407040;0;0;0;0;0;0;0;0;0;0;0;3606;0;0;133;0;202;0;
25435;12288522;1236766720;21635072;1384407040;0;0;0;0;0;0;0;0;0;0;0;4919;0;0;133;0;202;0;
25436;8980358;1236766720;21635072;1384407040;0;0;0;0;0;0;0;0;0;0;0;3567;0;0;133;0;202;0;
25437;10826921;1236766720;21635072;1384407040;0;0;0;0;0;0;0;0;0;0;0;5811;0;0;133;0;202;0;
25438;8574718;1236766720;21635072;1384407040;0;0;0;0;0;0;0;0;0;0;0;3908;0;0;133;0;202;0;
25439;11845240;1236766720;21635072;1384407040;0;0;0;0;0;0;0;0;0;0;0;4679;0;0;133;0;202;0;
25440;10672572;1236766720;21635072;1384407040;0;0;0;0;0;0;0;0;0;0;0;5620;0;0;133;0;202;0;
25441;10617869;1236766720;21635072;1384407040;0;0;0;0;0;0;0;0;0;0;0;3647;0;0;133;0;202;0;
25442;11800987;1236766720;21635072;1384407040;0;0;0;0;0;0;0;0;0;0;0;3447;0;0;133;0;202;0;
25443;9239865;1236766720;21635072;1384407040;0;0;0;0;0;0;0;0;0;0;0;4549;0;0;133;0;202;0;
25444;8736191;1236766720;21635072;1384407040;0;0;0;0;0;0;0;0;0;0;0;4068;0;0;133;0;202;0;
25445;8778761;1236766720;21635072;1384407040;0;0;0;0;0;0;0;0;0;0;0;6051;0;0;133;0;202;0;
25446;9079695;1236766720;21635072;1384407040;0;0;0;0;0;0;0;0;0;0;0;4448;0;0;133;0;202;0;
25447;9937163;1241489408;28131328;1390903296;0;0;0;0;0;0;0;0;0;0;0;4639;0;0;133;0;202;0;
25448;11705990;1241489408;28131328;1390903296;0;0;0;0;0;0;0;0;0;0;0;4669;0;0;133;0;202;0;
25449;9244394;1241489408;28131328;1390903296;0;0;0;0;0;0;0;0;0;0;0;4319;0;0;133;0;202;0;
25450;9416667;1241489408;28139520;1390911488;0;0;0;0;0;0;0;0;0;0;0;4579;0;0;133;0;202;0;
25451;11409934;1241489408;28139520;1390911488;0;0;0;0;0;0;0;0;0;0;0;3206;0;0;133;0;202;0;
25452;15245036;1241489408;28139520;1390911488;0;0;0;0;0;0;0;0;0;0;0;5199;0;0;133;0;202;0;
25453;11287625;1241489408;28139520;1390911488;0;0;0;0;0;0;0;0;0;0;0;4599;0;0;133;0;202;0;
25454;9200111;1241489408;28139520;1390911488;0;0;0;0;0;0;0;0;0;0;0;3927;0;0;133;0;202;0;
25455;8274925;1241489408;28139520;1390911488;0;0;0;0;0;0;0;0;0;0;0;7003;0;0;133;0;202;0;
25456;8204284;1236766720;21635072;1384407040;0;0;0;0;0;0;0;0;0;0;0;4578;0;0;133;0;202;0;
25457;10439454;1236766720;21635072;1384407040;0;0;0;0;0;0;0;0;0;0;0;3476;0;0;133;0;202;0;
25458;7033558;1236766720;21635072;1384407040;0;0;0;0;0;0;0;0;0;0;0;5470;0;0;133;0;202;0;
25459;14210726;1236766720;21635072;1384407040;0;0;0;0;0;0;0;0;0;0;0;4999;0;0;133;0;202;0;
25460;9190894;1236766720;21635072;1384407040;0;0;0;0;0;0;0;0;0;0;0;5801;0;0;133;0;202;0;
25461;11446102;1236766720;21635072;1384407040;0;0;0;0;0;0;0;0;0;0;0;3988;0;0;133;0;202;0;
25462;7842616;1236766720;21635072;1384407040;0;0;0;0;0;0;0;0;0;0;0;3777;0;0;133;0;202;0;
25463;10152296;1236766720;21635072;1384407040;0;0;0;0;0;0;0;0;0;0;0;3426;0;0;133;0;202;0;
25464;9595923;1236766720;21635072;1384407040;0;0;0;0;0;0;0;0;0;0;0;5009;0;0;133;0;202;0;
25465;8769163;1236766720;21635072;1384407040;0;0;0;0;0;0;0;0;0;0;0;3667;0;0;133;0;202;0;
25466;12825329;1236766720;21635072;1384407040;0;0;0;0;0;0;0;0;0;0;0;4959;0;0;133;0;202;0;
25467;10370094;1236766720;21635072;1384407040;0;0;0;0;0;0;0;0;0;0;0;3747;0;0;133;0;202;0;
25468;17621992;1236766720;21635072;1384407040;0;0;0;0;0;0;0;0;0;0;0;4098;0;0;133;0;202;0;
25469;11835402;1236766720;21635072;1384407040;0;0;0;0;0;0;0;0;0;0;0;3877;0;0;133;0;202;0;
25470;12243217;1236766720;21635072;1384407040;0;0;0;0;0;0;0;0;0;0;0;5150;0;0;133;0;202;0;
25471;13208267;1241489408;28131328;1390903296;0;0;0;0;0;0;0;0;0;0;0;3626;0;0;133;0;202;0;
25472;7281974;1241489408;28131328;1390903296;0;0;0;0;0;0;0;0;0;0;0;4799;0;0;133;0;202;0;
25473;8821180;1241489408;28131328;1390903296;0;0;0;0;0;0;0;0;0;0;0;3988;0;0;133;0;202;0;
25474;8233709;1241489408;28131328;1390903296;0;0;0;0;0;0;0;0;0;0;0;4288;0;0;133;0;202;0;
25475;10521589;1241489408;28131328;1390903296;0;0;0;0;0;0;0;0;0;0;0;4519;0;0;133;0;202;0;
25476;8485741;1241489408;28131328;1390903296;0;0;0;0;0;0;0;0;0;0;0;4278;0;0;133;0;202;0;
25477;10615184;1241489408;28131328;1390903296;0;0;0;0;0;0;0;0;0;0;0;4538;0;0;133;0;202;0;
25478;8382928;1241489408;28131328;1390903296;0;0;0;0;0;0;0;0;0;0;0;4719;0;0;133;0;202;0;
25479;7381010;1241489408;28131328;1390903296;0;0;0;0;0;0;0;0;0;0;0;3697;0;0;133;0;202;0;
25480;12082556;1236766720;21635072;1384407040;0;0;0;0;0;0;0;0;0;0;0;3847;0;0;133;0;202;0;
25481;10614964;1236766720;21635072;1384407040;0;0;0;0;0;0;0;0;0;0;0;4118;0;0;133;0;202;0;
25482;8597360;1236766720;21635072;1384407040;0;0;0;0;0;0;0;0;0;0;0;3627;0;0;133;0;202;0;
25483;12434815;1236766720;21635072;1384407040;0;0;0;0;0;0;0;0;0;0;0;4108;0;0;133;0;202;0;
25484;7532964;1236766720;21635072;1384407040;0;0;0;0;0;0;0;0;0;0;0;5531;0;0;133;0;202;0;
25485;9850750;1236766720;21635072;1384407040;0;0;0;0;0;0;0;0;0;0;0;5971;0;0;133;0;202;0;
25486;6435808;1236766720;21635072;1384407040;0;0;0;0;0;0;0;0;0;0;0;3948;0;0;133;0;202;0;
25487;12073950;1236766720;21635072;1384407040;0;0;0;0;0;0;0;0;0;0;0;3757;0;0;133;0;202;0;
25488;8794170;1236766720;21635072;1384407040;0;0;0;0;0;0;0;0;0;0;0;49222;0;0;133;0;202;0;
25489;9239725;1236766720;21635072;1384407040;0;0;0;0;0;0;0;0;0;0;0;4619;0;0;133;0;202;0;
25490;12449824;1236766720;21635072;1384407040;0;0;0;0;0;0;0;0;0;0;0;3918;0;0;133;0;202;0;
25491;11771723;1236766720;21635072;1384407040;0;0;0;0;0;0;0;0;0;0;0;3987;0;0;133;0;202;0;
25492;11800246;1236766720;21635072;1384407040;0;0;0;0;0;0;0;0;0;0;0;4419;0;0;133;0;202;0;
25493;11985874;1241489408;28131328;1390903296;0;0;0;0;0;0;0;0;0;0;0;3537;0;0;133;0;202;0;
25494;9131462;1241489408;28131328;1390903296;0;0;0;0;0;0;0;0;0;0;0;3456;0;0;133;0;202;0;
25495;9491437;1241489408;28131328;1390903296;0;0;0;0;0;0;0;0;0;0;0;3557;0;0;133;0;202;0;
25496;8155703;1241489408;28131328;1390903296;0;0;0;0;0;0;0;0;0;0;0;2996;0;0;133;0;202;0;
25497;9703014;1241489408;28131328;1390903296;0;0;0;0;0;0;0;0;0;0;0;3807;0;0;133;0;202;0;
25498;8504797;1241489408;28131328;1390903296;0;0;0;0;0;0;0;0;0;0;0;5180;0;0;133;0;202;0;
25499;10331342;1241489408;28131328;1390903296;0;0;0;0;0;0;0;0;0;0;0;4338;0;0;133;0;202;0;
25500;7074415;1241489408;28131328;1390903296;0;0;0;0;0;0;0;0;0;0;0;4168;0;0;133;0;202;0;
25501;9273368;1241489408;28131328;1390903296;0;0;0;0;0;0;0;0;0;0;0;4288;0;0;133;0;202;0;
25502;8403146;1236766720;21635072;1384407040;0;0;0;0;0;0;0;0;0;0;0;3977;0;0;133;0;202;0;
25503;12021881;1236766720;21635072;1384407040;0;0;0;0;0;0;0;0;0;0;0;5560;0;0;133;0;202;0;
25504;6768751;1236766720;21635072;1384407040;0;0;0;0;0;0;0;0;0;0;0;4909;0;0;133;0;202;0;
25505;11726348;1236766720;21635072;1384407040;0;0;0;0;0;0;0;0;0;0;0;4559;0;0;133;0;202;0;
25506;6342222;1236766720;21635072;1384407040;0;0;0;0;0;0;0;0;0;0;0;3045;0;0;133;0;202;0;
25507;8999815;1236766720;21635072;1384407040;0;0;0;0;0;0;0;0;0;0;0;4468;0;0;133;0;202;0;
25508;9929869;1236766720;21635072;1384407040;0;0;0;0;0;0;0;0;0;0;0;4028;0;0;133;0;202;0;
25509;13013010;1236766720;21635072;1384407040;0;0;0;0;0;0;0;0;0;0;0;3717;0;0;133;0;202;0;
25510;8849473;1236766720;21635072;1384407040;0;0;0;0;0;0;0;0;0;0;0;6512;0;0;133;0;202;0;
25511;10755007;1236766720;21635072;1384407040;0;0;0;0;0;0;0;0;0;0;0;3546;0;0;133;0;202;0;
25512;5721158;1236766720;21635072;1384407040;0;0;0;0;0;0;0;0;0;0;0;3667;0;0;133;0;202;0;
25513;11116504;1236766720;21635072;1384407040;0;0;0;0;0;0;0;0;0;0;0;4318;0;0;133;0;202;0;
25514;5963852;1236766720;21635072;1384407040;0;0;0;0;0;0;0;0;0;0;0;4589;0;0;133;0;202;0;
25515;11970566;1236766720;21635072;1384407040;0;0;0;0;0;0;0;0;0;0;0;4398;0;0;133;0;202;0;
25516;7371281;1236766720;21635072;1384407040;0;0;0;0;0;0;0;0;0;0;0;5471;0;0;133;0;202;0;
25517;10180379;1241489408;28131328;1390903296;0;0;0;0;0;0;0;0;0;0;0;4328;0;0;133;0;202;0;
25518;6143851;1241489408;28131328;1390903296;0;0;0;0;0;0;0;0;0;0;0;8055;0;0;133;0;202;0;
25519;10076785;1241489408;28131328;1390903296;0;0;0;0;0;0;0;0;0;0;0;3897;0;0;133;0;202;0;
25520;5716749;1241489408;28131328;1390903296;0;0;0;0;0;0;0;0;0;0;0;4138;0;0;133;0;202;0;
25521;9688978;1241489408;28131328;1390903296;0;0;0;0;0;0;0;0;0;0;0;3397;0;0;133;0;202;0;
25522;8507091;1241489408;28131328;1390903296;0;0;0;0;0;0;0;0;0;0;0;3847;0;0;133;0;202;0;
25523;9009243;1241489408;28131328;1390903296;0;0;0;0;0;0;0;0;0;0;0;4709;0;0;133;0;202;0;
25524;7417839;1241489408;28131328;1390903296;0;0;0;0;0;0;0;0;0;0;0;4408;0;0;133;0;202;0;
25525;11464256;1241489408;28131328;1390903296;0;0;0;0;0;0;0;0;0;0;0;4458;0;0;133;0;202;0;
25526;7647379;1236766720;21635072;1384407040;0;0;0;0;0;0;0;0;0;0;0;3747;0;0;133;0;202;0;
25527;10260158;1236766720;21635072;1384407040;0;0;0;0;0;0;0;0;0;0;0;3727;0;0;133;0;202;0;
25528;8440727;1236766720;21635072;1384407040;0;0;0;0;0;0;0;0;0;0;0;3526;0;0;133;0;202;0;
25529;8089308;1236766720;21635072;1384407040;0;0;0;0;0;0;0;0;0;0;0;4759;0;0;133;0;202;0;
25530;7075496;1236766720;21635072;1384407040;0;0;0;0;0;0;0;0;0;0;0;4659;0;0;133;0;202;0;
25531;11036414;1236766720;21635072;1384407040;0;0;0;0;0;0;0;0;0;0;0;4648;0;0;133;0;202;0;
25532;7738259;1236766720;21635072;1384407040;0;0;0;0;0;0;0;0;0;0;0;3596;0;0;133;0;202;0;
25533;8604414;1236766720;21635072;1384407040;0;0;0;0;0;0;0;0;0;0;0;4759;0;0;133;0;202;0;
25534;6269215;1236766720;21635072;1384407040;0;0;0;0;0;0;0;0;0;0;0;3557;0;0;133;0;202;0;
25535;11448537;1236766720;21635072;1384407040;0;0;0;0;0;0;0;0;0;0;0;4388;0;0;133;0;202;0;
25536;4351259;1236766720;21635072;1384407040;0;0;0;0;0;0;0;0;0;0;0;3667;0;0;133;0;202;0;
25537;9173631;1236766720;21635072;1384407040;0;0;0;0;0;0;0;0;0;0;0;5110;0;0;133;0;202;0;
25538;4634040;1236766720;21635072;1384407040;0;0;0;0;0;0;0;0;0;0;0;3747;0;0;133;0;202;0;
25539;6297909;1241489408;28131328;1390903296;0;0;0;0;0;0;0;0;0;0;0;5169;0;0;133;0;202;0;
25540;8678633;1241489408;28131328;1390903296;0;0;0;0;0;0;0;0;0;0;0;4529;0;0;133;0;202;0;
25541;8438904;1241489408;28131328;1390903296;0;0;0;0;0;0;0;0;0;0;0;3758;0;0;133;0;202;0;
25542;7277857;1241489408;28131328;1390903296;0;0;0;0;0;0;0;0;0;0;0;4378;0;0;133;0;202;0;
25543;8309110;1241489408;28131328;1390903296;0;0;0;0;0;0;0;0;0;0;0;3787;0;0;133;0;202;0;
25544;8447329;1241489408;28131328;1390903296;0;0;0;0;0;0;0;0;0;0;0;3527;0;0;133;0;202;0;
25545;9557811;1241489408;28131328;1390903296;0;0;0;0;0;0;0;0;0;0;0;3527;0;0;133;0;202;0;
25546;9059858;1241489408;28131328;1390903296;0;0;0;0;0;0;0;0;0;0;0;4669;0;0;133;0;202;0;
25547;7645756;1241489408;28131328;1390903296;0;0;0;0;0;0;0;0;0;0;0;4749;0;0;133;0;202;0;
25548;7567029;1236766720;21635072;1384407040;0;0;0;0;0;0;0;0;0;0;0;4699;0;0;133;0;202;0;
25549;11500364;1236766720;21635072;1384407040;0;0;0;0;0;0;0;0;0;0;0;4959;0;0;133;0;202;0;
25550;8058750;1236766720;21635072;1384407040;0;0;0;0;0;0;0;0;0;0;0;4068;0;0;133;0;202;0;
25551;10141526;1236766720;21635072;1384407040;0;0;0;0;0;0;0;0;0;0;0;4147;0;0;133;0;202;0;
25552;7463014;1236766720;21635072;1384407040;0;0;0;0;0;0;0;0;0;0;0;3997;0;0;133;0;202;0;
25553;9358588;1236766720;21635072;1384407040;0;0;0;0;0;0;0;0;0;0;0;3697;0;0;133;0;202;0;
25554;6804729;1236766720;21635072;1384407040;0;0;0;0;0;0;0;0;0;0;0;4819;0;0;133;0;202;0;
25555;7851081;1236766720;21635072;1384407040;0;0;0;0;0;0;0;0;0;0;0;4389;0;0;133;0;202;0;
25556;8777318;1236766720;21635072;1384407040;0;0;0;0;0;0;0;0;0;0;0;4489;0;0;133;0;202;0;
25557;9354240;1236766720;21635072;1384407040;0;0;0;0;0;0;0;0;0;0;0;4348;0;0;133;0;202;0;
25558;7095074;1236766720;21635072;1384407040;0;0;0;0;0;0;0;0;0;0;0;3697;0;0;133;0;202;0;
25559;9584421;1236766720;21635072;1384407040;0;0;0;0;0;0;0;0;0;0;0;5390;0;0;133;0;202;0;
25560;9171086;1236766720;21635072;1384407040;0;0;0;0;0;0;0;0;0;0;0;5540;0;0;133;0;202;0;
25561;8963016;1236766720;21635072;1384407040;0;0;0;0;0;0;0;0;0;0;0;4859;0;0;133;0;202;0;
25562;6768040;1236766720;21635072;1384407040;0;0;0;0;0;0;0;0;0;0;0;4449;0;0;133;0;202;0;
25563;8975570;1241489408;28131328;1390903296;0;0;0;0;0;0;0;0;0;0;0;4669;0;0;133;0;202;0;
25564;7706050;1241489408;28131328;1390903296;0;0;0;0;0;0;0;0;0;0;0;6032;0;0;133;0;202;0;
25565;7405536;1241489408;28131328;1390903296;0;0;0;0;0;0;0;0;0;0;0;4398;0;0;133;0;202;0;
25566;8172404;1241489408;28131328;1390903296;0;0;0;0;0;0;0;0;0;0;0;4538;0;0;133;0;202;0;
25567;17251567;1241489408;28131328;1390903296;0;0;0;0;0;0;0;0;0;0;0;4478;0;0;133;0;202;0;
25568;6321793;1241489408;28131328;1390903296;0;0;0;0;0;0;0;0;0;0;0;3647;0;0;133;0;202;0;
25569;7063744;1241489408;28131328;1390903296;0;0;0;0;0;0;0;0;0;0;0;3857;0;0;133;0;202;0;
25570;14744247;1241489408;28135424;1390907392;0;0;0;0;0;0;0;0;0;0;0;3677;0;0;133;0;202;0;
25571;8033353;1241489408;28135424;1390907392;0;0;0;0;0;0;0;0;0;0;0;3847;0;0;133;0;202;0;
25572;8571743;1236664320;21639168;1384411136;0;0;0;0;0;0;0;0;0;0;0;3306;0;0;133;0;202;0;
25573;7799575;1236664320;21639168;1384411136;0;0;0;0;0;0;0;0;0;0;0;4458;0;0;133;0;202;0;
25574;9630648;1236664320;21639168;1384411136;0;0;0;0;0;0;0;0;0;0;0;3838;0;0;133;0;202;0;
25575;8639470;1236664320;21639168;1384411136;0;0;0;0;0;0;0;0;0;0;0;3977;0;0;133;0;202;0;
25576;10962095;1236758528;21626880;1384398848;0;0;0;0;0;0;0;0;0;0;0;3727;0;0;133;0;202;0;
25577;11719705;1236758528;21626880;1384398848;0;0;0;0;0;0;0;0;0;0;0;3897;0;0;133;0;202;0;
25578;10443092;1236758528;21626880;1384398848;0;0;0;0;0;0;0;0;0;0;0;3887;0;0;133;0;202;0;
25579;9461350;1236758528;21626880;1384398848;0;0;0;0;0;0;0;0;0;0;0;4358;0;0;133;0;202;0;
25580;8091903;1236758528;21626880;1384398848;0;0;0;0;0;0;0;0;0;0;0;4028;0;0;133;0;202;0;
25581;9188509;1236758528;21626880;1384398848;0;0;0;0;0;0;0;0;0;0;0;3486;0;0;133;0;202;0;
25582;10440406;1236758528;21626880;1384398848;0;0;0;0;0;0;0;0;0;0;0;2785;0;0;133;0;202;0;
25583;14742272;1236758528;21626880;1384398848;0;0;0;0;0;0;0;0;0;0;0;3928;0;0;133;0;202;0;
25584;7653160;1236758528;21626880;1384398848;0;0;0;0;0;0;0;0;0;0;0;4228;0;0;133;0;202;0;
25585;11030122;1241481216;28123136;1390895104;0;0;0;0;0;0;0;0;0;0;0;2806;0;0;133;0;202;0;
25586;7126422;1241481216;28123136;1390895104;0;0;0;0;0;0;0;0;0;0;0;3035;0;0;133;0;202;0;
25587;9115572;1241481216;28123136;1390895104;0;0;0;0;0;0;0;0;0;0;0;3837;0;0;133;0;202;0;
25588;8808667;1241481216;28123136;1390895104;0;0;0;0;0;0;0;0;0;0;0;5080;0;0;133;0;202;0;
25589;9155157;1241481216;28123136;1390895104;0;0;0;0;0;0;0;0;0;0;0;6322;0;0;133;0;202;0;
25590;10281828;1241481216;28123136;1390895104;0;0;0;0;0;0;0;0;0;0;0;4378;0;0;133;0;202;0;
25591;8757881;1241481216;28123136;1390895104;0;0;0;0;0;0;0;0;0;0;0;4819;0;0;133;0;202;0;
25592;11573832;1241481216;28123136;1390895104;0;0;0;0;0;0;0;0;0;0;0;5160;0;0;133;0;202;0;
25593;12122140;1241481216;28123136;1390895104;0;0;0;0;0;0;0;0;0;0;0;4559;0;0;133;0;202;0;
25594;8721583;1236758528;21626880;1384398848;0;0;0;0;0;0;0;0;0;0;0;3777;0;0;133;0;202;0;
25595;11847896;1236758528;21626880;1384398848;0;0;0;0;0;0;0;0;0;0;0;4408;0;0;133;0;202;0;
25596;8296606;1236758528;21626880;1384398848;0;0;0;0;0;0;0;0;0;0;0;3817;0;0;133;0;202;0;
25597;11445651;1236758528;21626880;1384398848;0;0;0;0;0;0;0;0;0;0;0;4208;0;0;133;0;202;0;
25598;17200041;1236758528;21626880;1384398848;0;0;0;0;0;0;0;0;0;0;0;4167;0;0;133;0;202;0;
25599;11949777;1236758528;21626880;1384398848;0;0;0;0;0;0;0;0;0;0;0;3877;0;0;133;0;202;0;
25600;8204504;1236758528;21626880;1384398848;0;0;0;0;0;0;0;0;0;0;0;4749;0;0;133;0;202;0;
25601;9933215;1236758528;21626880;1384398848;0;0;0;0;0;0;0;0;0;0;0;5319;0;0;133;0;202;0;
25602;7634795;1236758528;21626880;1384398848;0;0;0;0;0;0;0;0;0;0;0;315712;0;0;133;0;202;0;
25603;11244564;1236758528;21626880;1384398848;0;0;0;0;0;0;0;0;0;0;0;4428;0;0;133;0;202;0;
25604;8692970;1236758528;21630976;1384402944;0;0;0;0;0;0;0;0;0;0;0;3477;0;0;133;0;202;0;
25605;8944562;1236758528;21630976;1384402944;0;0;0;0;0;0;0;0;0;0;0;4308;0;0;133;0;202;0;
25606;8898575;1236758528;21630976;1384402944;0;0;0;0;0;0;0;0;0;0;0;3636;0;0;133;0;202;0;
25607;14477466;1241481216;28127232;1390899200;0;0;0;0;0;0;0;0;0;0;0;7694;0;0;133;0;202;0;
25608;10277761;1241481216;28127232;1390899200;0;0;0;0;0;0;0;0;0;0;0;4829;0;0;133;0;202;0;
25609;10552276;1241481216;28127232;1390899200;0;0;0;0;0;0;0;0;0;0;0;3256;0;0;133;0;202;0;
25610;7320045;1241583616;28123136;1390895104;0;0;0;0;0;0;0;0;0;0;0;4508;0;0;133;0;202;0;
25611;9706851;1241583616;28123136;1390895104;0;0;0;0;0;0;0;0;0;0;0;6251;0;0;133;0;202;0;
25612;8145383;1241583616;28123136;1390895104;0;0;0;0;0;0;0;0;0;0;0;4108;0;0;133;0;202;0;
25613;12798689;1241583616;28123136;1390895104;0;0;0;0;0;0;0;0;0;0;0;4609;0;0;133;0;202;0;
25614;8571512;1241583616;28123136;1390895104;0;0;0;0;0;0;0;0;0;0;0;3837;0;0;133;0;202;0;
25615;12474049;1241583616;28123136;1390895104;0;0;0;0;0;0;0;0;0;0;0;4378;0;0;133;0;202;0;
25616;9467722;1236758528;21626880;1384398848;0;0;0;0;0;0;0;0;0;0;0;3787;0;0;133;0;202;0;
25617;10845035;1236758528;21626880;1384398848;0;0;0;0;0;0;0;0;0;0;0;4478;0;0;133;0;202;0;
25618;9689448;1236758528;21626880;1384398848;0;0;0;0;0;0;0;0;0;0;0;4148;0;0;133;0;202;0;
25619;10227016;1236758528;21626880;1384398848;0;0;0;0;0;0;0;0;0;0;0;5039;0;0;133;0;202;0;
25620;7493801;1236758528;21626880;1384398848;0;0;0;0;0;0;0;0;0;0;0;4628;0;0;133;0;202;0;
25621;7987086;1236758528;21626880;1384398848;0;0;0;0;0;0;0;0;0;0;0;3907;0;0;133;0;202;0;
25622;6935674;1236758528;21626880;1384398848;0;0;0;0;0;0;0;0;0;0;0;4629;0;0;133;0;202;0;
25623;9292844;1236758528;21626880;1384398848;0;0;0;0;0;0;0;0;0;0;0;3286;0;0;133;0;202;0;
25624;6903454;1236758528;21626880;1384398848;0;0;0;0;0;0;0;0;0;0;0;5290;0;0;133;0;202;0;
25625;9024451;1236758528;21626880;1384398848;0;0;0;0;0;0;0;0;0;0;0;4438;0;0;133;0;202;0;
25626;4533049;1236758528;21626880;1384398848;0;0;0;0;0;0;0;0;0;0;0;4709;0;0;133;0;202;0;
25627;9775460;1236758528;21626880;1384398848;0;0;0;0;0;0;0;0;0;0;0;3828;0;0;133;0;202;0;
25628;5421485;1236758528;21626880;1384398848;0;0;0;0;0;0;0;0;0;0;0;3817;0;0;133;0;202;0;
25629;8022513;1236758528;21626880;1384398848;0;0;0;0;0;0;0;0;0;0;0;4087;0;0;133;0;202;0;
25630;7168842;1236758528;21626880;1384398848;0;0;0;0;0;0;0;0;0;0;0;4358;0;0;133;0;202;0;
25631;7309206;1241481216;28123136;1390895104;0;0;0;0;0;0;0;0;0;0;0;5210;0;0;133;0;202;0;
25632;6571672;1241481216;28123136;1390895104;0;0;0;0;0;0;0;0;0;0;0;4068;0;0;133;0;202;0;
25633;8393448;1241481216;28123136;1390895104;0;0;0;0;0;0;0;0;0;0;0;3336;0;0;133;0;202;0;
25634;6354615;1241481216;28123136;1390895104;0;0;0;0;0;0;0;0;0;0;0;4047;0;0;133;0;202;0;
25635;9573220;1241481216;28123136;1390895104;0;0;0;0;0;0;0;0;0;0;0;4018;0;0;133;0;202;0;
25636;4085821;1241481216;28123136;1390895104;0;0;0;0;0;0;0;0;0;0;0;4238;0;0;133;0;202;0;
25637;10251462;1241481216;28123136;1390895104;0;0;0;0;0;0;0;0;0;0;0;5540;0;0;133;0;202;0;
25638;5090705;1241481216;28123136;1390895104;0;0;0;0;0;0;0;0;0;0;0;3286;0;0;133;0;202;0;
25639;7741626;1241481216;28123136;1390895104;0;0;0;0;0;0;0;0;0;0;0;3967;0;0;133;0;202;0;
25640;6493746;1236758528;21626880;1384398848;0;0;0;0;0;0;0;0;0;0;0;4318;0;0;133;0;202;0;
25641;8974618;1236758528;21626880;1384398848;0;0;0;0;0;0;0;0;0;0;0;3657;0;0;133;0;202;0;
25642;5723702;1236758528;21626880;1384398848;0;0;0;0;0;0;0;0;0;0;0;4048;0;0;133;0;202;0;
25643;8296957;1236758528;21626880;1384398848;0;0;0;0;0;0;0;0;0;0;0;5130;0;0;133;0;202;0;
25644;5547422;1236758528;21626880;1384398848;0;0;0;0;0;0;0;0;0;0;0;3687;0;0;133;0;202;0;
25645;9112086;1236758528;21626880;1384398848;0;0;0;0;0;0;0;0;0;0;0;3837;0;0;133;0;202;0;
25646;7017148;1236758528;21626880;1384398848;0;0;0;0;0;0;0;0;0;0;0;4228;0;0;133;0;202;0;
25647;8723417;1236758528;21626880;1384398848;0;0;0;0;0;0;0;0;0;0;0;4969;0;0;133;0;202;0;
25648;7632982;1236758528;21626880;1384398848;0;0;0;0;0;0;0;0;0;0;0;4318;0;0;133;0;202;0;
25649;8052338;1236758528;21626880;1384398848;0;0;0;0;0;0;0;0;0;0;0;4568;0;0;133;0;202;0;
25650;8077606;1236758528;21626880;1384398848;0;0;0;0;0;0;0;0;0;0;0;4919;0;0;133;0;202;0;
25651;8317556;1236758528;21626880;1384398848;0;0;0;0;0;0;0;0;0;0;0;4899;0;0;133;0;202;0;
25652;6786204;1236758528;21626880;1384398848;0;0;0;0;0;0;0;0;0;0;0;4188;0;0;133;0;202;0;
25653;7827446;1241481216;28123136;1390895104;0;0;0;0;0;0;0;0;0;0;0;3387;0;0;133;0;202;0;
25654;8648637;1241481216;28123136;1390895104;0;0;0;0;0;0;0;0;0;0;0;4008;0;0;133;0;202;0;
25655;7614347;1241481216;28123136;1390895104;0;0;0;0;0;0;0;0;0;0;0;3125;0;0;133;0;202;0;
25656;8718879;1241481216;28123136;1390895104;0;0;0;0;0;0;0;0;0;0;0;4097;0;0;133;0;202;0;
25657;19675283;1241481216;28123136;1390895104;0;0;0;0;0;0;0;0;0;0;0;4549;0;0;133;0;202;0;
25658;7240135;1241481216;28123136;1390895104;0;0;0;0;0;0;0;0;0;0;0;4768;0;0;133;0;202;0;
25659;12492715;1241481216;28123136;1390895104;0;0;0;0;0;0;0;0;0;0;0;5119;0;0;133;0;202;0;
25660;8827391;1241481216;28123136;1390895104;0;0;0;0;0;0;0;0;0;0;0;3516;0;0;133;0;202;0;
25661;10617178;1241481216;28123136;1390895104;0;0;0;0;0;0;0;0;0;0;0;5009;0;0;133;0;202;0;
25662;7130100;1236758528;21626880;1384398848;0;0;0;0;0;0;0;0;0;0;0;4689;0;0;133;0;202;0;
25663;10105879;1236758528;21626880;1384398848;0;0;0;0;0;0;0;0;0;0;0;3837;0;0;133;0;202;0;
25664;6144361;1236758528;21626880;1384398848;0;0;0;0;0;0;0;0;0;0;0;3317;0;0;133;0;202;0;
25665;9535199;1236758528;21626880;1384398848;0;0;0;0;0;0;0;0;0;0;0;4548;0;0;133;0;202;0;
25666;8127069;1236758528;21626880;1384398848;0;0;0;0;0;0;0;0;0;0;0;5070;0;0;133;0;202;0;
25667;10739767;1236758528;21626880;1384398848;0;0;0;0;0;0;0;0;0;0;0;4388;0;0;133;0;202;0;
25668;8214492;1236758528;21635072;1384407040;0;0;0;0;0;0;0;0;0;0;0;4558;0;0;133;0;202;0;
25669;9134217;1241481216;28131328;1390903296;0;0;0;0;0;0;0;0;0;0;0;3527;0;0;133;0;202;0;
25670;10707267;1241481216;28131328;1390903296;0;0;0;0;0;0;0;0;0;0;0;4308;0;0;133;0;202;0;
25671;7930761;1241481216;28131328;1390903296;0;0;0;0;0;0;0;0;0;0;0;4879;0;0;133;0;202;0;
25672;8754716;1241481216;28131328;1390903296;0;0;0;0;0;0;0;0;0;0;0;4228;0;0;133;0;202;0;
25673;9260103;1241481216;28131328;1390903296;0;0;0;0;0;0;0;0;0;0;0;4558;0;0;133;0;202;0;
25674;9330174;1241583616;28123136;1390895104;0;0;0;0;0;0;0;0;0;0;0;5019;0;0;133;0;202;0;
25675;9809343;1241583616;28123136;1390895104;0;0;0;0;0;0;0;0;0;0;0;4218;0;0;133;0;202;0;
25676;10867497;1241583616;28123136;1390895104;0;0;0;0;0;0;0;0;0;0;0;4609;0;0;133;0;202;0;
25677;7747497;1241583616;28123136;1390895104;0;0;0;0;0;0;0;0;0;0;0;4439;0;0;133;0;202;0;
25678;7467712;1241583616;28123136;1390895104;0;0;0;0;0;0;0;0;0;0;0;4899;0;0;133;0;202;0;
25679;9876780;1241583616;28123136;1390895104;0;0;0;0;0;0;0;0;0;0;0;3907;0;0;133;0;202;0;
25680;7977598;1241583616;28123136;1390895104;0;0;0;0;0;0;0;0;0;0;0;5140;0;0;133;0;202;0;
25681;10450215;1241583616;28123136;1390895104;0;0;0;0;0;0;0;0;0;0;0;4238;0;0;133;0;202;0;
25682;8119083;1241583616;28123136;1390895104;0;0;0;0;0;0;0;0;0;0;0;5410;0;0;133;0;202;0;
25683;10654017;1241583616;28123136;1390895104;0;0;0;0;0;0;0;0;0;0;0;5360;0;0;133;0;202;0;
25684;9991815;1241583616;28123136;1390895104;0;0;0;0;0;0;0;0;0;0;0;3998;0;0;133;0;202;0;
25685;9152772;1241583616;28123136;1390895104;0;0;0;0;0;0;0;0;0;0;0;4569;0;0;133;0;202;0;
25686;16285826;1236758528;21626880;1384398848;0;0;0;0;0;0;0;0;0;0;0;4528;0;0;133;0;202;0;
25687;10876133;1236758528;21626880;1384398848;0;0;0;0;0;0;0;0;0;0;0;3757;0;0;133;0;202;0;
25688;6994285;1236758528;21626880;1384398848;0;0;0;0;0;0;0;0;0;0;0;4598;0;0;133;0;202;0;
25689;8025609;1236758528;21626880;1384398848;0;0;0;0;0;0;0;0;0;0;0;4047;0;0;133;0;202;0;
25690;8932709;1236758528;21626880;1384398848;0;0;0;0;0;0;0;0;0;0;0;3987;0;0;133;0;202;0;
25691;10408757;1236758528;21626880;1384398848;0;0;0;0;0;0;0;0;0;0;0;4128;0;0;133;0;202;0;
25692;9087179;1236758528;21626880;1384398848;0;0;0;0;0;0;0;0;0;0;0;3637;0;0;133;0;202;0;
25693;10411442;1236758528;21626880;1384398848;0;0;0;0;0;0;0;0;0;0;0;5060;0;0;133;0;202;0;
25694;6389010;1236758528;21626880;1384398848;0;0;0;0;0;0;0;0;0;0;0;3967;0;0;133;0;202;0;
25695;9987026;1236758528;21626880;1384398848;0;0;0;0;0;0;0;0;0;0;0;3446;0;0;133;0;202;0;
25696;9577178;1236758528;21626880;1384398848;0;0;0;0;0;0;0;0;0;0;0;3927;0;0;133;0;202;0;
25697;8433143;1236758528;21626880;1384398848;0;0;0;0;0;0;0;0;0;0;0;5441;0;0;133;0;202;0;
25698;6831249;1236758528;21626880;1384398848;0;0;0;0;0;0;0;0;0;0;0;3958;0;0;133;0;202;0;
25699;9840662;1241481216;28123136;1390895104;0;0;0;0;0;0;0;0;0;0;0;5150;0;0;133;0;202;0;
25700;8175650;1241481216;28123136;1390895104;0;0;0;0;0;0;0;0;0;0;0;4368;0;0;133;0;202;0;
25701;10267622;1241481216;28123136;1390895104;0;0;0;0;0;0;0;0;0;0;0;3988;0;0;133;0;202;0;
25702;11061531;1241481216;28123136;1390895104;0;0;0;0;0;0;0;0;0;0;0;5781;0;0;133;0;202;0;
25703;11267617;1241481216;28123136;1390895104;0;0;0;0;0;0;0;0;0;0;0;5140;0;0;133;0;202;0;
25704;6182081;1241481216;28123136;1390895104;0;0;0;0;0;0;0;0;0;0;0;4008;0;0;133;0;202;0;
25705;15556139;1241481216;28123136;1390895104;0;0;0;0;0;0;0;0;0;0;0;5029;0;0;133;0;202;0;
25706;9560887;1241481216;28123136;1390895104;0;0;0;0;0;0;0;0;0;0;0;8456;0;0;133;0;202;0;
25707;7699427;1241481216;28123136;1390895104;0;0;0;0;0;0;0;0;0;0;0;4098;0;0;133;0;202;0;
25708;8190758;1236758528;21626880;1384398848;0;0;0;0;0;0;0;0;0;0;0;3406;0;0;133;0;202;0;
25709;11787142;1236758528;21626880;1384398848;0;0;0;0;0;0;0;0;0;0;0;4779;0;0;133;0;202;0;
25710;7244334;1236758528;21626880;1384398848;0;0;0;0;0;0;0;0;0;0;0;5270;0;0;133;0;202;0;
25711;8814778;1236758528;21626880;1384398848;0;0;0;0;0;0;0;0;0;0;0;5400;0;0;133;0;202;0;
25712;6235722;1236758528;21626880;1384398848;0;0;0;0;0;0;0;0;0;0;0;3446;0;0;133;0;202;0;
25713;8392466;1236758528;21626880;1384398848;0;0;0;0;0;0;0;0;0;0;0;4880;0;0;133;0;202;0;
25714;6646703;1236758528;21626880;1384398848;0;0;0;0;0;0;0;0;0;0;0;3336;0;0;133;0;202;0;
25715;8599304;1236758528;21626880;1384398848;0;0;0;0;0;0;0;0;0;0;0;3777;0;0;133;0;202;0;
25716;9585153;1236758528;21626880;1384398848;0;0;0;0;0;0;0;0;0;0;0;4338;0;0;133;0;202;0;
25717;8450325;1236758528;21626880;1384398848;0;0;0;0;0;0;0;0;0;0;0;4379;0;0;133;0;202;0;
25718;9385729;1236758528;21626880;1384398848;0;0;0;0;0;0;0;0;0;0;0;4288;0;0;133;0;202;0;
25719;7889123;1236758528;21626880;1384398848;0;0;0;0;0;0;0;0;0;0;0;4579;0;0;133;0;202;0;
25720;11131482;1236758528;21626880;1384398848;0;0;0;0;0;0;0;0;0;0;0;3667;0;0;133;0;202;0;
25721;9058345;1236758528;21626880;1384398848;0;0;0;0;0;0;0;0;0;0;0;4648;0;0;133;0;202;0;
25722;11342578;1241481216;28131328;1390903296;0;0;0;0;0;0;0;0;0;0;0;3376;0;0;133;0;202;0;
25723;9997295;1247563776;42500096;1405272064;0;0;0;0;0;0;0;0;0;0;0;3567;0;0;133;0;202;0;
25724;9397862;1247563776;42500096;1405272064;0;0;0;0;0;0;0;0;0;0;0;4638;0;0;133;0;202;0;
25725;12569698;1251758080;42500096;1405272064;0;0;0;0;0;0;0;0;0;0;0;3947;0;0;133;0;202;0;
25726;8933240;1251758080;42500096;1405272064;0;0;0;0;0;0;0;0;0;0;0;4228;0;0;133;0;202;0;
25727;9911935;1255952384;42500096;1405272064;0;0;0;0;0;0;0;0;0;0;0;4519;0;0;133;0;202;0;
25728;8932088;1255985152;42491904;1405263872;0;0;0;0;0;0;0;0;0;0;0;3437;0;0;133;0;202;0;
25729;10589045;1255985152;42491904;1405263872;0;0;0;0;0;0;0;0;0;0;0;3697;0;0;133;0;202;0;
25730;8083067;1241169920;27676672;1390448640;0;0;0;0;0;0;0;0;0;0;0;3376;0;0;133;0;202;0;
25731;10119144;1241169920;27676672;1390448640;0;0;0;0;0;0;0;0;0;0;0;4328;0;0;133;0;202;0;
25732;9506225;1241169920;27676672;1390448640;0;0;0;0;0;0;0;0;0;0;0;4017;0;0;133;0;202;0;
25733;9330215;1241169920;27676672;1390448640;0;0;0;0;0;0;0;0;0;0;0;3407;0;0;133;0;202;0;
25734;6724979;1241169920;27676672;1390448640;0;0;0;0;0;0;0;0;0;0;0;3346;0;0;133;0;202;0;
25735;10898836;1241169920;27676672;1390448640;0;0;0;0;0;0;0;0;0;0;0;4138;0;0;133;0;202;0;
25736;10291818;1241169920;27676672;1390448640;0;0;0;0;0;0;0;0;0;0;0;4158;0;0;133;0;202;0;
25737;11853205;1241169920;27676672;1390448640;0;0;0;0;0;0;0;0;0;0;0;3607;0;0;133;0;202;0;
25738;4258365;1241169920;27676672;1390448640;0;0;0;0;0;0;0;0;0;0;0;5490;0;0;133;0;202;0;
25739;8605917;1241169920;27676672;1390448640;0;0;0;0;0;0;0;0;0;0;0;4118;0;0;133;0;202;0;
25740;8521729;1241169920;27676672;1390448640;0;0;0;0;0;0;0;0;0;0;0;4819;0;0;133;0;202;0;
25741;9846022;1241169920;27676672;1390448640;0;0;0;0;0;0;0;0;0;0;0;4438;0;0;133;0;202;0;
25742;7578020;1241169920;27676672;1390448640;0;0;0;0;0;0;0;0;0;0;0;4107;0;0;133;0;202;0;
25743;6597140;1241169920;27676672;1390448640;0;0;0;0;0;0;0;0;0;0;0;4829;0;0;133;0;202;0;
25744;8798387;1241169920;27676672;1390448640;0;0;0;0;0;0;0;0;0;0;0;4488;0;0;133;0;202;0;
25745;10696046;1241169920;27676672;1390448640;0;0;0;0;0;0;0;0;0;0;0;4388;0;0;133;0;202;0;
25746;7301631;1241169920;27676672;1390448640;0;0;0;0;0;0;0;0;0;0;0;3737;0;0;133;0;202;0;
25747;8169829;1241169920;27676672;1390448640;0;0;0;0;0;0;0;0;0;0;0;4428;0;0;133;0;202;0;
25748;6495128;1241169920;27676672;1390448640;0;0;0;0;0;0;0;0;0;0;0;3717;0;0;133;0;202;0;
25749;10542057;1241169920;27676672;1390448640;0;0;0;0;0;0;0;0;0;0;0;4158;0;0;133;0;202;0;
25750;7974944;1241169920;27676672;1390448640;0;0;0;0;0;0;0;0;0;0;0;4228;0;0;133;0;202;0;
25751;8125836;1241169920;27676672;1390448640;0;0;0;0;0;0;0;0;0;0;0;3566;0;0;133;0;202;0;
25752;8220794;1241169920;27676672;1390448640;0;0;0;0;0;0;0;0;0;0;0;4539;0;0;133;0;202;0;
25753;9451012;1241169920;27676672;1390448640;0;0;0;0;0;0;0;0;0;0;0;4268;0;0;133;0;202;0;
25754;7861210;1241169920;27676672;1390448640;0;0;0;0;0;0;0;0;0;0;0;4448;0;0;133;0;202;0;
25755;10517141;1241169920;27676672;1390448640;0;0;0;0;0;0;0;0;0;0;0;8887;0;0;133;0;202;0;
25756;9623294;1241169920;27676672;1390448640;0;0;0;0;0;0;0;0;0;0;0;4107;0;0;133;0;202;0;
25757;9106035;1241169920;27676672;1390448640;0;0;0;0;0;0;0;0;0;0;0;4639;0;0;133;0;202;0;
25758;8291677;1241169920;27676672;1390448640;0;0;0;0;0;0;0;0;0;0;0;4499;0;0;133;0;202;0;
25759;9466771;1241169920;27676672;1390448640;0;0;0;0;0;0;0;0;0;0;0;4769;0;0;133;0;202;0;
25760;7803351;1241169920;27676672;1390448640;0;0;0;0;0;0;0;0;0;0;0;3948;0;0;133;0;202;0;
25761;9907046;1241169920;27676672;1390448640;0;0;0;0;0;0;0;0;0;0;0;5360;0;0;133;0;202;0;
25762;9125561;1241169920;27676672;1390448640;0;0;0;0;0;0;0;0;0;0;0;5079;0;0;133;0;202;0;
25763;10516990;1241169920;27676672;1390448640;0;0;0;0;0;0;0;0;0;0;0;4629;0;0;133;0;202;0;
25764;8486362;1241169920;27676672;1390448640;0;0;0;0;0;0;0;0;0;0;0;4719;0;0;133;0;202;0;
25765;8353323;1241169920;27676672;1390448640;0;0;0;0;0;0;0;0;0;0;0;4178;0;0;133;0;202;0;
25766;8204234;1241169920;27676672;1390448640;0;0;0;0;0;0;0;0;0;0;0;4538;0;0;133;0;202;0;
25767;11355743;1241169920;27676672;1390448640;0;0;0;0;0;0;0;0;0;0;0;5069;0;0;133;0;202;0;
25768;11673579;1241169920;27676672;1390448640;0;0;0;0;0;0;0;0;0;0;0;3918;0;0;133;0;202;0;
25769;8238237;1241169920;27676672;1390448640;0;0;0;0;0;0;0;0;0;0;0;4418;0;0;133;0;202;0;
25770;8803517;1241169920;27676672;1390448640;0;0;0;0;0;0;0;0;0;0;0;6041;0;0;133;0;202;0;
25771;10752020;1241169920;27676672;1390448640;0;0;0;0;0;0;0;0;0;0;0;4599;0;0;133;0;202;0;
25772;12648496;1241169920;27676672;1390448640;0;0;0;0;0;0;0;0;0;0;0;5080;0;0;133;0;202;0;
25773;9919740;1241169920;27676672;1390448640;0;0;0;0;0;0;0;0;0;0;0;6422;0;0;133;0;202;0;
25774;9436914;1241169920;27676672;1390448640;0;0;0;0;0;0;0;0;0;0;0;3907;0;0;133;0;202;0;
25775;11142944;1241169920;27676672;1390448640;0;0;0;0;0;0;0;0;0;0;0;3777;0;0;133;0;202;0;
25776;7541892;1241169920;27684864;1390456832;0;0;0;0;0;0;0;0;0;0;0;4899;0;0;133;0;202;0;
25777;12874230;1241169920;27684864;1390456832;0;0;0;0;0;0;0;0;0;0;0;4198;0;0;133;0;202;0;
25778;8778200;1241169920;27684864;1390456832;0;0;0;0;0;0;0;0;0;0;0;3997;0;0;133;0;202;0;
25779;14102142;1241169920;27684864;1390456832;0;0;0;0;0;0;0;0;0;0;0;5180;0;0;133;0;202;0;
25780;8558668;1241169920;27684864;1390456832;0;0;0;0;0;0;0;0;0;0;0;3587;0;0;133;0;202;0;
25781;12552377;1241169920;27684864;1390456832;0;0;0;0;0;0;0;0;0;0;0;4278;0;0;133;0;202;0;
25782;11310488;1241169920;27676672;1390448640;0;0;0;0;0;0;0;0;0;0;0;3737;0;0;133;0;202;0;
25783;12050486;1241169920;27676672;1390448640;0;0;0;0;0;0;0;0;0;0;0;3487;0;0;133;0;202;0;
25784;9495995;1241169920;27676672;1390448640;0;0;0;0;0;0;0;0;0;0;0;3586;0;0;133;0;202;0;
25785;9898099;1241169920;27676672;1390448640;0;0;0;0;0;0;0;0;0;0;0;4388;0;0;133;0;202;0;
25786;9700409;1241169920;27676672;1390448640;0;0;0;0;0;0;0;0;0;0;0;4419;0;0;133;0;202;0;
25787;15631119;1241169920;27676672;1390448640;0;0;0;0;0;0;0;0;0;0;0;4809;0;0;133;0;202;0;
25788;8152696;1241169920;27676672;1390448640;0;0;0;0;0;0;0;0;0;0;0;9999;0;0;133;0;202;0;
25789;12971723;1241169920;27676672;1390448640;0;0;0;0;0;0;0;0;0;0;0;3917;0;0;133;0;202;0;
25790;6625804;1241169920;27676672;1390448640;0;0;0;0;0;0;0;0;0;0;0;4879;0;0;133;0;202;0;
25791;13191755;1241169920;27676672;1390448640;0;0;0;0;0;0;0;0;0;0;0;4438;0;0;133;0;202;0;
25792;13111284;1241169920;27676672;1390448640;0;0;0;0;0;0;0;0;0;0;0;5190;0;0;133;0;202;0;
25793;10208562;1241169920;27676672;1390448640;0;0;0;0;0;0;0;0;0;0;0;4809;0;0;133;0;202;0;
25794;9325626;1241169920;27676672;1390448640;0;0;0;0;0;0;0;0;0;0;0;3988;0;0;133;0;202;0;
25795;10990919;1241169920;27676672;1390448640;0;0;0;0;0;0;0;0;0;0;0;4549;0;0;133;0;202;0;
25796;7933926;1241169920;27676672;1390448640;0;0;0;0;0;0;0;0;0;0;0;3727;0;0;133;0;202;0;
25797;11721178;1241169920;27676672;1390448640;0;0;0;0;0;0;0;0;0;0;0;4669;0;0;133;0;202;0;
25798;6920116;1241169920;27676672;1390448640;0;0;0;0;0;0;0;0;0;0;0;4047;0;0;133;0;202;0;
25799;9994290;1241169920;27676672;1390448640;0;0;0;0;0;0;0;0;0;0;0;4238;0;0;133;0;202;0;
25800;9124569;1241169920;27676672;1390448640;0;0;0;0;0;0;0;0;0;0;0;4308;0;0;133;0;202;0;
25801;10687028;1241169920;27676672;1390448640;0;0;0;0;0;0;0;0;0;0;0;4518;0;0;133;0;202;0;
25802;7824762;1241169920;27676672;1390448640;0;0;0;0;0;0;0;0;0;0;0;3767;0;0;133;0;202;0;
25803;12117881;1241169920;27676672;1390448640;0;0;0;0;0;0;0;0;0;0;0;3457;0;0;133;0;202;0;
25804;8469170;1241169920;27676672;1390448640;0;0;0;0;0;0;0;0;0;0;0;6031;0;0;133;0;202;0;
25805;9284188;1241169920;27676672;1390448640;0;0;0;0;0;0;0;0;0;0;0;4318;0;0;133;0;202;0;
25806;8213691;1241169920;27676672;1390448640;0;0;0;0;0;0;0;0;0;0;0;4478;0;0;133;0;202;0;
25807;10790974;1241169920;27676672;1390448640;0;0;0;0;0;0;0;0;0;0;0;4759;0;0;133;0;202;0;
25808;11220679;1241169920;27676672;1390448640;0;0;0;0;0;0;0;0;0;0;0;4719;0;0;133;0;202;0;
25809;8803537;1241169920;27676672;1390448640;0;0;0;0;0;0;0;0;0;0;0;3787;0;0;133;0;202;0;
25810;7556108;1241169920;27676672;1390448640;0;0;0;0;0;0;0;0;0;0;0;3637;0;0;133;0;202;0;
25811;10535365;1241169920;27676672;1390448640;0;0;0;0;0;0;0;0;0;0;0;4839;0;0;133;0;202;0;
25812;8253866;1241169920;27676672;1390448640;0;0;0;0;0;0;0;0;0;0;0;3697;0;0;133;0;202;0;
25813;7428399;1241169920;27676672;1390448640;0;0;0;0;0;0;0;0;0;0;0;5540;0;0;133;0;202;0;
25814;6418896;1241169920;27676672;1390448640;0;0;0;0;0;0;0;0;0;0;0;4218;0;0;133;0;202;0;
25815;10458800;1241169920;27676672;1390448640;0;0;0;0;0;0;0;0;0;0;0;4408;0;0;133;0;202;0;
25816;7342127;1241169920;27676672;1390448640;0;0;0;0;0;0;0;0;0;0;0;3797;0;0;133;0;202;0;
25817;11682686;1241169920;27676672;1390448640;0;0;0;0;0;0;0;0;0;0;0;5471;0;0;133;0;202;0;
25818;8728416;1241169920;27693056;1390465024;0;0;0;0;0;0;0;0;0;0;0;6011;0;0;133;0;202;0;
25819;8877306;1241169920;27697152;1390469120;0;0;0;0;0;0;0;0;0;0;0;4499;0;0;133;0;202;0;
25820;5207083;1241440256;27729920;1390501888;0;0;0;0;0;0;0;0;0;0;0;3967;0;0;133;0;202;0;
25821;12200727;1241440256;27729920;1390501888;0;0;0;0;0;0;0;0;0;0;0;5059;0;0;133;0;202;0;
25822;5025083;1241440256;27729920;1390501888;0;0;0;0;0;0;0;0;0;0;0;3226;0;0;133;0;202;0;
25823;10959379;1241440256;27729920;1390501888;0;0;0;0;0;0;0;0;0;0;0;4118;0;0;133;0;202;0;
25824;8427372;1241440256;27729920;1390501888;0;0;0;0;0;0;0;0;0;0;0;4048;0;0;133;0;202;0;
25825;10623349;1241440256;27729920;1390501888;0;0;0;0;0;0;0;0;0;0;0;4158;0;0;133;0;202;0;
25826;8013345;1241432064;27701248;1390473216;0;0;0;0;0;0;0;0;0;0;0;4638;0;0;133;0;202;0;
25827;11291963;1241432064;27701248;1390473216;0;0;0;0;0;0;0;0;0;0;0;4348;0;0;133;0;202;0;
25828;8126427;1241419776;27688960;1390460928;0;0;0;0;0;0;0;0;0;0;0;3286;0;0;133;0;202;0;
25829;9025183;1241419776;27688960;1390460928;0;0;0;0;0;0;0;0;0;0;0;4218;0;0;133;0;202;0;
25830;8621375;1241419776;27688960;1390460928;0;0;0;0;0;0;0;0;0;0;0;3456;0;0;133;0;202;0;
25831;8598883;1241419776;27688960;1390460928;0;0;0;0;0;0;0;0;0;0;0;4448;0;0;133;0;202;0;
25832;11595061;1241419776;27688960;1390460928;0;0;0;0;0;0;0;0;0;0;0;4128;0;0;133;0;202;0;
25833;8369944;1241419776;27688960;1390460928;0;0;0;0;0;0;0;0;0;0;0;4448;0;0;133;0;202;0;
25834;9869325;1241419776;27688960;1390460928;0;0;0;0;0;0;0;0;0;0;0;4378;0;0;133;0;202;0;
25835;10316433;1241419776;27688960;1390460928;0;0;0;0;0;0;0;0;0;0;0;3377;0;0;133;0;202;0;
25836;8171953;1241419776;27688960;1390460928;0;0;0;0;0;0;0;0;0;0;0;4960;0;0;133;0;202;0;
25837;11526884;1241419776;27688960;1390460928;0;0;0;0;0;0;0;0;0;0;0;3887;0;0;133;0;202;0;
25838;10655851;1241419776;27688960;1390460928;0;0;0;0;0;0;0;0;0;0;0;4298;0;0;133;0;202;0;
25839;10372358;1241419776;27688960;1390460928;0;0;0;0;0;0;0;0;0;0;0;3977;0;0;133;0;202;0;
25840;7987387;1241419776;27688960;1390460928;0;0;0;0;0;0;0;0;0;0;0;4228;0;0;133;0;202;0;
25841;12460544;1241419776;27688960;1390460928;0;0;0;0;0;0;0;0;0;0;0;4829;0;0;133;0;202;0;
25842;8043812;1241419776;27688960;1390460928;0;0;0;0;0;0;0;0;0;0;0;3907;0;0;133;0;202;0;
25843;9394034;1241419776;27688960;1390460928;0;0;0;0;0;0;0;0;0;0;0;4839;0;0;133;0;202;0;
25844;10973196;1241419776;27688960;1390460928;0;0;0;0;0;0;0;0;0;0;0;3146;0;0;133;0;202;0;
25845;8960682;1241419776;27688960;1390460928;0;0;0;0;0;0;0;0;0;0;0;3547;0;0;133;0;202;0;
25846;13268659;1241419776;27688960;1390460928;0;0;0;0;0;0;0;0;0;0;0;4729;0;0;133;0;202;0;
25847;8780003;1241419776;27688960;1390460928;0;0;0;0;0;0;0;0;0;0;0;5460;0;0;133;0;202;0;
25848;8864892;1241419776;27688960;1390460928;0;0;0;0;0;0;0;0;0;0;0;4308;0;0;133;0;202;0;
25849;11134217;1241419776;27688960;1390460928;0;0;0;0;0;0;0;0;0;0;0;4339;0;0;133;0;202;0;
25850;7044309;1241419776;27688960;1390460928;0;0;0;0;0;0;0;0;0;0;0;3777;0;0;133;0;202;0;
25851;8068479;1241419776;27688960;1390460928;0;0;0;0;0;0;0;0;0;0;0;3667;0;0;133;0;202;0;
25852;9716559;1241419776;27688960;1390460928;0;0;0;0;0;0;0;0;0;0;0;4949;0;0;133;0;202;0;
25853;8931207;1241419776;27688960;1390460928;0;0;0;0;0;0;0;0;0;0;0;4518;0;0;133;0;202;0;
25854;10933762;1241419776;27688960;1390460928;0;0;0;0;0;0;0;0;0;0;0;5209;0;0;133;0;202;0;
25855;8248196;1241419776;27688960;1390460928;0;0;0;0;0;0;0;0;0;0;0;3467;0;0;133;0;202;0;
25856;11211001;1241419776;27688960;1390460928;0;0;0;0;0;0;0;0;0;0;0;4279;0;0;133;0;202;0;
25857;6668554;1241419776;27688960;1390460928;0;0;0;0;0;0;0;0;0;0;0;3657;0;0;133;0;202;0;
25858;8194415;1241419776;27688960;1390460928;0;0;0;0;0;0;0;0;0;0;0;4298;0;0;133;0;202;0;
25859;9887569;1241419776;27688960;1390460928;0;0;0;0;0;0;0;0;0;0;0;5400;0;0;133;0;202;0;
25860;8085671;1241419776;27688960;1390460928;0;0;0;0;0;0;0;0;0;0;0;4779;0;0;133;0;202;0;
25861;10307286;1241419776;27688960;1390460928;0;0;0;0;0;0;0;0;0;0;0;5280;0;0;133;0;202;0;
25862;5175374;1241419776;27688960;1390460928;0;0;0;0;0;0;0;0;0;0;0;3928;0;0;133;0;202;0;
25863;11005315;1241419776;27688960;1390460928;0;0;0;0;0;0;0;0;0;0;0;4529;0;0;133;0;202;0;
25864;6455264;1241419776;27688960;1390460928;0;0;0;0;0;0;0;0;0;0;0;3927;0;0;133;0;202;0;
25865;9462583;1241419776;27688960;1390460928;0;0;0;0;0;0;0;0;0;0;0;5029;0;0;133;0;202;0;
25866;5040972;1241419776;27688960;1390460928;0;0;0;0;0;0;0;0;0;0;0;4909;0;0;133;0;202;0;
25867;10549621;1241419776;27688960;1390460928;0;0;0;0;0;0;0;0;0;0;0;5090;0;0;133;0;202;0;
25868;8129744;1241419776;27688960;1390460928;0;0;0;0;0;0;0;0;0;0;0;4298;0;0;133;0;202;0;
25869;10092454;1241419776;27688960;1390460928;0;0;0;0;0;0;0;0;0;0;0;4559;0;0;133;0;202;0;
25870;7917776;1241419776;27688960;1390460928;0;0;0;0;0;0;0;0;0;0;0;4068;0;0;133;0;202;0;
25871;9614678;1241419776;27688960;1390460928;0;0;0;0;0;0;0;0;0;0;0;4749;0;0;133;0;202;0;
25872;10225734;1241419776;27688960;1390460928;0;0;0;0;0;0;0;0;0;0;0;4468;0;0;133;0;202;0;
25873;9136321;1241419776;27688960;1390460928;0;0;0;0;0;0;0;0;0;0;0;5370;0;0;133;0;202;0;
25874;11254092;1241419776;27688960;1390460928;0;0;0;0;0;0;0;0;0;0;0;5230;0;0;133;0;202;0;
25875;7826235;1241419776;27688960;1390460928;0;0;0;0;0;0;0;0;0;0;0;3596;0;0;133;0;202;0;
25876;9376972;1241419776;27688960;1390460928;0;0;0;0;0;0;0;0;0;0;0;4649;0;0;133;0;202;0;
25877;8066225;1241419776;27688960;1390460928;0;0;0;0;0;0;0;0;0;0;0;4579;0;0;133;0;202;0;
25878;7741776;1241419776;27688960;1390460928;0;0;0;0;0;0;0;0;0;0;0;4989;0;0;133;0;202;0;
25879;11645245;1241419776;27688960;1390460928;0;0;0;0;0;0;0;0;0;0;0;4498;0;0;133;0;202;0;
25880;7372354;1241419776;27688960;1390460928;0;0;0;0;0;0;0;0;0;0;0;4448;0;0;133;0;202;0;
25881;10059692;1241419776;27688960;1390460928;0;0;0;0;0;0;0;0;0;0;0;4889;0;0;133;0;202;0;
25882;8375875;1241419776;27688960;1390460928;0;0;0;0;0;0;0;0;0;0;0;4448;0;0;133;0;202;0;
25883;10025408;1241419776;27688960;1390460928;0;0;0;0;0;0;0;0;0;0;0;3657;0;0;133;0;202;0;
25884;8943600;1241419776;27688960;1390460928;0;0;0;0;0;0;0;0;0;0;0;3597;0;0;133;0;202;0;
25885;10390573;1241419776;27688960;1390460928;0;0;0;0;0;0;0;0;0;0;0;6092;0;0;133;0;202;0;
25886;12226255;1241419776;27688960;1390460928;0;0;0;0;0;0;0;0;0;0;0;4949;0;0;133;0;202;0;
25887;11079655;1241419776;27688960;1390460928;0;0;0;0;0;0;0;0;0;0;0;6493;0;0;133;0;202;0;
25888;7119510;1241419776;27688960;1390460928;0;0;0;0;0;0;0;0;0;0;0;4869;0;0;133;0;202;0;
25889;7980143;1241419776;27688960;1390460928;0;0;0;0;0;0;0;0;0;0;0;3868;0;0;133;0;202;0;
25890;9549656;1241419776;27688960;1390460928;0;0;0;0;0;0;0;0;0;0;0;3406;0;0;133;0;202;0;
25891;8871374;1241419776;27688960;1390460928;0;0;0;0;0;0;0;0;0;0;0;4168;0;0;133;0;202;0;
25892;10374713;1241419776;27688960;1390460928;0;0;0;0;0;0;0;0;0;0;0;3907;0;0;133;0;202;0;
25893;8199845;1241419776;27688960;1390460928;0;0;0;0;0;0;0;0;0;0;0;4599;0;0;133;0;202;0;
25894;8088827;1241419776;27688960;1390460928;0;0;0;0;0;0;0;0;0;0;0;4198;0;0;133;0;202;0;
25895;8176471;1241419776;27688960;1390460928;0;0;0;0;0;0;0;0;0;0;0;4718;0;0;133;0;202;0;
25896;10681759;1241419776;27688960;1390460928;0;0;0;0;0;0;0;0;0;0;0;4278;0;0;133;0;202;0;
25897;9735815;1241419776;27688960;1390460928;0;0;0;0;0;0;0;0;0;0;0;4248;0;0;133;0;202;0;
25898;16489258;1241419776;27688960;1390460928;0;0;0;0;0;0;0;0;0;0;0;3677;0;0;133;0;202;0;
25899;11739111;1241419776;27688960;1390460928;0;0;0;0;0;0;0;0;0;0;0;4909;0;0;133;0;202;0;
25900;6463610;1241419776;27688960;1390460928;0;0;0;0;0;0;0;0;0;0;0;4508;0;0;133;0;202;0;
25901;10441418;1241419776;27688960;1390460928;0;0;0;0;0;0;0;0;0;0;0;5080;0;0;133;0;202;0;
25902;6161032;1241419776;27688960;1390460928;0;0;0;0;0;0;0;0;0;0;0;3757;0;0;133;0;202;0;
25903;9795267;1241419776;27688960;1390460928;0;0;0;0;0;0;0;0;0;0;0;4368;0;0;133;0;202;0;
25904;6360416;1241419776;27688960;1390460928;0;0;0;0;0;0;0;0;0;0;0;3717;0;0;133;0;202;0;
25905;8079911;1241419776;27688960;1390460928;0;0;0;0;0;0;0;0;0;0;0;4157;0;0;133;0;202;0;
25906;6741460;1241419776;27688960;1390460928;0;0;0;0;0;0;0;0;0;0;0;3126;0;0;133;0;202;0;
25907;8889458;1241419776;27688960;1390460928;0;0;0;0;0;0;0;0;0;0;0;4237;0;0;133;0;202;0;
25908;6547938;1241419776;27688960;1390460928;0;0;0;0;0;0;0;0;0;0;0;4078;0;0;133;0;202;0;
25909;8195357;1241419776;27688960;1390460928;0;0;0;0;0;0;0;0;0;0;0;4308;0;0;133;0;202;0;
25910;7160226;1241419776;27688960;1390460928;0;0;0;0;0;0;0;0;0;0;0;4659;0;0;133;0;202;0;
25911;8287319;1241419776;27688960;1390460928;0;0;0;0;0;0;0;0;0;0;0;5050;0;0;133;0;202;0;
25912;6087915;1241419776;27688960;1390460928;0;0;0;0;0;0;0;0;0;0;0;3998;0;0;133;0;202;0;
25913;8028284;1241419776;27688960;1390460928;0;0;0;0;0;0;0;0;0;0;0;3647;0;0;133;0;202;0;
25914;6017062;1241419776;27688960;1390460928;0;0;0;0;0;0;0;0;0;0;0;2986;0;0;133;0;202;0;
25915;9536542;1241419776;27688960;1390460928;0;0;0;0;0;0;0;0;0;0;0;6482;0;0;133;0;202;0;
25916;4779793;1241419776;27688960;1390460928;0;0;0;0;0;0;0;0;0;0;0;5120;0;0;133;0;202;0;
25917;8706124;1241419776;27688960;1390460928;0;0;0;0;0;0;0;0;0;0;0;4739;0;0;133;0;202;0;
25918;5144667;1241419776;27688960;1390460928;0;0;0;0;0;0;0;0;0;0;0;3957;0;0;133;0;202;0;
25919;9288446;1241419776;27688960;1390460928;0;0;0;0;0;0;0;0;0;0;0;3978;0;0;133;0;202;0;
25920;6281448;1241419776;27688960;1390460928;0;0;0;0;0;0;0;0;0;0;0;3516;0;0;133;0;202;0;
25921;6218670;1241419776;27688960;1390460928;0;0;0;0;0;0;0;0;0;0;0;4128;0;0;133;0;202;0;
25922;10208271;1241419776;27688960;1390460928;0;0;0;0;0;0;0;0;0;0;0;4488;0;0;133;0;202;0;
25923;7460288;1241419776;27688960;1390460928;0;0;0;0;0;0;0;0;0;0;0;3637;0;0;133;0;202;0;
25924;9022508;1241419776;27688960;1390460928;0;0;0;0;0;0;0;0;0;0;0;3687;0;0;133;0;202;0;
25925;8404939;1241419776;27688960;1390460928;0;0;0;0;0;0;0;0;0;0;0;4659;0;0;133;0;202;0;
25926;8546936;1241419776;27688960;1390460928;0;0;0;0;0;0;0;0;0;0;0;4358;0;0;133;0;202;0;
25927;10987572;1241419776;27688960;1390460928;0;0;0;0;0;0;0;0;0;0;0;4799;0;0;133;0;202;0;
25928;8099447;1241419776;27688960;1390460928;0;0;0;0;0;0;0;0;0;0;0;3586;0;0;133;0;202;0;
25929;12808797;1241419776;27688960;1390460928;0;0;0;0;0;0;0;0;0;0;0;5620;0;0;133;0;202;0;
25930;6206347;1241419776;27688960;1390460928;0;0;0;0;0;0;0;0;0;0;0;3647;0;0;133;0;202;0;
25931;8115567;1241419776;27688960;1390460928;0;0;0;0;0;0;0;0;0;0;0;4779;0;0;133;0;202;0;
25932;6183684;1241419776;27688960;1390460928;0;0;0;0;0;0;0;0;0;0;0;4288;0;0;133;0;202;0;
25933;9502828;1241419776;27688960;1390460928;0;0;0;0;0;0;0;0;0;0;0;3757;0;0;133;0;202;0;
25934;9395017;1241419776;27688960;1390460928;0;0;0;0;0;0;0;0;0;0;0;7835;0;0;133;0;202;0;
25935;8780084;1241419776;27688960;1390460928;0;0;0;0;0;0;0;0;0;0;0;4478;0;0;133;0;202;0;
25936;8279715;1241419776;27688960;1390460928;0;0;0;0;0;0;0;0;0;0;0;4428;0;0;133;0;202;0;
25937;8452418;1241419776;27688960;1390460928;0;0;0;0;0;0;0;0;0;0;0;4468;0;0;133;0;202;0;
25938;8887755;1241419776;27688960;1390460928;0;0;0;0;0;0;0;0;0;0;0;3988;0;0;133;0;202;0;
25939;8418115;1241419776;27688960;1390460928;0;0;0;0;0;0;0;0;0;0;0;4058;0;0;133;0;202;0;
25940;5648431;1241419776;27688960;1390460928;0;0;0;0;0;0;0;0;0;0;0;3837;0;0;133;0;202;0;
25941;12459191;1241419776;27688960;1390460928;0;0;0;0;0;0;0;0;0;0;0;4378;0;0;133;0;202;0;
25942;6891472;1241419776;27688960;1390460928;0;0;0;0;0;0;0;0;0;0;0;3376;0;0;133;0;202;0;
25943;12922350;1241419776;27688960;1390460928;0;0;0;0;0;0;0;0;0;0;0;3376;0;0;133;0;202;0;
25944;6963207;1241419776;27688960;1390460928;0;0;0;0;0;0;0;0;0;0;0;4468;0;0;133;0;202;0;
25945;10936427;1241419776;27688960;1390460928;0;0;0;0;0;0;0;0;0;0;0;4929;0;0;133;0;202;0;
25946;7422447;1241419776;27688960;1390460928;0;0;0;0;0;0;0;0;0;0;0;3987;0;0;133;0;202;0;
25947;8902934;1241419776;27688960;1390460928;0;0;0;0;0;0;0;0;0;0;0;5540;0;0;133;0;202;0;
25948;9287474;1241419776;27688960;1390460928;0;0;0;0;0;0;0;0;0;0;0;6001;0;0;133;0;202;0;
25949;10762741;1241419776;27688960;1390460928;0;0;0;0;0;0;0;0;0;0;0;5059;0;0;133;0;202;0;
25950;6696215;1241419776;27688960;1390460928;0;0;0;0;0;0;0;0;0;0;0;3226;0;0;133;0;202;0;
25951;8607530;1241419776;27688960;1390460928;0;0;0;0;0;0;0;0;0;0;0;4669;0;0;133;0;202;0;
25952;7790638;1241419776;27688960;1390460928;0;0;0;0;0;0;0;0;0;0;0;3827;0;0;133;0;202;0;
25953;7934738;1241419776;27688960;1390460928;0;0;0;0;0;0;0;0;0;0;0;3356;0;0;133;0;202;0;
25954;6941996;1241419776;27688960;1390460928;0;0;0;0;0;0;0;0;0;0;0;4949;0;0;133;0;202;0;
25955;9135479;1241419776;27688960;1390460928;0;0;0;0;0;0;0;0;0;0;0;3076;0;0;133;0;202;0;
25956;8949100;1241419776;27688960;1390460928;0;0;0;0;0;0;0;0;0;0;0;4318;0;0;133;0;202;0;
25957;13175425;1241419776;27688960;1390460928;0;0;0;0;0;0;0;0;0;0;0;4849;0;0;133;0;202;0;
25958;6265317;1241419776;27688960;1390460928;0;0;0;0;0;0;0;0;0;0;0;3667;0;0;133;0;202;0;
25959;11735255;1241419776;27688960;1390460928;0;0;0;0;0;0;0;0;0;0;0;6062;0;0;133;0;202;0;
25960;10939072;1241419776;27688960;1390460928;0;0;0;0;0;0;0;0;0;0;0;4068;0;0;133;0;202;0;
25961;11984562;1241419776;27688960;1390460928;0;0;0;0;0;0;0;0;0;0;0;4048;0;0;133;0;202;0;
25962;7686613;1241419776;27688960;1390460928;0;0;0;0;0;0;0;0;0;0;0;3597;0;0;133;0;202;0;
25963;10043021;1241419776;27688960;1390460928;0;0;0;0;0;0;0;0;0;0;0;3858;0;0;133;0;202;0;
25964;9955357;1241419776;27688960;1390460928;0;0;0;0;0;0;0;0;0;0;0;4258;0;0;133;0;202;0;
25965;10714150;1241419776;27688960;1390460928;0;0;0;0;0;0;0;0;0;0;0;4288;0;0;133;0;202;0;
25966;5818029;1241419776;27688960;1390460928;0;0;0;0;0;0;0;0;0;0;0;4729;0;0;133;0;202;0;
25967;8820739;1241419776;27688960;1390460928;0;0;0;0;0;0;0;0;0;0;0;4869;0;0;133;0;202;0;
25968;8450576;1241419776;27688960;1390460928;0;0;0;0;0;0;0;0;0;0;0;4058;0;0;133;0;202;0;
25969;10016661;1241419776;27688960;1390460928;0;0;0;0;0;0;0;0;0;0;0;5150;0;0;133;0;202;0;
25970;10151214;1241419776;27688960;1390460928;0;0;0;0;0;0;0;0;0;0;0;4498;0;0;133;0;202;0;
25971;10597381;1241419776;27688960;1390460928;0;0;0;0;0;0;0;0;0;0;0;9868;0;0;133;0;202;0;
25972;7898269;1241419776;27688960;1390460928;0;0;0;0;0;0;0;0;0;0;0;5220;0;0;133;0;202;0;
25973;9921473;1241419776;27688960;1390460928;0;0;0;0;0;0;0;0;0;0;0;5030;0;0;133;0;202;0;
25974;7122946;1241419776;27688960;1390460928;0;0;0;0;0;0;0;0;0;0;0;3707;0;0;133;0;202;0;
25975;9601203;1241419776;27688960;1390460928;0;0;0;0;0;0;0;0;0;0;0;4428;0;0;133;0;202;0;
25976;6089047;1241419776;27688960;1390460928;0;0;0;0;0;0;0;0;0;0;0;4027;0;0;133;0;202;0;
25977;12434245;1241419776;27688960;1390460928;0;0;0;0;0;0;0;0;0;0;0;3486;0;0;133;0;202;0;
25978;9408110;1241419776;27688960;1390460928;0;0;0;0;0;0;0;0;0;0;0;4418;0;0;133;0;202;0;
25979;10017814;1241419776;27688960;1390460928;0;0;0;0;0;0;0;0;0;0;0;8275;0;0;133;0;202;0;
25980;8039935;1241419776;27688960;1390460928;0;0;0;0;0;0;0;0;0;0;0;4459;0;0;133;0;202;0;
25981;11568361;1241419776;27688960;1390460928;0;0;0;0;0;0;0;0;0;0;0;5250;0;0;133;0;202;0;
25982;8332443;1241419776;27688960;1390460928;0;0;0;0;0;0;0;0;0;0;0;4578;0;0;133;0;202;0;
25983;8150723;1241419776;27688960;1390460928;0;0;0;0;0;0;0;0;0;0;0;4829;0;0;133;0;202;0;
25984;8695344;1241419776;27688960;1390460928;0;0;0;0;0;0;0;0;0;0;0;4127;0;0;133;0;202;0;
25985;10998223;1241419776;27688960;1390460928;0;0;0;0;0;0;0;0;0;0;0;4639;0;0;133;0;202;0;
25986;7317180;1241419776;27688960;1390460928;0;0;0;0;0;0;0;0;0;0;0;5490;0;0;133;0;202;0;
25987;11025804;1241419776;27688960;1390460928;0;0;0;0;0;0;0;0;0;0;0;3497;0;0;133;0;202;0;
25988;8276769;1241419776;27688960;1390460928;0;0;0;0;0;0;0;0;0;0;0;4779;0;0;133;0;202;0;
25989;9772354;1241419776;27688960;1390460928;0;0;0;0;0;0;0;0;0;0;0;3987;0;0;133;0;202;0;
25990;5870617;1241419776;27688960;1390460928;0;0;0;0;0;0;0;0;0;0;0;3797;0;0;133;0;202;0;
25991;9955327;1241419776;27688960;1390460928;0;0;0;0;0;0;0;0;0;0;0;4328;0;0;133;0;202;0;
25992;7815875;1241419776;27688960;1390460928;0;0;0;0;0;0;0;0;0;0;0;4037;0;0;133;0;202;0;
25993;6638297;1241419776;27688960;1390460928;0;0;0;0;0;0;0;0;0;0;0;5250;0;0;133;0;202;0;
25994;5929658;1241419776;27697152;1390469120;0;0;0;0;0;0;0;0;0;0;0;4468;0;0;133;0;202;0;
25995;9032026;1241419776;27697152;1390469120;0;0;0;0;0;0;0;0;0;0;0;4649;0;0;133;0;202;0;
25996;6114205;1241419776;27697152;1390469120;0;0;0;0;0;0;0;0;0;0;0;3847;0;0;133;0;202;0;
25997;8434866;1241419776;27697152;1390469120;0;0;0;0;0;0;0;0;0;0;0;3466;0;0;133;0;202;0;
25998;6514094;1241419776;27697152;1390469120;0;0;0;0;0;0;0;0;0;0;0;4528;0;0;133;0;202;0;
25999;8190708;1241419776;27697152;1390469120;0;0;0;0;0;0;0;0;0;0;0;3607;0;0;133;0;202;0;
26000;7288837;1241419776;27688960;1390460928;0;0;0;0;0;0;0;0;0;0;0;2995;0;0;133;0;202;0;
26001;9086437;1241419776;27688960;1390460928;0;0;0;0;0;0;0;0;0;0;0;4318;0;0;133;0;202;0;
26002;5203316;1241419776;27688960;1390460928;0;0;0;0;0;0;0;0;0;0;0;4909;0;0;133;0;202;0;
26003;9965115;1241419776;27688960;1390460928;0;0;0;0;0;0;0;0;0;0;0;6362;0;0;133;0;202;0;
26004;6156915;1241419776;27688960;1390460928;0;0;0;0;0;0;0;0;0;0;0;4118;0;0;133;0;202;0;
26005;7429781;1241419776;27688960;1390460928;0;0;0;0;0;0;0;0;0;0;0;4148;0;0;133;0;202;0;
26006;6744617;1241419776;27688960;1390460928;0;0;0;0;0;0;0;0;0;0;0;3867;0;0;133;0;202;0;
26007;6131297;1241419776;27688960;1390460928;0;0;0;0;0;0;0;0;0;0;0;4579;0;0;133;0;202;0;
26008;7456281;1241419776;27688960;1390460928;0;0;0;0;0;0;0;0;0;0;0;4038;0;0;133;0;202;0;
26009;9286273;1241419776;27688960;1390460928;0;0;0;0;0;0;0;0;0;0;0;4989;0;0;133;0;202;0;
26010;5837636;1241419776;27688960;1390460928;0;0;0;0;0;0;0;0;0;0;0;5030;0;0;133;0;202;0;
26011;7249132;1241419776;27688960;1390460928;0;0;0;0;0;0;0;0;0;0;0;3777;0;0;133;0;202;0;
26012;5013761;1241419776;27688960;1390460928;0;0;0;0;0;0;0;0;0;0;0;5490;0;0;133;0;202;0;
26013;8452719;1241419776;27688960;1390460928;0;0;0;0;0;0;0;0;0;0;0;4708;0;0;133;0;202;0;
26014;8231514;1241419776;27688960;1390460928;0;0;0;0;0;0;0;0;0;0;0;3997;0;0;133;0;202;0;
26015;14246062;1241419776;27688960;1390460928;0;0;0;0;0;0;0;0;0;0;0;5179;0;0;133;0;202;0;
26016;11156799;1241419776;27688960;1390460928;0;0;0;0;0;0;0;0;0;0;0;5029;0;0;133;0;202;0;
26017;9802259;1241419776;27688960;1390460928;0;0;0;0;0;0;0;0;0;0;0;3867;0;0;133;0;202;0;
26018;7462883;1241419776;27688960;1390460928;0;0;0;0;0;0;0;0;0;0;0;4168;0;0;133;0;202;0;
26019;13049759;1241419776;27688960;1390460928;0;0;0;0;0;0;0;0;0;0;0;66845;0;0;133;0;202;0;
26020;8636523;1241419776;27693056;1390465024;0;0;0;0;0;0;0;0;0;0;0;5300;0;0;133;0;202;0;
26021;9188699;1241419776;27693056;1390465024;0;0;0;0;0;0;0;0;0;0;0;6312;0;0;133;0;202;0;
26022;12597180;1241419776;27693056;1390465024;0;0;0;0;0;0;0;0;0;0;0;5310;0;0;133;0;202;0;
26023;6902072;1241419776;27693056;1390465024;0;0;0;0;0;0;0;0;0;0;0;3546;0;0;133;0;202;0;
26024;8769013;1241419776;27693056;1390465024;0;0;0;0;0;0;0;0;0;0;0;3136;0;0;133;0;202;0;
26025;9646177;1241419776;27693056;1390465024;0;0;0;0;0;0;0;0;0;0;0;4338;0;0;133;0;202;0;
26026;7426635;1241419776;27688960;1390460928;0;0;0;0;0;0;0;0;0;0;0;3687;0;0;133;0;202;0;
26027;8795351;1241419776;27688960;1390460928;0;0;0;0;0;0;0;0;0;0;0;6603;0;0;133;0;202;0;
26028;7514370;1241415680;27684864;1390456832;0;0;0;0;0;0;0;0;0;0;0;3216;0;0;133;0;202;0;
26029;7743800;1241415680;27684864;1390456832;0;0;0;0;0;0;0;0;0;0;0;3026;0;0;133;0;202;0;
26030;8346300;1241415680;27684864;1390456832;0;0;0;0;0;0;0;0;0;0;0;4218;0;0;133;0;202;0;
26031;9148274;1241415680;27684864;1390456832;0;0;0;0;0;0;0;0;0;0;0;4949;0;0;133;0;202;0;
26032;9004043;1241415680;27684864;1390456832;0;0;0;0;0;0;0;0;0;0;0;4107;0;0;133;0;202;0;
26033;9781611;1241415680;27684864;1390456832;0;0;0;0;0;0;0;0;0;0;0;3918;0;0;133;0;202;0;
26034;7964033;1241415680;27684864;1390456832;0;0;0;0;0;0;0;0;0;0;0;4238;0;0;133;0;202;0;
26035;11116163;1241415680;27684864;1390456832;0;0;0;0;0;0;0;0;0;0;0;5069;0;0;133;0;202;0;
26036;10938931;1241415680;27684864;1390456832;0;0;0;0;0;0;0;0;0;0;0;4058;0;0;133;0;202;0;
26037;12517792;1241415680;27684864;1390456832;0;0;0;0;0;0;0;0;0;0;0;4649;0;0;133;0;202;0;
26038;7350323;1241415680;27684864;1390456832;0;0;0;0;0;0;0;0;0;0;0;3808;0;0;133;0;202;0;
26039;8732554;1241415680;27684864;1390456832;0;0;0;0;0;0;0;0;0;0;0;4188;0;0;133;0;202;0;
26040;7337608;1241415680;27684864;1390456832;0;0;0;0;0;0;0;0;0;0;0;4869;0;0;133;0;202;0;
26041;10578064;1241415680;27684864;1390456832;0;0;0;0;0;0;0;0;0;0;0;4749;0;0;133;0;202;0;
26042;5197996;1241415680;27684864;1390456832;0;0;0;0;0;0;0;0;0;0;0;4498;0;0;133;0;202;0;
26043;9723292;1241415680;27684864;1390456832;0;0;0;0;0;0;0;0;0;0;0;4158;0;0;133;0;202;0;
26044;8272221;1241415680;27684864;1390456832;0;0;0;0;0;0;0;0;0;0;0;4869;0;0;133;0;202;0;
26045;10393859;1241415680;27684864;1390456832;0;0;0;0;0;0;0;0;0;0;0;3828;0;0;133;0;202;0;
26046;6369954;1241415680;27684864;1390456832;0;0;0;0;0;0;0;0;0;0;0;4719;0;0;133;0;202;0;
26047;11145579;1241415680;27684864;1390456832;0;0;0;0;0;0;0;0;0;0;0;4338;0;0;133;0;202;0;
26048;5870487;1241415680;27684864;1390456832;0;0;0;0;0;0;0;0;0;0;0;4038;0;0;133;0;202;0;
26049;11133757;1241415680;27684864;1390456832;0;0;0;0;0;0;0;0;0;0;0;4328;0;0;133;0;202;0;
26050;8797867;1241415680;27684864;1390456832;0;0;0;0;0;0;0;0;0;0;0;4238;0;0;133;0;202;0;
26051;8992031;1241415680;27684864;1390456832;0;0;0;0;0;0;0;0;0;0;0;3807;0;0;133;0;202;0;
26052;8252043;1241415680;27684864;1390456832;0;0;0;0;0;0;0;0;0;0;0;4088;0;0;133;0;202;0;
26053;10711265;1241415680;27684864;1390456832;0;0;0;0;0;0;0;0;0;0;0;6172;0;0;133;0;202;0;
26054;14316254;1241415680;27684864;1390456832;0;0;0;0;0;0;0;0;0;0;0;3947;0;0;133;0;202;0;
26055;10055384;1241415680;27684864;1390456832;0;0;0;0;0;0;0;0;0;0;0;4158;0;0;133;0;202;0;
26056;6580870;1241415680;27684864;1390456832;0;0;0;0;0;0;0;0;0;0;0;2825;0;0;133;0;202;0;
26057;11503078;1241415680;27684864;1390456832;0;0;0;0;0;0;0;0;0;0;0;4218;0;0;133;0;202;0;
26058;7047425;1241415680;27684864;1390456832;0;0;0;0;0;0;0;0;0;0;0;3036;0;0;133;0;202;0;
26059;10178104;1241415680;27684864;1390456832;0;0;0;0;0;0;0;0;0;0;0;4519;0;0;133;0;202;0;
26060;7036704;1241415680;27684864;1390456832;0;0;0;0;0;0;0;0;0;0;0;6071;0;0;133;0;202;0;
26061;8833043;1241415680;27684864;1390456832;0;0;0;0;0;0;0;0;0;0;0;5290;0;0;133;0;202;0;
26062;6771527;1241415680;27684864;1390456832;0;0;0;0;0;0;0;0;0;0;0;4128;0;0;133;0;202;0;
26063;10990107;1241415680;27684864;1390456832;0;0;0;0;0;0;0;0;0;0;0;4067;0;0;133;0;202;0;
26064;6771046;1241415680;27684864;1390456832;0;0;0;0;0;0;0;0;0;0;0;4238;0;0;133;0;202;0;
26065;10708379;1241415680;27684864;1390456832;0;0;0;0;0;0;0;0;0;0;0;6022;0;0;133;0;202;0;
26066;5924950;1241415680;27684864;1390456832;0;0;0;0;0;0;0;0;0;0;0;4268;0;0;133;0;202;0;
26067;10427201;1241415680;27684864;1390456832;0;0;0;0;0;0;0;0;0;0;0;3607;0;0;133;0;202;0;
26068;5382372;1241415680;27684864;1390456832;0;0;0;0;0;0;0;0;0;0;0;3927;0;0;133;0;202;0;
26069;7779867;1241415680;27684864;1390456832;0;0;0;0;0;0;0;0;0;0;0;3797;0;0;133;0;202;0;
26070;8378600;1241415680;27684864;1390456832;0;0;0;0;0;0;0;0;0;0;0;4328;0;0;133;0;202;0;
26071;7060309;1241415680;27684864;1390456832;0;0;0;0;0;0;0;0;0;0;0;3937;0;0;133;0;202;0;
26072;10074741;1241415680;27684864;1390456832;0;0;0;0;0;0;0;0;0;0;0;5300;0;0;133;0;202;0;
26073;8992712;1241415680;27684864;1390456832;0;0;0;0;0;0;0;0;0;0;0;3657;0;0;133;0;202;0;
26074;8517450;1241415680;27684864;1390456832;0;0;0;0;0;0;0;0;0;0;0;17733;0;0;133;0;202;0;
26075;8396444;1241415680;27684864;1390456832;0;0;0;0;0;0;0;0;0;0;0;4228;0;0;133;0;202;0;
26076;13028670;1241415680;27684864;1390456832;0;0;0;0;0;0;0;0;0;0;0;4368;0;0;133;0;202;0;
26077;14502754;1241415680;27684864;1390456832;0;0;0;0;0;0;0;0;0;0;0;4518;0;0;133;0;202;0;
26078;8551104;1241415680;27684864;1390456832;0;0;0;0;0;0;0;0;0;0;0;5371;0;0;133;0;202;0;
26079;11188139;1241415680;27684864;1390456832;0;0;0;0;0;0;0;0;0;0;0;3366;0;0;133;0;202;0;
26080;8384111;1241415680;27684864;1390456832;0;0;0;0;0;0;0;0;0;0;0;5470;0;0;133;0;202;0;
26081;12586841;1241415680;27684864;1390456832;0;0;0;0;0;0;0;0;0;0;0;4718;0;0;133;0;202;0;
26082;13308303;1241415680;27701248;1390473216;0;0;0;0;0;0;0;0;0;0;0;3466;0;0;133;0;202;0;
26083;8789601;1241415680;27742208;1390514176;0;0;0;0;0;0;0;0;0;0;0;4559;0;0;133;0;202;0;
26084;5903078;1241415680;27742208;1390514176;0;0;0;0;0;0;0;0;0;0;0;5701;0;0;133;0;202;0;
26085;8968486;1241415680;27742208;1390514176;0;0;0;0;0;0;0;0;0;0;0;3557;0;0;133;0;202;0;
26086;6378671;1241415680;27742208;1390514176;0;0;0;0;0;0;0;0;0;0;0;3727;0;0;133;0;202;0;
26087;8533641;1241415680;27742208;1390514176;0;0;0;0;0;0;0;0;0;0;0;5039;0;0;133;0;202;0;
26088;5547151;1241415680;27742208;1390514176;0;0;0;0;0;0;0;0;0;0;0;4067;0;0;133;0;202;0;
26089;11111003;1241415680;27742208;1390514176;0;0;0;0;0;0;0;0;0;0;0;5000;0;0;133;0;202;0;
26090;7771602;1241407488;27713536;1390485504;0;0;0;0;0;0;0;0;0;0;0;4459;0;0;133;0;202;0;
26091;8395181;1241407488;27713536;1390485504;0;0;0;0;0;0;0;0;0;0;0;4108;0;0;133;0;202;0;
26092;9997947;1241391104;27697152;1390469120;0;0;0;0;0;0;0;0;0;0;0;4248;0;0;133;0;202;0;
26093;13055980;1241391104;27697152;1390469120;0;0;0;0;0;0;0;0;0;0;0;4278;0;0;133;0;202;0;
26094;8470853;1241391104;27697152;1390469120;0;0;0;0;0;0;0;0;0;0;0;4648;0;0;133;0;202;0;
26095;10853952;1241391104;27697152;1390469120;0;0;0;0;0;0;0;0;0;0;0;4889;0;0;133;0;202;0;
26096;14221356;1241382912;27688960;1390460928;0;0;0;0;0;0;0;0;0;0;0;5149;0;0;133;0;202;0;
26097;9686993;1241382912;27688960;1390460928;0;0;0;0;0;0;0;0;0;0;0;4499;0;0;133;0;202;0;
26098;22226536;1241382912;27688960;1390460928;0;0;0;0;0;0;0;0;0;0;0;5421;0;0;133;0;202;0;
26099;22685567;1241382912;27688960;1390460928;0;0;0;0;0;0;0;0;0;0;0;3466;0;0;133;0;202;0;
26100;11739392;1241382912;27688960;1390460928;0;0;0;0;0;0;0;0;0;0;0;3887;0;0;133;0;202;0;
26101;12218159;1241382912;27688960;1390460928;0;0;0;0;0;0;0;0;0;0;0;4438;0;0;133;0;202;0;
26102;11381702;1241382912;27688960;1390460928;0;0;0;0;0;0;0;0;0;0;0;3657;0;0;133;0;202;0;
26103;10979607;1241382912;27688960;1390460928;0;0;0;0;0;0;0;0;0;0;0;4078;0;0;133;0;202;0;
26104;8051197;1241382912;27688960;1390460928;0;0;0;0;0;0;0;0;0;0;0;5740;0;0;133;0;202;0;
26105;9899322;1241382912;27688960;1390460928;0;0;0;0;0;0;0;0;0;0;0;4739;0;0;133;0;202;0;
26106;10952927;1241382912;27688960;1390460928;0;0;0;0;0;0;0;0;0;0;0;3557;0;0;133;0;202;0;
26107;9896547;1241382912;27688960;1390460928;0;0;0;0;0;0;0;0;0;0;0;4008;0;0;133;0;202;0;
26108;7495424;1241378816;27684864;1390456832;0;0;0;0;0;0;0;0;0;0;0;4759;0;0;133;0;202;0;
26109;7490816;1241378816;27684864;1390456832;0;0;0;0;0;0;0;0;0;0;0;3436;0;0;133;0;202;0;
26110;11783715;1241378816;27684864;1390456832;0;0;0;0;0;0;0;0;0;0;0;4308;0;0;133;0;202;0;
26111;12890470;1241378816;27684864;1390456832;0;0;0;0;0;0;0;0;0;0;0;4689;0;0;133;0;202;0;
26112;8425408;1241378816;27684864;1390456832;0;0;0;0;0;0;0;0;0;0;0;5130;0;0;133;0;202;0;
26113;12001003;1241378816;27684864;1390456832;0;0;0;0;0;0;0;0;0;0;0;5120;0;0;133;0;202;0;
26114;8727554;1241378816;27684864;1390456832;0;0;0;0;0;0;0;0;0;0;0;3887;0;0;133;0;202;0;
26115;10459282;1241378816;27684864;1390456832;0;0;0;0;0;0;0;0;0;0;0;4809;0;0;133;0;202;0;
26116;5562841;1241378816;27684864;1390456832;0;0;0;0;0;0;0;0;0;0;0;4468;0;0;133;0;202;0;
26117;10266440;1241378816;27684864;1390456832;0;0;0;0;0;0;0;0;0;0;0;7594;0;0;133;0;202;0;
26118;8430779;1241378816;27684864;1390456832;0;0;0;0;0;0;0;0;0;0;0;3287;0;0;133;0;202;0;
26119;9134066;1241378816;27684864;1390456832;0;0;0;0;0;0;0;0;0;0;0;3807;0;0;133;0;202;0;
26120;5856822;1241378816;27684864;1390456832;0;0;0;0;0;0;0;0;0;0;0;5350;0;0;133;0;202;0;
26121;9542001;1241378816;27684864;1390456832;0;0;0;0;0;0;0;0;0;0;0;4719;0;0;133;0;202;0;
26122;7396148;1241378816;27684864;1390456832;0;0;0;0;0;0;0;0;0;0;0;4649;0;0;133;0;202;0;
26123;9196644;1241378816;27684864;1390456832;0;0;0;0;0;0;0;0;0;0;0;4459;0;0;133;0;202;0;
26124;7970104;1241378816;27684864;1390456832;0;0;0;0;0;0;0;0;0;0;0;3778;0;0;133;0;202;0;
26125;12892715;1241378816;27684864;1390456832;0;0;0;0;0;0;0;0;0;0;0;4729;0;0;133;0;202;0;
26126;8244388;1241378816;27684864;1390456832;0;0;0;0;0;0;0;0;0;0;0;5250;0;0;133;0;202;0;
26127;13153022;1241378816;27684864;1390456832;0;0;0;0;0;0;0;0;0;0;0;4689;0;0;133;0;202;0;
26128;10758252;1241378816;27684864;1390456832;0;0;0;0;0;0;0;0;0;0;0;4469;0;0;133;0;202;0;
26129;11842455;1241378816;27684864;1390456832;0;0;0;0;0;0;0;0;0;0;0;5580;0;0;133;0;202;0;
26130;8175870;1241378816;27684864;1390456832;0;0;0;0;0;0;0;0;0;0;0;4488;0;0;133;0;202;0;
26131;10838764;1241378816;27684864;1390456832;0;0;0;0;0;0;0;0;0;0;0;4468;0;0;133;0;202;0;
26132;8473097;1241378816;27684864;1390456832;0;0;0;0;0;0;0;0;0;0;0;4228;0;0;133;0;202;0;
26133;9806227;1241378816;27684864;1390456832;0;0;0;0;0;0;0;0;0;0;0;4979;0;0;133;0;202;0;
26134;8906229;1241378816;27684864;1390456832;0;0;0;0;0;0;0;0;0;0;0;4358;0;0;133;0;202;0;
26135;9515232;1241378816;27684864;1390456832;0;0;0;0;0;0;0;0;0;0;0;3817;0;0;133;0;202;0;
26136;11613766;1241378816;27684864;1390456832;0;0;0;0;0;0;0;0;0;0;0;4298;0;0;133;0;202;0;
26137;11892258;1241378816;27684864;1390456832;0;0;0;0;0;0;0;0;0;0;0;4999;0;0;133;0;202;0;
26138;8460023;1241378816;27684864;1390456832;0;0;0;0;0;0;0;0;0;0;0;3897;0;0;133;0;202;0;
26139;8021060;1241378816;27684864;1390456832;0;0;0;0;0;0;0;0;0;0;0;5100;0;0;133;0;202;0;
26140;7843857;1241378816;27684864;1390456832;0;0;0;0;0;0;0;0;0;0;0;3467;0;0;133;0;202;0;
26141;8073158;1241378816;27684864;1390456832;0;0;0;0;0;0;0;0;0;0;0;3787;0;0;133;0;202;0;
26142;6119855;1241378816;27684864;1390456832;0;0;0;0;0;0;0;0;0;0;0;3987;0;0;133;0;202;0;
26143;10029746;1241378816;27684864;1390456832;0;0;0;0;0;0;0;0;0;0;0;4488;0;0;133;0;202;0;
26144;18629501;1241378816;27701248;1390473216;0;0;0;0;0;0;0;0;0;0;0;4569;0;0;133;0;202;0;
26145;9326288;1241378816;27742208;1390514176;0;0;0;0;0;0;0;0;0;0;0;3787;0;0;133;0;202;0;
26146;5339231;1241378816;27742208;1390514176;0;0;0;0;0;0;0;0;0;0;0;3757;0;0;133;0;202;0;
26147;7799544;1241378816;27742208;1390514176;0;0;0;0;0;0;0;0;0;0;0;5861;0;0;133;0;202;0;
26148;8614112;1241378816;27742208;1390514176;0;0;0;0;0;0;0;0;0;0;0;3887;0;0;133;0;202;0;
26149;8834916;1241378816;27742208;1390514176;0;0;0;0;0;0;0;0;0;0;0;3907;0;0;133;0;202;0;
26150;9291382;1241378816;27742208;1390514176;0;0;0;0;0;0;0;0;0;0;0;4128;0;0;133;0;202;0;
26151;9070698;1241378816;27742208;1390514176;0;0;0;0;0;0;0;0;0;0;0;4759;0;0;133;0;202;0;
26152;6605977;1241362432;27705344;1390477312;0;0;0;0;0;0;0;0;0;0;0;4429;0;0;133;0;202;0;
26153;13252980;1241362432;27705344;1390477312;0;0;0;0;0;0;0;0;0;0;0;5029;0;0;133;0;202;0;
26154;7702322;1241350144;27693056;1390465024;0;0;0;0;0;0;0;0;0;0;0;3346;0;0;133;0;202;0;
26155;9788594;1241350144;27697152;1390469120;0;0;0;0;0;0;0;0;0;0;0;3867;0;0;133;0;202;0;
26156;10362480;1241350144;27701248;1390473216;0;0;0;0;0;0;0;0;0;0;0;3276;0;0;133;0;202;0;
26157;11386781;1241350144;27701248;1390473216;0;0;0;0;0;0;0;0;0;0;0;4348;0;0;133;0;202;0;
26158;11667247;1241350144;27701248;1390473216;0;0;0;0;0;0;0;0;0;0;0;4959;0;0;133;0;202;0;
26159;10557265;1241350144;27701248;1390473216;0;0;0;0;0;0;0;0;0;0;0;5350;0;0;133;0;202;0;
26160;8537889;1241350144;27701248;1390473216;0;0;0;0;0;0;0;0;0;0;0;5000;0;0;133;0;202;0;
26161;11467963;1241350144;27701248;1390473216;0;0;0;0;0;0;0;0;0;0;0;4488;0;0;133;0;202;0;
26162;9431074;1241350144;27693056;1390465024;0;0;0;0;0;0;0;0;0;0;0;4458;0;0;133;0;202;0;
26163;10727625;1241350144;27693056;1390465024;0;0;0;0;0;0;0;0;0;0;0;5250;0;0;133;0;202;0;
26164;10026220;1241350144;27693056;1390465024;0;0;0;0;0;0;0;0;0;0;0;3497;0;0;133;0;202;0;
26165;9506746;1241350144;27693056;1390465024;0;0;0;0;0;0;0;0;0;0;0;6182;0;0;133;0;202;0;
26166;8207179;1241350144;27693056;1390465024;0;0;0;0;0;0;0;0;0;0;0;3827;0;0;133;0;202;0;
26167;9370520;1241350144;27693056;1390465024;0;0;0;0;0;0;0;0;0;0;0;3757;0;0;133;0;202;0;
26168;8963998;1241350144;27693056;1390465024;0;0;0;0;0;0;0;0;0;0;0;3747;0;0;133;0;202;0;
26169;8940073;1241350144;27693056;1390465024;0;0;0;0;0;0;0;0;0;0;0;4699;0;0;133;0;202;0;
26170;7033237;1241350144;27693056;1390465024;0;0;0;0;0;0;0;0;0;0;0;4699;0;0;133;0;202;0;
26171;10528461;1241350144;27693056;1390465024;0;0;0;0;0;0;0;0;0;0;0;5099;0;0;133;0;202;0;
26172;5724163;1241350144;27693056;1390465024;0;0;0;0;0;0;0;0;0;0;0;3797;0;0;133;0;202;0;
26173;9585443;1241350144;27693056;1390465024;0;0;0;0;0;0;0;0;0;0;0;3727;0;0;133;0;202;0;
26174;7565295;1241350144;27693056;1390465024;0;0;0;0;0;0;0;0;0;0;0;3416;0;0;133;0;202;0;
26175;10158618;1241350144;27693056;1390465024;0;0;0;0;0;0;0;0;0;0;0;5420;0;0;133;0;202;0;
26176;8354515;1241350144;27693056;1390465024;0;0;0;0;0;0;0;0;0;0;0;4729;0;0;133;0;202;0;
26177;9289147;1241350144;27693056;1390465024;0;0;0;0;0;0;0;0;0;0;0;4598;0;0;133;0;202;0;
26178;8558598;1241350144;27693056;1390465024;0;0;0;0;0;0;0;0;0;0;0;4969;0;0;133;0;202;0;
26179;9935219;1241350144;27693056;1390465024;0;0;0;0;0;0;0;0;0;0;0;4588;0;0;133;0;202;0;
26180;8438783;1241350144;27693056;1390465024;0;0;0;0;0;0;0;0;0;0;0;4067;0;0;133;0;202;0;
26181;9447234;1241350144;27693056;1390465024;0;0;0;0;0;0;0;0;0;0;0;3987;0;0;133;0;202;0;
26182;9538024;1241350144;27693056;1390465024;0;0;0;0;0;0;0;0;0;0;0;4268;0;0;133;0;202;0;
26183;9309806;1241350144;27693056;1390465024;0;0;0;0;0;0;0;0;0;0;0;4839;0;0;133;0;202;0;
26184;9146771;1241350144;27693056;1390465024;0;0;0;0;0;0;0;0;0;0;0;5090;0;0;133;0;202;0;
26185;10800622;1241350144;27693056;1390465024;0;0;0;0;0;0;0;0;0;0;0;4238;0;0;133;0;202;0;
26186;8758693;1241350144;27693056;1390465024;0;0;0;0;0;0;0;0;0;0;0;4599;0;0;133;0;202;0;
26187;8761799;1241350144;27693056;1390465024;0;0;0;0;0;0;0;0;0;0;0;6512;0;0;133;0;202;0;
26188;6757481;1241350144;27693056;1390465024;0;0;0;0;0;0;0;0;0;0;0;5049;0;0;133;0;202;0;
26189;10526938;1241350144;27693056;1390465024;0;0;0;0;0;0;0;0;0;0;0;4349;0;0;133;0;202;0;
26190;7488993;1241350144;27693056;1390465024;0;0;0;0;0;0;0;0;0;0;0;4048;0;0;133;0;202;0;
26191;9794325;1241350144;27693056;1390465024;0;0;0;0;0;0;0;0;0;0;0;3938;0;0;133;0;202;0;
26192;5322621;1241350144;27693056;1390465024;0;0;0;0;0;0;0;0;0;0;0;5450;0;0;133;0;202;0;
26193;9878012;1241350144;27693056;1390465024;0;0;0;0;0;0;0;0;0;0;0;5089;0;0;133;0;202;0;
26194;6063439;1241350144;27693056;1390465024;0;0;0;0;0;0;0;0;0;0;0;4288;0;0;133;0;202;0;
26195;12940935;1241350144;27693056;1390465024;0;0;0;0;0;0;0;0;0;0;0;4439;0;0;133;0;202;0;
26196;5039169;1241350144;27693056;1390465024;0;0;0;0;0;0;0;0;0;0;0;7625;0;0;133;0;202;0;
26197;8833663;1241350144;27693056;1390465024;0;0;0;0;0;0;0;0;0;0;0;4860;0;0;133;0;202;0;
26198;6838733;1241350144;27693056;1390465024;0;0;0;0;0;0;0;0;0;0;0;3186;0;0;133;0;202;0;
26199;10066906;1241350144;27693056;1390465024;0;0;0;0;0;0;0;0;0;0;0;4919;0;0;133;0;202;0;
26200;7588078;1241350144;27693056;1390465024;0;0;0;0;0;0;0;0;0;0;0;3506;0;0;133;0;202;0;
26201;9094223;1241350144;27693056;1390465024;0;0;0;0;0;0;0;0;0;0;0;5310;0;0;133;0;202;0;
26202;9210570;1241350144;27693056;1390465024;0;0;0;0;0;0;0;0;0;0;0;4298;0;0;133;0;202;0;
26203;8118713;1241350144;27693056;1390465024;0;0;0;0;0;0;0;0;0;0;0;4709;0;0;133;0;202;0;
26204;8308409;1241350144;27693056;1390465024;0;0;0;0;0;0;0;0;0;0;0;3576;0;0;133;0;202;0;
26205;10180800;1241350144;27693056;1390465024;0;0;0;0;0;0;0;0;0;0;0;5390;0;0;133;0;202;0;
26206;7378515;1241350144;27693056;1390465024;0;0;0;0;0;0;0;0;0;0;0;4589;0;0;133;0;202;0;
26207;7725767;1241350144;27693056;1390465024;0;0;0;0;0;0;0;0;0;0;0;5450;0;0;133;0;202;0;
26208;7510913;1241350144;27693056;1390465024;0;0;0;0;0;0;0;0;0;0;0;4558;0;0;133;0;202;0;
26209;10061145;1241350144;27693056;1390465024;0;0;0;0;0;0;0;0;0;0;0;4329;0;0;133;0;202;0;
26210;7161128;1241350144;27693056;1390465024;0;0;0;0;0;0;0;0;0;0;0;3406;0;0;133;0;202;0;
26211;8721504;1241350144;27697152;1390469120;0;0;0;0;0;0;0;0;0;0;0;4067;0;0;133;0;202;0;
26212;6806843;1241350144;27701248;1390473216;0;0;0;0;0;0;0;0;0;0;0;5059;0;0;133;0;202;0;
26213;11347277;1241350144;27701248;1390473216;0;0;0;0;0;0;0;0;0;0;0;4499;0;0;133;0;202;0;
26214;7057854;1241350144;27701248;1390473216;0;0;0;0;0;0;0;0;0;0;0;5400;0;0;133;0;202;0;
26215;10680938;1241350144;27701248;1390473216;0;0;0;0;0;0;0;0;0;0;0;4459;0;0;133;0;202;0;
26216;6599234;1241350144;27701248;1390473216;0;0;0;0;0;0;0;0;0;0;0;5800;0;0;133;0;202;0;
26217;12356789;1241350144;27701248;1390473216;0;0;0;0;0;0;0;0;0;0;0;4979;0;0;133;0;202;0;
26218;10295825;1241350144;27693056;1390465024;0;0;0;0;0;0;0;0;0;0;0;3536;0;0;133;0;202;0;
26219;10861135;1241350144;27693056;1390465024;0;0;0;0;0;0;0;0;0;0;0;5290;0;0;133;0;202;0;
26220;8643998;1241350144;27693056;1390465024;0;0;0;0;0;0;0;0;0;0;0;4058;0;0;133;0;202;0;
26221;12090480;1241350144;27693056;1390465024;0;0;0;0;0;0;0;0;0;0;0;5069;0;0;133;0;202;0;
26222;8583775;1241350144;27693056;1390465024;0;0;0;0;0;0;0;0;0;0;0;4228;0;0;133;0;202;0;
26223;10272501;1241350144;27693056;1390465024;0;0;0;0;0;0;0;0;0;0;0;4699;0;0;133;0;202;0;
26224;9571026;1241350144;27693056;1390465024;0;0;0;0;0;0;0;0;0;0;0;3326;0;0;133;0;202;0;
26225;11843407;1241350144;27693056;1390465024;0;0;0;0;0;0;0;0;0;0;0;4037;0;0;133;0;202;0;
26226;9968381;1241350144;27693056;1390465024;0;0;0;0;0;0;0;0;0;0;0;5089;0;0;133;0;202;0;
26227;13278468;1241350144;27693056;1390465024;0;0;0;0;0;0;0;0;0;0;0;5210;0;0;133;0;202;0;
26228;10872086;1241350144;27693056;1390465024;0;0;0;0;0;0;0;0;0;0;0;5962;0;0;133;0;202;0;
26229;9904962;1241350144;27693056;1390465024;0;0;0;0;0;0;0;0;0;0;0;597190;0;0;133;0;202;0;
26230;9363156;1241350144;27697152;1390469120;0;0;0;0;0;0;0;0;0;0;0;4379;0;0;133;0;202;0;
26231;12062598;1241350144;27697152;1390469120;0;0;0;0;0;0;0;0;0;0;0;4418;0;0;133;0;202;0;
26232;5947262;1241350144;27697152;1390469120;0;0;0;0;0;0;0;0;0;0;0;3907;0;0;133;0;202;0;
26233;10513674;1241350144;27697152;1390469120;0;0;0;0;0;0;0;0;0;0;0;4678;0;0;133;0;202;0;
26234;6929293;1241350144;27697152;1390469120;0;0;0;0;0;0;0;0;0;0;0;3857;0;0;133;0;202;0;
26235;12278122;1241350144;27697152;1390469120;0;0;0;0;0;0;0;0;0;0;0;3326;0;0;133;0;202;0;
26236;6959830;1241350144;27697152;1390469120;0;0;0;0;0;0;0;0;0;0;0;4268;0;0;133;0;202;0;
26237;13913549;1241350144;27697152;1390469120;0;0;0;0;0;0;0;0;0;0;0;4669;0;0;133;0;202;0;
26238;7325977;1241350144;27693056;1390465024;0;0;0;0;0;0;0;0;0;0;0;4489;0;0;133;0;202;0;
26239;10728135;1241350144;27693056;1390465024;0;0;0;0;0;0;0;0;0;0;0;4889;0;0;133;0;202;0;
26240;8244138;1241350144;27693056;1390465024;0;0;0;0;0;0;0;0;0;0;0;4529;0;0;133;0;202;0;
26241;9282294;1241350144;27693056;1390465024;0;0;0;0;0;0;0;0;0;0;0;3717;0;0;133;0;202;0;
26242;5153433;1241350144;27693056;1390465024;0;0;0;0;0;0;0;0;0;0;0;4228;0;0;133;0;202;0;
26243;10789421;1241350144;27693056;1390465024;0;0;0;0;0;0;0;0;0;0;0;5781;0;0;133;0;202;0;
26244;5469306;1241350144;27693056;1390465024;0;0;0;0;0;0;0;0;0;0;0;4579;0;0;133;0;202;0;
26245;7434059;1241350144;27693056;1390465024;0;0;0;0;0;0;0;0;0;0;0;4899;0;0;133;0;202;0;
26246;9829521;1241350144;27693056;1390465024;0;0;0;0;0;0;0;0;0;0;0;3977;0;0;133;0;202;0;
26247;9436343;1241350144;27693056;1390465024;0;0;0;0;0;0;0;0;0;0;0;264336;0;0;133;0;202;0;
26248;9022268;1241350144;27697152;1390469120;0;0;0;0;0;0;0;0;0;0;0;3527;0;0;133;0;202;0;
26249;12428013;1241350144;27697152;1390469120;0;0;0;0;0;0;0;0;0;0;0;6181;0;0;133;0;202;0;
26250;7378696;1241350144;27697152;1390469120;0;0;0;0;0;0;0;0;0;0;0;4779;0;0;133;0;202;0;
26251;12949120;1241350144;27697152;1390469120;0;0;0;0;0;0;0;0;0;0;0;4157;0;0;133;0;202;0;
26252;7023760;1241350144;27697152;1390469120;0;0;0;0;0;0;0;0;0;0;0;4558;0;0;133;0;202;0;
26253;11653541;1241350144;27697152;1390469120;0;0;0;0;0;0;0;0;0;0;0;3626;0;0;133;0;202;0;
26254;7662047;1241350144;27697152;1390469120;0;0;0;0;0;0;0;0;0;0;0;4528;0;0;133;0;202;0;
26255;11160988;1241350144;27697152;1390469120;0;0;0;0;0;0;0;0;0;0;0;4299;0;0;133;0;202;0;
26256;10483537;1241350144;27693056;1390465024;0;0;0;0;0;0;0;0;0;0;0;4629;0;0;133;0;202;0;
26257;8300855;1241350144;27693056;1390465024;0;0;0;0;0;0;0;0;0;0;0;3717;0;0;133;0;202;0;
26258;5898009;1241350144;27693056;1390465024;0;0;0;0;0;0;0;0;0;0;0;3417;0;0;133;0;202;0;
26259;10735890;1241350144;27693056;1390465024;0;0;0;0;0;0;0;0;0;0;0;5430;0;0;133;0;202;0;
26260;5924579;1241350144;27693056;1390465024;0;0;0;0;0;0;0;0;0;0;0;4038;0;0;133;0;202;0;
26261;9627051;1241350144;27693056;1390465024;0;0;0;0;0;0;0;0;0;0;0;4659;0;0;133;0;202;0;
26262;8547026;1241350144;27693056;1390465024;0;0;0;0;0;0;0;0;0;0;0;4338;0;0;133;0;202;0;
26263;9883051;1241350144;27693056;1390465024;0;0;0;0;0;0;0;0;0;0;0;4027;0;0;133;0;202;0;
26264;8451067;1241350144;27693056;1390465024;0;0;0;0;0;0;0;0;0;0;0;3657;0;0;133;0;202;0;
26265;21173972;1241350144;27693056;1390465024;0;0;0;0;0;0;0;0;0;0;0;4499;0;0;133;0;202;0;
26266;12292178;1241350144;27693056;1390465024;0;0;0;0;0;0;0;0;0;0;0;3757;0;0;133;0;202;0;
26267;12316384;1241350144;27697152;1390469120;0;0;0;0;0;0;0;0;0;0;0;4748;0;0;133;0;202;0;
26268;6219942;1241350144;27697152;1390469120;0;0;0;0;0;0;0;0;0;0;0;4097;0;0;133;0;202;0;
26269;10150442;1241350144;27705344;1390477312;0;0;0;0;0;0;0;0;0;0;0;4558;0;0;133;0;202;0;
26270;7068684;1241350144;27709440;1390481408;0;0;0;0;0;0;0;0;0;0;0;4158;0;0;133;0;202;0;
26271;8289743;1241350144;27709440;1390481408;0;0;0;0;0;0;0;0;0;0;0;5340;0;0;133;0;202;0;
26272;9949145;1241350144;27709440;1390481408;0;0;0;0;0;0;0;0;0;0;0;3737;0;0;133;0;202;0;
26273;10920367;1241350144;27709440;1390481408;0;0;0;0;0;0;0;0;0;0;0;5751;0;0;133;0;202;0;
26274;7971988;1241350144;27709440;1390481408;0;0;0;0;0;0;0;0;0;0;0;4940;0;0;133;0;202;0;
26275;9264521;1241350144;27709440;1390481408;0;0;0;0;0;0;0;0;0;0;0;4218;0;0;133;0;202;0;
26276;6875502;1241350144;27709440;1390481408;0;0;0;0;0;0;0;0;0;0;0;4729;0;0;133;0;202;0;
26277;9419272;1241350144;27709440;1390481408;0;0;0;0;0;0;0;0;0;0;0;5080;0;0;133;0;202;0;
26278;5494061;1241358336;27705344;1390477312;0;0;0;0;0;0;0;0;0;0;0;6202;0;0;133;0;202;0;
26279;10203311;1241358336;27705344;1390477312;0;0;0;0;0;0;0;0;0;0;0;4358;0;0;133;0;202;0;
26280;8709551;1241358336;27705344;1390477312;0;0;0;0;0;0;0;0;0;0;0;4799;0;0;133;0;202;0;
26281;11992677;1241358336;27705344;1390477312;0;0;0;0;0;0;0;0;0;0;0;4047;0;0;133;0;202;0;
26282;12641373;1241358336;27705344;1390477312;0;0;0;0;0;0;0;0;0;0;0;3767;0;0;133;0;202;0;
26283;11007750;1241358336;27705344;1390477312;0;0;0;0;0;0;0;0;0;0;0;4579;0;0;133;0;202;0;
26284;12390032;1241358336;27705344;1390477312;0;0;0;0;0;0;0;0;0;0;0;4167;0;0;133;0;202;0;
26285;10101701;1241358336;27705344;1390477312;0;0;0;0;0;0;0;0;0;0;0;4469;0;0;133;0;202;0;
26286;8514916;1241358336;27705344;1390477312;0;0;0;0;0;0;0;0;0;0;0;4629;0;0;133;0;202;0;
26287;7519158;1241358336;27705344;1390477312;0;0;0;0;0;0;0;0;0;0;0;4328;0;0;133;0;202;0;
26288;10515547;1241358336;27705344;1390477312;0;0;0;0;0;0;0;0;0;0;0;4388;0;0;133;0;202;0;
26289;12937689;1241358336;27705344;1390477312;0;0;0;0;0;0;0;0;0;0;0;4639;0;0;133;0;202;0;
26290;6370656;1241358336;27705344;1390477312;0;0;0;0;0;0;0;0;0;0;0;4879;0;0;133;0;202;0;
26291;12655349;1241358336;27705344;1390477312;0;0;0;0;0;0;0;0;0;0;0;4719;0;0;133;0;202;0;
26292;9347687;1241358336;27705344;1390477312;0;0;0;0;0;0;0;0;0;0;0;5279;0;0;133;0;202;0;
26293;9420133;1241358336;27705344;1390477312;0;0;0;0;0;0;0;0;0;0;0;5210;0;0;133;0;202;0;
26294;10037320;1241358336;27705344;1390477312;0;0;0;0;0;0;0;0;0;0;0;3477;0;0;133;0;202;0;
26295;12109245;1241358336;27705344;1390477312;0;0;0;0;0;0;0;0;0;0;0;4559;0;0;133;0;202;0;
26296;14360687;1241358336;27721728;1390493696;0;0;0;0;0;0;0;0;0;0;0;3707;0;0;133;0;202;0;
26297;11529198;1241358336;27734016;1390505984;0;0;0;0;0;0;0;0;0;0;0;4689;0;0;133;0;202;0;
26298;6163897;1241358336;27766784;1390538752;0;0;0;0;0;0;0;0;0;0;0;4097;0;0;133;0;202;0;
26299;10277702;1241358336;27766784;1390538752;0;0;0;0;0;0;0;0;0;0;0;4498;0;0;133;0;202;0;
26300;6612689;1241358336;27766784;1390538752;0;0;0;0;0;0;0;0;0;0;0;4038;0;0;133;0;202;0;
26301;10044685;1241358336;27766784;1390538752;0;0;0;0;0;0;0;0;0;0;0;3878;0;0;133;0;202;0;
26302;9192386;1241358336;27766784;1390538752;0;0;0;0;0;0;0;0;0;0;0;3817;0;0;133;0;202;0;
26303;9234285;1241358336;27766784;1390538752;0;0;0;0;0;0;0;0;0;0;0;5119;0;0;133;0;202;0;
26304;7258861;1241341952;27729920;1390501888;0;0;0;0;0;0;0;0;0;0;0;4288;0;0;133;0;202;0;
26305;7987447;1241341952;27729920;1390501888;0;0;0;0;0;0;0;0;0;0;0;3377;0;0;133;0;202;0;
26306;8712476;1241317376;27705344;1390477312;0;0;0;0;0;0;0;0;0;0;0;4598;0;0;133;0;202;0;
26307;9143364;1241317376;27705344;1390477312;0;0;0;0;0;0;0;0;0;0;0;4098;0;0;133;0;202;0;
26308;10612900;1241317376;27705344;1390477312;0;0;0;0;0;0;0;0;0;0;0;3346;0;0;133;0;202;0;
26309;8578545;1241317376;27705344;1390477312;0;0;0;0;0;0;0;0;0;0;0;5089;0;0;133;0;202;0;
26310;7621901;1241317376;27705344;1390477312;0;0;0;0;0;0;0;0;0;0;0;5149;0;0;133;0;202;0;
26311;6805911;1241317376;27705344;1390477312;0;0;0;0;0;0;0;0;0;0;0;4488;0;0;133;0;202;0;
26312;7386049;1241317376;27705344;1390477312;0;0;0;0;0;0;0;0;0;0;0;3697;0;0;133;0;202;0;
26313;9512156;1241317376;27705344;1390477312;0;0;0;0;0;0;0;0;0;0;0;4669;0;0;133;0;202;0;
26314;6337102;1241317376;27705344;1390477312;0;0;0;0;0;0;0;0;0;0;0;4348;0;0;133;0;202;0;
26315;9351484;1241317376;27705344;1390477312;0;0;0;0;0;0;0;0;0;0;0;3537;0;0;133;0;202;0;
26316;8532329;1241317376;27705344;1390477312;0;0;0;0;0;0;0;0;0;0;0;3878;0;0;133;0;202;0;
26317;8021831;1241317376;27705344;1390477312;0;0;0;0;0;0;0;0;0;0;0;4468;0;0;133;0;202;0;
26318;7694547;1241317376;27705344;1390477312;0;0;0;0;0;0;0;0;0;0;0;4107;0;0;133;0;202;0;
26319;8629772;1241317376;27705344;1390477312;0;0;0;0;0;0;0;0;0;0;0;5791;0;0;133;0;202;0;
26320;9266014;1241317376;27705344;1390477312;0;0;0;0;0;0;0;0;0;0;0;3256;0;0;133;0;202;0;
26321;8358793;1241317376;27705344;1390477312;0;0;0;0;0;0;0;0;0;0;0;4038;0;0;133;0;202;0;
26322;14466365;1241317376;27705344;1390477312;0;0;0;0;0;0;0;0;0;0;0;4458;0;0;133;0;202;0;
26323;9835733;1241317376;27705344;1390477312;0;0;0;0;0;0;0;0;0;0;0;4018;0;0;133;0;202;0;
26324;9004875;1241317376;27705344;1390477312;0;0;0;0;0;0;0;0;0;0;0;4007;0;0;133;0;202;0;
26325;8646383;1241317376;27705344;1390477312;0;0;0;0;0;0;0;0;0;0;0;4208;0;0;133;0;202;0;
26326;9312822;1241317376;27705344;1390477312;0;0;0;0;0;0;0;0;0;0;0;3516;0;0;133;0;202;0;
26327;12333115;1241317376;27705344;1390477312;0;0;0;0;0;0;0;0;0;0;0;3817;0;0;133;0;202;0;
26328;8478197;1241317376;27705344;1390477312;0;0;0;0;0;0;0;0;0;0;0;3346;0;0;133;0;202;0;
26329;9286883;1241317376;27705344;1390477312;0;0;0;0;0;0;0;0;0;0;0;4028;0;0;133;0;202;0;
26330;5489022;1241317376;27705344;1390477312;0;0;0;0;0;0;0;0;0;0;0;4959;0;0;133;0;202;0;
26331;11562360;1241317376;27705344;1390477312;0;0;0;0;0;0;0;0;0;0;0;3917;0;0;133;0;202;0;
26332;8075312;1241317376;27705344;1390477312;0;0;0;0;0;0;0;0;0;0;0;3076;0;0;133;0;202;0;
26333;9147873;1241317376;27705344;1390477312;0;0;0;0;0;0;0;0;0;0;0;2906;0;0;133;0;202;0;
26334;9050560;1241317376;27705344;1390477312;0;0;0;0;0;0;0;0;0;0;0;3557;0;0;133;0;202;0;
26335;8622648;1241317376;27705344;1390477312;0;0;0;0;0;0;0;0;0;0;0;4138;0;0;133;0;202;0;
26336;9176216;1241317376;27705344;1390477312;0;0;0;0;0;0;0;0;0;0;0;4368;0;0;133;0;202;0;
26337;8915117;1241317376;27705344;1390477312;0;0;0;0;0;0;0;0;0;0;0;3997;0;0;133;0;202;0;
26338;7631589;1241317376;27705344;1390477312;0;0;0;0;0;0;0;0;0;0;0;4237;0;0;133;0;202;0;
26339;10285506;1241317376;27705344;1390477312;0;0;0;0;0;0;0;0;0;0;0;4989;0;0;133;0;202;0;
26340;10697428;1241317376;27705344;1390477312;0;0;0;0;0;0;0;0;0;0;0;3477;0;0;133;0;202;0;
26341;10259136;1241317376;27705344;1390477312;0;0;0;0;0;0;0;0;0;0;0;4438;0;0;133;0;202;0;
26342;7251377;1241317376;27705344;1390477312;0;0;0;0;0;0;0;0;0;0;0;3527;0;0;133;0;202;0;
26343;10595097;1241317376;27705344;1390477312;0;0;0;0;0;0;0;0;0;0;0;3246;0;0;133;0;202;0;
26344;5312321;1241317376;27705344;1390477312;0;0;0;0;0;0;0;0;0;0;0;4669;0;0;133;0;202;0;
26345;10265478;1241317376;27705344;1390477312;0;0;0;0;0;0;0;0;0;0;0;4629;0;0;133;0;202;0;
26346;5729052;1241317376;27705344;1390477312;0;0;0;0;0;0;0;0;0;0;0;6573;0;0;133;0;202;0;
26347;9488481;1241317376;27705344;1390477312;0;0;0;0;0;0;0;0;0;0;0;3577;0;0;133;0;202;0;
26348;8562636;1241317376;27705344;1390477312;0;0;0;0;0;0;0;0;0;0;0;4338;0;0;133;0;202;0;
26349;7723722;1241317376;27705344;1390477312;0;0;0;0;0;0;0;0;0;0;0;3617;0;0;133;0;202;0;
26350;8112010;1241317376;27705344;1390477312;0;0;0;0;0;0;0;0;0;0;0;3527;0;0;133;0;202;0;
26351;7536792;1241317376;27705344;1390477312;0;0;0;0;0;0;0;0;0;0;0;3607;0;0;133;0;202;0;
26352;6352441;1241317376;27705344;1390477312;0;0;0;0;0;0;0;0;0;0;0;4759;0;0;133;0;202;0;
26353;8717966;1241317376;27705344;1390477312;0;0;0;0;0;0;0;0;0;0;0;4719;0;0;133;0;202;0;
26354;9325225;1241317376;27705344;1390477312;0;0;0;0;0;0;0;0;0;0;0;4498;0;0;133;0;202;0;
26355;7745754;1241317376;27705344;1390477312;0;0;0;0;0;0;0;0;0;0;0;3446;0;0;133;0;202;0;
26356;8942568;1241317376;27705344;1390477312;0;0;0;0;0;0;0;0;0;0;0;3657;0;0;133;0;202;0;
26357;6333085;1241317376;27705344;1390477312;0;0;0;0;0;0;0;0;0;0;0;4639;0;0;133;0;202;0;
26358;12385704;1241317376;27705344;1390477312;0;0;0;0;0;0;0;0;0;0;0;4227;0;0;133;0;202;0;
26359;15392070;1241317376;27705344;1390477312;0;0;0;0;0;0;0;0;0;0;0;6141;0;0;133;0;202;0;
26360;13590603;1241317376;27705344;1390477312;0;0;0;0;0;0;0;0;0;0;0;4429;0;0;133;0;202;0;
26361;11747898;1241317376;27705344;1390477312;0;0;0;0;0;0;0;0;0;0;0;5030;0;0;133;0;202;0;
26362;9250686;1241317376;27705344;1390477312;0;0;0;0;0;0;0;0;0;0;0;85440;0;0;133;0;202;0;
26363;11967159;1241317376;27705344;1390477312;0;0;0;0;0;0;0;0;0;0;0;4288;0;0;133;0;202;0;
26364;9401338;1241317376;27705344;1390477312;0;0;0;0;0;0;0;0;0;0;0;3827;0;0;133;0;202;0;
26365;10027271;1241317376;27705344;1390477312;0;0;0;0;0;0;0;0;0;0;0;4839;0;0;133;0;202;0;
26366;8026060;1241317376;27705344;1390477312;0;0;0;0;0;0;0;0;0;0;0;3687;0;0;133;0;202;0;
26367;14464952;1241317376;27705344;1390477312;0;0;0;0;0;0;0;0;0;0;0;5130;0;0;133;0;202;0;
26368;7559554;1241317376;27705344;1390477312;0;0;0;0;0;0;0;0;0;0;0;3997;0;0;133;0;202;0;
26369;10001653;1241317376;27705344;1390477312;0;0;0;0;0;0;0;0;0;0;0;4850;0;0;133;0;202;0;
26370;8873899;1241317376;27705344;1390477312;0;0;0;0;0;0;0;0;0;0;0;4157;0;0;133;0;202;0;
26371;11455099;1241317376;27705344;1390477312;0;0;0;0;0;0;0;0;0;0;0;4248;0;0;133;0;202;0;
26372;8296796;1241317376;27705344;1390477312;0;0;0;0;0;0;0;0;0;0;0;4488;0;0;133;0;202;0;
26373;9866380;1241317376;27705344;1390477312;0;0;0;0;0;0;0;0;0;0;0;4077;0;0;133;0;202;0;
26374;9600331;1241317376;27705344;1390477312;0;0;0;0;0;0;0;0;0;0;0;4559;0;0;133;0;202;0;
26375;14341181;1241317376;27705344;1390477312;0;0;0;0;0;0;0;0;0;0;0;4238;0;0;133;0;202;0;
26376;7512526;1241317376;27705344;1390477312;0;0;0;0;0;0;0;0;0;0;0;3367;0;0;133;0;202;0;
26377;10268734;1241317376;27705344;1390477312;0;0;0;0;0;0;0;0;0;0;0;4619;0;0;133;0;202;0;
26378;8189105;1241317376;27705344;1390477312;0;0;0;0;0;0;0;0;0;0;0;5209;0;0;133;0;202;0;
26379;8768702;1241317376;27705344;1390477312;0;0;0;0;0;0;0;0;0;0;0;4549;0;0;133;0;202;0;
26380;9715948;1241317376;27705344;1390477312;0;0;0;0;0;0;0;0;0;0;0;4248;0;0;133;0;202;0;
26381;12955262;1241317376;27705344;1390477312;0;0;0;0;0;0;0;0;0;0;0;4729;0;0;133;0;202;0;
26382;5795617;1241317376;27705344;1390477312;0;0;0;0;0;0;0;0;0;0;0;3556;0;0;133;0;202;0;
26383;9697944;1241317376;27705344;1390477312;0;0;0;0;0;0;0;0;0;0;0;4618;0;0;133;0;202;0;
26384;10507482;1241317376;27705344;1390477312;0;0;0;0;0;0;0;0;0;0;0;4679;0;0;133;0;202;0;
26385;11067953;1241317376;27705344;1390477312;0;0;0;0;0;0;0;0;0;0;0;4428;0;0;133;0;202;0;
26386;12656221;1241317376;27705344;1390477312;0;0;0;0;0;0;0;0;0;0;0;4459;0;0;133;0;202;0;
26387;9286273;1241317376;27705344;1390477312;0;0;0;0;0;0;0;0;0;0;0;5189;0;0;133;0;202;0;
26388;8073037;1241317376;27705344;1390477312;0;0;0;0;0;0;0;0;0;0;0;5561;0;0;133;0;202;0;
26389;9322961;1241317376;27705344;1390477312;0;0;0;0;0;0;0;0;0;0;0;5069;0;0;133;0;202;0;
26390;9924038;1241317376;27705344;1390477312;0;0;0;0;0;0;0;0;0;0;0;4709;0;0;133;0;202;0;
26391;10788819;1241317376;27705344;1390477312;0;0;0;0;0;0;0;0;0;0;0;3697;0;0;133;0;202;0;
26392;9186676;1241317376;27705344;1390477312;0;0;0;0;0;0;0;0;0;0;0;4208;0;0;133;0;202;0;
26393;10283632;1241317376;27705344;1390477312;0;0;0;0;0;0;0;0;0;0;0;4328;0;0;133;0;202;0;
26394;8258225;1241317376;27705344;1390477312;0;0;0;0;0;0;0;0;0;0;0;3296;0;0;133;0;202;0;
26395;8783629;1241317376;27705344;1390477312;0;0;0;0;0;0;0;0;0;0;0;4829;0;0;133;0;202;0;
26396;8977905;1241317376;27705344;1390477312;0;0;0;0;0;0;0;0;0;0;0;3506;0;0;133;0;202;0;
26397;12085371;1241317376;27705344;1390477312;0;0;0;0;0;0;0;0;0;0;0;5270;0;0;133;0;202;0;
26398;11490966;1241317376;27705344;1390477312;0;0;0;0;0;0;0;0;0;0;0;5751;0;0;133;0;202;0;
26399;13154946;1241317376;27705344;1390477312;0;0;0;0;0;0;0;0;0;0;0;3607;0;0;133;0;202;0;
26400;11520211;1241317376;27705344;1390477312;0;0;0;0;0;0;0;0;0;0;0;3536;0;0;133;0;202;0;
26401;12069842;1241317376;27705344;1390477312;0;0;0;0;0;0;0;0;0;0;0;4569;0;0;133;0;202;0;
26402;10772308;1241317376;27705344;1390477312;0;0;0;0;0;0;0;0;0;0;0;3586;0;0;133;0;202;0;
26403;8714209;1241317376;27705344;1390477312;0;0;0;0;0;0;0;0;0;0;0;4318;0;0;133;0;202;0;
26404;12541136;1241317376;27705344;1390477312;0;0;0;0;0;0;0;0;0;0;0;4257;0;0;133;0;202;0;
26405;9470207;1241317376;27705344;1390477312;0;0;0;0;0;0;0;0;0;0;0;4669;0;0;133;0;202;0;
26406;12256191;1241317376;27705344;1390477312;0;0;0;0;0;0;0;0;0;0;0;4128;0;0;133;0;202;0;
26407;10561073;1241317376;27705344;1390477312;0;0;0;0;0;0;0;0;0;0;0;4479;0;0;133;0;202;0;
26408;11303866;1241317376;27705344;1390477312;0;0;0;0;0;0;0;0;0;0;0;4869;0;0;133;0;202;0;
26409;12078658;1241317376;27705344;1390477312;0;0;0;0;0;0;0;0;0;0;0;4689;0;0;133;0;202;0;
26410;7660023;1241317376;27705344;1390477312;0;0;0;0;0;0;0;0;0;0;0;4799;0;0;133;0;202;0;
26411;14670599;1241317376;27705344;1390477312;0;0;0;0;0;0;0;0;0;0;0;5290;0;0;133;0;202;0;
26412;11234695;1241317376;27705344;1390477312;0;0;0;0;0;0;0;0;0;0;0;6342;0;0;133;0;202;0;
26413;10394961;1241317376;27705344;1390477312;0;0;0;0;0;0;0;0;0;0;0;5370;0;0;133;0;202;0;
26414;12476284;1241317376;27705344;1390477312;0;0;0;0;0;0;0;0;0;0;0;4758;0;0;133;0;202;0;
26415;14297318;1241317376;27705344;1390477312;0;0;0;0;0;0;0;0;0;0;0;4629;0;0;133;0;202;0;
26416;9949986;1241317376;27705344;1390477312;0;0;0;0;0;0;0;0;0;0;0;4669;0;0;133;0;202;0;
26417;11331367;1241317376;27705344;1390477312;0;0;0;0;0;0;0;0;0;0;0;5320;0;0;133;0;202;0;
26418;6447570;1241317376;27705344;1390477312;0;0;0;0;0;0;0;0;0;0;0;4569;0;0;133;0;202;0;
26419;11984051;1241317376;27705344;1390477312;0;0;0;0;0;0;0;0;0;0;0;4028;0;0;133;0;202;0;
26420;7069555;1241317376;27705344;1390477312;0;0;0;0;0;0;0;0;0;0;0;4258;0;0;133;0;202;0;
26421;9672827;1241317376;27705344;1390477312;0;0;0;0;0;0;0;0;0;0;0;477656;0;0;133;0;202;0;
26422;9334914;1241317376;27709440;1390481408;0;0;0;0;0;0;0;0;0;0;0;4108;0;0;133;0;202;0;
26423;11566919;1241317376;27709440;1390481408;0;0;0;0;0;0;0;0;0;0;0;4729;0;0;133;0;202;0;
26424;7646989;1241317376;27709440;1390481408;0;0;0;0;0;0;0;0;0;0;0;6502;0;0;133;0;202;0;
26425;10312166;1241317376;27709440;1390481408;0;0;0;0;0;0;0;0;0;0;0;4749;0;0;133;0;202;0;
26426;9902718;1241317376;27709440;1390481408;0;0;0;0;0;0;0;0;0;0;0;5139;0;0;133;0;202;0;
26427;8988464;1241317376;27709440;1390481408;0;0;0;0;0;0;0;0;0;0;0;4028;0;0;133;0;202;0;
26428;8127389;1241317376;27709440;1390481408;0;0;0;0;0;0;0;0;0;0;0;3908;0;0;133;0;202;0;
26429;9339362;1241317376;27709440;1390481408;0;0;0;0;0;0;0;0;0;0;0;4207;0;0;133;0;202;0;
26430;8623820;1241317376;27705344;1390477312;0;0;0;0;0;0;0;0;0;0;0;4639;0;0;133;0;202;0;
26431;10457188;1241317376;27705344;1390477312;0;0;0;0;0;0;0;0;0;0;0;5561;0;0;133;0;202;0;
26432;8447820;1241317376;27705344;1390477312;0;0;0;0;0;0;0;0;0;0;0;4057;0;0;133;0;202;0;
26433;16801203;1241317376;27705344;1390477312;0;0;0;0;0;0;0;0;0;0;0;5049;0;0;133;0;202;0;
26434;12554149;1241317376;27705344;1390477312;0;0;0;0;0;0;0;0;0;0;0;104215;0;0;133;0;202;0;
26435;8733025;1241317376;27705344;1390477312;0;0;0;0;0;0;0;0;0;0;0;5370;0;0;133;0;202;0;
26436;6730640;1241317376;27709440;1390481408;0;0;0;0;0;0;0;0;0;0;0;2995;0;0;133;0;202;0;
26437;9669911;1241317376;27709440;1390481408;0;0;0;0;0;0;0;0;0;0;0;4418;0;0;133;0;202;0;
26438;8177783;1241317376;27709440;1390481408;0;0;0;0;0;0;0;0;0;0;0;3537;0;0;133;0;202;0;
26439;7936942;1241317376;27709440;1390481408;0;0;0;0;0;0;0;0;0;0;0;4098;0;0;133;0;202;0;
26440;7867121;1241317376;27709440;1390481408;0;0;0;0;0;0;0;0;0;0;0;4398;0;0;133;0;202;0;
26441;7274770;1241317376;27709440;1390481408;0;0;0;0;0;0;0;0;0;0;0;4929;0;0;133;0;202;0;
26442;8252885;1241317376;27709440;1390481408;0;0;0;0;0;0;0;0;0;0;0;4088;0;0;133;0;202;0;
26443;8079850;1241317376;27709440;1390481408;0;0;0;0;0;0;0;0;0;0;0;4068;0;0;133;0;202;0;
26444;7428439;1241317376;27709440;1390481408;0;0;0;0;0;0;0;0;0;0;0;5110;0;0;133;0;202;0;
26445;8778260;1241317376;27709440;1390481408;0;0;0;0;0;0;0;0;0;0;0;4829;0;0;133;0;202;0;
26446;7608366;1241317376;27709440;1390481408;0;0;0;0;0;0;0;0;0;0;0;4008;0;0;133;0;202;0;
26447;17225669;1241317376;27709440;1390481408;0;0;0;0;0;0;0;0;0;0;0;3847;0;0;133;0;202;0;
26448;5992907;1241317376;27709440;1390481408;0;0;0;0;0;0;0;0;0;0;0;3527;0;0;133;0;202;0;
26449;9394034;1241317376;27709440;1390481408;0;0;0;0;0;0;0;0;0;0;0;4418;0;0;133;0;202;0;
26450;5812849;1241317376;27709440;1390481408;0;0;0;0;0;0;0;0;0;0;0;4839;0;0;133;0;202;0;
26451;7820524;1241317376;27709440;1390481408;0;0;0;0;0;0;0;0;0;0;0;3376;0;0;133;0;202;0;
26452;5030031;1241317376;27709440;1390481408;0;0;0;0;0;0;0;0;0;0;0;4418;0;0;133;0;202;0;
26453;6831930;1241317376;27709440;1390481408;0;0;0;0;0;0;0;0;0;0;0;3216;0;0;133;0;202;0;
26454;5707502;1241317376;27709440;1390481408;0;0;0;0;0;0;0;0;0;0;0;3527;0;0;133;0;202;0;
26455;7900053;1241317376;27709440;1390481408;0;0;0;0;0;0;0;0;0;0;0;3607;0;0;133;0;202;0;
26456;9182668;1241317376;27709440;1390481408;0;0;0;0;0;0;0;0;0;0;0;3787;0;0;133;0;202;0;
26457;7820604;1241317376;27709440;1390481408;0;0;0;0;0;0;0;0;0;0;0;4548;0;0;133;0;202;0;
26458;7516483;1241317376;27709440;1390481408;0;0;0;0;0;0;0;0;0;0;0;4328;0;0;133;0;202;0;
26459;8876665;1241317376;27709440;1390481408;0;0;0;0;0;0;0;0;0;0;0;4389;0;0;133;0;202;0;
26460;7400537;1241317376;27709440;1390481408;0;0;0;0;0;0;0;0;0;0;0;3106;0;0;133;0;202;0;
26461;9864076;1241317376;27709440;1390481408;0;0;0;0;0;0;0;0;0;0;0;4759;0;0;133;0;202;0;
26462;6923752;1241317376;27709440;1390481408;0;0;0;0;0;0;0;0;0;0;0;3456;0;0;133;0;202;0;
26463;8789371;1241317376;27709440;1390481408;0;0;0;0;0;0;0;0;0;0;0;4679;0;0;133;0;202;0;
26464;5933496;1241317376;27709440;1390481408;0;0;0;0;0;0;0;0;0;0;0;5811;0;0;133;0;202;0;
26465;8191369;1241317376;27709440;1390481408;0;0;0;0;0;0;0;0;0;0;0;5831;0;0;133;0;202;0;
26466;7032466;1241317376;27709440;1390481408;0;0;0;0;0;0;0;0;0;0;0;4729;0;0;133;0;202;0;
26467;8370375;1241317376;27709440;1390481408;0;0;0;0;0;0;0;0;0;0;0;4258;0;0;133;0;202;0;
26468;6979748;1241317376;27709440;1390481408;0;0;0;0;0;0;0;0;0;0;0;4258;0;0;133;0;202;0;
26469;7154996;1241317376;27709440;1390481408;0;0;0;0;0;0;0;0;0;0;0;4709;0;0;133;0;202;0;
26470;6702047;1241317376;27709440;1390481408;0;0;0;0;0;0;0;0;0;0;0;4148;0;0;133;0;202;0;
26471;9867602;1241317376;27709440;1390481408;0;0;0;0;0;0;0;0;0;0;0;3878;0;0;133;0;202;0;
26472;8753122;1241317376;27709440;1390481408;0;0;0;0;0;0;0;0;0;0;0;5150;0;0;133;0;202;0;
26473;8649659;1241317376;27709440;1390481408;0;0;0;0;0;0;0;0;0;0;0;4708;0;0;133;0;202;0;
26474;5894002;1241317376;27709440;1390481408;0;0;0;0;0;0;0;0;0;0;0;3206;0;0;133;0;202;0;
26475;7978339;1241317376;27709440;1390481408;0;0;0;0;0;0;0;0;0;0;0;3596;0;0;133;0;202;0;
26476;5624667;1241317376;27709440;1390481408;0;0;0;0;0;0;0;0;0;0;0;5450;0;0;133;0;202;0;
26477;7728020;1241317376;27709440;1390481408;0;0;0;0;0;0;0;0;0;0;0;4499;0;0;133;0;202;0;
26478;6640291;1241317376;27717632;1390489600;0;0;0;0;0;0;0;0;0;0;0;5550;0;0;133;0;202;0;
26479;7084394;1241317376;27717632;1390489600;0;0;0;0;0;0;0;0;0;0;0;4158;0;0;133;0;202;0;
26480;6826861;1241317376;27717632;1390489600;0;0;0;0;0;0;0;0;0;0;0;4469;0;0;133;0;202;0;
26481;8421601;1241317376;27717632;1390489600;0;0;0;0;0;0;0;0;0;0;0;4429;0;0;133;0;202;0;
26482;6416351;1241317376;27717632;1390489600;0;0;0;0;0;0;0;0;0;0;0;4588;0;0;133;0;202;0;
26483;9114350;1241317376;27717632;1390489600;0;0;0;0;0;0;0;0;0;0;0;4939;0;0;133;0;202;0;
26484;5199800;1241321472;27709440;1390481408;0;0;0;0;0;0;0;0;0;0;0;5671;0;0;133;0;202;0;
26485;10220784;1241321472;27709440;1390481408;0;0;0;0;0;0;0;0;0;0;0;4117;0;0;133;0;202;0;
26486;6043111;1241321472;27709440;1390481408;0;0;0;0;0;0;0;0;0;0;0;4348;0;0;133;0;202;0;
26487;8219662;1241321472;27709440;1390481408;0;0;0;0;0;0;0;0;0;0;0;3096;0;0;133;0;202;0;
26488;10447199;1241321472;27709440;1390481408;0;0;0;0;0;0;0;0;0;0;0;4999;0;0;133;0;202;0;
26489;6322205;1241321472;27709440;1390481408;0;0;0;0;0;0;0;0;0;0;0;3767;0;0;133;0;202;0;
26490;7377693;1241321472;27709440;1390481408;0;0;0;0;0;0;0;0;0;0;0;3767;0;0;133;0;202;0;
26491;9178130;1241321472;27709440;1390481408;0;0;0;0;0;0;0;0;0;0;0;4489;0;0;133;0;202;0;
26492;6209093;1241321472;27709440;1390481408;0;0;0;0;0;0;0;0;0;0;0;4298;0;0;133;0;202;0;
26493;7304005;1241321472;27709440;1390481408;0;0;0;0;0;0;0;0;0;0;0;4348;0;0;133;0;202;0;
26494;4979597;1241321472;27709440;1390481408;0;0;0;0;0;0;0;0;0;0;0;4429;0;0;133;0;202;0;
26495;8375204;1241321472;27709440;1390481408;0;0;0;0;0;0;0;0;0;0;0;5009;0;0;133;0;202;0;
26496;5162991;1241321472;27709440;1390481408;0;0;0;0;0;0;0;0;0;0;0;4088;0;0;133;0;202;0;
26497;9943655;1241321472;27709440;1390481408;0;0;0;0;0;0;0;0;0;0;0;6211;0;0;133;0;202;0;
26498;6260759;1241321472;27709440;1390481408;0;0;0;0;0;0;0;0;0;0;0;4038;0;0;133;0;202;0;
26499;8098755;1241321472;27709440;1390481408;0;0;0;0;0;0;0;0;0;0;0;4418;0;0;133;0;202;0;
26500;8090740;1241321472;27709440;1390481408;0;0;0;0;0;0;0;0;0;0;0;3617;0;0;133;0;202;0;
26501;6934522;1241321472;27709440;1390481408;0;0;0;0;0;0;0;0;0;0;0;3317;0;0;133;0;202;0;
26502;8478568;1241321472;27709440;1390481408;0;0;0;0;0;0;0;0;0;0;0;110417;0;0;133;0;202;0;
26503;7310848;1241321472;27709440;1390481408;0;0;0;0;0;0;0;0;0;0;0;4458;0;0;133;0;202;0;
26504;7929238;1241321472;27713536;1390485504;0;0;0;0;0;0;0;0;0;0;0;141686;0;0;133;0;202;0;
26505;9532374;1241321472;27713536;1390485504;0;0;0;0;0;0;0;0;0;0;0;4508;0;0;133;0;202;0;
26506;7597897;1241321472;27713536;1390485504;0;0;0;0;0;0;0;0;0;0;0;5500;0;0;133;0;202;0;
26507;9524258;1241321472;27713536;1390485504;0;0;0;0;0;0;0;0;0;0;0;4238;0;0;133;0;202;0;
26508;5385949;1241321472;27713536;1390485504;0;0;0;0;0;0;0;0;0;0;0;4298;0;0;133;0;202;0;
26509;10970250;1241321472;27713536;1390485504;0;0;0;0;0;0;0;0;0;0;0;5230;0;0;133;0;202;0;
26510;5354550;1241321472;27713536;1390485504;0;0;0;0;0;0;0;0;0;0;0;5400;0;0;133;0;202;0;
26511;9975435;1241321472;27713536;1390485504;0;0;0;0;0;0;0;0;0;0;0;4889;0;0;133;0;202;0;
26512;7546851;1241321472;27709440;1390481408;0;0;0;0;0;0;0;0;0;0;0;245430;0;0;133;0;202;0;
26513;13426545;1241321472;27709440;1390481408;0;0;0;0;0;0;0;0;0;0;0;4919;0;0;133;0;202;0;
26514;6060544;1241321472;27713536;1390485504;0;0;0;0;0;0;0;0;0;0;0;5220;0;0;133;0;202;0;
26515;11067782;1241321472;27713536;1390485504;0;0;0;0;0;0;0;0;0;0;0;4959;0;0;133;0;202;0;
26516;7186686;1241321472;27713536;1390485504;0;0;0;0;0;0;0;0;0;0;0;4087;0;0;133;0;202;0;
26517;8670668;1241321472;27713536;1390485504;0;0;0;0;0;0;0;0;0;0;0;4418;0;0;133;0;202;0;
26518;7152331;1241321472;27713536;1390485504;0;0;0;0;0;0;0;0;0;0;0;3747;0;0;133;0;202;0;
26519;11388463;1241321472;27713536;1390485504;0;0;0;0;0;0;0;0;0;0;0;5441;0;0;133;0;202;0;
26520;7954104;1241321472;27709440;1390481408;0;0;0;0;0;0;0;0;0;0;0;4849;0;0;133;0;202;0;
26521;11268499;1241321472;27709440;1390481408;0;0;0;0;0;0;0;0;0;0;0;7875;0;0;133;0;202;0;
26522;5618214;1241317376;27705344;1390477312;0;0;0;0;0;0;0;0;0;0;0;3637;0;0;133;0;202;0;
26523;11149927;1241317376;27705344;1390477312;0;0;0;0;0;0;0;0;0;0;0;152336;0;0;133;0;202;0;
26524;6478428;1241317376;27709440;1390481408;0;0;0;0;0;0;0;0;0;0;0;3697;0;0;133;0;202;0;
26525;9152391;1241317376;27709440;1390481408;0;0;0;0;0;0;0;0;0;0;0;3246;0;0;133;0;202;0;
26526;6419848;1241317376;27709440;1390481408;0;0;0;0;0;0;0;0;0;0;0;4187;0;0;133;0;202;0;
26527;6322294;1241317376;27709440;1390481408;0;0;0;0;0;0;0;0;0;0;0;5531;0;0;133;0;202;0;
26528;8250050;1241317376;27709440;1390481408;0;0;0;0;0;0;0;0;0;0;0;3457;0;0;133;0;202;0;
26529;7444027;1241317376;27709440;1390481408;0;0;0;0;0;0;0;0;0;0;0;3557;0;0;133;0;202;0;
26530;16009629;1241317376;27721728;1390493696;0;0;0;0;0;0;0;0;0;0;0;4829;0;0;133;0;202;0;
26531;6507051;1241317376;27721728;1390493696;0;0;0;0;0;0;0;0;0;0;0;4018;0;0;133;0;202;0;
26532;9284599;1241317376;27783168;1390555136;0;0;0;0;0;0;0;0;0;0;0;5210;0;0;133;0;202;0;
26533;8328296;1241317376;27783168;1390555136;0;0;0;0;0;0;0;0;0;0;0;5119;0;0;133;0;202;0;
26534;6556915;1241317376;27783168;1390555136;0;0;0;0;0;0;0;0;0;0;0;4047;0;0;133;0;202;0;
26535;8389851;1241317376;27783168;1390555136;0;0;0;0;0;0;0;0;0;0;0;4319;0;0;133;0;202;0;
26536;6701756;1241317376;27783168;1390555136;0;0;0;0;0;0;0;0;0;0;0;34965;0;0;133;0;202;0;
26537;7235056;1241317376;27783168;1390555136;0;0;0;0;0;0;0;0;0;0;0;3216;0;0;133;0;202;0;
26538;8467447;1241317376;27758592;1390530560;0;0;0;0;0;0;0;0;0;0;0;3927;0;0;133;0;202;0;
26539;9306080;1241317376;27758592;1390530560;0;0;0;0;0;0;0;0;0;0;0;4198;0;0;133;0;202;0;
26540;6733665;1241288704;27729920;1390501888;0;0;0;0;0;0;0;0;0;0;0;4509;0;0;133;0;202;0;
26541;9663088;1241288704;27729920;1390501888;0;0;0;0;0;0;0;0;0;0;0;3166;0;0;133;0;202;0;
26542;5198948;1241284608;27725824;1390497792;0;0;0;0;0;0;0;0;0;0;0;5140;0;0;133;0;202;0;
26543;8996258;1241284608;27725824;1390497792;0;0;0;0;0;0;0;0;0;0;0;4338;0;0;133;0;202;0;
26544;3763447;1241284608;27725824;1390497792;0;0;0;0;0;0;0;0;0;0;0;4929;0;0;133;0;202;0;
26545;9083733;1241284608;27725824;1390497792;0;0;0;0;0;0;0;0;0;0;0;4759;0;0;133;0;202;0;
26546;7531832;1241276416;27717632;1390489600;0;0;0;0;0;0;0;0;0;0;0;4679;0;0;133;0;202;0;
26547;8784180;1241276416;27717632;1390489600;0;0;0;0;0;0;0;0;0;0;0;5270;0;0;133;0;202;0;
26548;8675727;1241276416;27717632;1390489600;0;0;0;0;0;0;0;0;0;0;0;4468;0;0;133;0;202;0;
26549;7491157;1241276416;27717632;1390489600;0;0;0;0;0;0;0;0;0;0;0;3417;0;0;133;0;202;0;
26550;9747998;1241276416;27717632;1390489600;0;0;0;0;0;0;0;0;0;0;0;4308;0;0;133;0;202;0;
26551;6918112;1241276416;27717632;1390489600;0;0;0;0;0;0;0;0;0;0;0;4198;0;0;133;0;202;0;
26552;7399454;1241276416;27717632;1390489600;0;0;0;0;0;0;0;0;0;0;0;4128;0;0;133;0;202;0;
26553;8839364;1241276416;27717632;1390489600;0;0;0;0;0;0;0;0;0;0;0;4077;0;0;133;0;202;0;
26554;5262207;1241276416;27717632;1390489600;0;0;0;0;0;0;0;0;0;0;0;4469;0;0;133;0;202;0;
26555;8178746;1241276416;27717632;1390489600;0;0;0;0;0;0;0;0;0;0;0;3787;0;0;133;0;202;0;
26556;6882805;1241276416;27717632;1390489600;0;0;0;0;0;0;0;0;0;0;0;3086;0;0;133;0;202;0;
26557;14440076;1241276416;27717632;1390489600;0;0;0;0;0;0;0;0;0;0;0;3466;0;0;133;0;202;0;
26558;8718427;1241276416;27717632;1390489600;0;0;0;0;0;0;0;0;0;0;0;5871;0;0;133;0;202;0;
26559;7305759;1241276416;27717632;1390489600;0;0;0;0;0;0;0;0;0;0;0;39394;0;0;133;0;202;0;
26560;5536411;1241276416;27717632;1390489600;0;0;0;0;0;0;0;0;0;0;0;4018;0;0;133;0;202;0;
26561;9209298;1241276416;27717632;1390489600;0;0;0;0;0;0;0;0;0;0;0;4257;0;0;133;0;202;0;
26562;6953608;1241276416;27717632;1390489600;0;0;0;0;0;0;0;0;0;0;0;4498;0;0;133;0;202;0;
26563;8356650;1241276416;27717632;1390489600;0;0;0;0;0;0;0;0;0;0;0;5269;0;0;133;0;202;0;
26564;5485045;1241276416;27717632;1390489600;0;0;0;0;0;0;0;0;0;0;0;4137;0;0;133;0;202;0;
26565;9146750;1241276416;27717632;1390489600;0;0;0;0;0;0;0;0;0;0;0;4779;0;0;133;0;202;0;
26566;12384101;1241276416;27717632;1390489600;0;0;0;0;0;0;0;0;0;0;0;4829;0;0;133;0;202;0;
26567;8288381;1241276416;27717632;1390489600;0;0;0;0;0;0;0;0;0;0;0;3457;0;0;133;0;202;0;
26568;6204834;1241276416;27717632;1390489600;0;0;0;0;0;0;0;0;0;0;0;4859;0;0;133;0;202;0;
26569;8218430;1241276416;27717632;1390489600;0;0;0;0;0;0;0;0;0;0;0;4749;0;0;133;0;202;0;
26570;8331222;1241276416;27717632;1390489600;0;0;0;0;0;0;0;0;0;0;0;4638;0;0;133;0;202;0;
26571;15009594;1241276416;27717632;1390489600;0;0;0;0;0;0;0;0;0;0;0;4869;0;0;133;0;202;0;
26572;10850926;1241276416;27717632;1390489600;0;0;0;0;0;0;0;0;0;0;0;4479;0;0;133;0;202;0;
26573;11318663;1241276416;27717632;1390489600;0;0;0;0;0;0;0;0;0;0;0;4489;0;0;133;0;202;0;
26574;10280476;1241276416;27717632;1390489600;0;0;0;0;0;0;0;0;0;0;0;3877;0;0;133;0;202;0;
26575;13643432;1241276416;27717632;1390489600;0;0;0;0;0;0;0;0;0;0;0;5460;0;0;133;0;202;0;
26576;10678162;1241276416;27717632;1390489600;0;0;0;0;0;0;0;0;0;0;0;5981;0;0;133;0;202;0;
26577;10145513;1241276416;27717632;1390489600;0;0;0;0;0;0;0;0;0;0;0;4348;0;0;133;0;202;0;
26578;10380985;1241276416;27717632;1390489600;0;0;0;0;0;0;0;0;0;0;0;5330;0;0;133;0;202;0;
26579;13551991;1241276416;27717632;1390489600;0;0;0;0;0;0;0;0;0;0;0;5340;0;0;133;0;202;0;
26580;11473153;1241276416;27717632;1390489600;0;0;0;0;0;0;0;0;0;0;0;4258;0;0;133;0;202;0;
26581;10120787;1241276416;27717632;1390489600;0;0;0;0;0;0;0;0;0;0;0;5591;0;0;133;0;202;0;
26582;11269160;1241276416;27717632;1390489600;0;0;0;0;0;0;0;0;0;0;0;4068;0;0;133;0;202;0;
26583;9569884;1241276416;27717632;1390489600;0;0;0;0;0;0;0;0;0;0;0;4107;0;0;133;0;202;0;
26584;8384452;1241276416;27717632;1390489600;0;0;0;0;0;0;0;0;0;0;0;4288;0;0;133;0;202;0;
26585;8570530;1241276416;27717632;1390489600;0;0;0;0;0;0;0;0;0;0;0;4619;0;0;133;0;202;0;
26586;11693987;1241276416;27717632;1390489600;0;0;0;0;0;0;0;0;0;0;0;4348;0;0;133;0;202;0;
26587;8211056;1241276416;27717632;1390489600;0;0;0;0;0;0;0;0;0;0;0;4438;0;0;133;0;202;0;
26588;11760862;1241276416;27717632;1390489600;0;0;0;0;0;0;0;0;0;0;0;3717;0;0;133;0;202;0;
26589;8484679;1241276416;27717632;1390489600;0;0;0;0;0;0;0;0;0;0;0;3757;0;0;133;0;202;0;
26590;10166492;1241276416;27717632;1390489600;0;0;0;0;0;0;0;0;0;0;0;3336;0;0;133;0;202;0;
26591;9397410;1241276416;27717632;1390489600;0;0;0;0;0;0;0;0;0;0;0;42349;0;0;133;0;202;0;
26592;8020709;1241276416;27717632;1390489600;0;0;0;0;0;0;0;0;0;0;0;4157;0;0;133;0;202;0;
26593;9545308;1241276416;27717632;1390489600;0;0;0;0;0;0;0;0;0;0;0;4879;0;0;133;0;202;0;
26594;9407119;1241276416;27717632;1390489600;0;0;0;0;0;0;0;0;0;0;0;3306;0;0;133;0;202;0;
26595;10994395;1241276416;27717632;1390489600;0;0;0;0;0;0;0;0;0;0;0;4458;0;0;133;0;202;0;
26596;8779732;1241276416;27717632;1390489600;0;0;0;0;0;0;0;0;0;0;0;3978;0;0;133;0;202;0;
26597;11828159;1241276416;27717632;1390489600;0;0;0;0;0;0;0;0;0;0;0;4278;0;0;133;0;202;0;
26598;7706019;1241276416;27717632;1390489600;0;0;0;0;0;0;0;0;0;0;0;3858;0;0;133;0;202;0;
26599;12260469;1241276416;27717632;1390489600;0;0;0;0;0;0;0;0;0;0;0;5190;0;0;133;0;202;0;
26600;8109966;1241276416;27717632;1390489600;0;0;0;0;0;0;0;0;0;0;0;5981;0;0;133;0;202;0;
26601;17214128;1241276416;27717632;1390489600;0;0;0;0;0;0;0;0;0;0;0;4378;0;0;133;0;202;0;
26602;7719485;1241276416;27717632;1390489600;0;0;0;0;0;0;0;0;0;0;0;4078;0;0;133;0;202;0;
26603;9234816;1241276416;27717632;1390489600;0;0;0;0;0;0;0;0;0;0;0;5109;0;0;133;0;202;0;
26604;8411211;1241276416;27717632;1390489600;0;0;0;0;0;0;0;0;0;0;0;3296;0;0;133;0;202;0;
26605;9540980;1241276416;27717632;1390489600;0;0;0;0;0;0;0;0;0;0;0;4769;0;0;133;0;202;0;
26606;8187853;1241276416;27717632;1390489600;0;0;0;0;0;0;0;0;0;0;0;515727;0;0;133;0;202;0;
26607;9168591;1241276416;27717632;1390489600;0;0;0;0;0;0;0;0;0;0;0;5801;0;0;133;0;202;0;
26608;8086162;1241276416;27721728;1390493696;0;0;0;0;0;0;0;0;0;0;0;3657;0;0;133;0;202;0;
26609;7831545;1241276416;27721728;1390493696;0;0;0;0;0;0;0;0;0;0;0;3898;0;0;133;0;202;0;
26610;7678318;1241276416;27721728;1390493696;0;0;0;0;0;0;0;0;0;0;0;5441;0;0;133;0;202;0;
26611;8905458;1241276416;27721728;1390493696;0;0;0;0;0;0;0;0;0;0;0;4338;0;0;133;0;202;0;
26612;10801263;1241276416;27721728;1390493696;0;0;0;0;0;0;0;0;0;0;0;3907;0;0;133;0;202;0;
26613;9534648;1241276416;27721728;1390493696;0;0;0;0;0;0;0;0;0;0;0;4098;0;0;133;0;202;0;
26614;10178575;1241276416;27721728;1390493696;0;0;0;0;0;0;0;0;0;0;0;5320;0;0;133;0;202;0;
26615;10231275;1241276416;27721728;1390493696;0;0;0;0;0;0;0;0;0;0;0;4489;0;0;133;0;202;0;
26616;10201769;1241276416;27717632;1390489600;0;0;0;0;0;0;0;0;0;0;0;4339;0;0;133;0;202;0;
26617;6445866;1241276416;27717632;1390489600;0;0;0;0;0;0;0;0;0;0;0;3787;0;0;133;0;202;0;
26618;11508378;1241276416;27717632;1390489600;0;0;0;0;0;0;0;0;0;0;0;5159;0;0;133;0;202;0;
26619;6882796;1241276416;27717632;1390489600;0;0;0;0;0;0;0;0;0;0;0;5621;0;0;133;0;202;0;
26620;11227803;1241276416;27717632;1390489600;0;0;0;0;0;0;0;0;0;0;0;4048;0;0;133;0;202;0;
26621;9723482;1241276416;27717632;1390489600;0;0;0;0;0;0;0;0;0;0;0;4658;0;0;133;0;202;0;
26622;8167234;1241276416;27717632;1390489600;0;0;0;0;0;0;0;0;0;0;0;4258;0;0;133;0;202;0;
26623;8614172;1241276416;27717632;1390489600;0;0;0;0;0;0;0;0;0;0;0;4298;0;0;133;0;202;0;
26624;12811222;1241276416;27717632;1390489600;0;0;0;0;0;0;0;0;0;0;0;5400;0;0;133;0;202;0;
26625;11145568;1241276416;27717632;1390489600;0;0;0;0;0;0;0;0;0;0;0;4769;0;0;133;0;202;0;
26626;11252469;1241276416;27717632;1390489600;0;0;0;0;0;0;0;0;0;0;0;3907;0;0;133;0;202;0;
26627;11688176;1241276416;27717632;1390489600;0;0;0;0;0;0;0;0;0;0;0;5561;0;0;133;0;202;0;
26628;9131071;1241276416;27717632;1390489600;0;0;0;0;0;0;0;0;0;0;0;4759;0;0;133;0;202;0;
26629;8109746;1241276416;27717632;1390489600;0;0;0;0;0;0;0;0;0;0;0;4849;0;0;133;0;202;0;
26630;10715853;1241276416;27717632;1390489600;0;0;0;0;0;0;0;0;0;0;0;4328;0;0;133;0;202;0;
26631;12452670;1241276416;27717632;1390489600;0;0;0;0;0;0;0;0;0;0;0;6091;0;0;133;0;202;0;
26632;8671920;1241276416;27717632;1390489600;0;0;0;0;0;0;0;0;0;0;0;5009;0;0;133;0;202;0;
26633;11288978;1241276416;27717632;1390489600;0;0;0;0;0;0;0;0;0;0;0;5130;0;0;133;0;202;0;
26634;8379292;1241276416;27717632;1390489600;0;0;0;0;0;0;0;0;0;0;0;4899;0;0;133;0;202;0;
26635;9839770;1241276416;27717632;1390489600;0;0;0;0;0;0;0;0;0;0;0;4688;0;0;133;0;202;0;
26636;10113073;1241276416;27717632;1390489600;0;0;0;0;0;0;0;0;0;0;0;5250;0;0;133;0;202;0;
26637;11889042;1241276416;27717632;1390489600;0;0;0;0;0;0;0;0;0;0;0;4158;0;0;133;0;202;0;
26638;8158708;1241276416;27717632;1390489600;0;0;0;0;0;0;0;0;0;0;0;4589;0;0;133;0;202;0;
26639;13129418;1241276416;27717632;1390489600;0;0;0;0;0;0;0;0;0;0;0;5079;0;0;133;0;202;0;
26640;10533541;1241276416;27717632;1390489600;0;0;0;0;0;0;0;0;0;0;0;4950;0;0;133;0;202;0;
26641;13143534;1241276416;27717632;1390489600;0;0;0;0;0;0;0;0;0;0;0;5430;0;0;133;0;202;0;
26642;9883191;1241276416;27717632;1390489600;0;0;0;0;0;0;0;0;0;0;0;5381;0;0;133;0;202;0;
26643;12570320;1241276416;27717632;1390489600;0;0;0;0;0;0;0;0;0;0;0;3988;0;0;133;0;202;0;
26644;9541831;1241276416;27717632;1390489600;0;0;0;0;0;0;0;0;0;0;0;5410;0;0;133;0;202;0;
26645;13786210;1241276416;27717632;1390489600;0;0;0;0;0;0;0;0;0;0;0;3557;0;0;133;0;202;0;
26646;11046302;1241276416;27717632;1390489600;0;0;0;0;0;0;0;0;0;0;0;5410;0;0;133;0;202;0;
26647;12079630;1241276416;27717632;1390489600;0;0;0;0;0;0;0;0;0;0;0;5441;0;0;133;0;202;0;
26648;11581106;1241276416;27717632;1390489600;0;0;0;0;0;0;0;0;0;0;0;3977;0;0;133;0;202;0;
26649;9960457;1241276416;27717632;1390489600;0;0;0;0;0;0;0;0;0;0;0;3897;0;0;133;0;202;0;
26650;8129614;1241276416;27717632;1390489600;0;0;0;0;0;0;0;0;0;0;0;3737;0;0;133;0;202;0;
26651;13621942;1241276416;27717632;1390489600;0;0;0;0;0;0;0;0;0;0;0;4719;0;0;133;0;202;0;
26652;8515737;1241276416;27717632;1390489600;0;0;0;0;0;0;0;0;0;0;0;4248;0;0;133;0;202;0;
26653;10414268;1241276416;27717632;1390489600;0;0;0;0;0;0;0;0;0;0;0;4749;0;0;133;0;202;0;
26654;7264401;1241276416;27717632;1390489600;0;0;0;0;0;0;0;0;0;0;0;3557;0;0;133;0;202;0;
26655;9711529;1241276416;27717632;1390489600;0;0;0;0;0;0;0;0;0;0;0;4399;0;0;133;0;202;0;
26656;8633468;1241276416;27717632;1390489600;0;0;0;0;0;0;0;0;0;0;0;4328;0;0;133;0;202;0;
26657;15278418;1241276416;27717632;1390489600;0;0;0;0;0;0;0;0;0;0;0;4719;0;0;133;0;202;0;
26658;10685856;1241276416;27717632;1390489600;0;0;0;0;0;0;0;0;0;0;0;6302;0;0;133;0;202;0;
26659;7562911;1241276416;27717632;1390489600;0;0;0;0;0;0;0;0;0;0;0;5981;0;0;133;0;202;0;
26660;5533506;1241276416;27717632;1390489600;0;0;0;0;0;0;0;0;0;0;0;4599;0;0;133;0;202;0;
26661;7494212;1241276416;27717632;1390489600;0;0;0;0;0;0;0;0;0;0;0;5060;0;0;133;0;202;0;
26662;6998692;1241276416;27717632;1390489600;0;0;0;0;0;0;0;0;0;0;0;4118;0;0;133;0;202;0;
26663;9745173;1241276416;27717632;1390489600;0;0;0;0;0;0;0;0;0;0;0;4759;0;0;133;0;202;0;
26664;6372219;1241276416;27717632;1390489600;0;0;0;0;0;0;0;0;0;0;0;3757;0;0;133;0;202;0;
26665;8750698;1241276416;27717632;1390489600;0;0;0;0;0;0;0;0;0;0;0;5270;0;0;133;0;202;0;
26666;7473443;1241276416;27717632;1390489600;0;0;0;0;0;0;0;0;0;0;0;4558;0;0;133;0;202;0;
26667;9266835;1241276416;27717632;1390489600;0;0;0;0;0;0;0;0;0;0;0;5079;0;0;133;0;202;0;
26668;5836985;1241276416;27717632;1390489600;0;0;0;0;0;0;0;0;0;0;0;4799;0;0;133;0;202;0;
26669;9483893;1241276416;27717632;1390489600;0;0;0;0;0;0;0;0;0;0;0;3997;0;0;133;0;202;0;
26670;5261926;1241276416;27717632;1390489600;0;0;0;0;0;0;0;0;0;0;0;4468;0;0;133;0;202;0;
26671;8917822;1241276416;27717632;1390489600;0;0;0;0;0;0;0;0;0;0;0;4298;0;0;133;0;202;0;
26672;7067592;1241276416;27717632;1390489600;0;0;0;0;0;0;0;0;0;0;0;4950;0;0;133;0;202;0;
26673;9425594;1241276416;27717632;1390489600;0;0;0;0;0;0;0;0;0;0;0;4809;0;0;133;0;202;0;
26674;5462011;1241276416;27717632;1390489600;0;0;0;0;0;0;0;0;0;0;0;4879;0;0;133;0;202;0;
26675;9378816;1241276416;27717632;1390489600;0;0;0;0;0;0;0;0;0;0;0;5410;0;0;133;0;202;0;
26676;5512356;1241276416;27717632;1390489600;0;0;0;0;0;0;0;0;0;0;0;4338;0;0;133;0;202;0;
26677;8256922;1241276416;27717632;1390489600;0;0;0;0;0;0;0;0;0;0;0;4038;0;0;133;0;202;0;
26678;4867727;1241276416;27717632;1390489600;0;0;0;0;0;0;0;0;0;0;0;4699;0;0;133;0;202;0;
26679;8760667;1241276416;27717632;1390489600;0;0;0;0;0;0;0;0;0;0;0;4248;0;0;133;0;202;0;
26680;6020609;1241276416;27717632;1390489600;0;0;0;0;0;0;0;0;0;0;0;4128;0;0;133;0;202;0;
26681;7553323;1241276416;27717632;1390489600;0;0;0;0;0;0;0;0;0;0;0;6432;0;0;133;0;202;0;
26682;5963111;1241276416;27717632;1390489600;0;0;0;0;0;0;0;0;0;0;0;4669;0;0;133;0;202;0;
26683;5595041;1241276416;27717632;1390489600;0;0;0;0;0;0;0;0;0;0;0;4158;0;0;133;0;202;0;
26684;5427146;1241276416;27717632;1390489600;0;0;0;0;0;0;0;0;0;0;0;4318;0;0;133;0;202;0;
26685;8441619;1241276416;27717632;1390489600;0;0;0;0;0;0;0;0;0;0;0;5119;0;0;133;0;202;0;
26686;4691677;1241276416;27717632;1390489600;0;0;0;0;0;0;0;0;0;0;0;4468;0;0;133;0;202;0;
26687;8437651;1241276416;27717632;1390489600;0;0;0;0;0;0;0;0;0;0;0;4569;0;0;133;0;202;0;
26688;6380674;1241276416;27717632;1390489600;0;0;0;0;0;0;0;0;0;0;0;4979;0;0;133;0;202;0;
26689;6250961;1241276416;27717632;1390489600;0;0;0;0;0;0;0;0;0;0;0;4188;0;0;133;0;202;0;
26690;8464220;1241276416;27717632;1390489600;0;0;0;0;0;0;0;0;0;0;0;4027;0;0;133;0;202;0;
26691;5916323;1241276416;27717632;1390489600;0;0;0;0;0;0;0;0;0;0;0;3727;0;0;133;0;202;0;
26692;8571371;1241276416;27717632;1390489600;0;0;0;0;0;0;0;0;0;0;0;4068;0;0;133;0;202;0;
26693;6876514;1241276416;27717632;1390489600;0;0;0;0;0;0;0;0;0;0;0;4549;0;0;133;0;202;0;
26694;6979638;1241276416;27717632;1390489600;0;0;0;0;0;0;0;0;0;0;0;4519;0;0;133;0;202;0;
26695;9645736;1241276416;27717632;1390489600;0;0;0;0;0;0;0;0;0;0;0;6732;0;0;133;0;202;0;
26696;6714240;1241276416;27717632;1390489600;0;0;0;0;0;0;0;0;0;0;0;7394;0;0;133;0;202;0;
26697;6701866;1241276416;27717632;1390489600;0;0;0;0;0;0;0;0;0;0;0;3747;0;0;133;0;202;0;
26698;9369498;1241276416;27717632;1390489600;0;0;0;0;0;0;0;0;0;0;0;4508;0;0;133;0;202;0;
26699;7577779;1241276416;27717632;1390489600;0;0;0;0;0;0;0;0;0;0;0;4037;0;0;133;0;202;0;
26700;5599469;1241276416;27717632;1390489600;0;0;0;0;0;0;0;0;0;0;0;5620;0;0;133;0;202;0;
26701;7892358;1241276416;27717632;1390489600;0;0;0;0;0;0;0;0;0;0;0;4338;0;0;133;0;202;0;
26702;5944706;1241276416;27717632;1390489600;0;0;0;0;0;0;0;0;0;0;0;4127;0;0;133;0;202;0;
26703;7632983;1241276416;27717632;1390489600;0;0;0;0;0;0;0;0;0;0;0;3868;0;0;133;0;202;0;
26704;8652625;1241276416;27717632;1390489600;0;0;0;0;0;0;0;0;0;0;0;5380;0;0;133;0;202;0;
26705;7019481;1241276416;27717632;1390489600;0;0;0;0;0;0;0;0;0;0;0;4689;0;0;133;0;202;0;
26706;7162140;1241276416;27717632;1390489600;0;0;0;0;0;0;0;0;0;0;0;3396;0;0;133;0;202;0;
26707;7186105;1241276416;27717632;1390489600;0;0;0;0;0;0;0;0;0;0;0;4168;0;0;133;0;202;0;
26708;17230208;1241276416;27717632;1390489600;0;0;0;0;0;0;0;0;0;0;0;3787;0;0;133;0;202;0;
26709;8956013;1241276416;27717632;1390489600;0;0;0;0;0;0;0;0;0;0;0;5250;0;0;133;0;202;0;
26710;13137273;1241276416;27717632;1390489600;0;0;0;0;0;0;0;0;0;0;0;5501;0;0;133;0;202;0;
26711;12840357;1241276416;27717632;1390489600;0;0;0;0;0;0;0;0;0;0;0;4829;0;0;133;0;202;0;
26712;9761122;1241276416;27717632;1390489600;0;0;0;0;0;0;0;0;0;0;0;6472;0;0;133;0;202;0;
26713;9195903;1241276416;27717632;1390489600;0;0;0;0;0;0;0;0;0;0;0;3947;0;0;133;0;202;0;
26714;8217599;1241276416;27717632;1390489600;0;0;0;0;0;0;0;0;0;0;0;3557;0;0;133;0;202;0;
26715;8710984;1241276416;27717632;1390489600;0;0;0;0;0;0;0;0;0;0;0;4198;0;0;133;0;202;0;
26716;9869737;1241276416;27717632;1390489600;0;0;0;0;0;0;0;0;0;0;0;4168;0;0;133;0;202;0;
26717;8995126;1241276416;27717632;1390489600;0;0;0;0;0;0;0;0;0;0;0;4388;0;0;133;0;202;0;
26718;7375229;1241276416;27717632;1390489600;0;0;0;0;0;0;0;0;0;0;0;6983;0;0;133;0;202;0;
26719;8718508;1241276416;27717632;1390489600;0;0;0;0;0;0;0;0;0;0;0;4338;0;0;133;0;202;0;
26720;6756048;1241276416;27717632;1390489600;0;0;0;0;0;0;0;0;0;0;0;4479;0;0;133;0;202;0;
26721;12960752;1241276416;27717632;1390489600;0;0;0;0;0;0;0;0;0;0;0;5370;0;0;133;0;202;0;
26722;6807144;1241276416;27717632;1390489600;0;0;0;0;0;0;0;0;0;0;0;3737;0;0;133;0;202;0;
26723;9761524;1241276416;27717632;1390489600;0;0;0;0;0;0;0;0;0;0;0;5160;0;0;133;0;202;0;
26724;5293396;1241276416;27717632;1390489600;0;0;0;0;0;0;0;0;0;0;0;4198;0;0;133;0;202;0;
26725;9680531;1241276416;27717632;1390489600;0;0;0;0;0;0;0;0;0;0;0;4488;0;0;133;0;202;0;
26726;7625799;1241276416;27717632;1390489600;0;0;0;0;0;0;0;0;0;0;0;4218;0;0;133;0;202;0;
26727;9925782;1241276416;27717632;1390489600;0;0;0;0;0;0;0;0;0;0;0;4278;0;0;133;0;202;0;
26728;9936632;1241276416;27717632;1390489600;0;0;0;0;0;0;0;0;0;0;0;4969;0;0;133;0;202;0;
26729;9269831;1241276416;27717632;1390489600;0;0;0;0;0;0;0;0;0;0;0;3256;0;0;133;0;202;0;
26730;8090210;1241276416;27717632;1390489600;0;0;0;0;0;0;0;0;0;0;0;3787;0;0;133;0;202;0;
26731;9286874;1241276416;27717632;1390489600;0;0;0;0;0;0;0;0;0;0;0;4178;0;0;133;0;202;0;
26732;8927349;1241276416;27717632;1390489600;0;0;0;0;0;0;0;0;0;0;0;4899;0;0;133;0;202;0;
26733;9303916;1241276416;27717632;1390489600;0;0;0;0;0;0;0;0;0;0;0;6933;0;0;133;0;202;0;
26734;7857142;1241276416;27717632;1390489600;0;0;0;0;0;0;0;0;0;0;0;3797;0;0;133;0;202;0;
26735;10088086;1241276416;27717632;1390489600;0;0;0;0;0;0;0;0;0;0;0;4118;0;0;133;0;202;0;
26736;8131768;1241276416;27717632;1390489600;0;0;0;0;0;0;0;0;0;0;0;227096;0;0;133;0;202;0;
26737;8425038;1241276416;27717632;1390489600;0;0;0;0;0;0;0;0;0;0;0;4369;0;0;133;0;202;0;
26738;7227933;1241276416;27721728;1390493696;0;0;0;0;0;0;0;0;0;0;0;4198;0;0;133;0;202;0;
26739;7166978;1241276416;27721728;1390493696;0;0;0;0;0;0;0;0;0;0;0;4429;0;0;133;0;202;0;
26740;10502613;1241276416;27721728;1390493696;0;0;0;0;0;0;0;0;0;0;0;3356;0;0;133;0;202;0;
26741;6904376;1241276416;27721728;1390493696;0;0;0;0;0;0;0;0;0;0;0;3537;0;0;133;0;202;0;
26742;10100209;1241276416;27721728;1390493696;0;0;0;0;0;0;0;0;0;0;0;4318;0;0;133;0;202;0;
26743;7001438;1241276416;27721728;1390493696;0;0;0;0;0;0;0;0;0;0;0;3286;0;0;133;0;202;0;
26744;9576908;1241276416;27721728;1390493696;0;0;0;0;0;0;0;0;0;0;0;86482;0;0;133;0;202;0;
26745;8196329;1241276416;27721728;1390493696;0;0;0;0;0;0;0;0;0;0;0;4548;0;0;133;0;202;0;
26746;8763131;1241276416;27717632;1390489600;0;0;0;0;0;0;0;0;0;0;0;3727;0;0;133;0;202;0;
26747;7251497;1241276416;27717632;1390489600;0;0;0;0;0;0;0;0;0;0;0;4979;0;0;133;0;202;0;
26748;11117646;1241276416;27717632;1390489600;0;0;0;0;0;0;0;0;0;0;0;5180;0;0;133;0;202;0;
26749;9675021;1241276416;27717632;1390489600;0;0;0;0;0;0;0;0;0;0;0;3647;0;0;133;0;202;0;
26750;9954435;1241276416;27717632;1390489600;0;0;0;0;0;0;0;0;0;0;0;3316;0;0;133;0;202;0;
26751;8103043;1241276416;27717632;1390489600;0;0;0;0;0;0;0;0;0;0;0;3276;0;0;133;0;202;0;
26752;9053155;1241276416;27717632;1390489600;0;0;0;0;0;0;0;0;0;0;0;3556;0;0;133;0;202;0;
26753;8667652;1241276416;27717632;1390489600;0;0;0;0;0;0;0;0;0;0;0;4308;0;0;133;0;202;0;
26754;8998032;1241276416;27717632;1390489600;0;0;0;0;0;0;0;0;0;0;0;4338;0;0;133;0;202;0;
26755;11696852;1241276416;27717632;1390489600;0;0;0;0;0;0;0;0;0;0;0;4398;0;0;133;0;202;0;
26756;10406583;1241276416;27717632;1390489600;0;0;0;0;0;0;0;0;0;0;0;4428;0;0;133;0;202;0;
26757;7544075;1241276416;27717632;1390489600;0;0;0;0;0;0;0;0;0;0;0;6091;0;0;133;0;202;0;
26758;11984011;1241276416;27717632;1390489600;0;0;0;0;0;0;0;0;0;0;0;5160;0;0;133;0;202;0;
26759;10405481;1241276416;27717632;1390489600;0;0;0;0;0;0;0;0;0;0;0;4789;0;0;133;0;202;0;
26760;9002631;1241276416;27717632;1390489600;0;0;0;0;0;0;0;0;0;0;0;3887;0;0;133;0;202;0;
26761;11182678;1241276416;27717632;1390489600;0;0;0;0;0;0;0;0;0;0;0;4769;0;0;133;0;202;0;
26762;7031945;1241276416;27725824;1390497792;0;0;0;0;0;0;0;0;0;0;0;4068;0;0;133;0;202;0;
26763;9750964;1241276416;27725824;1390497792;0;0;0;0;0;0;0;0;0;0;0;4398;0;0;133;0;202;0;
26764;8599705;1241276416;27725824;1390497792;0;0;0;0;0;0;0;0;0;0;0;4348;0;0;133;0;202;0;
26765;11668660;1241276416;27725824;1390497792;0;0;0;0;0;0;0;0;0;0;0;5841;0;0;133;0;202;0;
26766;10625283;1241276416;27725824;1390497792;0;0;0;0;0;0;0;0;0;0;0;4038;0;0;133;0;202;0;
26767;9644093;1241276416;27725824;1390497792;0;0;0;0;0;0;0;0;0;0;0;3496;0;0;133;0;202;0;
26768;7246718;1241276416;27717632;1390489600;0;0;0;0;0;0;0;0;0;0;0;4128;0;0;133;0;202;0;
26769;9400015;1241276416;27717632;1390489600;0;0;0;0;0;0;0;0;0;0;0;4999;0;0;133;0;202;0;
26770;7981936;1241276416;27717632;1390489600;0;0;0;0;0;0;0;0;0;0;0;4799;0;0;133;0;202;0;
26771;10107993;1241276416;27717632;1390489600;0;0;0;0;0;0;0;0;0;0;0;5350;0;0;133;0;202;0;
26772;8176492;1241276416;27717632;1390489600;0;0;0;0;0;0;0;0;0;0;0;4669;0;0;133;0;202;0;
26773;10644810;1241276416;27717632;1390489600;0;0;0;0;0;0;0;0;0;0;0;4819;0;0;133;0;202;0;
26774;7575976;1241276416;27717632;1390489600;0;0;0;0;0;0;0;0;0;0;0;3236;0;0;133;0;202;0;
26775;13903670;1241276416;27717632;1390489600;0;0;0;0;0;0;0;0;0;0;0;5350;0;0;133;0;202;0;
26776;8212439;1241276416;27717632;1390489600;0;0;0;0;0;0;0;0;0;0;0;4218;0;0;133;0;202;0;
26777;17222102;1241276416;27717632;1390489600;0;0;0;0;0;0;0;0;0;0;0;4308;0;0;133;0;202;0;
26778;12596429;1241276416;27717632;1390489600;0;0;0;0;0;0;0;0;0;0;0;4037;0;0;133;0;202;0;
26779;8226715;1241276416;27717632;1390489600;0;0;0;0;0;0;0;0;0;0;0;3567;0;0;133;0;202;0;
26780;11258581;1241276416;27717632;1390489600;0;0;0;0;0;0;0;0;0;0;0;4108;0;0;133;0;202;0;
26781;7759459;1241276416;27717632;1390489600;0;0;0;0;0;0;0;0;0;0;0;3457;0;0;133;0;202;0;
26782;13665003;1241276416;27717632;1390489600;0;0;0;0;0;0;0;0;0;0;0;4077;0;0;133;0;202;0;
26783;7683658;1241276416;27717632;1390489600;0;0;0;0;0;0;0;0;0;0;0;3617;0;0;133;0;202;0;
26784;10051537;1241276416;27717632;1390489600;0;0;0;0;0;0;0;0;0;0;0;4759;0;0;133;0;202;0;
26785;10057197;1241276416;27717632;1390489600;0;0;0;0;0;0;0;0;0;0;0;4579;0;0;133;0;202;0;
26786;7157231;1241276416;27717632;1390489600;0;0;0;0;0;0;0;0;0;0;0;4138;0;0;133;0;202;0;
26787;8221606;1241276416;27717632;1390489600;0;0;0;0;0;0;0;0;0;0;0;5410;0;0;133;0;202;0;
26788;7594641;1241276416;27717632;1390489600;0;0;0;0;0;0;0;0;0;0;0;4228;0;0;133;0;202;0;
26789;12106610;1241276416;27717632;1390489600;0;0;0;0;0;0;0;0;0;0;0;4799;0;0;133;0;202;0;
26790;7381370;1241276416;27717632;1390489600;0;0;0;0;0;0;0;0;0;0;0;3827;0;0;133;0;202;0;
26791;8333616;1241276416;27717632;1390489600;0;0;0;0;0;0;0;0;0;0;0;4529;0;0;133;0;202;0;
26792;6714400;1241276416;27734016;1390505984;0;0;0;0;0;0;0;0;0;0;0;4548;0;0;133;0;202;0;
26793;9282104;1241276416;27734016;1390505984;0;0;0;0;0;0;0;0;0;0;0;3567;0;0;133;0;202;0;
26794;9229155;1241276416;27774976;1390546944;0;0;0;0;0;0;0;0;0;0;0;3126;0;0;133;0;202;0;
26795;9883282;1241276416;27774976;1390546944;0;0;0;0;0;0;0;0;0;0;0;3376;0;0;133;0;202;0;
26796;7484213;1241276416;27774976;1390546944;0;0;0;0;0;0;0;0;0;0;0;5590;0;0;133;0;202;0;
26797;6097203;1241276416;27774976;1390546944;0;0;0;0;0;0;0;0;0;0;0;3656;0;0;133;0;202;0;
26798;4536065;1241276416;27774976;1390546944;0;0;0;0;0;0;0;0;0;0;0;4769;0;0;133;0;202;0;
26799;9547652;1241276416;27774976;1390546944;0;0;0;0;0;0;0;0;0;0;0;4368;0;0;133;0;202;0;
26800;6689263;1241268224;27742208;1390514176;0;0;0;0;0;0;0;0;0;0;0;3888;0;0;133;0;202;0;
26801;9097278;1241268224;27742208;1390514176;0;0;0;0;0;0;0;0;0;0;0;4839;0;0;133;0;202;0;
26802;4426029;1241247744;27721728;1390493696;0;0;0;0;0;0;0;0;0;0;0;4499;0;0;133;0;202;0;
26803;9318984;1241247744;27721728;1390493696;0;0;0;0;0;0;0;0;0;0;0;4208;0;0;133;0;202;0;
26804;6996027;1241247744;27721728;1390493696;0;0;0;0;0;0;0;0;0;0;0;6252;0;0;133;0;202;0;
26805;9755432;1241247744;27721728;1390493696;0;0;0;0;0;0;0;0;0;0;0;4088;0;0;133;0;202;0;
26806;6505288;1241247744;27721728;1390493696;0;0;0;0;0;0;0;0;0;0;0;3557;0;0;133;0;202;0;
26807;11522485;1241247744;27721728;1390493696;0;0;0;0;0;0;0;0;0;0;0;4509;0;0;133;0;202;0;
26808;6405701;1241247744;27721728;1390493696;0;0;0;0;0;0;0;0;0;0;0;3827;0;0;133;0;202;0;
26809;7580163;1241247744;27721728;1390493696;0;0;0;0;0;0;0;0;0;0;0;3958;0;0;133;0;202;0;
26810;7642179;1241247744;27721728;1390493696;0;0;0;0;0;0;0;0;0;0;0;4298;0;0;133;0;202;0;
26811;11840130;1241247744;27721728;1390493696;0;0;0;0;0;0;0;0;0;0;0;4679;0;0;133;0;202;0;
26812;7680020;1241247744;27721728;1390493696;0;0;0;0;0;0;0;0;0;0;0;5801;0;0;133;0;202;0;
26813;11232531;1241247744;27721728;1390493696;0;0;0;0;0;0;0;0;0;0;0;4539;0;0;133;0;202;0;
26814;8535895;1241247744;27721728;1390493696;0;0;0;0;0;0;0;0;0;0;0;5610;0;0;133;0;202;0;
26815;10304181;1241247744;27721728;1390493696;0;0;0;0;0;0;0;0;0;0;0;6933;0;0;133;0;202;0;
26816;7108980;1241247744;27721728;1390493696;0;0;0;0;0;0;0;0;0;0;0;4969;0;0;133;0;202;0;
26817;13566798;1241247744;27721728;1390493696;0;0;0;0;0;0;0;0;0;0;0;5570;0;0;133;0;202;0;
26818;10280166;1241247744;27721728;1390493696;0;0;0;0;0;0;0;0;0;0;0;4248;0;0;133;0;202;0;
26819;11526273;1241247744;27721728;1390493696;0;0;0;0;0;0;0;0;0;0;0;3597;0;0;133;0;202;0;
26820;9367284;1241247744;27721728;1390493696;0;0;0;0;0;0;0;0;0;0;0;5530;0;0;133;0;202;0;
26821;7675683;1241247744;27721728;1390493696;0;0;0;0;0;0;0;0;0;0;0;2946;0;0;133;0;202;0;
26822;10777588;1241247744;27721728;1390493696;0;0;0;0;0;0;0;0;0;0;0;4698;0;0;133;0;202;0;
26823;10401183;1241247744;27721728;1390493696;0;0;0;0;0;0;0;0;0;0;0;3927;0;0;133;0;202;0;
26824;6188103;1241247744;27721728;1390493696;0;0;0;0;0;0;0;0;0;0;0;4178;0;0;133;0;202;0;
26825;9430473;1241247744;27721728;1390493696;0;0;0;0;0;0;0;0;0;0;0;4328;0;0;133;0;202;0;
26826;7787962;1241247744;27721728;1390493696;0;0;0;0;0;0;0;0;0;0;0;3126;0;0;133;0;202;0;
26827;9725034;1241247744;27721728;1390493696;0;0;0;0;0;0;0;0;0;0;0;6042;0;0;133;0;202;0;
26828;6668354;1241247744;27721728;1390493696;0;0;0;0;0;0;0;0;0;0;0;4419;0;0;133;0;202;0;
26829;7369257;1241247744;27721728;1390493696;0;0;0;0;0;0;0;0;0;0;0;5540;0;0;133;0;202;0;
26830;8881243;1241247744;27721728;1390493696;0;0;0;0;0;0;0;0;0;0;0;4398;0;0;133;0;202;0;
26831;8982563;1241247744;27721728;1390493696;0;0;0;0;0;0;0;0;0;0;0;3797;0;0;133;0;202;0;
26832;8331643;1241247744;27721728;1390493696;0;0;0;0;0;0;0;0;0;0;0;3517;0;0;133;0;202;0;
26833;7691562;1241247744;27721728;1390493696;0;0;0;0;0;0;0;0;0;0;0;4829;0;0;133;0;202;0;
26834;8493115;1241247744;27721728;1390493696;0;0;0;0;0;0;0;0;0;0;0;5480;0;0;133;0;202;0;
26835;8219492;1241247744;27721728;1390493696;0;0;0;0;0;0;0;0;0;0;0;3056;0;0;133;0;202;0;
26836;9189561;1241247744;27721728;1390493696;0;0;0;0;0;0;0;0;0;0;0;4609;0;0;133;0;202;0;
26837;9100234;1241247744;27721728;1390493696;0;0;0;0;0;0;0;0;0;0;0;3667;0;0;133;0;202;0;
26838;7622993;1241247744;27721728;1390493696;0;0;0;0;0;0;0;0;0;0;0;3757;0;0;133;0;202;0;
26839;9104301;1241247744;27721728;1390493696;0;0;0;0;0;0;0;0;0;0;0;3096;0;0;133;0;202;0;
26840;8192582;1241247744;27721728;1390493696;0;0;0;0;0;0;0;0;0;0;0;4629;0;0;133;0;202;0;
26841;7531281;1241247744;27721728;1390493696;0;0;0;0;0;0;0;0;0;0;0;3226;0;0;133;0;202;0;
26842;10523352;1241247744;27721728;1390493696;0;0;0;0;0;0;0;0;0;0;0;3266;0;0;133;0;202;0;
26843;8207449;1241247744;27721728;1390493696;0;0;0;0;0;0;0;0;0;0;0;3286;0;0;133;0;202;0;
26844;10538481;1241247744;27721728;1390493696;0;0;0;0;0;0;0;0;0;0;0;4198;0;0;133;0;202;0;
26845;11006227;1241247744;27721728;1390493696;0;0;0;0;0;0;0;0;0;0;0;5080;0;0;133;0;202;0;
26846;14575610;1241247744;27721728;1390493696;0;0;0;0;0;0;0;0;0;0;0;3978;0;0;133;0;202;0;
26847;9982698;1241247744;27721728;1390493696;0;0;0;0;0;0;0;0;0;0;0;3947;0;0;133;0;202;0;
26848;10576922;1241247744;27721728;1390493696;0;0;0;0;0;0;0;0;0;0;0;3978;0;0;133;0;202;0;
26849;7709756;1241247744;27721728;1390493696;0;0;0;0;0;0;0;0;0;0;0;4709;0;0;133;0;202;0;
26850;8495790;1241247744;27721728;1390493696;0;0;0;0;0;0;0;0;0;0;0;3798;0;0;133;0;202;0;
26851;9521323;1241247744;27721728;1390493696;0;0;0;0;0;0;0;0;0;0;0;4519;0;0;133;0;202;0;
26852;10224050;1241247744;27721728;1390493696;0;0;0;0;0;0;0;0;0;0;0;4739;0;0;133;0;202;0;
26853;11232601;1241247744;27721728;1390493696;0;0;0;0;0;0;0;0;0;0;0;5620;0;0;133;0;202;0;
26854;9053386;1241247744;27721728;1390493696;0;0;0;0;0;0;0;0;0;0;0;4709;0;0;133;0;202;0;
26855;8933571;1241247744;27721728;1390493696;0;0;0;0;0;0;0;0;0;0;0;4198;0;0;133;0;202;0;
26856;10976471;1241247744;27721728;1390493696;0;0;0;0;0;0;0;0;0;0;0;5590;0;0;133;0;202;0;
26857;11650465;1241247744;27721728;1390493696;0;0;0;0;0;0;0;0;0;0;0;5130;0;0;133;0;202;0;
26858;8898846;1241247744;27721728;1390493696;0;0;0;0;0;0;0;0;0;0;0;6953;0;0;133;0;202;0;
26859;11602035;1241247744;27721728;1390493696;0;0;0;0;0;0;0;0;0;0;0;4889;0;0;133;0;202;0;
26860;7216281;1241247744;27721728;1390493696;0;0;0;0;0;0;0;0;0;0;0;4348;0;0;133;0;202;0;
26861;11588829;1241247744;27721728;1390493696;0;0;0;0;0;0;0;0;0;0;0;4599;0;0;133;0;202;0;
26862;7576756;1241247744;27721728;1390493696;0;0;0;0;0;0;0;0;0;0;0;4419;0;0;133;0;202;0;
26863;7233323;1241247744;27721728;1390493696;0;0;0;0;0;0;0;0;0;0;0;3917;0;0;133;0;202;0;
26864;7673899;1241247744;27721728;1390493696;0;0;0;0;0;0;0;0;0;0;0;4048;0;0;133;0;202;0;
26865;8286087;1241247744;27721728;1390493696;0;0;0;0;0;0;0;0;0;0;0;3657;0;0;133;0;202;0;
26866;7967710;1241247744;27721728;1390493696;0;0;0;0;0;0;0;0;0;0;0;3667;0;0;133;0;202;0;
26867;11099923;1241247744;27721728;1390493696;0;0;0;0;0;0;0;0;0;0;0;4698;0;0;133;0;202;0;
26868;8524774;1241247744;27721728;1390493696;0;0;0;0;0;0;0;0;0;0;0;4579;0;0;133;0;202;0;
26869;10666520;1241247744;27721728;1390493696;0;0;0;0;0;0;0;0;0;0;0;3757;0;0;133;0;202;0;
26870;8380323;1241247744;27721728;1390493696;0;0;0;0;0;0;0;0;0;0;0;4458;0;0;133;0;202;0;
26871;8975209;1241247744;27721728;1390493696;0;0;0;0;0;0;0;0;0;0;0;3637;0;0;133;0;202;0;
26872;9465348;1241247744;27721728;1390493696;0;0;0;0;0;0;0;0;0;0;0;3546;0;0;133;0;202;0;
26873;8739938;1241247744;27721728;1390493696;0;0;0;0;0;0;0;0;0;0;0;4238;0;0;133;0;202;0;
26874;8326363;1241247744;27721728;1390493696;0;0;0;0;0;0;0;0;0;0;0;3868;0;0;133;0;202;0;
26875;9881568;1241247744;27721728;1390493696;0;0;0;0;0;0;0;0;0;0;0;4679;0;0;133;0;202;0;
26876;7478784;1241247744;27721728;1390493696;0;0;0;0;0;0;0;0;0;0;0;4669;0;0;133;0;202;0;
26877;9319354;1241247744;27721728;1390493696;0;0;0;0;0;0;0;0;0;0;0;3807;0;0;133;0;202;0;
26878;9829070;1241247744;27721728;1390493696;0;0;0;0;0;0;0;0;0;0;0;4970;0;0;133;0;202;0;
26879;7772654;1241247744;27721728;1390493696;0;0;0;0;0;0;0;0;0;0;0;4388;0;0;133;0;202;0;
26880;10532099;1241247744;27721728;1390493696;0;0;0;0;0;0;0;0;0;0;0;3447;0;0;133;0;202;0;
26881;8737654;1241247744;27721728;1390493696;0;0;0;0;0;0;0;0;0;0;0;3266;0;0;133;0;202;0;
26882;5613034;1241247744;27721728;1390493696;0;0;0;0;0;0;0;0;0;0;0;4268;0;0;133;0;202;0;
26883;9770180;1241247744;27721728;1390493696;0;0;0;0;0;0;0;0;0;0;0;4679;0;0;133;0;202;0;
26884;14506570;1241247744;27721728;1390493696;0;0;0;0;0;0;0;0;0;0;0;5009;0;0;133;0;202;0;
26885;12362501;1241247744;27721728;1390493696;0;0;0;0;0;0;0;0;0;0;0;4498;0;0;133;0;202;0;
26886;4715902;1241247744;27721728;1390493696;0;0;0;0;0;0;0;0;0;0;0;4789;0;0;133;0;202;0;
26887;9336125;1241247744;27721728;1390493696;0;0;0;0;0;0;0;0;0;0;0;5090;0;0;133;0;202;0;
26888;5521593;1241247744;27721728;1390493696;0;0;0;0;0;0;0;0;0;0;0;3427;0;0;133;0;202;0;
26889;6223539;1241247744;27721728;1390493696;0;0;0;0;0;0;0;0;0;0;0;6492;0;0;133;0;202;0;
26890;7674240;1241247744;27721728;1390493696;0;0;0;0;0;0;0;0;0;0;0;5110;0;0;133;0;202;0;
26891;6478607;1241247744;27721728;1390493696;0;0;0;0;0;0;0;0;0;0;0;4228;0;0;133;0;202;0;
26892;5834149;1241247744;27721728;1390493696;0;0;0;0;0;0;0;0;0;0;0;4909;0;0;133;0;202;0;
26893;8717556;1241247744;27721728;1390493696;0;0;0;0;0;0;0;0;0;0;0;4248;0;0;133;0;202;0;
26894;6841939;1241247744;27721728;1390493696;0;0;0;0;0;0;0;0;0;0;0;4288;0;0;133;0;202;0;
26895;9931743;1241247744;27721728;1390493696;0;0;0;0;0;0;0;0;0;0;0;4959;0;0;133;0;202;0;
26896;6315782;1241247744;27721728;1390493696;0;0;0;0;0;0;0;0;0;0;0;4308;0;0;133;0;202;0;
26897;8310192;1241247744;27721728;1390493696;0;0;0;0;0;0;0;0;0;0;0;3908;0;0;133;0;202;0;
26898;8931788;1241247744;27721728;1390493696;0;0;0;0;0;0;0;0;0;0;0;3968;0;0;133;0;202;0;
26899;19416286;1241247744;27721728;1390493696;0;0;0;0;0;0;0;0;0;0;0;3887;0;0;133;0;202;0;
26900;4924333;1241247744;27721728;1390493696;0;0;0;0;0;0;0;0;0;0;0;4288;0;0;133;0;202;0;
26901;11375590;1241247744;27721728;1390493696;0;0;0;0;0;0;0;0;0;0;0;4127;0;0;133;0;202;0;
26902;5287945;1241247744;27721728;1390493696;0;0;0;0;0;0;0;0;0;0;0;4308;0;0;133;0;202;0;
26903;9869796;1241247744;27721728;1390493696;0;0;0;0;0;0;0;0;0;0;0;4208;0;0;133;0;202;0;
26904;7227422;1241247744;27721728;1390493696;0;0;0;0;0;0;0;0;0;0;0;5751;0;0;133;0;202;0;
26905;7907808;1241247744;27721728;1390493696;0;0;0;0;0;0;0;0;0;0;0;4449;0;0;133;0;202;0;
26906;6789200;1241247744;27721728;1390493696;0;0;0;0;0;0;0;0;0;0;0;5039;0;0;133;0;202;0;
26907;9100083;1241247744;27721728;1390493696;0;0;0;0;0;0;0;0;0;0;0;4278;0;0;133;0;202;0;
26908;8132048;1241243648;27717632;1390489600;0;0;0;0;0;0;0;0;0;0;0;4348;0;0;133;0;202;0;
26909;8089598;1241243648;27717632;1390489600;0;0;0;0;0;0;0;0;0;0;0;5100;0;0;133;0;202;0;
26910;8635121;1241243648;27717632;1390489600;0;0;0;0;0;0;0;0;0;0;0;5099;0;0;133;0;202;0;
26911;7220790;1241243648;27717632;1390489600;0;0;0;0;0;0;0;0;0;0;0;4739;0;0;133;0;202;0;
26912;5607424;1241243648;27717632;1390489600;0;0;0;0;0;0;0;0;0;0;0;4719;0;0;133;0;202;0;
26913;9100795;1241243648;27717632;1390489600;0;0;0;0;0;0;0;0;0;0;0;4589;0;0;133;0;202;0;
26914;4447179;1241243648;27717632;1390489600;0;0;0;0;0;0;0;0;0;0;0;4218;0;0;133;0;202;0;
26915;9313884;1241243648;27717632;1390489600;0;0;0;0;0;0;0;0;0;0;0;3958;0;0;133;0;202;0;
26916;6983254;1241243648;27717632;1390489600;0;0;0;0;0;0;0;0;0;0;0;4789;0;0;133;0;202;0;
26917;10057568;1241243648;27717632;1390489600;0;0;0;0;0;0;0;0;0;0;0;4248;0;0;133;0;202;0;
26918;6899628;1241243648;27717632;1390489600;0;0;0;0;0;0;0;0;0;0;0;4117;0;0;133;0;202;0;
26919;6966853;1241243648;27717632;1390489600;0;0;0;0;0;0;0;0;0;0;0;4248;0;0;133;0;202;0;
26920;8346169;1241243648;27717632;1390489600;0;0;0;0;0;0;0;0;0;0;0;5541;0;0;133;0;202;0;
26921;7975124;1241243648;27717632;1390489600;0;0;0;0;0;0;0;0;0;0;0;4308;0;0;133;0;202;0;
26922;9297343;1241243648;27717632;1390489600;0;0;0;0;0;0;0;0;0;0;0;4528;0;0;133;0;202;0;
26923;9522886;1241243648;27717632;1390489600;0;0;0;0;0;0;0;0;0;0;0;5039;0;0;133;0;202;0;
26924;6453661;1241243648;27717632;1390489600;0;0;0;0;0;0;0;0;0;0;0;4679;0;0;133;0;202;0;
26925;8139061;1241243648;27717632;1390489600;0;0;0;0;0;0;0;0;0;0;0;5821;0;0;133;0;202;0;
26926;8672832;1241243648;27717632;1390489600;0;0;0;0;0;0;0;0;0;0;0;3567;0;0;133;0;202;0;
26927;8508734;1241243648;27717632;1390489600;0;0;0;0;0;0;0;0;0;0;0;5491;0;0;133;0;202;0;
26928;7061792;1241243648;27717632;1390489600;0;0;0;0;0;0;0;0;0;0;0;3967;0;0;133;0;202;0;
26929;6504226;1241243648;27717632;1390489600;0;0;0;0;0;0;0;0;0;0;0;3566;0;0;133;0;202;0;
26930;7029641;1241243648;27717632;1390489600;0;0;0;0;0;0;0;0;0;0;0;4339;0;0;133;0;202;0;
26931;8039826;1241243648;27717632;1390489600;0;0;0;0;0;0;0;0;0;0;0;3767;0;0;133;0;202;0;
26932;6129543;1241243648;27725824;1390497792;0;0;0;0;0;0;0;0;0;0;0;4359;0;0;133;0;202;0;
26933;8372348;1241243648;27725824;1390497792;0;0;0;0;0;0;0;0;0;0;0;5130;0;0;133;0;202;0;
26934;5896165;1241243648;27725824;1390497792;0;0;0;0;0;0;0;0;0;0;0;4538;0;0;133;0;202;0;
26935;8734147;1241243648;27725824;1390497792;0;0;0;0;0;0;0;0;0;0;0;3687;0;0;133;0;202;0;
26936;7156740;1241243648;27725824;1390497792;0;0;0;0;0;0;0;0;0;0;0;4619;0;0;133;0;202;0;
26937;6646973;1241243648;27725824;1390497792;0;0;0;0;0;0;0;0;0;0;0;4068;0;0;133;0;202;0;
26938;5050199;1241243648;27717632;1390489600;0;0;0;0;0;0;0;0;0;0;0;3997;0;0;133;0;202;0;
26939;8092284;1241243648;27717632;1390489600;0;0;0;0;0;0;0;0;0;0;0;4538;0;0;133;0;202;0;
26940;6193874;1241243648;27717632;1390489600;0;0;0;0;0;0;0;0;0;0;0;4558;0;0;133;0;202;0;
26941;10207760;1241243648;27717632;1390489600;0;0;0;0;0;0;0;0;0;0;0;4728;0;0;133;0;202;0;
26942;5388173;1241243648;27717632;1390489600;0;0;0;0;0;0;0;0;0;0;0;3517;0;0;133;0;202;0;
26943;10200546;1241243648;27717632;1390489600;0;0;0;0;0;0;0;0;0;0;0;3256;0;0;133;0;202;0;
26944;5744983;1241243648;27717632;1390489600;0;0;0;0;0;0;0;0;0;0;0;4449;0;0;133;0;202;0;
26945;7529218;1241243648;27717632;1390489600;0;0;0;0;0;0;0;0;0;0;0;3988;0;0;133;0;202;0;
26946;7392411;1241243648;27717632;1390489600;0;0;0;0;0;0;0;0;0;0;0;4228;0;0;133;0;202;0;
26947;7641939;1241243648;27717632;1390489600;0;0;0;0;0;0;0;0;0;0;0;4829;0;0;133;0;202;0;
26948;11691422;1241243648;27717632;1390489600;0;0;0;0;0;0;0;0;0;0;0;4629;0;0;133;0;202;0;
26949;6709972;1241243648;27717632;1390489600;0;0;0;0;0;0;0;0;0;0;0;3667;0;0;133;0;202;0;
26950;10999685;1241243648;27717632;1390489600;0;0;0;0;0;0;0;0;0;0;0;4528;0;0;133;0;202;0;
26951;8634020;1241243648;27717632;1390489600;0;0;0;0;0;0;0;0;0;0;0;5701;0;0;133;0;202;0;
26952;10029706;1241243648;27717632;1390489600;0;0;0;0;0;0;0;0;0;0;0;5651;0;0;133;0;202;0;
26953;12728817;1241243648;27717632;1390489600;0;0;0;0;0;0;0;0;0;0;0;5740;0;0;133;0;202;0;
26954;10688201;1241243648;27717632;1390489600;0;0;0;0;0;0;0;0;0;0;0;5280;0;0;133;0;202;0;
26955;9530190;1241243648;27717632;1390489600;0;0;0;0;0;0;0;0;0;0;0;4157;0;0;133;0;202;0;
26956;9605761;1241243648;27717632;1390489600;0;0;0;0;0;0;0;0;0;0;0;3547;0;0;133;0;202;0;
26957;11154545;1241243648;27717632;1390489600;0;0;0;0;0;0;0;0;0;0;0;3557;0;0;133;0;202;0;
26958;9055900;1241243648;27717632;1390489600;0;0;0;0;0;0;0;0;0;0;0;4128;0;0;133;0;202;0;
26959;8019998;1241243648;27717632;1390489600;0;0;0;0;0;0;0;0;0;0;0;3958;0;0;133;0;202;0;
26960;8701926;1241243648;27717632;1390489600;0;0;0;0;0;0;0;0;0;0;0;4138;0;0;133;0;202;0;
26961;10810109;1241243648;27717632;1390489600;0;0;0;0;0;0;0;0;0;0;0;4609;0;0;133;0;202;0;
26962;7236108;1241243648;27717632;1390489600;0;0;0;0;0;0;0;0;0;0;0;3536;0;0;133;0;202;0;
26963;10712677;1241243648;27717632;1390489600;0;0;0;0;0;0;0;0;0;0;0;4178;0;0;133;0;202;0;
26964;9526422;1241243648;27717632;1390489600;0;0;0;0;0;0;0;0;0;0;0;4328;0;0;133;0;202;0;
26965;9546691;1241243648;27717632;1390489600;0;0;0;0;0;0;0;0;0;0;0;4398;0;0;133;0;202;0;
26966;9635387;1241243648;27717632;1390489600;0;0;0;0;0;0;0;0;0;0;0;3677;0;0;133;0;202;0;
26967;11852013;1241243648;27717632;1390489600;0;0;0;0;0;0;0;0;0;0;0;4839;0;0;133;0;202;0;
26968;10232978;1241243648;27717632;1390489600;0;0;0;0;0;0;0;0;0;0;0;4559;0;0;133;0;202;0;
26969;9976707;1241243648;27717632;1390489600;0;0;0;0;0;0;0;0;0;0;0;6733;0;0;133;0;202;0;
26970;8471154;1241243648;27717632;1390489600;0;0;0;0;0;0;0;0;0;0;0;4709;0;0;133;0;202;0;
26971;10536817;1241243648;27717632;1390489600;0;0;0;0;0;0;0;0;0;0;0;4369;0;0;133;0;202;0;
26972;9499833;1241243648;27717632;1390489600;0;0;0;0;0;0;0;0;0;0;0;12153;0;0;133;0;202;0;
26973;9474646;1241243648;27717632;1390489600;0;0;0;0;0;0;0;0;0;0;0;5470;0;0;133;0;202;0;
26974;10309762;1241243648;27717632;1390489600;0;0;0;0;0;0;0;0;0;0;0;3266;0;0;133;0;202;0;
26975;7375981;1241243648;27717632;1390489600;0;0;0;0;0;0;0;0;0;0;0;3426;0;0;133;0;202;0;
26976;10415530;1241243648;27717632;1390489600;0;0;0;0;0;0;0;0;0;0;0;3747;0;0;133;0;202;0;
26977;8052889;1241243648;27717632;1390489600;0;0;0;0;0;0;0;0;0;0;0;4628;0;0;133;0;202;0;
26978;7190342;1241243648;27717632;1390489600;0;0;0;0;0;0;0;0;0;0;0;4178;0;0;133;0;202;0;
26979;7856481;1241243648;27717632;1390489600;0;0;0;0;0;0;0;0;0;0;0;3226;0;0;133;0;202;0;
26980;9721548;1241243648;27717632;1390489600;0;0;0;0;0;0;0;0;0;0;0;3376;0;0;133;0;202;0;
26981;8929393;1241243648;27717632;1390489600;0;0;0;0;0;0;0;0;0;0;0;4408;0;0;133;0;202;0;
26982;6862598;1241243648;27717632;1390489600;0;0;0;0;0;0;0;0;0;0;0;4759;0;0;133;0;202;0;
26983;8275988;1241243648;27717632;1390489600;0;0;0;0;0;0;0;0;0;0;0;11782;0;0;133;0;202;0;
26984;7350893;1241243648;27717632;1390489600;0;0;0;0;0;0;0;0;0;0;0;4719;0;0;133;0;202;0;
26985;10879610;1241243648;27717632;1390489600;0;0;0;0;0;0;0;0;0;0;0;3988;0;0;133;0;202;0;
26986;6139752;1241243648;27717632;1390489600;0;0;0;0;0;0;0;0;0;0;0;4819;0;0;133;0;202;0;
26987;10735710;1241243648;27717632;1390489600;0;0;0;0;0;0;0;0;0;0;0;5350;0;0;133;0;202;0;
26988;8528441;1241243648;27717632;1390489600;0;0;0;0;0;0;0;0;0;0;0;4148;0;0;133;0;202;0;
26989;12040497;1241243648;27717632;1390489600;0;0;0;0;0;0;0;0;0;0;0;4959;0;0;133;0;202;0;
26990;7444519;1241243648;27717632;1390489600;0;0;0;0;0;0;0;0;0;0;0;4939;0;0;133;0;202;0;
26991;9103730;1241243648;27717632;1390489600;0;0;0;0;0;0;0;0;0;0;0;7444;0;0;133;0;202;0;
26992;9465358;1241243648;27717632;1390489600;0;0;0;0;0;0;0;0;0;0;0;4909;0;0;133;0;202;0;
26993;12858080;1241243648;27717632;1390489600;0;0;0;0;0;0;0;0;0;0;0;3647;0;0;133;0;202;0;
26994;9967249;1241243648;27717632;1390489600;0;0;0;0;0;0;0;0;0;0;0;4519;0;0;133;0;202;0;
26995;8375284;1241243648;27717632;1390489600;0;0;0;0;0;0;0;0;0;0;0;5751;0;0;133;0;202;0;
26996;10069852;1241243648;27717632;1390489600;0;0;0;0;0;0;0;0;0;0;0;5140;0;0;133;0;202;0;
26997;10189015;1241243648;27717632;1390489600;0;0;0;0;0;0;0;0;0;0;0;3957;0;0;133;0;202;0;
26998;10866165;1241243648;27717632;1390489600;0;0;0;0;0;0;0;0;0;0;0;4288;0;0;133;0;202;0;
26999;11562661;1241243648;27717632;1390489600;0;0;0;0;0;0;0;0;0;0;0;4428;0;0;133;0;202;0;
27000;15167039;1241243648;27717632;1390489600;0;0;0;0;0;0;0;0;0;0;0;5510;0;0;133;0;202;0;
27001;8533892;1241243648;27717632;1390489600;0;0;0;0;0;0;0;0;0;0;0;4989;0;0;133;0;202;0;
27002;8225273;1241243648;27717632;1390489600;0;0;0;0;0;0;0;0;0;0;0;4698;0;0;133;0;202;0;
27003;11591755;1241243648;27717632;1390489600;0;0;0;0;0;0;0;0;0;0;0;4819;0;0;133;0;202;0;
27004;7372834;1241243648;27717632;1390489600;0;0;0;0;0;0;0;0;0;0;0;5451;0;0;133;0;202;0;
27005;9236469;1241243648;27717632;1390489600;0;0;0;0;0;0;0;0;0;0;0;4860;0;0;133;0;202;0;
27006;11980695;1241243648;27717632;1390489600;0;0;0;0;0;0;0;0;0;0;0;3897;0;0;133;0;202;0;
27007;6734437;1241243648;27717632;1390489600;0;0;0;0;0;0;0;0;0;0;0;3706;0;0;133;0;202;0;
27008;8841559;1241243648;27717632;1390489600;0;0;0;0;0;0;0;0;0;0;0;3456;0;0;133;0;202;0;
27009;7435763;1241243648;27717632;1390489600;0;0;0;0;0;0;0;0;0;0;0;5319;0;0;133;0;202;0;
27010;7777353;1241243648;27717632;1390489600;0;0;0;0;0;0;0;0;0;0;0;3747;0;0;133;0;202;0;
27011;9645656;1241243648;27717632;1390489600;0;0;0;0;0;0;0;0;0;0;0;4128;0;0;133;0;202;0;
27012;7246017;1241243648;27717632;1390489600;0;0;0;0;0;0;0;0;0;0;0;3867;0;0;133;0;202;0;
27013;9493270;1241243648;27717632;1390489600;0;0;0;0;0;0;0;0;0;0;0;4208;0;0;133;0;202;0;
27014;8691567;1241243648;27717632;1390489600;0;0;0;0;0;0;0;0;0;0;0;4238;0;0;133;0;202;0;
27015;10770275;1241243648;27717632;1390489600;0;0;0;0;0;0;0;0;0;0;0;4178;0;0;133;0;202;0;
27016;8719319;1241243648;27717632;1390489600;0;0;0;0;0;0;0;0;0;0;0;4138;0;0;133;0;202;0;
27017;9074686;1241243648;27717632;1390489600;0;0;0;0;0;0;0;0;0;0;0;3977;0;0;133;0;202;0;
27018;5709977;1241243648;27717632;1390489600;0;0;0;0;0;0;0;0;0;0;0;4068;0;0;133;0;202;0;
27019;11523276;1241243648;27717632;1390489600;0;0;0;0;0;0;0;0;0;0;0;3597;0;0;133;0;202;0;
27020;8005070;1241243648;27717632;1390489600;0;0;0;0;0;0;0;0;0;0;0;3767;0;0;133;0;202;0;
27021;10889368;1241243648;27717632;1390489600;0;0;0;0;0;0;0;0;0;0;0;4889;0;0;133;0;202;0;
27022;7909200;1241243648;27717632;1390489600;0;0;0;0;0;0;0;0;0;0;0;4128;0;0;133;0;202;0;
27023;10035177;1241243648;27717632;1390489600;0;0;0;0;0;0;0;0;0;0;0;3277;0;0;133;0;202;0;
27024;8693591;1241243648;27717632;1390489600;0;0;0;0;0;0;0;0;0;0;0;4047;0;0;133;0;202;0;
27025;8876575;1241243648;27717632;1390489600;0;0;0;0;0;0;0;0;0;0;0;3637;0;0;133;0;202;0;
27026;6573355;1241243648;27717632;1390489600;0;0;0;0;0;0;0;0;0;0;0;4529;0;0;133;0;202;0;
27027;8900038;1241243648;27717632;1390489600;0;0;0;0;0;0;0;0;0;0;0;4298;0;0;133;0;202;0;
27028;8777438;1241243648;27717632;1390489600;0;0;0;0;0;0;0;0;0;0;0;4048;0;0;133;0;202;0;
27029;8689322;1241243648;27717632;1390489600;0;0;0;0;0;0;0;0;0;0;0;4869;0;0;133;0;202;0;
27030;9108539;1241243648;27717632;1390489600;0;0;0;0;0;0;0;0;0;0;0;3426;0;0;133;0;202;0;
27031;9174793;1241243648;27717632;1390489600;0;0;0;0;0;0;0;0;0;0;0;4559;0;0;133;0;202;0;
27032;9417207;1241243648;27717632;1390489600;0;0;0;0;0;0;0;0;0;0;0;3918;0;0;133;0;202;0;
27033;10483487;1241243648;27717632;1390489600;0;0;0;0;0;0;0;0;0;0;0;4989;0;0;133;0;202;0;
27034;14095450;1241243648;27717632;1390489600;0;0;0;0;0;0;0;0;0;0;0;4649;0;0;133;0;202;0;
27035;13445110;1241243648;27717632;1390489600;0;0;0;0;0;0;0;0;0;0;0;4548;0;0;133;0;202;0;
27036;9558743;1241243648;27717632;1390489600;0;0;0;0;0;0;0;0;0;0;0;5671;0;0;133;0;202;0;
27037;9393023;1241243648;27717632;1390489600;0;0;0;0;0;0;0;0;0;0;0;5901;0;0;133;0;202;0;
27038;9795767;1241243648;27717632;1390489600;0;0;0;0;0;0;0;0;0;0;0;4278;0;0;133;0;202;0;
27039;9536592;1241243648;27717632;1390489600;0;0;0;0;0;0;0;0;0;0;0;4608;0;0;133;0;202;0;
27040;11365601;1241243648;27717632;1390489600;0;0;0;0;0;0;0;0;0;0;0;3567;0;0;133;0;202;0;
27041;13556499;1241243648;27717632;1390489600;0;0;0;0;0;0;0;0;0;0;0;4318;0;0;133;0;202;0;
27042;8818225;1241243648;27725824;1390497792;0;0;0;0;0;0;0;0;0;0;0;4188;0;0;133;0;202;0;
27043;11139968;1241243648;27725824;1390497792;0;0;0;0;0;0;0;0;0;0;0;4598;0;0;133;0;202;0;
27044;7445641;1241243648;27725824;1390497792;0;0;0;0;0;0;0;0;0;0;0;4488;0;0;133;0;202;0;
27045;9933215;1241243648;27725824;1390497792;0;0;0;0;0;0;0;0;0;0;0;4298;0;0;133;0;202;0;
27046;9618195;1241243648;27725824;1390497792;0;0;0;0;0;0;0;0;0;0;0;3817;0;0;133;0;202;0;
27047;9399134;1241243648;27725824;1390497792;0;0;0;0;0;0;0;0;0;0;0;3968;0;0;133;0;202;0;
27048;11304466;1241243648;27717632;1390489600;0;0;0;0;0;0;0;0;0;0;0;4107;0;0;133;0;202;0;
27049;9012539;1241243648;27717632;1390489600;0;0;0;0;0;0;0;0;0;0;0;4188;0;0;133;0;202;0;
27050;8670808;1241243648;27717632;1390489600;0;0;0;0;0;0;0;0;0;0;0;4799;0;0;133;0;202;0;
27051;13158373;1241243648;27717632;1390489600;0;0;0;0;0;0;0;0;0;0;0;5540;0;0;133;0;202;0;
27052;6412143;1241243648;27717632;1390489600;0;0;0;0;0;0;0;0;0;0;0;3998;0;0;133;0;202;0;
27053;11347137;1241243648;27717632;1390489600;0;0;0;0;0;0;0;0;0;0;0;4519;0;0;133;0;202;0;
27054;4545643;1241243648;27717632;1390489600;0;0;0;0;0;0;0;0;0;0;0;4639;0;0;133;0;202;0;
27055;7615951;1241243648;27717632;1390489600;0;0;0;0;0;0;0;0;0;0;0;4338;0;0;133;0;202;0;
27056;5160326;1241243648;27717632;1390489600;0;0;0;0;0;0;0;0;0;0;0;4048;0;0;133;0;202;0;
27057;9379417;1241243648;27717632;1390489600;0;0;0;0;0;0;0;0;0;0;0;5220;0;0;133;0;202;0;
27058;6245882;1241243648;27717632;1390489600;0;0;0;0;0;0;0;0;0;0;0;3497;0;0;133;0;202;0;
27059;6049353;1241243648;27717632;1390489600;0;0;0;0;0;0;0;0;0;0;0;4509;0;0;133;0;202;0;
27060;8568206;1241243648;27717632;1390489600;0;0;0;0;0;0;0;0;0;0;0;5020;0;0;133;0;202;0;
27061;7675973;1241243648;27717632;1390489600;0;0;0;0;0;0;0;0;0;0;0;4568;0;0;133;0;202;0;
27062;6758672;1241243648;27717632;1390489600;0;0;0;0;0;0;0;0;0;0;0;4338;0;0;133;0;202;0;
27063;10057609;1241243648;27717632;1390489600;0;0;0;0;0;0;0;0;0;0;0;5130;0;0;133;0;202;0;
27064;5762595;1241243648;27717632;1390489600;0;0;0;0;0;0;0;0;0;0;0;5000;0;0;133;0;202;0;
27065;8814558;1241243648;27717632;1390489600;0;0;0;0;0;0;0;0;0;0;0;5400;0;0;133;0;202;0;
27066;8450695;1241243648;27717632;1390489600;0;0;0;0;0;0;0;0;0;0;0;3667;0;0;133;0;202;0;
27067;9593578;1241243648;27717632;1390489600;0;0;0;0;0;0;0;0;0;0;0;4879;0;0;133;0;202;0;
27068;7858766;1241243648;27717632;1390489600;0;0;0;0;0;0;0;0;0;0;0;9889;0;0;133;0;202;0;
27069;11490025;1241243648;27717632;1390489600;0;0;0;0;0;0;0;0;0;0;0;4529;0;0;133;0;202;0;
27070;10082976;1241243648;27717632;1390489600;0;0;0;0;0;0;0;0;0;0;0;4488;0;0;133;0;202;0;
27071;8835928;1241243648;27717632;1390489600;0;0;0;0;0;0;0;0;0;0;0;4569;0;0;133;0;202;0;
27072;10020619;1241243648;27717632;1390489600;0;0;0;0;0;0;0;0;0;0;0;5751;0;0;133;0;202;0;
27073;10060374;1241243648;27717632;1390489600;0;0;0;0;0;0;0;0;0;0;0;5220;0;0;133;0;202;0;
27074;10053110;1241243648;27717632;1390489600;0;0;0;0;0;0;0;0;0;0;0;8366;0;0;133;0;202;0;
27075;8835447;1241243648;27717632;1390489600;0;0;0;0;0;0;0;0;0;0;0;4157;0;0;133;0;202;0;
27076;8896451;1241243648;27717632;1390489600;0;0;0;0;0;0;0;0;0;0;0;3657;0;0;133;0;202;0;
27077;10018114;1241243648;27717632;1390489600;0;0;0;0;0;0;0;0;0;0;0;5299;0;0;133;0;202;0;
27078;7048225;1241243648;27717632;1390489600;0;0;0;0;0;0;0;0;0;0;0;3787;0;0;133;0;202;0;
27079;8309581;1241243648;27717632;1390489600;0;0;0;0;0;0;0;0;0;0;0;4469;0;0;133;0;202;0;
27080;7832817;1241243648;27717632;1390489600;0;0;0;0;0;0;0;0;0;0;0;4839;0;0;133;0;202;0;
27081;7918317;1241243648;27717632;1390489600;0;0;0;0;0;0;0;0;0;0;0;3667;0;0;133;0;202;0;
27082;8395943;1241243648;27717632;1390489600;0;0;0;0;0;0;0;0;0;0;0;4298;0;0;133;0;202;0;
27083;9231109;1241243648;27717632;1390489600;0;0;0;0;0;0;0;0;0;0;0;4539;0;0;133;0;202;0;
27084;9683697;1241243648;27717632;1390489600;0;0;0;0;0;0;0;0;0;0;0;4348;0;0;133;0;202;0;
27085;9459547;1241243648;27717632;1390489600;0;0;0;0;0;0;0;0;0;0;0;3757;0;0;133;0;202;0;
27086;6147958;1241243648;27717632;1390489600;0;0;0;0;0;0;0;0;0;0;0;4238;0;0;133;0;202;0;
27087;8962495;1241243648;27717632;1390489600;0;0;0;0;0;0;0;0;0;0;0;4659;0;0;133;0;202;0;
27088;7676123;1241243648;27717632;1390489600;0;0;0;0;0;0;0;0;0;0;0;4218;0;0;133;0;202;0;
27089;11014794;1241243648;27717632;1390489600;0;0;0;0;0;0;0;0;0;0;0;5079;0;0;133;0;202;0;
27090;7801749;1241243648;27717632;1390489600;0;0;0;0;0;0;0;0;0;0;0;4037;0;0;133;0;202;0;
27091;10339758;1241243648;27717632;1390489600;0;0;0;0;0;0;0;0;0;0;0;3947;0;0;133;0;202;0;
27092;10939382;1241243648;27717632;1390489600;0;0;0;0;0;0;0;0;0;0;0;6542;0;0;133;0;202;0;
27093;8635071;1241243648;27717632;1390489600;0;0;0;0;0;0;0;0;0;0;0;5541;0;0;133;0;202;0;
27094;7324454;1241243648;27717632;1390489600;0;0;0;0;0;0;0;0;0;0;0;3506;0;0;133;0;202;0;
27095;9521784;1241243648;27717632;1390489600;0;0;0;0;0;0;0;0;0;0;0;3206;0;0;133;0;202;0;
27096;9559915;1241243648;27717632;1390489600;0;0;0;0;0;0;0;0;0;0;0;3857;0;0;133;0;202;0;
27097;10865443;1241243648;27717632;1390489600;0;0;0;0;0;0;0;0;0;0;0;4659;0;0;133;0;202;0;
27098;8286056;1241243648;27717632;1390489600;0;0;0;0;0;0;0;0;0;0;0;4548;0;0;133;0;202;0;
27099;8649228;1241243648;27717632;1390489600;0;0;0;0;0;0;0;0;0;0;0;4418;0;0;133;0;202;0;
27100;9961999;1241243648;27717632;1390489600;0;0;0;0;0;0;0;0;0;0;0;3296;0;0;133;0;202;0;
27101;10277981;1241243648;27717632;1390489600;0;0;0;0;0;0;0;0;0;0;0;4097;0;0;133;0;202;0;
27102;8251191;1241243648;27717632;1390489600;0;0;0;0;0;0;0;0;0;0;0;5249;0;0;133;0;202;0;
27103;11535710;1241243648;27717632;1390489600;0;0;0;0;0;0;0;0;0;0;0;3917;0;0;133;0;202;0;
27104;9837195;1241243648;27717632;1390489600;0;0;0;0;0;0;0;0;0;0;0;4789;0;0;133;0;202;0;
27105;10820529;1241243648;27717632;1390489600;0;0;0;0;0;0;0;0;0;0;0;3977;0;0;133;0;202;0;
27106;6080071;1241243648;27717632;1390489600;0;0;0;0;0;0;0;0;0;0;0;3958;0;0;133;0;202;0;
27107;8635702;1241243648;27717632;1390489600;0;0;0;0;0;0;0;0;0;0;0;4048;0;0;133;0;202;0;
27108;9797701;1241243648;27717632;1390489600;0;0;0;0;0;0;0;0;0;0;0;3406;0;0;133;0;202;0;
27109;9186996;1241243648;27717632;1390489600;0;0;0;0;0;0;0;0;0;0;0;3136;0;0;133;0;202;0;
27110;12007364;1241243648;27717632;1390489600;0;0;0;0;0;0;0;0;0;0;0;4709;0;0;133;0;202;0;
27111;7911414;1241243648;27717632;1390489600;0;0;0;0;0;0;0;0;0;0;0;3747;0;0;133;0;202;0;
27112;11882811;1241243648;27717632;1390489600;0;0;0;0;0;0;0;0;0;0;0;4729;0;0;133;0;202;0;
27113;6987592;1241243648;27717632;1390489600;0;0;0;0;0;0;0;0;0;0;0;4228;0;0;133;0;202;0;
27114;9479955;1241243648;27717632;1390489600;0;0;0;0;0;0;0;0;0;0;0;4608;0;0;133;0;202;0;
27115;10365266;1241243648;27717632;1390489600;0;0;0;0;0;0;0;0;0;0;0;3987;0;0;133;0;202;0;
27116;9026986;1241243648;27717632;1390489600;0;0;0;0;0;0;0;0;0;0;0;4438;0;0;133;0;202;0;
27117;10193223;1241243648;27717632;1390489600;0;0;0;0;0;0;0;0;0;0;0;4889;0;0;133;0;202;0;
27118;9095785;1241243648;27717632;1390489600;0;0;0;0;0;0;0;0;0;0;0;5240;0;0;133;0;202;0;
27119;10619843;1241243648;27717632;1390489600;0;0;0;0;0;0;0;0;0;0;0;4689;0;0;133;0;202;0;
27120;7486498;1241243648;27717632;1390489600;0;0;0;0;0;0;0;0;0;0;0;5300;0;0;133;0;202;0;
27121;8742463;1241243648;27717632;1390489600;0;0;0;0;0;0;0;0;0;0;0;5831;0;0;133;0;202;0;
27122;7638312;1241243648;27717632;1390489600;0;0;0;0;0;0;0;0;0;0;0;5009;0;0;133;0;202;0;
27123;11261816;1241243648;27717632;1390489600;0;0;0;0;0;0;0;0;0;0;0;4579;0;0;133;0;202;0;
27124;11542844;1241243648;27717632;1390489600;0;0;0;0;0;0;0;0;0;0;0;3987;0;0;133;0;202;0;
27125;9825513;1241243648;27717632;1390489600;0;0;0;0;0;0;0;0;0;0;0;4428;0;0;133;0;202;0;
27126;8203181;1241243648;27717632;1390489600;0;0;0;0;0;0;0;0;0;0;0;4048;0;0;133;0;202;0;
27127;10567485;1241243648;27717632;1390489600;0;0;0;0;0;0;0;0;0;0;0;4919;0;0;133;0;202;0;
27128;10462027;1241243648;27717632;1390489600;0;0;0;0;0;0;0;0;0;0;0;5129;0;0;133;0;202;0;
27129;11036874;1241243648;27717632;1390489600;0;0;0;0;0;0;0;0;0;0;0;3867;0;0;133;0;202;0;
27130;6891382;1241243648;27717632;1390489600;0;0;0;0;0;0;0;0;0;0;0;5360;0;0;133;0;202;0;
27131;12967284;1241243648;27717632;1390489600;0;0;0;0;0;0;0;0;0;0;0;4458;0;0;133;0;202;0;
27132;11932484;1241243648;27717632;1390489600;0;0;0;0;0;0;0;0;0;0;0;5200;0;0;133;0;202;0;
27133;16577003;1241243648;27717632;1390489600;0;0;0;0;0;0;0;0;0;0;0;3777;0;0;133;0;202;0;
27134;13108089;1241243648;27717632;1390489600;0;0;0;0;0;0;0;0;0;0;0;4439;0;0;133;0;202;0;
27135;9900744;1241243648;27717632;1390489600;0;0;0;0;0;0;0;0;0;0;0;4639;0;0;133;0;202;0;
27136;7856261;1241243648;27717632;1390489600;0;0;0;0;0;0;0;0;0;0;0;5660;0;0;133;0;202;0;
27137;8643977;1241243648;27717632;1390489600;0;0;0;0;0;0;0;0;0;0;0;4458;0;0;133;0;202;0;
27138;10285466;1241243648;27717632;1390489600;0;0;0;0;0;0;0;0;0;0;0;4459;0;0;133;0;202;0;
27139;12976722;1241243648;27717632;1390489600;0;0;0;0;0;0;0;0;0;0;0;6822;0;0;133;0;202;0;
27140;5936691;1241243648;27717632;1390489600;0;0;0;0;0;0;0;0;0;0;0;4929;0;0;133;0;202;0;
27141;10647485;1241243648;27717632;1390489600;0;0;0;0;0;0;0;0;0;0;0;4158;0;0;133;0;202;0;
27142;8256281;1241243648;27717632;1390489600;0;0;0;0;0;0;0;0;0;0;0;3287;0;0;133;0;202;0;
27143;16007134;1241243648;27717632;1390489600;0;0;0;0;0;0;0;0;0;0;0;5230;0;0;133;0;202;0;
27144;6388208;1241243648;27717632;1390489600;0;0;0;0;0;0;0;0;0;0;0;4439;0;0;133;0;202;0;
27145;12516880;1241243648;27717632;1390489600;0;0;0;0;0;0;0;0;0;0;0;5290;0;0;133;0;202;0;
27146;6628990;1241243648;27717632;1390489600;0;0;0;0;0;0;0;0;0;0;0;4518;0;0;133;0;202;0;
27147;11045040;1241243648;27717632;1390489600;0;0;0;0;0;0;0;0;0;0;0;4779;0;0;133;0;202;0;
27148;9748750;1241243648;27717632;1390489600;0;0;0;0;0;0;0;0;0;0;0;3878;0;0;133;0;202;0;
27149;16653026;1241243648;27717632;1390489600;0;0;0;0;0;0;0;0;0;0;0;3727;0;0;133;0;202;0;
27150;4788328;1241243648;27725824;1390497792;0;0;0;0;0;0;0;0;0;0;0;3367;0;0;133;0;202;0;
27151;14858290;1241243648;27725824;1390497792;0;0;0;0;0;0;0;0;0;0;0;223379;0;0;133;0;202;0;
27152;7731507;1241243648;27725824;1390497792;0;0;0;0;0;0;0;0;0;0;0;4348;0;0;133;0;202;0;
27153;10854082;1241243648;27725824;1390497792;0;0;0;0;0;0;0;0;0;0;0;4068;0;0;133;0;202;0;
27154;7407209;1241243648;27725824;1390497792;0;0;0;0;0;0;0;0;0;0;0;4719;0;0;133;0;202;0;
27155;12089228;1241243648;27725824;1390497792;0;0;0;0;0;0;0;0;0;0;0;4929;0;0;133;0;202;0;
27156;7448797;1241247744;27721728;1390493696;0;0;0;0;0;0;0;0;0;0;0;4258;0;0;133;0;202;0;
27157;12929713;1241247744;27721728;1390493696;0;0;0;0;0;0;0;0;0;0;0;4980;0;0;133;0;202;0;
27158;9955066;1241247744;27721728;1390493696;0;0;0;0;0;0;0;0;0;0;0;4789;0;0;133;0;202;0;
27159;14241113;1241247744;27721728;1390493696;0;0;0;0;0;0;0;0;0;0;0;4789;0;0;133;0;202;0;
27160;6483397;1241243648;27717632;1390489600;0;0;0;0;0;0;0;0;0;0;0;5380;0;0;133;0;202;0;
27161;14075943;1241243648;27717632;1390489600;0;0;0;0;0;0;0;0;0;0;0;4528;0;0;133;0;202;0;
27162;9739221;1241243648;27717632;1390489600;0;0;0;0;0;0;0;0;0;0;0;3577;0;0;133;0;202;0;
27163;11822678;1241243648;27717632;1390489600;0;0;0;0;0;0;0;0;0;0;0;4007;0;0;133;0;202;0;
27164;11250695;1241243648;27717632;1390489600;0;0;0;0;0;0;0;0;0;0;0;6072;0;0;133;0;202;0;
27165;12781405;1241243648;27717632;1390489600;0;0;0;0;0;0;0;0;0;0;0;3887;0;0;133;0;202;0;
27166;7653881;1241243648;27717632;1390489600;0;0;0;0;0;0;0;0;0;0;0;5310;0;0;133;0;202;0;
27167;15014963;1241243648;27717632;1390489600;0;0;0;0;0;0;0;0;0;0;0;4940;0;0;133;0;202;0;
27168;9741746;1241243648;27717632;1390489600;0;0;0;0;0;0;0;0;0;0;0;3737;0;0;133;0;202;0;
27169;8106671;1247051776;42532864;1405304832;0;0;0;0;0;0;0;0;0;0;0;4889;0;0;133;0;202;0;
27170;10430598;1247051776;42532864;1405304832;0;0;0;0;0;0;0;0;0;0;0;4187;0;0;133;0;202;0;
27171;7947522;1251246080;42532864;1405304832;0;0;0;0;0;0;0;0;0;0;0;4899;0;0;133;0;202;0;
27172;9603817;1251246080;42532864;1405304832;0;0;0;0;0;0;0;0;0;0;0;3977;0;0;133;0;202;0;
27173;12348794;1255440384;42532864;1405304832;0;0;0;0;0;0;0;0;0;0;0;4969;0;0;133;0;202;0;
27174;10456186;1255440384;42532864;1405304832;0;0;0;0;0;0;0;0;0;0;0;4629;0;0;133;0;202;0;
27175;11764940;1255440384;42532864;1405304832;0;0;0;0;0;0;0;0;0;0;0;4298;0;0;133;0;202;0;
27176;13584511;1241264128;28164096;1390936064;0;0;0;0;0;0;0;0;0;0;0;4038;0;0;133;0;202;0;
27177;11687685;1241264128;28164096;1390936064;0;0;0;0;0;0;0;0;0;0;0;5941;0;0;133;0;202;0;
27178;7657057;1241264128;28164096;1390936064;0;0;0;0;0;0;0;0;0;0;0;3987;0;0;133;0;202;0;
27179;17182278;1241264128;28164096;1390936064;0;0;0;0;0;0;0;0;0;0;0;3857;0;0;133;0;202;0;
27180;12513624;1241264128;28164096;1390936064;0;0;0;0;0;0;0;0;0;0;0;3898;0;0;133;0;202;0;
27181;10049884;1241264128;28164096;1390936064;0;0;0;0;0;0;0;0;0;0;0;4809;0;0;133;0;202;0;
27182;13093180;1241264128;28164096;1390936064;0;0;0;0;0;0;0;0;0;0;0;3958;0;0;133;0;202;0;
27183;10085781;1241264128;28164096;1390936064;0;0;0;0;0;0;0;0;0;0;0;4329;0;0;133;0;202;0;
27184;7018861;1241264128;28164096;1390936064;0;0;0;0;0;0;0;0;0;0;0;4068;0;0;133;0;202;0;
27185;12926838;1241264128;28164096;1390936064;0;0;0;0;0;0;0;0;0;0;0;5580;0;0;133;0;202;0;
27186;6833423;1241264128;28164096;1390936064;0;0;0;0;0;0;0;0;0;0;0;3868;0;0;133;0;202;0;
27187;11583559;1241264128;28164096;1390936064;0;0;0;0;0;0;0;0;0;0;0;4298;0;0;133;0;202;0;
27188;6250159;1241264128;28164096;1390936064;0;0;0;0;0;0;0;0;0;0;0;4017;0;0;133;0;202;0;
27189;11514580;1241264128;28164096;1390936064;0;0;0;0;0;0;0;0;0;0;0;4609;0;0;133;0;202;0;
27190;7231840;1241264128;28164096;1390936064;0;0;0;0;0;0;0;0;0;0;0;4940;0;0;133;0;202;0;
27191;10169538;1241264128;28164096;1390936064;0;0;0;0;0;0;0;0;0;0;0;5039;0;0;133;0;202;0;
27192;11400677;1241264128;28164096;1390936064;0;0;0;0;0;0;0;0;0;0;0;4879;0;0;133;0;202;0;
27193;11653591;1241264128;28164096;1390936064;0;0;0;0;0;0;0;0;0;0;0;7995;0;0;133;0;202;0;
27194;11167089;1241264128;28164096;1390936064;0;0;0;0;0;0;0;0;0;0;0;5671;0;0;133;0;202;0;
27195;9339241;1241264128;28164096;1390936064;0;0;0;0;0;0;0;0;0;0;0;4939;0;0;133;0;202;0;
27196;12409659;1241264128;28164096;1390936064;0;0;0;0;0;0;0;0;0;0;0;4809;0;0;133;0;202;0;
27197;12444174;1241264128;28164096;1390936064;0;0;0;0;0;0;0;0;0;0;0;4499;0;0;133;0;202;0;
27198;8537178;1241264128;28164096;1390936064;0;0;0;0;0;0;0;0;0;0;0;3777;0;0;133;0;202;0;
27199;11506836;1241264128;28164096;1390936064;0;0;0;0;0;0;0;0;0;0;0;4999;0;0;133;0;202;0;
27200;6582813;1241264128;28164096;1390936064;0;0;0;0;0;0;0;0;0;0;0;4097;0;0;133;0;202;0;
27201;8658214;1241264128;28164096;1390936064;0;0;0;0;0;0;0;0;0;0;0;5000;0;0;133;0;202;0;
27202;8795061;1241264128;28164096;1390936064;0;0;0;0;0;0;0;0;0;0;0;4890;0;0;133;0;202;0;
27203;9168532;1241264128;28164096;1390936064;0;0;0;0;0;0;0;0;0;0;0;5149;0;0;133;0;202;0;
27204;9041413;1241264128;28164096;1390936064;0;0;0;0;0;0;0;0;0;0;0;4198;0;0;133;0;202;0;
27205;13620970;1241264128;28164096;1390936064;0;0;0;0;0;0;0;0;0;0;0;4278;0;0;133;0;202;0;
27206;12203542;1241264128;28164096;1390936064;0;0;0;0;0;0;0;0;0;0;0;4659;0;0;133;0;202;0;
27207;8876464;1241264128;28164096;1390936064;0;0;0;0;0;0;0;0;0;0;0;3897;0;0;133;0;202;0;
27208;9604358;1241264128;28164096;1390936064;0;0;0;0;0;0;0;0;0;0;0;3497;0;0;133;0;202;0;
27209;9471990;1241264128;28164096;1390936064;0;0;0;0;0;0;0;0;0;0;0;13766;0;0;133;0;202;0;
27210;13644314;1241264128;28164096;1390936064;0;0;0;0;0;0;0;0;0;0;0;4067;0;0;133;0;202;0;
27211;10592021;1241264128;28164096;1390936064;0;0;0;0;0;0;0;0;0;0;0;4398;0;0;133;0;202;0;
27212;11161368;1241264128;28164096;1390936064;0;0;0;0;0;0;0;0;0;0;0;3787;0;0;133;0;202;0;
27213;11771162;1241264128;28164096;1390936064;0;0;0;0;0;0;0;0;0;0;0;4007;0;0;133;0;202;0;
27214;10337102;1241264128;28164096;1390936064;0;0;0;0;0;0;0;0;0;0;0;3737;0;0;133;0;202;0;
27215;7929608;1241264128;28164096;1390936064;0;0;0;0;0;0;0;0;0;0;0;3968;0;0;133;0;202;0;
27216;10612439;1241264128;28164096;1390936064;0;0;0;0;0;0;0;0;0;0;0;4007;0;0;133;0;202;0;
27217;6610876;1241264128;28164096;1390936064;0;0;0;0;0;0;0;0;0;0;0;3817;0;0;133;0;202;0;
27218;10746741;1241264128;28164096;1390936064;0;0;0;0;0;0;0;0;0;0;0;4398;0;0;133;0;202;0;
27219;10946515;1241264128;28164096;1390936064;0;0;0;0;0;0;0;0;0;0;0;3958;0;0;133;0;202;0;
27220;6012484;1241264128;28164096;1390936064;0;0;0;0;0;0;0;0;0;0;0;4428;0;0;133;0;202;0;
27221;11294969;1241264128;28164096;1390936064;0;0;0;0;0;0;0;0;0;0;0;6041;0;0;133;0;202;0;
27222;5064927;1241264128;28164096;1390936064;0;0;0;0;0;0;0;0;0;0;0;4328;0;0;133;0;202;0;
27223;10320651;1241264128;28164096;1390936064;0;0;0;0;0;0;0;0;0;0;0;4238;0;0;133;0;202;0;
27224;8011342;1241264128;28164096;1390936064;0;0;0;0;0;0;0;0;0;0;0;5661;0;0;133;0;202;0;
27225;9428739;1241264128;28164096;1390936064;0;0;0;0;0;0;0;0;0;0;0;3517;0;0;133;0;202;0;
27226;5839459;1241264128;28164096;1390936064;0;0;0;0;0;0;0;0;0;0;0;4598;0;0;133;0;202;0;
27227;9770770;1241264128;28164096;1390936064;0;0;0;0;0;0;0;0;0;0;0;3737;0;0;133;0;202;0;
27228;9524589;1241264128;28164096;1390936064;0;0;0;0;0;0;0;0;0;0;0;3687;0;0;133;0;202;0;
27229;12310353;1241264128;28164096;1390936064;0;0;0;0;0;0;0;0;0;0;0;3887;0;0;133;0;202;0;
27230;5003882;1241264128;28164096;1390936064;0;0;0;0;0;0;0;0;0;0;0;4529;0;0;133;0;202;0;
27231;8994666;1241264128;28164096;1390936064;0;0;0;0;0;0;0;0;0;0;0;5441;0;0;133;0;202;0;
27232;6458260;1241264128;28164096;1390936064;0;0;0;0;0;0;0;0;0;0;0;4298;0;0;133;0;202;0;
27233;11359830;1241264128;28164096;1390936064;0;0;0;0;0;0;0;0;0;0;0;5620;0;0;133;0;202;0;
27234;6299312;1241264128;28164096;1390936064;0;0;0;0;0;0;0;0;0;0;0;4799;0;0;133;0;202;0;
27235;10117300;1241264128;28164096;1390936064;0;0;0;0;0;0;0;0;0;0;0;4518;0;0;133;0;202;0;
27236;5440181;1241264128;28164096;1390936064;0;0;0;0;0;0;0;0;0;0;0;3767;0;0;133;0;202;0;
27237;9365160;1241264128;28164096;1390936064;0;0;0;0;0;0;0;0;0;0;0;4729;0;0;133;0;202;0;
27238;7767905;1241264128;28164096;1390936064;0;0;0;0;0;0;0;0;0;0;0;4619;0;0;133;0;202;0;
27239;8731121;1241264128;28164096;1390936064;0;0;0;0;0;0;0;0;0;0;0;3998;0;0;133;0;202;0;
27240;6615134;1241264128;28164096;1390936064;0;0;0;0;0;0;0;0;0;0;0;4299;0;0;133;0;202;0;
27241;8895039;1241264128;28164096;1390936064;0;0;0;0;0;0;0;0;0;0;0;2785;0;0;133;0;202;0;
27242;8764243;1241264128;28164096;1390936064;0;0;0;0;0;0;0;0;0;0;0;6051;0;0;133;0;202;0;
27243;12515196;1241264128;28164096;1390936064;0;0;0;0;0;0;0;0;0;0;0;5550;0;0;133;0;202;0;
27244;9537934;1241264128;28164096;1390936064;0;0;0;0;0;0;0;0;0;0;0;4037;0;0;133;0;202;0;
27245;11767875;1241264128;28164096;1390936064;0;0;0;0;0;0;0;0;0;0;0;5501;0;0;133;0;202;0;
27246;14151615;1241264128;28164096;1390936064;0;0;0;0;0;0;0;0;0;0;0;5290;0;0;133;0;202;0;
27247;11284529;1241264128;28164096;1390936064;0;0;0;0;0;0;0;0;0;0;0;4729;0;0;133;0;202;0;
27248;11198968;1241264128;28164096;1390936064;0;0;0;0;0;0;0;0;0;0;0;4840;0;0;133;0;202;0;
27249;13111525;1241264128;28164096;1390936064;0;0;0;0;0;0;0;0;0;0;0;4478;0;0;133;0;202;0;
27250;9850941;1241264128;28172288;1390944256;0;0;0;0;0;0;0;0;0;0;0;4719;0;0;133;0;202;0;
27251;11715677;1241264128;28172288;1390944256;0;0;0;0;0;0;0;0;0;0;0;4959;0;0;133;0;202;0;
27252;11484484;1241264128;28172288;1390944256;0;0;0;0;0;0;0;0;0;0;0;4889;0;0;133;0;202;0;
27253;13236058;1241264128;28172288;1390944256;0;0;0;0;0;0;0;0;0;0;0;4258;0;0;133;0;202;0;
27254;8957446;1241264128;28172288;1390944256;0;0;0;0;0;0;0;0;0;0;0;4067;0;0;133;0;202;0;
27255;10839194;1241264128;28172288;1390944256;0;0;0;0;0;0;0;0;0;0;0;4809;0;0;133;0;202;0;
27256;7623886;1241300992;28164096;1390936064;0;0;0;0;0;0;0;0;0;0;0;3928;0;0;133;0;202;0;
27257;10995156;1241300992;28164096;1390936064;0;0;0;0;0;0;0;0;0;0;0;4849;0;0;133;0;202;0;
27258;11751014;1241300992;28164096;1390936064;0;0;0;0;0;0;0;0;0;0;0;5500;0;0;133;0;202;0;
27259;11644043;1241300992;28164096;1390936064;0;0;0;0;0;0;0;0;0;0;0;5521;0;0;133;0;202;0;
27260;7134959;1241300992;28164096;1390936064;0;0;0;0;0;0;0;0;0;0;0;3697;0;0;133;0;202;0;
27261;11328492;1241300992;28164096;1390936064;0;0;0;0;0;0;0;0;0;0;0;4668;0;0;133;0;202;0;
27262;6693931;1241300992;28164096;1390936064;0;0;0;0;0;0;0;0;0;0;0;5831;0;0;133;0;202;0;
27263;13237060;1241300992;28164096;1390936064;0;0;0;0;0;0;0;0;0;0;0;5600;0;0;133;0;202;0;
27264;9631048;1241300992;28164096;1390936064;0;0;0;0;0;0;0;0;0;0;0;4298;0;0;133;0;202;0;
27265;10344146;1241300992;28164096;1390936064;0;0;0;0;0;0;0;0;0;0;0;3878;0;0;133;0;202;0;
27266;12157215;1241300992;28164096;1390936064;0;0;0;0;0;0;0;0;0;0;0;5580;0;0;133;0;202;0;
27267;9568311;1241300992;28164096;1390936064;0;0;0;0;0;0;0;0;0;0;0;4498;0;0;133;0;202;0;
27268;10658155;1241300992;28164096;1390936064;0;0;0;0;0;0;0;0;0;0;0;4839;0;0;133;0;202;0;
27269;7738801;1241300992;28164096;1390936064;0;0;0;0;0;0;0;0;0;0;0;4649;0;0;133;0;202;0;
27270;10430478;1241300992;28164096;1390936064;0;0;0;0;0;0;0;0;0;0;0;4108;0;0;133;0;202;0;
27271;11114641;1241300992;28164096;1390936064;0;0;0;0;0;0;0;0;0;0;0;3566;0;0;133;0;202;0;
27272;12272893;1241300992;28164096;1390936064;0;0;0;0;0;0;0;0;0;0;0;5079;0;0;133;0;202;0;
27273;9358998;1241300992;28164096;1390936064;0;0;0;0;0;0;0;0;0;0;0;3737;0;0;133;0;202;0;
27274;9557521;1241300992;28164096;1390936064;0;0;0;0;0;0;0;0;0;0;0;4138;0;0;133;0;202;0;
27275;8110698;1241300992;28164096;1390936064;0;0;0;0;0;0;0;0;0;0;0;171382;0;0;133;0;202;0;
27276;12081022;1241300992;28168192;1390940160;0;0;0;0;0;0;0;0;0;0;0;4419;0;0;133;0;202;0;
27277;8443743;1241300992;28168192;1390940160;0;0;0;0;0;0;0;0;0;0;0;4299;0;0;133;0;202;0;
27278;11509431;1241300992;28168192;1390940160;0;0;0;0;0;0;0;0;0;0;0;5039;0;0;133;0;202;0;
27279;10018084;1241300992;28168192;1390940160;0;0;0;0;0;0;0;0;0;0;0;3988;0;0;133;0;202;0;
27280;8842981;1241300992;28168192;1390940160;0;0;0;0;0;0;0;0;0;0;0;3898;0;0;133;0;202;0;
27281;8658185;1241300992;28168192;1390940160;0;0;0;0;0;0;0;0;0;0;0;4178;0;0;133;0;202;0;
27282;10047831;1241300992;28168192;1390940160;0;0;0;0;0;0;0;0;0;0;0;3997;0;0;133;0;202;0;
27283;10407054;1241300992;28168192;1390940160;0;0;0;0;0;0;0;0;0;0;0;4389;0;0;133;0;202;0;
27284;8036208;1241317376;28164096;1390936064;0;0;0;0;0;0;0;0;0;0;0;4268;0;0;133;0;202;0;
27285;11672907;1241317376;28164096;1390936064;0;0;0;0;0;0;0;0;0;0;0;5210;0;0;133;0;202;0;
27286;6117511;1241317376;28164096;1390936064;0;0;0;0;0;0;0;0;0;0;0;3666;0;0;133;0;202;0;
27287;10302839;1241317376;28164096;1390936064;0;0;0;0;0;0;0;0;0;0;0;3707;0;0;133;0;202;0;
27288;9776972;1241317376;28164096;1390936064;0;0;0;0;0;0;0;0;0;0;0;3978;0;0;133;0;202;0;
27289;8096291;1241317376;28164096;1390936064;0;0;0;0;0;0;0;0;0;0;0;3176;0;0;133;0;202;0;
27290;9450721;1241317376;28164096;1390936064;0;0;0;0;0;0;0;0;0;0;0;4969;0;0;133;0;202;0;
27291;10186741;1241317376;28164096;1390936064;0;0;0;0;0;0;0;0;0;0;0;4409;0;0;133;0;202;0;
27292;9986595;1241317376;28164096;1390936064;0;0;0;0;0;0;0;0;0;0;0;5420;0;0;133;0;202;0;
27293;7875997;1241317376;28164096;1390936064;0;0;0;0;0;0;0;0;0;0;0;6112;0;0;133;0;202;0;
27294;10151545;1241317376;28164096;1390936064;0;0;0;0;0;0;0;0;0;0;0;4107;0;0;133;0;202;0;
27295;8586369;1241317376;28164096;1390936064;0;0;0;0;0;0;0;0;0;0;0;4208;0;0;133;0;202;0;
27296;8025208;1241317376;28164096;1390936064;0;0;0;0;0;0;0;0;0;0;0;132238;0;0;133;0;202;0;
27297;10750949;1241317376;28164096;1390936064;0;0;0;0;0;0;0;0;0;0;0;4308;0;0;133;0;202;0;
27298;10971472;1241317376;28168192;1390940160;0;0;0;0;0;0;0;0;0;0;0;4558;0;0;133;0;202;0;
27299;11972759;1241317376;28168192;1390940160;0;0;0;0;0;0;0;0;0;0;0;4117;0;0;133;0;202;0;
27300;11418249;1241317376;28176384;1390948352;0;0;0;0;0;0;0;0;0;0;0;4689;0;0;133;0;202;0;
27301;10904927;1241317376;28176384;1390948352;0;0;0;0;0;0;0;0;0;0;0;4539;0;0;133;0;202;0;
27302;6682580;1241317376;28176384;1390948352;0;0;0;0;0;0;0;0;0;0;0;3286;0;0;133;0;202;0;
27303;10711855;1241317376;28176384;1390948352;0;0;0;0;0;0;0;0;0;0;0;4850;0;0;133;0;202;0;
27304;9987277;1241317376;28176384;1390948352;0;0;0;0;0;0;0;0;0;0;0;4448;0;0;133;0;202;0;
27305;10596750;1241317376;28176384;1390948352;0;0;0;0;0;0;0;0;0;0;0;5390;0;0;133;0;202;0;
27306;8511048;1241333760;28168192;1390940160;0;0;0;0;0;0;0;0;0;0;0;2966;0;0;133;0;202;0;
27307;8180750;1241333760;28168192;1390940160;0;0;0;0;0;0;0;0;0;0;0;2635;0;0;133;0;202;0;
27308;11248932;1241333760;28168192;1390940160;0;0;0;0;0;0;0;0;0;0;0;6312;0;0;133;0;202;0;
27309;11443266;1241333760;28168192;1390940160;0;0;0;0;0;0;0;0;0;0;0;4147;0;0;133;0;202;0;
27310;11024772;1241333760;28168192;1390940160;0;0;0;0;0;0;0;0;0;0;0;4248;0;0;133;0;202;0;
27311;11749330;1241333760;28168192;1390940160;0;0;0;0;0;0;0;0;0;0;0;5010;0;0;133;0;202;0;
27312;7720807;1241333760;28168192;1390940160;0;0;0;0;0;0;0;0;0;0;0;3657;0;0;133;0;202;0;
27313;9958983;1241333760;28168192;1390940160;0;0;0;0;0;0;0;0;0;0;0;4939;0;0;133;0;202;0;
27314;4656251;1241333760;28168192;1390940160;0;0;0;0;0;0;0;0;0;0;0;4659;0;0;133;0;202;0;
27315;8400731;1241333760;28168192;1390940160;0;0;0;0;0;0;0;0;0;0;0;4148;0;0;133;0;202;0;
27316;9645997;1241333760;28168192;1390940160;0;0;0;0;0;0;0;0;0;0;0;3927;0;0;133;0;202;0;
27317;6672561;1241333760;28168192;1390940160;0;0;0;0;0;0;0;0;0;0;0;4148;0;0;133;0;202;0;
27318;8445486;1241333760;28168192;1390940160;0;0;0;0;0;0;0;0;0;0;0;3897;0;0;133;0;202;0;
27319;8064742;1241333760;28168192;1390940160;0;0;0;0;0;0;0;0;0;0;0;3767;0;0;133;0;202;0;
27320;7001298;1241333760;28168192;1390940160;0;0;0;0;0;0;0;0;0;0;0;5089;0;0;133;0;202;0;
27321;9976055;1241333760;28168192;1390940160;0;0;0;0;0;0;0;0;0;0;0;3978;0;0;133;0;202;0;
27322;8458710;1241333760;28168192;1390940160;0;0;0;0;0;0;0;0;0;0;0;13546;0;0;133;0;202;0;
27323;13079314;1241333760;28168192;1390940160;0;0;0;0;0;0;0;0;0;0;0;4359;0;0;133;0;202;0;
27324;8659437;1241333760;28168192;1390940160;0;0;0;0;0;0;0;0;0;0;0;4739;0;0;133;0;202;0;
27325;10086764;1241333760;28168192;1390940160;0;0;0;0;0;0;0;0;0;0;0;5540;0;0;133;0;202;0;
27326;7340194;1241333760;28168192;1390940160;0;0;0;0;0;0;0;0;0;0;0;5440;0;0;133;0;202;0;
27327;11657108;1241333760;28168192;1390940160;0;0;0;0;0;0;0;0;0;0;0;13486;0;0;133;0;202;0;
27328;8141927;1241333760;28172288;1390944256;0;0;0;0;0;0;0;0;0;0;0;4348;0;0;133;0;202;0;
27329;9954245;1241333760;28172288;1390944256;0;0;0;0;0;0;0;0;0;0;0;4097;0;0;133;0;202;0;
27330;9348509;1241333760;28172288;1390944256;0;0;0;0;0;0;0;0;0;0;0;3858;0;0;133;0;202;0;
27331;7825743;1241333760;28172288;1390944256;0;0;0;0;0;0;0;0;0;0;0;3908;0;0;133;0;202;0;
27332;10919574;1241333760;28172288;1390944256;0;0;0;0;0;0;0;0;0;0;0;3086;0;0;133;0;202;0;
27333;9272006;1241333760;28172288;1390944256;0;0;0;0;0;0;0;0;0;0;0;3326;0;0;133;0;202;0;
27334;10204804;1241350144;28168192;1390940160;0;0;0;0;0;0;0;0;0;0;0;3958;0;0;133;0;202;0;
27335;9869566;1241350144;28168192;1390940160;0;0;0;0;0;0;0;0;0;0;0;5250;0;0;133;0;202;0;
27336;9962521;1241350144;28164096;1390936064;0;0;0;0;0;0;0;0;0;0;0;3927;0;0;133;0;202;0;
27337;12283101;1241350144;28164096;1390936064;0;0;0;0;0;0;0;0;0;0;0;4439;0;0;133;0;202;0;
27338;8161453;1241350144;28164096;1390936064;0;0;0;0;0;0;0;0;0;0;0;3667;0;0;133;0;202;0;
27339;8444103;1241350144;28164096;1390936064;0;0;0;0;0;0;0;0;0;0;0;4899;0;0;133;0;202;0;
27340;7925090;1241350144;28164096;1390936064;0;0;0;0;0;0;0;0;0;0;0;4498;0;0;133;0;202;0;
27341;10423675;1241350144;28164096;1390936064;0;0;0;0;0;0;0;0;0;0;0;3507;0;0;133;0;202;0;
27342;8965902;1241350144;28164096;1390936064;0;0;0;0;0;0;0;0;0;0;0;5841;0;0;133;0;202;0;
27343;9530490;1241350144;28164096;1390936064;0;0;0;0;0;0;0;0;0;0;0;3928;0;0;133;0;202;0;
27344;9790859;1241350144;28164096;1390936064;0;0;0;0;0;0;0;0;0;0;0;4388;0;0;133;0;202;0;
27345;10712887;1241350144;28164096;1390936064;0;0;0;0;0;0;0;0;0;0;0;5801;0;0;133;0;202;0;
27346;8531046;1241350144;28164096;1390936064;0;0;0;0;0;0;0;0;0;0;0;3196;0;0;133;0;202;0;
27347;11816075;1241350144;28164096;1390936064;0;0;0;0;0;0;0;0;0;0;0;4518;0;0;133;0;202;0;
27348;6780744;1241350144;28164096;1390936064;0;0;0;0;0;0;0;0;0;0;0;4128;0;0;133;0;202;0;
27349;7165766;1241350144;28164096;1390936064;0;0;0;0;0;0;0;0;0;0;0;4489;0;0;133;0;202;0;
27350;11152873;1241350144;28164096;1390936064;0;0;0;0;0;0;0;0;0;0;0;4619;0;0;133;0;202;0;
27351;10436990;1241350144;28164096;1390936064;0;0;0;0;0;0;0;0;0;0;0;5370;0;0;133;0;202;0;
27352;13004194;1241350144;28164096;1390936064;0;0;0;0;0;0;0;0;0;0;0;3888;0;0;133;0;202;0;
27353;12336131;1241350144;28164096;1390936064;0;0;0;0;0;0;0;0;0;0;0;4708;0;0;133;0;202;0;
27354;8401093;1241350144;28164096;1390936064;0;0;0;0;0;0;0;0;0;0;0;4949;0;0;133;0;202;0;
27355;11559756;1241350144;28164096;1390936064;0;0;0;0;0;0;0;0;0;0;0;4228;0;0;133;0;202;0;
27356;12061155;1241350144;28164096;1390936064;0;0;0;0;0;0;0;0;0;0;0;3848;0;0;133;0;202;0;
27357;8108574;1241350144;28164096;1390936064;0;0;0;0;0;0;0;0;0;0;0;4178;0;0;133;0;202;0;
27358;7708073;1241350144;28164096;1390936064;0;0;0;0;0;0;0;0;0;0;0;3687;0;0;133;0;202;0;
27359;8351700;1241350144;28164096;1390936064;0;0;0;0;0;0;0;0;0;0;0;5250;0;0;133;0;202;0;
27360;7846131;1241350144;28164096;1390936064;0;0;0;0;0;0;0;0;0;0;0;6091;0;0;133;0;202;0;
27361;8150473;1241350144;28164096;1390936064;0;0;0;0;0;0;0;0;0;0;0;5831;0;0;133;0;202;0;
27362;7181226;1241350144;28164096;1390936064;0;0;0;0;0;0;0;0;0;0;0;4919;0;0;133;0;202;0;
27363;11175294;1241350144;28164096;1390936064;0;0;0;0;0;0;0;0;0;0;0;3927;0;0;133;0;202;0;
27364;8665228;1241350144;28164096;1390936064;0;0;0;0;0;0;0;0;0;0;0;5070;0;0;133;0;202;0;
27365;10161774;1241350144;28164096;1390936064;0;0;0;0;0;0;0;0;0;0;0;4629;0;0;133;0;202;0;
27366;7233694;1241350144;28164096;1390936064;0;0;0;0;0;0;0;0;0;0;0;3978;0;0;133;0;202;0;
27367;9484103;1241350144;28164096;1390936064;0;0;0;0;0;0;0;0;0;0;0;3777;0;0;133;0;202;0;
27368;8685135;1241350144;28164096;1390936064;0;0;0;0;0;0;0;0;0;0;0;3857;0;0;133;0;202;0;
27369;9965887;1241350144;28164096;1390936064;0;0;0;0;0;0;0;0;0;0;0;4398;0;0;133;0;202;0;
27370;6440567;1241350144;28164096;1390936064;0;0;0;0;0;0;0;0;0;0;0;4498;0;0;133;0;202;0;
27371;9258400;1241350144;28164096;1390936064;0;0;0;0;0;0;0;0;0;0;0;5420;0;0;133;0;202;0;
27372;6657012;1241350144;28164096;1390936064;0;0;0;0;0;0;0;0;0;0;0;3817;0;0;133;0;202;0;
27373;7772173;1241350144;28164096;1390936064;0;0;0;0;0;0;0;0;0;0;0;4088;0;0;133;0;202;0;
27374;7373787;1241350144;28164096;1390936064;0;0;0;0;0;0;0;0;0;0;0;4619;0;0;133;0;202;0;
27375;9224016;1241350144;28164096;1390936064;0;0;0;0;0;0;0;0;0;0;0;4839;0;0;133;0;202;0;
27376;7663360;1241350144;28164096;1390936064;0;0;0;0;0;0;0;0;0;0;0;4759;0;0;133;0;202;0;
27377;10012815;1241350144;28164096;1390936064;0;0;0;0;0;0;0;0;0;0;0;4819;0;0;133;0;202;0;
27378;7337629;1241350144;28164096;1390936064;0;0;0;0;0;0;0;0;0;0;0;4809;0;0;133;0;202;0;
27379;8593704;1241350144;28164096;1390936064;0;0;0;0;0;0;0;0;0;0;0;4869;0;0;133;0;202;0;
27380;6088006;1241350144;28164096;1390936064;0;0;0;0;0;0;0;0;0;0;0;4408;0;0;133;0;202;0;
27381;8412393;1241350144;28164096;1390936064;0;0;0;0;0;0;0;0;0;0;0;4839;0;0;133;0;202;0;
27382;6487784;1241350144;28164096;1390936064;0;0;0;0;0;0;0;0;0;0;0;4208;0;0;133;0;202;0;
27383;7241919;1241350144;28164096;1390936064;0;0;0;0;0;0;0;0;0;0;0;4619;0;0;133;0;202;0;
27384;9087810;1241350144;28164096;1390936064;0;0;0;0;0;0;0;0;0;0;0;5090;0;0;133;0;202;0;
27385;7152571;1241350144;28164096;1390936064;0;0;0;0;0;0;0;0;0;0;0;4819;0;0;133;0;202;0;
27386;9727519;1241350144;28164096;1390936064;0;0;0;0;0;0;0;0;0;0;0;4418;0;0;133;0;202;0;
27387;9388204;1241350144;28164096;1390936064;0;0;0;0;0;0;0;0;0;0;0;4588;0;0;133;0;202;0;
27388;7363818;1241350144;28164096;1390936064;0;0;0;0;0;0;0;0;0;0;0;5401;0;0;133;0;202;0;
27389;7773656;1241350144;28164096;1390936064;0;0;0;0;0;0;0;0;0;0;0;3907;0;0;133;0;202;0;
27390;6317636;1241350144;28164096;1390936064;0;0;0;0;0;0;0;0;0;0;0;4418;0;0;133;0;202;0;
27391;8812734;1241350144;28164096;1390936064;0;0;0;0;0;0;0;0;0;0;0;3687;0;0;133;0;202;0;
27392;7300860;1241350144;28164096;1390936064;0;0;0;0;0;0;0;0;0;0;0;4588;0;0;133;0;202;0;
27393;9866921;1241350144;28164096;1390936064;0;0;0;0;0;0;0;0;0;0;0;3877;0;0;133;0;202;0;
27394;7589301;1241350144;28164096;1390936064;0;0;0;0;0;0;0;0;0;0;0;3507;0;0;133;0;202;0;
27395;9483011;1241350144;28164096;1390936064;0;0;0;0;0;0;0;0;0;0;0;4459;0;0;133;0;202;0;
27396;5503539;1241350144;28164096;1390936064;0;0;0;0;0;0;0;0;0;0;0;3797;0;0;133;0;202;0;
27397;12165521;1241350144;28164096;1390936064;0;0;0;0;0;0;0;0;0;0;0;6653;0;0;133;0;202;0;
27398;10196279;1241350144;28164096;1390936064;0;0;0;0;0;0;0;0;0;0;0;5160;0;0;133;0;202;0;
27399;6963787;1241350144;28164096;1390936064;0;0;0;0;0;0;0;0;0;0;0;4749;0;0;133;0;202;0;
27400;8203773;1241350144;28164096;1390936064;0;0;0;0;0;0;0;0;0;0;0;4829;0;0;133;0;202;0;
27401;7206262;1241350144;28164096;1390936064;0;0;0;0;0;0;0;0;0;0;0;4057;0;0;133;0;202;0;
27402;6366869;1241350144;28164096;1390936064;0;0;0;0;0;0;0;0;0;0;0;4569;0;0;133;0;202;0;
27403;8745298;1241350144;28164096;1390936064;0;0;0;0;0;0;0;0;0;0;0;5350;0;0;133;0;202;0;
27404;9920371;1241350144;28164096;1390936064;0;0;0;0;0;0;0;0;0;0;0;4799;0;0;133;0;202;0;
27405;8659527;1241350144;28164096;1390936064;0;0;0;0;0;0;0;0;0;0;0;4338;0;0;133;0;202;0;
27406;6991540;1241350144;28164096;1390936064;0;0;0;0;0;0;0;0;0;0;0;4288;0;0;133;0;202;0;
27407;9183560;1241350144;28164096;1390936064;0;0;0;0;0;0;0;0;0;0;0;5140;0;0;133;0;202;0;
27408;5909732;1241350144;28164096;1390936064;0;0;0;0;0;0;0;0;0;0;0;4398;0;0;133;0;202;0;
27409;8590908;1241350144;28164096;1390936064;0;0;0;0;0;0;0;0;0;0;0;4669;0;0;133;0;202;0;
27410;7708885;1241350144;28164096;1390936064;0;0;0;0;0;0;0;0;0;0;0;5300;0;0;133;0;202;0;
27411;8917000;1241350144;28164096;1390936064;0;0;0;0;0;0;0;0;0;0;0;4258;0;0;133;0;202;0;
27412;7610720;1241350144;28172288;1390944256;0;0;0;0;0;0;0;0;0;0;0;4378;0;0;133;0;202;0;
27413;9410185;1241350144;28172288;1390944256;0;0;0;0;0;0;0;0;0;0;0;4979;0;0;133;0;202;0;
27414;8194335;1241350144;28172288;1390944256;0;0;0;0;0;0;0;0;0;0;0;4117;0;0;133;0;202;0;
27415;8963037;1241350144;28172288;1390944256;0;0;0;0;0;0;0;0;0;0;0;4067;0;0;133;0;202;0;
27416;7928126;1241350144;28172288;1390944256;0;0;0;0;0;0;0;0;0;0;0;3286;0;0;133;0;202;0;
27417;13466651;1241350144;28172288;1390944256;0;0;0;0;0;0;0;0;0;0;0;5931;0;0;133;0;202;0;
27418;12748063;1241403392;28164096;1390936064;0;0;0;0;0;0;0;0;0;0;0;3346;0;0;133;0;202;0;
27419;7161719;1241403392;28164096;1390936064;0;0;0;0;0;0;0;0;0;0;0;2976;0;0;133;0;202;0;
27420;9565887;1241403392;28164096;1390936064;0;0;0;0;0;0;0;0;0;0;0;3857;0;0;133;0;202;0;
27421;10752312;1241403392;28164096;1390936064;0;0;0;0;0;0;0;0;0;0;0;4339;0;0;133;0;202;0;
27422;7201583;1241403392;28164096;1390936064;0;0;0;0;0;0;0;0;0;0;0;4147;0;0;133;0;202;0;
27423;7476959;1241403392;28164096;1390936064;0;0;0;0;0;0;0;0;0;0;0;5280;0;0;133;0;202;0;
27424;7835251;1241403392;28164096;1390936064;0;0;0;0;0;0;0;0;0;0;0;3957;0;0;133;0;202;0;
27425;10137879;1241403392;28164096;1390936064;0;0;0;0;0;0;0;0;0;0;0;4989;0;0;133;0;202;0;
27426;8531928;1241403392;28164096;1390936064;0;0;0;0;0;0;0;0;0;0;0;3807;0;0;133;0;202;0;
27427;8840627;1241403392;28164096;1390936064;0;0;0;0;0;0;0;0;0;0;0;4709;0;0;133;0;202;0;
27428;9023960;1241403392;28164096;1390936064;0;0;0;0;0;0;0;0;0;0;0;4799;0;0;133;0;202;0;
27429;8613581;1241403392;28164096;1390936064;0;0;0;0;0;0;0;0;0;0;0;5430;0;0;133;0;202;0;
27430;10702728;1241403392;28164096;1390936064;0;0;0;0;0;0;0;0;0;0;0;3447;0;0;133;0;202;0;
27431;7486177;1241403392;28164096;1390936064;0;0;0;0;0;0;0;0;0;0;0;5079;0;0;133;0;202;0;
27432;8923682;1241403392;28164096;1390936064;0;0;0;0;0;0;0;0;0;0;0;4428;0;0;133;0;202;0;
27433;10308509;1241403392;28164096;1390936064;0;0;0;0;0;0;0;0;0;0;0;5761;0;0;133;0;202;0;
27434;9734633;1241403392;28164096;1390936064;0;0;0;0;0;0;0;0;0;0;0;5019;0;0;133;0;202;0;
27435;8494948;1241403392;28164096;1390936064;0;0;0;0;0;0;0;0;0;0;0;3757;0;0;133;0;202;0;
27436;9699507;1241403392;28164096;1390936064;0;0;0;0;0;0;0;0;0;0;0;4328;0;0;133;0;202;0;
27437;9981085;1241403392;28164096;1390936064;0;0;0;0;0;0;0;0;0;0;0;4439;0;0;133;0;202;0;
27438;11312111;1241403392;28164096;1390936064;0;0;0;0;0;0;0;0;0;0;0;32020;0;0;133;0;202;0;
27439;9702232;1241403392;28164096;1390936064;0;0;0;0;0;0;0;0;0;0;0;4358;0;0;133;0;202;0;
27440;8643317;1241403392;28168192;1390940160;0;0;0;0;0;0;0;0;0;0;0;5440;0;0;133;0;202;0;
27441;11498290;1241403392;28168192;1390940160;0;0;0;0;0;0;0;0;0;0;0;4388;0;0;133;0;202;0;
27442;8359304;1241403392;28168192;1390940160;0;0;0;0;0;0;0;0;0;0;0;6843;0;0;133;0;202;0;
27443;11835252;1241403392;28168192;1390940160;0;0;0;0;0;0;0;0;0;0;0;5250;0;0;133;0;202;0;
27444;8204293;1241403392;28168192;1390940160;0;0;0;0;0;0;0;0;0;0;0;4298;0;0;133;0;202;0;
27445;8670247;1241403392;28168192;1390940160;0;0;0;0;0;0;0;0;0;0;0;4619;0;0;133;0;202;0;
27446;8615955;1241403392;28168192;1390940160;0;0;0;0;0;0;0;0;0;0;0;4679;0;0;133;0;202;0;
27447;10182843;1241403392;28168192;1390940160;0;0;0;0;0;0;0;0;0;0;0;4528;0;0;133;0;202;0;
27448;10307437;1241403392;28168192;1390940160;0;0;0;0;0;0;0;0;0;0;0;3506;0;0;133;0;202;0;
27449;11394856;1241403392;28168192;1390940160;0;0;0;0;0;0;0;0;0;0;0;4268;0;0;133;0;202;0;
27450;7281443;1241403392;28168192;1390940160;0;0;0;0;0;0;0;0;0;0;0;32811;0;0;133;0;202;0;
27451;9426194;1241403392;28168192;1390940160;0;0;0;0;0;0;0;0;0;0;0;4819;0;0;133;0;202;0;
27452;4806312;1241403392;28168192;1390940160;0;0;0;0;0;0;0;0;0;0;0;4098;0;0;133;0;202;0;
27453;9787262;1241403392;28168192;1390940160;0;0;0;0;0;0;0;0;0;0;0;4248;0;0;133;0;202;0;
27454;6540564;1241403392;28168192;1390940160;0;0;0;0;0;0;0;0;0;0;0;5039;0;0;133;0;202;0;
27455;9569553;1241403392;28168192;1390940160;0;0;0;0;0;0;0;0;0;0;0;5520;0;0;133;0;202;0;
27456;6817012;1241403392;28168192;1390940160;0;0;0;0;0;0;0;0;0;0;0;4919;0;0;133;0;202;0;
27457;7260945;1241403392;28168192;1390940160;0;0;0;0;0;0;0;0;0;0;0;4459;0;0;133;0;202;0;
27458;5489232;1241403392;28168192;1390940160;0;0;0;0;0;0;0;0;0;0;0;4659;0;0;133;0;202;0;
27459;8965261;1241403392;28168192;1390940160;0;0;0;0;0;0;0;0;0;0;0;4278;0;0;133;0;202;0;
27460;5423990;1241403392;28168192;1390940160;0;0;0;0;0;0;0;0;0;0;0;4738;0;0;133;0;202;0;
27461;7271164;1241403392;28168192;1390940160;0;0;0;0;0;0;0;0;0;0;0;5019;0;0;133;0;202;0;
27462;6298019;1241403392;28168192;1390940160;0;0;0;0;0;0;0;0;0;0;0;4779;0;0;133;0;202;0;
27463;6854112;1241403392;28168192;1390940160;0;0;0;0;0;0;0;0;0;0;0;5040;0;0;133;0;202;0;
27464;3951650;1241403392;28168192;1390940160;0;0;0;0;0;0;0;0;0;0;0;6242;0;0;133;0;202;0;
27465;6201678;1241403392;28168192;1390940160;0;0;0;0;0;0;0;0;0;0;0;4298;0;0;133;0;202;0;
27466;6506590;1241403392;28168192;1390940160;0;0;0;0;0;0;0;0;0;0;0;5030;0;0;133;0;202;0;
27467;7636679;1241403392;28168192;1390940160;0;0;0;0;0;0;0;0;0;0;0;4068;0;0;133;0;202;0;
27468;6408476;1241403392;28168192;1390940160;0;0;0;0;0;0;0;0;0;0;0;5751;0;0;133;0;202;0;
27469;6972263;1241403392;28168192;1390940160;0;0;0;0;0;0;0;0;0;0;0;4338;0;0;133;0;202;0;
27470;6271359;1241403392;28176384;1390948352;0;0;0;0;0;0;0;0;0;0;0;5851;0;0;133;0;202;0;
27471;7007109;1241403392;28176384;1390948352;0;0;0;0;0;0;0;0;0;0;0;3126;0;0;133;0;202;0;
27472;8399088;1241403392;28176384;1390948352;0;0;0;0;0;0;0;0;0;0;0;5420;0;0;133;0;202;0;
27473;8115727;1241403392;28176384;1390948352;0;0;0;0;0;0;0;0;0;0;0;4107;0;0;133;0;202;0;
27474;8753994;1241403392;28176384;1390948352;0;0;0;0;0;0;0;0;0;0;0;4659;0;0;133;0;202;0;
27475;7418861;1241403392;28176384;1390948352;0;0;0;0;0;0;0;0;0;0;0;3918;0;0;133;0;202;0;
27476;8345418;1241452544;28168192;1390940160;0;0;0;0;0;0;0;0;0;0;0;4138;0;0;133;0;202;0;
27477;5920241;1241452544;28168192;1390940160;0;0;0;0;0;0;0;0;0;0;0;3777;0;0;133;0;202;0;
27478;8509897;1241452544;28168192;1390940160;0;0;0;0;0;0;0;0;0;0;0;3286;0;0;133;0;202;0;
27479;8184165;1241452544;28168192;1390940160;0;0;0;0;0;0;0;0;0;0;0;3867;0;0;133;0;202;0;
27480;5525361;1241452544;28168192;1390940160;0;0;0;0;0;0;0;0;0;0;0;5370;0;0;133;0;202;0;
27481;7922866;1241452544;28168192;1390940160;0;0;0;0;0;0;0;0;0;0;0;4138;0;0;133;0;202;0;
27482;6796203;1241452544;28168192;1390940160;0;0;0;0;0;0;0;0;0;0;0;3927;0;0;133;0;202;0;
27483;6603792;1241452544;28168192;1390940160;0;0;0;0;0;0;0;0;0;0;0;5159;0;0;133;0;202;0;
27484;7207645;1241452544;28168192;1390940160;0;0;0;0;0;0;0;0;0;0;0;4338;0;0;133;0;202;0;
27485;6513694;1241452544;28168192;1390940160;0;0;0;0;0;0;0;0;0;0;0;5400;0;0;133;0;202;0;
27486;7134528;1241452544;28168192;1390940160;0;0;0;0;0;0;0;0;0;0;0;4328;0;0;133;0;202;0;
27487;6492544;1241452544;28168192;1390940160;0;0;0;0;0;0;0;0;0;0;0;3828;0;0;133;0;202;0;
27488;7077701;1241452544;28168192;1390940160;0;0;0;0;0;0;0;0;0;0;0;5039;0;0;133;0;202;0;
27489;8010419;1241452544;28168192;1390940160;0;0;0;0;0;0;0;0;0;0;0;3797;0;0;133;0;202;0;
27490;6262743;1241452544;28168192;1390940160;0;0;0;0;0;0;0;0;0;0;0;3636;0;0;133;0;202;0;
27491;8013906;1241452544;28168192;1390940160;0;0;0;0;0;0;0;0;0;0;0;4429;0;0;133;0;202;0;
27492;6969608;1241452544;28168192;1390940160;0;0;0;0;0;0;0;0;0;0;0;4699;0;0;133;0;202;0;
27493;6883697;1241452544;28168192;1390940160;0;0;0;0;0;0;0;0;0;0;0;5660;0;0;133;0;202;0;
27494;6343124;1241452544;28168192;1390940160;0;0;0;0;0;0;0;0;0;0;0;5180;0;0;133;0;202;0;
27495;6412003;1241452544;28168192;1390940160;0;0;0;0;0;0;0;0;0;0;0;6242;0;0;133;0;202;0;
27496;6072095;1241452544;28168192;1390940160;0;0;0;0;0;0;0;0;0;0;0;4047;0;0;133;0;202;0;
27497;7668730;1241452544;28168192;1390940160;0;0;0;0;0;0;0;0;0;0;0;4238;0;0;133;0;202;0;
27498;8261651;1241452544;28168192;1390940160;0;0;0;0;0;0;0;0;0;0;0;4749;0;0;133;0;202;0;
27499;9249944;1241452544;28168192;1390940160;0;0;0;0;0;0;0;0;0;0;0;6272;0;0;133;0;202;0;
27500;8197230;1241452544;28168192;1390940160;0;0;0;0;0;0;0;0;0;0;0;4708;0;0;133;0;202;0;
27501;7756424;1241452544;28168192;1390940160;0;0;0;0;0;0;0;0;0;0;0;4478;0;0;133;0;202;0;
27502;5625678;1241452544;28168192;1390940160;0;0;0;0;0;0;0;0;0;0;0;5260;0;0;133;0;202;0;
27503;6838443;1241452544;28168192;1390940160;0;0;0;0;0;0;0;0;0;0;0;6713;0;0;133;0;202;0;
27504;4675958;1241452544;28168192;1390940160;0;0;0;0;0;0;0;0;0;0;0;5561;0;0;133;0;202;0;
27505;7588599;1241452544;28168192;1390940160;0;0;0;0;0;0;0;0;0;0;0;7043;0;0;133;0;202;0;
27506;7176346;1241452544;28168192;1390940160;0;0;0;0;0;0;0;0;0;0;0;4979;0;0;133;0;202;0;
27507;7276594;1241452544;28168192;1390940160;0;0;0;0;0;0;0;0;0;0;0;4018;0;0;133;0;202;0;
27508;6623148;1241452544;28168192;1390940160;0;0;0;0;0;0;0;0;0;0;0;4318;0;0;133;0;202;0;
27509;5626189;1241452544;28168192;1390940160;0;0;0;0;0;0;0;0;0;0;0;4950;0;0;133;0;202;0;
27510;8483547;1241452544;28168192;1390940160;0;0;0;0;0;0;0;0;0;0;0;4348;0;0;133;0;202;0;
27511;7364990;1241452544;28168192;1390940160;0;0;0;0;0;0;0;0;0;0;0;4348;0;0;133;0;202;0;
27512;8196519;1241452544;28168192;1390940160;0;0;0;0;0;0;0;0;0;0;0;4038;0;0;133;0;202;0;
27513;7951299;1241452544;28168192;1390940160;0;0;0;0;0;0;0;0;0;0;0;4458;0;0;133;0;202;0;
27514;6003106;1241452544;28168192;1390940160;0;0;0;0;0;0;0;0;0;0;0;3907;0;0;133;0;202;0;
27515;8291096;1241452544;28168192;1390940160;0;0;0;0;0;0;0;0;0;0;0;4749;0;0;133;0;202;0;
27516;4762650;1241452544;28168192;1390940160;0;0;0;0;0;0;0;0;0;0;0;3997;0;0;133;0;202;0;
27517;7173100;1241452544;28168192;1390940160;0;0;0;0;0;0;0;0;0;0;0;5891;0;0;133;0;202;0;
27518;5832837;1241452544;28168192;1390940160;0;0;0;0;0;0;0;0;0;0;0;3978;0;0;133;0;202;0;
27519;9384206;1241452544;28168192;1390940160;0;0;0;0;0;0;0;0;0;0;0;4899;0;0;133;0;202;0;
27520;6404860;1241452544;28168192;1390940160;0;0;0;0;0;0;0;0;0;0;0;5180;0;0;133;0;202;0;
27521;7781391;1241452544;28168192;1390940160;0;0;0;0;0;0;0;0;0;0;0;4278;0;0;133;0;202;0;
27522;8451867;1241452544;28168192;1390940160;0;0;0;0;0;0;0;0;0;0;0;4849;0;0;133;0;202;0;
27523;5975304;1241452544;28168192;1390940160;0;0;0;0;0;0;0;0;0;0;0;4679;0;0;133;0;202;0;
27524;7638613;1241452544;28168192;1390940160;0;0;0;0;0;0;0;0;0;0;0;5480;0;0;133;0;202;0;
27525;7022658;1241452544;28168192;1390940160;0;0;0;0;0;0;0;0;0;0;0;5180;0;0;133;0;202;0;
27526;5765500;1241452544;28168192;1390940160;0;0;0;0;0;0;0;0;0;0;0;3977;0;0;133;0;202;0;
27527;7362295;1241452544;28168192;1390940160;0;0;0;0;0;0;0;0;0;0;0;4739;0;0;133;0;202;0;
27528;6927129;1241452544;28168192;1390940160;0;0;0;0;0;0;0;0;0;0;0;6051;0;0;133;0;202;0;
27529;7725275;1241452544;28168192;1390940160;0;0;0;0;0;0;0;0;0;0;0;4328;0;0;133;0;202;0;
27530;5890365;1241452544;28168192;1390940160;0;0;0;0;0;0;0;0;0;0;0;4789;0;0;133;0;202;0;
27531;6611157;1241452544;28168192;1390940160;0;0;0;0;0;0;0;0;0;0;0;4589;0;0;133;0;202;0;
27532;6357280;1241452544;28168192;1390940160;0;0;0;0;0;0;0;0;0;0;0;4748;0;0;133;0;202;0;
27533;7294327;1241452544;28168192;1390940160;0;0;0;0;0;0;0;0;0;0;0;4128;0;0;133;0;202;0;
27534;7575334;1241452544;28168192;1390940160;0;0;0;0;0;0;0;0;0;0;0;4519;0;0;133;0;202;0;
27535;6952596;1241452544;28168192;1390940160;0;0;0;0;0;0;0;0;0;0;0;5350;0;0;133;0;202;0;
27536;7901365;1241452544;28168192;1390940160;0;0;0;0;0;0;0;0;0;0;0;5791;0;0;133;0;202;0;
27537;9159465;1241452544;28168192;1390940160;0;0;0;0;0;0;0;0;0;0;0;4809;0;0;133;0;202;0;
27538;6475542;1241452544;28168192;1390940160;0;0;0;0;0;0;0;0;0;0;0;5450;0;0;133;0;202;0;
27539;7880496;1241452544;28168192;1390940160;0;0;0;0;0;0;0;0;0;0;0;4668;0;0;133;0;202;0;
27540;8612890;1241452544;28176384;1390948352;0;0;0;0;0;0;0;0;0;0;0;4599;0;0;133;0;202;0;
27541;8339668;1241452544;28176384;1390948352;0;0;0;0;0;0;0;0;0;0;0;5350;0;0;133;0;202;0;
27542;6083176;1241452544;28176384;1390948352;0;0;0;0;0;0;0;0;0;0;0;4058;0;0;133;0;202;0;
27543;6473308;1241452544;28176384;1390948352;0;0;0;0;0;0;0;0;0;0;0;4779;0;0;133;0;202;0;
27544;7429250;1241452544;28176384;1390948352;0;0;0;0;0;0;0;0;0;0;0;3847;0;0;133;0;202;0;
27545;11647299;1241452544;28176384;1390948352;0;0;0;0;0;0;0;0;0;0;0;4278;0;0;133;0;202;0;
27546;7135009;1241501696;28168192;1390940160;0;0;0;0;0;0;0;0;0;0;0;4408;0;0;133;0;202;0;
27547;12231926;1241501696;28168192;1390940160;0;0;0;0;0;0;0;0;0;0;0;3146;0;0;133;0;202;0;
27548;10079189;1241501696;28168192;1390940160;0;0;0;0;0;0;0;0;0;0;0;3938;0;0;133;0;202;0;
27549;6998973;1241501696;28168192;1390940160;0;0;0;0;0;0;0;0;0;0;0;4408;0;0;133;0;202;0;
27550;7994791;1241501696;28168192;1390940160;0;0;0;0;0;0;0;0;0;0;0;6862;0;0;133;0;202;0;
27551;8724769;1241501696;28168192;1390940160;0;0;0;0;0;0;0;0;0;0;0;4950;0;0;133;0;202;0;
27552;8210776;1241501696;28168192;1390940160;0;0;0;0;0;0;0;0;0;0;0;5701;0;0;133;0;202;0;
27553;7648942;1241501696;28168192;1390940160;0;0;0;0;0;0;0;0;0;0;0;102192;0;0;133;0;202;0;
27554;7202625;1241501696;28172288;1390944256;0;0;0;0;0;0;0;0;0;0;0;3496;0;0;133;0;202;0;
27555;8123021;1241501696;28172288;1390944256;0;0;0;0;0;0;0;0;0;0;0;4980;0;0;133;0;202;0;
27556;6247174;1241501696;28172288;1390944256;0;0;0;0;0;0;0;0;0;0;0;4879;0;0;133;0;202;0;
27557;9787202;1241501696;28172288;1390944256;0;0;0;0;0;0;0;0;0;0;0;3777;0;0;133;0;202;0;
27558;6225153;1241501696;28172288;1390944256;0;0;0;0;0;0;0;0;0;0;0;6202;0;0;133;0;202;0;
27559;9210070;1241501696;28172288;1390944256;0;0;0;0;0;0;0;0;0;0;0;4027;0;0;133;0;202;0;
27560;6658946;1241509888;28168192;1390940160;0;0;0;0;0;0;0;0;0;0;0;6001;0;0;133;0;202;0;
27561;9368016;1241509888;28168192;1390940160;0;0;0;0;0;0;0;0;0;0;0;4599;0;0;133;0;202;0;
27562;6950262;1241505792;28164096;1390936064;0;0;0;0;0;0;0;0;0;0;0;6703;0;0;133;0;202;0;
27563;122288186;591265792;28164096;552075264;0;0;0;0;0;0;0;0;0;0;0;3947;0;0;0;0;0;0;
27564;3468644;591265792;28164096;552075264;0;0;0;0;0;0;0;0;0;0;0;4248;0;0;0;0;0;0;
27565;5646116;591265792;28164096;552075264;0;0;0;0;0;0;0;0;0;0;0;4989;0;0;0;0;0;0;
27566;3568611;591265792;28164096;552075264;0;0;0;0;0;0;0;0;0;0;0;4779;0;0;0;0;0;0;
27567;5804905;591265792;28164096;552075264;0;0;0;0;0;0;0;0;0;0;0;11732;0;0;0;0;0;0;
27568;4131046;591261696;28160000;552071168;0;0;0;0;0;0;0;0;0;0;0;5951;0;0;0;0;0;0;
27569;5486758;591261696;28160000;552071168;0;0;0;0;0;0;0;0;0;0;0;3396;0;0;0;0;0;0;
27570;3903510;591261696;28160000;552071168;0;0;0;0;0;0;0;0;0;0;0;3457;0;0;0;0;0;0;
27571;5159835;591261696;28160000;552071168;0;0;0;0;0;0;0;0;0;0;0;3837;0;0;0;0;0;0;
27572;4249638;591261696;28160000;552071168;0;0;0;0;0;0;0;0;0;0;0;3687;0;0;0;0;0;0;
27573;4982843;591261696;28160000;552071168;0;0;0;0;0;0;0;0;0;0;0;4308;0;0;0;0;0;0;
27574;3582016;591261696;28160000;552071168;0;0;0;0;0;0;0;0;0;0;0;5060;0;0;0;0;0;0;
27575;5113558;591261696;28160000;552071168;0;0;0;0;0;0;0;0;0;0;0;3717;0;0;0;0;0;0;
27576;4525325;591261696;28160000;552071168;0;0;0;0;0;0;0;0;0;0;0;4087;0;0;0;0;0;0;
27577;5862142;591261696;28160000;552071168;0;0;0;0;0;0;0;0;0;0;0;4538;0;0;0;0;0;0;
27578;4050054;591261696;28160000;552071168;0;0;0;0;0;0;0;0;0;0;0;3607;0;0;0;0;0;0;
27579;5303595;591261696;28160000;552071168;0;0;0;0;0;0;0;0;0;0;0;4439;0;0;0;0;0;0;
27580;4409027;591261696;28160000;552071168;0;0;0;0;0;0;0;0;0;0;0;4759;0;0;0;0;0;0;
27581;5195131;591261696;28160000;552071168;0;0;0;0;0;0;0;0;0;0;0;4748;0;0;0;0;0;0;
27582;4965039;591261696;28160000;552071168;0;0;0;0;0;0;0;0;0;0;0;3937;0;0;0;0;0;0;
27583;4971281;591261696;28160000;552071168;0;0;0;0;0;0;0;0;0;0;0;3266;0;0;0;0;0;0;
27584;4779041;591261696;28160000;552071168;0;0;0;0;0;0;0;0;0;0;0;4188;0;0;0;0;0;0;
27585;5200502;591261696;28160000;552071168;0;0;0;0;0;0;0;0;0;0;0;3887;0;0;0;0;0;0;
27586;3874234;591261696;28160000;552071168;0;0;0;0;0;0;0;0;0;0;0;4840;0;0;0;0;0;0;
27587;4978936;591261696;28160000;552071168;0;0;0;0;0;0;0;0;0;0;0;3497;0;0;0;0;0;0;
27588;4902753;591261696;28160000;552071168;0;0;0;0;0;0;0;0;0;0;0;3607;0;0;0;0;0;0;
27589;5300980;591261696;28160000;552071168;0;0;0;0;0;0;0;0;0;0;0;3787;0;0;0;0;0;0;
27590;4194595;591261696;28160000;552071168;0;0;0;0;0;0;0;0;0;0;0;5470;0;0;0;0;0;0;
27591;5181475;591261696;28160000;552071168;0;0;0;0;0;0;0;0;0;0;0;3887;0;0;0;0;0;0;
27592;3741145;591261696;28160000;552071168;0;0;0;0;0;0;0;0;0;0;0;4198;0;0;0;0;0;0;
27593;5029471;591261696;28160000;552071168;0;0;0;0;0;0;0;0;0;0;0;3697;0;0;0;0;0;0;
27594;4050384;591261696;28160000;552071168;0;0;0;0;0;0;0;0;0;0;0;4428;0;0;0;0;0;0;
27595;5490204;591261696;28160000;552071168;0;0;0;0;0;0;0;0;0;0;0;4348;0;0;0;0;0;0;
27596;3382643;591261696;28160000;552071168;0;0;0;0;0;0;0;0;0;0;0;3757;0;0;0;0;0;0;
27597;5112176;591261696;28160000;552071168;0;0;0;0;0;0;0;0;0;0;0;4218;0;0;0;0;0;0;
27598;3470157;591261696;28160000;552071168;0;0;0;0;0;0;0;0;0;0;0;3837;0;0;0;0;0;0;
27599;4981972;591261696;28160000;552071168;0;0;0;0;0;0;0;0;0;0;0;2575;0;0;0;0;0;0;
27600;4072627;591261696;28160000;552071168;0;0;0;0;0;0;0;0;0;0;0;3116;0;0;0;0;0;0;
27601;4711795;591261696;28160000;552071168;0;0;0;0;0;0;0;0;0;0;0;3276;0;0;0;0;0;0;
27602;3708093;591261696;28160000;552071168;0;0;0;0;0;0;0;0;0;0;0;3747;0;0;0;0;0;0;
27603;4616957;591261696;28160000;552071168;0;0;0;0;0;0;0;0;0;0;0;2605;0;0;0;0;0;0;
27604;4124233;591261696;28160000;552071168;0;0;0;0;0;0;0;0;0;0;0;3546;0;0;0;0;0;0;
27605;4784611;591261696;28160000;552071168;0;0;0;0;0;0;0;0;0;0;0;3807;0;0;0;0;0;0;
27606;4105277;591261696;28160000;552071168;0;0;0;0;0;0;0;0;0;0;0;3667;0;0;0;0;0;0;
27607;4918272;591261696;28160000;552071168;0;0;0;0;0;0;0;0;0;0;0;2856;0;0;0;0;0;0;
27608;4917530;591261696;28160000;552071168;0;0;0;0;0;0;0;0;0;0;0;4458;0;0;0;0;0;0;
27609;5886477;591261696;28160000;552071168;0;0;0;0;0;0;0;0;0;0;0;3156;0;0;0;0;0;0;
27610;4209283;591261696;28160000;552071168;0;0;0;0;0;0;0;0;0;0;0;3717;0;0;0;0;0;0;
27611;5283527;591261696;28160000;552071168;0;0;0;0;0;0;0;0;0;0;0;3457;0;0;0;0;0;0;
27612;3808842;591261696;28160000;552071168;0;0;0;0;0;0;0;0;0;0;0;3807;0;0;0;0;0;0;
27613;5848196;591261696;28160000;552071168;0;0;0;0;0;0;0;0;0;0;0;5861;0;0;0;0;0;0;
27614;4474080;591261696;28160000;552071168;0;0;0;0;0;0;0;0;0;0;0;4659;0;0;0;0;0;0;
27615;6110778;591261696;28160000;552071168;0;0;0;0;0;0;0;0;0;0;0;4018;0;0;0;0;0;0;
27616;4736280;591261696;28160000;552071168;0;0;0;0;0;0;0;0;0;0;0;4739;0;0;0;0;0;0;
27617;5555347;591261696;28160000;552071168;0;0;0;0;0;0;0;0;0;0;0;5069;0;0;0;0;0;0;
27618;4396774;591261696;28160000;552071168;0;0;0;0;0;0;0;0;0;0;0;5010;0;0;0;0;0;0;
27619;4896802;591261696;28160000;552071168;0;0;0;0;0;0;0;0;0;0;0;3507;0;0;0;0;0;0;
27620;4134081;591261696;28160000;552071168;0;0;0;0;0;0;0;0;0;0;0;4268;0;0;0;0;0;0;
27621;5307371;591261696;28160000;552071168;0;0;0;0;0;0;0;0;0;0;0;5179;0;0;0;0;0;0;
27622;4290184;591261696;28160000;552071168;0;0;0;0;0;0;0;0;0;0;0;3386;0;0;0;0;0;0;
27623;5151750;591261696;28160000;552071168;0;0;0;0;0;0;0;0;0;0;0;4218;0;0;0;0;0;0;
27624;4745538;591261696;28160000;552071168;0;0;0;0;0;0;0;0;0;0;0;3506;0;0;0;0;0;0;
27625;5835041;591261696;28160000;552071168;0;0;0;0;0;0;0;0;0;0;0;4338;0;0;0;0;0;0;
27626;4420609;591261696;28160000;552071168;0;0;0;0;0;0;0;0;0;0;0;3687;0;0;0;0;0;0;
27627;5495124;591261696;28160000;552071168;0;0;0;0;0;0;0;0;0;0;0;5901;0;0;0;0;0;0;
27628;4134453;591261696;28160000;552071168;0;0;0;0;0;0;0;0;0;0;0;5650;0;0;0;0;0;0;
27629;5306761;591261696;28160000;552071168;0;0;0;0;0;0;0;0;0;0;0;4829;0;0;0;0;0;0;
27630;7337378;591261696;28160000;552071168;0;0;0;0;0;0;0;0;0;0;0;4228;0;0;0;0;0;0;
27631;5071600;591261696;28160000;552071168;0;0;0;0;0;0;0;0;0;0;0;4428;0;0;0;0;0;0;
27632;4196569;591261696;28160000;552071168;0;0;0;0;0;0;0;0;0;0;0;3437;0;0;0;0;0;0;
27633;5277125;591261696;28160000;552071168;0;0;0;0;0;0;0;0;0;0;0;3777;0;0;0;0;0;0;
27634;4248055;591261696;28160000;552071168;0;0;0;0;0;0;0;0;0;0;0;4017;0;0;0;0;0;0;
27635;4787687;591261696;28160000;552071168;0;0;0;0;0;0;0;0;0;0;0;2565;0;0;0;0;0;0;
27636;4316574;591261696;28160000;552071168;0;0;0;0;0;0;0;0;0;0;0;3576;0;0;0;0;0;0;
27637;4590888;591261696;28160000;552071168;0;0;0;0;0;0;0;0;0;0;0;3256;0;0;0;0;0;0;
27638;4618179;591261696;28160000;552071168;0;0;0;0;0;0;0;0;0;0;0;4168;0;0;0;0;0;0;
27639;4841268;591261696;28160000;552071168;0;0;0;0;0;0;0;0;0;0;0;3296;0;0;0;0;0;0;
27640;4594365;591261696;28160000;552071168;0;0;0;0;0;0;0;0;0;0;0;3547;0;0;0;0;0;0;
27641;5055780;591261696;28160000;552071168;0;0;0;0;0;0;0;0;0;0;0;3626;0;0;0;0;0;0;
27642;4019908;591261696;28160000;552071168;0;0;0;0;0;0;0;0;0;0;0;4258;0;0;0;0;0;0;
27643;4955602;591261696;28160000;552071168;0;0;0;0;0;0;0;0;0;0;0;2775;0;0;0;0;0;0;
27644;4495219;591261696;28160000;552071168;0;0;0;0;0;0;0;0;0;0;0;4659;0;0;0;0;0;0;
27645;5080065;591261696;28160000;552071168;0;0;0;0;0;0;0;0;0;0;0;3557;0;0;0;0;0;0;
27646;4004168;591261696;28160000;552071168;0;0;0;0;0;0;0;0;0;0;0;4038;0;0;0;0;0;0;
27647;4806833;591261696;28160000;552071168;0;0;0;0;0;0;0;0;0;0;0;2805;0;0;0;0;0;0;
27648;4674024;591261696;28160000;552071168;0;0;0;0;0;0;0;0;0;0;0;4117;0;0;0;0;0;0;
27649;4964699;591261696;28160000;552071168;0;0;0;0;0;0;0;0;0;0;0;3236;0;0;0;0;0;0;
27650;4086953;591261696;28160000;552071168;0;0;0;0;0;0;0;0;0;0;0;3947;0;0;0;0;0;0;
27651;5702292;591261696;28160000;552071168;0;0;0;0;0;0;0;0;0;0;0;2876;0;0;0;0;0;0;
27652;4348944;591261696;28160000;552071168;0;0;0;0;0;0;0;0;0;0;0;4789;0;0;0;0;0;0;
27653;5646117;591261696;28160000;552071168;0;0;0;0;0;0;0;0;0;0;0;4839;0;0;0;0;0;0;
27654;4137458;591261696;28160000;552071168;0;0;0;0;0;0;0;0;0;0;0;4559;0;0;0;0;0;0;
27655;5646217;591261696;28160000;552071168;0;0;0;0;0;0;0;0;0;0;0;3707;0;0;0;0;0;0;
27656;3644393;591261696;28160000;552071168;0;0;0;0;0;0;0;0;0;0;0;4248;0;0;0;0;0;0;
27657;5715046;591261696;28160000;552071168;0;0;0;0;0;0;0;0;0;0;0;4679;0;0;0;0;0;0;
27658;4500369;591261696;28160000;552071168;0;0;0;0;0;0;0;0;0;0;0;6963;0;0;0;0;0;0;
27659;6086372;591261696;28160000;552071168;0;0;0;0;0;0;0;0;0;0;0;3767;0;0;0;0;0;0;
27660;4239028;591261696;28160000;552071168;0;0;0;0;0;0;0;0;0;0;0;5040;0;0;0;0;0;0;
27661;5951720;591261696;28160000;552071168;0;0;0;0;0;0;0;0;0;0;0;3827;0;0;0;0;0;0;
27662;3983730;591261696;28160000;552071168;0;0;0;0;0;0;0;0;0;0;0;5811;0;0;0;0;0;0;
27663;5645716;591261696;28160000;552071168;0;0;0;0;0;0;0;0;0;0;0;4458;0;0;0;0;0;0;
27664;4677080;591261696;28160000;552071168;0;0;0;0;0;0;0;0;0;0;0;4999;0;0;0;0;0;0;
27665;5009402;591261696;28160000;552071168;0;0;0;0;0;0;0;0;0;0;0;3577;0;0;0;0;0;0;
27666;4091271;591261696;28160000;552071168;0;0;0;0;0;0;0;0;0;0;0;4018;0;0;0;0;0;0;
27667;5115451;591261696;28160000;552071168;0;0;0;0;0;0;0;0;0;0;0;3858;0;0;0;0;0;0;
27668;4208040;591261696;28160000;552071168;0;0;0;0;0;0;0;0;0;0;0;4648;0;0;0;0;0;0;
27669;4887224;591261696;28160000;552071168;0;0;0;0;0;0;0;0;0;0;0;3165;0;0;0;0;0;0;
27670;4027972;591261696;28160000;552071168;0;0;0;0;0;0;0;0;0;0;0;5610;0;0;0;0;0;0;
27671;4441017;591261696;28160000;552071168;0;0;0;0;0;0;0;0;0;0;0;2896;0;0;0;0;0;0;
27672;4433594;591261696;28160000;552071168;0;0;0;0;0;0;0;0;0;0;0;5531;0;0;0;0;0;0;
27673;5169593;591261696;28160000;552071168;0;0;0;0;0;0;0;0;0;0;0;2975;0;0;0;0;0;0;
27674;4240130;591261696;28160000;552071168;0;0;0;0;0;0;0;0;0;0;0;4558;0;0;0;0;0;0;
27675;4905118;591261696;28160000;552071168;0;0;0;0;0;0;0;0;0;0;0;2375;0;0;0;0;0;0;
27676;4555151;591261696;28160000;552071168;0;0;0;0;0;0;0;0;0;0;0;4940;0;0;0;0;0;0;
27677;5064166;591261696;28160000;552071168;0;0;0;0;0;0;0;0;0;0;0;3557;0;0;0;0;0;0;
27678;4703028;591261696;28160000;552071168;0;0;0;0;0;0;0;0;0;0;0;4658;0;0;0;0;0;0;
27679;5192907;591261696;28160000;552071168;0;0;0;0;0;0;0;0;0;0;0;3496;0;0;0;0;0;0;
27680;4688491;591261696;28160000;552071168;0;0;0;0;0;0;0;0;0;0;0;4148;0;0;0;0;0;0;
27681;4985278;591261696;28160000;552071168;0;0;0;0;0;0;0;0;0;0;0;3266;0;0;0;0;0;0;
27682;3955106;591261696;28160000;552071168;0;0;0;0;0;0;0;0;0;0;0;3997;0;0;0;0;0;0;
27683;4956584;591261696;28160000;552071168;0;0;0;0;0;0;0;0;0;0;0;3707;0;0;0;0;0;0;
27684;4643156;591261696;28160000;552071168;0;0;0;0;0;0;0;0;0;0;0;4388;0;0;0;0;0;0;
27685;5322179;591261696;28160000;552071168;0;0;0;0;0;0;0;0;0;0;0;3657;0;0;0;0;0;0;
27686;4802625;591261696;28160000;552071168;0;0;0;0;0;0;0;0;0;0;0;5249;0;0;0;0;0;0;
27687;5223835;591261696;28160000;552071168;0;0;0;0;0;0;0;0;0;0;0;3607;0;0;0;0;0;0;
27688;4254959;591261696;28160000;552071168;0;0;0;0;0;0;0;0;0;0;0;6933;0;0;0;0;0;0;
27689;5495614;591261696;28160000;552071168;0;0;0;0;0;0;0;0;0;0;0;3988;0;0;0;0;0;0;
27690;4833764;591261696;28160000;552071168;0;0;0;0;0;0;0;0;0;0;0;3927;0;0;0;0;0;0;
27691;6116779;591261696;28160000;552071168;0;0;0;0;0;0;0;0;0;0;0;4238;0;0;0;0;0;0;
27692;6566332;591261696;28160000;552071168;0;0;0;0;0;0;0;0;0;0;0;3988;0;0;0;0;0;0;
27693;5524498;591261696;28160000;552071168;0;0;0;0;0;0;0;0;0;0;0;4097;0;0;0;0;0;0;
27694;4710392;591261696;28160000;552071168;0;0;0;0;0;0;0;0;0;0;0;4168;0;0;0;0;0;0;
27695;5883762;591261696;28160000;552071168;0;0;0;0;0;0;0;0;0;0;0;3777;0;0;0;0;0;0;
27696;5406677;591261696;28160000;552071168;0;0;0;0;0;0;0;0;0;0;0;4108;0;0;0;0;0;0;
27697;5910352;591261696;28160000;552071168;0;0;0;0;0;0;0;0;0;0;0;4449;0;0;0;0;0;0;
27698;4062858;591261696;28160000;552071168;0;0;0;0;0;0;0;0;0;0;0;4308;0;0;0;0;0;0;
27699;5359970;591261696;28160000;552071168;0;0;0;0;0;0;0;0;0;0;0;5470;0;0;0;0;0;0;
27700;4385313;591261696;28160000;552071168;0;0;0;0;0;0;0;0;0;0;0;3226;0;0;0;0;0;0;
27701;5940639;591261696;28160000;552071168;0;0;0;0;0;0;0;0;0;0;0;3587;0;0;0;0;0;0;
27702;5192596;591261696;28160000;552071168;0;0;0;0;0;0;0;0;0;0;0;3938;0;0;0;0;0;0;
27703;6095980;591261696;28160000;552071168;0;0;0;0;0;0;0;0;0;0;0;4348;0;0;0;0;0;0;
27704;5357886;591261696;28160000;552071168;0;0;0;0;0;0;0;0;0;0;0;4188;0;0;0;0;0;0;
27705;5469535;591261696;28160000;552071168;0;0;0;0;0;0;0;0;0;0;0;4338;0;0;0;0;0;0;
27706;5718012;591261696;28160000;552071168;0;0;0;0;0;0;0;0;0;0;0;4298;0;0;0;0;0;0;
27707;5610841;591261696;28160000;552071168;0;0;0;0;0;0;0;0;0;0;0;4338;0;0;0;0;0;0;
27708;4865052;591261696;28160000;552071168;0;0;0;0;0;0;0;0;0;0;0;3727;0;0;0;0;0;0;
27709;5788303;591261696;28160000;552071168;0;0;0;0;0;0;0;0;0;0;0;3857;0;0;0;0;0;0;
27710;3957160;591261696;28160000;552071168;0;0;0;0;0;0;0;0;0;0;0;3727;0;0;0;0;0;0;
27711;4925585;591261696;28160000;552071168;0;0;0;0;0;0;0;0;0;0;0;4949;0;0;0;0;0;0;
27712;4433854;591261696;28160000;552071168;0;0;0;0;0;0;0;0;0;0;0;3447;0;0;0;0;0;0;
27713;5362395;591261696;28160000;552071168;0;0;0;0;0;0;0;0;0;0;0;4358;0;0;0;0;0;0;
27714;4838422;591261696;28160000;552071168;0;0;0;0;0;0;0;0;0;0;0;4238;0;0;0;0;0;0;
27715;5471699;591261696;28160000;552071168;0;0;0;0;0;0;0;0;0;0;0;4639;0;0;0;0;0;0;
27716;4709420;591261696;28160000;552071168;0;0;0;0;0;0;0;0;0;0;0;3928;0;0;0;0;0;0;
27717;10680366;591261696;28160000;552071168;0;0;0;0;0;0;0;0;0;0;0;3146;0;0;0;0;0;0;
27718;4981030;591261696;28160000;552071168;0;0;0;0;0;0;0;0;0;0;0;3817;0;0;0;0;0;0;
27719;5908148;591261696;28160000;552071168;0;0;0;0;0;0;0;0;0;0;0;4689;0;0;0;0;0;0;
27720;5220729;591261696;28160000;552071168;0;0;0;0;0;0;0;0;0;0;0;4138;0;0;0;0;0;0;
27721;5201342;591261696;28160000;552071168;0;0;0;0;0;0;0;0;0;0;0;3737;0;0;0;0;0;0;
27722;4133200;591261696;28160000;552071168;0;0;0;0;0;0;0;0;0;0;0;7023;0;0;0;0;0;0;
27723;5206061;591261696;28160000;552071168;0;0;0;0;0;0;0;0;0;0;0;3477;0;0;0;0;0;0;
27724;4590428;591261696;28160000;552071168;0;0;0;0;0;0;0;0;0;0;0;4758;0;0;0;0;0;0;
27725;5548835;591261696;28160000;552071168;0;0;0;0;0;0;0;0;0;0;0;5039;0;0;0;0;0;0;
27726;4145372;591355904;28155904;552067072;0;0;0;0;0;0;0;0;0;0;0;4368;0;0;0;0;0;0;
27727;5838197;591355904;28155904;552067072;0;0;0;0;0;0;0;0;0;0;0;5350;0;0;0;0;0;0;
27728;4918031;591355904;28155904;552067072;0;0;0;0;0;0;0;0;0;0;0;3537;0;0;0;0;0;0;
27729;5809183;591355904;28155904;552067072;0;0;0;0;0;0;0;0;0;0;0;4959;0;0;0;0;0;0;
27730;4533871;591355904;28155904;552067072;0;0;0;0;0;0;0;0;0;0;0;4429;0;0;0;0;0;0;
27731;5389696;591355904;28155904;552067072;0;0;0;0;0;0;0;0;0;0;0;3927;0;0;0;0;0;0;
27732;5028809;591355904;28155904;552067072;0;0;0;0;0;0;0;0;0;0;0;7344;0;0;0;0;0;0;
27733;5789075;591355904;28155904;552067072;0;0;0;0;0;0;0;0;0;0;0;6532;0;0;0;0;0;0;
27734;6393508;591355904;28155904;552067072;0;0;0;0;0;0;0;0;0;0;0;4568;0;0;0;0;0;0;
27735;5143574;591355904;28155904;552067072;0;0;0;0;0;0;0;0;0;0;0;2815;0;0;0;0;0;0;
27736;4436349;591355904;28155904;552067072;0;0;0;0;0;0;0;0;0;0;0;4468;0;0;0;0;0;0;
27737;4762640;591355904;28155904;552067072;0;0;0;0;0;0;0;0;0;0;0;3026;0;0;0;0;0;0;
27738;4442520;591355904;28155904;552067072;0;0;0;0;0;0;0;0;0;0;0;4338;0;0;0;0;0;0;
27739;4976191;591355904;28155904;552067072;0;0;0;0;0;0;0;0;0;0;0;2896;0;0;0;0;0;0;
27740;3924288;591355904;28155904;552067072;0;0;0;0;0;0;0;0;0;0;0;3988;0;0;0;0;0;0;
27741;5592055;591355904;28155904;552067072;0;0;0;0;0;0;0;0;0;0;0;5390;0;0;0;0;0;0;
27742;3802650;591355904;28155904;552067072;0;0;0;0;0;0;0;0;0;0;0;3457;0;0;0;0;0;0;
27743;5525491;591355904;28155904;552067072;0;0;0;0;0;0;0;0;0;0;0;3647;0;0;0;0;0;0;
27744;3654733;591355904;28155904;552067072;0;0;0;0;0;0;0;0;0;0;0;4819;0;0;0;0;0;0;
27745;5674300;591355904;28155904;552067072;0;0;0;0;0;0;0;0;0;0;0;7294;0;0;0;0;0;0;
27746;3366433;591355904;28155904;552067072;0;0;0;0;0;0;0;0;0;0;0;4849;0;0;0;0;0;0;
27747;5311259;591355904;28155904;552067072;0;0;0;0;0;0;0;0;0;0;0;4218;0;0;0;0;0;0;
27748;4103855;591355904;28155904;552067072;0;0;0;0;0;0;0;0;0;0;0;4077;0;0;0;0;0;0;
27749;5128486;591355904;28155904;552067072;0;0;0;0;0;0;0;0;0;0;0;4088;0;0;0;0;0;0;
27750;4196518;591355904;28155904;552067072;0;0;0;0;0;0;0;0;0;0;0;4078;0;0;0;0;0;0;
27751;5665944;591355904;28155904;552067072;0;0;0;0;0;0;0;0;0;0;0;4288;0;0;0;0;0;0;
27752;5436965;591355904;28155904;552067072;0;0;0;0;0;0;0;0;0;0;0;5270;0;0;0;0;0;0;
27753;5650125;591355904;28155904;552067072;0;0;0;0;0;0;0;0;0;0;0;4729;0;0;0;0;0;0;
27754;3710417;591355904;28155904;552067072;0;0;0;0;0;0;0;0;0;0;0;4368;0;0;0;0;0;0;
27755;5100494;591355904;28155904;552067072;0;0;0;0;0;0;0;0;0;0;0;4047;0;0;0;0;0;0;
27756;5130290;591355904;28155904;552067072;0;0;0;0;0;0;0;0;0;0;0;6763;0;0;0;0;0;0;
27757;4962585;591355904;28155904;552067072;0;0;0;0;0;0;0;0;0;0;0;3858;0;0;0;0;0;0;
27758;5194580;591355904;28155904;552067072;0;0;0;0;0;0;0;0;0;0;0;3446;0;0;0;0;0;0;
27759;5373145;591355904;28155904;552067072;0;0;0;0;0;0;0;0;0;0;0;4298;0;0;0;0;0;0;
27760;4556073;591355904;28155904;552067072;0;0;0;0;0;0;0;0;0;0;0;3336;0;0;0;0;0;0;
27761;4771477;591355904;28155904;552067072;0;0;0;0;0;0;0;0;0;0;0;3166;0;0;0;0;0;0;
27762;4123142;591355904;28155904;552067072;0;0;0;0;0;0;0;0;0;0;0;4568;0;0;0;0;0;0;
27763;5338360;591355904;28155904;552067072;0;0;0;0;0;0;0;0;0;0;0;3457;0;0;0;0;0;0;
27764;3694568;591355904;28155904;552067072;0;0;0;0;0;0;0;0;0;0;0;4409;0;0;0;0;0;0;
27765;5545418;591355904;28155904;552067072;0;0;0;0;0;0;0;0;0;0;0;3907;0;0;0;0;0;0;
27766;4628258;591355904;28155904;552067072;0;0;0;0;0;0;0;0;0;0;0;4228;0;0;0;0;0;0;
27767;5327319;591355904;28155904;552067072;0;0;0;0;0;0;0;0;0;0;0;3988;0;0;0;0;0;0;
27768;4344816;591355904;28155904;552067072;0;0;0;0;0;0;0;0;0;0;0;4098;0;0;0;0;0;0;
27769;4903154;591355904;28155904;552067072;0;0;0;0;0;0;0;0;0;0;0;2836;0;0;0;0;0;0;
27770;4565250;591355904;28155904;552067072;0;0;0;0;0;0;0;0;0;0;0;4799;0;0;0;0;0;0;
27771;4745899;591355904;28155904;552067072;0;0;0;0;0;0;0;0;0;0;0;2875;0;0;0;0;0;0;
27772;4632146;591355904;28155904;552067072;0;0;0;0;0;0;0;0;0;0;0;3646;0;0;0;0;0;0;
27773;5181916;591355904;28155904;552067072;0;0;0;0;0;0;0;0;0;0;0;4428;0;0;0;0;0;0;
27774;3972388;591355904;28155904;552067072;0;0;0;0;0;0;0;0;0;0;0;3336;0;0;0;0;0;0;
27775;5515863;591355904;28155904;552067072;0;0;0;0;0;0;0;0;0;0;0;3758;0;0;0;0;0;0;
27776;3417919;591355904;28155904;552067072;0;0;0;0;0;0;0;0;0;0;0;3617;0;0;0;0;0;0;
27777;5842645;591355904;28155904;552067072;0;0;0;0;0;0;0;0;0;0;0;4568;0;0;0;0;0;0;
27778;3947382;591355904;28155904;552067072;0;0;0;0;0;0;0;0;0;0;0;4699;0;0;0;0;0;0;
27779;6408457;591355904;28155904;552067072;0;0;0;0;0;0;0;0;0;0;0;3877;0;0;0;0;0;0;
27780;3661916;591355904;28155904;552067072;0;0;0;0;0;0;0;0;0;0;0;4799;0;0;0;0;0;0;
27781;5428208;591355904;28155904;552067072;0;0;0;0;0;0;0;0;0;0;0;4238;0;0;0;0;0;0;
27782;3701140;591355904;28155904;552067072;0;0;0;0;0;0;0;0;0;0;0;4829;0;0;0;0;0;0;
27783;5387382;591355904;28155904;552067072;0;0;0;0;0;0;0;0;0;0;0;3817;0;0;0;0;0;0;
27784;3928797;591355904;28155904;552067072;0;0;0;0;0;0;0;0;0;0;0;4669;0;0;0;0;0;0;
27785;5106876;591355904;28155904;552067072;0;0;0;0;0;0;0;0;0;0;0;4318;0;0;0;0;0;0;
27786;4593072;591355904;28155904;552067072;0;0;0;0;0;0;0;0;0;0;0;4819;0;0;0;0;0;0;
27787;5256577;591355904;28155904;552067072;0;0;0;0;0;0;0;0;0;0;0;4148;0;0;0;0;0;0;
27788;4150292;591355904;28155904;552067072;0;0;0;0;0;0;0;0;0;0;0;3577;0;0;0;0;0;0;
27789;5793513;591355904;28155904;552067072;0;0;0;0;0;0;0;0;0;0;0;8015;0;0;0;0;0;0;
27790;4365726;591355904;28155904;552067072;0;0;0;0;0;0;0;0;0;0;0;4268;0;0;0;0;0;0;
27791;5158041;591355904;28155904;552067072;0;0;0;0;0;0;0;0;0;0;0;5400;0;0;0;0;0;0;
27792;4293601;591355904;28155904;552067072;0;0;0;0;0;0;0;0;0;0;0;4439;0;0;0;0;0;0;
27793;5461892;591355904;28155904;552067072;0;0;0;0;0;0;0;0;0;0;0;4368;0;0;0;0;0;0;
27794;3876598;591355904;28155904;552067072;0;0;0;0;0;0;0;0;0;0;0;5170;0;0;0;0;0;0;
27795;5828990;591355904;28155904;552067072;0;0;0;0;0;0;0;0;0;0;0;4068;0;0;0;0;0;0;
27796;3628964;591355904;28155904;552067072;0;0;0;0;0;0;0;0;0;0;0;3847;0;0;0;0;0;0;
27797;5981867;591355904;28155904;552067072;0;0;0;0;0;0;0;0;0;0;0;3496;0;0;0;0;0;0;
27798;3544426;591355904;28155904;552067072;0;0;0;0;0;0;0;0;0;0;0;4157;0;0;0;0;0;0;
27799;5348249;591355904;28155904;552067072;0;0;0;0;0;0;0;0;0;0;0;3817;0;0;0;0;0;0;
27800;3757205;591355904;28155904;552067072;0;0;0;0;0;0;0;0;0;0;0;4258;0;0;0;0;0;0;
27801;5504601;591355904;28155904;552067072;0;0;0;0;0;0;0;0;0;0;0;3366;0;0;0;0;0;0;
27802;4147436;591355904;28155904;552067072;0;0;0;0;0;0;0;0;0;0;0;5049;0;0;0;0;0;0;
27803;5563161;591355904;28155904;552067072;0;0;0;0;0;0;0;0;0;0;0;5891;0;0;0;0;0;0;
27804;3925610;591355904;28155904;552067072;0;0;0;0;0;0;0;0;0;0;0;4087;0;0;0;0;0;0;
27805;5532995;591355904;28155904;552067072;0;0;0;0;0;0;0;0;0;0;0;3747;0;0;0;0;0;0;
27806;3736145;591355904;28155904;552067072;0;0;0;0;0;0;0;0;0;0;0;4749;0;0;0;0;0;0;
27807;5512006;591355904;28155904;552067072;0;0;0;0;0;0;0;0;0;0;0;3316;0;0;0;0;0;0;
27808;3527083;591355904;28155904;552067072;0;0;0;0;0;0;0;0;0;0;0;3877;0;0;0;0;0;0;
27809;5542693;591355904;28155904;552067072;0;0;0;0;0;0;0;0;0;0;0;4088;0;0;0;0;0;0;
27810;3557651;591355904;28155904;552067072;0;0;0;0;0;0;0;0;0;0;0;3627;0;0;0;0;0;0;
27811;4864120;591355904;28155904;552067072;0;0;0;0;0;0;0;0;0;0;0;3857;0;0;0;0;0;0;
27812;4322505;591355904;28155904;552067072;0;0;0;0;0;0;0;0;0;0;0;3827;0;0;0;0;0;0;
27813;5028228;591355904;28155904;552067072;0;0;0;0;0;0;0;0;0;0;0;3036;0;0;0;0;0;0;
27814;3470708;591355904;28155904;552067072;0;0;0;0;0;0;0;0;0;0;0;4228;0;0;0;0;0;0;
27815;4976671;591355904;28155904;552067072;0;0;0;0;0;0;0;0;0;0;0;3928;0;0;0;0;0;0;
27816;5114931;591355904;28155904;552067072;0;0;0;0;0;0;0;0;0;0;0;4218;0;0;0;0;0;0;
27817;4977824;591355904;28155904;552067072;0;0;0;0;0;0;0;0;0;0;0;3767;0;0;0;0;0;0;
27818;3913508;591355904;28155904;552067072;0;0;0;0;0;0;0;0;0;0;0;3136;0;0;0;0;0;0;
27819;5154355;591355904;28155904;552067072;0;0;0;0;0;0;0;0;0;0;0;2695;0;0;0;0;0;0;
27820;4011021;591355904;28155904;552067072;0;0;0;0;0;0;0;0;0;0;0;3497;0;0;0;0;0;0;
27821;5226750;591355904;28155904;552067072;0;0;0;0;0;0;0;0;0;0;0;3427;0;0;0;0;0;0;
27822;4175249;591355904;28155904;552067072;0;0;0;0;0;0;0;0;0;0;0;4268;0;0;0;0;0;0;
27823;5725105;591355904;28155904;552067072;0;0;0;0;0;0;0;0;0;0;0;7183;0;0;0;0;0;0;
27824;4421711;591355904;28155904;552067072;0;0;0;0;0;0;0;0;0;0;0;6672;0;0;0;0;0;0;
27825;5487890;591355904;28155904;552067072;0;0;0;0;0;0;0;0;0;0;0;3597;0;0;0;0;0;0;
27826;4807214;591355904;28155904;552067072;0;0;0;0;0;0;0;0;0;0;0;5120;0;0;0;0;0;0;
27827;5146570;591355904;28155904;552067072;0;0;0;0;0;0;0;0;0;0;0;5040;0;0;0;0;0;0;
27828;4773851;591355904;28155904;552067072;0;0;0;0;0;0;0;0;0;0;0;4668;0;0;0;0;0;0;
27829;5381501;591355904;28155904;552067072;0;0;0;0;0;0;0;0;0;0;0;4108;0;0;0;0;0;0;
27830;4411541;591355904;28155904;552067072;0;0;0;0;0;0;0;0;0;0;0;3106;0;0;0;0;0;0;
27831;5732749;591355904;28155904;552067072;0;0;0;0;0;0;0;0;0;0;0;4458;0;0;0;0;0;0;
27832;3967659;591355904;28155904;552067072;0;0;0;0;0;0;0;0;0;0;0;4318;0;0;0;0;0;0;
27833;5252679;591355904;28155904;552067072;0;0;0;0;0;0;0;0;0;0;0;4097;0;0;0;0;0;0;
27834;3430863;591355904;28155904;552067072;0;0;0;0;0;0;0;0;0;0;0;3677;0;0;0;0;0;0;
27835;5070437;591355904;28155904;552067072;0;0;0;0;0;0;0;0;0;0;0;3556;0;0;0;0;0;0;
27836;3524869;591355904;28155904;552067072;0;0;0;0;0;0;0;0;0;0;0;4007;0;0;0;0;0;0;
27837;4786876;591355904;28155904;552067072;0;0;0;0;0;0;0;0;0;0;0;2805;0;0;0;0;0;0;
27838;3412979;591355904;28155904;552067072;0;0;0;0;0;0;0;0;0;0;0;3667;0;0;0;0;0;0;
27839;5040521;591355904;28155904;552067072;0;0;0;0;0;0;0;0;0;0;0;2895;0;0;0;0;0;0;
27840;4910047;591355904;28155904;552067072;0;0;0;0;0;0;0;0;0;0;0;4108;0;0;0;0;0;0;
27841;4792316;591355904;28155904;552067072;0;0;0;0;0;0;0;0;0;0;0;2345;0;0;0;0;0;0;
27842;4651472;591355904;28155904;552067072;0;0;0;0;0;0;0;0;0;0;0;4719;0;0;0;0;0;0;
27843;5102548;591355904;28155904;552067072;0;0;0;0;0;0;0;0;0;0;0;4138;0;0;0;0;0;0;
27844;5401618;591355904;28155904;552067072;0;0;0;0;0;0;0;0;0;0;0;4689;0;0;0;0;0;0;
27845;4914836;591355904;28155904;552067072;0;0;0;0;0;0;0;0;0;0;0;2785;0;0;0;0;0;0;
27846;4513533;591355904;28155904;552067072;0;0;0;0;0;0;0;0;0;0;0;4308;0;0;0;0;0;0;
27847;4904016;591355904;28155904;552067072;0;0;0;0;0;0;0;0;0;0;0;4318;0;0;0;0;0;0;
27848;4079389;591355904;28155904;552067072;0;0;0;0;0;0;0;0;0;0;0;3998;0;0;0;0;0;0;
27849;5383674;591355904;28155904;552067072;0;0;0;0;0;0;0;0;0;0;0;4088;0;0;0;0;0;0;
27850;4203201;591355904;28155904;552067072;0;0;0;0;0;0;0;0;0;0;0;5781;0;0;0;0;0;0;
27851;5038518;591355904;28155904;552067072;0;0;0;0;0;0;0;0;0;0;0;3807;0;0;0;0;0;0;
27852;3897488;591355904;28155904;552067072;0;0;0;0;0;0;0;0;0;0;0;5040;0;0;0;0;0;0;
27853;5378314;591355904;28155904;552067072;0;0;0;0;0;0;0;0;0;0;0;4018;0;0;0;0;0;0;
27854;3889823;591355904;28155904;552067072;0;0;0;0;0;0;0;0;0;0;0;3747;0;0;0;0;0;0;
27855;4983474;591355904;28155904;552067072;0;0;0;0;0;0;0;0;0;0;0;3567;0;0;0;0;0;0;
27856;3708484;591355904;28155904;552067072;0;0;0;0;0;0;0;0;0;0;0;3938;0;0;0;0;0;0;
27857;5547291;591355904;28155904;552067072;0;0;0;0;0;0;0;0;0;0;0;4829;0;0;0;0;0;0;
27858;4788128;591355904;28155904;552067072;0;0;0;0;0;0;0;0;0;0;0;6563;0;0;0;0;0;0;
27859;5116254;591355904;28155904;552067072;0;0;0;0;0;0;0;0;0;0;0;3897;0;0;0;0;0;0;
27860;3833468;591355904;28155904;552067072;0;0;0;0;0;0;0;0;0;0;0;4859;0;0;0;0;0;0;
27861;5265143;591355904;28155904;552067072;0;0;0;0;0;0;0;0;0;0;0;3606;0;0;0;0;0;0;
27862;4608731;591355904;28155904;552067072;0;0;0;0;0;0;0;0;0;0;0;5520;0;0;0;0;0;0;
27863;5720035;591355904;28155904;552067072;0;0;0;0;0;0;0;0;0;0;0;4087;0;0;0;0;0;0;
27864;4392957;591355904;28155904;552067072;0;0;0;0;0;0;0;0;0;0;0;3656;0;0;0;0;0;0;
27865;5825824;591355904;28155904;552067072;0;0;0;0;0;0;0;0;0;0;0;4529;0;0;0;0;0;0;
27866;4833332;591355904;28155904;552067072;0;0;0;0;0;0;0;0;0;0;0;6332;0;0;0;0;0;0;
27867;5331957;591355904;28155904;552067072;0;0;0;0;0;0;0;0;0;0;0;3877;0;0;0;0;0;0;
27868;4385753;591355904;28155904;552067072;0;0;0;0;0;0;0;0;0;0;0;4488;0;0;0;0;0;0;
27869;5060178;591355904;28155904;552067072;0;0;0;0;0;0;0;0;0;0;0;3938;0;0;0;0;0;0;
27870;3896496;591355904;28155904;552067072;0;0;0;0;0;0;0;0;0;0;0;3867;0;0;0;0;0;0;
27871;4899086;591355904;28155904;552067072;0;0;0;0;0;0;0;0;0;0;0;3386;0;0;0;0;0;0;
27872;3586926;591355904;28155904;552067072;0;0;0;0;0;0;0;0;0;0;0;4168;0;0;0;0;0;0;
27873;5446963;591355904;28155904;552067072;0;0;0;0;0;0;0;0;0;0;0;3186;0;0;0;0;0;0;
27874;3364348;591355904;28155904;552067072;0;0;0;0;0;0;0;0;0;0;0;5330;0;0;0;0;0;0;
27875;5267677;591355904;28155904;552067072;0;0;0;0;0;0;0;0;0;0;0;4599;0;0;0;0;0;0;
27876;3485665;591355904;28155904;552067072;0;0;0;0;0;0;0;0;0;0;0;3337;0;0;0;0;0;0;
27877;5478312;591355904;28155904;552067072;0;0;0;0;0;0;0;0;0;0;0;5029;0;0;0;0;0;0;
27878;3254342;591355904;28155904;552067072;0;0;0;0;0;0;0;0;0;0;0;3997;0;0;0;0;0;0;
27879;5329073;591355904;28155904;552067072;0;0;0;0;0;0;0;0;0;0;0;5520;0;0;0;0;0;0;
27880;3735845;591355904;28155904;552067072;0;0;0;0;0;0;0;0;0;0;0;3647;0;0;0;0;0;0;
27881;5289017;591355904;28155904;552067072;0;0;0;0;0;0;0;0;0;0;0;4088;0;0;0;0;0;0;
27882;4408626;591355904;28155904;552067072;0;0;0;0;0;0;0;0;0;0;0;4308;0;0;0;0;0;0;
27883;5605270;591355904;28155904;552067072;0;0;0;0;0;0;0;0;0;0;0;3467;0;0;0;0;0;0;
27884;4109505;591355904;28155904;552067072;0;0;0;0;0;0;0;0;0;0;0;4278;0;0;0;0;0;0;
27885;5225558;591355904;28155904;552067072;0;0;0;0;0;0;0;0;0;0;0;3897;0;0;0;0;0;0;
27886;4179517;591355904;28155904;552067072;0;0;0;0;0;0;0;0;0;0;0;3777;0;0;0;0;0;0;
27887;5141150;591355904;28155904;552067072;0;0;0;0;0;0;0;0;0;0;0;4559;0;0;0;0;0;0;
27888;4476233;591355904;28155904;552067072;0;0;0;0;0;0;0;0;0;0;0;4489;0;0;0;0;0;0;
27889;5434109;591355904;28155904;552067072;0;0;0;0;0;0;0;0;0;0;0;4719;0;0;0;0;0;0;
27890;4457649;591355904;28155904;552067072;0;0;0;0;0;0;0;0;0;0;0;4088;0;0;0;0;0;0;
27891;5241888;591355904;28155904;552067072;0;0;0;0;0;0;0;0;0;0;0;3797;0;0;0;0;0;0;
27892;3748498;591355904;28155904;552067072;0;0;0;0;0;0;0;0;0;0;0;4960;0;0;0;0;0;0;
27893;4781596;591355904;28155904;552067072;0;0;0;0;0;0;0;0;0;0;0;3116;0;0;0;0;0;0;
27894;3978259;591355904;28155904;552067072;0;0;0;0;0;0;0;0;0;0;0;3907;0;0;0;0;0;0;
27895;5105633;591355904;28155904;552067072;0;0;0;0;0;0;0;0;0;0;0;2685;0;0;0;0;0;0;
27896;4895299;591355904;28155904;552067072;0;0;0;0;0;0;0;0;0;0;0;3747;0;0;0;0;0;0;
27897;4909154;591355904;28155904;552067072;0;0;0;0;0;0;0;0;0;0;0;2796;0;0;0;0;0;0;
27898;4885070;591355904;28155904;552067072;0;0;0;0;0;0;0;0;0;0;0;3377;0;0;0;0;0;0;
27899;4871715;591355904;28155904;552067072;0;0;0;0;0;0;0;0;0;0;0;3797;0;0;0;0;0;0;
27900;4927239;591355904;28155904;552067072;0;0;0;0;0;0;0;0;0;0;0;3637;0;0;0;0;0;0;
27901;4808897;591355904;28155904;552067072;0;0;0;0;0;0;0;0;0;0;0;3066;0;0;0;0;0;0;
27902;4436849;591355904;28155904;552067072;0;0;0;0;0;0;0;0;0;0;0;4268;0;0;0;0;0;0;
27903;4567344;591355904;28155904;552067072;0;0;0;0;0;0;0;0;0;0;0;2345;0;0;0;0;0;0;
27904;4159509;591355904;28155904;552067072;0;0;0;0;0;0;0;0;0;0;0;3887;0;0;0;0;0;0;
27905;5206793;591355904;28155904;552067072;0;0;0;0;0;0;0;0;0;0;0;3076;0;0;0;0;0;0;
27906;5146159;591355904;28155904;552067072;0;0;0;0;0;0;0;0;0;0;0;3817;0;0;0;0;0;0;
27907;5721929;591355904;28155904;552067072;0;0;0;0;0;0;0;0;0;0;0;4108;0;0;0;0;0;0;
27908;3810665;591355904;28155904;552067072;0;0;0;0;0;0;0;0;0;0;0;3938;0;0;0;0;0;0;
27909;4788168;591355904;28155904;552067072;0;0;0;0;0;0;0;0;0;0;0;2906;0;0;0;0;0;0;
27910;3672025;591355904;28155904;552067072;0;0;0;0;0;0;0;0;0;0;0;4078;0;0;0;0;0;0;
27911;5379127;591355904;28155904;552067072;0;0;0;0;0;0;0;0;0;0;0;3236;0;0;0;0;0;0;
27912;4462878;591355904;28155904;552067072;0;0;0;0;0;0;0;0;0;0;0;5540;0;0;0;0;0;0;
27913;5575675;591355904;28155904;552067072;0;0;0;0;0;0;0;0;0;0;0;3627;0;0;0;0;0;0;
27914;4168396;591355904;28155904;552067072;0;0;0;0;0;0;0;0;0;0;0;8796;0;0;0;0;0;0;
27915;5696121;591355904;28155904;552067072;0;0;0;0;0;0;0;0;0;0;0;6362;0;0;0;0;0;0;
27916;4032361;591355904;28155904;552067072;0;0;0;0;0;0;0;0;0;0;0;3327;0;0;0;0;0;0;
27917;6080080;591355904;28155904;552067072;0;0;0;0;0;0;0;0;0;0;0;4549;0;0;0;0;0;0;
27918;4549731;591355904;28155904;552067072;0;0;0;0;0;0;0;0;0;0;0;8186;0;0;0;0;0;0;
27919;5513237;591355904;28155904;552067072;0;0;0;0;0;0;0;0;0;0;0;3356;0;0;0;0;0;0;
27920;4164900;591355904;28155904;552067072;0;0;0;0;0;0;0;0;0;0;0;3997;0;0;0;0;0;0;
27921;5570024;591355904;28155904;552067072;0;0;0;0;0;0;0;0;0;0;0;5620;0;0;0;0;0;0;
27922;4096131;591355904;28155904;552067072;0;0;0;0;0;0;0;0;0;0;0;3486;0;0;0;0;0;0;
27923;8454102;591355904;28155904;552067072;0;0;0;0;0;0;0;0;0;0;0;4178;0;0;0;0;0;0;
27924;10977032;591355904;28155904;552067072;0;0;0;0;0;0;0;0;0;0;0;3907;0;0;0;0;0;0;
27925;6266190;591355904;28155904;552067072;0;0;0;0;0;0;0;0;0;0;0;4719;0;0;0;0;0;0;
27926;4427141;591355904;28155904;552067072;0;0;0;0;0;0;0;0;0;0;0;3747;0;0;0;0;0;0;
27927;5496176;591355904;28155904;552067072;0;0;0;0;0;0;0;0;0;0;0;4137;0;0;0;0;0;0;
27928;4433884;591355904;28155904;552067072;0;0;0;0;0;0;0;0;0;0;0;9809;0;0;0;0;0;0;
27929;5242179;591355904;28155904;552067072;0;0;0;0;0;0;0;0;0;0;0;3476;0;0;0;0;0;0;
27930;4417122;591355904;28155904;552067072;0;0;0;0;0;0;0;0;0;0;0;5921;0;0;0;0;0;0;
27931;4911770;591355904;28155904;552067072;0;0;0;0;0;0;0;0;0;0;0;3327;0;0;0;0;0;0;
27932;4617498;591355904;28155904;552067072;0;0;0;0;0;0;0;0;0;0;0;4028;0;0;0;0;0;0;
27933;4747331;591355904;28155904;552067072;0;0;0;0;0;0;0;0;0;0;0;2424;0;0;0;0;0;0;
27934;4572774;591355904;28155904;552067072;0;0;0;0;0;0;0;0;0;0;0;4649;0;0;0;0;0;0;
27935;5005145;591355904;28155904;552067072;0;0;0;0;0;0;0;0;0;0;0;2975;0;0;0;0;0;0;
27936;4130635;591355904;28155904;552067072;0;0;0;0;0;0;0;0;0;0;0;4478;0;0;0;0;0;0;
27937;4977032;591355904;28155904;552067072;0;0;0;0;0;0;0;0;0;0;0;3277;0;0;0;0;0;0;
27938;4319389;591355904;28155904;552067072;0;0;0;0;0;0;0;0;0;0;0;4369;0;0;0;0;0;0;
27939;6097663;591355904;28155904;552067072;0;0;0;0;0;0;0;0;0;0;0;5330;0;0;0;0;0;0;
27940;4116188;591355904;28155904;552067072;0;0;0;0;0;0;0;0;0;0;0;5380;0;0;0;0;0;0;
27941;5981285;591355904;28155904;552067072;0;0;0;0;0;0;0;0;0;0;0;5130;0;0;0;0;0;0;
27942;3553804;591355904;28155904;552067072;0;0;0;0;0;0;0;0;0;0;0;4088;0;0;0;0;0;0;
27943;6030398;591355904;28155904;552067072;0;0;0;0;0;0;0;0;0;0;0;4128;0;0;0;0;0;0;
27944;3696762;591355904;28155904;552067072;0;0;0;0;0;0;0;0;0;0;0;5831;0;0;0;0;0;0;
27945;5537614;591355904;28155904;552067072;0;0;0;0;0;0;0;0;0;0;0;4167;0;0;0;0;0;0;
27946;3687494;591355904;28155904;552067072;0;0;0;0;0;0;0;0;0;0;0;4648;0;0;0;0;0;0;
27947;5444499;591355904;28155904;552067072;0;0;0;0;0;0;0;0;0;0;0;4728;0;0;0;0;0;0;
27948;3303946;591355904;28155904;552067072;0;0;0;0;0;0;0;0;0;0;0;3406;0;0;0;0;0;0;
27949;5237441;591355904;28155904;552067072;0;0;0;0;0;0;0;0;0;0;0;4478;0;0;0;0;0;0;
27950;3507307;591355904;28155904;552067072;0;0;0;0;0;0;0;0;0;0;0;5009;0;0;0;0;0;0;
27951;5244093;591355904;28155904;552067072;0;0;0;0;0;0;0;0;0;0;0;5650;0;0;0;0;0;0;
27952;4677360;591355904;28155904;552067072;0;0;0;0;0;0;0;0;0;0;0;4278;0;0;0;0;0;0;
27953;5951390;591355904;28155904;552067072;0;0;0;0;0;0;0;0;0;0;0;6482;0;0;0;0;0;0;
27954;3720526;591355904;28155904;552067072;0;0;0;0;0;0;0;0;0;0;0;6262;0;0;0;0;0;0;
27955;5404664;591355904;28155904;552067072;0;0;0;0;0;0;0;0;0;0;0;3967;0;0;0;0;0;0;
27956;3760280;591355904;28155904;552067072;0;0;0;0;0;0;0;0;0;0;0;9207;0;0;0;0;0;0;
27957;5261706;591355904;28155904;552067072;0;0;0;0;0;0;0;0;0;0;0;3366;0;0;0;0;0;0;
27958;3317711;591355904;28155904;552067072;0;0;0;0;0;0;0;0;0;0;0;4378;0;0;0;0;0;0;
27959;4934292;591355904;28155904;552067072;0;0;0;0;0;0;0;0;0;0;0;3486;0;0;0;0;0;0;
27960;4114906;591355904;28155904;552067072;0;0;0;0;0;0;0;0;0;0;0;5079;0;0;0;0;0;0;
27961;5395617;591355904;28155904;552067072;0;0;0;0;0;0;0;0;0;0;0;4959;0;0;0;0;0;0;
27962;3875156;591355904;28155904;552067072;0;0;0;0;0;0;0;0;0;0;0;4278;0;0;0;0;0;0;
27963;5453064;591355904;28155904;552067072;0;0;0;0;0;0;0;0;0;0;0;3106;0;0;0;0;0;0;
27964;4628047;591355904;28155904;552067072;0;0;0;0;0;0;0;0;0;0;0;3967;0;0;0;0;0;0;
27965;4908874;591355904;28155904;552067072;0;0;0;0;0;0;0;0;0;0;0;3236;0;0;0;0;0;0;
27966;3999589;591355904;28155904;552067072;0;0;0;0;0;0;0;0;0;0;0;3887;0;0;0;0;0;0;
27967;5137864;591355904;28155904;552067072;0;0;0;0;0;0;0;0;0;0;0;3236;0;0;0;0;0;0;
27968;4491942;591355904;28155904;552067072;0;0;0;0;0;0;0;0;0;0;0;3697;0;0;0;0;0;0;
27969;5072851;591355904;28155904;552067072;0;0;0;0;0;0;0;0;0;0;0;3406;0;0;0;0;0;0;
27970;3680170;591355904;28155904;552067072;0;0;0;0;0;0;0;0;0;0;0;4328;0;0;0;0;0;0;
27971;5532765;591355904;28155904;552067072;0;0;0;0;0;0;0;0;0;0;0;3747;0;0;0;0;0;0;
27972;4174738;591355904;28155904;552067072;0;0;0;0;0;0;0;0;0;0;0;3928;0;0;0;0;0;0;
27973;5448025;591355904;28155904;552067072;0;0;0;0;0;0;0;0;0;0;0;3857;0;0;0;0;0;0;
27974;3444348;591355904;28155904;552067072;0;0;0;0;0;0;0;0;0;0;0;3486;0;0;0;0;0;0;
27975;5361694;591355904;28155904;552067072;0;0;0;0;0;0;0;0;0;0;0;5000;0;0;0;0;0;0;
27976;3599369;591355904;28155904;552067072;0;0;0;0;0;0;0;0;0;0;0;4519;0;0;0;0;0;0;
27977;5368887;591355904;28155904;552067072;0;0;0;0;0;0;0;0;0;0;0;5360;0;0;0;0;0;0;
27978;3623674;591355904;28155904;552067072;0;0;0;0;0;0;0;0;0;0;0;4709;0;0;0;0;0;0;
27979;5373315;591355904;28155904;552067072;0;0;0;0;0;0;0;0;0;0;0;6582;0;0;0;0;0;0;
27980;3902848;591355904;28155904;552067072;0;0;0;0;0;0;0;0;0;0;0;4518;0;0;0;0;0;0;
27981;5891217;591355904;28155904;552067072;0;0;0;0;0;0;0;0;0;0;0;4128;0;0;0;0;0;0;
27982;4556604;591355904;28155904;552067072;0;0;0;0;0;0;0;0;0;0;0;6242;0;0;0;0;0;0;
27983;5608146;591355904;28155904;552067072;0;0;0;0;0;0;0;0;0;0;0;4338;0;0;0;0;0;0;
27984;4589194;591355904;28155904;552067072;0;0;0;0;0;0;0;0;0;0;0;7654;0;0;0;0;0;0;
27985;4878046;591355904;28155904;552067072;0;0;0;0;0;0;0;0;0;0;0;3536;0;0;0;0;0;0;
27986;4257513;591355904;28155904;552067072;0;0;0;0;0;0;0;0;0;0;0;10459;0;0;0;0;0;0;
27987;4871484;591355904;28155904;552067072;0;0;0;0;0;0;0;0;0;0;0;2915;0;0;0;0;0;0;
27988;4643506;591355904;28155904;552067072;0;0;0;0;0;0;0;0;0;0;0;3266;0;0;0;0;0;0;
27989;5716719;591355904;28155904;552067072;0;0;0;0;0;0;0;0;0;0;0;3516;0;0;0;0;0;0;
27990;4781867;591355904;28155904;552067072;0;0;0;0;0;0;0;0;0;0;0;4147;0;0;0;0;0;0;
27991;5085886;591355904;28155904;552067072;0;0;0;0;0;0;0;0;0;0;0;3947;0;0;0;0;0;0;
27992;4370295;591355904;28155904;552067072;0;0;0;0;0;0;0;0;0;0;0;3637;0;0;0;0;0;0;
27993;5166718;591355904;28155904;552067072;0;0;0;0;0;0;0;0;0;0;0;4719;0;0;0;0;0;0;
27994;4053080;591355904;28155904;552067072;0;0;0;0;0;0;0;0;0;0;0;4919;0;0;0;0;0;0;
27995;5567410;591355904;28155904;552067072;0;0;0;0;0;0;0;0;0;0;0;4909;0;0;0;0;0;0;
27996;4354686;591355904;28155904;552067072;0;0;0;0;0;0;0;0;0;0;0;4378;0;0;0;0;0;0;
27997;5405104;591355904;28155904;552067072;0;0;0;0;0;0;0;0;0;0;0;5310;0;0;0;0;0;0;
27998;3980113;591355904;28155904;552067072;0;0;0;0;0;0;0;0;0;0;0;3356;0;0;0;0;0;0;
27999;5514560;591355904;28155904;552067072;0;0;0;0;0;0;0;0;0;0;0;3416;0;0;0;0;0;0;
28000;4940334;591355904;28155904;552067072;0;0;0;0;0;0;0;0;0;0;0;3747;0;0;0;0;0;0;
28001;5064486;591355904;28155904;552067072;0;0;0;0;0;0;0;0;0;0;0;3737;0;0;0;0;0;0;
28002;5513448;591355904;28155904;552067072;0;0;0;0;0;0;0;0;0;0;0;4047;0;0;0;0;0;0;
28003;5709004;591355904;28155904;552067072;0;0;0;0;0;0;0;0;0;0;0;5220;0;0;0;0;0;0;
28004;3868123;591355904;28155904;552067072;0;0;0;0;0;0;0;0;0;0;0;3406;0;0;0;0;0;0;
28005;4623329;591355904;28155904;552067072;0;0;0;0;0;0;0;0;0;0;0;3256;0;0;0;0;0;0;
28006;3862132;591355904;28155904;552067072;0;0;0;0;0;0;0;0;0;0;0;4097;0;0;0;0;0;0;
28007;4942768;591355904;28155904;552067072;0;0;0;0;0;0;0;0;0;0;0;3747;0;0;0;0;0;0;
28008;4621886;591355904;28155904;552067072;0;0;0;0;0;0;0;0;0;0;0;4078;0;0;0;0;0;0;
28009;4813576;591355904;28155904;552067072;0;0;0;0;0;0;0;0;0;0;0;2986;0;0;0;0;0;0;
28010;3892118;591355904;28155904;552067072;0;0;0;0;0;0;0;0;0;0;0;3757;0;0;0;0;0;0;
28011;5339351;591355904;28155904;552067072;0;0;0;0;0;0;0;0;0;0;0;3838;0;0;0;0;0;0;
28012;4712807;591355904;28155904;552067072;0;0;0;0;0;0;0;0;0;0;0;3737;0;0;0;0;0;0;
28013;5682875;591355904;28155904;552067072;0;0;0;0;0;0;0;0;0;0;0;4157;0;0;0;0;0;0;
28014;4414628;591355904;28155904;552067072;0;0;0;0;0;0;0;0;0;0;0;3657;0;0;0;0;0;0;
28015;5225949;591355904;28155904;552067072;0;0;0;0;0;0;0;0;0;0;0;3146;0;0;0;0;0;0;
28016;4430808;591355904;28155904;552067072;0;0;0;0;0;0;0;0;0;0;0;3587;0;0;0;0;0;0;
28017;5068173;591355904;28164096;552075264;0;0;0;0;0;0;0;0;0;0;0;5230;0;0;0;0;0;0;
28018;3837185;591355904;28164096;552075264;0;0;0;0;0;0;0;0;0;0;0;4429;0;0;0;0;0;0;
28019;4719048;591355904;28164096;552075264;0;0;0;0;0;0;0;0;0;0;0;2905;0;0;0;0;0;0;
28020;4145352;591355904;28164096;552075264;0;0;0;0;0;0;0;0;0;0;0;4779;0;0;0;0;0;0;
28021;5530760;591355904;28164096;552075264;0;0;0;0;0;0;0;0;0;0;0;2975;0;0;0;0;0;0;
28022;5003702;591355904;28164096;552075264;0;0;0;0;0;0;0;0;0;0;0;4628;0;0;0;0;0;0;
28023;4858299;591355904;28164096;552075264;0;0;0;0;0;0;0;0;0;0;0;3166;0;0;0;0;0;0;
28024;4888376;591544320;28155904;552067072;0;0;0;0;0;0;0;0;0;0;0;4008;0;0;0;0;0;0;
28025;4988373;591544320;28155904;552067072;0;0;0;0;0;0;0;0;0;0;0;2816;0;0;0;0;0;0;
28026;4721463;591544320;28155904;552067072;0;0;0;0;0;0;0;0;0;0;0;4318;0;0;0;0;0;0;
28027;6782758;597352448;42524672;566435840;0;0;0;0;0;0;0;0;0;0;0;4678;0;0;0;0;0;0;
28028;4385362;597352448;42524672;566435840;0;0;0;0;0;0;0;0;0;0;0;3978;0;0;0;0;0;0;
28029;5554425;601546752;42524672;566435840;0;0;0;0;0;0;0;0;0;0;0;4098;0;0;0;0;0;0;
28030;3842104;601546752;42524672;566435840;0;0;0;0;0;0;0;0;0;0;0;4028;0;0;0;0;0;0;
28031;5499091;601546752;42524672;566435840;0;0;0;0;0;0;0;0;0;0;0;4008;0;0;0;0;0;0;
28032;5024391;601546752;42524672;566435840;0;0;0;0;0;0;0;0;0;0;0;3757;0;0;0;0;0;0;
28033;6274495;601546752;42524672;566435840;0;0;0;0;0;0;0;0;0;0;0;6031;0;0;0;0;0;0;
28034;4788168;586911744;27709440;551620608;0;0;0;0;0;0;0;0;0;0;0;5070;0;0;0;0;0;0;
28035;5252128;586911744;27709440;551620608;0;0;0;0;0;0;0;0;0;0;0;4328;0;0;0;0;0;0;
28036;4102503;586911744;27709440;551620608;0;0;0;0;0;0;0;0;0;0;0;4739;0;0;0;0;0;0;
28037;5527484;586911744;27709440;551620608;0;0;0;0;0;0;0;0;0;0;0;4708;0;0;0;0;0;0;
28038;4587462;586911744;27709440;551620608;0;0;0;0;0;0;0;0;0;0;0;4849;0;0;0;0;0;0;
28039;5422928;586911744;27709440;551620608;0;0;0;0;0;0;0;0;0;0;0;4278;0;0;0;0;0;0;
28040;4166593;586911744;27709440;551620608;0;0;0;0;0;0;0;0;0;0;0;4850;0;0;0;0;0;0;
28041;5510633;586911744;27709440;551620608;0;0;0;0;0;0;0;0;0;0;0;3356;0;0;0;0;0;0;
28042;4600285;586911744;27709440;551620608;0;0;0;0;0;0;0;0;0;0;0;4468;0;0;0;0;0;0;
28043;5935770;586911744;27709440;551620608;0;0;0;0;0;0;0;0;0;0;0;4759;0;0;0;0;0;0;
28044;3752125;586911744;27709440;551620608;0;0;0;0;0;0;0;0;0;0;0;3737;0;0;0;0;0;0;
28045;6123532;586911744;27709440;551620608;0;0;0;0;0;0;0;0;0;0;0;4118;0;0;0;0;0;0;
28046;4219872;586911744;27709440;551620608;0;0;0;0;0;0;0;0;0;0;0;6312;0;0;0;0;0;0;
28047;5836053;586911744;27709440;551620608;0;0;0;0;0;0;0;0;0;0;0;3566;0;0;0;0;0;0;
28048;4048462;586911744;27709440;551620608;0;0;0;0;0;0;0;0;0;0;0;4408;0;0;0;0;0;0;
28049;5712321;586911744;27709440;551620608;0;0;0;0;0;0;0;0;0;0;0;3897;0;0;0;0;0;0;
28050;4021611;586911744;27709440;551620608;0;0;0;0;0;0;0;0;0;0;0;4067;0;0;0;0;0;0;
28051;6600015;592719872;42524672;566435840;0;0;0;0;0;0;0;0;0;0;0;5310;0;0;0;0;0;0;
28052;3832917;592719872;42524672;566435840;0;0;0;0;0;0;0;0;0;0;0;5049;0;0;0;0;0;0;
28053;7084394;596914176;42524672;566435840;0;0;0;0;0;0;0;0;0;0;0;4819;0;0;0;0;0;0;
28054;4146175;596914176;42524672;566435840;0;0;0;0;0;0;0;0;0;0;0;5010;0;0;0;0;0;0;
28055;5849698;596914176;42524672;566435840;0;0;0;0;0;0;0;0;0;0;0;4558;0;0;0;0;0;0;
28056;4629711;596914176;42524672;566435840;0;0;0;0;0;0;0;0;0;0;0;4328;0;0;0;0;0;0;
28057;5681263;596914176;42524672;566435840;0;0;0;0;0;0;0;0;0;0;0;4809;0;0;0;0;0;0;
28058;4696616;586887168;28155904;552067072;0;0;0;0;0;0;0;0;0;0;0;3347;0;0;0;0;0;0;
28059;5766904;586887168;28155904;552067072;0;0;0;0;0;0;0;0;0;0;0;5431;0;0;0;0;0;0;
28060;5456000;586887168;28155904;552067072;0;0;0;0;0;0;0;0;0;0;0;6903;0;0;0;0;0;0;
28061;5210971;586887168;28155904;552067072;0;0;0;0;0;0;0;0;0;0;0;3397;0;0;0;0;0;0;
28062;4180799;586887168;28155904;552067072;0;0;0;0;0;0;0;0;0;0;0;4579;0;0;0;0;0;0;
28063;5679038;586887168;28155904;552067072;0;0;0;0;0;0;0;0;0;0;0;3868;0;0;0;0;0;0;
28064;5354990;586887168;28155904;552067072;0;0;0;0;0;0;0;0;0;0;0;4448;0;0;0;0;0;0;
28065;6181230;586887168;28155904;552067072;0;0;0;0;0;0;0;0;0;0;0;2505;0;0;0;0;0;0;
28066;4087855;586887168;28155904;552067072;0;0;0;0;0;0;0;0;0;0;0;5030;0;0;0;0;0;0;
28067;5163351;586887168;28155904;552067072;0;0;0;0;0;0;0;0;0;0;0;4128;0;0;0;0;0;0;
28068;3676894;586887168;28155904;552067072;0;0;0;0;0;0;0;0;0;0;0;6873;0;0;0;0;0;0;
28069;4845115;586887168;28155904;552067072;0;0;0;0;0;0;0;0;0;0;0;3306;0;0;0;0;0;0;
28070;3467322;586887168;28155904;552067072;0;0;0;0;0;0;0;0;0;0;0;4288;0;0;0;0;0;0;
28071;5430102;586887168;28155904;552067072;0;0;0;0;0;0;0;0;0;0;0;3857;0;0;0;0;0;0;
28072;3377643;586887168;28155904;552067072;0;0;0;0;0;0;0;0;0;0;0;5199;0;0;0;0;0;0;
28073;5264010;586887168;28155904;552067072;0;0;0;0;0;0;0;0;0;0;0;5119;0;0;0;0;0;0;
28074;3619166;586887168;28155904;552067072;0;0;0;0;0;0;0;0;0;0;0;4539;0;0;0;0;0;0;
28075;6246642;592695296;42524672;566435840;0;0;0;0;0;0;0;0;0;0;0;4097;0;0;0;0;0;0;
28076;3473142;592695296;42524672;566435840;0;0;0;0;0;0;0;0;0;0;0;4368;0;0;0;0;0;0;
28077;5955076;596889600;42524672;566435840;0;0;0;0;0;0;0;0;0;0;0;4719;0;0;0;0;0;0;
28078;4073689;596889600;42524672;566435840;0;0;0;0;0;0;0;0;0;0;0;5170;0;0;0;0;0;0;
28079;5515692;596889600;42524672;566435840;0;0;0;0;0;0;0;0;0;0;0;4278;0;0;0;0;0;0;
28080;5070307;596889600;42524672;566435840;0;0;0;0;0;0;0;0;0;0;0;4358;0;0;0;0;0;0;
28081;5371532;596889600;42524672;566435840;0;0;0;0;0;0;0;0;0;0;0;4378;0;0;0;0;0;0;
28082;4871725;586919936;27709440;551620608;0;0;0;0;0;0;0;0;0;0;0;7033;0;0;0;0;0;0;
28083;4901069;586919936;27709440;551620608;0;0;0;0;0;0;0;0;0;0;0;3958;0;0;0;0;0;0;
28084;4544692;586919936;27709440;551620608;0;0;0;0;0;0;0;0;0;0;0;4178;0;0;0;0;0;0;
28085;4997340;586919936;27709440;551620608;0;0;0;0;0;0;0;0;0;0;0;2605;0;0;0;0;0;0;
28086;4674024;586919936;27709440;551620608;0;0;0;0;0;0;0;0;0;0;0;4108;0;0;0;0;0;0;
28087;5948985;586919936;27709440;551620608;0;0;0;0;0;0;0;0;0;0;0;4248;0;0;0;0;0;0;
28088;4024917;586919936;27709440;551620608;0;0;0;0;0;0;0;0;0;0;0;3116;0;0;0;0;0;0;
28089;6598423;586919936;27709440;551620608;0;0;0;0;0;0;0;0;0;0;0;4027;0;0;0;0;0;0;
28090;3582297;586919936;27709440;551620608;0;0;0;0;0;0;0;0;0;0;0;4028;0;0;0;0;0;0;
28091;5265723;586919936;27709440;551620608;0;0;0;0;0;0;0;0;0;0;0;4599;0;0;0;0;0;0;
28092;3579061;586919936;27709440;551620608;0;0;0;0;0;0;0;0;0;0;0;4358;0;0;0;0;0;0;
28093;5485736;586919936;27709440;551620608;0;0;0;0;0;0;0;0;0;0;0;4579;0;0;0;0;0;0;
28094;4078457;586919936;27709440;551620608;0;0;0;0;0;0;0;0;0;0;0;4830;0;0;0;0;0;0;
28095;5179762;586919936;27709440;551620608;0;0;0;0;0;0;0;0;0;0;0;3056;0;0;0;0;0;0;
28096;3247679;586919936;27709440;551620608;0;0;0;0;0;0;0;0;0;0;0;4488;0;0;0;0;0;0;
28097;5729152;586919936;27709440;551620608;0;0;0;0;0;0;0;0;0;0;0;3938;0;0;0;0;0;0;
28098;3098991;586919936;27709440;551620608;0;0;0;0;0;0;0;0;0;0;0;4178;0;0;0;0;0;0;
28099;5639755;586919936;27709440;551620608;0;0;0;0;0;0;0;0;0;0;0;5721;0;0;0;0;0;0;
28100;3246638;586919936;27709440;551620608;0;0;0;0;0;0;0;0;0;0;0;4509;0;0;0;0;0;0;
28101;5382643;586919936;27709440;551620608;0;0;0;0;0;0;0;0;0;0;0;5551;0;0;0;0;0;0;
28102;3912045;586919936;27709440;551620608;0;0;0;0;0;0;0;0;0;0;0;3888;0;0;0;0;0;0;
28103;5535369;586919936;27709440;551620608;0;0;0;0;0;0;0;0;0;0;0;8887;0;0;0;0;0;0;
28104;3568070;586919936;27709440;551620608;0;0;0;0;0;0;0;0;0;0;0;4198;0;0;0;0;0;0;
28105;4975730;586919936;27709440;551620608;0;0;0;0;0;0;0;0;0;0;0;4168;0;0;0;0;0;0;
28106;3490335;586919936;27709440;551620608;0;0;0;0;0;0;0;0;0;0;0;4118;0;0;0;0;0;0;
28107;4771436;586919936;27709440;551620608;0;0;0;0;0;0;0;0;0;0;0;2686;0;0;0;0;0;0;
28108;3799905;586919936;27709440;551620608;0;0;0;0;0;0;0;0;0;0;0;3617;0;0;0;0;0;0;
28109;4784030;586919936;27709440;551620608;0;0;0;0;0;0;0;0;0;0;0;3016;0;0;0;0;0;0;
28110;3968161;586919936;27709440;551620608;0;0;0;0;0;0;0;0;0;0;0;3637;0;0;0;0;0;0;
28111;4829576;586919936;27709440;551620608;0;0;0;0;0;0;0;0;0;0;0;3517;0;0;0;0;0;0;
28112;4466775;586919936;27709440;551620608;0;0;0;0;0;0;0;0;0;0;0;3276;0;0;0;0;0;0;
28113;4869320;586919936;27709440;551620608;0;0;0;0;0;0;0;0;0;0;0;3226;0;0;0;0;0;0;
28114;4304492;586919936;27709440;551620608;0;0;0;0;0;0;0;0;0;0;0;5160;0;0;0;0;0;0;
28115;5320216;586919936;27709440;551620608;0;0;0;0;0;0;0;0;0;0;0;4648;0;0;0;0;0;0;
28116;4971481;586919936;27709440;551620608;0;0;0;0;0;0;0;0;0;0;0;3877;0;0;0;0;0;0;
28117;5415605;586919936;27709440;551620608;0;0;0;0;0;0;0;0;0;0;0;3646;0;0;0;0;0;0;
28118;5017598;586919936;27709440;551620608;0;0;0;0;0;0;0;0;0;0;0;3667;0;0;0;0;0;0;
28119;5584250;586919936;27709440;551620608;0;0;0;0;0;0;0;0;0;0;0;4529;0;0;0;0;0;0;
28120;4977263;586919936;27709440;551620608;0;0;0;0;0;0;0;0;0;0;0;4388;0;0;0;0;0;0;
28121;4983794;586919936;27709440;551620608;0;0;0;0;0;0;0;0;0;0;0;2955;0;0;0;0;0;0;
28122;5384396;586919936;27709440;551620608;0;0;0;0;0;0;0;0;0;0;0;4248;0;0;0;0;0;0;
28123;5200561;586919936;27709440;551620608;0;0;0;0;0;0;0;0;0;0;0;2374;0;0;0;0;0;0;
28124;4232477;586919936;27709440;551620608;0;0;0;0;0;0;0;0;0;0;0;2855;0;0;0;0;0;0;
28125;5494653;586919936;27709440;551620608;0;0;0;0;0;0;0;0;0;0;0;3006;0;0;0;0;0;0;
28126;4502212;586919936;27709440;551620608;0;0;0;0;0;0;0;0;0;0;0;5180;0;0;0;0;0;0;
28127;5128075;586919936;27709440;551620608;0;0;0;0;0;0;0;0;0;0;0;2816;0;0;0;0;0;0;
28128;9992787;586919936;27709440;551620608;0;0;0;0;0;0;0;0;0;0;0;3827;0;0;0;0;0;0;
28129;7942132;586919936;27709440;551620608;0;0;0;0;0;0;0;0;0;0;0;2635;0;0;0;0;0;0;
28130;3318052;586919936;27709440;551620608;0;0;0;0;0;0;0;0;0;0;0;4759;0;0;0;0;0;0;
28131;5140990;586919936;27709440;551620608;0;0;0;0;0;0;0;0;0;0;0;3196;0;0;0;0;0;0;
28132;3531271;586919936;27709440;551620608;0;0;0;0;0;0;0;0;0;0;0;3236;0;0;0;0;0;0;
28133;4881222;586919936;27709440;551620608;0;0;0;0;0;0;0;0;0;0;0;2775;0;0;0;0;0;0;
28134;3925671;586919936;27713536;551624704;0;0;0;0;0;0;0;0;0;0;0;3496;0;0;0;0;0;0;
28135;4764524;586919936;27713536;551624704;0;0;0;0;0;0;0;0;0;0;0;2405;0;0;0;0;0;0;
28136;4639769;586919936;27713536;551624704;0;0;0;0;0;0;0;0;0;0;0;4007;0;0;0;0;0;0;
28137;5467482;586919936;27713536;551624704;0;0;0;0;0;0;0;0;0;0;0;2244;0;0;0;0;0;0;
28138;4636664;586919936;27713536;551624704;0;0;0;0;0;0;0;0;0;0;0;3517;0;0;0;0;0;0;
28139;5688797;586919936;27713536;551624704;0;0;0;0;0;0;0;0;0;0;0;2485;0;0;0;0;0;0;
28140;3647460;586919936;27713536;551624704;0;0;0;0;0;0;0;0;0;0;0;3356;0;0;0;0;0;0;
28141;5105222;586919936;27713536;551624704;0;0;0;0;0;0;0;0;0;0;0;2384;0;0;0;0;0;0;
28142;3738930;586919936;27713536;551624704;0;0;0;0;0;0;0;0;0;0;0;3777;0;0;0;0;0;0;
28143;5182838;586919936;27713536;551624704;0;0;0;0;0;0;0;0;0;0;0;2705;0;0;0;0;0;0;
28144;3343559;586919936;27713536;551624704;0;0;0;0;0;0;0;0;0;0;0;3927;0;0;0;0;0;0;
28145;4909926;586919936;27713536;551624704;0;0;0;0;0;0;0;0;0;0;0;3526;0;0;0;0;0;0;
28146;3681974;586919936;27713536;551624704;0;0;0;0;0;0;0;0;0;0;0;3566;0;0;0;0;0;0;
28147;5301911;586919936;27713536;551624704;0;0;0;0;0;0;0;0;0;0;0;3817;0;0;0;0;0;0;
28148;3743750;586919936;27713536;551624704;0;0;0;0;0;0;0;0;0;0;0;3757;0;0;0;0;0;0;
28149;5538334;586919936;27713536;551624704;0;0;0;0;0;0;0;0;0;0;0;3646;0;0;0;0;0;0;
28150;3648090;586919936;27713536;551624704;0;0;0;0;0;0;0;0;0;0;0;3156;0;0;0;0;0;0;
28151;5387762;586919936;27713536;551624704;0;0;0;0;0;0;0;0;0;0;0;4609;0;0;0;0;0;0;
28152;3893069;586919936;27713536;551624704;0;0;0;0;0;0;0;0;0;0;0;3577;0;0;0;0;0;0;
28153;5429601;586919936;27713536;551624704;0;0;0;0;0;0;0;0;0;0;0;6813;0;0;0;0;0;0;
28154;3795577;586919936;27713536;551624704;0;0;0;0;0;0;0;0;0;0;0;4689;0;0;0;0;0;0;
28155;5524489;586919936;27713536;551624704;0;0;0;0;0;0;0;0;0;0;0;4258;0;0;0;0;0;0;
28156;3589571;586919936;27713536;551624704;0;0;0;0;0;0;0;0;0;0;0;5551;0;0;0;0;0;0;
28157;5431995;586919936;27713536;551624704;0;0;0;0;0;0;0;0;0;0;0;5240;0;0;0;0;0;0;
28158;4067186;586919936;27713536;551624704;0;0;0;0;0;0;0;0;0;0;0;4588;0;0;0;0;0;0;
28159;5797731;586919936;27713536;551624704;0;0;0;0;0;0;0;0;0;0;0;5400;0;0;0;0;0;0;
28160;3949936;586919936;27713536;551624704;0;0;0;0;0;0;0;0;0;0;0;3577;0;0;0;0;0;0;
28161;6097393;586919936;27713536;551624704;0;0;0;0;0;0;0;0;0;0;0;3697;0;0;0;0;0;0;
28162;3917746;586919936;27713536;551624704;0;0;0;0;0;0;0;0;0;0;0;3998;0;0;0;0;0;0;
28163;5626710;586919936;27713536;551624704;0;0;0;0;0;0;0;0;0;0;0;3938;0;0;0;0;0;0;
28164;3384426;586919936;27713536;551624704;0;0;0;0;0;0;0;0;0;0;0;4579;0;0;0;0;0;0;
28165;5466950;586919936;27713536;551624704;0;0;0;0;0;0;0;0;0;0;0;3837;0;0;0;0;0;0;
28166;4558697;586919936;27713536;551624704;0;0;0;0;0;0;0;0;0;0;0;3937;0;0;0;0;0;0;
28167;5482530;586919936;27713536;551624704;0;0;0;0;0;0;0;0;0;0;0;3627;0;0;0;0;0;0;
28168;4225042;586919936;27713536;551624704;0;0;0;0;0;0;0;0;0;0;0;4829;0;0;0;0;0;0;
28169;6101080;586919936;27713536;551624704;0;0;0;0;0;0;0;0;0;0;0;4889;0;0;0;0;0;0;
28170;3894773;586919936;27713536;551624704;0;0;0;0;0;0;0;0;0;0;0;4228;0;0;0;0;0;0;
28171;5669481;586919936;27713536;551624704;0;0;0;0;0;0;0;0;0;0;0;4419;0;0;0;0;0;0;
28172;4459572;586919936;27713536;551624704;0;0;0;0;0;0;0;0;0;0;0;4899;0;0;0;0;0;0;
28173;5449498;586919936;27713536;551624704;0;0;0;0;0;0;0;0;0;0;0;4338;0;0;0;0;0;0;
28174;4008206;586919936;27713536;551624704;0;0;0;0;0;0;0;0;0;0;0;3376;0;0;0;0;0;0;
28175;6745308;592728064;42528768;566439936;0;0;0;0;0;0;0;0;0;0;0;3607;0;0;0;0;0;0;
28176;3961227;592728064;42528768;566439936;0;0;0;0;0;0;0;0;0;0;0;5280;0;0;0;0;0;0;
28177;5574382;596922368;42528768;566439936;0;0;0;0;0;0;0;0;0;0;0;5551;0;0;0;0;0;0;
28178;3705788;596922368;42528768;566439936;0;0;0;0;0;0;0;0;0;0;0;4348;0;0;0;0;0;0;
28179;5581255;596922368;42528768;566439936;0;0;0;0;0;0;0;0;0;0;0;3436;0;0;0;0;0;0;
28180;4254658;596922368;42528768;566439936;0;0;0;0;0;0;0;0;0;0;0;19917;0;0;0;0;0;0;
28181;6091592;596922368;42528768;566439936;0;0;0;0;0;0;0;0;0;0;0;4038;0;0;0;0;0;0;
28182;4272261;586911744;28160000;552071168;0;0;0;0;0;0;0;0;0;0;0;4799;0;0;0;0;0;0;
28183;5307772;586911744;28160000;552071168;0;0;0;0;0;0;0;0;0;0;0;3837;0;0;0;0;0;0;
28184;4257383;586911744;28160000;552071168;0;0;0;0;0;0;0;0;0;0;0;4348;0;0;0;0;0;0;
28185;5519208;586911744;28160000;552071168;0;0;0;0;0;0;0;0;0;0;0;5290;0;0;0;0;0;0;
28186;3645686;586911744;28160000;552071168;0;0;0;0;0;0;0;0;0;0;0;4949;0;0;0;0;0;0;
28187;5332128;586911744;28160000;552071168;0;0;0;0;0;0;0;0;0;0;0;4279;0;0;0;0;0;0;
28188;4138731;586911744;28160000;552071168;0;0;0;0;0;0;0;0;0;0;0;4799;0;0;0;0;0;0;
28189;5334362;586911744;28160000;552071168;0;0;0;0;0;0;0;0;0;0;0;5460;0;0;0;0;0;0;
28190;4067607;586911744;28160000;552071168;0;0;0;0;0;0;0;0;0;0;0;4238;0;0;0;0;0;0;
28191;6452759;586911744;28160000;552071168;0;0;0;0;0;0;0;0;0;0;0;3296;0;0;0;0;0;0;
28192;3739652;586911744;28160000;552071168;0;0;0;0;0;0;0;0;0;0;0;6201;0;0;0;0;0;0;
28193;5062102;586911744;28160000;552071168;0;0;0;0;0;0;0;0;0;0;0;3727;0;0;0;0;0;0;
28194;4588864;586911744;28160000;552071168;0;0;0;0;0;0;0;0;0;0;0;4038;0;0;0;0;0;0;
28195;5768326;586911744;28160000;552071168;0;0;0;0;0;0;0;0;0;0;0;3176;0;0;0;0;0;0;
28196;4049493;586911744;28160000;552071168;0;0;0;0;0;0;0;0;0;0;0;5631;0;0;0;0;0;0;
28197;5402169;586911744;28160000;552071168;0;0;0;0;0;0;0;0;0;0;0;4559;0;0;0;0;0;0;
28198;4638958;586911744;28160000;552071168;0;0;0;0;0;0;0;0;0;0;0;4108;0;0;0;0;0;0;
28199;5723161;592719872;42528768;566439936;0;0;0;0;0;0;0;0;0;0;0;3857;0;0;0;0;0;0;
28200;4831570;592719872;42528768;566439936;0;0;0;0;0;0;0;0;0;0;0;4318;0;0;0;0;0;0;
28201;5067481;596914176;42528768;566439936;0;0;0;0;0;0;0;0;0;0;0;3647;0;0;0;0;0;0;
28202;4893846;596914176;42528768;566439936;0;0;0;0;0;0;0;0;0;0;0;3005;0;0;0;0;0;0;
28203;5204529;596914176;42528768;566439936;0;0;0;0;0;0;0;0;0;0;0;2926;0;0;0;0;0;0;
28204;5029140;596914176;42528768;566439936;0;0;0;0;0;0;0;0;0;0;0;3677;0;0;0;0;0;0;
28205;4880842;596914176;42528768;566439936;0;0;0;0;0;0;0;0;0;0;0;2675;0;0;0;0;0;0;
28206;5279870;586944512;27713536;551624704;0;0;0;0;0;0;0;0;0;0;0;3818;0;0;0;0;0;0;
28207;5517485;586944512;27713536;551624704;0;0;0;0;0;0;0;0;0;0;0;3426;0;0;0;0;0;0;
28208;6230102;586944512;27713536;551624704;0;0;0;0;0;0;0;0;0;0;0;3987;0;0;0;0;0;0;
28209;6062227;586944512;27713536;551624704;0;0;0;0;0;0;0;0;0;0;0;4458;0;0;0;0;0;0;
28210;5537704;586944512;27713536;551624704;0;0;0;0;0;0;0;0;0;0;0;3857;0;0;0;0;0;0;
28211;5667767;586944512;27713536;551624704;0;0;0;0;0;0;0;0;0;0;0;5179;0;0;0;0;0;0;
28212;4711074;586944512;27713536;551624704;0;0;0;0;0;0;0;0;0;0;0;3557;0;0;0;0;0;0;
28213;5922805;586944512;27713536;551624704;0;0;0;0;0;0;0;0;0;0;0;3626;0;0;0;0;0;0;
28214;4419287;586944512;27713536;551624704;0;0;0;0;0;0;0;0;0;0;0;4198;0;0;0;0;0;0;
28215;5535990;586944512;27713536;551624704;0;0;0;0;0;0;0;0;0;0;0;3917;0;0;0;0;0;0;
28216;4301155;586944512;27713536;551624704;0;0;0;0;0;0;0;0;0;0;0;3687;0;0;0;0;0;0;
28217;5510973;586944512;27713536;551624704;0;0;0;0;0;0;0;0;0;0;0;4498;0;0;0;0;0;0;
28218;4508744;586944512;27713536;551624704;0;0;0;0;0;0;0;0;0;0;0;9257;0;0;0;0;0;0;
28219;4952676;586944512;27713536;551624704;0;0;0;0;0;0;0;0;0;0;0;3396;0;0;0;0;0;0;
28220;4871925;586944512;27713536;551624704;0;0;0;0;0;0;0;0;0;0;0;5591;0;0;0;0;0;0;
28221;5339562;586944512;27717632;551628800;0;0;0;0;0;0;0;0;0;0;0;3817;0;0;0;0;0;0;
28222;4331632;586944512;27721728;551632896;0;0;0;0;0;0;0;0;0;0;0;5120;0;0;0;0;0;0;
28223;5894121;592752640;42536960;566448128;0;0;0;0;0;0;0;0;0;0;0;3827;0;0;0;0;0;0;
28224;4184496;592752640;42536960;566448128;0;0;0;0;0;0;0;0;0;0;0;4990;0;0;0;0;0;0;
28225;5270663;596946944;42536960;566448128;0;0;0;0;0;0;0;0;0;0;0;3436;0;0;0;0;0;0;
28226;4261581;596946944;42536960;566448128;0;0;0;0;0;0;0;0;0;0;0;5561;0;0;0;0;0;0;
28227;5234395;596946944;42536960;566448128;0;0;0;0;0;0;0;0;0;0;0;3727;0;0;0;0;0;0;
28228;4284323;597094400;42528768;566439936;0;0;0;0;0;0;0;0;0;0;0;5861;0;0;0;0;0;0;
28229;4883787;597094400;42528768;566439936;0;0;0;0;0;0;0;0;0;0;0;3807;0;0;0;0;0;0;
28230;4219813;586919936;28160000;552071168;0;0;0;0;0;0;0;0;0;0;0;5710;0;0;0;0;0;0;
28231;4976360;586919936;28160000;552071168;0;0;0;0;0;0;0;0;0;0;0;3086;0;0;0;0;0;0;
28232;4107121;586919936;28160000;552071168;0;0;0;0;0;0;0;0;0;0;0;4849;0;0;0;0;0;0;
28233;5733841;586919936;28160000;552071168;0;0;0;0;0;0;0;0;0;0;0;3146;0;0;0;0;0;0;
28234;3958222;586919936;28160000;552071168;0;0;0;0;0;0;0;0;0;0;0;3958;0;0;0;0;0;0;
28235;5731838;586919936;28160000;552071168;0;0;0;0;0;0;0;0;0;0;0;3907;0;0;0;0;0;0;
28236;4230352;586919936;28160000;552071168;0;0;0;0;0;0;0;0;0;0;0;3587;0;0;0;0;0;0;
28237;6231695;586919936;28160000;552071168;0;0;0;0;0;0;0;0;0;0;0;3897;0;0;0;0;0;0;
28238;3831945;586919936;28160000;552071168;0;0;0;0;0;0;0;0;0;0;0;4839;0;0;0;0;0;0;
28239;5705939;586919936;28160000;552071168;0;0;0;0;0;0;0;0;0;0;0;3407;0;0;0;0;0;0;
28240;4300995;586919936;28160000;552071168;0;0;0;0;0;0;0;0;0;0;0;5100;0;0;0;0;0;0;
28241;5389696;586919936;28160000;552071168;0;0;0;0;0;0;0;0;0;0;0;4318;0;0;0;0;0;0;
28242;4374843;586919936;28160000;552071168;0;0;0;0;0;0;0;0;0;0;0;5981;0;0;0;0;0;0;
28243;5386119;586919936;28160000;552071168;0;0;0;0;0;0;0;0;0;0;0;3347;0;0;0;0;0;0;
28244;5038367;586919936;28160000;552071168;0;0;0;0;0;0;0;0;0;0;0;4679;0;0;0;0;0;0;
28245;4894267;586919936;28160000;552071168;0;0;0;0;0;0;0;0;0;0;0;3136;0;0;0;0;0;0;
28246;5878062;586919936;28160000;552071168;0;0;0;0;0;0;0;0;0;0;0;4619;0;0;0;0;0;0;
28247;4755987;586919936;28160000;552071168;0;0;0;0;0;0;0;0;0;0;0;3055;0;0;0;0;0;0;
28248;4612117;586919936;28160000;552071168;0;0;0;0;0;0;0;0;0;0;0;3527;0;0;0;0;0;0;
28249;5191475;586919936;28160000;552071168;0;0;0;0;0;0;0;0;0;0;0;3937;0;0;0;0;0;0;
28250;4993092;586919936;28160000;552071168;0;0;0;0;0;0;0;0;0;0;0;4399;0;0;0;0;0;0;
28251;5892709;586919936;28160000;552071168;0;0;0;0;0;0;0;0;0;0;0;4248;0;0;0;0;0;0;
28252;4546334;586919936;28160000;552071168;0;0;0;0;0;0;0;0;0;0;0;4579;0;0;0;0;0;0;
28253;5223624;586919936;28160000;552071168;0;0;0;0;0;0;0;0;0;0;0;4649;0;0;0;0;0;0;
28254;4152677;586919936;28160000;552071168;0;0;0;0;0;0;0;0;0;0;0;4588;0;0;0;0;0;0;
28255;5792902;586919936;28160000;552071168;0;0;0;0;0;0;0;0;0;0;0;4268;0;0;0;0;0;0;
28256;5153022;586919936;28160000;552071168;0;0;0;0;0;0;0;0;0;0;0;4078;0;0;0;0;0;0;
28257;5765260;586919936;28160000;552071168;0;0;0;0;0;0;0;0;0;0;0;4359;0;0;0;0;0;0;
28258;5375339;586919936;28160000;552071168;0;0;0;0;0;0;0;0;0;0;0;3497;0;0;0;0;0;0;
28259;5476890;586919936;28160000;552071168;0;0;0;0;0;0;0;0;0;0;0;3316;0;0;0;0;0;0;
28260;5169533;586919936;28160000;552071168;0;0;0;0;0;0;0;0;0;0;0;3707;0;0;0;0;0;0;
28261;5607264;586919936;28160000;552071168;0;0;0;0;0;0;0;0;0;0;0;2234;0;0;0;0;0;0;
28262;4576231;586919936;28160000;552071168;0;0;0;0;0;0;0;0;0;0;0;3216;0;0;0;0;0;0;
28263;5388204;586919936;28160000;552071168;0;0;0;0;0;0;0;0;0;0;0;2355;0;0;0;0;0;0;
28264;4075512;586919936;28160000;552071168;0;0;0;0;0;0;0;0;0;0;0;3296;0;0;0;0;0;0;
28265;4693320;586919936;28160000;552071168;0;0;0;0;0;0;0;0;0;0;0;2685;0;0;0;0;0;0;
28266;4610385;586919936;28160000;552071168;0;0;0;0;0;0;0;0;0;0;0;3166;0;0;0;0;0;0;
28267;5143504;586919936;28160000;552071168;0;0;0;0;0;0;0;0;0;0;0;3196;0;0;0;0;0;0;
28268;4105649;586919936;28160000;552071168;0;0;0;0;0;0;0;0;0;0;0;3517;0;0;0;0;0;0;
28269;5201263;586919936;28160000;552071168;0;0;0;0;0;0;0;0;0;0;0;2745;0;0;0;0;0;0;
28270;4010620;586919936;28160000;552071168;0;0;0;0;0;0;0;0;0;0;0;3737;0;0;0;0;0;0;
28271;5040010;586919936;28160000;552071168;0;0;0;0;0;0;0;0;0;0;0;2505;0;0;0;0;0;0;
28272;3966056;586919936;28160000;552071168;0;0;0;0;0;0;0;0;0;0;0;4088;0;0;0;0;0;0;
28273;5015384;586919936;28160000;552071168;0;0;0;0;0;0;0;0;0;0;0;2344;0;0;0;0;0;0;
28274;5224897;586919936;28160000;552071168;0;0;0;0;0;0;0;0;0;0;0;3987;0;0;0;0;0;0;
28275;5430883;586919936;28160000;552071168;0;0;0;0;0;0;0;0;0;0;0;3326;0;0;0;0;0;0;
28276;3747046;586919936;28160000;552071168;0;0;0;0;0;0;0;0;0;0;0;3817;0;0;0;0;0;0;
28277;4785082;586919936;28160000;552071168;0;0;0;0;0;0;0;0;0;0;0;3506;0;0;0;0;0;0;
28278;4490039;586919936;28160000;552071168;0;0;0;0;0;0;0;0;0;0;0;4569;0;0;0;0;0;0;
28279;5045140;586919936;28160000;552071168;0;0;0;0;0;0;0;0;0;0;0;4248;0;0;0;0;0;0;
28280;4104396;586919936;28160000;552071168;0;0;0;0;0;0;0;0;0;0;0;3426;0;0;0;0;0;0;
28281;5295239;586919936;28160000;552071168;0;0;0;0;0;0;0;0;0;0;0;4068;0;0;0;0;0;0;
28282;4128361;586919936;28160000;552071168;0;0;0;0;0;0;0;0;0;0;0;4168;0;0;0;0;0;0;
28283;5268880;586919936;28160000;552071168;0;0;0;0;0;0;0;0;0;0;0;4889;0;0;0;0;0;0;
28284;4336291;586919936;28160000;552071168;0;0;0;0;0;0;0;0;0;0;0;3858;0;0;0;0;0;0;
28285;5239544;586919936;28160000;552071168;0;0;0;0;0;0;0;0;0;0;0;3897;0;0;0;0;0;0;
28286;3718392;586919936;28160000;552071168;0;0;0;0;0;0;0;0;0;0;0;4218;0;0;0;0;0;0;
28287;5878392;586919936;28160000;552071168;0;0;0;0;0;0;0;0;0;0;0;4098;0;0;0;0;0;0;
28288;4106930;586919936;28160000;552071168;0;0;0;0;0;0;0;0;0;0;0;4408;0;0;0;0;0;0;
28289;6023184;586919936;28160000;552071168;0;0;0;0;0;0;0;0;0;0;0;3587;0;0;0;0;0;0;
28290;5152451;586919936;28160000;552071168;0;0;0;0;0;0;0;0;0;0;0;3407;0;0;0;0;0;0;
28291;5405485;586919936;28160000;552071168;0;0;0;0;0;0;0;0;0;0;0;3777;0;0;0;0;0;0;
28292;5244554;586919936;28160000;552071168;0;0;0;0;0;0;0;0;0;0;0;3977;0;0;0;0;0;0;
28293;5360752;586919936;28160000;552071168;0;0;0;0;0;0;0;0;0;0;0;3266;0;0;0;0;0;0;
28294;4056526;586919936;28160000;552071168;0;0;0;0;0;0;0;0;0;0;0;3636;0;0;0;0;0;0;
28295;4642605;586919936;28160000;552071168;0;0;0;0;0;0;0;0;0;0;0;2605;0;0;0;0;0;0;
28296;4353764;586919936;28160000;552071168;0;0;0;0;0;0;0;0;0;0;0;3667;0;0;0;0;0;0;
28297;4956915;586919936;28160000;552071168;0;0;0;0;0;0;0;0;0;0;0;2225;0;0;0;0;0;0;
28298;4274034;586919936;28160000;552071168;0;0;0;0;0;0;0;0;0;0;0;3937;0;0;0;0;0;0;
28299;5024641;586919936;28160000;552071168;0;0;0;0;0;0;0;0;0;0;0;2354;0;0;0;0;0;0;
28300;4845616;586919936;28160000;552071168;0;0;0;0;0;0;0;0;0;0;0;3837;0;0;0;0;0;0;
28301;5516674;586919936;28160000;552071168;0;0;0;0;0;0;0;0;0;0;0;4799;0;0;0;0;0;0;
28302;4068679;586919936;28160000;552071168;0;0;0;0;0;0;0;0;0;0;0;3497;0;0;0;0;0;0;
28303;6278643;586919936;28160000;552071168;0;0;0;0;0;0;0;0;0;0;0;4097;0;0;0;0;0;0;
28304;3872902;586919936;28160000;552071168;0;0;0;0;0;0;0;0;0;0;0;4529;0;0;0;0;0;0;
28305;5977678;586919936;28160000;552071168;0;0;0;0;0;0;0;0;0;0;0;6523;0;0;0;0;0;0;
28306;4608230;586919936;28160000;552071168;0;0;0;0;0;0;0;0;0;0;0;3917;0;0;0;0;0;0;
28307;5936000;586919936;28160000;552071168;0;0;0;0;0;0;0;0;0;0;0;4428;0;0;0;0;0;0;
28308;4114795;586919936;28160000;552071168;0;0;0;0;0;0;0;0;0;0;0;4238;0;0;0;0;0;0;
28309;6296356;586919936;28160000;552071168;0;0;0;0;0;0;0;0;0;0;0;3987;0;0;0;0;0;0;
28310;5309456;586919936;28160000;552071168;0;0;0;0;0;0;0;0;0;0;0;4078;0;0;0;0;0;0;
28311;6309140;586919936;28160000;552071168;0;0;0;0;0;0;0;0;0;0;0;5410;0;0;0;0;0;0;
28312;4973566;586919936;28160000;552071168;0;0;0;0;0;0;0;0;0;0;0;4078;0;0;0;0;0;0;
28313;5822056;586919936;28160000;552071168;0;0;0;0;0;0;0;0;0;0;0;4268;0;0;0;0;0;0;
28314;4542357;586919936;28160000;552071168;0;0;0;0;0;0;0;0;0;0;0;3757;0;0;0;0;0;0;
28315;5703263;586919936;28160000;552071168;0;0;0;0;0;0;0;0;0;0;0;3977;0;0;0;0;0;0;
28316;4220263;586919936;28160000;552071168;0;0;0;0;0;0;0;0;0;0;0;3237;0;0;0;0;0;0;
28317;5537123;586919936;28160000;552071168;0;0;0;0;0;0;0;0;0;0;0;3937;0;0;0;0;0;0;
28318;4458510;586919936;28160000;552071168;0;0;0;0;0;0;0;0;0;0;0;3637;0;0;0;0;0;0;
28319;6228027;586919936;28160000;552071168;0;0;0;0;0;0;0;0;0;0;0;3126;0;0;0;0;0;0;
28320;3800637;586919936;28160000;552071168;0;0;0;0;0;0;0;0;0;0;0;4088;0;0;0;0;0;0;
28321;5955267;586919936;28160000;552071168;0;0;0;0;0;0;0;0;0;0;0;5220;0;0;0;0;0;0;
28322;3675722;586919936;28160000;552071168;0;0;0;0;0;0;0;0;0;0;0;4628;0;0;0;0;0;0;
28323;7526713;592728064;42528768;566439936;0;0;0;0;0;0;0;0;0;0;0;4117;0;0;0;0;0;0;
28324;5237982;592728064;42528768;566439936;0;0;0;0;0;0;0;0;0;0;0;4529;0;0;0;0;0;0;
28325;6191950;596922368;42528768;566439936;0;0;0;0;0;0;0;0;0;0;0;5911;0;0;0;0;0;0;
28326;4307517;596922368;42528768;566439936;0;0;0;0;0;0;0;0;0;0;0;4889;0;0;0;0;0;0;
28327;5798543;596922368;42528768;566439936;0;0;0;0;0;0;0;0;0;0;0;4178;0;0;0;0;0;0;
28328;5178270;596922368;42528768;566439936;0;0;0;0;0;0;0;0;0;0;0;4889;0;0;0;0;0;0;
28329;10831630;596922368;42528768;566439936;0;0;0;0;0;0;0;0;0;0;0;3005;0;0;0;0;0;0;
28330;5439329;586964992;27713536;551624704;0;0;0;0;0;0;0;0;0;0;0;4819;0;0;0;0;0;0;
28331;4785743;586964992;27713536;551624704;0;0;0;0;0;0;0;0;0;0;0;2835;0;0;0;0;0;0;
28332;4595096;586964992;27713536;551624704;0;0;0;0;0;0;0;0;0;0;0;5070;0;0;0;0;0;0;
28333;5214918;586964992;27713536;551624704;0;0;0;0;0;0;0;0;0;0;0;3106;0;0;0;0;0;0;
28334;4268293;586964992;27713536;551624704;0;0;0;0;0;0;0;0;0;0;0;4338;0;0;0;0;0;0;
28335;5154776;586964992;27713536;551624704;0;0;0;0;0;0;0;0;0;0;0;3186;0;0;0;0;0;0;
28336;3998547;586964992;27713536;551624704;0;0;0;0;0;0;0;0;0;0;0;4218;0;0;0;0;0;0;
28337;5266575;586964992;27713536;551624704;0;0;0;0;0;0;0;0;0;0;0;4258;0;0;0;0;0;0;
28338;3967078;586964992;27713536;551624704;0;0;0;0;0;0;0;0;0;0;0;3356;0;0;0;0;0;0;
28339;5444159;586964992;27713536;551624704;0;0;0;0;0;0;0;0;0;0;0;6212;0;0;0;0;0;0;
28340;3478833;586964992;27713536;551624704;0;0;0;0;0;0;0;0;0;0;0;3446;0;0;0;0;0;0;
28341;5533696;586964992;27713536;551624704;0;0;0;0;0;0;0;0;0;0;0;3286;0;0;0;0;0;0;
28342;4276068;586964992;27713536;551624704;0;0;0;0;0;0;0;0;0;0;0;3437;0;0;0;0;0;0;
28343;5143755;586964992;27713536;551624704;0;0;0;0;0;0;0;0;0;0;0;2384;0;0;0;0;0;0;
28344;4551915;586964992;27713536;551624704;0;0;0;0;0;0;0;0;0;0;0;4137;0;0;0;0;0;0;
28345;5249534;586964992;27713536;551624704;0;0;0;0;0;0;0;0;0;0;0;2925;0;0;0;0;0;0;
28346;4164809;586964992;27713536;551624704;0;0;0;0;0;0;0;0;0;0;0;5480;0;0;0;0;0;0;
28347;7065568;592773120;42528768;566439936;0;0;0;0;0;0;0;0;0;0;0;3637;0;0;0;0;0;0;
28348;4275477;592773120;42528768;566439936;0;0;0;0;0;0;0;0;0;0;0;5520;0;0;0;0;0;0;
28349;5987487;596967424;42528768;566439936;0;0;0;0;0;0;0;0;0;0;0;4318;0;0;0;0;0;0;
28350;4106620;596967424;42528768;566439936;0;0;0;0;0;0;0;0;0;0;0;3186;0;0;0;0;0;0;
28351;6233759;596967424;42528768;566439936;0;0;0;0;0;0;0;0;0;0;0;4529;0;0;0;0;0;0;
28352;4880912;596967424;42528768;566439936;0;0;0;0;0;0;0;0;0;0;0;4358;0;0;0;0;0;0;
28353;5240246;596967424;42528768;566439936;0;0;0;0;0;0;0;0;0;0;0;4569;0;0;0;0;0;0;
28354;4605014;586940416;28160000;552071168;0;0;0;0;0;0;0;0;0;0;0;4328;0;0;0;0;0;0;
28355;4945192;586940416;28160000;552071168;0;0;0;0;0;0;0;0;0;0;0;3687;0;0;0;0;0;0;
28356;5202154;586940416;28160000;552071168;0;0;0;0;0;0;0;0;0;0;0;4659;0;0;0;0;0;0;
28357;5450120;586940416;28160000;552071168;0;0;0;0;0;0;0;0;0;0;0;4678;0;0;0;0;0;0;
28358;4738966;586940416;28160000;552071168;0;0;0;0;0;0;0;0;0;0;0;4118;0;0;0;0;0;0;
28359;6328166;586940416;28160000;552071168;0;0;0;0;0;0;0;0;0;0;0;4739;0;0;0;0;0;0;
28360;3495464;586940416;28160000;552071168;0;0;0;0;0;0;0;0;0;0;0;4649;0;0;0;0;0;0;
28361;6070883;586940416;28160000;552071168;0;0;0;0;0;0;0;0;0;0;0;7163;0;0;0;0;0;0;
28362;3741245;586940416;28160000;552071168;0;0;0;0;0;0;0;0;0;0;0;4198;0;0;0;0;0;0;
28363;5559695;586940416;28160000;552071168;0;0;0;0;0;0;0;0;0;0;0;5019;0;0;0;0;0;0;
28364;3151569;586940416;28160000;552071168;0;0;0;0;0;0;0;0;0;0;0;4588;0;0;0;0;0;0;
28365;6122921;586940416;28160000;552071168;0;0;0;0;0;0;0;0;0;0;0;9287;0;0;0;0;0;0;
28366;4190978;586940416;28160000;552071168;0;0;0;0;0;0;0;0;0;0;0;5119;0;0;0;0;0;0;
28367;5865338;586940416;28160000;552071168;0;0;0;0;0;0;0;0;0;0;0;5039;0;0;0;0;0;0;
28368;4156103;586940416;28160000;552071168;0;0;0;0;0;0;0;0;0;0;0;6091;0;0;0;0;0;0;
28369;5631449;586940416;28160000;552071168;0;0;0;0;0;0;0;0;0;0;0;3727;0;0;0;0;0;0;
28370;5205971;586940416;28160000;552071168;0;0;0;0;0;0;0;0;0;0;0;6983;0;0;0;0;0;0;
28371;6175319;592748544;42528768;566439936;0;0;0;0;0;0;0;0;0;0;0;6783;0;0;0;0;0;0;
28372;3955757;592748544;42528768;566439936;0;0;0;0;0;0;0;0;0;0;0;4208;0;0;0;0;0;0;
28373;5420354;596942848;42528768;566439936;0;0;0;0;0;0;0;0;0;0;0;4288;0;0;0;0;0;0;
28374;3825192;596942848;42528768;566439936;0;0;0;0;0;0;0;0;0;0;0;5610;0;0;0;0;0;0;
28375;5093701;596942848;42528768;566439936;0;0;0;0;0;0;0;0;0;0;0;3456;0;0;0;0;0;0;
28376;3166257;596942848;42528768;566439936;0;0;0;0;0;0;0;0;0;0;0;4038;0;0;0;0;0;0;
28377;5221370;596942848;42528768;566439936;0;0;0;0;0;0;0;0;0;0;0;3828;0;0;0;0;0;0;
28378;4922219;586973184;27713536;551624704;0;0;0;0;0;0;0;0;0;0;0;4258;0;0;0;0;0;0;
28379;5201543;586973184;27713536;551624704;0;0;0;0;0;0;0;0;0;0;0;5350;0;0;0;0;0;0;
28380;4722094;586973184;27713536;551624704;0;0;0;0;0;0;0;0;0;0;0;4258;0;0;0;0;0;0;
28381;5276764;586973184;27713536;551624704;0;0;0;0;0;0;0;0;0;0;0;4589;0;0;0;0;0;0;
28382;4185538;586973184;27713536;551624704;0;0;0;0;0;0;0;0;0;0;0;4228;0;0;0;0;0;0;
28383;5032496;586973184;27713536;551624704;0;0;0;0;0;0;0;0;0;0;0;3487;0;0;0;0;0;0;
28384;4061536;586973184;27713536;551624704;0;0;0;0;0;0;0;0;0;0;0;3486;0;0;0;0;0;0;
28385;5462292;586973184;27713536;551624704;0;0;0;0;0;0;0;0;0;0;0;3206;0;0;0;0;0;0;
28386;5190532;586973184;27713536;551624704;0;0;0;0;0;0;0;0;0;0;0;4909;0;0;0;0;0;0;
28387;5184571;586973184;27713536;551624704;0;0;0;0;0;0;0;0;0;0;0;3176;0;0;0;0;0;0;
28388;4402715;586973184;27713536;551624704;0;0;0;0;0;0;0;0;0;0;0;5060;0;0;0;0;0;0;
28389;5390628;586973184;27713536;551624704;0;0;0;0;0;0;0;0;0;0;0;3778;0;0;0;0;0;0;
28390;4435117;586973184;27713536;551624704;0;0;0;0;0;0;0;0;0;0;0;4739;0;0;0;0;0;0;
28391;5602775;586973184;27713536;551624704;0;0;0;0;0;0;0;0;0;0;0;2705;0;0;0;0;0;0;
28392;4367188;586973184;27713536;551624704;0;0;0;0;0;0;0;0;0;0;0;4689;0;0;0;0;0;0;
28393;5799945;586973184;27713536;551624704;0;0;0;0;0;0;0;0;0;0;0;4198;0;0;0;0;0;0;
28394;3888151;586973184;27713536;551624704;0;0;0;0;0;0;0;0;0;0;0;3677;0;0;0;0;0;0;
28395;5063715;586973184;27713536;551624704;0;0;0;0;0;0;0;0;0;0;0;3567;0;0;0;0;0;0;
28396;4481533;586973184;27713536;551624704;0;0;0;0;0;0;0;0;0;0;0;5991;0;0;0;0;0;0;
28397;5249714;586973184;27713536;551624704;0;0;0;0;0;0;0;0;0;0;0;4218;0;0;0;0;0;0;
28398;4895910;586973184;27713536;551624704;0;0;0;0;0;0;0;0;0;0;0;3697;0;0;0;0;0;0;
28399;5727890;586973184;27713536;551624704;0;0;0;0;0;0;0;0;0;0;0;5901;0;0;0;0;0;0;
28400;4296426;586973184;27713536;551624704;0;0;0;0;0;0;0;0;0;0;0;4208;0;0;0;0;0;0;
28401;5511745;586973184;27713536;551624704;0;0;0;0;0;0;0;0;0;0;0;3176;0;0;0;0;0;0;
28402;3522215;586973184;27713536;551624704;0;0;0;0;0;0;0;0;0;0;0;3898;0;0;0;0;0;0;
28403;5810134;586973184;27713536;551624704;0;0;0;0;0;0;0;0;0;0;0;4478;0;0;0;0;0;0;
28404;3527695;586973184;27713536;551624704;0;0;0;0;0;0;0;0;0;0;0;4389;0;0;0;0;0;0;
28405;5428619;586973184;27713536;551624704;0;0;0;0;0;0;0;0;0;0;0;5059;0;0;0;0;0;0;
28406;3523065;586973184;27713536;551624704;0;0;0;0;0;0;0;0;0;0;0;3797;0;0;0;0;0;0;
28407;5542532;586973184;27713536;551624704;0;0;0;0;0;0;0;0;0;0;0;4027;0;0;0;0;0;0;
28408;3536291;586973184;27713536;551624704;0;0;0;0;0;0;0;0;0;0;0;4118;0;0;0;0;0;0;
28409;5361913;586973184;27713536;551624704;0;0;0;0;0;0;0;0;0;0;0;4198;0;0;0;0;0;0;
28410;4511118;586973184;27713536;551624704;0;0;0;0;0;0;0;0;0;0;0;3897;0;0;0;0;0;0;
28411;5578821;586973184;27713536;551624704;0;0;0;0;0;0;0;0;0;0;0;4338;0;0;0;0;0;0;
28412;3282905;586973184;27713536;551624704;0;0;0;0;0;0;0;0;0;0;0;3927;0;0;0;0;0;0;
28413;5238773;586973184;27713536;551624704;0;0;0;0;0;0;0;0;0;0;0;3577;0;0;0;0;0;0;
28414;4360526;586973184;27713536;551624704;0;0;0;0;0;0;0;0;0;0;0;4628;0;0;0;0;0;0;
28415;5749761;586973184;27713536;551624704;0;0;0;0;0;0;0;0;0;0;0;4228;0;0;0;0;0;0;
28416;3778284;586973184;27713536;551624704;0;0;0;0;0;0;0;0;0;0;0;4368;0;0;0;0;0;0;
28417;5437336;586973184;27713536;551624704;0;0;0;0;0;0;0;0;0;0;0;3446;0;0;0;0;0;0;
28418;3398121;586973184;27713536;551624704;0;0;0;0;0;0;0;0;0;0;0;4689;0;0;0;0;0;0;
28419;5760061;586973184;27713536;551624704;0;0;0;0;0;0;0;0;0;0;0;4449;0;0;0;0;0;0;
28420;3508278;586973184;27713536;551624704;0;0;0;0;0;0;0;0;0;0;0;3767;0;0;0;0;0;0;
28421;5437045;586973184;27713536;551624704;0;0;0;0;0;0;0;0;0;0;0;4017;0;0;0;0;0;0;
28422;3839970;586973184;27713536;551624704;0;0;0;0;0;0;0;0;0;0;0;3416;0;0;0;0;0;0;
28423;5829601;586973184;27717632;551628800;0;0;0;0;0;0;0;0;0;0;0;4709;0;0;0;0;0;0;
28424;3817388;586973184;27721728;551632896;0;0;0;0;0;0;0;0;0;0;0;3577;0;0;0;0;0;0;
28425;5033367;586973184;27721728;551632896;0;0;0;0;0;0;0;0;0;0;0;3617;0;0;0;0;0;0;
28426;4988293;586973184;27721728;551632896;0;0;0;0;0;0;0;0;0;0;0;3927;0;0;0;0;0;0;
28427;5416265;586973184;27721728;551632896;0;0;0;0;0;0;0;0;0;0;0;10880;0;0;0;0;0;0;
28428;4951764;586973184;27721728;551632896;0;0;0;0;0;0;0;0;0;0;0;4258;0;0;0;0;0;0;
28429;5424050;586973184;27721728;551632896;0;0;0;0;0;0;0;0;0;0;0;4398;0;0;0;0;0;0;
28430;4591950;586981376;27713536;551624704;0;0;0;0;0;0;0;0;0;0;0;3707;0;0;0;0;0;0;
28431;5195983;586981376;27713536;551624704;0;0;0;0;0;0;0;0;0;0;0;3085;0;0;0;0;0;0;
28432;3866060;586981376;27713536;551624704;0;0;0;0;0;0;0;0;0;0;0;3798;0;0;0;0;0;0;
28433;5047084;586981376;27713536;551624704;0;0;0;0;0;0;0;0;0;0;0;3747;0;0;0;0;0;0;
28434;3989902;586981376;27713536;551624704;0;0;0;0;0;0;0;0;0;0;0;4188;0;0;0;0;0;0;
28435;5215560;586981376;27713536;551624704;0;0;0;0;0;0;0;0;0;0;0;3917;0;0;0;0;0;0;
28436;4977082;586981376;27713536;551624704;0;0;0;0;0;0;0;0;0;0;0;4289;0;0;0;0;0;0;
28437;5062363;586981376;27713536;551624704;0;0;0;0;0;0;0;0;0;0;0;3947;0;0;0;0;0;0;
28438;4574277;586981376;27713536;551624704;0;0;0;0;0;0;0;0;0;0;0;2816;0;0;0;0;0;0;
28439;6039053;586981376;27713536;551624704;0;0;0;0;0;0;0;0;0;0;0;3526;0;0;0;0;0;0;
28440;3973681;586981376;27713536;551624704;0;0;0;0;0;0;0;0;0;0;0;3757;0;0;0;0;0;0;
28441;5936341;586981376;27713536;551624704;0;0;0;0;0;0;0;0;0;0;0;4088;0;0;0;0;0;0;
28442;3489693;586981376;27713536;551624704;0;0;0;0;0;0;0;0;0;0;0;3848;0;0;0;0;0;0;
28443;5469095;586981376;27713536;551624704;0;0;0;0;0;0;0;0;0;0;0;5671;0;0;0;0;0;0;
28444;3746494;586981376;27713536;551624704;0;0;0;0;0;0;0;0;0;0;0;4027;0;0;0;0;0;0;
28445;5083683;586981376;27713536;551624704;0;0;0;0;0;0;0;0;0;0;0;3206;0;0;0;0;0;0;
28446;3958863;586981376;27713536;551624704;0;0;0;0;0;0;0;0;0;0;0;3977;0;0;0;0;0;0;
28447;5075417;586981376;27713536;551624704;0;0;0;0;0;0;0;0;0;0;0;3186;0;0;0;0;0;0;
28448;3872241;586981376;27713536;551624704;0;0;0;0;0;0;0;0;0;0;0;4028;0;0;0;0;0;0;
28449;5079264;586981376;27713536;551624704;0;0;0;0;0;0;0;0;0;0;0;4328;0;0;0;0;0;0;
28450;4107341;586981376;27713536;551624704;0;0;0;0;0;0;0;0;0;0;0;4378;0;0;0;0;0;0;
28451;5308724;586981376;27713536;551624704;0;0;0;0;0;0;0;0;0;0;0;3436;0;0;0;0;0;0;
28452;4203071;586981376;27713536;551624704;0;0;0;0;0;0;0;0;0;0;0;3226;0;0;0;0;0;0;
28453;5524027;586981376;27713536;551624704;0;0;0;0;0;0;0;0;0;0;0;4188;0;0;0;0;0;0;
28454;3602886;586981376;27713536;551624704;0;0;0;0;0;0;0;0;0;0;0;4749;0;0;0;0;0;0;
28455;5160537;586981376;27713536;551624704;0;0;0;0;0;0;0;0;0;0;0;4068;0;0;0;0;0;0;
28456;3665813;586981376;27713536;551624704;0;0;0;0;0;0;0;0;0;0;0;3527;0;0;0;0;0;0;
28457;4998903;586981376;27713536;551624704;0;0;0;0;0;0;0;0;0;0;0;2525;0;0;0;0;0;0;
28458;3651346;586981376;27713536;551624704;0;0;0;0;0;0;0;0;0;0;0;4849;0;0;0;0;0;0;
28459;4697298;586981376;27713536;551624704;0;0;0;0;0;0;0;0;0;0;0;2795;0;0;0;0;0;0;
28460;4551104;586981376;27713536;551624704;0;0;0;0;0;0;0;0;0;0;0;3006;0;0;0;0;0;0;
28461;5649312;586981376;27713536;551624704;0;0;0;0;0;0;0;0;0;0;0;2535;0;0;0;0;0;0;
28462;3865208;586981376;27713536;551624704;0;0;0;0;0;0;0;0;0;0;0;3136;0;0;0;0;0;0;
28463;5202255;586981376;27713536;551624704;0;0;0;0;0;0;0;0;0;0;0;2765;0;0;0;0;0;0;
28464;3921784;586981376;27713536;551624704;0;0;0;0;0;0;0;0;0;0;0;4038;0;0;0;0;0;0;
28465;5193939;586981376;27713536;551624704;0;0;0;0;0;0;0;0;0;0;0;3507;0;0;0;0;0;0;
28466;3331086;586981376;27713536;551624704;0;0;0;0;0;0;0;0;0;0;0;4197;0;0;0;0;0;0;
28467;4973896;586981376;27713536;551624704;0;0;0;0;0;0;0;0;0;0;0;2996;0;0;0;0;0;0;
28468;3933335;586981376;27713536;551624704;0;0;0;0;0;0;0;0;0;0;0;3777;0;0;0;0;0;0;
28469;6174167;586981376;27713536;551624704;0;0;0;0;0;0;0;0;0;0;0;4509;0;0;0;0;0;0;
28470;4441759;586981376;27713536;551624704;0;0;0;0;0;0;0;0;0;0;0;3808;0;0;0;0;0;0;
28471;6721032;592789504;42528768;566439936;0;0;0;0;0;0;0;0;0;0;0;4879;0;0;0;0;0;0;
28472;3852524;592789504;42528768;566439936;0;0;0;0;0;0;0;0;0;0;0;3486;0;0;0;0;0;0;
28473;6325991;596983808;42528768;566439936;0;0;0;0;0;0;0;0;0;0;0;3827;0;0;0;0;0;0;
28474;3887279;596983808;42528768;566439936;0;0;0;0;0;0;0;0;0;0;0;3556;0;0;0;0;0;0;
28475;6014187;596983808;42528768;566439936;0;0;0;0;0;0;0;0;0;0;0;3166;0;0;0;0;0;0;
28476;3761133;596983808;42528768;566439936;0;0;0;0;0;0;0;0;0;0;0;5590;0;0;0;0;0;0;
28477;6380794;596983808;42528768;566439936;0;0;0;0;0;0;0;0;0;0;0;3997;0;0;0;0;0;0;
28478;4768661;586960896;28160000;552071168;0;0;0;0;0;0;0;0;0;0;0;3978;0;0;0;0;0;0;
28479;5477090;586960896;28160000;552071168;0;0;0;0;0;0;0;0;0;0;0;3396;0;0;0;0;0;0;
28480;3859066;586960896;28160000;552071168;0;0;0;0;0;0;0;0;0;0;0;5009;0;0;0;0;0;0;
28481;5493630;586960896;28160000;552071168;0;0;0;0;0;0;0;0;0;0;0;4438;0;0;0;0;0;0;
28482;5022437;586960896;28160000;552071168;0;0;0;0;0;0;0;0;0;0;0;5360;0;0;0;0;0;0;
28483;4738875;586960896;28160000;552071168;0;0;0;0;0;0;0;0;0;0;0;3176;0;0;0;0;0;0;
28484;4884679;586960896;28160000;552071168;0;0;0;0;0;0;0;0;0;0;0;4268;0;0;0;0;0;0;
28485;4951915;586960896;28160000;552071168;0;0;0;0;0;0;0;0;0;0;0;2565;0;0;0;0;0;0;
28486;4816942;586960896;28160000;552071168;0;0;0;0;0;0;0;0;0;0;0;3707;0;0;0;0;0;0;
28487;5015023;586960896;28160000;552071168;0;0;0;0;0;0;0;0;0;0;0;3136;0;0;0;0;0;0;
28488;4312276;586960896;28160000;552071168;0;0;0;0;0;0;0;0;0;0;0;3557;0;0;0;0;0;0;
28489;5199169;586960896;28160000;552071168;0;0;0;0;0;0;0;0;0;0;0;2896;0;0;0;0;0;0;
28490;4394049;586960896;28160000;552071168;0;0;0;0;0;0;0;0;0;0;0;3927;0;0;0;0;0;0;
28491;5125420;586960896;28160000;552071168;0;0;0;0;0;0;0;0;0;0;0;3307;0;0;0;0;0;0;
28492;3914580;586960896;28160000;552071168;0;0;0;0;0;0;0;0;0;0;0;4768;0;0;0;0;0;0;
28493;5297513;586960896;28160000;552071168;0;0;0;0;0;0;0;0;0;0;0;3857;0;0;0;0;0;0;
28494;5155557;586960896;28160000;552071168;0;0;0;0;0;0;0;0;0;0;0;3767;0;0;0;0;0;0;
28495;6657242;592769024;42528768;566439936;0;0;0;0;0;0;0;0;0;0;0;5440;0;0;0;0;0;0;
28496;5243492;592769024;42528768;566439936;0;0;0;0;0;0;0;0;0;0;0;4598;0;0;0;0;0;0;
28497;5911174;596963328;42528768;566439936;0;0;0;0;0;0;0;0;0;0;0;4609;0;0;0;0;0;0;
28498;4454673;596963328;42528768;566439936;0;0;0;0;0;0;0;0;0;0;0;3717;0;0;0;0;0;0;
28499;5075927;596963328;42528768;566439936;0;0;0;0;0;0;0;0;0;0;0;4609;0;0;0;0;0;0;
28500;5099171;596963328;42528768;566439936;0;0;0;0;0;0;0;0;0;0;0;3086;0;0;0;0;0;0;
28501;5633273;596963328;42528768;566439936;0;0;0;0;0;0;0;0;0;0;0;4077;0;0;0;0;0;0;
28502;5419913;586993664;27713536;551624704;0;0;0;0;0;0;0;0;0;0;0;5290;0;0;0;0;0;0;
28503;5398372;586993664;27713536;551624704;0;0;0;0;0;0;0;0;0;0;0;5440;0;0;0;0;0;0;
28504;3931232;586993664;27713536;551624704;0;0;0;0;0;0;0;0;0;0;0;4779;0;0;0;0;0;0;
28505;5985723;586993664;27713536;551624704;0;0;0;0;0;0;0;0;0;0;0;4468;0;0;0;0;0;0;
28506;3760321;586993664;27713536;551624704;0;0;0;0;0;0;0;0;0;0;0;4919;0;0;0;0;0;0;
28507;5419742;586993664;27713536;551624704;0;0;0;0;0;0;0;0;0;0;0;4378;0;0;0;0;0;0;
28508;4353453;586993664;27713536;551624704;0;0;0;0;0;0;0;0;0;0;0;3667;0;0;0;0;0;0;
28509;5421676;586993664;27713536;551624704;0;0;0;0;0;0;0;0;0;0;0;4399;0;0;0;0;0;0;
28510;3409974;586993664;27713536;551624704;0;0;0;0;0;0;0;0;0;0;0;3757;0;0;0;0;0;0;
28511;5361073;586993664;27713536;551624704;0;0;0;0;0;0;0;0;0;0;0;3396;0;0;0;0;0;0;
28512;3635005;586993664;27713536;551624704;0;0;0;0;0;0;0;0;0;0;0;4158;0;0;0;0;0;0;
28513;5359810;586993664;27713536;551624704;0;0;0;0;0;0;0;0;0;0;0;4869;0;0;0;0;0;0;
28514;3810525;586993664;27713536;551624704;0;0;0;0;0;0;0;0;0;0;0;3656;0;0;0;0;0;0;
28515;4640200;586993664;27713536;551624704;0;0;0;0;0;0;0;0;0;0;0;2655;0;0;0;0;0;0;
28516;4067046;586993664;27713536;551624704;0;0;0;0;0;0;0;0;0;0;0;4539;0;0;0;0;0;0;
28517;4846597;586993664;27713536;551624704;0;0;0;0;0;0;0;0;0;0;0;2625;0;0;0;0;0;0;
28518;4532519;586993664;27713536;551624704;0;0;0;0;0;0;0;0;0;0;0;5099;0;0;0;0;0;0;
28519;6060163;592801792;42528768;566439936;0;0;0;0;0;0;0;0;0;0;0;5951;0;0;0;0;0;0;
28520;4296877;592801792;42528768;566439936;0;0;0;0;0;0;0;0;0;0;0;3777;0;0;0;0;0;0;
28521;6119143;596996096;42528768;566439936;0;0;0;0;0;0;0;0;0;0;0;5170;0;0;0;0;0;0;
28522;3930029;596996096;42528768;566439936;0;0;0;0;0;0;0;0;0;0;0;4047;0;0;0;0;0;0;
28523;5089002;596996096;42528768;566439936;0;0;0;0;0;0;0;0;0;0;0;3507;0;0;0;0;0;0;
28524;4234570;596996096;42528768;566439936;0;0;0;0;0;0;0;0;0;0;0;4659;0;0;0;0;0;0;
28525;5138475;596996096;42528768;566439936;0;0;0;0;0;0;0;0;0;0;0;4278;0;0;0;0;0;0;
28526;4501661;586969088;28160000;552071168;0;0;0;0;0;0;0;0;0;0;0;2965;0;0;0;0;0;0;
28527;5437826;586969088;28164096;552075264;0;0;0;0;0;0;0;0;0;0;0;4989;0;0;0;0;0;0;
28528;4871464;586969088;28168192;552079360;0;0;0;0;0;0;0;0;0;0;0;3656;0;0;0;0;0;0;
28529;5457713;586969088;28168192;552079360;0;0;0;0;0;0;0;0;0;0;0;4288;0;0;0;0;0;0;
28530;4007634;586969088;28168192;552079360;0;0;0;0;0;0;0;0;0;0;0;4368;0;0;0;0;0;0;
28531;5322200;586969088;28168192;552079360;0;0;0;0;0;0;0;0;0;0;0;3056;0;0;0;0;0;0;
28532;3513939;586969088;28168192;552079360;0;0;0;0;0;0;0;0;0;0;0;3847;0;0;0;0;0;0;
28533;8265008;586969088;28168192;552079360;0;0;0;0;0;0;0;0;0;0;0;3877;0;0;0;0;0;0;
28534;10105258;586969088;28160000;552071168;0;0;0;0;0;0;0;0;0;0;0;38943;0;0;0;0;0;0;
28535;5273247;586969088;28160000;552071168;0;0;0;0;0;0;0;0;0;0;0;3105;0;0;0;0;0;0;
28536;3902247;586969088;28160000;552071168;0;0;0;0;0;0;0;0;0;0;0;4648;0;0;0;0;0;0;
28537;5123226;586969088;28160000;552071168;0;0;0;0;0;0;0;0;0;0;0;4979;0;0;0;0;0;0;
28538;3794625;586969088;28160000;552071168;0;0;0;0;0;0;0;0;0;0;0;4228;0;0;0;0;0;0;
28539;4930444;586969088;28160000;552071168;0;0;0;0;0;0;0;0;0;0;0;2956;0;0;0;0;0;0;
28540;3597345;586969088;28160000;552071168;0;0;0;0;0;0;0;0;0;0;0;3346;0;0;0;0;0;0;
28541;5063554;586969088;28160000;552071168;0;0;0;0;0;0;0;0;0;0;0;3417;0;0;0;0;0;0;
28542;3731878;586969088;28160000;552071168;0;0;0;0;0;0;0;0;0;0;0;4067;0;0;0;0;0;0;
28543;5342558;586969088;28160000;552071168;0;0;0;0;0;0;0;0;0;0;0;3427;0;0;0;0;0;0;
28544;3513087;586969088;28155904;552067072;0;0;0;0;0;0;0;0;0;0;0;4148;0;0;0;0;0;0;
28545;5395126;586969088;28155904;552067072;0;0;0;0;0;0;0;0;0;0;0;3957;0;0;0;0;0;0;
28546;3981325;586969088;28155904;552067072;0;0;0;0;0;0;0;0;0;0;0;4278;0;0;0;0;0;0;
28547;5830843;586969088;28155904;552067072;0;0;0;0;0;0;0;0;0;0;0;3417;0;0;0;0;0;0;
28548;4020378;586969088;28155904;552067072;0;0;0;0;0;0;0;0;0;0;0;6442;0;0;0;0;0;0;
28549;5325666;586969088;28155904;552067072;0;0;0;0;0;0;0;0;0;0;0;4939;0;0;0;0;0;0;
28550;4160371;586969088;28155904;552067072;0;0;0;0;0;0;0;0;0;0;0;4298;0;0;0;0;0;0;
28551;5861721;586969088;28155904;552067072;0;0;0;0;0;0;0;0;0;0;0;3557;0;0;0;0;0;0;
28552;4417273;586969088;28155904;552067072;0;0;0;0;0;0;0;0;0;0;0;6732;0;0;0;0;0;0;
28553;5292895;586969088;28155904;552067072;0;0;0;0;0;0;0;0;0;0;0;4879;0;0;0;0;0;0;
28554;4217317;586969088;28155904;552067072;0;0;0;0;0;0;0;0;0;0;0;4017;0;0;0;0;0;0;
28555;5623845;586969088;28155904;552067072;0;0;0;0;0;0;0;0;0;0;0;3556;0;0;0;0;0;0;
28556;4785132;586969088;28155904;552067072;0;0;0;0;0;0;0;0;0;0;0;4659;0;0;0;0;0;0;
28557;5900995;586969088;28155904;552067072;0;0;0;0;0;0;0;0;0;0;0;4468;0;0;0;0;0;0;
28558;4556694;586969088;28155904;552067072;0;0;0;0;0;0;0;0;0;0;0;4108;0;0;0;0;0;0;
28559;6526798;586969088;28155904;552067072;0;0;0;0;0;0;0;0;0;0;0;3427;0;0;0;0;0;0;
28560;4560320;586969088;28155904;552067072;0;0;0;0;0;0;0;0;0;0;0;4699;0;0;0;0;0;0;
28561;5392050;586969088;28155904;552067072;0;0;0;0;0;0;0;0;0;0;0;5661;0;0;0;0;0;0;
28562;3508158;586969088;28155904;552067072;0;0;0;0;0;0;0;0;0;0;0;4238;0;0;0;0;0;0;
28563;5629766;586969088;28155904;552067072;0;0;0;0;0;0;0;0;0;0;0;3567;0;0;0;0;0;0;
28564;3852112;586969088;28155904;552067072;0;0;0;0;0;0;0;0;0;0;0;3857;0;0;0;0;0;0;
28565;5524629;586969088;28155904;552067072;0;0;0;0;0;0;0;0;0;0;0;3296;0;0;0;0;0;0;
28566;3912777;586969088;28155904;552067072;0;0;0;0;0;0;0;0;0;0;0;4228;0;0;0;0;0;0;
28567;6002605;586969088;28155904;552067072;0;0;0;0;0;0;0;0;0;0;0;3717;0;0;0;0;0;0;
28568;4206768;586969088;28155904;552067072;0;0;0;0;0;0;0;0;0;0;0;3507;0;0;0;0;0;0;
28569;6030207;586969088;28155904;552067072;0;0;0;0;0;0;0;0;0;0;0;4479;0;0;0;0;0;0;
28570;3950547;586969088;28155904;552067072;0;0;0;0;0;0;0;0;0;0;0;3286;0;0;0;0;0;0;
28571;5927144;586969088;28155904;552067072;0;0;0;0;0;0;0;0;0;0;0;4950;0;0;0;0;0;0;
28572;3439579;586969088;28155904;552067072;0;0;0;0;0;0;0;0;0;0;0;4949;0;0;0;0;0;0;
28573;4987101;586969088;28155904;552067072;0;0;0;0;0;0;0;0;0;0;0;3868;0;0;0;0;0;0;
28574;3461361;586969088;28155904;552067072;0;0;0;0;0;0;0;0;0;0;0;3317;0;0;0;0;0;0;
28575;5539968;586969088;28155904;552067072;0;0;0;0;0;0;0;0;0;0;0;3437;0;0;0;0;0;0;
28576;3910803;586969088;28155904;552067072;0;0;0;0;0;0;0;0;0;0;0;4719;0;0;0;0;0;0;
28577;6067126;586969088;28155904;552067072;0;0;0;0;0;0;0;0;0;0;0;9798;0;0;0;0;0;0;
28578;3299126;586969088;28155904;552067072;0;0;0;0;0;0;0;0;0;0;0;4168;0;0;0;0;0;0;
28579;5071589;586969088;28155904;552067072;0;0;0;0;0;0;0;0;0;0;0;3547;0;0;0;0;0;0;
28580;3560145;586969088;28155904;552067072;0;0;0;0;0;0;0;0;0;0;0;6793;0;0;0;0;0;0;
28581;5043257;586969088;28155904;552067072;0;0;0;0;0;0;0;0;0;0;0;3286;0;0;0;0;0;0;
28582;4130755;586969088;28155904;552067072;0;0;0;0;0;0;0;0;0;0;0;3827;0;0;0;0;0;0;
28583;5353178;586969088;28155904;552067072;0;0;0;0;0;0;0;0;0;0;0;3888;0;0;0;0;0;0;
28584;4228379;586969088;28155904;552067072;0;0;0;0;0;0;0;0;0;0;0;3286;0;0;0;0;0;0;
28585;5322019;586969088;28155904;552067072;0;0;0;0;0;0;0;0;0;0;0;3567;0;0;0;0;0;0;
28586;4539722;586969088;28155904;552067072;0;0;0;0;0;0;0;0;0;0;0;4959;0;0;0;0;0;0;
28587;5507938;586969088;28155904;552067072;0;0;0;0;0;0;0;0;0;0;0;3978;0;0;0;0;0;0;
28588;3930821;586969088;28155904;552067072;0;0;0;0;0;0;0;0;0;0;0;3397;0;0;0;0;0;0;
28589;5496265;586969088;28155904;552067072;0;0;0;0;0;0;0;0;0;0;0;3206;0;0;0;0;0;0;
28590;4545933;586969088;28155904;552067072;0;0;0;0;0;0;0;0;0;0;0;6803;0;0;0;0;0;0;
28591;5407840;586969088;28155904;552067072;0;0;0;0;0;0;0;0;0;0;0;4217;0;0;0;0;0;0;
28592;4338325;586969088;28155904;552067072;0;0;0;0;0;0;0;0;0;0;0;3958;0;0;0;0;0;0;
28593;6164068;586969088;28155904;552067072;0;0;0;0;0;0;0;0;0;0;0;6281;0;0;0;0;0;0;
28594;4537578;586969088;28155904;552067072;0;0;0;0;0;0;0;0;0;0;0;4759;0;0;0;0;0;0;
28595;6090340;586969088;28155904;552067072;0;0;0;0;0;0;0;0;0;0;0;4559;0;0;0;0;0;0;
28596;4118943;586969088;28155904;552067072;0;0;0;0;0;0;0;0;0;0;0;4479;0;0;0;0;0;0;
28597;6213792;586969088;28155904;552067072;0;0;0;0;0;0;0;0;0;0;0;4038;0;0;0;0;0;0;
28598;3990002;586969088;28155904;552067072;0;0;0;0;0;0;0;0;0;0;0;4318;0;0;0;0;0;0;
28599;5203647;586969088;28155904;552067072;0;0;0;0;0;0;0;0;0;0;0;3777;0;0;0;0;0;0;
28600;4276328;586969088;28155904;552067072;0;0;0;0;0;0;0;0;0;0;0;4128;0;0;0;0;0;0;
28601;5796068;586969088;28155904;552067072;0;0;0;0;0;0;0;0;0;0;0;3647;0;0;0;0;0;0;
28602;3994991;586969088;28155904;552067072;0;0;0;0;0;0;0;0;0;0;0;3868;0;0;0;0;0;0;
28603;5302352;586969088;28155904;552067072;0;0;0;0;0;0;0;0;0;0;0;3186;0;0;0;0;0;0;
28604;3802500;586969088;28155904;552067072;0;0;0;0;0;0;0;0;0;0;0;3627;0;0;0;0;0;0;
28605;5859888;586969088;28155904;552067072;0;0;0;0;0;0;0;0;0;0;0;4248;0;0;0;0;0;0;
28606;3886447;586969088;28155904;552067072;0;0;0;0;0;0;0;0;0;0;0;3587;0;0;0;0;0;0;
28607;5610500;586969088;28155904;552067072;0;0;0;0;0;0;0;0;0;0;0;4819;0;0;0;0;0;0;
28608;3483281;586969088;28155904;552067072;0;0;0;0;0;0;0;0;0;0;0;3396;0;0;0;0;0;0;
28609;5491678;586969088;28155904;552067072;0;0;0;0;0;0;0;0;0;0;0;5891;0;0;0;0;0;0;
28610;3918367;586969088;28155904;552067072;0;0;0;0;0;0;0;0;0;0;0;4117;0;0;0;0;0;0;
28611;5861541;586969088;28155904;552067072;0;0;0;0;0;0;0;0;0;0;0;3837;0;0;0;0;0;0;
28612;3484764;586969088;28155904;552067072;0;0;0;0;0;0;0;0;0;0;0;3417;0;0;0;0;0;0;
28613;5521863;586969088;28155904;552067072;0;0;0;0;0;0;0;0;0;0;0;3457;0;0;0;0;0;0;
28614;3565145;586969088;28155904;552067072;0;0;0;0;0;0;0;0;0;0;0;3086;0;0;0;0;0;0;
28615;5260915;586969088;28155904;552067072;0;0;0;0;0;0;0;0;0;0;0;4438;0;0;0;0;0;0;
28616;4004338;586969088;28155904;552067072;0;0;0;0;0;0;0;0;0;0;0;3416;0;0;0;0;0;0;
28617;5106494;586969088;28155904;552067072;0;0;0;0;0;0;0;0;0;0;0;3075;0;0;0;0;0;0;
28618;4025688;586969088;28155904;552067072;0;0;0;0;0;0;0;0;0;0;0;4939;0;0;0;0;0;0;
28619;6695384;592777216;42524672;566435840;0;0;0;0;0;0;0;0;0;0;0;5500;0;0;0;0;0;0;
28620;4007454;592777216;42524672;566435840;0;0;0;0;0;0;0;0;0;0;0;4409;0;0;0;0;0;0;
28621;5993538;596971520;42524672;566435840;0;0;0;0;0;0;0;0;0;0;0;5501;0;0;0;0;0;0;
28622;4153868;596971520;42524672;566435840;0;0;0;0;0;0;0;0;0;0;0;3808;0;0;0;0;0;0;
28623;5611252;596971520;42524672;566435840;0;0;0;0;0;0;0;0;0;0;0;3427;0;0;0;0;0;0;
28624;4104155;596971520;42524672;566435840;0;0;0;0;0;0;0;0;0;0;0;3507;0;0;0;0;0;0;
28625;6076173;596971520;42524672;566435840;0;0;0;0;0;0;0;0;0;0;0;4368;0;0;0;0;0;0;
28626;4871424;587010048;27709440;551620608;0;0;0;0;0;0;0;0;0;0;0;3807;0;0;0;0;0;0;
28627;5757946;587010048;27709440;551620608;0;0;0;0;0;0;0;0;0;0;0;5180;0;0;0;0;0;0;
28628;3673068;587010048;27709440;551620608;0;0;0;0;0;0;0;0;0;0;0;3707;0;0;0;0;0;0;
28629;5043957;587010048;27717632;551628800;0;0;0;0;0;0;0;0;0;0;0;3417;0;0;0;0;0;0;
28630;3667957;587010048;27717632;551628800;0;0;0;0;0;0;0;0;0;0;0;5941;0;0;0;0;0;0;
28631;5258460;587010048;27717632;551628800;0;0;0;0;0;0;0;0;0;0;0;3948;0;0;0;0;0;0;
28632;3449317;587010048;27717632;551628800;0;0;0;0;0;0;0;0;0;0;0;4368;0;0;0;0;0;0;
28633;5196985;587010048;27717632;551628800;0;0;0;0;0;0;0;0;0;0;0;4148;0;0;0;0;0;0;
28634;3681453;587010048;27717632;551628800;0;0;0;0;0;0;0;0;0;0;0;4609;0;0;0;0;0;0;
28635;5598568;587010048;27717632;551628800;0;0;0;0;0;0;0;0;0;0;0;4559;0;0;0;0;0;0;
28636;3661045;587010048;27709440;551620608;0;0;0;0;0;0;0;0;0;0;0;4939;0;0;0;0;0;0;
28637;4884198;587010048;27709440;551620608;0;0;0;0;0;0;0;0;0;0;0;4178;0;0;0;0;0;0;
28638;3671274;587010048;27709440;551620608;0;0;0;0;0;0;0;0;0;0;0;3958;0;0;0;0;0;0;
28639;5003972;587010048;27709440;551620608;0;0;0;0;0;0;0;0;0;0;0;3126;0;0;0;0;0;0;
28640;3723041;587010048;27709440;551620608;0;0;0;0;0;0;0;0;0;0;0;4048;0;0;0;0;0;0;
28641;5560456;587010048;27709440;551620608;0;0;0;0;0;0;0;0;0;0;0;4338;0;0;0;0;0;0;
28642;3904802;587010048;27709440;551620608;0;0;0;0;0;0;0;0;0;0;0;4899;0;0;0;0;0;0;
28643;6136356;592818176;42524672;566435840;0;0;0;0;0;0;0;0;0;0;0;4498;0;0;0;0;0;0;
28644;3546249;592818176;42524672;566435840;0;0;0;0;0;0;0;0;0;0;0;4027;0;0;0;0;0;0;
28645;5885386;597012480;42524672;566435840;0;0;0;0;0;0;0;0;0;0;0;4298;0;0;0;0;0;0;
28646;3827617;597012480;42524672;566435840;0;0;0;0;0;0;0;0;0;0;0;3367;0;0;0;0;0;0;
28647;5160196;597012480;42524672;566435840;0;0;0;0;0;0;0;0;0;0;0;4830;0;0;0;0;0;0;
28648;3259401;597012480;42524672;566435840;0;0;0;0;0;0;0;0;0;0;0;4559;0;0;0;0;0;0;
28649;4942507;597012480;42524672;566435840;0;0;0;0;0;0;0;0;0;0;0;3857;0;0;0;0;0;0;
28650;3920110;586985472;28155904;552067072;0;0;0;0;0;0;0;0;0;0;0;3717;0;0;0;0;0;0;
28651;5953122;586985472;28155904;552067072;0;0;0;0;0;0;0;0;0;0;0;4118;0;0;0;0;0;0;
28652;4191229;586985472;28155904;552067072;0;0;0;0;0;0;0;0;0;0;0;4739;0;0;0;0;0;0;
28653;5190692;586985472;28155904;552067072;0;0;0;0;0;0;0;0;0;0;0;4729;0;0;0;0;0;0;
28654;4280816;586985472;28155904;552067072;0;0;0;0;0;0;0;0;0;0;0;4819;0;0;0;0;0;0;
28655;5148243;586985472;28155904;552067072;0;0;0;0;0;0;0;0;0;0;0;3897;0;0;0;0;0;0;
28656;4591008;586985472;28155904;552067072;0;0;0;0;0;0;0;0;0;0;0;4669;0;0;0;0;0;0;
28657;4952777;586985472;28155904;552067072;0;0;0;0;0;0;0;0;0;0;0;3006;0;0;0;0;0;0;
28658;4588264;586985472;28155904;552067072;0;0;0;0;0;0;0;0;0;0;0;3887;0;0;0;0;0;0;
28659;5319014;586985472;28155904;552067072;0;0;0;0;0;0;0;0;0;0;0;2685;0;0;0;0;0;0;
28660;3433809;586985472;28155904;552067072;0;0;0;0;0;0;0;0;0;0;0;4147;0;0;0;0;0;0;
28661;5294928;586985472;28155904;552067072;0;0;0;0;0;0;0;0;0;0;0;2696;0;0;0;0;0;0;
28662;3715346;586985472;28155904;552067072;0;0;0;0;0;0;0;0;0;0;0;3737;0;0;0;0;0;0;
28663;4889678;586985472;28155904;552067072;0;0;0;0;0;0;0;0;0;0;0;3176;0;0;0;0;0;0;
28664;4276379;586985472;28155904;552067072;0;0;0;0;0;0;0;0;0;0;0;3586;0;0;0;0;0;0;
28665;5219838;586985472;28155904;552067072;0;0;0;0;0;0;0;0;0;0;0;3918;0;0;0;0;0;0;
28666;3851882;586985472;28155904;552067072;0;0;0;0;0;0;0;0;0;0;0;4478;0;0;0;0;0;0;
28667;6290635;592793600;42524672;566435840;0;0;0;0;0;0;0;0;0;0;0;3246;0;0;0;0;0;0;
28668;3708033;592793600;42524672;566435840;0;0;0;0;0;0;0;0;0;0;0;3667;0;0;0;0;0;0;
28669;5365471;596987904;42524672;566435840;0;0;0;0;0;0;0;0;0;0;0;4558;0;0;0;0;0;0;
28670;3775619;596987904;42524672;566435840;0;0;0;0;0;0;0;0;0;0;0;3917;0;0;0;0;0;0;
28671;5084494;596987904;42524672;566435840;0;0;0;0;0;0;0;0;0;0;0;3827;0;0;0;0;0;0;
28672;3751424;596987904;42524672;566435840;0;0;0;0;0;0;0;0;0;0;0;3707;0;0;0;0;0;0;
28673;5241438;596987904;42524672;566435840;0;0;0;0;0;0;0;0;0;0;0;5430;0;0;0;0;0;0;
28674;3843206;587018240;27709440;551620608;0;0;0;0;0;0;0;0;0;0;0;3015;0;0;0;0;0;0;
28675;5557921;587018240;27709440;551620608;0;0;0;0;0;0;0;0;0;0;0;3226;0;0;0;0;0;0;
28676;3330064;587018240;27709440;551620608;0;0;0;0;0;0;0;0;0;0;0;4859;0;0;0;0;0;0;
28677;4980538;587018240;27709440;551620608;0;0;0;0;0;0;0;0;0;0;0;3447;0;0;0;0;0;0;
28678;3378254;587018240;27709440;551620608;0;0;0;0;0;0;0;0;0;0;0;3727;0;0;0;0;0;0;
28679;4900940;587018240;27709440;551620608;0;0;0;0;0;0;0;0;0;0;0;1883;0;0;0;0;0;0;
28680;4807033;587018240;27709440;551620608;0;0;0;0;0;0;0;0;0;0;0;3757;0;0;0;0;0;0;
28681;6331752;587018240;27709440;551620608;0;0;0;0;0;0;0;0;0;0;0;6362;0;0;0;0;0;0;
28682;4061305;587018240;27709440;551620608;0;0;0;0;0;0;0;0;0;0;0;4278;0;0;0;0;0;0;
28683;5045471;587018240;27709440;551620608;0;0;0;0;0;0;0;0;0;0;0;2825;0;0;0;0;0;0;
28684;5120641;587018240;27709440;551620608;0;0;0;0;0;0;0;0;0;0;0;3327;0;0;0;0;0;0;
28685;6060413;587018240;27709440;551620608;0;0;0;0;0;0;0;0;0;0;0;3827;0;0;0;0;0;0;
28686;3813540;587018240;27709440;551620608;0;0;0;0;0;0;0;0;0;0;0;3817;0;0;0;0;0;0;
28687;6135995;587018240;27709440;551620608;0;0;0;0;0;0;0;0;0;0;0;5049;0;0;0;0;0;0;
28688;4596569;587018240;27709440;551620608;0;0;0;0;0;0;0;0;0;0;0;4558;0;0;0;0;0;0;
28689;6427983;587018240;27709440;551620608;0;0;0;0;0;0;0;0;0;0;0;4969;0;0;0;0;0;0;
28690;5035171;587018240;27709440;551620608;0;0;0;0;0;0;0;0;0;0;0;8937;0;0;0;0;0;0;
28691;5789336;587018240;27709440;551620608;0;0;0;0;0;0;0;0;0;0;0;3797;0;0;0;0;0;0;
28692;5374848;587018240;27709440;551620608;0;0;0;0;0;0;0;0;0;0;0;4368;0;0;0;0;0;0;
28693;5173651;587018240;27709440;551620608;0;0;0;0;0;0;0;0;0;0;0;2635;0;0;0;0;0;0;
28694;5019091;587018240;27709440;551620608;0;0;0;0;0;0;0;0;0;0;0;3847;0;0;0;0;0;0;
28695;5117155;587018240;27709440;551620608;0;0;0;0;0;0;0;0;0;0;0;2465;0;0;0;0;0;0;
28696;4428143;587018240;27709440;551620608;0;0;0;0;0;0;0;0;0;0;0;3296;0;0;0;0;0;0;
28697;5020213;587018240;27709440;551620608;0;0;0;0;0;0;0;0;0;0;0;2655;0;0;0;0;0;0;
28698;4170641;587018240;27709440;551620608;0;0;0;0;0;0;0;0;0;0;0;3055;0;0;0;0;0;0;
28699;5083231;587018240;27709440;551620608;0;0;0;0;0;0;0;0;0;0;0;2655;0;0;0;0;0;0;
28700;3740925;587018240;27709440;551620608;0;0;0;0;0;0;0;0;0;0;0;4218;0;0;0;0;0;0;
28701;4740389;587018240;27709440;551620608;0;0;0;0;0;0;0;0;0;0;0;2815;0;0;0;0;0;0;
28702;4019917;587018240;27709440;551620608;0;0;0;0;0;0;0;0;0;0;0;3897;0;0;0;0;0;0;
28703;5410354;587018240;27709440;551620608;0;0;0;0;0;0;0;0;0;0;0;4299;0;0;0;0;0;0;
28704;4109355;587018240;27709440;551620608;0;0;0;0;0;0;0;0;0;0;0;3626;0;0;0;0;0;0;
28705;5489113;587018240;27709440;551620608;0;0;0;0;0;0;0;0;0;0;0;4208;0;0;0;0;0;0;
28706;3338039;587018240;27709440;551620608;0;0;0;0;0;0;0;0;0;0;0;4218;0;0;0;0;0;0;
28707;4820519;587018240;27709440;551620608;0;0;0;0;0;0;0;0;0;0;0;3156;0;0;0;0;0;0;
28708;4067196;587018240;27709440;551620608;0;0;0;0;0;0;0;0;0;0;0;3947;0;0;0;0;0;0;
28709;5421656;587018240;27709440;551620608;0;0;0;0;0;0;0;0;0;0;0;2615;0;0;0;0;0;0;
28710;4275036;587018240;27709440;551620608;0;0;0;0;0;0;0;0;0;0;0;3767;0;0;0;0;0;0;
28711;5318132;587018240;27709440;551620608;0;0;0;0;0;0;0;0;0;0;0;5691;0;0;0;0;0;0;
28712;4112251;587018240;27709440;551620608;0;0;0;0;0;0;0;0;0;0;0;4589;0;0;0;0;0;0;
28713;5456731;587018240;27709440;551620608;0;0;0;0;0;0;0;0;0;0;0;4298;0;0;0;0;0;0;
28714;4209242;587018240;27709440;551620608;0;0;0;0;0;0;0;0;0;0;0;3637;0;0;0;0;0;0;
28715;5402821;587018240;27709440;551620608;0;0;0;0;0;0;0;0;0;0;0;6092;0;0;0;0;0;0;
28716;3652588;587018240;27709440;551620608;0;0;0;0;0;0;0;0;0;0;0;4128;0;0;0;0;0;0;
28717;5074986;587018240;27709440;551620608;0;0;0;0;0;0;0;0;0;0;0;2846;0;0;0;0;0;0;
28718;3702662;587018240;27709440;551620608;0;0;0;0;0;0;0;0;0;0;0;3737;0;0;0;0;0;0;
28719;5725155;587018240;27709440;551620608;0;0;0;0;0;0;0;0;0;0;0;3887;0;0;0;0;0;0;
28720;4224782;587018240;27709440;551620608;0;0;0;0;0;0;0;0;0;0;0;3968;0;0;0;0;0;0;
28721;5264461;587018240;27709440;551620608;0;0;0;0;0;0;0;0;0;0;0;4448;0;0;0;0;0;0;
28722;3391570;587018240;27709440;551620608;0;0;0;0;0;0;0;0;0;0;0;4428;0;0;0;0;0;0;
28723;5188619;587018240;27709440;551620608;0;0;0;0;0;0;0;0;0;0;0;3988;0;0;0;0;0;0;
28724;4958027;587018240;27709440;551620608;0;0;0;0;0;0;0;0;0;0;0;3637;0;0;0;0;0;0;
28725;5479644;587018240;27709440;551620608;0;0;0;0;0;0;0;0;0;0;0;3577;0;0;0;0;0;0;
28726;3847774;587018240;27709440;551620608;0;0;0;0;0;0;0;0;0;0;0;4809;0;0;0;0;0;0;
28727;5101525;587018240;27709440;551620608;0;0;0;0;0;0;0;0;0;0;0;2975;0;0;0;0;0;0;
28728;3799975;587018240;27709440;551620608;0;0;0;0;0;0;0;0;0;0;0;4539;0;0;0;0;0;0;
28729;5093310;587018240;27709440;551620608;0;0;0;0;0;0;0;0;0;0;0;3787;0;0;0;0;0;0;
28730;3476769;587018240;27709440;551620608;0;0;0;0;0;0;0;0;0;0;0;3216;0;0;0;0;0;0;
28731;5466610;587018240;27709440;551620608;0;0;0;0;0;0;0;0;0;0;0;4509;0;0;0;0;0;0;
28732;4458920;587018240;27709440;551620608;0;0;0;0;0;0;0;0;0;0;0;4769;0;0;0;0;0;0;
28733;5775509;587018240;27709440;551620608;0;0;0;0;0;0;0;0;0;0;0;4198;0;0;0;0;0;0;
28734;4468569;587018240;27709440;551620608;0;0;0;0;0;0;0;0;0;0;0;4147;0;0;0;0;0;0;
28735;5359729;587018240;27717632;551628800;0;0;0;0;0;0;0;0;0;0;0;4649;0;0;0;0;0;0;
28736;4842149;587018240;27717632;551628800;0;0;0;0;0;0;0;0;0;0;0;3587;0;0;0;0;0;0;
28737;4929964;587018240;27717632;551628800;0;0;0;0;0;0;0;0;0;0;0;3005;0;0;0;0;0;0;
28738;4912982;587018240;27717632;551628800;0;0;0;0;0;0;0;0;0;0;0;4288;0;0;0;0;0;0;
28739;4961934;587018240;27717632;551628800;0;0;0;0;0;0;0;0;0;0;0;2284;0;0;0;0;0;0;
28740;4147557;587018240;27717632;551628800;0;0;0;0;0;0;0;0;0;0;0;3858;0;0;0;0;0;0;
28741;8325150;587018240;27717632;551628800;0;0;0;0;0;0;0;0;0;0;0;6392;0;0;0;0;0;0;
28742;6170961;587026432;27709440;551620608;0;0;0;0;0;0;0;0;0;0;0;3878;0;0;0;0;0;0;
28743;6142538;587026432;27709440;551620608;0;0;0;0;0;0;0;0;0;0;0;3567;0;0;0;0;0;0;
28744;4058310;587026432;27709440;551620608;0;0;0;0;0;0;0;0;0;0;0;3677;0;0;0;0;0;0;
28745;6095239;587026432;27709440;551620608;0;0;0;0;0;0;0;0;0;0;0;3987;0;0;0;0;0;0;
28746;3973891;587026432;27709440;551620608;0;0;0;0;0;0;0;0;0;0;0;4509;0;0;0;0;0;0;
28747;5556298;587026432;27709440;551620608;0;0;0;0;0;0;0;0;0;0;0;3336;0;0;0;0;0;0;
28748;4308038;587026432;27709440;551620608;0;0;0;0;0;0;0;0;0;0;0;3847;0;0;0;0;0;0;
28749;5710047;587026432;27709440;551620608;0;0;0;0;0;0;0;0;0;0;0;5330;0;0;0;0;0;0;
28750;4735920;587026432;27709440;551620608;0;0;0;0;0;0;0;0;0;0;0;4629;0;0;0;0;0;0;
28751;5940919;587026432;27709440;551620608;0;0;0;0;0;0;0;0;0;0;0;4058;0;0;0;0;0;0;
28752;4552786;587026432;27709440;551620608;0;0;0;0;0;0;0;0;0;0;0;4578;0;0;0;0;0;0;
28753;6133882;587026432;27709440;551620608;0;0;0;0;0;0;0;0;0;0;0;6572;0;0;0;0;0;0;
28754;5506435;587026432;27709440;551620608;0;0;0;0;0;0;0;0;0;0;0;4889;0;0;0;0;0;0;
28755;6951164;587026432;27709440;551620608;0;0;0;0;0;0;0;0;0;0;0;4498;0;0;0;0;0;0;
28756;5489533;587026432;27709440;551620608;0;0;0;0;0;0;0;0;0;0;0;8576;0;0;0;0;0;0;
28757;5217994;587026432;27709440;551620608;0;0;0;0;0;0;0;0;0;0;0;3427;0;0;0;0;0;0;
28758;6286918;587026432;27709440;551620608;0;0;0;0;0;0;0;0;0;0;0;3938;0;0;0;0;0;0;
28759;5431845;587026432;27709440;551620608;0;0;0;0;0;0;0;0;0;0;0;4077;0;0;0;0;0;0;
28760;3812519;587026432;27709440;551620608;0;0;0;0;0;0;0;0;0;0;0;6622;0;0;0;0;0;0;
28761;5252879;587026432;27709440;551620608;0;0;0;0;0;0;0;0;0;0;0;5570;0;0;0;0;0;0;
28762;3787692;587026432;27709440;551620608;0;0;0;0;0;0;0;0;0;0;0;3907;0;0;0;0;0;0;
28763;6465593;587026432;27709440;551620608;0;0;0;0;0;0;0;0;0;0;0;3327;0;0;0;0;0;0;
28764;4053491;587026432;27709440;551620608;0;0;0;0;0;0;0;0;0;0;0;4348;0;0;0;0;0;0;
28765;5745062;587026432;27709440;551620608;0;0;0;0;0;0;0;0;0;0;0;4469;0;0;0;0;0;0;
28766;3651827;587026432;27709440;551620608;0;0;0;0;0;0;0;0;0;0;0;4088;0;0;0;0;0;0;
28767;6451196;592834560;42524672;566435840;0;0;0;0;0;0;0;0;0;0;0;4639;0;0;0;0;0;0;
28768;4088085;592834560;42524672;566435840;0;0;0;0;0;0;0;0;0;0;0;7394;0;0;0;0;0;0;
28769;6349716;597028864;42524672;566435840;0;0;0;0;0;0;0;0;0;0;0;4509;0;0;0;0;0;0;
28770;4487705;597028864;42524672;566435840;0;0;0;0;0;0;0;0;0;0;0;4147;0;0;0;0;0;0;
28771;6120907;597028864;42524672;566435840;0;0;0;0;0;0;0;0;0;0;0;3937;0;0;0;0;0;0;
28772;4803587;597028864;42524672;566435840;0;0;0;0;0;0;0;0;0;0;0;6482;0;0;0;0;0;0;
28773;5304556;597028864;42524672;566435840;0;0;0;0;0;0;0;0;0;0;0;3867;0;0;0;0;0;0;
28774;4910367;587005952;28155904;552067072;0;0;0;0;0;0;0;0;0;0;0;3497;0;0;0;0;0;0;
28775;6010440;587005952;28155904;552067072;0;0;0;0;0;0;0;0;0;0;0;6783;0;0;0;0;0;0;
28776;5041904;587005952;28155904;552067072;0;0;0;0;0;0;0;0;0;0;0;4168;0;0;0;0;0;0;
28777;6288672;587005952;28155904;552067072;0;0;0;0;0;0;0;0;0;0;0;4899;0;0;0;0;0;0;
28778;5068123;587005952;28155904;552067072;0;0;0;0;0;0;0;0;0;0;0;5009;0;0;0;0;0;0;
28779;5677165;587005952;28155904;552067072;0;0;0;0;0;0;0;0;0;0;0;4198;0;0;0;0;0;0;
28780;5131642;587005952;28155904;552067072;0;0;0;0;0;0;0;0;0;0;0;8796;0;0;0;0;0;0;
28781;5354189;587005952;28155904;552067072;0;0;0;0;0;0;0;0;0;0;0;4208;0;0;0;0;0;0;
28782;4901190;587005952;28155904;552067072;0;0;0;0;0;0;0;0;0;0;0;4188;0;0;0;0;0;0;
28783;5219176;587005952;28155904;552067072;0;0;0;0;0;0;0;0;0;0;0;3667;0;0;0;0;0;0;
28784;4398277;587005952;28155904;552067072;0;0;0;0;0;0;0;0;0;0;0;4919;0;0;0;0;0;0;
28785;5355983;587005952;28155904;552067072;0;0;0;0;0;0;0;0;0;0;0;3487;0;0;0;0;0;0;
28786;4217007;587005952;28155904;552067072;0;0;0;0;0;0;0;0;0;0;0;4328;0;0;0;0;0;0;
28787;5712331;587005952;28155904;552067072;0;0;0;0;0;0;0;0;0;0;0;3997;0;0;0;0;0;0;
28788;4104987;587005952;28155904;552067072;0;0;0;0;0;0;0;0;0;0;0;4027;0;0;0;0;0;0;
28789;6554670;587005952;28155904;552067072;0;0;0;0;0;0;0;0;0;0;0;4719;0;0;0;0;0;0;
28790;4350167;587005952;28155904;552067072;0;0;0;0;0;0;0;0;0;0;0;4689;0;0;0;0;0;0;
28791;6609113;592814080;42524672;566435840;0;0;0;0;0;0;0;0;0;0;0;3897;0;0;0;0;0;0;
28792;5349932;592814080;42524672;566435840;0;0;0;0;0;0;0;0;0;0;0;4979;0;0;0;0;0;0;
28793;6321653;597008384;42524672;566435840;0;0;0;0;0;0;0;0;0;0;0;4198;0;0;0;0;0;0;
28794;4724979;597008384;42524672;566435840;0;0;0;0;0;0;0;0;0;0;0;4448;0;0;0;0;0;0;
28795;5764198;597008384;42524672;566435840;0;0;0;0;0;0;0;0;0;0;0;5029;0;0;0;0;0;0;
28796;4922320;597008384;42524672;566435840;0;0;0;0;0;0;0;0;0;0;0;4097;0;0;0;0;0;0;
28797;6229150;597008384;42524672;566435840;0;0;0;0;0;0;0;0;0;0;0;4268;0;0;0;0;0;0;
28798;5248110;587038720;27709440;551620608;0;0;0;0;0;0;0;0;0;0;0;3717;0;0;0;0;0;0;
28799;5488972;587038720;27709440;551620608;0;0;0;0;0;0;0;0;0;0;0;6312;0;0;0;0;0;0;
28800;5123797;587038720;27709440;551620608;0;0;0;0;0;0;0;0;0;0;0;4128;0;0;0;0;0;0;
28801;5522525;587038720;27709440;551620608;0;0;0;0;0;0;0;0;0;0;0;4409;0;0;0;0;0;0;
28802;4866525;587038720;27709440;551620608;0;0;0;0;0;0;0;0;0;0;0;4799;0;0;0;0;0;0;
28803;5770630;587038720;27709440;551620608;0;0;0;0;0;0;0;0;0;0;0;4338;0;0;0;0;0;0;
28804;5754189;587038720;27709440;551620608;0;0;0;0;0;0;0;0;0;0;0;4739;0;0;0;0;0;0;
28805;6025939;587038720;27709440;551620608;0;0;0;0;0;0;0;0;0;0;0;7654;0;0;0;0;0;0;
28806;3925540;587038720;27709440;551620608;0;0;0;0;0;0;0;0;0;0;0;5550;0;0;0;0;0;0;
28807;5003893;587038720;27709440;551620608;0;0;0;0;0;0;0;0;0;0;0;5139;0;0;0;0;0;0;
28808;4439885;587038720;27709440;551620608;0;0;0;0;0;0;0;0;0;0;0;4949;0;0;0;0;0;0;
28809;6134833;587038720;27709440;551620608;0;0;0;0;0;0;0;0;0;0;0;7685;0;0;0;0;0;0;
28810;4362219;587038720;27709440;551620608;0;0;0;0;0;0;0;0;0;0;0;5280;0;0;0;0;0;0;
28811;6430558;587038720;27709440;551620608;0;0;0;0;0;0;0;0;0;0;0;3847;0;0;0;0;0;0;
28812;4896812;587038720;27709440;551620608;0;0;0;0;0;0;0;0;0;0;0;4699;0;0;0;0;0;0;
28813;5998999;587038720;27709440;551620608;0;0;0;0;0;0;0;0;0;0;0;3938;0;0;0;0;0;0;
28814;5123116;587038720;27709440;551620608;0;0;0;0;0;0;0;0;0;0;0;5741;0;0;0;0;0;0;
28815;6720912;592846848;42524672;566435840;0;0;0;0;0;0;0;0;0;0;0;5400;0;0;0;0;0;0;
28816;5644303;592846848;42524672;566435840;0;0;0;0;0;0;0;0;0;0;0;3947;0;0;0;0;0;0;
28817;6241673;599138304;42524672;566435840;0;0;0;0;0;0;0;0;0;0;0;5180;0;0;0;0;0;0;
28818;4789982;599138304;42524672;566435840;0;0;0;0;0;0;0;0;0;0;0;3627;0;0;0;0;0;0;
28819;6737352;599138304;42524672;566435840;0;0;0;0;0;0;0;0;0;0;0;4599;0;0;0;0;0;0;
28820;4778650;599138304;42524672;566435840;0;0;0;0;0;0;0;0;0;0;0;5019;0;0;0;0;0;0;
28821;5516033;599138304;42524672;566435840;0;0;0;0;0;0;0;0;0;0;0;3366;0;0;0;0;0;0;
28822;5105333;589111296;28155904;552067072;0;0;0;0;0;0;0;0;0;0;0;5070;0;0;0;0;0;0;
28823;5740404;589111296;28155904;552067072;0;0;0;0;0;0;0;0;0;0;0;5150;0;0;0;0;0;0;
28824;5288486;589111296;28155904;552067072;0;0;0;0;0;0;0;0;0;0;0;5791;0;0;0;0;0;0;
28825;5892769;589111296;28155904;552067072;0;0;0;0;0;0;0;0;0;0;0;4529;0;0;0;0;0;0;
28826;4630723;589111296;28155904;552067072;0;0;0;0;0;0;0;0;0;0;0;6271;0;0;0;0;0;0;
28827;5527134;589111296;28155904;552067072;0;0;0;0;0;0;0;0;0;0;0;3927;0;0;0;0;0;0;
28828;5107968;589111296;28155904;552067072;0;0;0;0;0;0;0;0;0;0;0;10851;0;0;0;0;0;0;
28829;5200922;589111296;28164096;552075264;0;0;0;0;0;0;0;0;0;0;0;4228;0;0;0;0;0;0;
28830;5673889;589111296;28164096;552075264;0;0;0;0;0;0;0;0;0;0;0;5981;0;0;0;0;0;0;
28831;6350948;589111296;28164096;552075264;0;0;0;0;0;0;0;0;0;0;0;4819;0;0;0;0;0;0;
28832;3935369;589111296;28164096;552075264;0;0;0;0;0;0;0;0;0;0;0;8816;0;0;0;0;0;0;
28833;6061566;589111296;28164096;552075264;0;0;0;0;0;0;0;0;0;0;0;5029;0;0;0;0;0;0;
28834;4520797;589111296;28164096;552075264;0;0;0;0;0;0;0;0;0;0;0;4228;0;0;0;0;0;0;
28835;6001814;589111296;28164096;552075264;0;0;0;0;0;0;0;0;0;0;0;3667;0;0;0;0;0;0;
28836;5247880;589111296;28155904;552067072;0;0;0;0;0;0;0;0;0;0;0;4840;0;0;0;0;0;0;
28837;5416196;589111296;28155904;552067072;0;0;0;0;0;0;0;0;0;0;0;3797;0;0;0;0;0;0;
28838;5009863;589111296;28155904;552067072;0;0;0;0;0;0;0;0;0;0;0;3917;0;0;0;0;0;0;
28839;6029185;589111296;28155904;552067072;0;0;0;0;0;0;0;0;0;0;0;3537;0;0;0;0;0;0;
28840;5251206;589111296;28155904;552067072;0;0;0;0;0;0;0;0;0;0;0;5631;0;0;0;0;0;0;
28841;5996574;589111296;28155904;552067072;0;0;0;0;0;0;0;0;0;0;0;5631;0;0;0;0;0;0;
28842;5129227;589111296;28155904;552067072;0;0;0;0;0;0;0;0;0;0;0;4969;0;0;0;0;0;0;
28843;5658711;589111296;28155904;552067072;0;0;0;0;0;0;0;0;0;0;0;3527;0;0;0;0;0;0;
28844;4734216;589111296;28155904;552067072;0;0;0;0;0;0;0;0;0;0;0;3457;0;0;0;0;0;0;
28845;5896145;589111296;28155904;552067072;0;0;0;0;0;0;0;0;0;0;0;4459;0;0;0;0;0;0;
28846;4629671;589111296;28155904;552067072;0;0;0;0;0;0;0;0;0;0;0;4138;0;0;0;0;0;0;
28847;6153017;589111296;28155904;552067072;0;0;0;0;0;0;0;0;0;0;0;4979;0;0;0;0;0;0;
28848;5752877;589111296;28155904;552067072;0;0;0;0;0;0;0;0;0;0;0;3807;0;0;0;0;0;0;
28849;5516003;589111296;28155904;552067072;0;0;0;0;0;0;0;0;0;0;0;4488;0;0;0;0;0;0;
28850;4029886;589111296;28155904;552067072;0;0;0;0;0;0;0;0;0;0;0;6482;0;0;0;0;0;0;
28851;4833974;589111296;28155904;552067072;0;0;0;0;0;0;0;0;0;0;0;3386;0;0;0;0;0;0;
28852;5612795;589111296;28155904;552067072;0;0;0;0;0;0;0;0;0;0;0;4479;0;0;0;0;0;0;
28853;5417888;589111296;28155904;552067072;0;0;0;0;0;0;0;0;0;0;0;4338;0;0;0;0;0;0;
28854;4735158;589111296;28155904;552067072;0;0;0;0;0;0;0;0;0;0;0;3787;0;0;0;0;0;0;
28855;5294257;589111296;28155904;552067072;0;0;0;0;0;0;0;0;0;0;0;3596;0;0;0;0;0;0;
28856;4956644;589111296;28155904;552067072;0;0;0;0;0;0;0;0;0;0;0;3898;0;0;0;0;0;0;
28857;8064201;589111296;28155904;552067072;0;0;0;0;0;0;0;0;0;0;0;4548;0;0;0;0;0;0;
28858;4333255;589111296;28155904;552067072;0;0;0;0;0;0;0;0;0;0;0;3857;0;0;0;0;0;0;
28859;5738701;589111296;28155904;552067072;0;0;0;0;0;0;0;0;0;0;0;4488;0;0;0;0;0;0;
28860;4344726;589111296;28155904;552067072;0;0;0;0;0;0;0;0;0;0;0;4398;0;0;0;0;0;0;
28861;5308233;589111296;28155904;552067072;0;0;0;0;0;0;0;0;0;0;0;4378;0;0;0;0;0;0;
28862;4440887;589111296;28155904;552067072;0;0;0;0;0;0;0;0;0;0;0;4678;0;0;0;0;0;0;
28863;5682765;589111296;28155904;552067072;0;0;0;0;0;0;0;0;0;0;0;4629;0;0;0;0;0;0;
28864;3833398;589111296;28155904;552067072;0;0;0;0;0;0;0;0;0;0;0;3507;0;0;0;0;0;0;
28865;5217383;589111296;28155904;552067072;0;0;0;0;0;0;0;0;0;0;0;4047;0;0;0;0;0;0;
28866;4334387;589111296;28155904;552067072;0;0;0;0;0;0;0;0;0;0;0;4047;0;0;0;0;0;0;
28867;6083066;589111296;28155904;552067072;0;0;0;0;0;0;0;0;0;0;0;4038;0;0;0;0;0;0;
28868;4842890;589111296;28155904;552067072;0;0;0;0;0;0;0;0;0;0;0;4819;0;0;0;0;0;0;
28869;5223785;589111296;28155904;552067072;0;0;0;0;0;0;0;0;0;0;0;4538;0;0;0;0;0;0;
28870;3824922;589111296;28155904;552067072;0;0;0;0;0;0;0;0;0;0;0;4138;0;0;0;0;0;0;
28871;5373796;589111296;28155904;552067072;0;0;0;0;0;0;0;0;0;0;0;3396;0;0;0;0;0;0;
28872;4771867;589111296;28155904;552067072;0;0;0;0;0;0;0;0;0;0;0;4478;0;0;0;0;0;0;
28873;4902873;589111296;28155904;552067072;0;0;0;0;0;0;0;0;0;0;0;3327;0;0;0;0;0;0;
28874;3888741;589111296;28155904;552067072;0;0;0;0;0;0;0;0;0;0;0;4268;0;0;0;0;0;0;
28875;5447495;589111296;28155904;552067072;0;0;0;0;0;0;0;0;0;0;0;3848;0;0;0;0;0;0;
28876;3823440;589111296;28155904;552067072;0;0;0;0;0;0;0;0;0;0;0;3817;0;0;0;0;0;0;
28877;4863710;589111296;28155904;552067072;0;0;0;0;0;0;0;0;0;0;0;4348;0;0;0;0;0;0;
28878;3964824;589111296;28155904;552067072;0;0;0;0;0;0;0;0;0;0;0;3837;0;0;0;0;0;0;
28879;5461771;589111296;28155904;552067072;0;0;0;0;0;0;0;0;0;0;0;4158;0;0;0;0;0;0;
28880;5614828;589111296;28155904;552067072;0;0;0;0;0;0;0;0;0;0;0;4349;0;0;0;0;0;0;
28881;5960617;589111296;28155904;552067072;0;0;0;0;0;0;0;0;0;0;0;4639;0;0;0;0;0;0;
28882;5363647;589111296;28155904;552067072;0;0;0;0;0;0;0;0;0;0;0;4909;0;0;0;0;0;0;
28883;5236879;589111296;28155904;552067072;0;0;0;0;0;0;0;0;0;0;0;3848;0;0;0;0;0;0;
28884;5333421;589111296;28155904;552067072;0;0;0;0;0;0;0;0;0;0;0;4398;0;0;0;0;0;0;
28885;5026295;589111296;28155904;552067072;0;0;0;0;0;0;0;0;0;0;0;2966;0;0;0;0;0;0;
28886;3770169;589111296;28155904;552067072;0;0;0;0;0;0;0;0;0;0;0;3977;0;0;0;0;0;0;
28887;4765926;589111296;28155904;552067072;0;0;0;0;0;0;0;0;0;0;0;3176;0;0;0;0;0;0;
28888;4660078;589111296;28155904;552067072;0;0;0;0;0;0;0;0;0;0;0;4789;0;0;0;0;0;0;
28889;5056531;589111296;28155904;552067072;0;0;0;0;0;0;0;0;0;0;0;3196;0;0;0;0;0;0;
28890;4362400;589111296;28155904;552067072;0;0;0;0;0;0;0;0;0;0;0;4128;0;0;0;0;0;0;
28891;5457252;589111296;28155904;552067072;0;0;0;0;0;0;0;0;0;0;0;3045;0;0;0;0;0;0;
28892;5246217;589111296;28155904;552067072;0;0;0;0;0;0;0;0;0;0;0;4519;0;0;0;0;0;0;
28893;5193458;589111296;28155904;552067072;0;0;0;0;0;0;0;0;0;0;0;3086;0;0;0;0;0;0;
28894;4827822;589111296;28155904;552067072;0;0;0;0;0;0;0;0;0;0;0;3677;0;0;0;0;0;0;
28895;5110883;589111296;28155904;552067072;0;0;0;0;0;0;0;0;0;0;0;3306;0;0;0;0;0;0;
28896;4086142;589111296;28155904;552067072;0;0;0;0;0;0;0;0;0;0;0;4318;0;0;0;0;0;0;
28897;5207735;589111296;28155904;552067072;0;0;0;0;0;0;0;0;0;0;0;2756;0;0;0;0;0;0;
28898;3912907;589111296;28155904;552067072;0;0;0;0;0;0;0;0;0;0;0;4799;0;0;0;0;0;0;
28899;4963026;589111296;28155904;552067072;0;0;0;0;0;0;0;0;0;0;0;4388;0;0;0;0;0;0;
28900;4321583;589111296;28155904;552067072;0;0;0;0;0;0;0;0;0;0;0;3616;0;0;0;0;0;0;
28901;4739237;589111296;28155904;552067072;0;0;0;0;0;0;0;0;0;0;0;4789;0;0;0;0;0;0;
28902;3765631;589111296;28155904;552067072;0;0;0;0;0;0;0;0;0;0;0;4398;0;0;0;0;0;0;
28903;5260183;589111296;28155904;552067072;0;0;0;0;0;0;0;0;0;0;0;3927;0;0;0;0;0;0;
28904;3959253;589111296;28155904;552067072;0;0;0;0;0;0;0;0;0;0;0;4398;0;0;0;0;0;0;
28905;5155287;589111296;28155904;552067072;0;0;0;0;0;0;0;0;0;0;0;3737;0;0;0;0;0;0;
28906;4010059;589111296;28155904;552067072;0;0;0;0;0;0;0;0;0;0;0;3987;0;0;0;0;0;0;
28907;5210640;589111296;28155904;552067072;0;0;0;0;0;0;0;0;0;0;0;3617;0;0;0;0;0;0;
28908;3533536;589111296;28155904;552067072;0;0;0;0;0;0;0;0;0;0;0;3957;0;0;0;0;0;0;
28909;6119234;589111296;28155904;552067072;0;0;0;0;0;0;0;0;0;0;0;4168;0;0;0;0;0;0;
28910;3387842;589111296;28155904;552067072;0;0;0;0;0;0;0;0;0;0;0;3948;0;0;0;0;0;0;
28911;5806878;589111296;28155904;552067072;0;0;0;0;0;0;0;0;0;0;0;3476;0;0;0;0;0;0;
28912;3190392;589111296;28155904;552067072;0;0;0;0;0;0;0;0;0;0;0;4419;0;0;0;0;0;0;
28913;5061481;589111296;28155904;552067072;0;0;0;0;0;0;0;0;0;0;0;4959;0;0;0;0;0;0;
28914;3460208;589111296;28155904;552067072;0;0;0;0;0;0;0;0;0;0;0;4348;0;0;0;0;0;0;
28915;6680275;594919424;42524672;566435840;0;0;0;0;0;0;0;0;0;0;0;5461;0;0;0;0;0;0;
28916;4146545;594919424;42524672;566435840;0;0;0;0;0;0;0;0;0;0;0;4819;0;0;0;0;0;0;
28917;6192942;601210880;42524672;566435840;0;0;0;0;0;0;0;0;0;0;0;4608;0;0;0;0;0;0;
28918;4237917;601210880;42524672;566435840;0;0;0;0;0;0;0;0;0;0;0;5220;0;0;0;0;0;0;
28919;5455760;601210880;42524672;566435840;0;0;0;0;0;0;0;0;0;0;0;4138;0;0;0;0;0;0;
28920;4276178;601210880;42524672;566435840;0;0;0;0;0;0;0;0;0;0;0;4428;0;0;0;0;0;0;
28921;5499962;601210880;42524672;566435840;0;0;0;0;0;0;0;0;0;0;0;3997;0;0;0;0;0;0;
28922;4793638;589156352;27709440;551620608;0;0;0;0;0;0;0;0;0;0;0;4399;0;0;0;0;0;0;
28923;5283447;589156352;27709440;551620608;0;0;0;0;0;0;0;0;0;0;0;3376;0;0;0;0;0;0;
28924;4837290;589156352;27709440;551620608;0;0;0;0;0;0;0;0;0;0;0;4839;0;0;0;0;0;0;
28925;5354941;589156352;27709440;551620608;0;0;0;0;0;0;0;0;0;0;0;3918;0;0;0;0;0;0;
28926;4789080;589156352;27709440;551620608;0;0;0;0;0;0;0;0;0;0;0;3587;0;0;0;0;0;0;
28927;4815008;589156352;27709440;551620608;0;0;0;0;0;0;0;0;0;0;0;2495;0;0;0;0;0;0;
28928;3821936;589156352;27709440;551620608;0;0;0;0;0;0;0;0;0;0;0;3296;0;0;0;0;0;0;
28929;5306520;589156352;27717632;551628800;0;0;0;0;0;0;0;0;0;0;0;3887;0;0;0;0;0;0;
28930;3728932;589156352;27717632;551628800;0;0;0;0;0;0;0;0;0;0;0;3747;0;0;0;0;0;0;
28931;4731572;589156352;27717632;551628800;0;0;0;0;0;0;0;0;0;0;0;2705;0;0;0;0;0;0;
28932;4583234;589156352;27717632;551628800;0;0;0;0;0;0;0;0;0;0;0;4679;0;0;0;0;0;0;
28933;4992871;589156352;27717632;551628800;0;0;0;0;0;0;0;0;0;0;0;3316;0;0;0;0;0;0;
28934;9907287;589156352;27717632;551628800;0;0;0;0;0;0;0;0;0;0;0;3748;0;0;0;0;0;0;
28935;8025598;589156352;27717632;551628800;0;0;0;0;0;0;0;0;0;0;0;2605;0;0;0;0;0;0;
28936;4365826;589156352;27709440;551620608;0;0;0;0;0;0;0;0;0;0;0;3407;0;0;0;0;0;0;
28937;5332358;589156352;27709440;551620608;0;0;0;0;0;0;0;0;0;0;0;3487;0;0;0;0;0;0;
28938;4550703;589156352;27709440;551620608;0;0;0;0;0;0;0;0;0;0;0;4910;0;0;0;0;0;0;
28939;6306194;594964480;42524672;566435840;0;0;0;0;0;0;0;0;0;0;0;5019;0;0;0;0;0;0;
28940;5050039;594964480;42528768;566439936;0;0;0;0;0;0;0;0;0;0;0;5390;0;0;0;0;0;0;
28941;6370295;601255936;42528768;566439936;0;0;0;0;0;0;0;0;0;0;0;4799;0;0;0;0;0;0;
28942;4594615;601255936;42528768;566439936;0;0;0;0;0;0;0;0;0;0;0;4598;0;0;0;0;0;0;
28943;5603777;601255936;42528768;566439936;0;0;0;0;0;0;0;0;0;0;0;4469;0;0;0;0;0;0;
28944;4639339;601255936;42528768;566439936;0;0;0;0;0;0;0;0;0;0;0;4449;0;0;0;0;0;0;
28945;5611893;601255936;42528768;566439936;0;0;0;0;0;0;0;0;0;0;0;3326;0;0;0;0;0;0;
28946;5162650;589135872;28160000;552071168;0;0;0;0;0;0;0;0;0;0;0;5500;0;0;0;0;0;0;
28947;5160056;589135872;28160000;552071168;0;0;0;0;0;0;0;0;0;0;0;3877;0;0;0;0;0;0;
28948;5349571;589135872;28160000;552071168;0;0;0;0;0;0;0;0;0;0;0;4448;0;0;0;0;0;0;
28949;5106945;589135872;28160000;552071168;0;0;0;0;0;0;0;0;0;0;0;4559;0;0;0;0;0;0;
28950;3698474;589135872;28160000;552071168;0;0;0;0;0;0;0;0;0;0;0;4539;0;0;0;0;0;0;
28951;5759489;589135872;28160000;552071168;0;0;0;0;0;0;0;0;0;0;0;4629;0;0;0;0;0;0;
28952;4557756;589135872;28160000;552071168;0;0;0;0;0;0;0;0;0;0;0;5961;0;0;0;0;0;0;
28953;5382362;589135872;28160000;552071168;0;0;0;0;0;0;0;0;0;0;0;5240;0;0;0;0;0;0;
28954;4424436;589135872;28160000;552071168;0;0;0;0;0;0;0;0;0;0;0;4608;0;0;0;0;0;0;
28955;5387231;589135872;28160000;552071168;0;0;0;0;0;0;0;0;0;0;0;3326;0;0;0;0;0;0;
28956;4641744;589135872;28160000;552071168;0;0;0;0;0;0;0;0;0;0;0;4488;0;0;0;0;0;0;
28957;5174001;589135872;28160000;552071168;0;0;0;0;0;0;0;0;0;0;0;3166;0;0;0;0;0;0;
28958;6118332;589135872;28160000;552071168;0;0;0;0;0;0;0;0;0;0;0;4478;0;0;0;0;0;0;
28959;5837585;589135872;28160000;552071168;0;0;0;0;0;0;0;0;0;0;0;3907;0;0;0;0;0;0;
28960;4263524;589135872;28160000;552071168;0;0;0;0;0;0;0;0;0;0;0;4708;0;0;0;0;0;0;
28961;5548303;589135872;28160000;552071168;0;0;0;0;0;0;0;0;0;0;0;5490;0;0;0;0;0;0;
28962;3880065;589135872;28160000;552071168;0;0;0;0;0;0;0;0;0;0;0;5620;0;0;0;0;0;0;
28963;6812654;594944000;42528768;566439936;0;0;0;0;0;0;0;0;0;0;0;3867;0;0;0;0;0;0;
28964;3982778;594944000;42528768;566439936;0;0;0;0;0;0;0;0;0;0;0;4439;0;0;0;0;0;0;
28965;6095469;601235456;42528768;566439936;0;0;0;0;0;0;0;0;0;0;0;3807;0;0;0;0;0;0;
28966;4631314;601235456;42528768;566439936;0;0;0;0;0;0;0;0;0;0;0;4499;0;0;0;0;0;0;
28967;5098440;601235456;42528768;566439936;0;0;0;0;0;0;0;0;0;0;0;3036;0;0;0;0;0;0;
28968;4313157;601235456;42528768;566439936;0;0;0;0;0;0;0;0;0;0;0;4007;0;0;0;0;0;0;
28969;5345483;601235456;42528768;566439936;0;0;0;0;0;0;0;0;0;0;0;3296;0;0;0;0;0;0;
28970;4579277;589168640;27713536;551624704;0;0;0;0;0;0;0;0;0;0;0;3907;0;0;0;0;0;0;
28971;5357896;589168640;27713536;551624704;0;0;0;0;0;0;0;0;0;0;0;4529;0;0;0;0;0;0;
28972;4103344;589168640;27713536;551624704;0;0;0;0;0;0;0;0;0;0;0;3827;0;0;0;0;0;0;
28973;5122545;589168640;27713536;551624704;0;0;0;0;0;0;0;0;0;0;0;3597;0;0;0;0;0;0;
28974;3891577;589168640;27713536;551624704;0;0;0;0;0;0;0;0;0;0;0;3968;0;0;0;0;0;0;
28975;5608205;589168640;27713536;551624704;0;0;0;0;0;0;0;0;0;0;0;4648;0;0;0;0;0;0;
28976;4431089;589168640;27713536;551624704;0;0;0;0;0;0;0;0;0;0;0;101430;0;0;0;0;0;0;
28977;5967900;589168640;27713536;551624704;0;0;0;0;0;0;0;0;0;0;0;4468;0;0;0;0;0;0;
28978;5110262;589168640;27713536;551624704;0;0;0;0;0;0;0;0;0;0;0;4008;0;0;0;0;0;0;
28979;5292755;589168640;27713536;551624704;0;0;0;0;0;0;0;0;0;0;0;3096;0;0;0;0;0;0;
28980;3994269;589168640;27713536;551624704;0;0;0;0;0;0;0;0;0;0;0;4428;0;0;0;0;0;0;
28981;5187898;589168640;27713536;551624704;0;0;0;0;0;0;0;0;0;0;0;2344;0;0;0;0;0;0;
28982;3487309;589168640;27713536;551624704;0;0;0;0;0;0;0;0;0;0;0;4328;0;0;0;0;0;0;
28983;4544591;589168640;27713536;551624704;0;0;0;0;0;0;0;0;0;0;0;2344;0;0;0;0;0;0;
28984;4093796;589168640;27713536;551624704;0;0;0;0;0;0;0;0;0;0;0;4088;0;0;0;0;0;0;
28985;5555737;589168640;27713536;551624704;0;0;0;0;0;0;0;0;0;0;0;65412;0;0;0;0;0;0;
28986;5103359;589168640;27713536;551624704;0;0;0;0;0;0;0;0;0;0;0;5140;0;0;0;0;0;0;
28987;5482039;589168640;27713536;551624704;0;0;0;0;0;0;0;0;0;0;0;3005;0;0;0;0;0;0;
28988;4014918;589168640;27713536;551624704;0;0;0;0;0;0;0;0;0;0;0;3847;0;0;0;0;0;0;
28989;5387532;589168640;27713536;551624704;0;0;0;0;0;0;0;0;0;0;0;3005;0;0;0;0;0;0;
28990;4100849;589168640;27713536;551624704;0;0;0;0;0;0;0;0;0;0;0;4097;0;0;0;0;0;0;
28991;5262327;589168640;27713536;551624704;0;0;0;0;0;0;0;0;0;0;0;4729;0;0;0;0;0;0;
28992;4227757;589168640;27713536;551624704;0;0;0;0;0;0;0;0;0;0;0;4688;0;0;0;0;0;0;
28993;5737257;589168640;27713536;551624704;0;0;0;0;0;0;0;0;0;0;0;4058;0;0;0;0;0;0;
28994;4372339;589168640;27713536;551624704;0;0;0;0;0;0;0;0;0;0;0;4879;0;0;0;0;0;0;
28995;5477400;589168640;27713536;551624704;0;0;0;0;0;0;0;0;0;0;0;4558;0;0;0;0;0;0;
28996;4213340;589168640;27713536;551624704;0;0;0;0;0;0;0;0;0;0;0;3476;0;0;0;0;0;0;
28997;5062974;589168640;27713536;551624704;0;0;0;0;0;0;0;0;0;0;0;3606;0;0;0;0;0;0;
28998;4500609;589168640;27713536;551624704;0;0;0;0;0;0;0;0;0;0;0;4448;0;0;0;0;0;0;
28999;5367885;589168640;27713536;551624704;0;0;0;0;0;0;0;0;0;0;0;3867;0;0;0;0;0;0;
29000;4114845;589168640;27713536;551624704;0;0;0;0;0;0;0;0;0;0;0;4488;0;0;0;0;0;0;
29001;4884770;589168640;27713536;551624704;0;0;0;0;0;0;0;0;0;0;0;2765;0;0;0;0;0;0;
29002;4137358;589168640;27713536;551624704;0;0;0;0;0;0;0;0;0;0;0;3497;0;0;0;0;0;0;
29003;5204549;589168640;27713536;551624704;0;0;0;0;0;0;0;0;0;0;0;2745;0;0;0;0;0;0;
29004;3573841;589168640;27713536;551624704;0;0;0;0;0;0;0;0;0;0;0;3497;0;0;0;0;0;0;
29005;4788930;589168640;27713536;551624704;0;0;0;0;0;0;0;0;0;0;0;2234;0;0;0;0;0;0;
29006;3406056;589168640;27713536;551624704;0;0;0;0;0;0;0;0;0;0;0;4027;0;0;0;0;0;0;
29007;4652694;589168640;27713536;551624704;0;0;0;0;0;0;0;0;0;0;0;2755;0;0;0;0;0;0;
29008;4185448;589168640;27713536;551624704;0;0;0;0;0;0;0;0;0;0;0;3556;0;0;0;0;0;0;
29009;5327639;589168640;27713536;551624704;0;0;0;0;0;0;0;0;0;0;0;2575;0;0;0;0;0;0;
29010;4367750;589168640;27713536;551624704;0;0;0;0;0;0;0;0;0;0;0;4378;0;0;0;0;0;0;
29011;5522194;589168640;27713536;551624704;0;0;0;0;0;0;0;0;0;0;0;4038;0;0;0;0;0;0;
29012;3777162;589168640;27713536;551624704;0;0;0;0;0;0;0;0;0;0;0;5350;0;0;0;0;0;0;
29013;5664001;589168640;27713536;551624704;0;0;0;0;0;0;0;0;0;0;0;4288;0;0;0;0;0;0;
29014;4480171;589168640;27713536;551624704;0;0;0;0;0;0;0;0;0;0;0;3857;0;0;0;0;0;0;
29015;5121313;589168640;27713536;551624704;0;0;0;0;0;0;0;0;0;0;0;3437;0;0;0;0;0;0;
29016;4042760;589168640;27713536;551624704;0;0;0;0;0;0;0;0;0;0;0;4659;0;0;0;0;0;0;
29017;5044960;589168640;27713536;551624704;0;0;0;0;0;0;0;0;0;0;0;4078;0;0;0;0;0;0;
29018;3597826;589168640;27713536;551624704;0;0;0;0;0;0;0;0;0;0;0;3537;0;0;0;0;0;0;
29019;5380919;589168640;27713536;551624704;0;0;0;0;0;0;0;0;0;0;0;4288;0;0;0;0;0;0;
29020;3667657;589168640;27713536;551624704;0;0;0;0;0;0;0;0;0;0;0;3847;0;0;0;0;0;0;
29021;5255645;589168640;27713536;551624704;0;0;0;0;0;0;0;0;0;0;0;3857;0;0;0;0;0;0;
29022;3512636;589168640;27713536;551624704;0;0;0;0;0;0;0;0;0;0;0;3847;0;0;0;0;0;0;
29023;5147542;589168640;27713536;551624704;0;0;0;0;0;0;0;0;0;0;0;3616;0;0;0;0;0;0;
29024;4176692;589168640;27713536;551624704;0;0;0;0;0;0;0;0;0;0;0;4618;0;0;0;0;0;0;
29025;5928496;589168640;27713536;551624704;0;0;0;0;0;0;0;0;0;0;0;4558;0;0;0;0;0;0;
29026;4255249;589168640;27713536;551624704;0;0;0;0;0;0;0;0;0;0;0;3957;0;0;0;0;0;0;
29027;4906059;589168640;27713536;551624704;0;0;0;0;0;0;0;0;0;0;0;3006;0;0;0;0;0;0;
29028;3964153;589168640;27713536;551624704;0;0;0;0;0;0;0;0;0;0;0;4118;0;0;0;0;0;0;
29029;5344612;589168640;27713536;551624704;0;0;0;0;0;0;0;0;0;0;0;3336;0;0;0;0;0;0;
29030;3482099;589168640;27713536;551624704;0;0;0;0;0;0;0;0;0;0;0;4177;0;0;0;0;0;0;
29031;5714154;589168640;27717632;551628800;0;0;0;0;0;0;0;0;0;0;0;3566;0;0;0;0;0;0;
29032;4384261;589168640;27721728;551632896;0;0;0;0;0;0;0;0;0;0;0;3326;0;0;0;0;0;0;
29033;5395126;589168640;27721728;551632896;0;0;0;0;0;0;0;0;0;0;0;3466;0;0;0;0;0;0;
29034;4229902;589168640;27721728;551632896;0;0;0;0;0;0;0;0;0;0;0;4529;0;0;0;0;0;0;
29035;5678578;589168640;27721728;551632896;0;0;0;0;0;0;0;0;0;0;0;4448;0;0;0;0;0;0;
29036;4131557;589168640;27721728;551632896;0;0;0;0;0;0;0;0;0;0;0;5360;0;0;0;0;0;0;
29037;4860193;589168640;27721728;551632896;0;0;0;0;0;0;0;0;0;0;0;3416;0;0;0;0;0;0;
29038;4149300;589176832;27713536;551624704;0;0;0;0;0;0;0;0;0;0;0;4498;0;0;0;0;0;0;
29039;4700073;589176832;27713536;551624704;0;0;0;0;0;0;0;0;0;0;0;3135;0;0;0;0;0;0;
29040;4059802;589176832;27713536;551624704;0;0;0;0;0;0;0;0;0;0;0;3707;0;0;0;0;0;0;
29041;4730329;589176832;27713536;551624704;0;0;0;0;0;0;0;0;0;0;0;2705;0;0;0;0;0;0;
29042;4584566;589176832;27713536;551624704;0;0;0;0;0;0;0;0;0;0;0;3987;0;0;0;0;0;0;
29043;5261065;589176832;27713536;551624704;0;0;0;0;0;0;0;0;0;0;0;3066;0;0;0;0;0;0;
29044;4012724;589176832;27713536;551624704;0;0;0;0;0;0;0;0;0;0;0;4338;0;0;0;0;0;0;
29045;5238582;589176832;27713536;551624704;0;0;0;0;0;0;0;0;0;0;0;3336;0;0;0;0;0;0;
29046;3639916;589176832;27713536;551624704;0;0;0;0;0;0;0;0;0;0;0;5280;0;0;0;0;0;0;
29047;5923988;589176832;27713536;551624704;0;0;0;0;0;0;0;0;0;0;0;3757;0;0;0;0;0;0;
29048;3924118;589176832;27713536;551624704;0;0;0;0;0;0;0;0;0;0;0;3767;0;0;0;0;0;0;
29049;5128856;589176832;27713536;551624704;0;0;0;0;0;0;0;0;0;0;0;3647;0;0;0;0;0;0;
29050;3910071;589176832;27713536;551624704;0;0;0;0;0;0;0;0;0;0;0;3907;0;0;0;0;0;0;
29051;5287795;589176832;27713536;551624704;0;0;0;0;0;0;0;0;0;0;0;4168;0;0;0;0;0;0;
29052;3890686;589176832;27713536;551624704;0;0;0;0;0;0;0;0;0;0;0;4418;0;0;0;0;0;0;
29053;4628859;589176832;27713536;551624704;0;0;0;0;0;0;0;0;0;0;0;2584;0;0;0;0;0;0;
29054;3964894;589176832;27713536;551624704;0;0;0;0;0;0;0;0;0;0;0;4499;0;0;0;0;0;0;
29055;4747252;589176832;27713536;551624704;0;0;0;0;0;0;0;0;0;0;0;3266;0;0;0;0;0;0;
29056;4432982;589176832;27713536;551624704;0;0;0;0;0;0;0;0;0;0;0;3717;0;0;0;0;0;0;
29057;5113859;589176832;27713536;551624704;0;0;0;0;0;0;0;0;0;0;0;4869;0;0;0;0;0;0;
29058;4319699;589176832;27713536;551624704;0;0;0;0;0;0;0;0;0;0;0;4408;0;0;0;0;0;0;
29059;5282334;589176832;27713536;551624704;0;0;0;0;0;0;0;0;0;0;0;3977;0;0;0;0;0;0;
29060;3884815;589176832;27713536;551624704;0;0;0;0;0;0;0;0;0;0;0;9007;0;0;0;0;0;0;
29061;5008150;589176832;27713536;551624704;0;0;0;0;0;0;0;0;0;0;0;3687;0;0;0;0;0;0;
29062;3427827;589176832;27713536;551624704;0;0;0;0;0;0;0;0;0;0;0;3948;0;0;0;0;0;0;
29063;6108834;594984960;42528768;566439936;0;0;0;0;0;0;0;0;0;0;0;4719;0;0;0;0;0;0;
29064;3454537;594984960;42528768;566439936;0;0;0;0;0;0;0;0;0;0;0;4659;0;0;0;0;0;0;
29065;5375579;601276416;42528768;566439936;0;0;0;0;0;0;0;0;0;0;0;3877;0;0;0;0;0;0;
29066;3961428;601276416;42528768;566439936;0;0;0;0;0;0;0;0;0;0;0;3917;0;0;0;0;0;0;
29067;4755025;601276416;42528768;566439936;0;0;0;0;0;0;0;0;0;0;0;2836;0;0;0;0;0;0;
29068;3510162;601276416;42528768;566439936;0;0;0;0;0;0;0;0;0;0;0;4599;0;0;0;0;0;0;
29069;4718828;601276416;42528768;566439936;0;0;0;0;0;0;0;0;0;0;0;2885;0;0;0;0;0;0;
29070;3438107;589156352;28160000;552071168;0;0;0;0;0;0;0;0;0;0;0;3747;0;0;0;0;0;0;
29071;4925215;589156352;28160000;552071168;0;0;0;0;0;0;0;0;0;0;0;2394;0;0;0;0;0;0;
29072;3439159;589156352;28160000;552071168;0;0;0;0;0;0;0;0;0;0;0;3907;0;0;0;0;0;0;
29073;4908022;589156352;28160000;552071168;0;0;0;0;0;0;0;0;0;0;0;2284;0;0;0;0;0;0;
29074;3156048;589156352;28160000;552071168;0;0;0;0;0;0;0;0;0;0;0;4569;0;0;0;0;0;0;
29075;4947758;589156352;28160000;552071168;0;0;0;0;0;0;0;0;0;0;0;2485;0;0;0;0;0;0;
29076;3635537;589156352;28160000;552071168;0;0;0;0;0;0;0;0;0;0;0;3927;0;0;0;0;0;0;
29077;5409893;589156352;28160000;552071168;0;0;0;0;0;0;0;0;0;0;0;4458;0;0;0;0;0;0;
29078;2879970;589156352;28160000;552071168;0;0;0;0;0;0;0;0;0;0;0;3035;0;0;0;0;0;0;
29079;5006488;589156352;28160000;552071168;0;0;0;0;0;0;0;0;0;0;0;3827;0;0;0;0;0;0;
29080;3897057;589156352;28160000;552071168;0;0;0;0;0;0;0;0;0;0;0;4258;0;0;0;0;0;0;
29081;5228384;589156352;28160000;552071168;0;0;0;0;0;0;0;0;0;0;0;4589;0;0;0;0;0;0;
29082;3832366;589156352;28160000;552071168;0;0;0;0;0;0;0;0;0;0;0;5841;0;0;0;0;0;0;
29083;5095063;589156352;28160000;552071168;0;0;0;0;0;0;0;0;0;0;0;3377;0;0;0;0;0;0;
29084;3555287;589156352;28160000;552071168;0;0;0;0;0;0;0;0;0;0;0;4379;0;0;0;0;0;0;
29085;4696756;589156352;28160000;552071168;0;0;0;0;0;0;0;0;0;0;0;2695;0;0;0;0;0;0;
29086;3598858;589156352;28160000;552071168;0;0;0;0;0;0;0;0;0;0;0;4498;0;0;0;0;0;0;
29087;5656156;594964480;42528768;566439936;0;0;0;0;0;0;0;0;0;0;0;3988;0;0;0;0;0;0;
29088;3417658;594964480;42528768;566439936;0;0;0;0;0;0;0;0;0;0;0;4058;0;0;0;0;0;0;
29089;5763076;601255936;42528768;566439936;0;0;0;0;0;0;0;0;0;0;0;2956;0;0;0;0;0;0;
29090;3269170;601255936;42528768;566439936;0;0;0;0;0;0;0;0;0;0;0;3627;0;0;0;0;0;0;
29091;4776727;601255936;42528768;566439936;0;0;0;0;0;0;0;0;0;0;0;2304;0;0;0;0;0;0;
29092;3661075;601255936;42528768;566439936;0;0;0;0;0;0;0;0;0;0;0;4198;0;0;0;0;0;0;
29093;5553654;601255936;42528768;566439936;0;0;0;0;0;0;0;0;0;0;0;4388;0;0;0;0;0;0;
29094;3578459;589189120;27713536;551624704;0;0;0;0;0;0;0;0;0;0;0;4829;0;0;0;0;0;0;
29095;5368787;589189120;27713536;551624704;0;0;0;0;0;0;0;0;0;0;0;4588;0;0;0;0;0;0;
29096;3313723;589189120;27713536;551624704;0;0;0;0;0;0;0;0;0;0;0;5080;0;0;0;0;0;0;
29097;5036724;589189120;27713536;551624704;0;0;0;0;0;0;0;0;0;0;0;4389;0;0;0;0;0;0;
29098;3990292;589189120;27713536;551624704;0;0;0;0;0;0;0;0;0;0;0;4399;0;0;0;0;0;0;
29099;5578109;589189120;27713536;551624704;0;0;0;0;0;0;0;0;0;0;0;2886;0;0;0;0;0;0;
29100;3658269;589189120;27713536;551624704;0;0;0;0;0;0;0;0;0;0;0;4458;0;0;0;0;0;0;
29101;5125751;589189120;27713536;551624704;0;0;0;0;0;0;0;0;0;0;0;2795;0;0;0;0;0;0;
29102;3406437;589189120;27713536;551624704;0;0;0;0;0;0;0;0;0;0;0;4468;0;0;0;0;0;0;
29103;4967915;589189120;27713536;551624704;0;0;0;0;0;0;0;0;0;0;0;4008;0;0;0;0;0;0;
29104;3430843;589189120;27713536;551624704;0;0;0;0;0;0;0;0;0;0;0;4158;0;0;0;0;0;0;
29105;5033758;589189120;27713536;551624704;0;0;0;0;0;0;0;0;0;0;0;3306;0;0;0;0;0;0;
29106;3659572;589189120;27713536;551624704;0;0;0;0;0;0;0;0;0;0;0;4669;0;0;0;0;0;0;
29107;5941291;589189120;27713536;551624704;0;0;0;0;0;0;0;0;0;0;0;4579;0;0;0;0;0;0;
29108;3668389;589189120;27713536;551624704;0;0;0;0;0;0;0;0;0;0;0;3566;0;0;0;0;0;0;
29109;5211141;589189120;27713536;551624704;0;0;0;0;0;0;0;0;0;0;0;2565;0;0;0;0;0;0;
29110;3993318;589189120;27713536;551624704;0;0;0;0;0;0;0;0;0;0;0;4859;0;0;0;0;0;0;
29111;5648732;594997248;42528768;566439936;0;0;0;0;0;0;0;0;0;0;0;3898;0;0;0;0;0;0;
29112;3827587;594997248;42528768;566439936;0;0;0;0;0;0;0;0;0;0;0;3978;0;0;0;0;0;0;
29113;5662287;601288704;42528768;566439936;0;0;0;0;0;0;0;0;0;0;0;4028;0;0;0;0;0;0;
29114;3641057;601288704;42528768;566439936;0;0;0;0;0;0;0;0;0;0;0;4358;0;0;0;0;0;0;
29115;5521884;601288704;42528768;566439936;0;0;0;0;0;0;0;0;0;0;0;3287;0;0;0;0;0;0;
29116;3703625;601288704;42528768;566439936;0;0;0;0;0;0;0;0;0;0;0;3567;0;0;0;0;0;0;
29117;5151710;601288704;42528768;566439936;0;0;0;0;0;0;0;0;0;0;0;3096;0;0;0;0;0;0;
29118;3874114;589164544;28160000;552071168;0;0;0;0;0;0;0;0;0;0;0;3897;0;0;0;0;0;0;
29119;4951985;589164544;28160000;552071168;0;0;0;0;0;0;0;0;0;0;0;2484;0;0;0;0;0;0;
29120;3516344;589164544;28160000;552071168;0;0;0;0;0;0;0;0;0;0;0;3998;0;0;0;0;0;0;
29121;4636964;589164544;28160000;552071168;0;0;0;0;0;0;0;0;0;0;0;2454;0;0;0;0;0;0;
29122;2979977;589164544;28160000;552071168;0;0;0;0;0;0;0;0;0;0;0;3857;0;0;0;0;0;0;
29123;4906089;589164544;28160000;552071168;0;0;0;0;0;0;0;0;0;0;0;2485;0;0;0;0;0;0;
29124;3611432;589164544;28160000;552071168;0;0;0;0;0;0;0;0;0;0;0;3697;0;0;0;0;0;0;
29125;5168712;589164544;28160000;552071168;0;0;0;0;0;0;0;0;0;0;0;4418;0;0;0;0;0;0;
29126;3246457;589164544;28160000;552071168;0;0;0;0;0;0;0;0;0;0;0;3597;0;0;0;0;0;0;
29127;5128727;589164544;28160000;552071168;0;0;0;0;0;0;0;0;0;0;0;4508;0;0;0;0;0;0;
29128;3520271;589164544;28160000;552071168;0;0;0;0;0;0;0;0;0;0;0;4960;0;0;0;0;0;0;
29129;5645475;589164544;28160000;552071168;0;0;0;0;0;0;0;0;0;0;0;3337;0;0;0;0;0;0;
29130;4125967;589164544;28160000;552071168;0;0;0;0;0;0;0;0;0;0;0;4548;0;0;0;0;0;0;
29131;4936276;589164544;28160000;552071168;0;0;0;0;0;0;0;0;0;0;0;3717;0;0;0;0;0;0;
29132;3703053;589164544;28160000;552071168;0;0;0;0;0;0;0;0;0;0;0;4028;0;0;0;0;0;0;
29133;4764433;589164544;28160000;552071168;0;0;0;0;0;0;0;0;0;0;0;2955;0;0;0;0;0;0;
29134;3316188;589164544;28160000;552071168;0;0;0;0;0;0;0;0;0;0;0;4759;0;0;0;0;0;0;
29135;4803567;589164544;28160000;552071168;0;0;0;0;0;0;0;0;0;0;0;3897;0;0;0;0;0;0;
29136;3247990;589164544;28160000;552071168;0;0;0;0;0;0;0;0;0;0;0;3096;0;0;0;0;0;0;
29137;5064166;589164544;28160000;552071168;0;0;0;0;0;0;0;0;0;0;0;2846;0;0;0;0;0;0;
29138;3254843;589164544;28160000;552071168;0;0;0;0;0;0;0;0;0;0;0;4068;0;0;0;0;0;0;
29139;4886332;589164544;28160000;552071168;0;0;0;0;0;0;0;0;0;0;0;2255;0;0;0;0;0;0;
29140;3095224;589164544;28160000;552071168;0;0;0;0;0;0;0;0;0;0;0;3417;0;0;0;0;0;0;
29141;4764964;589164544;28160000;552071168;0;0;0;0;0;0;0;0;0;0;0;1753;0;0;0;0;0;0;
29142;3084163;589164544;28160000;552071168;0;0;0;0;0;0;0;0;0;0;0;3637;0;0;0;0;0;0;
29143;4683992;589164544;28160000;552071168;0;0;0;0;0;0;0;0;0;0;0;2084;0;0;0;0;0;0;
29144;3158522;589164544;28160000;552071168;0;0;0;0;0;0;0;0;0;0;0;3576;0;0;0;0;0;0;
29145;4849894;589164544;28160000;552071168;0;0;0;0;0;0;0;0;0;0;0;2605;0;0;0;0;0;0;
29146;3992066;589164544;28160000;552071168;0;0;0;0;0;0;0;0;0;0;0;3727;0;0;0;0;0;0;
29147;5527965;589164544;28160000;552071168;0;0;0;0;0;0;0;0;0;0;0;4438;0;0;0;0;0;0;
29148;9666295;589164544;28160000;552071168;0;0;0;0;0;0;0;0;0;0;0;3637;0;0;0;0;0;0;
29149;7783134;589164544;28160000;552071168;0;0;0;0;0;0;0;0;0;0;0;2815;0;0;0;0;0;0;
29150;3922395;589164544;28160000;552071168;0;0;0;0;0;0;0;0;0;0;0;4729;0;0;0;0;0;0;
29151;5403312;589164544;28160000;552071168;0;0;0;0;0;0;0;0;0;0;0;5260;0;0;0;0;0;0;
29152;3494112;589164544;28160000;552071168;0;0;0;0;0;0;0;0;0;0;0;4258;0;0;0;0;0;0;
29153;5823670;589164544;28160000;552071168;0;0;0;0;0;0;0;0;0;0;0;4398;0;0;0;0;0;0;
29154;4218740;589164544;28160000;552071168;0;0;0;0;0;0;0;0;0;0;0;4429;0;0;0;0;0;0;
29155;5361914;589164544;28160000;552071168;0;0;0;0;0;0;0;0;0;0;0;3557;0;0;0;0;0;0;
29156;4362129;589164544;28160000;552071168;0;0;0;0;0;0;0;0;0;0;0;4849;0;0;0;0;0;0;
29157;5191634;589164544;28160000;552071168;0;0;0;0;0;0;0;0;0;0;0;3777;0;0;0;0;0;0;
29158;3694056;589164544;28160000;552071168;0;0;0;0;0;0;0;0;0;0;0;5070;0;0;0;0;0;0;
29159;4876293;589164544;28160000;552071168;0;0;0;0;0;0;0;0;0;0;0;2905;0;0;0;0;0;0;
29160;3458705;589164544;28160000;552071168;0;0;0;0;0;0;0;0;0;0;0;4198;0;0;0;0;0;0;
29161;5658560;589164544;28160000;552071168;0;0;0;0;0;0;0;0;0;0;0;5310;0;0;0;0;0;0;
29162;3414051;589164544;28160000;552071168;0;0;0;0;0;0;0;0;0;0;0;4328;0;0;0;0;0;0;
29163;5898900;589164544;28160000;552071168;0;0;0;0;0;0;0;0;0;0;0;4358;0;0;0;0;0;0;
29164;3612444;589164544;28160000;552071168;0;0;0;0;0;0;0;0;0;0;0;3737;0;0;0;0;0;0;
29165;5565376;589164544;28160000;552071168;0;0;0;0;0;0;0;0;0;0;0;5460;0;0;0;0;0;0;
29166;3302201;589164544;28160000;552071168;0;0;0;0;0;0;0;0;0;0;0;3687;0;0;0;0;0;0;
29167;5080265;589164544;28160000;552071168;0;0;0;0;0;0;0;0;0;0;0;3407;0;0;0;0;0;0;
29168;4365605;589164544;28160000;552071168;0;0;0;0;0;0;0;0;0;0;0;4087;0;0;0;0;0;0;
29169;4841328;589164544;28160000;552071168;0;0;0;0;0;0;0;0;0;0;0;2685;0;0;0;0;0;0;
29170;4477556;589164544;28160000;552071168;0;0;0;0;0;0;0;0;0;0;0;3517;0;0;0;0;0;0;
29171;4989526;589164544;28160000;552071168;0;0;0;0;0;0;0;0;0;0;0;2405;0;0;0;0;0;0;
29172;3472401;589164544;28160000;552071168;0;0;0;0;0;0;0;0;0;0;0;4128;0;0;0;0;0;0;
29173;5021385;589164544;28160000;552071168;0;0;0;0;0;0;0;0;0;0;0;2575;0;0;0;0;0;0;
29174;3937704;589164544;28160000;552071168;0;0;0;0;0;0;0;0;0;0;0;4358;0;0;0;0;0;0;
29175;4753133;589164544;28160000;552071168;0;0;0;0;0;0;0;0;0;0;0;2745;0;0;0;0;0;0;
29176;3875467;589164544;28160000;552071168;0;0;0;0;0;0;0;0;0;0;0;4007;0;0;0;0;0;0;
29177;5341987;589164544;28160000;552071168;0;0;0;0;0;0;0;0;0;0;0;3697;0;0;0;0;0;0;
29178;3371422;589164544;28160000;552071168;0;0;0;0;0;0;0;0;0;0;0;4208;0;0;0;0;0;0;
29179;4998212;589164544;28160000;552071168;0;0;0;0;0;0;0;0;0;0;0;3998;0;0;0;0;0;0;
29180;3262297;589164544;28160000;552071168;0;0;0;0;0;0;0;0;0;0;0;3787;0;0;0;0;0;0;
29181;5023600;589164544;28160000;552071168;0;0;0;0;0;0;0;0;0;0;0;4077;0;0;0;0;0;0;
29182;3446893;589164544;28160000;552071168;0;0;0;0;0;0;0;0;0;0;0;11752;0;0;0;0;0;0;
29183;5125962;589164544;28160000;552071168;0;0;0;0;0;0;0;0;0;0;0;3356;0;0;0;0;0;0;
29184;4202820;589164544;28160000;552071168;0;0;0;0;0;0;0;0;0;0;0;5109;0;0;0;0;0;0;
29185;5177518;589164544;28160000;552071168;0;0;0;0;0;0;0;0;0;0;0;4519;0;0;0;0;0;0;
29186;3986545;589164544;28160000;552071168;0;0;0;0;0;0;0;0;0;0;0;3196;0;0;0;0;0;0;
29187;5186595;589164544;28160000;552071168;0;0;0;0;0;0;0;0;0;0;0;3817;0;0;0;0;0;0;
29188;3988488;589164544;28160000;552071168;0;0;0;0;0;0;0;0;0;0;0;4218;0;0;0;0;0;0;
29189;5344240;589164544;28160000;552071168;0;0;0;0;0;0;0;0;0;0;0;3998;0;0;0;0;0;0;
29190;4850785;589164544;28160000;552071168;0;0;0;0;0;0;0;0;0;0;0;3998;0;0;0;0;0;0;
29191;4955432;589164544;28160000;552071168;0;0;0;0;0;0;0;0;0;0;0;2825;0;0;0;0;0;0;
29192;4026289;589164544;28160000;552071168;0;0;0;0;0;0;0;0;0;0;0;4168;0;0;0;0;0;0;
29193;5070206;589164544;28160000;552071168;0;0;0;0;0;0;0;0;0;0;0;3868;0;0;0;0;0;0;
29194;4152466;589164544;28160000;552071168;0;0;0;0;0;0;0;0;0;0;0;3687;0;0;0;0;0;0;
29195;5028389;589164544;28160000;552071168;0;0;0;0;0;0;0;0;0;0;0;3848;0;0;0;0;0;0;
29196;4091391;589164544;28160000;552071168;0;0;0;0;0;0;0;0;0;0;0;4498;0;0;0;0;0;0;
29197;5971507;589164544;28160000;552071168;0;0;0;0;0;0;0;0;0;0;0;3697;0;0;0;0;0;0;
29198;3132524;589164544;28160000;552071168;0;0;0;0;0;0;0;0;0;0;0;3236;0;0;0;0;0;0;
29199;4918061;589164544;28160000;552071168;0;0;0;0;0;0;0;0;0;0;0;4669;0;0;0;0;0;0;
29200;3234535;589164544;28160000;552071168;0;0;0;0;0;0;0;0;0;0;0;3617;0;0;0;0;0;0;
29201;5177608;589164544;28160000;552071168;0;0;0;0;0;0;0;0;0;0;0;3868;0;0;0;0;0;0;
29202;3828949;589164544;28160000;552071168;0;0;0;0;0;0;0;0;0;0;0;6873;0;0;0;0;0;0;
29203;5643983;589164544;28160000;552071168;0;0;0;0;0;0;0;0;0;0;0;4067;0;0;0;0;0;0;
29204;4250871;589164544;28160000;552071168;0;0;0;0;0;0;0;0;0;0;0;3747;0;0;0;0;0;0;
29205;4991309;589164544;28160000;552071168;0;0;0;0;0;0;0;0;0;0;0;3016;0;0;0;0;0;0;
29206;7034951;589164544;28160000;552071168;0;0;0;0;0;0;0;0;0;0;0;3898;0;0;0;0;0;0;
29207;5849759;589164544;28160000;552071168;0;0;0;0;0;0;0;0;0;0;0;4539;0;0;0;0;0;0;
29208;4112832;589164544;28160000;552071168;0;0;0;0;0;0;0;0;0;0;0;5500;0;0;0;0;0;0;
29209;4941656;589164544;28160000;552071168;0;0;0;0;0;0;0;0;0;0;0;4228;0;0;0;0;0;0;
29210;3695880;589164544;28160000;552071168;0;0;0;0;0;0;0;0;0;0;0;5680;0;0;0;0;0;0;
29211;5821776;594972672;42528768;566439936;0;0;0;0;0;0;0;0;0;0;0;3527;0;0;0;0;0;0;
29212;4586871;594972672;42528768;566439936;0;0;0;0;0;0;0;0;0;0;0;3566;0;0;0;0;0;0;
29213;5424181;601264128;42528768;566439936;0;0;0;0;0;0;0;0;0;0;0;2765;0;0;0;0;0;0;
29214;3922985;601264128;42528768;566439936;0;0;0;0;0;0;0;0;0;0;0;3797;0;0;0;0;0;0;
29215;4904666;601264128;42528768;566439936;0;0;0;0;0;0;0;0;0;0;0;3106;0;0;0;0;0;0;
29216;4009478;601264128;42528768;566439936;0;0;0;0;0;0;0;0;0;0;0;4458;0;0;0;0;0;0;
29217;5087981;601264128;42528768;566439936;0;0;0;0;0;0;0;0;0;0;0;2375;0;0;0;0;0;0;
29218;4562656;589209600;27713536;551624704;0;0;0;0;0;0;0;0;0;0;0;4298;0;0;0;0;0;0;
29219;4697078;589209600;27713536;551624704;0;0;0;0;0;0;0;0;0;0;0;2404;0;0;0;0;0;0;
29220;3385248;589209600;27713536;551624704;0;0;0;0;0;0;0;0;0;0;0;4368;0;0;0;0;0;0;
29221;4989095;589209600;27713536;551624704;0;0;0;0;0;0;0;0;0;0;0;4047;0;0;0;0;0;0;
29222;3130009;589209600;27713536;551624704;0;0;0;0;0;0;0;0;0;0;0;3918;0;0;0;0;0;0;
29223;4776446;589209600;27713536;551624704;0;0;0;0;0;0;0;0;0;0;0;4148;0;0;0;0;0;0;
29224;3396378;589209600;27713536;551624704;0;0;0;0;0;0;0;0;0;0;0;3938;0;0;0;0;0;0;
29225;4884969;589209600;27713536;551624704;0;0;0;0;0;0;0;0;0;0;0;3196;0;0;0;0;0;0;
29226;3023489;589209600;27713536;551624704;0;0;0;0;0;0;0;0;0;0;0;3636;0;0;0;0;0;0;
29227;4691367;589209600;27713536;551624704;0;0;0;0;0;0;0;0;0;0;0;3376;0;0;0;0;0;0;
29228;3766282;589209600;27713536;551624704;0;0;0;0;0;0;0;0;0;0;0;4418;0;0;0;0;0;0;
29229;4746330;589209600;27713536;551624704;0;0;0;0;0;0;0;0;0;0;0;2204;0;0;0;0;0;0;
29230;3353698;589209600;27713536;551624704;0;0;0;0;0;0;0;0;0;0;0;4137;0;0;0;0;0;0;
29231;4759174;589209600;27713536;551624704;0;0;0;0;0;0;0;0;0;0;0;2064;0;0;0;0;0;0;
29232;5365581;589209600;27713536;551624704;0;0;0;0;0;0;0;0;0;0;0;4238;0;0;0;0;0;0;
29233;4867968;589209600;27713536;551624704;0;0;0;0;0;0;0;0;0;0;0;3577;0;0;0;0;0;0;
29234;3824131;589209600;27713536;551624704;0;0;0;0;0;0;0;0;0;0;0;4178;0;0;0;0;0;0;
29235;6228118;595017728;42528768;566439936;0;0;0;0;0;0;0;0;0;0;0;4027;0;0;0;0;0;0;
29236;3438417;595017728;42528768;566439936;0;0;0;0;0;0;0;0;0;0;0;4007;0;0;0;0;0;0;
29237;5557049;601309184;42528768;566439936;0;0;0;0;0;0;0;0;0;0;0;3867;0;0;0;0;0;0;
29238;3932684;601309184;42528768;566439936;0;0;0;0;0;0;0;0;0;0;0;4137;0;0;0;0;0;0;
29239;4870753;601309184;42528768;566439936;0;0;0;0;0;0;0;0;0;0;0;2935;0;0;0;0;0;0;
29240;3256626;601309184;42528768;566439936;0;0;0;0;0;0;0;0;0;0;0;3937;0;0;0;0;0;0;
29241;5040631;601309184;42528768;566439936;0;0;0;0;0;0;0;0;0;0;0;4489;0;0;0;0;0;0;
29242;3068373;589185024;28160000;552071168;0;0;0;0;0;0;0;0;0;0;0;4078;0;0;0;0;0;0;
29243;5300990;589185024;28160000;552071168;0;0;0;0;0;0;0;0;0;0;0;4318;0;0;0;0;0;0;
29244;3289017;589185024;28160000;552071168;0;0;0;0;0;0;0;0;0;0;0;4369;0;0;0;0;0;0;
29245;5287264;589185024;28160000;552071168;0;0;0;0;0;0;0;0;0;0;0;5260;0;0;0;0;0;0;
29246;3534047;589185024;28160000;552071168;0;0;0;0;0;0;0;0;0;0;0;4569;0;0;0;0;0;0;
29247;4739707;589185024;28160000;552071168;0;0;0;0;0;0;0;0;0;0;0;3316;0;0;0;0;0;0;
29248;3088030;589185024;28160000;552071168;0;0;0;0;0;0;0;0;0;0;0;3717;0;0;0;0;0;0;
29249;4948027;589185024;28160000;552071168;0;0;0;0;0;0;0;0;0;0;0;3016;0;0;0;0;0;0;
29250;3595522;589185024;28160000;552071168;0;0;0;0;0;0;0;0;0;0;0;3958;0;0;0;0;0;0;
29251;5110132;589185024;28160000;552071168;0;0;0;0;0;0;0;0;0;0;0;2434;0;0;0;0;0;0;
29252;3830373;589185024;28160000;552071168;0;0;0;0;0;0;0;0;0;0;0;4088;0;0;0;0;0;0;
29253;4828534;589185024;28164096;552075264;0;0;0;0;0;0;0;0;0;0;0;3777;0;0;0;0;0;0;
29254;3493190;589185024;28168192;552079360;0;0;0;0;0;0;0;0;0;0;0;3426;0;0;0;0;0;0;
29255;4826741;589185024;28168192;552079360;0;0;0;0;0;0;0;0;0;0;0;2174;0;0;0;0;0;0;
29256;3515652;589185024;28168192;552079360;0;0;0;0;0;0;0;0;0;0;0;3788;0;0;0;0;0;0;
29257;4568046;589185024;28168192;552079360;0;0;0;0;0;0;0;0;0;0;0;2635;0;0;0;0;0;0;
29258;3639284;589185024;28168192;552079360;0;0;0;0;0;0;0;0;0;0;0;3747;0;0;0;0;0;0;
29259;6206177;594993152;42536960;566448128;0;0;0;0;0;0;0;0;0;0;0;4429;0;0;0;0;0;0;
29260;3475276;595169280;42528768;566439936;0;0;0;0;0;0;0;0;0;0;0;4128;0;0;0;0;0;0;
29261;5775410;601460736;42528768;566439936;0;0;0;0;0;0;0;0;0;0;0;3857;0;0;0;0;0;0;
29262;3329183;601460736;42528768;566439936;0;0;0;0;0;0;0;0;0;0;0;5750;0;0;0;0;0;0;
29263;5733411;601460736;42528768;566439936;0;0;0;0;0;0;0;0;0;0;0;3176;0;0;0;0;0;0;
29264;3499492;601460736;42528768;566439936;0;0;0;0;0;0;0;0;0;0;0;5040;0;0;0;0;0;0;
29265;4613540;601460736;42528768;566439936;0;0;0;0;0;0;0;0;0;0;0;1934;0;0;0;0;0;0;
29266;3870237;589217792;27713536;551624704;0;0;0;0;0;0;0;0;0;0;0;4127;0;0;0;0;0;0;
29267;4685516;589217792;27713536;551624704;0;0;0;0;0;0;0;0;0;0;0;2464;0;0;0;0;0;0;
29268;3247239;589217792;27713536;551624704;0;0;0;0;0;0;0;0;0;0;0;4108;0;0;0;0;0;0;
29269;4631495;589217792;27713536;551624704;0;0;0;0;0;0;0;0;0;0;0;2365;0;0;0;0;0;0;
29270;3759569;589217792;27713536;551624704;0;0;0;0;0;0;0;0;0;0;0;4448;0;0;0;0;0;0;
29271;4772578;589217792;27713536;551624704;0;0;0;0;0;0;0;0;0;0;0;3837;0;0;0;0;0;0;
29272;2984667;589217792;27713536;551624704;0;0;0;0;0;0;0;0;0;0;0;3747;0;0;0;0;0;0;
29273;5051542;589217792;27713536;551624704;0;0;0;0;0;0;0;0;0;0;0;4078;0;0;0;0;0;0;
29274;3145969;589217792;27713536;551624704;0;0;0;0;0;0;0;0;0;0;0;3526;0;0;0;0;0;0;
29275;4822763;589217792;27713536;551624704;0;0;0;0;0;0;0;0;0;0;0;2444;0;0;0;0;0;0;
29276;3656085;589217792;27713536;551624704;0;0;0;0;0;0;0;0;0;0;0;4698;0;0;0;0;0;0;
29277;5155857;589217792;27713536;551624704;0;0;0;0;0;0;0;0;0;0;0;3797;0;0;0;0;0;0;
29278;3903489;589217792;27713536;551624704;0;0;0;0;0;0;0;0;0;0;0;4429;0;0;0;0;0;0;
29279;5452063;589217792;27713536;551624704;0;0;0;0;0;0;0;0;0;0;0;3867;0;0;0;0;0;0;
29280;2922600;589217792;27713536;551624704;0;0;0;0;0;0;0;0;0;0;0;3136;0;0;0;0;0;0;
29281;5021545;589217792;27713536;551624704;0;0;0;0;0;0;0;0;0;0;0;4068;0;0;0;0;0;0;
29282;3021455;589217792;27713536;551624704;0;0;0;0;0;0;0;0;0;0;0;3086;0;0;0;0;0;0;
29283;4881052;589217792;27713536;551624704;0;0;0;0;0;0;0;0;0;0;0;3807;0;0;0;0;0;0;
29284;3236027;589217792;27713536;551624704;0;0;0;0;0;0;0;0;0;0;0;4318;0;0;0;0;0;0;
29285;5061580;589217792;27713536;551624704;0;0;0;0;0;0;0;0;0;0;0;45435;0;0;0;0;0;0;
29286;3114691;589217792;27713536;551624704;0;0;0;0;0;0;0;0;0;0;0;3888;0;0;0;0;0;0;
29287;4969488;589217792;27713536;551624704;0;0;0;0;0;0;0;0;0;0;0;2645;0;0;0;0;0;0;
29288;3817899;589217792;27713536;551624704;0;0;0;0;0;0;0;0;0;0;0;3938;0;0;0;0;0;0;
29289;5151028;589217792;27713536;551624704;0;0;0;0;0;0;0;0;0;0;0;2554;0;0;0;0;0;0;
29290;3447644;589217792;27713536;551624704;0;0;0;0;0;0;0;0;0;0;0;4408;0;0;0;0;0;0;
29291;4999664;589217792;27713536;551624704;0;0;0;0;0;0;0;0;0;0;0;2444;0;0;0;0;0;0;
29292;3503940;589217792;27713536;551624704;0;0;0;0;0;0;0;0;0;0;0;3978;0;0;0;0;0;0;
29293;4995577;589217792;27713536;551624704;0;0;0;0;0;0;0;0;0;0;0;3346;0;0;0;0;0;0;
29294;3304897;589217792;27713536;551624704;0;0;0;0;0;0;0;0;0;0;0;4008;0;0;0;0;0;0;
29295;5378986;589217792;27713536;551624704;0;0;0;0;0;0;0;0;0;0;0;4448;0;0;0;0;0;0;
29296;3186836;589217792;27713536;551624704;0;0;0;0;0;0;0;0;0;0;0;3457;0;0;0;0;0;0;
29297;5102948;589217792;27713536;551624704;0;0;0;0;0;0;0;0;0;0;0;4128;0;0;0;0;0;0;
29298;3340033;589217792;27713536;551624704;0;0;0;0;0;0;0;0;0;0;0;3506;0;0;0;0;0;0;
29299;5201463;589217792;27713536;551624704;0;0;0;0;0;0;0;0;0;0;0;4228;0;0;0;0;0;0;
29300;3098359;589217792;27713536;551624704;0;0;0;0;0;0;0;0;0;0;0;4098;0;0;0;0;0;0;
29301;5098730;589217792;27713536;551624704;0;0;0;0;0;0;0;0;0;0;0;4068;0;0;0;0;0;0;
29302;3326608;589217792;27713536;551624704;0;0;0;0;0;0;0;0;0;0;0;4167;0;0;0;0;0;0;
29303;4963246;589217792;27713536;551624704;0;0;0;0;0;0;0;0;0;0;0;2785;0;0;0;0;0;0;
29304;3286422;589217792;27713536;551624704;0;0;0;0;0;0;0;0;0;0;0;4449;0;0;0;0;0;0;
29305;4976361;589217792;27713536;551624704;0;0;0;0;0;0;0;0;0;0;0;2665;0;0;0;0;0;0;
29306;3379677;589217792;27713536;551624704;0;0;0;0;0;0;0;0;0;0;0;3626;0;0;0;0;0;0;
29307;5007930;589217792;27713536;551624704;0;0;0;0;0;0;0;0;0;0;0;2244;0;0;0;0;0;0;
29308;3104441;589217792;27713536;551624704;0;0;0;0;0;0;0;0;0;0;0;4178;0;0;0;0;0;0;
29309;5029551;589217792;27713536;551624704;0;0;0;0;0;0;0;0;0;0;0;2655;0;0;0;0;0;0;
29310;3290620;589217792;27713536;551624704;0;0;0;0;0;0;0;0;0;0;0;4017;0;0;0;0;0;0;
29311;5124138;589217792;27713536;551624704;0;0;0;0;0;0;0;0;0;0;0;3306;0;0;0;0;0;0;
29312;2876273;589217792;27713536;551624704;0;0;0;0;0;0;0;0;0;0;0;3757;0;0;0;0;0;0;
29313;5233934;589217792;27713536;551624704;0;0;0;0;0;0;0;0;0;0;0;3767;0;0;0;0;0;0;
29314;2928782;589217792;27713536;551624704;0;0;0;0;0;0;0;0;0;0;0;4338;0;0;0;0;0;0;
29315;5102347;589217792;27713536;551624704;0;0;0;0;0;0;0;0;0;0;0;3005;0;0;0;0;0;0;
29316;3385598;589217792;27713536;551624704;0;0;0;0;0;0;0;0;0;0;0;3567;0;0;0;0;0;0;
29317;5476479;589217792;27713536;551624704;0;0;0;0;0;0;0;0;0;0;0;3186;0;0;0;0;0;0;
29318;3274179;589217792;27713536;551624704;0;0;0;0;0;0;0;0;0;0;0;3697;0;0;0;0;0;0;
29319;4826891;589217792;27713536;551624704;0;0;0;0;0;0;0;0;0;0;0;3146;0;0;0;0;0;0;
29320;3505283;589217792;27713536;551624704;0;0;0;0;0;0;0;0;0;0;0;3567;0;0;0;0;0;0;
29321;4628008;589217792;27713536;551624704;0;0;0;0;0;0;0;0;0;0;0;2885;0;0;0;0;0;0;
29322;3922635;589217792;27713536;551624704;0;0;0;0;0;0;0;0;0;0;0;3777;0;0;0;0;0;0;
29323;5010134;589217792;27713536;551624704;0;0;0;0;0;0;0;0;0;0;0;2003;0;0;0;0;0;0;
29324;4085901;589217792;27713536;551624704;0;0;0;0;0;0;0;0;0;0;0;3427;0;0;0;0;0;0;
29325;4735379;589217792;27713536;551624704;0;0;0;0;0;0;0;0;0;0;0;2374;0;0;0;0;0;0;
29326;3004503;589217792;27713536;551624704;0;0;0;0;0;0;0;0;0;0;0;3236;0;0;0;0;0;0;
29327;4602059;589217792;27713536;551624704;0;0;0;0;0;0;0;0;0;0;0;2074;0;0;0;0;0;0;
29328;3071038;589217792;27713536;551624704;0;0;0;0;0;0;0;0;0;0;0;3757;0;0;0;0;0;0;
29329;4721453;589217792;27713536;551624704;0;0;0;0;0;0;0;0;0;0;0;2024;0;0;0;0;0;0;
29330;3100734;589217792;27713536;551624704;0;0;0;0;0;0;0;0;0;0;0;4178;0;0;0;0;0;0;
29331;4662983;589217792;27713536;551624704;0;0;0;0;0;0;0;0;0;0;0;2855;0;0;0;0;0;0;
29332;3469956;589217792;27713536;551624704;0;0;0;0;0;0;0;0;0;0;0;4188;0;0;0;0;0;0;
29333;4978655;589217792;27713536;551624704;0;0;0;0;0;0;0;0;0;0;0;4649;0;0;0;0;0;0;
29334;3114210;589217792;27713536;551624704;0;0;0;0;0;0;0;0;0;0;0;3537;0;0;0;0;0;0;
29335;5061751;589217792;27713536;551624704;0;0;0;0;0;0;0;0;0;0;0;4238;0;0;0;0;0;0;
29336;3619447;589217792;27713536;551624704;0;0;0;0;0;0;0;0;0;0;0;3977;0;0;0;0;0;0;
29337;4926577;589217792;27713536;551624704;0;0;0;0;0;0;0;0;0;0;0;3747;0;0;0;0;0;0;
29338;4063589;589217792;27713536;551624704;0;0;0;0;0;0;0;0;0;0;0;4007;0;0;0;0;0;0;
29339;4569859;589217792;27713536;551624704;0;0;0;0;0;0;0;0;0;0;0;2304;0;0;0;0;0;0;
29340;3672436;589217792;27713536;551624704;0;0;0;0;0;0;0;0;0;0;0;4529;0;0;0;0;0;0;
29341;4941365;589217792;27713536;551624704;0;0;0;0;0;0;0;0;0;0;0;2765;0;0;0;0;0;0;
29342;3917786;589217792;27713536;551624704;0;0;0;0;0;0;0;0;0;0;0;4659;0;0;0;0;0;0;
29343;4816642;589217792;27713536;551624704;0;0;0;0;0;0;0;0;0;0;0;2274;0;0;0;0;0;0;
29344;3333641;589217792;27713536;551624704;0;0;0;0;0;0;0;0;0;0;0;3607;0;0;0;0;0;0;
29345;4825428;589217792;27713536;551624704;0;0;0;0;0;0;0;0;0;0;0;2164;0;0;0;0;0;0;
29346;3388804;589217792;27713536;551624704;0;0;0;0;0;0;0;0;0;0;0;3537;0;0;0;0;0;0;
29347;5019632;589217792;27713536;551624704;0;0;0;0;0;0;0;0;0;0;0;3466;0;0;0;0;0;0;
29348;3114059;589217792;27713536;551624704;0;0;0;0;0;0;0;0;0;0;0;4288;0;0;0;0;0;0;
29349;4786375;589217792;27713536;551624704;0;0;0;0;0;0;0;0;0;0;0;3918;0;0;0;0;0;0;
29350;3720066;589217792;27713536;551624704;0;0;0;0;0;0;0;0;0;0;0;4659;0;0;0;0;0;0;
29351;4916258;589217792;27713536;551624704;0;0;0;0;0;0;0;0;0;0;0;3677;0;0;0;0;0;0;
29352;3499853;589217792;27713536;551624704;0;0;0;0;0;0;0;0;0;0;0;3717;0;0;0;0;0;0;
29353;5121644;589217792;27713536;551624704;0;0;0;0;0;0;0;0;0;0;0;2815;0;0;0;0;0;0;
29354;3402981;589217792;27713536;551624704;0;0;0;0;0;0;0;0;0;0;0;3537;0;0;0;0;0;0;
29355;4819376;589217792;27713536;551624704;0;0;0;0;0;0;0;0;0;0;0;2194;0;0;0;0;0;0;
29356;3272366;589217792;27713536;551624704;0;0;0;0;0;0;0;0;0;0;0;3767;0;0;0;0;0;0;
29357;4873488;589217792;27713536;551624704;0;0;0;0;0;0;0;0;0;0;0;2525;0;0;0;0;0;0;
29358;3527845;589217792;27713536;551624704;0;0;0;0;0;0;0;0;0;0;0;3757;0;0;0;0;0;0;
29359;6266520;595025920;42528768;566439936;0;0;0;0;0;0;0;0;0;0;0;3327;0;0;0;0;0;0;
29360;3561068;595025920;42528768;566439936;0;0;0;0;0;0;0;0;0;0;0;3376;0;0;0;0;0;0;
29361;6039224;601317376;42528768;566439936;0;0;0;0;0;0;0;0;0;0;0;4138;0;0;0;0;0;0;
29362;3788243;601317376;42528768;566439936;0;0;0;0;0;0;0;0;0;0;0;4448;0;0;0;0;0;0;
29363;5043006;601317376;42528768;566439936;0;0;0;0;0;0;0;0;0;0;0;2024;0;0;0;0;0;0;
29364;4149651;601317376;42528768;566439936;0;0;0;0;0;0;0;0;0;0;0;3616;0;0;0;0;0;0;
29365;4651913;601317376;42528768;566439936;0;0;0;0;0;0;0;0;0;0;0;2715;0;0;0;0;0;0;
29366;3778044;589205504;28160000;552071168;0;0;0;0;0;0;0;0;0;0;0;3997;0;0;0;0;0;0;
29367;4908714;589205504;28160000;552071168;0;0;0;0;0;0;0;0;0;0;0;3707;0;0;0;0;0;0;
29368;2709290;589205504;28160000;552071168;0;0;0;0;0;0;0;0;0;0;0;3717;0;0;0;0;0;0;
29369;4960852;589205504;28160000;552071168;0;0;0;0;0;0;0;0;0;0;0;4398;0;0;0;0;0;0;
29370;3189791;589205504;28160000;552071168;0;0;0;0;0;0;0;0;0;0;0;3888;0;0;0;0;0;0;
29371;4895700;589205504;28164096;552075264;0;0;0;0;0;0;0;0;0;0;0;3486;0;0;0;0;0;0;
29372;3585663;589205504;28168192;552079360;0;0;0;0;0;0;0;0;0;0;0;3907;0;0;0;0;0;0;
29373;5716879;589205504;28168192;552079360;0;0;0;0;0;0;0;0;0;0;0;3867;0;0;0;0;0;0;
29374;3350022;589205504;28168192;552079360;0;0;0;0;0;0;0;0;0;0;0;88927;0;0;0;0;0;0;
29375;10737694;589205504;28168192;552079360;0;0;0;0;0;0;0;0;0;0;0;2855;0;0;0;0;0;0;
29376;6694843;589205504;28168192;552079360;0;0;0;0;0;0;0;0;0;0;0;3326;0;0;0;0;0;0;
29377;4776236;589205504;28168192;552079360;0;0;0;0;0;0;0;0;0;0;0;2295;0;0;0;0;0;0;
29378;4023004;589205504;28160000;552071168;0;0;0;0;0;0;0;0;0;0;0;3988;0;0;0;0;0;0;
29379;5348548;589205504;28160000;552071168;0;0;0;0;0;0;0;0;0;0;0;3025;0;0;0;0;0;0;
29380;3697273;589205504;28160000;552071168;0;0;0;0;0;0;0;0;0;0;0;3917;0;0;0;0;0;0;
29381;5101896;589205504;28160000;552071168;0;0;0;0;0;0;0;0;0;0;0;4368;0;0;0;0;0;0;
29382;3626450;589205504;28160000;552071168;0;0;0;0;0;0;0;0;0;0;0;3957;0;0;0;0;0;0;
29383;6186300;595013632;42528768;566439936;0;0;0;0;0;0;0;0;0;0;0;4057;0;0;0;0;0;0;
29384;4069841;595013632;42528768;566439936;0;0;0;0;0;0;0;0;0;0;0;3777;0;0;0;0;0;0;
29385;5665032;601305088;42528768;566439936;0;0;0;0;0;0;0;0;0;0;0;3808;0;0;0;0;0;0;
29386;4660709;601477120;42524672;566435840;0;0;0;0;0;0;0;0;0;0;0;4168;0;0;0;0;0;0;
29387;4664476;601477120;42524672;566435840;0;0;0;0;0;0;0;0;0;0;0;2795;0;0;0;0;0;0;
29388;3922375;601477120;42524672;566435840;0;0;0;0;0;0;0;0;0;0;0;3937;0;0;0;0;0;0;
29389;4962885;601477120;42524672;566435840;0;0;0;0;0;0;0;0;0;0;0;2725;0;0;0;0;0;0;
29390;3389225;589234176;27709440;551620608;0;0;0;0;0;0;0;0;0;0;0;3927;0;0;0;0;0;0;
29391;4793589;589234176;27709440;551620608;0;0;0;0;0;0;0;0;0;0;0;2325;0;0;0;0;0;0;
29392;3227031;589234176;27709440;551620608;0;0;0;0;0;0;0;0;0;0;0;3487;0;0;0;0;0;0;
29393;4646282;589234176;27709440;551620608;0;0;0;0;0;0;0;0;0;0;0;4589;0;0;0;0;0;0;
29394;3067872;589234176;27709440;551620608;0;0;0;0;0;0;0;0;0;0;0;3737;0;0;0;0;0;0;
29395;5002750;589234176;27709440;551620608;0;0;0;0;0;0;0;0;0;0;0;3417;0;0;0;0;0;0;
29396;3034971;589234176;27709440;551620608;0;0;0;0;0;0;0;0;0;0;0;4538;0;0;0;0;0;0;
29397;4875903;589234176;27709440;551620608;0;0;0;0;0;0;0;0;0;0;0;3326;0;0;0;0;0;0;
29398;4039204;589234176;27709440;551620608;0;0;0;0;0;0;0;0;0;0;0;5280;0;0;0;0;0;0;
29399;5166507;589234176;27709440;551620608;0;0;0;0;0;0;0;0;0;0;0;3918;0;0;0;0;0;0;
29400;3918146;589234176;27709440;551620608;0;0;0;0;0;0;0;0;0;0;0;4678;0;0;0;0;0;0;
29401;4749575;589234176;27709440;551620608;0;0;0;0;0;0;0;0;0;0;0;2935;0;0;0;0;0;0;
29402;3624887;589234176;27709440;551620608;0;0;0;0;0;0;0;0;0;0;0;3967;0;0;0;0;0;0;
29403;5113137;589234176;27709440;551620608;0;0;0;0;0;0;0;0;0;0;0;2355;0;0;0;0;0;0;
29404;3356764;589234176;27709440;551620608;0;0;0;0;0;0;0;0;0;0;0;4458;0;0;0;0;0;0;
29405;4956945;589234176;27709440;551620608;0;0;0;0;0;0;0;0;0;0;0;2154;0;0;0;0;0;0;
29406;3579942;589234176;27709440;551620608;0;0;0;0;0;0;0;0;0;0;0;3276;0;0;0;0;0;0;
29407;6320521;595042304;42524672;566435840;0;0;0;0;0;0;0;0;0;0;0;45054;0;0;0;0;0;0;
29408;3269941;595042304;42524672;566435840;0;0;0;0;0;0;0;0;0;0;0;4238;0;0;0;0;0;0;
29409;5657569;601333760;42524672;566435840;0;0;0;0;0;0;0;0;0;0;0;4218;0;0;0;0;0;0;
29410;3486777;601333760;42524672;566435840;0;0;0;0;0;0;0;0;0;0;0;3887;0;0;0;0;0;0;
29411;4786966;601333760;42524672;566435840;0;0;0;0;0;0;0;0;0;0;0;2495;0;0;0;0;0;0;
29412;4200686;601333760;42524672;566435840;0;0;0;0;0;0;0;0;0;0;0;4037;0;0;0;0;0;0;
29413;4549901;601333760;42524672;566435840;0;0;0;0;0;0;0;0;0;0;0;2515;0;0;0;0;0;0;
29414;3964002;589209600;28155904;552067072;0;0;0;0;0;0;0;0;0;0;0;3807;0;0;0;0;0;0;
29415;4957846;589209600;28155904;552067072;0;0;0;0;0;0;0;0;0;0;0;2815;0;0;0;0;0;0;
29416;3013771;589209600;28155904;552067072;0;0;0;0;0;0;0;0;0;0;0;3377;0;0;0;0;0;0;
29417;4591299;589209600;28155904;552067072;0;0;0;0;0;0;0;0;0;0;0;1944;0;0;0;0;0;0;
29418;3171837;589209600;28155904;552067072;0;0;0;0;0;0;0;0;0;0;0;3446;0;0;0;0;0;0;
29419;5062573;589209600;28155904;552067072;0;0;0;0;0;0;0;0;0;0;0;3898;0;0;0;0;0;0;
29420;3118848;589209600;28155904;552067072;0;0;0;0;0;0;0;0;0;0;0;3646;0;0;0;0;0;0;
29421;5135930;589209600;28155904;552067072;0;0;0;0;0;0;0;0;0;0;0;3186;0;0;0;0;0;0;
29422;2989987;589209600;28155904;552067072;0;0;0;0;0;0;0;0;0;0;0;3466;0;0;0;0;0;0;
29423;5428148;589209600;28155904;552067072;0;0;0;0;0;0;0;0;0;0;0;4248;0;0;0;0;0;0;
29424;2778369;589209600;28155904;552067072;0;0;0;0;0;0;0;0;0;0;0;3627;0;0;0;0;0;0;
29425;5721888;589209600;28155904;552067072;0;0;0;0;0;0;0;0;0;0;0;4068;0;0;0;0;0;0;
29426;3379707;589209600;28155904;552067072;0;0;0;0;0;0;0;0;0;0;0;5179;0;0;0;0;0;0;
29427;4908133;589209600;28155904;552067072;0;0;0;0;0;0;0;0;0;0;0;2725;0;0;0;0;0;0;
29428;3271925;589209600;28155904;552067072;0;0;0;0;0;0;0;0;0;0;0;4418;0;0;0;0;0;0;
29429;5025142;589209600;28155904;552067072;0;0;0;0;0;0;0;0;0;0;0;3997;0;0;0;0;0;0;
29430;3213746;589209600;28155904;552067072;0;0;0;0;0;0;0;0;0;0;0;3727;0;0;0;0;0;0;
29431;5090856;589209600;28155904;552067072;0;0;0;0;0;0;0;0;0;0;0;3948;0;0;0;0;0;0;
29432;3234184;589209600;28155904;552067072;0;0;0;0;0;0;0;0;0;0;0;3637;0;0;0;0;0;0;
29433;5008832;589209600;28155904;552067072;0;0;0;0;0;0;0;0;0;0;0;3587;0;0;0;0;0;0;
29434;3439609;589209600;28155904;552067072;0;0;0;0;0;0;0;0;0;0;0;4619;0;0;0;0;0;0;
29435;5217222;589209600;28155904;552067072;0;0;0;0;0;0;0;0;0;0;0;3557;0;0;0;0;0;0;
29436;3186224;589209600;28155904;552067072;0;0;0;0;0;0;0;0;0;0;0;3877;0;0;0;0;0;0;
29437;4964038;589209600;28155904;552067072;0;0;0;0;0;0;0;0;0;0;0;3878;0;0;0;0;0;0;
29438;2962535;589209600;28155904;552067072;0;0;0;0;0;0;0;0;0;0;0;3998;0;0;0;0;0;0;
29439;4708910;589209600;28155904;552067072;0;0;0;0;0;0;0;0;0;0;0;4388;0;0;0;0;0;0;
29440;3293716;589209600;28155904;552067072;0;0;0;0;0;0;0;0;0;0;0;4038;0;0;0;0;0;0;
29441;4725671;589209600;28155904;552067072;0;0;0;0;0;0;0;0;0;0;0;3046;0;0;0;0;0;0;
29442;3827417;589209600;28155904;552067072;0;0;0;0;0;0;0;0;0;0;0;4538;0;0;0;0;0;0;
29443;5436013;589209600;28155904;552067072;0;0;0;0;0;0;0;0;0;0;0;2645;0;0;0;0;0;0;
29444;3474395;589209600;28155904;552067072;0;0;0;0;0;0;0;0;0;0;0;3997;0;0;0;0;0;0;
29445;4907652;589209600;28155904;552067072;0;0;0;0;0;0;0;0;0;0;0;2855;0;0;0;0;0;0;
29446;4050414;589209600;28155904;552067072;0;0;0;0;0;0;0;0;0;0;0;3927;0;0;0;0;0;0;
29447;5480045;589209600;28155904;552067072;0;0;0;0;0;0;0;0;0;0;0;4057;0;0;0;0;0;0;
29448;2991168;589209600;28155904;552067072;0;0;0;0;0;0;0;0;0;0;0;4478;0;0;0;0;0;0;
29449;4932519;589209600;28155904;552067072;0;0;0;0;0;0;0;0;0;0;0;3486;0;0;0;0;0;0;
29450;3173200;589209600;28155904;552067072;0;0;0;0;0;0;0;0;0;0;0;3847;0;0;0;0;0;0;
29451;5288236;589209600;28155904;552067072;0;0;0;0;0;0;0;0;0;0;0;3487;0;0;0;0;0;0;
29452;2830277;589209600;28155904;552067072;0;0;0;0;0;0;0;0;0;0;0;4068;0;0;0;0;0;0;
29453;4717947;589209600;28155904;552067072;0;0;0;0;0;0;0;0;0;0;0;4598;0;0;0;0;0;0;
29454;3511454;589209600;28155904;552067072;0;0;0;0;0;0;0;0;0;0;0;4018;0;0;0;0;0;0;
29455;5653872;589209600;28155904;552067072;0;0;0;0;0;0;0;0;0;0;0;3757;0;0;0;0;0;0;
29456;3331287;589209600;28155904;552067072;0;0;0;0;0;0;0;0;0;0;0;4007;0;0;0;0;0;0;
29457;4977233;589209600;28155904;552067072;0;0;0;0;0;0;0;0;0;0;0;3687;0;0;0;0;0;0;
29458;2792016;589209600;28155904;552067072;0;0;0;0;0;0;0;0;0;0;0;3858;0;0;0;0;0;0;
29459;5245035;589209600;28155904;552067072;0;0;0;0;0;0;0;0;0;0;0;3185;0;0;0;0;0;0;
29460;3532934;589209600;28155904;552067072;0;0;0;0;0;0;0;0;0;0;0;4579;0;0;0;0;0;0;
29461;4711143;589209600;28155904;552067072;0;0;0;0;0;0;0;0;0;0;0;3337;0;0;0;0;0;0;
29462;3111965;589209600;28155904;552067072;0;0;0;0;0;0;0;0;0;0;0;4298;0;0;0;0;0;0;
29463;4875732;589209600;28155904;552067072;0;0;0;0;0;0;0;0;0;0;0;2224;0;0;0;0;0;0;
29464;3744481;589209600;28155904;552067072;0;0;0;0;0;0;0;0;0;0;0;3447;0;0;0;0;0;0;
29465;4544391;589209600;28155904;552067072;0;0;0;0;0;0;0;0;0;0;0;2434;0;0;0;0;0;0;
29466;2847780;589209600;28155904;552067072;0;0;0;0;0;0;0;0;0;0;0;3677;0;0;0;0;0;0;
29467;4732634;589209600;28155904;552067072;0;0;0;0;0;0;0;0;0;0;0;2375;0;0;0;0;0;0;
29468;3534047;589209600;28155904;552067072;0;0;0;0;0;0;0;0;0;0;0;4909;0;0;0;0;0;0;
29469;4675937;589209600;28155904;552067072;0;0;0;0;0;0;0;0;0;0;0;2064;0;0;0;0;0;0;
29470;3532944;589209600;28155904;552067072;0;0;0;0;0;0;0;0;0;0;0;3196;0;0;0;0;0;0;
29471;5341476;589209600;28155904;552067072;0;0;0;0;0;0;0;0;0;0;0;5189;0;0;0;0;0;0;
29472;3263098;589209600;28155904;552067072;0;0;0;0;0;0;0;0;0;0;0;3828;0;0;0;0;0;0;
29473;4935234;589209600;28155904;552067072;0;0;0;0;0;0;0;0;0;0;0;3546;0;0;0;0;0;0;
29474;3127935;589209600;28155904;552067072;0;0;0;0;0;0;0;0;0;0;0;4388;0;0;0;0;0;0;
29475;4908293;589209600;28155904;552067072;0;0;0;0;0;0;0;0;0;0;0;3697;0;0;0;0;0;0;
29476;3397521;589209600;28155904;552067072;0;0;0;0;0;0;0;0;0;0;0;4679;0;0;0;0;0;0;
29477;4694012;589209600;28155904;552067072;0;0;0;0;0;0;0;0;0;0;0;3417;0;0;0;0;0;0;
29478;2941095;589209600;28155904;552067072;0;0;0;0;0;0;0;0;0;0;0;4198;0;0;0;0;0;0;
29479;5006518;589209600;28155904;552067072;0;0;0;0;0;0;0;0;0;0;0;2725;0;0;0;0;0;0;
29480;3764378;589209600;28155904;552067072;0;0;0;0;0;0;0;0;0;0;0;3887;0;0;0;0;0;0;
29481;4854101;589209600;28155904;552067072;0;0;0;0;0;0;0;0;0;0;0;2695;0;0;0;0;0;0;
29482;3678257;589209600;28155904;552067072;0;0;0;0;0;0;0;0;0;0;0;3606;0;0;0;0;0;0;
29483;4921398;589209600;28155904;552067072;0;0;0;0;0;0;0;0;0;0;0;2875;0;0;0;0;0;0;
29484;3474856;589209600;28155904;552067072;0;0;0;0;0;0;0;0;0;0;0;4829;0;0;0;0;0;0;
29485;4853561;589209600;28155904;552067072;0;0;0;0;0;0;0;0;0;0;0;2685;0;0;0;0;0;0;
29486;2928932;589209600;28155904;552067072;0;0;0;0;0;0;0;0;0;0;0;4158;0;0;0;0;0;0;
29487;4756198;589209600;28164096;552075264;0;0;0;0;0;0;0;0;0;0;0;4428;0;0;0;0;0;0;
29488;2819627;589209600;28164096;552075264;0;0;0;0;0;0;0;0;0;0;0;3427;0;0;0;0;0;0;
29489;4883317;589209600;28164096;552075264;0;0;0;0;0;0;0;0;0;0;0;4639;0;0;0;0;0;0;
29490;2900719;589209600;28164096;552075264;0;0;0;0;0;0;0;0;0;0;0;3356;0;0;0;0;0;0;
29491;5118086;589209600;28164096;552075264;0;0;0;0;0;0;0;0;0;0;0;3897;0;0;0;0;0;0;
29492;2795592;589209600;28164096;552075264;0;0;0;0;0;0;0;0;0;0;0;3397;0;0;0;0;0;0;
29493;4797205;589209600;28164096;552075264;0;0;0;0;0;0;0;0;0;0;0;4328;0;0;0;0;0;0;
29494;3362405;589221888;28155904;552067072;0;0;0;0;0;0;0;0;0;0;0;4298;0;0;0;0;0;0;
29495;5299146;589221888;28155904;552067072;0;0;0;0;0;0;0;0;0;0;0;3556;0;0;0;0;0;0;
29496;3409142;589221888;28155904;552067072;0;0;0;0;0;0;0;0;0;0;0;4178;0;0;0;0;0;0;
29497;4806452;589221888;28155904;552067072;0;0;0;0;0;0;0;0;0;0;0;4028;0;0;0;0;0;0;
29498;3324213;589221888;28155904;552067072;0;0;0;0;0;0;0;0;0;0;0;3827;0;0;0;0;0;0;
29499;5005145;589221888;28155904;552067072;0;0;0;0;0;0;0;0;0;0;0;4248;0;0;0;0;0;0;
29500;3136561;589221888;28155904;552067072;0;0;0;0;0;0;0;0;0;0;0;3727;0;0;0;0;0;0;
29501;4835997;589221888;28155904;552067072;0;0;0;0;0;0;0;0;0;0;0;3978;0;0;0;0;0;0;
29502;3599679;589221888;28155904;552067072;0;0;0;0;0;0;0;0;0;0;0;4518;0;0;0;0;0;0;
29503;4955462;589221888;28155904;552067072;0;0;0;0;0;0;0;0;0;0;0;3015;0;0;0;0;0;0;
29504;3844899;589221888;28155904;552067072;0;0;0;0;0;0;0;0;0;0;0;3456;0;0;0;0;0;0;
29505;4839714;589221888;28155904;552067072;0;0;0;0;0;0;0;0;0;0;0;2665;0;0;0;0;0;0;
29506;4544582;589221888;28155904;552067072;0;0;0;0;0;0;0;0;0;0;0;4278;0;0;0;0;0;0;
29507;5850660;595030016;42524672;566435840;0;0;0;0;0;0;0;0;0;0;0;3376;0;0;0;0;0;0;
29508;4155031;595030016;42524672;566435840;0;0;0;0;0;0;0;0;0;0;0;4057;0;0;0;0;0;0;
29509;5632932;601321472;42524672;566435840;0;0;0;0;0;0;0;0;0;0;0;3657;0;0;0;0;0;0;
29510;4419417;601321472;42524672;566435840;0;0;0;0;0;0;0;0;0;0;0;4869;0;0;0;0;0;0;
29511;5205360;601321472;42524672;566435840;0;0;0;0;0;0;0;0;0;0;0;3497;0;0;0;0;0;0;
29512;3667787;601321472;42524672;566435840;0;0;0;0;0;0;0;0;0;0;0;3938;0;0;0;0;0;0;
29513;4981441;601321472;42524672;566435840;0;0;0;0;0;0;0;0;0;0;0;3456;0;0;0;0;0;0;
29514;4231574;589254656;27709440;551620608;0;0;0;0;0;0;0;0;0;0;0;4398;0;0;0;0;0;0;
29515;4852880;589254656;27709440;551620608;0;0;0;0;0;0;0;0;0;0;0;2835;0;0;0;0;0;0;
29516;3299086;589254656;27709440;551620608;0;0;0;0;0;0;0;0;0;0;0;4338;0;0;0;0;0;0;
29517;4917030;589254656;27709440;551620608;0;0;0;0;0;0;0;0;0;0;0;2244;0;0;0;0;0;0;
29518;3412088;589254656;27709440;551620608;0;0;0;0;0;0;0;0;0;0;0;3677;0;0;0;0;0;0;
29519;4573356;589254656;27709440;551620608;0;0;0;0;0;0;0;0;0;0;0;2775;0;0;0;0;0;0;
29520;3236499;589254656;27709440;551620608;0;0;0;0;0;0;0;0;0;0;0;4177;0;0;0;0;0;0;
29521;4472396;589254656;27709440;551620608;0;0;0;0;0;0;0;0;0;0;0;2605;0;0;0;0;0;0;
29522;3175514;589254656;27709440;551620608;0;0;0;0;0;0;0;0;0;0;0;3607;0;0;0;0;0;0;
29523;5157009;589254656;27709440;551620608;0;0;0;0;0;0;0;0;0;0;0;4429;0;0;0;0;0;0;
29524;3566497;589254656;27709440;551620608;0;0;0;0;0;0;0;0;0;0;0;3877;0;0;0;0;0;0;
29525;5589090;589254656;27709440;551620608;0;0;0;0;0;0;0;0;0;0;0;4358;0;0;0;0;0;0;
29526;3173992;589254656;27709440;551620608;0;0;0;0;0;0;0;0;0;0;0;4548;0;0;0;0;0;0;
29527;5155757;589254656;27709440;551620608;0;0;0;0;0;0;0;0;0;0;0;3587;0;0;0;0;0;0;
29528;3996704;589254656;27709440;551620608;0;0;0;0;0;0;0;0;0;0;0;4238;0;0;0;0;0;0;
29529;5286582;589254656;27709440;551620608;0;0;0;0;0;0;0;0;0;0;0;3086;0;0;0;0;0;0;
29530;3682144;589254656;27709440;551620608;0;0;0;0;0;0;0;0;0;0;0;3958;0;0;0;0;0;0;
29531;6150272;595062784;42524672;566435840;0;0;0;0;0;0;0;0;0;0;0;5741;0;0;0;0;0;0;
29532;3930400;595062784;42524672;566435840;0;0;0;0;0;0;0;0;0;0;0;4909;0;0;0;0;0;0;
29533;5874505;601354240;42524672;566435840;0;0;0;0;0;0;0;0;0;0;0;58850;0;0;0;0;0;0;
29534;4196518;601354240;42524672;566435840;0;0;0;0;0;0;0;0;0;0;0;3998;0;0;0;0;0;0;
29535;5432216;601354240;42524672;566435840;0;0;0;0;0;0;0;0;0;0;0;3888;0;0;0;0;0;0;
29536;4191369;601354240;42524672;566435840;0;0;0;0;0;0;0;0;0;0;0;4989;0;0;0;0;0;0;
29537;4868199;601354240;42524672;566435840;0;0;0;0;0;0;0;0;0;0;0;3436;0;0;0;0;0;0;
29538;4420829;589230080;28155904;552067072;0;0;0;0;0;0;0;0;0;0;0;3687;0;0;0;0;0;0;
29539;4882876;589230080;28155904;552067072;0;0;0;0;0;0;0;0;0;0;0;2174;0;0;0;0;0;0;
29540;3394715;589230080;28155904;552067072;0;0;0;0;0;0;0;0;0;0;0;3596;0;0;0;0;0;0;
29541;5209008;589230080;28155904;552067072;0;0;0;0;0;0;0;0;0;0;0;2265;0;0;0;0;0;0;
29542;3381861;589230080;28155904;552067072;0;0;0;0;0;0;0;0;0;0;0;3366;0;0;0;0;0;0;
29543;4898475;589230080;28155904;552067072;0;0;0;0;0;0;0;0;0;0;0;3005;0;0;0;0;0;0;
29544;3197265;589230080;28155904;552067072;0;0;0;0;0;0;0;0;0;0;0;4238;0;0;0;0;0;0;
29545;5686672;589230080;28155904;552067072;0;0;0;0;0;0;0;0;0;0;0;3517;0;0;0;0;0;0;
29546;3452344;589230080;28155904;552067072;0;0;0;0;0;0;0;0;0;0;0;4438;0;0;0;0;0;0;
29547;5226400;589230080;28155904;552067072;0;0;0;0;0;0;0;0;0;0;0;4739;0;0;0;0;0;0;
29548;3216922;589230080;28155904;552067072;0;0;0;0;0;0;0;0;0;0;0;3407;0;0;0;0;0;0;
29549;5424290;589230080;28155904;552067072;0;0;0;0;0;0;0;0;0;0;0;3787;0;0;0;0;0;0;
29550;3664130;589230080;28155904;552067072;0;0;0;0;0;0;0;0;0;0;0;5079;0;0;0;0;0;0;
29551;5222833;589230080;28155904;552067072;0;0;0;0;0;0;0;0;0;0;0;3166;0;0;0;0;0;0;
29552;3115662;589230080;28155904;552067072;0;0;0;0;0;0;0;0;0;0;0;3907;0;0;0;0;0;0;
29553;5198448;589230080;28155904;552067072;0;0;0;0;0;0;0;0;0;0;0;3566;0;0;0;0;0;0;
29554;3302522;589230080;28155904;552067072;0;0;0;0;0;0;0;0;0;0;0;3687;0;0;0;0;0;0;
29555;5594991;595038208;42524672;566435840;0;0;0;0;0;0;0;0;0;0;0;3316;0;0;0;0;0;0;
29556;4120887;595038208;42524672;566435840;0;0;0;0;0;0;0;0;0;0;0;3717;0;0;0;0;0;0;
29557;6308198;601329664;42524672;566435840;0;0;0;0;0;0;0;0;0;0;0;6232;0;0;0;0;0;0;
29558;4059552;601329664;42524672;566435840;0;0;0;0;0;0;0;0;0;0;0;4819;0;0;0;0;0;0;
29559;5088471;601329664;42524672;566435840;0;0;0;0;0;0;0;0;0;0;0;3457;0;0;0;0;0;0;
29560;4051707;601329664;42524672;566435840;0;0;0;0;0;0;0;0;0;0;0;4749;0;0;0;0;0;0;
29561;6107111;601329664;42524672;566435840;0;0;0;0;0;0;0;0;0;0;0;3497;0;0;0;0;0;0;
29562;3931031;589262848;27709440;551620608;0;0;0;0;0;0;0;0;0;0;0;4108;0;0;0;0;0;0;
29563;5174172;589262848;27709440;551620608;0;0;0;0;0;0;0;0;0;0;0;181550;0;0;0;0;0;0;
29564;3173240;589262848;27709440;551620608;0;0;0;0;0;0;0;0;0;0;0;3857;0;0;0;0;0;0;
29565;5020564;589262848;27709440;551620608;0;0;0;0;0;0;0;0;0;0;0;2615;0;0;0;0;0;0;
29566;3100243;589262848;27709440;551620608;0;0;0;0;0;0;0;0;0;0;0;3606;0;0;0;0;0;0;
29567;5030452;589262848;27709440;551620608;0;0;0;0;0;0;0;0;0;0;0;2645;0;0;0;0;0;0;
29568;2939953;589262848;27709440;551620608;0;0;0;0;0;0;0;0;0;0;0;3507;0;0;0;0;0;0;
29569;4634179;589262848;27709440;551620608;0;0;0;0;0;0;0;0;0;0;0;2605;0;0;0;0;0;0;
29570;3299707;589262848;27709440;551620608;0;0;0;0;0;0;0;0;0;0;0;3476;0;0;0;0;0;0;
29571;5020483;589262848;27709440;551620608;0;0;0;0;0;0;0;0;0;0;0;4468;0;0;0;0;0;0;
29572;3514139;589262848;27709440;551620608;0;0;0;0;0;0;0;0;0;0;0;4659;0;0;0;0;0;0;
29573;5043246;589262848;27709440;551620608;0;0;0;0;0;0;0;0;0;0;0;3226;0;0;0;0;0;0;
29574;3126442;589262848;27709440;551620608;0;0;0;0;0;0;0;0;0;0;0;3837;0;0;0;0;0;0;
29575;5078382;589262848;27709440;551620608;0;0;0;0;0;0;0;0;0;0;0;4018;0;0;0;0;0;0;
29576;3922675;589262848;27709440;551620608;0;0;0;0;0;0;0;0;0;0;0;3998;0;0;0;0;0;0;
29577;4662863;589262848;27709440;551620608;0;0;0;0;0;0;0;0;0;0;0;2404;0;0;0;0;0;0;
29578;3228333;589262848;27709440;551620608;0;0;0;0;0;0;0;0;0;0;0;3377;0;0;0;0;0;0;
29579;4729288;589262848;27709440;551620608;0;0;0;0;0;0;0;0;0;0;0;2354;0;0;0;0;0;0;
29580;3053355;589262848;27709440;551620608;0;0;0;0;0;0;0;0;0;0;0;3426;0;0;0;0;0;0;
29581;4524483;589262848;27709440;551620608;0;0;0;0;0;0;0;0;0;0;0;2866;0;0;0;0;0;0;
29582;3763187;589262848;27709440;551620608;0;0;0;0;0;0;0;0;0;0;0;4488;0;0;0;0;0;0;
29583;5121343;589262848;27709440;551620608;0;0;0;0;0;0;0;0;0;0;0;4018;0;0;0;0;0;0;
29584;3719024;589262848;27709440;551620608;0;0;0;0;0;0;0;0;0;0;0;4799;0;0;0;0;0;0;
29585;5084514;589262848;27709440;551620608;0;0;0;0;0;0;0;0;0;0;0;3857;0;0;0;0;0;0;
29586;3470046;589262848;27709440;551620608;0;0;0;0;0;0;0;0;0;0;0;4698;0;0;0;0;0;0;
29587;4845526;589262848;27709440;551620608;0;0;0;0;0;0;0;0;0;0;0;3196;0;0;0;0;0;0;
29588;3351534;589262848;27709440;551620608;0;0;0;0;0;0;0;0;0;0;0;3607;0;0;0;0;0;0;
29589;5071058;589262848;27709440;551620608;0;0;0;0;0;0;0;0;0;0;0;2435;0;0;0;0;0;0;
29590;4811932;589262848;27709440;551620608;0;0;0;0;0;0;0;0;0;0;0;2946;0;0;0;0;0;0;
29591;5523006;589262848;27709440;551620608;0;0;0;0;0;0;0;0;0;0;0;2645;0;0;0;0;0;0;
29592;3442115;589262848;27709440;551620608;0;0;0;0;0;0;0;0;0;0;0;4067;0;0;0;0;0;0;
29593;5142272;589262848;27709440;551620608;0;0;0;0;0;0;0;0;0;0;0;3637;0;0;0;0;0;0;
29594;3584030;589262848;27709440;551620608;0;0;0;0;0;0;0;0;0;0;0;3747;0;0;0;0;0;0;
29595;5286823;589262848;27709440;551620608;0;0;0;0;0;0;0;0;0;0;0;4468;0;0;0;0;0;0;
29596;3173681;589262848;27709440;551620608;0;0;0;0;0;0;0;0;0;0;0;5380;0;0;0;0;0;0;
29597;4514395;589262848;27709440;551620608;0;0;0;0;0;0;0;0;0;0;0;3386;0;0;0;0;0;0;
29598;3212443;589262848;27709440;551620608;0;0;0;0;0;0;0;0;0;0;0;3576;0;0;0;0;0;0;
29599;4674556;589262848;27709440;551620608;0;0;0;0;0;0;0;0;0;0;0;2334;0;0;0;0;0;0;
29600;3352156;589262848;27709440;551620608;0;0;0;0;0;0;0;0;0;0;0;5400;0;0;0;0;0;0;
29601;4929142;589262848;27709440;551620608;0;0;0;0;0;0;0;0;0;0;0;3686;0;0;0;0;0;0;
29602;4171732;589262848;27709440;551620608;0;0;0;0;0;0;0;0;0;0;0;4127;0;0;0;0;0;0;
29603;5433728;589262848;27709440;551620608;0;0;0;0;0;0;0;0;0;0;0;3918;0;0;0;0;0;0;
29604;5723382;589262848;27709440;551620608;0;0;0;0;0;0;0;0;0;0;0;3617;0;0;0;0;0;0;
29605;10628139;589262848;27709440;551620608;0;0;0;0;0;0;0;0;0;0;0;2876;0;0;0;0;0;0;
29606;4001694;589262848;27709440;551620608;0;0;0;0;0;0;0;0;0;0;0;3927;0;0;0;0;0;0;
29607;5146891;589262848;27709440;551620608;0;0;0;0;0;0;0;0;0;0;0;4168;0;0;0;0;0;0;
29608;3875046;589262848;27709440;551620608;0;0;0;0;0;0;0;0;0;0;0;4248;0;0;0;0;0;0;
29609;5007389;589262848;27709440;551620608;0;0;0;0;0;0;0;0;0;0;0;3186;0;0;0;0;0;0;
29610;3624346;589262848;27709440;551620608;0;0;0;0;0;0;0;0;0;0;0;4158;0;0;0;0;0;0;
29611;5631319;589262848;27709440;551620608;0;0;0;0;0;0;0;0;0;0;0;4789;0;0;0;0;0;0;
29612;3789966;589262848;27709440;551620608;0;0;0;0;0;0;0;0;0;0;0;3817;0;0;0;0;0;0;
29613;5541811;589262848;27709440;551620608;0;0;0;0;0;0;0;0;0;0;0;5080;0;0;0;0;0;0;
29614;3469125;589262848;27709440;551620608;0;0;0;0;0;0;0;0;0;0;0;4879;0;0;0;0;0;0;
29615;5099742;589262848;27709440;551620608;0;0;0;0;0;0;0;0;0;0;0;4228;0;0;0;0;0;0;
29616;4032431;589262848;27709440;551620608;0;0;0;0;0;0;0;0;0;0;0;4128;0;0;0;0;0;0;
29617;5499853;589262848;27709440;551620608;0;0;0;0;0;0;0;0;0;0;0;4779;0;0;0;0;0;0;
29618;3693816;589262848;27709440;551620608;0;0;0;0;0;0;0;0;0;0;0;4067;0;0;0;0;0;0;
29619;5729874;589262848;27709440;551620608;0;0;0;0;0;0;0;0;0;0;0;3556;0;0;0;0;0;0;
29620;3821465;589262848;27709440;551620608;0;0;0;0;0;0;0;0;0;0;0;4368;0;0;0;0;0;0;
29621;5742788;589262848;27709440;551620608;0;0;0;0;0;0;0;0;0;0;0;4027;0;0;0;0;0;0;
29622;3810184;589262848;27709440;551620608;0;0;0;0;0;0;0;0;0;0;0;7904;0;0;0;0;0;0;
29623;5170004;589262848;27709440;551620608;0;0;0;0;0;0;0;0;0;0;0;4718;0;0;0;0;0;0;
29624;4712857;589262848;27709440;551620608;0;0;0;0;0;0;0;0;0;0;0;2975;0;0;0;0;0;0;
29625;5290670;589262848;27709440;551620608;0;0;0;0;0;0;0;0;0;0;0;3957;0;0;0;0;0;0;
29626;3931041;589262848;27709440;551620608;0;0;0;0;0;0;0;0;0;0;0;4118;0;0;0;0;0;0;
29627;5222082;589262848;27709440;551620608;0;0;0;0;0;0;0;0;0;0;0;3407;0;0;0;0;0;0;
29628;4367910;589262848;27709440;551620608;0;0;0;0;0;0;0;0;0;0;0;4067;0;0;0;0;0;0;
29629;5835251;589262848;27709440;551620608;0;0;0;0;0;0;0;0;0;0;0;3967;0;0;0;0;0;0;
29630;4052979;589262848;27709440;551620608;0;0;0;0;0;0;0;0;0;0;0;4609;0;0;0;0;0;0;
29631;5975274;589262848;27709440;551620608;0;0;0;0;0;0;0;0;0;0;0;5080;0;0;0;0;0;0;
29632;4751600;589262848;27709440;551620608;0;0;0;0;0;0;0;0;0;0;0;4188;0;0;0;0;0;0;
29633;5574612;589262848;27709440;551620608;0;0;0;0;0;0;0;0;0;0;0;3707;0;0;0;0;0;0;
29634;3734683;589262848;27709440;551620608;0;0;0;0;0;0;0;0;0;0;0;4799;0;0;0;0;0;0;
29635;4993733;589262848;27709440;551620608;0;0;0;0;0;0;0;0;0;0;0;4418;0;0;0;0;0;0;
29636;5039369;589262848;27709440;551620608;0;0;0;0;0;0;0;0;0;0;0;5069;0;0;0;0;0;0;
29637;5097397;589262848;27709440;551620608;0;0;0;0;0;0;0;0;0;0;0;4538;0;0;0;0;0;0;
29638;4584947;589262848;27709440;551620608;0;0;0;0;0;0;0;0;0;0;0;5079;0;0;0;0;0;0;
29639;4972042;589262848;27709440;551620608;0;0;0;0;0;0;0;0;0;0;0;3256;0;0;0;0;0;0;
29640;4646813;589262848;27709440;551620608;0;0;0;0;0;0;0;0;0;0;0;4599;0;0;0;0;0;0;
29641;5361242;589262848;27709440;551620608;0;0;0;0;0;0;0;0;0;0;0;3577;0;0;0;0;0;0;
29642;4654647;589262848;27709440;551620608;0;0;0;0;0;0;0;0;0;0;0;5340;0;0;0;0;0;0;
29643;5195842;589262848;27709440;551620608;0;0;0;0;0;0;0;0;0;0;0;2865;0;0;0;0;0;0;
29644;3662828;589262848;27709440;551620608;0;0;0;0;0;0;0;0;0;0;0;3767;0;0;0;0;0;0;
29645;4831920;589262848;27709440;551620608;0;0;0;0;0;0;0;0;0;0;0;3056;0;0;0;0;0;0;
29646;4260218;589262848;27709440;551620608;0;0;0;0;0;0;0;0;0;0;0;4378;0;0;0;0;0;0;
29647;5561709;589262848;27709440;551620608;0;0;0;0;0;0;0;0;0;0;0;3646;0;0;0;0;0;0;
29648;4051697;589262848;27709440;551620608;0;0;0;0;0;0;0;0;0;0;0;4258;0;0;0;0;0;0;
29649;5417468;589262848;27709440;551620608;0;0;0;0;0;0;0;0;0;0;0;3797;0;0;0;0;0;0;
29650;3705298;589262848;27709440;551620608;0;0;0;0;0;0;0;0;0;0;0;4008;0;0;0;0;0;0;
29651;5832466;589262848;27709440;551620608;0;0;0;0;0;0;0;0;0;0;0;4007;0;0;0;0;0;0;
29652;3599449;589262848;27709440;551620608;0;0;0;0;0;0;0;0;0;0;0;3897;0;0;0;0;0;0;
29653;5126082;589262848;27709440;551620608;0;0;0;0;0;0;0;0;0;0;0;3677;0;0;0;0;0;0;
29654;3733861;589262848;27709440;551620608;0;0;0;0;0;0;0;0;0;0;0;3517;0;0;0;0;0;0;
29655;6289703;595070976;42524672;566435840;0;0;0;0;0;0;0;0;0;0;0;4118;0;0;0;0;0;0;
29656;5288256;595070976;42524672;566435840;0;0;0;0;0;0;0;0;0;0;0;4659;0;0;0;0;0;0;
29657;5666555;601362432;42524672;566435840;0;0;0;0;0;0;0;0;0;0;0;3176;0;0;0;0;0;0;
29658;3622883;601362432;42524672;566435840;0;0;0;0;0;0;0;0;0;0;0;3937;0;0;0;0;0;0;
29659;4593573;601362432;42524672;566435840;0;0;0;0;0;0;0;0;0;0;0;2535;0;0;0;0;0;0;
29660;3431284;601362432;42524672;566435840;0;0;0;0;0;0;0;0;0;0;0;3727;0;0;0;0;0;0;
29661;4561142;601362432;42524672;566435840;0;0;0;0;0;0;0;0;0;0;0;2404;0;0;0;0;0;0;
29662;3898470;589250560;28155904;552067072;0;0;0;0;0;0;0;0;0;0;0;4358;0;0;0;0;0;0;
29663;4969548;589250560;28155904;552067072;0;0;0;0;0;0;0;0;0;0;0;3657;0;0;0;0;0;0;
29664;4233759;589250560;28155904;552067072;0;0;0;0;0;0;0;0;0;0;0;3827;0;0;0;0;0;0;
29665;5270563;589250560;28155904;552067072;0;0;0;0;0;0;0;0;0;0;0;2845;0;0;0;0;0;0;
29666;3856922;589250560;28155904;552067072;0;0;0;0;0;0;0;0;0;0;0;3647;0;0;0;0;0;0;
29667;4904727;589250560;28155904;552067072;0;0;0;0;0;0;0;0;0;0;0;3006;0;0;0;0;0;0;
29668;3823339;589250560;28155904;552067072;0;0;0;0;0;0;0;0;0;0;0;3767;0;0;0;0;0;0;
29669;5826044;589250560;28155904;552067072;0;0;0;0;0;0;0;0;0;0;0;3055;0;0;0;0;0;0;
29670;4080581;589250560;28155904;552067072;0;0;0;0;0;0;0;0;0;0;0;4138;0;0;0;0;0;0;
29671;5011567;589250560;28155904;552067072;0;0;0;0;0;0;0;0;0;0;0;3166;0;0;0;0;0;0;
29672;3873664;589250560;28155904;552067072;0;0;0;0;0;0;0;0;0;0;0;4688;0;0;0;0;0;0;
29673;6233318;589250560;28155904;552067072;0;0;0;0;0;0;0;0;0;0;0;6682;0;0;0;0;0;0;
29674;4195507;589250560;28155904;552067072;0;0;0;0;0;0;0;0;0;0;0;4919;0;0;0;0;0;0;
29675;5828759;589250560;28155904;552067072;0;0;0;0;0;0;0;0;0;0;0;36879;0;0;0;0;0;0;
29676;3762355;589250560;28155904;552067072;0;0;0;0;0;0;0;0;0;0;0;4178;0;0;0;0;0;0;
29677;4931466;589250560;28155904;552067072;0;0;0;0;0;0;0;0;0;0;0;3095;0;0;0;0;0;0;
29678;4212389;589250560;28155904;552067072;0;0;0;0;0;0;0;0;0;0;0;4167;0;0;0;0;0;0;
29679;5716559;595058688;42524672;566435840;0;0;0;0;0;0;0;0;0;0;0;3316;0;0;0;0;0;0;
29680;4581962;595058688;42524672;566435840;0;0;0;0;0;0;0;0;0;0;0;3377;0;0;0;0;0;0;
29681;5758056;601350144;42524672;566435840;0;0;0;0;0;0;0;0;0;0;0;4137;0;0;0;0;0;0;
29682;3517395;601350144;42524672;566435840;0;0;0;0;0;0;0;0;0;0;0;4168;0;0;0;0;0;0;
29683;5500063;601350144;42524672;566435840;0;0;0;0;0;0;0;0;0;0;0;3577;0;0;0;0;0;0;
29684;4515928;601350144;42524672;566435840;0;0;0;0;0;0;0;0;0;0;0;3777;0;0;0;0;0;0;
29685;6495259;601350144;42524672;566435840;0;0;0;0;0;0;0;0;0;0;0;3887;0;0;0;0;0;0;
29686;4747231;589283328;27709440;551620608;0;0;0;0;0;0;0;0;0;0;0;4408;0;0;0;0;0;0;
29687;5889403;589283328;27709440;551620608;0;0;0;0;0;0;0;0;0;0;0;4769;0;0;0;0;0;0;
29688;4380774;589283328;27709440;551620608;0;0;0;0;0;0;0;0;0;0;0;4087;0;0;0;0;0;0;
29689;5899883;589283328;27709440;551620608;0;0;0;0;0;0;0;0;0;0;0;4017;0;0;0;0;0;0;
29690;3980864;589283328;27709440;551620608;0;0;0;0;0;0;0;0;0;0;0;4649;0;0;0;0;0;0;
29691;5179031;589283328;27709440;551620608;0;0;0;0;0;0;0;0;0;0;0;4168;0;0;0;0;0;0;
29692;4222216;589283328;27709440;551620608;0;0;0;0;0;0;0;0;0;0;0;4999;0;0;0;0;0;0;
29693;5611562;589283328;27709440;551620608;0;0;0;0;0;0;0;0;0;0;0;2785;0;0;0;0;0;0;
29694;4078648;589283328;27709440;551620608;0;0;0;0;0;0;0;0;0;0;0;5560;0;0;0;0;0;0;
29695;5026676;589283328;27709440;551620608;0;0;0;0;0;0;0;0;0;0;0;3787;0;0;0;0;0;0;
29696;4303459;589283328;27709440;551620608;0;0;0;0;0;0;0;0;0;0;0;3677;0;0;0;0;0;0;
29697;5396398;589283328;27709440;551620608;0;0;0;0;0;0;0;0;0;0;0;5000;0;0;0;0;0;0;
29698;4069561;589283328;27709440;551620608;0;0;0;0;0;0;0;0;0;0;0;4508;0;0;0;0;0;0;
29699;4878717;589283328;27709440;551620608;0;0;0;0;0;0;0;0;0;0;0;4528;0;0;0;0;0;0;
29700;3671204;589283328;27709440;551620608;0;0;0;0;0;0;0;0;0;0;0;4379;0;0;0;0;0;0;
29701;4784671;589283328;27709440;551620608;0;0;0;0;0;0;0;0;0;0;0;3146;0;0;0;0;0;0;
29702;3936151;589283328;27709440;551620608;0;0;0;0;0;0;0;0;0;0;0;3717;0;0;0;0;0;0;
29703;6043282;595091456;42524672;566435840;0;0;0;0;0;0;0;0;0;0;0;3877;0;0;0;0;0;0;
29704;3576015;595091456;42524672;566435840;0;0;0;0;0;0;0;0;0;0;0;3957;0;0;0;0;0;0;
29705;5348339;601382912;42524672;566435840;0;0;0;0;0;0;0;0;0;0;0;3807;0;0;0;0;0;0;
29706;3538194;601382912;42524672;566435840;0;0;0;0;0;0;0;0;0;0;0;3667;0;0;0;0;0;0;
29707;5579993;601382912;42524672;566435840;0;0;0;0;0;0;0;0;0;0;0;3256;0;0;0;0;0;0;
29708;3768737;601382912;42524672;566435840;0;0;0;0;0;0;0;0;0;0;0;4048;0;0;0;0;0;0;
29709;5649152;601382912;42524672;566435840;0;0;0;0;0;0;0;0;0;0;0;4158;0;0;0;0;0;0;
29710;5320676;589258752;28155904;552067072;0;0;0;0;0;0;0;0;0;0;0;3406;0;0;0;0;0;0;
29711;4933591;589258752;28155904;552067072;0;0;0;0;0;0;0;0;0;0;0;2625;0;0;0;0;0;0;
29712;4288170;589258752;28155904;552067072;0;0;0;0;0;0;0;0;0;0;0;3667;0;0;0;0;0;0;
29713;5295399;589258752;28155904;552067072;0;0;0;0;0;0;0;0;0;0;0;2474;0;0;0;0;0;0;
29714;4193353;589258752;28155904;552067072;0;0;0;0;0;0;0;0;0;0;0;4078;0;0;0;0;0;0;
29715;5755532;589258752;28155904;552067072;0;0;0;0;0;0;0;0;0;0;0;3917;0;0;0;0;0;0;
29716;4562685;589258752;28155904;552067072;0;0;0;0;0;0;0;0;0;0;0;3667;0;0;0;0;0;0;
29717;5576466;589258752;28155904;552067072;0;0;0;0;0;0;0;0;0;0;0;3557;0;0;0;0;0;0;
29718;3950588;589258752;28155904;552067072;0;0;0;0;0;0;0;0;0;0;0;3407;0;0;0;0;0;0;
29719;5354671;589258752;28155904;552067072;0;0;0;0;0;0;0;0;0;0;0;4137;0;0;0;0;0;0;
29720;3585603;589258752;28155904;552067072;0;0;0;0;0;0;0;0;0;0;0;3557;0;0;0;0;0;0;
29721;5253060;589258752;28155904;552067072;0;0;0;0;0;0;0;0;0;0;0;3617;0;0;0;0;0;0;
29722;4307336;589258752;28155904;552067072;0;0;0;0;0;0;0;0;0;0;0;5681;0;0;0;0;0;0;
29723;6026941;589258752;28155904;552067072;0;0;0;0;0;0;0;0;0;0;0;4308;0;0;0;0;0;0;
29724;4823014;589258752;28155904;552067072;0;0;0;0;0;0;0;0;0;0;0;4058;0;0;0;0;0;0;
29725;5951730;589258752;28155904;552067072;0;0;0;0;0;0;0;0;0;0;0;4448;0;0;0;0;0;0;
29726;3574242;589258752;28155904;552067072;0;0;0;0;0;0;0;0;0;0;0;3957;0;0;0;0;0;0;
29727;5435752;589258752;28155904;552067072;0;0;0;0;0;0;0;0;0;0;0;2625;0;0;0;0;0;0;
29728;3242650;589258752;28155904;552067072;0;0;0;0;0;0;0;0;0;0;0;2755;0;0;0;0;0;0;
29729;5323762;589258752;28155904;552067072;0;0;0;0;0;0;0;0;0;0;0;3848;0;0;0;0;0;0;
29730;3352386;589258752;28155904;552067072;0;0;0;0;0;0;0;0;0;0;0;4017;0;0;0;0;0;0;
29731;4999655;589258752;28155904;552067072;0;0;0;0;0;0;0;0;0;0;0;3647;0;0;0;0;0;0;
29732;3838076;589258752;28155904;552067072;0;0;0;0;0;0;0;0;0;0;0;3006;0;0;0;0;0;0;
29733;5128125;589258752;28155904;552067072;0;0;0;0;0;0;0;0;0;0;0;3737;0;0;0;0;0;0;
29734;3196974;589258752;28155904;552067072;0;0;0;0;0;0;0;0;0;0;0;3847;0;0;0;0;0;0;
29735;4505508;589258752;28155904;552067072;0;0;0;0;0;0;0;0;0;0;0;2544;0;0;0;0;0;0;
29736;3217723;589258752;28155904;552067072;0;0;0;0;0;0;0;0;0;0;0;3788;0;0;0;0;0;0;
29737;4629190;589258752;28155904;552067072;0;0;0;0;0;0;0;0;0;0;0;3306;0;0;0;0;0;0;
29738;3393593;589258752;28155904;552067072;0;0;0;0;0;0;0;0;0;0;0;3747;0;0;0;0;0;0;
29739;4682149;589258752;28155904;552067072;0;0;0;0;0;0;0;0;0;0;0;2464;0;0;0;0;0;0;
29740;4109085;589258752;28155904;552067072;0;0;0;0;0;0;0;0;0;0;0;3366;0;0;0;0;0;0;
29741;4825999;589258752;28155904;552067072;0;0;0;0;0;0;0;0;0;0;0;2154;0;0;0;0;0;0;
29742;3976857;589258752;28155904;552067072;0;0;0;0;0;0;0;0;0;0;0;3987;0;0;0;0;0;0;
29743;4998823;589258752;28155904;552067072;0;0;0;0;0;0;0;0;0;0;0;2605;0;0;0;0;0;0;
29744;4219482;589258752;28155904;552067072;0;0;0;0;0;0;0;0;0;0;0;3296;0;0;0;0;0;0;
29745;4801312;589258752;28155904;552067072;0;0;0;0;0;0;0;0;0;0;0;2384;0;0;0;0;0;0;
29746;3744081;589258752;28155904;552067072;0;0;0;0;0;0;0;0;0;0;0;4619;0;0;0;0;0;0;
29747;4926367;589258752;28155904;552067072;0;0;0;0;0;0;0;0;0;0;0;2395;0;0;0;0;0;0;
29748;3568562;589258752;28155904;552067072;0;0;0;0;0;0;0;0;0;0;0;3196;0;0;0;0;0;0;
29749;5349751;589258752;28155904;552067072;0;0;0;0;0;0;0;0;0;0;0;3025;0;0;0;0;0;0;
29750;3007490;589258752;28155904;552067072;0;0;0;0;0;0;0;0;0;0;0;3056;0;0;0;0;0;0;
29751;4565120;589258752;28155904;552067072;0;0;0;0;0;0;0;0;0;0;0;3377;0;0;0;0;0;0;
29752;3679849;589258752;28155904;552067072;0;0;0;0;0;0;0;0;0;0;0;3617;0;0;0;0;0;0;
29753;4942768;589258752;28155904;552067072;0;0;0;0;0;0;0;0;0;0;0;3026;0;0;0;0;0;0;
29754;3762636;589258752;28155904;552067072;0;0;0;0;0;0;0;0;0;0;0;3767;0;0;0;0;0;0;
29755;5240156;589258752;28155904;552067072;0;0;0;0;0;0;0;0;0;0;0;2896;0;0;0;0;0;0;
29756;3227813;589258752;28155904;552067072;0;0;0;0;0;0;0;0;0;0;0;3988;0;0;0;0;0;0;
29757;4985688;589258752;28155904;552067072;0;0;0;0;0;0;0;0;0;0;0;3998;0;0;0;0;0;0;
29758;3388504;589258752;28155904;552067072;0;0;0;0;0;0;0;0;0;0;0;9918;0;0;0;0;0;0;
29759;5104030;589258752;28155904;552067072;0;0;0;0;0;0;0;0;0;0;0;2745;0;0;0;0;0;0;
29760;3125561;589258752;28155904;552067072;0;0;0;0;0;0;0;0;0;0;0;3978;0;0;0;0;0;0;
29761;4663825;589258752;28155904;552067072;0;0;0;0;0;0;0;0;0;0;0;2725;0;0;0;0;0;0;
29762;3378866;589258752;28155904;552067072;0;0;0;0;0;0;0;0;0;0;0;4097;0;0;0;0;0;0;
29763;4887163;589258752;28155904;552067072;0;0;0;0;0;0;0;0;0;0;0;2494;0;0;0;0;0;0;
29764;4232306;589258752;28155904;552067072;0;0;0;0;0;0;0;0;0;0;0;3356;0;0;0;0;0;0;
29765;5271434;589258752;28155904;552067072;0;0;0;0;0;0;0;0;0;0;0;3938;0;0;0;0;0;0;
29766;3706169;589258752;28155904;552067072;0;0;0;0;0;0;0;0;0;0;0;4839;0;0;0;0;0;0;
29767;4870302;589258752;28155904;552067072;0;0;0;0;0;0;0;0;0;0;0;4068;0;0;0;0;0;0;
29768;3149646;589258752;28155904;552067072;0;0;0;0;0;0;0;0;0;0;0;3496;0;0;0;0;0;0;
29769;5140418;589258752;28155904;552067072;0;0;0;0;0;0;0;0;0;0;0;4008;0;0;0;0;0;0;
29770;3160767;589258752;28155904;552067072;0;0;0;0;0;0;0;0;0;0;0;4769;0;0;0;0;0;0;
29771;5036344;589258752;28155904;552067072;0;0;0;0;0;0;0;0;0;0;0;3326;0;0;0;0;0;0;
29772;3650545;589258752;28155904;552067072;0;0;0;0;0;0;0;0;0;0;0;5080;0;0;0;0;0;0;
29773;4923582;589258752;28155904;552067072;0;0;0;0;0;0;0;0;0;0;0;3517;0;0;0;0;0;0;
29774;3329133;589258752;28155904;552067072;0;0;0;0;0;0;0;0;0;0;0;4499;0;0;0;0;0;0;
29775;5197115;589258752;28155904;552067072;0;0;0;0;0;0;0;0;0;0;0;4238;0;0;0;0;0;0;
29776;3764489;589258752;28155904;552067072;0;0;0;0;0;0;0;0;0;0;0;4118;0;0;0;0;0;0;
29777;5688957;589258752;28155904;552067072;0;0;0;0;0;0;0;0;0;0;0;5009;0;0;0;0;0;0;
29778;3895314;589258752;28155904;552067072;0;0;0;0;0;0;0;0;0;0;0;4078;0;0;0;0;0;0;
29779;5111584;589258752;28155904;552067072;0;0;0;0;0;0;0;0;0;0;0;3767;0;0;0;0;0;0;
29780;3517836;589258752;28155904;552067072;0;0;0;0;0;0;0;0;0;0;0;3917;0;0;0;0;0;0;
29781;4942488;589258752;28155904;552067072;0;0;0;0;0;0;0;0;0;0;0;4108;0;0;0;0;0;0;
29782;4347292;589258752;28155904;552067072;0;0;0;0;0;0;0;0;0;0;0;3156;0;0;0;0;0;0;
29783;5010765;589258752;28155904;552067072;0;0;0;0;0;0;0;0;0;0;0;3426;0;0;0;0;0;0;
29784;3936120;589258752;28155904;552067072;0;0;0;0;0;0;0;0;0;0;0;4098;0;0;0;0;0;0;
29785;5159684;589258752;28155904;552067072;0;0;0;0;0;0;0;0;0;0;0;3717;0;0;0;0;0;0;
29786;3873813;589258752;28155904;552067072;0;0;0;0;0;0;0;0;0;0;0;4238;0;0;0;0;0;0;
29787;5062843;589258752;28155904;552067072;0;0;0;0;0;0;0;0;0;0;0;3537;0;0;0;0;0;0;
29788;3773095;589258752;28155904;552067072;0;0;0;0;0;0;0;0;0;0;0;4388;0;0;0;0;0;0;
29789;4838362;589258752;28155904;552067072;0;0;0;0;0;0;0;0;0;0;0;3557;0;0;0;0;0;0;
29790;3709626;589258752;28155904;552067072;0;0;0;0;0;0;0;0;0;0;0;4068;0;0;0;0;0;0;
29791;4999134;589258752;28155904;552067072;0;0;0;0;0;0;0;0;0;0;0;3456;0;0;0;0;0;0;
29792;3203316;589258752;28155904;552067072;0;0;0;0;0;0;0;0;0;0;0;4037;0;0;0;0;0;0;
29793;4792356;589258752;28155904;552067072;0;0;0;0;0;0;0;0;0;0;0;8446;0;0;0;0;0;0;
29794;3433809;589258752;28155904;552067072;0;0;0;0;0;0;0;0;0;0;0;4408;0;0;0;0;0;0;
29795;5002129;589258752;28155904;552067072;0;0;0;0;0;0;0;0;0;0;0;3056;0;0;0;0;0;0;
29796;4038072;589258752;28155904;552067072;0;0;0;0;0;0;0;0;0;0;0;4308;0;0;0;0;0;0;
29797;4675808;589258752;28155904;552067072;0;0;0;0;0;0;0;0;0;0;0;3277;0;0;0;0;0;0;
29798;3987497;589258752;28155904;552067072;0;0;0;0;0;0;0;0;0;0;0;3336;0;0;0;0;0;0;
29799;4933781;589258752;28155904;552067072;0;0;0;0;0;0;0;0;0;0;0;3246;0;0;0;0;0;0;
29800;3949235;589258752;28155904;552067072;0;0;0;0;0;0;0;0;0;0;0;3366;0;0;0;0;0;0;
29801;4771758;589258752;28155904;552067072;0;0;0;0;0;0;0;0;0;0;0;2315;0;0;0;0;0;0;
29802;4318518;589258752;28155904;552067072;0;0;0;0;0;0;0;0;0;0;0;4539;0;0;0;0;0;0;
29803;6034735;595066880;42524672;566435840;0;0;0;0;0;0;0;0;0;0;0;3847;0;0;0;0;0;0;
29804;3891647;595066880;42524672;566435840;0;0;0;0;0;0;0;0;0;0;0;4028;0;0;0;0;0;0;
29805;5498109;601358336;42524672;566435840;0;0;0;0;0;0;0;0;0;0;0;3476;0;0;0;0;0;0;
29806;3471439;601358336;42524672;566435840;0;0;0;0;0;0;0;0;0;0;0;4418;0;0;0;0;0;0;
29807;4960010;601358336;42524672;566435840;0;0;0;0;0;0;0;0;0;0;0;5801;0;0;0;0;0;0;
29808;3299046;601358336;42524672;566435840;0;0;0;0;0;0;0;0;0;0;0;3567;0;0;0;0;0;0;
29809;5652508;601358336;42524672;566435840;0;0;0;0;0;0;0;0;0;0;0;3667;0;0;0;0;0;0;
29810;4135234;589303808;27709440;551620608;0;0;0;0;0;0;0;0;0;0;0;4207;0;0;0;0;0;0;
29811;5236429;589303808;27709440;551620608;0;0;0;0;0;0;0;0;0;0;0;4018;0;0;0;0;0;0;
29812;3505613;589303808;27709440;551620608;0;0;0;0;0;0;0;0;0;0;0;3868;0;0;0;0;0;0;
29813;5588518;589303808;27709440;551620608;0;0;0;0;0;0;0;0;0;0;0;4419;0;0;0;0;0;0;
29814;3956910;589303808;27709440;551620608;0;0;0;0;0;0;0;0;0;0;0;4067;0;0;0;0;0;0;
29815;4771887;589303808;27709440;551620608;0;0;0;0;0;0;0;0;0;0;0;3617;0;0;0;0;0;0;
29816;3566457;589303808;27709440;551620608;0;0;0;0;0;0;0;0;0;0;0;4178;0;0;0;0;0;0;
29817;4977894;589303808;27709440;551620608;0;0;0;0;0;0;0;0;0;0;0;4538;0;0;0;0;0;0;
29818;3494402;589303808;27709440;551620608;0;0;0;0;0;0;0;0;0;0;0;4438;0;0;0;0;0;0;
29819;5110282;589303808;27717632;551628800;0;0;0;0;0;0;0;0;0;0;0;4238;0;0;0;0;0;0;
29820;3300248;589303808;27717632;551628800;0;0;0;0;0;0;0;0;0;0;0;4528;0;0;0;0;0;0;
29821;10965210;589303808;27717632;551628800;0;0;0;0;0;0;0;0;0;0;0;3166;0;0;0;0;0;0;
29822;3487780;589303808;27717632;551628800;0;0;0;0;0;0;0;0;0;0;0;3637;0;0;0;0;0;0;
29823;5158643;589303808;27717632;551628800;0;0;0;0;0;0;0;0;0;0;0;4188;0;0;0;0;0;0;
29824;4787156;589303808;27717632;551628800;0;0;0;0;0;0;0;0;0;0;0;3888;0;0;0;0;0;0;
29825;6056746;589303808;27717632;551628800;0;0;0;0;0;0;0;0;0;0;0;3808;0;0;0;0;0;0;
29826;3931853;589307904;27709440;551620608;0;0;0;0;0;0;0;0;0;0;0;4448;0;0;0;0;0;0;
29827;6034926;595116032;42524672;566435840;0;0;0;0;0;0;0;0;0;0;0;4388;0;0;0;0;0;0;
29828;3506916;595116032;42528768;566439936;0;0;0;0;0;0;0;0;0;0;0;3988;0;0;0;0;0;0;
29829;5180734;601407488;42528768;566439936;0;0;0;0;0;0;0;0;0;0;0;3026;0;0;0;0;0;0;
29830;3471510;601407488;42528768;566439936;0;0;0;0;0;0;0;0;0;0;0;3918;0;0;0;0;0;0;
29831;5146030;601407488;42528768;566439936;0;0;0;0;0;0;0;0;0;0;0;3436;0;0;0;0;0;0;
29832;3759539;601407488;42528768;566439936;0;0;0;0;0;0;0;0;0;0;0;4328;0;0;0;0;0;0;
29833;5032687;601407488;42528768;566439936;0;0;0;0;0;0;0;0;0;0;0;3627;0;0;0;0;0;0;
29834;4330429;589283328;28160000;552071168;0;0;0;0;0;0;0;0;0;0;0;3857;0;0;0;0;0;0;
29835;5287354;589283328;28160000;552071168;0;0;0;0;0;0;0;0;0;0;0;3637;0;0;0;0;0;0;
29836;4207710;589283328;28160000;552071168;0;0;0;0;0;0;0;0;0;0;0;4168;0;0;0;0;0;0;
29837;4812404;589283328;28160000;552071168;0;0;0;0;0;0;0;0;0;0;0;4008;0;0;0;0;0;0;
29838;3471890;589283328;28160000;552071168;0;0;0;0;0;0;0;0;0;0;0;4519;0;0;0;0;0;0;
29839;5007349;589283328;28160000;552071168;0;0;0;0;0;0;0;0;0;0;0;2886;0;0;0;0;0;0;
29840;4001944;589283328;28160000;552071168;0;0;0;0;0;0;0;0;0;0;0;4438;0;0;0;0;0;0;
29841;5048766;589283328;28160000;552071168;0;0;0;0;0;0;0;0;0;0;0;3426;0;0;0;0;0;0;
29842;3824852;589283328;28160000;552071168;0;0;0;0;0;0;0;0;0;0;0;4499;0;0;0;0;0;0;
29843;5167349;589283328;28160000;552071168;0;0;0;0;0;0;0;0;0;0;0;3657;0;0;0;0;0;0;
29844;3302923;589283328;28160000;552071168;0;0;0;0;0;0;0;0;0;0;0;3897;0;0;0;0;0;0;
29845;5304997;589283328;28160000;552071168;0;0;0;0;0;0;0;0;0;0;0;3496;0;0;0;0;0;0;
29846;3697012;589283328;28160000;552071168;0;0;0;0;0;0;0;0;0;0;0;4579;0;0;0;0;0;0;
29847;5262908;589283328;28160000;552071168;0;0;0;0;0;0;0;0;0;0;0;4057;0;0;0;0;0;0;
29848;3226650;589283328;28160000;552071168;0;0;0;0;0;0;0;0;0;0;0;4148;0;0;0;0;0;0;
29849;5161909;589283328;28160000;552071168;0;0;0;0;0;0;0;0;0;0;0;4107;0;0;0;0;0;0;
29850;5378625;589283328;28160000;552071168;0;0;0;0;0;0;0;0;0;0;0;4158;0;0;0;0;0;0;
29851;8018294;595091456;42528768;566439936;0;0;0;0;0;0;0;0;0;0;0;4118;0;0;0;0;0;0;
29852;3620448;595091456;42528768;566439936;0;0;0;0;0;0;0;0;0;0;0;3687;0;0;0;0;0;0;
29853;5626400;601382912;42528768;566439936;0;0;0;0;0;0;0;0;0;0;0;3627;0;0;0;0;0;0;
29854;3314345;601382912;42528768;566439936;0;0;0;0;0;0;0;0;0;0;0;4248;0;0;0;0;0;0;
29855;4820579;601382912;42528768;566439936;0;0;0;0;0;0;0;0;0;0;0;2585;0;0;0;0;0;0;
29856;6924043;601382912;42528768;566439936;0;0;0;0;0;0;0;0;0;0;0;4618;0;0;0;0;0;0;
29857;7183700;601382912;42528768;566439936;0;0;0;0;0;0;0;0;0;0;0;5691;0;0;0;0;0;0;
29858;4035898;589316096;27713536;551624704;0;0;0;0;0;0;0;0;0;0;0;3788;0;0;0;0;0;0;
29859;5217713;589316096;27713536;551624704;0;0;0;0;0;0;0;0;0;0;0;3747;0;0;0;0;0;0;
29860;3368135;589316096;27713536;551624704;0;0;0;0;0;0;0;0;0;0;0;4359;0;0;0;0;0;0;
29861;5102998;589316096;27713536;551624704;0;0;0;0;0;0;0;0;0;0;0;3927;0;0;0;0;0;0;
29862;3169413;589316096;27713536;551624704;0;0;0;0;0;0;0;0;0;0;0;4589;0;0;0;0;0;0;
29863;5028890;589316096;27713536;551624704;0;0;0;0;0;0;0;0;0;0;0;3636;0;0;0;0;0;0;
29864;3430312;589316096;27713536;551624704;0;0;0;0;0;0;0;0;0;0;0;3858;0;0;0;0;0;0;
29865;5403181;589316096;27713536;551624704;0;0;0;0;0;0;0;0;0;0;0;3406;0;0;0;0;0;0;
29866;3679298;589316096;27713536;551624704;0;0;0;0;0;0;0;0;0;0;0;3667;0;0;0;0;0;0;
29867;5423900;589316096;27713536;551624704;0;0;0;0;0;0;0;0;0;0;0;3406;0;0;0;0;0;0;
29868;4461566;589316096;27713536;551624704;0;0;0;0;0;0;0;0;0;0;0;4698;0;0;0;0;0;0;
29869;5201924;589316096;27713536;551624704;0;0;0;0;0;0;0;0;0;0;0;3707;0;0;0;0;0;0;
29870;3592897;589316096;27713536;551624704;0;0;0;0;0;0;0;0;0;0;0;4529;0;0;0;0;0;0;
29871;4813355;589316096;27713536;551624704;0;0;0;0;0;0;0;0;0;0;0;3136;0;0;0;0;0;0;
29872;3973470;589316096;27713536;551624704;0;0;0;0;0;0;0;0;0;0;0;4278;0;0;0;0;0;0;
29873;4909596;589316096;27713536;551624704;0;0;0;0;0;0;0;0;0;0;0;3878;0;0;0;0;0;0;
29874;4742924;589316096;27713536;551624704;0;0;0;0;0;0;0;0;0;0;0;3477;0;0;0;0;0;0;
29875;5346445;589316096;27713536;551624704;0;0;0;0;0;0;0;0;0;0;0;2916;0;0;0;0;0;0;
29876;3645305;589316096;27713536;551624704;0;0;0;0;0;0;0;0;0;0;0;3456;0;0;0;0;0;0;
29877;4828284;589316096;27713536;551624704;0;0;0;0;0;0;0;0;0;0;0;3015;0;0;0;0;0;0;
29878;3585814;589316096;27713536;551624704;0;0;0;0;0;0;0;0;0;0;0;4899;0;0;0;0;0;0;
29879;5454397;589316096;27713536;551624704;0;0;0;0;0;0;0;0;0;0;0;4378;0;0;0;0;0;0;
29880;3869636;589316096;27713536;551624704;0;0;0;0;0;0;0;0;0;0;0;4569;0;0;0;0;0;0;
29881;5715597;589316096;27713536;551624704;0;0;0;0;0;0;0;0;0;0;0;3997;0;0;0;0;0;0;
29882;3366963;589316096;27713536;551624704;0;0;0;0;0;0;0;0;0;0;0;4619;0;0;0;0;0;0;
29883;5453575;589316096;27713536;551624704;0;0;0;0;0;0;0;0;0;0;0;3586;0;0;0;0;0;0;
29884;3663188;589316096;27713536;551624704;0;0;0;0;0;0;0;0;0;0;0;4098;0;0;0;0;0;0;
29885;4977854;589316096;27713536;551624704;0;0;0;0;0;0;0;0;0;0;0;4178;0;0;0;0;0;0;
29886;3753188;589316096;27713536;551624704;0;0;0;0;0;0;0;0;0;0;0;3546;0;0;0;0;0;0;
29887;4892583;589316096;27713536;551624704;0;0;0;0;0;0;0;0;0;0;0;3847;0;0;0;0;0;0;
29888;3588950;589316096;27713536;551624704;0;0;0;0;0;0;0;0;0;0;0;4959;0;0;0;0;0;0;
29889;5642019;589316096;27713536;551624704;0;0;0;0;0;0;0;0;0;0;0;5730;0;0;0;0;0;0;
29890;4112250;589316096;27713536;551624704;0;0;0;0;0;0;0;0;0;0;0;3807;0;0;0;0;0;0;
29891;4911038;589316096;27713536;551624704;0;0;0;0;0;0;0;0;0;0;0;3888;0;0;0;0;0;0;
29892;3805406;589316096;27713536;551624704;0;0;0;0;0;0;0;0;0;0;0;5580;0;0;0;0;0;0;
29893;5160175;589316096;27713536;551624704;0;0;0;0;0;0;0;0;0;0;0;3516;0;0;0;0;0;0;
29894;4871534;589316096;27713536;551624704;0;0;0;0;0;0;0;0;0;0;0;3917;0;0;0;0;0;0;
29895;4848241;589316096;27713536;551624704;0;0;0;0;0;0;0;0;0;0;0;3036;0;0;0;0;0;0;
29896;4065032;589316096;27713536;551624704;0;0;0;0;0;0;0;0;0;0;0;3828;0;0;0;0;0;0;
29897;4809899;589316096;27713536;551624704;0;0;0;0;0;0;0;0;0;0;0;3095;0;0;0;0;0;0;
29898;4687039;589316096;27713536;551624704;0;0;0;0;0;0;0;0;0;0;0;4719;0;0;0;0;0;0;
29899;5671504;589316096;27713536;551624704;0;0;0;0;0;0;0;0;0;0;0;4748;0;0;0;0;0;0;
29900;3505954;589316096;27713536;551624704;0;0;0;0;0;0;0;0;0;0;0;3627;0;0;0;0;0;0;
29901;5618465;589316096;27713536;551624704;0;0;0;0;0;0;0;0;0;0;0;4388;0;0;0;0;0;0;
29902;4135865;589316096;27713536;551624704;0;0;0;0;0;0;0;0;0;0;0;4168;0;0;0;0;0;0;
29903;5372884;589316096;27713536;551624704;0;0;0;0;0;0;0;0;0;0;0;4819;0;0;0;0;0;0;
29904;5045851;589316096;27713536;551624704;0;0;0;0;0;0;0;0;0;0;0;3637;0;0;0;0;0;0;
29905;4715913;589316096;27713536;551624704;0;0;0;0;0;0;0;0;0;0;0;3937;0;0;0;0;0;0;
29906;4623189;589316096;27713536;551624704;0;0;0;0;0;0;0;0;0;0;0;3807;0;0;0;0;0;0;
29907;5172659;589316096;27713536;551624704;0;0;0;0;0;0;0;0;0;0;0;2935;0;0;0;0;0;0;
29908;4566712;589316096;27713536;551624704;0;0;0;0;0;0;0;0;0;0;0;4479;0;0;0;0;0;0;
29909;4755457;589316096;27713536;551624704;0;0;0;0;0;0;0;0;0;0;0;3286;0;0;0;0;0;0;
29910;3697824;589316096;27713536;551624704;0;0;0;0;0;0;0;0;0;0;0;4879;0;0;0;0;0;0;
29911;5010906;589316096;27713536;551624704;0;0;0;0;0;0;0;0;0;0;0;2665;0;0;0;0;0;0;
29912;3288576;589316096;27713536;551624704;0;0;0;0;0;0;0;0;0;0;0;3788;0;0;0;0;0;0;
29913;5679930;589316096;27713536;551624704;0;0;0;0;0;0;0;0;0;0;0;3256;0;0;0;0;0;0;
29914;3767193;589316096;27713536;551624704;0;0;0;0;0;0;0;0;0;0;0;7765;0;0;0;0;0;0;
29915;5313674;589316096;27713536;551624704;0;0;0;0;0;0;0;0;0;0;0;5049;0;0;0;0;0;0;
29916;3213075;589316096;27713536;551624704;0;0;0;0;0;0;0;0;0;0;0;3516;0;0;0;0;0;0;
29917;5059206;589316096;27713536;551624704;0;0;0;0;0;0;0;0;0;0;0;3637;0;0;0;0;0;0;
29918;3478723;589316096;27713536;551624704;0;0;0;0;0;0;0;0;0;0;0;3657;0;0;0;0;0;0;
29919;4787497;589316096;27713536;551624704;0;0;0;0;0;0;0;0;0;0;0;2875;0;0;0;0;0;0;
29920;3732809;589316096;27713536;551624704;0;0;0;0;0;0;0;0;0;0;0;4058;0;0;0;0;0;0;
29921;4721323;589316096;27713536;551624704;0;0;0;0;0;0;0;0;0;0;0;2355;0;0;0;0;0;0;
29922;4380012;589316096;27713536;551624704;0;0;0;0;0;0;0;0;0;0;0;3948;0;0;0;0;0;0;
29923;4995186;589316096;27713536;551624704;0;0;0;0;0;0;0;0;0;0;0;2995;0;0;0;0;0;0;
29924;3889182;589316096;27713536;551624704;0;0;0;0;0;0;0;0;0;0;0;4168;0;0;0;0;0;0;
29925;5411286;589316096;27713536;551624704;0;0;0;0;0;0;0;0;0;0;0;2896;0;0;0;0;0;0;
29926;4445325;589316096;27713536;551624704;0;0;0;0;0;0;0;0;0;0;0;4348;0;0;0;0;0;0;
29927;5943654;589316096;27713536;551624704;0;0;0;0;0;0;0;0;0;0;0;4167;0;0;0;0;0;0;
29928;4226225;589316096;27713536;551624704;0;0;0;0;0;0;0;0;0;0;0;5150;0;0;0;0;0;0;
29929;5165756;589316096;27713536;551624704;0;0;0;0;0;0;0;0;0;0;0;3136;0;0;0;0;0;0;
29930;5122255;589316096;27713536;551624704;0;0;0;0;0;0;0;0;0;0;0;3467;0;0;0;0;0;0;
29931;5572549;589316096;27713536;551624704;0;0;0;0;0;0;0;0;0;0;0;4097;0;0;0;0;0;0;
29932;3813480;589316096;27713536;551624704;0;0;0;0;0;0;0;0;0;0;0;3437;0;0;0;0;0;0;
29933;5414091;589316096;27713536;551624704;0;0;0;0;0;0;0;0;0;0;0;4008;0;0;0;0;0;0;
29934;3420744;589316096;27713536;551624704;0;0;0;0;0;0;0;0;0;0;0;5550;0;0;0;0;0;0;
29935;4915206;589316096;27713536;551624704;0;0;0;0;0;0;0;0;0;0;0;3095;0;0;0;0;0;0;
29936;3261966;589316096;27713536;551624704;0;0;0;0;0;0;0;0;0;0;0;5740;0;0;0;0;0;0;
29937;4801934;589316096;27713536;551624704;0;0;0;0;0;0;0;0;0;0;0;3446;0;0;0;0;0;0;
29938;4113062;589316096;27713536;551624704;0;0;0;0;0;0;0;0;0;0;0;3717;0;0;0;0;0;0;
29939;4907371;589316096;27713536;551624704;0;0;0;0;0;0;0;0;0;0;0;3136;0;0;0;0;0;0;
29940;4670367;589316096;27713536;551624704;0;0;0;0;0;0;0;0;0;0;0;3637;0;0;0;0;0;0;
29941;4717505;589316096;27713536;551624704;0;0;0;0;0;0;0;0;0;0;0;3086;0;0;0;0;0;0;
29942;4179076;589316096;27713536;551624704;0;0;0;0;0;0;0;0;0;0;0;3476;0;0;0;0;0;0;
29943;4785674;589316096;27713536;551624704;0;0;0;0;0;0;0;0;0;0;0;3297;0;0;0;0;0;0;
29944;3705458;589316096;27713536;551624704;0;0;0;0;0;0;0;0;0;0;0;3827;0;0;0;0;0;0;
29945;4716644;589316096;27713536;551624704;0;0;0;0;0;0;0;0;0;0;0;3477;0;0;0;0;0;0;
29946;4361759;589316096;27713536;551624704;0;0;0;0;0;0;0;0;0;0;0;4799;0;0;0;0;0;0;
29947;4867376;589316096;27713536;551624704;0;0;0;0;0;0;0;0;0;0;0;3667;0;0;0;0;0;0;
29948;3894212;589316096;27713536;551624704;0;0;0;0;0;0;0;0;0;0;0;4138;0;0;0;0;0;0;
29949;5733170;589316096;27713536;551624704;0;0;0;0;0;0;0;0;0;0;0;3797;0;0;0;0;0;0;
29950;4152286;589316096;27713536;551624704;0;0;0;0;0;0;0;0;0;0;0;4909;0;0;0;0;0;0;
29951;6181320;595124224;42528768;566439936;0;0;0;0;0;0;0;0;0;0;0;4168;0;0;0;0;0;0;
29952;3758848;595124224;42528768;566439936;0;0;0;0;0;0;0;0;0;0;0;3887;0;0;0;0;0;0;
29953;5642259;601415680;42528768;566439936;0;0;0;0;0;0;0;0;0;0;0;3577;0;0;0;0;0;0;
29954;4721473;601415680;42528768;566439936;0;0;0;0;0;0;0;0;0;0;0;4439;0;0;0;0;0;0;
29955;4934772;601415680;42528768;566439936;0;0;0;0;0;0;0;0;0;0;0;3115;0;0;0;0;0;0;
29956;3954235;601415680;42528768;566439936;0;0;0;0;0;0;0;0;0;0;0;4107;0;0;0;0;0;0;
29957;5274239;601415680;42528768;566439936;0;0;0;0;0;0;0;0;0;0;0;3868;0;0;0;0;0;0;
29958;3613515;589303808;28160000;552071168;0;0;0;0;0;0;0;0;0;0;0;3686;0;0;0;0;0;0;
29959;5377633;589303808;28160000;552071168;0;0;0;0;0;0;0;0;0;0;0;3928;0;0;0;0;0;0;
29960;4069751;589303808;28160000;552071168;0;0;0;0;0;0;0;0;0;0;0;3837;0;0;0;0;0;0;
29961;5250324;589303808;28160000;552071168;0;0;0;0;0;0;0;0;0;0;0;3316;0;0;0;0;0;0;
29962;4032401;589303808;28160000;552071168;0;0;0;0;0;0;0;0;0;0;0;4027;0;0;0;0;0;0;
29963;5682705;589303808;28160000;552071168;0;0;0;0;0;0;0;0;0;0;0;4448;0;0;0;0;0;0;
29964;3944035;589303808;28160000;552071168;0;0;0;0;0;0;0;0;0;0;0;3878;0;0;0;0;0;0;
29965;4968857;589303808;28160000;552071168;0;0;0;0;0;0;0;0;0;0;0;3636;0;0;0;0;0;0;
29966;3310547;589303808;28160000;552071168;0;0;0;0;0;0;0;0;0;0;0;4799;0;0;0;0;0;0;
29967;5254984;589303808;28160000;552071168;0;0;0;0;0;0;0;0;0;0;0;3466;0;0;0;0;0;0;
29968;3324855;589303808;28160000;552071168;0;0;0;0;0;0;0;0;0;0;0;4167;0;0;0;0;0;0;
29969;4765535;589303808;28160000;552071168;0;0;0;0;0;0;0;0;0;0;0;2685;0;0;0;0;0;0;
29970;3644764;589303808;28160000;552071168;0;0;0;0;0;0;0;0;0;0;0;3566;0;0;0;0;0;0;
29971;5440852;589303808;28160000;552071168;0;0;0;0;0;0;0;0;0;0;0;4960;0;0;0;0;0;0;
29972;3933705;589303808;28160000;552071168;0;0;0;0;0;0;0;0;0;0;0;3837;0;0;0;0;0;0;
29973;4867387;589303808;28160000;552071168;0;0;0;0;0;0;0;0;0;0;0;2916;0;0;0;0;0;0;
29974;4080772;589303808;28160000;552071168;0;0;0;0;0;0;0;0;0;0;0;4479;0;0;0;0;0;0;
29975;5922184;595111936;42528768;566439936;0;0;0;0;0;0;0;0;0;0;0;4689;0;0;0;0;0;0;
29976;3169773;595111936;42528768;566439936;0;0;0;0;0;0;0;0;0;0;0;3767;0;0;0;0;0;0;
29977;5634044;601403392;42528768;566439936;0;0;0;0;0;0;0;0;0;0;0;4208;0;0;0;0;0;0;
29978;3389866;601403392;42528768;566439936;0;0;0;0;0;0;0;0;0;0;0;4930;0;0;0;0;0;0;
29979;5392672;601403392;42528768;566439936;0;0;0;0;0;0;0;0;0;0;0;3376;0;0;0;0;0;0;
29980;3460358;601403392;42528768;566439936;0;0;0;0;0;0;0;0;0;0;0;5079;0;0;0;0;0;0;
29981;4975500;601403392;42528768;566439936;0;0;0;0;0;0;0;0;0;0;0;3897;0;0;0;0;0;0;
29982;3698484;589336576;27713536;551624704;0;0;0;0;0;0;0;0;0;0;0;4148;0;0;0;0;0;0;
29983;5035833;589336576;27713536;551624704;0;0;0;0;0;0;0;0;0;0;0;3637;0;0;0;0;0;0;
29984;3989821;589336576;27713536;551624704;0;0;0;0;0;0;0;0;0;0;0;4298;0;0;0;0;0;0;
29985;5082289;589336576;27713536;551624704;0;0;0;0;0;0;0;0;0;0;0;4949;0;0;0;0;0;0;
29986;3608306;589336576;27713536;551624704;0;0;0;0;0;0;0;0;0;0;0;3817;0;0;0;0;0;0;
29987;5288176;589336576;27713536;551624704;0;0;0;0;0;0;0;0;0;0;0;4628;0;0;0;0;0;0;
29988;3119228;589336576;27713536;551624704;0;0;0;0;0;0;0;0;0;0;0;3647;0;0;0;0;0;0;
29989;5282014;589336576;27713536;551624704;0;0;0;0;0;0;0;0;0;0;0;5009;0;0;0;0;0;0;
29990;3403081;589336576;27713536;551624704;0;0;0;0;0;0;0;0;0;0;0;3286;0;0;0;0;0;0;
29991;5484063;589336576;27713536;551624704;0;0;0;0;0;0;0;0;0;0;0;4258;0;0;0;0;0;0;
29992;3447404;589336576;27713536;551624704;0;0;0;0;0;0;0;0;0;0;0;4709;0;0;0;0;0;0;
29993;5329994;589336576;27713536;551624704;0;0;0;0;0;0;0;0;0;0;0;9618;0;0;0;0;0;0;
29994;4506309;589336576;27713536;551624704;0;0;0;0;0;0;0;0;0;0;0;5811;0;0;0;0;0;0;
29995;4957035;589336576;27713536;551624704;0;0;0;0;0;0;0;0;0;0;0;3065;0;0;0;0;0;0;
29996;4021711;589336576;27713536;551624704;0;0;0;0;0;0;0;0;0;0;0;3727;0;0;0;0;0;0;
29997;5131371;589336576;27713536;551624704;0;0;0;0;0;0;0;0;0;0;0;3557;0;0;0;0;0;0;
29998;4192702;589336576;27713536;551624704;0;0;0;0;0;0;0;0;0;0;0;4729;0;0;0;0;0;0;
29999;6445936;595144704;42528768;566439936;0;0;0;0;0;0;0;0;0;0;0;4609;0;0;0;0;0;0;
30000;4014988;595144704;42528768;566439936;0;0;0;0;0;0;0;0;0;0;0;4408;0;0;0;0;0;0;
30001;5929568;601436160;42528768;566439936;0;0;0;0;0;0;0;0;0;0;0;4549;0;0;0;0;0;0;
30002;4153448;601436160;42528768;566439936;0;0;0;0;0;0;0;0;0;0;0;4529;0;0;0;0;0;0;
30003;5421596;601436160;42528768;566439936;0;0;0;0;0;0;0;0;0;0;0;3707;0;0;0;0;0;0;
30004;3783183;601436160;42528768;566439936;0;0;0;0;0;0;0;0;0;0;0;3386;0;0;0;0;0;0;
30005;5282395;601436160;42528768;566439936;0;0;0;0;0;0;0;0;0;0;0;3947;0;0;0;0;0;0;
30006;5055028;589312000;28160000;552071168;0;0;0;0;0;0;0;0;0;0;0;4688;0;0;0;0;0;0;
30007;5420714;589312000;28160000;552071168;0;0;0;0;0;0;0;0;0;0;0;5000;0;0;0;0;0;0;
30008;3653000;589312000;28160000;552071168;0;0;0;0;0;0;0;0;0;0;0;3997;0;0;0;0;0;0;
30009;5538445;589312000;28160000;552071168;0;0;0;0;0;0;0;0;0;0;0;4137;0;0;0;0;0;0;
30010;3684799;589312000;28160000;552071168;0;0;0;0;0;0;0;0;0;0;0;3596;0;0;0;0;0;0;
30011;5013190;589312000;28160000;552071168;0;0;0;0;0;0;0;0;0;0;0;3457;0;0;0;0;0;0;
30012;3562149;589312000;28160000;552071168;0;0;0;0;0;0;0;0;0;0;0;3767;0;0;0;0;0;0;
30013;4851386;589312000;28160000;552071168;0;0;0;0;0;0;0;0;0;0;0;3597;0;0;0;0;0;0;
30014;4656761;589312000;28160000;552071168;0;0;0;0;0;0;0;0;0;0;0;3727;0;0;0;0;0;0;
30015;5286172;589312000;28160000;552071168;0;0;0;0;0;0;0;0;0;0;0;2495;0;0;0;0;0;0;
30016;3530029;589312000;28160000;552071168;0;0;0;0;0;0;0;0;0;0;0;4007;0;0;0;0;0;0;
30017;4876934;589312000;28160000;552071168;0;0;0;0;0;0;0;0;0;0;0;2254;0;0;0;0;0;0;
30018;4067987;589312000;28160000;552071168;0;0;0;0;0;0;0;0;0;0;0;3987;0;0;0;0;0;0;
30019;4850965;589312000;28160000;552071168;0;0;0;0;0;0;0;0;0;0;0;3006;0;0;0;0;0;0;
30020;3741195;589312000;28160000;552071168;0;0;0;0;0;0;0;0;0;0;0;3266;0;0;0;0;0;0;
30021;5178269;589312000;28160000;552071168;0;0;0;0;0;0;0;0;0;0;0;3106;0;0;0;0;0;0;
30022;3380629;589312000;28160000;552071168;0;0;0;0;0;0;0;0;0;0;0;3085;0;0;0;0;0;0;
30023;4833293;589312000;28160000;552071168;0;0;0;0;0;0;0;0;0;0;0;2164;0;0;0;0;0;0;
30024;3331867;589312000;28160000;552071168;0;0;0;0;0;0;0;0;0;0;0;3166;0;0;0;0;0;0;
30025;4572344;589312000;28160000;552071168;0;0;0;0;0;0;0;0;0;0;0;2314;0;0;0;0;0;0;
30026;3589781;589312000;28160000;552071168;0;0;0;0;0;0;0;0;0;0;0;4178;0;0;0;0;0;0;
30027;4711925;589312000;28160000;552071168;0;0;0;0;0;0;0;0;0;0;0;2615;0;0;0;0;0;0;
30028;3418810;589312000;28160000;552071168;0;0;0;0;0;0;0;0;0;0;0;4539;0;0;0;0;0;0;
30029;4894898;589312000;28160000;552071168;0;0;0;0;0;0;0;0;0;0;0;2574;0;0;0;0;0;0;
30030;3575274;589312000;28160000;552071168;0;0;0;0;0;0;0;0;0;0;0;3917;0;0;0;0;0;0;
30031;5004604;589312000;28160000;552071168;0;0;0;0;0;0;0;0;0;0;0;2164;0;0;0;0;0;0;
30032;3768456;589312000;28160000;552071168;0;0;0;0;0;0;0;0;0;0;0;3667;0;0;0;0;0;0;
30033;5155316;589312000;28160000;552071168;0;0;0;0;0;0;0;0;0;0;0;2615;0;0;0;0;0;0;
30034;3341315;589312000;28160000;552071168;0;0;0;0;0;0;0;0;0;0;0;3857;0;0;0;0;0;0;
30035;5196193;589312000;28160000;552071168;0;0;0;0;0;0;0;0;0;0;0;3486;0;0;0;0;0;0;
30036;3060900;589312000;28160000;552071168;0;0;0;0;0;0;0;0;0;0;0;3066;0;0;0;0;0;0;
30037;7904301;589312000;28160000;552071168;0;0;0;0;0;0;0;0;0;0;0;2985;0;0;0;0;0;0;
30038;9480216;589312000;28160000;552071168;0;0;0;0;0;0;0;0;0;0;0;5690;0;0;0;0;0;0;
30039;4814988;589312000;28160000;552071168;0;0;0;0;0;0;0;0;0;0;0;3446;0;0;0;0;0;0;
30040;4383199;589312000;28160000;552071168;0;0;0;0;0;0;0;0;0;0;0;3176;0;0;0;0;0;0;
30041;4756218;589312000;28160000;552071168;0;0;0;0;0;0;0;0;0;0;0;3467;0;0;0;0;0;0;
30042;3810735;589312000;28160000;552071168;0;0;0;0;0;0;0;0;0;0;0;3707;0;0;0;0;0;0;
30043;4846928;589312000;28160000;552071168;0;0;0;0;0;0;0;0;0;0;0;2524;0;0;0;0;0;0;
30044;3872351;589312000;28160000;552071168;0;0;0;0;0;0;0;0;0;0;0;3627;0;0;0;0;0;0;
30045;4773551;589312000;28160000;552071168;0;0;0;0;0;0;0;0;0;0;0;3296;0;0;0;0;0;0;
30046;4201839;589312000;28160000;552071168;0;0;0;0;0;0;0;0;0;0;0;3967;0;0;0;0;0;0;
30047;5225368;589312000;28160000;552071168;0;0;0;0;0;0;0;0;0;0;0;5751;0;0;0;0;0;0;
30048;3570305;589312000;28160000;552071168;0;0;0;0;0;0;0;0;0;0;0;5941;0;0;0;0;0;0;
30049;4779362;589312000;28160000;552071168;0;0;0;0;0;0;0;0;0;0;0;3427;0;0;0;0;0;0;
30050;3493510;589312000;28160000;552071168;0;0;0;0;0;0;0;0;0;0;0;4459;0;0;0;0;0;0;
30051;4780744;589312000;28160000;552071168;0;0;0;0;0;0;0;0;0;0;0;4047;0;0;0;0;0;0;
30052;3431915;589312000;28160000;552071168;0;0;0;0;0;0;0;0;0;0;0;4508;0;0;0;0;0;0;
30053;5775099;589312000;28160000;552071168;0;0;0;0;0;0;0;0;0;0;0;4398;0;0;0;0;0;0;
30054;3833188;589312000;28160000;552071168;0;0;0;0;0;0;0;0;0;0;0;5711;0;0;0;0;0;0;
30055;5282505;589312000;28160000;552071168;0;0;0;0;0;0;0;0;0;0;0;4609;0;0;0;0;0;0;
30056;4602199;589312000;28160000;552071168;0;0;0;0;0;0;0;0;0;0;0;3477;0;0;0;0;0;0;
30057;5037917;589312000;28160000;552071168;0;0;0;0;0;0;0;0;0;0;0;4668;0;0;0;0;0;0;
30058;3824922;589312000;28160000;552071168;0;0;0;0;0;0;0;0;0;0;0;3507;0;0;0;0;0;0;
30059;5787502;589312000;28160000;552071168;0;0;0;0;0;0;0;0;0;0;0;5641;0;0;0;0;0;0;
30060;4144361;589312000;28160000;552071168;0;0;0;0;0;0;0;0;0;0;0;12303;0;0;0;0;0;0;
30061;5257589;589312000;28160000;552071168;0;0;0;0;0;0;0;0;0;0;0;4940;0;0;0;0;0;0;
30062;3483481;589312000;28160000;552071168;0;0;0;0;0;0;0;0;0;0;0;4188;0;0;0;0;0;0;
30063;5088451;589312000;28160000;552071168;0;0;0;0;0;0;0;0;0;0;0;4208;0;0;0;0;0;0;
30064;3840421;589312000;28160000;552071168;0;0;0;0;0;0;0;0;0;0;0;4759;0;0;0;0;0;0;
30065;5181636;589312000;28160000;552071168;0;0;0;0;0;0;0;0;0;0;0;3647;0;0;0;0;0;0;
30066;4345508;589312000;28160000;552071168;0;0;0;0;0;0;0;0;0;0;0;4228;0;0;0;0;0;0;
30067;4975108;589312000;28160000;552071168;0;0;0;0;0;0;0;0;0;0;0;2976;0;0;0;0;0;0;
30068;3908067;589312000;28160000;552071168;0;0;0;0;0;0;0;0;0;0;0;3857;0;0;0;0;0;0;
30069;5198107;589312000;28160000;552071168;0;0;0;0;0;0;0;0;0;0;0;2545;0;0;0;0;0;0;
30070;4132018;589312000;28160000;552071168;0;0;0;0;0;0;0;0;0;0;0;3506;0;0;0;0;0;0;
30071;5244193;589312000;28160000;552071168;0;0;0;0;0;0;0;0;0;0;0;5250;0;0;0;0;0;0;
30072;3999209;589312000;28160000;552071168;0;0;0;0;0;0;0;0;0;0;0;3286;0;0;0;0;0;0;
30073;5812739;589312000;28160000;552071168;0;0;0;0;0;0;0;0;0;0;0;4509;0;0;0;0;0;0;
30074;3932243;589312000;28160000;552071168;0;0;0;0;0;0;0;0;0;0;0;4508;0;0;0;0;0;0;
30075;5641017;589312000;28160000;552071168;0;0;0;0;0;0;0;0;0;0;0;3487;0;0;0;0;0;0;
30076;4375114;589312000;28160000;552071168;0;0;0;0;0;0;0;0;0;0;0;5630;0;0;0;0;0;0;
30077;5644974;589312000;28160000;552071168;0;0;0;0;0;0;0;0;0;0;0;4088;0;0;0;0;0;0;
30078;3820975;589312000;28160000;552071168;0;0;0;0;0;0;0;0;0;0;0;3857;0;0;0;0;0;0;
30079;5983028;589312000;28160000;552071168;0;0;0;0;0;0;0;0;0;0;0;4889;0;0;0;0;0;0;
30080;3676704;589312000;28160000;552071168;0;0;0;0;0;0;0;0;0;0;0;4999;0;0;0;0;0;0;
30081;5176596;589312000;28160000;552071168;0;0;0;0;0;0;0;0;0;0;0;3557;0;0;0;0;0;0;
30082;3293025;589312000;28160000;552071168;0;0;0;0;0;0;0;0;0;0;0;4319;0;0;0;0;0;0;
30083;5250786;589312000;28160000;552071168;0;0;0;0;0;0;0;0;0;0;0;3266;0;0;0;0;0;0;
30084;4418595;589312000;28160000;552071168;0;0;0;0;0;0;0;0;0;0;0;4598;0;0;0;0;0;0;
30085;5508478;589312000;28160000;552071168;0;0;0;0;0;0;0;0;0;0;0;4518;0;0;0;0;0;0;
30086;5074485;589312000;28160000;552071168;0;0;0;0;0;0;0;0;0;0;0;3857;0;0;0;0;0;0;
30087;5156910;589312000;28160000;552071168;0;0;0;0;0;0;0;0;0;0;0;3988;0;0;0;0;0;0;
30088;5553142;589312000;28160000;552071168;0;0;0;0;0;0;0;0;0;0;0;4448;0;0;0;0;0;0;
30089;5128156;589312000;28160000;552071168;0;0;0;0;0;0;0;0;0;0;0;3386;0;0;0;0;0;0;
30090;4585899;589312000;28160000;552071168;0;0;0;0;0;0;0;0;0;0;0;3637;0;0;0;0;0;0;
30091;5359329;589312000;28160000;552071168;0;0;0;0;0;0;0;0;0;0;0;2304;0;0;0;0;0;0;
30092;4147998;589312000;28160000;552071168;0;0;0;0;0;0;0;0;0;0;0;4017;0;0;0;0;0;0;
30093;5054177;589312000;28160000;552071168;0;0;0;0;0;0;0;0;0;0;0;2635;0;0;0;0;0;0;
30094;3565586;589312000;28160000;552071168;0;0;0;0;0;0;0;0;0;0;0;4228;0;0;0;0;0;0;
30095;5087910;589312000;28160000;552071168;0;0;0;0;0;0;0;0;0;0;0;3367;0;0;0;0;0;0;
30096;4072687;589312000;28160000;552071168;0;0;0;0;0;0;0;0;0;0;0;4018;0;0;0;0;0;0;
30097;5115972;589312000;28160000;552071168;0;0;0;0;0;0;0;0;0;0;0;3657;0;0;0;0;0;0;
30098;3844909;589312000;28160000;552071168;0;0;0;0;0;0;0;0;0;0;0;3947;0;0;0;0;0;0;
30099;6157305;595120128;42528768;566439936;0;0;0;0;0;0;0;0;0;0;0;3667;0;0;0;0;0;0;
30100;3843026;595120128;42528768;566439936;0;0;0;0;0;0;0;0;0;0;0;4148;0;0;0;0;0;0;
30101;6063409;601411584;42528768;566439936;0;0;0;0;0;0;0;0;0;0;0;3677;0;0;0;0;0;0;
30102;4188583;601411584;42528768;566439936;0;0;0;0;0;0;0;0;0;0;0;3426;0;0;0;0;0;0;
30103;5468273;601411584;42528768;566439936;0;0;0;0;0;0;0;0;0;0;0;5200;0;0;0;0;0;0;
30104;4007724;601411584;42528768;566439936;0;0;0;0;0;0;0;0;0;0;0;4409;0;0;0;0;0;0;
30105;5739481;601411584;42528768;566439936;0;0;0;0;0;0;0;0;0;0;0;3596;0;0;0;0;0;0;
30106;3735194;589357056;27713536;551624704;0;0;0;0;0;0;0;0;0;0;0;4057;0;0;0;0;0;0;
30107;5425172;589357056;27713536;551624704;0;0;0;0;0;0;0;0;0;0;0;4478;0;0;0;0;0;0;
30108;4341451;589357056;27713536;551624704;0;0;0;0;0;0;0;0;0;0;0;4258;0;0;0;0;0;0;
30109;4902884;589357056;27713536;551624704;0;0;0;0;0;0;0;0;0;0;0;4168;0;0;0;0;0;0;
30110;3635317;589357056;27713536;551624704;0;0;0;0;0;0;0;0;0;0;0;4900;0;0;0;0;0;0;
30111;5035212;589357056;27713536;551624704;0;0;0;0;0;0;0;0;0;0;0;3907;0;0;0;0;0;0;
30112;3169683;589357056;27713536;551624704;0;0;0;0;0;0;0;0;0;0;0;5130;0;0;0;0;0;0;
30113;5578580;589357056;27713536;551624704;0;0;0;0;0;0;0;0;0;0;0;6612;0;0;0;0;0;0;
30114;3928125;589357056;27713536;551624704;0;0;0;0;0;0;0;0;0;0;0;3657;0;0;0;0;0;0;
30115;5347577;589357056;27713536;551624704;0;0;0;0;0;0;0;0;0;0;0;3507;0;0;0;0;0;0;
30116;4242715;589357056;27713536;551624704;0;0;0;0;0;0;0;0;0;0;0;4359;0;0;0;0;0;0;
30117;4993273;589357056;27713536;551624704;0;0;0;0;0;0;0;0;0;0;0;4578;0;0;0;0;0;0;
30118;3783985;589357056;27713536;551624704;0;0;0;0;0;0;0;0;0;0;0;5521;0;0;0;0;0;0;
30119;5171246;589357056;27713536;551624704;0;0;0;0;0;0;0;0;0;0;0;3897;0;0;0;0;0;0;
30120;3472201;589357056;27713536;551624704;0;0;0;0;0;0;0;0;0;0;0;4709;0;0;0;0;0;0;
30121;4905397;589357056;27713536;551624704;0;0;0;0;0;0;0;0;0;0;0;4068;0;0;0;0;0;0;
30122;3728521;589357056;27713536;551624704;0;0;0;0;0;0;0;0;0;0;0;6702;0;0;0;0;0;0;
30123;6423505;595165184;42528768;566439936;0;0;0;0;0;0;0;0;0;0;0;3737;0;0;0;0;0;0;
30124;4279775;595165184;42528768;566439936;0;0;0;0;0;0;0;0;0;0;0;4098;0;0;0;0;0;0;
30125;6106580;601456640;42528768;566439936;0;0;0;0;0;0;0;0;0;0;0;3277;0;0;0;0;0;0;
30126;3754550;601456640;42528768;566439936;0;0;0;0;0;0;0;0;0;0;0;3797;0;0;0;0;0;0;
30127;5368957;601456640;42528768;566439936;0;0;0;0;0;0;0;0;0;0;0;3376;0;0;0;0;0;0;
30128;3340163;601456640;42528768;566439936;0;0;0;0;0;0;0;0;0;0;0;3997;0;0;0;0;0;0;
30129;5366933;601456640;42528768;566439936;0;0;0;0;0;0;0;0;0;0;0;4678;0;0;0;0;0;0;
30130;4553087;589332480;28160000;552071168;0;0;0;0;0;0;0;0;0;0;0;3667;0;0;0;0;0;0;
30131;5402049;589332480;28160000;552071168;0;0;0;0;0;0;0;0;0;0;0;4047;0;0;0;0;0;0;
30132;3774067;589332480;28160000;552071168;0;0;0;0;0;0;0;0;0;0;0;44534;0;0;0;0;0;0;
30133;5610490;589332480;28160000;552071168;0;0;0;0;0;0;0;0;0;0;0;4208;0;0;0;0;0;0;
30134;3430022;589332480;28160000;552071168;0;0;0;0;0;0;0;0;0;0;0;4869;0;0;0;0;0;0;
30135;5215720;589332480;28160000;552071168;0;0;0;0;0;0;0;0;0;0;0;4168;0;0;0;0;0;0;
30136;4139962;589332480;28160000;552071168;0;0;0;0;0;0;0;0;0;0;0;3857;0;0;0;0;0;0;
30137;5781731;589332480;28160000;552071168;0;0;0;0;0;0;0;0;0;0;0;5059;0;0;0;0;0;0;
30138;3845801;589332480;28160000;552071168;0;0;0;0;0;0;0;0;0;0;0;4769;0;0;0;0;0;0;
30139;6288412;589332480;28160000;552071168;0;0;0;0;0;0;0;0;0;0;0;4850;0;0;0;0;0;0;
30140;4409569;589332480;28160000;552071168;0;0;0;0;0;0;0;0;0;0;0;5069;0;0;0;0;0;0;
30141;4944862;589332480;28160000;552071168;0;0;0;0;0;0;0;0;0;0;0;3377;0;0;0;0;0;0;
30142;4535765;589332480;28160000;552071168;0;0;0;0;0;0;0;0;0;0;0;4618;0;0;0;0;0;0;
30143;5713373;589332480;28160000;552071168;0;0;0;0;0;0;0;0;0;0;0;3787;0;0;0;0;0;0;
30144;3796189;589332480;28160000;552071168;0;0;0;0;0;0;0;0;0;0;0;4338;0;0;0;0;0;0;
30145;5243291;589332480;28160000;552071168;0;0;0;0;0;0;0;0;0;0;0;5029;0;0;0;0;0;0;
30146;3836734;589332480;28160000;552071168;0;0;0;0;0;0;0;0;0;0;0;4258;0;0;0;0;0;0;
30147;6233458;595140608;42528768;566439936;0;0;0;0;0;0;0;0;0;0;0;4008;0;0;0;0;0;0;
30148;3809583;595140608;42528768;566439936;0;0;0;0;0;0;0;0;0;0;0;4378;0;0;0;0;0;0;
30149;6644579;601432064;42528768;566439936;0;0;0;0;0;0;0;0;0;0;0;3948;0;0;0;0;0;0;
30150;3924018;601432064;42528768;566439936;0;0;0;0;0;0;0;0;0;0;0;4268;0;0;0;0;0;0;
30151;6447349;601432064;42528768;566439936;0;0;0;0;0;0;0;0;0;0;0;5049;0;0;0;0;0;0;
30152;3984932;601432064;42528768;566439936;0;0;0;0;0;0;0;0;0;0;0;4599;0;0;0;0;0;0;
30153;5488892;601432064;42528768;566439936;0;0;0;0;0;0;0;0;0;0;0;3677;0;0;0;0;0;0;
30154;3815044;589365248;27713536;551624704;0;0;0;0;0;0;0;0;0;0;0;4299;0;0;0;0;0;0;
30155;5041794;589365248;27713536;551624704;0;0;0;0;0;0;0;0;0;0;0;3968;0;0;0;0;0;0;
30156;3198157;589365248;27713536;551624704;0;0;0;0;0;0;0;0;0;0;0;3497;0;0;0;0;0;0;
30157;5427286;589365248;27713536;551624704;0;0;0;0;0;0;0;0;0;0;0;4890;0;0;0;0;0;0;
30158;3278507;589365248;27713536;551624704;0;0;0;0;0;0;0;0;0;0;0;4248;0;0;0;0;0;0;
30159;4881914;589365248;27713536;551624704;0;0;0;0;0;0;0;0;0;0;0;2745;0;0;0;0;0;0;
30160;3227792;589365248;27713536;551624704;0;0;0;0;0;0;0;0;0;0;0;4128;0;0;0;0;0;0;
30161;5014933;589365248;27713536;551624704;0;0;0;0;0;0;0;0;0;0;0;3156;0;0;0;0;0;0;
30162;3458334;589365248;27713536;551624704;0;0;0;0;0;0;0;0;0;0;0;3466;0;0;0;0;0;0;
30163;5072661;589365248;27713536;551624704;0;0;0;0;0;0;0;0;0;0;0;3456;0;0;0;0;0;0;
30164;3354349;589365248;27713536;551624704;0;0;0;0;0;0;0;0;0;0;0;4308;0;0;0;0;0;0;
30165;4749877;589365248;27713536;551624704;0;0;0;0;0;0;0;0;0;0;0;2886;0;0;0;0;0;0;
30166;4135674;589365248;27713536;551624704;0;0;0;0;0;0;0;0;0;0;0;4879;0;0;0;0;0;0;
30167;4845946;589365248;27713536;551624704;0;0;0;0;0;0;0;0;0;0;0;2484;0;0;0;0;0;0;
30168;4024987;589365248;27713536;551624704;0;0;0;0;0;0;0;0;0;0;0;3647;0;0;0;0;0;0;
30169;4844223;589365248;27713536;551624704;0;0;0;0;0;0;0;0;0;0;0;3076;0;0;0;0;0;0;
30170;3386570;589365248;27713536;551624704;0;0;0;0;0;0;0;0;0;0;0;4559;0;0;0;0;0;0;
30171;4897082;589365248;27713536;551624704;0;0;0;0;0;0;0;0;0;0;0;2665;0;0;0;0;0;0;
30172;3875296;589365248;27713536;551624704;0;0;0;0;0;0;0;0;0;0;0;4028;0;0;0;0;0;0;
30173;4734438;589365248;27713536;551624704;0;0;0;0;0;0;0;0;0;0;0;3316;0;0;0;0;0;0;
30174;3849538;589365248;27713536;551624704;0;0;0;0;0;0;0;0;0;0;0;3887;0;0;0;0;0;0;
30175;5781370;589365248;27713536;551624704;0;0;0;0;0;0;0;0;0;0;0;4478;0;0;0;0;0;0;
30176;3394926;589365248;27713536;551624704;0;0;0;0;0;0;0;0;0;0;0;4439;0;0;0;0;0;0;
30177;5185403;589365248;27713536;551624704;0;0;0;0;0;0;0;0;0;0;0;3848;0;0;0;0;0;0;
30178;4529833;589365248;27713536;551624704;0;0;0;0;0;0;0;0;0;0;0;4328;0;0;0;0;0;0;
30179;5358828;589365248;27713536;551624704;0;0;0;0;0;0;0;0;0;0;0;4308;0;0;0;0;0;0;
30180;4109045;589365248;27713536;551624704;0;0;0;0;0;0;0;0;0;0;0;3928;0;0;0;0;0;0;
30181;4724118;589365248;27713536;551624704;0;0;0;0;0;0;0;0;0;0;0;2945;0;0;0;0;0;0;
30182;3904160;589365248;27713536;551624704;0;0;0;0;0;0;0;0;0;0;0;3146;0;0;0;0;0;0;
30183;4669746;589365248;27713536;551624704;0;0;0;0;0;0;0;0;0;0;0;3356;0;0;0;0;0;0;
30184;4118753;589365248;27713536;551624704;0;0;0;0;0;0;0;0;0;0;0;3085;0;0;0;0;0;0;
30185;4927910;589365248;27713536;551624704;0;0;0;0;0;0;0;0;0;0;0;3296;0;0;0;0;0;0;
30186;3553633;589365248;27713536;551624704;0;0;0;0;0;0;0;0;0;0;0;4418;0;0;0;0;0;0;
30187;5064997;589365248;27713536;551624704;0;0;0;0;0;0;0;0;0;0;0;4659;0;0;0;0;0;0;
30188;3244003;589365248;27713536;551624704;0;0;0;0;0;0;0;0;0;0;0;3957;0;0;0;0;0;0;
30189;5136822;589365248;27713536;551624704;0;0;0;0;0;0;0;0;0;0;0;6021;0;0;0;0;0;0;
30190;3502157;589365248;27713536;551624704;0;0;0;0;0;0;0;0;0;0;0;3797;0;0;0;0;0;0;
30191;5823219;589365248;27713536;551624704;0;0;0;0;0;0;0;0;0;0;0;5451;0;0;0;0;0;0;
30192;3597346;589365248;27713536;551624704;0;0;0;0;0;0;0;0;0;0;0;4087;0;0;0;0;0;0;
30193;5847525;589365248;27713536;551624704;0;0;0;0;0;0;0;0;0;0;0;3697;0;0;0;0;0;0;
30194;4027251;589365248;27713536;551624704;0;0;0;0;0;0;0;0;0;0;0;3716;0;0;0;0;0;0;
30195;5433749;589365248;27713536;551624704;0;0;0;0;0;0;0;0;0;0;0;4008;0;0;0;0;0;0;
30196;3932263;589365248;27713536;551624704;0;0;0;0;0;0;0;0;0;0;0;3907;0;0;0;0;0;0;
30197;5162710;589365248;27713536;551624704;0;0;0;0;0;0;0;0;0;0;0;3757;0;0;0;0;0;0;
30198;3610670;589365248;27713536;551624704;0;0;0;0;0;0;0;0;0;0;0;3747;0;0;0;0;0;0;
30199;5240927;589365248;27713536;551624704;0;0;0;0;0;0;0;0;0;0;0;5320;0;0;0;0;0;0;
30200;3656225;589365248;27713536;551624704;0;0;0;0;0;0;0;0;0;0;0;4678;0;0;0;0;0;0;
30201;5324844;589365248;27713536;551624704;0;0;0;0;0;0;0;0;0;0;0;5691;0;0;0;0;0;0;
30202;3208997;589365248;27713536;551624704;0;0;0;0;0;0;0;0;0;0;0;4819;0;0;0;0;0;0;
30203;5899292;589365248;27713536;551624704;0;0;0;0;0;0;0;0;0;0;0;4709;0;0;0;0;0;0;
30204;3714335;589365248;27713536;551624704;0;0;0;0;0;0;0;0;0;0;0;4128;0;0;0;0;0;0;
30205;5442745;589365248;27713536;551624704;0;0;0;0;0;0;0;0;0;0;0;3918;0;0;0;0;0;0;
30206;3232641;589365248;27713536;551624704;0;0;0;0;0;0;0;0;0;0;0;3477;0;0;0;0;0;0;
30207;5322951;589365248;27713536;551624704;0;0;0;0;0;0;0;0;0;0;0;3817;0;0;0;0;0;0;
30208;4337192;589365248;27713536;551624704;0;0;0;0;0;0;0;0;0;0;0;3938;0;0;0;0;0;0;
30209;5793072;589365248;27713536;551624704;0;0;0;0;0;0;0;0;0;0;0;4218;0;0;0;0;0;0;
30210;3984792;589365248;27713536;551624704;0;0;0;0;0;0;0;0;0;0;0;4309;0;0;0;0;0;0;
30211;5730635;589365248;27713536;551624704;0;0;0;0;0;0;0;0;0;0;0;4088;0;0;0;0;0;0;
30212;3851231;589365248;27713536;551624704;0;0;0;0;0;0;0;0;0;0;0;3858;0;0;0;0;0;0;
30213;5486748;589365248;27713536;551624704;0;0;0;0;0;0;0;0;0;0;0;3606;0;0;0;0;0;0;
30214;3498019;589365248;27713536;551624704;0;0;0;0;0;0;0;0;0;0;0;5100;0;0;0;0;0;0;
30215;5811567;589365248;27713536;551624704;0;0;0;0;0;0;0;0;0;0;0;4879;0;0;0;0;0;0;
30216;3570715;589365248;27713536;551624704;0;0;0;0;0;0;0;0;0;0;0;4699;0;0;0;0;0;0;
30217;6039484;589365248;27713536;551624704;0;0;0;0;0;0;0;0;0;0;0;7915;0;0;0;0;0;0;
30218;3867491;589365248;27713536;551624704;0;0;0;0;0;0;0;0;0;0;0;6893;0;0;0;0;0;0;
30219;5709947;589365248;27713536;551624704;0;0;0;0;0;0;0;0;0;0;0;5179;0;0;0;0;0;0;
30220;4419738;589365248;27713536;551624704;0;0;0;0;0;0;0;0;0;0;0;4489;0;0;0;0;0;0;
30221;5425042;589365248;27713536;551624704;0;0;0;0;0;0;0;0;0;0;0;4689;0;0;0;0;0;0;
30222;4122049;589365248;27713536;551624704;0;0;0;0;0;0;0;0;0;0;0;3126;0;0;0;0;0;0;
30223;6071865;589365248;27713536;551624704;0;0;0;0;0;0;0;0;0;0;0;4809;0;0;0;0;0;0;
30224;3846973;589365248;27713536;551624704;0;0;0;0;0;0;0;0;0;0;0;4258;0;0;0;0;0;0;
30225;5879745;589365248;27713536;551624704;0;0;0;0;0;0;0;0;0;0;0;4058;0;0;0;0;0;0;
30226;4456587;589365248;27713536;551624704;0;0;0;0;0;0;0;0;0;0;0;5009;0;0;0;0;0;0;
30227;5606001;589365248;27713536;551624704;0;0;0;0;0;0;0;0;0;0;0;4108;0;0;0;0;0;0;
30228;4335470;589365248;27713536;551624704;0;0;0;0;0;0;0;0;0;0;0;3887;0;0;0;0;0;0;
30229;5494252;589365248;27713536;551624704;0;0;0;0;0;0;0;0;0;0;0;4138;0;0;0;0;0;0;
30230;4114545;589365248;27713536;551624704;0;0;0;0;0;0;0;0;0;0;0;4228;0;0;0;0;0;0;
30231;5613446;589365248;27713536;551624704;0;0;0;0;0;0;0;0;0;0;0;4168;0;0;0;0;0;0;
30232;3742638;589365248;27713536;551624704;0;0;0;0;0;0;0;0;0;0;0;4579;0;0;0;0;0;0;
30233;5317561;589365248;27713536;551624704;0;0;0;0;0;0;0;0;0;0;0;4368;0;0;0;0;0;0;
30234;3883802;589365248;27713536;551624704;0;0;0;0;0;0;0;0;0;0;0;4107;0;0;0;0;0;0;
30235;5695410;589365248;27713536;551624704;0;0;0;0;0;0;0;0;0;0;0;3957;0;0;0;0;0;0;
30236;5022527;589365248;27713536;551624704;0;0;0;0;0;0;0;0;0;0;0;3947;0;0;0;0;0;0;
30237;5329593;589365248;27713536;551624704;0;0;0;0;0;0;0;0;0;0;0;4358;0;0;0;0;0;0;
30238;4288942;589365248;27713536;551624704;0;0;0;0;0;0;0;0;0;0;0;5690;0;0;0;0;0;0;
30239;5164374;589365248;27713536;551624704;0;0;0;0;0;0;0;0;0;0;0;4048;0;0;0;0;0;0;
30240;4071594;589365248;27713536;551624704;0;0;0;0;0;0;0;0;0;0;0;4969;0;0;0;0;0;0;
30241;5395898;589365248;27713536;551624704;0;0;0;0;0;0;0;0;0;0;0;3817;0;0;0;0;0;0;
30242;3565966;589365248;27713536;551624704;0;0;0;0;0;0;0;0;0;0;0;4228;0;0;0;0;0;0;
30243;5303654;589365248;27713536;551624704;0;0;0;0;0;0;0;0;0;0;0;4047;0;0;0;0;0;0;
30244;3919890;589365248;27713536;551624704;0;0;0;0;0;0;0;0;0;0;0;4238;0;0;0;0;0;0;
30245;5237952;589365248;27713536;551624704;0;0;0;0;0;0;0;0;0;0;0;3997;0;0;0;0;0;0;
30246;4645441;589365248;27713536;551624704;0;0;0;0;0;0;0;0;0;0;0;4418;0;0;0;0;0;0;
30247;6306765;595173376;42528768;566439936;0;0;0;0;0;0;0;0;0;0;0;4799;0;0;0;0;0;0;
30248;3978330;595173376;42528768;566439936;0;0;0;0;0;0;0;0;0;0;0;4138;0;0;0;0;0;0;
30249;8247355;601464832;42528768;566439936;0;0;0;0;0;0;0;0;0;0;0;3897;0;0;0;0;0;0;
30250;9972639;601464832;42528768;566439936;0;0;0;0;0;0;0;0;0;0;0;3366;0;0;0;0;0;0;
30251;5059036;601464832;42528768;566439936;0;0;0;0;0;0;0;0;0;0;0;2896;0;0;0;0;0;0;
30252;3849388;601464832;42528768;566439936;0;0;0;0;0;0;0;0;0;0;0;4538;0;0;0;0;0;0;
30253;4889418;601464832;42528768;566439936;0;0;0;0;0;0;0;0;0;0;0;3887;0;0;0;0;0;0;
30254;3809072;589352960;28160000;552071168;0;0;0;0;0;0;0;0;0;0;0;3917;0;0;0;0;0;0;
30255;5165656;589352960;28160000;552071168;0;0;0;0;0;0;0;0;0;0;0;4318;0;0;0;0;0;0;
30256;3514590;589352960;28160000;552071168;0;0;0;0;0;0;0;0;0;0;0;4017;0;0;0;0;0;0;
30257;5520270;589352960;28160000;552071168;0;0;0;0;0;0;0;0;0;0;0;3727;0;0;0;0;0;0;
30258;3681413;589352960;28160000;552071168;0;0;0;0;0;0;0;0;0;0;0;4078;0;0;0;0;0;0;
30259;5575865;589352960;28160000;552071168;0;0;0;0;0;0;0;0;0;0;0;4168;0;0;0;0;0;0;
30260;3176156;589352960;28160000;552071168;0;0;0;0;0;0;0;0;0;0;0;3977;0;0;0;0;0;0;
30261;5295529;589352960;28160000;552071168;0;0;0;0;0;0;0;0;0;0;0;5520;0;0;0;0;0;0;
30262;4054403;589348864;28155904;552067072;0;0;0;0;0;0;0;0;0;0;0;3927;0;0;0;0;0;0;
30263;5128286;589348864;28155904;552067072;0;0;0;0;0;0;0;0;0;0;0;4909;0;0;0;0;0;0;
30264;3468815;589348864;28155904;552067072;0;0;0;0;0;0;0;0;0;0;0;4689;0;0;0;0;0;0;
30265;5358307;589348864;28155904;552067072;0;0;0;0;0;0;0;0;0;0;0;6372;0;0;0;0;0;0;
30266;4052008;589348864;28155904;552067072;0;0;0;0;0;0;0;0;0;0;0;3677;0;0;0;0;0;0;
30267;5059697;589348864;28155904;552067072;0;0;0;0;0;0;0;0;0;0;0;4358;0;0;0;0;0;0;
30268;4717646;589348864;28155904;552067072;0;0;0;0;0;0;0;0;0;0;0;3927;0;0;0;0;0;0;
30269;5797271;589348864;28155904;552067072;0;0;0;0;0;0;0;0;0;0;0;4228;0;0;0;0;0;0;
30270;4016691;589348864;28155904;552067072;0;0;0;0;0;0;0;0;0;0;0;4178;0;0;0;0;0;0;
30271;6567794;595156992;42524672;566435840;0;0;0;0;0;0;0;0;0;0;0;5290;0;0;0;0;0;0;
30272;4152906;595156992;42524672;566435840;0;0;0;0;0;0;0;0;0;0;0;4668;0;0;0;0;0;0;
30273;6310292;601448448;42524672;566435840;0;0;0;0;0;0;0;0;0;0;0;6412;0;0;0;0;0;0;
30274;4830828;601448448;42524672;566435840;0;0;0;0;0;0;0;0;0;0;0;4078;0;0;0;0;0;0;
30275;5451362;601448448;42524672;566435840;0;0;0;0;0;0;0;0;0;0;0;6592;0;0;0;0;0;0;
30276;4273693;601448448;42524672;566435840;0;0;0;0;0;0;0;0;0;0;0;3777;0;0;0;0;0;0;
30277;5880246;601448448;42524672;566435840;0;0;0;0;0;0;0;0;0;0;0;3406;0;0;0;0;0;0;
30278;4354785;589381632;27709440;551620608;0;0;0;0;0;0;0;0;0;0;0;4669;0;0;0;0;0;0;
30279;5371612;589381632;27709440;551620608;0;0;0;0;0;0;0;0;0;0;0;4218;0;0;0;0;0;0;
30280;4209443;589381632;27709440;551620608;0;0;0;0;0;0;0;0;0;0;0;3907;0;0;0;0;0;0;
30281;5441413;589381632;27709440;551620608;0;0;0;0;0;0;0;0;0;0;0;4418;0;0;0;0;0;0;
30282;4236964;589381632;27709440;551620608;0;0;0;0;0;0;0;0;0;0;0;4339;0;0;0;0;0;0;
30283;5656366;589381632;27709440;551620608;0;0;0;0;0;0;0;0;0;0;0;3967;0;0;0;0;0;0;
30284;4307006;589381632;27709440;551620608;0;0;0;0;0;0;0;0;0;0;0;6633;0;0;0;0;0;0;
30285;5455720;589381632;27709440;551620608;0;0;0;0;0;0;0;0;0;0;0;4098;0;0;0;0;0;0;
30286;4049473;589381632;27709440;551620608;0;0;0;0;0;0;0;0;0;0;0;3677;0;0;0;0;0;0;
30287;5007339;589381632;27709440;551620608;0;0;0;0;0;0;0;0;0;0;0;4819;0;0;0;0;0;0;
30288;3898580;589381632;27709440;551620608;0;0;0;0;0;0;0;0;0;0;0;4248;0;0;0;0;0;0;
30289;4789120;589381632;27709440;551620608;0;0;0;0;0;0;0;0;0;0;0;3186;0;0;0;0;0;0;
30290;3842154;589381632;27709440;551620608;0;0;0;0;0;0;0;0;0;0;0;3567;0;0;0;0;0;0;
30291;5202796;589381632;27709440;551620608;0;0;0;0;0;0;0;0;0;0;0;4408;0;0;0;0;0;0;
30292;4626816;589381632;27709440;551620608;0;0;0;0;0;0;0;0;0;0;0;5531;0;0;0;0;0;0;
30293;5311098;589381632;27709440;551620608;0;0;0;0;0;0;0;0;0;0;0;3407;0;0;0;0;0;0;
30294;4859612;589381632;27709440;551620608;0;0;0;0;0;0;0;0;0;0;0;2975;0;0;0;0;0;0;
30295;5592136;595189760;42524672;566435840;0;0;0;0;0;0;0;0;0;0;0;3577;0;0;0;0;0;0;
30296;4025889;595189760;42524672;566435840;0;0;0;0;0;0;0;0;0;0;0;3577;0;0;0;0;0;0;
30297;5333300;601481216;42524672;566435840;0;0;0;0;0;0;0;0;0;0;0;3987;0;0;0;0;0;0;
30298;3628493;601481216;42524672;566435840;0;0;0;0;0;0;0;0;0;0;0;4549;0;0;0;0;0;0;
30299;4996379;601481216;42524672;566435840;0;0;0;0;0;0;0;0;0;0;0;2525;0;0;0;0;0;0;
30300;3448977;601481216;42524672;566435840;0;0;0;0;0;0;0;0;0;0;0;4128;0;0;0;0;0;0;
30301;5062353;601481216;42524672;566435840;0;0;0;0;0;0;0;0;0;0;0;2815;0;0;0;0;0;0;
30302;3863775;589357056;28155904;552067072;0;0;0;0;0;0;0;0;0;0;0;4078;0;0;0;0;0;0;
30303;6075271;589357056;28155904;552067072;0;0;0;0;0;0;0;0;0;0;0;3767;0;0;0;0;0;0;
30304;4005059;589357056;28155904;552067072;0;0;0;0;0;0;0;0;0;0;0;3988;0;0;0;0;0;0;
30305;6019988;589357056;28155904;552067072;0;0;0;0;0;0;0;0;0;0;0;4268;0;0;0;0;0;0;
30306;3967991;589357056;28155904;552067072;0;0;0;0;0;0;0;0;0;0;0;4177;0;0;0;0;0;0;
30307;6183233;589357056;28155904;552067072;0;0;0;0;0;0;0;0;0;0;0;4849;0;0;0;0;0;0;
30308;3851141;589357056;28155904;552067072;0;0;0;0;0;0;0;0;0;0;0;5912;0;0;0;0;0;0;
30309;5872311;589357056;28155904;552067072;0;0;0;0;0;0;0;0;0;0;0;3156;0;0;0;0;0;0;
30310;5340494;589357056;28155904;552067072;0;0;0;0;0;0;0;0;0;0;0;4579;0;0;0;0;0;0;
30311;5117586;589357056;28155904;552067072;0;0;0;0;0;0;0;0;0;0;0;3256;0;0;0;0;0;0;
30312;4929954;589357056;28155904;552067072;0;0;0;0;0;0;0;0;0;0;0;4368;0;0;0;0;0;0;
30313;5090956;589357056;28155904;552067072;0;0;0;0;0;0;0;0;0;0;0;3657;0;0;0;0;0;0;
30314;4068999;589357056;28155904;552067072;0;0;0;0;0;0;0;0;0;0;0;5330;0;0;0;0;0;0;
30315;5760662;589357056;28155904;552067072;0;0;0;0;0;0;0;0;0;0;0;4238;0;0;0;0;0;0;
30316;3181645;589357056;28155904;552067072;0;0;0;0;0;0;0;0;0;0;0;5290;0;0;0;0;0;0;
30317;5442655;589357056;28155904;552067072;0;0;0;0;0;0;0;0;0;0;0;4017;0;0;0;0;0;0;
30318;3252839;589357056;28155904;552067072;0;0;0;0;0;0;0;0;0;0;0;4148;0;0;0;0;0;0;
30319;5588689;589357056;28155904;552067072;0;0;0;0;0;0;0;0;0;0;0;4448;0;0;0;0;0;0;
30320;3631429;589357056;28155904;552067072;0;0;0;0;0;0;0;0;0;0;0;4078;0;0;0;0;0;0;
30321;5424080;589357056;28155904;552067072;0;0;0;0;0;0;0;0;0;0;0;5230;0;0;0;0;0;0;
30322;3386960;589357056;28155904;552067072;0;0;0;0;0;0;0;0;0;0;0;3777;0;0;0;0;0;0;
30323;4987923;589357056;28155904;552067072;0;0;0;0;0;0;0;0;0;0;0;4659;0;0;0;0;0;0;
30324;4016321;589357056;28155904;552067072;0;0;0;0;0;0;0;0;0;0;0;3928;0;0;0;0;0;0;
30325;5723792;589357056;28155904;552067072;0;0;0;0;0;0;0;0;0;0;0;5060;0;0;0;0;0;0;
30326;3420845;589357056;28155904;552067072;0;0;0;0;0;0;0;0;0;0;0;4378;0;0;0;0;0;0;
30327;5535119;589357056;28155904;552067072;0;0;0;0;0;0;0;0;0;0;0;5700;0;0;0;0;0;0;
30328;3395216;589357056;28155904;552067072;0;0;0;0;0;0;0;0;0;0;0;4969;0;0;0;0;0;0;
30329;4926086;589357056;28155904;552067072;0;0;0;0;0;0;0;0;0;0;0;3948;0;0;0;0;0;0;
30330;3206843;589357056;28155904;552067072;0;0;0;0;0;0;0;0;0;0;0;3877;0;0;0;0;0;0;
30331;5224647;589357056;28155904;552067072;0;0;0;0;0;0;0;0;0;0;0;2204;0;0;0;0;0;0;
30332;3335534;589357056;28155904;552067072;0;0;0;0;0;0;0;0;0;0;0;3627;0;0;0;0;0;0;
30333;5102738;589357056;28155904;552067072;0;0;0;0;0;0;0;0;0;0;0;2594;0;0;0;0;0;0;
30334;3376912;589357056;28155904;552067072;0;0;0;0;0;0;0;0;0;0;0;5020;0;0;0;0;0;0;
30335;4679855;589357056;28155904;552067072;0;0;0;0;0;0;0;0;0;0;0;2535;0;0;0;0;0;0;
30336;4375043;589357056;28155904;552067072;0;0;0;0;0;0;0;0;0;0;0;3267;0;0;0;0;0;0;
30337;5294398;589357056;28155904;552067072;0;0;0;0;0;0;0;0;0;0;0;3907;0;0;0;0;0;0;
30338;4536115;589357056;28155904;552067072;0;0;0;0;0;0;0;0;0;0;0;4648;0;0;0;0;0;0;
30339;5468624;589357056;28155904;552067072;0;0;0;0;0;0;0;0;0;0;0;4478;0;0;0;0;0;0;
30340;3713032;589357056;28155904;552067072;0;0;0;0;0;0;0;0;0;0;0;3858;0;0;0;0;0;0;
30341;5213826;589357056;28155904;552067072;0;0;0;0;0;0;0;0;0;0;0;3927;0;0;0;0;0;0;
30342;4010220;589357056;28155904;552067072;0;0;0;0;0;0;0;0;0;0;0;5059;0;0;0;0;0;0;
30343;5045511;589357056;28155904;552067072;0;0;0;0;0;0;0;0;0;0;0;3927;0;0;0;0;0;0;
30344;3612113;589357056;28155904;552067072;0;0;0;0;0;0;0;0;0;0;0;4388;0;0;0;0;0;0;
30345;5097559;589357056;28155904;552067072;0;0;0;0;0;0;0;0;0;0;0;3627;0;0;0;0;0;0;
30346;4392195;589357056;28155904;552067072;0;0;0;0;0;0;0;0;0;0;0;5170;0;0;0;0;0;0;
30347;6040977;589357056;28155904;552067072;0;0;0;0;0;0;0;0;0;0;0;4137;0;0;0;0;0;0;
30348;3437666;589357056;28155904;552067072;0;0;0;0;0;0;0;0;0;0;0;3747;0;0;0;0;0;0;
30349;5485926;589357056;28155904;552067072;0;0;0;0;0;0;0;0;0;0;0;5150;0;0;0;0;0;0;
30350;3431314;589357056;28155904;552067072;0;0;0;0;0;0;0;0;0;0;0;3697;0;0;0;0;0;0;
30351;5390006;589357056;28155904;552067072;0;0;0;0;0;0;0;0;0;0;0;5360;0;0;0;0;0;0;
30352;3601853;589357056;28155904;552067072;0;0;0;0;0;0;0;0;0;0;0;5180;0;0;0;0;0;0;
30353;5340324;589357056;28155904;552067072;0;0;0;0;0;0;0;0;0;0;0;2945;0;0;0;0;0;0;
30354;3703013;589357056;28155904;552067072;0;0;0;0;0;0;0;0;0;0;0;4228;0;0;0;0;0;0;
30355;5384566;589357056;28155904;552067072;0;0;0;0;0;0;0;0;0;0;0;2955;0;0;0;0;0;0;
30356;3594740;589357056;28155904;552067072;0;0;0;0;0;0;0;0;0;0;0;3447;0;0;0;0;0;0;
30357;4991359;589357056;28155904;552067072;0;0;0;0;0;0;0;0;0;0;0;3737;0;0;0;0;0;0;
30358;3879283;589357056;28155904;552067072;0;0;0;0;0;0;0;0;0;0;0;4188;0;0;0;0;0;0;
30359;4943189;589357056;28155904;552067072;0;0;0;0;0;0;0;0;0;0;0;2865;0;0;0;0;0;0;
30360;4306405;589357056;28155904;552067072;0;0;0;0;0;0;0;0;0;0;0;4097;0;0;0;0;0;0;
30361;5590121;589357056;28155904;552067072;0;0;0;0;0;0;0;0;0;0;0;3807;0;0;0;0;0;0;
30362;4512481;589357056;28155904;552067072;0;0;0;0;0;0;0;0;0;0;0;5620;0;0;0;0;0;0;
30363;5754270;589357056;28155904;552067072;0;0;0;0;0;0;0;0;0;0;0;5520;0;0;0;0;0;0;
30364;4971762;589357056;28155904;552067072;0;0;0;0;0;0;0;0;0;0;0;3988;0;0;0;0;0;0;
30365;5697784;589357056;28155904;552067072;0;0;0;0;0;0;0;0;0;0;0;4047;0;0;0;0;0;0;
30366;4607109;589357056;28155904;552067072;0;0;0;0;0;0;0;0;0;0;0;4439;0;0;0;0;0;0;
30367;5942162;589357056;28155904;552067072;0;0;0;0;0;0;0;0;0;0;0;4749;0;0;0;0;0;0;
30368;4369984;589357056;28155904;552067072;0;0;0;0;0;0;0;0;0;0;0;3416;0;0;0;0;0;0;
30369;5858195;589357056;28155904;552067072;0;0;0;0;0;0;0;0;0;0;0;4258;0;0;0;0;0;0;
30370;4924975;589357056;28155904;552067072;0;0;0;0;0;0;0;0;0;0;0;5510;0;0;0;0;0;0;
30371;5280350;589357056;28155904;552067072;0;0;0;0;0;0;0;0;0;0;0;4418;0;0;0;0;0;0;
30372;4382968;589357056;28155904;552067072;0;0;0;0;0;0;0;0;0;0;0;4078;0;0;0;0;0;0;
30373;5482140;589357056;28155904;552067072;0;0;0;0;0;0;0;0;0;0;0;4549;0;0;0;0;0;0;
30374;4540103;589357056;28155904;552067072;0;0;0;0;0;0;0;0;0;0;0;4609;0;0;0;0;0;0;
30375;4964359;589357056;28155904;552067072;0;0;0;0;0;0;0;0;0;0;0;4398;0;0;0;0;0;0;
30376;4559819;589357056;28155904;552067072;0;0;0;0;0;0;0;0;0;0;0;4207;0;0;0;0;0;0;
30377;4756869;589357056;28155904;552067072;0;0;0;0;0;0;0;0;0;0;0;2515;0;0;0;0;0;0;
30378;4964208;589357056;28155904;552067072;0;0;0;0;0;0;0;0;0;0;0;3206;0;0;0;0;0;0;
30379;4955051;589357056;28155904;552067072;0;0;0;0;0;0;0;0;0;0;0;2555;0;0;0;0;0;0;
30380;4592421;589357056;28155904;552067072;0;0;0;0;0;0;0;0;0;0;0;3797;0;0;0;0;0;0;
30381;4924934;589357056;28155904;552067072;0;0;0;0;0;0;0;0;0;0;0;3356;0;0;0;0;0;0;
30382;3765200;589357056;28155904;552067072;0;0;0;0;0;0;0;0;0;0;0;4949;0;0;0;0;0;0;
30383;5681583;589357056;28155904;552067072;0;0;0;0;0;0;0;0;0;0;0;3977;0;0;0;0;0;0;
30384;3584952;589357056;28155904;552067072;0;0;0;0;0;0;0;0;0;0;0;4779;0;0;0;0;0;0;
30385;5062212;589357056;28155904;552067072;0;0;0;0;0;0;0;0;0;0;0;5179;0;0;0;0;0;0;
30386;3999439;589357056;28155904;552067072;0;0;0;0;0;0;0;0;0;0;0;4418;0;0;0;0;0;0;
30387;5844409;589357056;28155904;552067072;0;0;0;0;0;0;0;0;0;0;0;5370;0;0;0;0;0;0;
30388;3538755;589357056;28155904;552067072;0;0;0;0;0;0;0;0;0;0;0;4127;0;0;0;0;0;0;
30389;5198598;589357056;28155904;552067072;0;0;0;0;0;0;0;0;0;0;0;5080;0;0;0;0;0;0;
30390;3439489;589357056;28155904;552067072;0;0;0;0;0;0;0;0;0;0;0;3887;0;0;0;0;0;0;
30391;5152381;589357056;28155904;552067072;0;0;0;0;0;0;0;0;0;0;0;6081;0;0;0;0;0;0;
30392;3474074;589357056;28155904;552067072;0;0;0;0;0;0;0;0;0;0;0;4960;0;0;0;0;0;0;
30393;4653045;589357056;28155904;552067072;0;0;0;0;0;0;0;0;0;0;0;2795;0;0;0;0;0;0;
30394;3907898;589357056;28155904;552067072;0;0;0;0;0;0;0;0;0;0;0;4268;0;0;0;0;0;0;
30395;6224662;595165184;42524672;566435840;0;0;0;0;0;0;0;0;0;0;0;4358;0;0;0;0;0;0;
30396;4289683;595165184;42524672;566435840;0;0;0;0;0;0;0;0;0;0;0;5360;0;0;0;0;0;0;
30397;6198693;601456640;42524672;566435840;0;0;0;0;0;0;0;0;0;0;0;4428;0;0;0;0;0;0;
30398;4083587;601456640;42524672;566435840;0;0;0;0;0;0;0;0;0;0;0;4168;0;0;0;0;0;0;
30399;5798523;601456640;42524672;566435840;0;0;0;0;0;0;0;0;0;0;0;4649;0;0;0;0;0;0;
30400;4682440;601456640;42524672;566435840;0;0;0;0;0;0;0;0;0;0;0;3757;0;0;0;0;0;0;
30401;5967840;601456640;42524672;566435840;0;0;0;0;0;0;0;0;0;0;0;3246;0;0;0;0;0;0;
30402;4869922;589402112;27709440;551620608;0;0;0;0;0;0;0;0;0;0;0;5170;0;0;0;0;0;0;
30403;5280952;589402112;27709440;551620608;0;0;0;0;0;0;0;0;0;0;0;2725;0;0;0;0;0;0;
30404;4606287;589402112;27709440;551620608;0;0;0;0;0;0;0;0;0;0;0;3546;0;0;0;0;0;0;
30405;5804824;589402112;27709440;551620608;0;0;0;0;0;0;0;0;0;0;0;4298;0;0;0;0;0;0;
30406;3578099;589402112;27709440;551620608;0;0;0;0;0;0;0;0;0;0;0;3868;0;0;0;0;0;0;
30407;5264732;589402112;27709440;551620608;0;0;0;0;0;0;0;0;0;0;0;3917;0;0;0;0;0;0;
30408;3419652;589402112;27709440;551620608;0;0;0;0;0;0;0;0;0;0;0;3767;0;0;0;0;0;0;
30409;5270062;589402112;27709440;551620608;0;0;0;0;0;0;0;0;0;0;0;3416;0;0;0;0;0;0;
30410;4025728;589402112;27709440;551620608;0;0;0;0;0;0;0;0;0;0;0;4058;0;0;0;0;0;0;
30411;6079689;589402112;27709440;551620608;0;0;0;0;0;0;0;0;0;0;0;3988;0;0;0;0;0;0;
30412;3906074;589402112;27709440;551620608;0;0;0;0;0;0;0;0;0;0;0;4970;0;0;0;0;0;0;
30413;5398362;589402112;27709440;551620608;0;0;0;0;0;0;0;0;0;0;0;4188;0;0;0;0;0;0;
30414;3396799;589402112;27709440;551620608;0;0;0;0;0;0;0;0;0;0;0;4157;0;0;0;0;0;0;
30415;4910898;589402112;27709440;551620608;0;0;0;0;0;0;0;0;0;0;0;4298;0;0;0;0;0;0;
30416;3931351;589402112;27709440;551620608;0;0;0;0;0;0;0;0;0;0;0;5160;0;0;0;0;0;0;
30417;5634745;589402112;27709440;551620608;0;0;0;0;0;0;0;0;0;0;0;4629;0;0;0;0;0;0;
30418;4633798;589402112;27709440;551620608;0;0;0;0;0;0;0;0;0;0;0;4529;0;0;0;0;0;0;
30419;6877256;595210240;42524672;566435840;0;0;0;0;0;0;0;0;0;0;0;4008;0;0;0;0;0;0;
30420;3723723;595210240;42524672;566435840;0;0;0;0;0;0;0;0;0;0;0;5430;0;0;0;0;0;0;
30421;5682895;601501696;42524672;566435840;0;0;0;0;0;0;0;0;0;0;0;5451;0;0;0;0;0;0;
30422;3808290;601501696;42524672;566435840;0;0;0;0;0;0;0;0;0;0;0;4118;0;0;0;0;0;0;
30423;5846723;601501696;42524672;566435840;0;0;0;0;0;0;0;0;0;0;0;4569;0;0;0;0;0;0;
30424;4028864;601501696;42524672;566435840;0;0;0;0;0;0;0;0;0;0;0;3907;0;0;0;0;0;0;
30425;5530951;601501696;42524672;566435840;0;0;0;0;0;0;0;0;0;0;0;4368;0;0;0;0;0;0;
30426;4739356;589377536;28155904;552067072;0;0;0;0;0;0;0;0;0;0;0;4248;0;0;0;0;0;0;
30427;5581055;589377536;28155904;552067072;0;0;0;0;0;0;0;0;0;0;0;4237;0;0;0;0;0;0;
30428;4644238;589377536;28155904;552067072;0;0;0;0;0;0;0;0;0;0;0;4880;0;0;0;0;0;0;
30429;5187477;589377536;28155904;552067072;0;0;0;0;0;0;0;0;0;0;0;5030;0;0;0;0;0;0;
30430;3940779;589377536;28155904;552067072;0;0;0;0;0;0;0;0;0;0;0;3476;0;0;0;0;0;0;
30431;5212304;589377536;28155904;552067072;0;0;0;0;0;0;0;0;0;0;0;3877;0;0;0;0;0;0;
30432;4086071;589377536;28155904;552067072;0;0;0;0;0;0;0;0;0;0;0;3947;0;0;0;0;0;0;
30433;5345173;589377536;28155904;552067072;0;0;0;0;0;0;0;0;0;0;0;4018;0;0;0;0;0;0;
30434;3640817;589377536;28155904;552067072;0;0;0;0;0;0;0;0;0;0;0;3907;0;0;0;0;0;0;
30435;5025694;589377536;28155904;552067072;0;0;0;0;0;0;0;0;0;0;0;3226;0;0;0;0;0;0;
30436;3382192;589377536;28155904;552067072;0;0;0;0;0;0;0;0;0;0;0;4158;0;0;0;0;0;0;
30437;5055088;589377536;28155904;552067072;0;0;0;0;0;0;0;0;0;0;0;4098;0;0;0;0;0;0;
30438;3762976;589377536;28155904;552067072;0;0;0;0;0;0;0;0;0;0;0;5400;0;0;0;0;0;0;
30439;5129729;589377536;28155904;552067072;0;0;0;0;0;0;0;0;0;0;0;3356;0;0;0;0;0;0;
30440;3372294;589377536;28155904;552067072;0;0;0;0;0;0;0;0;0;0;0;4940;0;0;0;0;0;0;
30441;5486928;589377536;28155904;552067072;0;0;0;0;0;0;0;0;0;0;0;10800;0;0;0;0;0;0;
30442;3813150;589377536;28155904;552067072;0;0;0;0;0;0;0;0;0;0;0;4177;0;0;0;0;0;0;
30443;6835477;595185664;42524672;566435840;0;0;0;0;0;0;0;0;0;0;0;3917;0;0;0;0;0;0;
30444;4508633;595185664;42524672;566435840;0;0;0;0;0;0;0;0;0;0;0;3907;0;0;0;0;0;0;
30445;6202290;601477120;42524672;566435840;0;0;0;0;0;0;0;0;0;0;0;4268;0;0;0;0;0;0;
30446;4728947;601477120;42524672;566435840;0;0;0;0;0;0;0;0;0;0;0;4339;0;0;0;0;0;0;
30447;5235336;601477120;42524672;566435840;0;0;0;0;0;0;0;0;0;0;0;3066;0;0;0;0;0;0;
30448;4999745;601477120;42524672;566435840;0;0;0;0;0;0;0;0;0;0;0;3988;0;0;0;0;0;0;
30449;5406928;601477120;42524672;566435840;0;0;0;0;0;0;0;0;0;0;0;3407;0;0;0;0;0;0;
30450;4259878;589410304;27709440;551620608;0;0;0;0;0;0;0;0;0;0;0;3808;0;0;0;0;0;0;
30451;5083712;589410304;27709440;551620608;0;0;0;0;0;0;0;0;0;0;0;3687;0;0;0;0;0;0;
30452;3917416;589410304;27709440;551620608;0;0;0;0;0;0;0;0;0;0;0;4168;0;0;0;0;0;0;
30453;4563727;589410304;27709440;551620608;0;0;0;0;0;0;0;0;0;0;0;2615;0;0;0;0;0;0;
30454;4174026;589410304;27709440;551620608;0;0;0;0;0;0;0;0;0;0;0;4188;0;0;0;0;0;0;
30455;5017738;589410304;27709440;551620608;0;0;0;0;0;0;0;0;0;0;0;4088;0;0;0;0;0;0;
30456;4659857;589410304;27709440;551620608;0;0;0;0;0;0;0;0;0;0;0;5481;0;0;0;0;0;0;
30457;4954741;589410304;27709440;551620608;0;0;0;0;0;0;0;0;0;0;0;3036;0;0;0;0;0;0;
30458;13321469;589410304;27709440;551620608;0;0;0;0;0;0;0;0;0;0;0;6241;0;0;0;0;0;0;
30459;5779867;589410304;27717632;551628800;0;0;0;0;0;0;0;0;0;0;0;3156;0;0;0;0;0;0;
30460;4790993;589410304;27717632;551628800;0;0;0;0;0;0;0;0;0;0;0;4518;0;0;0;0;0;0;
30461;5356294;589410304;27717632;551628800;0;0;0;0;0;0;0;0;0;0;0;3908;0;0;0;0;0;0;
30462;3883241;589410304;27717632;551628800;0;0;0;0;0;0;0;0;0;0;0;4168;0;0;0;0;0;0;
30463;5399704;589410304;27717632;551628800;0;0;0;0;0;0;0;0;0;0;0;3948;0;0;0;0;0;0;
30464;4322044;589410304;27717632;551628800;0;0;0;0;0;0;0;0;0;0;0;4258;0;0;0;0;0;0;
30465;5225708;589410304;27717632;551628800;0;0;0;0;0;0;0;0;0;0;0;3948;0;0;0;0;0;0;
30466;4108644;589410304;27709440;551620608;0;0;0;0;0;0;0;0;0;0;0;3476;0;0;0;0;0;0;
30467;5124358;589410304;27709440;551620608;0;0;0;0;0;0;0;0;0;0;0;3246;0;0;0;0;0;0;
30468;4277370;589410304;27709440;551620608;0;0;0;0;0;0;0;0;0;0;0;4418;0;0;0;0;0;0;
30469;5445891;589410304;27709440;551620608;0;0;0;0;0;0;0;0;0;0;0;2395;0;0;0;0;0;0;
30470;4567144;589410304;27709440;551620608;0;0;0;0;0;0;0;0;0;0;0;3937;0;0;0;0;0;0;
30471;5495394;589410304;27709440;551620608;0;0;0;0;0;0;0;0;0;0;0;7634;0;0;0;0;0;0;
30472;4120045;589410304;27709440;551620608;0;0;0;0;0;0;0;0;0;0;0;4789;0;0;0;0;0;0;
30473;5859537;589410304;27709440;551620608;0;0;0;0;0;0;0;0;0;0;0;4929;0;0;0;0;0;0;
30474;4542657;589410304;27709440;551620608;0;0;0;0;0;0;0;0;0;0;0;4649;0;0;0;0;0;0;
30475;5219287;589410304;27709440;551620608;0;0;0;0;0;0;0;0;0;0;0;4087;0;0;0;0;0;0;
30476;4737202;589410304;27709440;551620608;0;0;0;0;0;0;0;0;0;0;0;4028;0;0;0;0;0;0;
30477;5452213;589410304;27709440;551620608;0;0;0;0;0;0;0;0;0;0;0;4468;0;0;0;0;0;0;
30478;3393713;589410304;27709440;551620608;0;0;0;0;0;0;0;0;0;0;0;4338;0;0;0;0;0;0;
30479;5104080;589410304;27709440;551620608;0;0;0;0;0;0;0;0;0;0;0;3717;0;0;0;0;0;0;
30480;3436433;589410304;27709440;551620608;0;0;0;0;0;0;0;0;0;0;0;4208;0;0;0;0;0;0;
30481;5393042;589410304;27709440;551620608;0;0;0;0;0;0;0;0;0;0;0;4278;0;0;0;0;0;0;
30482;3986565;589410304;27709440;551620608;0;0;0;0;0;0;0;0;0;0;0;4148;0;0;0;0;0;0;
30483;5314645;589410304;27709440;551620608;0;0;0;0;0;0;0;0;0;0;0;3276;0;0;0;0;0;0;
30484;4248857;589410304;27709440;551620608;0;0;0;0;0;0;0;0;0;0;0;4338;0;0;0;0;0;0;
30485;5436634;589410304;27709440;551620608;0;0;0;0;0;0;0;0;0;0;0;3838;0;0;0;0;0;0;
30486;3608246;589410304;27709440;551620608;0;0;0;0;0;0;0;0;0;0;0;5381;0;0;0;0;0;0;
30487;5753378;589410304;27709440;551620608;0;0;0;0;0;0;0;0;0;0;0;3396;0;0;0;0;0;0;
30488;3535308;589410304;27709440;551620608;0;0;0;0;0;0;0;0;0;0;0;3948;0;0;0;0;0;0;
30489;5741495;589410304;27709440;551620608;0;0;0;0;0;0;0;0;0;0;0;6683;0;0;0;0;0;0;
30490;3997085;589410304;27709440;551620608;0;0;0;0;0;0;0;0;0;0;0;4679;0;0;0;0;0;0;
30491;5992557;589410304;27709440;551620608;0;0;0;0;0;0;0;0;0;0;0;4779;0;0;0;0;0;0;
30492;4281719;589410304;27709440;551620608;0;0;0;0;0;0;0;0;0;0;0;3717;0;0;0;0;0;0;
30493;5924829;589410304;27709440;551620608;0;0;0;0;0;0;0;0;0;0;0;3427;0;0;0;0;0;0;
30494;3793834;589410304;27709440;551620608;0;0;0;0;0;0;0;0;0;0;0;4148;0;0;0;0;0;0;
30495;5282876;589410304;27709440;551620608;0;0;0;0;0;0;0;0;0;0;0;4559;0;0;0;0;0;0;
30496;4008196;589410304;27709440;551620608;0;0;0;0;0;0;0;0;0;0;0;4418;0;0;0;0;0;0;
30497;6082765;589410304;27709440;551620608;0;0;0;0;0;0;0;0;0;0;0;3817;0;0;0;0;0;0;
30498;4435607;589410304;27709440;551620608;0;0;0;0;0;0;0;0;0;0;0;4899;0;0;0;0;0;0;
30499;5566758;589410304;27709440;551620608;0;0;0;0;0;0;0;0;0;0;0;3717;0;0;0;0;0;0;
30500;3881147;589410304;27709440;551620608;0;0;0;0;0;0;0;0;0;0;0;4429;0;0;0;0;0;0;
30501;5339562;589410304;27709440;551620608;0;0;0;0;0;0;0;0;0;0;0;4668;0;0;0;0;0;0;
30502;4703239;589410304;27709440;551620608;0;0;0;0;0;0;0;0;0;0;0;4238;0;0;0;0;0;0;
30503;4929964;589410304;27709440;551620608;0;0;0;0;0;0;0;0;0;0;0;2915;0;0;0;0;0;0;
30504;4117831;589410304;27709440;551620608;0;0;0;0;0;0;0;0;0;0;0;3888;0;0;0;0;0;0;
30505;4993743;589410304;27709440;551620608;0;0;0;0;0;0;0;0;0;0;0;3155;0;0;0;0;0;0;
30506;4857999;589410304;27709440;551620608;0;0;0;0;0;0;0;0;0;0;0;3727;0;0;0;0;0;0;
30507;5632000;589410304;27709440;551620608;0;0;0;0;0;0;0;0;0;0;0;4128;0;0;0;0;0;0;
30508;3916273;589410304;27709440;551620608;0;0;0;0;0;0;0;0;0;0;0;4669;0;0;0;0;0;0;
30509;5412959;589410304;27709440;551620608;0;0;0;0;0;0;0;0;0;0;0;5280;0;0;0;0;0;0;
30510;4315252;589410304;27709440;551620608;0;0;0;0;0;0;0;0;0;0;0;3827;0;0;0;0;0;0;
30511;5378956;589410304;27709440;551620608;0;0;0;0;0;0;0;0;0;0;0;4679;0;0;0;0;0;0;
30512;3463655;589410304;27709440;551620608;0;0;0;0;0;0;0;0;0;0;0;4569;0;0;0;0;0;0;
30513;5355152;589410304;27709440;551620608;0;0;0;0;0;0;0;0;0;0;0;5190;0;0;0;0;0;0;
30514;4428073;589410304;27709440;551620608;0;0;0;0;0;0;0;0;0;0;0;4268;0;0;0;0;0;0;
30515;6003427;589410304;27709440;551620608;0;0;0;0;0;0;0;0;0;0;0;3456;0;0;0;0;0;0;
30516;4593172;589410304;27709440;551620608;0;0;0;0;0;0;0;0;0;0;0;4047;0;0;0;0;0;0;
30517;5193778;589410304;27709440;551620608;0;0;0;0;0;0;0;0;0;0;0;3666;0;0;0;0;0;0;
30518;3313644;589410304;27709440;551620608;0;0;0;0;0;0;0;0;0;0;0;5921;0;0;0;0;0;0;
30519;5123758;589410304;27709440;551620608;0;0;0;0;0;0;0;0;0;0;0;3647;0;0;0;0;0;0;
30520;3620218;589410304;27709440;551620608;0;0;0;0;0;0;0;0;0;0;0;4028;0;0;0;0;0;0;
30521;5332909;589410304;27709440;551620608;0;0;0;0;0;0;0;0;0;0;0;5180;0;0;0;0;0;0;
30522;3446773;589410304;27709440;551620608;0;0;0;0;0;0;0;0;0;0;0;4158;0;0;0;0;0;0;
30523;5344071;589410304;27709440;551620608;0;0;0;0;0;0;0;0;0;0;0;3927;0;0;0;0;0;0;
30524;3953693;589410304;27709440;551620608;0;0;0;0;0;0;0;0;0;0;0;4869;0;0;0;0;0;0;
30525;5675542;589410304;27709440;551620608;0;0;0;0;0;0;0;0;0;0;0;4609;0;0;0;0;0;0;
30526;3551049;589410304;27709440;551620608;0;0;0;0;0;0;0;0;0;0;0;4288;0;0;0;0;0;0;
30527;5650696;589410304;27709440;551620608;0;0;0;0;0;0;0;0;0;0;0;4819;0;0;0;0;0;0;
30528;3893641;589410304;27709440;551620608;0;0;0;0;0;0;0;0;0;0;0;3917;0;0;0;0;0;0;
30529;5256597;589410304;27709440;551620608;0;0;0;0;0;0;0;0;0;0;0;4468;0;0;0;0;0;0;
30530;4230773;589410304;27709440;551620608;0;0;0;0;0;0;0;0;0;0;0;3126;0;0;0;0;0;0;
30531;5524269;589410304;27709440;551620608;0;0;0;0;0;0;0;0;0;0;0;4829;0;0;0;0;0;0;
30532;4071935;589410304;27709440;551620608;0;0;0;0;0;0;0;0;0;0;0;4759;0;0;0;0;0;0;
30533;5242621;589410304;27709440;551620608;0;0;0;0;0;0;0;0;0;0;0;3727;0;0;0;0;0;0;
30534;3620348;589410304;27709440;551620608;0;0;0;0;0;0;0;0;0;0;0;4178;0;0;0;0;0;0;
30535;6056175;589410304;27709440;551620608;0;0;0;0;0;0;0;0;0;0;0;4147;0;0;0;0;0;0;
30536;4124113;589410304;27709440;551620608;0;0;0;0;0;0;0;0;0;0;0;6232;0;0;0;0;0;0;
30537;5130039;589410304;27709440;551620608;0;0;0;0;0;0;0;0;0;0;0;3356;0;0;0;0;0;0;
30538;3579873;589410304;27709440;551620608;0;0;0;0;0;0;0;0;0;0;0;5280;0;0;0;0;0;0;
30539;4784000;589410304;27709440;551620608;0;0;0;0;0;0;0;0;0;0;0;2926;0;0;0;0;0;0;
30540;3673508;589410304;27709440;551620608;0;0;0;0;0;0;0;0;0;0;0;4528;0;0;0;0;0;0;
30541;5346805;589410304;27709440;551620608;0;0;0;0;0;0;0;0;0;0;0;3236;0;0;0;0;0;0;
30542;4603412;589410304;27709440;551620608;0;0;0;0;0;0;0;0;0;0;0;4658;0;0;0;0;0;0;
30543;6287008;595218432;42524672;566435840;0;0;0;0;0;0;0;0;0;0;0;3958;0;0;0;0;0;0;
30544;3492278;595218432;42524672;566435840;0;0;0;0;0;0;0;0;0;0;0;4258;0;0;0;0;0;0;
30545;5770641;601509888;42524672;566435840;0;0;0;0;0;0;0;0;0;0;0;4399;0;0;0;0;0;0;
30546;4039825;601509888;42524672;566435840;0;0;0;0;0;0;0;0;0;0;0;4068;0;0;0;0;0;0;
30547;5153653;601509888;42524672;566435840;0;0;0;0;0;0;0;0;0;0;0;2685;0;0;0;0;0;0;
30548;4319149;601509888;42524672;566435840;0;0;0;0;0;0;0;0;0;0;0;4408;0;0;0;0;0;0;
30549;5474816;601509888;42524672;566435840;0;0;0;0;0;0;0;0;0;0;0;4849;0;0;0;0;0;0;
30550;4515367;589398016;28155904;552067072;0;0;0;0;0;0;0;0;0;0;0;5600;0;0;0;0;0;0;
30551;5730715;589398016;28155904;552067072;0;0;0;0;0;0;0;0;0;0;0;3507;0;0;0;0;0;0;
30552;4532519;589398016;28155904;552067072;0;0;0;0;0;0;0;0;0;0;0;4147;0;0;0;0;0;0;
30553;5180383;589398016;28155904;552067072;0;0;0;0;0;0;0;0;0;0;0;2866;0;0;0;0;0;0;
30554;3247038;589398016;28155904;552067072;0;0;0;0;0;0;0;0;0;0;0;4058;0;0;0;0;0;0;
30555;4838473;589398016;28155904;552067072;0;0;0;0;0;0;0;0;0;0;0;3066;0;0;0;0;0;0;
30556;3780870;589398016;28155904;552067072;0;0;0;0;0;0;0;0;0;0;0;4759;0;0;0;0;0;0;
30557;5323291;589398016;28155904;552067072;0;0;0;0;0;0;0;0;0;0;0;4308;0;0;0;0;0;0;
30558;4364744;589398016;28155904;552067072;0;0;0;0;0;0;0;0;0;0;0;5160;0;0;0;0;0;0;
30559;5554375;589398016;28155904;552067072;0;0;0;0;0;0;0;0;0;0;0;4017;0;0;0;0;0;0;
30560;4484950;589398016;28155904;552067072;0;0;0;0;0;0;0;0;0;0;0;4599;0;0;0;0;0;0;
30561;5666966;589398016;28155904;552067072;0;0;0;0;0;0;0;0;0;0;0;4819;0;0;0;0;0;0;
30562;4124704;589398016;28155904;552067072;0;0;0;0;0;0;0;0;0;0;0;3416;0;0;0;0;0;0;
30563;5427387;589398016;28155904;552067072;0;0;0;0;0;0;0;0;0;0;0;3026;0;0;0;0;0;0;
30564;3723201;589398016;28155904;552067072;0;0;0;0;0;0;0;0;0;0;0;3957;0;0;0;0;0;0;
30565;5095034;589398016;28155904;552067072;0;0;0;0;0;0;0;0;0;0;0;5190;0;0;0;0;0;0;
30566;3417979;589398016;28155904;552067072;0;0;0;0;0;0;0;0;0;0;0;4028;0;0;0;0;0;0;
30567;6286768;595206144;42524672;566435840;0;0;0;0;0;0;0;0;0;0;0;5120;0;0;0;0;0;0;
30568;3957631;595206144;42524672;566435840;0;0;0;0;0;0;0;0;0;0;0;5160;0;0;0;0;0;0;
30569;6492694;601497600;42524672;566435840;0;0;0;0;0;0;0;0;0;0;0;3968;0;0;0;0;0;0;
30570;4072166;601497600;42524672;566435840;0;0;0;0;0;0;0;0;0;0;0;4809;0;0;0;0;0;0;
30571;5446512;601497600;42524672;566435840;0;0;0;0;0;0;0;0;0;0;0;3617;0;0;0;0;0;0;
30572;5136761;601497600;42524672;566435840;0;0;0;0;0;0;0;0;0;0;0;5480;0;0;0;0;0;0;
30573;5400967;601497600;42524672;566435840;0;0;0;0;0;0;0;0;0;0;0;3687;0;0;0;0;0;0;
30574;4802384;589430784;27709440;551620608;0;0;0;0;0;0;0;0;0;0;0;3908;0;0;0;0;0;0;
30575;5051752;589430784;27709440;551620608;0;0;0;0;0;0;0;0;0;0;0;2835;0;0;0;0;0;0;
30576;4253135;589430784;27709440;551620608;0;0;0;0;0;0;0;0;0;0;0;3297;0;0;0;0;0;0;
30577;5082039;589430784;27709440;551620608;0;0;0;0;0;0;0;0;0;0;0;2865;0;0;0;0;0;0;
30578;4008797;589430784;27709440;551620608;0;0;0;0;0;0;0;0;0;0;0;4027;0;0;0;0;0;0;
30579;5213585;589430784;27709440;551620608;0;0;0;0;0;0;0;0;0;0;0;2995;0;0;0;0;0;0;
30580;3559264;589430784;27709440;551620608;0;0;0;0;0;0;0;0;0;0;0;4017;0;0;0;0;0;0;
30581;5135940;589430784;27709440;551620608;0;0;0;0;0;0;0;0;0;0;0;5129;0;0;0;0;0;0;
30582;3686903;589430784;27709440;551620608;0;0;0;0;0;0;0;0;0;0;0;3857;0;0;0;0;0;0;
30583;5223044;589430784;27709440;551620608;0;0;0;0;0;0;0;0;0;0;0;4689;0;0;0;0;0;0;
30584;3280672;589430784;27709440;551620608;0;0;0;0;0;0;0;0;0;0;0;3787;0;0;0;0;0;0;
30585;5406017;589430784;27709440;551620608;0;0;0;0;0;0;0;0;0;0;0;3066;0;0;0;0;0;0;
30586;4124784;589430784;27709440;551620608;0;0;0;0;0;0;0;0;0;0;0;3988;0;0;0;0;0;0;
30587;5399995;589430784;27709440;551620608;0;0;0;0;0;0;0;0;0;0;0;4979;0;0;0;0;0;0;
30588;3468423;589430784;27709440;551620608;0;0;0;0;0;0;0;0;0;0;0;4018;0;0;0;0;0;0;
30589;5885816;589430784;27709440;551620608;0;0;0;0;0;0;0;0;0;0;0;4037;0;0;0;0;0;0;
30590;4099737;589430784;27709440;551620608;0;0;0;0;0;0;0;0;0;0;0;3987;0;0;0;0;0;0;
30591;6682800;595238912;42524672;566435840;0;0;0;0;0;0;0;0;0;0;0;3707;0;0;0;0;0;0;
30592;3842225;595238912;42524672;566435840;0;0;0;0;0;0;0;0;0;0;0;4368;0;0;0;0;0;0;
30593;5931161;601530368;42524672;566435840;0;0;0;0;0;0;0;0;0;0;0;3086;0;0;0;0;0;0;
30594;3800706;601530368;42524672;566435840;0;0;0;0;0;0;0;0;0;0;0;4078;0;0;0;0;0;0;
30595;5241609;601530368;42524672;566435840;0;0;0;0;0;0;0;0;0;0;0;4268;0;0;0;0;0;0;
30596;3846282;601530368;42524672;566435840;0;0;0;0;0;0;0;0;0;0;0;4699;0;0;0;0;0;0;
30597;5546551;601530368;42524672;566435840;0;0;0;0;0;0;0;0;0;0;0;7354;0;0;0;0;0;0;
30598;3867041;589406208;28155904;552067072;0;0;0;0;0;0;0;0;0;0;0;3917;0;0;0;0;0;0;
30599;6490750;589406208;28155904;552067072;0;0;0;0;0;0;0;0;0;0;0;2905;0;0;0;0;0;0;
30600;4432731;589406208;28155904;552067072;0;0;0;0;0;0;0;0;0;0;0;4278;0;0;0;0;0;0;
30601;5612334;589406208;28155904;552067072;0;0;0;0;0;0;0;0;0;0;0;4538;0;0;0;0;0;0;
30602;4029286;589406208;28155904;552067072;0;0;0;0;0;0;0;0;0;0;0;3848;0;0;0;0;0;0;
30603;5372493;589406208;28155904;552067072;0;0;0;0;0;0;0;0;0;0;0;5430;0;0;0;0;0;0;
30604;3757846;589406208;28155904;552067072;0;0;0;0;0;0;0;0;0;0;0;4719;0;0;0;0;0;0;
30605;5785358;589406208;28155904;552067072;0;0;0;0;0;0;0;0;0;0;0;3586;0;0;0;0;0;0;
30606;4170059;589406208;28155904;552067072;0;0;0;0;0;0;0;0;0;0;0;4298;0;0;0;0;0;0;
30607;5831515;589406208;28155904;552067072;0;0;0;0;0;0;0;0;0;0;0;4768;0;0;0;0;0;0;
30608;3741465;589406208;28155904;552067072;0;0;0;0;0;0;0;0;0;0;0;4588;0;0;0;0;0;0;
30609;5803572;589406208;28155904;552067072;0;0;0;0;0;0;0;0;0;0;0;3166;0;0;0;0;0;0;
30610;4506179;589406208;28155904;552067072;0;0;0;0;0;0;0;0;0;0;0;4368;0;0;0;0;0;0;
30611;5189090;589406208;28155904;552067072;0;0;0;0;0;0;0;0;0;0;0;5020;0;0;0;0;0;0;
30612;4242365;589406208;28155904;552067072;0;0;0;0;0;0;0;0;0;0;0;3226;0;0;0;0;0;0;
30613;5539367;589406208;28155904;552067072;0;0;0;0;0;0;0;0;0;0;0;3997;0;0;0;0;0;0;
30614;4697739;589406208;28155904;552067072;0;0;0;0;0;0;0;0;0;0;0;3857;0;0;0;0;0;0;
30615;4866305;589406208;28155904;552067072;0;0;0;0;0;0;0;0;0;0;0;3346;0;0;0;0;0;0;
30616;4504095;589406208;28155904;552067072;0;0;0;0;0;0;0;0;0;0;0;3858;0;0;0;0;0;0;
30617;5293827;589406208;28155904;552067072;0;0;0;0;0;0;0;0;0;0;0;4148;0;0;0;0;0;0;
30618;4461806;589406208;28155904;552067072;0;0;0;0;0;0;0;0;0;0;0;3847;0;0;0;0;0;0;
30619;5115091;589406208;28155904;552067072;0;0;0;0;0;0;0;0;0;0;0;2855;0;0;0;0;0;0;
30620;4538661;589406208;28155904;552067072;0;0;0;0;0;0;0;0;0;0;0;4418;0;0;0;0;0;0;
30621;5359590;589406208;28155904;552067072;0;0;0;0;0;0;0;0;0;0;0;5640;0;0;0;0;0;0;
30622;4357311;589406208;28155904;552067072;0;0;0;0;0;0;0;0;0;0;0;4679;0;0;0;0;0;0;
30623;5281834;589406208;28155904;552067072;0;0;0;0;0;0;0;0;0;0;0;4138;0;0;0;0;0;0;
30624;4475962;589406208;28155904;552067072;0;0;0;0;0;0;0;0;0;0;0;4949;0;0;0;0;0;0;
30625;5612734;589406208;28155904;552067072;0;0;0;0;0;0;0;0;0;0;0;4198;0;0;0;0;0;0;
30626;4026660;589406208;28155904;552067072;0;0;0;0;0;0;0;0;0;0;0;6832;0;0;0;0;0;0;
30627;5303033;589406208;28155904;552067072;0;0;0;0;0;0;0;0;0;0;0;4007;0;0;0;0;0;0;
30628;3586134;589406208;28155904;552067072;0;0;0;0;0;0;0;0;0;0;0;3928;0;0;0;0;0;0;
30629;5412719;589406208;28155904;552067072;0;0;0;0;0;0;0;0;0;0;0;3747;0;0;0;0;0;0;
30630;3663369;589406208;28155904;552067072;0;0;0;0;0;0;0;0;0;0;0;4479;0;0;0;0;0;0;
30631;5279680;589406208;28155904;552067072;0;0;0;0;0;0;0;0;0;0;0;4468;0;0;0;0;0;0;
30632;4018645;589406208;28155904;552067072;0;0;0;0;0;0;0;0;0;0;0;4608;0;0;0;0;0;0;
30633;5614207;589406208;28155904;552067072;0;0;0;0;0;0;0;0;0;0;0;4218;0;0;0;0;0;0;
30634;4712356;589406208;28155904;552067072;0;0;0;0;0;0;0;0;0;0;0;4248;0;0;0;0;0;0;
30635;5632141;589406208;28155904;552067072;0;0;0;0;0;0;0;0;0;0;0;3577;0;0;0;0;0;0;
30636;4497072;589406208;28155904;552067072;0;0;0;0;0;0;0;0;0;0;0;6042;0;0;0;0;0;0;
30637;4997220;589406208;28155904;552067072;0;0;0;0;0;0;0;0;0;0;0;3527;0;0;0;0;0;0;
30638;4162835;589406208;28155904;552067072;0;0;0;0;0;0;0;0;0;0;0;3807;0;0;0;0;0;0;
30639;4840175;589406208;28155904;552067072;0;0;0;0;0;0;0;0;0;0;0;3186;0;0;0;0;0;0;
30640;4129593;589406208;28155904;552067072;0;0;0;0;0;0;0;0;0;0;0;4178;0;0;0;0;0;0;
30641;4656872;589406208;28155904;552067072;0;0;0;0;0;0;0;0;0;0;0;2405;0;0;0;0;0;0;
30642;4094698;589406208;28155904;552067072;0;0;0;0;0;0;0;0;0;0;0;4368;0;0;0;0;0;0;
30643;4835377;589406208;28155904;552067072;0;0;0;0;0;0;0;0;0;0;0;2545;0;0;0;0;0;0;
30644;4690875;589406208;28155904;552067072;0;0;0;0;0;0;0;0;0;0;0;5079;0;0;0;0;0;0;
30645;5225528;589406208;28155904;552067072;0;0;0;0;0;0;0;0;0;0;0;2785;0;0;0;0;0;0;
30646;4226074;589406208;28155904;552067072;0;0;0;0;0;0;0;0;0;0;0;4909;0;0;0;0;0;0;
30647;5328532;589406208;28155904;552067072;0;0;0;0;0;0;0;0;0;0;0;2845;0;0;0;0;0;0;
30648;5010024;589406208;28155904;552067072;0;0;0;0;0;0;0;0;0;0;0;4648;0;0;0;0;0;0;
30649;5509461;589406208;28155904;552067072;0;0;0;0;0;0;0;0;0;0;0;3968;0;0;0;0;0;0;
30650;4874680;589406208;28155904;552067072;0;0;0;0;0;0;0;0;0;0;0;3977;0;0;0;0;0;0;
30651;5760562;589406208;28155904;552067072;0;0;0;0;0;0;0;0;0;0;0;4418;0;0;0;0;0;0;
30652;4343875;589406208;28155904;552067072;0;0;0;0;0;0;0;0;0;0;0;5330;0;0;0;0;0;0;
30653;5656245;589406208;28155904;552067072;0;0;0;0;0;0;0;0;0;0;0;4247;0;0;0;0;0;0;
30654;4321232;589406208;28155904;552067072;0;0;0;0;0;0;0;0;0;0;0;4308;0;0;0;0;0;0;
30655;5791289;589406208;28155904;552067072;0;0;0;0;0;0;0;0;0;0;0;4227;0;0;0;0;0;0;
30656;3667457;589406208;28155904;552067072;0;0;0;0;0;0;0;0;0;0;0;4879;0;0;0;0;0;0;
30657;5623124;589406208;28155904;552067072;0;0;0;0;0;0;0;0;0;0;0;3897;0;0;0;0;0;0;
30658;4348163;589406208;28155904;552067072;0;0;0;0;0;0;0;0;0;0;0;8757;0;0;0;0;0;0;
30659;5172088;589406208;28155904;552067072;0;0;0;0;0;0;0;0;0;0;0;3366;0;0;0;0;0;0;
30660;4003456;589406208;28155904;552067072;0;0;0;0;0;0;0;0;0;0;0;4729;0;0;0;0;0;0;
30661;5119038;589406208;28155904;552067072;0;0;0;0;0;0;0;0;0;0;0;4308;0;0;0;0;0;0;
30662;3429671;589406208;28155904;552067072;0;0;0;0;0;0;0;0;0;0;0;3647;0;0;0;0;0;0;
30663;5148193;589406208;28155904;552067072;0;0;0;0;0;0;0;0;0;0;0;3898;0;0;0;0;0;0;
30664;3881228;589406208;28155904;552067072;0;0;0;0;0;0;0;0;0;0;0;3777;0;0;0;0;0;0;
30665;10477486;589406208;28155904;552067072;0;0;0;0;0;0;0;0;0;0;0;2024;0;0;0;0;0;0;
30666;4199474;589406208;28155904;552067072;0;0;0;0;0;0;0;0;0;0;0;2926;0;0;0;0;0;0;
30667;5415835;589406208;28164096;552075264;0;0;0;0;0;0;0;0;0;0;0;4468;0;0;0;0;0;0;
30668;3858705;589406208;28164096;552075264;0;0;0;0;0;0;0;0;0;0;0;4899;0;0;0;0;0;0;
30669;4618159;589406208;28164096;552075264;0;0;0;0;0;0;0;0;0;0;0;2885;0;0;0;0;0;0;
30670;4300574;589406208;28164096;552075264;0;0;0;0;0;0;0;0;0;0;0;3346;0;0;0;0;0;0;
30671;5089864;589406208;28164096;552075264;0;0;0;0;0;0;0;0;0;0;0;2544;0;0;0;0;0;0;
30672;4126388;589406208;28164096;552075264;0;0;0;0;0;0;0;0;0;0;0;3476;0;0;0;0;0;0;
30673;5594941;589406208;28164096;552075264;0;0;0;0;0;0;0;0;0;0;0;2745;0;0;0;0;0;0;
30674;3509321;589422592;28160000;552071168;0;0;0;0;0;0;0;0;0;0;0;3367;0;0;0;0;0;0;
30675;4907892;589422592;28160000;552071168;0;0;0;0;0;0;0;0;0;0;0;2635;0;0;0;0;0;0;
30676;3577388;589422592;28160000;552071168;0;0;0;0;0;0;0;0;0;0;0;3917;0;0;0;0;0;0;
30677;5106475;589422592;28160000;552071168;0;0;0;0;0;0;0;0;0;0;0;2815;0;0;0;0;0;0;
30678;3730445;589422592;28160000;552071168;0;0;0;0;0;0;0;0;0;0;0;3768;0;0;0;0;0;0;
30679;5820875;589422592;28160000;552071168;0;0;0;0;0;0;0;0;0;0;0;6041;0;0;0;0;0;0;
30680;3594711;589422592;28160000;552071168;0;0;0;0;0;0;0;0;0;0;0;4849;0;0;0;0;0;0;
30681;6158207;589422592;28160000;552071168;0;0;0;0;0;0;0;0;0;0;0;4729;0;0;0;0;0;0;
30682;4662732;589422592;28160000;552071168;0;0;0;0;0;0;0;0;0;0;0;3637;0;0;0;0;0;0;
30683;5455329;589422592;28160000;552071168;0;0;0;0;0;0;0;0;0;0;0;5270;0;0;0;0;0;0;
30684;3866660;589422592;28160000;552071168;0;0;0;0;0;0;0;0;0;0;0;3697;0;0;0;0;0;0;
30685;5793994;589422592;28160000;552071168;0;0;0;0;0;0;0;0;0;0;0;5060;0;0;0;0;0;0;
30686;4189455;589422592;28160000;552071168;0;0;0;0;0;0;0;0;0;0;0;4980;0;0;0;0;0;0;
30687;5241969;589422592;28160000;552071168;0;0;0;0;0;0;0;0;0;0;0;4920;0;0;0;0;0;0;
30688;3400376;589422592;28160000;552071168;0;0;0;0;0;0;0;0;0;0;0;3858;0;0;0;0;0;0;
30689;5540329;589422592;28160000;552071168;0;0;0;0;0;0;0;0;0;0;0;5540;0;0;0;0;0;0;
30690;4025639;589422592;28160000;552071168;0;0;0;0;0;0;0;0;0;0;0;3917;0;0;0;0;0;0;
30691;6279935;595230720;42528768;566439936;0;0;0;0;0;0;0;0;0;0;0;4057;0;0;0;0;0;0;
30692;4339938;595230720;42528768;566439936;0;0;0;0;0;0;0;0;0;0;0;3998;0;0;0;0;0;0;
30693;5614027;601522176;42528768;566439936;0;0;0;0;0;0;0;0;0;0;0;4618;0;0;0;0;0;0;
30694;4312246;601522176;42528768;566439936;0;0;0;0;0;0;0;0;0;0;0;4058;0;0;0;0;0;0;
30695;5580444;601522176;42528768;566439936;0;0;0;0;0;0;0;0;0;0;0;4087;0;0;0;0;0;0;
30696;4132569;601522176;42528768;566439936;0;0;0;0;0;0;0;0;0;0;0;5911;0;0;0;0;0;0;
30697;5393964;601522176;42528768;566439936;0;0;0;0;0;0;0;0;0;0;0;5160;0;0;0;0;0;0;
30698;4770976;589455360;27713536;551624704;0;0;0;0;0;0;0;0;0;0;0;4429;0;0;0;0;0;0;
30699;5258640;589455360;27713536;551624704;0;0;0;0;0;0;0;0;0;0;0;3937;0;0;0;0;0;0;
30700;4834294;589455360;27713536;551624704;0;0;0;0;0;0;0;0;0;0;0;3747;0;0;0;0;0;0;
30701;4951644;589455360;27713536;551624704;0;0;0;0;0;0;0;0;0;0;0;4118;0;0;0;0;0;0;
30702;4506309;589455360;27713536;551624704;0;0;0;0;0;0;0;0;0;0;0;3407;0;0;0;0;0;0;
30703;5126653;589455360;27713536;551624704;0;0;0;0;0;0;0;0;0;0;0;4538;0;0;0;0;0;0;
30704;4873698;589455360;27713536;551624704;0;0;0;0;0;0;0;0;0;0;0;3867;0;0;0;0;0;0;
30705;5800827;589455360;27713536;551624704;0;0;0;0;0;0;0;0;0;0;0;3998;0;0;0;0;0;0;
30706;3630116;589455360;27713536;551624704;0;0;0;0;0;0;0;0;0;0;0;3526;0;0;0;0;0;0;
30707;5346084;589455360;27713536;551624704;0;0;0;0;0;0;0;0;0;0;0;4077;0;0;0;0;0;0;
30708;3419231;589455360;27713536;551624704;0;0;0;0;0;0;0;0;0;0;0;4288;0;0;0;0;0;0;
30709;5156518;589455360;27713536;551624704;0;0;0;0;0;0;0;0;0;0;0;3146;0;0;0;0;0;0;
30710;4572193;589455360;27713536;551624704;0;0;0;0;0;0;0;0;0;0;0;3146;0;0;0;0;0;0;
30711;5681783;589455360;27713536;551624704;0;0;0;0;0;0;0;0;0;0;0;4248;0;0;0;0;0;0;
30712;4030898;589455360;27713536;551624704;0;0;0;0;0;0;0;0;0;0;0;4378;0;0;0;0;0;0;
30713;5198166;589455360;27713536;551624704;0;0;0;0;0;0;0;0;0;0;0;4479;0;0;0;0;0;0;
30714;3935930;589455360;27713536;551624704;0;0;0;0;0;0;0;0;0;0;0;4127;0;0;0;0;0;0;
30715;7233664;595263488;42528768;566439936;0;0;0;0;0;0;0;0;0;0;0;3907;0;0;0;0;0;0;
30716;4074580;595263488;42528768;566439936;0;0;0;0;0;0;0;0;0;0;0;3376;0;0;0;0;0;0;
30717;5819793;601554944;42528768;566439936;0;0;0;0;0;0;0;0;0;0;0;4689;0;0;0;0;0;0;
30718;3944065;601554944;42528768;566439936;0;0;0;0;0;0;0;0;0;0;0;5520;0;0;0;0;0;0;
30719;5531442;601554944;42528768;566439936;0;0;0;0;0;0;0;0;0;0;0;4478;0;0;0;0;0;0;
30720;3841744;601554944;42528768;566439936;0;0;0;0;0;0;0;0;0;0;0;5090;0;0;0;0;0;0;
30721;5265473;601554944;42528768;566439936;0;0;0;0;0;0;0;0;0;0;0;4318;0;0;0;0;0;0;
30722;3923587;589430784;28160000;552071168;0;0;0;0;0;0;0;0;0;0;0;3306;0;0;0;0;0;0;
30723;5212754;589430784;28160000;552071168;0;0;0;0;0;0;0;0;0;0;0;4048;0;0;0;0;0;0;
30724;4031729;589430784;28160000;552071168;0;0;0;0;0;0;0;0;0;0;0;4278;0;0;0;0;0;0;
30725;5174041;589430784;28160000;552071168;0;0;0;0;0;0;0;0;0;0;0;3747;0;0;0;0;0;0;
30726;5484855;589430784;28160000;552071168;0;0;0;0;0;0;0;0;0;0;0;4368;0;0;0;0;0;0;
30727;4972894;589430784;28160000;552071168;0;0;0;0;0;0;0;0;0;0;0;2905;0;0;0;0;0;0;
30728;4683812;589430784;28160000;552071168;0;0;0;0;0;0;0;0;0;0;0;3877;0;0;0;0;0;0;
30729;4903194;589430784;28160000;552071168;0;0;0;0;0;0;0;0;0;0;0;3587;0;0;0;0;0;0;
30730;4748003;589430784;28160000;552071168;0;0;0;0;0;0;0;0;0;0;0;4318;0;0;0;0;0;0;
30731;5126332;589430784;28160000;552071168;0;0;0;0;0;0;0;0;0;0;0;4208;0;0;0;0;0;0;
30732;4170610;589430784;28160000;552071168;0;0;0;0;0;0;0;0;0;0;0;5310;0;0;0;0;0;0;
30733;5273929;589430784;28160000;552071168;0;0;0;0;0;0;0;0;0;0;0;3297;0;0;0;0;0;0;
30734;3529227;589430784;28160000;552071168;0;0;0;0;0;0;0;0;0;0;0;4218;0;0;0;0;0;0;
30735;4872677;589430784;28160000;552071168;0;0;0;0;0;0;0;0;0;0;0;4378;0;0;0;0;0;0;
30736;3511144;589430784;28160000;552071168;0;0;0;0;0;0;0;0;0;0;0;4198;0;0;0;0;0;0;
30737;5461220;589430784;28160000;552071168;0;0;0;0;0;0;0;0;0;0;0;5019;0;0;0;0;0;0;
30738;3703815;589430784;28160000;552071168;0;0;0;0;0;0;0;0;0;0;0;4729;0;0;0;0;0;0;
30739;6285235;595238912;42528768;566439936;0;0;0;0;0;0;0;0;0;0;0;4859;0;0;0;0;0;0;
30740;4191920;595238912;42528768;566439936;0;0;0;0;0;0;0;0;0;0;0;3947;0;0;0;0;0;0;
30741;6148008;601530368;42528768;566439936;0;0;0;0;0;0;0;0;0;0;0;3997;0;0;0;0;0;0;
30742;3772904;601530368;42528768;566439936;0;0;0;0;0;0;0;0;0;0;0;3787;0;0;0;0;0;0;
30743;5493691;601530368;42528768;566439936;0;0;0;0;0;0;0;0;0;0;0;3557;0;0;0;0;0;0;
30744;4456726;601530368;42528768;566439936;0;0;0;0;0;0;0;0;0;0;0;3256;0;0;0;0;0;0;
30745;5456862;601530368;42528768;566439936;0;0;0;0;0;0;0;0;0;0;0;4508;0;0;0;0;0;0;
30746;4863519;589463552;27713536;551624704;0;0;0;0;0;0;0;0;0;0;0;3536;0;0;0;0;0;0;
30747;5879394;589463552;27713536;551624704;0;0;0;0;0;0;0;0;0;0;0;3537;0;0;0;0;0;0;
30748;4045535;589463552;27713536;551624704;0;0;0;0;0;0;0;0;0;0;0;5140;0;0;0;0;0;0;
30749;5211812;589463552;27713536;551624704;0;0;0;0;0;0;0;0;0;0;0;4759;0;0;0;0;0;0;
30750;3537273;589463552;27713536;551624704;0;0;0;0;0;0;0;0;0;0;0;4809;0;0;0;0;0;0;
30751;5612964;589463552;27713536;551624704;0;0;0;0;0;0;0;0;0;0;0;5120;0;0;0;0;0;0;
30752;4572143;589463552;27713536;551624704;0;0;0;0;0;0;0;0;0;0;0;5460;0;0;0;0;0;0;
30753;5355712;589463552;27713536;551624704;0;0;0;0;0;0;0;0;0;0;0;4939;0;0;0;0;0;0;
30754;5092940;589463552;27713536;551624704;0;0;0;0;0;0;0;0;0;0;0;4218;0;0;0;0;0;0;
30755;5528586;589463552;27713536;551624704;0;0;0;0;0;0;0;0;0;0;0;3337;0;0;0;0;0;0;
30756;4264075;589463552;27713536;551624704;0;0;0;0;0;0;0;0;0;0;0;6052;0;0;0;0;0;0;
30757;5326627;589463552;27713536;551624704;0;0;0;0;0;0;0;0;0;0;0;3426;0;0;0;0;0;0;
30758;4183584;589463552;27713536;551624704;0;0;0;0;0;0;0;0;0;0;0;3336;0;0;0;0;0;0;
30759;4792015;589463552;27713536;551624704;0;0;0;0;0;0;0;0;0;0;0;2405;0;0;0;0;0;0;
30760;3616932;589463552;27713536;551624704;0;0;0;0;0;0;0;0;0;0;0;5841;0;0;0;0;0;0;
30761;4840306;589463552;27713536;551624704;0;0;0;0;0;0;0;0;0;0;0;3597;0;0;0;0;0;0;
30762;3742938;589463552;27713536;551624704;0;0;0;0;0;0;0;0;0;0;0;4558;0;0;0;0;0;0;
30763;5292824;589463552;27713536;551624704;0;0;0;0;0;0;0;0;0;0;0;3807;0;0;0;0;0;0;
30764;4044955;589463552;27713536;551624704;0;0;0;0;0;0;0;0;0;0;0;4268;0;0;0;0;0;0;
30765;5606733;589463552;27713536;551624704;0;0;0;0;0;0;0;0;0;0;0;3457;0;0;0;0;0;0;
30766;4580077;589463552;27713536;551624704;0;0;0;0;0;0;0;0;0;0;0;3988;0;0;0;0;0;0;
30767;5420754;589463552;27713536;551624704;0;0;0;0;0;0;0;0;0;0;0;5491;0;0;0;0;0;0;
30768;3782031;589463552;27713536;551624704;0;0;0;0;0;0;0;0;0;0;0;4158;0;0;0;0;0;0;
30769;6103795;589463552;27713536;551624704;0;0;0;0;0;0;0;0;0;0;0;4308;0;0;0;0;0;0;
30770;4373701;589463552;27713536;551624704;0;0;0;0;0;0;0;0;0;0;0;3677;0;0;0;0;0;0;
30771;5321418;589463552;27717632;551628800;0;0;0;0;0;0;0;0;0;0;0;7434;0;0;0;0;0;0;
30772;3895123;589463552;27721728;551632896;0;0;0;0;0;0;0;0;0;0;0;4809;0;0;0;0;0;0;
30773;5424942;589463552;27721728;551632896;0;0;0;0;0;0;0;0;0;0;0;7023;0;0;0;0;0;0;
30774;4386184;589463552;27721728;551632896;0;0;0;0;0;0;0;0;0;0;0;4118;0;0;0;0;0;0;
30775;5953333;589463552;27721728;551632896;0;0;0;0;0;0;0;0;0;0;0;3577;0;0;0;0;0;0;
30776;4601658;589463552;27721728;551632896;0;0;0;0;0;0;0;0;0;0;0;4959;0;0;0;0;0;0;
30777;5785328;589463552;27721728;551632896;0;0;0;0;0;0;0;0;0;0;0;3467;0;0;0;0;0;0;
30778;3922635;589467648;27713536;551624704;0;0;0;0;0;0;0;0;0;0;0;3416;0;0;0;0;0;0;
30779;5099772;589467648;27713536;551624704;0;0;0;0;0;0;0;0;0;0;0;3366;0;0;0;0;0;0;
30780;3731186;589467648;27713536;551624704;0;0;0;0;0;0;0;0;0;0;0;4498;0;0;0;0;0;0;
30781;5622483;589467648;27713536;551624704;0;0;0;0;0;0;0;0;0;0;0;4348;0;0;0;0;0;0;
30782;3629235;589467648;27713536;551624704;0;0;0;0;0;0;0;0;0;0;0;3246;0;0;0;0;0;0;
30783;5352927;589467648;27713536;551624704;0;0;0;0;0;0;0;0;0;0;0;4569;0;0;0;0;0;0;
30784;3534026;589467648;27713536;551624704;0;0;0;0;0;0;0;0;0;0;0;3988;0;0;0;0;0;0;
30785;5523717;589467648;27713536;551624704;0;0;0;0;0;0;0;0;0;0;0;4919;0;0;0;0;0;0;
30786;4550422;589467648;27713536;551624704;0;0;0;0;0;0;0;0;0;0;0;4218;0;0;0;0;0;0;
30787;5535189;589467648;27713536;551624704;0;0;0;0;0;0;0;0;0;0;0;4688;0;0;0;0;0;0;
30788;4213650;589467648;27713536;551624704;0;0;0;0;0;0;0;0;0;0;0;4879;0;0;0;0;0;0;
30789;5665864;589467648;27713536;551624704;0;0;0;0;0;0;0;0;0;0;0;4809;0;0;0;0;0;0;
30790;4426189;589467648;27713536;551624704;0;0;0;0;0;0;0;0;0;0;0;5380;0;0;0;0;0;0;
30791;5274460;589467648;27713536;551624704;0;0;0;0;0;0;0;0;0;0;0;5190;0;0;0;0;0;0;
30792;3923347;589467648;27713536;551624704;0;0;0;0;0;0;0;0;0;0;0;4408;0;0;0;0;0;0;
30793;5125690;589467648;27713536;551624704;0;0;0;0;0;0;0;0;0;0;0;3977;0;0;0;0;0;0;
30794;5492398;589467648;27713536;551624704;0;0;0;0;0;0;0;0;0;0;0;3687;0;0;0;0;0;0;
30795;5951579;589467648;27713536;551624704;0;0;0;0;0;0;0;0;0;0;0;5170;0;0;0;0;0;0;
30796;4463309;589467648;27713536;551624704;0;0;0;0;0;0;0;0;0;0;0;3516;0;0;0;0;0;0;
30797;5290200;589467648;27713536;551624704;0;0;0;0;0;0;0;0;0;0;0;4198;0;0;0;0;0;0;
30798;4563166;589467648;27713536;551624704;0;0;0;0;0;0;0;0;0;0;0;6121;0;0;0;0;0;0;
30799;6554280;589467648;27713536;551624704;0;0;0;0;0;0;0;0;0;0;0;8236;0;0;0;0;0;0;
30800;3371061;589467648;27713536;551624704;0;0;0;0;0;0;0;0;0;0;0;3456;0;0;0;0;0;0;
30801;5922495;589467648;27713536;551624704;0;0;0;0;0;0;0;0;0;0;0;3867;0;0;0;0;0;0;
30802;3900033;589467648;27713536;551624704;0;0;0;0;0;0;0;0;0;0;0;4268;0;0;0;0;0;0;
30803;5965846;589467648;27713536;551624704;0;0;0;0;0;0;0;0;0;0;0;4588;0;0;0;0;0;0;
30804;5201202;589467648;27713536;551624704;0;0;0;0;0;0;0;0;0;0;0;5541;0;0;0;0;0;0;
30805;5584922;589467648;27713536;551624704;0;0;0;0;0;0;0;0;0;0;0;3486;0;0;0;0;0;0;
30806;5153093;589467648;27713536;551624704;0;0;0;0;0;0;0;0;0;0;0;4989;0;0;0;0;0;0;
30807;5142583;589467648;27713536;551624704;0;0;0;0;0;0;0;0;0;0;0;3357;0;0;0;0;0;0;
30808;4463580;589467648;27713536;551624704;0;0;0;0;0;0;0;0;0;0;0;4489;0;0;0;0;0;0;
30809;5797631;589467648;27713536;551624704;0;0;0;0;0;0;0;0;0;0;0;4659;0;0;0;0;0;0;
30810;4568666;589467648;27713536;551624704;0;0;0;0;0;0;0;0;0;0;0;5270;0;0;0;0;0;0;
30811;5536892;589467648;27713536;551624704;0;0;0;0;0;0;0;0;0;0;0;4669;0;0;0;0;0;0;
30812;4580178;589467648;27713536;551624704;0;0;0;0;0;0;0;0;0;0;0;4579;0;0;0;0;0;0;
30813;6356589;589467648;27713536;551624704;0;0;0;0;0;0;0;0;0;0;0;3527;0;0;0;0;0;0;
30814;5128386;589467648;27713536;551624704;0;0;0;0;0;0;0;0;0;0;0;3406;0;0;0;0;0;0;
30815;5273538;589467648;27713536;551624704;0;0;0;0;0;0;0;0;0;0;0;3787;0;0;0;0;0;0;
30816;4328316;589467648;27713536;551624704;0;0;0;0;0;0;0;0;0;0;0;4759;0;0;0;0;0;0;
30817;5499282;589467648;27713536;551624704;0;0;0;0;0;0;0;0;0;0;0;4187;0;0;0;0;0;0;
30818;3692654;589467648;27713536;551624704;0;0;0;0;0;0;0;0;0;0;0;5139;0;0;0;0;0;0;
30819;5470247;589467648;27713536;551624704;0;0;0;0;0;0;0;0;0;0;0;3898;0;0;0;0;0;0;
30820;3536431;589467648;27713536;551624704;0;0;0;0;0;0;0;0;0;0;0;5801;0;0;0;0;0;0;
30821;5425773;589467648;27713536;551624704;0;0;0;0;0;0;0;0;0;0;0;3817;0;0;0;0;0;0;
30822;4083987;589467648;27713536;551624704;0;0;0;0;0;0;0;0;0;0;0;6001;0;0;0;0;0;0;
30823;5146059;589467648;27713536;551624704;0;0;0;0;0;0;0;0;0;0;0;5290;0;0;0;0;0;0;
30824;3751644;589467648;27713536;551624704;0;0;0;0;0;0;0;0;0;0;0;4509;0;0;0;0;0;0;
30825;5937543;589467648;27713536;551624704;0;0;0;0;0;0;0;0;0;0;0;5551;0;0;0;0;0;0;
30826;3772914;589467648;27713536;551624704;0;0;0;0;0;0;0;0;0;0;0;4007;0;0;0;0;0;0;
30827;5485265;589467648;27713536;551624704;0;0;0;0;0;0;0;0;0;0;0;3005;0;0;0;0;0;0;
30828;4440927;589467648;27713536;551624704;0;0;0;0;0;0;0;0;0;0;0;4368;0;0;0;0;0;0;
30829;5738670;589467648;27713536;551624704;0;0;0;0;0;0;0;0;0;0;0;6632;0;0;0;0;0;0;
30830;3689598;589467648;27713536;551624704;0;0;0;0;0;0;0;0;0;0;0;4688;0;0;0;0;0;0;
30831;5358207;589467648;27713536;551624704;0;0;0;0;0;0;0;0;0;0;0;4007;0;0;0;0;0;0;
30832;3364459;589467648;27713536;551624704;0;0;0;0;0;0;0;0;0;0;0;4038;0;0;0;0;0;0;
30833;5744060;589467648;27713536;551624704;0;0;0;0;0;0;0;0;0;0;0;5721;0;0;0;0;0;0;
30834;4165951;589467648;27713536;551624704;0;0;0;0;0;0;0;0;0;0;0;4399;0;0;0;0;0;0;
30835;6133741;589467648;27713536;551624704;0;0;0;0;0;0;0;0;0;0;0;4729;0;0;0;0;0;0;
30836;4525606;589467648;27713536;551624704;0;0;0;0;0;0;0;0;0;0;0;4659;0;0;0;0;0;0;
30837;5550868;589467648;27713536;551624704;0;0;0;0;0;0;0;0;0;0;0;4849;0;0;0;0;0;0;
30838;6278763;589467648;27713536;551624704;0;0;0;0;0;0;0;0;0;0;0;3607;0;0;0;0;0;0;
30839;6057058;595275776;42528768;566439936;0;0;0;0;0;0;0;0;0;0;0;3527;0;0;0;0;0;0;
30840;4755056;595275776;42528768;566439936;0;0;0;0;0;0;0;0;0;0;0;3777;0;0;0;0;0;0;
30841;6256982;601567232;42528768;566439936;0;0;0;0;0;0;0;0;0;0;0;4138;0;0;0;0;0;0;
30842;3588979;601567232;42528768;566439936;0;0;0;0;0;0;0;0;0;0;0;3487;0;0;0;0;0;0;
30843;5363167;601567232;42528768;566439936;0;0;0;0;0;0;0;0;0;0;0;4197;0;0;0;0;0;0;
30844;3880777;601567232;42528768;566439936;0;0;0;0;0;0;0;0;0;0;0;5350;0;0;0;0;0;0;
30845;5582467;601567232;42528768;566439936;0;0;0;0;0;0;0;0;0;0;0;7554;0;0;0;0;0;0;
30846;5109771;589451264;28160000;552071168;0;0;0;0;0;0;0;0;0;0;0;7394;0;0;0;0;0;0;
30847;5037556;589451264;28160000;552071168;0;0;0;0;0;0;0;0;0;0;0;4318;0;0;0;0;0;0;
30848;4136296;589451264;28160000;552071168;0;0;0;0;0;0;0;0;0;0;0;8106;0;0;0;0;0;0;
30849;5045851;589451264;28160000;552071168;0;0;0;0;0;0;0;0;0;0;0;3627;0;0;0;0;0;0;
30850;4270888;589451264;28160000;552071168;0;0;0;0;0;0;0;0;0;0;0;5019;0;0;0;0;0;0;
30851;5694347;589451264;28160000;552071168;0;0;0;0;0;0;0;0;0;0;0;4989;0;0;0;0;0;0;
30852;4072375;589451264;28160000;552071168;0;0;0;0;0;0;0;0;0;0;0;3918;0;0;0;0;0;0;
30853;5835512;589451264;28160000;552071168;0;0;0;0;0;0;0;0;0;0;0;4499;0;0;0;0;0;0;
30854;5286152;589451264;28160000;552071168;0;0;0;0;0;0;0;0;0;0;0;4358;0;0;0;0;0;0;
30855;5034720;589451264;28160000;552071168;0;0;0;0;0;0;0;0;0;0;0;3707;0;0;0;0;0;0;
30856;4400651;589451264;28160000;552071168;0;0;0;0;0;0;0;0;0;0;0;5089;0;0;0;0;0;0;
30857;5403372;589451264;28160000;552071168;0;0;0;0;0;0;0;0;0;0;0;4368;0;0;0;0;0;0;
30858;5526152;589451264;28160000;552071168;0;0;0;0;0;0;0;0;0;0;0;4268;0;0;0;0;0;0;
30859;5502287;589451264;28160000;552071168;0;0;0;0;0;0;0;0;0;0;0;4028;0;0;0;0;0;0;
30860;5464967;589451264;28160000;552071168;0;0;0;0;0;0;0;0;0;0;0;4058;0;0;0;0;0;0;
30861;5533525;589451264;28160000;552071168;0;0;0;0;0;0;0;0;0;0;0;3757;0;0;0;0;0;0;
30862;4642505;589451264;28160000;552071168;0;0;0;0;0;0;0;0;0;0;0;3917;0;0;0;0;0;0;
30863;6248035;595259392;42528768;566439936;0;0;0;0;0;0;0;0;0;0;0;5130;0;0;0;0;0;0;
30864;4567484;595259392;42528768;566439936;0;0;0;0;0;0;0;0;0;0;0;4178;0;0;0;0;0;0;
30865;5796468;601550848;42528768;566439936;0;0;0;0;0;0;0;0;0;0;0;4589;0;0;0;0;0;0;
30866;4375524;601550848;42528768;566439936;0;0;0;0;0;0;0;0;0;0;0;3407;0;0;0;0;0;0;
30867;8132078;601550848;42528768;566439936;0;0;0;0;0;0;0;0;0;0;0;5480;0;0;0;0;0;0;
30868;10257543;601550848;42528768;566439936;0;0;0;0;0;0;0;0;0;0;0;4629;0;0;0;0;0;0;
30869;4948649;601550848;42528768;566439936;0;0;0;0;0;0;0;0;0;0;0;3336;0;0;0;0;0;0;
30870;4792586;589484032;27713536;551624704;0;0;0;0;0;0;0;0;0;0;0;4429;0;0;0;0;0;0;
30871;4983454;589484032;27713536;551624704;0;0;0;0;0;0;0;0;0;0;0;3236;0;0;0;0;0;0;
30872;4961563;589484032;27713536;551624704;0;0;0;0;0;0;0;0;0;0;0;4679;0;0;0;0;0;0;
30873;4974999;589484032;27713536;551624704;0;0;0;0;0;0;0;0;0;0;0;2926;0;0;0;0;0;0;
30874;4604934;589484032;27713536;551624704;0;0;0;0;0;0;0;0;0;0;0;8215;0;0;0;0;0;0;
30875;5194801;589484032;27713536;551624704;0;0;0;0;0;0;0;0;0;0;0;3497;0;0;0;0;0;0;
30876;4490390;589484032;27713536;551624704;0;0;0;0;0;0;0;0;0;0;0;4138;0;0;0;0;0;0;
30877;5129739;589484032;27713536;551624704;0;0;0;0;0;0;0;0;0;0;0;4228;0;0;0;0;0;0;
30878;3927394;589484032;27713536;551624704;0;0;0;0;0;0;0;0;0;0;0;4839;0;0;0;0;0;0;
30879;4791174;589484032;27713536;551624704;0;0;0;0;0;0;0;0;0;0;0;2855;0;0;0;0;0;0;
30880;4161744;589484032;27713536;551624704;0;0;0;0;0;0;0;0;0;0;0;3707;0;0;0;0;0;0;
30881;5703625;589484032;27713536;551624704;0;0;0;0;0;0;0;0;0;0;0;2765;0;0;0;0;0;0;
30882;3827557;589484032;27713536;551624704;0;0;0;0;0;0;0;0;0;0;0;3597;0;0;0;0;0;0;
30883;5737367;589484032;27713536;551624704;0;0;0;0;0;0;0;0;0;0;0;2746;0;0;0;0;0;0;
30884;3714004;589484032;27713536;551624704;0;0;0;0;0;0;0;0;0;0;0;3316;0;0;0;0;0;0;
30885;5062913;589484032;27713536;551624704;0;0;0;0;0;0;0;0;0;0;0;2765;0;0;0;0;0;0;
30886;4057418;589484032;27713536;551624704;0;0;0;0;0;0;0;0;0;0;0;4308;0;0;0;0;0;0;
30887;5442795;589484032;27713536;551624704;0;0;0;0;0;0;0;0;0;0;0;4308;0;0;0;0;0;0;
30888;4191850;589484032;27713536;551624704;0;0;0;0;0;0;0;0;0;0;0;3717;0;0;0;0;0;0;
30889;4662823;589484032;27713536;551624704;0;0;0;0;0;0;0;0;0;0;0;3206;0;0;0;0;0;0;
30890;4379442;589484032;27713536;551624704;0;0;0;0;0;0;0;0;0;0;0;3506;0;0;0;0;0;0;
30891;5084003;589484032;27713536;551624704;0;0;0;0;0;0;0;0;0;0;0;3436;0;0;0;0;0;0;
30892;4457467;589484032;27713536;551624704;0;0;0;0;0;0;0;0;0;0;0;3868;0;0;0;0;0;0;
30893;5269030;589484032;27713536;551624704;0;0;0;0;0;0;0;0;0;0;0;3777;0;0;0;0;0;0;
30894;4554169;589484032;27713536;551624704;0;0;0;0;0;0;0;0;0;0;0;4829;0;0;0;0;0;0;
30895;5058225;589484032;27713536;551624704;0;0;0;0;0;0;0;0;0;0;0;4147;0;0;0;0;0;0;
30896;4667242;589484032;27713536;551624704;0;0;0;0;0;0;0;0;0;0;0;4508;0;0;0;0;0;0;
30897;5739572;589484032;27713536;551624704;0;0;0;0;0;0;0;0;0;0;0;4879;0;0;0;0;0;0;
30898;4782217;589484032;27713536;551624704;0;0;0;0;0;0;0;0;0;0;0;3938;0;0;0;0;0;0;
30899;5600151;589484032;27713536;551624704;0;0;0;0;0;0;0;0;0;0;0;5080;0;0;0;0;0;0;
30900;4243267;589484032;27713536;551624704;0;0;0;0;0;0;0;0;0;0;0;3837;0;0;0;0;0;0;
30901;5768487;589484032;27713536;551624704;0;0;0;0;0;0;0;0;0;0;0;5310;0;0;0;0;0;0;
30902;3913718;589484032;27713536;551624704;0;0;0;0;0;0;0;0;0;0;0;4819;0;0;0;0;0;0;
30903;5876188;589484032;27713536;551624704;0;0;0;0;0;0;0;0;0;0;0;3947;0;0;0;0;0;0;
30904;4573205;589484032;27713536;551624704;0;0;0;0;0;0;0;0;0;0;0;4429;0;0;0;0;0;0;
30905;5546330;589484032;27713536;551624704;0;0;0;0;0;0;0;0;0;0;0;3887;0;0;0;0;0;0;
30906;4056176;589484032;27713536;551624704;0;0;0;0;0;0;0;0;0;0;0;4298;0;0;0;0;0;0;
30907;5303764;589484032;27713536;551624704;0;0;0;0;0;0;0;0;0;0;0;4298;0;0;0;0;0;0;
30908;4501761;589484032;27713536;551624704;0;0;0;0;0;0;0;0;0;0;0;4378;0;0;0;0;0;0;
30909;5459186;589484032;27713536;551624704;0;0;0;0;0;0;0;0;0;0;0;4238;0;0;0;0;0;0;
30910;5044849;589484032;27713536;551624704;0;0;0;0;0;0;0;0;0;0;0;4418;0;0;0;0;0;0;
30911;5260103;589484032;27713536;551624704;0;0;0;0;0;0;0;0;0;0;0;4579;0;0;0;0;0;0;
30912;4545152;589484032;27713536;551624704;0;0;0;0;0;0;0;0;0;0;0;3908;0;0;0;0;0;0;
30913;5137934;589484032;27713536;551624704;0;0;0;0;0;0;0;0;0;0;0;3506;0;0;0;0;0;0;
30914;4136126;589484032;27713536;551624704;0;0;0;0;0;0;0;0;0;0;0;6182;0;0;0;0;0;0;
30915;5125541;589484032;27713536;551624704;0;0;0;0;0;0;0;0;0;0;0;4068;0;0;0;0;0;0;
30916;4930084;589484032;27713536;551624704;0;0;0;0;0;0;0;0;0;0;0;5550;0;0;0;0;0;0;
30917;5535219;589484032;27713536;551624704;0;0;0;0;0;0;0;0;0;0;0;4058;0;0;0;0;0;0;
30918;4144591;589484032;27713536;551624704;0;0;0;0;0;0;0;0;0;0;0;4028;0;0;0;0;0;0;
30919;5855940;589484032;27713536;551624704;0;0;0;0;0;0;0;0;0;0;0;3997;0;0;0;0;0;0;
30920;4141265;589484032;27713536;551624704;0;0;0;0;0;0;0;0;0;0;0;5160;0;0;0;0;0;0;
30921;5750562;589484032;27713536;551624704;0;0;0;0;0;0;0;0;0;0;0;4779;0;0;0;0;0;0;
30922;4274485;589484032;27713536;551624704;0;0;0;0;0;0;0;0;0;0;0;4859;0;0;0;0;0;0;
30923;5660594;589484032;27713536;551624704;0;0;0;0;0;0;0;0;0;0;0;5009;0;0;0;0;0;0;
30924;5206963;589484032;27713536;551624704;0;0;0;0;0;0;0;0;0;0;0;4558;0;0;0;0;0;0;
30925;5761894;589484032;27713536;551624704;0;0;0;0;0;0;0;0;0;0;0;4759;0;0;0;0;0;0;
30926;4703509;589484032;27713536;551624704;0;0;0;0;0;0;0;0;0;0;0;7595;0;0;0;0;0;0;
30927;6119735;589484032;27713536;551624704;0;0;0;0;0;0;0;0;0;0;0;4468;0;0;0;0;0;0;
30928;5059036;589484032;27713536;551624704;0;0;0;0;0;0;0;0;0;0;0;8316;0;0;0;0;0;0;
30929;5089743;589484032;27713536;551624704;0;0;0;0;0;0;0;0;0;0;0;3246;0;0;0;0;0;0;
30930;4720751;589484032;27713536;551624704;0;0;0;0;0;0;0;0;0;0;0;4088;0;0;0;0;0;0;
30931;5198728;589484032;27713536;551624704;0;0;0;0;0;0;0;0;0;0;0;3537;0;0;0;0;0;0;
30932;4271700;589484032;27713536;551624704;0;0;0;0;0;0;0;0;0;0;0;4529;0;0;0;0;0;0;
30933;4832983;589484032;27713536;551624704;0;0;0;0;0;0;0;0;0;0;0;3376;0;0;0;0;0;0;
30934;4894047;589484032;27713536;551624704;0;0;0;0;0;0;0;0;0;0;0;4278;0;0;0;0;0;0;
30935;5048386;589484032;27713536;551624704;0;0;0;0;0;0;0;0;0;0;0;2756;0;0;0;0;0;0;
30936;4274785;589484032;27713536;551624704;0;0;0;0;0;0;0;0;0;0;0;3777;0;0;0;0;0;0;
30937;5871319;589484032;27713536;551624704;0;0;0;0;0;0;0;0;0;0;0;4678;0;0;0;0;0;0;
30938;4604514;589484032;27713536;551624704;0;0;0;0;0;0;0;0;0;0;0;4438;0;0;0;0;0;0;
30939;5780880;589484032;27713536;551624704;0;0;0;0;0;0;0;0;0;0;0;3877;0;0;0;0;0;0;
30940;5042735;589484032;27713536;551624704;0;0;0;0;0;0;0;0;0;0;0;6051;0;0;0;0;0;0;
30941;5529438;589484032;27713536;551624704;0;0;0;0;0;0;0;0;0;0;0;3947;0;0;0;0;0;0;
30942;4753122;589484032;27713536;551624704;0;0;0;0;0;0;0;0;0;0;0;4719;0;0;0;0;0;0;
30943;5248421;589484032;27713536;551624704;0;0;0;0;0;0;0;0;0;0;0;3436;0;0;0;0;0;0;
30944;4841068;589484032;27713536;551624704;0;0;0;0;0;0;0;0;0;0;0;3727;0;0;0;0;0;0;
30945;5456451;589484032;27713536;551624704;0;0;0;0;0;0;0;0;0;0;0;4318;0;0;0;0;0;0;
30946;4725280;589484032;27713536;551624704;0;0;0;0;0;0;0;0;0;0;0;13765;0;0;0;0;0;0;
30947;5598457;589484032;27713536;551624704;0;0;0;0;0;0;0;0;0;0;0;4047;0;0;0;0;0;0;
30948;5317480;589484032;27713536;551624704;0;0;0;0;0;0;0;0;0;0;0;3586;0;0;0;0;0;0;
30949;6016792;589484032;27713536;551624704;0;0;0;0;0;0;0;0;0;0;0;4669;0;0;0;0;0;0;
30950;3974041;589484032;27713536;551624704;0;0;0;0;0;0;0;0;0;0;0;3918;0;0;0;0;0;0;
30951;5025844;589484032;27713536;551624704;0;0;0;0;0;0;0;0;0;0;0;4458;0;0;0;0;0;0;
30952;4360997;589484032;27713536;551624704;0;0;0;0;0;0;0;0;0;0;0;3777;0;0;0;0;0;0;
30953;5612674;589484032;27713536;551624704;0;0;0;0;0;0;0;0;0;0;0;3977;0;0;0;0;0;0;
30954;3491958;589484032;27713536;551624704;0;0;0;0;0;0;0;0;0;0;0;5010;0;0;0;0;0;0;
30955;5261616;589484032;27713536;551624704;0;0;0;0;0;0;0;0;0;0;0;3897;0;0;0;0;0;0;
30956;3456662;589484032;27713536;551624704;0;0;0;0;0;0;0;0;0;0;0;4448;0;0;0;0;0;0;
30957;6036980;589484032;27713536;551624704;0;0;0;0;0;0;0;0;0;0;0;5070;0;0;0;0;0;0;
30958;3387642;589484032;27713536;551624704;0;0;0;0;0;0;0;0;0;0;0;4198;0;0;0;0;0;0;
30959;5380960;589484032;27713536;551624704;0;0;0;0;0;0;0;0;0;0;0;5610;0;0;0;0;0;0;
30960;3714404;589484032;27713536;551624704;0;0;0;0;0;0;0;0;0;0;0;4037;0;0;0;0;0;0;
30961;5284359;589484032;27713536;551624704;0;0;0;0;0;0;0;0;0;0;0;2775;0;0;0;0;0;0;
30962;3962399;589484032;27713536;551624704;0;0;0;0;0;0;0;0;0;0;0;4399;0;0;0;0;0;0;
30963;6118804;595292160;42528768;566439936;0;0;0;0;0;0;0;0;0;0;0;4949;0;0;0;0;0;0;
30964;4015169;595292160;42528768;566439936;0;0;0;0;0;0;0;0;0;0;0;4278;0;0;0;0;0;0;
30965;6146575;601583616;42528768;566439936;0;0;0;0;0;0;0;0;0;0;0;4248;0;0;0;0;0;0;
30966;4285466;601583616;42528768;566439936;0;0;0;0;0;0;0;0;0;0;0;5220;0;0;0;0;0;0;
30967;6178756;601583616;42528768;566439936;0;0;0;0;0;0;0;0;0;0;0;4849;0;0;0;0;0;0;
30968;4313488;601583616;42528768;566439936;0;0;0;0;0;0;0;0;0;0;0;4308;0;0;0;0;0;0;
30969;5928276;601583616;42528768;566439936;0;0;0;0;0;0;0;0;0;0;0;4117;0;0;0;0;0;0;
30970;5037065;589471744;28160000;552071168;0;0;0;0;0;0;0;0;0;0;0;4789;0;0;0;0;0;0;
30971;6168115;589471744;28164096;552075264;0;0;0;0;0;0;0;0;0;0;0;4899;0;0;0;0;0;0;
30972;4717315;589471744;28168192;552079360;0;0;0;0;0;0;0;0;0;0;0;4188;0;0;0;0;0;0;
30973;5221631;589471744;28168192;552079360;0;0;0;0;0;0;0;0;0;0;0;2394;0;0;0;0;0;0;
30974;4589415;589471744;28168192;552079360;0;0;0;0;0;0;0;0;0;0;0;4098;0;0;0;0;0;0;
30975;5058365;589471744;28168192;552079360;0;0;0;0;0;0;0;0;0;0;0;5500;0;0;0;0;0;0;
30976;4244579;589471744;28168192;552079360;0;0;0;0;0;0;0;0;0;0;0;4469;0;0;0;0;0;0;
30977;5567249;589471744;28168192;552079360;0;0;0;0;0;0;0;0;0;0;0;5039;0;0;0;0;0;0;
30978;4552085;589471744;28160000;552071168;0;0;0;0;0;0;0;0;0;0;0;3907;0;0;0;0;0;0;
30979;5519800;589471744;28160000;552071168;0;0;0;0;0;0;0;0;0;0;0;3546;0;0;0;0;0;0;
30980;3675572;589471744;28160000;552071168;0;0;0;0;0;0;0;0;0;0;0;6983;0;0;0;0;0;0;
30981;5028288;589471744;28160000;552071168;0;0;0;0;0;0;0;0;0;0;0;3366;0;0;0;0;0;0;
30982;3249262;589471744;28160000;552071168;0;0;0;0;0;0;0;0;0;0;0;3416;0;0;0;0;0;0;
30983;5725736;589471744;28160000;552071168;0;0;0;0;0;0;0;0;0;0;0;4498;0;0;0;0;0;0;
30984;3901295;589471744;28160000;552071168;0;0;0;0;0;0;0;0;0;0;0;3857;0;0;0;0;0;0;
30985;5885135;589471744;28160000;552071168;0;0;0;0;0;0;0;0;0;0;0;7294;0;0;0;0;0;0;
30986;3672867;589471744;28160000;552071168;0;0;0;0;0;0;0;0;0;0;0;3327;0;0;0;0;0;0;
30987;6941155;595279872;42528768;566439936;0;0;0;0;0;0;0;0;0;0;0;5501;0;0;0;0;0;0;
30988;4982061;595279872;42528768;566439936;0;0;0;0;0;0;0;0;0;0;0;3987;0;0;0;0;0;0;
30989;6472406;601571328;42528768;566439936;0;0;0;0;0;0;0;0;0;0;0;4759;0;0;0;0;0;0;
30990;5076128;601571328;42528768;566439936;0;0;0;0;0;0;0;0;0;0;0;3647;0;0;0;0;0;0;
30991;5822778;601571328;42528768;566439936;0;0;0;0;0;0;0;0;0;0;0;4579;0;0;0;0;0;0;
30992;5051502;601571328;42528768;566439936;0;0;0;0;0;0;0;0;0;0;0;4849;0;0;0;0;0;0;
30993;5099832;601571328;42528768;566439936;0;0;0;0;0;0;0;0;0;0;0;3617;0;0;0;0;0;0;
30994;5308694;589504512;27713536;551624704;0;0;0;0;0;0;0;0;0;0;0;2945;0;0;0;0;0;0;
30995;5289448;589504512;27713536;551624704;0;0;0;0;0;0;0;0;0;0;0;4077;0;0;0;0;0;0;
30996;4512561;589504512;27713536;551624704;0;0;0;0;0;0;0;0;0;0;0;3737;0;0;0;0;0;0;
30997;5572318;589504512;27713536;551624704;0;0;0;0;0;0;0;0;0;0;0;4288;0;0;0;0;0;0;
30998;4146104;589504512;27713536;551624704;0;0;0;0;0;0;0;0;0;0;0;3967;0;0;0;0;0;0;
30999;5701070;589504512;27713536;551624704;0;0;0;0;0;0;0;0;0;0;0;2886;0;0;0;0;0;0;
31000;4463089;589504512;27713536;551624704;0;0;0;0;0;0;0;0;0;0;0;4398;0;0;0;0;0;0;
31001;5838497;589504512;27713536;551624704;0;0;0;0;0;0;0;0;0;0;0;4147;0;0;0;0;0;0;
31002;4388689;589504512;27713536;551624704;0;0;0;0;0;0;0;0;0;0;0;4939;0;0;0;0;0;0;
31003;6490570;589504512;27713536;551624704;0;0;0;0;0;0;0;0;0;0;0;4238;0;0;0;0;0;0;
31004;4099808;589504512;27713536;551624704;0;0;0;0;0;0;0;0;0;0;0;6282;0;0;0;0;0;0;
31005;5882289;589504512;27713536;551624704;0;0;0;0;0;0;0;0;0;0;0;4188;0;0;0;0;0;0;
31006;5087650;589504512;27713536;551624704;0;0;0;0;0;0;0;0;0;0;0;4098;0;0;0;0;0;0;
31007;5576536;589504512;27713536;551624704;0;0;0;0;0;0;0;0;0;0;0;3897;0;0;0;0;0;0;
31008;4812123;589504512;27713536;551624704;0;0;0;0;0;0;0;0;0;0;0;5280;0;0;0;0;0;0;
31009;5851251;589504512;27713536;551624704;0;0;0;0;0;0;0;0;0;0;0;4518;0;0;0;0;0;0;
31010;5724273;589504512;27713536;551624704;0;0;0;0;0;0;0;0;0;0;0;4278;0;0;0;0;0;0;
31011;6251612;595312640;42528768;566439936;0;0;0;0;0;0;0;0;0;0;0;3787;0;0;0;0;0;0;
31012;4917520;595312640;42528768;566439936;0;0;0;0;0;0;0;0;0;0;0;5390;0;0;0;0;0;0;
31013;6291216;601604096;42528768;566439936;0;0;0;0;0;0;0;0;0;0;0;4358;0;0;0;0;0;0;
31014;4758612;601604096;42528768;566439936;0;0;0;0;0;0;0;0;0;0;0;5891;0;0;0;0;0;0;
31015;5989651;601604096;42528768;566439936;0;0;0;0;0;0;0;0;0;0;0;3958;0;0;0;0;0;0;
31016;4359133;601604096;42528768;566439936;0;0;0;0;0;0;0;0;0;0;0;3937;0;0;0;0;0;0;
31017;5990582;601604096;42528768;566439936;0;0;0;0;0;0;0;0;0;0;0;4328;0;0;0;0;0;0;
31018;5434580;589479936;28160000;552071168;0;0;0;0;0;0;0;0;0;0;0;8015;0;0;0;0;0;0;
31019;5456842;589479936;28160000;552071168;0;0;0;0;0;0;0;0;0;0;0;4399;0;0;0;0;0;0;
31020;5327740;589479936;28160000;552071168;0;0;0;0;0;0;0;0;0;0;0;4388;0;0;0;0;0;0;
31021;5485406;589479936;28160000;552071168;0;0;0;0;0;0;0;0;0;0;0;3176;0;0;0;0;0;0;
31022;4850715;589479936;28160000;552071168;0;0;0;0;0;0;0;0;0;0;0;4890;0;0;0;0;0;0;
31023;4965450;589479936;28160000;552071168;0;0;0;0;0;0;0;0;0;0;0;2816;0;0;0;0;0;0;
31024;4851316;589479936;28160000;552071168;0;0;0;0;0;0;0;0;0;0;0;4518;0;0;0;0;0;0;
31025;5115211;589479936;28160000;552071168;0;0;0;0;0;0;0;0;0;0;0;3747;0;0;0;0;0;0;
31026;4914926;589479936;28160000;552071168;0;0;0;0;0;0;0;0;0;0;0;3577;0;0;0;0;0;0;
31027;5782282;589479936;28160000;552071168;0;0;0;0;0;0;0;0;0;0;0;4889;0;0;0;0;0;0;
31028;5115702;589479936;28160000;552071168;0;0;0;0;0;0;0;0;0;0;0;4338;0;0;0;0;0;0;
31029;5798923;589479936;28160000;552071168;0;0;0;0;0;0;0;0;0;0;0;4068;0;0;0;0;0;0;
31030;5730585;589479936;28160000;552071168;0;0;0;0;0;0;0;0;0;0;0;4158;0;0;0;0;0;0;
31031;6019427;589479936;28160000;552071168;0;0;0;0;0;0;0;0;0;0;0;4308;0;0;0;0;0;0;
31032;3711459;589479936;28160000;552071168;0;0;0;0;0;0;0;0;0;0;0;4508;0;0;0;0;0;0;
31033;5943965;589479936;28160000;552071168;0;0;0;0;0;0;0;0;0;0;0;4488;0;0;0;0;0;0;
31034;3368175;589479936;28160000;552071168;0;0;0;0;0;0;0;0;0;0;0;4398;0;0;0;0;0;0;
31035;5296010;589479936;28160000;552071168;0;0;0;0;0;0;0;0;0;0;0;4589;0;0;0;0;0;0;
31036;4434805;589479936;28160000;552071168;0;0;0;0;0;0;0;0;0;0;0;4088;0;0;0;0;0;0;
31037;6131567;589479936;28160000;552071168;0;0;0;0;0;0;0;0;0;0;0;4649;0;0;0;0;0;0;
31038;4588954;589479936;28160000;552071168;0;0;0;0;0;0;0;0;0;0;0;4148;0;0;0;0;0;0;
31039;5395066;589479936;28160000;552071168;0;0;0;0;0;0;0;0;0;0;0;3867;0;0;0;0;0;0;
31040;4099346;589479936;28160000;552071168;0;0;0;0;0;0;0;0;0;0;0;4248;0;0;0;0;0;0;
31041;7824441;589479936;28160000;552071168;0;0;0;0;0;0;0;0;0;0;0;4348;0;0;0;0;0;0;
31042;3947231;589479936;28160000;552071168;0;0;0;0;0;0;0;0;0;0;0;3917;0;0;0;0;0;0;
31043;5554966;589479936;28160000;552071168;0;0;0;0;0;0;0;0;0;0;0;4097;0;0;0;0;0;0;
31044;3938054;589479936;28160000;552071168;0;0;0;0;0;0;0;0;0;0;0;4449;0;0;0;0;0;0;
31045;5201303;589479936;28160000;552071168;0;0;0;0;0;0;0;0;0;0;0;4528;0;0;0;0;0;0;
31046;4202490;589479936;28160000;552071168;0;0;0;0;0;0;0;0;0;0;0;5390;0;0;0;0;0;0;
31047;5883993;589479936;28160000;552071168;0;0;0;0;0;0;0;0;0;0;0;6161;0;0;0;0;0;0;
31048;5896706;589479936;28160000;552071168;0;0;0;0;0;0;0;0;0;0;0;4338;0;0;0;0;0;0;
31049;5692885;589479936;28160000;552071168;0;0;0;0;0;0;0;0;0;0;0;4158;0;0;0;0;0;0;
31050;4987561;589479936;28160000;552071168;0;0;0;0;0;0;0;0;0;0;0;4599;0;0;0;0;0;0;
31051;5197345;589479936;28160000;552071168;0;0;0;0;0;0;0;0;0;0;0;3777;0;0;0;0;0;0;
31052;5585102;589479936;28160000;552071168;0;0;0;0;0;0;0;0;0;0;0;4107;0;0;0;0;0;0;
31053;5050650;589479936;28160000;552071168;0;0;0;0;0;0;0;0;0;0;0;2545;0;0;0;0;0;0;
31054;4600536;589479936;28160000;552071168;0;0;0;0;0;0;0;0;0;0;0;4018;0;0;0;0;0;0;
31055;5658059;589479936;28160000;552071168;0;0;0;0;0;0;0;0;0;0;0;2565;0;0;0;0;0;0;
31056;4505818;589479936;28160000;552071168;0;0;0;0;0;0;0;0;0;0;0;4078;0;0;0;0;0;0;
31057;5270993;589479936;28160000;552071168;0;0;0;0;0;0;0;0;0;0;0;2935;0;0;0;0;0;0;
31058;4127710;589479936;28160000;552071168;0;0;0;0;0;0;0;0;0;0;0;3617;0;0;0;0;0;0;
31059;4830628;589479936;28160000;552071168;0;0;0;0;0;0;0;0;0;0;0;2695;0;0;0;0;0;0;
31060;4459663;589479936;28160000;552071168;0;0;0;0;0;0;0;0;0;0;0;4468;0;0;0;0;0;0;
31061;4854763;589479936;28160000;552071168;0;0;0;0;0;0;0;0;0;0;0;3086;0;0;0;0;0;0;
31062;4659347;589479936;28160000;552071168;0;0;0;0;0;0;0;0;0;0;0;3556;0;0;0;0;0;0;
31063;8105738;589479936;28160000;552071168;0;0;0;0;0;0;0;0;0;0;0;2254;0;0;0;0;0;0;
31064;9947642;589479936;28160000;552071168;0;0;0;0;0;0;0;0;0;0;0;4829;0;0;0;0;0;0;
31065;5570095;589479936;28160000;552071168;0;0;0;0;0;0;0;0;0;0;0;4919;0;0;0;0;0;0;
31066;4124874;589479936;28160000;552071168;0;0;0;0;0;0;0;0;0;0;0;4869;0;0;0;0;0;0;
31067;5473393;589479936;28164096;552075264;0;0;0;0;0;0;0;0;0;0;0;5009;0;0;0;0;0;0;
31068;3927174;589479936;28168192;552079360;0;0;0;0;0;0;0;0;0;0;0;5741;0;0;0;0;0;0;
31069;5261526;589479936;28168192;552079360;0;0;0;0;0;0;0;0;0;0;0;4098;0;0;0;0;0;0;
31070;4100648;589479936;28168192;552079360;0;0;0;0;0;0;0;0;0;0;0;5119;0;0;0;0;0;0;
31071;5525270;589479936;28168192;552079360;0;0;0;0;0;0;0;0;0;0;0;4238;0;0;0;0;0;0;
31072;4504626;589479936;28168192;552079360;0;0;0;0;0;0;0;0;0;0;0;4318;0;0;0;0;0;0;
31073;5201944;589479936;28168192;552079360;0;0;0;0;0;0;0;0;0;0;0;4068;0;0;0;0;0;0;
31074;4849353;589488128;28160000;552071168;0;0;0;0;0;0;0;0;0;0;0;12884;0;0;0;0;0;0;
31075;5627863;589488128;28160000;552071168;0;0;0;0;0;0;0;0;0;0;0;4478;0;0;0;0;0;0;
31076;5009874;589488128;28160000;552071168;0;0;0;0;0;0;0;0;0;0;0;8566;0;0;0;0;0;0;
31077;5354460;589488128;28160000;552071168;0;0;0;0;0;0;0;0;0;0;0;6031;0;0;0;0;0;0;
31078;4331893;589488128;28160000;552071168;0;0;0;0;0;0;0;0;0;0;0;4649;0;0;0;0;0;0;
31079;5502698;589488128;28160000;552071168;0;0;0;0;0;0;0;0;0;0;0;3927;0;0;0;0;0;0;
31080;3762926;589488128;28160000;552071168;0;0;0;0;0;0;0;0;0;0;0;5981;0;0;0;0;0;0;
31081;5196894;589488128;28160000;552071168;0;0;0;0;0;0;0;0;0;0;0;4729;0;0;0;0;0;0;
31082;3515091;589488128;28160000;552071168;0;0;0;0;0;0;0;0;0;0;0;5991;0;0;0;0;0;0;
31083;5894743;589488128;28160000;552071168;0;0;0;0;0;0;0;0;0;0;0;4959;0;0;0;0;0;0;
31084;5430232;589488128;28160000;552071168;0;0;0;0;0;0;0;0;0;0;0;3998;0;0;0;0;0;0;
31085;5752166;589488128;28160000;552071168;0;0;0;0;0;0;0;0;0;0;0;4769;0;0;0;0;0;0;
31086;4248496;589488128;28160000;552071168;0;0;0;0;0;0;0;0;0;0;0;4168;0;0;0;0;0;0;
31087;5784295;589488128;28160000;552071168;0;0;0;0;0;0;0;0;0;0;0;3787;0;0;0;0;0;0;
31088;4999054;595296256;42528768;566439936;0;0;0;0;0;0;0;0;0;0;0;5260;0;0;0;0;0;0;
31089;6111429;601587712;42528768;566439936;0;0;0;0;0;0;0;0;0;0;0;4518;0;0;0;0;0;0;
31090;3991233;601587712;42528768;566439936;0;0;0;0;0;0;0;0;0;0;0;3727;0;0;0;0;0;0;
31091;5315427;601587712;42528768;566439936;0;0;0;0;0;0;0;0;0;0;0;4398;0;0;0;0;0;0;
31092;4458790;601587712;42528768;566439936;0;0;0;0;0;0;0;0;0;0;0;3727;0;0;0;0;0;0;
31093;5362365;601587712;42528768;566439936;0;0;0;0;0;0;0;0;0;0;0;3897;0;0;0;0;0;0;
31094;4220644;589520896;27713536;551624704;0;0;0;0;0;0;0;0;0;0;0;4438;0;0;0;0;0;0;
31095;5392100;589520896;27713536;551624704;0;0;0;0;0;0;0;0;0;0;0;4419;0;0;0;0;0;0;
31096;4345258;589520896;27713536;551624704;0;0;0;0;0;0;0;0;0;0;0;8546;0;0;0;0;0;0;
31097;5324624;589520896;27713536;551624704;0;0;0;0;0;0;0;0;0;0;0;4389;0;0;0;0;0;0;
31098;5071729;589520896;27713536;551624704;0;0;0;0;0;0;0;0;0;0;0;3978;0;0;0;0;0;0;
31099;5510883;589520896;27713536;551624704;0;0;0;0;0;0;0;0;0;0;0;3898;0;0;0;0;0;0;
31100;5009974;589520896;27713536;551624704;0;0;0;0;0;0;0;0;0;0;0;4058;0;0;0;0;0;0;
31101;5331416;589520896;27713536;551624704;0;0;0;0;0;0;0;0;0;0;0;3747;0;0;0;0;0;0;
31102;5137553;589520896;27713536;551624704;0;0;0;0;0;0;0;0;0;0;0;4458;0;0;0;0;0;0;
31103;5520271;589520896;27713536;551624704;0;0;0;0;0;0;0;0;0;0;0;4428;0;0;0;0;0;0;
31104;4153659;589520896;27713536;551624704;0;0;0;0;0;0;0;0;0;0;0;4077;0;0;0;0;0;0;
31105;5654623;589520896;27713536;551624704;0;0;0;0;0;0;0;0;0;0;0;3476;0;0;0;0;0;0;
31106;4067517;589520896;27713536;551624704;0;0;0;0;0;0;0;0;0;0;0;4489;0;0;0;0;0;0;
31107;5693906;589520896;27713536;551624704;0;0;0;0;0;0;0;0;0;0;0;5039;0;0;0;0;0;0;
31108;3968691;589520896;27713536;551624704;0;0;0;0;0;0;0;0;0;0;0;3707;0;0;0;0;0;0;
31109;5593819;589520896;27713536;551624704;0;0;0;0;0;0;0;0;0;0;0;4638;0;0;0;0;0;0;
31110;4179256;589520896;27713536;551624704;0;0;0;0;0;0;0;0;0;0;0;4459;0;0;0;0;0;0;
31111;6989956;595329024;42528768;566439936;0;0;0;0;0;0;0;0;0;0;0;4829;0;0;0;0;0;0;
31112;4885080;595329024;42528768;566439936;0;0;0;0;0;0;0;0;0;0;0;4739;0;0;0;0;0;0;
31113;6063860;601620480;42528768;566439936;0;0;0;0;0;0;0;0;0;0;0;3737;0;0;0;0;0;0;
31114;4392036;601620480;42528768;566439936;0;0;0;0;0;0;0;0;0;0;0;4238;0;0;0;0;0;0;
31115;5514640;601620480;42528768;566439936;0;0;0;0;0;0;0;0;0;0;0;4348;0;0;0;0;0;0;
31116;4321533;601620480;42528768;566439936;0;0;0;0;0;0;0;0;0;0;0;4919;0;0;0;0;0;0;
31117;5669250;601620480;42528768;566439936;0;0;0;0;0;0;0;0;0;0;0;6282;0;0;0;0;0;0;
31118;4434976;601620480;42528768;566439936;0;0;0;0;0;0;0;0;0;0;0;4298;0;0;0;0;0;0;
31119;5542943;601620480;42528768;566439936;0;0;0;0;0;0;0;0;0;0;0;3867;0;0;0;0;0;0;
31120;4835828;601620480;42528768;566439936;0;0;0;0;0;0;0;0;0;0;0;4479;0;0;0;0;0;0;
31121;6044964;601620480;42528768;566439936;0;0;0;0;0;0;0;0;0;0;0;6442;0;0;0;0;0;0;
31122;5032506;589524992;27713536;551624704;0;0;0;0;0;0;0;0;0;0;0;5029;0;0;0;0;0;0;
31123;5796338;589524992;27713536;551624704;0;0;0;0;0;0;0;0;0;0;0;4148;0;0;0;0;0;0;
31124;3808080;589524992;27713536;551624704;0;0;0;0;0;0;0;0;0;0;0;4509;0;0;0;0;0;0;
31125;5306209;589524992;27713536;551624704;0;0;0;0;0;0;0;0;0;0;0;4208;0;0;0;0;0;0;
31126;3582056;589524992;27713536;551624704;0;0;0;0;0;0;0;0;0;0;0;3156;0;0;0;0;0;0;
31127;5942222;589524992;27713536;551624704;0;0;0;0;0;0;0;0;0;0;0;4308;0;0;0;0;0;0;
31128;3935019;589524992;27713536;551624704;0;0;0;0;0;0;0;0;0;0;0;4348;0;0;0;0;0;0;
31129;5738971;589524992;27713536;551624704;0;0;0;0;0;0;0;0;0;0;0;4839;0;0;0;0;0;0;
31130;4232636;589524992;27713536;551624704;0;0;0;0;0;0;0;0;0;0;0;6442;0;0;0;0;0;0;
31131;5758437;589524992;27713536;551624704;0;0;0;0;0;0;0;0;0;0;0;4308;0;0;0;0;0;0;
31132;4388920;589524992;27713536;551624704;0;0;0;0;0;0;0;0;0;0;0;5851;0;0;0;0;0;0;
31133;5983900;589524992;27713536;551624704;0;0;0;0;0;0;0;0;0;0;0;3697;0;0;0;0;0;0;
31134;4628770;589524992;27713536;551624704;0;0;0;0;0;0;0;0;0;0;0;3777;0;0;0;0;0;0;
31135;6949401;595333120;42528768;566439936;0;0;0;0;0;0;0;0;0;0;0;4569;0;0;0;0;0;0;
31136;4637055;595333120;42528768;566439936;0;0;0;0;0;0;0;0;0;0;0;4839;0;0;0;0;0;0;
31137;5465469;601624576;42528768;566439936;0;0;0;0;0;0;0;0;0;0;0;4648;0;0;0;0;0;0;
31138;4448842;601624576;42528768;566439936;0;0;0;0;0;0;0;0;0;0;0;4909;0;0;0;0;0;0;
31139;5769208;601624576;42528768;566439936;0;0;0;0;0;0;0;0;0;0;0;5199;0;0;0;0;0;0;
31140;4343685;601624576;42528768;566439936;0;0;0;0;0;0;0;0;0;0;0;5761;0;0;0;0;0;0;
31141;5557100;601624576;42528768;566439936;0;0;0;0;0;0;0;0;0;0;0;4779;0;0;0;0;0;0;
31142;4121578;601624576;42528768;566439936;0;0;0;0;0;0;0;0;0;0;0;4559;0;0;0;0;0;0;
31143;6190297;601624576;42528768;566439936;0;0;0;0;0;0;0;0;0;0;0;3827;0;0;0;0;0;0;
31144;3852323;601624576;42528768;566439936;0;0;0;0;0;0;0;0;0;0;0;4969;0;0;0;0;0;0;
31145;6331872;601624576;42528768;566439936;0;0;0;0;0;0;0;0;0;0;0;4889;0;0;0;0;0;0;
31146;4259116;589529088;27713536;551624704;0;0;0;0;0;0;0;0;0;0;0;4548;0;0;0;0;0;0;
31147;5762134;589529088;27713536;551624704;0;0;0;0;0;0;0;0;0;0;0;3737;0;0;0;0;0;0;
31148;3951449;589529088;27713536;551624704;0;0;0;0;0;0;0;0;0;0;0;4629;0;0;0;0;0;0;
31149;5795297;589529088;27713536;551624704;0;0;0;0;0;0;0;0;0;0;0;4147;0;0;0;0;0;0;
31150;3661355;589529088;27713536;551624704;0;0;0;0;0;0;0;0;0;0;0;3777;0;0;0;0;0;0;
31151;6087735;589529088;27713536;551624704;0;0;0;0;0;0;0;0;0;0;0;5009;0;0;0;0;0;0;
31152;3903339;589529088;27713536;551624704;0;0;0;0;0;0;0;0;0;0;0;5461;0;0;0;0;0;0;
31153;6262383;589529088;27713536;551624704;0;0;0;0;0;0;0;0;0;0;0;4759;0;0;0;0;0;0;
31154;4354365;589529088;27713536;551624704;0;0;0;0;0;0;0;0;0;0;0;4959;0;0;0;0;0;0;
31155;5525631;589529088;27713536;551624704;0;0;0;0;0;0;0;0;0;0;0;4448;0;0;0;0;0;0;
31156;5009714;589529088;27713536;551624704;0;0;0;0;0;0;0;0;0;0;0;4358;0;0;0;0;0;0;
31157;5644984;589529088;27713536;551624704;0;0;0;0;0;0;0;0;0;0;0;3887;0;0;0;0;0;0;
31158;5599490;589529088;27713536;551624704;0;0;0;0;0;0;0;0;0;0;0;6632;0;0;0;0;0;0;
31159;6378410;595337216;42528768;566439936;0;0;0;0;0;0;0;0;0;0;0;4128;0;0;0;0;0;0;
31160;4835827;595337216;42528768;566439936;0;0;0;0;0;0;0;0;0;0;0;4409;0;0;0;0;0;0;
31161;7347117;601628672;42528768;566439936;0;0;0;0;0;0;0;0;0;0;0;11461;0;0;0;0;0;0;
31162;4271789;601628672;42528768;566439936;0;0;0;0;0;0;0;0;0;0;0;3607;0;0;0;0;0;0;
31163;6472175;601628672;42528768;566439936;0;0;0;0;0;0;0;0;0;0;0;4429;0;0;0;0;0;0;
31164;4076003;601628672;42528768;566439936;0;0;0;0;0;0;0;0;0;0;0;4379;0;0;0;0;0;0;
31165;5946289;601628672;42532864;566444032;0;0;0;0;0;0;0;0;0;0;0;3767;0;0;0;0;0;0;
31166;4610174;601628672;42536960;566448128;0;0;0;0;0;0;0;0;0;0;0;4769;0;0;0;0;0;0;
31167;6508975;601628672;42536960;566448128;0;0;0;0;0;0;0;0;0;0;0;4939;0;0;0;0;0;0;
31168;4563907;601628672;42536960;566448128;0;0;0;0;0;0;0;0;0;0;0;4428;0;0;0;0;0;0;
31169;6051907;601628672;42536960;566448128;0;0;0;0;0;0;0;0;0;0;0;3657;0;0;0;0;0;0;
31170;5971477;589541376;27721728;551632896;0;0;0;0;0;0;0;0;0;0;0;4268;0;0;0;0;0;0;
31171;5398773;589541376;27721728;551632896;0;0;0;0;0;0;0;0;0;0;0;3586;0;0;0;0;0;0;
31172;4483246;589533184;27713536;551624704;0;0;0;0;0;0;0;0;0;0;0;3917;0;0;0;0;0;0;
31173;5263479;589533184;27713536;551624704;0;0;0;0;0;0;0;0;0;0;0;3536;0;0;0;0;0;0;
31174;4158327;589533184;27713536;551624704;0;0;0;0;0;0;0;0;0;0;0;3697;0;0;0;0;0;0;
31175;5212394;589533184;27713536;551624704;0;0;0;0;0;0;0;0;0;0;0;3386;0;0;0;0;0;0;
31176;4300293;589533184;27713536;551624704;0;0;0;0;0;0;0;0;0;0;0;4117;0;0;0;0;0;0;
31177;5890465;589533184;27713536;551624704;0;0;0;0;0;0;0;0;0;0;0;4849;0;0;0;0;0;0;
31178;3800065;589533184;27713536;551624704;0;0;0;0;0;0;0;0;0;0;0;4569;0;0;0;0;0;0;
31179;5590563;589533184;27713536;551624704;0;0;0;0;0;0;0;0;0;0;0;4328;0;0;0;0;0;0;
31180;3936662;589533184;27713536;551624704;0;0;0;0;0;0;0;0;0;0;0;4168;0;0;0;0;0;0;
31181;5317871;589533184;27713536;551624704;0;0;0;0;0;0;0;0;0;0;0;7644;0;0;0;0;0;0;
31182;3953613;589533184;27713536;551624704;0;0;0;0;0;0;0;0;0;0;0;4087;0;0;0;0;0;0;
31183;5559625;589533184;27713536;551624704;0;0;0;0;0;0;0;0;0;0;0;3998;0;0;0;0;0;0;
31184;4746911;589533184;27713536;551624704;0;0;0;0;0;0;0;0;0;0;0;5270;0;0;0;0;0;0;
31185;5837866;589533184;27713536;551624704;0;0;0;0;0;0;0;0;0;0;0;5160;0;0;0;0;0;0;
31186;4942037;589533184;27713536;551624704;0;0;0;0;0;0;0;0;0;0;0;3808;0;0;0;0;0;0;
31187;5744311;589533184;27713536;551624704;0;0;0;0;0;0;0;0;0;0;0;4819;0;0;0;0;0;0;
31188;4962314;589533184;27713536;551624704;0;0;0;0;0;0;0;0;0;0;0;5521;0;0;0;0;0;0;
31189;5824482;589533184;27713536;551624704;0;0;0;0;0;0;0;0;0;0;0;5100;0;0;0;0;0;0;
31190;4367159;589533184;27713536;551624704;0;0;0;0;0;0;0;0;0;0;0;5610;0;0;0;0;0;0;
31191;5621320;589533184;27713536;551624704;0;0;0;0;0;0;0;0;0;0;0;5931;0;0;0;0;0;0;
31192;4455684;589533184;27713536;551624704;0;0;0;0;0;0;0;0;0;0;0;4529;0;0;0;0;0;0;
31193;6533641;589533184;27713536;551624704;0;0;0;0;0;0;0;0;0;0;0;5451;0;0;0;0;0;0;
31194;5071349;589533184;27713536;551624704;0;0;0;0;0;0;0;0;0;0;0;4298;0;0;0;0;0;0;
31195;6196680;589533184;27713536;551624704;0;0;0;0;0;0;0;0;0;0;0;4248;0;0;0;0;0;0;
31196;5072882;589533184;27713536;551624704;0;0;0;0;0;0;0;0;0;0;0;5270;0;0;0;0;0;0;
31197;5808811;589533184;27713536;551624704;0;0;0;0;0;0;0;0;0;0;0;3847;0;0;0;0;0;0;
31198;4129413;589533184;27713536;551624704;0;0;0;0;0;0;0;0;0;0;0;4478;0;0;0;0;0;0;
31199;6361068;589533184;27713536;551624704;0;0;0;0;0;0;0;0;0;0;0;6101;0;0;0;0;0;0;
31200;4220644;589533184;27713536;551624704;0;0;0;0;0;0;0;0;0;0;0;6121;0;0;0;0;0;0;
31201;6272481;589533184;27713536;551624704;0;0;0;0;0;0;0;0;0;0;0;5280;0;0;0;0;0;0;
31202;4739116;589533184;27713536;551624704;0;0;0;0;0;0;0;0;0;0;0;5080;0;0;0;0;0;0;
31203;5764740;589533184;27713536;551624704;0;0;0;0;0;0;0;0;0;0;0;4558;0;0;0;0;0;0;
31204;3789315;589533184;27713536;551624704;0;0;0;0;0;0;0;0;0;0;0;4408;0;0;0;0;0;0;
31205;5180533;589533184;27713536;551624704;0;0;0;0;0;0;0;0;0;0;0;4318;0;0;0;0;0;0;
31206;4323346;589533184;27713536;551624704;0;0;0;0;0;0;0;0;0;0;0;3978;0;0;0;0;0;0;
31207;5541290;589533184;27713536;551624704;0;0;0;0;0;0;0;0;0;0;0;4699;0;0;0;0;0;0;
31208;4933290;589533184;27713536;551624704;0;0;0;0;0;0;0;0;0;0;0;5731;0;0;0;0;0;0;
31209;5866059;589533184;27713536;551624704;0;0;0;0;0;0;0;0;0;0;0;4709;0;0;0;0;0;0;
31210;4861936;589533184;27713536;551624704;0;0;0;0;0;0;0;0;0;0;0;3767;0;0;0;0;0;0;
31211;5571356;589533184;27713536;551624704;0;0;0;0;0;0;0;0;0;0;0;3957;0;0;0;0;0;0;
31212;5093470;589533184;27713536;551624704;0;0;0;0;0;0;0;0;0;0;0;4409;0;0;0;0;0;0;
31213;5734612;589533184;27713536;551624704;0;0;0;0;0;0;0;0;0;0;0;5611;0;0;0;0;0;0;
31214;4721302;589533184;27713536;551624704;0;0;0;0;0;0;0;0;0;0;0;4659;0;0;0;0;0;0;
31215;5113378;589533184;27713536;551624704;0;0;0;0;0;0;0;0;0;0;0;4188;0;0;0;0;0;0;
31216;3930750;589533184;27713536;551624704;0;0;0;0;0;0;0;0;0;0;0;4379;0;0;0;0;0;0;
31217;5621000;589533184;27713536;551624704;0;0;0;0;0;0;0;0;0;0;0;4298;0;0;0;0;0;0;
31218;4110797;589533184;27713536;551624704;0;0;0;0;0;0;0;0;0;0;0;4268;0;0;0;0;0;0;
31219;6241754;589533184;27713536;551624704;0;0;0;0;0;0;0;0;0;0;0;5530;0;0;0;0;0;0;
31220;4138951;589533184;27713536;551624704;0;0;0;0;0;0;0;0;0;0;0;6923;0;0;0;0;0;0;
31221;5380479;589533184;27713536;551624704;0;0;0;0;0;0;0;0;0;0;0;3447;0;0;0;0;0;0;
31222;3972729;589533184;27713536;551624704;0;0;0;0;0;0;0;0;0;0;0;5050;0;0;0;0;0;0;
31223;5794355;589533184;27713536;551624704;0;0;0;0;0;0;0;0;0;0;0;3366;0;0;0;0;0;0;
31224;4024987;589533184;27713536;551624704;0;0;0;0;0;0;0;0;0;0;0;4950;0;0;0;0;0;0;
31225;5467171;589533184;27713536;551624704;0;0;0;0;0;0;0;0;0;0;0;3808;0;0;0;0;0;0;
31226;4029496;589533184;27713536;551624704;0;0;0;0;0;0;0;0;0;0;0;4839;0;0;0;0;0;0;
31227;6191830;589533184;27713536;551624704;0;0;0;0;0;0;0;0;0;0;0;6132;0;0;0;0;0;0;
31228;4262582;589533184;27713536;551624704;0;0;0;0;0;0;0;0;0;0;0;3186;0;0;0;0;0;0;
31229;6726032;589533184;27713536;551624704;0;0;0;0;0;0;0;0;0;0;0;3937;0;0;0;0;0;0;
31230;4724288;589533184;27713536;551624704;0;0;0;0;0;0;0;0;0;0;0;5650;0;0;0;0;0;0;
31231;5589631;589533184;27713536;551624704;0;0;0;0;0;0;0;0;0;0;0;4578;0;0;0;0;0;0;
31232;5103459;589533184;27713536;551624704;0;0;0;0;0;0;0;0;0;0;0;4599;0;0;0;0;0;0;
31233;6628399;589533184;27713536;551624704;0;0;0;0;0;0;0;0;0;0;0;5942;0;0;0;0;0;0;
31234;4706185;589533184;27713536;551624704;0;0;0;0;0;0;0;0;0;0;0;6122;0;0;0;0;0;0;
31235;5636719;589533184;27713536;551624704;0;0;0;0;0;0;0;0;0;0;0;4067;0;0;0;0;0;0;
31236;5791900;589533184;27713536;551624704;0;0;0;0;0;0;0;0;0;0;0;4910;0;0;0;0;0;0;
31237;5594980;589533184;27713536;551624704;0;0;0;0;0;0;0;0;0;0;0;3206;0;0;0;0;0;0;
31238;4490119;589533184;27713536;551624704;0;0;0;0;0;0;0;0;0;0;0;5099;0;0;0;0;0;0;
31239;4877456;589533184;27713536;551624704;0;0;0;0;0;0;0;0;0;0;0;3347;0;0;0;0;0;0;
31240;4218690;589533184;27713536;551624704;0;0;0;0;0;0;0;0;0;0;0;3797;0;0;0;0;0;0;
31241;5147692;589533184;27713536;551624704;0;0;0;0;0;0;0;0;0;0;0;3677;0;0;0;0;0;0;
31242;4981631;589533184;27713536;551624704;0;0;0;0;0;0;0;0;0;0;0;5000;0;0;0;0;0;0;
31243;5174032;589533184;27713536;551624704;0;0;0;0;0;0;0;0;0;0;0;3176;0;0;0;0;0;0;
31244;5456030;589533184;27713536;551624704;0;0;0;0;0;0;0;0;0;0;0;3857;0;0;0;0;0;0;
31245;5327239;589533184;27713536;551624704;0;0;0;0;0;0;0;0;0;0;0;4668;0;0;0;0;0;0;
31246;3991614;589533184;27713536;551624704;0;0;0;0;0;0;0;0;0;0;0;3887;0;0;0;0;0;0;
31247;5264701;589533184;27713536;551624704;0;0;0;0;0;0;0;0;0;0;0;3597;0;0;0;0;0;0;
31248;4967164;589533184;27713536;551624704;0;0;0;0;0;0;0;0;0;0;0;4708;0;0;0;0;0;0;
31249;6135104;589533184;27713536;551624704;0;0;0;0;0;0;0;0;0;0;0;4739;0;0;0;0;0;0;
31250;4761709;589533184;27713536;551624704;0;0;0;0;0;0;0;0;0;0;0;8807;0;0;0;0;0;0;
31251;5908919;589533184;27713536;551624704;0;0;0;0;0;0;0;0;0;0;0;4338;0;0;0;0;0;0;
31252;3887008;589533184;27713536;551624704;0;0;0;0;0;0;0;0;0;0;0;4829;0;0;0;0;0;0;
31253;5909291;589533184;27713536;551624704;0;0;0;0;0;0;0;0;0;0;0;6371;0;0;0;0;0;0;
31254;3894893;589533184;27713536;551624704;0;0;0;0;0;0;0;0;0;0;0;6161;0;0;0;0;0;0;
31255;5499471;589533184;27713536;551624704;0;0;0;0;0;0;0;0;0;0;0;2995;0;0;0;0;0;0;
31256;4485280;589533184;27713536;551624704;0;0;0;0;0;0;0;0;0;0;0;4268;0;0;0;0;0;0;
31257;11934047;589533184;27713536;551624704;0;0;0;0;0;0;0;0;0;0;0;4148;0;0;0;0;0;0;
31258;4361568;589533184;27713536;551624704;0;0;0;0;0;0;0;0;0;0;0;4028;0;0;0;0;0;0;
31259;6416551;595341312;42528768;566439936;0;0;0;0;0;0;0;0;0;0;0;3697;0;0;0;0;0;0;
31260;5326668;595341312;42528768;566439936;0;0;0;0;0;0;0;0;0;0;0;3848;0;0;0;0;0;0;
31261;6039604;601632768;42532864;566444032;0;0;0;0;0;0;0;0;0;0;0;4469;0;0;0;0;0;0;
31262;4931567;601632768;42536960;566448128;0;0;0;0;0;0;0;0;0;0;0;4148;0;0;0;0;0;0;
31263;5678738;601632768;42536960;566448128;0;0;0;0;0;0;0;0;0;0;0;2826;0;0;0;0;0;0;
31264;4372168;601632768;42536960;566448128;0;0;0;0;0;0;0;0;0;0;0;3917;0;0;0;0;0;0;
31265;6554350;601632768;42536960;566448128;0;0;0;0;0;0;0;0;0;0;0;3998;0;0;0;0;0;0;
31266;4069200;601632768;42536960;566448128;0;0;0;0;0;0;0;0;0;0;0;4819;0;0;0;0;0;0;
31267;6538440;601632768;42536960;566448128;0;0;0;0;0;0;0;0;0;0;0;5040;0;0;0;0;0;0;
31268;4237565;601792512;42528768;566439936;0;0;0;0;0;0;0;0;0;0;0;4638;0;0;0;0;0;0;
31269;5717581;601792512;42528768;566439936;0;0;0;0;0;0;0;0;0;0;0;4398;0;0;0;0;0;0;
31270;4567324;589549568;27713536;551624704;0;0;0;0;0;0;0;0;0;0;0;5461;0;0;0;0;0;0;
31271;6458309;589549568;27713536;551624704;0;0;0;0;0;0;0;0;0;0;0;4558;0;0;0;0;0;0;
31272;5300278;589549568;27713536;551624704;0;0;0;0;0;0;0;0;0;0;0;3967;0;0;0;0;0;0;
31273;5460499;589549568;27713536;551624704;0;0;0;0;0;0;0;0;0;0;0;3356;0;0;0;0;0;0;
31274;4651191;589549568;27713536;551624704;0;0;0;0;0;0;0;0;0;0;0;3777;0;0;0;0;0;0;
31275;5821386;589549568;27713536;551624704;0;0;0;0;0;0;0;0;0;0;0;4970;0;0;0;0;0;0;
31276;4118452;589549568;27713536;551624704;0;0;0;0;0;0;0;0;0;0;0;3767;0;0;0;0;0;0;
31277;5445220;589549568;27713536;551624704;0;0;0;0;0;0;0;0;0;0;0;4999;0;0;0;0;0;0;
31278;3756714;589549568;27713536;551624704;0;0;0;0;0;0;0;0;0;0;0;4198;0;0;0;0;0;0;
31279;6052108;589549568;27713536;551624704;0;0;0;0;0;0;0;0;0;0;0;4418;0;0;0;0;0;0;
31280;5177628;589549568;27713536;551624704;0;0;0;0;0;0;0;0;0;0;0;4910;0;0;0;0;0;0;
31281;5658410;589549568;27713536;551624704;0;0;0;0;0;0;0;0;0;0;0;3917;0;0;0;0;0;0;
31282;4172744;589549568;27713536;551624704;0;0;0;0;0;0;0;0;0;0;0;5159;0;0;0;0;0;0;
31283;6319530;595357696;42528768;566439936;0;0;0;0;0;0;0;0;0;0;0;5090;0;0;0;0;0;0;
31284;3925751;595357696;42528768;566439936;0;0;0;0;0;0;0;0;0;0;0;5030;0;0;0;0;0;0;
31285;6295905;601649152;42528768;566439936;0;0;0;0;0;0;0;0;0;0;0;4228;0;0;0;0;0;0;
31286;4188033;601649152;42528768;566439936;0;0;0;0;0;0;0;0;0;0;0;3998;0;0;0;0;0;0;
31287;5603937;601649152;42528768;566439936;0;0;0;0;0;0;0;0;0;0;0;5130;0;0;0;0;0;0;
31288;4140043;601649152;42528768;566439936;0;0;0;0;0;0;0;0;0;0;0;4268;0;0;0;0;0;0;
31289;5343529;601649152;42528768;566439936;0;0;0;0;0;0;0;0;0;0;0;4749;0;0;0;0;0;0;
31290;4780965;601649152;42528768;566439936;0;0;0;0;0;0;0;0;0;0;0;5220;0;0;0;0;0;0;
31291;5815384;601649152;42528768;566439936;0;0;0;0;0;0;0;0;0;0;0;4579;0;0;0;0;0;0;
31292;5307341;601649152;42528768;566439936;0;0;0;0;0;0;0;0;0;0;0;4378;0;0;0;0;0;0;
31293;5207104;601649152;42528768;566439936;0;0;0;0;0;0;0;0;0;0;0;3055;0;0;0;0;0;0;
31294;4419317;589553664;27713536;551624704;0;0;0;0;0;0;0;0;0;0;0;3857;0;0;0;0;0;0;
31295;4789471;589553664;27713536;551624704;0;0;0;0;0;0;0;0;0;0;0;2895;0;0;0;0;0;0;
31296;4364985;589553664;27713536;551624704;0;0;0;0;0;0;0;0;0;0;0;4288;0;0;0;0;0;0;
31297;5323451;589553664;27713536;551624704;0;0;0;0;0;0;0;0;0;0;0;2915;0;0;0;0;0;0;
31298;4057247;589553664;27713536;551624704;0;0;0;0;0;0;0;0;0;0;0;4919;0;0;0;0;0;0;
31299;4858439;589553664;27713536;551624704;0;0;0;0;0;0;0;0;0;0;0;3747;0;0;0;0;0;0;
31300;4256140;589553664;27713536;551624704;0;0;0;0;0;0;0;0;0;0;0;4147;0;0;0;0;0;0;
31301;4886943;589553664;27713536;551624704;0;0;0;0;0;0;0;0;0;0;0;3096;0;0;0;0;0;0;
31302;3766282;589553664;27713536;551624704;0;0;0;0;0;0;0;0;0;0;0;4939;0;0;0;0;0;0;
31303;5193458;589553664;27713536;551624704;0;0;0;0;0;0;0;0;0;0;0;4729;0;0;0;0;0;0;
31304;3911394;589553664;27713536;551624704;0;0;0;0;0;0;0;0;0;0;0;5170;0;0;0;0;0;0;
31305;5965175;589553664;27713536;551624704;0;0;0;0;0;0;0;0;0;0;0;5290;0;0;0;0;0;0;
31306;3993328;589553664;27713536;551624704;0;0;0;0;0;0;0;0;0;0;0;5670;0;0;0;0;0;0;
31307;6712326;595361792;42528768;566439936;0;0;0;0;0;0;0;0;0;0;0;4919;0;0;0;0;0;0;
31308;4065684;595361792;42528768;566439936;0;0;0;0;0;0;0;0;0;0;0;3577;0;0;0;0;0;0;
31309;5622863;601653248;42528768;566439936;0;0;0;0;0;0;0;0;0;0;0;4028;0;0;0;0;0;0;
31310;4220925;601653248;42528768;566439936;0;0;0;0;0;0;0;0;0;0;0;4629;0;0;0;0;0;0;
31311;5113337;601653248;42528768;566439936;0;0;0;0;0;0;0;0;0;0;0;2766;0;0;0;0;0;0;
31312;3828399;601653248;42528768;566439936;0;0;0;0;0;0;0;0;0;0;0;4018;0;0;0;0;0;0;
31313;4856055;601653248;42528768;566439936;0;0;0;0;0;0;0;0;0;0;0;2975;0;0;0;0;0;0;
31314;3922014;601653248;42528768;566439936;0;0;0;0;0;0;0;0;0;0;0;3727;0;0;0;0;0;0;
31315;5051722;601653248;42528768;566439936;0;0;0;0;0;0;0;0;0;0;0;4609;0;0;0;0;0;0;
31316;4512822;601653248;42528768;566439936;0;0;0;0;0;0;0;0;0;0;0;3717;0;0;0;0;0;0;
31317;5344361;601653248;42528768;566439936;0;0;0;0;0;0;0;0;0;0;0;4448;0;0;0;0;0;0;
31318;4791314;589557760;27713536;551624704;0;0;0;0;0;0;0;0;0;0;0;4298;0;0;0;0;0;0;
31319;5565245;589557760;27713536;551624704;0;0;0;0;0;0;0;0;0;0;0;4268;0;0;0;0;0;0;
31320;4251892;589557760;27713536;551624704;0;0;0;0;0;0;0;0;0;0;0;4228;0;0;0;0;0;0;
31321;5062252;589557760;27713536;551624704;0;0;0;0;0;0;0;0;0;0;0;3857;0;0;0;0;0;0;
31322;3997506;589557760;27713536;551624704;0;0;0;0;0;0;0;0;0;0;0;4128;0;0;0;0;0;0;
31323;5503379;589557760;27713536;551624704;0;0;0;0;0;0;0;0;0;0;0;4698;0;0;0;0;0;0;
31324;4660428;589557760;27713536;551624704;0;0;0;0;0;0;0;0;0;0;0;4608;0;0;0;0;0;0;
31325;5523818;589557760;27713536;551624704;0;0;0;0;0;0;0;0;0;0;0;3967;0;0;0;0;0;0;
31326;4435848;589557760;27713536;551624704;0;0;0;0;0;0;0;0;0;0;0;3606;0;0;0;0;0;0;
31327;4753743;589557760;27713536;551624704;0;0;0;0;0;0;0;0;0;0;0;2485;0;0;0;0;0;0;
31328;4309070;589557760;27713536;551624704;0;0;0;0;0;0;0;0;0;0;0;3376;0;0;0;0;0;0;
31329;4872727;589557760;27713536;551624704;0;0;0;0;0;0;0;0;0;0;0;2766;0;0;0;0;0;0;
31330;4410600;589557760;27713536;551624704;0;0;0;0;0;0;0;0;0;0;0;3326;0;0;0;0;0;0;
31331;5407950;589557760;27713536;551624704;0;0;0;0;0;0;0;0;0;0;0;3095;0;0;0;0;0;0;
31332;3626500;589557760;27713536;551624704;0;0;0;0;0;0;0;0;0;0;0;4288;0;0;0;0;0;0;
31333;4807885;589557760;27713536;551624704;0;0;0;0;0;0;0;0;0;0;0;2595;0;0;0;0;0;0;
31334;4057578;589557760;27713536;551624704;0;0;0;0;0;0;0;0;0;0;0;3928;0;0;0;0;0;0;
31335;4984666;589557760;27713536;551624704;0;0;0;0;0;0;0;0;0;0;0;3016;0;0;0;0;0;0;
31336;4071724;589557760;27713536;551624704;0;0;0;0;0;0;0;0;0;0;0;3737;0;0;0;0;0;0;
31337;4814908;589557760;27713536;551624704;0;0;0;0;0;0;0;0;0;0;0;2726;0;0;0;0;0;0;
31338;3197105;589557760;27713536;551624704;0;0;0;0;0;0;0;0;0;0;0;3597;0;0;0;0;0;0;
31339;4833343;589557760;27713536;551624704;0;0;0;0;0;0;0;0;0;0;0;2955;0;0;0;0;0;0;
31340;3343239;589557760;27713536;551624704;0;0;0;0;0;0;0;0;0;0;0;4468;0;0;0;0;0;0;
31341;4536827;589557760;27713536;551624704;0;0;0;0;0;0;0;0;0;0;0;2815;0;0;0;0;0;0;
31342;3312902;589557760;27713536;551624704;0;0;0;0;0;0;0;0;0;0;0;4278;0;0;0;0;0;0;
31343;4727805;589557760;27713536;551624704;0;0;0;0;0;0;0;0;0;0;0;2775;0;0;0;0;0;0;
31344;4271880;589557760;27713536;551624704;0;0;0;0;0;0;0;0;0;0;0;4227;0;0;0;0;0;0;
31345;5218666;589557760;27713536;551624704;0;0;0;0;0;0;0;0;0;0;0;3246;0;0;0;0;0;0;
31346;4121669;589557760;27713536;551624704;0;0;0;0;0;0;0;0;0;0;0;3868;0;0;0;0;0;0;
31347;4899226;589557760;27713536;551624704;0;0;0;0;0;0;0;0;0;0;0;2685;0;0;0;0;0;0;
31348;3889704;589557760;27713536;551624704;0;0;0;0;0;0;0;0;0;0;0;4138;0;0;0;0;0;0;
31349;5170605;589557760;27713536;551624704;0;0;0;0;0;0;0;0;0;0;0;2885;0;0;0;0;0;0;
31350;4645811;589557760;27713536;551624704;0;0;0;0;0;0;0;0;0;0;0;3897;0;0;0;0;0;0;
31351;5613786;589557760;27713536;551624704;0;0;0;0;0;0;0;0;0;0;0;4138;0;0;0;0;0;0;
31352;4066976;589557760;27713536;551624704;0;0;0;0;0;0;0;0;0;0;0;82144;0;0;0;0;0;0;
31353;5387351;589557760;27713536;551624704;0;0;0;0;0;0;0;0;0;0;0;4729;0;0;0;0;0;0;
31354;4072286;589557760;27713536;551624704;0;0;0;0;0;0;0;0;0;0;0;5670;0;0;0;0;0;0;
31355;5479574;589557760;27713536;551624704;0;0;0;0;0;0;0;0;0;0;0;4979;0;0;0;0;0;0;
31356;4021370;589557760;27713536;551624704;0;0;0;0;0;0;0;0;0;0;0;5731;0;0;0;0;0;0;
31357;4938871;589557760;27713536;551624704;0;0;0;0;0;0;0;0;0;0;0;3607;0;0;0;0;0;0;
31358;4703880;589557760;27713536;551624704;0;0;0;0;0;0;0;0;0;0;0;4148;0;0;0;0;0;0;
31359;5490084;589557760;27713536;551624704;0;0;0;0;0;0;0;0;0;0;0;3236;0;0;0;0;0;0;
31360;3746485;589557760;27713536;551624704;0;0;0;0;0;0;0;0;0;0;0;3987;0;0;0;0;0;0;
31361;5183269;589557760;27713536;551624704;0;0;0;0;0;0;0;0;0;0;0;3206;0;0;0;0;0;0;
31362;3881177;589557760;27713536;551624704;0;0;0;0;0;0;0;0;0;0;0;3467;0;0;0;0;0;0;
31363;4983024;589557760;27713536;551624704;0;0;0;0;0;0;0;0;0;0;0;3877;0;0;0;0;0;0;
31364;4110959;589557760;27713536;551624704;0;0;0;0;0;0;0;0;0;0;0;4779;0;0;0;0;0;0;
31365;5320296;589557760;27717632;551628800;0;0;0;0;0;0;0;0;0;0;0;4448;0;0;0;0;0;0;
31366;4535333;589557760;27721728;551632896;0;0;0;0;0;0;0;0;0;0;0;4268;0;0;0;0;0;0;
31367;5255945;589557760;27721728;551632896;0;0;0;0;0;0;0;0;0;0;0;4137;0;0;0;0;0;0;
31368;4602820;589557760;27721728;551632896;0;0;0;0;0;0;0;0;0;0;0;5370;0;0;0;0;0;0;
31369;5883282;589557760;27721728;551632896;0;0;0;0;0;0;0;0;0;0;0;4608;0;0;0;0;0;0;
31370;3965886;589557760;27721728;551632896;0;0;0;0;0;0;0;0;0;0;0;4789;0;0;0;0;0;0;
31371;5665944;589557760;27721728;551632896;0;0;0;0;0;0;0;0;0;0;0;4408;0;0;0;0;0;0;
31372;4680997;589565952;27713536;551624704;0;0;0;0;0;0;0;0;0;0;0;4749;0;0;0;0;0;0;
31373;5802771;589565952;27713536;551624704;0;0;0;0;0;0;0;0;0;0;0;3737;0;0;0;0;0;0;
31374;4843231;589565952;27713536;551624704;0;0;0;0;0;0;0;0;0;0;0;4629;0;0;0;0;0;0;
31375;4900118;589565952;27713536;551624704;0;0;0;0;0;0;0;0;0;0;0;3186;0;0;0;0;0;0;
31376;4079860;589565952;27713536;551624704;0;0;0;0;0;0;0;0;0;0;0;3967;0;0;0;0;0;0;
31377;4677240;589565952;27713536;551624704;0;0;0;0;0;0;0;0;0;0;0;3637;0;0;0;0;0;0;
31378;4242725;589565952;27713536;551624704;0;0;0;0;0;0;0;0;0;0;0;4869;0;0;0;0;0;0;
31379;5140579;589565952;27713536;551624704;0;0;0;0;0;0;0;0;0;0;0;3306;0;0;0;0;0;0;
31380;3519470;589565952;27713536;551624704;0;0;0;0;0;0;0;0;0;0;0;3537;0;0;0;0;0;0;
31381;4791094;589565952;27713536;551624704;0;0;0;0;0;0;0;0;0;0;0;3307;0;0;0;0;0;0;
31382;3435352;589565952;27713536;551624704;0;0;0;0;0;0;0;0;0;0;0;3636;0;0;0;0;0;0;
31383;4739046;589565952;27713536;551624704;0;0;0;0;0;0;0;0;0;0;0;3015;0;0;0;0;0;0;
31384;3512006;589565952;27713536;551624704;0;0;0;0;0;0;0;0;0;0;0;3496;0;0;0;0;0;0;
31385;4692278;589565952;27713536;551624704;0;0;0;0;0;0;0;0;0;0;0;3016;0;0;0;0;0;0;
31386;3519980;589565952;27713536;551624704;0;0;0;0;0;0;0;0;0;0;0;3376;0;0;0;0;0;0;
31387;5002940;589565952;27713536;551624704;0;0;0;0;0;0;0;0;0;0;0;2595;0;0;0;0;0;0;
31388;3903510;589565952;27713536;551624704;0;0;0;0;0;0;0;0;0;0;0;3657;0;0;0;0;0;0;
31389;4935053;589565952;27713536;551624704;0;0;0;0;0;0;0;0;0;0;0;3277;0;0;0;0;0;0;
31390;4223059;589565952;27713536;551624704;0;0;0;0;0;0;0;0;0;0;0;4769;0;0;0;0;0;0;
31391;5142041;589565952;27713536;551624704;0;0;0;0;0;0;0;0;0;0;0;2796;0;0;0;0;0;0;
31392;4181931;589565952;27713536;551624704;0;0;0;0;0;0;0;0;0;0;0;3567;0;0;0;0;0;0;
31393;5787522;589565952;27713536;551624704;0;0;0;0;0;0;0;0;0;0;0;4819;0;0;0;0;0;0;
31394;3821044;589565952;27713536;551624704;0;0;0;0;0;0;0;0;0;0;0;5270;0;0;0;0;0;0;
31395;5180674;589565952;27713536;551624704;0;0;0;0;0;0;0;0;0;0;0;3857;0;0;0;0;0;0;
31396;3598317;589565952;27713536;551624704;0;0;0;0;0;0;0;0;0;0;0;6572;0;0;0;0;0;0;
31397;5355792;589565952;27713536;551624704;0;0;0;0;0;0;0;0;0;0;0;4388;0;0;0;0;0;0;
31398;4237024;589565952;27713536;551624704;0;0;0;0;0;0;0;0;0;0;0;4468;0;0;0;0;0;0;
31399;5604348;589565952;27713536;551624704;0;0;0;0;0;0;0;0;0;0;0;3637;0;0;0;0;0;0;
31400;4282761;589565952;27713536;551624704;0;0;0;0;0;0;0;0;0;0;0;6302;0;0;0;0;0;0;
31401;5293836;589565952;27713536;551624704;0;0;0;0;0;0;0;0;0;0;0;3055;0;0;0;0;0;0;
31402;3949826;589565952;27713536;551624704;0;0;0;0;0;0;0;0;0;0;0;4308;0;0;0;0;0;0;
31403;5643372;589565952;27713536;551624704;0;0;0;0;0;0;0;0;0;0;0;3287;0;0;0;0;0;0;
31404;3573240;589565952;27713536;551624704;0;0;0;0;0;0;0;0;0;0;0;4889;0;0;0;0;0;0;
31405;5900193;589565952;27713536;551624704;0;0;0;0;0;0;0;0;0;0;0;4960;0;0;0;0;0;0;
31406;3022518;589565952;27713536;551624704;0;0;0;0;0;0;0;0;0;0;0;3687;0;0;0;0;0;0;
31407;6545674;595374080;42528768;566439936;0;0;0;0;0;0;0;0;0;0;0;4328;0;0;0;0;0;0;
31408;3588428;595374080;42528768;566439936;0;0;0;0;0;0;0;0;0;0;0;4789;0;0;0;0;0;0;
31409;6321043;601665536;42528768;566439936;0;0;0;0;0;0;0;0;0;0;0;5240;0;0;0;0;0;0;
31410;3879664;601665536;42528768;566439936;0;0;0;0;0;0;0;0;0;0;0;4288;0;0;0;0;0;0;
31411;5420965;601665536;42528768;566439936;0;0;0;0;0;0;0;0;0;0;0;3818;0;0;0;0;0;0;
31412;3689107;601665536;42528768;566439936;0;0;0;0;0;0;0;0;0;0;0;4137;0;0;0;0;0;0;
31413;5037676;601665536;42528768;566439936;0;0;0;0;0;0;0;0;0;0;0;3897;0;0;0;0;0;0;
31414;3740423;601665536;42528768;566439936;0;0;0;0;0;0;0;0;0;0;0;4237;0;0;0;0;0;0;
31415;4765646;601665536;42528768;566439936;0;0;0;0;0;0;0;0;0;0;0;3817;0;0;0;0;0;0;
31416;4158918;601665536;42528768;566439936;0;0;0;0;0;0;0;0;0;0;0;4349;0;0;0;0;0;0;
31417;5368035;601665536;42528768;566439936;0;0;0;0;0;0;0;0;0;0;0;3286;0;0;0;0;0;0;
31418;4416902;589574144;27713536;551624704;0;0;0;0;0;0;0;0;0;0;0;4368;0;0;0;0;0;0;
31419;4906850;589574144;27713536;551624704;0;0;0;0;0;0;0;0;0;0;0;2695;0;0;0;0;0;0;
31420;3713112;589574144;27713536;551624704;0;0;0;0;0;0;0;0;0;0;0;4227;0;0;0;0;0;0;
31421;5450951;589574144;27713536;551624704;0;0;0;0;0;0;0;0;0;0;0;3286;0;0;0;0;0;0;
31422;3559675;589574144;27713536;551624704;0;0;0;0;0;0;0;0;0;0;0;4769;0;0;0;0;0;0;
31423;4903024;589574144;27713536;551624704;0;0;0;0;0;0;0;0;0;0;0;2594;0;0;0;0;0;0;
31424;3091326;589574144;27713536;551624704;0;0;0;0;0;0;0;0;0;0;0;3937;0;0;0;0;0;0;
31425;5599389;589574144;27713536;551624704;0;0;0;0;0;0;0;0;0;0;0;3056;0;0;0;0;0;0;
31426;4373701;589574144;27713536;551624704;0;0;0;0;0;0;0;0;0;0;0;5310;0;0;0;0;0;0;
31427;5995863;589574144;27713536;551624704;0;0;0;0;0;0;0;0;0;0;0;4168;0;0;0;0;0;0;
31428;4767449;589574144;27713536;551624704;0;0;0;0;0;0;0;0;0;0;0;5371;0;0;0;0;0;0;
31429;5709455;589574144;27713536;551624704;0;0;0;0;0;0;0;0;0;0;0;4839;0;0;0;0;0;0;
31430;3822948;589574144;27713536;551624704;0;0;0;0;0;0;0;0;0;0;0;4278;0;0;0;0;0;0;
31431;6484819;595382272;42528768;566439936;0;0;0;0;0;0;0;0;0;0;0;4268;0;0;0;0;0;0;
31432;3275201;595382272;42528768;566439936;0;0;0;0;0;0;0;0;0;0;0;4579;0;0;0;0;0;0;
31433;5417759;601673728;42528768;566439936;0;0;0;0;0;0;0;0;0;0;0;4038;0;0;0;0;0;0;
31434;3736626;601673728;42528768;566439936;0;0;0;0;0;0;0;0;0;0;0;4568;0;0;0;0;0;0;
31435;5026244;601673728;42528768;566439936;0;0;0;0;0;0;0;0;0;0;0;2825;0;0;0;0;0;0;
31436;4098675;601673728;42528768;566439936;0;0;0;0;0;0;0;0;0;0;0;3787;0;0;0;0;0;0;
31437;4979096;601673728;42528768;566439936;0;0;0;0;0;0;0;0;0;0;0;2605;0;0;0;0;0;0;
31438;4088045;601673728;42528768;566439936;0;0;0;0;0;0;0;0;0;0;0;4479;0;0;0;0;0;0;
31439;5141641;601673728;42528768;566439936;0;0;0;0;0;0;0;0;0;0;0;2675;0;0;0;0;0;0;
31440;3677625;601673728;42528768;566439936;0;0;0;0;0;0;0;0;0;0;0;3928;0;0;0;0;0;0;
31441;5514409;601673728;42528768;566439936;0;0;0;0;0;0;0;0;0;0;0;3155;0;0;0;0;0;0;
31442;3770430;589578240;27713536;551624704;0;0;0;0;0;0;0;0;0;0;0;4388;0;0;0;0;0;0;
31443;5664982;589578240;27713536;551624704;0;0;0;0;0;0;0;0;0;0;0;4648;0;0;0;0;0;0;
31444;3683617;589578240;27713536;551624704;0;0;0;0;0;0;0;0;0;0;0;4749;0;0;0;0;0;0;
31445;5546971;589578240;27713536;551624704;0;0;0;0;0;0;0;0;0;0;0;4148;0;0;0;0;0;0;
31446;4682320;589578240;27713536;551624704;0;0;0;0;0;0;0;0;0;0;0;4087;0;0;0;0;0;0;
31447;5202866;589578240;27713536;551624704;0;0;0;0;0;0;0;0;0;0;0;4118;0;0;0;0;0;0;
31448;4079069;589578240;27713536;551624704;0;0;0;0;0;0;0;0;0;0;0;4739;0;0;0;0;0;0;
31449;5325475;589578240;27713536;551624704;0;0;0;0;0;0;0;0;0;0;0;3056;0;0;0;0;0;0;
31450;4790072;589578240;27713536;551624704;0;0;0;0;0;0;0;0;0;0;0;4238;0;0;0;0;0;0;
31451;4979797;589578240;27713536;551624704;0;0;0;0;0;0;0;0;0;0;0;2705;0;0;0;0;0;0;
31452;4292859;589578240;27713536;551624704;0;0;0;0;0;0;0;0;0;0;0;4799;0;0;0;0;0;0;
31453;4984366;589578240;27713536;551624704;0;0;0;0;0;0;0;0;0;0;0;3306;0;0;0;0;0;0;
31454;4395061;589578240;27713536;551624704;0;0;0;0;0;0;0;0;0;0;0;3477;0;0;0;0;0;0;
31455;5927585;595386368;42528768;566439936;0;0;0;0;0;0;0;0;0;0;0;2876;0;0;0;0;0;0;
31456;4349155;595386368;42528768;566439936;0;0;0;0;0;0;0;0;0;0;0;3867;0;0;0;0;0;0;
31457;5819943;601677824;42528768;566439936;0;0;0;0;0;0;0;0;0;0;0;3386;0;0;0;0;0;0;
31458;4392707;601677824;42528768;566439936;0;0;0;0;0;0;0;0;0;0;0;4709;0;0;0;0;0;0;
31459;6266811;601677824;42528768;566439936;0;0;0;0;0;0;0;0;0;0;0;4208;0;0;0;0;0;0;
31460;3873223;601677824;42528768;566439936;0;0;0;0;0;0;0;0;0;0;0;6002;0;0;0;0;0;0;
31461;5263720;601677824;42528768;566439936;0;0;0;0;0;0;0;0;0;0;0;6031;0;0;0;0;0;0;
31462;4523311;601677824;42528768;566439936;0;0;0;0;0;0;0;0;0;0;0;3837;0;0;0;0;0;0;
31463;4938871;601677824;42528768;566439936;0;0;0;0;0;0;0;0;0;0;0;3947;0;0;0;0;0;0;
31464;3773165;601677824;42528768;566439936;0;0;0;0;0;0;0;0;0;0;0;5169;0;0;0;0;0;0;
31465;10552526;601677824;42528768;566439936;0;0;0;0;0;0;0;0;0;0;0;2735;0;0;0;0;0;0;
31466;3542673;589582336;27713536;551624704;0;0;0;0;0;0;0;0;0;0;0;5941;0;0;0;0;0;0;
31467;5596283;589582336;27713536;551624704;0;0;0;0;0;0;0;0;0;0;0;5080;0;0;0;0;0;0;
31468;4032482;589582336;27713536;551624704;0;0;0;0;0;0;0;0;0;0;0;4439;0;0;0;0;0;0;
31469;5187496;589582336;27713536;551624704;0;0;0;0;0;0;0;0;0;0;0;4538;0;0;0;0;0;0;
31470;3863995;589582336;27713536;551624704;0;0;0;0;0;0;0;0;0;0;0;5240;0;0;0;0;0;0;
31471;5293416;589582336;27713536;551624704;0;0;0;0;0;0;0;0;0;0;0;2965;0;0;0;0;0;0;
31472;3857813;589582336;27713536;551624704;0;0;0;0;0;0;0;0;0;0;0;4047;0;0;0;0;0;0;
31473;4979227;589582336;27713536;551624704;0;0;0;0;0;0;0;0;0;0;0;3056;0;0;0;0;0;0;
31474;3726899;589582336;27713536;551624704;0;0;0;0;0;0;0;0;0;0;0;4338;0;0;0;0;0;0;
31475;5255424;589582336;27713536;551624704;0;0;0;0;0;0;0;0;0;0;0;2615;0;0;0;0;0;0;
31476;3930069;589582336;27713536;551624704;0;0;0;0;0;0;0;0;0;0;0;3707;0;0;0;0;0;0;
31477;5104731;589582336;27713536;551624704;0;0;0;0;0;0;0;0;0;0;0;3526;0;0;0;0;0;0;
31478;3569984;589582336;27713536;551624704;0;0;0;0;0;0;0;0;0;0;0;4408;0;0;0;0;0;0;
31479;5209017;589582336;27713536;551624704;0;0;0;0;0;0;0;0;0;0;0;3357;0;0;0;0;0;0;
31480;3481367;589582336;27713536;551624704;0;0;0;0;0;0;0;0;0;0;0;4669;0;0;0;0;0;0;
31481;4875551;589582336;27713536;551624704;0;0;0;0;0;0;0;0;0;0;0;2865;0;0;0;0;0;0;
31482;4296837;589582336;27713536;551624704;0;0;0;0;0;0;0;0;0;0;0;3957;0;0;0;0;0;0;
31483;5353258;589582336;27713536;551624704;0;0;0;0;0;0;0;0;0;0;0;4899;0;0;0;0;0;0;
31484;4006393;589582336;27713536;551624704;0;0;0;0;0;0;0;0;0;0;0;4870;0;0;0;0;0;0;
31485;5830573;589582336;27713536;551624704;0;0;0;0;0;0;0;0;0;0;0;4308;0;0;0;0;0;0;
31486;4602931;589582336;27713536;551624704;0;0;0;0;0;0;0;0;0;0;0;5350;0;0;0;0;0;0;
31487;5220740;589582336;27713536;551624704;0;0;0;0;0;0;0;0;0;0;0;4167;0;0;0;0;0;0;
31488;4389932;589582336;27713536;551624704;0;0;0;0;0;0;0;0;0;0;0;4669;0;0;0;0;0;0;
31489;5584992;589582336;27713536;551624704;0;0;0;0;0;0;0;0;0;0;0;5080;0;0;0;0;0;0;
31490;4075962;589582336;27713536;551624704;0;0;0;0;0;0;0;0;0;0;0;4719;0;0;0;0;0;0;
31491;5519248;589582336;27713536;551624704;0;0;0;0;0;0;0;0;0;0;0;4839;0;0;0;0;0;0;
31492;4550733;589582336;27713536;551624704;0;0;0;0;0;0;0;0;0;0;0;4048;0;0;0;0;0;0;
31493;4931957;589582336;27713536;551624704;0;0;0;0;0;0;0;0;0;0;0;3366;0;0;0;0;0;0;
31494;4007805;589582336;27713536;551624704;0;0;0;0;0;0;0;0;0;0;0;3457;0;0;0;0;0;0;
31495;4887555;589582336;27713536;551624704;0;0;0;0;0;0;0;0;0;0;0;2575;0;0;0;0;0;0;
31496;4600035;589582336;27713536;551624704;0;0;0;0;0;0;0;0;0;0;0;4288;0;0;0;0;0;0;
31497;4946334;589582336;27713536;551624704;0;0;0;0;0;0;0;0;0;0;0;3256;0;0;0;0;0;0;
31498;3904651;589582336;27713536;551624704;0;0;0;0;0;0;0;0;0;0;0;4409;0;0;0;0;0;0;
31499;5272115;589582336;27713536;551624704;0;0;0;0;0;0;0;0;0;0;0;2925;0;0;0;0;0;0;
31500;3157851;589582336;27713536;551624704;0;0;0;0;0;0;0;0;0;0;0;4188;0;0;0;0;0;0;
31501;4761628;589582336;27713536;551624704;0;0;0;0;0;0;0;0;0;0;0;2695;0;0;0;0;0;0;
31502;3519409;589582336;27713536;551624704;0;0;0;0;0;0;0;0;0;0;0;2886;0;0;0;0;0;0;
31503;4638187;589582336;27713536;551624704;0;0;0;0;0;0;0;0;0;0;0;2705;0;0;0;0;0;0;
31504;3639765;589582336;27713536;551624704;0;0;0;0;0;0;0;0;0;0;0;3967;0;0;0;0;0;0;
31505;4792305;589582336;27713536;551624704;0;0;0;0;0;0;0;0;0;0;0;2034;0;0;0;0;0;0;
31506;3323562;589582336;27713536;551624704;0;0;0;0;0;0;0;0;0;0;0;4128;0;0;0;0;0;0;
31507;5109200;589582336;27713536;551624704;0;0;0;0;0;0;0;0;0;0;0;2705;0;0;0;0;0;0;
31508;4490390;589582336;27713536;551624704;0;0;0;0;0;0;0;0;0;0;0;4338;0;0;0;0;0;0;
31509;5743008;589582336;27713536;551624704;0;0;0;0;0;0;0;0;0;0;0;4880;0;0;0;0;0;0;
31510;3820874;589582336;27713536;551624704;0;0;0;0;0;0;0;0;0;0;0;4378;0;0;0;0;0;0;
31511;5601132;589582336;27713536;551624704;0;0;0;0;0;0;0;0;0;0;0;3947;0;0;0;0;0;0;
31512;3561929;589582336;27713536;551624704;0;0;0;0;0;0;0;0;0;0;0;5510;0;0;0;0;0;0;
31513;5420213;589582336;27713536;551624704;0;0;0;0;0;0;0;0;0;0;0;4228;0;0;0;0;0;0;
31514;3472060;589582336;27713536;551624704;0;0;0;0;0;0;0;0;0;0;0;10751;0;0;0;0;0;0;
31515;5346786;589582336;27713536;551624704;0;0;0;0;0;0;0;0;0;0;0;3567;0;0;0;0;0;0;
31516;4045556;589582336;27713536;551624704;0;0;0;0;0;0;0;0;0;0;0;4349;0;0;0;0;0;0;
31517;4736902;589582336;27713536;551624704;0;0;0;0;0;0;0;0;0;0;0;3387;0;0;0;0;0;0;
31518;3650064;589582336;27713536;551624704;0;0;0;0;0;0;0;0;0;0;0;4108;0;0;0;0;0;0;
31519;4761618;589582336;27713536;551624704;0;0;0;0;0;0;0;0;0;0;0;3196;0;0;0;0;0;0;
31520;3570013;589582336;27713536;551624704;0;0;0;0;0;0;0;0;0;0;0;4619;0;0;0;0;0;0;
31521;4839995;589582336;27713536;551624704;0;0;0;0;0;0;0;0;0;0;0;3456;0;0;0;0;0;0;
31522;3716588;589582336;27713536;551624704;0;0;0;0;0;0;0;0;0;0;0;4489;0;0;0;0;0;0;
31523;5837857;589582336;27713536;551624704;0;0;0;0;0;0;0;0;0;0;0;4098;0;0;0;0;0;0;
31524;3560175;589582336;27713536;551624704;0;0;0;0;0;0;0;0;0;0;0;4138;0;0;0;0;0;0;
31525;5812910;589582336;27713536;551624704;0;0;0;0;0;0;0;0;0;0;0;5390;0;0;0;0;0;0;
31526;3527374;589582336;27713536;551624704;0;0;0;0;0;0;0;0;0;0;0;4258;0;0;0;0;0;0;
31527;5450330;589582336;27713536;551624704;0;0;0;0;0;0;0;0;0;0;0;5370;0;0;0;0;0;0;
31528;3238322;589582336;27713536;551624704;0;0;0;0;0;0;0;0;0;0;0;3487;0;0;0;0;0;0;
31529;5227933;589582336;27713536;551624704;0;0;0;0;0;0;0;0;0;0;0;4769;0;0;0;0;0;0;
31530;3363887;589582336;27713536;551624704;0;0;0;0;0;0;0;0;0;0;0;4178;0;0;0;0;0;0;
31531;4929423;589582336;27713536;551624704;0;0;0;0;0;0;0;0;0;0;0;3617;0;0;0;0;0;0;
31532;3556419;589582336;27713536;551624704;0;0;0;0;0;0;0;0;0;0;0;4138;0;0;0;0;0;0;
31533;5039930;589582336;27713536;551624704;0;0;0;0;0;0;0;0;0;0;0;4108;0;0;0;0;0;0;
31534;3969362;589582336;27713536;551624704;0;0;0;0;0;0;0;0;0;0;0;3486;0;0;0;0;0;0;
31535;5271364;589582336;27713536;551624704;0;0;0;0;0;0;0;0;0;0;0;3567;0;0;0;0;0;0;
31536;4011131;589582336;27713536;551624704;0;0;0;0;0;0;0;0;0;0;0;4278;0;0;0;0;0;0;
31537;4990177;589582336;27713536;551624704;0;0;0;0;0;0;0;0;0;0;0;3116;0;0;0;0;0;0;
31538;3695930;589582336;27713536;551624704;0;0;0;0;0;0;0;0;0;0;0;3616;0;0;0;0;0;0;
31539;5043587;589582336;27713536;551624704;0;0;0;0;0;0;0;0;0;0;0;2695;0;0;0;0;0;0;
31540;3747908;589582336;27713536;551624704;0;0;0;0;0;0;0;0;0;0;0;3938;0;0;0;0;0;0;
31541;5025964;589582336;27713536;551624704;0;0;0;0;0;0;0;0;0;0;0;3466;0;0;0;0;0;0;
31542;3564363;589582336;27713536;551624704;0;0;0;0;0;0;0;0;0;0;0;4358;0;0;0;0;0;0;
31543;4972353;589582336;27713536;551624704;0;0;0;0;0;0;0;0;0;0;0;5310;0;0;0;0;0;0;
31544;3497358;589582336;27713536;551624704;0;0;0;0;0;0;0;0;0;0;0;4067;0;0;0;0;0;0;
31545;5338390;589582336;27713536;551624704;0;0;0;0;0;0;0;0;0;0;0;4028;0;0;0;0;0;0;
31546;3065108;589582336;27713536;551624704;0;0;0;0;0;0;0;0;0;0;0;3606;0;0;0;0;0;0;
31547;5456862;589582336;27713536;551624704;0;0;0;0;0;0;0;0;0;0;0;3948;0;0;0;0;0;0;
31548;2969288;589582336;27713536;551624704;0;0;0;0;0;0;0;0;0;0;0;4038;0;0;0;0;0;0;
31549;5125761;589582336;27713536;551624704;0;0;0;0;0;0;0;0;0;0;0;3898;0;0;0;0;0;0;
31550;3099852;589582336;27713536;551624704;0;0;0;0;0;0;0;0;0;0;0;3226;0;0;0;0;0;0;
31551;4785132;589582336;27713536;551624704;0;0;0;0;0;0;0;0;0;0;0;2785;0;0;0;0;0;0;
31552;3673518;589582336;27713536;551624704;0;0;0;0;0;0;0;0;0;0;0;4168;0;0;0;0;0;0;
31553;4630372;589582336;27713536;551624704;0;0;0;0;0;0;0;0;0;0;0;2726;0;0;0;0;0;0;
31554;3605240;589582336;27713536;551624704;0;0;0;0;0;0;0;0;0;0;0;4148;0;0;0;0;0;0;
31555;6068819;595390464;42528768;566439936;0;0;0;0;0;0;0;0;0;0;0;3686;0;0;0;0;0;0;
31556;3833107;595390464;42528768;566439936;0;0;0;0;0;0;0;0;0;0;0;5661;0;0;0;0;0;0;
31557;5607334;601681920;42528768;566439936;0;0;0;0;0;0;0;0;0;0;0;4338;0;0;0;0;0;0;
31558;4063590;601681920;42528768;566439936;0;0;0;0;0;0;0;0;0;0;0;4558;0;0;0;0;0;0;
31559;5107036;601681920;42528768;566439936;0;0;0;0;0;0;0;0;0;0;0;3537;0;0;0;0;0;0;
31560;4665397;601681920;42528768;566439936;0;0;0;0;0;0;0;0;0;0;0;3337;0;0;0;0;0;0;
31561;4637044;601681920;42528768;566439936;0;0;0;0;0;0;0;0;0;0;0;2495;0;0;0;0;0;0;
31562;3412298;601681920;42528768;566439936;0;0;0;0;0;0;0;0;0;0;0;4268;0;0;0;0;0;0;
31563;4708589;601681920;42528768;566439936;0;0;0;0;0;0;0;0;0;0;0;2906;0;0;0;0;0;0;
31564;3466369;601681920;42528768;566439936;0;0;0;0;0;0;0;0;0;0;0;3637;0;0;0;0;0;0;
31565;4666089;601681920;42528768;566439936;0;0;0;0;0;0;0;0;0;0;0;2195;0;0;0;0;0;0;
31566;4071715;589598720;27713536;551624704;0;0;0;0;0;0;0;0;0;0;0;4509;0;0;0;0;0;0;
31567;5397771;589598720;27713536;551624704;0;0;0;0;0;0;0;0;0;0;0;3607;0;0;0;0;0;0;
31568;3733100;589598720;27713536;551624704;0;0;0;0;0;0;0;0;0;0;0;5050;0;0;0;0;0;0;
31569;5368666;589598720;27713536;551624704;0;0;0;0;0;0;0;0;0;0;0;5120;0;0;0;0;0;0;
31570;3674490;589598720;27713536;551624704;0;0;0;0;0;0;0;0;0;0;0;4308;0;0;0;0;0;0;
31571;5246978;589598720;27713536;551624704;0;0;0;0;0;0;0;0;0;0;0;4117;0;0;0;0;0;0;
31572;3724233;589598720;27713536;551624704;0;0;0;0;0;0;0;0;0;0;0;4749;0;0;0;0;0;0;
31573;5135239;589598720;27713536;551624704;0;0;0;0;0;0;0;0;0;0;0;4578;0;0;0;0;0;0;
31574;3982979;589598720;27713536;551624704;0;0;0;0;0;0;0;0;0;0;0;4198;0;0;0;0;0;0;
31575;4837080;589598720;27713536;551624704;0;0;0;0;0;0;0;0;0;0;0;3437;0;0;0;0;0;0;
31576;3700969;589598720;27713536;551624704;0;0;0;0;0;0;0;0;0;0;0;4518;0;0;0;0;0;0;
31577;4846368;589598720;27713536;551624704;0;0;0;0;0;0;0;0;0;0;0;3106;0;0;0;0;0;0;
31578;3355762;589598720;27713536;551624704;0;0;0;0;0;0;0;0;0;0;0;4098;0;0;0;0;0;0;
31579;5634635;595406848;42528768;566439936;0;0;0;0;0;0;0;0;0;0;0;3546;0;0;0;0;0;0;
31580;3120922;595406848;42528768;566439936;0;0;0;0;0;0;0;0;0;0;0;4027;0;0;0;0;0;0;
31581;5038247;601698304;42528768;566439936;0;0;0;0;0;0;0;0;0;0;0;3156;0;0;0;0;0;0;
31582;3680190;601698304;42528768;566439936;0;0;0;0;0;0;0;0;0;0;0;3646;0;0;0;0;0;0;
31583;4649047;601698304;42528768;566439936;0;0;0;0;0;0;0;0;0;0;0;2986;0;0;0;0;0;0;
31584;3722700;601698304;42528768;566439936;0;0;0;0;0;0;0;0;0;0;0;4258;0;0;0;0;0;0;
31585;4823123;601698304;42528768;566439936;0;0;0;0;0;0;0;0;0;0;0;2986;0;0;0;0;0;0;
31586;3596714;601698304;42528768;566439936;0;0;0;0;0;0;0;0;0;0;0;4258;0;0;0;0;0;0;
31587;5558362;601698304;42528768;566439936;0;0;0;0;0;0;0;0;0;0;0;4248;0;0;0;0;0;0;
31588;3724523;601698304;42528768;566439936;0;0;0;0;0;0;0;0;0;0;0;3888;0;0;0;0;0;0;
31589;5242500;601698304;42528768;566439936;0;0;0;0;0;0;0;0;0;0;0;4228;0;0;0;0;0;0;
31590;3654232;589602816;27713536;551624704;0;0;0;0;0;0;0;0;0;0;0;5580;0;0;0;0;0;0;
31591;5084814;589602816;27713536;551624704;0;0;0;0;0;0;0;0;0;0;0;3657;0;0;0;0;0;0;
31592;3253520;589602816;27713536;551624704;0;0;0;0;0;0;0;0;0;0;0;3987;0;0;0;0;0;0;
31593;5142493;589602816;27713536;551624704;0;0;0;0;0;0;0;0;0;0;0;3356;0;0;0;0;0;0;
31594;3260503;589602816;27713536;551624704;0;0;0;0;0;0;0;0;0;0;0;4980;0;0;0;0;0;0;
31595;5507246;589602816;27713536;551624704;0;0;0;0;0;0;0;0;0;0;0;3006;0;0;0;0;0;0;
31596;3035943;589602816;27713536;551624704;0;0;0;0;0;0;0;0;0;0;0;4368;0;0;0;0;0;0;
31597;5386299;589602816;27713536;551624704;0;0;0;0;0;0;0;0;0;0;0;4278;0;0;0;0;0;0;
31598;2919685;589602816;27713536;551624704;0;0;0;0;0;0;0;0;0;0;0;5220;0;0;0;0;0;0;
31599;5477821;589602816;27713536;551624704;0;0;0;0;0;0;0;0;0;0;0;4449;0;0;0;0;0;0;
31600;2905769;589602816;27713536;551624704;0;0;0;0;0;0;0;0;0;0;0;4308;0;0;0;0;0;0;
31601;5449207;589602816;27713536;551624704;0;0;0;0;0;0;0;0;0;0;0;4318;0;0;0;0;0;0;
31602;3095043;589602816;27713536;551624704;0;0;0;0;0;0;0;0;0;0;0;4228;0;0;0;0;0;0;
31603;6535454;595410944;42528768;566439936;0;0;0;0;0;0;0;0;0;0;0;4718;0;0;0;0;0;0;
31604;3898640;595410944;42528768;566439936;0;0;0;0;0;0;0;0;0;0;0;3817;0;0;0;0;0;0;
31605;5544616;601702400;42528768;566439936;0;0;0;0;0;0;0;0;0;0;0;4930;0;0;0;0;0;0;
31606;3471069;601702400;42528768;566439936;0;0;0;0;0;0;0;0;0;0;0;5330;0;0;0;0;0;0;
31607;5454127;601702400;42528768;566439936;0;0;0;0;0;0;0;0;0;0;0;3997;0;0;0;0;0;0;
31608;3681833;601702400;42528768;566439936;0;0;0;0;0;0;0;0;0;0;0;5109;0;0;0;0;0;0;
31609;5101335;601702400;42528768;566439936;0;0;0;0;0;0;0;0;0;0;0;3387;0;0;0;0;0;0;
31610;3921012;601702400;42528768;566439936;0;0;0;0;0;0;0;0;0;0;0;3837;0;0;0;0;0;0;
31611;4862498;601702400;42528768;566439936;0;0;0;0;0;0;0;0;0;0;0;3206;0;0;0;0;0;0;
31612;3361463;601702400;42528768;566439936;0;0;0;0;0;0;0;0;0;0;0;4518;0;0;0;0;0;0;
31613;4756569;601702400;42528768;566439936;0;0;0;0;0;0;0;0;0;0;0;2655;0;0;0;0;0;0;
31614;3288035;589606912;27713536;551624704;0;0;0;0;0;0;0;0;0;0;0;3657;0;0;0;0;0;0;
31615;4832221;589606912;27713536;551624704;0;0;0;0;0;0;0;0;0;0;0;3767;0;0;0;0;0;0;
31616;3427817;589606912;27713536;551624704;0;0;0;0;0;0;0;0;0;0;0;4489;0;0;0;0;0;0;
31617;5189060;589606912;27713536;551624704;0;0;0;0;0;0;0;0;0;0;0;3927;0;0;0;0;0;0;
31618;3437866;589606912;27713536;551624704;0;0;0;0;0;0;0;0;0;0;0;3877;0;0;0;0;0;0;
31619;5287925;589606912;27713536;551624704;0;0;0;0;0;0;0;0;0;0;0;4248;0;0;0;0;0;0;
31620;3436764;589606912;27713536;551624704;0;0;0;0;0;0;0;0;0;0;0;3606;0;0;0;0;0;0;
31621;5364909;589606912;27713536;551624704;0;0;0;0;0;0;0;0;0;0;0;4118;0;0;0;0;0;0;
31622;4754515;589606912;27713536;551624704;0;0;0;0;0;0;0;0;0;0;0;3807;0;0;0;0;0;0;
31623;5527394;589606912;27713536;551624704;0;0;0;0;0;0;0;0;0;0;0;4349;0;0;0;0;0;0;
31624;3903459;589606912;27713536;551624704;0;0;0;0;0;0;0;0;0;0;0;4067;0;0;0;0;0;0;
31625;5129218;589606912;27713536;551624704;0;0;0;0;0;0;0;0;0;0;0;2825;0;0;0;0;0;0;
31626;4570199;589606912;27713536;551624704;0;0;0;0;0;0;0;0;0;0;0;3216;0;0;0;0;0;0;
31627;5333891;589606912;27713536;551624704;0;0;0;0;0;0;0;0;0;0;0;2715;0;0;0;0;0;0;
31628;4015249;589606912;27713536;551624704;0;0;0;0;0;0;0;0;0;0;0;3356;0;0;0;0;0;0;
31629;4953388;589606912;27713536;551624704;0;0;0;0;0;0;0;0;0;0;0;2966;0;0;0;0;0;0;
31630;3077641;589606912;27713536;551624704;0;0;0;0;0;0;0;0;0;0;0;4488;0;0;0;0;0;0;
31631;5031975;589606912;27713536;551624704;0;0;0;0;0;0;0;0;0;0;0;3026;0;0;0;0;0;0;
31632;3159484;589606912;27713536;551624704;0;0;0;0;0;0;0;0;0;0;0;4539;0;0;0;0;0;0;
31633;5029130;589606912;27713536;551624704;0;0;0;0;0;0;0;0;0;0;0;2755;0;0;0;0;0;0;
31634;3172890;589606912;27713536;551624704;0;0;0;0;0;0;0;0;0;0;0;4418;0;0;0;0;0;0;
31635;5155917;589606912;27713536;551624704;0;0;0;0;0;0;0;0;0;0;0;3807;0;0;0;0;0;0;
31636;3160246;589606912;27713536;551624704;0;0;0;0;0;0;0;0;0;0;0;3777;0;0;0;0;0;0;
31637;4724318;589606912;27713536;551624704;0;0;0;0;0;0;0;0;0;0;0;3346;0;0;0;0;0;0;
31638;3111444;589606912;27713536;551624704;0;0;0;0;0;0;0;0;0;0;0;3757;0;0;0;0;0;0;
31639;4937167;589606912;27713536;551624704;0;0;0;0;0;0;0;0;0;0;0;2785;0;0;0;0;0;0;
31640;3736917;589606912;27713536;551624704;0;0;0;0;0;0;0;0;0;0;0;5019;0;0;0;0;0;0;
31641;5360681;589606912;27713536;551624704;0;0;0;0;0;0;0;0;0;0;0;3256;0;0;0;0;0;0;
31642;3405416;589606912;27713536;551624704;0;0;0;0;0;0;0;0;0;0;0;3577;0;0;0;0;0;0;
31643;5013331;589606912;27713536;551624704;0;0;0;0;0;0;0;0;0;0;0;2785;0;0;0;0;0;0;
31644;3021826;589606912;27713536;551624704;0;0;0;0;0;0;0;0;0;0;0;4198;0;0;0;0;0;0;
31645;5256335;589606912;27713536;551624704;0;0;0;0;0;0;0;0;0;0;0;3035;0;0;0;0;0;0;
31646;3223874;589606912;27713536;551624704;0;0;0;0;0;0;0;0;0;0;0;3868;0;0;0;0;0;0;
31647;4876694;589606912;27713536;551624704;0;0;0;0;0;0;0;0;0;0;0;3246;0;0;0;0;0;0;
31648;3608386;589606912;27713536;551624704;0;0;0;0;0;0;0;0;0;0;0;4759;0;0;0;0;0;0;
31649;5728201;589606912;27713536;551624704;0;0;0;0;0;0;0;0;0;0;0;4639;0;0;0;0;0;0;
31650;3796900;589606912;27713536;551624704;0;0;0;0;0;0;0;0;0;0;0;3527;0;0;0;0;0;0;
31651;5234625;589606912;27713536;551624704;0;0;0;0;0;0;0;0;0;0;0;3908;0;0;0;0;0;0;
31652;3778184;589606912;27713536;551624704;0;0;0;0;0;0;0;0;0;0;0;5420;0;0;0;0;0;0;
31653;5342688;589606912;27713536;551624704;0;0;0;0;0;0;0;0;0;0;0;3016;0;0;0;0;0;0;
31654;3888892;589606912;27713536;551624704;0;0;0;0;0;0;0;0;0;0;0;3697;0;0;0;0;0;0;
31655;5192797;589606912;27713536;551624704;0;0;0;0;0;0;0;0;0;0;0;4208;0;0;0;0;0;0;
31656;5262598;589606912;27713536;551624704;0;0;0;0;0;0;0;0;0;0;0;4679;0;0;0;0;0;0;
31657;4797024;589606912;27713536;551624704;0;0;0;0;0;0;0;0;0;0;0;3146;0;0;0;0;0;0;
31658;4319900;589606912;27713536;551624704;0;0;0;0;0;0;0;0;0;0;0;3777;0;0;0;0;0;0;
31659;5242059;589606912;27713536;551624704;0;0;0;0;0;0;0;0;0;0;0;3236;0;0;0;0;0;0;
31660;3528356;589606912;27713536;551624704;0;0;0;0;0;0;0;0;0;0;0;3908;0;0;0;0;0;0;
31661;5287434;589606912;27713536;551624704;0;0;0;0;0;0;0;0;0;0;0;4579;0;0;0;0;0;0;
31662;3697563;589606912;27713536;551624704;0;0;0;0;0;0;0;0;0;0;0;5099;0;0;0;0;0;0;
31663;5280642;589606912;27713536;551624704;0;0;0;0;0;0;0;0;0;0;0;4709;0;0;0;0;0;0;
31664;4147537;589606912;27713536;551624704;0;0;0;0;0;0;0;0;0;0;0;4238;0;0;0;0;0;0;
31665;5290300;589606912;27713536;551624704;0;0;0;0;0;0;0;0;0;0;0;4328;0;0;0;0;0;0;
31666;4468810;589606912;27713536;551624704;0;0;0;0;0;0;0;0;0;0;0;4138;0;0;0;0;0;0;
31667;4985007;589606912;27713536;551624704;0;0;0;0;0;0;0;0;0;0;0;4348;0;0;0;0;0;0;
31668;4405000;589606912;27713536;551624704;0;0;0;0;0;0;0;0;0;0;0;3637;0;0;0;0;0;0;
31669;4838713;589606912;27713536;551624704;0;0;0;0;0;0;0;0;0;0;0;2986;0;0;0;0;0;0;
31670;3884854;589606912;27713536;551624704;0;0;0;0;0;0;0;0;0;0;0;4088;0;0;0;0;0;0;
31671;5057714;589606912;27713536;551624704;0;0;0;0;0;0;0;0;0;0;0;2665;0;0;0;0;0;0;
31672;3986014;589606912;27713536;551624704;0;0;0;0;0;0;0;0;0;0;0;4388;0;0;0;0;0;0;
31673;5484944;589606912;27713536;551624704;0;0;0;0;0;0;0;0;0;0;0;4108;0;0;0;0;0;0;
31674;3680061;589606912;27713536;551624704;0;0;0;0;0;0;0;0;0;0;0;3026;0;0;0;0;0;0;
31675;5454908;589606912;27713536;551624704;0;0;0;0;0;0;0;0;0;0;0;4638;0;0;0;0;0;0;
31676;3366853;589606912;27713536;551624704;0;0;0;0;0;0;0;0;0;0;0;3667;0;0;0;0;0;0;
31677;5554385;589606912;27713536;551624704;0;0;0;0;0;0;0;0;0;0;0;3496;0;0;0;0;0;0;
31678;3427086;589606912;27713536;551624704;0;0;0;0;0;0;0;0;0;0;0;4278;0;0;0;0;0;0;
31679;5510833;589606912;27713536;551624704;0;0;0;0;0;0;0;0;0;0;0;4558;0;0;0;0;0;0;
31680;4622116;589606912;27713536;551624704;0;0;0;0;0;0;0;0;0;0;0;4498;0;0;0;0;0;0;
31681;5480306;589606912;27713536;551624704;0;0;0;0;0;0;0;0;0;0;0;3457;0;0;0;0;0;0;
31682;3701090;589606912;27713536;551624704;0;0;0;0;0;0;0;0;0;0;0;4057;0;0;0;0;0;0;
31683;4902523;589606912;27713536;551624704;0;0;0;0;0;0;0;0;0;0;0;2595;0;0;0;0;0;0;
31684;3362806;589606912;27713536;551624704;0;0;0;0;0;0;0;0;0;0;0;3807;0;0;0;0;0;0;
31685;4745227;589606912;27713536;551624704;0;0;0;0;0;0;0;0;0;0;0;2275;0;0;0;0;0;0;
31686;3309756;589606912;27713536;551624704;0;0;0;0;0;0;0;0;0;0;0;4899;0;0;0;0;0;0;
31687;7555086;589606912;27713536;551624704;0;0;0;0;0;0;0;0;0;0;0;2515;0;0;0;0;0;0;
31688;9263108;589606912;27713536;551624704;0;0;0;0;0;0;0;0;0;0;0;4138;0;0;0;0;0;0;
31689;4649428;589606912;27713536;551624704;0;0;0;0;0;0;0;0;0;0;0;3076;0;0;0;0;0;0;
31690;3413971;589606912;27713536;551624704;0;0;0;0;0;0;0;0;0;0;0;3927;0;0;0;0;0;0;
31691;4699222;589606912;27713536;551624704;0;0;0;0;0;0;0;0;0;0;0;2906;0;0;0;0;0;0;
31692;3394715;589606912;27713536;551624704;0;0;0;0;0;0;0;0;0;0;0;3596;0;0;0;0;0;0;
31693;4856135;589606912;27713536;551624704;0;0;0;0;0;0;0;0;0;0;0;2946;0;0;0;0;0;0;
31694;3482039;589606912;27713536;551624704;0;0;0;0;0;0;0;0;0;0;0;3977;0;0;0;0;0;0;
31695;5552060;589606912;27713536;551624704;0;0;0;0;0;0;0;0;0;0;0;3476;0;0;0;0;0;0;
31696;3689778;589606912;27713536;551624704;0;0;0;0;0;0;0;0;0;0;0;4228;0;0;0;0;0;0;
31697;5315066;589606912;27713536;551624704;0;0;0;0;0;0;0;0;0;0;0;4398;0;0;0;0;0;0;
31698;3833078;589606912;27713536;551624704;0;0;0;0;0;0;0;0;0;0;0;4528;0;0;0;0;0;0;
31699;5397130;589606912;27713536;551624704;0;0;0;0;0;0;0;0;0;0;0;4719;0;0;0;0;0;0;
31700;3815053;589606912;27713536;551624704;0;0;0;0;0;0;0;0;0;0;0;4448;0;0;0;0;0;0;
31701;5306900;589606912;27713536;551624704;0;0;0;0;0;0;0;0;0;0;0;4679;0;0;0;0;0;0;
31702;3603006;589606912;27713536;551624704;0;0;0;0;0;0;0;0;0;0;0;3807;0;0;0;0;0;0;
31703;6002866;595415040;42528768;566439936;0;0;0;0;0;0;0;0;0;0;0;3507;0;0;0;0;0;0;
31704;3550037;595415040;42528768;566439936;0;0;0;0;0;0;0;0;0;0;0;4378;0;0;0;0;0;0;
31705;5820373;601706496;42528768;566439936;0;0;0;0;0;0;0;0;0;0;0;4539;0;0;0;0;0;0;
31706;3597585;601706496;42528768;566439936;0;0;0;0;0;0;0;0;0;0;0;4018;0;0;0;0;0;0;
31707;5095955;601706496;42528768;566439936;0;0;0;0;0;0;0;0;0;0;0;2164;0;0;0;0;0;0;
31708;3889072;601706496;42528768;566439936;0;0;0;0;0;0;0;0;0;0;0;5230;0;0;0;0;0;0;
31709;4803838;601706496;42528768;566439936;0;0;0;0;0;0;0;0;0;0;0;2946;0;0;0;0;0;0;
31710;3939286;601706496;42528768;566439936;0;0;0;0;0;0;0;0;0;0;0;4058;0;0;0;0;0;0;
31711;4877245;601706496;42528768;566439936;0;0;0;0;0;0;0;0;0;0;0;3517;0;0;0;0;0;0;
31712;3531001;601706496;42528768;566439936;0;0;0;0;0;0;0;0;0;0;0;4548;0;0;0;0;0;0;
31713;5083422;601706496;42528768;566439936;0;0;0;0;0;0;0;0;0;0;0;3947;0;0;0;0;0;0;
31714;3370169;589623296;27713536;551624704;0;0;0;0;0;0;0;0;0;0;0;3346;0;0;0;0;0;0;
31715;5345844;589623296;27713536;551624704;0;0;0;0;0;0;0;0;0;0;0;3897;0;0;0;0;0;0;
31716;3179672;589623296;27713536;551624704;0;0;0;0;0;0;0;0;0;0;0;4509;0;0;0;0;0;0;
31717;5369157;589623296;27713536;551624704;0;0;0;0;0;0;0;0;0;0;0;4378;0;0;0;0;0;0;
31718;3429941;589623296;27713536;551624704;0;0;0;0;0;0;0;0;0;0;0;4668;0;0;0;0;0;0;
31719;5140659;589623296;27713536;551624704;0;0;0;0;0;0;0;0;0;0;0;5130;0;0;0;0;0;0;
31720;3130159;589623296;27713536;551624704;0;0;0;0;0;0;0;0;0;0;0;4599;0;0;0;0;0;0;
31721;5399845;589623296;27713536;551624704;0;0;0;0;0;0;0;0;0;0;0;4759;0;0;0;0;0;0;
31722;3817819;589623296;27713536;551624704;0;0;0;0;0;0;0;0;0;0;0;4859;0;0;0;0;0;0;
31723;5299928;589623296;27713536;551624704;0;0;0;0;0;0;0;0;0;0;0;4669;0;0;0;0;0;0;
31724;3621310;589623296;27713536;551624704;0;0;0;0;0;0;0;0;0;0;0;3507;0;0;0;0;0;0;
31725;5041263;589623296;27713536;551624704;0;0;0;0;0;0;0;0;0;0;0;3116;0;0;0;0;0;0;
31726;3363868;589623296;27713536;551624704;0;0;0;0;0;0;0;0;0;0;0;3516;0;0;0;0;0;0;
31727;5743088;595431424;42528768;566439936;0;0;0;0;0;0;0;0;0;0;0;3917;0;0;0;0;0;0;
31728;3198948;595431424;42528768;566439936;0;0;0;0;0;0;0;0;0;0;0;3637;0;0;0;0;0;0;
31729;5616732;601722880;42528768;566439936;0;0;0;0;0;0;0;0;0;0;0;3737;0;0;0;0;0;0;
31730;3569012;601722880;42528768;566439936;0;0;0;0;0;0;0;0;0;0;0;4859;0;0;0;0;0;0;
31731;5324313;601722880;42528768;566439936;0;0;0;0;0;0;0;0;0;0;0;4268;0;0;0;0;0;0;
31732;4005721;601722880;42528768;566439936;0;0;0;0;0;0;0;0;0;0;0;4919;0;0;0;0;0;0;
31733;5030602;601722880;42528768;566439936;0;0;0;0;0;0;0;0;0;0;0;3997;0;0;0;0;0;0;
31734;3463674;601722880;42528768;566439936;0;0;0;0;0;0;0;0;0;0;0;3697;0;0;0;0;0;0;
31735;5814573;601722880;42528768;566439936;0;0;0;0;0;0;0;0;0;0;0;3707;0;0;0;0;0;0;
31736;3503229;601722880;42528768;566439936;0;0;0;0;0;0;0;0;0;0;0;3907;0;0;0;0;0;0;
31737;5020894;601722880;42528768;566439936;0;0;0;0;0;0;0;0;0;0;0;4418;0;0;0;0;0;0;
31738;3617843;589627392;27713536;551624704;0;0;0;0;0;0;0;0;0;0;0;3867;0;0;0;0;0;0;
31739;5037916;589627392;27713536;551624704;0;0;0;0;0;0;0;0;0;0;0;3597;0;0;0;0;0;0;
31740;3327138;589627392;27713536;551624704;0;0;0;0;0;0;0;0;0;0;0;3667;0;0;0;0;0;0;
31741;5296331;589627392;27713536;551624704;0;0;0;0;0;0;0;0;0;0;0;3597;0;0;0;0;0;0;
31742;3851351;589627392;27713536;551624704;0;0;0;0;0;0;0;0;0;0;0;4218;0;0;0;0;0;0;
31743;5004764;589627392;27713536;551624704;0;0;0;0;0;0;0;0;0;0;0;3396;0;0;0;0;0;0;
31744;4391875;589627392;27713536;551624704;0;0;0;0;0;0;0;0;0;0;0;4048;0;0;0;0;0;0;
31745;5114439;589627392;27713536;551624704;0;0;0;0;0;0;0;0;0;0;0;3416;0;0;0;0;0;0;
31746;3886207;589627392;27713536;551624704;0;0;0;0;0;0;0;0;0;0;0;4147;0;0;0;0;0;0;
31747;4952947;589627392;27713536;551624704;0;0;0;0;0;0;0;0;0;0;0;2845;0;0;0;0;0;0;
31748;3729002;589627392;27713536;551624704;0;0;0;0;0;0;0;0;0;0;0;3787;0;0;0;0;0;0;
31749;4918252;589627392;27713536;551624704;0;0;0;0;0;0;0;0;0;0;0;2485;0;0;0;0;0;0;
31750;3186104;589627392;27713536;551624704;0;0;0;0;0;0;0;0;0;0;0;3717;0;0;0;0;0;0;
31751;5727008;595435520;42528768;566439936;0;0;0;0;0;0;0;0;0;0;0;3897;0;0;0;0;0;0;
31752;3879584;595435520;42528768;566439936;0;0;0;0;0;0;0;0;0;0;0;4048;0;0;0;0;0;0;
31753;5439970;601726976;42528768;566439936;0;0;0;0;0;0;0;0;0;0;0;4538;0;0;0;0;0;0;
31754;4049824;601726976;42528768;566439936;0;0;0;0;0;0;0;0;0;0;0;5080;0;0;0;0;0;0;
31755;5265403;601726976;42528768;566439936;0;0;0;0;0;0;0;0;0;0;0;3607;0;0;0;0;0;0;
31756;3474385;601726976;42528768;566439936;0;0;0;0;0;0;0;0;0;0;0;5259;0;0;0;0;0;0;
31757;5360361;601726976;42528768;566439936;0;0;0;0;0;0;0;0;0;0;0;4629;0;0;0;0;0;0;
31758;3930601;601726976;42528768;566439936;0;0;0;0;0;0;0;0;0;0;0;3977;0;0;0;0;0;0;
31759;5158914;601726976;42528768;566439936;0;0;0;0;0;0;0;0;0;0;0;3687;0;0;0;0;0;0;
31760;4153488;601726976;42528768;566439936;0;0;0;0;0;0;0;0;0;0;0;5210;0;0;0;0;0;0;
31761;5071269;601726976;42528768;566439936;0;0;0;0;0;0;0;0;0;0;0;3377;0;0;0;0;0;0;
31762;3884604;589631488;27713536;551624704;0;0;0;0;0;0;0;0;0;0;0;3777;0;0;0;0;0;0;
31763;4694242;589631488;27713536;551624704;0;0;0;0;0;0;0;0;0;0;0;2344;0;0;0;0;0;0;
31764;3607464;589631488;27713536;551624704;0;0;0;0;0;0;0;0;0;0;0;4719;0;0;0;0;0;0;
31765;4982322;589631488;27713536;551624704;0;0;0;0;0;0;0;0;0;0;0;2976;0;0;0;0;0;0;
31766;3330715;589631488;27713536;551624704;0;0;0;0;0;0;0;0;0;0;0;3637;0;0;0;0;0;0;
31767;5198067;589631488;27713536;551624704;0;0;0;0;0;0;0;0;0;0;0;4188;0;0;0;0;0;0;
31768;3382111;589631488;27713536;551624704;0;0;0;0;0;0;0;0;0;0;0;3928;0;0;0;0;0;0;
31769;5398553;589631488;27713536;551624704;0;0;0;0;0;0;0;0;0;0;0;4368;0;0;0;0;0;0;
31770;3700760;589631488;27713536;551624704;0;0;0;0;0;0;0;0;0;0;0;5370;0;0;0;0;0;0;
31771;6139492;589631488;27713536;551624704;0;0;0;0;0;0;0;0;0;0;0;4959;0;0;0;0;0;0;
31772;4018505;589631488;27713536;551624704;0;0;0;0;0;0;0;0;0;0;0;3998;0;0;0;0;0;0;
31773;4970189;589631488;27713536;551624704;0;0;0;0;0;0;0;0;0;0;0;4008;0;0;0;0;0;0;
31774;3632681;589631488;27713536;551624704;0;0;0;0;0;0;0;0;0;0;0;5670;0;0;0;0;0;0;
31775;5182357;589631488;27713536;551624704;0;0;0;0;0;0;0;0;0;0;0;4068;0;0;0;0;0;0;
31776;3673548;589631488;27713536;551624704;0;0;0;0;0;0;0;0;0;0;0;4588;0;0;0;0;0;0;
31777;5125831;589631488;27713536;551624704;0;0;0;0;0;0;0;0;0;0;0;3366;0;0;0;0;0;0;
31778;4017683;589631488;27713536;551624704;0;0;0;0;0;0;0;0;0;0;0;3767;0;0;0;0;0;0;
31779;4990377;589631488;27713536;551624704;0;0;0;0;0;0;0;0;0;0;0;2995;0;0;0;0;0;0;
31780;3684559;589631488;27713536;551624704;0;0;0;0;0;0;0;0;0;0;0;4077;0;0;0;0;0;0;
31781;4981000;589631488;27713536;551624704;0;0;0;0;0;0;0;0;0;0;0;3085;0;0;0;0;0;0;
31782;4138289;589631488;27713536;551624704;0;0;0;0;0;0;0;0;0;0;0;3968;0;0;0;0;0;0;
31783;5238923;589631488;27713536;551624704;0;0;0;0;0;0;0;0;0;0;0;4158;0;0;0;0;0;0;
31784;3284309;589631488;27713536;551624704;0;0;0;0;0;0;0;0;0;0;0;5020;0;0;0;0;0;0;
31785;5025644;589631488;27713536;551624704;0;0;0;0;0;0;0;0;0;0;0;3476;0;0;0;0;0;0;
31786;2986791;589631488;27713536;551624704;0;0;0;0;0;0;0;0;0;0;0;4589;0;0;0;0;0;0;
31787;5353087;589631488;27713536;551624704;0;0;0;0;0;0;0;0;0;0;0;4699;0;0;0;0;0;0;
31788;3678357;589631488;27713536;551624704;0;0;0;0;0;0;0;0;0;0;0;3366;0;0;0;0;0;0;
31789;5336596;589631488;27713536;551624704;0;0;0;0;0;0;0;0;0;0;0;4348;0;0;0;0;0;0;
31790;3239945;589631488;27713536;551624704;0;0;0;0;0;0;0;0;0;0;0;3877;0;0;0;0;0;0;
31791;4944181;589631488;27713536;551624704;0;0;0;0;0;0;0;0;0;0;0;4538;0;0;0;0;0;0;
31792;3265643;589631488;27713536;551624704;0;0;0;0;0;0;0;0;0;0;0;4318;0;0;0;0;0;0;
31793;5818340;589631488;27713536;551624704;0;0;0;0;0;0;0;0;0;0;0;4538;0;0;0;0;0;0;
31794;3603226;589631488;27713536;551624704;0;0;0;0;0;0;0;0;0;0;0;4138;0;0;0;0;0;0;
31795;5058755;589631488;27713536;551624704;0;0;0;0;0;0;0;0;0;0;0;3948;0;0;0;0;0;0;
31796;3412739;589631488;27713536;551624704;0;0;0;0;0;0;0;0;0;0;0;4629;0;0;0;0;0;0;
31797;4880992;589631488;27713536;551624704;0;0;0;0;0;0;0;0;0;0;0;3346;0;0;0;0;0;0;
31798;3234294;589631488;27713536;551624704;0;0;0;0;0;0;0;0;0;0;0;4469;0;0;0;0;0;0;
31799;4994044;589631488;27713536;551624704;0;0;0;0;0;0;0;0;0;0;0;3346;0;0;0;0;0;0;
31800;3565245;589631488;27713536;551624704;0;0;0;0;0;0;0;0;0;0;0;4198;0;0;0;0;0;0;
31801;5152191;589631488;27713536;551624704;0;0;0;0;0;0;0;0;0;0;0;4108;0;0;0;0;0;0;
31802;3168190;589631488;27713536;551624704;0;0;0;0;0;0;0;0;0;0;0;4298;0;0;0;0;0;0;
31803;5288767;589631488;27713536;551624704;0;0;0;0;0;0;0;0;0;0;0;4118;0;0;0;0;0;0;
31804;3540178;589631488;27713536;551624704;0;0;0;0;0;0;0;0;0;0;0;4157;0;0;0;0;0;0;
31805;5570265;589631488;27713536;551624704;0;0;0;0;0;0;0;0;0;0;0;4578;0;0;0;0;0;0;
31806;3805596;589631488;27713536;551624704;0;0;0;0;0;0;0;0;0;0;0;4178;0;0;0;0;0;0;
31807;5261175;589631488;27717632;551628800;0;0;0;0;0;0;0;0;0;0;0;3897;0;0;0;0;0;0;
31808;4460744;589631488;27721728;551632896;0;0;0;0;0;0;0;0;0;0;0;3367;0;0;0;0;0;0;
31809;5159274;589631488;27721728;551632896;0;0;0;0;0;0;0;0;0;0;0;2695;0;0;0;0;0;0;
31810;3769568;589631488;27721728;551632896;0;0;0;0;0;0;0;0;0;0;0;4228;0;0;0;0;0;0;
31811;4878057;589631488;27721728;551632896;0;0;0;0;0;0;0;0;0;0;0;3126;0;0;0;0;0;0;
31812;4289703;589631488;27721728;551632896;0;0;0;0;0;0;0;0;0;0;0;4758;0;0;0;0;0;0;
31813;4698670;589631488;27721728;551632896;0;0;0;0;0;0;0;0;0;0;0;2915;0;0;0;0;0;0;
31814;3851522;589639680;27713536;551624704;0;0;0;0;0;0;0;0;0;0;0;4258;0;0;0;0;0;0;
31815;5171868;589639680;27713536;551624704;0;0;0;0;0;0;0;0;0;0;0;3977;0;0;0;0;0;0;
31816;3845671;589639680;27713536;551624704;0;0;0;0;0;0;0;0;0;0;0;4899;0;0;0;0;0;0;
31817;5504983;589639680;27713536;551624704;0;0;0;0;0;0;0;0;0;0;0;4188;0;0;0;0;0;0;
31818;3852985;589639680;27713536;551624704;0;0;0;0;0;0;0;0;0;0;0;3797;0;0;0;0;0;0;
31819;5212032;589639680;27713536;551624704;0;0;0;0;0;0;0;0;0;0;0;4108;0;0;0;0;0;0;
31820;3565265;589639680;27713536;551624704;0;0;0;0;0;0;0;0;0;0;0;3727;0;0;0;0;0;0;
31821;5075988;589639680;27713536;551624704;0;0;0;0;0;0;0;0;0;0;0;3246;0;0;0;0;0;0;
31822;3305688;589639680;27713536;551624704;0;0;0;0;0;0;0;0;0;0;0;4448;0;0;0;0;0;0;
31823;5022518;589639680;27713536;551624704;0;0;0;0;0;0;0;0;0;0;0;3627;0;0;0;0;0;0;
31824;3385809;589639680;27713536;551624704;0;0;0;0;0;0;0;0;0;0;0;3787;0;0;0;0;0;0;
31825;4908564;589639680;27713536;551624704;0;0;0;0;0;0;0;0;0;0;0;3737;0;0;0;0;0;0;
31826;3217884;589639680;27713536;551624704;0;0;0;0;0;0;0;0;0;0;0;4599;0;0;0;0;0;0;
31827;4922430;589639680;27713536;551624704;0;0;0;0;0;0;0;0;0;0;0;4128;0;0;0;0;0;0;
31828;3324102;589639680;27713536;551624704;0;0;0;0;0;0;0;0;0;0;0;4960;0;0;0;0;0;0;
31829;5093190;589639680;27713536;551624704;0;0;0;0;0;0;0;0;0;0;0;3667;0;0;0;0;0;0;
31830;3509811;589639680;27713536;551624704;0;0;0;0;0;0;0;0;0;0;0;4689;0;0;0;0;0;0;
31831;5044669;589639680;27713536;551624704;0;0;0;0;0;0;0;0;0;0;0;4007;0;0;0;0;0;0;
31832;3205150;589639680;27713536;551624704;0;0;0;0;0;0;0;0;0;0;0;4459;0;0;0;0;0;0;
31833;4879159;589639680;27713536;551624704;0;0;0;0;0;0;0;0;0;0;0;3287;0;0;0;0;0;0;
31834;3123788;589639680;27713536;551624704;0;0;0;0;0;0;0;0;0;0;0;4939;0;0;0;0;0;0;
31835;4932669;589639680;27713536;551624704;0;0;0;0;0;0;0;0;0;0;0;3948;0;0;0;0;0;0;
31836;3434981;589639680;27713536;551624704;0;0;0;0;0;0;0;0;0;0;0;3987;0;0;0;0;0;0;
31837;5389456;589639680;27713536;551624704;0;0;0;0;0;0;0;0;0;0;0;3717;0;0;0;0;0;0;
31838;4093455;589639680;27713536;551624704;0;0;0;0;0;0;0;0;0;0;0;4689;0;0;0;0;0;0;
31839;5196714;589639680;27713536;551624704;0;0;0;0;0;0;0;0;0;0;0;3567;0;0;0;0;0;0;
31840;3838938;589639680;27713536;551624704;0;0;0;0;0;0;0;0;0;0;0;4409;0;0;0;0;0;0;
31841;5187627;589639680;27713536;551624704;0;0;0;0;0;0;0;0;0;0;0;4038;0;0;0;0;0;0;
31842;3287334;589639680;27713536;551624704;0;0;0;0;0;0;0;0;0;0;0;3827;0;0;0;0;0;0;
31843;4946715;589639680;27713536;551624704;0;0;0;0;0;0;0;0;0;0;0;3716;0;0;0;0;0;0;
31844;3190662;589639680;27713536;551624704;0;0;0;0;0;0;0;0;0;0;0;4338;0;0;0;0;0;0;
31845;5370329;589639680;27713536;551624704;0;0;0;0;0;0;0;0;0;0;0;4609;0;0;0;0;0;0;
31846;3694157;589639680;27713536;551624704;0;0;0;0;0;0;0;0;0;0;0;4969;0;0;0;0;0;0;
31847;5891697;589639680;27713536;551624704;0;0;0;0;0;0;0;0;0;0;0;4278;0;0;0;0;0;0;
31848;3357415;589639680;27713536;551624704;0;0;0;0;0;0;0;0;0;0;0;3156;0;0;0;0;0;0;
31849;5067712;589639680;27713536;551624704;0;0;0;0;0;0;0;0;0;0;0;2655;0;0;0;0;0;0;
31850;3573862;589639680;27713536;551624704;0;0;0;0;0;0;0;0;0;0;0;3306;0;0;0;0;0;0;
31851;5816115;595447808;42528768;566439936;0;0;0;0;0;0;0;0;0;0;0;5200;0;0;0;0;0;0;
31852;3150597;595447808;42528768;566439936;0;0;0;0;0;0;0;0;0;0;0;4048;0;0;0;0;0;0;
31853;5866380;601739264;42528768;566439936;0;0;0;0;0;0;0;0;0;0;0;5460;0;0;0;0;0;0;
31854;3250124;601739264;42528768;566439936;0;0;0;0;0;0;0;0;0;0;0;4879;0;0;0;0;0;0;
31855;4937038;601739264;42528768;566439936;0;0;0;0;0;0;0;0;0;0;0;4729;0;0;0;0;0;0;
31856;3435341;601739264;42528768;566439936;0;0;0;0;0;0;0;0;0;0;0;5120;0;0;0;0;0;0;
31857;4939081;601739264;42528768;566439936;0;0;0;0;0;0;0;0;0;0;0;3908;0;0;0;0;0;0;
31858;3452103;601739264;42528768;566439936;0;0;0;0;0;0;0;0;0;0;0;4969;0;0;0;0;0;0;
31859;4982012;601739264;42528768;566439936;0;0;0;0;0;0;0;0;0;0;0;3206;0;0;0;0;0;0;
31860;3381360;601739264;42528768;566439936;0;0;0;0;0;0;0;0;0;0;0;3887;0;0;0;0;0;0;
31861;5250505;601739264;42528768;566439936;0;0;0;0;0;0;0;0;0;0;0;5280;0;0;0;0;0;0;
31862;3859556;589647872;27713536;551624704;0;0;0;0;0;0;0;0;0;0;0;4348;0;0;0;0;0;0;
31863;5028198;589647872;27713536;551624704;0;0;0;0;0;0;0;0;0;0;0;3567;0;0;0;0;0;0;
31864;3834790;589647872;27713536;551624704;0;0;0;0;0;0;0;0;0;0;0;4208;0;0;0;0;0;0;
31865;4889397;589647872;27713536;551624704;0;0;0;0;0;0;0;0;0;0;0;3226;0;0;0;0;0;0;
31866;4798057;589647872;27713536;551624704;0;0;0;0;0;0;0;0;0;0;0;3927;0;0;0;0;0;0;
31867;4677170;589647872;27713536;551624704;0;0;0;0;0;0;0;0;0;0;0;2264;0;0;0;0;0;0;
31868;4056766;589647872;27713536;551624704;0;0;0;0;0;0;0;0;0;0;0;3466;0;0;0;0;0;0;
31869;4932970;589647872;27713536;551624704;0;0;0;0;0;0;0;0;0;0;0;3146;0;0;0;0;0;0;
31870;4368090;589647872;27713536;551624704;0;0;0;0;0;0;0;0;0;0;0;3807;0;0;0;0;0;0;
31871;5079154;589647872;27713536;551624704;0;0;0;0;0;0;0;0;0;0;0;2686;0;0;0;0;0;0;
31872;4048662;589647872;27713536;551624704;0;0;0;0;0;0;0;0;0;0;0;3386;0;0;0;0;0;0;
31873;5372514;589647872;27713536;551624704;0;0;0;0;0;0;0;0;0;0;0;2875;0;0;0;0;0;0;
31874;4623901;589647872;27713536;551624704;0;0;0;0;0;0;0;0;0;0;0;4148;0;0;0;0;0;0;
31875;6199134;595456000;42528768;566439936;0;0;0;0;0;0;0;0;0;0;0;3657;0;0;0;0;0;0;
31876;4139211;595456000;42528768;566439936;0;0;0;0;0;0;0;0;0;0;0;4368;0;0;0;0;0;0;
31877;5069526;601747456;42528768;566439936;0;0;0;0;0;0;0;0;0;0;0;3667;0;0;0;0;0;0;
31878;3844348;601747456;42528768;566439936;0;0;0;0;0;0;0;0;0;0;0;4349;0;0;0;0;0;0;
31879;5083942;601747456;42528768;566439936;0;0;0;0;0;0;0;0;0;0;0;2515;0;0;0;0;0;0;
31880;3310617;601747456;42528768;566439936;0;0;0;0;0;0;0;0;0;0;0;4008;0;0;0;0;0;0;
31881;4890871;601747456;42528768;566439936;0;0;0;0;0;0;0;0;0;0;0;2445;0;0;0;0;0;0;
31882;3196824;601747456;42528768;566439936;0;0;0;0;0;0;0;0;0;0;0;4188;0;0;0;0;0;0;
31883;4938991;601747456;42528768;566439936;0;0;0;0;0;0;0;0;0;0;0;3326;0;0;0;0;0;0;
31884;3239905;601747456;42528768;566439936;0;0;0;0;0;0;0;0;0;0;0;3697;0;0;0;0;0;0;
31885;5651587;601747456;42528768;566439936;0;0;0;0;0;0;0;0;0;0;0;3747;0;0;0;0;0;0;
31886;3552942;589651968;27713536;551624704;0;0;0;0;0;0;0;0;0;0;0;4779;0;0;0;0;0;0;
31887;5351033;589651968;27713536;551624704;0;0;0;0;0;0;0;0;0;0;0;4057;0;0;0;0;0;0;
31888;3283847;589651968;27713536;551624704;0;0;0;0;0;0;0;0;0;0;0;3878;0;0;0;0;0;0;
31889;5014793;589651968;27713536;551624704;0;0;0;0;0;0;0;0;0;0;0;3396;0;0;0;0;0;0;
31890;3856622;589651968;27713536;551624704;0;0;0;0;0;0;0;0;0;0;0;4539;0;0;0;0;0;0;
31891;5297423;589651968;27713536;551624704;0;0;0;0;0;0;0;0;0;0;0;5039;0;0;0;0;0;0;
31892;4114886;589651968;27713536;551624704;0;0;0;0;0;0;0;0;0;0;0;4278;0;0;0;0;0;0;
31893;5166948;589651968;27713536;551624704;0;0;0;0;0;0;0;0;0;0;0;4489;0;0;0;0;0;0;
31894;3430172;589651968;27713536;551624704;0;0;0;0;0;0;0;0;0;0;0;5471;0;0;0;0;0;0;
31895;5080176;589651968;27713536;551624704;0;0;0;0;0;0;0;0;0;0;0;4117;0;0;0;0;0;0;
31896;4202480;589651968;27713536;551624704;0;0;0;0;0;0;0;0;0;0;0;3878;0;0;0;0;0;0;
31897;5323321;589651968;27713536;551624704;0;0;0;0;0;0;0;0;0;0;0;3116;0;0;0;0;0;0;
31898;3507988;589651968;27713536;551624704;0;0;0;0;0;0;0;0;0;0;0;4107;0;0;0;0;0;0;
31899;6393167;595460096;42528768;566439936;0;0;0;0;0;0;0;0;0;0;0;4579;0;0;0;0;0;0;
31900;3845771;595460096;42528768;566439936;0;0;0;0;0;0;0;0;0;0;0;3937;0;0;0;0;0;0;
31901;6049894;601751552;42528768;566439936;0;0;0;0;0;0;0;0;0;0;0;3957;0;0;0;0;0;0;
31902;4322535;601751552;42528768;566439936;0;0;0;0;0;0;0;0;0;0;0;4329;0;0;0;0;0;0;
31903;5202375;601751552;42528768;566439936;0;0;0;0;0;0;0;0;0;0;0;4068;0;0;0;0;0;0;
31904;3390648;601751552;42528768;566439936;0;0;0;0;0;0;0;0;0;0;0;4980;0;0;0;0;0;0;
31905;5499201;601751552;42528768;566439936;0;0;0;0;0;0;0;0;0;0;0;3456;0;0;0;0;0;0;
31906;3385688;601751552;42528768;566439936;0;0;0;0;0;0;0;0;0;0;0;5120;0;0;0;0;0;0;
31907;5161318;601751552;42528768;566439936;0;0;0;0;0;0;0;0;0;0;0;4248;0;0;0;0;0;0;
31908;3246097;601751552;42528768;566439936;0;0;0;0;0;0;0;0;0;0;0;4559;0;0;0;0;0;0;
31909;5522845;601751552;42528768;566439936;0;0;0;0;0;0;0;0;0;0;0;4368;0;0;0;0;0;0;
31910;3261776;589656064;27713536;551624704;0;0;0;0;0;0;0;0;0;0;0;4549;0;0;0;0;0;0;
31911;10692178;589656064;27713536;551624704;0;0;0;0;0;0;0;0;0;0;0;2104;0;0;0;0;0;0;
31912;3256045;589656064;27713536;551624704;0;0;0;0;0;0;0;0;0;0;0;2836;0;0;0;0;0;0;
31913;4899597;589656064;27713536;551624704;0;0;0;0;0;0;0;0;0;0;0;4107;0;0;0;0;0;0;
31914;3256747;589656064;27713536;551624704;0;0;0;0;0;0;0;0;0;0;0;4058;0;0;0;0;0;0;
31915;4700373;589656064;27713536;551624704;0;0;0;0;0;0;0;0;0;0;0;3136;0;0;0;0;0;0;
31916;3726587;589656064;27713536;551624704;0;0;0;0;0;0;0;0;0;0;0;4749;0;0;0;0;0;0;
31917;4989396;589656064;27713536;551624704;0;0;0;0;0;0;0;0;0;0;0;2976;0;0;0;0;0;0;
31918;3578079;589656064;27713536;551624704;0;0;0;0;0;0;0;0;0;0;0;4138;0;0;0;0;0;0;
31919;5180313;589656064;27717632;551628800;0;0;0;0;0;0;0;0;0;0;0;4789;0;0;0;0;0;0;
31920;3656587;589656064;27721728;551632896;0;0;0;0;0;0;0;0;0;0;0;4739;0;0;0;0;0;0;
31921;5394185;589656064;27721728;551632896;0;0;0;0;0;0;0;0;0;0;0;3056;0;0;0;0;0;0;
31922;4006543;589656064;27721728;551632896;0;0;0;0;0;0;0;0;0;0;0;3978;0;0;0;0;0;0;
31923;4916539;589656064;27721728;551632896;0;0;0;0;0;0;0;0;0;0;0;3096;0;0;0;0;0;0;
31924;4031569;589656064;27721728;551632896;0;0;0;0;0;0;0;0;0;0;0;3196;0;0;0;0;0;0;
31925;5035912;589656064;27721728;551632896;0;0;0;0;0;0;0;0;0;0;0;4047;0;0;0;0;0;0;
31926;4109826;589656064;27709440;551620608;0;0;0;0;0;0;0;0;0;0;0;5110;0;0;0;0;0;0;
31927;4904426;589656064;27709440;551620608;0;0;0;0;0;0;0;0;0;0;0;3326;0;0;0;0;0;0;
31928;3466270;589656064;27709440;551620608;0;0;0;0;0;0;0;0;0;0;0;4669;0;0;0;0;0;0;
31929;4968256;589656064;27709440;551620608;0;0;0;0;0;0;0;0;0;0;0;3657;0;0;0;0;0;0;
31930;3133336;589656064;27709440;551620608;0;0;0;0;0;0;0;0;0;0;0;4117;0;0;0;0;0;0;
31931;4965500;589656064;27709440;551620608;0;0;0;0;0;0;0;0;0;0;0;3116;0;0;0;0;0;0;
31932;3710417;589656064;27709440;551620608;0;0;0;0;0;0;0;0;0;0;0;3206;0;0;0;0;0;0;
31933;5240686;589656064;27709440;551620608;0;0;0;0;0;0;0;0;0;0;0;4178;0;0;0;0;0;0;
31934;3253220;589656064;27709440;551620608;0;0;0;0;0;0;0;0;0;0;0;3887;0;0;0;0;0;0;
31935;5044819;589656064;27709440;551620608;0;0;0;0;0;0;0;0;0;0;0;3156;0;0;0;0;0;0;
31936;3870076;589656064;27709440;551620608;0;0;0;0;0;0;0;0;0;0;0;4237;0;0;0;0;0;0;
31937;5448626;589656064;27709440;551620608;0;0;0;0;0;0;0;0;0;0;0;5200;0;0;0;0;0;0;
31938;3739091;589656064;27709440;551620608;0;0;0;0;0;0;0;0;0;0;0;3777;0;0;0;0;0;0;
31939;5511915;589656064;27709440;551620608;0;0;0;0;0;0;0;0;0;0;0;4068;0;0;0;0;0;0;
31940;3515682;589656064;27709440;551620608;0;0;0;0;0;0;0;0;0;0;0;3656;0;0;0;0;0;0;
31941;5681062;589656064;27709440;551620608;0;0;0;0;0;0;0;0;0;0;0;4559;0;0;0;0;0;0;
31942;3420003;589656064;27709440;551620608;0;0;0;0;0;0;0;0;0;0;0;7173;0;0;0;0;0;0;
31943;5634215;589656064;27709440;551620608;0;0;0;0;0;0;0;0;0;0;0;4157;0;0;0;0;0;0;
31944;3888782;589656064;27709440;551620608;0;0;0;0;0;0;0;0;0;0;0;4789;0;0;0;0;0;0;
31945;5236498;589656064;27709440;551620608;0;0;0;0;0;0;0;0;0;0;0;2955;0;0;0;0;0;0;
31946;3657738;589656064;27709440;551620608;0;0;0;0;0;0;0;0;0;0;0;3216;0;0;0;0;0;0;
31947;5617053;589656064;27709440;551620608;0;0;0;0;0;0;0;0;0;0;0;2685;0;0;0;0;0;0;
31948;3600060;589656064;27709440;551620608;0;0;0;0;0;0;0;0;0;0;0;2776;0;0;0;0;0;0;
31949;5233894;589656064;27709440;551620608;0;0;0;0;0;0;0;0;0;0;0;2564;0;0;0;0;0;0;
31950;3267747;589656064;27709440;551620608;0;0;0;0;0;0;0;0;0;0;0;4108;0;0;0;0;0;0;
31951;5116224;589656064;27709440;551620608;0;0;0;0;0;0;0;0;0;0;0;5451;0;0;0;0;0;0;
31952;3354821;589656064;27709440;551620608;0;0;0;0;0;0;0;0;0;0;0;4258;0;0;0;0;0;0;
31953;5105533;589656064;27709440;551620608;0;0;0;0;0;0;0;0;0;0;0;4599;0;0;0;0;0;0;
31954;3678908;589656064;27709440;551620608;0;0;0;0;0;0;0;0;0;0;0;4479;0;0;0;0;0;0;
31955;5775159;589656064;27709440;551620608;0;0;0;0;0;0;0;0;0;0;0;3657;0;0;0;0;0;0;
31956;3248030;589656064;27709440;551620608;0;0;0;0;0;0;0;0;0;0;0;4839;0;0;0;0;0;0;
31957;5177367;589656064;27709440;551620608;0;0;0;0;0;0;0;0;0;0;0;3978;0;0;0;0;0;0;
31958;3153794;589656064;27709440;551620608;0;0;0;0;0;0;0;0;0;0;0;4117;0;0;0;0;0;0;
31959;5000927;589656064;27709440;551620608;0;0;0;0;0;0;0;0;0;0;0;4108;0;0;0;0;0;0;
31960;4078477;589656064;27709440;551620608;0;0;0;0;0;0;0;0;0;0;0;3978;0;0;0;0;0;0;
31961;5070527;589656064;27709440;551620608;0;0;0;0;0;0;0;0;0;0;0;2414;0;0;0;0;0;0;
31962;4084378;589656064;27709440;551620608;0;0;0;0;0;0;0;0;0;0;0;4187;0;0;0;0;0;0;
31963;4780063;589656064;27709440;551620608;0;0;0;0;0;0;0;0;0;0;0;2285;0;0;0;0;0;0;
31964;3796278;589656064;27709440;551620608;0;0;0;0;0;0;0;0;0;0;0;3577;0;0;0;0;0;0;
31965;5385709;589656064;27709440;551620608;0;0;0;0;0;0;0;0;0;0;0;3116;0;0;0;0;0;0;
31966;3348018;589656064;27709440;551620608;0;0;0;0;0;0;0;0;0;0;0;4078;0;0;0;0;0;0;
31967;4950242;589656064;27709440;551620608;0;0;0;0;0;0;0;0;0;0;0;2505;0;0;0;0;0;0;
31968;4610184;589656064;27709440;551620608;0;0;0;0;0;0;0;0;0;0;0;4488;0;0;0;0;0;0;
31969;5248371;589656064;27709440;551620608;0;0;0;0;0;0;0;0;0;0;0;3166;0;0;0;0;0;0;
31970;3278237;589656064;27709440;551620608;0;0;0;0;0;0;0;0;0;0;0;4168;0;0;0;0;0;0;
31971;5422267;589656064;27709440;551620608;0;0;0;0;0;0;0;0;0;0;0;4799;0;0;0;0;0;0;
31972;3396278;589656064;27709440;551620608;0;0;0;0;0;0;0;0;0;0;0;3807;0;0;0;0;0;0;
31973;5377202;589656064;27709440;551620608;0;0;0;0;0;0;0;0;0;0;0;3997;0;0;0;0;0;0;
31974;4340809;589656064;27709440;551620608;0;0;0;0;0;0;0;0;0;0;0;6001;0;0;0;0;0;0;
31975;5347266;589656064;27709440;551620608;0;0;0;0;0;0;0;0;0;0;0;3677;0;0;0;0;0;0;
31976;3874656;589656064;27709440;551620608;0;0;0;0;0;0;0;0;0;0;0;3887;0;0;0;0;0;0;
31977;5205200;589656064;27709440;551620608;0;0;0;0;0;0;0;0;0;0;0;3767;0;0;0;0;0;0;
31978;4218469;589656064;27709440;551620608;0;0;0;0;0;0;0;0;0;0;0;4679;0;0;0;0;0;0;
31979;4945703;589656064;27709440;551620608;0;0;0;0;0;0;0;0;0;0;0;3647;0;0;0;0;0;0;
31980;3764439;589656064;27709440;551620608;0;0;0;0;0;0;0;0;0;0;0;5330;0;0;0;0;0;0;
31981;4884199;589656064;27709440;551620608;0;0;0;0;0;0;0;0;0;0;0;3798;0;0;0;0;0;0;
31982;3610941;589656064;27709440;551620608;0;0;0;0;0;0;0;0;0;0;0;3647;0;0;0;0;0;0;
31983;5022989;589656064;27709440;551620608;0;0;0;0;0;0;0;0;0;0;0;3286;0;0;0;0;0;0;
31984;4074159;589656064;27709440;551620608;0;0;0;0;0;0;0;0;0;0;0;3897;0;0;0;0;0;0;
31985;4910307;589656064;27709440;551620608;0;0;0;0;0;0;0;0;0;0;0;3457;0;0;0;0;0;0;
31986;3496336;589656064;27709440;551620608;0;0;0;0;0;0;0;0;0;0;0;4148;0;0;0;0;0;0;
31987;4804228;589656064;27709440;551620608;0;0;0;0;0;0;0;0;0;0;0;3426;0;0;0;0;0;0;
31988;3782893;589656064;27709440;551620608;0;0;0;0;0;0;0;0;0;0;0;3527;0;0;0;0;0;0;
31989;4858360;589656064;27709440;551620608;0;0;0;0;0;0;0;0;0;0;0;3617;0;0;0;0;0;0;
31990;3792160;589656064;27709440;551620608;0;0;0;0;0;0;0;0;0;0;0;4138;0;0;0;0;0;0;
31991;5220308;589656064;27709440;551620608;0;0;0;0;0;0;0;0;0;0;0;5180;0;0;0;0;0;0;
31992;4249929;589656064;27709440;551620608;0;0;0;0;0;0;0;0;0;0;0;4408;0;0;0;0;0;0;
31993;5842094;589656064;27709440;551620608;0;0;0;0;0;0;0;0;0;0;0;4248;0;0;0;0;0;0;
31994;4219762;589656064;27709440;551620608;0;0;0;0;0;0;0;0;0;0;0;3817;0;0;0;0;0;0;
31995;5414894;589656064;27709440;551620608;0;0;0;0;0;0;0;0;0;0;0;3958;0;0;0;0;0;0;
31996;3979552;589656064;27709440;551620608;0;0;0;0;0;0;0;0;0;0;0;5691;0;0;0;0;0;0;
31997;4778820;589656064;27709440;551620608;0;0;0;0;0;0;0;0;0;0;0;2925;0;0;0;0;0;0;
31998;4001513;589656064;27709440;551620608;0;0;0;0;0;0;0;0;0;0;0;4889;0;0;0;0;0;0;
31999;5583099;595464192;42524672;566435840;0;0;0;0;0;0;0;0;0;0;0;3186;0;0;0;0;0;0;
32000;3827597;595464192;42524672;566435840;0;0;0;0;0;0;0;0;0;0;0;4017;0;0;0;0;0;0;
32001;5690810;601755648;42524672;566435840;0;0;0;0;0;0;0;0;0;0;0;3958;0;0;0;0;0;0;
32002;3204910;601755648;42524672;566435840;0;0;0;0;0;0;0;0;0;0;0;5320;0;0;0;0;0;0;
32003;5108839;601755648;42524672;566435840;0;0;0;0;0;0;0;0;0;0;0;2805;0;0;0;0;0;0;
32004;3364508;601755648;42524672;566435840;0;0;0;0;0;0;0;0;0;0;0;3997;0;0;0;0;0;0;
32005;4823184;601755648;42524672;566435840;0;0;0;0;0;0;0;0;0;0;0;3065;0;0;0;0;0;0;
32006;3727139;601755648;42524672;566435840;0;0;0;0;0;0;0;0;0;0;0;4639;0;0;0;0;0;0;
32007;4782688;601755648;42524672;566435840;0;0;0;0;0;0;0;0;0;0;0;3446;0;0;0;0;0;0;
32008;3395156;601755648;42524672;566435840;0;0;0;0;0;0;0;0;0;0;0;3978;0;0;0;0;0;0;
32009;4937408;601755648;42524672;566435840;0;0;0;0;0;0;0;0;0;0;0;2565;0;0;0;0;0;0;
32010;3847274;589668352;27709440;551620608;0;0;0;0;0;0;0;0;0;0;0;4168;0;0;0;0;0;0;
32011;6456947;589668352;27709440;551620608;0;0;0;0;0;0;0;0;0;0;0;4749;0;0;0;0;0;0;
32012;4551504;589668352;27709440;551620608;0;0;0;0;0;0;0;0;0;0;0;3968;0;0;0;0;0;0;
32013;5417338;589668352;27709440;551620608;0;0;0;0;0;0;0;0;0;0;0;4017;0;0;0;0;0;0;
32014;3866700;589668352;27709440;551620608;0;0;0;0;0;0;0;0;0;0;0;4128;0;0;0;0;0;0;
32015;5204990;589668352;27709440;551620608;0;0;0;0;0;0;0;0;0;0;0;3086;0;0;0;0;0;0;
32016;3454919;589668352;27709440;551620608;0;0;0;0;0;0;0;0;0;0;0;3697;0;0;0;0;0;0;
32017;4917170;589668352;27709440;551620608;0;0;0;0;0;0;0;0;0;0;0;3186;0;0;0;0;0;0;
32018;4104406;589668352;27709440;551620608;0;0;0;0;0;0;0;0;0;0;0;4308;0;0;0;0;0;0;
32019;4653716;589668352;27709440;551620608;0;0;0;0;0;0;0;0;0;0;0;2926;0;0;0;0;0;0;
32020;3971778;589668352;27709440;551620608;0;0;0;0;0;0;0;0;0;0;0;4068;0;0;0;0;0;0;
32021;4601047;589668352;27709440;551620608;0;0;0;0;0;0;0;0;0;0;0;8637;0;0;0;0;0;0;
32022;3755903;589668352;27709440;551620608;0;0;0;0;0;0;0;0;0;0;0;4368;0;0;0;0;0;0;
32023;5693976;595476480;42524672;566435840;0;0;0;0;0;0;0;0;0;0;0;3536;0;0;0;0;0;0;
32024;3649393;595476480;42524672;566435840;0;0;0;0;0;0;0;0;0;0;0;4238;0;0;0;0;0;0;
32025;6024756;601767936;42524672;566435840;0;0;0;0;0;0;0;0;0;0;0;4027;0;0;0;0;0;0;
32026;4115637;601767936;42524672;566435840;0;0;0;0;0;0;0;0;0;0;0;4598;0;0;0;0;0;0;
32027;5521283;601767936;42524672;566435840;0;0;0;0;0;0;0;0;0;0;0;5511;0;0;0;0;0;0;
32028;4323477;601767936;42524672;566435840;0;0;0;0;0;0;0;0;0;0;0;3527;0;0;0;0;0;0;
32029;5290179;601767936;42524672;566435840;0;0;0;0;0;0;0;0;0;0;0;3978;0;0;0;0;0;0;
32030;3827667;601767936;42524672;566435840;0;0;0;0;0;0;0;0;0;0;0;3527;0;0;0;0;0;0;
32031;5206433;601767936;42524672;566435840;0;0;0;0;0;0;0;0;0;0;0;3657;0;0;0;0;0;0;
32032;3975003;601767936;42524672;566435840;0;0;0;0;0;0;0;0;0;0;0;5440;0;0;0;0;0;0;
32033;5442685;601767936;42524672;566435840;0;0;0;0;0;0;0;0;0;0;0;4588;0;0;0;0;0;0;
32034;4145944;589672448;27709440;551620608;0;0;0;0;0;0;0;0;0;0;0;4889;0;0;0;0;0;0;
32035;5180985;589672448;27709440;551620608;0;0;0;0;0;0;0;0;0;0;0;3607;0;0;0;0;0;0;
32036;4709311;589672448;27709440;551620608;0;0;0;0;0;0;0;0;0;0;0;3346;0;0;0;0;0;0;
32037;4776777;589672448;27709440;551620608;0;0;0;0;0;0;0;0;0;0;0;2955;0;0;0;0;0;0;
32038;3451522;589672448;27709440;551620608;0;0;0;0;0;0;0;0;0;0;0;3868;0;0;0;0;0;0;
32039;4710172;589672448;27709440;551620608;0;0;0;0;0;0;0;0;0;0;0;2905;0;0;0;0;0;0;
32040;3320116;589672448;27709440;551620608;0;0;0;0;0;0;0;0;0;0;0;4067;0;0;0;0;0;0;
32041;4935764;589672448;27709440;551620608;0;0;0;0;0;0;0;0;0;0;0;3186;0;0;0;0;0;0;
32042;3230908;589672448;27709440;551620608;0;0;0;0;0;0;0;0;0;0;0;3727;0;0;0;0;0;0;
32043;5160336;589672448;27709440;551620608;0;0;0;0;0;0;0;0;0;0;0;2956;0;0;0;0;0;0;
32044;3306510;589672448;27709440;551620608;0;0;0;0;0;0;0;0;0;0;0;5761;0;0;0;0;0;0;
32045;4843020;589672448;27709440;551620608;0;0;0;0;0;0;0;0;0;0;0;5370;0;0;0;0;0;0;
32046;3161498;589672448;27709440;551620608;0;0;0;0;0;0;0;0;0;0;0;2986;0;0;0;0;0;0;
32047;6137638;595480576;42524672;566435840;0;0;0;0;0;0;0;0;0;0;0;4909;0;0;0;0;0;0;
32048;3654883;595480576;42524672;566435840;0;0;0;0;0;0;0;0;0;0;0;4238;0;0;0;0;0;0;
32049;6380143;601772032;42524672;566435840;0;0;0;0;0;0;0;0;0;0;0;5530;0;0;0;0;0;0;
32050;3004003;601772032;42524672;566435840;0;0;0;0;0;0;0;0;0;0;0;3957;0;0;0;0;0;0;
32051;5415404;601772032;42524672;566435840;0;0;0;0;0;0;0;0;0;0;0;4779;0;0;0;0;0;0;
32052;3770389;601772032;42524672;566435840;0;0;0;0;0;0;0;0;0;0;0;3937;0;0;0;0;0;0;
32053;5511014;601772032;42524672;566435840;0;0;0;0;0;0;0;0;0;0;0;4499;0;0;0;0;0;0;
32054;3636178;601772032;42524672;566435840;0;0;0;0;0;0;0;0;0;0;0;4058;0;0;0;0;0;0;
32055;5226360;601772032;42524672;566435840;0;0;0;0;0;0;0;0;0;0;0;3727;0;0;0;0;0;0;
32056;3766212;601772032;42524672;566435840;0;0;0;0;0;0;0;0;0;0;0;4148;0;0;0;0;0;0;
32057;5289528;601772032;42524672;566435840;0;0;0;0;0;0;0;0;0;0;0;4568;0;0;0;0;0;0;
32058;4233247;589676544;27709440;551620608;0;0;0;0;0;0;0;0;0;0;0;5861;0;0;0;0;0;0;
32059;4990949;589676544;27709440;551620608;0;0;0;0;0;0;0;0;0;0;0;3186;0;0;0;0;0;0;
32060;3917435;589676544;27709440;551620608;0;0;0;0;0;0;0;0;0;0;0;4208;0;0;0;0;0;0;
32061;4775655;589676544;27709440;551620608;0;0;0;0;0;0;0;0;0;0;0;2775;0;0;0;0;0;0;
32062;3663500;589676544;27709440;551620608;0;0;0;0;0;0;0;0;0;0;0;4869;0;0;0;0;0;0;
32063;4819797;589676544;27709440;551620608;0;0;0;0;0;0;0;0;0;0;0;2324;0;0;0;0;0;0;
32064;3499532;589676544;27709440;551620608;0;0;0;0;0;0;0;0;0;0;0;3928;0;0;0;0;0;0;
32065;5013831;589676544;27709440;551620608;0;0;0;0;0;0;0;0;0;0;0;3837;0;0;0;0;0;0;
32066;3611512;589676544;27709440;551620608;0;0;0;0;0;0;0;0;0;0;0;3637;0;0;0;0;0;0;
32067;4795322;589676544;27709440;551620608;0;0;0;0;0;0;0;0;0;0;0;3356;0;0;0;0;0;0;
32068;3704396;589676544;27709440;551620608;0;0;0;0;0;0;0;0;0;0;0;3497;0;0;0;0;0;0;
32069;4937599;589676544;27709440;551620608;0;0;0;0;0;0;0;0;0;0;0;3587;0;0;0;0;0;0;
32070;3696080;589676544;27709440;551620608;0;0;0;0;0;0;0;0;0;0;0;4057;0;0;0;0;0;0;
32071;5074615;589676544;27709440;551620608;0;0;0;0;0;0;0;0;0;0;0;4439;0;0;0;0;0;0;
32072;3287874;589676544;27709440;551620608;0;0;0;0;0;0;0;0;0;0;0;4168;0;0;0;0;0;0;
32073;5202505;589676544;27709440;551620608;0;0;0;0;0;0;0;0;0;0;0;5340;0;0;0;0;0;0;
32074;3576777;589676544;27709440;551620608;0;0;0;0;0;0;0;0;0;0;0;4509;0;0;0;0;0;0;
32075;5547341;589676544;27709440;551620608;0;0;0;0;0;0;0;0;0;0;0;3717;0;0;0;0;0;0;
32076;3868594;589676544;27709440;551620608;0;0;0;0;0;0;0;0;0;0;0;5800;0;0;0;0;0;0;
32077;4982132;589676544;27709440;551620608;0;0;0;0;0;0;0;0;0;0;0;4529;0;0;0;0;0;0;
32078;3525080;589676544;27709440;551620608;0;0;0;0;0;0;0;0;0;0;0;5390;0;0;0;0;0;0;
32079;5642580;589676544;27709440;551620608;0;0;0;0;0;0;0;0;0;0;0;5460;0;0;0;0;0;0;
32080;3885245;589676544;27709440;551620608;0;0;0;0;0;0;0;0;0;0;0;3737;0;0;0;0;0;0;
32081;5648311;589676544;27709440;551620608;0;0;0;0;0;0;0;0;0;0;0;4799;0;0;0;0;0;0;
32082;3670743;589676544;27709440;551620608;0;0;0;0;0;0;0;0;0;0;0;4418;0;0;0;0;0;0;
32083;5632942;589676544;27709440;551620608;0;0;0;0;0;0;0;0;0;0;0;3967;0;0;0;0;0;0;
32084;4241003;589676544;27709440;551620608;0;0;0;0;0;0;0;0;0;0;0;4057;0;0;0;0;0;0;
32085;5099301;589676544;27709440;551620608;0;0;0;0;0;0;0;0;0;0;0;4559;0;0;0;0;0;0;
32086;3394545;589676544;27709440;551620608;0;0;0;0;0;0;0;0;0;0;0;4959;0;0;0;0;0;0;
32087;5004183;589676544;27709440;551620608;0;0;0;0;0;0;0;0;0;0;0;4278;0;0;0;0;0;0;
32088;4065172;589676544;27709440;551620608;0;0;0;0;0;0;0;0;0;0;0;4389;0;0;0;0;0;0;
32089;5568210;589676544;27709440;551620608;0;0;0;0;0;0;0;0;0;0;0;5490;0;0;0;0;0;0;
32090;4259206;589676544;27709440;551620608;0;0;0;0;0;0;0;0;0;0;0;4168;0;0;0;0;0;0;
32091;5301571;589676544;27709440;551620608;0;0;0;0;0;0;0;0;0;0;0;3897;0;0;0;0;0;0;
32092;3353338;589676544;27709440;551620608;0;0;0;0;0;0;0;0;0;0;0;4729;0;0;0;0;0;0;
32093;5491477;589676544;27709440;551620608;0;0;0;0;0;0;0;0;0;0;0;4078;0;0;0;0;0;0;
32094;4186300;589676544;27709440;551620608;0;0;0;0;0;0;0;0;0;0;0;4930;0;0;0;0;0;0;
32095;4885931;589676544;27709440;551620608;0;0;0;0;0;0;0;0;0;0;0;2926;0;0;0;0;0;0;
32096;4334938;589676544;27709440;551620608;0;0;0;0;0;0;0;0;0;0;0;4007;0;0;0;0;0;0;
32097;5617063;589676544;27709440;551620608;0;0;0;0;0;0;0;0;0;0;0;3406;0;0;0;0;0;0;
32098;3881739;589676544;27709440;551620608;0;0;0;0;0;0;0;0;0;0;0;3937;0;0;0;0;0;0;
32099;5641849;589676544;27709440;551620608;0;0;0;0;0;0;0;0;0;0;0;3276;0;0;0;0;0;0;
32100;3009333;589676544;27709440;551620608;0;0;0;0;0;0;0;0;0;0;0;3988;0;0;0;0;0;0;
32101;4969689;589676544;27709440;551620608;0;0;0;0;0;0;0;0;0;0;0;3266;0;0;0;0;0;0;
32102;3122966;589676544;27709440;551620608;0;0;0;0;0;0;0;0;0;0;0;3357;0;0;0;0;0;0;
32103;4931347;589676544;27709440;551620608;0;0;0;0;0;0;0;0;0;0;0;3587;0;0;0;0;0;0;
32104;3341556;589676544;27709440;551620608;0;0;0;0;0;0;0;0;0;0;0;4328;0;0;0;0;0;0;
32105;5234125;589676544;27709440;551620608;0;0;0;0;0;0;0;0;0;0;0;4438;0;0;0;0;0;0;
32106;3801197;589676544;27709440;551620608;0;0;0;0;0;0;0;0;0;0;0;4729;0;0;0;0;0;0;
32107;5329613;589676544;27709440;551620608;0;0;0;0;0;0;0;0;0;0;0;4318;0;0;0;0;0;0;
32108;4194926;589676544;27709440;551620608;0;0;0;0;0;0;0;0;0;0;0;4578;0;0;0;0;0;0;
32109;4707798;589676544;27709440;551620608;0;0;0;0;0;0;0;0;0;0;0;3367;0;0;0;0;0;0;
32110;3658510;589676544;27709440;551620608;0;0;0;0;0;0;0;0;0;0;0;4859;0;0;0;0;0;0;
32111;5532343;589676544;27709440;551620608;0;0;0;0;0;0;0;0;0;0;0;3616;0;0;0;0;0;0;
32112;4095169;589676544;27709440;551620608;0;0;0;0;0;0;0;0;0;0;0;3897;0;0;0;0;0;0;
32113;4976000;589676544;27709440;551620608;0;0;0;0;0;0;0;0;0;0;0;3056;0;0;0;0;0;0;
32114;3696140;589676544;27709440;551620608;0;0;0;0;0;0;0;0;0;0;0;4018;0;0;0;0;0;0;
32115;4721503;589676544;27709440;551620608;0;0;0;0;0;0;0;0;0;0;0;2604;0;0;0;0;0;0;
32116;4461686;589676544;27709440;551620608;0;0;0;0;0;0;0;0;0;0;0;4599;0;0;0;0;0;0;
32117;4731823;589676544;27709440;551620608;0;0;0;0;0;0;0;0;0;0;0;2525;0;0;0;0;0;0;
32118;3562981;589676544;27709440;551620608;0;0;0;0;0;0;0;0;0;0;0;3838;0;0;0;0;0;0;
32119;4926768;589676544;27709440;551620608;0;0;0;0;0;0;0;0;0;0;0;4077;0;0;0;0;0;0;
32120;3637631;589676544;27709440;551620608;0;0;0;0;0;0;0;0;0;0;0;4589;0;0;0;0;0;0;
32121;5847835;589676544;27709440;551620608;0;0;0;0;0;0;0;0;0;0;0;5751;0;0;0;0;0;0;
32122;3640857;589676544;27709440;551620608;0;0;0;0;0;0;0;0;0;0;0;3787;0;0;0;0;0;0;
32123;5617403;589676544;27709440;551620608;0;0;0;0;0;0;0;0;0;0;0;4880;0;0;0;0;0;0;
32124;3615960;589676544;27709440;551620608;0;0;0;0;0;0;0;0;0;0;0;4448;0;0;0;0;0;0;
32125;5064136;589676544;27709440;551620608;0;0;0;0;0;0;0;0;0;0;0;4017;0;0;0;0;0;0;
32126;4421109;589676544;27709440;551620608;0;0;0;0;0;0;0;0;0;0;0;4569;0;0;0;0;0;0;
32127;5159645;589676544;27709440;551620608;0;0;0;0;0;0;0;0;0;0;0;3316;0;0;0;0;0;0;
32128;4552436;589676544;27709440;551620608;0;0;0;0;0;0;0;0;0;0;0;4138;0;0;0;0;0;0;
32129;5319094;589676544;27709440;551620608;0;0;0;0;0;0;0;0;0;0;0;2815;0;0;0;0;0;0;
32130;3786951;589676544;27709440;551620608;0;0;0;0;0;0;0;0;0;0;0;3506;0;0;0;0;0;0;
32131;7677155;589676544;27709440;551620608;0;0;0;0;0;0;0;0;0;0;0;2504;0;0;0;0;0;0;
32132;9154696;589676544;27709440;551620608;0;0;0;0;0;0;0;0;0;0;0;3957;0;0;0;0;0;0;
32133;5959073;589676544;27709440;551620608;0;0;0;0;0;0;0;0;0;0;0;4128;0;0;0;0;0;0;
32134;3781982;589676544;27709440;551620608;0;0;0;0;0;0;0;0;0;0;0;3617;0;0;0;0;0;0;
32135;4979076;589676544;27709440;551620608;0;0;0;0;0;0;0;0;0;0;0;2926;0;0;0;0;0;0;
32136;3994891;589676544;27709440;551620608;0;0;0;0;0;0;0;0;0;0;0;3376;0;0;0;0;0;0;
32137;4669816;589676544;27709440;551620608;0;0;0;0;0;0;0;0;0;0;0;2945;0;0;0;0;0;0;
32138;3731918;589676544;27709440;551620608;0;0;0;0;0;0;0;0;0;0;0;4779;0;0;0;0;0;0;
32139;5134728;589676544;27709440;551620608;0;0;0;0;0;0;0;0;0;0;0;2916;0;0;0;0;0;0;
32140;3655604;589676544;27709440;551620608;0;0;0;0;0;0;0;0;0;0;0;3887;0;0;0;0;0;0;
32141;5099482;589676544;27709440;551620608;0;0;0;0;0;0;0;0;0;0;0;3567;0;0;0;0;0;0;
32142;3426796;589676544;27709440;551620608;0;0;0;0;0;0;0;0;0;0;0;3897;0;0;0;0;0;0;
32143;5502988;589676544;27709440;551620608;0;0;0;0;0;0;0;0;0;0;0;4719;0;0;0;0;0;0;
32144;4077335;589676544;27709440;551620608;0;0;0;0;0;0;0;0;0;0;0;4338;0;0;0;0;0;0;
32145;5773797;589676544;27709440;551620608;0;0;0;0;0;0;0;0;0;0;0;4739;0;0;0;0;0;0;
32146;4089508;589676544;27709440;551620608;0;0;0;0;0;0;0;0;0;0;0;4909;0;0;0;0;0;0;
32147;5731126;595484672;42524672;566435840;0;0;0;0;0;0;0;0;0;0;0;3998;0;0;0;0;0;0;
32148;3609237;595484672;42524672;566435840;0;0;0;0;0;0;0;0;0;0;0;3687;0;0;0;0;0;0;
32149;5414914;601776128;42524672;566435840;0;0;0;0;0;0;0;0;0;0;0;2925;0;0;0;0;0;0;
32150;3835852;601776128;42524672;566435840;0;0;0;0;0;0;0;0;0;0;0;4268;0;0;0;0;0;0;
32151;4819567;601776128;42524672;566435840;0;0;0;0;0;0;0;0;0;0;0;3206;0;0;0;0;0;0;
32152;4415219;601776128;42524672;566435840;0;0;0;0;0;0;0;0;0;0;0;4679;0;0;0;0;0;0;
32153;5313443;601776128;42524672;566435840;0;0;0;0;0;0;0;0;0;0;0;3977;0;0;0;0;0;0;
32154;4133220;601776128;42524672;566435840;0;0;0;0;0;0;0;0;0;0;0;5210;0;0;0;0;0;0;
32155;5616501;601776128;42524672;566435840;0;0;0;0;0;0;0;0;0;0;0;4960;0;0;0;0;0;0;
32156;3680241;601776128;42524672;566435840;0;0;0;0;0;0;0;0;0;0;0;3697;0;0;0;0;0;0;
32157;5588679;601776128;42524672;566435840;0;0;0;0;0;0;0;0;0;0;0;4969;0;0;0;0;0;0;
32158;4571882;589692928;27709440;551620608;0;0;0;0;0;0;0;0;0;0;0;3666;0;0;0;0;0;0;
32159;5466630;589692928;27709440;551620608;0;0;0;0;0;0;0;0;0;0;0;3317;0;0;0;0;0;0;
32160;4224802;589692928;27709440;551620608;0;0;0;0;0;0;0;0;0;0;0;4719;0;0;0;0;0;0;
32161;5048406;589692928;27709440;551620608;0;0;0;0;0;0;0;0;0;0;0;3376;0;0;0;0;0;0;
32162;3786289;589692928;27709440;551620608;0;0;0;0;0;0;0;0;0;0;0;4559;0;0;0;0;0;0;
32163;5668488;589692928;27709440;551620608;0;0;0;0;0;0;0;0;0;0;0;6512;0;0;0;0;0;0;
32164;3904010;589692928;27709440;551620608;0;0;0;0;0;0;0;0;0;0;0;5650;0;0;0;0;0;0;
32165;6325901;589692928;27709440;551620608;0;0;0;0;0;0;0;0;0;0;0;5771;0;0;0;0;0;0;
32166;5214167;589692928;27709440;551620608;0;0;0;0;0;0;0;0;0;0;0;3827;0;0;0;0;0;0;
32167;4910117;589692928;27709440;551620608;0;0;0;0;0;0;0;0;0;0;0;2976;0;0;0;0;0;0;
32168;4015009;589692928;27709440;551620608;0;0;0;0;0;0;0;0;0;0;0;4028;0;0;0;0;0;0;
32169;5000766;589692928;27709440;551620608;0;0;0;0;0;0;0;0;0;0;0;2625;0;0;0;0;0;0;
32170;3963642;589692928;27709440;551620608;0;0;0;0;0;0;0;0;0;0;0;4519;0;0;0;0;0;0;
32171;6347973;595501056;42524672;566435840;0;0;0;0;0;0;0;0;0;0;0;4779;0;0;0;0;0;0;
32172;4111860;595501056;42524672;566435840;0;0;0;0;0;0;0;0;0;0;0;3947;0;0;0;0;0;0;
32173;5784887;601792512;42524672;566435840;0;0;0;0;0;0;0;0;0;0;0;3917;0;0;0;0;0;0;
32174;3595942;601792512;42524672;566435840;0;0;0;0;0;0;0;0;0;0;0;4679;0;0;0;0;0;0;
32175;5263700;601792512;42524672;566435840;0;0;0;0;0;0;0;0;0;0;0;4078;0;0;0;0;0;0;
32176;3586474;601792512;42524672;566435840;0;0;0;0;0;0;0;0;0;0;0;3747;0;0;0;0;0;0;
32177;5065568;601792512;42524672;566435840;0;0;0;0;0;0;0;0;0;0;0;4388;0;0;0;0;0;0;
32178;3828218;601792512;42524672;566435840;0;0;0;0;0;0;0;0;0;0;0;5170;0;0;0;0;0;0;
32179;4875542;601792512;42524672;566435840;0;0;0;0;0;0;0;0;0;0;0;2795;0;0;0;0;0;0;
32180;4117841;601792512;42524672;566435840;0;0;0;0;0;0;0;0;0;0;0;3577;0;0;0;0;0;0;
32181;4758182;601792512;42524672;566435840;0;0;0;0;0;0;0;0;0;0;0;3246;0;0;0;0;0;0;
32182;4605446;589697024;27709440;551620608;0;0;0;0;0;0;0;0;0;0;0;5440;0;0;0;0;0;0;
32183;4954620;589697024;27709440;551620608;0;0;0;0;0;0;0;0;0;0;0;2895;0;0;0;0;0;0;
32184;3577819;589697024;27709440;551620608;0;0;0;0;0;0;0;0;0;0;0;4017;0;0;0;0;0;0;
32185;4710242;589697024;27709440;551620608;0;0;0;0;0;0;0;0;0;0;0;2975;0;0;0;0;0;0;
32186;4009277;589697024;27709440;551620608;0;0;0;0;0;0;0;0;0;0;0;3937;0;0;0;0;0;0;
32187;5136993;589697024;27709440;551620608;0;0;0;0;0;0;0;0;0;0;0;2565;0;0;0;0;0;0;
32188;3724654;589697024;27709440;551620608;0;0;0;0;0;0;0;0;0;0;0;4117;0;0;0;0;0;0;
32189;5376471;589697024;27709440;551620608;0;0;0;0;0;0;0;0;0;0;0;2685;0;0;0;0;0;0;
32190;3619797;589697024;27709440;551620608;0;0;0;0;0;0;0;0;0;0;0;4188;0;0;0;0;0;0;
32191;5212634;589697024;27709440;551620608;0;0;0;0;0;0;0;0;0;0;0;4729;0;0;0;0;0;0;
32192;3534868;589697024;27709440;551620608;0;0;0;0;0;0;0;0;0;0;0;3977;0;0;0;0;0;0;
32193;5650204;589697024;27709440;551620608;0;0;0;0;0;0;0;0;0;0;0;4238;0;0;0;0;0;0;
32194;3333651;589697024;27709440;551620608;0;0;0;0;0;0;0;0;0;0;0;4408;0;0;0;0;0;0;
32195;6599585;595505152;42524672;566435840;0;0;0;0;0;0;0;0;0;0;0;4107;0;0;0;0;0;0;
32196;3898700;595505152;42524672;566435840;0;0;0;0;0;0;0;0;0;0;0;4038;0;0;0;0;0;0;
32197;5604639;601796608;42524672;566435840;0;0;0;0;0;0;0;0;0;0;0;4107;0;0;0;0;0;0;
32198;3604900;601796608;42524672;566435840;0;0;0;0;0;0;0;0;0;0;0;4188;0;0;0;0;0;0;
32199;4777979;601796608;42524672;566435840;0;0;0;0;0;0;0;0;0;0;0;2826;0;0;0;0;0;0;
32200;4305143;601796608;42524672;566435840;0;0;0;0;0;0;0;0;0;0;0;4930;0;0;0;0;0;0;
32201;4618209;601796608;42524672;566435840;0;0;0;0;0;0;0;0;0;0;0;2535;0;0;0;0;0;0;
32202;3831124;601796608;42524672;566435840;0;0;0;0;0;0;0;0;0;0;0;3888;0;0;0;0;0;0;
32203;5008180;601796608;42524672;566435840;0;0;0;0;0;0;0;0;0;0;0;2404;0;0;0;0;0;0;
32204;4233398;601796608;42524672;566435840;0;0;0;0;0;0;0;0;0;0;0;3867;0;0;0;0;0;0;
32205;4950573;601796608;42524672;566435840;0;0;0;0;0;0;0;0;0;0;0;2835;0;0;0;0;0;0;
32206;4778700;589701120;27709440;551620608;0;0;0;0;0;0;0;0;0;0;0;4178;0;0;0;0;0;0;
32207;4968626;589701120;27709440;551620608;0;0;0;0;0;0;0;0;0;0;0;4598;0;0;0;0;0;0;
32208;3656887;589701120;27709440;551620608;0;0;0;0;0;0;0;0;0;0;0;5570;0;0;0;0;0;0;
32209;5237300;589701120;27709440;551620608;0;0;0;0;0;0;0;0;0;0;0;3898;0;0;0;0;0;0;
32210;4466515;589701120;27709440;551620608;0;0;0;0;0;0;0;0;0;0;0;3988;0;0;0;0;0;0;
32211;5589270;589701120;27709440;551620608;0;0;0;0;0;0;0;0;0;0;0;3587;0;0;0;0;0;0;
32212;4372870;589701120;27709440;551620608;0;0;0;0;0;0;0;0;0;0;0;3987;0;0;0;0;0;0;
32213;5357666;589701120;27709440;551620608;0;0;0;0;0;0;0;0;0;0;0;3396;0;0;0;0;0;0;
32214;3809733;589701120;27709440;551620608;0;0;0;0;0;0;0;0;0;0;0;3817;0;0;0;0;0;0;
32215;4798818;589701120;27709440;551620608;0;0;0;0;0;0;0;0;0;0;0;2555;0;0;0;0;0;0;
32216;3813451;589701120;27709440;551620608;0;0;0;0;0;0;0;0;0;0;0;4088;0;0;0;0;0;0;
32217;4634230;589701120;27709440;551620608;0;0;0;0;0;0;0;0;0;0;0;2505;0;0;0;0;0;0;
32218;3405806;589701120;27709440;551620608;0;0;0;0;0;0;0;0;0;0;0;3767;0;0;0;0;0;0;
32219;4997901;589701120;27709440;551620608;0;0;0;0;0;0;0;0;0;0;0;2534;0;0;0;0;0;0;
32220;3258369;589701120;27709440;551620608;0;0;0;0;0;0;0;0;0;0;0;4107;0;0;0;0;0;0;
32221;4981831;589701120;27709440;551620608;0;0;0;0;0;0;0;0;0;0;0;3517;0;0;0;0;0;0;
32222;3507296;589701120;27709440;551620608;0;0;0;0;0;0;0;0;0;0;0;3867;0;0;0;0;0;0;
32223;5382582;589701120;27709440;551620608;0;0;0;0;0;0;0;0;0;0;0;2535;0;0;0;0;0;0;
32224;4448141;589701120;27709440;551620608;0;0;0;0;0;0;0;0;0;0;0;5280;0;0;0;0;0;0;
32225;5678498;589701120;27709440;551620608;0;0;0;0;0;0;0;0;0;0;0;4228;0;0;0;0;0;0;
32226;4015730;589701120;27709440;551620608;0;0;0;0;0;0;0;0;0;0;0;4228;0;0;0;0;0;0;
32227;5064216;589701120;27709440;551620608;0;0;0;0;0;0;0;0;0;0;0;3406;0;0;0;0;0;0;
32228;3533154;589701120;27709440;551620608;0;0;0;0;0;0;0;0;0;0;0;4899;0;0;0;0;0;0;
32229;5540058;589701120;27709440;551620608;0;0;0;0;0;0;0;0;0;0;0;4278;0;0;0;0;0;0;
32230;4144080;589701120;27709440;551620608;0;0;0;0;0;0;0;0;0;0;0;5199;0;0;0;0;0;0;
32231;5597986;589701120;27709440;551620608;0;0;0;0;0;0;0;0;0;0;0;4438;0;0;0;0;0;0;
32232;3739342;589701120;27709440;551620608;0;0;0;0;0;0;0;0;0;0;0;4018;0;0;0;0;0;0;
32233;5174743;589701120;27709440;551620608;0;0;0;0;0;0;0;0;0;0;0;4779;0;0;0;0;0;0;
32234;3130470;589701120;27709440;551620608;0;0;0;0;0;0;0;0;0;0;0;5491;0;0;0;0;0;0;
32235;4775064;589701120;27709440;551620608;0;0;0;0;0;0;0;0;0;0;0;3747;0;0;0;0;0;0;
32236;3700689;589701120;27709440;551620608;0;0;0;0;0;0;0;0;0;0;0;3847;0;0;0;0;0;0;
32237;4978715;589701120;27709440;551620608;0;0;0;0;0;0;0;0;0;0;0;3276;0;0;0;0;0;0;
32238;4922229;589701120;27709440;551620608;0;0;0;0;0;0;0;0;0;0;0;4879;0;0;0;0;0;0;
32239;5421245;589701120;27709440;551620608;0;0;0;0;0;0;0;0;0;0;0;2895;0;0;0;0;0;0;
32240;4818895;589701120;27709440;551620608;0;0;0;0;0;0;0;0;0;0;0;3857;0;0;0;0;0;0;
32241;5065228;589701120;27709440;551620608;0;0;0;0;0;0;0;0;0;0;0;3176;0;0;0;0;0;0;
32242;3621410;589701120;27709440;551620608;0;0;0;0;0;0;0;0;0;0;0;4238;0;0;0;0;0;0;
32243;5100614;589701120;27709440;551620608;0;0;0;0;0;0;0;0;0;0;0;4468;0;0;0;0;0;0;
32244;3587586;589701120;27709440;551620608;0;0;0;0;0;0;0;0;0;0;0;4769;0;0;0;0;0;0;
32245;5593058;589701120;27709440;551620608;0;0;0;0;0;0;0;0;0;0;0;5189;0;0;0;0;0;0;
32246;2855234;589701120;27709440;551620608;0;0;0;0;0;0;0;0;0;0;0;4017;0;0;0;0;0;0;
32247;5786379;589701120;27709440;551620608;0;0;0;0;0;0;0;0;0;0;0;4488;0;0;0;0;0;0;
32248;3726758;589701120;27709440;551620608;0;0;0;0;0;0;0;0;0;0;0;4709;0;0;0;0;0;0;
32249;5477210;589701120;27717632;551628800;0;0;0;0;0;0;0;0;0;0;0;5621;0;0;0;0;0;0;
32250;4290174;589701120;27717632;551628800;0;0;0;0;0;0;0;0;0;0;0;4178;0;0;0;0;0;0;
32251;5874175;589701120;27717632;551628800;0;0;0;0;0;0;0;0;0;0;0;4158;0;0;0;0;0;0;
32252;3528456;589701120;27717632;551628800;0;0;0;0;0;0;0;0;0;0;0;4068;0;0;0;0;0;0;
32253;5348629;589701120;27717632;551628800;0;0;0;0;0;0;0;0;0;0;0;3657;0;0;0;0;0;0;
32254;4019707;589701120;27717632;551628800;0;0;0;0;0;0;0;0;0;0;0;4148;0;0;0;0;0;0;
32255;5318563;589701120;27717632;551628800;0;0;0;0;0;0;0;0;0;0;0;3537;0;0;0;0;0;0;
32256;4007414;589709312;27709440;551620608;0;0;0;0;0;0;0;0;0;0;0;4959;0;0;0;0;0;0;
32257;5137353;589709312;27709440;551620608;0;0;0;0;0;0;0;0;0;0;0;4138;0;0;0;0;0;0;
32258;4024877;589709312;27709440;551620608;0;0;0;0;0;0;0;0;0;0;0;3938;0;0;0;0;0;0;
32259;5303204;589709312;27709440;551620608;0;0;0;0;0;0;0;0;0;0;0;2745;0;0;0;0;0;0;
32260;3857022;589709312;27709440;551620608;0;0;0;0;0;0;0;0;0;0;0;3286;0;0;0;0;0;0;
32261;5088571;589709312;27709440;551620608;0;0;0;0;0;0;0;0;0;0;0;4208;0;0;0;0;0;0;
32262;3737719;589709312;27709440;551620608;0;0;0;0;0;0;0;0;0;0;0;3587;0;0;0;0;0;0;
32263;4859792;589709312;27709440;551620608;0;0;0;0;0;0;0;0;0;0;0;4118;0;0;0;0;0;0;
32264;3757015;589709312;27709440;551620608;0;0;0;0;0;0;0;0;0;0;0;4879;0;0;0;0;0;0;
32265;5272717;589709312;27709440;551620608;0;0;0;0;0;0;0;0;0;0;0;3436;0;0;0;0;0;0;
32266;3698925;589709312;27709440;551620608;0;0;0;0;0;0;0;0;0;0;0;3577;0;0;0;0;0;0;
32267;5026535;589709312;27709440;551620608;0;0;0;0;0;0;0;0;0;0;0;3686;0;0;0;0;0;0;
32268;5195172;589709312;27709440;551620608;0;0;0;0;0;0;0;0;0;0;0;3838;0;0;0;0;0;0;
32269;5599569;589709312;27709440;551620608;0;0;0;0;0;0;0;0;0;0;0;4048;0;0;0;0;0;0;
32270;4776165;589709312;27709440;551620608;0;0;0;0;0;0;0;0;0;0;0;4258;0;0;0;0;0;0;
32271;5393974;589709312;27709440;551620608;0;0;0;0;0;0;0;0;0;0;0;4067;0;0;0;0;0;0;
32272;4604454;589709312;27709440;551620608;0;0;0;0;0;0;0;0;0;0;0;3948;0;0;0;0;0;0;
32273;5486638;589709312;27709440;551620608;0;0;0;0;0;0;0;0;0;0;0;4859;0;0;0;0;0;0;
32274;4264446;589709312;27709440;551620608;0;0;0;0;0;0;0;0;0;0;0;4558;0;0;0;0;0;0;
32275;5571186;589709312;27709440;551620608;0;0;0;0;0;0;0;0;0;0;0;4248;0;0;0;0;0;0;
32276;4453040;589709312;27709440;551620608;0;0;0;0;0;0;0;0;0;0;0;4759;0;0;0;0;0;0;
32277;5960617;589709312;27709440;551620608;0;0;0;0;0;0;0;0;0;0;0;4889;0;0;0;0;0;0;
32278;3956398;589709312;27709440;551620608;0;0;0;0;0;0;0;0;0;0;0;4289;0;0;0;0;0;0;
32279;5843506;589709312;27709440;551620608;0;0;0;0;0;0;0;0;0;0;0;3737;0;0;0;0;0;0;
32280;4747743;589709312;27709440;551620608;0;0;0;0;0;0;0;0;0;0;0;4398;0;0;0;0;0;0;
32281;5764448;589709312;27709440;551620608;0;0;0;0;0;0;0;0;0;0;0;3747;0;0;0;0;0;0;
32282;4247484;589709312;27709440;551620608;0;0;0;0;0;0;0;0;0;0;0;3937;0;0;0;0;0;0;
32283;5685701;589709312;27709440;551620608;0;0;0;0;0;0;0;0;0;0;0;3937;0;0;0;0;0;0;
32284;3803812;589709312;27709440;551620608;0;0;0;0;0;0;0;0;0;0;0;4028;0;0;0;0;0;0;
32285;5375770;589709312;27709440;551620608;0;0;0;0;0;0;0;0;0;0;0;5310;0;0;0;0;0;0;
32286;3847955;589709312;27709440;551620608;0;0;0;0;0;0;0;0;0;0;0;3857;0;0;0;0;0;0;
32287;6060794;589709312;27709440;551620608;0;0;0;0;0;0;0;0;0;0;0;3536;0;0;0;0;0;0;
32288;4056616;589709312;27709440;551620608;0;0;0;0;0;0;0;0;0;0;0;4128;0;0;0;0;0;0;
32289;6028654;589709312;27709440;551620608;0;0;0;0;0;0;0;0;0;0;0;4288;0;0;0;0;0;0;
32290;4250741;589709312;27709440;551620608;0;0;0;0;0;0;0;0;0;0;0;6462;0;0;0;0;0;0;
32291;5239725;589709312;27709440;551620608;0;0;0;0;0;0;0;0;0;0;0;3316;0;0;0;0;0;0;
32292;4712025;589709312;27709440;551620608;0;0;0;0;0;0;0;0;0;0;0;4719;0;0;0;0;0;0;
32293;4957455;589709312;27709440;551620608;0;0;0;0;0;0;0;0;0;0;0;4298;0;0;0;0;0;0;
32294;4914064;589709312;27709440;551620608;0;0;0;0;0;0;0;0;0;0;0;5510;0;0;0;0;0;0;
32295;6140033;595517440;42524672;566435840;0;0;0;0;0;0;0;0;0;0;0;5020;0;0;0;0;0;0;
32296;4652945;595517440;42524672;566435840;0;0;0;0;0;0;0;0;0;0;0;5330;0;0;0;0;0;0;
32297;6607380;601808896;42524672;566435840;0;0;0;0;0;0;0;0;0;0;0;4428;0;0;0;0;0;0;
32298;4439965;601808896;42524672;566435840;0;0;0;0;0;0;0;0;0;0;0;5150;0;0;0;0;0;0;
32299;5411136;601808896;42524672;566435840;0;0;0;0;0;0;0;0;0;0;0;4739;0;0;0;0;0;0;
32300;5247720;601808896;42524672;566435840;0;0;0;0;0;0;0;0;0;0;0;4588;0;0;0;0;0;0;
32301;5244614;601808896;42524672;566435840;0;0;0;0;0;0;0;0;0;0;0;4028;0;0;0;0;0;0;
32302;5131642;601808896;42524672;566435840;0;0;0;0;0;0;0;0;0;0;0;4519;0;0;0;0;0;0;
32303;5558122;601808896;42524672;566435840;0;0;0;0;0;0;0;0;0;0;0;3687;0;0;0;0;0;0;
32304;5088852;601808896;42524672;566435840;0;0;0;0;0;0;0;0;0;0;0;4329;0;0;0;0;0;0;
32305;4905518;601808896;42524672;566435840;0;0;0;0;0;0;0;0;0;0;0;3737;0;0;0;0;0;0;
32306;4383149;589717504;27709440;551620608;0;0;0;0;0;0;0;0;0;0;0;3517;0;0;0;0;0;0;
32307;5055589;589717504;27709440;551620608;0;0;0;0;0;0;0;0;0;0;0;3497;0;0;0;0;0;0;
32308;4175188;589717504;27709440;551620608;0;0;0;0;0;0;0;0;0;0;0;4168;0;0;0;0;0;0;
32309;5132193;589717504;27709440;551620608;0;0;0;0;0;0;0;0;0;0;0;3637;0;0;0;0;0;0;
32310;5295629;589717504;27709440;551620608;0;0;0;0;0;0;0;0;0;0;0;4749;0;0;0;0;0;0;
32311;5532584;589717504;27709440;551620608;0;0;0;0;0;0;0;0;0;0;0;3316;0;0;0;0;0;0;
32312;4979737;589717504;27709440;551620608;0;0;0;0;0;0;0;0;0;0;0;5320;0;0;0;0;0;0;
32313;6411081;589717504;27709440;551620608;0;0;0;0;0;0;0;0;0;0;0;4208;0;0;0;0;0;0;
32314;4487744;589717504;27709440;551620608;0;0;0;0;0;0;0;0;0;0;0;4839;0;0;0;0;0;0;
32315;6304631;589717504;27709440;551620608;0;0;0;0;0;0;0;0;0;0;0;3858;0;0;0;0;0;0;
32316;4085441;589717504;27709440;551620608;0;0;0;0;0;0;0;0;0;0;0;4910;0;0;0;0;0;0;
32317;5172830;589717504;27709440;551620608;0;0;0;0;0;0;0;0;0;0;0;3727;0;0;0;0;0;0;
32318;3986154;589717504;27709440;551620608;0;0;0;0;0;0;0;0;0;0;0;5009;0;0;0;0;0;0;
32319;6599955;595525632;42524672;566435840;0;0;0;0;0;0;0;0;0;0;0;7484;0;0;0;0;0;0;
32320;4673873;595525632;42524672;566435840;0;0;0;0;0;0;0;0;0;0;0;4248;0;0;0;0;0;0;
32321;6402245;601817088;42524672;566435840;0;0;0;0;0;0;0;0;0;0;0;5019;0;0;0;0;0;0;
32322;3686993;601817088;42524672;566435840;0;0;0;0;0;0;0;0;0;0;0;4258;0;0;0;0;0;0;
32323;5915923;601817088;42524672;566435840;0;0;0;0;0;0;0;0;0;0;0;3877;0;0;0;0;0;0;
32324;4524854;601817088;42524672;566435840;0;0;0;0;0;0;0;0;0;0;0;9327;0;0;0;0;0;0;
32325;5658940;601817088;42524672;566435840;0;0;0;0;0;0;0;0;0;0;0;4418;0;0;0;0;0;0;
32326;5211953;601817088;42524672;566435840;0;0;0;0;0;0;0;0;0;0;0;4278;0;0;0;0;0;0;
32327;5411417;601817088;42524672;566435840;0;0;0;0;0;0;0;0;0;0;0;4057;0;0;0;0;0;0;
32328;5394705;601817088;42524672;566435840;0;0;0;0;0;0;0;0;0;0;0;3967;0;0;0;0;0;0;
32329;5253701;601817088;42524672;566435840;0;0;0;0;0;0;0;0;0;0;0;3927;0;0;0;0;0;0;
32330;4803777;589721600;27709440;551620608;0;0;0;0;0;0;0;0;0;0;0;3987;0;0;0;0;0;0;
32331;5183108;589721600;27709440;551620608;0;0;0;0;0;0;0;0;0;0;0;3367;0;0;0;0;0;0;
32332;4857498;589721600;27709440;551620608;0;0;0;0;0;0;0;0;0;0;0;3447;0;0;0;0;0;0;
32333;5151630;589721600;27709440;551620608;0;0;0;0;0;0;0;0;0;0;0;3768;0;0;0;0;0;0;
32334;4386494;589721600;27709440;551620608;0;0;0;0;0;0;0;0;0;0;0;3597;0;0;0;0;0;0;
32335;5174523;589721600;27709440;551620608;0;0;0;0;0;0;0;0;0;0;0;3456;0;0;0;0;0;0;
32336;4487725;589721600;27709440;551620608;0;0;0;0;0;0;0;0;0;0;0;4759;0;0;0;0;0;0;
32337;5778856;589721600;27709440;551620608;0;0;0;0;0;0;0;0;0;0;0;4969;0;0;0;0;0;0;
32338;4834956;589721600;27709440;551620608;0;0;0;0;0;0;0;0;0;0;0;3757;0;0;0;0;0;0;
32339;10992882;589721600;27709440;551620608;0;0;0;0;0;0;0;0;0;0;0;3276;0;0;0;0;0;0;
32340;4552726;589721600;27709440;551620608;0;0;0;0;0;0;0;0;0;0;0;3917;0;0;0;0;0;0;
32341;5317120;589721600;27709440;551620608;0;0;0;0;0;0;0;0;0;0;0;4107;0;0;0;0;0;0;
32342;4396524;589721600;27709440;551620608;0;0;0;0;0;0;0;0;0;0;0;5210;0;0;0;0;0;0;
32343;5965926;595529728;42524672;566435840;0;0;0;0;0;0;0;0;0;0;0;3747;0;0;0;0;0;0;
32344;4307316;595529728;42524672;566435840;0;0;0;0;0;0;0;0;0;0;0;4028;0;0;0;0;0;0;
32345;5417558;601821184;42524672;566435840;0;0;0;0;0;0;0;0;0;0;0;3968;0;0;0;0;0;0;
32346;4874229;601821184;42524672;566435840;0;0;0;0;0;0;0;0;0;0;0;4929;0;0;0;0;0;0;
32347;5214647;601821184;42524672;566435840;0;0;0;0;0;0;0;0;0;0;0;2986;0;0;0;0;0;0;
32348;5674390;601821184;42524672;566435840;0;0;0;0;0;0;0;0;0;0;0;4198;0;0;0;0;0;0;
32349;5268989;601821184;42524672;566435840;0;0;0;0;0;0;0;0;0;0;0;5411;0;0;0;0;0;0;
32350;4388679;601821184;42528768;566439936;0;0;0;0;0;0;0;0;0;0;0;3436;0;0;0;0;0;0;
32351;5193227;601821184;42528768;566439936;0;0;0;0;0;0;0;0;0;0;0;4599;0;0;0;0;0;0;
32352;3737458;601821184;42528768;566439936;0;0;0;0;0;0;0;0;0;0;0;4408;0;0;0;0;0;0;
32353;5275812;601821184;42528768;566439936;0;0;0;0;0;0;0;0;0;0;0;3096;0;0;0;0;0;0;
32354;4607409;589729792;27713536;551624704;0;0;0;0;0;0;0;0;0;0;0;4458;0;0;0;0;0;0;
32355;5919410;589729792;27713536;551624704;0;0;0;0;0;0;0;0;0;0;0;8927;0;0;0;0;0;0;
32356;4346330;589729792;27713536;551624704;0;0;0;0;0;0;0;0;0;0;0;5971;0;0;0;0;0;0;
32357;5203688;589729792;27713536;551624704;0;0;0;0;0;0;0;0;0;0;0;4669;0;0;0;0;0;0;
32358;4061716;589729792;27713536;551624704;0;0;0;0;0;0;0;0;0;0;0;6753;0;0;0;0;0;0;
32359;5955137;589729792;27713536;551624704;0;0;0;0;0;0;0;0;0;0;0;4859;0;0;0;0;0;0;
32360;4292238;589729792;27713536;551624704;0;0;0;0;0;0;0;0;0;0;0;3988;0;0;0;0;0;0;
32361;5682505;589729792;27713536;551624704;0;0;0;0;0;0;0;0;0;0;0;4829;0;0;0;0;0;0;
32362;4134001;589729792;27713536;551624704;0;0;0;0;0;0;0;0;0;0;0;5260;0;0;0;0;0;0;
32363;5512466;589729792;27713536;551624704;0;0;0;0;0;0;0;0;0;0;0;3557;0;0;0;0;0;0;
32364;4292789;589729792;27713536;551624704;0;0;0;0;0;0;0;0;0;0;0;5721;0;0;0;0;0;0;
32365;5343369;589729792;27713536;551624704;0;0;0;0;0;0;0;0;0;0;0;3687;0;0;0;0;0;0;
32366;4283522;589729792;27713536;551624704;0;0;0;0;0;0;0;0;0;0;0;5190;0;0;0;0;0;0;
32367;5506205;589729792;27713536;551624704;0;0;0;0;0;0;0;0;0;0;0;3306;0;0;0;0;0;0;
32368;3784406;589729792;27713536;551624704;0;0;0;0;0;0;0;0;0;0;0;4559;0;0;0;0;0;0;
32369;5646587;589729792;27713536;551624704;0;0;0;0;0;0;0;0;0;0;0;4308;0;0;0;0;0;0;
32370;3521953;589729792;27713536;551624704;0;0;0;0;0;0;0;0;0;0;0;3537;0;0;0;0;0;0;
32371;4893416;589729792;27713536;551624704;0;0;0;0;0;0;0;0;0;0;0;3297;0;0;0;0;0;0;
32372;4447440;589729792;27713536;551624704;0;0;0;0;0;0;0;0;0;0;0;4028;0;0;0;0;0;0;
32373;5133575;589729792;27713536;551624704;0;0;0;0;0;0;0;0;0;0;0;4218;0;0;0;0;0;0;
32374;4595617;589729792;27713536;551624704;0;0;0;0;0;0;0;0;0;0;0;5079;0;0;0;0;0;0;
32375;5081458;589729792;27713536;551624704;0;0;0;0;0;0;0;0;0;0;0;3947;0;0;0;0;0;0;
32376;4814737;589729792;27713536;551624704;0;0;0;0;0;0;0;0;0;0;0;4158;0;0;0;0;0;0;
32377;5166247;589729792;27713536;551624704;0;0;0;0;0;0;0;0;0;0;0;3957;0;0;0;0;0;0;
32378;4477927;589729792;27713536;551624704;0;0;0;0;0;0;0;0;0;0;0;5030;0;0;0;0;0;0;
32379;5128516;589729792;27713536;551624704;0;0;0;0;0;0;0;0;0;0;0;3306;0;0;0;0;0;0;
32380;4420759;589729792;27713536;551624704;0;0;0;0;0;0;0;0;0;0;0;3717;0;0;0;0;0;0;
32381;5947171;589729792;27713536;551624704;0;0;0;0;0;0;0;0;0;0;0;4559;0;0;0;0;0;0;
32382;4357149;589729792;27713536;551624704;0;0;0;0;0;0;0;0;0;0;0;4589;0;0;0;0;0;0;
32383;5546100;589729792;27713536;551624704;0;0;0;0;0;0;0;0;0;0;0;4749;0;0;0;0;0;0;
32384;3987367;589729792;27713536;551624704;0;0;0;0;0;0;0;0;0;0;0;5370;0;0;0;0;0;0;
32385;5068013;589729792;27713536;551624704;0;0;0;0;0;0;0;0;0;0;0;4509;0;0;0;0;0;0;
32386;3961187;589729792;27713536;551624704;0;0;0;0;0;0;0;0;0;0;0;6432;0;0;0;0;0;0;
32387;5440431;589729792;27713536;551624704;0;0;0;0;0;0;0;0;0;0;0;4809;0;0;0;0;0;0;
32388;5941551;589729792;27713536;551624704;0;0;0;0;0;0;0;0;0;0;0;4118;0;0;0;0;0;0;
32389;5594911;589729792;27713536;551624704;0;0;0;0;0;0;0;0;0;0;0;3436;0;0;0;0;0;0;
32390;4497503;589729792;27713536;551624704;0;0;0;0;0;0;0;0;0;0;0;4708;0;0;0;0;0;0;
32391;5195342;589729792;27713536;551624704;0;0;0;0;0;0;0;0;0;0;0;4077;0;0;0;0;0;0;
32392;5560807;589729792;27713536;551624704;0;0;0;0;0;0;0;0;0;0;0;3978;0;0;0;0;0;0;
32393;5585574;589729792;27713536;551624704;0;0;0;0;0;0;0;0;0;0;0;3757;0;0;0;0;0;0;
32394;5280110;589729792;27713536;551624704;0;0;0;0;0;0;0;0;0;0;0;4018;0;0;0;0;0;0;
32395;5541180;589729792;27713536;551624704;0;0;0;0;0;0;0;0;0;0;0;2485;0;0;0;0;0;0;
32396;5262006;589729792;27713536;551624704;0;0;0;0;0;0;0;0;0;0;0;4849;0;0;0;0;0;0;
32397;5332609;589729792;27713536;551624704;0;0;0;0;0;0;0;0;0;0;0;4208;0;0;0;0;0;0;
32398;4131697;589729792;27713536;551624704;0;0;0;0;0;0;0;0;0;0;0;7434;0;0;0;0;0;0;
32399;5152722;589729792;27713536;551624704;0;0;0;0;0;0;0;0;0;0;0;3828;0;0;0;0;0;0;
32400;4224872;589729792;27713536;551624704;0;0;0;0;0;0;0;0;0;0;0;4308;0;0;0;0;0;0;
32401;5344210;589729792;27713536;551624704;0;0;0;0;0;0;0;0;0;0;0;3857;0;0;0;0;0;0;
32402;4108543;589729792;27713536;551624704;0;0;0;0;0;0;0;0;0;0;0;4949;0;0;0;0;0;0;
32403;4817062;589729792;27713536;551624704;0;0;0;0;0;0;0;0;0;0;0;4058;0;0;0;0;0;0;
32404;4398878;589729792;27713536;551624704;0;0;0;0;0;0;0;0;0;0;0;6953;0;0;0;0;0;0;
32405;4940163;589729792;27713536;551624704;0;0;0;0;0;0;0;0;0;0;0;3707;0;0;0;0;0;0;
32406;4925305;589729792;27713536;551624704;0;0;0;0;0;0;0;0;0;0;0;4198;0;0;0;0;0;0;
32407;5504291;589729792;27713536;551624704;0;0;0;0;0;0;0;0;0;0;0;4308;0;0;0;0;0;0;
32408;4663695;589729792;27713536;551624704;0;0;0;0;0;0;0;0;0;0;0;3957;0;0;0;0;0;0;
32409;5439850;589729792;27713536;551624704;0;0;0;0;0;0;0;0;0;0;0;5641;0;0;0;0;0;0;
32410;4042109;589729792;27713536;551624704;0;0;0;0;0;0;0;0;0;0;0;3878;0;0;0;0;0;0;
32411;6036118;589729792;27713536;551624704;0;0;0;0;0;0;0;0;0;0;0;4689;0;0;0;0;0;0;
32412;5104932;589729792;27713536;551624704;0;0;0;0;0;0;0;0;0;0;0;4388;0;0;0;0;0;0;
32413;5796539;589729792;27713536;551624704;0;0;0;0;0;0;0;0;0;0;0;4498;0;0;0;0;0;0;
32414;4756058;589729792;27713536;551624704;0;0;0;0;0;0;0;0;0;0;0;4558;0;0;0;0;0;0;
32415;5687514;589729792;27713536;551624704;0;0;0;0;0;0;0;0;0;0;0;4479;0;0;0;0;0;0;
32416;5675102;589729792;27713536;551624704;0;0;0;0;0;0;0;0;0;0;0;5290;0;0;0;0;0;0;
32417;5251256;589729792;27713536;551624704;0;0;0;0;0;0;0;0;0;0;0;4198;0;0;0;0;0;0;
32418;5234515;589729792;27713536;551624704;0;0;0;0;0;0;0;0;0;0;0;4869;0;0;0;0;0;0;
32419;5738150;589729792;27713536;551624704;0;0;0;0;0;0;0;0;0;0;0;5190;0;0;0;0;0;0;
32420;4243086;589729792;27713536;551624704;0;0;0;0;0;0;0;0;0;0;0;3587;0;0;0;0;0;0;
32421;5663389;589729792;27713536;551624704;0;0;0;0;0;0;0;0;0;0;0;3908;0;0;0;0;0;0;
32422;3717300;589729792;27713536;551624704;0;0;0;0;0;0;0;0;0;0;0;4709;0;0;0;0;0;0;
32423;5451271;589729792;27713536;551624704;0;0;0;0;0;0;0;0;0;0;0;5010;0;0;0;0;0;0;
32424;4201447;589729792;27713536;551624704;0;0;0;0;0;0;0;0;0;0;0;4999;0;0;0;0;0;0;
32425;6476985;589729792;27713536;551624704;0;0;0;0;0;0;0;0;0;0;0;6271;0;0;0;0;0;0;
32426;3406768;589729792;27713536;551624704;0;0;0;0;0;0;0;0;0;0;0;4969;0;0;0;0;0;0;
32427;6010340;589729792;27713536;551624704;0;0;0;0;0;0;0;0;0;0;0;3296;0;0;0;0;0;0;
32428;4303299;589729792;27713536;551624704;0;0;0;0;0;0;0;0;0;0;0;4218;0;0;0;0;0;0;
32429;4936056;589729792;27713536;551624704;0;0;0;0;0;0;0;0;0;0;0;3606;0;0;0;0;0;0;
32430;3642951;589729792;27713536;551624704;0;0;0;0;0;0;0;0;0;0;0;4718;0;0;0;0;0;0;
32431;5331286;589729792;27713536;551624704;0;0;0;0;0;0;0;0;0;0;0;3326;0;0;0;0;0;0;
32432;3527324;589729792;27713536;551624704;0;0;0;0;0;0;0;0;0;0;0;4097;0;0;0;0;0;0;
32433;5063685;589729792;27713536;551624704;0;0;0;0;0;0;0;0;0;0;0;5229;0;0;0;0;0;0;
32434;4409508;589729792;27713536;551624704;0;0;0;0;0;0;0;0;0;0;0;4438;0;0;0;0;0;0;
32435;5234945;589729792;27713536;551624704;0;0;0;0;0;0;0;0;0;0;0;5631;0;0;0;0;0;0;
32436;3475597;589729792;27713536;551624704;0;0;0;0;0;0;0;0;0;0;0;3637;0;0;0;0;0;0;
32437;5204940;589729792;27713536;551624704;0;0;0;0;0;0;0;0;0;0;0;3977;0;0;0;0;0;0;
32438;3852774;589729792;27713536;551624704;0;0;0;0;0;0;0;0;0;0;0;4538;0;0;0;0;0;0;
32439;5163251;589729792;27713536;551624704;0;0;0;0;0;0;0;0;0;0;0;2655;0;0;0;0;0;0;
32440;3930480;589729792;27713536;551624704;0;0;0;0;0;0;0;0;0;0;0;2965;0;0;0;0;0;0;
32441;5053556;589729792;27713536;551624704;0;0;0;0;0;0;0;0;0;0;0;3487;0;0;0;0;0;0;
32442;4168266;589729792;27713536;551624704;0;0;0;0;0;0;0;0;0;0;0;3697;0;0;0;0;0;0;
32443;7052504;595537920;42528768;566439936;0;0;0;0;0;0;0;0;0;0;0;4458;0;0;0;0;0;0;
32444;4399960;595537920;42528768;566439936;0;0;0;0;0;0;0;0;0;0;0;5020;0;0;0;0;0;0;
32445;5922906;601829376;42528768;566439936;0;0;0;0;0;0;0;0;0;0;0;5440;0;0;0;0;0;0;
32446;3973040;601829376;42528768;566439936;0;0;0;0;0;0;0;0;0;0;0;5390;0;0;0;0;0;0;
32447;5922144;601829376;42528768;566439936;0;0;0;0;0;0;0;0;0;0;0;4699;0;0;0;0;0;0;
32448;4153638;601829376;42528768;566439936;0;0;0;0;0;0;0;0;0;0;0;5421;0;0;0;0;0;0;
32449;5499152;601829376;42528768;566439936;0;0;0;0;0;0;0;0;0;0;0;4419;0;0;0;0;0;0;
32450;4645290;601829376;42528768;566439936;0;0;0;0;0;0;0;0;0;0;0;4839;0;0;0;0;0;0;
32451;4963367;601829376;42528768;566439936;0;0;0;0;0;0;0;0;0;0;0;3386;0;0;0;0;0;0;
32452;4516929;601829376;42528768;566439936;0;0;0;0;0;0;0;0;0;0;0;3747;0;0;0;0;0;0;
32453;4911319;601829376;42528768;566439936;0;0;0;0;0;0;0;0;0;0;0;3277;0;0;0;0;0;0;
32454;4519735;589746176;27713536;551624704;0;0;0;0;0;0;0;0;0;0;0;4218;0;0;0;0;0;0;
32455;5107157;589746176;27713536;551624704;0;0;0;0;0;0;0;0;0;0;0;3256;0;0;0;0;0;0;
32456;3665523;589746176;27713536;551624704;0;0;0;0;0;0;0;0;0;0;0;3787;0;0;0;0;0;0;
32457;5749841;589746176;27713536;551624704;0;0;0;0;0;0;0;0;0;0;0;4508;0;0;0;0;0;0;
32458;3741405;589746176;27713536;551624704;0;0;0;0;0;0;0;0;0;0;0;4979;0;0;0;0;0;0;
32459;5409924;589746176;27713536;551624704;0;0;0;0;0;0;0;0;0;0;0;5350;0;0;0;0;0;0;
32460;3580363;589746176;27713536;551624704;0;0;0;0;0;0;0;0;0;0;0;3797;0;0;0;0;0;0;
32461;4898255;589746176;27713536;551624704;0;0;0;0;0;0;0;0;0;0;0;3707;0;0;0;0;0;0;
32462;3959394;589746176;27713536;551624704;0;0;0;0;0;0;0;0;0;0;0;4128;0;0;0;0;0;0;
32463;5353128;589746176;27713536;551624704;0;0;0;0;0;0;0;0;0;0;0;4007;0;0;0;0;0;0;
32464;4034274;589746176;27713536;551624704;0;0;0;0;0;0;0;0;0;0;0;3887;0;0;0;0;0;0;
32465;6068158;589746176;27713536;551624704;0;0;0;0;0;0;0;0;0;0;0;4648;0;0;0;0;0;0;
32466;4889208;589746176;27713536;551624704;0;0;0;0;0;0;0;0;0;0;0;3567;0;0;0;0;0;0;
32467;6897634;595554304;42528768;566439936;0;0;0;0;0;0;0;0;0;0;0;4318;0;0;0;0;0;0;
32468;4155341;595554304;42528768;566439936;0;0;0;0;0;0;0;0;0;0;0;4258;0;0;0;0;0;0;
32469;6528371;601845760;42528768;566439936;0;0;0;0;0;0;0;0;0;0;0;4669;0;0;0;0;0;0;
32470;5354861;601845760;42528768;566439936;0;0;0;0;0;0;0;0;0;0;0;4929;0;0;0;0;0;0;
32471;5628013;601845760;42528768;566439936;0;0;0;0;0;0;0;0;0;0;0;3997;0;0;0;0;0;0;
32472;4193804;601845760;42528768;566439936;0;0;0;0;0;0;0;0;0;0;0;4528;0;0;0;0;0;0;
32473;5552922;601845760;42528768;566439936;0;0;0;0;0;0;0;0;0;0;0;5019;0;0;0;0;0;0;
32474;3993999;601845760;42528768;566439936;0;0;0;0;0;0;0;0;0;0;0;4559;0;0;0;0;0;0;
32475;5182408;601845760;42528768;566439936;0;0;0;0;0;0;0;0;0;0;0;3216;0;0;0;0;0;0;
32476;4826239;601845760;42528768;566439936;0;0;0;0;0;0;0;0;0;0;0;4548;0;0;0;0;0;0;
32477;5862934;601845760;42528768;566439936;0;0;0;0;0;0;0;0;0;0;0;4970;0;0;0;0;0;0;
32478;5612704;589750272;27713536;551624704;0;0;0;0;0;0;0;0;0;0;0;4448;0;0;0;0;0;0;
32479;5681083;589750272;27713536;551624704;0;0;0;0;0;0;0;0;0;0;0;4198;0;0;0;0;0;0;
32480;4268153;589750272;27713536;551624704;0;0;0;0;0;0;0;0;0;0;0;4990;0;0;0;0;0;0;
32481;4898625;589750272;27713536;551624704;0;0;0;0;0;0;0;0;0;0;0;3075;0;0;0;0;0;0;
32482;4263314;589750272;27713536;551624704;0;0;0;0;0;0;0;0;0;0;0;5090;0;0;0;0;0;0;
32483;5085926;589750272;27713536;551624704;0;0;0;0;0;0;0;0;0;0;0;2965;0;0;0;0;0;0;
32484;4498334;589750272;27713536;551624704;0;0;0;0;0;0;0;0;0;0;0;4027;0;0;0;0;0;0;
32485;6191710;589750272;27713536;551624704;0;0;0;0;0;0;0;0;0;0;0;3486;0;0;0;0;0;0;
32486;4874510;589750272;27713536;551624704;0;0;0;0;0;0;0;0;0;0;0;3817;0;0;0;0;0;0;
32487;4993784;589750272;27713536;551624704;0;0;0;0;0;0;0;0;0;0;0;2645;0;0;0;0;0;0;
32488;4260108;589750272;27713536;551624704;0;0;0;0;0;0;0;0;0;0;0;3436;0;0;0;0;0;0;
32489;5567349;589750272;27713536;551624704;0;0;0;0;0;0;0;0;0;0;0;3406;0;0;0;0;0;0;
32490;4706405;589750272;27713536;551624704;0;0;0;0;0;0;0;0;0;0;0;4077;0;0;0;0;0;0;
32491;6296817;595558400;42528768;566439936;0;0;0;0;0;0;0;0;0;0;0;4388;0;0;0;0;0;0;
32492;4742593;595558400;42528768;566439936;0;0;0;0;0;0;0;0;0;0;0;4008;0;0;0;0;0;0;
32493;5888151;601849856;42528768;566439936;0;0;0;0;0;0;0;0;0;0;0;3757;0;0;0;0;0;0;
32494;4982282;601849856;42528768;566439936;0;0;0;0;0;0;0;0;0;0;0;4709;0;0;0;0;0;0;
32495;5225678;601849856;42528768;566439936;0;0;0;0;0;0;0;0;0;0;0;2815;0;0;0;0;0;0;
32496;4540263;601849856;42528768;566439936;0;0;0;0;0;0;0;0;0;0;0;4979;0;0;0;0;0;0;
32497;5256486;601849856;42528768;566439936;0;0;0;0;0;0;0;0;0;0;0;3466;0;0;0;0;0;0;
32498;4285616;601849856;42528768;566439936;0;0;0;0;0;0;0;0;0;0;0;4108;0;0;0;0;0;0;
32499;5044779;601849856;42528768;566439936;0;0;0;0;0;0;0;0;0;0;0;2905;0;0;0;0;0;0;
32500;4498285;601849856;42528768;566439936;0;0;0;0;0;0;0;0;0;0;0;4528;0;0;0;0;0;0;
32501;5355181;601849856;42528768;566439936;0;0;0;0;0;0;0;0;0;0;0;5259;0;0;0;0;0;0;
32502;4164879;589754368;27713536;551624704;0;0;0;0;0;0;0;0;0;0;0;3707;0;0;0;0;0;0;
32503;5475988;589754368;27713536;551624704;0;0;0;0;0;0;0;0;0;0;0;4128;0;0;0;0;0;0;
32504;3887860;589754368;27713536;551624704;0;0;0;0;0;0;0;0;0;0;0;4378;0;0;0;0;0;0;
32505;6695595;589754368;27713536;551624704;0;0;0;0;0;0;0;0;0;0;0;3948;0;0;0;0;0;0;
32506;4315863;589754368;27713536;551624704;0;0;0;0;0;0;0;0;0;0;0;4258;0;0;0;0;0;0;
32507;6703259;589754368;27713536;551624704;0;0;0;0;0;0;0;0;0;0;0;3988;0;0;0;0;0;0;
32508;4294061;589754368;27713536;551624704;0;0;0;0;0;0;0;0;0;0;0;4989;0;0;0;0;0;0;
32509;6056627;589754368;27713536;551624704;0;0;0;0;0;0;0;0;0;0;0;6111;0;0;0;0;0;0;
32510;4102573;589754368;27713536;551624704;0;0;0;0;0;0;0;0;0;0;0;5701;0;0;0;0;0;0;
32511;6245721;589754368;27713536;551624704;0;0;0;0;0;0;0;0;0;0;0;5060;0;0;0;0;0;0;
32512;4935835;589754368;27713536;551624704;0;0;0;0;0;0;0;0;0;0;0;3787;0;0;0;0;0;0;
32513;5789626;589754368;27713536;551624704;0;0;0;0;0;0;0;0;0;0;0;4779;0;0;0;0;0;0;
32514;4466625;589754368;27713536;551624704;0;0;0;0;0;0;0;0;0;0;0;3497;0;0;0;0;0;0;
32515;6248887;589754368;27713536;551624704;0;0;0;0;0;0;0;0;0;0;0;4268;0;0;0;0;0;0;
32516;4746239;589754368;27713536;551624704;0;0;0;0;0;0;0;0;0;0;0;3847;0;0;0;0;0;0;
32517;5160446;589754368;27713536;551624704;0;0;0;0;0;0;0;0;0;0;0;3066;0;0;0;0;0;0;
32518;4797896;589754368;27713536;551624704;0;0;0;0;0;0;0;0;0;0;0;4067;0;0;0;0;0;0;
32519;4972654;589754368;27713536;551624704;0;0;0;0;0;0;0;0;0;0;0;3216;0;0;0;0;0;0;
32520;4140624;589754368;27713536;551624704;0;0;0;0;0;0;0;0;0;0;0;3667;0;0;0;0;0;0;
32521;5084133;589754368;27713536;551624704;0;0;0;0;0;0;0;0;0;0;0;2896;0;0;0;0;0;0;
32522;5299577;589754368;27713536;551624704;0;0;0;0;0;0;0;0;0;0;0;3387;0;0;0;0;0;0;
32523;5315818;589754368;27713536;551624704;0;0;0;0;0;0;0;0;0;0;0;3457;0;0;0;0;0;0;
32524;4541074;589754368;27713536;551624704;0;0;0;0;0;0;0;0;0;0;0;4197;0;0;0;0;0;0;
32525;5574552;589754368;27713536;551624704;0;0;0;0;0;0;0;0;0;0;0;3797;0;0;0;0;0;0;
32526;4853941;589754368;27713536;551624704;0;0;0;0;0;0;0;0;0;0;0;5019;0;0;0;0;0;0;
32527;4863629;589754368;27713536;551624704;0;0;0;0;0;0;0;0;0;0;0;3667;0;0;0;0;0;0;
32528;4393348;589754368;27713536;551624704;0;0;0;0;0;0;0;0;0;0;0;3276;0;0;0;0;0;0;
32529;5347136;589754368;27713536;551624704;0;0;0;0;0;0;0;0;0;0;0;3556;0;0;0;0;0;0;
32530;4567384;589754368;27713536;551624704;0;0;0;0;0;0;0;0;0;0;0;3426;0;0;0;0;0;0;
32531;5485365;589754368;27713536;551624704;0;0;0;0;0;0;0;0;0;0;0;3968;0;0;0;0;0;0;
32532;4205766;589754368;27713536;551624704;0;0;0;0;0;0;0;0;0;0;0;5350;0;0;0;0;0;0;
32533;5168140;589754368;27713536;551624704;0;0;0;0;0;0;0;0;0;0;0;3777;0;0;0;0;0;0;
32534;3813179;589754368;27713536;551624704;0;0;0;0;0;0;0;0;0;0;0;5350;0;0;0;0;0;0;
32535;5143074;589754368;27713536;551624704;0;0;0;0;0;0;0;0;0;0;0;3907;0;0;0;0;0;0;
32536;4115336;589754368;27713536;551624704;0;0;0;0;0;0;0;0;0;0;0;4358;0;0;0;0;0;0;
32537;5228443;589754368;27713536;551624704;0;0;0;0;0;0;0;0;0;0;0;3656;0;0;0;0;0;0;
32538;9877541;589754368;27713536;551624704;0;0;0;0;0;0;0;0;0;0;0;3036;0;0;0;0;0;0;
32539;7878673;589754368;27713536;551624704;0;0;0;0;0;0;0;0;0;0;0;3307;0;0;0;0;0;0;
32540;4419407;589754368;27713536;551624704;0;0;0;0;0;0;0;0;0;0;0;4208;0;0;0;0;0;0;
32541;5730545;589754368;27713536;551624704;0;0;0;0;0;0;0;0;0;0;0;4338;0;0;0;0;0;0;
32542;4855684;589754368;27713536;551624704;0;0;0;0;0;0;0;0;0;0;0;3747;0;0;0;0;0;0;
32543;5631800;589754368;27713536;551624704;0;0;0;0;0;0;0;0;0;0;0;4799;0;0;0;0;0;0;
32544;4039955;589754368;27713536;551624704;0;0;0;0;0;0;0;0;0;0;0;4739;0;0;0;0;0;0;
32545;5487379;589754368;27713536;551624704;0;0;0;0;0;0;0;0;0;0;0;6182;0;0;0;0;0;0;
32546;3506906;589754368;27713536;551624704;0;0;0;0;0;0;0;0;0;0;0;4409;0;0;0;0;0;0;
32547;5430241;589754368;27713536;551624704;0;0;0;0;0;0;0;0;0;0;0;3687;0;0;0;0;0;0;
32548;3986425;589754368;27713536;551624704;0;0;0;0;0;0;0;0;0;0;0;5370;0;0;0;0;0;0;
32549;5446072;589754368;27717632;551628800;0;0;0;0;0;0;0;0;0;0;0;4017;0;0;0;0;0;0;
32550;4844313;589754368;27721728;551632896;0;0;0;0;0;0;0;0;0;0;0;6101;0;0;0;0;0;0;
32551;5482540;589754368;27721728;551632896;0;0;0;0;0;0;0;0;0;0;0;4889;0;0;0;0;0;0;
32552;4893215;589754368;27721728;551632896;0;0;0;0;0;0;0;0;0;0;0;7354;0;0;0;0;0;0;
32553;5382893;589754368;27721728;551632896;0;0;0;0;0;0;0;0;0;0;0;6232;0;0;0;0;0;0;
32554;4942076;589754368;27721728;551632896;0;0;0;0;0;0;0;0;0;0;0;4990;0;0;0;0;0;0;
32555;5711259;589754368;27721728;551632896;0;0;0;0;0;0;0;0;0;0;0;5530;0;0;0;0;0;0;
32556;4227397;589762560;27713536;551624704;0;0;0;0;0;0;0;0;0;0;0;5480;0;0;0;0;0;0;
32557;5236379;589762560;27713536;551624704;0;0;0;0;0;0;0;0;0;0;0;5470;0;0;0;0;0;0;
32558;3862292;589762560;27713536;551624704;0;0;0;0;0;0;0;0;0;0;0;5280;0;0;0;0;0;0;
32559;5364369;589762560;27713536;551624704;0;0;0;0;0;0;0;0;0;0;0;5039;0;0;0;0;0;0;
32560;3837906;589762560;27713536;551624704;0;0;0;0;0;0;0;0;0;0;0;5931;0;0;0;0;0;0;
32561;5630337;589762560;27713536;551624704;0;0;0;0;0;0;0;0;0;0;0;5911;0;0;0;0;0;0;
32562;4718587;589762560;27713536;551624704;0;0;0;0;0;0;0;0;0;0;0;3436;0;0;0;0;0;0;
32563;6196959;589762560;27713536;551624704;0;0;0;0;0;0;0;0;0;0;0;6723;0;0;0;0;0;0;
32564;4292509;589762560;27713536;551624704;0;0;0;0;0;0;0;0;0;0;0;4498;0;0;0;0;0;0;
32565;5758688;589762560;27713536;551624704;0;0;0;0;0;0;0;0;0;0;0;6903;0;0;0;0;0;0;
32566;4940524;589762560;27713536;551624704;0;0;0;0;0;0;0;0;0;0;0;5730;0;0;0;0;0;0;
32567;6746099;589762560;27713536;551624704;0;0;0;0;0;0;0;0;0;0;0;5290;0;0;0;0;0;0;
32568;5903810;589762560;27713536;551624704;0;0;0;0;0;0;0;0;0;0;0;4298;0;0;0;0;0;0;
32569;6135785;589762560;27713536;551624704;0;0;0;0;0;0;0;0;0;0;0;4418;0;0;0;0;0;0;
32570;4043843;589762560;27713536;551624704;0;0;0;0;0;0;0;0;0;0;0;4178;0;0;0;0;0;0;
32571;5996053;589762560;27713536;551624704;0;0;0;0;0;0;0;0;0;0;0;5680;0;0;0;0;0;0;
32572;3774447;589762560;27713536;551624704;0;0;0;0;0;0;0;0;0;0;0;4859;0;0;0;0;0;0;
32573;5272967;589762560;27713536;551624704;0;0;0;0;0;0;0;0;0;0;0;4218;0;0;0;0;0;0;
32574;5312141;589762560;27713536;551624704;0;0;0;0;0;0;0;0;0;0;0;7043;0;0;0;0;0;0;
32575;6302558;589762560;27713536;551624704;0;0;0;0;0;0;0;0;0;0;0;5801;0;0;0;0;0;0;
32576;4817343;589762560;27713536;551624704;0;0;0;0;0;0;0;0;0;0;0;4178;0;0;0;0;0;0;
32577;6067597;589762560;27713536;551624704;0;0;0;0;0;0;0;0;0;0;0;4739;0;0;0;0;0;0;
32578;4740959;589762560;27713536;551624704;0;0;0;0;0;0;0;0;0;0;0;6663;0;0;0;0;0;0;
32579;5731307;589762560;27713536;551624704;0;0;0;0;0;0;0;0;0;0;0;4568;0;0;0;0;0;0;
32580;5101966;589762560;27713536;551624704;0;0;0;0;0;0;0;0;0;0;0;5270;0;0;0;0;0;0;
32581;5155176;589762560;27713536;551624704;0;0;0;0;0;0;0;0;0;0;0;3948;0;0;0;0;0;0;
32582;4714240;589762560;27713536;551624704;0;0;0;0;0;0;0;0;0;0;0;5190;0;0;0;0;0;0;
32583;5278728;589762560;27713536;551624704;0;0;0;0;0;0;0;0;0;0;0;5120;0;0;0;0;0;0;
32584;4882254;589762560;27713536;551624704;0;0;0;0;0;0;0;0;0;0;0;4809;0;0;0;0;0;0;
32585;5621951;589762560;27713536;551624704;0;0;0;0;0;0;0;0;0;0;0;3807;0;0;0;0;0;0;
32586;5093551;589762560;27713536;551624704;0;0;0;0;0;0;0;0;0;0;0;3967;0;0;0;0;0;0;
32587;5662147;589762560;27713536;551624704;0;0;0;0;0;0;0;0;0;0;0;2776;0;0;0;0;0;0;
32588;4538790;589762560;27713536;551624704;0;0;0;0;0;0;0;0;0;0;0;4058;0;0;0;0;0;0;
32589;5154324;589762560;27713536;551624704;0;0;0;0;0;0;0;0;0;0;0;4088;0;0;0;0;0;0;
32590;5312852;589762560;27713536;551624704;0;0;0;0;0;0;0;0;0;0;0;4107;0;0;0;0;0;0;
32591;6825969;595570688;42528768;566439936;0;0;0;0;0;0;0;0;0;0;0;4168;0;0;0;0;0;0;
32592;4758422;595570688;42528768;566439936;0;0;0;0;0;0;0;0;0;0;0;4729;0;0;0;0;0;0;
32593;5645796;601862144;42528768;566439936;0;0;0;0;0;0;0;0;0;0;0;3908;0;0;0;0;0;0;
32594;5336386;601862144;42528768;566439936;0;0;0;0;0;0;0;0;0;0;0;4729;0;0;0;0;0;0;
32595;5288206;601862144;42528768;566439936;0;0;0;0;0;0;0;0;0;0;0;3386;0;0;0;0;0;0;
32596;4624411;601862144;42528768;566439936;0;0;0;0;0;0;0;0;0;0;0;3647;0;0;0;0;0;0;
32597;4899526;601862144;42528768;566439936;0;0;0;0;0;0;0;0;0;0;0;3166;0;0;0;0;0;0;
32598;5199029;601862144;42528768;566439936;0;0;0;0;0;0;0;0;0;0;0;5220;0;0;0;0;0;0;
32599;5427096;601862144;42528768;566439936;0;0;0;0;0;0;0;0;0;0;0;3757;0;0;0;0;0;0;
32600;5464436;601862144;42528768;566439936;0;0;0;0;0;0;0;0;0;0;0;4488;0;0;0;0;0;0;
32601;5490154;601862144;42528768;566439936;0;0;0;0;0;0;0;0;0;0;0;3356;0;0;0;0;0;0;
32602;5323471;589770752;27713536;551624704;0;0;0;0;0;0;0;0;0;0;0;3857;0;0;0;0;0;0;
32603;5922645;589770752;27713536;551624704;0;0;0;0;0;0;0;0;0;0;0;3035;0;0;0;0;0;0;
32604;5045831;589770752;27713536;551624704;0;0;0;0;0;0;0;0;0;0;0;5310;0;0;0;0;0;0;
32605;5428439;589770752;27713536;551624704;0;0;0;0;0;0;0;0;0;0;0;3517;0;0;0;0;0;0;
32606;5447224;589770752;27713536;551624704;0;0;0;0;0;0;0;0;0;0;0;3347;0;0;0;0;0;0;
32607;6098606;589770752;27713536;551624704;0;0;0;0;0;0;0;0;0;0;0;6171;0;0;0;0;0;0;
32608;3648652;589770752;27713536;551624704;0;0;0;0;0;0;0;0;0;0;0;5631;0;0;0;0;0;0;
32609;5129157;589770752;27713536;551624704;0;0;0;0;0;0;0;0;0;0;0;4188;0;0;0;0;0;0;
32610;4076063;589770752;27713536;551624704;0;0;0;0;0;0;0;0;0;0;0;7274;0;0;0;0;0;0;
32611;5132634;589770752;27713536;551624704;0;0;0;0;0;0;0;0;0;0;0;3566;0;0;0;0;0;0;
32612;4471234;589770752;27713536;551624704;0;0;0;0;0;0;0;0;0;0;0;4388;0;0;0;0;0;0;
32613;5957861;589770752;27713536;551624704;0;0;0;0;0;0;0;0;0;0;0;5731;0;0;0;0;0;0;
32614;5077941;589770752;27713536;551624704;0;0;0;0;0;0;0;0;0;0;0;5591;0;0;0;0;0;0;
32615;7094092;595578880;42528768;566439936;0;0;0;0;0;0;0;0;0;0;0;5240;0;0;0;0;0;0;
32616;4172193;595578880;42528768;566439936;0;0;0;0;0;0;0;0;0;0;0;4839;0;0;0;0;0;0;
32617;6355657;601870336;42528768;566439936;0;0;0;0;0;0;0;0;0;0;0;5600;0;0;0;0;0;0;
32618;4261120;601870336;42528768;566439936;0;0;0;0;0;0;0;0;0;0;0;6402;0;0;0;0;0;0;
32619;6251272;601870336;42528768;566439936;0;0;0;0;0;0;0;0;0;0;0;5089;0;0;0;0;0;0;
32620;4292158;601870336;42528768;566439936;0;0;0;0;0;0;0;0;0;0;0;4298;0;0;0;0;0;0;
32621;5931912;601870336;42528768;566439936;0;0;0;0;0;0;0;0;0;0;0;5912;0;0;0;0;0;0;
32622;4955522;601870336;42528768;566439936;0;0;0;0;0;0;0;0;0;0;0;6242;0;0;0;0;0;0;
32623;5928436;601870336;42528768;566439936;0;0;0;0;0;0;0;0;0;0;0;5000;0;0;0;0;0;0;
32624;5432917;601870336;42528768;566439936;0;0;0;0;0;0;0;0;0;0;0;3767;0;0;0;0;0;0;
32625;5318763;601870336;42528768;566439936;0;0;0;0;0;0;0;0;0;0;0;4528;0;0;0;0;0;0;
32626;5894593;589774848;27713536;551624704;0;0;0;0;0;0;0;0;0;0;0;3467;0;0;0;0;0;0;
32627;5868153;589774848;27713536;551624704;0;0;0;0;0;0;0;0;0;0;0;3837;0;0;0;0;0;0;
32628;4772008;589774848;27713536;551624704;0;0;0;0;0;0;0;0;0;0;0;3867;0;0;0;0;0;0;
32629;5264561;589774848;27713536;551624704;0;0;0;0;0;0;0;0;0;0;0;2735;0;0;0;0;0;0;
32630;4988614;589774848;27713536;551624704;0;0;0;0;0;0;0;0;0;0;0;5350;0;0;0;0;0;0;
32631;5536140;589774848;27713536;551624704;0;0;0;0;0;0;0;0;0;0;0;6282;0;0;0;0;0;0;
32632;4397816;589774848;27713536;551624704;0;0;0;0;0;0;0;0;0;0;0;4359;0;0;0;0;0;0;
32633;6058680;589774848;27713536;551624704;0;0;0;0;0;0;0;0;0;0;0;5160;0;0;0;0;0;0;
32634;3880586;589774848;27713536;551624704;0;0;0;0;0;0;0;0;0;0;0;5179;0;0;0;0;0;0;
32635;5657247;589774848;27713536;551624704;0;0;0;0;0;0;0;0;0;0;0;6372;0;0;0;0;0;0;
32636;4110949;589774848;27713536;551624704;0;0;0;0;0;0;0;0;0;0;0;5540;0;0;0;0;0;0;
32637;6086212;589774848;27713536;551624704;0;0;0;0;0;0;0;0;0;0;0;4188;0;0;0;0;0;0;
32638;5122746;589774848;27713536;551624704;0;0;0;0;0;0;0;0;0;0;0;4689;0;0;0;0;0;0;
32639;6456266;595582976;42528768;566439936;0;0;0;0;0;0;0;0;0;0;0;4819;0;0;0;0;0;0;
32640;4224652;595582976;42528768;566439936;0;0;0;0;0;0;0;0;0;0;0;5320;0;0;0;0;0;0;
32641;5391389;601874432;42528768;566439936;0;0;0;0;0;0;0;0;0;0;0;3537;0;0;0;0;0;0;
32642;4404789;601874432;42528768;566439936;0;0;0;0;0;0;0;0;0;0;0;5831;0;0;0;0;0;0;
32643;5184210;601874432;42528768;566439936;0;0;0;0;0;0;0;0;0;0;0;4719;0;0;0;0;0;0;
32644;4240982;601874432;42528768;566439936;0;0;0;0;0;0;0;0;0;0;0;4318;0;0;0;0;0;0;
32645;5726067;601874432;42532864;566444032;0;0;0;0;0;0;0;0;0;0;0;4429;0;0;0;0;0;0;
32646;4653676;601874432;42536960;566448128;0;0;0;0;0;0;0;0;0;0;0;5701;0;0;0;0;0;0;
32647;5821947;601874432;42536960;566448128;0;0;0;0;0;0;0;0;0;0;0;4759;0;0;0;0;0;0;
32648;4355316;601874432;42536960;566448128;0;0;0;0;0;0;0;0;0;0;0;6141;0;0;0;0;0;0;
32649;5266394;601874432;42536960;566448128;0;0;0;0;0;0;0;0;0;0;0;3457;0;0;0;0;0;0;
32650;5104711;589787136;27721728;551632896;0;0;0;0;0;0;0;0;0;0;0;3526;0;0;0;0;0;0;
32651;5266996;589787136;27721728;551632896;0;0;0;0;0;0;0;0;0;0;0;2795;0;0;0;0;0;0;
32652;5494723;589778944;27713536;551624704;0;0;0;0;0;0;0;0;0;0;0;4609;0;0;0;0;0;0;
32653;5986034;589778944;27713536;551624704;0;0;0;0;0;0;0;0;0;0;0;3988;0;0;0;0;0;0;
32654;4371046;589778944;27713536;551624704;0;0;0;0;0;0;0;0;0;0;0;4238;0;0;0;0;0;0;
32655;5663499;589778944;27713536;551624704;0;0;0;0;0;0;0;0;0;0;0;3798;0;0;0;0;0;0;
32656;4604234;589778944;27713536;551624704;0;0;0;0;0;0;0;0;0;0;0;3727;0;0;0;0;0;0;
32657;5569142;589778944;27713536;551624704;0;0;0;0;0;0;0;0;0;0;0;4829;0;0;0;0;0;0;
32658;4112060;589778944;27713536;551624704;0;0;0;0;0;0;0;0;0;0;0;4769;0;0;0;0;0;0;
32659;6127409;589778944;27713536;551624704;0;0;0;0;0;0;0;0;0;0;0;3527;0;0;0;0;0;0;
32660;4820298;589778944;27713536;551624704;0;0;0;0;0;0;0;0;0;0;0;3958;0;0;0;0;0;0;
32661;5485015;589778944;27713536;551624704;0;0;0;0;0;0;0;0;0;0;0;4308;0;0;0;0;0;0;
32662;4735739;589778944;27713536;551624704;0;0;0;0;0;0;0;0;0;0;0;3737;0;0;0;0;0;0;
32663;5368957;589778944;27713536;551624704;0;0;0;0;0;0;0;0;0;0;0;4398;0;0;0;0;0;0;
32664;5113688;589778944;27713536;551624704;0;0;0;0;0;0;0;0;0;0;0;4068;0;0;0;0;0;0;
32665;5624587;589778944;27713536;551624704;0;0;0;0;0;0;0;0;0;0;0;4268;0;0;0;0;0;0;
32666;4750247;589778944;27713536;551624704;0;0;0;0;0;0;0;0;0;0;0;3938;0;0;0;0;0;0;
32667;5352416;589778944;27713536;551624704;0;0;0;0;0;0;0;0;0;0;0;3186;0;0;0;0;0;0;
32668;5521924;589778944;27713536;551624704;0;0;0;0;0;0;0;0;0;0;0;3948;0;0;0;0;0;0;
32669;6249999;589778944;27713536;551624704;0;0;0;0;0;0;0;0;0;0;0;4889;0;0;0;0;0;0;
32670;4550783;589778944;27713536;551624704;0;0;0;0;0;0;0;0;0;0;0;4318;0;0;0;0;0;0;
32671;6518823;589778944;27713536;551624704;0;0;0;0;0;0;0;0;0;0;0;4228;0;0;0;0;0;0;
32672;4641032;589778944;27713536;551624704;0;0;0;0;0;0;0;0;0;0;0;6201;0;0;0;0;0;0;
32673;5676303;589778944;27713536;551624704;0;0;0;0;0;0;0;0;0;0;0;4418;0;0;0;0;0;0;
32674;4581721;589778944;27713536;551624704;0;0;0;0;0;0;0;0;0;0;0;8506;0;0;0;0;0;0;
32675;5508118;589778944;27713536;551624704;0;0;0;0;0;0;0;0;0;0;0;7644;0;0;0;0;0;0;
32676;4909876;589778944;27713536;551624704;0;0;0;0;0;0;0;0;0;0;0;3376;0;0;0;0;0;0;
32677;6083206;589778944;27713536;551624704;0;0;0;0;0;0;0;0;0;0;0;5009;0;0;0;0;0;0;
32678;4830337;589778944;27713536;551624704;0;0;0;0;0;0;0;0;0;0;0;8226;0;0;0;0;0;0;
32679;5521313;589778944;27713536;551624704;0;0;0;0;0;0;0;0;0;0;0;3356;0;0;0;0;0;0;
32680;4312547;589778944;27713536;551624704;0;0;0;0;0;0;0;0;0;0;0;5410;0;0;0;0;0;0;
32681;5506996;589778944;27713536;551624704;0;0;0;0;0;0;0;0;0;0;0;4158;0;0;0;0;0;0;
32682;4969528;589778944;27713536;551624704;0;0;0;0;0;0;0;0;0;0;0;3697;0;0;0;0;0;0;
32683;5661746;589778944;27713536;551624704;0;0;0;0;0;0;0;0;0;0;0;4218;0;0;0;0;0;0;
32684;3688406;589778944;27713536;551624704;0;0;0;0;0;0;0;0;0;0;0;4629;0;0;0;0;0;0;
32685;5929238;589778944;27713536;551624704;0;0;0;0;0;0;0;0;0;0;0;5420;0;0;0;0;0;0;
32686;4037020;589778944;27713536;551624704;0;0;0;0;0;0;0;0;0;0;0;3997;0;0;0;0;0;0;
32687;6109326;589778944;27713536;551624704;0;0;0;0;0;0;0;0;0;0;0;4107;0;0;0;0;0;0;
32688;4012935;589778944;27713536;551624704;0;0;0;0;0;0;0;0;0;0;0;5891;0;0;0;0;0;0;
32689;5934427;589778944;27713536;551624704;0;0;0;0;0;0;0;0;0;0;0;5190;0;0;0;0;0;0;
32690;3886697;589778944;27713536;551624704;0;0;0;0;0;0;0;0;0;0;0;5420;0;0;0;0;0;0;
32691;5287885;589778944;27713536;551624704;0;0;0;0;0;0;0;0;0;0;0;3967;0;0;0;0;0;0;
32692;4964269;589778944;27713536;551624704;0;0;0;0;0;0;0;0;0;0;0;3827;0;0;0;0;0;0;
32693;5611011;589778944;27713536;551624704;0;0;0;0;0;0;0;0;0;0;0;4589;0;0;0;0;0;0;
32694;4600817;589778944;27713536;551624704;0;0;0;0;0;0;0;0;0;0;0;5039;0;0;0;0;0;0;
32695;5045110;589778944;27713536;551624704;0;0;0;0;0;0;0;0;0;0;0;2444;0;0;0;0;0;0;
32696;4259277;589778944;27713536;551624704;0;0;0;0;0;0;0;0;0;0;0;4108;0;0;0;0;0;0;
32697;4958116;589778944;27713536;551624704;0;0;0;0;0;0;0;0;0;0;0;3607;0;0;0;0;0;0;
32698;4913574;589778944;27713536;551624704;0;0;0;0;0;0;0;0;0;0;0;3637;0;0;0;0;0;0;
32699;5062863;589778944;27713536;551624704;0;0;0;0;0;0;0;0;0;0;0;3126;0;0;0;0;0;0;
32700;4556494;589778944;27713536;551624704;0;0;0;0;0;0;0;0;0;0;0;4368;0;0;0;0;0;0;
32701;4644358;589778944;27713536;551624704;0;0;0;0;0;0;0;0;0;0;0;2735;0;0;0;0;0;0;
32702;3947622;589778944;27713536;551624704;0;0;0;0;0;0;0;0;0;0;0;4298;0;0;0;0;0;0;
32703;4625734;589778944;27713536;551624704;0;0;0;0;0;0;0;0;0;0;0;2685;0;0;0;0;0;0;
32704;3847604;589778944;27713536;551624704;0;0;0;0;0;0;0;0;0;0;0;4879;0;0;0;0;0;0;
32705;5103749;589778944;27713536;551624704;0;0;0;0;0;0;0;0;0;0;0;3407;0;0;0;0;0;0;
32706;3812338;589778944;27713536;551624704;0;0;0;0;0;0;0;0;0;0;0;4920;0;0;0;0;0;0;
32707;4868408;589778944;27713536;551624704;0;0;0;0;0;0;0;0;0;0;0;4118;0;0;0;0;0;0;
32708;3626329;589778944;27713536;551624704;0;0;0;0;0;0;0;0;0;0;0;3717;0;0;0;0;0;0;
32709;5072210;589778944;27713536;551624704;0;0;0;0;0;0;0;0;0;0;0;4669;0;0;0;0;0;0;
32710;3245195;589778944;27713536;551624704;0;0;0;0;0;0;0;0;0;0;0;5169;0;0;0;0;0;0;
32711;4974758;589778944;27713536;551624704;0;0;0;0;0;0;0;0;0;0;0;3236;0;0;0;0;0;0;
32712;3365560;589778944;27713536;551624704;0;0;0;0;0;0;0;0;0;0;0;4679;0;0;0;0;0;0;
32713;4799269;589778944;27713536;551624704;0;0;0;0;0;0;0;0;0;0;0;3507;0;0;0;0;0;0;
32714;4035848;589778944;27713536;551624704;0;0;0;0;0;0;0;0;0;0;0;5490;0;0;0;0;0;0;
32715;5690139;589778944;27713536;551624704;0;0;0;0;0;0;0;0;0;0;0;4318;0;0;0;0;0;0;
32716;3450941;589778944;27713536;551624704;0;0;0;0;0;0;0;0;0;0;0;3666;0;0;0;0;0;0;
32717;5221490;589778944;27713536;551624704;0;0;0;0;0;0;0;0;0;0;0;5150;0;0;0;0;0;0;
32718;3842415;589778944;27713536;551624704;0;0;0;0;0;0;0;0;0;0;0;5340;0;0;0;0;0;0;
32719;4974748;589778944;27713536;551624704;0;0;0;0;0;0;0;0;0;0;0;3316;0;0;0;0;0;0;
32720;4073769;589778944;27713536;551624704;0;0;0;0;0;0;0;0;0;0;0;5029;0;0;0;0;0;0;
32721;5388243;589778944;27713536;551624704;0;0;0;0;0;0;0;0;0;0;0;4077;0;0;0;0;0;0;
32722;4784982;589778944;27713536;551624704;0;0;0;0;0;0;0;0;0;0;0;3988;0;0;0;0;0;0;
32723;5333030;589778944;27713536;551624704;0;0;0;0;0;0;0;0;0;0;0;4468;0;0;0;0;0;0;
32724;3787893;589778944;27713536;551624704;0;0;0;0;0;0;0;0;0;0;0;3988;0;0;0;0;0;0;
32725;5222783;589778944;27713536;551624704;0;0;0;0;0;0;0;0;0;0;0;3787;0;0;0;0;0;0;
32726;4135314;589778944;27713536;551624704;0;0;0;0;0;0;0;0;0;0;0;4388;0;0;0;0;0;0;
32727;5273548;589778944;27713536;551624704;0;0;0;0;0;0;0;0;0;0;0;3637;0;0;0;0;0;0;
32728;4073829;589778944;27713536;551624704;0;0;0;0;0;0;0;0;0;0;0;4428;0;0;0;0;0;0;
32729;5048517;589778944;27713536;551624704;0;0;0;0;0;0;0;0;0;0;0;3757;0;0;0;0;0;0;
32730;3703414;589778944;27713536;551624704;0;0;0;0;0;0;0;0;0;0;0;5350;0;0;0;0;0;0;
32731;4810951;589778944;27713536;551624704;0;0;0;0;0;0;0;0;0;0;0;3116;0;0;0;0;0;0;
32732;3802039;589778944;27713536;551624704;0;0;0;0;0;0;0;0;0;0;0;4138;0;0;0;0;0;0;
32733;8992572;589778944;27713536;551624704;0;0;0;0;0;0;0;0;0;0;0;4268;0;0;0;0;0;0;
32734;9471780;589778944;27713536;551624704;0;0;0;0;0;0;0;0;0;0;0;4749;0;0;0;0;0;0;
32735;5188479;589778944;27713536;551624704;0;0;0;0;0;0;0;0;0;0;0;4068;0;0;0;0;0;0;
32736;4074580;589778944;27713536;551624704;0;0;0;0;0;0;0;0;0;0;0;5400;0;0;0;0;0;0;
32737;5912566;589778944;27713536;551624704;0;0;0;0;0;0;0;0;0;0;0;3857;0;0;0;0;0;0;
32738;3610771;589778944;27713536;551624704;0;0;0;0;0;0;0;0;0;0;0;4108;0;0;0;0;0;0;
32739;6591018;595587072;42528768;566439936;0;0;0;0;0;0;0;0;0;0;0;3767;0;0;0;0;0;0;
32740;4007675;595587072;42528768;566439936;0;0;0;0;0;0;0;0;0;0;0;5149;0;0;0;0;0;0;
32741;5253611;601878528;42528768;566439936;0;0;0;0;0;0;0;0;0;0;0;3867;0;0;0;0;0;0;
32742;3493069;601878528;42528768;566439936;0;0;0;0;0;0;0;0;0;0;0;4748;0;0;0;0;0;0;
32743;4781215;601878528;42528768;566439936;0;0;0;0;0;0;0;0;0;0;0;2525;0;0;0;0;0;0;
32744;3391890;601878528;42528768;566439936;0;0;0;0;0;0;0;0;0;0;0;4529;0;0;0;0;0;0;
32745;4945633;601878528;42528768;566439936;0;0;0;0;0;0;0;0;0;0;0;3336;0;0;0;0;0;0;
32746;3619236;601878528;42528768;566439936;0;0;0;0;0;0;0;0;0;0;0;3857;0;0;0;0;0;0;
32747;5434750;601878528;42528768;566439936;0;0;0;0;0;0;0;0;0;0;0;4729;0;0;0;0;0;0;
32748;4072095;601878528;42528768;566439936;0;0;0;0;0;0;0;0;0;0;0;4628;0;0;0;0;0;0;
32749;5830733;601878528;42528768;566439936;0;0;0;0;0;0;0;0;0;0;0;4969;0;0;0;0;0;0;
32750;4512692;589795328;27713536;551624704;0;0;0;0;0;0;0;0;0;0;0;5340;0;0;0;0;0;0;
32751;5329864;589795328;27713536;551624704;0;0;0;0;0;0;0;0;0;0;0;3166;0;0;0;0;0;0;
32752;3357466;589795328;27713536;551624704;0;0;0;0;0;0;0;0;0;0;0;5320;0;0;0;0;0;0;
32753;5198297;589795328;27713536;551624704;0;0;0;0;0;0;0;0;0;0;0;5240;0;0;0;0;0;0;
32754;3263890;589795328;27713536;551624704;0;0;0;0;0;0;0;0;0;0;0;5220;0;0;0;0;0;0;
32755;5068543;589795328;27713536;551624704;0;0;0;0;0;0;0;0;0;0;0;3106;0;0;0;0;0;0;
32756;4517871;589795328;27713536;551624704;0;0;0;0;0;0;0;0;0;0;0;4970;0;0;0;0;0;0;
32757;6366638;589795328;27713536;551624704;0;0;0;0;0;0;0;0;0;0;0;4369;0;0;0;0;0;0;
32758;4190047;589795328;27713536;551624704;0;0;0;0;0;0;0;0;0;0;0;4018;0;0;0;0;0;0;
32759;5098200;589795328;27713536;551624704;0;0;0;0;0;0;0;0;0;0;0;3827;0;0;0;0;0;0;
32760;3947261;589795328;27713536;551624704;0;0;0;0;0;0;0;0;0;0;0;4799;0;0;0;0;0;0;
32761;5683818;589795328;27713536;551624704;0;0;0;0;0;0;0;0;0;0;0;4679;0;0;0;0;0;0;
32762;4224993;589795328;27713536;551624704;0;0;0;0;0;0;0;0;0;0;0;4729;0;0;0;0;0;0;
32763;6148398;595603456;42528768;566439936;0;0;0;0;0;0;0;0;0;0;0;3346;0;0;0;0;0;0;
32764;4227137;595603456;42528768;566439936;0;0;0;0;0;0;0;0;0;0;0;4889;0;0;0;0;0;0;
32765;5708353;601894912;42528768;566439936;0;0;0;0;0;0;0;0;0;0;0;4468;0;0;0;0;0;0;
32766;3916624;601894912;42528768;566439936;0;0;0;0;0;0;0;0;0;0;0;5921;0;0;0;0;0;0;
32767;5069616;601894912;42528768;566439936;0;0;0;0;0;0;0;0;0;0;0;3777;0;0;0;0;0;0;
32768;3808731;601894912;42528768;566439936;0;0;0;0;0;0;0;0;0;0;0;4448;0;0;0;0;0;0;
32769;5107667;601894912;42528768;566439936;0;0;0;0;0;0;0;0;0;0;0;3788;0;0;0;0;0;0;
32770;3730014;601894912;42528768;566439936;0;0;0;0;0;0;0;0;0;0;0;7044;0;0;0;0;0;0;
32771;5556799;601894912;42528768;566439936;0;0;0;0;0;0;0;0;0;0;0;4228;0;0;0;0;0;0;
32772;3996995;601894912;42528768;566439936;0;0;0;0;0;0;0;0;0;0;0;4548;0;0;0;0;0;0;
32773;5662257;601894912;42528768;566439936;0;0;0;0;0;0;0;0;0;0;0;5229;0;0;0;0;0;0;
32774;5160286;589799424;27713536;551624704;0;0;0;0;0;0;0;0;0;0;0;5590;0;0;0;0;0;0;
32775;5207645;589799424;27713536;551624704;0;0;0;0;0;0;0;0;0;0;0;4218;0;0;0;0;0;0;
32776;4247124;589799424;27713536;551624704;0;0;0;0;0;0;0;0;0;0;0;5159;0;0;0;0;0;0;
32777;5163341;589799424;27713536;551624704;0;0;0;0;0;0;0;0;0;0;0;3367;0;0;0;0;0;0;
32778;4380033;589799424;27713536;551624704;0;0;0;0;0;0;0;0;0;0;0;4609;0;0;0;0;0;0;
32779;5333912;589799424;27713536;551624704;0;0;0;0;0;0;0;0;0;0;0;3176;0;0;0;0;0;0;
32780;4622498;589799424;27713536;551624704;0;0;0;0;0;0;0;0;0;0;0;4599;0;0;0;0;0;0;
32781;5647138;589799424;27713536;551624704;0;0;0;0;0;0;0;0;0;0;0;3065;0;0;0;0;0;0;
32782;3493911;589799424;27713536;551624704;0;0;0;0;0;0;0;0;0;0;0;4678;0;0;0;0;0;0;
32783;4863700;589799424;27713536;551624704;0;0;0;0;0;0;0;0;0;0;0;4178;0;0;0;0;0;0;
32784;3332218;589799424;27713536;551624704;0;0;0;0;0;0;0;0;0;0;0;5169;0;0;0;0;0;0;
32785;5318863;589799424;27713536;551624704;0;0;0;0;0;0;0;0;0;0;0;6041;0;0;0;0;0;0;
32786;3542663;589799424;27713536;551624704;0;0;0;0;0;0;0;0;0;0;0;4359;0;0;0;0;0;0;
32787;6420619;595607552;42528768;566439936;0;0;0;0;0;0;0;0;0;0;0;4108;0;0;0;0;0;0;
32788;3699787;595607552;42528768;566439936;0;0;0;0;0;0;0;0;0;0;0;4849;0;0;0;0;0;0;
32789;6323527;601899008;42528768;566439936;0;0;0;0;0;0;0;0;0;0;0;5200;0;0;0;0;0;0;
32790;3914761;601899008;42528768;566439936;0;0;0;0;0;0;0;0;0;0;0;3978;0;0;0;0;0;0;
32791;5150628;601899008;42528768;566439936;0;0;0;0;0;0;0;0;0;0;0;3998;0;0;0;0;0;0;
32792;3575434;601899008;42528768;566439936;0;0;0;0;0;0;0;0;0;0;0;4198;0;0;0;0;0;0;
32793;5411757;601899008;42528768;566439936;0;0;0;0;0;0;0;0;0;0;0;4368;0;0;0;0;0;0;
32794;3820965;601899008;42528768;566439936;0;0;0;0;0;0;0;0;0;0;0;4088;0;0;0;0;0;0;
32795;5134668;601899008;42528768;566439936;0;0;0;0;0;0;0;0;0;0;0;4268;0;0;0;0;0;0;
32796;3738540;601899008;42528768;566439936;0;0;0;0;0;0;0;0;0;0;0;4689;0;0;0;0;0;0;
32797;5468934;601899008;42528768;566439936;0;0;0;0;0;0;0;0;0;0;0;4539;0;0;0;0;0;0;
32798;4079910;589803520;27713536;551624704;0;0;0;0;0;0;0;0;0;0;0;4107;0;0;0;0;0;0;
32799;5737658;589803520;27713536;551624704;0;0;0;0;0;0;0;0;0;0;0;4268;0;0;0;0;0;0;
32800;3347637;589803520;27713536;551624704;0;0;0;0;0;0;0;0;0;0;0;4087;0;0;0;0;0;0;
32801;5977949;589803520;27713536;551624704;0;0;0;0;0;0;0;0;0;0;0;5520;0;0;0;0;0;0;
32802;3822337;589803520;27713536;551624704;0;0;0;0;0;0;0;0;0;0;0;6622;0;0;0;0;0;0;
32803;5851672;589803520;27713536;551624704;0;0;0;0;0;0;0;0;0;0;0;4218;0;0;0;0;0;0;
32804;3462723;589803520;27713536;551624704;0;0;0;0;0;0;0;0;0;0;0;4188;0;0;0;0;0;0;
32805;5023108;589803520;27713536;551624704;0;0;0;0;0;0;0;0;0;0;0;3497;0;0;0;0;0;0;
32806;4090179;589803520;27713536;551624704;0;0;0;0;0;0;0;0;0;0;0;4789;0;0;0;0;0;0;
32807;4976321;589803520;27713536;551624704;0;0;0;0;0;0;0;0;0;0;0;3687;0;0;0;0;0;0;
32808;4115317;589803520;27713536;551624704;0;0;0;0;0;0;0;0;0;0;0;4128;0;0;0;0;0;0;
32809;5888721;589803520;27713536;551624704;0;0;0;0;0;0;0;0;0;0;0;5520;0;0;0;0;0;0;
32810;3958262;589803520;27713536;551624704;0;0;0;0;0;0;0;0;0;0;0;4499;0;0;0;0;0;0;
32811;5597886;589803520;27713536;551624704;0;0;0;0;0;0;0;0;0;0;0;5320;0;0;0;0;0;0;
32812;4605275;589803520;27713536;551624704;0;0;0;0;0;0;0;0;0;0;0;6171;0;0;0;0;0;0;
32813;5273848;589803520;27713536;551624704;0;0;0;0;0;0;0;0;0;0;0;3566;0;0;0;0;0;0;
32814;3934727;589803520;27713536;551624704;0;0;0;0;0;0;0;0;0;0;0;5551;0;0;0;0;0;0;
32815;4866806;589803520;27713536;551624704;0;0;0;0;0;0;0;0;0;0;0;3025;0;0;0;0;0;0;
32816;3714415;589803520;27713536;551624704;0;0;0;0;0;0;0;0;0;0;0;4268;0;0;0;0;0;0;
32817;5007890;589803520;27713536;551624704;0;0;0;0;0;0;0;0;0;0;0;3176;0;0;0;0;0;0;
32818;4495009;589803520;27713536;551624704;0;0;0;0;0;0;0;0;0;0;0;4218;0;0;0;0;0;0;
32819;4816491;589803520;27713536;551624704;0;0;0;0;0;0;0;0;0;0;0;2565;0;0;0;0;0;0;
32820;3946550;589803520;27713536;551624704;0;0;0;0;0;0;0;0;0;0;0;3487;0;0;0;0;0;0;
32821;5209237;589803520;27713536;551624704;0;0;0;0;0;0;0;0;0;0;0;3517;0;0;0;0;0;0;
32822;4523782;589803520;27713536;551624704;0;0;0;0;0;0;0;0;0;0;0;3747;0;0;0;0;0;0;
32823;5272706;589803520;27713536;551624704;0;0;0;0;0;0;0;0;0;0;0;2425;0;0;0;0;0;0;
32824;3485054;589803520;27713536;551624704;0;0;0;0;0;0;0;0;0;0;0;4618;0;0;0;0;0;0;
32825;5637220;589803520;27713536;551624704;0;0;0;0;0;0;0;0;0;0;0;5069;0;0;0;0;0;0;
32826;3873533;589803520;27713536;551624704;0;0;0;0;0;0;0;0;0;0;0;3997;0;0;0;0;0;0;
32827;6305393;589803520;27713536;551624704;0;0;0;0;0;0;0;0;0;0;0;4549;0;0;0;0;0;0;
32828;4382808;589803520;27713536;551624704;0;0;0;0;0;0;0;0;0;0;0;5811;0;0;0;0;0;0;
32829;6044554;589803520;27713536;551624704;0;0;0;0;0;0;0;0;0;0;0;4768;0;0;0;0;0;0;
32830;3783975;589803520;27713536;551624704;0;0;0;0;0;0;0;0;0;0;0;4479;0;0;0;0;0;0;
32831;6117982;589803520;27713536;551624704;0;0;0;0;0;0;0;0;0;0;0;4358;0;0;0;0;0;0;
32832;4070482;589803520;27713536;551624704;0;0;0;0;0;0;0;0;0;0;0;5139;0;0;0;0;0;0;
32833;5175905;589803520;27713536;551624704;0;0;0;0;0;0;0;0;0;0;0;3427;0;0;0;0;0;0;
32834;3612904;589803520;27713536;551624704;0;0;0;0;0;0;0;0;0;0;0;4890;0;0;0;0;0;0;
32835;4740639;589803520;27713536;551624704;0;0;0;0;0;0;0;0;0;0;0;2746;0;0;0;0;0;0;
32836;3896115;589803520;27713536;551624704;0;0;0;0;0;0;0;0;0;0;0;3276;0;0;0;0;0;0;
32837;5315627;589803520;27713536;551624704;0;0;0;0;0;0;0;0;0;0;0;3276;0;0;0;0;0;0;
32838;4467908;589803520;27713536;551624704;0;0;0;0;0;0;0;0;0;0;0;3507;0;0;0;0;0;0;
32839;5263599;589803520;27713536;551624704;0;0;0;0;0;0;0;0;0;0;0;2715;0;0;0;0;0;0;
32840;3622853;589803520;27713536;551624704;0;0;0;0;0;0;0;0;0;0;0;3917;0;0;0;0;0;0;
32841;5156158;589803520;27713536;551624704;0;0;0;0;0;0;0;0;0;0;0;3145;0;0;0;0;0;0;
32842;3567990;589803520;27713536;551624704;0;0;0;0;0;0;0;0;0;0;0;4999;0;0;0;0;0;0;
32843;5441493;589803520;27713536;551624704;0;0;0;0;0;0;0;0;0;0;0;5090;0;0;0;0;0;0;
32844;3419071;589803520;27713536;551624704;0;0;0;0;0;0;0;0;0;0;0;3978;0;0;0;0;0;0;
32845;5497247;589803520;27713536;551624704;0;0;0;0;0;0;0;0;0;0;0;4889;0;0;0;0;0;0;
32846;4037330;589803520;27713536;551624704;0;0;0;0;0;0;0;0;0;0;0;3527;0;0;0;0;0;0;
32847;5808101;589803520;27713536;551624704;0;0;0;0;0;0;0;0;0;0;0;4810;0;0;0;0;0;0;
32848;4436488;589803520;27713536;551624704;0;0;0;0;0;0;0;0;0;0;0;6462;0;0;0;0;0;0;
32849;5609488;589803520;27713536;551624704;0;0;0;0;0;0;0;0;0;0;0;5461;0;0;0;0;0;0;
32850;4260859;589803520;27713536;551624704;0;0;0;0;0;0;0;0;0;0;0;4729;0;0;0;0;0;0;
32851;6290685;589803520;27713536;551624704;0;0;0;0;0;0;0;0;0;0;0;5440;0;0;0;0;0;0;
32852;4326863;589803520;27713536;551624704;0;0;0;0;0;0;0;0;0;0;0;4398;0;0;0;0;0;0;
32853;6727093;589803520;27713536;551624704;0;0;0;0;0;0;0;0;0;0;0;4288;0;0;0;0;0;0;
32854;4252293;589803520;27713536;551624704;0;0;0;0;0;0;0;0;0;0;0;5260;0;0;0;0;0;0;
32855;5883021;589803520;27713536;551624704;0;0;0;0;0;0;0;0;0;0;0;5240;0;0;0;0;0;0;
32856;3696281;589803520;27713536;551624704;0;0;0;0;0;0;0;0;0;0;0;4318;0;0;0;0;0;0;
32857;6132799;589803520;27713536;551624704;0;0;0;0;0;0;0;0;0;0;0;6372;0;0;0;0;0;0;
32858;4902042;589803520;27713536;551624704;0;0;0;0;0;0;0;0;0;0;0;4549;0;0;0;0;0;0;
32859;6203552;589803520;27713536;551624704;0;0;0;0;0;0;0;0;0;0;0;4258;0;0;0;0;0;0;
32860;4089438;589803520;27713536;551624704;0;0;0;0;0;0;0;0;0;0;0;5370;0;0;0;0;0;0;
32861;6116449;589803520;27713536;551624704;0;0;0;0;0;0;0;0;0;0;0;6031;0;0;0;0;0;0;
32862;4829365;589803520;27713536;551624704;0;0;0;0;0;0;0;0;0;0;0;5450;0;0;0;0;0;0;
32863;6094959;589803520;27713536;551624704;0;0;0;0;0;0;0;0;0;0;0;4558;0;0;0;0;0;0;
32864;4803096;589803520;27713536;551624704;0;0;0;0;0;0;0;0;0;0;0;6522;0;0;0;0;0;0;
32865;5782262;589803520;27713536;551624704;0;0;0;0;0;0;0;0;0;0;0;5450;0;0;0;0;0;0;
32866;4417793;589803520;27713536;551624704;0;0;0;0;0;0;0;0;0;0;0;8697;0;0;0;0;0;0;
32867;5505473;589803520;27713536;551624704;0;0;0;0;0;0;0;0;0;0;0;4308;0;0;0;0;0;0;
32868;4717055;589803520;27713536;551624704;0;0;0;0;0;0;0;0;0;0;0;5461;0;0;0;0;0;0;
32869;6566633;589803520;27713536;551624704;0;0;0;0;0;0;0;0;0;0;0;6081;0;0;0;0;0;0;
32870;4198923;589803520;27713536;551624704;0;0;0;0;0;0;0;0;0;0;0;12403;0;0;0;0;0;0;
32871;5786170;589803520;27713536;551624704;0;0;0;0;0;0;0;0;0;0;0;5180;0;0;0;0;0;0;
32872;5511584;589803520;27713536;551624704;0;0;0;0;0;0;0;0;0;0;0;4849;0;0;0;0;0;0;
32873;6826711;589803520;27713536;551624704;0;0;0;0;0;0;0;0;0;0;0;3767;0;0;0;0;0;0;
32874;5026645;589803520;27713536;551624704;0;0;0;0;0;0;0;0;0;0;0;4258;0;0;0;0;0;0;
32875;6023575;589803520;27713536;551624704;0;0;0;0;0;0;0;0;0;0;0;3506;0;0;0;0;0;0;
32876;5286503;589803520;27713536;551624704;0;0;0;0;0;0;0;0;0;0;0;6332;0;0;0;0;0;0;
32877;5297664;589803520;27713536;551624704;0;0;0;0;0;0;0;0;0;0;0;4518;0;0;0;0;0;0;
32878;4520045;589803520;27713536;551624704;0;0;0;0;0;0;0;0;0;0;0;5621;0;0;0;0;0;0;
32879;5689939;589803520;27713536;551624704;0;0;0;0;0;0;0;0;0;0;0;3486;0;0;0;0;0;0;
32880;5194120;589803520;27713536;551624704;0;0;0;0;0;0;0;0;0;0;0;3687;0;0;0;0;0;0;
32881;5477390;589803520;27713536;551624704;0;0;0;0;0;0;0;0;0;0;0;4659;0;0;0;0;0;0;
32882;4221605;589803520;27713536;551624704;0;0;0;0;0;0;0;0;0;0;0;4829;0;0;0;0;0;0;
32883;6828424;589803520;27713536;551624704;0;0;0;0;0;0;0;0;0;0;0;4809;0;0;0;0;0;0;
32884;4913333;589803520;27713536;551624704;0;0;0;0;0;0;0;0;0;0;0;5450;0;0;0;0;0;0;
32885;5322881;589803520;27713536;551624704;0;0;0;0;0;0;0;0;0;0;0;4759;0;0;0;0;0;0;
32886;4589876;589803520;27713536;551624704;0;0;0;0;0;0;0;0;0;0;0;4799;0;0;0;0;0;0;
32887;6833854;595611648;42528768;566439936;0;0;0;0;0;0;0;0;0;0;0;4588;0;0;0;0;0;0;
32888;5151800;595611648;42528768;566439936;0;0;0;0;0;0;0;0;0;0;0;4067;0;0;0;0;0;0;
32889;6391484;601903104;42528768;566439936;0;0;0;0;0;0;0;0;0;0;0;4819;0;0;0;0;0;0;
32890;3731688;601903104;42528768;566439936;0;0;0;0;0;0;0;0;0;0;0;5250;0;0;0;0;0;0;
32891;5752566;601903104;42528768;566439936;0;0;0;0;0;0;0;0;0;0;0;5700;0;0;0;0;0;0;
32892;4280446;601903104;42528768;566439936;0;0;0;0;0;0;0;0;0;0;0;5680;0;0;0;0;0;0;
32893;6978575;601903104;42528768;566439936;0;0;0;0;0;0;0;0;0;0;0;5450;0;0;0;0;0;0;
32894;4722586;601903104;42528768;566439936;0;0;0;0;0;0;0;0;0;0;0;5941;0;0;0;0;0;0;
32895;5579161;601903104;42528768;566439936;0;0;0;0;0;0;0;0;0;0;0;4228;0;0;0;0;0;0;
32896;3976456;601903104;42528768;566439936;0;0;0;0;0;0;0;0;0;0;0;4518;0;0;0;0;0;0;
32897;6144721;601903104;42528768;566439936;0;0;0;0;0;0;0;0;0;0;0;5841;0;0;0;0;0;0;
32898;4386125;589819904;27713536;551624704;0;0;0;0;0;0;0;0;0;0;0;4468;0;0;0;0;0;0;
32899;6368662;589819904;27713536;551624704;0;0;0;0;0;0;0;0;0;0;0;4538;0;0;0;0;0;0;
32900;4160852;589819904;27713536;551624704;0;0;0;0;0;0;0;0;0;0;0;6653;0;0;0;0;0;0;
32901;6155782;589819904;27713536;551624704;0;0;0;0;0;0;0;0;0;0;0;4609;0;0;0;0;0;0;
32902;5444539;589819904;27713536;551624704;0;0;0;0;0;0;0;0;0;0;0;4208;0;0;0;0;0;0;
32903;6212068;589819904;27713536;551624704;0;0;0;0;0;0;0;0;0;0;0;4598;0;0;0;0;0;0;
32904;4425558;589819904;27713536;551624704;0;0;0;0;0;0;0;0;0;0;0;4148;0;0;0;0;0;0;
32905;6050996;589819904;27713536;551624704;0;0;0;0;0;0;0;0;0;0;0;4669;0;0;0;0;0;0;
32906;4237756;589819904;27713536;551624704;0;0;0;0;0;0;0;0;0;0;0;3787;0;0;0;0;0;0;
32907;6401453;589819904;27713536;551624704;0;0;0;0;0;0;0;0;0;0;0;5099;0;0;0;0;0;0;
32908;4393197;589819904;27713536;551624704;0;0;0;0;0;0;0;0;0;0;0;3626;0;0;0;0;0;0;
32909;5938695;589819904;27713536;551624704;0;0;0;0;0;0;0;0;0;0;0;4618;0;0;0;0;0;0;
32910;5706159;589819904;27713536;551624704;0;0;0;0;0;0;0;0;0;0;0;4639;0;0;0;0;0;0;
32911;6448090;595628032;42528768;566439936;0;0;0;0;0;0;0;0;0;0;0;3556;0;0;0;0;0;0;
32912;4676178;595628032;42528768;566439936;0;0;0;0;0;0;0;0;0;0;0;5160;0;0;0;0;0;0;
32913;6307186;601919488;42528768;566439936;0;0;0;0;0;0;0;0;0;0;0;4509;0;0;0;0;0;0;
32914;4538039;601919488;42528768;566439936;0;0;0;0;0;0;0;0;0;0;0;6101;0;0;0;0;0;0;
32915;5330675;601919488;42528768;566439936;0;0;0;0;0;0;0;0;0;0;0;4128;0;0;0;0;0;0;
32916;4291877;601919488;42528768;566439936;0;0;0;0;0;0;0;0;0;0;0;6182;0;0;0;0;0;0;
32917;5386059;601919488;42528768;566439936;0;0;0;0;0;0;0;0;0;0;0;4789;0;0;0;0;0;0;
32918;4293441;601919488;42528768;566439936;0;0;0;0;0;0;0;0;0;0;0;8847;0;0;0;0;0;0;
32919;5274210;601919488;42528768;566439936;0;0;0;0;0;0;0;0;0;0;0;3867;0;0;0;0;0;0;
32920;4162234;601919488;42528768;566439936;0;0;0;0;0;0;0;0;0;0;0;6332;0;0;0;0;0;0;
32921;5587247;601919488;42528768;566439936;0;0;0;0;0;0;0;0;0;0;0;3657;0;0;0;0;0;0;
32922;5563421;589824000;27713536;551624704;0;0;0;0;0;0;0;0;0;0;0;4198;0;0;0;0;0;0;
32923;5885906;589824000;27713536;551624704;0;0;0;0;0;0;0;0;0;0;0;4228;0;0;0;0;0;0;
32924;5109561;589824000;27713536;551624704;0;0;0;0;0;0;0;0;0;0;0;6332;0;0;0;0;0;0;
32925;5770680;589824000;27713536;551624704;0;0;0;0;0;0;0;0;0;0;0;4448;0;0;0;0;0;0;
32926;5008512;589824000;27713536;551624704;0;0;0;0;0;0;0;0;0;0;0;4809;0;0;0;0;0;0;
32927;6223038;589824000;27713536;551624704;0;0;0;0;0;0;0;0;0;0;0;3797;0;0;0;0;0;0;
32928;4305643;589824000;27713536;551624704;0;0;0;0;0;0;0;0;0;0;0;5811;0;0;0;0;0;0;
32929;5821486;589824000;27713536;551624704;0;0;0;0;0;0;0;0;0;0;0;4739;0;0;0;0;0;0;
32930;5452564;589824000;27713536;551624704;0;0;0;0;0;0;0;0;0;0;0;6052;0;0;0;0;0;0;
32931;5399895;589824000;27713536;551624704;0;0;0;0;0;0;0;0;0;0;0;3276;0;0;0;0;0;0;
32932;4635892;589824000;27713536;551624704;0;0;0;0;0;0;0;0;0;0;0;6862;0;0;0;0;0;0;
32933;11018309;589824000;27713536;551624704;0;0;0;0;0;0;0;0;0;0;0;3427;0;0;0;0;0;0;
32934;5133385;589824000;27713536;551624704;0;0;0;0;0;0;0;0;0;0;0;5120;0;0;0;0;0;0;
32935;6365135;595632128;42528768;566439936;0;0;0;0;0;0;0;0;0;0;0;3126;0;0;0;0;0;0;
32936;4916528;595632128;42528768;566439936;0;0;0;0;0;0;0;0;0;0;0;5360;0;0;0;0;0;0;
32937;5752696;601923584;42528768;566439936;0;0;0;0;0;0;0;0;0;0;0;3867;0;0;0;0;0;0;
32938;5385808;601923584;42528768;566439936;0;0;0;0;0;0;0;0;0;0;0;3666;0;0;0;0;0;0;
32939;5042665;601923584;42528768;566439936;0;0;0;0;0;0;0;0;0;0;0;3396;0;0;0;0;0;0;
32940;4987502;601923584;42528768;566439936;0;0;0;0;0;0;0;0;0;0;0;3877;0;0;0;0;0;0;
32941;5708323;601923584;42528768;566439936;0;0;0;0;0;0;0;0;0;0;0;3396;0;0;0;0;0;0;
32942;4554099;601923584;42528768;566439936;0;0;0;0;0;0;0;0;0;0;0;4058;0;0;0;0;0;0;
32943;5644604;601923584;42528768;566439936;0;0;0;0;0;0;0;0;0;0;0;4799;0;0;0;0;0;0;
32944;3977228;601923584;42528768;566439936;0;0;0;0;0;0;0;0;0;0;0;3827;0;0;0;0;0;0;
32945;5558162;601923584;42532864;566444032;0;0;0;0;0;0;0;0;0;0;0;5761;0;0;0;0;0;0;
32946;4833323;589836288;27721728;551632896;0;0;0;0;0;0;0;0;0;0;0;3416;0;0;0;0;0;0;
32947;6477756;589836288;27721728;551632896;0;0;0;0;0;0;0;0;0;0;0;5019;0;0;0;0;0;0;
32948;3668970;589836288;27721728;551632896;0;0;0;0;0;0;0;0;0;0;0;4379;0;0;0;0;0;0;
32949;6404038;589836288;27721728;551632896;0;0;0;0;0;0;0;0;0;0;0;5069;0;0;0;0;0;0;
32950;4296086;589836288;27721728;551632896;0;0;0;0;0;0;0;0;0;0;0;5320;0;0;0;0;0;0;
32951;5574813;589836288;27721728;551632896;0;0;0;0;0;0;0;0;0;0;0;4128;0;0;0;0;0;0;
32952;5157941;589828096;27713536;551624704;0;0;0;0;0;0;0;0;0;0;0;12453;0;0;0;0;0;0;
32953;5407489;589828096;27713536;551624704;0;0;0;0;0;0;0;0;0;0;0;5019;0;0;0;0;0;0;
32954;4508804;589828096;27713536;551624704;0;0;0;0;0;0;0;0;0;0;0;8396;0;0;0;0;0;0;
32955;5351234;589828096;27713536;551624704;0;0;0;0;0;0;0;0;0;0;0;5080;0;0;0;0;0;0;
32956;4414768;589828096;27713536;551624704;0;0;0;0;0;0;0;0;0;0;0;8185;0;0;0;0;0;0;
32957;5389295;589828096;27713536;551624704;0;0;0;0;0;0;0;0;0;0;0;3337;0;0;0;0;0;0;
32958;3464376;589828096;27713536;551624704;0;0;0;0;0;0;0;0;0;0;0;4007;0;0;0;0;0;0;
32959;6436538;589828096;27713536;551624704;0;0;0;0;0;0;0;0;0;0;0;5069;0;0;0;0;0;0;
32960;3757796;589828096;27713536;551624704;0;0;0;0;0;0;0;0;0;0;0;4258;0;0;0;0;0;0;
32961;5528306;589828096;27713536;551624704;0;0;0;0;0;0;0;0;0;0;0;5039;0;0;0;0;0;0;
32962;4306064;589828096;27713536;551624704;0;0;0;0;0;0;0;0;0;0;0;5210;0;0;0;0;0;0;
32963;5891968;589828096;27713536;551624704;0;0;0;0;0;0;0;0;0;0;0;37680;0;0;0;0;0;0;
32964;4441037;589828096;27713536;551624704;0;0;0;0;0;0;0;0;0;0;0;4969;0;0;0;0;0;0;
32965;6023995;589828096;27713536;551624704;0;0;0;0;0;0;0;0;0;0;0;5240;0;0;0;0;0;0;
32966;5490054;589828096;27713536;551624704;0;0;0;0;0;0;0;0;0;0;0;4809;0;0;0;0;0;0;
32967;6145764;589828096;27713536;551624704;0;0;0;0;0;0;0;0;0;0;0;4088;0;0;0;0;0;0;
32968;5456120;589828096;27713536;551624704;0;0;0;0;0;0;0;0;0;0;0;4378;0;0;0;0;0;0;
32969;5598468;589828096;27713536;551624704;0;0;0;0;0;0;0;0;0;0;0;4178;0;0;0;0;0;0;
32970;4624782;589828096;27713536;551624704;0;0;0;0;0;0;0;0;0;0;0;4007;0;0;0;0;0;0;
32971;5456962;589828096;27713536;551624704;0;0;0;0;0;0;0;0;0;0;0;3146;0;0;0;0;0;0;
32972;5372944;589828096;27713536;551624704;0;0;0;0;0;0;0;0;0;0;0;4559;0;0;0;0;0;0;
32973;4822783;589828096;27713536;551624704;0;0;0;0;0;0;0;0;0;0;0;3527;0;0;0;0;0;0;
32974;4462066;589828096;27713536;551624704;0;0;0;0;0;0;0;0;0;0;0;5010;0;0;0;0;0;0;
32975;4740468;589828096;27713536;551624704;0;0;0;0;0;0;0;0;0;0;0;3396;0;0;0;0;0;0;
32976;4816811;589828096;27713536;551624704;0;0;0;0;0;0;0;0;0;0;0;3908;0;0;0;0;0;0;
32977;5237621;589828096;27713536;551624704;0;0;0;0;0;0;0;0;0;0;0;3797;0;0;0;0;0;0;
32978;4526458;589828096;27713536;551624704;0;0;0;0;0;0;0;0;0;0;0;5050;0;0;0;0;0;0;
32979;5235146;589828096;27713536;551624704;0;0;0;0;0;0;0;0;0;0;0;3156;0;0;0;0;0;0;
32980;5630948;589828096;27713536;551624704;0;0;0;0;0;0;0;0;0;0;0;4379;0;0;0;0;0;0;
32981;5143805;589828096;27713536;551624704;0;0;0;0;0;0;0;0;0;0;0;3196;0;0;0;0;0;0;
32982;5003742;589828096;27713536;551624704;0;0;0;0;0;0;0;0;0;0;0;4438;0;0;0;0;0;0;
32983;5193949;589828096;27713536;551624704;0;0;0;0;0;0;0;0;0;0;0;4218;0;0;0;0;0;0;
32984;3987307;589828096;27713536;551624704;0;0;0;0;0;0;0;0;0;0;0;4719;0;0;0;0;0;0;
32985;5300870;589828096;27713536;551624704;0;0;0;0;0;0;0;0;0;0;0;3947;0;0;0;0;0;0;
32986;5147892;589828096;27713536;551624704;0;0;0;0;0;0;0;0;0;0;0;4378;0;0;0;0;0;0;
32987;6526979;589828096;27713536;551624704;0;0;0;0;0;0;0;0;0;0;0;4328;0;0;0;0;0;0;
32988;5535750;589828096;27713536;551624704;0;0;0;0;0;0;0;0;0;0;0;5280;0;0;0;0;0;0;
32989;5441243;589828096;27713536;551624704;0;0;0;0;0;0;0;0;0;0;0;4338;0;0;0;0;0;0;
32990;5167860;589828096;27713536;551624704;0;0;0;0;0;0;0;0;0;0;0;3837;0;0;0;0;0;0;
32991;5337659;589828096;27713536;551624704;0;0;0;0;0;0;0;0;0;0;0;3327;0;0;0;0;0;0;
32992;3886226;589828096;27713536;551624704;0;0;0;0;0;0;0;0;0;0;0;3837;0;0;0;0;0;0;
32993;5454527;589828096;27713536;551624704;0;0;0;0;0;0;0;0;0;0;0;5941;0;0;0;0;0;0;
32994;4363732;589828096;27713536;551624704;0;0;0;0;0;0;0;0;0;0;0;4098;0;0;0;0;0;0;
32995;5549676;589828096;27713536;551624704;0;0;0;0;0;0;0;0;0;0;0;4839;0;0;0;0;0;0;
32996;4730350;589828096;27713536;551624704;0;0;0;0;0;0;0;0;0;0;0;4438;0;0;0;0;0;0;
32997;5452043;589828096;27713536;551624704;0;0;0;0;0;0;0;0;0;0;0;4098;0;0;0;0;0;0;
32998;4510658;589828096;27713536;551624704;0;0;0;0;0;0;0;0;0;0;0;4388;0;0;0;0;0;0;
32999;5343279;589828096;27713536;551624704;0;0;0;0;0;0;0;0;0;0;0;3928;0;0;0;0;0;0;
33000;4035106;589828096;27713536;551624704;0;0;0;0;0;0;0;0;0;0;0;3928;0;0;0;0;0;0;
33001;5237681;589828096;27713536;551624704;0;0;0;0;0;0;0;0;0;0;0;4910;0;0;0;0;0;0;
33002;4878678;589828096;27713536;551624704;0;0;0;0;0;0;0;0;0;0;0;2865;0;0;0;0;0;0;
33003;5580384;589828096;27713536;551624704;0;0;0;0;0;0;0;0;0;0;0;3377;0;0;0;0;0;0;
33004;5542332;589828096;27713536;551624704;0;0;0;0;0;0;0;0;0;0;0;3657;0;0;0;0;0;0;
33005;6200056;589828096;27713536;551624704;0;0;0;0;0;0;0;0;0;0;0;4509;0;0;0;0;0;0;
33006;4225844;589828096;27713536;551624704;0;0;0;0;0;0;0;0;0;0;0;4418;0;0;0;0;0;0;
33007;6028724;589828096;27713536;551624704;0;0;0;0;0;0;0;0;0;0;0;7314;0;0;0;0;0;0;
33008;3560456;589828096;27713536;551624704;0;0;0;0;0;0;0;0;0;0;0;3918;0;0;0;0;0;0;
33009;6076123;589828096;27713536;551624704;0;0;0;0;0;0;0;0;0;0;0;4749;0;0;0;0;0;0;
33010;3666966;589828096;27713536;551624704;0;0;0;0;0;0;0;0;0;0;0;4218;0;0;0;0;0;0;
33011;6070933;589828096;27713536;551624704;0;0;0;0;0;0;0;0;0;0;0;5491;0;0;0;0;0;0;
33012;4331111;589828096;27713536;551624704;0;0;0;0;0;0;0;0;0;0;0;7254;0;0;0;0;0;0;
33013;5925120;589828096;27713536;551624704;0;0;0;0;0;0;0;0;0;0;0;5280;0;0;0;0;0;0;
33014;4125685;589828096;27713536;551624704;0;0;0;0;0;0;0;0;0;0;0;3968;0;0;0;0;0;0;
33015;6005080;589828096;27713536;551624704;0;0;0;0;0;0;0;0;0;0;0;4769;0;0;0;0;0;0;
33016;3713593;589828096;27713536;551624704;0;0;0;0;0;0;0;0;0;0;0;4648;0;0;0;0;0;0;
33017;5980744;589828096;27713536;551624704;0;0;0;0;0;0;0;0;0;0;0;3828;0;0;0;0;0;0;
33018;3983429;589828096;27713536;551624704;0;0;0;0;0;0;0;0;0;0;0;4238;0;0;0;0;0;0;
33019;5396919;589828096;27713536;551624704;0;0;0;0;0;0;0;0;0;0;0;4879;0;0;0;0;0;0;
33020;4333085;589828096;27713536;551624704;0;0;0;0;0;0;0;0;0;0;0;4819;0;0;0;0;0;0;
33021;5966488;589828096;27713536;551624704;0;0;0;0;0;0;0;0;0;0;0;4138;0;0;0;0;0;0;
33022;4867617;589828096;27713536;551624704;0;0;0;0;0;0;0;0;0;0;0;3577;0;0;0;0;0;0;
33023;5360811;589828096;27713536;551624704;0;0;0;0;0;0;0;0;0;0;0;4930;0;0;0;0;0;0;
33024;4823304;589828096;27713536;551624704;0;0;0;0;0;0;0;0;0;0;0;4779;0;0;0;0;0;0;
33025;5868744;589828096;27713536;551624704;0;0;0;0;0;0;0;0;0;0;0;4559;0;0;0;0;0;0;
33026;4408596;589828096;27713536;551624704;0;0;0;0;0;0;0;0;0;0;0;4198;0;0;0;0;0;0;
33027;5893160;589828096;27713536;551624704;0;0;0;0;0;0;0;0;0;0;0;4619;0;0;0;0;0;0;
33028;4823805;589828096;27713536;551624704;0;0;0;0;0;0;0;0;0;0;0;5440;0;0;0;0;0;0;
33029;5578359;589828096;27713536;551624704;0;0;0;0;0;0;0;0;0;0;0;4048;0;0;0;0;0;0;
33030;4637556;589828096;27713536;551624704;0;0;0;0;0;0;0;0;0;0;0;6172;0;0;0;0;0;0;
33031;5805877;589828096;27713536;551624704;0;0;0;0;0;0;0;0;0;0;0;4268;0;0;0;0;0;0;
33032;4263043;589828096;27713536;551624704;0;0;0;0;0;0;0;0;0;0;0;5030;0;0;0;0;0;0;
33033;5842024;589828096;27713536;551624704;0;0;0;0;0;0;0;0;0;0;0;6683;0;0;0;0;0;0;
33034;4474600;589828096;27713536;551624704;0;0;0;0;0;0;0;0;0;0;0;3637;0;0;0;0;0;0;
33035;6734147;595636224;42528768;566439936;0;0;0;0;0;0;0;0;0;0;0;4960;0;0;0;0;0;0;
33036;5093240;595636224;42528768;566439936;0;0;0;0;0;0;0;0;0;0;0;4298;0;0;0;0;0;0;
33037;6416381;601927680;42528768;566439936;0;0;0;0;0;0;0;0;0;0;0;4359;0;0;0;0;0;0;
33038;4186840;601927680;42528768;566439936;0;0;0;0;0;0;0;0;0;0;0;4579;0;0;0;0;0;0;
33039;5132213;601927680;42528768;566439936;0;0;0;0;0;0;0;0;0;0;0;3727;0;0;0;0;0;0;
33040;4187342;601927680;42528768;566439936;0;0;0;0;0;0;0;0;0;0;0;4107;0;0;0;0;0;0;
33041;5694227;601927680;42528768;566439936;0;0;0;0;0;0;0;0;0;0;0;4388;0;0;0;0;0;0;
33042;4246993;601927680;42528768;566439936;0;0;0;0;0;0;0;0;0;0;0;4689;0;0;0;0;0;0;
33043;6515757;601927680;42532864;566444032;0;0;0;0;0;0;0;0;0;0;0;3457;0;0;0;0;0;0;
33044;3887479;601927680;42536960;566448128;0;0;0;0;0;0;0;0;0;0;0;4498;0;0;0;0;0;0;
33045;6519464;601927680;42536960;566448128;0;0;0;0;0;0;0;0;0;0;0;5791;0;0;0;0;0;0;
33046;4494478;589852672;27721728;551632896;0;0;0;0;0;0;0;0;0;0;0;4949;0;0;0;0;0;0;
33047;6415980;589852672;27721728;551632896;0;0;0;0;0;0;0;0;0;0;0;5430;0;0;0;0;0;0;
33048;5421666;589852672;27721728;551632896;0;0;0;0;0;0;0;0;0;0;0;5220;0;0;0;0;0;0;
33049;5443537;589852672;27721728;551632896;0;0;0;0;0;0;0;0;0;0;0;4509;0;0;0;0;0;0;
33050;4839154;589844480;27713536;551624704;0;0;0;0;0;0;0;0;0;0;0;5670;0;0;0;0;0;0;
33051;5132063;589844480;27713536;551624704;0;0;0;0;0;0;0;0;0;0;0;3367;0;0;0;0;0;0;
33052;4643948;589844480;27713536;551624704;0;0;0;0;0;0;0;0;0;0;0;4298;0;0;0;0;0;0;
33053;5872231;589844480;27713536;551624704;0;0;0;0;0;0;0;0;0;0;0;5370;0;0;0;0;0;0;
33054;5132514;589844480;27713536;551624704;0;0;0;0;0;0;0;0;0;0;0;4078;0;0;0;0;0;0;
33055;5943775;589844480;27713536;551624704;0;0;0;0;0;0;0;0;0;0;0;4007;0;0;0;0;0;0;
33056;4720711;589844480;27713536;551624704;0;0;0;0;0;0;0;0;0;0;0;3386;0;0;0;0;0;0;
33057;5759509;589844480;27713536;551624704;0;0;0;0;0;0;0;0;0;0;0;4098;0;0;0;0;0;0;
33058;4919053;589844480;27713536;551624704;0;0;0;0;0;0;0;0;0;0;0;5169;0;0;0;0;0;0;
33059;6884528;595652608;42528768;566439936;0;0;0;0;0;0;0;0;0;0;0;4629;0;0;0;0;0;0;
33060;4321122;595652608;42528768;566439936;0;0;0;0;0;0;0;0;0;0;0;5270;0;0;0;0;0;0;
33061;5895895;601944064;42528768;566439936;0;0;0;0;0;0;0;0;0;0;0;3777;0;0;0;0;0;0;
33062;4750297;601944064;42528768;566439936;0;0;0;0;0;0;0;0;0;0;0;4308;0;0;0;0;0;0;
33063;5481017;601944064;42528768;566439936;0;0;0;0;0;0;0;0;0;0;0;3697;0;0;0;0;0;0;
33064;4819727;601944064;42528768;566439936;0;0;0;0;0;0;0;0;0;0;0;4108;0;0;0;0;0;0;
33065;5306901;601944064;42528768;566439936;0;0;0;0;0;0;0;0;0;0;0;3858;0;0;0;0;0;0;
33066;4933641;601944064;42528768;566439936;0;0;0;0;0;0;0;0;0;0;0;3326;0;0;0;0;0;0;
33067;4850114;601944064;42528768;566439936;0;0;0;0;0;0;0;0;0;0;0;2876;0;0;0;0;0;0;
33068;4745127;601944064;42528768;566439936;0;0;0;0;0;0;0;0;0;0;0;3546;0;0;0;0;0;0;
33069;5467291;601944064;42528768;566439936;0;0;0;0;0;0;0;0;0;0;0;3135;0;0;0;0;0;0;
33070;4771036;589848576;27713536;551624704;0;0;0;0;0;0;0;0;0;0;0;4528;0;0;0;0;0;0;
33071;5033087;589848576;27713536;551624704;0;0;0;0;0;0;0;0;0;0;0;2945;0;0;0;0;0;0;
33072;4284253;589848576;27713536;551624704;0;0;0;0;0;0;0;0;0;0;0;4769;0;0;0;0;0;0;
33073;5190231;589848576;27713536;551624704;0;0;0;0;0;0;0;0;0;0;0;4138;0;0;0;0;0;0;
33074;5002260;589848576;27713536;551624704;0;0;0;0;0;0;0;0;0;0;0;4488;0;0;0;0;0;0;
33075;5657418;589848576;27713536;551624704;0;0;0;0;0;0;0;0;0;0;0;6683;0;0;0;0;0;0;
33076;4669065;589848576;27713536;551624704;0;0;0;0;0;0;0;0;0;0;0;3716;0;0;0;0;0;0;
33077;5666705;589848576;27713536;551624704;0;0;0;0;0;0;0;0;0;0;0;7814;0;0;0;0;0;0;
33078;4459663;589848576;27713536;551624704;0;0;0;0;0;0;0;0;0;0;0;4589;0;0;0;0;0;0;
33079;6123141;589848576;27713536;551624704;0;0;0;0;0;0;0;0;0;0;0;6472;0;0;0;0;0;0;
33080;4145323;589848576;27713536;551624704;0;0;0;0;0;0;0;0;0;0;0;4348;0;0;0;0;0;0;
33081;6687599;589848576;27713536;551624704;0;0;0;0;0;0;0;0;0;0;0;5741;0;0;0;0;0;0;
33082;3848446;589848576;27713536;551624704;0;0;0;0;0;0;0;0;0;0;0;4498;0;0;0;0;0;0;
33083;7461821;595656704;42528768;566439936;0;0;0;0;0;0;0;0;0;0;0;5220;0;0;0;0;0;0;
33084;3960336;595656704;42528768;566439936;0;0;0;0;0;0;0;0;0;0;0;4819;0;0;0;0;0;0;
33085;7193428;601948160;42528768;566439936;0;0;0;0;0;0;0;0;0;0;0;4228;0;0;0;0;0;0;
33086;4064140;601948160;42528768;566439936;0;0;0;0;0;0;0;0;0;0;0;4749;0;0;0;0;0;0;
33087;6467987;601948160;42528768;566439936;0;0;0;0;0;0;0;0;0;0;0;4408;0;0;0;0;0;0;
33088;3593548;601948160;42528768;566439936;0;0;0;0;0;0;0;0;0;0;0;5901;0;0;0;0;0;0;
33089;6258675;601948160;42528768;566439936;0;0;0;0;0;0;0;0;0;0;0;4068;0;0;0;0;0;0;
33090;4391685;601948160;42528768;566439936;0;0;0;0;0;0;0;0;0;0;0;4238;0;0;0;0;0;0;
33091;6374542;601948160;42528768;566439936;0;0;0;0;0;0;0;0;0;0;0;4499;0;0;0;0;0;0;
33092;4674254;601948160;42528768;566439936;0;0;0;0;0;0;0;0;0;0;0;5290;0;0;0;0;0;0;
33093;6374563;601948160;42528768;566439936;0;0;0;0;0;0;0;0;0;0;0;40907;0;0;0;0;0;0;
33094;5537924;589852672;27713536;551624704;0;0;0;0;0;0;0;0;0;0;0;4168;0;0;0;0;0;0;
33095;6157706;589852672;27713536;551624704;0;0;0;0;0;0;0;0;0;0;0;5110;0;0;0;0;0;0;
33096;5079043;589852672;27713536;551624704;0;0;0;0;0;0;0;0;0;0;0;6723;0;0;0;0;0;0;
33097;5327580;589852672;27713536;551624704;0;0;0;0;0;0;0;0;0;0;0;4148;0;0;0;0;0;0;
33098;4084068;589852672;27713536;551624704;0;0;0;0;0;0;0;0;0;0;0;4158;0;0;0;0;0;0;
33099;5633193;589852672;27713536;551624704;0;0;0;0;0;0;0;0;0;0;0;4509;0;0;0;0;0;0;
33100;4756729;589852672;27713536;551624704;0;0;0;0;0;0;0;0;0;0;0;4369;0;0;0;0;0;0;
33101;6378440;589852672;27713536;551624704;0;0;0;0;0;0;0;0;0;0;0;4318;0;0;0;0;0;0;
33102;4523752;589852672;27713536;551624704;0;0;0;0;0;0;0;0;0;0;0;5200;0;0;0;0;0;0;
33103;5658710;589852672;27713536;551624704;0;0;0;0;0;0;0;0;0;0;0;6051;0;0;0;0;0;0;
33104;4311714;589852672;27713536;551624704;0;0;0;0;0;0;0;0;0;0;0;4388;0;0;0;0;0;0;
33105;5960697;589852672;27713536;551624704;0;0;0;0;0;0;0;0;0;0;0;5360;0;0;0;0;0;0;
33106;4324469;589852672;27713536;551624704;0;0;0;0;0;0;0;0;0;0;0;4339;0;0;0;0;0;0;
33107;5563653;589852672;27713536;551624704;0;0;0;0;0;0;0;0;0;0;0;3888;0;0;0;0;0;0;
33108;4473789;589852672;27713536;551624704;0;0;0;0;0;0;0;0;0;0;0;5220;0;0;0;0;0;0;
33109;5166297;589852672;27713536;551624704;0;0;0;0;0;0;0;0;0;0;0;4689;0;0;0;0;0;0;
33110;3930039;589852672;27713536;551624704;0;0;0;0;0;0;0;0;0;0;0;4999;0;0;0;0;0;0;
33111;5846652;589852672;27713536;551624704;0;0;0;0;0;0;0;0;0;0;0;4749;0;0;0;0;0;0;
33112;4720141;589852672;27713536;551624704;0;0;0;0;0;0;0;0;0;0;0;4148;0;0;0;0;0;0;
33113;6168576;589852672;27713536;551624704;0;0;0;0;0;0;0;0;0;0;0;4258;0;0;0;0;0;0;
33114;4539963;589852672;27713536;551624704;0;0;0;0;0;0;0;0;0;0;0;4077;0;0;0;0;0;0;
33115;5963532;589852672;27713536;551624704;0;0;0;0;0;0;0;0;0;0;0;4037;0;0;0;0;0;0;
33116;4617018;589852672;27713536;551624704;0;0;0;0;0;0;0;0;0;0;0;5260;0;0;0;0;0;0;
33117;5766562;589852672;27713536;551624704;0;0;0;0;0;0;0;0;0;0;0;3907;0;0;0;0;0;0;
33118;5511354;589852672;27713536;551624704;0;0;0;0;0;0;0;0;0;0;0;4840;0;0;0;0;0;0;
33119;5846363;589852672;27713536;551624704;0;0;0;0;0;0;0;0;0;0;0;4288;0;0;0;0;0;0;
33120;4837831;589852672;27713536;551624704;0;0;0;0;0;0;0;0;0;0;0;4849;0;0;0;0;0;0;
33121;6508293;589852672;27713536;551624704;0;0;0;0;0;0;0;0;0;0;0;5160;0;0;0;0;0;0;
33122;5188929;589852672;27713536;551624704;0;0;0;0;0;0;0;0;0;0;0;4038;0;0;0;0;0;0;
33123;9194200;589852672;27713536;551624704;0;0;0;0;0;0;0;0;0;0;0;4178;0;0;0;0;0;0;
33124;10746891;589852672;27713536;551624704;0;0;0;0;0;0;0;0;0;0;0;5280;0;0;0;0;0;0;
33125;5720366;589852672;27713536;551624704;0;0;0;0;0;0;0;0;0;0;0;3176;0;0;0;0;0;0;
33126;4641443;589852672;27713536;551624704;0;0;0;0;0;0;0;0;0;0;0;4338;0;0;0;0;0;0;
33127;5643622;589852672;27713536;551624704;0;0;0;0;0;0;0;0;0;0;0;4889;0;0;0;0;0;0;
33128;5223334;589852672;27713536;551624704;0;0;0;0;0;0;0;0;0;0;0;4609;0;0;0;0;0;0;
33129;5539697;589852672;27713536;551624704;0;0;0;0;0;0;0;0;0;0;0;3477;0;0;0;0;0;0;
33130;5068804;589852672;27713536;551624704;0;0;0;0;0;0;0;0;0;0;0;4899;0;0;0;0;0;0;
33131;5331206;589852672;27713536;551624704;0;0;0;0;0;0;0;0;0;0;0;2775;0;0;0;0;0;0;
33132;6223019;589852672;27713536;551624704;0;0;0;0;0;0;0;0;0;0;0;3887;0;0;0;0;0;0;
33133;5584852;589852672;27713536;551624704;0;0;0;0;0;0;0;0;0;0;0;5981;0;0;0;0;0;0;
33134;4395291;589852672;27713536;551624704;0;0;0;0;0;0;0;0;0;0;0;3427;0;0;0;0;0;0;
33135;5364529;589852672;27713536;551624704;0;0;0;0;0;0;0;0;0;0;0;4298;0;0;0;0;0;0;
33136;4251201;589852672;27713536;551624704;0;0;0;0;0;0;0;0;0;0;0;3988;0;0;0;0;0;0;
33137;5547822;589852672;27713536;551624704;0;0;0;0;0;0;0;0;0;0;0;4679;0;0;0;0;0;0;
33138;5152461;589856768;27709440;551620608;0;0;0;0;0;0;0;0;0;0;0;4027;0;0;0;0;0;0;
33139;5934747;589856768;27709440;551620608;0;0;0;0;0;0;0;0;0;0;0;6032;0;0;0;0;0;0;
33140;4362019;589856768;27709440;551620608;0;0;0;0;0;0;0;0;0;0;0;5511;0;0;0;0;0;0;
33141;6207880;589856768;27709440;551620608;0;0;0;0;0;0;0;0;0;0;0;3857;0;0;0;0;0;0;
33142;4717746;589856768;27709440;551620608;0;0;0;0;0;0;0;0;0;0;0;4769;0;0;0;0;0;0;
33143;6367830;589856768;27709440;551620608;0;0;0;0;0;0;0;0;0;0;0;4368;0;0;0;0;0;0;
33144;4274024;589856768;27709440;551620608;0;0;0;0;0;0;0;0;0;0;0;4839;0;0;0;0;0;0;
33145;5898791;589856768;27709440;551620608;0;0;0;0;0;0;0;0;0;0;0;3777;0;0;0;0;0;0;
33146;4432621;589856768;27709440;551620608;0;0;0;0;0;0;0;0;0;0;0;4308;0;0;0;0;0;0;
33147;6784081;589856768;27709440;551620608;0;0;0;0;0;0;0;0;0;0;0;4137;0;0;0;0;0;0;
33148;4935485;589856768;27709440;551620608;0;0;0;0;0;0;0;0;0;0;0;4839;0;0;0;0;0;0;
33149;5878502;589856768;27709440;551620608;0;0;0;0;0;0;0;0;0;0;0;3146;0;0;0;0;0;0;
33150;6562144;589856768;27709440;551620608;0;0;0;0;0;0;0;0;0;0;0;4458;0;0;0;0;0;0;
33151;5431875;589856768;27709440;551620608;0;0;0;0;0;0;0;0;0;0;0;3878;0;0;0;0;0;0;
33152;4915797;589856768;27709440;551620608;0;0;0;0;0;0;0;0;0;0;0;4498;0;0;0;0;0;0;
33153;4910117;589856768;27709440;551620608;0;0;0;0;0;0;0;0;0;0;0;3777;0;0;0;0;0;0;
33154;4763863;589856768;27709440;551620608;0;0;0;0;0;0;0;0;0;0;0;6402;0;0;0;0;0;0;
33155;5223224;589856768;27709440;551620608;0;0;0;0;0;0;0;0;0;0;0;3877;0;0;0;0;0;0;
33156;4620594;589856768;27709440;551620608;0;0;0;0;0;0;0;0;0;0;0;4969;0;0;0;0;0;0;
33157;5480787;589856768;27709440;551620608;0;0;0;0;0;0;0;0;0;0;0;4498;0;0;0;0;0;0;
33158;5233944;589856768;27709440;551620608;0;0;0;0;0;0;0;0;0;0;0;4388;0;0;0;0;0;0;
33159;5388404;589856768;27709440;551620608;0;0;0;0;0;0;0;0;0;0;0;3607;0;0;0;0;0;0;
33160;5197896;589856768;27709440;551620608;0;0;0;0;0;0;0;0;0;0;0;4849;0;0;0;0;0;0;
33161;5170475;589856768;27709440;551620608;0;0;0;0;0;0;0;0;0;0;0;3477;0;0;0;0;0;0;
33162;4140233;589856768;27709440;551620608;0;0;0;0;0;0;0;0;0;0;0;5691;0;0;0;0;0;0;
33163;5395116;589856768;27709440;551620608;0;0;0;0;0;0;0;0;0;0;0;10650;0;0;0;0;0;0;
33164;4262853;589856768;27709440;551620608;0;0;0;0;0;0;0;0;0;0;0;5641;0;0;0;0;0;0;
33165;5507557;589856768;27709440;551620608;0;0;0;0;0;0;0;0;0;0;0;5199;0;0;0;0;0;0;
33166;3941120;589856768;27709440;551620608;0;0;0;0;0;0;0;0;0;0;0;4318;0;0;0;0;0;0;
33167;5331527;589856768;27709440;551620608;0;0;0;0;0;0;0;0;0;0;0;3697;0;0;0;0;0;0;
33168;4178214;589856768;27709440;551620608;0;0;0;0;0;0;0;0;0;0;0;4880;0;0;0;0;0;0;
33169;6410971;589856768;27709440;551620608;0;0;0;0;0;0;0;0;0;0;0;4849;0;0;0;0;0;0;
33170;5134778;589856768;27709440;551620608;0;0;0;0;0;0;0;0;0;0;0;6192;0;0;0;0;0;0;
33171;5558453;589856768;27709440;551620608;0;0;0;0;0;0;0;0;0;0;0;3778;0;0;0;0;0;0;
33172;5261436;589856768;27709440;551620608;0;0;0;0;0;0;0;0;0;0;0;4619;0;0;0;0;0;0;
33173;5482089;589856768;27709440;551620608;0;0;0;0;0;0;0;0;0;0;0;3667;0;0;0;0;0;0;
33174;4819947;589856768;27709440;551620608;0;0;0;0;0;0;0;0;0;0;0;4188;0;0;0;0;0;0;
33175;5849348;589856768;27709440;551620608;0;0;0;0;0;0;0;0;0;0;0;4197;0;0;0;0;0;0;
33176;4065082;589856768;27709440;551620608;0;0;0;0;0;0;0;0;0;0;0;7715;0;0;0;0;0;0;
33177;5858465;589856768;27709440;551620608;0;0;0;0;0;0;0;0;0;0;0;4689;0;0;0;0;0;0;
33178;4128331;589856768;27709440;551620608;0;0;0;0;0;0;0;0;0;0;0;5430;0;0;0;0;0;0;
33179;6004499;589856768;27709440;551620608;0;0;0;0;0;0;0;0;0;0;0;3927;0;0;0;0;0;0;
33180;4260148;589856768;27709440;551620608;0;0;0;0;0;0;0;0;0;0;0;7244;0;0;0;0;0;0;
33181;5411827;589856768;27709440;551620608;0;0;0;0;0;0;0;0;0;0;0;4078;0;0;0;0;0;0;
33182;4596148;589856768;27709440;551620608;0;0;0;0;0;0;0;0;0;0;0;4349;0;0;0;0;0;0;
33183;7140268;595664896;42524672;566435840;0;0;0;0;0;0;0;0;0;0;0;4980;0;0;0;0;0;0;
33184;4910567;595664896;42524672;566435840;0;0;0;0;0;0;0;0;0;0;0;6212;0;0;0;0;0;0;
33185;6240942;601956352;42524672;566435840;0;0;0;0;0;0;0;0;0;0;0;4769;0;0;0;0;0;0;
33186;4831439;601956352;42524672;566435840;0;0;0;0;0;0;0;0;0;0;0;4328;0;0;0;0;0;0;
33187;5695059;601956352;42524672;566435840;0;0;0;0;0;0;0;0;0;0;0;5120;0;0;0;0;0;0;
33188;4367609;601956352;42524672;566435840;0;0;0;0;0;0;0;0;0;0;0;3627;0;0;0;0;0;0;
33189;6244318;601956352;42524672;566435840;0;0;0;0;0;0;0;0;0;0;0;4519;0;0;0;0;0;0;
33190;5051853;601956352;42524672;566435840;0;0;0;0;0;0;0;0;0;0;0;3596;0;0;0;0;0;0;
33191;5377884;601956352;42524672;566435840;0;0;0;0;0;0;0;0;0;0;0;5771;0;0;0;0;0;0;
33192;4738304;601956352;42524672;566435840;0;0;0;0;0;0;0;0;0;0;0;3787;0;0;0;0;0;0;
33193;5648241;601956352;42524672;566435840;0;0;0;0;0;0;0;0;0;0;0;4268;0;0;0;0;0;0;
33194;5305608;589864960;27709440;551620608;0;0;0;0;0;0;0;0;0;0;0;3417;0;0;0;0;0;0;
33195;5595131;589864960;27709440;551620608;0;0;0;0;0;0;0;0;0;0;0;4469;0;0;0;0;0;0;
33196;4575730;589864960;27709440;551620608;0;0;0;0;0;0;0;0;0;0;0;5520;0;0;0;0;0;0;
33197;5284619;589864960;27709440;551620608;0;0;0;0;0;0;0;0;0;0;0;5120;0;0;0;0;0;0;
33198;4656681;589864960;27709440;551620608;0;0;0;0;0;0;0;0;0;0;0;3076;0;0;0;0;0;0;
33199;5468363;589864960;27709440;551620608;0;0;0;0;0;0;0;0;0;0;0;3647;0;0;0;0;0;0;
33200;4205305;589864960;27709440;551620608;0;0;0;0;0;0;0;0;0;0;0;4379;0;0;0;0;0;0;
33201;5446442;589864960;27709440;551620608;0;0;0;0;0;0;0;0;0;0;0;4038;0;0;0;0;0;0;
33202;4499206;589864960;27709440;551620608;0;0;0;0;0;0;0;0;0;0;0;3928;0;0;0;0;0;0;
33203;5739061;589864960;27709440;551620608;0;0;0;0;0;0;0;0;0;0;0;4919;0;0;0;0;0;0;
33204;4015289;589864960;27709440;551620608;0;0;0;0;0;0;0;0;0;0;0;3927;0;0;0;0;0;0;
33205;5684268;589864960;27709440;551620608;0;0;0;0;0;0;0;0;0;0;0;4819;0;0;0;0;0;0;
33206;4767249;589864960;27709440;551620608;0;0;0;0;0;0;0;0;0;0;0;4829;0;0;0;0;0;0;
33207;6489619;595673088;42524672;566435840;0;0;0;0;0;0;0;0;0;0;0;7374;0;0;0;0;0;0;
33208;4810480;595673088;42524672;566435840;0;0;0;0;0;0;0;0;0;0;0;5040;0;0;0;0;0;0;
33209;5883492;601964544;42524672;566435840;0;0;0;0;0;0;0;0;0;0;0;4668;0;0;0;0;0;0;
33210;4684553;601964544;42524672;566435840;0;0;0;0;0;0;0;0;0;0;0;4238;0;0;0;0;0;0;
33211;6058290;601964544;42524672;566435840;0;0;0;0;0;0;0;0;0;0;0;3416;0;0;0;0;0;0;
33212;4717415;601964544;42524672;566435840;0;0;0;0;0;0;0;0;0;0;0;4177;0;0;0;0;0;0;
33213;6117791;601964544;42524672;566435840;0;0;0;0;0;0;0;0;0;0;0;4628;0;0;0;0;0;0;
33214;5441463;601964544;42524672;566435840;0;0;0;0;0;0;0;0;0;0;0;4108;0;0;0;0;0;0;
33215;5872812;601964544;42524672;566435840;0;0;0;0;0;0;0;0;0;0;0;4999;0;0;0;0;0;0;
33216;4990557;601964544;42524672;566435840;0;0;0;0;0;0;0;0;0;0;0;9518;0;0;0;0;0;0;
33217;5459777;601964544;42524672;566435840;0;0;0;0;0;0;0;0;0;0;0;4278;0;0;0;0;0;0;
33218;5664391;589869056;27709440;551620608;0;0;0;0;0;0;0;0;0;0;0;4588;0;0;0;0;0;0;
33219;5502838;589869056;27709440;551620608;0;0;0;0;0;0;0;0;0;0;0;3376;0;0;0;0;0;0;
33220;4733476;589869056;27709440;551620608;0;0;0;0;0;0;0;0;0;0;0;3316;0;0;0;0;0;0;
33221;4929573;589869056;27709440;551620608;0;0;0;0;0;0;0;0;0;0;0;4218;0;0;0;0;0;0;
33222;4317515;589869056;27709440;551620608;0;0;0;0;0;0;0;0;0;0;0;5971;0;0;0;0;0;0;
33223;5515001;589869056;27709440;551620608;0;0;0;0;0;0;0;0;0;0;0;3837;0;0;0;0;0;0;
33224;4427462;589869056;27709440;551620608;0;0;0;0;0;0;0;0;0;0;0;5861;0;0;0;0;0;0;
33225;5138004;589869056;27709440;551620608;0;0;0;0;0;0;0;0;0;0;0;3737;0;0;0;0;0;0;
33226;4594775;589869056;27709440;551620608;0;0;0;0;0;0;0;0;0;0;0;5811;0;0;0;0;0;0;
33227;5005526;589869056;27709440;551620608;0;0;0;0;0;0;0;0;0;0;0;3286;0;0;0;0;0;0;
33228;4345708;589869056;27709440;551620608;0;0;0;0;0;0;0;0;0;0;0;4969;0;0;0;0;0;0;
33229;5989591;589869056;27709440;551620608;0;0;0;0;0;0;0;0;0;0;0;3897;0;0;0;0;0;0;
33230;4741812;589869056;27709440;551620608;0;0;0;0;0;0;0;0;0;0;0;4188;0;0;0;0;0;0;
33231;6799360;595677184;42524672;566435840;0;0;0;0;0;0;0;0;0;0;0;5040;0;0;0;0;0;0;
33232;4208721;595677184;42524672;566435840;0;0;0;0;0;0;0;0;0;0;0;5430;0;0;0;0;0;0;
33233;6376406;601968640;42524672;566435840;0;0;0;0;0;0;0;0;0;0;0;4889;0;0;0;0;0;0;
33234;3609929;601968640;42524672;566435840;0;0;0;0;0;0;0;0;0;0;0;4659;0;0;0;0;0;0;
33235;5492348;601968640;42524672;566435840;0;0;0;0;0;0;0;0;0;0;0;6953;0;0;0;0;0;0;
33236;4263655;601968640;42524672;566435840;0;0;0;0;0;0;0;0;0;0;0;3487;0;0;0;0;0;0;
33237;5051111;601968640;42524672;566435840;0;0;0;0;0;0;0;0;0;0;0;4037;0;0;0;0;0;0;
33238;4112572;601968640;42524672;566435840;0;0;0;0;0;0;0;0;0;0;0;4398;0;0;0;0;0;0;
33239;5243933;601968640;42524672;566435840;0;0;0;0;0;0;0;0;0;0;0;3657;0;0;0;0;0;0;
33240;4340529;601968640;42524672;566435840;0;0;0;0;0;0;0;0;0;0;0;3897;0;0;0;0;0;0;
33241;5431214;601968640;42524672;566435840;0;0;0;0;0;0;0;0;0;0;0;3858;0;0;0;0;0;0;
33242;4755617;589873152;27709440;551620608;0;0;0;0;0;0;0;0;0;0;0;3997;0;0;0;0;0;0;
33243;5362455;589873152;27709440;551620608;0;0;0;0;0;0;0;0;0;0;0;4027;0;0;0;0;0;0;
33244;4444764;589873152;27709440;551620608;0;0;0;0;0;0;0;0;0;0;0;5450;0;0;0;0;0;0;
33245;5210891;589873152;27709440;551620608;0;0;0;0;0;0;0;0;0;0;0;4058;0;0;0;0;0;0;
33246;4173666;589873152;27709440;551620608;0;0;0;0;0;0;0;0;0;0;0;5150;0;0;0;0;0;0;
33247;5330826;589873152;27709440;551620608;0;0;0;0;0;0;0;0;0;0;0;3316;0;0;0;0;0;0;
33248;4791835;589873152;27709440;551620608;0;0;0;0;0;0;0;0;0;0;0;3987;0;0;0;0;0;0;
33249;5273458;589873152;27709440;551620608;0;0;0;0;0;0;0;0;0;0;0;3336;0;0;0;0;0;0;
33250;4435647;589873152;27709440;551620608;0;0;0;0;0;0;0;0;0;0;0;4519;0;0;0;0;0;0;
33251;5321268;589873152;27709440;551620608;0;0;0;0;0;0;0;0;0;0;0;3376;0;0;0;0;0;0;
33252;4819035;589873152;27709440;551620608;0;0;0;0;0;0;0;0;0;0;0;3557;0;0;0;0;0;0;
33253;5288957;589873152;27709440;551620608;0;0;0;0;0;0;0;0;0;0;0;3486;0;0;0;0;0;0;
33254;4799430;589873152;27709440;551620608;0;0;0;0;0;0;0;0;0;0;0;5611;0;0;0;0;0;0;
33255;5450701;589873152;27709440;551620608;0;0;0;0;0;0;0;0;0;0;0;3376;0;0;0;0;0;0;
33256;4780524;589873152;27709440;551620608;0;0;0;0;0;0;0;0;0;0;0;4128;0;0;0;0;0;0;
33257;6136587;589873152;27709440;551620608;0;0;0;0;0;0;0;0;0;0;0;3676;0;0;0;0;0;0;
33258;5227592;589873152;27709440;551620608;0;0;0;0;0;0;0;0;0;0;0;3927;0;0;0;0;0;0;
33259;6480651;589873152;27709440;551620608;0;0;0;0;0;0;0;0;0;0;0;4408;0;0;0;0;0;0;
33260;5111495;589873152;27709440;551620608;0;0;0;0;0;0;0;0;0;0;0;7323;0;0;0;0;0;0;
33261;5719635;589873152;27709440;551620608;0;0;0;0;0;0;0;0;0;0;0;4559;0;0;0;0;0;0;
33262;5375961;589873152;27709440;551620608;0;0;0;0;0;0;0;0;0;0;0;4830;0;0;0;0;0;0;
33263;5398582;589873152;27709440;551620608;0;0;0;0;0;0;0;0;0;0;0;4359;0;0;0;0;0;0;
33264;5236599;589873152;27709440;551620608;0;0;0;0;0;0;0;0;0;0;0;75101;0;0;0;0;0;0;
33265;5919510;589873152;27709440;551620608;0;0;0;0;0;0;0;0;0;0;0;3086;0;0;0;0;0;0;
33266;5049338;589873152;27709440;551620608;0;0;0;0;0;0;0;0;0;0;0;5730;0;0;0;0;0;0;
33267;5455188;589873152;27709440;551620608;0;0;0;0;0;0;0;0;0;0;0;5030;0;0;0;0;0;0;
33268;5131522;589873152;27709440;551620608;0;0;0;0;0;0;0;0;0;0;0;4118;0;0;0;0;0;0;
33269;5445741;589873152;27709440;551620608;0;0;0;0;0;0;0;0;0;0;0;4118;0;0;0;0;0;0;
33270;4827672;589873152;27709440;551620608;0;0;0;0;0;0;0;0;0;0;0;4118;0;0;0;0;0;0;
33271;6330971;589873152;27709440;551620608;0;0;0;0;0;0;0;0;0;0;0;4709;0;0;0;0;0;0;
33272;4177223;589873152;27709440;551620608;0;0;0;0;0;0;0;0;0;0;0;4188;0;0;0;0;0;0;
33273;5842956;589873152;27709440;551620608;0;0;0;0;0;0;0;0;0;0;0;4719;0;0;0;0;0;0;
33274;3984872;589873152;27709440;551620608;0;0;0;0;0;0;0;0;0;0;0;3988;0;0;0;0;0;0;
33275;5811167;589873152;27709440;551620608;0;0;0;0;0;0;0;0;0;0;0;4148;0;0;0;0;0;0;
33276;4142628;589873152;27709440;551620608;0;0;0;0;0;0;0;0;0;0;0;4949;0;0;0;0;0;0;
33277;5595822;589873152;27709440;551620608;0;0;0;0;0;0;0;0;0;0;0;5800;0;0;0;0;0;0;
33278;4329839;589873152;27709440;551620608;0;0;0;0;0;0;0;0;0;0;0;4919;0;0;0;0;0;0;
33279;5409904;589873152;27709440;551620608;0;0;0;0;0;0;0;0;0;0;0;8085;0;0;0;0;0;0;
33280;5234304;589873152;27709440;551620608;0;0;0;0;0;0;0;0;0;0;0;3737;0;0;0;0;0;0;
33281;5808090;589873152;27709440;551620608;0;0;0;0;0;0;0;0;0;0;0;3947;0;0;0;0;0;0;
33282;4373841;589873152;27709440;551620608;0;0;0;0;0;0;0;0;0;0;0;3627;0;0;0;0;0;0;
33283;5818069;589873152;27709440;551620608;0;0;0;0;0;0;0;0;0;0;0;5210;0;0;0;0;0;0;
33284;4373040;589873152;27709440;551620608;0;0;0;0;0;0;0;0;0;0;0;4378;0;0;0;0;0;0;
33285;5738850;589873152;27709440;551620608;0;0;0;0;0;0;0;0;0;0;0;6833;0;0;0;0;0;0;
33286;4373721;589873152;27709440;551620608;0;0;0;0;0;0;0;0;0;0;0;3667;0;0;0;0;0;0;
33287;5745393;589873152;27709440;551620608;0;0;0;0;0;0;0;0;0;0;0;4999;0;0;0;0;0;0;
33288;4513112;589873152;27709440;551620608;0;0;0;0;0;0;0;0;0;0;0;4318;0;0;0;0;0;0;
33289;5973490;589873152;27709440;551620608;0;0;0;0;0;0;0;0;0;0;0;5160;0;0;0;0;0;0;
33290;4663354;589873152;27709440;551620608;0;0;0;0;0;0;0;0;0;0;0;4830;0;0;0;0;0;0;
33291;6570180;589873152;27709440;551620608;0;0;0;0;0;0;0;0;0;0;0;4739;0;0;0;0;0;0;
33292;4522630;589873152;27709440;551620608;0;0;0;0;0;0;0;0;0;0;0;4338;0;0;0;0;0;0;
33293;6407705;589873152;27709440;551620608;0;0;0;0;0;0;0;0;0;0;0;4128;0;0;0;0;0;0;
33294;5172318;589873152;27709440;551620608;0;0;0;0;0;0;0;0;0;0;0;7114;0;0;0;0;0;0;
33295;6216336;589873152;27709440;551620608;0;0;0;0;0;0;0;0;0;0;0;4829;0;0;0;0;0;0;
33296;5386219;589873152;27709440;551620608;0;0;0;0;0;0;0;0;0;0;0;3807;0;0;0;0;0;0;
33297;6100559;589873152;27709440;551620608;0;0;0;0;0;0;0;0;0;0;0;4218;0;0;0;0;0;0;
33298;5391509;589873152;27709440;551620608;0;0;0;0;0;0;0;0;0;0;0;4799;0;0;0;0;0;0;
33299;5568891;589873152;27709440;551620608;0;0;0;0;0;0;0;0;0;0;0;4118;0;0;0;0;0;0;
33300;5118858;589873152;27709440;551620608;0;0;0;0;0;0;0;0;0;0;0;4017;0;0;0;0;0;0;
33301;5865338;589873152;27709440;551620608;0;0;0;0;0;0;0;0;0;0;0;4088;0;0;0;0;0;0;
33302;4521748;589873152;27709440;551620608;0;0;0;0;0;0;0;0;0;0;0;4748;0;0;0;0;0;0;
33303;5372053;589873152;27709440;551620608;0;0;0;0;0;0;0;0;0;0;0;5901;0;0;0;0;0;0;
33304;4566122;589873152;27709440;551620608;0;0;0;0;0;0;0;0;0;0;0;5811;0;0;0;0;0;0;
33305;6041659;589873152;27709440;551620608;0;0;0;0;0;0;0;0;0;0;0;4309;0;0;0;0;0;0;
33306;4797686;589873152;27709440;551620608;0;0;0;0;0;0;0;0;0;0;0;4849;0;0;0;0;0;0;
33307;5699657;589873152;27709440;551620608;0;0;0;0;0;0;0;0;0;0;0;4187;0;0;0;0;0;0;
33308;4272832;589873152;27709440;551620608;0;0;0;0;0;0;0;0;0;0;0;4038;0;0;0;0;0;0;
33309;5816166;589873152;27709440;551620608;0;0;0;0;0;0;0;0;0;0;0;4789;0;0;0;0;0;0;
33310;4898826;589873152;27709440;551620608;0;0;0;0;0;0;0;0;0;0;0;3867;0;0;0;0;0;0;
33311;6028464;589873152;27709440;551620608;0;0;0;0;0;0;0;0;0;0;0;4768;0;0;0;0;0;0;
33312;4484519;589873152;27709440;551620608;0;0;0;0;0;0;0;0;0;0;0;4087;0;0;0;0;0;0;
33313;11012118;589873152;27709440;551620608;0;0;0;0;0;0;0;0;0;0;0;4258;0;0;0;0;0;0;
33314;4980989;589873152;27709440;551620608;0;0;0;0;0;0;0;0;0;0;0;3687;0;0;0;0;0;0;
33315;6082295;589873152;27709440;551620608;0;0;0;0;0;0;0;0;0;0;0;4028;0;0;0;0;0;0;
33316;4974247;589873152;27709440;551620608;0;0;0;0;0;0;0;0;0;0;0;2926;0;0;0;0;0;0;
33317;5983439;589873152;27709440;551620608;0;0;0;0;0;0;0;0;0;0;0;3326;0;0;0;0;0;0;
33318;3924870;589873152;27709440;551620608;0;0;0;0;0;0;0;0;0;0;0;5390;0;0;0;0;0;0;
33319;5450760;589873152;27709440;551620608;0;0;0;0;0;0;0;0;0;0;0;5541;0;0;0;0;0;0;
33320;4356088;589873152;27709440;551620608;0;0;0;0;0;0;0;0;0;0;0;4148;0;0;0;0;0;0;
33321;5380779;589873152;27709440;551620608;0;0;0;0;0;0;0;0;0;0;0;3897;0;0;0;0;0;0;
33322;4098054;589873152;27709440;551620608;0;0;0;0;0;0;0;0;0;0;0;4398;0;0;0;0;0;0;
33323;6334538;589873152;27709440;551620608;0;0;0;0;0;0;0;0;0;0;0;5050;0;0;0;0;0;0;
33324;3593468;589873152;27709440;551620608;0;0;0;0;0;0;0;0;0;0;0;4389;0;0;0;0;0;0;
33325;5789185;589873152;27709440;551620608;0;0;0;0;0;0;0;0;0;0;0;3707;0;0;0;0;0;0;
33326;3681744;589873152;27709440;551620608;0;0;0;0;0;0;0;0;0;0;0;5030;0;0;0;0;0;0;
33327;6424537;589873152;27709440;551620608;0;0;0;0;0;0;0;0;0;0;0;6462;0;0;0;0;0;0;
33328;4901601;589873152;27709440;551620608;0;0;0;0;0;0;0;0;0;0;0;6321;0;0;0;0;0;0;
33329;5818850;589873152;27709440;551620608;0;0;0;0;0;0;0;0;0;0;0;5610;0;0;0;0;0;0;
33330;4444824;589873152;27709440;551620608;0;0;0;0;0;0;0;0;0;0;0;3727;0;0;0;0;0;0;
33331;6699031;595681280;42524672;566435840;0;0;0;0;0;0;0;0;0;0;0;4358;0;0;0;0;0;0;
33332;5156479;595681280;42524672;566435840;0;0;0;0;0;0;0;0;0;0;0;9358;0;0;0;0;0;0;
33333;5822657;601972736;42524672;566435840;0;0;0;0;0;0;0;0;0;0;0;4438;0;0;0;0;0;0;
33334;4169769;601972736;42524672;566435840;0;0;0;0;0;0;0;0;0;0;0;6562;0;0;0;0;0;0;
33335;5355071;601972736;42524672;566435840;0;0;0;0;0;0;0;0;0;0;0;4298;0;0;0;0;0;0;
33336;4234990;601972736;42524672;566435840;0;0;0;0;0;0;0;0;0;0;0;4519;0;0;0;0;0;0;
33337;5820173;601972736;42524672;566435840;0;0;0;0;0;0;0;0;0;0;0;3547;0;0;0;0;0;0;
33338;4406623;601972736;42524672;566435840;0;0;0;0;0;0;0;0;0;0;0;6762;0;0;0;0;0;0;
33339;5611141;601972736;42524672;566435840;0;0;0;0;0;0;0;0;0;0;0;3247;0;0;0;0;0;0;
33340;4067026;601972736;42524672;566435840;0;0;0;0;0;0;0;0;0;0;0;4418;0;0;0;0;0;0;
33341;5351936;601972736;42524672;566435840;0;0;0;0;0;0;0;0;0;0;0;3647;0;0;0;0;0;0;
33342;4205035;589889536;27709440;551620608;0;0;0;0;0;0;0;0;0;0;0;4558;0;0;0;0;0;0;
33343;5746074;589889536;27709440;551620608;0;0;0;0;0;0;0;0;0;0;0;5209;0;0;0;0;0;0;
33344;4514445;589889536;27709440;551620608;0;0;0;0;0;0;0;0;0;0;0;4729;0;0;0;0;0;0;
33345;5555146;589889536;27709440;551620608;0;0;0;0;0;0;0;0;0;0;0;5179;0;0;0;0;0;0;
33346;4069771;589889536;27709440;551620608;0;0;0;0;0;0;0;0;0;0;0;4228;0;0;0;0;0;0;
33347;6333305;589889536;27709440;551620608;0;0;0;0;0;0;0;0;0;0;0;6503;0;0;0;0;0;0;
33348;3924319;589889536;27709440;551620608;0;0;0;0;0;0;0;0;0;0;0;5089;0;0;0;0;0;0;
33349;6011422;589889536;27709440;551620608;0;0;0;0;0;0;0;0;0;0;0;6663;0;0;0;0;0;0;
33350;4611497;589889536;27709440;551620608;0;0;0;0;0;0;0;0;0;0;0;23293;0;0;0;0;0;0;
33351;6044604;589889536;27709440;551620608;0;0;0;0;0;0;0;0;0;0;0;4128;0;0;0;0;0;0;
33352;5286993;589889536;27709440;551620608;0;0;0;0;0;0;0;0;0;0;0;4639;0;0;0;0;0;0;
33353;5766763;589889536;27709440;551620608;0;0;0;0;0;0;0;0;0;0;0;7003;0;0;0;0;0;0;
33354;4727875;589889536;27709440;551620608;0;0;0;0;0;0;0;0;0;0;0;5050;0;0;0;0;0;0;
33355;7228694;595697664;42524672;566435840;0;0;0;0;0;0;0;0;0;0;0;4058;0;0;0;0;0;0;
33356;4748223;595697664;42524672;566435840;0;0;0;0;0;0;0;0;0;0;0;7133;0;0;0;0;0;0;
33357;5549406;601989120;42524672;566435840;0;0;0;0;0;0;0;0;0;0;0;3286;0;0;0;0;0;0;
33358;4779051;601989120;42524672;566435840;0;0;0;0;0;0;0;0;0;0;0;4418;0;0;0;0;0;0;
33359;5281864;601989120;42524672;566435840;0;0;0;0;0;0;0;0;0;0;0;3758;0;0;0;0;0;0;
33360;4608871;601989120;42524672;566435840;0;0;0;0;0;0;0;0;0;0;0;5741;0;0;0;0;0;0;
33361;5059747;601989120;42524672;566435840;0;0;0;0;0;0;0;0;0;0;0;4739;0;0;0;0;0;0;
33362;4397616;601989120;42524672;566435840;0;0;0;0;0;0;0;0;0;0;0;4949;0;0;0;0;0;0;
33363;5258109;601989120;42524672;566435840;0;0;0;0;0;0;0;0;0;0;0;4278;0;0;0;0;0;0;
33364;5017518;601989120;42524672;566435840;0;0;0;0;0;0;0;0;0;0;0;4298;0;0;0;0;0;0;
33365;6802034;601989120;42524672;566435840;0;0;0;0;0;0;0;0;0;0;0;5440;0;0;0;0;0;0;
33366;5194209;589893632;27709440;551620608;0;0;0;0;0;0;0;0;0;0;0;4609;0;0;0;0;0;0;
33367;5933937;589893632;27709440;551620608;0;0;0;0;0;0;0;0;0;0;0;4618;0;0;0;0;0;0;
33368;4158808;589893632;27709440;551620608;0;0;0;0;0;0;0;0;0;0;0;4419;0;0;0;0;0;0;
33369;5564994;589893632;27709440;551620608;0;0;0;0;0;0;0;0;0;0;0;3928;0;0;0;0;0;0;
33370;4665248;589893632;27709440;551620608;0;0;0;0;0;0;0;0;0;0;0;4849;0;0;0;0;0;0;
33371;6589435;589893632;27709440;551620608;0;0;0;0;0;0;0;0;0;0;0;4759;0;0;0;0;0;0;
33372;5107958;589893632;27709440;551620608;0;0;0;0;0;0;0;0;0;0;0;5089;0;0;0;0;0;0;
33373;5942662;589893632;27709440;551620608;0;0;0;0;0;0;0;0;0;0;0;5190;0;0;0;0;0;0;
33374;7035833;589893632;27709440;551620608;0;0;0;0;0;0;0;0;0;0;0;4619;0;0;0;0;0;0;
33375;5272406;589893632;27709440;551620608;0;0;0;0;0;0;0;0;0;0;0;3046;0;0;0;0;0;0;
33376;4899517;589893632;27709440;551620608;0;0;0;0;0;0;0;0;0;0;0;3948;0;0;0;0;0;0;
33377;5160506;589893632;27709440;551620608;0;0;0;0;0;0;0;0;0;0;0;3066;0;0;0;0;0;0;
33378;5046262;589893632;27709440;551620608;0;0;0;0;0;0;0;0;0;0;0;4018;0;0;0;0;0;0;
33379;6268634;595701760;42524672;566435840;0;0;0;0;0;0;0;0;0;0;0;4559;0;0;0;0;0;0;
33380;4017493;595701760;42524672;566435840;0;0;0;0;0;0;0;0;0;0;0;4870;0;0;0;0;0;0;
33381;6373441;601993216;42524672;566435840;0;0;0;0;0;0;0;0;0;0;0;4729;0;0;0;0;0;0;
33382;3936050;601993216;42524672;566435840;0;0;0;0;0;0;0;0;0;0;0;4819;0;0;0;0;0;0;
33383;5623374;601993216;42524672;566435840;0;0;0;0;0;0;0;0;0;0;0;3757;0;0;0;0;0;0;
33384;3720285;601993216;42524672;566435840;0;0;0;0;0;0;0;0;0;0;0;5239;0;0;0;0;0;0;
33385;5816987;601993216;42524672;566435840;0;0;0;0;0;0;0;0;0;0;0;4328;0;0;0;0;0;0;
33386;4030648;601993216;42524672;566435840;0;0;0;0;0;0;0;0;0;0;0;5610;0;0;0;0;0;0;
33387;5466580;601993216;42524672;566435840;0;0;0;0;0;0;0;0;0;0;0;4047;0;0;0;0;0;0;
33388;3907978;601993216;42524672;566435840;0;0;0;0;0;0;0;0;0;0;0;5981;0;0;0;0;0;0;
33389;5933446;601993216;42524672;566435840;0;0;0;0;0;0;0;0;0;0;0;5210;0;0;0;0;0;0;
33390;4614723;589897728;27709440;551620608;0;0;0;0;0;0;0;0;0;0;0;3767;0;0;0;0;0;0;
33391;5686894;589897728;27709440;551620608;0;0;0;0;0;0;0;0;0;0;0;5310;0;0;0;0;0;0;
33392;5225258;589897728;27709440;551620608;0;0;0;0;0;0;0;0;0;0;0;8355;0;0;0;0;0;0;
33393;5741776;589897728;27709440;551620608;0;0;0;0;0;0;0;0;0;0;0;4528;0;0;0;0;0;0;
33394;5604208;589897728;27709440;551620608;0;0;0;0;0;0;0;0;0;0;0;4208;0;0;0;0;0;0;
33395;5079044;589897728;27709440;551620608;0;0;0;0;0;0;0;0;0;0;0;3397;0;0;0;0;0;0;
33396;4920015;589897728;27709440;551620608;0;0;0;0;0;0;0;0;0;0;0;5220;0;0;0;0;0;0;
33397;5030883;589897728;27709440;551620608;0;0;0;0;0;0;0;0;0;0;0;3516;0;0;0;0;0;0;
33398;4516068;589897728;27709440;551620608;0;0;0;0;0;0;0;0;0;0;0;4969;0;0;0;0;0;0;
33399;5043557;589897728;27709440;551620608;0;0;0;0;0;0;0;0;0;0;0;3808;0;0;0;0;0;0;
33400;4733585;589897728;27709440;551620608;0;0;0;0;0;0;0;0;0;0;0;4789;0;0;0;0;0;0;
33401;5143234;589897728;27709440;551620608;0;0;0;0;0;0;0;0;0;0;0;3035;0;0;0;0;0;0;
33402;3999910;589897728;27709440;551620608;0;0;0;0;0;0;0;0;0;0;0;4969;0;0;0;0;0;0;
33403;5239184;589897728;27709440;551620608;0;0;0;0;0;0;0;0;0;0;0;3958;0;0;0;0;0;0;
33404;4559489;589897728;27709440;551620608;0;0;0;0;0;0;0;0;0;0;0;5690;0;0;0;0;0;0;
33405;5222112;589897728;27709440;551620608;0;0;0;0;0;0;0;0;0;0;0;7104;0;0;0;0;0;0;
33406;3760571;589897728;27709440;551620608;0;0;0;0;0;0;0;0;0;0;0;4498;0;0;0;0;0;0;
33407;5969242;589897728;27709440;551620608;0;0;0;0;0;0;0;0;0;0;0;5741;0;0;0;0;0;0;
33408;3833889;589897728;27709440;551620608;0;0;0;0;0;0;0;0;0;0;0;4308;0;0;0;0;0;0;
33409;5236498;589897728;27709440;551620608;0;0;0;0;0;0;0;0;0;0;0;4468;0;0;0;0;0;0;
33410;4415449;589897728;27709440;551620608;0;0;0;0;0;0;0;0;0;0;0;5441;0;0;0;0;0;0;
33411;5236529;589897728;27709440;551620608;0;0;0;0;0;0;0;0;0;0;0;4308;0;0;0;0;0;0;
33412;5146199;589897728;27709440;551620608;0;0;0;0;0;0;0;0;0;0;0;5621;0;0;0;0;0;0;
33413;5156118;589897728;27709440;551620608;0;0;0;0;0;0;0;0;0;0;0;3236;0;0;0;0;0;0;
33414;4329337;589897728;27709440;551620608;0;0;0;0;0;0;0;0;0;0;0;5090;0;0;0;0;0;0;
33415;5312150;589897728;27709440;551620608;0;0;0;0;0;0;0;0;0;0;0;4539;0;0;0;0;0;0;
33416;4141565;589897728;27709440;551620608;0;0;0;0;0;0;0;0;0;0;0;7023;0;0;0;0;0;0;
33417;5767034;589897728;27709440;551620608;0;0;0;0;0;0;0;0;0;0;0;4198;0;0;0;0;0;0;
33418;4541676;589897728;27709440;551620608;0;0;0;0;0;0;0;0;0;0;0;3437;0;0;0;0;0;0;
33419;6110498;589897728;27709440;551620608;0;0;0;0;0;0;0;0;0;0;0;4469;0;0;0;0;0;0;
33420;4673222;589897728;27709440;551620608;0;0;0;0;0;0;0;0;0;0;0;4368;0;0;0;0;0;0;
33421;5957170;589897728;27709440;551620608;0;0;0;0;0;0;0;0;0;0;0;5781;0;0;0;0;0;0;
33422;5169664;589897728;27709440;551620608;0;0;0;0;0;0;0;0;0;0;0;5711;0;0;0;0;0;0;
33423;6397346;589897728;27709440;551620608;0;0;0;0;0;0;0;0;0;0;0;4629;0;0;0;0;0;0;
33424;4660849;589897728;27709440;551620608;0;0;0;0;0;0;0;0;0;0;0;4709;0;0;0;0;0;0;
33425;5742628;589897728;27717632;551628800;0;0;0;0;0;0;0;0;0;0;0;4278;0;0;0;0;0;0;
33426;5064176;589897728;27717632;551628800;0;0;0;0;0;0;0;0;0;0;0;4348;0;0;0;0;0;0;
33427;5126352;589897728;27717632;551628800;0;0;0;0;0;0;0;0;0;0;0;2945;0;0;0;0;0;0;
33428;4597380;589897728;27717632;551628800;0;0;0;0;0;0;0;0;0;0;0;4889;0;0;0;0;0;0;
33429;5512546;589897728;27717632;551628800;0;0;0;0;0;0;0;0;0;0;0;3917;0;0;0;0;0;0;
33430;4547436;589897728;27717632;551628800;0;0;0;0;0;0;0;0;0;0;0;4518;0;0;0;0;0;0;
33431;5828779;589897728;27717632;551628800;0;0;0;0;0;0;0;0;0;0;0;4388;0;0;0;0;0;0;
33432;5198418;589905920;27709440;551620608;0;0;0;0;0;0;0;0;0;0;0;3727;0;0;0;0;0;0;
33433;6376907;589905920;27709440;551620608;0;0;0;0;0;0;0;0;0;0;0;4920;0;0;0;0;0;0;
33434;4223780;589905920;27709440;551620608;0;0;0;0;0;0;0;0;0;0;0;5831;0;0;0;0;0;0;
33435;6303519;589905920;27709440;551620608;0;0;0;0;0;0;0;0;0;0;0;6803;0;0;0;0;0;0;
33436;4244739;589905920;27709440;551620608;0;0;0;0;0;0;0;0;0;0;0;4318;0;0;0;0;0;0;
33437;6106380;589905920;27709440;551620608;0;0;0;0;0;0;0;0;0;0;0;4939;0;0;0;0;0;0;
33438;4558658;589905920;27709440;551620608;0;0;0;0;0;0;0;0;0;0;0;4688;0;0;0;0;0;0;
33439;6501972;589905920;27709440;551620608;0;0;0;0;0;0;0;0;0;0;0;4057;0;0;0;0;0;0;
33440;5304907;589905920;27709440;551620608;0;0;0;0;0;0;0;0;0;0;0;5080;0;0;0;0;0;0;
33441;5441514;589905920;27709440;551620608;0;0;0;0;0;0;0;0;0;0;0;4208;0;0;0;0;0;0;
33442;4480732;589905920;27709440;551620608;0;0;0;0;0;0;0;0;0;0;0;3687;0;0;0;0;0;0;
33443;5944666;589905920;27709440;551620608;0;0;0;0;0;0;0;0;0;0;0;3868;0;0;0;0;0;0;
33444;4890620;589905920;27709440;551620608;0;0;0;0;0;0;0;0;0;0;0;4248;0;0;0;0;0;0;
33445;5894313;589905920;27709440;551620608;0;0;0;0;0;0;0;0;0;0;0;2875;0;0;0;0;0;0;
33446;4339126;589905920;27709440;551620608;0;0;0;0;0;0;0;0;0;0;0;4619;0;0;0;0;0;0;
33447;6304482;589905920;27709440;551620608;0;0;0;0;0;0;0;0;0;0;0;4769;0;0;0;0;0;0;
33448;4642675;589905920;27709440;551620608;0;0;0;0;0;0;0;0;0;0;0;5290;0;0;0;0;0;0;
33449;5512857;589905920;27709440;551620608;0;0;0;0;0;0;0;0;0;0;0;3717;0;0;0;0;0;0;
33450;4597431;589905920;27709440;551620608;0;0;0;0;0;0;0;0;0;0;0;4348;0;0;0;0;0;0;
33451;5624827;589905920;27709440;551620608;0;0;0;0;0;0;0;0;0;0;0;5460;0;0;0;0;0;0;
33452;5340223;589905920;27709440;551620608;0;0;0;0;0;0;0;0;0;0;0;3607;0;0;0;0;0;0;
33453;5886738;589905920;27709440;551620608;0;0;0;0;0;0;0;0;0;0;0;4729;0;0;0;0;0;0;
33454;4025078;589905920;27709440;551620608;0;0;0;0;0;0;0;0;0;0;0;3837;0;0;0;0;0;0;
33455;6316373;589905920;27709440;551620608;0;0;0;0;0;0;0;0;0;0;0;5641;0;0;0;0;0;0;
33456;5298756;589905920;27709440;551620608;0;0;0;0;0;0;0;0;0;0;0;4348;0;0;0;0;0;0;
33457;6188194;589905920;27709440;551620608;0;0;0;0;0;0;0;0;0;0;0;5320;0;0;0;0;0;0;
33458;4960741;589905920;27709440;551620608;0;0;0;0;0;0;0;0;0;0;0;5070;0;0;0;0;0;0;
33459;5911084;589905920;27709440;551620608;0;0;0;0;0;0;0;0;0;0;0;3646;0;0;0;0;0;0;
33460;5162089;589905920;27709440;551620608;0;0;0;0;0;0;0;0;0;0;0;4218;0;0;0;0;0;0;
33461;5768176;589905920;27709440;551620608;0;0;0;0;0;0;0;0;0;0;0;4017;0;0;0;0;0;0;
33462;5001758;589905920;27709440;551620608;0;0;0;0;0;0;0;0;0;0;0;3887;0;0;0;0;0;0;
33463;5773034;589905920;27709440;551620608;0;0;0;0;0;0;0;0;0;0;0;3867;0;0;0;0;0;0;
33464;4241633;589905920;27709440;551620608;0;0;0;0;0;0;0;0;0;0;0;4648;0;0;0;0;0;0;
33465;5793403;589905920;27709440;551620608;0;0;0;0;0;0;0;0;0;0;0;3216;0;0;0;0;0;0;
33466;5029250;589905920;27709440;551620608;0;0;0;0;0;0;0;0;0;0;0;4058;0;0;0;0;0;0;
33467;6167094;589905920;27709440;551620608;0;0;0;0;0;0;0;0;0;0;0;5089;0;0;0;0;0;0;
33468;4714981;589905920;27709440;551620608;0;0;0;0;0;0;0;0;0;0;0;3747;0;0;0;0;0;0;
33469;5947873;589905920;27709440;551620608;0;0;0;0;0;0;0;0;0;0;0;4859;0;0;0;0;0;0;
33470;5140178;589905920;27709440;551620608;0;0;0;0;0;0;0;0;0;0;0;6712;0;0;0;0;0;0;
33471;5519649;589905920;27709440;551620608;0;0;0;0;0;0;0;0;0;0;0;3696;0;0;0;0;0;0;
33472;3957270;589905920;27709440;551620608;0;0;0;0;0;0;0;0;0;0;0;4569;0;0;0;0;0;0;
33473;6358583;589905920;27709440;551620608;0;0;0;0;0;0;0;0;0;0;0;6592;0;0;0;0;0;0;
33474;4822192;589905920;27709440;551620608;0;0;0;0;0;0;0;0;0;0;0;4819;0;0;0;0;0;0;
33475;6447680;589905920;27709440;551620608;0;0;0;0;0;0;0;0;0;0;0;3677;0;0;0;0;0;0;
33476;5036694;589905920;27709440;551620608;0;0;0;0;0;0;0;0;0;0;0;4779;0;0;0;0;0;0;
33477;5927023;589905920;27709440;551620608;0;0;0;0;0;0;0;0;0;0;0;3907;0;0;0;0;0;0;
33478;4522911;589905920;27709440;551620608;0;0;0;0;0;0;0;0;0;0;0;4288;0;0;0;0;0;0;
33479;6789841;595714048;42524672;566435840;0;0;0;0;0;0;0;0;0;0;0;4639;0;0;0;0;0;0;
33480;5321328;595714048;42524672;566435840;0;0;0;0;0;0;0;0;0;0;0;6883;0;0;0;0;0;0;
33481;6267461;602005504;42524672;566435840;0;0;0;0;0;0;0;0;0;0;0;4969;0;0;0;0;0;0;
33482;4946796;602005504;42524672;566435840;0;0;0;0;0;0;0;0;0;0;0;3446;0;0;0;0;0;0;
33483;5680441;602005504;42524672;566435840;0;0;0;0;0;0;0;0;0;0;0;4879;0;0;0;0;0;0;
33484;3761573;602005504;42524672;566435840;0;0;0;0;0;0;0;0;0;0;0;4519;0;0;0;0;0;0;
33485;5637992;602005504;42524672;566435840;0;0;0;0;0;0;0;0;0;0;0;4318;0;0;0;0;0;0;
33486;4166543;602005504;42524672;566435840;0;0;0;0;0;0;0;0;0;0;0;4448;0;0;0;0;0;0;
33487;5593869;602005504;42524672;566435840;0;0;0;0;0;0;0;0;0;0;0;7524;0;0;0;0;0;0;
33488;4829967;602005504;42524672;566435840;0;0;0;0;0;0;0;0;0;0;0;5019;0;0;0;0;0;0;
33489;5917165;602005504;42524672;566435840;0;0;0;0;0;0;0;0;0;0;0;5370;0;0;0;0;0;0;
33490;4865613;589914112;27709440;551620608;0;0;0;0;0;0;0;0;0;0;0;7113;0;0;0;0;0;0;
33491;5666815;589914112;27709440;551620608;0;0;0;0;0;0;0;0;0;0;0;3486;0;0;0;0;0;0;
33492;6326022;589914112;27709440;551620608;0;0;0;0;0;0;0;0;0;0;0;4168;0;0;0;0;0;0;
33493;6159139;589914112;27709440;551620608;0;0;0;0;0;0;0;0;0;0;0;4920;0;0;0;0;0;0;
33494;5920240;589914112;27709440;551620608;0;0;0;0;0;0;0;0;0;0;0;4859;0;0;0;0;0;0;
33495;6556914;589914112;27709440;551620608;0;0;0;0;0;0;0;0;0;0;0;5230;0;0;0;0;0;0;
33496;5654342;589914112;27709440;551620608;0;0;0;0;0;0;0;0;0;0;0;4559;0;0;0;0;0;0;
33497;5709265;589914112;27709440;551620608;0;0;0;0;0;0;0;0;0;0;0;4658;0;0;0;0;0;0;
33498;5607474;589914112;27709440;551620608;0;0;0;0;0;0;0;0;0;0;0;5280;0;0;0;0;0;0;
33499;5616902;589914112;27709440;551620608;0;0;0;0;0;0;0;0;0;0;0;4098;0;0;0;0;0;0;
33500;5480767;589914112;27709440;551620608;0;0;0;0;0;0;0;0;0;0;0;4489;0;0;0;0;0;0;
33501;8698951;589914112;27709440;551620608;0;0;0;0;0;0;0;0;0;0;0;4599;0;0;0;0;0;0;
33502;10590858;589914112;27709440;551620608;0;0;0;0;0;0;0;0;0;0;0;5029;0;0;0;0;0;0;
33503;6485741;595722240;42524672;566435840;0;0;0;0;0;0;0;0;0;0;0;6412;0;0;0;0;0;0;
33504;6118463;595722240;42524672;566435840;0;0;0;0;0;0;0;0;0;0;0;3917;0;0;0;0;0;0;
33505;6229109;602013696;42524672;566435840;0;0;0;0;0;0;0;0;0;0;0;3778;0;0;0;0;0;0;
33506;5230738;602013696;42524672;566435840;0;0;0;0;0;0;0;0;0;0;0;4448;0;0;0;0;0;0;
33507;5399605;602013696;42524672;566435840;0;0;0;0;0;0;0;0;0;0;0;4178;0;0;0;0;0;0;
33508;5443487;602013696;42524672;566435840;0;0;0;0;0;0;0;0;0;0;0;4809;0;0;0;0;0;0;
33509;5613826;602013696;42524672;566435840;0;0;0;0;0;0;0;0;0;0;0;4458;0;0;0;0;0;0;
33510;6022543;602013696;42524672;566435840;0;0;0;0;0;0;0;0;0;0;0;3767;0;0;0;0;0;0;
33511;5765250;602013696;42524672;566435840;0;0;0;0;0;0;0;0;0;0;0;4027;0;0;0;0;0;0;
33512;6103505;602013696;42528768;566439936;0;0;0;0;0;0;0;0;0;0;0;3867;0;0;0;0;0;0;
33513;6338094;602013696;42528768;566439936;0;0;0;0;0;0;0;0;0;0;0;3657;0;0;0;0;0;0;
33514;6379411;589922304;27713536;551624704;0;0;0;0;0;0;0;0;0;0;0;3737;0;0;0;0;0;0;
33515;7500724;589922304;27717632;551628800;0;0;0;0;0;0;0;0;0;0;0;3917;0;0;0;0;0;0;
33516;6294032;589922304;27721728;551632896;0;0;0;0;0;0;0;0;0;0;0;5831;0;0;0;0;0;0;
33517;5795457;589922304;27721728;551632896;0;0;0;0;0;0;0;0;0;0;0;5400;0;0;0;0;0;0;
33518;6712296;589922304;27721728;551632896;0;0;0;0;0;0;0;0;0;0;0;5470;0;0;0;0;0;0;
33519;5710287;589922304;27721728;551632896;0;0;0;0;0;0;0;0;0;0;0;4428;0;0;0;0;0;0;
33520;5047705;589922304;27721728;551632896;0;0;0;0;0;0;0;0;0;0;0;4138;0;0;0;0;0;0;
33521;5676303;589922304;27721728;551632896;0;0;0;0;0;0;0;0;0;0;0;3366;0;0;0;0;0;0;
33522;6241864;589922304;27713536;551624704;0;0;0;0;0;0;0;0;0;0;0;4037;0;0;0;0;0;0;
33523;6578796;589922304;27713536;551624704;0;0;0;0;0;0;0;0;0;0;0;3396;0;0;0;0;0;0;
33524;5910022;589922304;27713536;551624704;0;0;0;0;0;0;0;0;0;0;0;3947;0;0;0;0;0;0;
33525;5508669;589922304;27713536;551624704;0;0;0;0;0;0;0;0;0;0;0;4778;0;0;0;0;0;0;
33526;4335570;589922304;27713536;551624704;0;0;0;0;0;0;0;0;0;0;0;3977;0;0;0;0;0;0;
33527;6617839;595730432;42528768;566439936;0;0;0;0;0;0;0;0;0;0;0;3627;0;0;0;0;0;0;
33528;4318578;595730432;42528768;566439936;0;0;0;0;0;0;0;0;0;0;0;4328;0;0;0;0;0;0;
33529;6474590;602021888;42528768;566439936;0;0;0;0;0;0;0;0;0;0;0;9808;0;0;0;0;0;0;
33530;4118152;602021888;42528768;566439936;0;0;0;0;0;0;0;0;0;0;0;5099;0;0;0;0;0;0;
33531;6682520;602021888;42528768;566439936;0;0;0;0;0;0;0;0;0;0;0;4729;0;0;0;0;0;0;
33532;4761939;602021888;42528768;566439936;0;0;0;0;0;0;0;0;0;0;0;5350;0;0;0;0;0;0;
33533;6025799;602021888;42528768;566439936;0;0;0;0;0;0;0;0;0;0;0;5982;0;0;0;0;0;0;
33534;4355597;602021888;42528768;566439936;0;0;0;0;0;0;0;0;0;0;0;4619;0;0;0;0;0;0;
33535;6486873;602021888;42528768;566439936;0;0;0;0;0;0;0;0;0;0;0;3687;0;0;0;0;0;0;
33536;4407404;602021888;42528768;566439936;0;0;0;0;0;0;0;0;0;0;0;3957;0;0;0;0;0;0;
33537;5442335;602021888;42528768;566439936;0;0;0;0;0;0;0;0;0;0;0;4529;0;0;0;0;0;0;
33538;5164895;589926400;27713536;551624704;0;0;0;0;0;0;0;0;0;0;0;4118;0;0;0;0;0;0;
33539;6422402;589926400;27713536;551624704;0;0;0;0;0;0;0;0;0;0;0;4518;0;0;0;0;0;0;
33540;4930004;589926400;27713536;551624704;0;0;0;0;0;0;0;0;0;0;0;5230;0;0;0;0;0;0;
33541;6236734;589926400;27713536;551624704;0;0;0;0;0;0;0;0;0;0;0;5149;0;0;0;0;0;0;
33542;4360867;589926400;27713536;551624704;0;0;0;0;0;0;0;0;0;0;0;4549;0;0;0;0;0;0;
33543;6944361;589926400;27713536;551624704;0;0;0;0;0;0;0;0;0;0;0;4208;0;0;0;0;0;0;
33544;5837044;589926400;27713536;551624704;0;0;0;0;0;0;0;0;0;0;0;4228;0;0;0;0;0;0;
33545;5422157;589926400;27713536;551624704;0;0;0;0;0;0;0;0;0;0;0;5280;0;0;0;0;0;0;
33546;5897939;589926400;27713536;551624704;0;0;0;0;0;0;0;0;0;0;0;3947;0;0;0;0;0;0;
33547;6211126;589926400;27713536;551624704;0;0;0;0;0;0;0;0;0;0;0;4979;0;0;0;0;0;0;
33548;6460173;589926400;27713536;551624704;0;0;0;0;0;0;0;0;0;0;0;4238;0;0;0;0;0;0;
33549;6452589;589926400;27713536;551624704;0;0;0;0;0;0;0;0;0;0;0;4197;0;0;0;0;0;0;
33550;4511399;589926400;27713536;551624704;0;0;0;0;0;0;0;0;0;0;0;4488;0;0;0;0;0;0;
33551;6265498;589926400;27713536;551624704;0;0;0;0;0;0;0;0;0;0;0;3857;0;0;0;0;0;0;
33552;5631750;589926400;27713536;551624704;0;0;0;0;0;0;0;0;0;0;0;4579;0;0;0;0;0;0;
33553;7438718;589926400;27713536;551624704;0;0;0;0;0;0;0;0;0;0;0;8957;0;0;0;0;0;0;
33554;5900944;589926400;27713536;551624704;0;0;0;0;0;0;0;0;0;0;0;11101;0;0;0;0;0;0;
33555;6400902;589926400;27713536;551624704;0;0;0;0;0;0;0;0;0;0;0;4649;0;0;0;0;0;0;
33556;5802740;589926400;27713536;551624704;0;0;0;0;0;0;0;0;0;0;0;5040;0;0;0;0;0;0;
33557;5359610;589926400;27713536;551624704;0;0;0;0;0;0;0;0;0;0;0;3406;0;0;0;0;0;0;
33558;4731111;589926400;27713536;551624704;0;0;0;0;0;0;0;0;0;0;0;6472;0;0;0;0;0;0;
33559;5587216;589926400;27713536;551624704;0;0;0;0;0;0;0;0;0;0;0;4208;0;0;0;0;0;0;
33560;4823845;589926400;27713536;551624704;0;0;0;0;0;0;0;0;0;0;0;6903;0;0;0;0;0;0;
33561;6064952;589926400;27713536;551624704;0;0;0;0;0;0;0;0;0;0;0;7254;0;0;0;0;0;0;
33562;5552511;589926400;27713536;551624704;0;0;0;0;0;0;0;0;0;0;0;4358;0;0;0;0;0;0;
33563;5890636;589926400;27713536;551624704;0;0;0;0;0;0;0;0;0;0;0;5259;0;0;0;0;0;0;
33564;4830738;589926400;27713536;551624704;0;0;0;0;0;0;0;0;0;0;0;5771;0;0;0;0;0;0;
33565;5786841;589926400;27713536;551624704;0;0;0;0;0;0;0;0;0;0;0;4168;0;0;0;0;0;0;
33566;5351204;589926400;27713536;551624704;0;0;0;0;0;0;0;0;0;0;0;5660;0;0;0;0;0;0;
33567;5433958;589926400;27713536;551624704;0;0;0;0;0;0;0;0;0;0;0;3838;0;0;0;0;0;0;
33568;5706621;589926400;27713536;551624704;0;0;0;0;0;0;0;0;0;0;0;8226;0;0;0;0;0;0;
33569;6441498;589926400;27713536;551624704;0;0;0;0;0;0;0;0;0;0;0;4749;0;0;0;0;0;0;
33570;7587857;589926400;27713536;551624704;0;0;0;0;0;0;0;0;0;0;0;3787;0;0;0;0;0;0;
33571;6019066;589926400;27713536;551624704;0;0;0;0;0;0;0;0;0;0;0;4889;0;0;0;0;0;0;
33572;5353278;589926400;27713536;551624704;0;0;0;0;0;0;0;0;0;0;0;3687;0;0;0;0;0;0;
33573;5509331;589926400;27713536;551624704;0;0;0;0;0;0;0;0;0;0;0;4318;0;0;0;0;0;0;
33574;4595747;589926400;27713536;551624704;0;0;0;0;0;0;0;0;0;0;0;5199;0;0;0;0;0;0;
33575;5656185;589926400;27713536;551624704;0;0;0;0;0;0;0;0;0;0;0;6583;0;0;0;0;0;0;
33576;4855925;589926400;27713536;551624704;0;0;0;0;0;0;0;0;0;0;0;4538;0;0;0;0;0;0;
33577;5761603;589926400;27713536;551624704;0;0;0;0;0;0;0;0;0;0;0;4248;0;0;0;0;0;0;
33578;4801303;589926400;27713536;551624704;0;0;0;0;0;0;0;0;0;0;0;3797;0;0;0;0;0;0;
33579;6320963;589926400;27713536;551624704;0;0;0;0;0;0;0;0;0;0;0;4278;0;0;0;0;0;0;
33580;5308654;589926400;27713536;551624704;0;0;0;0;0;0;0;0;0;0;0;4478;0;0;0;0;0;0;
33581;5957170;589926400;27713536;551624704;0;0;0;0;0;0;0;0;0;0;0;4939;0;0;0;0;0;0;
33582;5488812;589926400;27713536;551624704;0;0;0;0;0;0;0;0;0;0;0;3497;0;0;0;0;0;0;
33583;8028274;589926400;27713536;551624704;0;0;0;0;0;0;0;0;0;0;0;5120;0;0;0;0;0;0;
33584;6080451;589926400;27713536;551624704;0;0;0;0;0;0;0;0;0;0;0;4799;0;0;0;0;0;0;
33585;5968661;589926400;27713536;551624704;0;0;0;0;0;0;0;0;0;0;0;4018;0;0;0;0;0;0;
33586;6263535;589926400;27713536;551624704;0;0;0;0;0;0;0;0;0;0;0;4589;0;0;0;0;0;0;
33587;7142502;589926400;27713536;551624704;0;0;0;0;0;0;0;0;0;0;0;4068;0;0;0;0;0;0;
33588;9569653;589926400;27713536;551624704;0;0;0;0;0;0;0;0;0;0;0;3928;0;0;0;0;0;0;
33589;6470162;589926400;27713536;551624704;0;0;0;0;0;0;0;0;0;0;0;4999;0;0;0;0;0;0;
33590;6152947;589926400;27713536;551624704;0;0;0;0;0;0;0;0;0;0;0;3727;0;0;0;0;0;0;
33591;6127640;589926400;27713536;551624704;0;0;0;0;0;0;0;0;0;0;0;4539;0;0;0;0;0;0;
33592;5565626;589926400;27713536;551624704;0;0;0;0;0;0;0;0;0;0;0;12394;0;0;0;0;0;0;
33593;5457994;589926400;27713536;551624704;0;0;0;0;0;0;0;0;0;0;0;3537;0;0;0;0;0;0;
33594;7115341;589926400;27713536;551624704;0;0;0;0;0;0;0;0;0;0;0;4929;0;0;0;0;0;0;
33595;6201588;589926400;27713536;551624704;0;0;0;0;0;0;0;0;0;0;0;3967;0;0;0;0;0;0;
33596;4796604;589926400;27713536;551624704;0;0;0;0;0;0;0;0;0;0;0;3577;0;0;0;0;0;0;
33597;5213175;589926400;27713536;551624704;0;0;0;0;0;0;0;0;0;0;0;2905;0;0;0;0;0;0;
33598;6777879;589926400;27713536;551624704;0;0;0;0;0;0;0;0;0;0;0;4528;0;0;0;0;0;0;
33599;6393878;589926400;27713536;551624704;0;0;0;0;0;0;0;0;0;0;0;4759;0;0;0;0;0;0;
33600;4450375;589926400;27713536;551624704;0;0;0;0;0;0;0;0;0;0;0;5540;0;0;0;0;0;0;
33601;6219723;589926400;27717632;551628800;0;0;0;0;0;0;0;0;0;0;0;4058;0;0;0;0;0;0;
33602;5268920;589926400;27721728;551632896;0;0;0;0;0;0;0;0;0;0;0;4138;0;0;0;0;0;0;
33603;6162966;589926400;27721728;551632896;0;0;0;0;0;0;0;0;0;0;0;3938;0;0;0;0;0;0;
33604;4748914;589926400;27721728;551632896;0;0;0;0;0;0;0;0;0;0;0;3707;0;0;0;0;0;0;
33605;6320591;589926400;27721728;551632896;0;0;0;0;0;0;0;0;0;0;0;3847;0;0;0;0;0;0;
33606;4500649;589926400;27721728;551632896;0;0;0;0;0;0;0;0;0;0;0;4329;0;0;0;0;0;0;
33607;6218611;589926400;27721728;551632896;0;0;0;0;0;0;0;0;0;0;0;4198;0;0;0;0;0;0;
33608;5754079;589938688;27713536;551624704;0;0;0;0;0;0;0;0;0;0;0;4138;0;0;0;0;0;0;
33609;5809703;589938688;27713536;551624704;0;0;0;0;0;0;0;0;0;0;0;3737;0;0;0;0;0;0;
33610;5993979;589938688;27713536;551624704;0;0;0;0;0;0;0;0;0;0;0;4168;0;0;0;0;0;0;
33611;6428764;589938688;27713536;551624704;0;0;0;0;0;0;0;0;0;0;0;4779;0;0;0;0;0;0;
33612;5405415;589938688;27713536;551624704;0;0;0;0;0;0;0;0;0;0;0;4208;0;0;0;0;0;0;
33613;6901531;589938688;27713536;551624704;0;0;0;0;0;0;0;0;0;0;0;5480;0;0;0;0;0;0;
33614;4609533;589938688;27713536;551624704;0;0;0;0;0;0;0;0;0;0;0;3587;0;0;0;0;0;0;
33615;5748388;589938688;27713536;551624704;0;0;0;0;0;0;0;0;0;0;0;3867;0;0;0;0;0;0;
33616;4227687;589938688;27713536;551624704;0;0;0;0;0;0;0;0;0;0;0;4309;0;0;0;0;0;0;
33617;6097233;589938688;27713536;551624704;0;0;0;0;0;0;0;0;0;0;0;3717;0;0;0;0;0;0;
33618;4882746;589938688;27713536;551624704;0;0;0;0;0;0;0;0;0;0;0;5530;0;0;0;0;0;0;
33619;6000661;589938688;27713536;551624704;0;0;0;0;0;0;0;0;0;0;0;4649;0;0;0;0;0;0;
33620;5394845;589938688;27713536;551624704;0;0;0;0;0;0;0;0;0;0;0;7484;0;0;0;0;0;0;
33621;5615559;589938688;27713536;551624704;0;0;0;0;0;0;0;0;0;0;0;3887;0;0;0;0;0;0;
33622;5040481;589938688;27713536;551624704;0;0;0;0;0;0;0;0;0;0;0;4849;0;0;0;0;0;0;
33623;6655890;589938688;27713536;551624704;0;0;0;0;0;0;0;0;0;0;0;5320;0;0;0;0;0;0;
33624;6837360;589938688;27713536;551624704;0;0;0;0;0;0;0;0;0;0;0;6162;0;0;0;0;0;0;
33625;7315506;589938688;27713536;551624704;0;0;0;0;0;0;0;0;0;0;0;5140;0;0;0;0;0;0;
33626;5785809;589938688;27713536;551624704;0;0;0;0;0;0;0;0;0;0;0;4268;0;0;0;0;0;0;
33627;6587101;595746816;42528768;566439936;0;0;0;0;0;0;0;0;0;0;0;3587;0;0;0;0;0;0;
33628;4764093;595746816;42528768;566439936;0;0;0;0;0;0;0;0;0;0;0;3777;0;0;0;0;0;0;
33629;6202701;602038272;42528768;566439936;0;0;0;0;0;0;0;0;0;0;0;5971;0;0;0;0;0;0;
33630;4798308;602038272;42528768;566439936;0;0;0;0;0;0;0;0;0;0;0;9167;0;0;0;0;0;0;
33631;6255900;602038272;42528768;566439936;0;0;0;0;0;0;0;0;0;0;0;4568;0;0;0;0;0;0;
33632;5475607;602038272;42528768;566439936;0;0;0;0;0;0;0;0;0;0;0;4769;0;0;0;0;0;0;
33633;6362791;602038272;42528768;566439936;0;0;0;0;0;0;0;0;0;0;0;7384;0;0;0;0;0;0;
33634;6466976;602038272;42528768;566439936;0;0;0;0;0;0;0;0;0;0;0;6312;0;0;0;0;0;0;
33635;5379096;602038272;42528768;566439936;0;0;0;0;0;0;0;0;0;0;0;4528;0;0;0;0;0;0;
33636;5463965;602038272;42528768;566439936;0;0;0;0;0;0;0;0;0;0;0;5019;0;0;0;0;0;0;
33637;5383164;602038272;42528768;566439936;0;0;0;0;0;0;0;0;0;0;0;3406;0;0;0;0;0;0;
33638;6182984;589942784;27713536;551624704;0;0;0;0;0;0;0;0;0;0;0;6052;0;0;0;0;0;0;
33639;5460418;589942784;27713536;551624704;0;0;0;0;0;0;0;0;0;0;0;4178;0;0;0;0;0;0;
33640;5695830;589942784;27713536;551624704;0;0;0;0;0;0;0;0;0;0;0;4037;0;0;0;0;0;0;
33641;5638322;589942784;27713536;551624704;0;0;0;0;0;0;0;0;0;0;0;4348;0;0;0;0;0;0;
33642;5473002;589942784;27713536;551624704;0;0;0;0;0;0;0;0;0;0;0;3637;0;0;0;0;0;0;
33643;6126487;589942784;27713536;551624704;0;0;0;0;0;0;0;0;0;0;0;5720;0;0;0;0;0;0;
33644;4482114;589942784;27713536;551624704;0;0;0;0;0;0;0;0;0;0;0;4097;0;0;0;0;0;0;
33645;6394540;589942784;27713536;551624704;0;0;0;0;0;0;0;0;0;0;0;5159;0;0;0;0;0;0;
33646;3902608;589942784;27713536;551624704;0;0;0;0;0;0;0;0;0;0;0;5801;0;0;0;0;0;0;
33647;5788494;589942784;27713536;551624704;0;0;0;0;0;0;0;0;0;0;0;5089;0;0;0;0;0;0;
33648;4101862;589942784;27713536;551624704;0;0;0;0;0;0;0;0;0;0;0;4588;0;0;0;0;0;0;
33649;5295760;589942784;27713536;551624704;0;0;0;0;0;0;0;0;0;0;0;4448;0;0;0;0;0;0;
33650;4273723;589942784;27713536;551624704;0;0;0;0;0;0;0;0;0;0;0;4128;0;0;0;0;0;0;
33651;6144702;595750912;42528768;566439936;0;0;0;0;0;0;0;0;0;0;0;4849;0;0;0;0;0;0;
33652;4396975;595750912;42528768;566439936;0;0;0;0;0;0;0;0;0;0;0;5620;0;0;0;0;0;0;
33653;6118563;602042368;42528768;566439936;0;0;0;0;0;0;0;0;0;0;0;5721;0;0;0;0;0;0;
33654;4146956;602042368;42528768;566439936;0;0;0;0;0;0;0;0;0;0;0;4509;0;0;0;0;0;0;
33655;5887720;602042368;42528768;566439936;0;0;0;0;0;0;0;0;0;0;0;5160;0;0;0;0;0;0;
33656;4590969;602042368;42528768;566439936;0;0;0;0;0;0;0;0;0;0;0;4248;0;0;0;0;0;0;
33657;5386100;602042368;42528768;566439936;0;0;0;0;0;0;0;0;0;0;0;6582;0;0;0;0;0;0;
33658;4696636;602042368;42528768;566439936;0;0;0;0;0;0;0;0;0;0;0;4108;0;0;0;0;0;0;
33659;5426956;602042368;42528768;566439936;0;0;0;0;0;0;0;0;0;0;0;3556;0;0;0;0;0;0;
33660;5139467;602042368;42528768;566439936;0;0;0;0;0;0;0;0;0;0;0;4919;0;0;0;0;0;0;
33661;5044849;602042368;42528768;566439936;0;0;0;0;0;0;0;0;0;0;0;3677;0;0;0;0;0;0;
33662;5270452;589946880;27713536;551624704;0;0;0;0;0;0;0;0;0;0;0;5020;0;0;0;0;0;0;
33663;4948428;589946880;27713536;551624704;0;0;0;0;0;0;0;0;0;0;0;3025;0;0;0;0;0;0;
33664;5280190;589946880;27713536;551624704;0;0;0;0;0;0;0;0;0;0;0;3918;0;0;0;0;0;0;
33665;5163983;589946880;27713536;551624704;0;0;0;0;0;0;0;0;0;0;0;2955;0;0;0;0;0;0;
33666;5371081;589946880;27713536;551624704;0;0;0;0;0;0;0;0;0;0;0;4118;0;0;0;0;0;0;
33667;5080026;589946880;27713536;551624704;0;0;0;0;0;0;0;0;0;0;0;2504;0;0;0;0;0;0;
33668;4368041;589946880;27713536;551624704;0;0;0;0;0;0;0;0;0;0;0;4819;0;0;0;0;0;0;
33669;5201443;589946880;27713536;551624704;0;0;0;0;0;0;0;0;0;0;0;3968;0;0;0;0;0;0;
33670;4016661;589946880;27713536;551624704;0;0;0;0;0;0;0;0;0;0;0;3697;0;0;0;0;0;0;
33671;5786951;589946880;27713536;551624704;0;0;0;0;0;0;0;0;0;0;0;3918;0;0;0;0;0;0;
33672;4229120;589946880;27713536;551624704;0;0;0;0;0;0;0;0;0;0;0;3687;0;0;0;0;0;0;
33673;6476103;589946880;27713536;551624704;0;0;0;0;0;0;0;0;0;0;0;4659;0;0;0;0;0;0;
33674;4946575;589946880;27713536;551624704;0;0;0;0;0;0;0;0;0;0;0;6031;0;0;0;0;0;0;
33675;12226846;595755008;42528768;566439936;0;0;0;0;0;0;0;0;0;0;0;3507;0;0;0;0;0;0;
33676;3784847;595755008;42528768;566439936;0;0;0;0;0;0;0;0;0;0;0;6643;0;0;0;0;0;0;
33677;5641529;602046464;42528768;566439936;0;0;0;0;0;0;0;0;0;0;0;3156;0;0;0;0;0;0;
33678;3735143;602046464;42528768;566439936;0;0;0;0;0;0;0;0;0;0;0;5110;0;0;0;0;0;0;
33679;5758197;602046464;42528768;566439936;0;0;0;0;0;0;0;0;0;0;0;5871;0;0;0;0;0;0;
33680;6790142;602046464;42528768;566439936;0;0;0;0;0;0;0;0;0;0;0;4489;0;0;0;0;0;0;
33681;6344807;602046464;42528768;566439936;0;0;0;0;0;0;0;0;0;0;0;4889;0;0;0;0;0;0;
33682;4718718;602046464;42528768;566439936;0;0;0;0;0;0;0;0;0;0;0;3777;0;0;0;0;0;0;
33683;6727284;602046464;42528768;566439936;0;0;0;0;0;0;0;0;0;0;0;4569;0;0;0;0;0;0;
33684;4035848;602046464;42528768;566439936;0;0;0;0;0;0;0;0;0;0;0;3727;0;0;0;0;0;0;
33685;7507117;602046464;42528768;566439936;0;0;0;0;0;0;0;0;0;0;0;3737;0;0;0;0;0;0;
33686;4631224;589950976;27713536;551624704;0;0;0;0;0;0;0;0;0;0;0;5751;0;0;0;0;0;0;
33687;5369959;589950976;27713536;551624704;0;0;0;0;0;0;0;0;0;0;0;4779;0;0;0;0;0;0;
33688;3858815;589950976;27713536;551624704;0;0;0;0;0;0;0;0;0;0;0;4278;0;0;0;0;0;0;
33689;5555477;589950976;27713536;551624704;0;0;0;0;0;0;0;0;0;0;0;4799;0;0;0;0;0;0;
33690;4686227;589950976;27713536;551624704;0;0;0;0;0;0;0;0;0;0;0;4910;0;0;0;0;0;0;
33691;5978269;589950976;27713536;551624704;0;0;0;0;0;0;0;0;0;0;0;3517;0;0;0;0;0;0;
33692;5829701;589950976;27713536;551624704;0;0;0;0;0;0;0;0;0;0;0;4659;0;0;0;0;0;0;
33693;5370099;589950976;27713536;551624704;0;0;0;0;0;0;0;0;0;0;0;4328;0;0;0;0;0;0;
33694;4702848;589950976;27713536;551624704;0;0;0;0;0;0;0;0;0;0;0;4529;0;0;0;0;0;0;
33695;4898615;589950976;27713536;551624704;0;0;0;0;0;0;0;0;0;0;0;3376;0;0;0;0;0;0;
33696;5455449;589950976;27713536;551624704;0;0;0;0;0;0;0;0;0;0;0;4108;0;0;0;0;0;0;
33697;5282425;589950976;27713536;551624704;0;0;0;0;0;0;0;0;0;0;0;3878;0;0;0;0;0;0;
33698;5247249;589950976;27713536;551624704;0;0;0;0;0;0;0;0;0;0;0;4308;0;0;0;0;0;0;
33699;5339322;589950976;27713536;551624704;0;0;0;0;0;0;0;0;0;0;0;4368;0;0;0;0;0;0;
33700;4785743;589950976;27713536;551624704;0;0;0;0;0;0;0;0;0;0;0;5440;0;0;0;0;0;0;
33701;5488852;589950976;27713536;551624704;0;0;0;0;0;0;0;0;0;0;0;5040;0;0;0;0;0;0;
33702;4940173;589950976;27713536;551624704;0;0;0;0;0;0;0;0;0;0;0;4429;0;0;0;0;0;0;
33703;5628544;589950976;27713536;551624704;0;0;0;0;0;0;0;0;0;0;0;4518;0;0;0;0;0;0;
33704;4589986;589950976;27713536;551624704;0;0;0;0;0;0;0;0;0;0;0;5189;0;0;0;0;0;0;
33705;5158623;589950976;27713536;551624704;0;0;0;0;0;0;0;0;0;0;0;4418;0;0;0;0;0;0;
33706;4998893;589950976;27713536;551624704;0;0;0;0;0;0;0;0;0;0;0;3997;0;0;0;0;0;0;
33707;5959434;589950976;27713536;551624704;0;0;0;0;0;0;0;0;0;0;0;3817;0;0;0;0;0;0;
33708;4687519;589950976;27713536;551624704;0;0;0;0;0;0;0;0;0;0;0;5380;0;0;0;0;0;0;
33709;5599699;589950976;27713536;551624704;0;0;0;0;0;0;0;0;0;0;0;4399;0;0;0;0;0;0;
33710;4640822;589950976;27713536;551624704;0;0;0;0;0;0;0;0;0;0;0;4678;0;0;0;0;0;0;
33711;5779337;589950976;27713536;551624704;0;0;0;0;0;0;0;0;0;0;0;3867;0;0;0;0;0;0;
33712;4602961;589950976;27713536;551624704;0;0;0;0;0;0;0;0;0;0;0;5059;0;0;0;0;0;0;
33713;6333265;589950976;27713536;551624704;0;0;0;0;0;0;0;0;0;0;0;4709;0;0;0;0;0;0;
33714;4020088;589950976;27713536;551624704;0;0;0;0;0;0;0;0;0;0;0;3547;0;0;0;0;0;0;
33715;5899242;589950976;27713536;551624704;0;0;0;0;0;0;0;0;0;0;0;6292;0;0;0;0;0;0;
33716;3821425;589950976;27713536;551624704;0;0;0;0;0;0;0;0;0;0;0;7184;0;0;0;0;0;0;
33717;5915752;589950976;27713536;551624704;0;0;0;0;0;0;0;0;0;0;0;4278;0;0;0;0;0;0;
33718;4418444;589950976;27713536;551624704;0;0;0;0;0;0;0;0;0;0;0;5150;0;0;0;0;0;0;
33719;6392486;589950976;27713536;551624704;0;0;0;0;0;0;0;0;0;0;0;5491;0;0;0;0;0;0;
33720;4930775;589950976;27713536;551624704;0;0;0;0;0;0;0;0;0;0;0;4850;0;0;0;0;0;0;
33721;6910728;589950976;27713536;551624704;0;0;0;0;0;0;0;0;0;0;0;4989;0;0;0;0;0;0;
33722;4644219;589950976;27713536;551624704;0;0;0;0;0;0;0;0;0;0;0;5050;0;0;0;0;0;0;
33723;6323637;589950976;27713536;551624704;0;0;0;0;0;0;0;0;0;0;0;5590;0;0;0;0;0;0;
33724;5265723;589950976;27713536;551624704;0;0;0;0;0;0;0;0;0;0;0;11632;0;0;0;0;0;0;
33725;5978540;589950976;27713536;551624704;0;0;0;0;0;0;0;0;0;0;0;5250;0;0;0;0;0;0;
33726;5119950;589950976;27713536;551624704;0;0;0;0;0;0;0;0;0;0;0;4609;0;0;0;0;0;0;
33727;6216376;589950976;27713536;551624704;0;0;0;0;0;0;0;0;0;0;0;5320;0;0;0;0;0;0;
33728;4346811;589950976;27713536;551624704;0;0;0;0;0;0;0;0;0;0;0;3777;0;0;0;0;0;0;
33729;5265363;589950976;27713536;551624704;0;0;0;0;0;0;0;0;0;0;0;3236;0;0;0;0;0;0;
33730;4950101;589950976;27713536;551624704;0;0;0;0;0;0;0;0;0;0;0;4949;0;0;0;0;0;0;
33731;5739001;589950976;27713536;551624704;0;0;0;0;0;0;0;0;0;0;0;5470;0;0;0;0;0;0;
33732;4616295;589950976;27713536;551624704;0;0;0;0;0;0;0;0;0;0;0;5300;0;0;0;0;0;0;
33733;5871419;589950976;27713536;551624704;0;0;0;0;0;0;0;0;0;0;0;4689;0;0;0;0;0;0;
33734;4413265;589950976;27713536;551624704;0;0;0;0;0;0;0;0;0;0;0;4859;0;0;0;0;0;0;
33735;5750342;589950976;27713536;551624704;0;0;0;0;0;0;0;0;0;0;0;3056;0;0;0;0;0;0;
33736;4813485;589950976;27713536;551624704;0;0;0;0;0;0;0;0;0;0;0;4258;0;0;0;0;0;0;
33737;5767905;589950976;27713536;551624704;0;0;0;0;0;0;0;0;0;0;0;6031;0;0;0;0;0;0;
33738;4248797;589950976;27713536;551624704;0;0;0;0;0;0;0;0;0;0;0;7544;0;0;0;0;0;0;
33739;5637982;589950976;27713536;551624704;0;0;0;0;0;0;0;0;0;0;0;3416;0;0;0;0;0;0;
33740;5023730;589950976;27713536;551624704;0;0;0;0;0;0;0;0;0;0;0;4678;0;0;0;0;0;0;
33741;6908163;589950976;27713536;551624704;0;0;0;0;0;0;0;0;0;0;0;5109;0;0;0;0;0;0;
33742;5496336;589950976;27713536;551624704;0;0;0;0;0;0;0;0;0;0;0;5300;0;0;0;0;0;0;
33743;5934387;589950976;27713536;551624704;0;0;0;0;0;0;0;0;0;0;0;4719;0;0;0;0;0;0;
33744;3976196;589950976;27713536;551624704;0;0;0;0;0;0;0;0;0;0;0;4649;0;0;0;0;0;0;
33745;6064431;589950976;27713536;551624704;0;0;0;0;0;0;0;0;0;0;0;4038;0;0;0;0;0;0;
33746;3896226;589950976;27713536;551624704;0;0;0;0;0;0;0;0;0;0;0;4759;0;0;0;0;0;0;
33747;6134793;589950976;27713536;551624704;0;0;0;0;0;0;0;0;0;0;0;6352;0;0;0;0;0;0;
33748;6744576;589950976;27713536;551624704;0;0;0;0;0;0;0;0;0;0;0;5079;0;0;0;0;0;0;
33749;5599008;589950976;27713536;551624704;0;0;0;0;0;0;0;0;0;0;0;4348;0;0;0;0;0;0;
33750;4715031;589950976;27713536;551624704;0;0;0;0;0;0;0;0;0;0;0;4749;0;0;0;0;0;0;
33751;5261977;589950976;27713536;551624704;0;0;0;0;0;0;0;0;0;0;0;3847;0;0;0;0;0;0;
33752;4710413;589950976;27713536;551624704;0;0;0;0;0;0;0;0;0;0;0;4679;0;0;0;0;0;0;
33753;5365170;589950976;27713536;551624704;0;0;0;0;0;0;0;0;0;0;0;3647;0;0;0;0;0;0;
33754;4746189;589950976;27713536;551624704;0;0;0;0;0;0;0;0;0;0;0;4949;0;0;0;0;0;0;
33755;5223605;589950976;27713536;551624704;0;0;0;0;0;0;0;0;0;0;0;3276;0;0;0;0;0;0;
33756;5083041;589950976;27713536;551624704;0;0;0;0;0;0;0;0;0;0;0;6693;0;0;0;0;0;0;
33757;5762525;589950976;27713536;551624704;0;0;0;0;0;0;0;0;0;0;0;4759;0;0;0;0;0;0;
33758;5341205;589950976;27713536;551624704;0;0;0;0;0;0;0;0;0;0;0;4157;0;0;0;0;0;0;
33759;6062026;589950976;27713536;551624704;0;0;0;0;0;0;0;0;0;0;0;4519;0;0;0;0;0;0;
33760;5384076;589950976;27713536;551624704;0;0;0;0;0;0;0;0;0;0;0;5160;0;0;0;0;0;0;
33761;5769659;589950976;27713536;551624704;0;0;0;0;0;0;0;0;0;0;0;4869;0;0;0;0;0;0;
33762;5432417;589950976;27713536;551624704;0;0;0;0;0;0;0;0;0;0;0;6722;0;0;0;0;0;0;
33763;5570285;589950976;27713536;551624704;0;0;0;0;0;0;0;0;0;0;0;5731;0;0;0;0;0;0;
33764;5193919;589950976;27713536;551624704;0;0;0;0;0;0;0;0;0;0;0;6613;0;0;0;0;0;0;
33765;5857563;589950976;27713536;551624704;0;0;0;0;0;0;0;0;0;0;0;6472;0;0;0;0;0;0;
33766;5780930;589950976;27713536;551624704;0;0;0;0;0;0;0;0;0;0;0;4558;0;0;0;0;0;0;
33767;5571617;589950976;27713536;551624704;0;0;0;0;0;0;0;0;0;0;0;3407;0;0;0;0;0;0;
33768;5387091;589950976;27713536;551624704;0;0;0;0;0;0;0;0;0;0;0;5150;0;0;0;0;0;0;
33769;5332528;589950976;27713536;551624704;0;0;0;0;0;0;0;0;0;0;0;3116;0;0;0;0;0;0;
33770;5469676;589950976;27713536;551624704;0;0;0;0;0;0;0;0;0;0;0;5330;0;0;0;0;0;0;
33771;5930470;589950976;27713536;551624704;0;0;0;0;0;0;0;0;0;0;0;4769;0;0;0;0;0;0;
33772;4215103;589950976;27713536;551624704;0;0;0;0;0;0;0;0;0;0;0;4398;0;0;0;0;0;0;
33773;5609067;589950976;27713536;551624704;0;0;0;0;0;0;0;0;0;0;0;7293;0;0;0;0;0;0;
33774;3973961;589950976;27713536;551624704;0;0;0;0;0;0;0;0;0;0;0;4208;0;0;0;0;0;0;
33775;6989505;595759104;42528768;566439936;0;0;0;0;0;0;0;0;0;0;0;5590;0;0;0;0;0;0;
33776;4474400;595759104;42528768;566439936;0;0;0;0;0;0;0;0;0;0;0;6242;0;0;0;0;0;0;
33777;6597561;602050560;42528768;566439936;0;0;0;0;0;0;0;0;0;0;0;11261;0;0;0;0;0;0;
33778;4817874;602050560;42528768;566439936;0;0;0;0;0;0;0;0;0;0;0;5320;0;0;0;0;0;0;
33779;6161683;602050560;42528768;566439936;0;0;0;0;0;0;0;0;0;0;0;3787;0;0;0;0;0;0;
33780;3975234;602050560;42528768;566439936;0;0;0;0;0;0;0;0;0;0;0;4709;0;0;0;0;0;0;
33781;6415780;602050560;42528768;566439936;0;0;0;0;0;0;0;0;0;0;0;5631;0;0;0;0;0;0;
33782;3858625;602050560;42528768;566439936;0;0;0;0;0;0;0;0;0;0;0;6281;0;0;0;0;0;0;
33783;5779216;602050560;42528768;566439936;0;0;0;0;0;0;0;0;0;0;0;5380;0;0;0;0;0;0;
33784;4174247;602050560;42528768;566439936;0;0;0;0;0;0;0;0;0;0;0;5471;0;0;0;0;0;0;
33785;5412709;602050560;42528768;566439936;0;0;0;0;0;0;0;0;0;0;0;3947;0;0;0;0;0;0;
33786;4287399;589967360;27713536;551624704;0;0;0;0;0;0;0;0;0;0;0;7645;0;0;0;0;0;0;
33787;6131557;589967360;27713536;551624704;0;0;0;0;0;0;0;0;0;0;0;4559;0;0;0;0;0;0;
33788;4704781;589967360;27713536;551624704;0;0;0;0;0;0;0;0;0;0;0;6863;0;0;0;0;0;0;
33789;7054618;589967360;27713536;551624704;0;0;0;0;0;0;0;0;0;0;0;7123;0;0;0;0;0;0;
33790;6383258;589967360;27713536;551624704;0;0;0;0;0;0;0;0;0;0;0;5651;0;0;0;0;0;0;
33791;5667276;589967360;27713536;551624704;0;0;0;0;0;0;0;0;0;0;0;3687;0;0;0;0;0;0;
33792;5457713;589967360;27713536;551624704;0;0;0;0;0;0;0;0;0;0;0;3707;0;0;0;0;0;0;
33793;6282890;589967360;27713536;551624704;0;0;0;0;0;0;0;0;0;0;0;4829;0;0;0;0;0;0;
33794;4967744;589967360;27713536;551624704;0;0;0;0;0;0;0;0;0;0;0;4849;0;0;0;0;0;0;
33795;5939627;589967360;27713536;551624704;0;0;0;0;0;0;0;0;0;0;0;6643;0;0;0;0;0;0;
33796;5034210;589967360;27713536;551624704;0;0;0;0;0;0;0;0;0;0;0;4688;0;0;0;0;0;0;
33797;6468258;589967360;27713536;551624704;0;0;0;0;0;0;0;0;0;0;0;4980;0;0;0;0;0;0;
33798;5620408;589967360;27713536;551624704;0;0;0;0;0;0;0;0;0;0;0;4469;0;0;0;0;0;0;
33799;6736511;595775488;42528768;566439936;0;0;0;0;0;0;0;0;0;0;0;4238;0;0;0;0;0;0;
33800;5432676;595775488;42528768;566439936;0;0;0;0;0;0;0;0;0;0;0;5500;0;0;0;0;0;0;
33801;5882941;602066944;42528768;566439936;0;0;0;0;0;0;0;0;0;0;0;4748;0;0;0;0;0;0;
33802;4765917;602066944;42528768;566439936;0;0;0;0;0;0;0;0;0;0;0;4990;0;0;0;0;0;0;
33803;5740834;602066944;42528768;566439936;0;0;0;0;0;0;0;0;0;0;0;4088;0;0;0;0;0;0;
33804;5660735;602066944;42528768;566439936;0;0;0;0;0;0;0;0;0;0;0;4628;0;0;0;0;0;0;
33805;5195421;602066944;42528768;566439936;0;0;0;0;0;0;0;0;0;0;0;4007;0;0;0;0;0;0;
33806;5002049;602066944;42528768;566439936;0;0;0;0;0;0;0;0;0;0;0;5300;0;0;0;0;0;0;
33807;4960220;602066944;42528768;566439936;0;0;0;0;0;0;0;0;0;0;0;3366;0;0;0;0;0;0;
33808;4728656;602066944;42528768;566439936;0;0;0;0;0;0;0;0;0;0;0;3587;0;0;0;0;0;0;
33809;5163102;602066944;42528768;566439936;0;0;0;0;0;0;0;0;0;0;0;4157;0;0;0;0;0;0;
33810;5090766;589971456;27713536;551624704;0;0;0;0;0;0;0;0;0;0;0;3958;0;0;0;0;0;0;
33811;6431871;589971456;27713536;551624704;0;0;0;0;0;0;0;0;0;0;0;3817;0;0;0;0;0;0;
33812;5006588;589971456;27713536;551624704;0;0;0;0;0;0;0;0;0;0;0;4448;0;0;0;0;0;0;
33813;5422547;589971456;27713536;551624704;0;0;0;0;0;0;0;0;0;0;0;4618;0;0;0;0;0;0;
33814;4957896;589971456;27713536;551624704;0;0;0;0;0;0;0;0;0;0;0;5731;0;0;0;0;0;0;
33815;5639194;589971456;27713536;551624704;0;0;0;0;0;0;0;0;0;0;0;6242;0;0;0;0;0;0;
33816;6598403;589971456;27713536;551624704;0;0;0;0;0;0;0;0;0;0;0;9708;0;0;0;0;0;0;
33817;5261055;589971456;27713536;551624704;0;0;0;0;0;0;0;0;0;0;0;4088;0;0;0;0;0;0;
33818;5506034;589971456;27713536;551624704;0;0;0;0;0;0;0;0;0;0;0;5390;0;0;0;0;0;0;
33819;5105333;589971456;27713536;551624704;0;0;0;0;0;0;0;0;0;0;0;3927;0;0;0;0;0;0;
33820;4422733;589971456;27713536;551624704;0;0;0;0;0;0;0;0;0;0;0;5330;0;0;0;0;0;0;
33821;6063068;589971456;27713536;551624704;0;0;0;0;0;0;0;0;0;0;0;3386;0;0;0;0;0;0;
33822;4729247;589971456;27713536;551624704;0;0;0;0;0;0;0;0;0;0;0;5480;0;0;0;0;0;0;
33823;6904978;595779584;42528768;566439936;0;0;0;0;0;0;0;0;0;0;0;3586;0;0;0;0;0;0;
33824;5586084;595779584;42528768;566439936;0;0;0;0;0;0;0;0;0;0;0;6072;0;0;0;0;0;0;
33825;5992877;602071040;42528768;566439936;0;0;0;0;0;0;0;0;0;0;0;4168;0;0;0;0;0;0;
33826;5621561;602071040;42528768;566439936;0;0;0;0;0;0;0;0;0;0;0;5371;0;0;0;0;0;0;
33827;5186756;602071040;42528768;566439936;0;0;0;0;0;0;0;0;0;0;0;3216;0;0;0;0;0;0;
33828;5602305;602071040;42528768;566439936;0;0;0;0;0;0;0;0;0;0;0;5380;0;0;0;0;0;0;
33829;5107507;602071040;42528768;566439936;0;0;0;0;0;0;0;0;0;0;0;3998;0;0;0;0;0;0;
33830;5334733;602071040;42528768;566439936;0;0;0;0;0;0;0;0;0;0;0;4809;0;0;0;0;0;0;
33831;6130936;602071040;42528768;566439936;0;0;0;0;0;0;0;0;0;0;0;5460;0;0;0;0;0;0;
33832;4845465;602071040;42528768;566439936;0;0;0;0;0;0;0;0;0;0;0;5520;0;0;0;0;0;0;
33833;5907317;602071040;42528768;566439936;0;0;0;0;0;0;0;0;0;0;0;4188;0;0;0;0;0;0;
33834;4343575;589975552;27713536;551624704;0;0;0;0;0;0;0;0;0;0;0;4388;0;0;0;0;0;0;
33835;6010259;589975552;27713536;551624704;0;0;0;0;0;0;0;0;0;0;0;3527;0;0;0;0;0;0;
33836;4332464;589975552;27713536;551624704;0;0;0;0;0;0;0;0;0;0;0;3998;0;0;0;0;0;0;
33837;6323016;589975552;27713536;551624704;0;0;0;0;0;0;0;0;0;0;0;4509;0;0;0;0;0;0;
33838;4946274;589975552;27713536;551624704;0;0;0;0;0;0;0;0;0;0;0;7193;0;0;0;0;0;0;
33839;5723242;589975552;27713536;551624704;0;0;0;0;0;0;0;0;0;0;0;4358;0;0;0;0;0;0;
33840;5092859;589975552;27713536;551624704;0;0;0;0;0;0;0;0;0;0;0;3837;0;0;0;0;0;0;
33841;6353894;589975552;27713536;551624704;0;0;0;0;0;0;0;0;0;0;0;4789;0;0;0;0;0;0;
33842;4631244;589975552;27713536;551624704;0;0;0;0;0;0;0;0;0;0;0;5029;0;0;0;0;0;0;
33843;5797450;589975552;27713536;551624704;0;0;0;0;0;0;0;0;0;0;0;5119;0;0;0;0;0;0;
33844;4436088;589975552;27713536;551624704;0;0;0;0;0;0;0;0;0;0;0;5040;0;0;0;0;0;0;
33845;6093256;589975552;27713536;551624704;0;0;0;0;0;0;0;0;0;0;0;4919;0;0;0;0;0;0;
33846;4484659;589975552;27713536;551624704;0;0;0;0;0;0;0;0;0;0;0;4549;0;0;0;0;0;0;
33847;6582373;589975552;27713536;551624704;0;0;0;0;0;0;0;0;0;0;0;5119;0;0;0;0;0;0;
33848;4887113;589975552;27713536;551624704;0;0;0;0;0;0;0;0;0;0;0;5140;0;0;0;0;0;0;
33849;6055875;589975552;27713536;551624704;0;0;0;0;0;0;0;0;0;0;0;7555;0;0;0;0;0;0;
33850;4537127;589975552;27713536;551624704;0;0;0;0;0;0;0;0;0;0;0;5621;0;0;0;0;0;0;
33851;5913178;589975552;27713536;551624704;0;0;0;0;0;0;0;0;0;0;0;5020;0;0;0;0;0;0;
33852;5134458;589975552;27713536;551624704;0;0;0;0;0;0;0;0;0;0;0;5701;0;0;0;0;0;0;
33853;5900955;589975552;27713536;551624704;0;0;0;0;0;0;0;0;0;0;0;4248;0;0;0;0;0;0;
33854;4746099;589975552;27713536;551624704;0;0;0;0;0;0;0;0;0;0;0;4308;0;0;0;0;0;0;
33855;5668739;589975552;27713536;551624704;0;0;0;0;0;0;0;0;0;0;0;3115;0;0;0;0;0;0;
33856;4549060;589975552;27713536;551624704;0;0;0;0;0;0;0;0;0;0;0;3957;0;0;0;0;0;0;
33857;5799254;589975552;27713536;551624704;0;0;0;0;0;0;0;0;0;0;0;6543;0;0;0;0;0;0;
33858;4667482;589975552;27713536;551624704;0;0;0;0;0;0;0;0;0;0;0;4459;0;0;0;0;0;0;
33859;11231259;589975552;27713536;551624704;0;0;0;0;0;0;0;0;0;0;0;3747;0;0;0;0;0;0;
33860;4852219;589975552;27713536;551624704;0;0;0;0;0;0;0;0;0;0;0;3827;0;0;0;0;0;0;
33861;6482235;589975552;27713536;551624704;0;0;0;0;0;0;0;0;0;0;0;3917;0;0;0;0;0;0;
33862;4781516;589975552;27713536;551624704;0;0;0;0;0;0;0;0;0;0;0;5069;0;0;0;0;0;0;
33863;5755682;589975552;27713536;551624704;0;0;0;0;0;0;0;0;0;0;0;5731;0;0;0;0;0;0;
33864;4252814;589975552;27713536;551624704;0;0;0;0;0;0;0;0;0;0;0;4198;0;0;0;0;0;0;
33865;6462066;589975552;27713536;551624704;0;0;0;0;0;0;0;0;0;0;0;4509;0;0;0;0;0;0;
33866;4292990;589975552;27713536;551624704;0;0;0;0;0;0;0;0;0;0;0;5080;0;0;0;0;0;0;
33867;6510548;589975552;27713536;551624704;0;0;0;0;0;0;0;0;0;0;0;7063;0;0;0;0;0;0;
33868;4908413;589975552;27713536;551624704;0;0;0;0;0;0;0;0;0;0;0;4278;0;0;0;0;0;0;
33869;6365285;589975552;27713536;551624704;0;0;0;0;0;0;0;0;0;0;0;4599;0;0;0;0;0;0;
33870;5760962;589975552;27713536;551624704;0;0;0;0;0;0;0;0;0;0;0;6241;0;0;0;0;0;0;
33871;6558307;589975552;27713536;551624704;0;0;0;0;0;0;0;0;0;0;0;4088;0;0;0;0;0;0;
33872;5093791;589975552;27713536;551624704;0;0;0;0;0;0;0;0;0;0;0;5160;0;0;0;0;0;0;
33873;5579882;589975552;27713536;551624704;0;0;0;0;0;0;0;0;0;0;0;3968;0;0;0;0;0;0;
33874;4915026;589975552;27713536;551624704;0;0;0;0;0;0;0;0;0;0;0;4529;0;0;0;0;0;0;
33875;6201277;589975552;27713536;551624704;0;0;0;0;0;0;0;0;0;0;0;5671;0;0;0;0;0;0;
33876;4156934;589975552;27713536;551624704;0;0;0;0;0;0;0;0;0;0;0;4369;0;0;0;0;0;0;
33877;6243336;589975552;27713536;551624704;0;0;0;0;0;0;0;0;0;0;0;6002;0;0;0;0;0;0;
33878;4520115;589975552;27713536;551624704;0;0;0;0;0;0;0;0;0;0;0;4398;0;0;0;0;0;0;
33879;6020509;589975552;27713536;551624704;0;0;0;0;0;0;0;0;0;0;0;4258;0;0;0;0;0;0;
33880;4953699;589975552;27713536;551624704;0;0;0;0;0;0;0;0;0;0;0;5240;0;0;0;0;0;0;
33881;5929709;589975552;27713536;551624704;0;0;0;0;0;0;0;0;0;0;0;3216;0;0;0;0;0;0;
33882;4442109;589975552;27713536;551624704;0;0;0;0;0;0;0;0;0;0;0;5531;0;0;0;0;0;0;
33883;5931432;589975552;27713536;551624704;0;0;0;0;0;0;0;0;0;0;0;4439;0;0;0;0;0;0;
33884;4442850;589975552;27713536;551624704;0;0;0;0;0;0;0;0;0;0;0;3798;0;0;0;0;0;0;
33885;6000301;589975552;27713536;551624704;0;0;0;0;0;0;0;0;0;0;0;4068;0;0;0;0;0;0;
33886;5195582;589975552;27713536;551624704;0;0;0;0;0;0;0;0;0;0;0;4688;0;0;0;0;0;0;
33887;5963001;589975552;27713536;551624704;0;0;0;0;0;0;0;0;0;0;0;4459;0;0;0;0;0;0;
33888;5464877;589975552;27713536;551624704;0;0;0;0;0;0;0;0;0;0;0;6552;0;0;0;0;0;0;
33889;5297353;589975552;27713536;551624704;0;0;0;0;0;0;0;0;0;0;0;3958;0;0;0;0;0;0;
33890;4775073;589975552;27713536;551624704;0;0;0;0;0;0;0;0;0;0;0;8105;0;0;0;0;0;0;
33891;5174393;589975552;27713536;551624704;0;0;0;0;0;0;0;0;0;0;0;5521;0;0;0;0;0;0;
33892;4452639;589975552;27713536;551624704;0;0;0;0;0;0;0;0;0;0;0;8035;0;0;0;0;0;0;
33893;4982964;589975552;27713536;551624704;0;0;0;0;0;0;0;0;0;0;0;4508;0;0;0;0;0;0;
33894;5301600;589975552;27713536;551624704;0;0;0;0;0;0;0;0;0;0;0;5060;0;0;0;0;0;0;
33895;7095014;589975552;27713536;551624704;0;0;0;0;0;0;0;0;0;0;0;115186;0;0;0;0;0;0;
33896;5106776;589975552;27713536;551624704;0;0;0;0;0;0;0;0;0;0;0;7454;0;0;0;0;0;0;
33897;5646928;589975552;27713536;551624704;0;0;0;0;0;0;0;0;0;0;0;5751;0;0;0;0;0;0;
33898;5476288;589975552;27713536;551624704;0;0;0;0;0;0;0;0;0;0;0;5360;0;0;0;0;0;0;
33899;6459582;589975552;27713536;551624704;0;0;0;0;0;0;0;0;0;0;0;4078;0;0;0;0;0;0;
33900;5649673;589975552;27713536;551624704;0;0;0;0;0;0;0;0;0;0;0;3406;0;0;0;0;0;0;
33901;7017579;589975552;27713536;551624704;0;0;0;0;0;0;0;0;0;0;0;5040;0;0;0;0;0;0;
33902;5304366;589975552;27713536;551624704;0;0;0;0;0;0;0;0;0;0;0;121107;0;0;0;0;0;0;
33903;6684624;589975552;27713536;551624704;0;0;0;0;0;0;0;0;0;0;0;5400;0;0;0;0;0;0;
33904;5729332;589975552;27713536;551624704;0;0;0;0;0;0;0;0;0;0;0;4338;0;0;0;0;0;0;
33905;6806162;589975552;27713536;551624704;0;0;0;0;0;0;0;0;0;0;0;4639;0;0;0;0;0;0;
33906;5439990;589975552;27713536;551624704;0;0;0;0;0;0;0;0;0;0;0;4960;0;0;0;0;0;0;
33907;6608721;589975552;27713536;551624704;0;0;0;0;0;0;0;0;0;0;0;5310;0;0;0;0;0;0;
33908;4882515;589975552;27713536;551624704;0;0;0;0;0;0;0;0;0;0;0;7183;0;0;0;0;0;0;
33909;6344687;589975552;27713536;551624704;0;0;0;0;0;0;0;0;0;0;0;5150;0;0;0;0;0;0;
33910;4490600;589975552;27713536;551624704;0;0;0;0;0;0;0;0;0;0;0;4288;0;0;0;0;0;0;
33911;6736611;589975552;27713536;551624704;0;0;0;0;0;0;0;0;0;0;0;3887;0;0;0;0;0;0;
33912;4516719;589975552;27713536;551624704;0;0;0;0;0;0;0;0;0;0;0;4869;0;0;0;0;0;0;
33913;6161583;589975552;27713536;551624704;0;0;0;0;0;0;0;0;0;0;0;5009;0;0;0;0;0;0;
33914;4440115;589975552;27713536;551624704;0;0;0;0;0;0;0;0;0;0;0;8526;0;0;0;0;0;0;
33915;5866970;589975552;27713536;551624704;0;0;0;0;0;0;0;0;0;0;0;3958;0;0;0;0;0;0;
33916;4940543;589975552;27713536;551624704;0;0;0;0;0;0;0;0;0;0;0;4138;0;0;0;0;0;0;
33917;5663759;589975552;27713536;551624704;0;0;0;0;0;0;0;0;0;0;0;5360;0;0;0;0;0;0;
33918;5394094;589975552;27713536;551624704;0;0;0;0;0;0;0;0;0;0;0;6322;0;0;0;0;0;0;
33919;5996655;589975552;27713536;551624704;0;0;0;0;0;0;0;0;0;0;0;3807;0;0;0;0;0;0;
33920;4542227;589975552;27713536;551624704;0;0;0;0;0;0;0;0;0;0;0;4689;0;0;0;0;0;0;
33921;6075613;589975552;27713536;551624704;0;0;0;0;0;0;0;0;0;0;0;6322;0;0;0;0;0;0;
33922;4392906;589975552;27713536;551624704;0;0;0;0;0;0;0;0;0;0;0;3867;0;0;0;0;0;0;
33923;7082200;595783680;42528768;566439936;0;0;0;0;0;0;0;0;0;0;0;7835;0;0;0;0;0;0;
33924;4878377;595783680;42528768;566439936;0;0;0;0;0;0;0;0;0;0;0;3467;0;0;0;0;0;0;
33925;6764294;602075136;42528768;566439936;0;0;0;0;0;0;0;0;0;0;0;4539;0;0;0;0;0;0;
33926;5380008;602075136;42528768;566439936;0;0;0;0;0;0;0;0;0;0;0;4729;0;0;0;0;0;0;
33927;6115837;602075136;42528768;566439936;0;0;0;0;0;0;0;0;0;0;0;5390;0;0;0;0;0;0;
33928;5045511;602075136;42528768;566439936;0;0;0;0;0;0;0;0;0;0;0;4228;0;0;0;0;0;0;
33929;5688235;602075136;42528768;566439936;0;0;0;0;0;0;0;0;0;0;0;4428;0;0;0;0;0;0;
33930;5224196;602075136;42528768;566439936;0;0;0;0;0;0;0;0;0;0;0;4869;0;0;0;0;0;0;
33931;5725906;602075136;42528768;566439936;0;0;0;0;0;0;0;0;0;0;0;4599;0;0;0;0;0;0;
33932;4593253;602075136;42528768;566439936;0;0;0;0;0;0;0;0;0;0;0;4728;0;0;0;0;0;0;
33933;5908148;602075136;42528768;566439936;0;0;0;0;0;0;0;0;0;0;0;4609;0;0;0;0;0;0;
33934;5878352;589991936;27713536;551624704;0;0;0;0;0;0;0;0;0;0;0;3387;0;0;0;0;0;0;
33935;5321257;589991936;27713536;551624704;0;0;0;0;0;0;0;0;0;0;0;3015;0;0;0;0;0;0;
33936;5180634;589991936;27713536;551624704;0;0;0;0;0;0;0;0;0;0;0;6642;0;0;0;0;0;0;
33937;5986385;589991936;27713536;551624704;0;0;0;0;0;0;0;0;0;0;0;5290;0;0;0;0;0;0;
33938;4252073;589991936;27713536;551624704;0;0;0;0;0;0;0;0;0;0;0;5290;0;0;0;0;0;0;
33939;5962160;589991936;27713536;551624704;0;0;0;0;0;0;0;0;0;0;0;6832;0;0;0;0;0;0;
33940;4230643;589991936;27713536;551624704;0;0;0;0;0;0;0;0;0;0;0;4388;0;0;0;0;0;0;
33941;6811472;589991936;27713536;551624704;0;0;0;0;0;0;0;0;0;0;0;5971;0;0;0;0;0;0;
33942;3885937;589991936;27713536;551624704;0;0;0;0;0;0;0;0;0;0;0;5290;0;0;0;0;0;0;
33943;6835747;589991936;27713536;551624704;0;0;0;0;0;0;0;0;0;0;0;7074;0;0;0;0;0;0;
33944;4829205;589991936;27713536;551624704;0;0;0;0;0;0;0;0;0;0;0;5310;0;0;0;0;0;0;
33945;6063479;589991936;27713536;551624704;0;0;0;0;0;0;0;0;0;0;0;4329;0;0;0;0;0;0;
33946;4829646;589991936;27713536;551624704;0;0;0;0;0;0;0;0;0;0;0;3938;0;0;0;0;0;0;
33947;7285671;595800064;42528768;566439936;0;0;0;0;0;0;0;0;0;0;0;4539;0;0;0;0;0;0;
33948;4545993;595800064;42528768;566439936;0;0;0;0;0;0;0;0;0;0;0;3607;0;0;0;0;0;0;
33949;6223118;602091520;42528768;566439936;0;0;0;0;0;0;0;0;0;0;0;4378;0;0;0;0;0;0;
33950;4558348;602091520;42528768;566439936;0;0;0;0;0;0;0;0;0;0;0;4278;0;0;0;0;0;0;
33951;5304015;602091520;42528768;566439936;0;0;0;0;0;0;0;0;0;0;0;3867;0;0;0;0;0;0;
33952;3927966;602091520;42528768;566439936;0;0;0;0;0;0;0;0;0;0;0;4649;0;0;0;0;0;0;
33953;5796449;602091520;42528768;566439936;0;0;0;0;0;0;0;0;0;0;0;4759;0;0;0;0;0;0;
33954;4831820;602091520;42528768;566439936;0;0;0;0;0;0;0;0;0;0;0;4859;0;0;0;0;0;0;
33955;5793583;602091520;42528768;566439936;0;0;0;0;0;0;0;0;0;0;0;4728;0;0;0;0;0;0;
33956;4862969;602091520;42528768;566439936;0;0;0;0;0;0;0;0;0;0;0;5420;0;0;0;0;0;0;
33957;5259943;602091520;42528768;566439936;0;0;0;0;0;0;0;0;0;0;0;3206;0;0;0;0;0;0;
33958;5360861;589996032;27713536;551624704;0;0;0;0;0;0;0;0;0;0;0;4108;0;0;0;0;0;0;
33959;5596273;589996032;27713536;551624704;0;0;0;0;0;0;0;0;0;0;0;4890;0;0;0;0;0;0;
33960;5031214;589996032;27713536;551624704;0;0;0;0;0;0;0;0;0;0;0;4799;0;0;0;0;0;0;
33961;6272491;589996032;27713536;551624704;0;0;0;0;0;0;0;0;0;0;0;4679;0;0;0;0;0;0;
33962;5207113;589996032;27713536;551624704;0;0;0;0;0;0;0;0;0;0;0;5180;0;0;0;0;0;0;
33963;5983840;589996032;27713536;551624704;0;0;0;0;0;0;0;0;0;0;0;4569;0;0;0;0;0;0;
33964;5820063;589996032;27713536;551624704;0;0;0;0;0;0;0;0;0;0;0;4859;0;0;0;0;0;0;
33965;6222537;589996032;27713536;551624704;0;0;0;0;0;0;0;0;0;0;0;4037;0;0;0;0;0;0;
33966;6717927;589996032;27713536;551624704;0;0;0;0;0;0;0;0;0;0;0;3396;0;0;0;0;0;0;
33967;6106860;589996032;27717632;551628800;0;0;0;0;0;0;0;0;0;0;0;3547;0;0;0;0;0;0;
33968;5332088;589996032;27721728;551632896;0;0;0;0;0;0;0;0;0;0;0;3947;0;0;0;0;0;0;
33969;6081984;589996032;27721728;551632896;0;0;0;0;0;0;0;0;0;0;0;4328;0;0;0;0;0;0;
33970;5802039;589996032;27721728;551632896;0;0;0;0;0;0;0;0;0;0;0;4668;0;0;0;0;0;0;
33971;7040241;595804160;42536960;566448128;0;0;0;0;0;0;0;0;0;0;0;4398;0;0;0;0;0;0;
33972;4475431;595804160;42536960;566448128;0;0;0;0;0;0;0;0;0;0;0;4038;0;0;0;0;0;0;
33973;7512997;602095616;42536960;566448128;0;0;0;0;0;0;0;0;0;0;0;4649;0;0;0;0;0;0;
33974;5071249;602243072;42528768;566439936;0;0;0;0;0;0;0;0;0;0;0;4719;0;0;0;0;0;0;
33975;7278087;602243072;42528768;566439936;0;0;0;0;0;0;0;0;0;0;0;4258;0;0;0;0;0;0;
33976;4886493;602243072;42528768;566439936;0;0;0;0;0;0;0;0;0;0;0;5220;0;0;0;0;0;0;
33977;5739762;602243072;42528768;566439936;0;0;0;0;0;0;0;0;0;0;0;3556;0;0;0;0;0;0;
33978;4573616;602243072;42528768;566439936;0;0;0;0;0;0;0;0;0;0;0;4629;0;0;0;0;0;0;
33979;6056537;602243072;42528768;566439936;0;0;0;0;0;0;0;0;0;0;0;4158;0;0;0;0;0;0;
33980;4920286;602243072;42528768;566439936;0;0;0;0;0;0;0;0;0;0;0;4389;0;0;0;0;0;0;
33981;5412900;602243072;42528768;566439936;0;0;0;0;0;0;0;0;0;0;0;3687;0;0;0;0;0;0;
33982;6331532;590000128;27713536;551624704;0;0;0;0;0;0;0;0;0;0;0;3606;0;0;0;0;0;0;
33983;5418540;590000128;27713536;551624704;0;0;0;0;0;0;0;0;0;0;0;3527;0;0;0;0;0;0;
33984;5580173;590000128;27713536;551624704;0;0;0;0;0;0;0;0;0;0;0;3898;0;0;0;0;0;0;
33985;5713303;590000128;27713536;551624704;0;0;0;0;0;0;0;0;0;0;0;6061;0;0;0;0;0;0;
33986;5318573;590000128;27713536;551624704;0;0;0;0;0;0;0;0;0;0;0;5901;0;0;0;0;0;0;
33987;6375454;590000128;27713536;551624704;0;0;0;0;0;0;0;0;0;0;0;5010;0;0;0;0;0;0;
33988;5410134;590000128;27713536;551624704;0;0;0;0;0;0;0;0;0;0;0;5701;0;0;0;0;0;0;
33989;6024126;590000128;27713536;551624704;0;0;0;0;0;0;0;0;0;0;0;5069;0;0;0;0;0;0;
33990;4592882;590000128;27713536;551624704;0;0;0;0;0;0;0;0;0;0;0;5540;0;0;0;0;0;0;
33991;6080531;590000128;27713536;551624704;0;0;0;0;0;0;0;0;0;0;0;4349;0;0;0;0;0;0;
33992;6314670;590000128;27713536;551624704;0;0;0;0;0;0;0;0;0;0;0;6142;0;0;0;0;0;0;
33993;5577027;590000128;27713536;551624704;0;0;0;0;0;0;0;0;0;0;0;3867;0;0;0;0;0;0;
33994;4813114;590000128;27713536;551624704;0;0;0;0;0;0;0;0;0;0;0;4809;0;0;0;0;0;0;
33995;6347983;590000128;27713536;551624704;0;0;0;0;0;0;0;0;0;0;0;4799;0;0;0;0;0;0;
33996;5113107;590000128;27713536;551624704;0;0;0;0;0;0;0;0;0;0;0;4238;0;0;0;0;0;0;
33997;5962049;590000128;27713536;551624704;0;0;0;0;0;0;0;0;0;0;0;4037;0;0;0;0;0;0;
33998;5409733;590000128;27713536;551624704;0;0;0;0;0;0;0;0;0;0;0;4739;0;0;0;0;0;0;
33999;6073549;590000128;27713536;551624704;0;0;0;0;0;0;0;0;0;0;0;4449;0;0;0;0;0;0;
34000;5571216;590000128;27713536;551624704;0;0;0;0;0;0;0;0;0;0;0;4769;0;0;0;0;0;0;
34001;6116889;590000128;27713536;551624704;0;0;0;0;0;0;0;0;0;0;0;4609;0;0;0;0;0;0;
34002;5284168;590000128;27713536;551624704;0;0;0;0;0;0;0;0;0;0;0;3797;0;0;0;0;0;0;
34003;6045846;590000128;27713536;551624704;0;0;0;0;0;0;0;0;0;0;0;3526;0;0;0;0;0;0;
34004;4996018;590000128;27713536;551624704;0;0;0;0;0;0;0;0;0;0;0;5169;0;0;0;0;0;0;
34005;5955086;590000128;27713536;551624704;0;0;0;0;0;0;0;0;0;0;0;5611;0;0;0;0;0;0;
34006;5736046;590000128;27713536;551624704;0;0;0;0;0;0;0;0;0;0;0;4198;0;0;0;0;0;0;
34007;5995832;590000128;27713536;551624704;0;0;0;0;0;0;0;0;0;0;0;4789;0;0;0;0;0;0;
34008;4042069;590000128;27713536;551624704;0;0;0;0;0;0;0;0;0;0;0;5130;0;0;0;0;0;0;
34009;4757350;590000128;27713536;551624704;0;0;0;0;0;0;0;0;0;0;0;3096;0;0;0;0;0;0;
34010;5445862;590000128;27713536;551624704;0;0;0;0;0;0;0;0;0;0;0;4359;0;0;0;0;0;0;
34011;5747096;590000128;27713536;551624704;0;0;0;0;0;0;0;0;0;0;0;4248;0;0;0;0;0;0;
34012;5195922;590000128;27713536;551624704;0;0;0;0;0;0;0;0;0;0;0;3988;0;0;0;0;0;0;
34013;6537859;590000128;27713536;551624704;0;0;0;0;0;0;0;0;0;0;0;4889;0;0;0;0;0;0;
34014;4616887;590000128;27713536;551624704;0;0;0;0;0;0;0;0;0;0;0;3777;0;0;0;0;0;0;
34015;5910573;590000128;27713536;551624704;0;0;0;0;0;0;0;0;0;0;0;5440;0;0;0;0;0;0;
34016;6402646;590000128;27713536;551624704;0;0;0;0;0;0;0;0;0;0;0;4358;0;0;0;0;0;0;
34017;5676344;590000128;27713536;551624704;0;0;0;0;0;0;0;0;0;0;0;5159;0;0;0;0;0;0;
34018;5982157;590000128;27713536;551624704;0;0;0;0;0;0;0;0;0;0;0;3877;0;0;0;0;0;0;
34019;6666070;590000128;27713536;551624704;0;0;0;0;0;0;0;0;0;0;0;4960;0;0;0;0;0;0;
34020;5514089;590000128;27713536;551624704;0;0;0;0;0;0;0;0;0;0;0;4088;0;0;0;0;0;0;
34021;7102668;590000128;27713536;551624704;0;0;0;0;0;0;0;0;0;0;0;4108;0;0;0;0;0;0;
34022;6858200;590000128;27713536;551624704;0;0;0;0;0;0;0;0;0;0;0;5500;0;0;0;0;0;0;
34023;6038503;590000128;27713536;551624704;0;0;0;0;0;0;0;0;0;0;0;4408;0;0;0;0;0;0;
34024;6119825;590000128;27713536;551624704;0;0;0;0;0;0;0;0;0;0;0;3546;0;0;0;0;0;0;
34025;5483813;590000128;27713536;551624704;0;0;0;0;0;0;0;0;0;0;0;6793;0;0;0;0;0;0;
34026;4518672;590000128;27713536;551624704;0;0;0;0;0;0;0;0;0;0;0;4589;0;0;0;0;0;0;
34027;6541916;590000128;27713536;551624704;0;0;0;0;0;0;0;0;0;0;0;4499;0;0;0;0;0;0;
34028;5420795;590000128;27713536;551624704;0;0;0;0;0;0;0;0;0;0;0;7063;0;0;0;0;0;0;
34029;5640978;590000128;27713536;551624704;0;0;0;0;0;0;0;0;0;0;0;4719;0;0;0;0;0;0;
34030;5148514;590000128;27713536;551624704;0;0;0;0;0;0;0;0;0;0;0;4629;0;0;0;0;0;0;
34031;6314490;590000128;27713536;551624704;0;0;0;0;0;0;0;0;0;0;0;4619;0;0;0;0;0;0;
34032;5214297;590000128;27713536;551624704;0;0;0;0;0;0;0;0;0;0;0;5039;0;0;0;0;0;0;
34033;5870638;590000128;27713536;551624704;0;0;0;0;0;0;0;0;0;0;0;4298;0;0;0;0;0;0;
34034;4540454;590000128;27713536;551624704;0;0;0;0;0;0;0;0;0;0;0;3857;0;0;0;0;0;0;
34035;5905302;590000128;27713536;551624704;0;0;0;0;0;0;0;0;0;0;0;4228;0;0;0;0;0;0;
34036;13045531;590000128;27713536;551624704;0;0;0;0;0;0;0;0;0;0;0;4950;0;0;0;0;0;0;
34037;5868033;590000128;27713536;551624704;0;0;0;0;0;0;0;0;0;0;0;5340;0;0;0;0;0;0;
34038;4979396;590000128;27713536;551624704;0;0;0;0;0;0;0;0;0;0;0;4378;0;0;0;0;0;0;
34039;6777989;590000128;27713536;551624704;0;0;0;0;0;0;0;0;0;0;0;5460;0;0;0;0;0;0;
34040;5979532;590000128;27713536;551624704;0;0;0;0;0;0;0;0;0;0;0;5230;0;0;0;0;0;0;
34041;6262903;590000128;27713536;551624704;0;0;0;0;0;0;0;0;0;0;0;2936;0;0;0;0;0;0;
34042;5336356;590000128;27713536;551624704;0;0;0;0;0;0;0;0;0;0;0;3777;0;0;0;0;0;0;
34043;5771883;590000128;27713536;551624704;0;0;0;0;0;0;0;0;0;0;0;4188;0;0;0;0;0;0;
34044;5147873;590000128;27713536;551624704;0;0;0;0;0;0;0;0;0;0;0;3737;0;0;0;0;0;0;
34045;5410836;590000128;27713536;551624704;0;0;0;0;0;0;0;0;0;0;0;3817;0;0;0;0;0;0;
34046;4754195;590000128;27713536;551624704;0;0;0;0;0;0;0;0;0;0;0;3847;0;0;0;0;0;0;
34047;5697804;590000128;27713536;551624704;0;0;0;0;0;0;0;0;0;0;0;3737;0;0;0;0;0;0;
34048;4936947;590000128;27713536;551624704;0;0;0;0;0;0;0;0;0;0;0;4578;0;0;0;0;0;0;
34049;6105578;590000128;27713536;551624704;0;0;0;0;0;0;0;0;0;0;0;3777;0;0;0;0;0;0;
34050;5303725;590000128;27713536;551624704;0;0;0;0;0;0;0;0;0;0;0;5100;0;0;0;0;0;0;
34051;5646036;590000128;27713536;551624704;0;0;0;0;0;0;0;0;0;0;0;6732;0;0;0;0;0;0;
34052;4578735;590000128;27713536;551624704;0;0;0;0;0;0;0;0;0;0;0;4208;0;0;0;0;0;0;
34053;5464476;590000128;27713536;551624704;0;0;0;0;0;0;0;0;0;0;0;4187;0;0;0;0;0;0;
34054;4833724;590000128;27713536;551624704;0;0;0;0;0;0;0;0;0;0;0;5220;0;0;0;0;0;0;
34055;5589571;590000128;27713536;551624704;0;0;0;0;0;0;0;0;0;0;0;4289;0;0;0;0;0;0;
34056;5918607;590000128;27713536;551624704;0;0;0;0;0;0;0;0;0;0;0;5601;0;0;0;0;0;0;
34057;5375870;590000128;27713536;551624704;0;0;0;0;0;0;0;0;0;0;0;3897;0;0;0;0;0;0;
34058;5187317;590000128;27713536;551624704;0;0;0;0;0;0;0;0;0;0;0;4669;0;0;0;0;0;0;
34059;5103940;590000128;27713536;551624704;0;0;0;0;0;0;0;0;0;0;0;3136;0;0;0;0;0;0;
34060;5487690;590000128;27713536;551624704;0;0;0;0;0;0;0;0;0;0;0;3566;0;0;0;0;0;0;
34061;5457944;590000128;27713536;551624704;0;0;0;0;0;0;0;0;0;0;0;3016;0;0;0;0;0;0;
34062;5750652;590000128;27713536;551624704;0;0;0;0;0;0;0;0;0;0;0;5781;0;0;0;0;0;0;
34063;6104105;590000128;27713536;551624704;0;0;0;0;0;0;0;0;0;0;0;4679;0;0;0;0;0;0;
34064;4551895;590000128;27713536;551624704;0;0;0;0;0;0;0;0;0;0;0;5049;0;0;0;0;0;0;
34065;5855940;590000128;27713536;551624704;0;0;0;0;0;0;0;0;0;0;0;4980;0;0;0;0;0;0;
34066;5000547;590000128;27713536;551624704;0;0;0;0;0;0;0;0;0;0;0;4238;0;0;0;0;0;0;
34067;5782373;590000128;27713536;551624704;0;0;0;0;0;0;0;0;0;0;0;3847;0;0;0;0;0;0;
34068;4696607;590000128;27713536;551624704;0;0;0;0;0;0;0;0;0;0;0;5370;0;0;0;0;0;0;
34069;5253421;590000128;27713536;551624704;0;0;0;0;0;0;0;0;0;0;0;3417;0;0;0;0;0;0;
34070;3547421;590000128;27713536;551624704;0;0;0;0;0;0;0;0;0;0;0;3717;0;0;0;0;0;0;
34071;6755277;595808256;42528768;566439936;0;0;0;0;0;0;0;0;0;0;0;3617;0;0;0;0;0;0;
34072;3939757;595808256;42528768;566439936;0;0;0;0;0;0;0;0;0;0;0;3286;0;0;0;0;0;0;
34073;6124453;602099712;42528768;566439936;0;0;0;0;0;0;0;0;0;0;0;4228;0;0;0;0;0;0;
34074;3811547;602099712;42528768;566439936;0;0;0;0;0;0;0;0;0;0;0;5350;0;0;0;0;0;0;
34075;6596038;602099712;42528768;566439936;0;0;0;0;0;0;0;0;0;0;0;4819;0;0;0;0;0;0;
34076;3883351;602099712;42528768;566439936;0;0;0;0;0;0;0;0;0;0;0;4098;0;0;0;0;0;0;
34077;5744130;602099712;42528768;566439936;0;0;0;0;0;0;0;0;0;0;0;4419;0;0;0;0;0;0;
34078;4404238;602099712;42528768;566439936;0;0;0;0;0;0;0;0;0;0;0;3667;0;0;0;0;0;0;
34079;6112972;602099712;42528768;566439936;0;0;0;0;0;0;0;0;0;0;0;4318;0;0;0;0;0;0;
34080;4434625;602099712;42528768;566439936;0;0;0;0;0;0;0;0;0;0;0;4188;0;0;0;0;0;0;
34081;5743490;602099712;42528768;566439936;0;0;0;0;0;0;0;0;0;0;0;4198;0;0;0;0;0;0;
34082;4087805;590016512;27713536;551624704;0;0;0;0;0;0;0;0;0;0;0;4338;0;0;0;0;0;0;
34083;5710558;590016512;27713536;551624704;0;0;0;0;0;0;0;0;0;0;0;4458;0;0;0;0;0;0;
34084;4876113;590016512;27713536;551624704;0;0;0;0;0;0;0;0;0;0;0;3717;0;0;0;0;0;0;
34085;6635592;590016512;27713536;551624704;0;0;0;0;0;0;0;0;0;0;0;4428;0;0;0;0;0;0;
34086;4177773;590016512;27713536;551624704;0;0;0;0;0;0;0;0;0;0;0;4959;0;0;0;0;0;0;
34087;5964614;590016512;27713536;551624704;0;0;0;0;0;0;0;0;0;0;0;4368;0;0;0;0;0;0;
34088;4226786;590016512;27713536;551624704;0;0;0;0;0;0;0;0;0;0;0;5269;0;0;0;0;0;0;
34089;6347191;590016512;27713536;551624704;0;0;0;0;0;0;0;0;0;0;0;6131;0;0;0;0;0;0;
34090;5247158;590016512;27713536;551624704;0;0;0;0;0;0;0;0;0;0;0;3707;0;0;0;0;0;0;
34091;5989360;590016512;27713536;551624704;0;0;0;0;0;0;0;0;0;0;0;3596;0;0;0;0;0;0;
34092;5067412;590016512;27713536;551624704;0;0;0;0;0;0;0;0;0;0;0;3787;0;0;0;0;0;0;
34093;5392060;590016512;27713536;551624704;0;0;0;0;0;0;0;0;0;0;0;4318;0;0;0;0;0;0;
34094;5478943;590016512;27713536;551624704;0;0;0;0;0;0;0;0;0;0;0;4068;0;0;0;0;0;0;
34095;6812063;595824640;42528768;566439936;0;0;0;0;0;0;0;0;0;0;0;5000;0;0;0;0;0;0;
34096;4501350;595824640;42528768;566439936;0;0;0;0;0;0;0;0;0;0;0;5650;0;0;0;0;0;0;
34097;6364434;602116096;42528768;566439936;0;0;0;0;0;0;0;0;0;0;0;4748;0;0;0;0;0;0;
34098;4235572;602116096;42528768;566439936;0;0;0;0;0;0;0;0;0;0;0;4559;0;0;0;0;0;0;
34099;6260869;602116096;42528768;566439936;0;0;0;0;0;0;0;0;0;0;0;4488;0;0;0;0;0;0;
34100;4591589;602116096;42528768;566439936;0;0;0;0;0;0;0;0;0;0;0;4839;0;0;0;0;0;0;
34101;5817969;602116096;42528768;566439936;0;0;0;0;0;0;0;0;0;0;0;3817;0;0;0;0;0;0;
34102;4102733;602116096;42528768;566439936;0;0;0;0;0;0;0;0;0;0;0;3948;0;0;0;0;0;0;
34103;5447114;602116096;42528768;566439936;0;0;0;0;0;0;0;0;0;0;0;4058;0;0;0;0;0;0;
34104;3738610;602116096;42528768;566439936;0;0;0;0;0;0;0;0;0;0;0;3406;0;0;0;0;0;0;
34105;5274701;602116096;42528768;566439936;0;0;0;0;0;0;0;0;0;0;0;3858;0;0;0;0;0;0;
34106;5770099;590020608;27713536;551624704;0;0;0;0;0;0;0;0;0;0;0;4829;0;0;0;0;0;0;
34107;5161889;590020608;27713536;551624704;0;0;0;0;0;0;0;0;0;0;0;3507;0;0;0;0;0;0;
34108;4628679;590020608;27713536;551624704;0;0;0;0;0;0;0;0;0;0;0;4117;0;0;0;0;0;0;
34109;5134708;590020608;27713536;551624704;0;0;0;0;0;0;0;0;0;0;0;4067;0;0;0;0;0;0;
34110;4944701;590020608;27713536;551624704;0;0;0;0;0;0;0;0;0;0;0;4158;0;0;0;0;0;0;
34111;5894052;590020608;27713536;551624704;0;0;0;0;0;0;0;0;0;0;0;4398;0;0;0;0;0;0;
34112;4466906;590020608;27713536;551624704;0;0;0;0;0;0;0;0;0;0;0;4408;0;0;0;0;0;0;
34113;5476769;590020608;27713536;551624704;0;0;0;0;0;0;0;0;0;0;0;5390;0;0;0;0;0;0;
34114;3715527;590020608;27713536;551624704;0;0;0;0;0;0;0;0;0;0;0;5049;0;0;0;0;0;0;
34115;5385959;590020608;27713536;551624704;0;0;0;0;0;0;0;0;0;0;0;5129;0;0;0;0;0;0;
34116;3954044;590020608;27713536;551624704;0;0;0;0;0;0;0;0;0;0;0;4007;0;0;0;0;0;0;
34117;5862322;590020608;27713536;551624704;0;0;0;0;0;0;0;0;0;0;0;4228;0;0;0;0;0;0;
34118;3928416;590020608;27713536;551624704;0;0;0;0;0;0;0;0;0;0;0;4298;0;0;0;0;0;0;
34119;5334081;590020608;27713536;551624704;0;0;0;0;0;0;0;0;0;0;0;4097;0;0;0;0;0;0;
34120;3853205;590020608;27713536;551624704;0;0;0;0;0;0;0;0;0;0;0;4659;0;0;0;0;0;0;
34121;5507036;590020608;27713536;551624704;0;0;0;0;0;0;0;0;0;0;0;3597;0;0;0;0;0;0;
34122;4925806;590020608;27713536;551624704;0;0;0;0;0;0;0;0;0;0;0;3837;0;0;0;0;0;0;
34123;5593178;590020608;27713536;551624704;0;0;0;0;0;0;0;0;0;0;0;4389;0;0;0;0;0;0;
34124;3877490;590020608;27713536;551624704;0;0;0;0;0;0;0;0;0;0;0;3927;0;0;0;0;0;0;
34125;5075147;590020608;27713536;551624704;0;0;0;0;0;0;0;0;0;0;0;3577;0;0;0;0;0;0;
34126;4061185;590020608;27713536;551624704;0;0;0;0;0;0;0;0;0;0;0;3457;0;0;0;0;0;0;
34127;5019522;590020608;27713536;551624704;0;0;0;0;0;0;0;0;0;0;0;2936;0;0;0;0;0;0;
34128;3975985;590020608;27713536;551624704;0;0;0;0;0;0;0;0;0;0;0;4729;0;0;0;0;0;0;
34129;5340062;590020608;27713536;551624704;0;0;0;0;0;0;0;0;0;0;0;2685;0;0;0;0;0;0;
34130;3950909;590020608;27713536;551624704;0;0;0;0;0;0;0;0;0;0;0;4238;0;0;0;0;0;0;
34131;5235206;590020608;27713536;551624704;0;0;0;0;0;0;0;0;0;0;0;3486;0;0;0;0;0;0;
34132;3776662;590020608;27713536;551624704;0;0;0;0;0;0;0;0;0;0;0;3466;0;0;0;0;0;0;
34133;5529679;590020608;27713536;551624704;0;0;0;0;0;0;0;0;0;0;0;4108;0;0;0;0;0;0;
34134;4710352;590020608;27713536;551624704;0;0;0;0;0;0;0;0;0;0;0;3867;0;0;0;0;0;0;
34135;5398432;590020608;27713536;551624704;0;0;0;0;0;0;0;0;0;0;0;3507;0;0;0;0;0;0;
34136;4829415;590020608;27713536;551624704;0;0;0;0;0;0;0;0;0;0;0;4358;0;0;0;0;0;0;
34137;5267757;590020608;27713536;551624704;0;0;0;0;0;0;0;0;0;0;0;3607;0;0;0;0;0;0;
34138;5254593;590020608;27713536;551624704;0;0;0;0;0;0;0;0;0;0;0;4328;0;0;0;0;0;0;
34139;5098490;590020608;27713536;551624704;0;0;0;0;0;0;0;0;0;0;0;3396;0;0;0;0;0;0;
34140;4906529;590020608;27713536;551624704;0;0;0;0;0;0;0;0;0;0;0;4549;0;0;0;0;0;0;
34141;5261015;590020608;27713536;551624704;0;0;0;0;0;0;0;0;0;0;0;3467;0;0;0;0;0;0;
34142;4519274;590020608;27713536;551624704;0;0;0;0;0;0;0;0;0;0;0;5120;0;0;0;0;0;0;
34143;5662187;590020608;27713536;551624704;0;0;0;0;0;0;0;0;0;0;0;4739;0;0;0;0;0;0;
34144;4702577;590020608;27713536;551624704;0;0;0;0;0;0;0;0;0;0;0;4468;0;0;0;0;0;0;
34145;5807640;590020608;27713536;551624704;0;0;0;0;0;0;0;0;0;0;0;3667;0;0;0;0;0;0;
34146;4951494;590020608;27713536;551624704;0;0;0;0;0;0;0;0;0;0;0;3226;0;0;0;0;0;0;
34147;5016937;590020608;27713536;551624704;0;0;0;0;0;0;0;0;0;0;0;3778;0;0;0;0;0;0;
34148;4838022;590020608;27713536;551624704;0;0;0;0;0;0;0;0;0;0;0;4138;0;0;0;0;0;0;
34149;4935575;590020608;27713536;551624704;0;0;0;0;0;0;0;0;0;0;0;3196;0;0;0;0;0;0;
34150;4922861;590020608;27713536;551624704;0;0;0;0;0;0;0;0;0;0;0;4739;0;0;0;0;0;0;
34151;5142122;590020608;27713536;551624704;0;0;0;0;0;0;0;0;0;0;0;3878;0;0;0;0;0;0;
34152;5614437;590020608;27713536;551624704;0;0;0;0;0;0;0;0;0;0;0;4559;0;0;0;0;0;0;
34153;5151439;590020608;27713536;551624704;0;0;0;0;0;0;0;0;0;0;0;3206;0;0;0;0;0;0;
34154;4950081;590020608;27713536;551624704;0;0;0;0;0;0;0;0;0;0;0;3957;0;0;0;0;0;0;
34155;5462904;590020608;27713536;551624704;0;0;0;0;0;0;0;0;0;0;0;3456;0;0;0;0;0;0;
34156;4415189;590020608;27713536;551624704;0;0;0;0;0;0;0;0;0;0;0;4639;0;0;0;0;0;0;
34157;5446473;590020608;27713536;551624704;0;0;0;0;0;0;0;0;0;0;0;3156;0;0;0;0;0;0;
34158;4534172;590020608;27713536;551624704;0;0;0;0;0;0;0;0;0;0;0;4379;0;0;0;0;0;0;
34159;6068699;590020608;27713536;551624704;0;0;0;0;0;0;0;0;0;0;0;3757;0;0;0;0;0;0;
34160;4297638;590020608;27713536;551624704;0;0;0;0;0;0;0;0;0;0;0;5120;0;0;0;0;0;0;
34161;5863034;590020608;27713536;551624704;0;0;0;0;0;0;0;0;0;0;0;3807;0;0;0;0;0;0;
34162;3841733;590020608;27713536;551624704;0;0;0;0;0;0;0;0;0;0;0;5040;0;0;0;0;0;0;
34163;5292213;590020608;27713536;551624704;0;0;0;0;0;0;0;0;0;0;0;3216;0;0;0;0;0;0;
34164;3613525;590020608;27713536;551624704;0;0;0;0;0;0;0;0;0;0;0;3587;0;0;0;0;0;0;
34165;5632742;590020608;27713536;551624704;0;0;0;0;0;0;0;0;0;0;0;3978;0;0;0;0;0;0;
34166;3875177;590020608;27713536;551624704;0;0;0;0;0;0;0;0;0;0;0;6683;0;0;0;0;0;0;
34167;5258921;590020608;27713536;551624704;0;0;0;0;0;0;0;0;0;0;0;3046;0;0;0;0;0;0;
34168;3907116;590020608;27713536;551624704;0;0;0;0;0;0;0;0;0;0;0;4679;0;0;0;0;0;0;
